time,bid,bidSize,ask,askSize,buyMO,sellMO,buySellImb,orderImb,spread
1900-01-21 00:00:00,8202.5,37457,8203.0,150525,3150,23160,-20010,-113068,0.5
1900-01-21 00:00:15,8191.0,15314,8191.5,25702,91439,673000,-581561,-10388,0.5
1900-01-21 00:00:30,8189.0,1800166,8190.0,30867,211503,873269,-661766,1769299,1.0
1900-01-21 00:00:45,8192.5,430047,8193.0,452316,70292,132588,-62296,-22269,0.5
1900-01-21 00:01:00,8193.0,611123,8193.5,28228,272206,199993,72213,582895,0.5
1900-01-21 00:01:15,8183.0,29998,8183.5,197410,189189,370476,-181287,-167412,0.5
1900-01-21 00:01:30,8177.0,77420,8177.5,224818,23576,1551929,-1528353,-147398,0.5
1900-01-21 00:01:45,8165.5,8475,8166.0,103053,192780,4236258,-4043478,-94578,0.5
1900-01-21 00:02:00,8189.5,1450,8190.0,42780,3309241,975701,2333540,-41330,0.5
1900-01-21 00:02:15,8177.5,728095,8178.0,116111,379523,284338,95185,611984,0.5
1900-01-21 00:02:30,8179.0,21714,8179.5,216171,1051903,290810,761093,-194457,0.5
1900-01-21 00:02:45,8165.5,65900,8166.0,90630,162564,1336309,-1173745,-24730,0.5
1900-01-21 00:03:00,8150.0,394587,8151.5,16683,86004,2458234,-2372230,377904,1.5
1900-01-21 00:03:15,8143.0,20000,8147.5,28909,207127,4298580,-4091453,-8909,4.5
1900-01-21 00:03:30,8150.0,157328,8150.5,677602,1399804,671099,728705,-520274,0.5
1900-01-21 00:03:45,8161.5,58500,8162.0,487546,2582083,368448,2213635,-429046,0.5
1900-01-21 00:04:00,8157.0,288072,8157.5,418645,207402,412546,-205144,-130573,0.5
1900-01-21 00:04:15,8155.0,172844,8155.5,521649,416533,552335,-135802,-348805,0.5
1900-01-21 00:04:30,8148.5,9965,8149.0,739973,284114,820750,-536636,-730008,0.5
1900-01-21 00:04:45,8130.0,719372,8130.5,63661,257565,2819294,-2561729,655711,0.5
1900-01-21 00:05:00,8130.0,61494,8130.5,1624,146627,484846,-338219,59870,0.5
1900-01-21 00:05:15,8122.5,12000,8125.0,200,528968,1349005,-820037,11800,2.5
1900-01-21 00:05:30,8040.0,171295,8060.5,99160,36660,2495984,-2459324,72135,20.5
1900-01-21 00:05:45,8005.0,57644,8006.0,2450321,2175831,5801949,-3626118,-2392677,1.0
1900-01-21 00:06:00,7941.0,45312,7980.5,791705,5104464,6061304,-956840,-746393,39.5
1900-01-21 00:06:15,8027.5,3358,8028.0,764131,3713857,4123622,-409765,-760773,0.5
1900-01-21 00:06:30,8036.0,19690,8036.5,17326,3061334,1748421,1312913,2364,0.5
1900-01-21 00:06:45,8041.0,143920,8043.0,25338,1294104,849516,444588,118582,2.0
1900-01-21 00:07:00,8051.5,30913,8052.5,1186264,1948753,419942,1528811,-1155351,1.0
1900-01-21 00:07:15,8069.5,16000,8070.0,54288,1563323,415071,1148252,-38288,0.5
1900-01-21 00:07:30,8080.0,1051467,8080.5,678385,2390163,107445,2282718,373082,0.5
1900-01-21 00:07:45,8068.5,1510845,8069.0,27261,1320521,1947816,-627295,1483584,0.5
1900-01-21 00:08:00,8062.5,4,8063.0,8972,1753470,510996,1242474,-8968,0.5
1900-01-21 00:08:15,8085.5,56954,8086.0,97148,626846,307557,319289,-40194,0.5
1900-01-21 00:08:30,8073.0,21305,8073.5,53488,522264,998677,-476413,-32183,0.5
1900-01-21 00:08:45,8080.5,174373,8081.0,357306,753438,252738,500700,-182933,0.5
1900-01-21 00:09:00,8092.5,682897,8093.0,16727,1366399,341016,1025383,666170,0.5
1900-01-21 00:09:15,8094.0,98500,8094.5,21657,811800,227022,584778,76843,0.5
1900-01-21 00:09:30,8090.0,626032,8090.5,273802,421997,270288,151709,352230,0.5
1900-01-21 00:09:45,8091.5,6028,8093.0,7255,964983,487788,477195,-1227,1.5
1900-01-21 00:10:00,8090.0,24768,8090.5,16548,305472,147440,158032,8220,0.5
1900-01-21 00:10:15,8108.5,4925,8109.5,79547,1235430,658676,576754,-74622,1.0
1900-01-21 00:10:30,8109.5,10000,8110.5,48144,536223,184762,351461,-38144,1.0
1900-01-21 00:10:45,8115.5,924675,8116.0,20474,499720,120777,378943,904201,0.5
1900-01-21 00:11:00,8129.0,382049,8129.5,71502,769238,5194,764044,310547,0.5
1900-01-21 00:11:15,8125.5,57310,8126.0,76639,1394984,256588,1138396,-19329,0.5
1900-01-21 00:11:30,8125.5,761866,8126.0,237824,331026,264649,66377,524042,0.5
1900-01-21 00:11:45,8125.5,348894,8126.0,83351,1003372,505964,497408,265543,0.5
1900-01-21 00:12:00,8119.5,71958,8120.0,950,282691,1808416,-1525725,71008,0.5
1900-01-21 00:12:15,8113.0,330255,8113.5,340276,167004,1993897,-1826893,-10021,0.5
1900-01-21 00:12:30,8117.0,300339,8117.5,33021,238256,964826,-726570,267318,0.5
1900-01-21 00:12:45,8120.0,1388,8126.0,7500,274141,350716,-76575,-6112,6.0
1900-01-21 00:13:00,8121.5,765941,8122.0,10910,142215,108177,34038,755031,0.5
1900-01-21 00:13:15,8125.0,1047496,8125.5,26,247068,230032,17036,1047470,0.5
1900-01-21 00:13:30,8127.5,15793,8128.0,282670,294459,211102,83357,-266877,0.5
1900-01-21 00:13:45,8127.5,646,8128.0,471812,75301,315854,-240553,-471166,0.5
1900-01-21 00:14:00,8121.5,362699,8122.0,390911,69870,592987,-523117,-28212,0.5
1900-01-21 00:14:15,8113.5,44900,8114.0,12000,238940,765029,-526089,32900,0.5
1900-01-21 00:14:30,8105.0,1456234,8105.5,427512,91256,1479323,-1388067,1028722,0.5
1900-01-21 00:14:45,8101.5,68493,8102.0,294618,123374,2264734,-2141360,-226125,0.5
1900-01-21 00:15:00,8102.5,47980,8105.5,13990,445542,1109088,-663546,33990,3.0
1900-01-21 00:15:15,8115.5,1523580,8116.0,9549,478441,194146,284295,1514031,0.5
1900-01-21 00:15:30,8124.5,305668,8125.0,1075518,269923,206998,62925,-769850,0.5
1900-01-21 00:15:45,8120.0,277078,8120.5,50,267381,361123,-93742,277028,0.5
1900-01-21 00:16:00,8116.0,31576,8116.5,321210,258942,181292,77650,-289634,0.5
1900-01-21 00:16:15,8123.0,1719346,8123.5,14944,436327,159687,276640,1704402,0.5
1900-01-21 00:16:30,8123.0,605245,8123.5,162883,42328,522168,-479840,442362,0.5
1900-01-21 00:16:45,8123.0,73596,8123.5,610456,78262,342039,-263777,-536860,0.5
1900-01-21 00:17:00,8129.5,326625,8130.0,191285,501742,45794,455948,135340,0.5
1900-01-21 00:17:15,8130.0,900578,8130.5,145945,551765,88906,462859,754633,0.5
1900-01-21 00:17:30,8137.5,126752,8138.0,130299,591352,80660,510692,-3547,0.5
1900-01-21 00:17:45,8135.5,771703,8136.0,309668,198889,116715,82174,462035,0.5
1900-01-21 00:18:00,8138.0,914244,8138.5,270490,466921,218940,247981,643754,0.5
1900-01-21 00:18:15,8140.5,1659234,8141.0,16862,346134,38012,308122,1642372,0.5
1900-01-21 00:18:30,8135.0,61804,8135.5,361953,792385,327789,464596,-300149,0.5
1900-01-21 00:18:45,8130.0,286501,8130.5,428598,217419,306520,-89101,-142097,0.5
1900-01-21 00:19:00,8135.5,772813,8136.0,5532,85564,44456,41108,767281,0.5
1900-01-21 00:19:15,8135.5,45328,8136.0,187983,127886,151745,-23859,-142655,0.5
1900-01-21 00:19:30,8140.0,243266,8140.5,184495,102444,65772,36672,58771,0.5
1900-01-21 00:19:45,8132.5,188609,8133.0,679154,30945,173788,-142843,-490545,0.5
1900-01-21 00:20:00,8132.5,85086,8133.0,737458,12399,550862,-538463,-652372,0.5
1900-01-21 00:20:15,8128.0,1110438,8128.5,79709,39246,347900,-308654,1030729,0.5
1900-01-21 00:20:30,8129.0,20580,8129.5,58,164700,115274,49426,20522,0.5
1900-01-21 00:20:45,8127.5,16868,8128.0,422122,89068,44163,44905,-405254,0.5
1900-01-21 00:21:00,8125.5,160909,8126.0,448214,112352,145388,-33036,-287305,0.5
1900-01-21 00:21:15,8111.5,254035,8112.0,402578,266730,782418,-515688,-148543,0.5
1900-01-21 00:21:30,8120.5,661387,8121.0,74754,649760,116450,533310,586633,0.5
1900-01-21 00:21:45,8120.5,314434,8121.0,399258,48613,88431,-39818,-84824,0.5
1900-01-21 00:22:00,8120.0,32731,8120.5,685302,23570,274542,-250972,-652571,0.5
1900-01-21 00:22:15,8111.5,1258328,8112.0,336139,34568,298342,-263774,922189,0.5
1900-01-21 00:22:30,8111.5,4448,8112.0,683527,292418,514769,-222351,-679079,0.5
1900-01-21 00:22:45,8111.0,1264196,8111.5,144947,22697,46996,-24299,1119249,0.5
1900-01-21 00:23:00,8112.5,700216,8113.0,219049,258491,140106,118385,481167,0.5
1900-01-21 00:23:15,8114.5,907211,8115.0,194024,419423,327301,92122,713187,0.5
1900-01-21 00:23:30,8111.0,915765,8111.5,664271,46664,169850,-123186,251494,0.5
1900-01-21 00:23:45,8110.0,32320,8110.5,914637,12844,210472,-197628,-882317,0.5
1900-01-21 00:24:00,8090.0,1506308,8090.5,13972,2242,894577,-892335,1492336,0.5
1900-01-21 00:24:15,8098.5,119156,8099.0,115866,203135,1699486,-1496351,3290,0.5
1900-01-21 00:24:30,8103.5,582137,8104.0,305551,627726,88199,539527,276586,0.5
1900-01-21 00:24:45,8103.5,146043,8104.0,599995,196722,73992,122730,-453952,0.5
1900-01-21 00:25:00,8097.5,491403,8098.0,599134,46118,234756,-188638,-107731,0.5
1900-01-21 00:25:15,8094.0,38919,8094.5,714811,166893,198592,-31699,-675892,0.5
1900-01-21 00:25:30,8085.0,33269,8085.5,6800,271101,2388706,-2117605,26469,0.5
1900-01-21 00:25:45,8085.0,519571,8085.5,622603,404579,341627,62952,-103032,0.5
1900-01-21 00:26:00,8072.0,779237,8072.5,310780,397614,1049540,-651926,468457,0.5
1900-01-21 00:26:15,8071.5,16111,8072.0,153569,771904,332888,439016,-137458,0.5
1900-01-21 00:26:30,8060.0,348503,8060.5,5861,51421,1761412,-1709991,342642,0.5
1900-01-21 00:26:45,8053.5,713363,8054.0,101692,146770,1255968,-1109198,611671,0.5
1900-01-21 00:27:00,8065.5,42814,8066.0,69764,721254,3146339,-2425085,-26950,0.5
1900-01-21 00:27:15,8053.0,76432,8053.5,390242,169890,944588,-774698,-313810,0.5
1900-01-21 00:27:30,8040.0,75360,8040.5,93923,56124,876273,-820149,-18563,0.5
1900-01-21 00:27:45,8027.0,10050,8028.0,7742,900186,759415,140771,2308,1.0
1900-01-21 00:28:00,8039.5,386035,8040.0,14108,934585,341390,593195,371927,0.5
1900-01-21 00:28:15,8056.0,243488,8056.5,538829,961504,162919,798585,-295341,0.5
1900-01-21 00:28:30,8062.5,176984,8063.0,11038,1448408,280992,1167416,165946,0.5
1900-01-21 00:28:45,8060.0,434132,8060.5,427864,347357,234311,113046,6268,0.5
1900-01-21 00:29:00,8056.5,1323,8058.0,273885,283692,425764,-142072,-272562,1.5
1900-01-21 00:29:15,8049.5,161240,8050.0,96382,103402,312158,-208756,64858,0.5
1900-01-21 00:29:30,8035.5,22207,8036.0,20000,1121003,1204751,-83748,2207,0.5
1900-01-21 00:29:45,8043.5,166874,8044.0,1207133,516056,87683,428373,-1040259,0.5
1900-01-21 00:30:00,8038.5,22193,8039.0,672321,691089,583285,107804,-650128,0.5
1900-01-21 00:30:15,8022.0,10118,8022.5,174953,27263,784905,-757642,-164835,0.5
1900-01-21 00:30:30,8019.5,527048,8020.0,422467,1802637,556551,1246086,104581,0.5
1900-01-21 00:30:45,8028.5,1246270,8029.0,351537,228873,647827,-418954,894733,0.5
1900-01-21 00:31:00,8028.5,947533,8029.0,9802,641841,1504098,-862257,937731,0.5
1900-01-21 00:31:15,8046.5,77000,8047.0,11257,1223246,112715,1110531,65743,0.5
1900-01-21 00:31:30,8045.0,181213,8045.5,635116,339338,220092,119246,-453903,0.5
1900-01-21 00:31:45,8042.5,1183616,8043.0,981353,691419,222630,468789,202263,0.5
1900-01-21 00:32:00,8049.5,92475,8050.0,338051,458729,60709,398020,-245576,0.5
1900-01-21 00:32:15,8048.5,521858,8049.0,770281,415741,406504,9237,-248423,0.5
1900-01-21 00:32:30,8058.5,1489751,8059.0,852865,635325,54198,581127,636886,0.5
1900-01-21 00:32:45,8071.5,46748,8072.0,86164,1067109,108645,958464,-39416,0.5
1900-01-21 00:33:00,8060.0,25845,8060.5,276521,1389376,559821,829555,-250676,0.5
1900-01-21 00:33:15,8067.0,192621,8067.5,1395820,417479,235167,182312,-1203199,0.5
1900-01-21 00:33:30,8067.0,1096729,8067.5,447803,730456,173288,557168,648926,0.5
1900-01-21 00:33:45,8077.5,130936,8078.0,4745,861425,7094,854331,126191,0.5
1900-01-21 00:34:00,8083.5,2100,8084.0,3115302,751335,189658,561677,-3113202,0.5
1900-01-21 00:34:15,8079.5,442496,8080.0,735994,929589,358650,570939,-293498,0.5
1900-01-21 00:34:30,8099.5,353478,8100.0,47,1693892,135306,1558586,353431,0.5
1900-01-21 00:34:45,8098.5,31523,8099.0,637163,605073,182929,422144,-605640,0.5
1900-01-21 00:35:00,8092.0,9689,8092.5,516322,369877,438710,-68833,-506633,0.5
1900-01-21 00:35:15,8088.0,230562,8088.5,480603,38377,666626,-628249,-250041,0.5
1900-01-21 00:35:30,8070.0,1183462,8070.5,18636,1025010,2817463,-1792453,1164826,0.5
1900-01-21 00:35:45,8073.0,28521,8073.5,403976,286992,594284,-307292,-375455,0.5
1900-01-21 00:36:00,8064.0,951828,8064.5,623282,41879,196732,-154853,328546,0.5
1900-01-21 00:36:15,8079.5,837984,8080.0,829073,554171,194891,359280,8911,0.5
1900-01-21 00:36:30,8066.0,72978,8066.5,978129,156713,224404,-67691,-905151,0.5
1900-01-21 00:36:45,8064.0,680888,8064.5,376069,77339,449312,-371973,304819,0.5
1900-01-21 00:37:00,8061.0,96775,8061.5,677922,306362,185451,120911,-581147,0.5
1900-01-21 00:37:15,8050.0,45117,8050.5,205364,49560,228557,-178997,-160247,0.5
1900-01-21 00:37:30,8053.0,1994,8055.0,1205235,408968,644562,-235594,-1203241,2.0
1900-01-21 00:37:45,8047.0,7882,8047.5,820521,157275,154212,3063,-812639,0.5
1900-01-21 00:38:00,8053.5,533011,8054.0,36107,126852,272786,-145934,496904,0.5
1900-01-21 00:38:15,8046.5,1265,8047.0,22500,341346,168096,173250,-21235,0.5
1900-01-21 00:38:30,8052.0,886959,8052.5,75585,205946,167117,38829,811374,0.5
1900-01-21 00:38:45,8038.0,380059,8038.5,197234,170583,231097,-60514,182825,0.5
1900-01-21 00:39:00,8056.0,10020,8056.5,31674,1515466,351608,1163858,-21654,0.5
1900-01-21 00:39:15,8030.0,165090,8030.5,79578,195462,1529249,-1333787,85512,0.5
1900-01-21 00:39:30,8013.0,136631,8013.5,105630,569997,1969214,-1399217,31001,0.5
1900-01-21 00:39:45,7987.0,22,7987.5,284992,149121,3389539,-3240418,-284970,0.5
1900-01-21 00:40:00,7989.0,133868,7989.5,34400,330686,1476470,-1145784,99468,0.5
1900-01-21 00:40:15,7983.5,95939,7994.0,273623,1178699,1901587,-722888,-177684,10.5
1900-01-21 00:40:30,7974.0,106311,7974.5,1152732,636976,446534,190442,-1046421,0.5
1900-01-21 00:40:45,7956.0,1281156,7956.5,695066,158118,1210987,-1052869,586090,0.5
1900-01-21 00:41:00,7946.0,973,7946.5,15810,528485,3942951,-3414466,-14837,0.5
1900-01-21 00:41:15,7968.5,4000,7969.0,188970,872097,2793242,-1921145,-184970,0.5
1900-01-21 00:41:30,7963.0,368624,7963.5,358341,1024453,695567,328886,10283,0.5
1900-01-21 00:41:45,7975.0,328717,7975.5,30073,2088294,965835,1122459,298644,0.5
1900-01-21 00:42:00,7975.0,415277,7975.5,224296,1108751,2813300,-1704549,190981,0.5
1900-01-21 00:42:15,7970.0,204,7970.5,68152,797118,765652,31466,-67948,0.5
1900-01-21 00:42:30,7962.5,7628,7963.0,404892,445908,178146,267762,-397264,0.5
1900-01-21 00:42:45,7960.5,33573,7961.0,53000,564702,1509786,-945084,-19427,0.5
1900-01-21 00:43:00,7898.0,13625,7900.5,450,569099,4705077,-4135978,13175,2.5
1900-01-21 00:43:15,7874.5,4500,7875.0,970175,4227027,5784556,-1557529,-965675,0.5
1900-01-21 00:43:30,7907.0,161953,7914.0,17332,7354102,2495846,4858256,144621,7.0
1900-01-21 00:43:45,7914.0,915410,7914.5,67616,1150180,1730776,-580596,847794,0.5
1900-01-21 00:44:00,7922.5,1945,7923.0,227600,1912666,890344,1022322,-225655,0.5
1900-01-21 00:44:15,7907.0,178891,7907.5,359467,6478127,853038,5625089,-180576,0.5
1900-01-21 00:44:30,7895.0,51927,7895.5,67588,570461,677026,-106565,-15661,0.5
1900-01-21 00:44:45,7878.5,120597,7879.0,12400,502593,939728,-437135,108197,0.5
1900-01-21 00:45:00,7852.0,962398,7852.5,35750,673232,2639724,-1966492,926648,0.5
1900-01-21 00:45:15,7821.5,103100,7825.0,10000,1426410,5527089,-4100679,93100,3.5
1900-01-21 00:45:30,7855.0,165385,7855.5,9001,1521683,5584947,-4063264,156384,0.5
1900-01-21 00:45:45,7851.5,39105,7853.0,21500,3299484,2086238,1213246,17605,1.5
1900-01-21 00:46:00,7869.5,109734,7870.0,36831,1017394,664716,352678,72903,0.5
1900-01-21 00:46:15,7900.0,569194,7900.5,8046,1245667,274660,971007,561148,0.5
1900-01-21 00:46:30,7926.5,1758,7927.0,14900,1224676,3308100,-2083424,-13142,0.5
1900-01-21 00:46:45,7929.5,186143,7930.0,244786,1460153,334741,1125412,-58643,0.5
1900-01-21 00:47:00,7938.5,118272,7939.0,62033,948387,960670,-12283,56239,0.5
1900-01-21 00:47:15,7925.5,15246,7931.0,3705,539019,1238256,-699237,11541,5.5
1900-01-21 00:47:30,7922.0,121344,7922.5,7350,1131094,676270,454824,113994,0.5
1900-01-21 00:47:45,7929.5,208000,7930.0,558289,1972693,190179,1782514,-350289,0.5
1900-01-21 00:48:00,7929.0,442826,7929.5,257186,717983,936512,-218529,185640,0.5
1900-01-21 00:48:15,7926.5,58345,7927.0,38612,409390,428426,-19036,19733,0.5
1900-01-21 00:48:30,7934.5,735336,7935.0,37020,641882,78970,562912,698316,0.5
1900-01-21 00:48:45,7937.0,227695,7937.5,185057,1453719,216017,1237702,42638,0.5
1900-01-21 00:49:00,7936.0,17445,7936.5,182574,927200,371973,555227,-165129,0.5
1900-01-21 00:49:15,7921.5,18463,7924.0,1591,912161,1502085,-589924,16872,2.5
1900-01-21 00:49:30,7911.0,25811,7911.5,876937,556368,333400,222968,-851126,0.5
1900-01-21 00:49:45,7889.0,65818,7890.0,116936,720425,617430,102995,-51118,1.0
1900-01-21 00:50:00,7896.0,236903,7896.5,417277,1429626,1750211,-320585,-180374,0.5
1900-01-21 00:50:15,7908.5,32249,7909.5,9151,683766,360669,323097,23098,1.0
1900-01-21 00:50:30,7904.5,9331,7905.0,538174,932045,563436,368609,-528843,0.5
1900-01-21 00:50:45,7910.5,939767,7911.0,118881,646051,135968,510083,820886,0.5
1900-01-21 00:51:00,7924.5,19980,7925.0,351072,1359778,145523,1214255,-331092,0.5
1900-01-21 00:51:15,7907.5,1086,7908.0,7935,554254,158090,396164,-6849,0.5
1900-01-21 00:51:30,7924.5,84702,7925.0,137997,682765,619025,63740,-53295,0.5
1900-01-21 00:51:45,7909.0,823278,7909.5,64372,153600,388167,-234567,758906,0.5
1900-01-21 00:52:00,7921.0,372540,7921.5,246000,472551,291637,180914,126540,0.5
1900-01-21 00:52:15,7930.5,3500,7931.0,80091,350281,324095,26186,-76591,0.5
1900-01-21 00:52:30,7928.5,505497,7929.0,114103,187603,140275,47328,391394,0.5
1900-01-21 00:52:45,7939.5,275708,7940.0,142242,281666,385619,-103953,133466,0.5
1900-01-21 00:53:00,7949.5,393058,7950.0,546991,504047,19126,484921,-153933,0.5
1900-01-21 00:53:15,7963.5,13000,7964.0,18421,955493,102722,852771,-5421,0.5
1900-01-21 00:53:30,7959.0,36919,7960.5,857424,865494,374222,491272,-820505,1.5
1900-01-21 00:53:45,7946.0,19959,7946.5,537719,284539,544715,-260176,-517760,0.5
1900-01-21 00:54:00,7941.0,506321,7941.5,157418,243488,355296,-111808,348903,0.5
1900-01-21 00:54:15,7941.5,643200,7942.0,44246,153096,183853,-30757,598954,0.5
1900-01-21 00:54:30,7946.0,40845,7946.5,309298,156712,142108,14604,-268453,0.5
1900-01-21 00:54:45,7939.5,521207,7940.0,315402,451972,130889,321083,205805,0.5
1900-01-21 00:55:00,7940.0,83142,7940.5,284455,468562,333090,135472,-201313,0.5
1900-01-21 00:55:15,7935.0,151095,7935.5,412211,177595,862996,-685401,-261116,0.5
1900-01-21 00:55:30,7954.5,524422,7955.0,349603,1079972,60869,1019103,174819,0.5
1900-01-21 00:55:45,7945.0,108758,7945.5,679194,336143,155906,180237,-570436,0.5
1900-01-21 00:56:00,7949.5,1011418,7950.0,432819,396955,110346,286609,578599,0.5
1900-01-21 00:56:15,7955.5,37451,7956.0,474,343075,148389,194686,36977,0.5
1900-01-21 00:56:30,7953.5,669073,7954.0,76995,550670,98422,452248,592078,0.5
1900-01-21 00:56:45,7945.5,46854,7950.5,116775,120402,45712,74690,-69921,5.0
1900-01-21 00:57:00,7948.0,135557,7948.5,489911,87053,17360,69693,-354354,0.5
1900-01-21 00:57:15,7944.0,1383679,7944.5,668385,347111,1420077,-1072966,715294,0.5
1900-01-21 00:57:30,7931.0,142255,7931.5,1088865,325221,2070111,-1744890,-946610,0.5
1900-01-21 00:57:45,7941.0,576614,7941.5,89385,233542,320395,-86853,487229,0.5
1900-01-21 00:58:00,7936.0,9025,7936.5,585756,42022,196376,-154354,-576731,0.5
1900-01-21 00:58:15,7926.0,437039,7926.5,114285,61772,159470,-97698,322754,0.5
1900-01-21 00:58:30,7929.5,30302,7930.0,148755,696705,479389,217316,-118453,0.5
1900-01-21 00:58:45,7949.0,486576,7949.5,356725,341569,469036,-127467,129851,0.5
1900-01-21 00:59:00,7948.5,6441,7949.0,842908,75040,227927,-152887,-836467,0.5
1900-01-21 00:59:15,7944.5,64810,7945.0,639915,25246,49335,-24089,-575105,0.5
1900-01-21 00:59:30,7953.5,305286,7954.0,92663,425482,219336,206146,212623,0.5
1900-01-21 00:59:45,7948.0,369513,7948.5,225510,135054,276939,-141885,144003,0.5
1900-01-21 01:00:00,7948.0,212178,7948.5,567430,139384,202414,-63030,-355252,0.5
1900-01-21 01:00:15,7943.0,37390,7943.5,225040,61999,304665,-242666,-187650,0.5
1900-01-21 01:00:30,7925.5,40,7926.0,22472,74060,285848,-211788,-22432,0.5
1900-01-21 01:00:45,7915.0,38997,7915.5,86926,258094,1419420,-1161326,-47929,0.5
1900-01-21 01:01:00,7930.5,190374,7931.0,491607,327341,154470,172871,-301233,0.5
1900-01-21 01:01:15,7919.0,35863,7919.5,447415,145867,54896,90971,-411552,0.5
1900-01-21 01:01:30,7919.0,36102,7919.5,423327,292660,431358,-138698,-387225,0.5
1900-01-21 01:01:45,7895.0,538034,7895.5,23432,111751,1999425,-1887674,514602,0.5
1900-01-21 01:02:00,7916.0,55929,7916.5,474659,373712,232214,141498,-418730,0.5
1900-01-21 01:02:15,7886.0,2,7893.0,292891,622025,1709901,-1087876,-292889,7.0
1900-01-21 01:02:30,7883.5,4656,7884.0,68659,733430,480990,252440,-64003,0.5
1900-01-21 01:02:45,7893.5,57072,7894.0,6000,501995,129049,372946,51072,0.5
1900-01-21 01:03:00,7890.0,603570,7890.5,1031604,367430,880025,-512595,-428034,0.5
1900-01-21 01:03:15,7901.0,112088,7901.5,148999,1478921,282153,1196768,-36911,0.5
1900-01-21 01:03:30,7905.5,19943,7906.0,212071,446376,161899,284477,-192128,0.5
1900-01-21 01:03:45,7899.0,97830,7899.5,534398,199159,248427,-49268,-436568,0.5
1900-01-21 01:04:00,7897.5,32846,7898.0,7301,35680,186389,-150709,25545,0.5
1900-01-21 01:04:15,7895.5,365355,7896.0,644586,74921,456720,-381799,-279231,0.5
1900-01-21 01:04:30,7886.0,500008,7886.5,165437,87204,897325,-810121,334571,0.5
1900-01-21 01:04:45,7894.0,392210,7894.5,411999,306081,1032253,-726172,-19789,0.5
1900-01-21 01:05:00,7905.0,150065,7905.5,53841,125207,148806,-23599,96224,0.5
1900-01-21 01:05:15,7915.0,552053,7915.5,303436,664485,37406,627079,248617,0.5
1900-01-21 01:05:30,7918.5,485086,7919.0,33149,717202,1250597,-533395,451937,0.5
1900-01-21 01:05:45,7921.5,62662,7922.0,873226,380475,680161,-299686,-810564,0.5
1900-01-21 01:06:00,7914.0,55270,7914.5,992714,110868,109697,1171,-937444,0.5
1900-01-21 01:06:15,7910.0,74614,7910.5,646368,38881,194258,-155377,-571754,0.5
1900-01-21 01:06:30,7900.0,130671,7900.5,426725,76300,650676,-574376,-296054,0.5
1900-01-21 01:06:45,7897.5,251164,7898.0,339711,83617,152324,-68707,-88547,0.5
1900-01-21 01:07:00,7907.5,360554,7908.0,19114,255811,294755,-38944,341440,0.5
1900-01-21 01:07:15,7912.5,363686,7913.0,385704,305499,24388,281111,-22018,0.5
1900-01-21 01:07:30,7916.0,410411,7916.5,385154,647392,29651,617741,25257,0.5
1900-01-21 01:07:45,7918.5,2191267,7919.0,6035,497408,150256,347152,2185232,0.5
1900-01-21 01:08:00,7923.0,161233,7923.5,466053,362058,207250,154808,-304820,0.5
1900-01-21 01:08:15,7916.0,110134,7916.5,979844,143808,92919,50889,-869710,0.5
1900-01-21 01:08:30,7919.0,953917,7919.5,48522,66404,69470,-3066,905395,0.5
1900-01-21 06:11:15,8007.5,6106,8008.0,644175,1344,56578,-55234,-638069,0.5
1900-01-21 06:11:30,8005.5,448662,8006.0,691404,2820,25930,-23110,-242742,0.5
1900-01-21 06:11:45,8005.5,576546,8006.0,474582,57272,21010,36262,101964,0.5
1900-01-21 06:12:00,8005.5,1105621,8006.0,23857,161992,31200,130792,1081764,0.5
1900-01-21 06:12:15,8008.5,887088,8009.0,136787,146491,14596,131895,750301,0.5
1900-01-21 06:12:30,8009.5,959152,8010.0,340142,62246,2260,59986,619010,0.5
1900-01-21 06:12:45,8009.5,643631,8010.0,601449,39744,26022,13722,42182,0.5
1900-01-21 06:13:00,8009.5,735850,8010.0,616041,1220,161,1059,119809,0.5
1900-01-21 06:13:15,8009.5,831561,8010.0,678018,20004,12000,8004,153543,0.5
1900-01-21 06:13:30,8009.5,754745,8010.0,678117,20004,9759,10245,76628,0.5
1900-01-21 06:13:45,8009.5,681142,8010.0,702320,10052,20713,-10661,-21178,0.5
1900-01-21 06:14:00,8008.0,741,8008.5,1011537,64000,66184,-2184,-1010796,0.5
1900-01-21 06:14:15,8006.5,18101,8007.0,881026,220,28603,-28383,-862925,0.5
1900-01-21 06:14:30,8006.0,1270336,8006.5,621689,67400,149783,-82383,648647,0.5
1900-01-21 06:14:45,8006.0,1848745,8006.5,47877,258967,17638,241329,1800868,0.5
1900-01-21 06:15:00,8006.0,1767193,8006.5,138974,22886,11500,11386,1628219,0.5
1900-01-21 06:15:15,8008.0,225613,8008.5,641654,155406,27846,127560,-416041,0.5
1900-01-21 06:15:30,8008.0,747369,8008.5,204382,1260,46160,-44900,542987,0.5
1900-01-21 06:15:45,8005.5,73201,8006.0,768285,25240,211205,-185965,-695084,0.5
1900-01-21 06:16:00,8005.0,815727,8005.5,303329,143912,105964,37948,512398,0.5
1900-01-21 06:16:15,8008.0,928114,8008.5,24885,29553,86290,-56737,903229,0.5
1900-01-21 06:16:30,8008.0,651416,8008.5,42609,115378,6600,108778,608807,0.5
1900-01-21 06:16:45,8009.0,1071580,8009.5,63165,21158,7200,13958,1008415,0.5
1900-01-21 06:17:00,8009.5,1586439,8010.0,373955,303648,1062,302586,1212484,0.5
1900-01-21 06:17:15,8014.0,994932,8014.5,62719,521142,200,520942,932213,0.5
1900-01-21 06:17:30,8014.5,1280634,8015.0,538370,54672,16518,38154,742264,0.5
1900-01-21 06:17:45,8014.5,263981,8015.0,744198,96049,29452,66597,-480217,0.5
1900-01-21 06:18:00,8014.5,714091,8015.0,712642,1082,13023,-11941,1449,0.5
1900-01-21 06:18:15,8014.5,907008,8015.0,702032,60327,2688,57639,204976,0.5
1900-01-21 06:18:30,8014.5,664769,8015.0,744778,11000,4618,6382,-80009,0.5
1900-01-21 06:18:45,8014.5,515205,8015.0,384896,135024,34476,100548,130309,0.5
1900-01-21 06:19:00,8014.5,567770,8015.0,305362,100618,127128,-26510,262408,0.5
1900-01-21 06:19:15,8014.5,602458,8015.0,584516,86735,5870,80865,17942,0.5
1900-01-21 06:19:30,8014.5,3350,8015.0,405091,5642,663612,-657970,-401741,0.5
1900-01-21 06:19:45,8009.0,14645,8009.5,183735,1124,163570,-162446,-169090,0.5
1900-01-21 06:20:00,8008.0,1294588,8008.5,17146,28977,21045,7932,1277442,0.5
1900-01-21 06:20:15,8009.5,1119642,8010.0,470,55169,1513,53656,1119172,0.5
1900-01-21 06:20:30,8014.0,817509,8014.5,48921,24052,30186,-6134,768588,0.5
1900-01-21 06:20:45,8014.0,12205,8014.5,573749,5372,33252,-27880,-561544,0.5
1900-01-21 06:21:00,8011.0,99515,8011.5,125521,52,38203,-38151,-26006,0.5
1900-01-21 06:21:15,8009.5,45422,8010.0,249291,45002,91719,-46717,-203869,0.5
1900-01-21 06:21:30,8009.0,28758,8009.5,250621,17242,33933,-16691,-221863,0.5
1900-01-21 06:21:45,8009.0,90698,8009.5,501736,2926,34140,-31214,-411038,0.5
1900-01-21 06:22:00,8009.0,32199,8009.5,653193,4000,41224,-37224,-620994,0.5
1900-01-21 06:22:15,8007.0,339597,8007.5,329998,5058,100214,-95156,9599,0.5
1900-01-21 06:22:30,8005.0,148837,8005.5,288537,13606,222241,-208635,-139700,0.5
1900-01-21 06:22:45,8005.0,847897,8005.5,34024,73683,248123,-174440,813873,0.5
1900-01-21 06:23:00,8005.0,330975,8005.5,943138,78579,361910,-283331,-612163,0.5
1900-01-21 06:23:15,8004.5,181104,8005.0,889541,28342,317398,-289056,-708437,0.5
1900-01-21 06:23:30,8001.0,38974,8001.5,558574,1602,497959,-496357,-519600,0.5
1900-01-21 06:23:45,8001.0,440222,8001.5,177920,60174,61910,-1736,262302,0.5
1900-01-21 06:24:00,8005.0,562961,8005.5,30271,143602,165142,-21540,532690,0.5
1900-01-21 06:24:15,8009.0,374187,8009.5,582440,25493,82368,-56875,-208253,0.5
1900-01-21 06:24:30,8004.5,154,8005.0,1004899,56,14819,-14763,-1004745,0.5
1900-01-21 06:24:45,8000.0,185427,8000.5,203633,3412,78863,-75451,-18206,0.5
1900-01-21 06:25:00,7996.5,606583,7997.0,135257,42520,202696,-160176,471326,0.5
1900-01-21 06:25:15,8004.5,497636,8005.0,265875,173486,58292,115194,231761,0.5
1900-01-21 06:25:30,8004.5,29232,8005.0,997642,10400,174389,-163989,-968410,0.5
1900-01-21 06:25:45,8004.5,52015,8005.0,856024,72413,19864,52549,-804009,0.5
1900-01-21 06:26:00,8004.5,714032,8005.0,44094,265431,32487,232944,669938,0.5
1900-01-21 06:26:15,8004.5,77840,8005.0,824369,14369,108554,-94185,-746529,0.5
1900-01-21 06:26:30,8004.0,49941,8004.5,914823,2102,55489,-53387,-864882,0.5
1900-01-21 06:26:45,8004.0,34036,8004.5,1215909,102332,58515,43817,-1181873,0.5
1900-01-21 06:27:00,7997.5,168121,7998.0,639670,8608,19987,-11379,-471549,0.5
1900-01-21 06:27:15,7997.5,573884,7998.0,471299,18592,212498,-193906,102585,0.5
1900-01-21 06:27:30,7994.0,770630,7994.5,141241,17708,118281,-100573,629389,0.5
1900-01-21 06:27:45,7998.0,104797,7998.5,848797,42112,29976,12136,-744000,0.5
1900-01-21 06:28:00,7997.5,2145,7998.0,1155387,6464,95853,-89389,-1153242,0.5
1900-01-21 06:28:15,7991.0,73923,7991.5,788815,6068,126478,-120410,-714892,0.5
1900-01-21 06:28:30,7981.0,55508,7981.5,847179,10556,488573,-478017,-791671,0.5
1900-01-21 06:28:45,7988.0,1287115,7988.5,32225,163894,282263,-118369,1254890,0.5
1900-01-21 06:29:00,7987.0,2913,7987.5,930073,47910,357930,-310020,-927160,0.5
1900-01-21 06:29:15,7985.0,567647,7985.5,196419,18782,73351,-54569,371228,0.5
1900-01-21 06:29:30,7985.0,15767,7985.5,978783,249129,60203,188926,-963016,0.5
1900-01-21 06:29:45,7978.0,47126,7978.5,415604,4531,122250,-117719,-368478,0.5
1900-01-21 06:30:00,7973.0,37718,7973.5,1292487,21528,1188089,-1166561,-1254769,0.5
1900-01-21 06:30:15,7950.5,104999,7951.0,3080,213307,1333824,-1120517,101919,0.5
1900-01-21 06:30:30,7968.5,69217,7969.0,931159,552029,133361,418668,-861942,0.5
1900-01-21 06:30:45,7962.0,50,7962.5,1284521,227444,82669,144775,-1284471,0.5
1900-01-21 06:31:00,7958.0,662324,7958.5,6948,337021,292782,44239,655376,0.5
1900-01-21 06:31:15,7968.5,559504,7969.0,62516,458370,105482,352888,496988,0.5
1900-01-21 06:31:30,7965.5,2025,7966.0,678613,121214,133368,-12154,-676588,0.5
1900-01-21 06:31:45,7968.0,616313,7968.5,61568,180267,82972,97295,554745,0.5
1900-01-21 06:32:00,7951.5,73828,7952.0,23752,335469,309586,25883,50076,0.5
1900-01-21 06:32:15,7953.0,353557,7953.5,432836,62927,376151,-313224,-79279,0.5
1900-01-21 06:32:30,7942.0,10842,7942.5,454793,93168,887437,-794269,-443951,0.5
1900-01-21 06:32:45,7942.5,68636,7943.0,29594,233671,878042,-644371,39042,0.5
1900-01-21 06:33:00,7955.0,70201,7955.5,1400,414180,77429,336751,68801,0.5
1900-01-21 06:33:15,7945.0,43170,7945.5,527578,149543,175435,-25892,-484408,0.5
1900-01-21 06:33:30,7949.0,258182,7949.5,13916,127902,45139,82763,244266,0.5
1900-01-21 06:33:45,7941.0,62881,7941.5,558621,259994,80319,179675,-495740,0.5
1900-01-21 06:34:00,7943.5,994396,7944.0,483,101014,193360,-92346,993913,0.5
1900-01-21 06:34:15,7949.0,153617,7949.5,612368,459302,72039,387263,-458751,0.5
1900-01-21 06:34:30,7949.5,726719,7950.0,342649,270238,288568,-18330,384070,0.5
1900-01-21 06:34:45,7953.5,917195,7954.0,184557,335387,22305,313082,732638,0.5
1900-01-21 06:35:00,7954.0,7738,7954.5,3012,331823,12400,319423,4726,0.5
1900-01-21 06:35:15,7953.5,26392,7954.0,187082,329018,384972,-55954,-160690,0.5
1900-01-21 06:35:30,7961.0,224431,7961.5,531338,697456,186696,510760,-306907,0.5
1900-01-21 06:35:45,7962.0,689562,7962.5,72213,116392,50911,65481,617349,0.5
1900-01-21 06:36:00,7966.0,82638,7966.5,469682,134235,96593,37642,-387044,0.5
1900-01-21 06:36:15,7968.0,1043331,7968.5,6931,59325,250373,-191048,1036400,0.5
1900-01-21 06:36:30,7968.5,28899,7969.0,875692,95600,138840,-43240,-846793,0.5
1900-01-21 06:36:45,7968.5,595512,7969.0,140075,136143,31908,104235,455437,0.5
1900-01-21 06:37:00,7968.5,90136,7969.0,602939,36692,53034,-16342,-512803,0.5
1900-01-21 06:37:15,7964.5,2767,7965.0,635872,55009,219180,-164171,-633105,0.5
1900-01-21 06:37:30,7964.5,30320,7965.0,398696,71821,143505,-71684,-368376,0.5
1900-01-21 06:37:45,7960.5,50263,7961.0,511000,72,50082,-50010,-460737,0.5
1900-01-21 06:38:00,7957.0,807156,7957.5,120551,44006,448916,-404910,686605,0.5
1900-01-21 06:38:15,7960.5,45851,7961.0,910573,332620,43064,289556,-864722,0.5
1900-01-21 06:38:30,7956.0,873474,7956.5,32838,108868,101399,7469,840636,0.5
1900-01-21 06:38:45,7959.5,866927,7960.0,56201,7728,39900,-32172,810726,0.5
1900-01-21 06:39:00,7963.0,48240,7963.5,788622,79072,84940,-5868,-740382,0.5
1900-01-21 06:39:15,7964.0,718461,7964.5,401,52867,14954,37913,718060,0.5
1900-01-21 06:39:30,7971.5,38439,7972.0,447676,199451,22502,176949,-409237,0.5
1900-01-21 06:39:45,7971.5,363414,7972.0,122407,26623,15601,11022,241007,0.5
1900-01-21 06:40:00,7971.5,881899,7972.0,77857,39223,22844,16379,804042,0.5
1900-01-21 06:40:15,7974.5,1042282,7975.0,54411,99299,20956,78343,987871,0.5
1900-01-21 06:40:30,7982.0,658925,7982.5,431911,220151,5052,215099,227014,0.5
1900-01-21 06:40:45,7979.5,701378,7980.0,353208,77660,16298,61362,348170,0.5
1900-01-21 06:41:00,7974.0,118,7974.5,522812,101562,34332,67230,-522694,0.5
1900-01-21 06:41:15,7971.0,1917,7971.5,845135,13582,147366,-133784,-843218,0.5
1900-01-21 06:41:30,7979.5,438991,7980.0,79839,409476,25910,383566,359152,0.5
1900-01-21 06:41:45,7975.0,179847,7975.5,440972,63668,63454,214,-261125,0.5
1900-01-21 06:42:00,7982.5,150221,7983.0,768345,91533,27464,64069,-618124,0.5
1900-01-21 06:42:15,7981.0,693166,7981.5,87273,126860,38632,88228,605893,0.5
1900-01-21 06:42:30,7969.5,3211,7970.0,103750,101737,578095,-476358,-100539,0.5
1900-01-21 06:42:45,7972.5,527365,7973.0,390071,388856,95102,293754,137294,0.5
1900-01-21 06:43:00,7959.5,452823,7960.0,271833,21100,326419,-305319,180990,0.5
1900-01-21 06:43:15,7972.5,262871,7973.0,799631,338986,71050,267936,-536760,0.5
1900-01-21 06:43:30,7962.5,670012,7963.0,152030,22532,338891,-316359,517982,0.5
1900-01-21 06:43:45,7968.5,821722,7969.0,37297,77416,12637,64779,784425,0.5
1900-01-21 06:44:00,7965.5,15216,7966.0,153887,19075,165524,-146449,-138671,0.5
1900-01-21 06:44:15,7964.5,942591,7965.0,4027,15642,158630,-142988,938564,0.5
1900-01-21 06:44:30,7962.5,11822,7963.0,426628,18350,24772,-6422,-414806,0.5
1900-01-21 06:44:45,7967.0,184696,7967.5,729977,45210,64046,-18836,-545281,0.5
1900-01-21 06:45:00,7964.5,522294,7965.0,339,5278,79557,-74279,521955,0.5
1900-01-21 06:45:15,7964.5,111035,7965.0,764966,12370,34252,-21882,-653931,0.5
1900-01-21 06:45:30,7966.5,149147,7967.0,982915,36489,56522,-20033,-833768,0.5
1900-01-21 06:45:45,7961.5,133,7962.0,739257,22802,74053,-51251,-739124,0.5
1900-01-21 06:46:00,7960.0,344389,7960.5,208982,12142,6016,6126,135407,0.5
1900-01-21 06:46:15,7965.5,276677,7966.0,8393,119397,26856,92541,268284,0.5
1900-01-21 06:46:30,7965.5,270132,7966.0,22884,135532,16004,119528,247248,0.5
1900-01-21 06:46:45,7972.5,188224,7973.0,1020149,398739,3660,395079,-831925,0.5
1900-01-21 06:47:00,7972.5,725,7973.0,1062912,66881,139011,-72130,-1062187,0.5
1900-01-21 06:47:15,7963.5,1517,7964.0,1027176,22052,81408,-59356,-1025659,0.5
1900-01-21 06:47:30,7963.0,106356,7963.5,579353,200,82089,-81889,-472997,0.5
1900-01-21 06:47:45,7959.0,175214,7959.5,439387,335366,252122,83244,-264173,0.5
1900-01-21 06:48:00,7956.5,149720,7957.0,376894,40009,23782,16227,-227174,0.5
1900-01-21 06:48:15,7958.5,234016,7959.0,617898,23029,17234,5795,-383882,0.5
1900-01-21 06:48:30,7956.5,101743,7957.0,714351,19672,79467,-59795,-612608,0.5
1900-01-21 06:48:45,7953.0,34720,7953.5,895076,46229,288041,-241812,-860356,0.5
1900-01-21 06:49:00,7949.5,401493,7950.0,239334,358080,329403,28677,162159,0.5
1900-01-21 06:49:15,7949.5,193214,7950.0,675389,90200,191018,-100818,-482175,0.5
1900-01-21 06:49:30,7949.0,1636,7949.5,650078,31050,213576,-182526,-648442,0.5
1900-01-21 06:49:45,7913.0,42335,7937.0,7322,212736,298514,-85778,35013,24.0
1900-01-21 06:50:00,7915.5,48000,7916.0,13000,362234,1019971,-657737,35000,0.5
1900-01-21 06:50:15,7899.5,75739,7900.0,38110,1223387,1579482,-356095,37629,0.5
1900-01-21 06:50:30,7899.5,703226,7900.0,117273,4435912,329999,4105913,585953,0.5
1900-01-21 06:50:45,7910.5,32592,7911.0,463589,659185,193724,465461,-430997,0.5
1900-01-21 06:51:00,7899.0,147993,7899.5,787021,449305,343696,105609,-639028,0.5
1900-01-21 06:51:15,7872.5,9170,7873.0,185555,313046,2008673,-1695627,-176385,0.5
1900-01-21 06:51:30,7870.0,268998,7870.5,354819,2378481,3585071,-1206590,-85821,0.5
1900-01-21 06:51:45,7875.0,342957,7875.5,31900,549588,855247,-305659,311057,0.5
1900-01-21 06:52:00,7865.0,209248,7865.5,765871,771962,2386628,-1614666,-556623,0.5
1900-01-21 06:52:15,7874.5,644329,7875.0,604524,2002430,384465,1617965,39805,0.5
1900-01-21 06:52:30,7881.0,1278604,7881.5,341838,1329078,144892,1184186,936766,0.5
1900-01-21 06:52:45,7880.5,35375,7881.0,915085,1277792,531383,746409,-879710,0.5
1900-01-21 06:53:00,7884.5,433398,7885.0,195834,609519,508295,101224,237564,0.5
1900-01-21 06:53:15,7889.0,1023838,7889.5,238041,1133254,79212,1054042,785797,0.5
1900-01-21 06:53:30,7891.5,1435122,7892.5,229403,1176342,25672,1150670,1205719,1.0
1900-01-21 06:53:45,7893.0,1055435,7893.5,7978,371170,178686,192484,1047457,0.5
1900-01-21 06:54:00,7890.0,237966,7890.5,1005141,563464,451519,111945,-767175,0.5
1900-01-21 06:54:15,7885.5,78996,7886.0,554399,50754,530633,-479879,-475403,0.5
1900-01-21 06:54:30,7895.5,38615,7896.0,1621,640483,152905,487578,36994,0.5
1900-01-21 06:54:45,7896.5,793409,7897.0,367232,449277,51276,398001,426177,0.5
1900-01-21 06:55:00,7896.5,918832,7897.0,30019,596205,166130,430075,888813,0.5
1900-01-21 06:55:15,7881.5,33917,7882.0,48645,25719,389026,-363307,-14728,0.5
1900-01-21 06:55:30,7886.5,1143004,7887.0,45534,96985,64498,32487,1097470,0.5
1900-01-21 06:55:45,7893.5,497968,7894.0,36106,134872,20318,114554,461862,0.5
1900-01-21 06:56:00,7899.0,725314,7899.5,251640,934461,33096,901365,473674,0.5
1900-01-21 06:56:15,7899.0,155726,7899.5,448379,208101,107341,100760,-292653,0.5
1900-01-21 06:56:30,7895.0,158079,7895.5,443998,259687,163827,95860,-285919,0.5
1900-01-21 06:56:45,7879.0,1148480,7879.5,50557,258495,717051,-458556,1097923,0.5
1900-01-21 06:57:00,7889.0,606115,7889.5,64563,1210707,50945,1159762,541552,0.5
1900-01-21 06:57:15,7885.5,159120,7886.0,979333,36558,1877671,-1841113,-820213,0.5
1900-01-21 06:57:30,7867.0,26115,7867.5,218485,58873,510610,-451737,-192370,0.5
1900-01-21 06:57:45,7875.5,628359,7876.0,22783,595511,620416,-24905,605576,0.5
1900-01-21 06:58:00,7882.5,5475,7883.0,141159,158210,135830,22380,-135684,0.5
1900-01-21 06:58:15,7894.0,43300,7894.5,1737,559741,222516,337225,41563,0.5
1900-01-21 06:58:30,7885.0,40558,7885.5,58426,534281,288164,246117,-17868,0.5
1900-01-21 06:58:45,7899.0,440150,7899.5,318663,1105258,87755,1017503,121487,0.5
1900-01-21 06:59:00,7892.5,525,7895.0,90082,212212,256238,-44026,-89557,2.5
1900-01-21 06:59:15,7898.5,327518,7899.0,5851,436950,79655,357295,321667,0.5
1900-01-21 06:59:30,7898.5,58352,7899.0,965020,694666,97567,597099,-906668,0.5
1900-01-21 06:59:45,7899.5,742795,7900.0,5943,338984,17056,321928,736852,0.5
1900-01-21 07:00:00,7906.0,439272,7906.5,473178,862162,78094,784068,-33906,0.5
1900-01-21 07:00:15,7899.0,585916,7899.5,219870,218024,243563,-25539,366046,0.5
1900-01-21 07:00:30,7909.5,1161934,7910.0,18656,231026,153064,77962,1143278,0.5
1900-01-21 07:00:45,7913.5,212644,7914.0,322296,749196,32626,716570,-109652,0.5
1900-01-21 07:01:00,7912.5,654018,7913.0,112028,138252,23844,114408,541990,0.5
1900-01-21 07:01:15,7917.0,2097,7917.5,519017,208482,145142,63340,-516920,0.5
1900-01-21 07:01:30,7917.5,1407474,7918.0,154855,363670,76679,286991,1252619,0.5
1900-01-21 07:01:45,7924.0,772391,7924.5,85132,260656,31644,229012,687259,0.5
1900-01-21 07:02:00,7927.5,350806,7928.0,157042,456954,88876,368078,193764,0.5
1900-01-21 07:02:15,7917.5,488123,7918.0,10000,237347,375192,-137845,478123,0.5
1900-01-21 07:02:30,7924.5,433380,7925.0,151577,93665,375610,-281945,281803,0.5
1900-01-21 07:02:45,7924.0,4196,7924.5,880006,98120,420470,-322350,-875810,0.5
1900-01-21 07:03:00,7921.0,435288,7921.5,479668,56264,120377,-64113,-44380,0.5
1900-01-21 07:03:15,7921.0,249141,7921.5,749466,53046,65847,-12801,-500325,0.5
1900-01-21 07:03:30,7920.0,799419,7920.5,306768,51262,84408,-33146,492651,0.5
1900-01-21 07:03:45,7920.0,539416,7920.5,288997,126884,29502,97382,250419,0.5
1900-01-21 07:04:00,7922.0,1221297,7922.5,13394,510391,27982,482409,1207903,0.5
1900-01-21 07:04:15,7922.0,411517,7922.5,425625,180240,133264,46976,-14108,0.5
1900-01-21 07:04:30,7922.0,218290,7922.5,666095,75469,154572,-79103,-447805,0.5
1900-01-21 07:04:45,7922.0,711853,7922.5,142621,181348,13198,168150,569232,0.5
1900-01-21 07:05:00,7924.5,1099740,7925.0,271878,278717,78244,200473,827862,0.5
1900-01-21 07:05:15,7925.5,298089,7926.0,143652,273574,18664,254910,154437,0.5
1900-01-21 07:05:30,7922.5,1102889,7923.0,102405,33747,267144,-233397,1000484,0.5
1900-01-21 07:05:45,7924.5,1033407,7925.0,5525,215653,3818,211835,1027882,0.5
1900-01-21 07:06:00,7924.5,299867,7925.0,735953,25648,5879,19769,-436086,0.5
1900-01-21 07:06:15,7924.5,347811,7925.0,1049798,28610,13146,15464,-701987,0.5
1900-01-21 07:06:30,7919.0,10916,7919.5,493102,30384,533798,-503414,-482186,0.5
1900-01-21 07:06:45,7918.5,755659,7919.0,274505,139185,44780,94405,481154,0.5
1900-01-21 07:07:00,7918.5,756717,7919.0,326431,106526,98222,8304,430286,0.5
1900-01-21 07:07:15,7918.5,140778,7919.0,683310,92962,52516,40446,-542532,0.5
1900-01-21 07:07:30,7918.5,87794,7919.0,748857,4488,130940,-126452,-661063,0.5
1900-01-21 07:07:45,7917.5,23904,7918.0,915681,36360,391210,-354850,-891777,0.5
1900-01-21 07:08:00,7915.5,19649,7916.0,855291,65558,88542,-22984,-835642,0.5
1900-01-21 07:08:15,7914.5,54363,7915.0,821080,33904,177850,-143946,-766717,0.5
1900-01-21 07:08:30,7903.0,47509,7903.5,389261,6516,758304,-751788,-341752,0.5
1900-01-21 07:08:45,7913.0,654602,7913.5,327776,149271,367037,-217766,326826,0.5
1900-01-21 07:09:00,7902.0,340442,7902.5,550715,30932,501567,-470635,-210273,0.5
1900-01-21 07:09:15,7887.5,37768,7888.0,101291,20190,328427,-308237,-63523,0.5
1900-01-21 07:09:30,7890.0,579504,7890.5,29312,161723,409001,-247278,550192,0.5
1900-01-21 07:09:45,7891.5,4648,7892.0,580805,384202,209362,174840,-576157,0.5
1900-01-21 07:10:00,7885.5,189407,7886.0,5491,85734,135075,-49341,183916,0.5
1900-01-21 07:10:15,7893.0,623943,7893.5,123551,214876,107613,107263,500392,0.5
1900-01-21 07:10:30,7886.5,11331,7887.0,741795,231118,186816,44302,-730464,0.5
1900-01-21 07:10:45,7881.5,596910,7882.0,99234,168172,374744,-206572,497676,0.5
1900-01-21 07:11:00,7881.0,145428,7881.5,594456,615228,185162,430066,-449028,0.5
1900-01-21 07:11:15,7870.0,1819244,7870.5,51833,36720,1818862,-1782142,1767411,0.5
1900-01-21 07:11:30,7866.0,90536,7866.5,61604,169777,2882000,-2712223,28932,0.5
1900-01-21 07:11:45,7840.0,277460,7841.5,24427,472048,1412765,-940717,253033,1.5
1900-01-21 07:12:00,7853.5,10000,7855.0,20,881475,4574797,-3693322,9980,1.5
1900-01-21 07:12:15,7869.5,585008,7870.0,528460,851499,391585,459914,56548,0.5
1900-01-21 07:12:30,7884.0,287948,7884.5,1194783,582332,248963,333369,-906835,0.5
1900-01-21 07:12:45,7880.5,652596,7881.0,152601,119404,1089353,-969949,499995,0.5
1900-01-21 07:13:00,7887.5,155197,7888.0,625620,438021,251746,186275,-470423,0.5
1900-01-21 07:13:15,7887.0,507079,7887.5,102694,154501,239837,-85336,404385,0.5
1900-01-21 07:13:30,7887.0,28917,7887.5,592133,534974,413879,121095,-563216,0.5
1900-01-21 07:13:45,7902.5,214505,7903.0,7251,275929,312773,-36844,207254,0.5
1900-01-21 07:14:00,7902.5,15746,7903.0,506586,303101,83328,219773,-490840,0.5
1900-01-21 07:14:15,7916.0,494624,7916.5,39517,1066509,76474,990035,455107,0.5
1900-01-21 07:14:30,7930.0,1075495,7930.5,513051,548569,581698,-33129,562444,0.5
1900-01-21 07:14:45,7923.0,102755,7923.5,16364,345633,1795525,-1449892,86391,0.5
1900-01-21 07:15:00,7931.5,370638,7932.0,24140,368683,55225,313458,346498,0.5
1900-01-21 07:15:15,7934.0,11424,7934.5,760083,279637,343829,-64192,-748659,0.5
1900-01-21 07:15:30,7931.5,4309,7932.0,838298,157194,264913,-107719,-833989,0.5
1900-01-21 07:15:45,7934.5,604292,7935.0,194738,131906,164710,-32804,409554,0.5
1900-01-21 07:16:00,7939.5,965013,7940.0,231657,1384748,288857,1095891,733356,0.5
1900-01-21 07:16:15,7946.5,1345434,7947.0,5000,681202,17220,663982,1340434,0.5
1900-01-21 07:16:30,7939.5,95442,7940.0,732509,631452,484407,147045,-637067,0.5
1900-01-21 07:16:45,7944.5,407519,7945.0,161268,167736,233293,-65557,246251,0.5
1900-01-21 07:17:00,7932.5,7600,7933.0,410344,148269,729649,-581380,-402744,0.5
1900-01-21 07:17:15,7936.5,528204,7937.0,18396,98543,175045,-76502,509808,0.5
1900-01-21 07:17:30,7935.5,14000,7936.0,27,67915,155629,-87714,13973,0.5
1900-01-21 07:17:45,7946.5,126095,7947.0,272546,467131,37561,429570,-146451,0.5
1900-01-21 07:18:00,7946.5,599395,7947.0,126824,227665,37363,190302,472571,0.5
1900-01-21 07:18:15,7959.5,271906,7960.0,538136,639040,31939,607101,-266230,0.5
1900-01-21 07:18:30,7956.5,136943,7957.0,528101,212728,174965,37763,-391158,0.5
1900-01-21 07:18:45,7950.5,88441,7951.0,325952,176887,332917,-156030,-237511,0.5
1900-01-21 07:19:00,7951.5,20144,7952.0,541071,12552,204439,-191887,-520927,0.5
1900-01-21 07:19:15,7947.0,181485,7947.5,435232,33010,706440,-673430,-253747,0.5
1900-01-21 07:19:30,7949.5,129877,7950.0,668,109470,189031,-79561,129209,0.5
1900-01-21 07:19:45,7967.5,30025,7968.0,223129,1062995,219751,843244,-193104,0.5
1900-01-21 07:20:00,7976.5,167034,7977.0,412921,698214,580605,117609,-245887,0.5
1900-01-21 07:20:15,7974.5,354742,7975.0,270773,658144,322019,336125,83969,0.5
1900-01-21 07:20:30,7972.0,25988,7972.5,461773,78653,114587,-35934,-435785,0.5
1900-01-21 07:20:45,7970.5,66481,7971.0,462082,17897,167677,-149780,-395601,0.5
1900-01-21 07:21:00,7978.0,73025,7978.5,32037,547525,88863,458662,40988,0.5
1900-01-21 07:21:15,7980.0,362740,7980.5,97459,387511,231561,155950,265281,0.5
1900-01-21 07:21:30,8008.5,261092,8009.0,563314,1701311,264039,1437272,-302222,0.5
1900-01-21 07:21:45,8010.0,97998,8010.5,2145,1446768,758893,687875,95853,0.5
1900-01-21 07:22:00,8020.0,112073,8020.5,125350,566153,279798,286355,-13277,0.5
1900-01-21 07:22:15,8007.0,210862,8007.5,110826,462382,929629,-467247,100036,0.5
1900-01-21 07:22:30,8002.0,871230,8002.5,305068,49787,928905,-879118,566162,0.5
1900-01-21 07:22:45,8002.0,564458,8002.5,338286,159772,446638,-286866,226172,0.5
1900-01-21 07:23:00,8004.5,119659,8005.0,104381,476263,116968,359295,15278,0.5
1900-01-21 07:23:15,8000.0,91419,8000.5,1233174,58738,430881,-372143,-1141755,0.5
1900-01-21 07:23:30,7998.0,278529,7998.5,234076,347230,787166,-439936,44453,0.5
1900-01-21 07:23:45,8006.0,134241,8006.5,806339,116386,258051,-141665,-672098,0.5
1900-01-21 07:24:00,8010.5,443230,8011.0,54751,948161,156332,791829,388479,0.5
1900-01-21 07:24:15,8002.0,114723,8002.5,611613,89987,325624,-235637,-496890,0.5
1900-01-21 07:24:30,7996.0,9004,7996.5,208709,57321,275312,-217991,-199705,0.5
1900-01-21 07:24:45,7995.0,79863,7995.5,653519,6784,285523,-278739,-573656,0.5
1900-01-21 07:25:00,7996.0,535570,7996.5,10889,286149,233059,53090,524681,0.5
1900-01-21 07:25:15,7993.0,456689,7993.5,322283,71513,310710,-239197,134406,0.5
1900-01-21 07:25:30,7993.0,599083,7993.5,285943,53310,179757,-126447,313140,0.5
1900-01-21 07:25:45,7995.0,627246,7995.5,57495,232559,156393,76166,569751,0.5
1900-01-21 07:26:00,7993.0,154887,7993.5,392283,84140,308504,-224364,-237396,0.5
1900-01-21 07:26:15,7990.0,35106,7990.5,822978,28970,244987,-216017,-787872,0.5
1900-01-21 07:26:30,7987.5,357796,7988.0,1106448,17970,946972,-929002,-748652,0.5
1900-01-21 07:26:45,7985.0,308698,7985.5,257418,1044,404690,-403646,51280,0.5
1900-01-21 07:27:00,7990.5,471345,7991.0,25443,381611,155206,226405,445902,0.5
1900-01-21 07:27:15,8005.5,678267,8006.0,110072,189147,59104,130043,568195,0.5
1900-01-21 07:27:30,8004.0,106395,8004.5,564340,139524,133302,6222,-457945,0.5
1900-01-21 07:27:45,7996.5,38763,7997.0,237593,432918,394369,38549,-198830,0.5
1900-01-21 07:28:00,8000.5,171934,8001.0,758967,286531,579022,-292491,-587033,0.5
1900-01-21 07:28:15,7996.5,1161551,7997.0,27903,51770,213629,-161859,1133648,0.5
1900-01-21 07:28:30,7999.5,337061,8000.0,965594,51598,30446,21152,-628533,0.5
1900-01-21 07:28:45,7997.0,80621,7997.5,1081244,12033,260172,-248139,-1000623,0.5
1900-01-21 07:29:00,7987.5,2273,7988.0,150755,16222,571851,-555629,-148482,0.5
1900-01-21 07:29:15,7965.0,1260235,7965.5,11646,231839,1547173,-1315334,1248589,0.5
1900-01-21 07:29:30,7970.0,2438,7971.0,132483,238410,294277,-55867,-130045,1.0
1900-01-21 07:29:45,7973.0,550580,7973.5,51734,68286,402306,-334020,498846,0.5
1900-01-21 07:30:00,7969.5,55952,7970.0,422057,100471,868819,-768348,-366105,0.5
1900-01-21 07:30:15,7965.0,324112,7965.5,680135,35310,494269,-458959,-356023,0.5
1900-01-21 07:30:30,7971.5,38149,7972.0,7650,449381,261309,188072,30499,0.5
1900-01-21 07:30:45,7969.5,459963,7970.0,347491,26737,151880,-125143,112472,0.5
1900-01-21 07:31:00,7969.5,27658,7970.0,990211,22507,228851,-206344,-962553,0.5
1900-01-21 07:31:15,7963.5,965,7964.0,416370,159058,322156,-163098,-415405,0.5
1900-01-21 07:31:30,7934.5,29700,7935.0,660,64634,1126134,-1061500,29040,0.5
1900-01-21 07:31:45,7951.0,835741,7951.5,5365,309601,140853,168748,830376,0.5
1900-01-21 07:32:00,7956.5,1565953,7957.0,43873,464070,227296,236774,1522080,0.5
1900-01-21 07:32:15,7962.5,904331,7963.0,9227,374327,86157,288170,895104,0.5
1900-01-21 07:32:30,7958.5,712166,7959.0,115822,66713,279945,-213232,596344,0.5
1900-01-21 07:32:45,7960.0,57919,7960.5,423356,107266,257395,-150129,-365437,0.5
1900-01-21 07:33:00,7957.5,767723,7958.0,143822,19687,240624,-220937,623901,0.5
1900-01-21 07:33:15,7956.0,1485,7956.5,184961,524685,48059,476626,-183476,0.5
1900-01-21 07:33:30,7959.0,125258,7959.5,210834,19952,587458,-567506,-85576,0.5
1900-01-21 07:33:45,7960.0,37960,7960.5,15079,398131,147954,250177,22881,0.5
1900-01-21 07:34:00,7961.5,387687,7962.0,133669,347663,64532,283131,254018,0.5
1900-01-21 07:34:15,7962.5,625919,7963.0,334972,300818,27294,273524,290947,0.5
1900-01-21 07:34:30,7956.5,35241,7957.0,422431,27700,258719,-231019,-387190,0.5
1900-01-21 07:34:45,7964.5,834302,7965.0,343830,163206,47975,115231,490472,0.5
1900-01-21 07:35:00,7964.5,1263967,7965.0,502063,32241,7758,24483,761904,0.5
1900-01-21 07:35:15,7984.0,285349,7984.5,6531,1410643,103733,1306910,278818,0.5
1900-01-21 07:35:30,7986.0,9022,7986.5,433662,238229,341108,-102879,-424640,0.5
1900-01-21 07:35:45,7982.5,1152383,7983.0,665897,16715,83562,-66847,486486,0.5
1900-01-21 07:36:00,7982.5,1215115,7983.0,711846,48656,222556,-173900,503269,0.5
1900-01-21 07:36:15,7982.5,1178428,7983.0,762317,36283,84044,-47761,416111,0.5
1900-01-21 07:36:30,7982.5,638178,7983.0,872312,118624,1018260,-899636,-234134,0.5
1900-01-21 07:36:45,7979.0,138609,7979.5,204875,3540,986145,-982605,-66266,0.5
1900-01-21 07:37:00,7979.0,886484,7979.5,16792,9821,60972,-51151,869692,0.5
1900-01-21 07:37:15,7989.5,296618,7990.0,291582,540568,16728,523840,5036,0.5
1900-01-21 07:37:30,7986.0,697275,7986.5,1178802,99066,71017,28049,-481527,0.5
1900-01-21 07:37:45,8001.0,29686,8001.5,88234,907787,137110,770677,-58548,0.5
1900-01-21 07:38:00,8002.5,341827,8003.0,798698,546408,327611,218797,-456871,0.5
1900-01-21 07:38:15,8002.5,873962,8003.0,202412,912652,236170,676482,671550,0.5
1900-01-21 07:38:30,8002.5,123825,8003.0,467987,153182,135158,18024,-344162,0.5
1900-01-21 07:38:45,8002.0,160599,8002.5,607854,28759,84417,-55658,-447255,0.5
1900-01-21 07:39:00,8000.5,57343,8001.0,977871,73159,148562,-75403,-920528,0.5
1900-01-21 07:39:15,7999.5,50716,8000.0,1468481,38628,624532,-585904,-1417765,0.5
1900-01-21 07:39:30,7989.5,207842,7990.0,293895,14828,447972,-433144,-86053,0.5
1900-01-21 07:39:45,7994.0,1760178,7994.5,47647,105239,42059,63180,1712531,0.5
1900-01-21 07:40:00,7991.0,233,7991.5,53820,934513,245551,688962,-53587,0.5
1900-01-21 07:40:15,7992.0,796639,7992.5,5152,105889,557923,-452034,791487,0.5
1900-01-21 07:40:30,7988.0,58051,7988.5,441706,25314,425610,-400296,-383655,0.5
1900-01-21 07:40:45,7986.0,188876,7986.5,397693,14150,1494519,-1480369,-208817,0.5
1900-01-21 07:41:00,7986.5,685464,7987.0,51490,149283,31320,117963,633974,0.5
1900-01-21 07:41:15,7986.5,75805,7987.0,705406,20608,21160,-552,-629601,0.5
1900-01-21 07:41:30,7975.0,324887,7975.5,186640,27037,160648,-133611,138247,0.5
1900-01-21 07:41:45,7976.0,6132,7976.5,380566,161108,106898,54210,-374434,0.5
1900-01-21 07:42:00,7976.0,85173,7976.5,509644,82380,70562,11818,-424471,0.5
1900-01-21 07:42:15,7973.0,243830,7973.5,471559,10710,289067,-278357,-227729,0.5
1900-01-21 07:42:30,7973.0,743683,7973.5,187531,43876,172776,-128900,556152,0.5
1900-01-21 07:42:45,7976.0,708577,7976.5,137971,52613,13000,39613,570606,0.5
1900-01-21 07:43:00,7969.5,722404,7970.0,1378111,219342,25144,194198,-655707,0.5
1900-01-21 07:43:15,7961.0,6628,7961.5,271363,85187,678228,-593041,-264735,0.5
1900-01-21 07:43:30,7954.0,582888,7954.5,73207,169214,319137,-149923,509681,0.5
1900-01-21 07:43:45,7958.0,49835,7958.5,130091,1102460,555252,547208,-80256,0.5
1900-01-21 07:44:00,7965.0,178222,7965.5,50790,68036,131347,-63311,127432,0.5
1900-01-21 07:44:15,7955.0,53965,7955.5,198895,79011,156164,-77153,-144930,0.5
1900-01-21 07:44:30,7958.0,31214,7958.5,1116241,25271,125439,-100168,-1085027,0.5
1900-01-21 07:44:45,7953.0,407729,7953.5,135317,53192,17206,35986,272412,0.5
1900-01-21 07:45:00,7948.0,8684,7948.5,929470,9758,143032,-133274,-920786,0.5
1900-01-21 07:45:15,7941.5,33644,7942.0,20000,92986,494104,-401118,13644,0.5
1900-01-21 07:45:30,7929.0,4,7929.5,74265,68506,1353777,-1285271,-74261,0.5
1900-01-21 07:45:45,7926.5,380821,7927.0,100340,460402,2890545,-2430143,280481,0.5
1900-01-21 07:46:00,7921.5,24637,7922.5,180149,360459,239638,120821,-155512,1.0
1900-01-21 07:46:15,7900.0,599010,7900.5,278911,124542,615208,-490666,320099,0.5
1900-01-21 07:46:30,7916.5,716407,7917.0,30073,502078,275315,226763,686334,0.5
1900-01-21 07:46:45,7917.0,501575,7917.5,49948,258824,306169,-47345,451627,0.5
1900-01-21 07:47:00,7919.5,33880,7920.0,1393465,693462,112297,581165,-1359585,0.5
1900-01-21 07:47:15,7917.0,607502,7917.5,318,117659,208342,-90683,607184,0.5
1900-01-21 07:47:30,7910.5,67555,7911.0,725968,782143,443726,338417,-658413,0.5
1900-01-21 07:47:45,7917.5,281490,7918.0,766503,163517,110253,53264,-485013,0.5
1900-01-21 07:48:00,7916.0,565653,7916.5,391269,130324,140647,-10323,174384,0.5
1900-01-21 07:48:15,7925.5,1699410,7926.0,11286,1756723,59857,1696866,1688124,0.5
1900-01-21 07:48:30,7927.5,459357,7928.0,789389,600107,180380,419727,-330032,0.5
1900-01-21 07:48:45,7924.5,568419,7925.0,11366,219999,291429,-71430,557053,0.5
1900-01-21 07:49:00,7924.5,19106,7925.0,776823,162409,79475,82934,-757717,0.5
1900-01-21 07:49:15,7924.5,429350,7925.0,140185,29866,33895,-4029,289165,0.5
1900-01-21 07:49:30,7924.5,550524,7925.0,195898,97149,147755,-50606,354626,0.5
1900-01-21 07:49:45,7920.5,125920,7921.0,544499,47701,62928,-15227,-418579,0.5
1900-01-21 07:50:00,7914.0,60946,7914.5,986805,42539,115298,-72759,-925859,0.5
1900-01-21 07:50:15,7918.5,260085,7919.0,24097,64186,80596,-16410,235988,0.5
1900-01-21 07:50:30,7914.0,32982,7914.5,1769340,67605,77852,-10247,-1736358,0.5
1900-01-21 07:50:45,7913.0,391146,7913.5,650,223620,132175,91445,390496,0.5
1900-01-21 07:51:00,7910.5,495381,7911.0,351260,257280,225611,31669,144121,0.5
1900-01-21 07:51:15,7912.5,483589,7913.0,61,368627,122219,246408,483528,0.5
1900-01-21 07:51:30,7910.0,32335,7910.5,71049,75458,107350,-31892,-38714,0.5
1900-01-21 07:51:45,7900.5,60184,7901.0,46273,34614,508974,-474360,13911,0.5
1900-01-21 07:52:00,7888.5,140373,7889.0,475858,35525,793478,-757953,-335485,0.5
1900-01-21 07:52:15,7884.5,153749,7885.0,3817061,779385,1365039,-585654,-3663312,0.5
1900-01-21 07:52:30,7891.5,286774,7892.0,2117,4144071,176532,3967539,284657,0.5
1900-01-21 07:52:45,7886.0,126163,7886.5,386970,608285,193258,415027,-260807,0.5
1900-01-21 07:53:00,7881.0,171545,7881.5,134727,197222,538777,-341555,36818,0.5
1900-01-21 07:53:15,7888.5,324997,7889.0,114155,362814,190052,172762,210842,0.5
1900-01-21 07:53:30,7877.0,105218,7877.5,113836,175361,522164,-346803,-8618,0.5
1900-01-21 07:53:45,7876.0,218306,7876.5,52388,547873,219994,327879,165918,0.5
1900-01-21 07:54:00,7880.5,298505,7881.0,68963,685207,62406,622801,229542,0.5
1900-01-21 07:54:15,7878.0,38893,7878.5,601494,228368,119865,108503,-562601,0.5
1900-01-21 07:54:30,7876.0,69212,7876.5,473561,96641,641478,-544837,-404349,0.5
1900-01-21 07:54:45,7866.0,302970,7866.5,417671,63479,345351,-281872,-114701,0.5
1900-01-21 07:55:00,7875.5,123261,7876.0,71587,441515,200696,240819,51674,0.5
1900-01-21 07:55:15,7882.5,335698,7883.0,166406,202825,132035,70790,169292,0.5
1900-01-21 07:55:30,7885.0,233423,7885.5,179954,753885,32604,721281,53469,0.5
1900-01-21 07:55:45,7894.5,278303,7895.0,455503,1124674,238467,886207,-177200,0.5
1900-01-21 07:56:00,7897.5,226639,7898.0,28208,652059,108068,543991,198431,0.5
1900-01-21 07:56:15,7897.5,1113324,7898.0,1846,397810,101496,296314,1111478,0.5
1900-01-21 07:56:30,7880.0,180894,7880.5,636641,239384,209693,29691,-455747,0.5
1900-01-21 07:56:45,7880.0,1311063,7880.5,556859,180778,343771,-162993,754204,0.5
1900-01-21 07:57:00,7886.0,285276,7886.5,7134,167137,1179687,-1012550,278142,0.5
1900-01-21 07:57:15,7904.0,145927,7904.5,40547,387386,36535,350851,105380,0.5
1900-01-21 07:57:30,7888.5,154138,7889.0,87642,755673,144255,611418,66496,0.5
1900-01-21 07:57:45,7897.5,351654,7898.0,150585,123344,82819,40525,201069,0.5
1900-01-21 07:58:00,7897.5,180732,7898.0,54208,229000,72549,156451,126524,0.5
1900-01-21 07:58:15,7899.5,882396,7900.0,11653,107593,8996,98597,870743,0.5
1900-01-21 07:58:30,7905.5,269794,7906.0,7335,56554,24580,31974,262459,0.5
1900-01-21 07:58:45,7904.0,44320,7904.5,897187,77078,200067,-122989,-852867,0.5
1900-01-21 07:59:00,7904.0,317349,7904.5,339102,41942,59030,-17088,-21753,0.5
1900-01-21 07:59:15,7912.0,1063900,7913.0,10352,406747,26820,379927,1053548,1.0
1900-01-21 07:59:30,7913.0,14964,7913.5,317877,153609,20005,133604,-302913,0.5
1900-01-21 07:59:45,7910.5,388570,7911.0,4618,106757,106956,-199,383952,0.5
1900-01-21 08:00:00,7911.5,608621,7912.0,330879,161293,13620,147673,277742,0.5
1900-01-21 08:00:15,7913.5,243403,7914.0,409893,210576,307528,-96952,-166490,0.5
1900-01-21 08:00:30,7905.0,480568,7905.5,279572,1218,455037,-453819,200996,0.5
1900-01-21 08:00:45,7905.0,701,7905.5,969194,53200,295052,-241852,-968493,0.5
1900-01-21 08:01:00,7900.5,860945,7901.0,94642,20111,99626,-79515,766303,0.5
1900-01-21 08:01:15,7905.0,418093,7905.5,20275,402266,70644,331622,397818,0.5
1900-01-21 08:01:30,7910.0,82262,7910.5,557133,145999,34506,111493,-474871,0.5
1900-01-21 08:01:45,7910.0,89472,7910.5,559161,117002,40431,76571,-469689,0.5
1900-01-21 08:02:00,7903.0,17605,7903.5,484378,4700,129982,-125282,-466773,0.5
1900-01-21 08:02:15,7890.5,76563,7891.0,670710,15686,337421,-321735,-594147,0.5
1900-01-21 08:02:30,7894.0,402,7894.5,292654,276347,406454,-130107,-292252,0.5
1900-01-21 08:02:45,7883.0,1065850,7883.5,41417,32185,408940,-376755,1024433,0.5
1900-01-21 08:03:00,7881.5,91389,7882.0,895980,111146,323891,-212745,-804591,0.5
1900-01-21 08:03:15,7878.5,45900,7879.0,892433,229454,435878,-206424,-846533,0.5
1900-01-21 08:03:30,7870.0,30629,7870.5,80954,47600,464938,-417338,-50325,0.5
1900-01-21 08:03:45,7879.0,153555,7879.5,287963,553869,140154,413715,-134408,0.5
1900-01-21 08:04:00,7881.5,870388,7882.0,73443,143569,111630,31939,796945,0.5
1900-01-21 08:04:15,7871.0,11771,7871.5,1102518,87994,44143,43851,-1090747,0.5
1900-01-21 08:04:30,7868.5,1032333,7869.0,69036,135628,308842,-173214,963297,0.5
1900-01-21 08:04:45,7868.5,52488,7869.0,1167221,279320,301138,-21818,-1114733,0.5
1900-01-21 08:05:00,7860.0,32756,7860.5,237079,72244,342566,-270322,-204323,0.5
1900-01-21 08:05:15,7860.0,359291,7860.5,373927,222188,393167,-170979,-14636,0.5
1900-01-21 08:05:30,7850.0,247204,7850.5,912918,51064,1081325,-1030261,-665714,0.5
1900-01-21 08:05:45,7863.0,275567,7864.0,37,488954,489589,-635,275530,1.0
1900-01-21 08:06:00,7850.0,302078,7850.5,186041,283401,339129,-55728,116037,0.5
1900-01-21 08:06:15,7856.0,27909,7856.5,647702,208627,118858,89769,-619793,0.5
1900-01-21 08:06:30,7840.0,467092,7841.0,120014,63744,597791,-534047,347078,1.0
1900-01-21 08:06:45,7836.0,5000,7836.5,2352,612734,2036487,-1423753,2648,0.5
1900-01-21 08:07:00,7843.5,2667,7844.0,30000,695633,337791,357842,-27333,0.5
1900-01-21 08:07:15,7859.5,88925,7860.0,213843,958069,61759,896310,-124918,0.5
1900-01-21 08:07:30,7854.0,24571,7854.5,201821,637505,201993,435512,-177250,0.5
1900-01-21 08:07:45,7854.0,310746,7854.5,127869,366413,382989,-16576,182877,0.5
1900-01-21 08:08:00,7867.5,15275,7868.0,36941,320893,301568,19325,-21666,0.5
1900-01-21 08:08:15,7877.5,18173,7878.0,124977,886355,146980,739375,-106804,0.5
1900-01-21 08:08:30,7881.5,500,7882.0,111447,500000,364823,135177,-110947,0.5
1900-01-21 08:08:45,7884.5,349844,7885.0,587511,353517,66386,287131,-237667,0.5
1900-01-21 08:09:00,7891.0,186458,7891.5,483527,688285,147959,540326,-297069,0.5
1900-01-21 08:09:15,7881.0,362585,7881.5,491145,93590,496755,-403165,-128560,0.5
1900-01-21 08:09:30,7875.5,7178,7876.0,661330,199879,158018,41861,-654152,0.5
1900-01-21 08:09:45,7884.0,128500,7884.5,314178,745000,365633,379367,-185678,0.5
1900-01-21 08:10:00,7883.5,378953,7884.0,491010,208122,285658,-77536,-112057,0.5
1900-01-21 08:10:15,7888.0,560858,7888.5,299923,356935,90493,266442,260935,0.5
1900-01-21 08:10:30,7883.5,586384,7884.0,76617,66870,73658,-6788,509767,0.5
1900-01-21 08:10:45,7877.0,157273,7877.5,101528,50360,42206,8154,55745,0.5
1900-01-21 08:11:00,7880.0,1130020,7880.5,9697,88464,148316,-59852,1120323,0.5
1900-01-21 08:11:15,7884.5,824159,7885.0,418897,257941,23612,234329,405262,0.5
1900-01-21 08:11:30,7889.5,748424,7890.0,241281,437884,19490,418394,507143,0.5
1900-01-21 08:11:45,7892.0,73006,7892.5,36714,376811,2789,374022,36292,0.5
1900-01-21 08:12:00,7892.5,1232490,7893.0,17675,230159,17508,212651,1214815,0.5
1900-01-21 08:12:15,7892.5,466877,7893.0,274491,296588,23889,272699,192386,0.5
1900-01-21 08:12:30,7876.5,1265979,7877.0,17721,208558,400599,-192041,1248258,0.5
1900-01-21 08:12:45,7883.0,542286,7883.5,86775,60875,80060,-19185,455511,0.5
1900-01-21 08:13:00,7865.5,15984,7866.0,29705,124118,310535,-186417,-13721,0.5
1900-01-21 08:13:15,7877.0,220521,7877.5,99294,258286,410865,-152579,121227,0.5
1900-01-21 08:13:30,7877.0,713073,7877.5,111791,92877,21770,71107,601282,0.5
1900-01-21 08:13:45,7869.0,14561,7869.5,619548,78228,240092,-161864,-604987,0.5
1900-01-21 08:14:00,7879.0,1101002,7879.5,66533,318642,91441,227201,1034469,0.5
1900-01-21 08:14:15,7881.0,1130609,7881.5,19848,164754,41876,122878,1110761,0.5
1900-01-21 08:14:30,7882.5,1010820,7883.0,8165,51834,29401,22433,1002655,0.5
1900-01-21 08:14:45,7885.5,293612,7886.0,294199,88424,2162,86262,-587,0.5
1900-01-21 08:15:00,7882.5,472385,7883.0,208310,62530,296851,-234321,264075,0.5
1900-01-21 08:15:15,7885.5,552071,7886.0,394065,88746,138127,-49381,158006,0.5
1900-01-21 08:15:30,7885.5,1009875,7886.0,91302,133686,62700,70986,918573,0.5
1900-01-21 08:15:45,7886.5,1041649,7887.0,138,137677,24144,113533,1041511,0.5
1900-01-21 08:16:00,7899.0,91458,7899.5,83758,663962,170389,493573,7700,0.5
1900-01-21 08:16:15,7907.0,940113,7907.5,44833,2326180,384153,1942027,895280,0.5
1900-01-21 08:16:30,7903.0,343590,7903.5,96470,582027,127755,454272,247120,0.5
1900-01-21 08:16:45,7907.5,1471368,7908.0,53318,283791,37284,246507,1418050,0.5
1900-01-21 08:17:00,7913.5,1422422,7914.0,143969,465768,22913,442855,1278453,0.5
1900-01-21 08:17:15,7914.5,910393,7915.0,174867,356851,226044,130807,735526,0.5
1900-01-21 08:17:30,7914.5,172169,7915.0,442658,89701,292530,-202829,-270489,0.5
1900-01-21 08:17:45,7914.5,698931,7915.0,131002,60594,54700,5894,567929,0.5
1900-01-21 08:18:00,7919.5,823828,7920.0,108914,626863,70964,555899,714914,0.5
1900-01-21 08:18:15,7922.5,236980,7923.0,283582,250944,81128,169816,-46602,0.5
1900-01-21 08:18:30,7922.5,292326,7923.0,475035,50463,163174,-112711,-182709,0.5
1900-01-21 08:18:45,7920.0,195850,7920.5,380005,191437,283843,-92406,-184155,0.5
1900-01-21 08:19:00,7920.0,93544,7920.5,444094,52629,490148,-437519,-350550,0.5
1900-01-21 08:19:15,7910.0,706817,7910.5,70993,69879,588086,-518207,635824,0.5
1900-01-21 08:19:30,7913.5,559353,7914.0,68536,63717,144477,-80760,490817,0.5
1900-01-21 08:19:45,7914.5,375323,7915.0,157307,69829,60120,9709,218016,0.5
1900-01-21 08:20:00,7914.5,314605,7915.0,443938,112848,206578,-93730,-129333,0.5
1900-01-21 08:20:15,7914.5,650613,7915.0,162705,161140,34214,126926,487908,0.5
1900-01-21 08:20:30,7914.5,728221,7915.0,24216,102026,75808,26218,704005,0.5
1900-01-21 08:20:45,7915.5,687135,7916.0,34701,37779,11290,26489,652434,0.5
1900-01-21 08:21:00,7918.0,125174,7918.5,279392,81811,40466,41345,-154218,0.5
1900-01-21 08:21:15,7915.5,1366955,7916.0,2919,54028,57863,-3835,1364036,0.5
1900-01-21 08:21:30,7914.0,319078,7914.5,1181740,213165,232148,-18983,-862662,0.5
1900-01-21 08:21:45,7913.0,351306,7913.5,489818,26900,291933,-265033,-138512,0.5
1900-01-21 08:22:00,7913.0,274947,7913.5,791503,30836,239752,-208916,-516556,0.5
1900-01-21 08:22:15,7912.0,14656,7912.5,932488,5250,475887,-470637,-917832,0.5
1900-01-21 08:22:30,7911.0,376239,7911.5,789984,4722,101822,-97100,-413745,0.5
1900-01-21 08:22:45,7907.0,131877,7907.5,955692,4002,1954477,-1950475,-823815,0.5
1900-01-21 08:23:00,7904.0,79098,7904.5,975689,12642,586669,-574027,-896591,0.5
1900-01-21 08:23:15,7901.0,782935,7901.5,134508,68742,1028116,-959374,648427,0.5
1900-01-21 08:23:30,7901.0,805921,7901.5,323887,45047,195807,-150760,482034,0.5
1900-01-21 08:23:45,7909.5,27632,7910.0,1206815,203460,73264,130196,-1179183,0.5
1900-01-21 08:24:00,7909.5,210157,7910.0,1246701,21070,41172,-20102,-1036544,0.5
1900-01-21 08:24:15,7909.5,1247605,7910.0,533908,144309,156002,-11693,713697,0.5
1900-01-21 08:24:30,7909.5,1038508,7910.0,299726,137842,173056,-35214,738782,0.5
1900-01-21 08:24:45,7917.5,467076,7918.0,59716,1011761,88260,923501,407360,0.5
1900-01-21 08:25:00,7918.5,204084,7919.0,750806,143053,76219,66834,-546722,0.5
1900-01-21 08:25:15,7922.0,90421,7922.5,36348,94400,124667,-30267,54073,0.5
1900-01-21 08:25:30,7924.0,427053,7924.5,522029,206559,10356,196203,-94976,0.5
1900-01-21 08:25:45,7924.0,13328,7924.5,724989,104300,218662,-114362,-711661,0.5
1900-01-21 08:26:00,7921.0,84200,7921.5,943002,8066,73295,-65229,-858802,0.5
1900-01-21 08:26:15,7919.5,5339,7920.0,433363,40000,222837,-182837,-428024,0.5
1900-01-21 08:26:30,7912.5,253334,7913.0,698566,7978,384244,-376266,-445232,0.5
1900-01-21 08:26:45,7909.5,528319,7910.0,248315,149482,435129,-285647,280004,0.5
1900-01-21 08:27:00,7915.0,258192,7915.5,686348,198739,58176,140563,-428156,0.5
1900-01-21 08:27:15,7916.0,979341,7916.5,69992,115590,96561,19029,909349,0.5
1900-01-21 08:27:30,7916.0,1255003,7916.5,45719,93859,109513,-15654,1209284,0.5
1900-01-21 08:27:45,7917.0,634982,7917.5,77773,53155,18026,35129,557209,0.5
1900-01-21 08:28:00,7918.5,193897,7919.0,548647,48161,662,47499,-354750,0.5
1900-01-21 08:28:15,7918.5,1122121,7919.0,77315,148557,68256,80301,1044806,0.5
1900-01-21 08:28:30,7919.5,165508,7920.0,412595,59295,2100,57195,-247087,0.5
1900-01-21 08:28:45,7919.5,65804,7920.0,529327,12225,94883,-82658,-463523,0.5
1900-01-21 08:29:00,7918.5,61554,7919.0,614021,19679,18703,976,-552467,0.5
1900-01-21 08:29:15,7910.0,825424,7910.5,191704,3802,162027,-158225,633720,0.5
1900-01-21 08:29:30,7910.0,175977,7910.5,629832,32419,199106,-166687,-453855,0.5
1900-01-21 08:29:45,7903.5,4950,7904.0,335503,20590,1152649,-1132059,-330553,0.5
1900-01-21 08:30:00,7893.0,511060,7893.5,271274,47186,440346,-393160,239786,0.5
1900-01-21 08:30:15,7880.0,569800,7880.5,231551,30208,353871,-323663,338249,0.5
1900-01-21 08:30:30,7886.0,610806,7886.5,41543,159565,505016,-345451,569263,0.5
1900-01-21 08:30:45,7890.5,16665,7891.0,669919,130928,55802,75126,-653254,0.5
1900-01-21 08:31:00,7873.5,4422,7874.0,80983,131480,787103,-655623,-76561,0.5
1900-01-21 08:31:15,7864.0,524817,7864.5,246972,70793,528297,-457504,277845,0.5
1900-01-21 08:31:30,7864.5,676091,7865.0,275036,169337,462242,-292905,401055,0.5
1900-01-21 08:31:45,7869.5,690551,7870.0,37966,488484,65450,423034,652585,0.5
1900-01-21 08:32:00,7866.5,378503,7867.0,545722,123523,196661,-73138,-167219,0.5
1900-01-21 08:32:15,7862.0,4058,7862.5,462502,241030,589266,-348236,-458444,0.5
1900-01-21 08:32:30,7869.5,114383,7870.0,341901,60111,382614,-322503,-227518,0.5
1900-01-21 08:32:45,7862.0,860863,7862.5,79697,256021,114632,141389,781166,0.5
1900-01-21 08:33:00,7863.0,980115,7863.5,6949,237049,163050,73999,973166,0.5
1900-01-21 08:33:15,7865.0,235,7865.5,1193455,192030,228922,-36892,-1193220,0.5
1900-01-21 08:33:30,7860.0,71080,7860.5,709615,63856,282351,-218495,-638535,0.5
1900-01-21 08:33:45,7848.0,28550,7848.5,150723,52481,1562662,-1510181,-122173,0.5
1900-01-21 08:34:00,7845.0,396069,7845.5,8100,294819,369427,-74608,387969,0.5
1900-01-21 08:34:15,7857.5,191747,7858.0,331092,1271375,242589,1028786,-139345,0.5
1900-01-21 08:34:30,7859.5,105316,7860.0,20432,395895,139031,256864,84884,0.5
1900-01-21 08:34:45,7859.0,1000,7860.0,4201,487397,221340,266057,-3201,1.0
1900-01-21 08:35:00,7860.0,514,7861.0,100,170836,109258,61578,414,1.0
1900-01-21 08:35:15,7864.5,81272,7865.0,742763,551287,47744,503543,-661491,0.5
1900-01-21 08:35:30,7865.5,530102,7866.0,406649,221995,262566,-40571,123453,0.5
1900-01-21 08:35:45,7867.5,74,7868.0,1035987,513435,72816,440619,-1035913,0.5
1900-01-21 08:36:00,7864.0,512536,7864.5,183648,43790,136464,-92674,328888,0.5
1900-01-21 08:36:15,7854.0,559812,7854.5,507046,183134,221915,-38781,52766,0.5
1900-01-21 08:36:30,7842.0,13998,7843.0,41975,88284,1023468,-935184,-27977,1.0
1900-01-21 08:36:45,7837.0,186132,7837.5,23424,378507,723614,-345107,162708,0.5
1900-01-21 08:37:00,7848.0,204851,7848.5,20424,299964,278738,21226,184427,0.5
1900-01-21 08:37:15,7843.5,119943,7844.0,729889,978031,298556,679475,-609946,0.5
1900-01-21 08:37:30,7849.5,1369007,7850.0,131590,554070,112401,441669,1237417,0.5
1900-01-21 08:37:45,7849.5,2831,7850.0,40388,389914,35856,354058,-37557,0.5
1900-01-21 08:38:00,7868.5,42090,7869.0,61166,858862,438957,419905,-19076,0.5
1900-01-21 08:38:15,7870.0,31514,7870.5,369675,1047480,116906,930574,-338161,0.5
1900-01-21 08:38:30,7870.0,10857,7870.5,728265,66191,221362,-155171,-717408,0.5
1900-01-21 08:38:45,7863.5,788478,7864.0,45437,59535,204309,-144774,743041,0.5
1900-01-21 08:39:00,7873.5,1529282,7874.0,25430,808200,37122,771078,1503852,0.5
1900-01-21 08:39:15,7889.5,46687,7890.0,5579,1945329,113337,1831992,41108,0.5
1900-01-21 08:39:30,7887.0,77139,7887.5,1246603,694351,311875,382476,-1169464,0.5
1900-01-21 08:39:45,7878.0,515935,7878.5,25392,274834,615738,-340904,490543,0.5
1900-01-21 08:40:00,7880.5,69,7881.0,468951,84086,75466,8620,-468882,0.5
1900-01-21 08:40:15,7878.5,540987,7879.0,6555,90643,68311,22332,534432,0.5
1900-01-21 08:40:30,7874.5,336300,7875.0,716652,74053,994907,-920854,-380352,0.5
1900-01-21 08:40:45,7879.0,1432715,7879.5,77431,120407,384185,-263778,1355284,0.5
1900-01-21 08:41:00,7879.0,1229160,7879.5,938478,147921,257952,-110031,290682,0.5
1900-01-21 08:41:15,7883.0,653821,7883.5,69253,837090,11371,825719,584568,0.5
1900-01-21 08:41:30,7883.0,12743,7883.5,1213131,186484,32778,153706,-1200388,0.5
1900-01-21 08:41:45,7869.0,220772,7869.5,116236,7002,355421,-348419,104536,0.5
1900-01-21 08:42:00,7867.0,20368,7867.5,822525,17664,906532,-888868,-802157,0.5
1900-01-21 08:42:15,7864.0,567635,7864.5,190255,38761,148329,-109568,377380,0.5
1900-01-21 08:42:30,7883.0,85494,7883.5,502191,355919,17452,338467,-416697,0.5
1900-01-21 08:42:45,7878.5,861999,7879.0,19091,608382,64516,543866,842908,0.5
1900-01-21 08:43:00,7874.0,7312,7874.5,615722,57850,218408,-160558,-608410,0.5
1900-01-21 08:43:15,7882.0,747665,7882.5,10440,38862,100472,-61610,737225,0.5
1900-01-21 08:43:30,7877.5,24600,7878.0,1013744,19066,110609,-91543,-989144,0.5
1900-01-21 08:43:45,7880.0,321181,7880.5,255624,245553,45370,200183,65557,0.5
1900-01-21 08:44:00,7881.5,28077,7882.0,619966,353833,93711,260122,-591889,0.5
1900-01-21 08:44:15,7887.0,224836,7887.5,420336,237480,9593,227887,-195500,0.5
1900-01-21 08:44:30,7887.5,723043,7888.0,67397,213276,271359,-58083,655646,0.5
1900-01-21 08:44:45,7892.5,819510,7893.0,210626,318404,31494,286910,608884,0.5
1900-01-21 08:45:00,7892.5,457194,7893.0,449962,214100,314744,-100644,7232,0.5
1900-01-21 08:45:15,7890.0,180959,7890.5,653384,57785,165699,-107914,-472425,0.5
1900-01-21 08:45:30,7880.0,502338,7880.5,325691,9002,156797,-147795,176647,0.5
1900-01-21 08:45:45,7880.0,1558,7883.5,228702,112894,28316,84578,-227144,3.5
1900-01-21 08:46:00,7877.0,990750,7877.5,122702,28056,189170,-161114,868048,0.5
1900-01-21 08:46:15,7870.5,51679,7871.0,2066,297780,221990,75790,49613,0.5
1900-01-21 08:46:30,7879.0,79055,7879.5,422931,192246,112851,79395,-343876,0.5
1900-01-21 08:46:45,7874.5,680222,7875.0,226929,11882,36672,-24790,453293,0.5
1900-01-21 08:47:00,7868.5,251008,7869.0,354315,41120,303790,-262670,-103307,0.5
1900-01-21 08:47:15,7860.0,92504,7860.5,675165,50902,248618,-197716,-582661,0.5
1900-01-21 08:47:30,7859.0,764815,7859.5,139581,106598,954572,-847974,625234,0.5
1900-01-21 08:47:45,7860.0,43456,7860.5,996606,89715,326146,-236431,-953150,0.5
1900-01-21 08:48:00,7869.0,225064,7869.5,1360,200075,156936,43139,223704,0.5
1900-01-21 08:48:15,7863.0,9113,7863.5,57849,137707,242165,-104458,-48736,0.5
1900-01-21 08:48:30,7860.5,227957,7861.0,600566,32150,104257,-72107,-372609,0.5
1900-01-21 08:48:45,7852.0,184276,7852.5,679600,155759,359066,-203307,-495324,0.5
1900-01-21 08:49:00,7859.0,249869,7859.5,771323,95998,146084,-50086,-521454,0.5
1900-01-21 08:49:15,7844.0,613953,7844.5,26299,86543,199568,-113025,587654,0.5
1900-01-21 08:49:30,7841.0,102700,7841.5,74152,108610,195474,-86864,28548,0.5
1900-01-21 08:49:45,7831.5,1380942,7832.0,27201,87366,4764382,-4677016,1353741,0.5
1900-01-21 08:50:00,7842.0,200,7842.5,57496,779925,1109593,-329668,-57296,0.5
1900-01-21 08:50:15,7842.0,31212,7842.5,19216,239312,1093280,-853968,11996,0.5
1900-01-21 08:50:30,7841.5,7469,7842.0,865525,284819,211538,73281,-858056,0.5
1900-01-21 08:50:45,7830.0,541423,7830.5,132902,20472,1026176,-1005704,408521,0.5
1900-01-21 08:51:00,7827.0,9999,7830.0,193057,369247,2691333,-2322086,-183058,3.0
1900-01-21 08:51:15,7812.0,55211,7812.5,17514,1194377,1022936,171441,37697,0.5
1900-01-21 08:51:30,7803.5,94032,7804.0,108162,524402,2231572,-1707170,-14130,0.5
1900-01-21 08:51:45,7807.5,5000,7808.0,4820,892701,2862828,-1970127,180,0.5
1900-01-21 08:52:00,7776.0,8724,7780.5,30951,180781,10411703,-10230922,-22227,4.5
1900-01-21 08:52:15,7793.0,434080,7793.5,14000,1644758,2663952,-1019194,420080,0.5
1900-01-21 08:52:30,7812.0,211634,7816.5,4200,1602113,1270003,332110,207434,4.5
1900-01-21 08:52:45,7830.0,2644052,7830.5,4439,1431129,359605,1071524,2639613,0.5
1900-01-21 08:53:00,7831.0,2476,7832.0,190478,839034,1307494,-468460,-188002,1.0
1900-01-21 08:53:15,7823.5,137957,7824.0,44273,789658,1009216,-219558,93684,0.5
1900-01-21 08:53:30,7833.5,571172,7834.0,4079,658372,317305,341067,567093,0.5
1900-01-21 08:53:45,7841.0,93713,7841.5,10527,797851,138261,659590,83186,0.5
1900-01-21 08:54:00,7862.5,23920,7863.0,31490,1055667,173303,882364,-7570,0.5
1900-01-21 08:54:15,7875.0,326861,7875.5,617427,683413,281978,401435,-290566,0.5
1900-01-21 08:54:30,7875.0,11600,7875.5,1694457,695914,1700576,-1004662,-1682857,0.5
1900-01-21 08:54:45,7858.0,1444628,7858.5,65446,263320,609070,-345750,1379182,0.5
1900-01-21 08:55:00,7868.5,2700,7869.0,953,231663,170746,60917,1747,0.5
1900-01-21 08:55:15,7870.5,1151335,7871.0,195125,1035024,176413,858611,956210,0.5
1900-01-21 08:55:30,7883.0,102737,7883.5,30953,751492,314070,437422,71784,0.5
1900-01-21 08:55:45,7888.0,106892,7888.5,1112384,2253787,222037,2031750,-1005492,0.5
1900-01-21 08:56:00,7887.0,120708,7887.5,690919,369573,788129,-418556,-570211,0.5
1900-01-21 08:56:15,7881.5,544909,7882.0,237371,390832,616985,-226153,307538,0.5
1900-01-21 08:56:30,7872.0,22603,7872.5,30000,470308,665856,-195548,-7397,0.5
1900-01-21 08:56:45,7870.0,221157,7870.5,36019,67837,202107,-134270,185138,0.5
1900-01-21 08:57:00,7879.5,1114971,7880.0,202017,288008,214365,73643,912954,0.5
1900-01-21 08:57:15,7901.0,276713,7901.5,236768,670601,109046,561555,39945,0.5
1900-01-21 08:57:30,7895.0,1004551,7895.5,701617,280439,886384,-605945,302934,0.5
1900-01-21 08:57:45,7909.5,22839,7910.0,96988,679050,511745,167305,-74149,0.5
1900-01-21 08:58:00,7909.0,88960,7909.5,299730,1801345,912497,888848,-210770,0.5
1900-01-21 08:58:15,7907.5,100373,7908.0,21838,404007,518941,-114934,78535,0.5
1900-01-21 08:58:30,7914.5,463952,7915.0,97465,3077788,169260,2908528,366487,0.5
1900-01-21 08:58:45,7905.5,31072,7906.0,224401,722914,152424,570490,-193329,0.5
1900-01-21 08:59:00,7910.5,284085,7911.0,461887,204534,361445,-156911,-177802,0.5
1900-01-21 08:59:15,7901.0,324718,7901.5,399179,288123,466006,-177883,-74461,0.5
1900-01-21 08:59:30,7899.5,502322,7900.0,112633,264710,198855,65855,389689,0.5
1900-01-21 08:59:45,7903.5,241384,7904.0,466288,128853,62542,66311,-224904,0.5
1900-01-21 09:00:00,7903.5,493036,7904.0,222582,472665,229648,243017,270454,0.5
1900-01-21 09:00:15,7917.0,106673,7918.0,128773,393760,76690,317070,-22100,1.0
1900-01-21 09:00:30,7923.5,1484786,7924.0,394736,590707,209444,381263,1090050,0.5
1900-01-21 09:00:45,7933.5,68058,7934.0,175126,1095032,104228,990804,-107068,0.5
1900-01-21 09:01:00,7932.0,1525,7932.5,23606,512526,365312,147214,-22081,0.5
1900-01-21 09:01:15,7935.5,6000,7938.0,188544,594490,310644,283846,-182544,2.5
1900-01-21 09:01:30,7946.0,427615,7946.5,22503,1488672,144358,1344314,405112,0.5
1900-01-21 09:01:45,7949.0,5983,7949.5,20161,784799,358832,425967,-14178,0.5
1900-01-21 09:02:00,7955.0,5316477,7955.5,51365,858452,1235606,-377154,5265112,0.5
1900-01-21 09:02:15,7941.0,27341,7941.5,382055,2031224,777103,1254121,-354714,0.5
1900-01-21 09:02:30,7949.0,69607,7949.5,4854,226279,307595,-81316,64753,0.5
1900-01-21 09:02:45,7953.5,212110,7954.0,6268,420484,154023,266461,205842,0.5
1900-01-21 09:03:00,7944.5,287731,7945.0,494610,231239,286102,-54863,-206879,0.5
1900-01-21 09:03:15,7933.0,54938,7933.5,1536589,72089,720896,-648807,-1481651,0.5
1900-01-21 09:03:30,7925.0,1509333,7925.5,2737,79344,448317,-368973,1506596,0.5
1900-01-21 09:03:45,7928.0,255696,7928.5,221775,628975,2969951,-2340976,33921,0.5
1900-01-21 09:04:00,7914.0,5239,7915.0,7999,161217,317887,-156670,-2760,1.0
1900-01-21 09:04:15,7900.5,15682,7901.0,234527,110926,888965,-778039,-218845,0.5
1900-01-21 09:04:30,7896.0,774823,7896.5,28926,405352,556721,-151369,745897,0.5
1900-01-21 09:04:45,7903.0,15548,7903.5,1145302,398064,442327,-44263,-1129754,0.5
1900-01-21 09:05:00,7902.5,38029,7903.0,9498,788426,206014,582412,28531,0.5
1900-01-21 09:05:15,7901.0,332,7901.5,514763,369144,272683,96461,-514431,0.5
1900-01-21 09:05:30,7905.5,653685,7906.0,124976,658923,171661,487262,528709,0.5
1900-01-21 09:05:45,7899.5,14937,7900.0,4939212,233124,296840,-63716,-4924275,0.5
1900-01-21 09:06:00,7888.0,2941,7888.5,25,556763,270915,285848,2916,0.5
1900-01-21 09:06:15,7886.0,20056,7886.5,121617,303615,2581650,-2278035,-101561,0.5
1900-01-21 09:06:30,7889.0,13475,7889.5,16891,714059,326363,387696,-3416,0.5
1900-01-21 09:06:45,7888.0,125378,7888.5,1426233,77104,203238,-126134,-1300855,0.5
1900-01-21 09:07:00,7886.5,252176,7887.0,1308088,27940,110763,-82823,-1055912,0.5
1900-01-21 09:07:15,7882.0,331127,7882.5,382166,32700,199561,-166861,-51039,0.5
1900-01-21 09:07:30,7882.0,38379,7882.5,299240,927811,430274,497537,-260861,0.5
1900-01-21 09:07:45,7870.0,1193826,7871.5,10912,367840,1366938,-999098,1182914,1.5
1900-01-21 09:08:00,7878.5,326104,7879.0,57220,1179297,50769,1128528,268884,0.5
1900-01-21 09:08:15,7878.0,24402,7878.5,362184,477701,244210,233491,-337782,0.5
1900-01-21 09:08:30,7887.5,114306,7888.0,106780,326352,379317,-52965,7526,0.5
1900-01-21 09:08:45,7887.5,195393,7888.0,1515040,541941,46092,495849,-1319647,0.5
1900-01-21 09:09:00,7885.5,123212,7886.0,900554,105891,142456,-36565,-777342,0.5
1900-01-21 09:09:15,7883.5,19208,7884.0,596200,37607,58082,-20475,-576992,0.5
1900-01-21 09:09:30,7889.0,606429,7889.5,16015,157961,45130,112831,590414,0.5
1900-01-21 09:09:45,7892.5,53244,7893.0,988376,604031,19620,584411,-935132,0.5
1900-01-21 09:10:00,7890.5,554427,7891.0,221533,202139,83082,119057,332894,0.5
1900-01-21 09:10:15,7887.5,3519,7888.0,347719,53553,106082,-52529,-344200,0.5
1900-01-21 09:10:30,7887.0,47909,7887.5,1046025,38012,243497,-205485,-998116,0.5
1900-01-21 09:10:45,7887.0,40201,7887.5,1314404,59106,91228,-32122,-1274203,0.5
1900-01-21 09:11:00,7884.0,708173,7884.5,63778,201966,45659,156307,644395,0.5
1900-01-21 09:11:15,7884.0,31535,7884.5,1059195,37861,108894,-71033,-1027660,0.5
1900-01-21 09:11:30,7878.0,3494,7878.5,1626307,18060,70909,-52849,-1622813,0.5
1900-01-21 09:11:45,7870.0,352579,7870.5,625156,22670,227426,-204756,-272577,0.5
1900-01-21 09:12:00,7870.0,308052,7870.5,371842,71697,102961,-31264,-63790,0.5
1900-01-21 09:12:15,7876.5,675843,7877.0,49671,308507,47392,261115,626172,0.5
1900-01-21 09:12:30,7877.0,473368,7877.5,753076,142864,16680,126184,-279708,0.5
1900-01-21 09:12:45,7876.5,47886,7877.0,1230586,22900,94017,-71117,-1182700,0.5
1900-01-21 09:13:00,7876.5,170282,7877.0,1089934,12544,30992,-18448,-919652,0.5
1900-01-21 09:13:15,7876.5,162127,7877.0,1481154,17690,16819,871,-1319027,0.5
1900-01-21 09:13:30,7875.5,366157,7876.0,671476,15326,49004,-33678,-305319,0.5
1900-01-21 09:13:45,7877.5,539103,7878.0,74992,565158,7964,557194,464111,0.5
1900-01-21 09:14:00,7879.5,500036,7880.0,298553,166400,34116,132284,201483,0.5
1900-01-21 09:14:15,7880.5,693245,7881.0,4470,42131,27952,14179,688775,0.5
1900-01-21 09:14:30,7881.5,582304,7882.0,107637,366636,3870,362766,474667,0.5
1900-01-21 09:14:45,7883.0,542392,7883.5,37457,176458,2000,174458,504935,0.5
1900-01-21 09:15:00,7881.5,41515,7882.0,1422530,92162,125713,-33551,-1381015,0.5
1900-01-21 09:15:15,7875.5,69702,7876.0,834614,90306,101856,-11550,-764912,0.5
1900-01-21 09:15:30,7873.0,74,7873.5,1212818,654,279394,-278740,-1212744,0.5
1900-01-21 09:15:45,7861.0,237989,7861.5,212517,74251,1529155,-1454904,25472,0.5
1900-01-21 09:16:00,7861.0,645390,7861.5,58216,282789,221505,61284,587174,0.5
1900-01-21 09:16:15,7861.0,293307,7861.5,370592,92560,396010,-303450,-77285,0.5
1900-01-21 09:16:30,7860.0,388026,7860.5,60367,164780,227455,-62675,327659,0.5
1900-01-21 09:16:45,7859.0,564935,7859.5,678306,28923,2151729,-2122806,-113371,0.5
1900-01-21 09:17:00,7853.0,96993,7853.5,1005514,23119,264123,-241004,-908521,0.5
1900-01-21 09:17:15,7843.0,25268,7843.5,1021935,59691,509555,-449864,-996667,0.5
1900-01-21 09:17:30,7852.5,89354,7853.0,900954,477760,127528,350232,-811600,0.5
1900-01-21 09:17:45,7852.5,289100,7853.0,382224,306054,766687,-460633,-93124,0.5
1900-01-21 09:18:00,7855.5,489424,7856.0,135459,244548,25534,219014,353965,0.5
1900-01-21 09:18:15,7848.0,7690,7848.5,519000,359641,224119,135522,-511310,0.5
1900-01-21 09:18:30,7842.0,85783,7842.5,868640,32934,100316,-67382,-782857,0.5
1900-01-21 09:18:45,7840.5,211687,7841.0,567078,60881,344137,-283256,-355391,0.5
1900-01-21 09:19:00,7853.0,193278,7853.5,85966,491721,53664,438057,107312,0.5
1900-01-21 09:19:15,7853.0,106516,7853.5,793377,216373,68553,147820,-686861,0.5
1900-01-21 09:19:30,7848.0,111112,7848.5,158,120736,243590,-122854,110954,0.5
1900-01-21 09:19:45,7845.5,492,7846.0,404602,263176,35827,227349,-404110,0.5
1900-01-21 09:20:00,7842.5,28627,7843.0,640505,65667,1404286,-1338619,-611878,0.5
1900-01-21 09:20:15,7835.0,1688670,7835.5,47900,37971,742708,-704737,1640770,0.5
1900-01-21 09:20:30,7839.0,446020,7839.5,21151,693417,61692,631725,424869,0.5
1900-01-21 09:20:45,7840.5,451121,7841.0,154344,334074,16078,317996,296777,0.5
1900-01-21 09:21:00,7846.5,962905,7847.0,21838,527659,9640,518019,941067,0.5
1900-01-21 09:21:15,7850.0,139904,7850.5,22958,153243,34899,118344,116946,0.5
1900-01-21 09:21:30,7844.5,69370,7845.0,313741,290189,159415,130774,-244371,0.5
1900-01-21 09:21:45,7852.0,347109,7852.5,98623,476087,61878,414209,248486,0.5
1900-01-21 09:22:00,7855.0,197522,7855.5,300313,339686,108150,231536,-102791,0.5
1900-01-21 09:22:15,7856.0,1203,7856.5,2413,411612,13646,397966,-1210,0.5
1900-01-21 09:22:30,7858.5,311754,7859.0,215372,567934,326698,241236,96382,0.5
1900-01-21 09:22:45,7858.5,185573,7859.0,568124,43789,109046,-65257,-382551,0.5
1900-01-21 09:23:00,7855.0,10567,7855.5,598078,22783,82698,-59915,-587511,0.5
1900-01-21 09:23:15,7854.5,578372,7855.0,739342,497708,222820,274888,-160970,0.5
1900-01-21 09:23:30,7854.5,205513,7855.0,781769,32804,25796,7008,-576256,0.5
1900-01-21 09:23:45,7854.5,347322,7855.0,1011377,58100,28475,29625,-664055,0.5
1900-01-21 09:24:00,7854.5,403160,7855.0,237254,132784,13911,118873,165906,0.5
1900-01-21 09:24:15,7863.5,651501,7864.0,19867,473834,2388,471446,631634,0.5
1900-01-21 09:24:30,7864.5,1031541,7865.0,149159,723674,260018,463656,882382,0.5
1900-01-21 09:24:45,7868.0,784500,7868.5,651092,271667,144866,126801,133408,0.5
1900-01-21 09:25:00,7868.5,256643,7869.0,620269,393641,229092,164549,-363626,0.5
1900-01-21 09:25:15,7865.5,25431,7866.0,772970,63762,107249,-43487,-747539,0.5
1900-01-21 09:25:30,7863.0,997110,7863.5,42958,15644,128145,-112501,954152,0.5
1900-01-21 09:25:45,7868.0,491865,7868.5,210283,314904,23120,291784,281582,0.5
1900-01-21 09:26:00,7868.0,1307125,7868.5,101980,201692,72000,129692,1205145,0.5
1900-01-21 09:26:15,7874.5,577294,7875.0,121546,199005,66056,132949,455748,0.5
1900-01-21 09:26:30,7874.5,176705,7875.0,697900,187840,58349,129491,-521195,0.5
1900-01-21 09:26:45,7879.5,113642,7880.0,718044,62821,105224,-42403,-604402,0.5
1900-01-21 09:27:00,7879.5,372094,7880.0,194594,298326,176100,122226,177500,0.5
1900-01-21 09:27:15,7882.0,191462,7882.5,600144,103620,70891,32729,-408682,0.5
1900-01-21 09:27:30,7879.0,651922,7879.5,508990,40118,191793,-151675,142932,0.5
1900-01-21 09:27:45,7888.0,47122,7888.5,666064,287478,145357,142121,-618942,0.5
1900-01-21 09:28:00,7888.0,653599,7888.5,260331,12284,166913,-154629,393268,0.5
1900-01-21 09:28:15,7889.5,1053094,7890.0,355436,432538,159093,273445,697658,0.5
1900-01-21 09:28:30,7892.0,424234,7892.5,357116,182694,23462,159232,67118,0.5
1900-01-21 09:28:45,7899.5,115799,7900.0,671186,297639,158270,139369,-555387,0.5
1900-01-21 09:29:00,7900.0,322451,7900.5,571503,199538,595527,-395989,-249052,0.5
1900-01-21 09:29:15,7896.5,348631,7897.0,464007,16186,629424,-613238,-115376,0.5
1900-01-21 09:29:30,7896.5,64884,7897.0,645740,17034,109466,-92432,-580856,0.5
1900-01-21 09:29:45,7896.0,31215,7896.5,837989,146022,343525,-197503,-806774,0.5
1900-01-21 09:30:00,7892.5,596206,7893.0,568472,85359,148460,-63101,27734,0.5
1900-01-21 09:30:15,7892.5,107975,7893.0,267448,212072,154508,57564,-159473,0.5
1900-01-21 09:30:30,7892.0,71071,7892.5,610755,1026,26944,-25918,-539684,0.5
1900-01-21 09:30:45,7890.0,93012,7890.5,414534,1380,167832,-166452,-321522,0.5
1900-01-21 09:31:00,7887.0,5608,7887.5,151255,282,113387,-113105,-145647,0.5
1900-01-21 09:31:15,7885.0,1432139,7885.5,465846,26728,150199,-123471,966293,0.5
1900-01-21 09:31:30,7885.0,545748,7885.5,564336,9474,946437,-936963,-18588,0.5
1900-01-21 09:31:45,7884.5,4341,7885.0,1016724,22632,724857,-702225,-1012383,0.5
1900-01-21 09:32:00,7867.0,165050,7867.5,484312,2592,954497,-951905,-319262,0.5
1900-01-21 09:32:15,7868.0,666403,7868.5,300244,421736,137496,284240,366159,0.5
1900-01-21 09:32:30,7871.5,158540,7872.0,609507,324364,284934,39430,-450967,0.5
1900-01-21 09:32:45,7871.5,72253,7872.0,1090174,30670,47545,-16875,-1017921,0.5
1900-01-21 09:33:00,7870.0,87568,7870.5,1102849,18319,143579,-125260,-1015281,0.5
1900-01-21 09:33:15,7863.5,379052,7864.0,447157,16716,83024,-66308,-68105,0.5
1900-01-21 09:33:30,7863.5,58700,7864.0,890969,2202,65020,-62818,-832269,0.5
1900-01-21 09:33:45,7863.5,33558,7864.0,968460,100959,129536,-28577,-934902,0.5
1900-01-21 09:34:00,7860.5,12394,7861.0,1050915,22506,258902,-236396,-1038521,0.5
1900-01-21 09:34:15,7857.5,1104680,7858.0,144398,355688,379971,-24283,960282,0.5
1900-01-21 09:34:30,7857.5,555948,7858.0,250081,192343,820,191523,305867,0.5
1900-01-21 09:34:45,7862.0,275114,7862.5,68457,128318,15860,112458,206657,0.5
1900-01-21 09:35:00,7864.5,955898,7865.0,238086,271785,1300,270485,717812,0.5
1900-01-21 09:35:15,7867.0,5607,7867.5,724633,108021,60424,47597,-719026,0.5
1900-01-21 09:35:30,7863.5,315,7864.0,197365,54000,167195,-113195,-197050,0.5
1900-01-21 09:35:45,7862.5,879913,7863.0,183156,245544,7363,238181,696757,0.5
1900-01-21 09:36:00,7864.5,956153,7865.0,67727,377070,12526,364544,888426,0.5
1900-01-21 09:36:15,7873.5,861969,7874.0,92983,205261,2040,203221,768986,0.5
1900-01-21 09:36:30,7874.5,1164331,7875.0,26368,255722,960,254762,1137963,0.5
1900-01-21 09:36:45,7879.5,259200,7880.0,83918,126635,21166,105469,175282,0.5
1900-01-21 09:37:00,7887.0,750567,7887.5,521605,250690,35536,215154,228962,0.5
1900-01-21 09:37:15,7882.5,713614,7883.0,453835,118987,195893,-76906,259779,0.5
1900-01-21 09:37:30,7882.5,630590,7883.0,374101,8883,150443,-141560,256489,0.5
1900-01-21 09:37:45,7887.5,1213795,7888.0,35764,298742,38967,259775,1178031,0.5
1900-01-21 09:38:00,7893.5,942083,7894.0,67170,1039499,30266,1009233,874913,0.5
1900-01-21 09:38:15,7902.0,214527,7903.0,81056,2259715,40024,2219691,133471,1.0
1900-01-21 09:38:30,7906.5,422945,7907.0,605754,637074,119308,517766,-182809,0.5
1900-01-21 09:38:45,7897.0,293689,7897.5,706838,60812,798160,-737348,-413149,0.5
1900-01-21 09:39:00,7903.0,1032524,7903.5,299691,59736,74034,-14298,732833,0.5
1900-01-21 09:39:15,7909.5,371039,7910.0,193238,432461,23810,408651,177801,0.5
1900-01-21 09:39:30,7910.0,189277,7910.5,746387,320021,224403,95618,-557110,0.5
1900-01-21 09:39:45,7909.5,23785,7910.0,884603,14176,186018,-171842,-860818,0.5
1900-01-21 09:40:00,7908.0,1128765,7908.5,321184,65978,313917,-247939,807581,0.5
1900-01-21 09:40:15,7909.5,1153629,7910.0,120260,354566,91736,262830,1033369,0.5
1900-01-21 09:40:30,7913.5,1190952,7914.0,109794,200645,21851,178794,1081158,0.5
1900-01-21 09:40:45,7925.5,2737,7926.0,99598,2270956,12282,2258674,-96861,0.5
1900-01-21 09:41:00,7918.0,6681,7918.5,49276,303234,646840,-343606,-42595,0.5
1900-01-21 09:41:15,7907.5,1050525,7908.0,436983,126544,264165,-137621,613542,0.5
1900-01-21 09:41:30,7914.5,847653,7915.0,200506,586184,215410,370774,647147,0.5
1900-01-21 09:41:45,7923.5,72728,7924.0,895186,224862,355173,-130311,-822458,0.5
1900-01-21 09:42:00,7913.0,411642,7913.5,542687,226968,200170,26798,-131045,0.5
1900-01-21 09:42:15,7906.0,30691,7906.5,919930,61579,318478,-256899,-889239,0.5
1900-01-21 09:42:30,7909.5,1060246,7910.0,72364,122283,230248,-107965,987882,0.5
1900-01-21 09:42:45,7907.5,480857,7908.0,479946,173109,182160,-9051,911,0.5
1900-01-21 09:43:00,7919.5,63014,7920.0,745176,115435,44130,71305,-682162,0.5
1900-01-21 09:43:15,7914.0,300818,7914.5,559353,56620,93677,-37057,-258535,0.5
1900-01-21 09:43:30,7916.5,500,7917.0,557518,69650,16727,52923,-557018,0.5
1900-01-21 09:43:45,7919.0,257354,7919.5,360691,194130,24897,169233,-103337,0.5
1900-01-21 09:44:00,7915.0,10000,7919.5,12845,947763,41512,906251,-2845,4.5
1900-01-21 09:44:15,7922.0,284965,7922.5,28753,318703,78750,239953,256212,0.5
1900-01-21 09:44:30,7929.0,351424,7929.5,335500,333092,66284,266808,15924,0.5
1900-01-21 09:44:45,7928.0,524167,7928.5,301683,106096,270163,-164067,222484,0.5
1900-01-21 09:45:00,7934.5,77067,7935.0,187827,585435,182371,403064,-110760,0.5
1900-01-21 09:45:15,7935.0,790446,7935.5,109077,578784,88291,490493,681369,0.5
1900-01-21 09:45:30,7935.0,1010268,7935.5,82639,132257,170071,-37814,927629,0.5
1900-01-21 09:45:45,7935.0,284238,7935.5,109597,262518,282593,-20075,174641,0.5
1900-01-21 09:46:00,7927.5,36368,7928.0,5711,85004,357791,-272787,30657,0.5
1900-01-21 09:46:15,7921.0,37628,7921.5,422812,11865,192481,-180616,-385184,0.5
1900-01-21 09:46:30,7916.5,62957,7917.0,623948,120382,86832,33550,-560991,0.5
1900-01-21 09:46:45,7916.5,186717,7917.0,590287,120886,374278,-253392,-403570,0.5
1900-01-21 09:47:00,7912.0,28060,7912.5,302349,190130,177098,13032,-274289,0.5
1900-01-21 09:47:15,7907.5,99449,7908.0,50,15664,462475,-446811,99399,0.5
1900-01-21 09:47:30,7898.5,67014,7899.0,15348,27986,458130,-430144,51666,0.5
1900-01-21 09:47:45,7904.5,882437,7905.0,364597,313680,315628,-1948,517840,0.5
1900-01-21 09:48:00,7909.0,2848,7909.5,668920,414998,196898,218100,-666072,0.5
1900-01-21 09:48:15,7899.5,188543,7900.0,724999,24201,100013,-75812,-536456,0.5
1900-01-21 09:48:30,7899.5,596843,7900.0,1574110,76976,274178,-197202,-977267,0.5
1900-01-21 09:48:45,7900.0,725862,7900.5,567,49529,266963,-217434,725295,0.5
1900-01-21 09:49:00,7902.5,7087,7903.0,527470,144814,34490,110324,-520383,0.5
1900-01-21 09:49:15,7910.0,159716,7910.5,876912,236609,32548,204061,-717196,0.5
1900-01-21 09:49:30,7910.0,468816,7910.5,782518,63132,65028,-1896,-313702,0.5
1900-01-21 09:49:45,7910.0,4063,7910.5,894735,958,197745,-196787,-890672,0.5
1900-01-21 09:50:00,7912.0,280114,7912.5,17713,133441,26149,107292,262401,0.5
1900-01-21 09:50:15,7923.5,25,7924.0,167233,319378,47909,271469,-167208,0.5
1900-01-21 09:50:30,7922.0,318778,7922.5,587463,36278,325504,-289226,-268685,0.5
1900-01-21 09:50:45,7924.5,373685,7925.0,3435,301981,60079,241902,370250,0.5
1900-01-21 09:51:00,7933.5,503951,7934.0,295833,491339,62249,429090,208118,0.5
1900-01-21 09:51:15,7937.5,236562,7938.0,96076,273615,58025,215590,140486,0.5
1900-01-21 09:51:30,7930.0,17515,7930.5,670084,88944,473892,-384948,-652569,0.5
1900-01-21 09:51:45,7917.5,49069,7918.0,127374,13490,162613,-149123,-78305,0.5
1900-01-21 09:52:00,7921.5,1049389,7922.0,28088,275700,121777,153923,1021301,0.5
1900-01-21 09:52:15,7937.5,13310,7938.0,23227,846642,5194,841448,-9917,0.5
1900-01-21 09:52:30,7934.5,493822,7935.0,259385,572167,85268,486899,234437,0.5
1900-01-21 09:52:45,7938.0,514274,7938.5,129322,340333,91230,249103,384952,0.5
1900-01-21 09:53:00,7938.0,235403,7938.5,377308,90834,139057,-48223,-141905,0.5
1900-01-21 09:53:15,7931.5,748046,7932.0,196375,38392,54843,-16451,551671,0.5
1900-01-21 09:53:30,7932.0,1302008,7932.5,202001,72526,4234,68292,1100007,0.5
1900-01-21 09:53:45,7938.0,313387,7938.5,161619,286552,79331,207221,151768,0.5
1900-01-21 09:54:00,7941.0,243522,7941.5,24962,81790,14856,66934,218560,0.5
1900-01-21 09:54:15,7938.5,522824,7939.0,132162,648791,162537,486254,390662,0.5
1900-01-21 09:54:30,7938.5,482847,7939.0,113013,66383,216356,-149973,369834,0.5
1900-01-21 09:54:45,7941.5,25,7942.0,142335,274125,29265,244860,-142310,0.5
1900-01-21 09:55:00,7939.0,758600,7939.5,37093,220865,18863,202002,721507,0.5
1900-01-21 09:55:15,7942.5,612099,7943.0,209193,138114,36475,101639,402906,0.5
1900-01-21 09:55:30,7935.5,148062,7936.0,355213,114909,444465,-329556,-207151,0.5
1900-01-21 09:55:45,7931.0,68985,7931.5,65071,17315,163588,-146273,3914,0.5
1900-01-21 09:56:00,7924.0,998284,7924.5,35491,105988,502608,-396620,962793,0.5
1900-01-21 09:56:15,7925.5,36142,7926.0,475200,151954,53693,98261,-439058,0.5
1900-01-21 09:56:30,7920.5,4145,7921.0,816221,20266,69182,-48916,-812076,0.5
1900-01-21 09:56:45,7917.5,481710,7918.0,508482,45752,60547,-14795,-26772,0.5
1900-01-21 09:57:00,7920.0,350212,7921.5,1468,311190,61575,249615,348744,1.5
1900-01-21 09:57:15,7925.5,1080733,7926.0,7937,86738,107952,-21214,1072796,0.5
1900-01-21 09:57:30,7929.5,734087,7930.0,38787,122204,19092,103112,695300,0.5
1900-01-21 09:57:45,7922.5,47007,7923.0,284063,26062,47686,-21624,-237056,0.5
1900-01-21 09:58:00,7911.0,733780,7911.5,307026,15518,387584,-372066,426754,0.5
1900-01-21 09:58:15,7911.0,295247,7911.5,695660,135837,548421,-412584,-400413,0.5
1900-01-21 09:58:30,7899.5,2000,7900.0,987130,173838,680742,-506904,-985130,0.5
1900-01-21 09:58:45,7906.0,272531,7906.5,401102,295209,388472,-93263,-128571,0.5
1900-01-21 09:59:00,7906.0,113120,7906.5,1464468,105836,211598,-105762,-1351348,0.5
1900-01-21 09:59:15,7904.0,558487,7904.5,186585,121686,700459,-578773,371902,0.5
1900-01-21 09:59:30,7909.5,128212,7910.0,683848,188061,38048,150013,-555636,0.5
1900-01-21 09:59:45,7909.5,534867,7910.0,420962,144154,19274,124880,113905,0.5
1900-01-21 10:00:00,7909.5,528729,7910.0,567400,329139,4742,324397,-38671,0.5
1900-01-21 10:00:15,7914.0,365833,7914.5,7340,570416,25704,544712,358493,0.5
1900-01-21 10:00:30,7916.5,435523,7917.0,285921,173110,82432,90678,149602,0.5
1900-01-21 10:00:45,7916.5,261622,7917.0,405331,96960,360644,-263684,-143709,0.5
1900-01-21 10:01:00,7918.0,342256,7918.5,879657,180858,22586,158272,-537401,0.5
1900-01-21 10:01:15,7919.0,461335,7919.5,705655,312082,24298,287784,-244320,0.5
1900-01-21 10:01:30,7919.0,545701,7919.5,606228,305475,305628,-153,-60527,0.5
1900-01-21 10:01:45,7917.0,57797,7917.5,960517,53200,315979,-262779,-902720,0.5
1900-01-21 10:02:00,7913.5,2019,7914.0,1073021,54176,116057,-61881,-1071002,0.5
1900-01-21 10:02:15,7911.5,27053,7912.0,882593,14207,63865,-49658,-855540,0.5
1900-01-21 10:02:30,7908.0,61518,7908.5,969480,4292,165391,-161099,-907962,0.5
1900-01-21 10:02:45,7902.0,725068,7902.5,306545,3264,154426,-151162,418523,0.5
1900-01-21 10:03:00,7902.0,540715,7902.5,164385,161549,86244,75305,376330,0.5
1900-01-21 10:03:15,7904.0,230443,7904.5,570081,78497,27357,51140,-339638,0.5
1900-01-21 10:03:30,7907.0,146929,7907.5,791633,34401,141804,-107403,-644704,0.5
1900-01-21 10:03:45,7904.5,981804,7905.0,140759,44103,53702,-9599,841045,0.5
1900-01-21 10:04:00,7904.5,840744,7905.0,155330,118544,49385,69159,685414,0.5
1900-01-21 10:04:15,7906.0,1018427,7906.5,53595,60012,17868,42144,964832,0.5
1900-01-21 10:04:30,7904.5,58783,7905.0,931235,59944,44864,15080,-872452,0.5
1900-01-21 10:04:45,7904.5,950674,7905.0,181670,44372,15868,28504,769004,0.5
1900-01-21 10:05:00,7904.5,819720,7905.0,186324,16336,8804,7532,633396,0.5
1900-01-21 10:05:15,7907.5,259557,7908.0,22283,113346,11102,102244,237274,0.5
1900-01-21 10:05:30,7907.5,230195,7908.0,908130,39641,1554,38087,-677935,0.5
1900-01-21 10:05:45,7908.5,990886,7909.0,226064,12688,32549,-19861,764822,0.5
1900-01-21 10:06:00,7908.5,931982,7909.0,14385,27770,32549,-4779,917597,0.5
1900-01-21 10:06:15,7910.0,953680,7910.5,3233,172834,65993,106841,950447,0.5
1900-01-21 10:06:30,7915.0,167910,7915.5,773429,119142,67630,51512,-605519,0.5
1900-01-21 10:06:45,7914.5,72600,7915.0,982153,30803,7138,23665,-909553,0.5
1900-01-21 10:07:00,7916.5,613583,7917.0,45723,34922,6166,28756,567860,0.5
1900-01-21 10:07:15,7923.0,1528253,7923.5,3076,132178,18910,113268,1525177,0.5
1900-01-21 10:07:30,7924.5,714375,7925.0,749284,129157,44909,84248,-34909,0.5
1900-01-21 10:07:45,7924.5,460985,7925.0,566801,42642,109067,-66425,-105816,0.5
1900-01-21 10:08:00,7924.5,1078427,7925.0,73334,228507,8430,220077,1005093,0.5
1900-01-21 10:08:15,7927.0,1234940,7927.5,71823,53840,33522,20318,1163117,0.5
1900-01-21 10:08:30,7932.5,950814,7933.0,79249,208958,14072,194886,871565,0.5
1900-01-21 10:08:45,7932.5,410808,7933.0,705210,214277,121604,92673,-294402,0.5
1900-01-21 10:09:00,7933.0,525073,7933.5,783400,104984,76389,28595,-258327,0.5
1900-01-21 10:09:15,7933.0,398092,7933.5,722122,83719,52938,30781,-324030,0.5
1900-01-21 10:09:30,7933.0,1024452,7933.5,44604,136260,10675,125585,979848,0.5
1900-01-21 10:09:45,7936.5,304280,7937.0,522025,181006,15672,165334,-217745,0.5
1900-01-21 10:10:00,7936.5,331784,7937.0,561818,271398,89249,182149,-230034,0.5
1900-01-21 10:10:15,7932.0,61572,7932.5,680462,25091,373086,-347995,-618890,0.5
1900-01-21 10:10:30,7931.5,6824,7932.0,845167,74644,65502,9142,-838343,0.5
1900-01-21 10:10:45,7937.5,282077,7938.0,130253,473520,103233,370287,151824,0.5
1900-01-21 10:11:00,7944.0,112047,7946.5,126046,429112,18373,410739,-13999,2.5
1900-01-21 10:11:15,7951.0,842119,7951.5,173098,547154,61299,485855,669021,0.5
1900-01-21 10:11:30,7959.5,308525,7960.0,154903,621266,533962,87304,153622,0.5
1900-01-21 10:11:45,7955.0,195522,7955.5,296076,644282,543333,100949,-100554,0.5
1900-01-21 10:12:00,7957.0,322139,7957.5,379174,205012,242210,-37198,-57035,0.5
1900-01-21 10:12:15,7962.0,247469,7962.5,213503,298266,111248,187018,33966,0.5
1900-01-21 10:12:30,7962.5,221762,7963.0,177437,105494,373901,-268407,44325,0.5
1900-01-21 10:12:45,7964.5,688341,7965.0,286768,269625,82139,187486,401573,0.5
1900-01-21 10:13:00,7977.0,86887,7977.5,1031,771264,800431,-29167,85856,0.5
1900-01-21 10:13:15,7945.5,14580,7946.0,4257,376768,484261,-107493,10323,0.5
1900-01-21 10:13:30,7956.5,1530844,7957.0,668449,173630,167175,6455,862395,0.5
1900-01-21 10:13:45,7956.5,1355506,7957.0,413057,250968,169669,81299,942449,0.5
1900-01-21 10:14:00,7956.5,1286061,7957.0,73827,655863,40470,615393,1212234,0.5
1900-01-21 10:14:15,7964.5,539658,7965.0,559773,1643956,209993,1433963,-20115,0.5
1900-01-21 10:14:30,7962.5,176521,7963.0,467341,454533,699203,-244670,-290820,0.5
1900-01-21 10:14:45,7965.0,251499,7965.5,562852,833204,113736,719468,-311353,0.5
1900-01-21 10:15:00,7959.0,137580,7959.5,490208,298567,138699,159868,-352628,0.5
1900-01-21 10:15:15,7957.0,305140,7957.5,466368,104932,319956,-215024,-161228,0.5
1900-01-21 10:15:30,7951.0,868575,7951.5,63945,15372,230704,-215332,804630,0.5
1900-01-21 10:15:45,7952.0,125997,7952.5,575079,58811,153362,-94551,-449082,0.5
1900-01-21 10:16:00,7945.0,43011,7948.0,550162,12449,164314,-151865,-507151,3.0
1900-01-21 10:16:15,7942.5,1065090,7943.0,100898,4250,439464,-435214,964192,0.5
1900-01-21 10:16:30,7940.0,267457,7940.5,471153,142969,124706,18263,-203696,0.5
1900-01-21 10:16:45,7931.0,35868,7931.5,19503,16614,412184,-395570,16365,0.5
1900-01-21 10:17:00,7939.0,944780,7939.5,14867,205784,462380,-256596,929913,0.5
1900-01-21 10:17:15,7947.5,440613,7948.0,1033205,810012,122712,687300,-592592,0.5
1900-01-21 10:17:30,7942.0,545289,7942.5,155892,36237,302349,-266112,389397,0.5
1900-01-21 10:17:45,7939.5,390171,7940.0,893810,44144,228321,-184177,-503639,0.5
1900-01-21 10:18:00,7939.0,81860,7939.5,1620692,163522,534812,-371290,-1538832,0.5
1900-01-21 10:18:15,7938.5,154122,7939.0,1265553,4540,271304,-266764,-1111431,0.5
1900-01-21 10:18:30,7938.5,781164,7939.0,7101,80881,50452,30429,774063,0.5
1900-01-21 10:18:45,7942.5,751355,7943.0,147428,126205,20214,105991,603927,0.5
1900-01-21 10:19:00,7942.5,630231,7943.0,364205,51300,72056,-20756,266026,0.5
1900-01-21 10:19:15,7942.5,238807,7943.0,1003666,26656,54466,-27810,-764859,0.5
1900-01-21 10:19:30,7942.5,407925,7943.0,1177577,16711,10579,6132,-769652,0.5
1900-01-21 10:19:45,7942.5,406566,7943.0,1047517,14586,68657,-54071,-640951,0.5
1900-01-21 10:20:00,7939.5,168457,7940.0,1219353,72294,480458,-408164,-1050896,0.5
1900-01-21 10:20:15,7938.5,170829,7939.0,962762,213060,74206,138854,-791933,0.5
1900-01-21 10:20:30,7936.5,71091,7937.0,778929,12200,68900,-56700,-707838,0.5
1900-01-21 10:20:45,7935.0,47900,7935.5,994604,5906,98020,-92114,-946704,0.5
1900-01-21 10:21:00,7935.0,31854,7935.5,978314,29204,15478,13726,-946460,0.5
1900-01-21 10:21:15,7935.0,593571,7935.5,434609,25120,7952,17168,158962,0.5
1900-01-21 10:21:30,7939.5,1272570,7940.0,86709,167626,100601,67025,1185861,0.5
1900-01-21 10:21:45,7949.5,681509,7950.0,121730,394449,226462,167987,559779,0.5
1900-01-21 10:22:00,7954.5,317018,7955.0,3227,53409,20082,33327,313791,0.5
1900-01-21 10:22:15,7956.0,411793,7956.5,712222,262200,182566,79634,-300429,0.5
1900-01-21 10:22:30,7956.0,406749,7956.5,658668,72584,16676,55908,-251919,0.5
1900-01-21 10:22:45,7953.5,325,7954.0,96400,33584,114759,-81175,-96075,0.5
1900-01-21 10:23:00,7947.0,534398,7947.5,342926,43966,195709,-151743,191472,0.5
1900-01-21 10:23:15,7953.0,3963,7953.5,456931,55393,26049,29344,-452968,0.5
1900-01-21 10:23:30,7951.0,592222,7951.5,129,122818,7256,115562,592093,0.5
1900-01-21 10:23:45,7952.5,1007479,7953.0,133463,90650,10582,80068,874016,0.5
1900-01-21 10:24:00,7952.5,858668,7953.0,200100,33689,6800,26889,658568,0.5
1900-01-21 10:24:15,7955.5,836304,7956.0,151824,223022,5608,217414,684480,0.5
1900-01-21 10:24:30,7955.5,793776,7956.0,157154,75438,29682,45756,636622,0.5
1900-01-21 10:24:45,7955.5,788904,7956.0,112087,66165,5400,60765,676817,0.5
1900-01-21 10:25:00,7968.0,59171,7968.5,5981,410321,6628,403693,53190,0.5
1900-01-21 10:25:15,7959.0,1899305,7959.5,27,431904,391701,40203,1899278,0.5
1900-01-21 10:25:30,7963.0,160178,7963.5,835021,209821,70636,139185,-674843,0.5
1900-01-21 10:25:45,7971.5,213453,7972.0,803665,348156,96842,251314,-590212,0.5
1900-01-21 10:26:00,7971.0,1228552,7971.5,4492,78166,446373,-368207,1224060,0.5
1900-01-21 10:26:15,7971.5,1408581,7972.0,10088,120169,34111,86058,1398493,0.5
1900-01-21 10:26:30,7974.0,814683,7974.5,597323,467585,772481,-304896,217360,0.5
1900-01-21 10:26:45,7970.5,102123,7971.0,424887,211808,160126,51682,-322764,0.5
1900-01-21 10:27:00,7969.5,1114573,7970.0,207156,41193,92175,-50982,907417,0.5
1900-01-21 10:27:15,7971.0,659040,7971.5,225981,241469,125229,116240,433059,0.5
1900-01-21 10:27:30,7977.5,175661,7978.0,414088,592495,346659,245836,-238427,0.5
1900-01-21 10:27:45,7977.5,1289755,7978.0,762845,83899,148614,-64715,526910,0.5
1900-01-21 10:28:00,7977.5,1094734,7978.0,970542,23744,156942,-133198,124192,0.5
1900-01-21 10:28:15,7976.0,6321,7976.5,217710,52488,1076898,-1024410,-211389,0.5
1900-01-21 10:28:30,7983.0,196878,7983.5,305868,500401,221806,278595,-108990,0.5
1900-01-21 10:28:45,7964.0,285959,7964.5,28738,129542,483631,-354089,257221,0.5
1900-01-21 10:29:00,7964.5,98699,7965.0,1295001,84807,1098549,-1013742,-1196302,0.5
1900-01-21 10:29:15,7964.5,214358,7965.0,826808,22722,121844,-99122,-612450,0.5
1900-01-21 10:29:30,7964.5,410573,7965.0,555488,139190,105026,34164,-144915,0.5
1900-01-21 10:29:45,7964.5,825269,7965.0,1172,251614,69910,181704,824097,0.5
1900-01-21 10:30:00,7965.0,1465651,7965.5,289156,623391,37348,586043,1176495,0.5
1900-01-21 10:30:15,7965.0,1344933,7965.5,279460,98317,28168,70149,1065473,0.5
1900-01-21 10:30:30,7965.5,757247,7966.0,48649,61830,15073,46757,708598,0.5
1900-01-21 10:30:45,7973.0,586676,7973.5,844241,89215,8280,80935,-257565,0.5
1900-01-21 10:31:00,7967.0,66563,7967.5,266095,144439,250249,-105810,-199532,0.5
1900-01-21 10:31:15,7962.0,252540,7962.5,712518,38067,71764,-33697,-459978,0.5
1900-01-21 10:31:30,7959.0,120690,7959.5,920936,33414,267050,-233636,-800246,0.5
1900-01-21 10:31:45,7956.5,2455840,7957.0,265901,116822,214255,-97433,2189939,0.5
1900-01-21 10:32:00,7957.5,1720451,7958.0,189128,407679,17896,389783,1531323,0.5
1900-01-21 10:32:15,7959.0,1328401,7959.5,460507,620304,33577,586727,867894,0.5
1900-01-21 10:32:30,7959.0,1019657,7959.5,185164,368160,342428,25732,834493,0.5
1900-01-21 10:32:45,7958.5,29213,7959.0,651910,4450,332020,-327570,-622697,0.5
1900-01-21 10:33:00,7956.0,752766,7956.5,191455,6554,92941,-86387,561311,0.5
1900-01-21 10:33:15,7955.0,24210,7955.5,812972,3600,43597,-39997,-788762,0.5
1900-01-21 10:33:30,7947.0,250616,7947.5,224007,20222,451694,-431472,26609,0.5
1900-01-21 10:33:45,7948.0,937304,7948.5,177051,21241,142411,-121170,760253,0.5
1900-01-21 10:34:00,7950.5,461341,7951.0,414306,251093,47720,203373,47035,0.5
1900-01-21 10:34:15,7953.5,32485,7954.0,801516,230540,102610,127930,-769031,0.5
1900-01-21 10:34:30,7952.5,16824,7953.0,807113,4400,233432,-229032,-790289,0.5
1900-01-21 10:34:45,7948.5,2226,7949.0,540074,3922,155606,-151684,-537848,0.5
1900-01-21 10:35:00,7947.0,30791,7947.5,1246526,1601,51092,-49491,-1215735,0.5
1900-01-21 10:35:15,7945.5,16890,7946.0,1320548,96048,207033,-110985,-1303658,0.5
1900-01-21 10:35:30,7942.0,655289,7942.5,297842,116120,123643,-7523,357447,0.5
1900-01-21 10:35:45,7942.0,632551,7942.5,528830,85124,576696,-491572,103721,0.5
1900-01-21 10:36:00,7942.0,20850,7942.5,1281525,40700,413607,-372907,-1260675,0.5
1900-01-21 10:36:15,7941.5,95246,7942.0,696432,248773,170692,78081,-601186,0.5
1900-01-21 10:36:30,7940.0,965476,7940.5,137575,129402,155958,-26556,827901,0.5
1900-01-21 10:36:45,7942.0,694299,7942.5,44023,175426,112040,63386,650276,0.5
1900-01-21 10:37:00,7944.5,691262,7945.0,48533,147890,24720,123170,642729,0.5
1900-01-21 10:37:15,7946.5,751283,7947.0,80355,79650,17678,61972,670928,0.5
1900-01-21 10:37:30,7949.0,663805,7949.5,146785,108014,2228,105786,517020,0.5
1900-01-21 10:37:45,7955.0,685328,7955.5,19357,215365,4600,210765,665971,0.5
1900-01-21 10:38:00,7955.0,272449,7955.5,1038834,47658,71604,-23946,-766385,0.5
1900-01-21 10:38:15,7955.0,28685,7955.5,1402494,10404,91625,-81221,-1373809,0.5
1900-01-21 10:38:30,7950.5,601,7951.0,1091543,2048,126379,-124331,-1090942,0.5
1900-01-21 10:38:45,7945.0,149437,7945.5,817470,119860,208908,-89048,-668033,0.5
1900-01-21 10:39:00,7937.0,730632,7937.5,220740,158597,149933,8664,509892,0.5
1900-01-21 10:39:15,7942.5,269052,7943.0,651122,101379,42250,59129,-382070,0.5
1900-01-21 10:39:30,7938.0,31494,7938.5,1314998,2290,364740,-362450,-1283504,0.5
1900-01-21 10:39:45,7936.0,102474,7936.5,1357450,6036,473898,-467862,-1254976,0.5
1900-01-21 10:40:00,7935.5,54690,7936.0,1208428,39482,223005,-183523,-1153738,0.5
1900-01-21 10:40:15,7936.0,781512,7936.5,52516,165996,354936,-188940,728996,0.5
1900-01-21 10:40:30,7944.0,815204,7944.5,336043,437692,30016,407676,479161,0.5
1900-01-21 10:40:45,7946.5,717742,7947.0,146772,95970,10834,85136,570970,0.5
1900-01-21 10:41:00,7946.5,689838,7947.0,655593,207662,35628,172034,34245,0.5
1900-01-21 10:41:15,7946.5,472897,7947.0,757803,255196,216217,38979,-284906,0.5
1900-01-21 10:41:30,7944.0,111178,7944.5,1458330,238653,412304,-173651,-1347152,0.5
1900-01-21 10:41:45,7936.0,2249,7936.5,277275,10979,767771,-756792,-275026,0.5
1900-01-21 10:42:00,7932.0,75719,7932.5,606462,138401,121616,16785,-530743,0.5
1900-01-21 10:42:15,7932.0,65484,7932.5,858756,28044,19173,8871,-793272,0.5
1900-01-21 10:42:30,7932.0,133526,7932.5,1065775,36025,224322,-188297,-932249,0.5
1900-01-21 10:42:45,7928.5,25524,7929.0,1179499,77532,408644,-331112,-1153975,0.5
1900-01-21 10:43:00,7928.0,743325,7928.5,295084,37918,190909,-152991,448241,0.5
1900-01-21 10:43:15,7928.0,90680,7928.5,549409,60120,372993,-312873,-458729,0.5
1900-01-21 10:43:30,7927.5,57685,7928.0,938604,36462,159570,-123108,-880919,0.5
1900-01-21 10:43:45,7924.0,186693,7924.5,1451385,400,95401,-95001,-1264692,0.5
1900-01-21 10:44:00,7920.0,207405,7920.5,1110873,62647,316714,-254067,-903468,0.5
1900-01-21 10:44:15,7911.0,299955,7911.5,678278,44291,560340,-516049,-378323,0.5
1900-01-21 10:44:30,7913.5,450527,7914.0,838790,409638,181578,228060,-388263,0.5
1900-01-21 10:44:45,7913.5,38799,7914.0,1089264,467987,142332,325655,-1050465,0.5
1900-01-21 10:45:00,7909.5,852260,7910.0,37077,142532,322022,-179490,815183,0.5
1900-01-21 10:45:15,7910.0,534288,7910.5,472820,166349,154884,11465,61468,0.5
1900-01-21 10:45:30,7910.0,650385,7910.5,4914,240673,100523,140150,645471,0.5
1900-01-21 10:45:45,7915.0,690316,7915.5,144200,437254,22976,414278,546116,0.5
1900-01-21 10:46:00,7917.0,751648,7917.5,73957,1051543,200875,850668,677691,0.5
1900-01-21 10:46:15,7920.0,2718,7920.5,907942,424405,18421,405984,-905224,0.5
1900-01-21 10:46:30,7917.5,854090,7918.0,147188,179743,81772,97971,706902,0.5
1900-01-21 10:46:45,7920.0,733509,7920.5,225915,234046,49420,184626,507594,0.5
1900-01-21 10:47:00,7920.0,806875,7920.5,135074,64328,1978,62350,671801,0.5
1900-01-21 10:47:15,7920.0,163521,7920.5,1097005,28935,106864,-77929,-933484,0.5
1900-01-21 10:47:30,7919.5,7709,7920.0,1215141,1354,149119,-147765,-1207432,0.5
1900-01-21 10:47:45,7918.0,65687,7918.5,1064937,4390,108750,-104360,-999250,0.5
1900-01-21 10:48:00,7916.0,9721,7916.5,537526,10616,107699,-97083,-527805,0.5
1900-01-21 10:48:15,7914.5,851337,7915.0,11607,156675,18884,137791,839730,0.5
1900-01-21 10:48:30,7917.0,727000,7917.5,283144,68238,71430,-3192,443856,0.5
1900-01-21 10:48:45,7917.0,655994,7917.5,158478,75018,16956,58062,497516,0.5
1900-01-21 10:49:00,7915.0,821186,7915.5,306617,107000,201357,-94357,514569,0.5
1900-01-21 10:49:15,7915.0,214887,7915.5,877009,57229,14130,43099,-662122,0.5
1900-01-21 10:49:30,7914.5,1629,7915.0,1140802,47432,56713,-9281,-1139173,0.5
1900-01-21 10:49:45,7911.0,278999,7911.5,801675,7756,82651,-74895,-522676,0.5
1900-01-21 10:50:00,7911.0,542997,7911.5,386840,15274,123535,-108261,156157,0.5
1900-01-21 10:50:15,7914.5,597940,7915.0,310224,57717,52042,5675,287716,0.5
1900-01-21 10:50:30,7914.5,622822,7915.0,110161,46419,26642,19777,512661,0.5
1900-01-21 10:50:45,7916.5,749136,7917.0,21326,300076,8646,291430,727810,0.5
1900-01-21 10:51:00,7920.0,813131,7920.5,19927,207589,31112,176477,793204,0.5
1900-01-21 10:51:15,7921.0,1173823,7921.5,251175,226217,20,226197,922648,0.5
1900-01-21 10:51:30,7926.5,983781,7927.0,118603,373723,20,373703,865178,0.5
1900-01-21 10:51:45,7926.5,378258,7927.0,1145982,245462,17241,228221,-767724,0.5
1900-01-21 10:52:00,7926.0,15898,7926.5,1543618,131414,215311,-83897,-1527720,0.5
1900-01-21 10:52:15,7922.5,719156,7923.0,428269,35255,10587,24668,290887,0.5
1900-01-21 10:52:30,7924.0,828040,7924.5,35309,68753,162,68591,792731,0.5
1900-01-21 10:52:45,7926.5,871691,7927.0,156572,108895,1400,107495,715119,0.5
1900-01-21 10:53:00,7927.0,1359201,7927.5,11014,53470,20080,33390,1348187,0.5
1900-01-21 10:53:15,7928.0,457422,7928.5,341971,42632,10266,32366,115451,0.5
1900-01-21 10:53:30,7929.0,318951,7929.5,686425,258659,770,257889,-367474,0.5
1900-01-21 10:53:45,7929.0,361772,7929.5,1049599,96919,24037,72882,-687827,0.5
1900-01-21 10:54:00,7929.5,904436,7930.0,82811,84361,27650,56711,821625,0.5
1900-01-21 10:54:15,7930.5,697435,7931.0,74612,83368,34726,48642,622823,0.5
1900-01-21 10:54:30,7931.0,855808,7931.5,724088,154885,1160,153725,131720,0.5
1900-01-21 10:54:45,7931.0,1078415,7931.5,681708,65806,610,65196,396707,0.5
1900-01-21 10:55:00,7931.0,52936,7931.5,1188426,58093,94039,-35946,-1135490,0.5
1900-01-21 10:55:15,7926.0,882384,7926.5,514161,36720,118733,-82013,368223,0.5
1900-01-21 10:55:30,7926.0,580275,7926.5,916875,1922,6566,-4644,-336600,0.5
1900-01-21 10:55:45,7926.0,1208955,7926.5,60319,22787,5317,17470,1148636,0.5
1900-01-21 10:56:00,7926.0,1476548,7926.5,2781,52088,142293,-90205,1473767,0.5
1900-01-21 10:56:15,7931.0,874829,7931.5,21874,79239,10774,68465,852955,0.5
1900-01-21 10:56:30,7932.5,598300,7933.0,27965,17164,31058,-13894,570335,0.5
1900-01-21 10:56:45,7936.5,560960,7937.0,490419,520461,12120,508341,70541,0.5
1900-01-21 10:57:00,7937.5,1070729,7938.0,457814,74313,14606,59707,612915,0.5
1900-01-21 10:57:15,7940.0,602024,7940.5,642497,273496,985,272511,-40473,0.5
1900-01-21 10:57:30,7940.0,480164,7940.5,990885,46692,53757,-7065,-510721,0.5
1900-01-21 10:57:45,7939.5,15591,7940.0,1312285,18536,30243,-11707,-1296694,0.5
1900-01-21 10:58:00,7939.5,581994,7940.0,343291,53362,15324,38038,238703,0.5
1900-01-21 10:58:15,7939.5,303586,7940.0,1082470,53362,10424,42938,-778884,0.5
1900-01-21 10:58:30,7939.5,62076,7940.0,964829,26092,42726,-16634,-902753,0.5
1900-01-21 10:58:45,7936.5,214896,7937.0,892960,8809,79593,-70784,-678064,0.5
1900-01-21 10:59:00,7933.5,503519,7934.0,507396,14010,156757,-142747,-3877,0.5
1900-01-21 10:59:15,7933.0,14277,7933.5,1575231,3660,129313,-125653,-1560954,0.5
1900-01-21 10:59:30,7926.0,571989,7926.5,994477,9622,229933,-220311,-422488,0.5
1900-01-21 10:59:45,7925.5,93780,7926.0,1024269,140,146406,-146266,-930489,0.5
1900-01-21 11:00:00,7925.5,365744,7926.0,793542,18672,77954,-59282,-427798,0.5
1900-01-21 11:00:15,7925.5,982437,7926.0,371401,68030,34596,33434,611036,0.5
1900-01-21 11:00:30,7925.5,1153311,7926.0,122380,314253,2312,311941,1030931,0.5
1900-01-21 11:00:45,7933.5,1123073,7934.0,445,223197,4096,219101,1122628,0.5
1900-01-21 11:01:00,7939.0,40833,7939.5,1240089,332072,18999,313073,-1199256,0.5
1900-01-21 11:01:15,7938.5,177329,7939.0,892591,47933,137142,-89209,-715262,0.5
1900-01-21 11:01:30,7939.5,496782,7940.0,40074,261230,54552,206678,456708,0.5
1900-01-21 11:01:45,7945.0,716428,7945.5,714155,567707,20063,547644,2273,0.5
1900-01-21 11:02:00,7945.0,610207,7945.5,1119731,25249,53001,-27752,-509524,0.5
1900-01-21 11:02:15,7945.0,406471,7945.5,1285331,5738,29990,-24252,-878860,0.5
1900-01-21 11:02:30,7943.5,651479,7944.0,511517,29856,32463,-2607,139962,0.5
1900-01-21 11:02:45,7951.5,129017,7952.0,432444,106160,42124,64036,-303427,0.5
1900-01-21 11:03:00,7973.0,7,7973.5,513188,1168569,286211,882358,-513181,0.5
1900-01-21 11:03:15,7935.0,20250,7935.5,13000,214920,1068272,-853352,7250,0.5
1900-01-21 11:03:30,7933.5,37107,7934.0,997694,156221,411769,-255548,-960587,0.5
1900-01-21 11:03:45,7925.5,121943,7926.0,1109593,21610,404403,-382793,-987650,0.5
1900-01-21 11:04:00,7921.0,71611,7921.5,36206,15892,421264,-405372,35405,0.5
1900-01-21 11:04:15,7910.0,119248,7910.5,19976,94556,855095,-760539,99272,0.5
1900-01-21 11:04:30,7902.5,1048811,7903.0,116037,731674,1798417,-1066743,932774,0.5
1900-01-21 11:04:45,7914.0,121927,7914.5,278423,876700,1009502,-132802,-156496,0.5
1900-01-21 11:05:00,7906.0,16966,7909.5,97336,171494,647990,-476496,-80370,3.5
1900-01-21 11:05:15,7891.5,46120,7892.0,12721,102126,1618509,-1516383,33399,0.5
1900-01-21 11:05:30,7890.5,17427,7891.0,19823,495874,124648,371226,-2396,0.5
1900-01-21 11:05:45,7893.5,29,7894.0,10448,612387,294076,318311,-10419,0.5
1900-01-21 11:06:00,7890.5,252752,7891.0,221280,300269,425349,-125080,31472,0.5
1900-01-21 11:06:15,7889.5,297947,7890.0,372263,349303,384304,-35001,-74316,0.5
1900-01-21 11:06:30,7872.0,39698,7872.5,128128,133217,931185,-797968,-88430,0.5
1900-01-21 11:06:45,7877.0,598715,7877.5,21480,296733,579749,-283016,577235,0.5
1900-01-21 11:07:00,7882.5,482496,7883.0,53157,1646932,229919,1417013,429339,0.5
1900-01-21 11:07:15,7894.0,91041,7895.5,13180,625975,268362,357613,77861,1.5
1900-01-21 11:07:30,7883.5,395,7884.0,228751,211282,70222,141060,-228356,0.5
1900-01-21 11:07:45,7881.0,301218,7881.5,276248,113750,112028,1722,24970,0.5
1900-01-21 11:08:00,7871.0,198622,7871.5,257354,59551,474964,-415413,-58732,0.5
1900-01-21 11:08:15,7869.5,5229,7870.0,645423,393582,568387,-174805,-640194,0.5
1900-01-21 11:08:30,7870.0,343207,7870.5,93640,229303,593278,-363975,249567,0.5
1900-01-21 11:08:45,7880.5,998150,7881.0,23,548182,26860,521322,998127,0.5
1900-01-21 11:09:00,7887.5,264242,7888.0,148904,241206,26364,214842,115338,0.5
1900-01-21 11:09:15,7888.5,325969,7889.0,585554,507293,13608,493685,-259585,0.5
1900-01-21 11:09:30,7889.0,199973,7889.5,516522,327089,59355,267734,-316549,0.5
1900-01-21 11:09:45,7883.5,554350,7884.0,267566,86323,168612,-82289,286784,0.5
1900-01-21 11:10:00,7888.0,489166,7888.5,218558,324748,77819,246929,270608,0.5
1900-01-21 11:10:15,7879.0,580374,7879.5,791154,59124,228491,-169367,-210780,0.5
1900-01-21 11:10:30,7888.0,428935,7888.5,211219,63639,57734,5905,217716,0.5
1900-01-21 11:10:45,7894.0,737585,7894.5,31208,136063,14238,121825,706377,0.5
1900-01-21 11:11:00,7894.0,429626,7894.5,1258575,36774,122886,-86112,-828949,0.5
1900-01-21 11:11:15,7886.0,317250,7886.5,693029,31000,223510,-192510,-375779,0.5
1900-01-21 11:11:30,7886.0,300334,7886.5,459697,136985,200562,-63577,-159363,0.5
1900-01-21 11:11:45,7886.5,617626,7887.0,135011,375196,88944,286252,482615,0.5
1900-01-21 11:12:00,7886.5,641679,7887.0,156822,83499,9236,74263,484857,0.5
1900-01-21 11:12:15,7892.5,775712,7893.0,4985,85509,2558,82951,770727,0.5
1900-01-21 11:12:30,7894.0,670570,7894.5,57411,199582,4366,195216,613159,0.5
1900-01-21 11:12:45,7910.0,747790,7910.5,551568,573478,548518,24960,196222,0.5
1900-01-21 11:13:00,7905.0,292974,7905.5,1004175,517628,72913,444715,-711201,0.5
1900-01-21 11:13:15,7905.0,95886,7905.5,1371085,9824,324245,-314421,-1275199,0.5
1900-01-21 11:13:30,7902.0,946708,7902.5,23326,23186,210400,-187214,923382,0.5
1900-01-21 11:13:45,7905.0,629006,7905.5,119145,206066,70426,135640,509861,0.5
1900-01-21 11:14:00,7909.5,723303,7910.0,45428,206251,89754,116497,677875,0.5
1900-01-21 11:14:15,7911.5,367955,7912.0,548235,358395,47300,311095,-180280,0.5
1900-01-21 11:14:30,7911.5,194111,7912.0,596759,147097,44215,102882,-402648,0.5
1900-01-21 11:14:45,7911.5,607702,7912.0,431300,39026,85679,-46653,176402,0.5
1900-01-21 11:15:00,7911.5,2436,7912.0,1273141,131844,49205,82639,-1270705,0.5
1900-01-21 11:15:15,7908.5,23388,7909.0,1397852,21280,342713,-321433,-1374464,0.5
1900-01-21 11:15:30,7901.5,186498,7902.0,1014476,1838,650006,-648168,-827978,0.5
1900-01-21 11:15:45,7899.5,454132,7900.0,902089,574,380170,-379596,-447957,0.5
1900-01-21 11:16:00,7899.5,20270,7900.0,1210909,338188,215612,122576,-1190639,0.5
1900-01-21 11:16:15,7899.5,740561,7900.0,164026,126259,257468,-131209,576535,0.5
1900-01-21 11:16:30,7893.5,17521,7894.0,1279226,22069,508347,-486278,-1261705,0.5
1900-01-21 11:16:45,7890.0,357957,7890.5,1160012,33656,345580,-311924,-802055,0.5
1900-01-21 11:17:00,7884.0,296023,7884.5,852600,37248,314928,-277680,-556577,0.5
1900-01-21 11:17:15,7889.0,87124,7889.5,624159,327872,124989,202883,-537035,0.5
1900-01-21 11:17:30,7887.5,44536,7888.0,358229,31362,215077,-183715,-313693,0.5
1900-01-21 11:17:45,7887.0,198435,7887.5,935517,200,116053,-115853,-737082,0.5
1900-01-21 11:18:00,7887.0,141676,7887.5,1212166,17162,61252,-44090,-1070490,0.5
1900-01-21 11:18:15,7890.0,238293,7890.5,775839,66598,323828,-257230,-537546,0.5
1900-01-21 11:18:30,7890.0,164545,7890.5,892303,67292,41010,26282,-727758,0.5
1900-01-21 11:18:45,7887.0,3972,7887.5,851201,23101,81216,-58115,-847229,0.5
1900-01-21 11:19:00,7884.0,102737,7884.5,897679,33222,89869,-56647,-794942,0.5
1900-01-21 11:19:15,7880.0,228151,7880.5,1176056,64159,487005,-422846,-947905,0.5
1900-01-21 11:19:30,7875.0,56120,7875.5,8999,208,413585,-413377,47121,0.5
1900-01-21 11:19:45,7878.0,322016,7878.5,357832,162085,68737,93348,-35816,0.5
1900-01-21 11:20:00,7878.5,82941,7879.0,1017275,141453,55298,86155,-934334,0.5
1900-01-21 11:20:15,7876.0,791403,7876.5,10659,89650,298593,-208943,780744,0.5
1900-01-21 11:20:30,7877.0,416567,7877.5,97524,62498,175227,-112729,319043,0.5
1900-01-21 11:20:45,7877.0,843105,7877.5,38281,22123,55428,-33305,804824,0.5
1900-01-21 11:21:00,7885.0,1055382,7885.5,2753,180965,13736,167229,1052629,0.5
1900-01-21 11:21:15,7889.5,271229,7890.0,864956,246109,128200,117909,-593727,0.5
1900-01-21 11:21:30,7889.5,62143,7890.0,1185404,123178,147394,-24216,-1123261,0.5
1900-01-21 11:21:45,7887.0,251596,7887.5,634366,22762,152963,-130201,-382770,0.5
1900-01-21 11:22:00,7887.0,29378,7887.5,1464015,89371,965846,-876475,-1434637,0.5
1900-01-21 11:22:15,7882.0,6706,7882.5,1019003,27356,71459,-44103,-1012297,0.5
1900-01-21 11:22:30,7880.0,428911,7880.5,229698,163503,23899,139604,199213,0.5
1900-01-21 11:22:45,7882.5,193438,7883.0,505337,318769,24377,294392,-311899,0.5
1900-01-21 11:23:00,7880.5,151268,7881.0,424612,24126,10610,13516,-273344,0.5
1900-01-21 11:23:15,7881.0,487837,7881.5,23387,137087,7070,130017,464450,0.5
1900-01-21 11:23:30,7882.0,563476,7882.5,4005,61076,25012,36064,559471,0.5
1900-01-21 11:23:45,7882.5,584051,7883.0,129950,367543,6200,361343,454101,0.5
1900-01-21 11:24:00,7886.5,870257,7887.0,73364,224916,13054,211862,796893,0.5
1900-01-21 11:24:15,7886.5,729754,7887.0,104315,37624,5474,32150,625439,0.5
1900-01-21 11:24:30,7886.5,974650,7887.0,34070,32488,9228,23260,940580,0.5
1900-01-21 11:24:45,7887.5,795625,7888.0,858303,178761,10400,168361,-62678,0.5
1900-01-21 11:25:00,7881.0,122528,7881.5,272816,83560,110115,-26555,-150288,0.5
1900-01-21 11:25:15,7880.0,483342,7880.5,654501,34327,104892,-70565,-171159,0.5
1900-01-21 11:25:30,7880.0,489527,7880.5,706012,11622,91548,-79926,-216485,0.5
1900-01-21 11:25:45,7876.0,328842,7876.5,197090,182686,392828,-210142,131752,0.5
1900-01-21 11:26:00,7871.5,57169,7872.0,434005,28129,199827,-171698,-376836,0.5
1900-01-21 11:26:15,7876.0,1065682,7876.5,86189,52037,7097,44940,979493,0.5
1900-01-21 11:26:30,7872.0,302323,7872.5,313544,108031,96824,11207,-11221,0.5
1900-01-21 11:26:45,7867.0,41895,7867.5,1642194,32820,417527,-384707,-1600299,0.5
1900-01-21 11:27:00,7868.5,20000,7869.0,25,287461,259107,28354,19975,0.5
1900-01-21 11:27:15,7877.5,756219,7878.0,4180,189933,5840,184093,752039,0.5
1900-01-21 11:27:30,7882.0,83178,7882.5,1933,144657,5840,138817,81245,0.5
1900-01-21 11:27:45,7884.5,17290,7885.0,1271667,403101,58483,344618,-1254377,0.5
1900-01-21 11:28:00,7880.0,300214,7880.5,28,821363,289106,532257,300186,0.5
1900-01-21 11:28:15,7884.0,863308,7884.5,144700,405793,154682,251111,718608,0.5
1900-01-21 11:28:30,7896.5,197164,7897.0,71958,1983538,3086,1980452,125206,0.5
1900-01-21 11:28:45,7896.5,1006984,7897.0,85579,247770,17642,230128,921405,0.5
1900-01-21 11:29:00,7901.5,410769,7902.0,83453,205705,55467,150238,327316,0.5
1900-01-21 11:29:15,7901.5,319533,7902.0,747314,214189,33942,180247,-427781,0.5
1900-01-21 11:29:30,7898.0,1068480,7898.5,198435,91164,277647,-186483,870045,0.5
1900-01-21 11:29:45,7901.5,972258,7902.0,138561,319668,29329,290339,833697,0.5
1900-01-21 11:30:00,7901.5,125795,7902.0,926899,118962,92679,26283,-801104,0.5
1900-01-21 11:30:15,7894.0,1352,7894.5,318907,20368,138914,-118546,-317555,0.5
1900-01-21 11:30:30,7892.0,428010,7892.5,4486,30996,132814,-101818,423524,0.5
1900-01-21 11:30:45,7898.0,1817196,7898.5,32395,60680,16930,43750,1784801,0.5
1900-01-21 11:31:00,7898.0,453087,7898.5,828369,76065,28224,47841,-375282,0.5
1900-01-21 11:31:15,7898.0,458986,7898.5,622811,13200,71541,-58341,-163825,0.5
1900-01-21 11:31:30,7898.0,1093807,7898.5,42373,127300,36550,90750,1051434,0.5
1900-01-21 11:31:45,7901.5,1397953,7902.0,27878,381752,6094,375658,1370075,0.5
1900-01-21 11:32:00,7905.0,1429519,7905.5,10032,121615,13140,108475,1419487,0.5
1900-01-21 11:32:15,7906.0,1181433,7906.5,117590,45924,2726,43198,1063843,0.5
1900-01-21 11:32:30,7907.0,1657715,7907.5,4016,37833,18672,19161,1653699,0.5
1900-01-21 11:32:45,7907.5,892630,7908.0,641653,98306,4044,94262,250977,0.5
1900-01-21 11:33:00,7907.5,871650,7908.0,828898,81269,18650,62619,42752,0.5
1900-01-21 11:33:15,7907.5,565062,7908.0,893462,30200,182076,-151876,-328400,0.5
1900-01-21 11:33:30,7907.5,428403,7908.0,1026326,634,90986,-90352,-597923,0.5
1900-01-21 11:33:45,7907.5,1002957,7908.0,509378,8800,17777,-8977,493579,0.5
1900-01-21 11:34:00,7907.5,628874,7908.0,830060,11712,1092,10620,-201186,0.5
1900-01-21 11:34:15,7907.5,1060833,7908.0,739416,51807,22038,29769,321417,0.5
1900-01-21 11:34:30,7901.5,401931,7902.0,428319,49282,233840,-184558,-26388,0.5
1900-01-21 11:34:45,7904.0,487379,7904.5,526153,1814,28524,-26710,-38774,0.5
1900-01-21 11:35:00,7903.0,98137,7903.5,561539,1399,197457,-196058,-463402,0.5
1900-01-21 11:35:15,7898.0,88791,7898.5,748864,4477,215428,-210951,-660073,0.5
1900-01-21 11:35:30,7895.0,61275,7895.5,613794,6000,221835,-215835,-552519,0.5
1900-01-21 11:35:45,7891.0,57369,7891.5,799721,12406,70062,-57656,-742352,0.5
1900-01-21 11:36:00,7888.0,977868,7888.5,709105,252627,200344,52283,268763,0.5
1900-01-21 11:36:15,7890.0,1177567,7890.5,2396,288487,206763,81724,1175171,0.5
1900-01-21 11:36:30,7893.5,1354876,7894.0,3537,17313,1062,16251,1351339,0.5
1900-01-21 11:36:45,7896.5,392358,7897.0,24003,48036,13000,35036,368355,0.5
1900-01-21 11:37:00,7899.5,831250,7900.0,96875,50186,48000,2186,734375,0.5
1900-01-21 11:37:15,7903.0,261679,7903.5,335025,44194,3556,40638,-73346,0.5
1900-01-21 11:37:30,7910.5,563198,7911.0,11431,312798,44832,267966,551767,0.5
1900-01-21 11:37:45,7910.0,265664,7910.5,833437,107467,340231,-232764,-567773,0.5
1900-01-21 11:38:00,7910.0,204019,7910.5,839980,17680,70777,-53097,-635961,0.5
1900-01-21 11:38:15,7906.5,75167,7907.0,651307,18277,302340,-284063,-576140,0.5
1900-01-21 11:38:30,7906.5,33558,7907.0,656661,82,256856,-256774,-623103,0.5
1900-01-21 11:38:45,7906.0,90260,7906.5,580175,2,27077,-27075,-489915,0.5
1900-01-21 11:39:00,7895.5,523659,7896.0,248530,64481,146375,-81894,275129,0.5
1900-01-21 11:39:15,7903.5,50361,7904.0,813205,91470,12761,78709,-762844,0.5
1900-01-21 11:39:30,7895.0,204215,7895.5,553610,16644,139506,-122862,-349395,0.5
1900-01-21 11:39:45,7895.0,184682,7895.5,469328,37786,46325,-8539,-284646,0.5
1900-01-21 11:40:00,7893.5,68180,7894.0,595937,536,78118,-77582,-527757,0.5
1900-01-21 11:40:15,7893.5,39717,7894.0,674799,12778,40403,-27625,-635082,0.5
1900-01-21 11:40:30,7893.5,476681,7894.0,876029,6078,9164,-3086,-399348,0.5
1900-01-21 11:40:45,7893.5,460409,7894.0,1024787,928,15259,-14331,-564378,0.5
1900-01-21 11:41:00,7885.0,64843,7885.5,426322,2502,621883,-619381,-361479,0.5
1900-01-21 11:41:15,7891.0,772368,7891.5,209695,218456,230327,-11871,562673,0.5
1900-01-21 11:41:30,7891.0,74952,7891.5,857495,15940,24944,-9004,-782543,0.5
1900-01-21 11:41:45,7887.5,246198,7888.0,741518,28506,196218,-167712,-495320,0.5
1900-01-21 11:42:00,7885.0,152,7885.5,769934,81889,315965,-234076,-769782,0.5
1900-01-21 11:42:15,7882.0,1047067,7882.5,66714,207174,28341,178833,980353,0.5
1900-01-21 11:42:30,7886.5,686878,7887.0,237116,159803,1402,158401,449762,0.5
1900-01-21 11:42:45,7889.5,431363,7890.0,4368,87194,1260,85934,426995,0.5
1900-01-21 11:43:00,7889.5,100783,7890.0,891891,96983,9580,87403,-791108,0.5
1900-01-21 11:43:15,7882.0,310205,7882.5,1040362,139829,186834,-47005,-730157,0.5
1900-01-21 11:43:30,7882.0,62441,7882.5,340221,6016,107466,-101450,-277780,0.5
1900-01-21 11:43:45,7880.0,524903,7880.5,352149,14995,168465,-153470,172754,0.5
1900-01-21 11:44:00,7888.0,145252,7888.5,3765,97437,10755,86682,141487,0.5
1900-01-21 11:44:15,7885.0,12769,7885.5,1132818,47039,23372,23667,-1120049,0.5
1900-01-21 11:44:30,7884.0,664087,7884.5,125218,34938,36496,-1558,538869,0.5
1900-01-21 11:44:45,7884.0,766361,7884.5,435316,49280,27542,21738,331045,0.5
1900-01-21 11:45:00,7884.0,674647,7884.5,396036,18663,134555,-115892,278611,0.5
1900-01-21 11:45:15,7885.5,928766,7886.0,68313,430739,61268,369471,860453,0.5
1900-01-21 11:45:30,7893.5,584873,7894.0,10743,257766,11864,245902,574130,0.5
1900-01-21 11:45:45,7888.5,248031,7889.0,248799,89994,85061,4933,-768,0.5
1900-01-21 11:46:00,7890.0,253338,7890.5,15,141175,18752,122423,253323,0.5
1900-01-21 11:46:15,7892.0,216342,7892.5,406381,20487,336070,-315583,-190039,0.5
1900-01-21 11:46:30,7893.0,726181,7893.5,3381,99736,16016,83720,722800,0.5
1900-01-21 11:46:45,7895.0,702813,7895.5,23869,15567,824,14743,678944,0.5
1900-01-21 11:47:00,7897.0,1091312,7897.5,23142,391778,7300,384478,1068170,0.5
1900-01-21 11:47:15,7897.5,1089238,7898.0,58170,36474,2716,33758,1031068,0.5
1900-01-21 11:47:30,7898.5,525001,7899.0,754298,60070,4906,55164,-229297,0.5
1900-01-21 11:47:45,7897.5,244,7898.0,1209126,42794,77521,-34727,-1208882,0.5
1900-01-21 11:48:00,7899.0,824029,7899.5,145181,369821,55511,314310,678848,0.5
1900-01-21 11:48:15,7904.0,372461,7904.5,789916,129055,10002,119053,-417455,0.5
1900-01-21 11:48:30,7904.0,191886,7904.5,884465,31822,29900,1922,-692579,0.5
1900-01-21 11:48:45,7904.0,411302,7904.5,896229,1800,38576,-36776,-484927,0.5
1900-01-21 11:49:00,7904.0,327733,7904.5,936377,12470,22788,-10318,-608644,0.5
1900-01-21 11:49:15,7898.5,26001,7899.0,739105,15002,278241,-263239,-713104,0.5
1900-01-21 11:49:30,7901.5,791844,7902.0,4134,80372,18844,61528,787710,0.5
1900-01-21 11:49:45,7903.0,9655,7903.5,1156648,135972,115476,20496,-1146993,0.5
1900-01-21 11:50:00,7897.0,99711,7897.5,869176,17064,51696,-34632,-769465,0.5
1900-01-21 11:50:15,7896.0,3028,7896.5,1068624,6779,95058,-88279,-1065596,0.5
1900-01-21 11:50:30,7890.5,3227,7891.5,1076593,2184,16640,-14456,-1073366,1.0
1900-01-21 11:50:45,7890.5,26904,7891.0,759739,13336,81389,-68053,-732835,0.5
1900-01-21 11:51:00,7893.5,977565,7894.0,36442,257214,34829,222385,941123,0.5
1900-01-21 11:51:15,7888.0,794565,7888.5,256931,54138,81211,-27073,537634,0.5
1900-01-21 11:51:30,7882.5,4163,7883.0,522716,26100,70906,-44806,-518553,0.5
1900-01-21 11:51:45,7878.5,761674,7879.0,106984,102808,430353,-327545,654690,0.5
1900-01-21 11:52:00,7875.0,454045,7875.5,715924,122329,18553,103776,-261879,0.5
1900-01-21 11:52:15,7884.5,8181,7885.0,471775,82204,95602,-13398,-463594,0.5
1900-01-21 11:52:30,7878.5,13035,7879.0,45653,76116,203864,-127748,-32618,0.5
1900-01-21 11:52:45,7879.0,256074,7879.5,1016965,105213,169910,-64697,-760891,0.5
1900-01-21 11:53:00,7872.5,515376,7873.0,703833,1990,38286,-36296,-188457,0.5
1900-01-21 11:53:15,7873.5,460035,7874.0,473960,223427,236040,-12613,-13925,0.5
1900-01-21 11:53:30,7869.0,86326,7869.5,804198,114842,504383,-389541,-717872,0.5
1900-01-21 11:53:45,7869.0,708062,7869.5,12719,93172,195560,-102388,695343,0.5
1900-01-21 11:54:00,7870.5,885073,7871.0,321012,198435,119428,79007,564061,0.5
1900-01-21 11:54:15,7870.5,728769,7871.0,269705,140781,16100,124681,459064,0.5
1900-01-21 11:54:30,7872.0,903137,7872.5,72076,310429,36115,274314,831061,0.5
1900-01-21 11:54:45,7870.0,155456,7870.5,768819,256016,323813,-67797,-613363,0.5
1900-01-21 11:55:00,7865.0,59086,7865.5,329084,54226,306897,-252671,-269998,0.5
1900-01-21 11:55:15,7855.0,816852,7855.5,107982,98226,2697502,-2599276,708870,0.5
1900-01-21 11:55:30,7864.0,301191,7864.5,1077466,436801,194538,242263,-776275,0.5
1900-01-21 11:55:45,7861.5,276811,7862.0,605549,105818,496778,-390960,-328738,0.5
1900-01-21 11:56:00,7860.5,389748,7861.0,601909,45160,331978,-286818,-212161,0.5
1900-01-21 11:56:15,7858.0,75343,7858.5,918436,59676,541153,-481477,-843093,0.5
1900-01-21 11:56:30,7862.0,71916,7862.5,410704,347736,247476,100260,-338788,0.5
1900-01-21 11:56:45,7862.0,100718,7862.5,1199343,53488,33964,19524,-1098625,0.5
1900-01-21 11:57:00,7856.0,55931,7856.5,889548,44844,897671,-852827,-833617,0.5
1900-01-21 11:57:15,7852.0,68755,7852.5,985003,29483,602122,-572639,-916248,0.5
1900-01-21 11:57:30,7848.5,93773,7849.0,2206,391212,1794341,-1403129,91567,0.5
1900-01-21 11:57:45,7854.0,56172,7854.5,568283,584588,267967,316621,-512111,0.5
1900-01-21 11:58:00,7859.0,1047156,7859.5,36499,363703,233363,130340,1010657,0.5
1900-01-21 11:58:15,7870.0,300088,7870.5,1151994,278377,44519,233858,-851906,0.5
1900-01-21 11:58:30,7875.0,257775,7875.5,471246,1040277,177694,862583,-213471,0.5
1900-01-21 11:58:45,7875.0,28976,7875.5,967152,55390,94842,-39452,-938176,0.5
1900-01-21 11:59:00,7870.5,125106,7871.0,662763,55054,493572,-438518,-537657,0.5
1900-01-21 11:59:15,7869.5,41253,7870.0,1085107,15014,51199,-36185,-1043854,0.5
1900-01-21 11:59:30,7865.0,521643,7865.5,396065,51177,174296,-123119,125578,0.5
1900-01-21 11:59:45,7867.0,730151,7867.5,19014,388503,122001,266502,711137,0.5
1900-01-21 12:00:00,7867.5,90042,7868.0,22176,114782,5604,109178,67866,0.5
1900-01-21 12:00:15,7869.5,473855,7870.0,115399,21848,1959,19889,358456,0.5
1900-01-21 12:00:30,7874.5,1316835,7875.0,30276,2987,8000,-5013,1286559,0.5
1900-01-21 12:00:45,7882.5,347263,7883.0,254683,611492,64647,546845,92580,0.5
1900-01-21 12:01:00,7878.5,503844,7879.0,265167,541937,239544,302393,238677,0.5
1900-01-21 12:01:15,7882.5,109596,7883.0,912869,78515,321918,-243403,-803273,0.5
1900-01-21 12:01:30,7887.0,405947,7887.5,35742,442219,144848,297371,370205,0.5
1900-01-21 12:01:45,7889.5,1160701,7890.0,79113,381390,74236,307154,1081588,0.5
1900-01-21 12:02:00,7909.5,1144771,7910.0,262043,965008,111533,853475,882728,0.5
1900-01-21 12:02:15,7922.0,11137,7924.5,160996,2961337,161649,2799688,-149859,2.5
1900-01-21 12:02:30,7932.5,8622,7933.5,181927,752323,506178,246145,-173305,1.0
1900-01-21 12:02:45,7916.0,64803,7916.5,41279,1298656,1487869,-189213,23524,0.5
1900-01-21 12:03:00,7922.5,1181517,7923.0,24294,563589,925433,-361844,1157223,0.5
1900-01-21 12:03:15,7929.0,567870,7929.5,139430,306228,206803,99425,428440,0.5
1900-01-21 12:03:30,7929.0,563665,7929.5,164603,618170,701935,-83765,399062,0.5
1900-01-21 12:03:45,7922.0,10942,7922.5,198562,224869,729313,-504444,-187620,0.5
1900-01-21 12:04:00,7920.0,19904,7920.5,1174788,296053,260189,35864,-1154884,0.5
1900-01-21 12:04:15,7915.0,81718,7915.5,8031,239570,370301,-130731,73687,0.5
1900-01-21 12:04:30,7912.5,24578,7913.0,724653,135801,657321,-521520,-700075,0.5
1900-01-21 12:04:45,7912.5,683239,7913.0,101929,232284,248961,-16677,581310,0.5
1900-01-21 12:05:00,7918.0,234188,7918.5,168708,165531,94001,71530,65480,0.5
1900-01-21 12:05:15,7926.5,13070,7927.0,1260787,254180,157892,96288,-1247717,0.5
1900-01-21 12:05:30,7924.5,16623,7925.0,1216357,103992,63653,40339,-1199734,0.5
1900-01-21 12:05:45,7916.0,137035,7916.5,291333,63636,550421,-486785,-154298,0.5
1900-01-21 12:06:00,7923.0,525183,7923.5,250674,389018,52440,336578,274509,0.5
1900-01-21 12:06:15,7913.5,28000,7914.0,1278388,37690,473930,-436240,-1250388,0.5
1900-01-21 12:06:30,7910.0,220954,7910.5,880204,3736,425708,-421972,-659250,0.5
1900-01-21 12:06:45,7917.0,979427,7917.5,119861,73132,126193,-53061,859566,0.5
1900-01-21 12:07:00,7906.5,4184,7907.0,62184,28138,231769,-203631,-58000,0.5
1900-01-21 12:07:15,7909.5,697536,7910.0,10250,65648,96684,-31036,687286,0.5
1900-01-21 12:07:30,7915.0,62937,7915.5,1020344,351243,39985,311258,-957407,0.5
1900-01-21 12:07:45,7909.5,246304,7910.0,1224350,63941,184659,-120718,-978046,0.5
1900-01-21 12:08:00,7909.5,166429,7910.0,758978,19444,160027,-140583,-592549,0.5
1900-01-21 12:08:15,7909.5,664449,7910.0,635441,9970,107570,-97600,29008,0.5
1900-01-21 12:08:30,7911.5,123627,7912.0,599158,304703,63580,241123,-475531,0.5
1900-01-21 12:08:45,7909.5,71845,7910.0,1219057,16214,384663,-368449,-1147212,0.5
1900-01-21 12:09:00,7909.5,112539,7910.0,1693373,10768,233489,-222721,-1580834,0.5
1900-01-21 12:09:15,7909.5,24600,7910.0,1196979,5844,67751,-61907,-1172379,0.5
1900-01-21 12:09:30,7905.0,115697,7905.5,786877,9809,335035,-325226,-671180,0.5
1900-01-21 12:09:45,7902.0,537965,7902.5,1331472,3192,134028,-130836,-793507,0.5
1900-01-21 12:10:00,7900.0,71569,7900.5,774887,7374,618990,-611616,-703318,0.5
1900-01-21 12:10:15,7896.5,172695,7897.0,1466867,2396,314832,-312436,-1294172,0.5
1900-01-21 12:10:30,7901.5,28734,7903.5,50850,276525,364616,-88091,-22116,2.0
1900-01-21 12:10:45,7903.0,581775,7903.5,1295402,243472,53237,190235,-713627,0.5
1900-01-21 12:11:00,7895.5,31395,7896.0,276211,118027,63748,54279,-244816,0.5
1900-01-21 12:11:15,7895.0,373075,7895.5,430819,19342,38924,-19582,-57744,0.5
1900-01-21 12:11:30,7895.0,1207771,7895.5,32890,27690,23653,4037,1174881,0.5
1900-01-21 12:11:45,7895.0,946457,7895.5,166612,32150,189092,-156942,779845,0.5
1900-01-21 12:12:00,7895.5,547095,7896.0,209418,19092,10200,8892,337677,0.5
1900-01-21 12:12:15,7892.0,360662,7892.5,696672,45076,56482,-11406,-336010,0.5
1900-01-21 12:12:30,7890.0,629193,7890.5,229185,27384,240378,-212994,400008,0.5
1900-01-21 12:12:45,7891.0,591153,7891.5,218994,164300,54476,109824,372159,0.5
1900-01-21 12:13:00,7891.0,868895,7891.5,70403,80006,431902,-351896,798492,0.5
1900-01-21 12:13:15,7891.5,501077,7892.0,209637,128143,216426,-88283,291440,0.5
1900-01-21 12:13:30,7889.5,21379,7890.0,395508,108491,643828,-535337,-374129,0.5
1900-01-21 12:13:45,7887.0,126703,7887.5,1095520,105159,536029,-430870,-968817,0.5
1900-01-21 12:14:00,7889.5,500430,7890.0,279597,370529,707757,-337228,220833,0.5
1900-01-21 12:14:15,7889.5,302880,7890.0,117766,56788,617874,-561086,185114,0.5
1900-01-21 12:14:30,7887.0,38180,7887.5,249175,65148,96189,-31041,-210995,0.5
1900-01-21 12:14:45,7881.0,249370,7881.5,527110,56237,136948,-80711,-277740,0.5
1900-01-21 12:15:00,7882.0,661603,7882.5,274127,250276,19352,230924,387476,0.5
1900-01-21 12:15:15,7876.0,33845,7876.5,405355,39998,411711,-371713,-371510,0.5
1900-01-21 12:15:30,7868.5,14431,7869.0,8346,96123,715148,-619025,6085,0.5
1900-01-21 12:15:45,7873.5,222794,7874.0,193967,205770,248288,-42518,28827,0.5
1900-01-21 12:16:00,7869.0,6880,7869.5,1009037,248620,415091,-166471,-1002157,0.5
1900-01-21 12:16:15,7877.0,69824,7877.5,353797,335506,106092,229414,-283973,0.5
1900-01-21 12:16:30,7865.5,285241,7866.0,149699,265227,311554,-46327,135542,0.5
1900-01-21 12:16:45,7875.5,375645,7876.0,366257,438968,201394,237574,9388,0.5
1900-01-21 12:17:00,7869.0,391424,7869.5,470121,54148,181201,-127053,-78697,0.5
1900-01-21 12:17:15,7871.0,437515,7871.5,49648,444595,225986,218609,387867,0.5
1900-01-21 12:17:30,7865.0,144268,7865.5,461962,213918,161712,52206,-317694,0.5
1900-01-21 12:17:45,7865.0,396321,7865.5,292929,98326,85008,13318,103392,0.5
1900-01-21 12:18:00,7866.5,243478,7867.0,426501,579042,18408,560634,-183023,0.5
1900-01-21 12:18:15,7860.5,120242,7861.5,50,31753,617758,-586005,120192,1.0
1900-01-21 12:18:30,7856.5,212986,7857.0,12737,314376,548608,-234232,200249,0.5
1900-01-21 12:18:45,7858.5,353556,7859.0,338084,535484,60256,475228,15472,0.5
1900-01-21 12:19:00,7860.0,1127548,7860.5,46793,423384,120252,303132,1080755,0.5
1900-01-21 12:19:15,7858.0,44181,7858.5,344332,591101,490579,100522,-300151,0.5
1900-01-21 12:19:30,7861.5,186632,7862.0,44,264707,128483,136224,186588,0.5
1900-01-21 12:19:45,7868.0,175569,7868.5,499210,594732,137286,457446,-323641,0.5
1900-01-21 12:20:00,7868.0,168849,7868.5,1078640,304738,47060,257678,-909791,0.5
1900-01-21 12:20:15,7867.5,378408,7868.0,111134,36571,122245,-85674,267274,0.5
1900-01-21 12:20:30,7866.0,198563,7866.5,278064,824950,219835,605115,-79501,0.5
1900-01-21 12:20:45,7866.0,329344,7866.5,225006,18929,216486,-197557,104338,0.5
1900-01-21 12:21:00,7868.5,531141,7869.0,375711,246912,39602,207310,155430,0.5
1900-01-21 12:21:15,7872.5,446156,7873.0,67486,469607,45452,424155,378670,0.5
1900-01-21 12:21:30,7881.5,123203,7882.0,33859,182933,2134,180799,89344,0.5
1900-01-21 12:21:45,7884.0,7019,7884.5,1356238,394260,392574,1686,-1349219,0.5
1900-01-21 12:22:00,7875.0,262093,7875.5,473727,147328,37647,109681,-211634,0.5
1900-01-21 12:22:15,7885.5,245868,7886.0,1302190,318620,89257,229363,-1056322,0.5
1900-01-21 12:22:30,7883.0,343217,7883.5,253409,63333,174165,-110832,89808,0.5
1900-01-21 12:22:45,7886.5,531385,7887.0,22481,115344,33904,81440,508904,0.5
1900-01-21 12:23:00,7883.0,13383,7883.5,150093,97967,160168,-62201,-136710,0.5
1900-01-21 12:23:15,7882.0,276114,7882.5,200786,50752,25344,25408,75328,0.5
1900-01-21 12:23:30,7882.0,494742,7882.5,348819,118882,7956,110926,145923,0.5
1900-01-21 12:23:45,7882.0,572528,7882.5,202446,45055,84060,-39005,370082,0.5
1900-01-21 12:24:00,7884.0,503783,7884.5,49388,94166,4000,90166,454395,0.5
1900-01-21 12:24:15,7885.5,60305,7886.0,1363230,72308,78426,-6118,-1302925,0.5
1900-01-21 12:24:30,7876.5,6375,7877.0,430544,9530,355558,-346028,-424169,0.5
1900-01-21 12:24:45,7871.5,49103,7872.0,528483,36813,219678,-182865,-479380,0.5
1900-01-21 12:25:00,7871.5,85883,7872.0,1424184,60584,93579,-32995,-1338301,0.5
1900-01-21 12:25:15,7870.0,170909,7870.5,999274,10219,186996,-176777,-828365,0.5
1900-01-21 12:25:30,7870.0,230651,7870.5,882499,34995,82012,-47017,-651848,0.5
1900-01-21 12:25:45,7876.0,190987,7876.5,478549,127139,45924,81215,-287562,0.5
1900-01-21 12:26:00,7870.0,65861,7870.5,1041918,176287,132764,43523,-976057,0.5
1900-01-21 12:26:15,7866.5,7159,7867.0,1691819,175413,113745,61668,-1684660,0.5
1900-01-21 12:26:30,7859.5,342,7860.0,49038,127133,291750,-164617,-48696,0.5
1900-01-21 12:26:45,7866.5,202537,7867.0,239261,293478,32336,261142,-36724,0.5
1900-01-21 12:27:00,7862.0,20186,7862.5,793061,120996,175913,-54917,-772875,0.5
1900-01-21 12:27:15,7862.5,388288,7863.0,121303,344963,16447,328516,266985,0.5
1900-01-21 12:27:30,7857.5,59658,7858.0,616345,68311,211554,-143243,-556687,0.5
1900-01-21 12:27:45,7857.5,436630,7858.0,435139,40093,69121,-29028,1491,0.5
1900-01-21 12:28:00,7860.5,511636,7861.0,297023,223935,29470,194465,214613,0.5
1900-01-21 12:28:15,7862.0,342678,7862.5,23818,55614,1056,54558,318860,0.5
1900-01-21 12:28:30,7862.5,707238,7863.0,319186,62603,1998,60605,388052,0.5
1900-01-21 12:28:45,7858.0,125780,7858.5,991574,61618,194211,-132593,-865794,0.5
1900-01-21 12:29:00,7858.0,357524,7858.5,747094,138938,47854,91084,-389570,0.5
1900-01-21 12:29:15,7852.5,174234,7853.0,539505,3932,231411,-227479,-365271,0.5
1900-01-21 12:29:30,7846.0,140959,7846.5,783983,102272,216204,-113932,-643024,0.5
1900-01-21 12:29:45,7840.0,824641,7841.0,7529,157643,1186958,-1029315,817112,1.0
1900-01-21 12:30:00,7852.0,139715,7852.5,59659,378753,948490,-569737,80056,0.5
1900-01-21 12:30:15,7845.0,36062,7845.5,1946378,282511,276712,5799,-1910316,0.5
1900-01-21 12:30:30,7850.5,38077,7851.0,400764,337936,258576,79360,-362687,0.5
1900-01-21 12:30:45,7850.5,50934,7851.0,969612,100520,56978,43542,-918678,0.5
1900-01-21 12:31:00,7857.5,659151,7858.0,63061,338233,209032,129201,596090,0.5
1900-01-21 12:31:15,7855.5,31563,7856.0,619804,378340,33050,345290,-588241,0.5
1900-01-21 12:31:30,7854.0,181972,7854.5,406964,169086,73657,95429,-224992,0.5
1900-01-21 12:31:45,7850.0,264362,7850.5,102348,33878,249019,-215141,162014,0.5
1900-01-21 12:32:00,7854.0,367749,7854.5,869328,321909,72805,249104,-501579,0.5
1900-01-21 12:32:15,7845.0,601365,7845.5,71719,67666,412894,-345228,529646,0.5
1900-01-21 12:32:30,7850.0,4825,7850.5,1057677,364224,161540,202684,-1052852,0.5
1900-01-21 12:32:45,7835.5,1183294,7836.0,551049,56004,1425367,-1369363,632245,0.5
1900-01-21 12:33:00,7838.0,464609,7838.5,6008,352037,1252206,-900169,458601,0.5
1900-01-21 12:33:15,7835.5,198992,7836.0,774156,160626,1227362,-1066736,-575164,0.5
1900-01-21 12:33:30,7825.0,6096,7825.5,176501,453414,1556012,-1102598,-170405,0.5
1900-01-21 12:33:45,7825.5,55000,7826.0,91884,686889,1010563,-323674,-36884,0.5
1900-01-21 12:34:00,7815.5,40064,7816.0,65476,339680,2666735,-2327055,-25412,0.5
1900-01-21 12:34:15,7811.5,82054,7812.0,183600,664449,3165352,-2500903,-101546,0.5
1900-01-21 12:34:30,7814.0,17005,7814.5,24330,1088213,999535,88678,-7325,0.5
1900-01-21 12:34:45,7821.0,137919,7821.5,95690,1079739,288048,791691,42229,0.5
1900-01-21 12:35:00,7827.5,411953,7828.0,279118,339966,281751,58215,132835,0.5
1900-01-21 12:35:15,7845.0,6746,7845.5,5198,910968,64562,846406,1548,0.5
1900-01-21 12:35:30,7843.5,149952,7844.0,824094,402975,745736,-342761,-674142,0.5
1900-01-21 12:35:45,7856.5,61210,7857.0,72065,1104519,343658,760861,-10855,0.5
1900-01-21 12:36:00,7852.5,4333,7853.0,20050,881139,144451,736688,-15717,0.5
1900-01-21 12:36:15,7856.0,581600,7856.5,20166,513596,510000,3596,561434,0.5
1900-01-21 12:36:30,7860.5,150679,7861.0,331728,235676,233852,1824,-181049,0.5
1900-01-21 12:36:45,7854.5,203098,7855.0,854401,136786,820090,-683304,-651303,0.5
1900-01-21 12:37:00,7845.5,662744,7846.0,102376,82481,1002023,-919542,560368,0.5
1900-01-21 12:37:15,7847.5,174889,7848.0,854563,168421,557085,-388664,-679674,0.5
1900-01-21 12:37:30,7849.5,776887,7850.0,487588,42537,43136,-599,289299,0.5
1900-01-21 12:37:45,7850.0,733770,7850.5,7012,242488,4596,237892,726758,0.5
1900-01-21 12:38:00,7851.5,815379,7852.0,35627,99495,13000,86495,779752,0.5
1900-01-21 12:38:15,7855.0,902649,7855.5,51274,115213,63460,51753,851375,0.5
1900-01-21 12:38:30,7857.0,101332,7857.5,933156,424245,51766,372479,-831824,0.5
1900-01-21 12:38:45,7857.0,384705,7857.5,553344,78372,215310,-136938,-168639,0.5
1900-01-21 12:39:00,7862.5,614022,7863.0,345537,1302714,17876,1284838,268485,0.5
1900-01-21 12:39:15,7862.5,193899,7863.0,1112733,368141,106180,261961,-918834,0.5
1900-01-21 12:39:30,7862.5,567782,7863.0,413945,43888,90778,-46890,153837,0.5
1900-01-21 12:39:45,7854.0,534261,7854.5,462062,41203,498249,-457046,72199,0.5
1900-01-21 12:40:00,7860.0,653050,7860.5,237,210336,166398,43938,652813,0.5
1900-01-21 12:40:15,7861.5,355500,7862.0,951455,41888,122070,-80182,-595955,0.5
1900-01-21 12:40:30,7861.5,277430,7862.0,962808,9853,32401,-22548,-685378,0.5
1900-01-21 12:40:45,7861.5,67531,7862.0,1173776,4626,46951,-42325,-1106245,0.5
1900-01-21 12:41:00,7858.0,18276,7858.5,746778,22232,441738,-419506,-728502,0.5
1900-01-21 12:41:15,7847.5,468698,7848.0,773577,52550,464935,-412385,-304879,0.5
1900-01-21 12:41:30,7846.5,595198,7847.0,283033,143863,108934,34929,312165,0.5
1900-01-21 12:41:45,7849.5,780886,7850.0,36157,252161,43896,208265,744729,0.5
1900-01-21 12:42:00,7852.0,496030,7852.5,217204,160557,10042,150515,278826,0.5
1900-01-21 12:42:15,7853.5,902241,7854.0,4732,109000,16896,92104,897509,0.5
1900-01-21 12:42:30,7854.5,31307,7855.0,1143940,70527,70163,364,-1112633,0.5
1900-01-21 12:42:45,7850.5,7636,7851.0,805509,194530,83083,111447,-797873,0.5
1900-01-21 12:43:00,7836.0,73149,7837.5,116261,120072,683243,-563171,-43112,1.5
1900-01-21 12:43:15,7841.5,873538,7842.0,10454,231023,83842,147181,863084,0.5
1900-01-21 12:43:30,7835.5,476515,7836.0,918581,217906,130073,87833,-442066,0.5
1900-01-21 12:43:45,7841.5,1042803,7842.0,120000,424875,109398,315477,922803,0.5
1900-01-21 12:44:00,7851.0,118126,7851.5,957271,122220,62719,59501,-839145,0.5
1900-01-21 12:44:15,7842.5,116285,7843.0,342202,26725,59799,-33074,-225917,0.5
1900-01-21 12:44:30,7842.5,821,7843.0,1174756,14310,92765,-78455,-1173935,0.5
1900-01-21 12:44:45,7837.0,352550,7837.5,336361,10900,643083,-632183,16189,0.5
1900-01-21 12:45:00,7837.5,100279,7838.0,1053025,146549,227400,-80851,-952746,0.5
1900-01-21 12:45:15,7820.0,67386,7820.5,142296,153072,384300,-231228,-74910,0.5
1900-01-21 12:45:30,7820.0,653586,7820.5,10667,59220,1213142,-1153922,642919,0.5
1900-01-21 12:45:45,7820.5,29299,7821.0,1228590,364412,148757,215655,-1199291,0.5
1900-01-21 12:46:00,7809.0,104288,7809.5,145231,120748,1273221,-1152473,-40943,0.5
1900-01-21 12:46:15,7811.5,616996,7812.0,148914,346351,609805,-263454,468082,0.5
1900-01-21 12:46:30,7807.5,30554,7808.0,118694,446785,1339549,-892764,-88140,0.5
1900-01-21 12:46:45,7785.0,119031,7785.5,17720,264513,4043564,-3779051,101311,0.5
1900-01-21 12:47:00,7782.0,39191,7782.5,16576,1570510,1474929,95581,22615,0.5
1900-01-21 12:47:15,7809.5,7200,7810.0,98096,1560690,632810,927880,-90896,0.5
1900-01-21 12:47:30,7810.5,872659,7815.0,15295,491237,178702,312535,857364,4.5
1900-01-21 12:47:45,7823.0,168229,7828.0,482072,1297431,214131,1083300,-313843,5.0
1900-01-21 12:48:00,7819.5,78704,7820.0,1556504,980600,160469,820131,-1477800,0.5
1900-01-21 12:48:15,7802.5,233892,7803.0,924314,177860,734468,-556608,-690422,0.5
1900-01-21 12:48:30,7813.0,171821,7813.5,20036,643710,441649,202061,151785,0.5
1900-01-21 12:48:45,7800.0,561747,7800.5,367960,362950,777689,-414739,193787,0.5
1900-01-21 12:49:00,7785.0,21846,7785.5,137,245832,421995,-176163,21709,0.5
1900-01-21 12:49:15,7788.0,55614,7788.5,101872,778554,573780,204774,-46258,0.5
1900-01-21 12:49:30,7793.0,730372,7793.5,765708,897166,167460,729706,-35336,0.5
1900-01-21 12:49:45,7806.5,181052,7807.0,55199,512327,120308,392019,125853,0.5
1900-01-21 12:50:00,7801.0,11169,7801.5,158804,72178,535114,-462936,-147635,0.5
1900-01-21 12:50:15,7784.5,13503,7785.0,55308,97134,441312,-344178,-41805,0.5
1900-01-21 12:50:30,7771.5,86895,7772.0,41150,171837,1212580,-1040743,45745,0.5
1900-01-21 12:50:45,7778.5,56697,7780.0,237100,1344059,3245168,-1901109,-180403,1.5
1900-01-21 12:51:00,7785.5,1013,7786.0,29051,532331,160453,371878,-28038,0.5
1900-01-21 12:51:15,7787.5,53745,7788.0,10894,406297,731242,-324945,42851,0.5
1900-01-21 12:51:30,7800.5,132629,7801.0,17303,417609,415438,2171,115326,0.5
1900-01-21 12:51:45,7781.0,8000,7781.5,106086,151161,418892,-267731,-98086,0.5
1900-01-21 12:52:00,7784.5,103951,7785.0,43994,172334,1082707,-910373,59957,0.5
1900-01-21 12:52:15,7778.0,162811,7778.5,288736,312565,667264,-354699,-125925,0.5
1900-01-21 12:52:30,7771.5,304084,7772.0,457435,302723,1490902,-1188179,-153351,0.5
1900-01-21 12:52:45,7759.5,2289,7760.5,18846,174685,2171700,-1997015,-16557,1.0
1900-01-21 12:53:00,7737.0,25919,7740.0,454936,63974,5337222,-5273248,-429017,3.0
1900-01-21 12:53:15,7722.0,610574,7723.0,112866,4759403,9695782,-4936379,497708,1.0
1900-01-21 12:53:30,7742.0,24435,7742.5,235937,6141103,2546722,3594381,-211502,0.5
1900-01-21 12:53:45,7748.0,433625,7748.5,30101,4698529,584485,4114044,403524,0.5
1900-01-21 12:54:00,7750.5,190128,7751.0,4744,1006938,766436,240502,185384,0.5
1900-01-21 12:54:15,7740.5,37006,7741.0,28069,881963,734527,147436,8937,0.5
1900-01-21 12:54:30,7736.5,7949,7738.0,3848,433392,2049050,-1615658,4101,1.5
1900-01-21 12:54:45,7718.0,197871,7718.5,37675,365655,926689,-561034,160196,0.5
1900-01-21 12:55:00,7710.0,142455,7712.0,3684,790521,2332585,-1542064,138771,2.0
1900-01-21 12:55:15,7680.0,264860,7683.0,24502,985156,5138109,-4152953,240358,3.0
1900-01-21 12:55:30,7679.0,20000,7683.0,17410,4681921,4316024,365897,2590,4.0
1900-01-21 12:55:45,7707.5,294576,7708.0,22174,2827196,2443008,384188,272402,0.5
1900-01-21 12:56:00,7717.0,343145,7717.5,143929,2802231,1490162,1312069,199216,0.5
1900-01-21 12:56:15,7729.5,197808,7730.0,111420,1903885,813187,1090698,86388,0.5
1900-01-21 12:56:30,7741.0,278635,7741.5,77820,2182620,230828,1951792,200815,0.5
1900-01-21 12:56:45,7722.0,57440,7722.5,442338,622548,1105004,-482456,-384898,0.5
1900-01-21 12:57:00,7728.0,148999,7738.0,6000,596800,662915,-66115,142999,10.0
1900-01-21 12:57:15,7725.5,364341,7726.0,57036,537239,418354,118885,307305,0.5
1900-01-21 12:57:30,7703.0,676234,7703.5,525006,311225,612395,-301170,151228,0.5
1900-01-21 12:57:45,7714.0,640040,7714.5,142332,474419,536423,-62004,497708,0.5
1900-01-21 12:58:00,7711.5,543558,7712.0,4654,335881,453529,-117648,538904,0.5
1900-01-21 12:58:15,7701.5,1020191,7702.0,26792,554916,472932,81984,993399,0.5
1900-01-21 12:58:30,7707.0,103546,7707.5,37892,326887,819219,-492332,65654,0.5
1900-01-21 12:58:45,7717.5,164295,7718.0,2001,769745,718468,51277,162294,0.5
1900-01-21 12:59:00,7727.0,300931,7730.0,1962,729311,129794,599517,298969,3.0
1900-01-21 12:59:15,7729.0,239720,7729.5,274823,1527402,652499,874903,-35103,0.5
1900-01-21 12:59:30,7727.5,541598,7728.0,141201,691430,227224,464206,400397,0.5
1900-01-21 12:59:45,7739.5,453444,7740.0,133071,861970,280630,581340,320373,0.5
1900-01-21 13:00:00,7743.0,85468,7743.5,327931,395461,45284,350177,-242463,0.5
1900-01-21 13:00:15,7743.0,702533,7743.5,950225,752006,1270332,-518326,-247692,0.5
1900-01-21 13:00:30,7749.5,253723,7750.0,107038,677841,384556,293285,146685,0.5
1900-01-21 13:00:45,7757.0,97418,7757.5,20691,2161808,135166,2026642,76727,0.5
1900-01-21 13:01:00,7764.0,12348,7764.5,5578,2443930,413152,2030778,6770,0.5
1900-01-21 13:01:15,7754.0,107205,7754.5,7105,392811,282555,110256,100100,0.5
1900-01-21 13:01:30,7759.5,4400,7760.0,12050,277286,330147,-52861,-7650,0.5
1900-01-21 13:01:45,7749.5,5000,7750.0,79878,1143440,902336,241104,-74878,0.5
1900-01-21 13:02:00,7741.0,489753,7741.5,208471,59620,872004,-812384,281282,0.5
1900-01-21 13:02:15,7741.0,296192,7741.5,675211,287133,441990,-154857,-379019,0.5
1900-01-21 13:02:30,7728.5,936565,7729.0,123707,72662,632903,-560241,812858,0.5
1900-01-21 13:02:45,7725.0,622112,7725.5,374128,65629,701035,-635406,247984,0.5
1900-01-21 13:03:00,7722.5,446547,7723.0,136744,442124,824267,-382143,309803,0.5
1900-01-21 13:03:15,7722.5,9407,7725.5,431127,668209,429745,238464,-421720,3.0
1900-01-21 13:03:30,7712.5,27939,7713.0,72150,80516,522361,-441845,-44211,0.5
1900-01-21 13:03:45,7694.5,1250,7695.0,40159,126364,1456597,-1330233,-38909,0.5
1900-01-21 13:04:00,7702.0,17442,7702.5,1510,357246,1173247,-816001,15932,0.5
1900-01-21 13:04:15,7707.5,364038,7708.0,129200,1065003,301068,763935,234838,0.5
1900-01-21 13:04:30,7717.0,192291,7717.5,24724,946821,162063,784758,167567,0.5
1900-01-21 13:04:45,7723.0,69255,7723.5,193102,724875,139466,585409,-123847,0.5
1900-01-21 13:05:00,7711.0,240193,7711.5,3393,121634,909722,-788088,236800,0.5
1900-01-21 13:05:15,7699.5,365938,7700.0,1985112,802409,636988,165421,-1619174,0.5
1900-01-21 13:05:30,7686.5,1886,7687.0,20950,1231636,3660321,-2428685,-19064,0.5
1900-01-21 13:05:45,7677.0,358734,7677.5,67374,222010,2496598,-2274588,291360,0.5
1900-01-21 13:06:00,7661.0,66847,7666.5,17291,3730802,849260,2881542,49556,5.5
1900-01-21 13:06:15,7680.5,11452,7681.0,129895,873783,944348,-70565,-118443,0.5
1900-01-21 13:06:30,7650.0,1772803,7652.5,54471,910081,1848756,-938675,1718332,2.5
1900-01-21 13:06:45,7625.5,233480,7645.5,26613,1063986,3741975,-2677989,206867,20.0
1900-01-21 13:07:00,7660.0,87921,7661.0,279821,2195627,1791309,404318,-191900,1.0
1900-01-21 13:07:15,7646.5,16101,7647.0,5042,3275176,2049105,1226071,11059,0.5
1900-01-21 13:07:30,7647.5,134896,7650.0,776481,2190553,3072435,-881882,-641585,2.5
1900-01-21 13:07:45,7637.0,68029,7637.5,5,5577153,794534,4782619,68024,0.5
1900-01-21 13:08:00,7634.0,108401,7634.5,287401,884805,969706,-84901,-179000,0.5
1900-01-21 13:08:15,7603.0,519331,7617.0,160482,920154,4810063,-3889909,358849,14.0
1900-01-21 13:08:30,7632.5,84000,7633.5,45156,1210313,1408501,-198188,38844,1.0
1900-01-21 13:08:45,7629.5,220809,7630.0,35523,1954025,1845789,108236,185286,0.5
1900-01-21 13:09:00,7632.0,660989,7632.5,3000,1587446,1190495,396951,657989,0.5
1900-01-21 13:09:15,7620.5,7619,7622.0,9384,568423,2513195,-1944772,-1765,1.5
1900-01-21 13:09:30,7589.0,480456,7599.5,9880,458337,1931536,-1473199,470576,10.5
1900-01-21 13:09:45,7588.5,58034,7589.0,102919,642520,5160665,-4518145,-44885,0.5
1900-01-21 13:10:00,7609.5,49892,7610.0,36202,1157693,1868776,-711083,13690,0.5
1900-01-21 13:10:15,7629.5,30099,7630.0,3193,2159712,561004,1598708,26906,0.5
1900-01-21 13:10:30,7635.5,235777,7636.0,190402,1671338,671283,1000055,45375,0.5
1900-01-21 13:10:45,7642.5,1606,7643.0,64945,1165979,585396,580583,-63339,0.5
1900-01-21 13:11:00,7666.0,6091,7671.0,11069,1189267,708784,480483,-4978,5.0
1900-01-21 13:11:15,7668.5,57288,7669.0,16840,1114903,333895,781008,40448,0.5
1900-01-21 13:11:30,7659.5,516151,7660.0,377178,390043,701024,-310981,138973,0.5
1900-01-21 13:11:45,7658.0,19345,7658.5,2305743,369526,687069,-317543,-2286398,0.5
1900-01-21 13:12:00,7655.0,149033,7658.0,21130,685285,590320,94965,127903,3.0
1900-01-21 13:12:15,7679.5,430449,7680.0,144135,534461,488417,46044,286314,0.5
1900-01-21 13:12:30,7667.0,52800,7667.5,19249,853372,433283,420089,33551,0.5
1900-01-21 13:12:45,7679.5,179583,7680.0,186640,2824091,243165,2580926,-7057,0.5
1900-01-21 13:13:00,7679.5,407896,7680.0,98761,428712,137796,290916,309135,0.5
1900-01-21 13:13:15,7679.5,4534,7680.0,783456,954246,672928,281318,-778922,0.5
1900-01-21 13:13:30,7664.0,223052,7664.5,267090,227182,499758,-272576,-44038,0.5
1900-01-21 13:13:45,7663.5,297230,7664.0,92087,390630,901571,-510941,205143,0.5
1900-01-21 13:14:00,7674.5,585600,7675.0,28711,300221,138131,162090,556889,0.5
1900-01-21 13:14:15,7679.0,659480,7679.5,24074,510933,81514,429419,635406,0.5
1900-01-21 13:14:30,7690.0,452094,7690.5,12999,1146955,244928,902027,439095,0.5
1900-01-21 13:14:45,7690.0,852868,7690.5,236815,1206490,610582,595908,616053,0.5
1900-01-21 13:15:00,7690.5,913094,7691.0,193646,844671,269446,575225,719448,0.5
1900-01-21 13:15:15,7695.0,70986,7695.5,2355,1271250,374223,897027,68631,0.5
1900-01-21 13:15:30,7707.5,91349,7708.0,220449,2713760,59182,2654578,-129100,0.5
1900-01-21 13:15:45,7706.0,265627,7706.5,677060,859373,1272104,-412731,-411433,0.5
1900-01-21 13:16:00,7689.0,18105,7689.5,45536,844759,638792,205967,-27431,0.5
1900-01-21 13:16:15,7683.5,57713,7684.0,3160,169036,1272620,-1103584,54553,0.5
1900-01-21 13:16:30,7691.5,11459,7692.0,806890,766950,316741,450209,-795431,0.5
1900-01-21 13:16:45,7677.0,12092,7677.5,249660,49911,303835,-253924,-237568,0.5
1900-01-21 13:17:00,7679.5,612520,7680.0,303931,470113,206961,263152,308589,0.5
1900-01-21 13:17:15,7675.0,273710,7676.0,792890,159755,1761148,-1601393,-519180,1.0
1900-01-21 13:17:30,7672.0,4949,7672.5,4201,134003,1211912,-1077909,748,0.5
1900-01-21 13:17:45,7669.5,1273233,7670.0,121999,61899,604596,-542697,1151234,0.5
1900-01-21 13:18:00,7686.0,1554909,7686.5,133108,692112,102993,589119,1421801,0.5
1900-01-21 13:18:15,7692.0,557702,7692.5,497302,547131,113826,433305,60400,0.5
1900-01-21 13:18:30,7688.0,3290,7688.5,99549,746356,542032,204324,-96259,0.5
1900-01-21 13:18:45,7684.0,524268,7684.5,335458,42545,646825,-604280,188810,0.5
1900-01-21 13:19:00,7669.5,95043,7670.0,63626,89860,327286,-237426,31417,0.5
1900-01-21 13:19:15,7676.0,1350765,7676.5,22000,332219,293782,38437,1328765,0.5
1900-01-21 13:19:30,7683.5,625970,7684.0,117651,187927,128014,59913,508319,0.5
1900-01-21 13:19:45,7689.0,28496,7689.5,2723,211619,292294,-80675,25773,0.5
1900-01-21 13:20:00,7692.0,682336,7692.5,28305,318374,95022,223352,654031,0.5
1900-01-21 13:20:15,7699.5,1006648,7700.0,1469105,424703,15020,409683,-462457,0.5
1900-01-21 13:20:30,7695.5,87241,7696.0,265656,670500,636994,33506,-178415,0.5
1900-01-21 13:21:45,7717.5,86895,7718.0,169754,589690,600634,-10944,-82859,0.5
1900-01-21 13:22:00,7710.0,169381,7710.5,415151,772148,487515,284633,-245770,0.5
1900-01-21 13:22:15,7713.5,339481,7714.0,1216317,483700,106440,377260,-876836,0.5
1900-01-21 13:22:30,7713.5,326577,7714.0,196320,698429,381621,316808,130257,0.5
1900-01-21 13:22:45,7718.0,411230,7718.5,220237,401300,261726,139574,190993,0.5
1900-01-21 13:23:00,7719.5,794989,7720.0,198455,1126738,96584,1030154,596534,0.5
1900-01-21 13:23:15,7717.0,22036,7717.5,36769,1105035,862321,242714,-14733,0.5
1900-01-21 13:23:30,7695.5,3500,7696.0,4200,87419,1635495,-1548076,-700,0.5
1900-01-21 13:23:45,7700.5,625517,7701.0,449598,810386,168563,641823,175919,0.5
1900-01-21 13:24:00,7694.5,14720,7695.0,771294,202545,225186,-22641,-756574,0.5
1900-01-21 13:24:15,7686.5,979385,7687.0,143908,74781,649334,-574553,835477,0.5
1900-01-21 13:24:30,7699.5,287438,7700.0,882669,521025,373102,147923,-595231,0.5
1900-01-21 13:24:45,7699.5,368759,7700.0,824907,504102,308617,195485,-456148,0.5
1900-01-21 13:25:00,7705.5,1124300,7706.0,19774,1274385,357241,917144,1104526,0.5
1900-01-21 13:25:15,7709.0,181298,7709.5,451648,688617,118598,570019,-270350,0.5
1900-01-21 13:25:30,7709.5,233088,7710.0,172534,569292,249203,320089,60554,0.5
1900-01-21 13:25:45,7716.0,426366,7716.5,725709,351992,489990,-137998,-299343,0.5
1900-01-21 13:26:00,7711.5,207238,7712.0,971329,325218,351908,-26690,-764091,0.5
1900-01-21 13:26:15,7707.5,372522,7708.0,58666,462853,128454,334399,313856,0.5
1900-01-21 13:26:30,7708.5,654015,7709.0,33174,353880,12946,340934,620841,0.5
1900-01-21 13:26:45,7711.5,655399,7712.0,49397,237625,123843,113782,606002,0.5
1900-01-21 13:27:00,7711.5,200616,7712.0,930593,90815,205107,-114292,-729977,0.5
1900-01-21 13:27:15,7700.5,1818,7701.0,331133,96139,388448,-292309,-329315,0.5
1900-01-21 13:27:30,7700.0,397183,7700.5,410017,51895,433618,-381723,-12834,0.5
1900-01-21 13:27:45,7700.0,527333,7700.5,216399,138877,227780,-88903,310934,0.5
1900-01-21 13:28:00,7707.0,307601,7707.5,555535,343501,93691,249810,-247934,0.5
1900-01-21 13:28:15,7700.0,22926,7700.5,976869,65994,299978,-233984,-953943,0.5
1900-01-21 13:28:30,7690.5,145041,7691.0,530868,60218,505208,-444990,-385827,0.5
1900-01-21 13:28:45,7693.0,61733,7693.5,856201,207892,625288,-417396,-794468,0.5
1900-01-21 13:29:00,7690.0,190743,7690.5,756241,99042,2163807,-2064765,-565498,0.5
1900-01-21 13:29:15,7684.0,52885,7684.5,1036667,60112,829337,-769225,-983782,0.5
1900-01-21 13:29:30,7697.5,111095,7698.0,35415,657229,90849,566380,75680,0.5
1900-01-21 13:29:45,7703.5,3003,7704.0,10000,181334,353876,-172542,-6997,0.5
1900-01-21 13:30:00,7701.0,250805,7701.5,211776,145942,497810,-351868,39029,0.5
1900-01-21 13:30:15,7701.0,678003,7701.5,1809,268216,226449,41767,676194,0.5
1900-01-21 13:30:30,7706.5,562966,7707.0,43427,751532,52690,698842,519539,0.5
1900-01-21 13:30:45,7706.5,648796,7707.0,330359,456572,30586,425986,318437,0.5
1900-01-21 13:31:00,7701.5,31072,7702.0,262909,252203,152905,99298,-231837,0.5
1900-01-21 13:31:15,7696.0,89401,7696.5,856480,51090,418674,-367584,-767079,0.5
1900-01-21 13:31:30,7698.0,668182,7698.5,14997,727867,233154,494713,653185,0.5
1900-01-21 13:31:45,7703.5,343239,7704.0,524057,50849,111843,-60994,-180818,0.5
1900-01-21 13:32:00,7703.5,312220,7704.0,674837,113256,130772,-17516,-362617,0.5
1900-01-21 13:32:15,7702.0,29626,7702.5,968245,70541,162719,-92178,-938619,0.5
1900-01-21 13:32:30,7696.0,423903,7696.5,600810,25950,293890,-267940,-176907,0.5
1900-01-21 13:32:45,7699.5,512288,7700.0,1099246,167706,88739,78967,-586958,0.5
1900-01-21 13:33:00,7699.5,1113508,7700.0,1547243,82010,33307,48703,-433735,0.5
1900-01-21 13:33:15,7696.0,74604,7696.5,201130,77220,680978,-603758,-126526,0.5
1900-01-21 13:33:30,7691.5,2886,7692.0,880818,6048,139099,-133051,-877932,0.5
1900-01-21 13:33:45,7691.0,618207,7691.5,192527,211733,103394,108339,425680,0.5
1900-01-21 13:34:00,7686.5,99299,7687.0,719499,493362,458259,35103,-620200,0.5
1900-01-21 13:34:15,7698.5,643677,7699.0,1037515,1392217,190604,1201613,-393838,0.5
1900-01-21 13:34:30,7698.5,682136,7699.0,585651,135471,478398,-342927,96485,0.5
1900-01-21 13:34:45,7698.5,646309,7699.0,1658232,46864,125274,-78410,-1011923,0.5
1900-01-21 13:35:00,7693.0,177329,7693.5,551190,14113,327046,-312933,-373861,0.5
1900-01-21 13:35:15,7690.0,7899,7690.5,1413543,15598,61741,-46143,-1405644,0.5
1900-01-21 13:35:30,7685.0,333809,7685.5,450581,183235,242167,-58932,-116772,0.5
1900-01-21 13:35:45,7685.0,721205,7685.5,306409,284931,90516,194415,414796,0.5
1900-01-21 13:36:00,7685.0,651625,7685.5,199045,302888,107147,195741,452580,0.5
1900-01-21 13:36:15,7685.5,603270,7686.0,275311,273992,3020,270972,327959,0.5
1900-01-21 13:36:30,7683.0,10752,7683.5,559660,83390,259426,-176036,-548908,0.5
1900-01-21 13:36:45,7669.0,26844,7670.0,11475,14030,525782,-511752,15369,1.0
1900-01-21 13:37:00,7673.0,398166,7673.5,199759,173242,381262,-208020,198407,0.5
1900-01-21 13:37:15,7673.0,265049,7673.5,852693,399080,212238,186842,-587644,0.5
1900-01-21 13:37:30,7671.0,45734,7671.5,1432111,140034,342171,-202137,-1386377,0.5
1900-01-21 13:37:45,7667.0,3546,7667.5,1021839,149914,257851,-107937,-1018293,0.5
1900-01-21 13:38:00,7659.5,8000,7660.0,103984,167697,688788,-521091,-95984,0.5
1900-01-21 13:38:15,7669.5,215,7670.0,102094,582771,209960,372811,-101879,0.5
1900-01-21 13:38:30,7670.5,766641,7671.0,229060,287693,530143,-242450,537581,0.5
1900-01-21 13:38:45,7672.0,221920,7672.5,915129,435867,471562,-35695,-693209,0.5
1900-01-21 13:39:00,7679.5,34354,7680.0,500372,341197,149302,191895,-466018,0.5
1900-01-21 13:39:15,7683.0,675981,7683.5,279471,815155,29606,785549,396510,0.5
1900-01-21 13:39:30,7694.5,164742,7695.0,27556,579871,35660,544211,137186,0.5
1900-01-21 13:39:45,7689.0,5633,7689.5,1118407,370424,182254,188170,-1112774,0.5
1900-01-21 13:40:00,7688.0,231372,7688.5,920882,47356,252979,-205623,-689510,0.5
1900-01-21 13:40:15,7688.0,283189,7688.5,945938,124718,171129,-46411,-662749,0.5
1900-01-21 13:40:30,7693.0,646185,7693.5,341369,484392,101145,383247,304816,0.5
1900-01-21 13:40:45,7697.0,1036617,7697.5,56089,353086,25470,327616,980528,0.5
1900-01-21 13:41:00,7705.5,20000,7706.5,63671,3252837,87746,3165091,-43671,1.0
1900-01-21 13:41:15,7707.0,94923,7707.5,537127,435032,88289,346743,-442204,0.5
1900-01-21 13:41:30,7707.0,1041229,7707.5,267062,244152,185833,58319,774167,0.5
1900-01-21 13:41:45,7706.0,1012827,7706.5,96403,257819,270462,-12643,916424,0.5
1900-01-21 13:42:00,7723.0,10070,7723.5,25573,567347,129776,437571,-15503,0.5
1900-01-21 13:42:15,7718.0,105183,7718.5,514436,961259,592682,368577,-409253,0.5
1900-01-21 13:42:30,7716.0,64028,7716.5,18127,372927,519406,-146479,45901,0.5
1900-01-21 13:42:45,7717.0,148203,7717.5,669692,404941,199622,205319,-521489,0.5
1900-01-21 13:43:00,7714.5,1023463,7715.0,21802,230328,188091,42237,1001661,0.5
1900-01-21 13:43:15,7717.0,991874,7717.5,89215,417391,150320,267071,902659,0.5
1900-01-21 13:43:30,7727.5,388110,7728.0,42150,246303,141640,104663,345960,0.5
1900-01-21 13:43:45,7732.0,2317798,7732.5,14189,1081266,64210,1017056,2303609,0.5
1900-01-21 13:44:00,7734.5,1116797,7735.0,526220,2992074,46940,2945134,590577,0.5
1900-01-21 13:44:15,7732.0,33267,7732.5,1186581,1285785,577825,707960,-1153314,0.5
1900-01-21 13:44:30,7730.0,924582,7730.5,144588,241538,3165586,-2924048,779994,0.5
1900-01-21 13:44:45,7737.5,1129564,7738.0,397399,746149,99379,646770,732165,0.5
1900-01-21 13:45:00,7742.0,26000,7742.5,108,388562,55406,333156,25892,0.5
1900-01-21 13:45:15,7748.5,89362,7749.0,19114,696670,327563,369107,70248,0.5
1900-01-21 13:45:30,7749.5,1728477,7750.0,722427,4543686,481053,4062633,1006050,0.5
1900-01-21 13:45:45,7743.5,187149,7744.0,539315,260454,654471,-394017,-352166,0.5
1900-01-21 13:46:00,7738.0,551163,7738.5,19401,182748,1396398,-1213650,531762,0.5
1900-01-21 13:46:15,7742.5,1458493,7743.0,269962,325745,219575,106170,1188531,0.5
1900-01-21 13:46:30,7739.0,581138,7739.5,468058,213460,656740,-443280,113080,0.5
1900-01-21 13:46:45,7742.0,2103517,7742.5,32239,134790,272036,-137246,2071278,0.5
1900-01-21 13:47:00,7748.5,238952,7749.0,667377,202606,73206,129400,-428425,0.5
1900-01-21 13:47:15,7748.5,279933,7749.0,599671,185018,180016,5002,-319738,0.5
1900-01-21 13:47:30,7741.5,71567,7742.0,676512,98222,369474,-271252,-604945,0.5
1900-01-21 13:47:45,7739.0,181895,7739.5,460451,121812,389784,-267972,-278556,0.5
1900-01-21 13:48:00,7737.0,403848,7737.5,448310,46704,450033,-403329,-44462,0.5
1900-01-21 13:48:15,7735.5,105712,7736.0,876833,24983,462277,-437294,-771121,0.5
1900-01-21 13:48:30,7739.5,879586,7740.0,55667,96924,144194,-47270,823919,0.5
1900-01-21 13:48:45,7737.0,38143,7737.5,533499,103653,449701,-346048,-495356,0.5
1900-01-21 13:49:00,7735.5,1263901,7736.0,85762,20072,56076,-36004,1178139,0.5
1900-01-21 13:49:15,7737.5,985201,7738.0,181303,91178,127170,-35992,803898,0.5
1900-01-21 13:49:30,7737.5,527867,7738.0,617196,181409,130322,51087,-89329,0.5
1900-01-21 13:49:45,7737.0,853019,7737.5,176275,15040,471492,-456452,676744,0.5
1900-01-21 13:50:00,7736.0,159847,7736.5,629466,70074,56991,13083,-469619,0.5
1900-01-21 13:50:15,7718.0,586953,7718.5,343202,13654,607010,-593356,243751,0.5
1900-01-21 13:50:30,7730.0,37888,7730.5,81710,450548,393793,56755,-43822,0.5
1900-01-21 13:50:45,7719.5,874,7720.0,88507,18429,287433,-269004,-87633,0.5
1900-01-21 13:51:00,7713.5,631408,7714.0,8689,92053,1185356,-1093303,622719,0.5
1900-01-21 13:51:15,7721.5,24634,7722.0,1010457,273447,183979,89468,-985823,0.5
1900-01-21 13:51:30,7711.5,109886,7712.0,147012,65174,370300,-305126,-37126,0.5
1900-01-21 13:51:45,7707.5,1149458,7708.0,400360,83418,383791,-300373,749098,0.5
1900-01-21 13:52:00,7719.5,467187,7720.0,260022,385621,209323,176298,207165,0.5
1900-01-21 13:52:15,7718.0,1529,7718.5,242058,176246,100049,76197,-240529,0.5
1900-01-21 13:52:30,7717.5,1463740,7718.0,163279,209735,129893,79842,1300461,0.5
1900-01-21 13:52:45,7717.0,1036914,7717.5,187732,27858,111541,-83683,849182,0.5
1900-01-21 13:53:00,7722.5,1286265,7723.0,202085,936535,69522,867013,1084180,0.5
1900-01-21 13:53:15,7726.0,1045348,7726.5,2,170432,33652,136780,1045346,0.5
1900-01-21 13:53:30,7729.5,806074,7730.0,52322,152536,186105,-33569,753752,0.5
1900-01-21 13:53:45,7733.5,1357492,7734.0,28782,151066,71166,79900,1328710,0.5
1900-01-21 13:54:00,7732.0,26336,7732.5,897134,107022,165013,-57991,-870798,0.5
1900-01-21 13:54:15,7726.0,1084117,7726.5,150169,107454,246965,-139511,933948,0.5
1900-01-21 13:54:30,7726.0,245407,7726.5,703494,154732,87222,67510,-458087,0.5
1900-01-21 13:54:45,7728.0,1485746,7728.5,51521,96612,28444,68168,1434225,0.5
1900-01-21 13:55:00,7734.5,483597,7735.0,10935,91462,88642,2820,472662,0.5
1900-01-21 13:55:15,7737.0,617511,7737.5,606397,261006,68400,192606,11114,0.5
1900-01-21 13:55:30,7737.0,662372,7737.5,469797,50157,73000,-22843,192575,0.5
1900-01-21 13:55:45,7737.0,1205560,7737.5,119178,297943,47484,250459,1086382,0.5
1900-01-21 13:56:00,7740.0,1834979,7740.5,42362,933133,28852,904281,1792617,0.5
1900-01-21 13:56:15,7749.5,609942,7750.0,490191,481795,309918,171877,119751,0.5
1900-01-21 13:56:30,7754.0,57756,7754.5,26200,604045,550321,53724,31556,0.5
1900-01-21 13:56:45,7757.0,130698,7757.5,6953,798751,841090,-42339,123745,0.5
1900-01-21 13:57:00,7744.5,185700,7745.0,58864,640515,341643,298872,126836,0.5
1900-01-21 13:57:15,7753.0,627245,7753.5,34885,189917,342549,-152632,592360,0.5
1900-01-21 13:57:30,7753.0,837579,7753.5,198868,203887,80533,123354,638711,0.5
1900-01-21 13:57:45,7750.0,300676,7750.5,341055,137917,144749,-6832,-40379,0.5
1900-01-21 13:58:00,7749.5,701904,7750.0,166588,102943,422978,-320035,535316,0.5
1900-01-21 13:58:15,7750.0,443124,7750.5,466732,160432,78777,81655,-23608,0.5
1900-01-21 13:58:30,7745.5,836071,7746.0,317186,62778,399832,-337054,518885,0.5
1900-01-21 13:58:45,7745.5,57863,7746.0,1028517,69624,59284,10340,-970654,0.5
1900-01-21 13:59:00,7745.0,815171,7745.5,473792,35499,70783,-35284,341379,0.5
1900-01-21 13:59:15,7745.0,66681,7745.5,962049,5828,215916,-210088,-895368,0.5
1900-01-21 13:59:30,7744.5,1158736,7745.0,161257,114946,110672,4274,997479,0.5
1900-01-21 13:59:45,7760.0,10917,7760.5,95137,841301,71270,770031,-84220,0.5
1900-01-21 14:00:00,7761.5,271476,7762.0,509130,761140,37247,723893,-237654,0.5
1900-01-21 14:00:15,7769.5,52901,7770.0,159288,1576933,268112,1308821,-106387,0.5
1900-01-21 14:00:30,7773.5,797476,7774.0,309337,1160497,63726,1096771,488139,0.5
1900-01-21 14:00:45,7769.0,10000,7769.5,477814,430858,581537,-150679,-467814,0.5
1900-01-21 14:01:00,7771.5,363755,7772.0,165653,844633,788590,56043,198102,0.5
1900-01-21 14:01:15,7769.5,58353,7770.0,476045,1002156,415106,587050,-417692,0.5
1900-01-21 14:01:30,7768.5,226079,7769.0,409768,287276,324954,-37678,-183689,0.5
1900-01-21 14:01:45,7761.0,75145,7761.5,282592,52594,149039,-96445,-207447,0.5
1900-01-21 14:02:00,7761.0,279552,7761.5,1032338,102133,1332178,-1230045,-752786,0.5
1900-01-21 14:02:15,7754.5,987560,7755.0,410556,74732,310295,-235563,577004,0.5
1900-01-21 14:02:30,7761.0,1020037,7761.5,361414,365124,189126,175998,658623,0.5
1900-01-21 14:02:45,7761.0,942108,7761.5,281678,199635,54361,145274,660430,0.5
1900-01-21 14:03:00,7761.0,744311,7761.5,35124,559793,208208,351585,709187,0.5
1900-01-21 14:03:15,7763.5,491413,7764.0,221130,108035,334679,-226644,270283,0.5
1900-01-21 14:03:30,7760.0,3463136,7760.5,1103284,590364,1292525,-702161,2359852,0.5
1900-01-21 14:03:45,7752.5,314177,7753.0,791427,52618,610503,-557885,-477250,0.5
1900-01-21 14:04:00,7750.5,1058923,7751.0,265160,383619,574130,-190511,793763,0.5
1900-01-21 14:04:15,7756.0,510470,7756.5,34250,126455,118540,7915,476220,0.5
1900-01-21 14:04:30,7756.0,912378,7756.5,4794,63908,32612,31296,907584,0.5
1900-01-21 14:04:45,7746.0,68307,7746.5,12631,114952,122824,-7872,55676,0.5
1900-01-21 14:05:00,7745.0,68405,7745.5,1267321,48465,1698184,-1649719,-1198916,0.5
1900-01-21 14:05:15,7736.5,187095,7737.0,454070,26158,847634,-821476,-266975,0.5
1900-01-21 14:05:30,7749.0,204013,7749.5,737891,454610,340038,114572,-533878,0.5
1900-01-21 14:05:45,7747.0,284909,7747.5,343,392058,208837,183221,284566,0.5
1900-01-21 14:06:00,7754.0,223539,7754.5,68305,424367,101335,323032,155234,0.5
1900-01-21 14:06:15,7755.5,224552,7756.0,1073914,166401,37096,129305,-849362,0.5
1900-01-21 14:06:30,7770.5,104955,7771.0,165044,297728,344529,-46801,-60089,0.5
1900-01-21 14:06:45,7755.0,815803,7755.5,200187,142003,675329,-533326,615616,0.5
1900-01-21 14:07:00,7768.5,888074,7769.0,787406,499279,98540,400739,100668,0.5
1900-01-21 14:07:15,7756.0,165327,7756.5,550092,240743,1125118,-884375,-384765,0.5
1900-01-21 14:07:30,7757.0,622067,7757.5,25,177033,8912,168121,622042,0.5
1900-01-21 14:07:45,7764.0,886622,7764.5,145693,273049,820,272229,740929,0.5
1900-01-21 14:08:00,7767.5,275730,7768.0,627853,266367,56264,210103,-352123,0.5
1900-01-21 14:08:15,7767.5,858579,7768.0,62018,138084,179823,-41739,796561,0.5
1900-01-21 14:08:30,7766.0,853775,7766.5,323896,124424,110004,14420,529879,0.5
1900-01-21 14:08:45,7766.0,850204,7766.5,100247,130352,115296,15056,749957,0.5
1900-01-21 14:09:00,7767.5,429000,7768.0,192061,376491,11643,364848,236939,0.5
1900-01-21 14:09:15,7767.5,1030284,7768.0,70631,105197,30600,74597,959653,0.5
1900-01-21 14:09:30,7768.5,601794,7769.0,102326,142446,197932,-55486,499468,0.5
1900-01-21 14:09:45,7769.5,1051979,7770.0,43199,182366,7000,175366,1008780,0.5
1900-01-21 14:10:00,7770.5,1419665,7771.0,69946,257972,6606,251366,1349719,0.5
1900-01-21 14:10:15,7788.5,50469,7789.0,270448,2197777,18762,2179015,-219979,0.5
1900-01-21 14:10:30,7777.0,40267,7779.5,8000,735523,369039,366484,32267,2.5
1900-01-21 14:10:45,7779.5,99144,7780.0,6979,368255,183502,184753,92165,0.5
1900-01-21 14:11:00,7783.0,3298,7783.5,20898,344010,100928,243082,-17600,0.5
1900-01-21 14:11:15,7783.0,806664,7783.5,23401,167432,253016,-85584,783263,0.5
1900-01-21 14:11:30,7785.5,16009,7786.0,147307,852064,140797,711267,-131298,0.5
1900-01-21 14:11:45,7787.0,689190,7787.5,276745,444521,192678,251843,412445,0.5
1900-01-21 14:12:00,7786.0,641892,7786.5,154045,248019,353553,-105534,487847,0.5
1900-01-21 14:12:15,7788.5,362116,7789.0,6889,160359,348500,-188141,355227,0.5
1900-01-21 14:12:30,7789.5,299151,7790.0,503640,741678,70357,671321,-204489,0.5
1900-01-21 14:12:45,7789.5,16632,7790.0,688633,334537,237319,97218,-672001,0.5
1900-01-21 14:13:00,7788.5,250907,7789.0,742141,53088,507747,-454659,-491234,0.5
1900-01-21 14:13:15,7787.0,100319,7787.5,383172,34335,1247932,-1213597,-282853,0.5
1900-01-21 14:13:30,7787.0,231221,7787.5,768110,138531,621475,-482944,-536889,0.5
1900-01-21 14:13:45,7786.0,457604,7786.5,1063732,30065,520897,-490832,-606128,0.5
1900-01-21 14:14:00,7783.5,11280,7784.0,1357217,5821,686608,-680787,-1345937,0.5
1900-01-21 14:14:15,7776.0,179200,7776.5,199758,16348,354858,-338510,-20558,0.5
1900-01-21 14:14:30,7789.5,307261,7790.0,983522,281414,215277,66137,-676261,0.5
1900-01-21 14:14:45,7781.5,61522,7782.0,730105,176632,195389,-18757,-668583,0.5
1900-01-21 14:15:00,7781.5,544597,7782.0,502822,62731,21624,41107,41775,0.5
1900-01-21 14:15:15,7788.5,120686,7789.0,22837,203117,15068,188049,97849,0.5
1900-01-21 14:15:30,7786.0,312054,7786.5,419850,160156,55774,104382,-107796,0.5
1900-01-21 14:15:45,7784.0,180619,7784.5,616001,46080,213974,-167894,-435382,0.5
1900-01-21 14:16:00,7781.5,1291142,7782.0,50485,42965,68829,-25864,1240657,0.5
1900-01-21 14:16:15,7780.5,46134,7781.0,25540,153190,303847,-150657,20594,0.5
1900-01-21 14:16:30,7776.0,114062,7776.5,754956,16278,608905,-592627,-640894,0.5
1900-01-21 14:16:45,7773.0,95537,7773.5,5763561,53278,616019,-562741,-5668024,0.5
1900-01-21 14:17:00,7769.0,147346,7769.5,1025677,18422,475208,-456786,-878331,0.5
1900-01-21 14:17:15,7769.5,242758,7770.0,807686,190372,633156,-442784,-564928,0.5
1900-01-21 14:17:30,7767.0,75927,7767.5,962700,190938,275813,-84875,-886773,0.5
1900-01-21 14:17:45,7766.0,747759,7766.5,332356,13262,171228,-157966,415403,0.5
1900-01-21 14:18:00,7766.0,976588,7766.5,660717,51503,113357,-61854,315871,0.5
1900-01-21 14:18:15,7766.0,28538,7766.5,1389279,20633,116231,-95598,-1360741,0.5
1900-01-21 14:18:30,7763.5,3111,7764.0,1217763,44144,120737,-76593,-1214652,0.5
1900-01-21 14:18:45,7760.5,548338,7761.0,533970,30462,624439,-593977,14368,0.5
1900-01-21 14:19:00,7763.5,1429884,7764.0,26337,321967,76318,245649,1403547,0.5
1900-01-21 14:19:15,7765.5,878866,7766.0,525687,435087,197194,237893,353179,0.5
1900-01-21 14:19:30,7768.0,1103317,7768.5,26982,55602,34941,20661,1076335,0.5
1900-01-21 14:19:45,7771.0,372809,7771.5,21366,302015,1710,300305,351443,0.5
1900-01-21 14:20:00,7778.0,84932,7778.5,9600,167205,14654,152551,75332,0.5
1900-01-21 14:20:15,7782.0,515672,7782.5,299752,375976,65808,310168,215920,0.5
1900-01-21 14:20:30,7781.5,3448,7782.0,1029873,121068,359732,-238664,-1026425,0.5
1900-01-21 14:20:45,7775.0,12918,7775.5,30047,121374,137401,-16027,-17129,0.5
1900-01-21 14:21:00,7778.0,204545,7778.5,638331,123812,30804,93008,-433786,0.5
1900-01-21 14:21:15,7778.0,348978,7778.5,671391,124234,131759,-7525,-322413,0.5
1900-01-21 14:21:30,7778.0,1062641,7778.5,26713,138802,25042,113760,1035928,0.5
1900-01-21 14:21:45,7778.5,1186234,7779.0,56342,58605,30918,27687,1129892,0.5
1900-01-21 14:22:00,7778.5,127319,7779.0,770165,60691,29282,31409,-642846,0.5
1900-01-21 14:22:15,7766.5,179116,7767.0,88885,121724,322232,-200508,90231,0.5
1900-01-21 14:22:30,7766.5,1679745,7767.0,41888,38863,197244,-158381,1637857,0.5
1900-01-21 14:22:45,7766.5,1190039,7767.0,198968,55111,100608,-45497,991071,0.5
1900-01-21 14:23:00,7765.0,4951,7765.5,703382,29584,138907,-109323,-698431,0.5
1900-01-21 14:23:15,7755.0,182661,7755.5,132087,27998,360203,-332205,50574,0.5
1900-01-21 14:23:30,7751.0,185353,7751.5,1075159,41447,752272,-710825,-889806,0.5
1900-01-21 14:23:45,7749.0,748893,7749.5,170152,60392,1051140,-990748,578741,0.5
1900-01-21 14:24:00,7749.5,622574,7750.0,314516,467050,291026,176024,308058,0.5
1900-01-21 14:24:15,7749.5,581382,7750.0,1875760,94835,179678,-84843,-1294378,0.5
1900-01-21 14:24:30,7736.5,53571,7737.0,179074,78877,1341702,-1262825,-125503,0.5
1900-01-21 14:24:45,7724.5,204228,7725.0,384481,45146,1026099,-980953,-180253,0.5
1900-01-21 14:25:00,7740.0,236823,7740.5,1000,1423841,520456,903385,235823,0.5
1900-01-21 14:25:15,7736.5,61237,7737.0,1256376,156776,233336,-76560,-1195139,0.5
1900-01-21 14:25:30,7738.0,174907,7738.5,1202,360039,357034,3005,173705,0.5
1900-01-21 14:25:45,7739.5,282991,7740.0,881716,257045,78099,178946,-598725,0.5
1900-01-21 14:26:00,7740.0,1439486,7740.5,1010155,135811,53394,82417,429331,0.5
1900-01-21 14:26:15,7740.0,930524,7740.5,634746,416262,443902,-27640,295778,0.5
1900-01-21 14:26:30,7740.0,109825,7740.5,1773240,212748,244089,-31341,-1663415,0.5
1900-01-21 14:26:45,7735.0,453042,7735.5,332181,10866,190424,-179558,120861,0.5
1900-01-21 14:27:00,7740.0,170115,7740.5,1366135,478307,97311,380996,-1196020,0.5
1900-01-21 14:27:15,7740.0,271499,7740.5,497122,10704,27036,-16332,-225623,0.5
1900-01-21 14:27:30,7740.0,1048303,7740.5,22653,95259,17398,77861,1025650,0.5
1900-01-21 14:27:45,7741.5,683950,7742.0,152006,63441,2298,61143,531944,0.5
1900-01-21 14:28:00,7748.0,395760,7748.5,33858,479471,20621,458850,361902,0.5
1900-01-21 14:28:15,7748.0,65523,7748.5,1051032,93346,348841,-255495,-985509,0.5
1900-01-21 14:28:30,7747.5,566078,7748.0,222940,28706,60873,-32167,343138,0.5
1900-01-21 14:28:45,7748.0,804256,7748.5,40611,82836,94180,-11344,763645,0.5
1900-01-21 14:29:00,7748.0,876917,7748.5,76846,37706,4576,33130,800071,0.5
1900-01-21 14:29:15,7749.5,723423,7750.0,19130,56906,22672,34234,704293,0.5
1900-01-21 14:29:30,7752.5,481173,7753.0,817297,675553,6916,668637,-336124,0.5
1900-01-21 14:29:45,7752.5,82599,7753.0,1068899,9999,39820,-29821,-986300,0.5
1900-01-21 14:30:00,7739.0,247664,7739.5,763953,60506,95222,-34716,-516289,0.5
1900-01-21 14:30:15,7735.5,142298,7736.0,1311180,36238,149666,-113428,-1168882,0.5
1900-01-21 14:30:30,7735.5,848945,7736.0,278730,127031,73482,53549,570215,0.5
1900-01-21 14:30:45,7738.0,407484,7738.5,54209,89665,62388,27277,353275,0.5
1900-01-21 14:31:00,7738.0,180500,7738.5,998539,228766,40233,188533,-818039,0.5
1900-01-21 14:31:15,7736.0,40414,7736.5,1290565,15348,279211,-263863,-1250151,0.5
1900-01-21 14:31:30,7724.5,88568,7725.0,77661,12906,270494,-257588,10907,0.5
1900-01-21 14:31:45,7734.0,667576,7734.5,14000,508375,144800,363575,653576,0.5
1900-01-21 14:32:00,7734.0,80789,7734.5,1236690,50290,20835,29455,-1155901,0.5
1900-01-21 14:32:15,7731.0,528608,7731.5,459986,12404,140982,-128578,68622,0.5
1900-01-21 14:32:30,7731.0,513890,7731.5,254388,154686,114324,40362,259502,0.5
1900-01-21 14:32:45,7731.0,357019,7731.5,1018783,16734,24034,-7300,-661764,0.5
1900-01-21 14:33:00,7726.0,42716,7726.5,556247,8914,169340,-160426,-513531,0.5
1900-01-21 14:33:15,7723.0,7287,7723.5,1176917,68315,253523,-185208,-1169630,0.5
1900-01-21 14:33:30,7720.0,64394,7720.5,1217646,61116,694847,-633731,-1153252,0.5
1900-01-21 14:33:45,7724.0,150155,7724.5,675474,252106,285220,-33114,-525319,0.5
1900-01-21 14:34:00,7719.5,21542,7720.0,567125,74355,797272,-722917,-545583,0.5
1900-01-21 14:34:15,7713.5,2109,7714.0,138724,29342,372183,-342841,-136615,0.5
1900-01-21 14:34:30,7711.0,613935,7711.5,118612,122770,352698,-229928,495323,0.5
1900-01-21 14:34:45,7720.5,142349,7721.0,1256706,722315,267857,454458,-1114357,0.5
1900-01-21 14:35:00,7712.5,47950,7713.0,39259,210245,59994,150251,8691,0.5
1900-01-21 14:35:15,7719.5,384599,7720.0,668729,184649,82939,101710,-284130,0.5
1900-01-21 14:35:30,7719.5,162980,7720.0,556798,85804,83378,2426,-393818,0.5
1900-01-21 14:35:45,7720.5,717768,7721.0,162596,613435,8542,604893,555172,0.5
1900-01-21 14:36:00,7727.0,423955,7727.5,40234,371676,122630,249046,383721,0.5
1900-01-21 14:36:15,7727.0,207416,7727.5,1041538,64390,124736,-60346,-834122,0.5
1900-01-21 14:36:30,7727.0,527038,7727.5,267734,235876,34969,200907,259304,0.5
1900-01-21 14:36:45,7726.5,14603,7727.0,1464117,59384,447848,-388464,-1449514,0.5
1900-01-21 14:37:00,7721.0,62960,7721.5,518635,27448,47044,-19596,-455675,0.5
1900-01-21 14:37:15,7721.0,85841,7721.5,1116488,100,327077,-326977,-1030647,0.5
1900-01-21 14:37:30,7719.0,32353,7719.5,1409015,24,120826,-120802,-1376662,0.5
1900-01-21 14:37:45,7717.0,64711,7717.5,709806,32702,474534,-441832,-645095,0.5
1900-01-21 14:38:00,7715.5,812986,7716.0,63221,234878,105542,129336,749765,0.5
1900-01-21 14:38:15,7722.5,292070,7723.0,12371,230752,36186,194566,279699,0.5
1900-01-21 14:38:30,7727.0,129761,7727.5,6428,76428,65596,10832,123333,0.5
1900-01-21 14:38:45,7720.5,470036,7721.0,154011,58103,185627,-127524,316025,0.5
1900-01-21 14:39:00,7728.5,1143198,7729.0,24949,248884,7746,241138,1118249,0.5
1900-01-21 14:39:15,7729.5,543933,7730.0,114731,260424,31852,228572,429202,0.5
1900-01-21 14:39:30,7733.5,476245,7734.0,399705,467397,18140,449257,76540,0.5
1900-01-21 14:39:45,7728.5,636132,7729.0,79270,158159,51198,106961,556862,0.5
1900-01-21 14:40:00,7730.5,770630,7731.0,18217,146338,39333,107005,752413,0.5
1900-01-21 14:40:15,7733.0,975025,7733.5,64326,65582,115022,-49440,910699,0.5
1900-01-21 14:40:30,7736.0,587555,7736.5,34651,145763,31236,114527,552904,0.5
1900-01-21 14:40:45,7737.5,844525,7738.0,106809,149280,128656,20624,737716,0.5
1900-01-21 14:41:00,7738.5,1028469,7739.0,61075,105344,29498,75846,967394,0.5
1900-01-21 14:41:15,7744.5,377715,7745.0,498593,305736,21644,284092,-120878,0.5
1900-01-21 14:41:30,7742.0,674388,7742.5,149864,97378,165545,-68167,524524,0.5
1900-01-21 14:41:45,7742.0,705035,7742.5,32577,109242,205328,-96086,672458,0.5
1900-01-21 14:42:00,7744.0,282501,7744.5,687707,120804,173601,-52797,-405206,0.5
1900-01-21 14:42:15,7740.0,848136,7740.5,121025,51031,268788,-217757,727111,0.5
1900-01-21 14:42:30,7740.5,874310,7741.0,137055,98295,245658,-147363,737255,0.5
1900-01-21 14:42:45,7740.5,674446,7741.0,56004,33388,52229,-18841,618442,0.5
1900-01-21 14:43:00,7744.0,381829,7744.5,248727,224866,198492,26374,133102,0.5
1900-01-21 14:43:15,7744.0,974898,7744.5,8359,54050,48760,5290,966539,0.5
1900-01-21 14:43:30,7744.5,1410111,7745.0,15946,110725,42500,68225,1394165,0.5
1900-01-21 14:43:45,7747.5,1445538,7748.0,95609,32099,7845,24254,1349929,0.5
1900-01-21 14:44:00,7748.0,2750181,7748.5,40671,127824,16654,111170,2709510,0.5
1900-01-21 14:44:15,7750.0,1080499,7750.5,6651,143925,34642,109283,1073848,0.5
1900-01-21 14:44:30,7751.5,1065692,7752.0,284,148545,16680,131865,1065408,0.5
1900-01-21 14:44:45,7754.5,1441770,7755.0,52907,238685,9984,228701,1388863,0.5
1900-01-21 14:45:00,7755.5,1574746,7756.0,55867,246164,8280,237884,1518879,0.5
1900-01-21 14:45:15,7759.5,589129,7760.0,201116,134327,4230,130097,388013,0.5
1900-01-21 14:45:30,7765.0,332658,7765.5,445191,685310,36546,648764,-112533,0.5
1900-01-21 14:45:45,7765.0,179567,7765.5,801865,183174,155200,27974,-622298,0.5
1900-01-21 14:46:00,7759.0,1192018,7759.5,196645,288474,251981,36493,995373,0.5
1900-01-21 14:46:15,7765.5,666957,7766.0,16134,202095,80747,121348,650823,0.5
1900-01-21 14:46:30,7767.0,751659,7767.5,37341,507386,71156,436230,714318,0.5
1900-01-21 14:46:45,7770.0,914334,7770.5,412229,124112,56649,67463,502105,0.5
1900-01-21 14:47:00,7771.5,829005,7772.0,353877,130765,59790,70975,475128,0.5
1900-01-21 14:47:15,7773.5,633709,7774.0,55651,213671,14472,199199,578058,0.5
1900-01-21 14:47:30,7774.0,1462310,7774.5,72956,467985,87606,380379,1389354,0.5
1900-01-21 14:47:45,7774.0,281987,7774.5,801648,52741,351364,-298623,-519661,0.5
1900-01-21 14:48:00,7774.0,1157450,7774.5,291660,63250,216809,-153559,865790,0.5
1900-01-21 14:48:15,7774.0,1046287,7774.5,48953,403265,331147,72118,997334,0.5
1900-01-21 14:48:30,7774.0,616262,7774.5,390543,96716,70312,26404,225719,0.5
1900-01-21 14:48:45,7776.5,886353,7777.0,101805,231874,223311,8563,784548,0.5
1900-01-21 14:49:00,7782.5,550014,7783.0,135479,1075595,27818,1047777,414535,0.5
1900-01-21 14:49:15,7786.5,85117,7787.0,655998,554315,112966,441349,-570881,0.5
1900-01-21 14:49:30,7783.0,193141,7783.5,953933,54298,297535,-243237,-760792,0.5
1900-01-21 14:49:45,7783.0,1284571,7783.5,35031,142792,147660,-4868,1249540,0.5
1900-01-21 14:50:00,7782.5,279268,7783.0,873417,71635,255359,-183724,-594149,0.5
1900-01-21 14:50:15,7782.5,414427,7783.0,649559,125682,50901,74781,-235132,0.5
1900-01-21 14:50:30,7782.5,1544720,7783.0,592122,22312,6832,15480,952598,0.5
1900-01-21 14:50:45,7787.0,1484333,7787.5,146039,115447,6402,109045,1338294,0.5
1900-01-21 14:51:00,7794.5,767607,7798.0,78780,628853,16122,612731,688827,3.5
1900-01-21 14:51:15,7798.0,256534,7798.5,512886,263075,94097,168978,-256352,0.5
1900-01-21 14:51:30,7789.5,158232,7790.0,195860,388941,611190,-222249,-37628,0.5
1900-01-21 14:51:45,7789.5,80588,7790.0,960019,92985,357046,-264061,-879431,0.5
1900-01-21 14:52:00,7780.0,128563,7780.5,411063,57412,526065,-468653,-282500,0.5
1900-01-21 14:52:15,7774.5,4266,7775.0,278170,73268,493967,-420699,-273904,0.5
1900-01-21 14:52:30,7774.5,1440497,7775.0,208814,62443,279144,-216701,1231683,0.5
1900-01-21 14:52:45,7776.5,1237596,7777.0,17979,145487,23284,122203,1219617,0.5
1900-01-21 14:53:00,7777.5,1360710,7778.0,81358,264302,14322,249980,1279352,0.5
1900-01-21 14:53:15,7772.0,265184,7772.5,357826,199315,158411,40904,-92642,0.5
1900-01-21 14:53:30,7783.0,27744,7783.5,1026920,76458,137231,-60773,-999176,0.5
1900-01-21 14:53:45,7782.5,1379336,7783.0,59337,57258,68058,-10800,1319999,0.5
1900-01-21 14:54:00,7787.5,679695,7788.0,33154,216730,16740,199990,646541,0.5
1900-01-21 14:54:15,7786.0,4211,7786.5,149296,157120,294912,-137792,-145085,0.5
1900-01-21 14:54:30,7783.5,1485702,7784.0,39125,44083,105173,-61090,1446577,0.5
1900-01-21 14:54:45,7789.5,468335,7790.0,604937,225458,9864,215594,-136602,0.5
1900-01-21 14:55:00,7789.5,700278,7790.0,262027,82302,326713,-244411,438251,0.5
1900-01-21 14:55:15,7789.5,219367,7790.0,620821,50754,80904,-30150,-401454,0.5
1900-01-21 14:55:30,7789.5,47229,7790.0,703033,185779,271367,-85588,-655804,0.5
1900-01-21 14:55:45,7787.0,1278129,7787.5,29856,56606,148830,-92224,1248273,0.5
1900-01-21 14:56:00,7787.5,1092165,7788.0,16894,57978,97332,-39354,1075271,0.5
1900-01-21 14:56:15,7787.5,106363,7788.0,880112,50820,22870,27950,-773749,0.5
1900-01-21 14:56:30,7787.5,782683,7788.0,173362,51244,20058,31186,609321,0.5
1900-01-21 14:56:45,7789.0,406190,7789.5,69596,66534,190406,-123872,336594,0.5
1900-01-21 14:57:00,7790.0,1324086,7790.5,73929,178021,32662,145359,1250157,0.5
1900-01-21 14:57:15,7797.5,1644001,7798.0,17555,358360,21782,336578,1626446,0.5
1900-01-21 14:57:30,7806.5,134324,7807.0,173048,1069659,61577,1008082,-38724,0.5
1900-01-21 14:57:45,7807.5,295572,7808.0,353228,443426,175858,267568,-57656,0.5
1900-01-21 14:58:00,7807.5,209838,7808.0,879205,143662,28122,115540,-669367,0.5
1900-01-21 14:58:15,7807.0,298307,7807.5,421556,107044,475992,-368948,-123249,0.5
1900-01-21 14:58:30,7809.5,1699038,7810.0,547836,804668,149798,654870,1151202,0.5
1900-01-21 14:58:45,7819.5,712675,7820.0,294542,1411509,60167,1351342,418133,0.5
1900-01-21 14:59:00,7818.5,1654496,7819.0,189583,647461,668443,-20982,1464913,0.5
1900-01-21 14:59:15,7825.5,62590,7826.0,7215,2883447,188235,2695212,55375,0.5
1900-01-21 14:59:30,7827.5,1211291,7828.0,93366,526620,79886,446734,1117925,0.5
1900-01-21 14:59:45,7827.0,45682,7827.5,1193012,321546,517474,-195928,-1147330,0.5
1900-01-21 15:00:00,7825.0,1381466,7825.5,444266,61895,877753,-815858,937200,0.5
1900-01-21 15:00:15,7808.0,94375,7808.5,55000,279754,2554135,-2274381,39375,0.5
1900-01-21 15:00:30,7808.0,14000,7808.5,4633,664606,2493048,-1828442,9367,0.5
1900-01-21 15:00:45,7813.0,625427,7813.5,284467,156816,189037,-32221,340960,0.5
1900-01-21 15:01:00,7813.0,1578513,7813.5,115549,309475,132691,176784,1462964,0.5
1900-01-21 15:01:15,7816.0,809744,7816.5,175994,323417,184303,139114,633750,0.5
1900-01-21 15:01:30,7808.5,1150,7809.0,143797,130653,641945,-511292,-142647,0.5
1900-01-21 15:01:45,7802.0,864021,7802.5,228279,40260,613368,-573108,635742,0.5
1900-01-21 15:02:00,7812.0,357510,7812.5,98246,428816,130680,298136,259264,0.5
1900-01-21 15:02:15,7812.5,1828882,7813.0,71230,179701,111140,68561,1757652,0.5
1900-01-21 15:02:30,7814.5,1244992,7815.0,93399,303643,105888,197755,1151593,0.5
1900-01-21 15:02:45,7814.5,174519,7815.0,463173,117156,53758,63398,-288654,0.5
1900-01-21 15:03:00,7812.0,178574,7812.5,598326,20188,257128,-236940,-419752,0.5
1900-01-21 15:03:15,7805.0,168736,7805.5,687682,45780,113089,-67309,-518946,0.5
1900-01-21 15:03:30,7802.0,530295,7802.5,569625,27736,237682,-209946,-39330,0.5
1900-01-21 15:03:45,7801.5,86185,7802.0,758623,95000,95041,-41,-672438,0.5
1900-01-21 15:04:00,7793.0,478141,7793.5,392335,69318,719962,-650644,85806,0.5
1900-01-21 15:04:15,7796.0,110961,7796.5,743694,134840,308687,-173847,-632733,0.5
1900-01-21 15:04:30,7796.0,1403109,7796.5,77953,66576,152055,-85479,1325156,0.5
1900-01-21 15:04:45,7796.0,831971,7796.5,310569,46283,79894,-33611,521402,0.5
1900-01-21 15:05:00,7796.0,804422,7796.5,324680,229828,85196,144632,479742,0.5
1900-01-21 15:05:15,7798.0,910713,7798.5,458820,72985,79175,-6190,451893,0.5
1900-01-21 15:05:30,7798.0,939203,7798.5,45250,176105,12990,163115,893953,0.5
1900-01-21 15:05:45,7801.0,1149552,7801.5,77896,120809,56266,64543,1071656,0.5
1900-01-21 15:06:00,7802.5,451751,7803.0,14605,23116,434898,-411782,437146,0.5
1900-01-21 15:06:15,7808.5,1234004,7809.0,4789,124644,131490,-6846,1229215,0.5
1900-01-21 15:06:30,7812.5,95114,7813.0,872315,394904,84871,310033,-777201,0.5
1900-01-21 15:06:45,7819.5,20000,7820.0,182181,332473,1634370,-1301897,-162181,0.5
1900-01-21 15:07:00,7820.5,233478,7821.0,449304,611380,256702,354678,-215826,0.5
1900-01-21 15:07:15,7810.5,1233900,7811.0,93046,58234,504139,-445905,1140854,0.5
1900-01-21 15:07:30,7816.5,421514,7817.0,516430,120377,23732,96645,-94916,0.5
1900-01-21 15:07:45,7810.5,40630,7811.0,348814,62996,211342,-148346,-308184,0.5
1900-01-21 15:08:00,7810.0,378392,7810.5,669653,66208,144534,-78326,-291261,0.5
1900-01-21 15:08:15,7810.0,766103,7810.5,618089,6444,97723,-91279,148014,0.5
1900-01-21 15:08:30,7810.0,492465,7810.5,505342,95436,138329,-42893,-12877,0.5
1900-01-21 15:08:45,7809.5,108734,7810.0,831254,48672,310491,-261819,-722520,0.5
1900-01-21 15:09:00,7801.0,750569,7801.5,318698,57788,252485,-194697,431871,0.5
1900-01-21 15:09:15,7809.5,236057,7810.0,457192,413693,88441,325252,-221135,0.5
1900-01-21 15:09:30,7805.5,77,7806.0,149564,135560,39327,96233,-149487,0.5
1900-01-21 15:09:45,7801.0,1136,7801.5,1032736,11320,87167,-75847,-1031600,0.5
1900-01-21 15:10:00,7797.5,708526,7798.0,375274,6398,97439,-91041,333252,0.5
1900-01-21 15:10:15,7797.5,3287,7798.0,1254610,109216,571701,-462485,-1251323,0.5
1900-01-21 15:10:30,7792.5,652267,7793.0,257401,91239,409690,-318451,394866,0.5
1900-01-21 15:10:45,7793.5,540510,7794.0,2864,107774,926022,-818248,537646,0.5
1900-01-21 15:11:00,7791.5,4105,7792.0,86000,78505,736620,-658115,-81895,0.5
1900-01-21 15:11:15,7786.0,409496,7786.5,426407,25298,599530,-574232,-16911,0.5
1900-01-21 15:11:30,7786.0,713716,7786.5,62022,234987,165917,69070,651694,0.5
1900-01-21 15:11:45,7789.5,82751,7790.0,996140,1286776,68949,1217827,-913389,0.5
1900-01-21 15:12:00,7786.0,881478,7786.5,112510,67756,171677,-103921,768968,0.5
1900-01-21 15:12:15,7786.0,895309,7786.5,273208,52016,135744,-83728,622101,0.5
1900-01-21 15:12:30,7786.0,1014125,7786.5,63628,80059,3100,76959,950497,0.5
1900-01-21 15:12:45,7788.5,841815,7789.0,103099,217939,2052,215887,738716,0.5
1900-01-21 15:13:00,7789.5,988927,7790.0,415978,95946,11032,84914,572949,0.5
1900-01-21 15:13:15,7789.5,1067569,7790.0,344158,101516,70,101446,723411,0.5
1900-01-21 15:13:30,7789.5,1090341,7790.0,249756,159199,6180,153019,840585,0.5
1900-01-21 15:13:45,7789.5,539558,7790.0,807403,41750,80,41670,-267845,0.5
1900-01-21 15:14:00,7786.0,3558,7786.5,1136908,18482,287279,-268797,-1133350,0.5
1900-01-21 15:14:15,7785.5,687312,7786.0,369014,17770,125865,-108095,318298,0.5
1900-01-21 15:14:30,7785.5,679832,7786.0,504683,34678,159601,-124923,175149,0.5
1900-01-21 15:14:45,7785.5,941356,7786.0,116235,42955,216696,-173741,825121,0.5
1900-01-21 15:15:00,7785.5,705020,7786.0,341695,68630,160672,-92042,363325,0.5
1900-01-21 15:15:15,7785.5,932733,7786.0,32346,33512,6193,27319,900387,0.5
1900-01-21 15:15:30,7785.5,685649,7786.0,307685,79098,67038,12060,377964,0.5
1900-01-21 15:15:45,7785.5,407934,7786.0,414703,12467,76121,-63654,-6769,0.5
1900-01-21 15:16:00,7785.5,552209,7786.0,384086,19463,79350,-59887,168123,0.5
1900-01-21 15:16:15,7785.0,960212,7785.5,679856,42632,247706,-205074,280356,0.5
1900-01-21 15:16:30,7785.0,963275,7785.5,699014,7630,58278,-50648,264261,0.5
1900-01-21 15:16:45,7765.0,5267,7765.5,89620,23174,487195,-464021,-84353,0.5
1900-01-21 15:17:00,7777.5,9000,7778.0,4650,227081,213955,13126,4350,0.5
1900-01-21 15:17:15,7770.0,50590,7770.5,651350,728375,216201,512174,-600760,0.5
1900-01-21 15:17:30,7772.5,300072,7773.0,47863,87927,85959,1968,252209,0.5
1900-01-21 15:17:45,7770.0,68569,7770.5,905354,33334,611218,-577884,-836785,0.5
1900-01-21 15:18:00,7767.0,877488,7767.5,205623,14540,338647,-324107,671865,0.5
1900-01-21 15:18:15,7767.0,497704,7767.5,550199,34337,550562,-516225,-52495,0.5
1900-01-21 15:18:30,7762.5,233683,7763.0,566760,26064,282996,-256932,-333077,0.5
1900-01-21 15:18:45,7764.0,214032,7764.5,710783,359730,98573,261157,-496751,0.5
1900-01-21 15:19:00,7764.0,866841,7764.5,60275,127328,146079,-18751,806566,0.5
1900-01-21 15:19:15,7762.0,24325,7762.5,1139293,50230,410030,-359800,-1114968,0.5
1900-01-21 15:19:30,7760.0,58621,7760.5,742774,18192,320163,-301971,-684153,0.5
1900-01-21 15:19:45,7758.0,257536,7758.5,413639,226046,252730,-26684,-156103,0.5
1900-01-21 15:20:00,7758.0,237235,7758.5,282361,240410,142087,98323,-45126,0.5
1900-01-21 15:20:15,7772.5,525590,7773.0,237451,327482,168467,159015,288139,0.5
1900-01-21 15:20:30,7776.5,1099268,7777.0,98843,335481,44934,290547,1000425,0.5
1900-01-21 15:20:45,7777.5,217940,7778.0,1321294,301444,72818,228626,-1103354,0.5
1900-01-21 15:21:00,7777.5,99695,7778.0,1007368,763387,119869,643518,-907673,0.5
1900-01-21 15:21:15,7778.5,1073840,7779.0,19308,211413,102487,108926,1054532,0.5
1900-01-21 15:21:30,7782.5,935470,7783.0,38053,230883,123118,107765,897417,0.5
1900-01-21 15:21:45,7782.5,527456,7783.0,406778,125103,36084,89019,120678,0.5
1900-01-21 15:22:00,7784.5,1550257,7785.0,68258,577737,29424,548313,1481999,0.5
1900-01-21 15:22:15,7785.5,1554415,7786.0,108464,82331,208547,-126216,1445951,0.5
1900-01-21 15:22:30,7788.0,1616546,7788.5,30969,419632,31676,387956,1585577,0.5
1900-01-21 15:22:45,7790.5,53269,7791.0,16693,195514,24216,171298,36576,0.5
1900-01-21 15:23:00,7797.0,31499,7797.5,19247,88876,14164,74712,12252,0.5
1900-01-21 15:23:15,7795.0,135536,7795.5,634777,428757,253533,175224,-499241,0.5
1900-01-21 15:23:30,7793.5,1095558,7794.0,176906,95574,73166,22408,918652,0.5
1900-01-21 15:23:45,7795.5,452781,7796.0,5504,173286,150710,22576,447277,0.5
1900-01-21 15:24:00,7797.5,1204214,7798.0,98377,120637,21404,99233,1105837,0.5
1900-01-21 15:24:15,7797.5,1634908,7798.0,33098,72770,100,72670,1601810,0.5
1900-01-21 15:24:30,7806.0,1730343,7806.5,900,76405,43884,32521,1729443,0.5
1900-01-21 15:24:45,7798.0,186692,7798.5,883012,150542,73864,76678,-696320,0.5
1900-01-21 15:25:00,7796.0,198846,7796.5,844552,43710,168652,-124942,-645706,0.5
1900-01-21 15:25:15,7796.0,265466,7796.5,592687,36431,417318,-380887,-327221,0.5
1900-01-21 15:25:30,7807.0,22104,7807.5,1069889,182713,111796,70917,-1047785,0.5
1900-01-21 15:25:45,7799.5,72400,7800.0,151508,102068,250738,-148670,-79108,0.5
1900-01-21 15:26:00,7800.0,1115998,7800.5,84342,165411,182436,-17025,1031656,0.5
1900-01-21 15:26:15,7806.0,520716,7806.5,799933,67761,85033,-17272,-279217,0.5
1900-01-21 15:26:30,7806.0,993148,7806.5,248064,65376,23344,42032,745084,0.5
1900-01-21 15:26:45,7806.0,176357,7806.5,1108381,41242,113218,-71976,-932024,0.5
1900-01-21 15:27:00,7802.5,440482,7803.0,382101,1734,142037,-140303,58381,0.5
1900-01-21 15:27:15,7799.0,5900,7799.5,432597,24900,96748,-71848,-426697,0.5
1900-01-21 15:27:30,7795.5,177520,7796.0,674949,9378,69061,-59683,-497429,0.5
1900-01-21 15:27:45,7793.0,303541,7793.5,744160,11500,777970,-766470,-440619,0.5
1900-01-21 15:28:00,7793.0,1242951,7793.5,207182,263717,273102,-9385,1035769,0.5
1900-01-21 15:28:15,7793.0,1037946,7793.5,343429,66879,21320,45559,694517,0.5
1900-01-21 15:28:30,7793.0,515792,7793.5,400695,9686,57940,-48254,115097,0.5
1900-01-21 15:28:45,7793.0,658684,7793.5,433908,4528,63180,-58652,224776,0.5
1900-01-21 15:29:00,7793.0,870262,7793.5,252339,25716,20010,5706,617923,0.5
1900-01-21 15:29:15,7793.0,902452,7793.5,293808,16654,77842,-61188,608644,0.5
1900-01-21 15:29:30,7793.0,1092225,7793.5,33884,125412,80010,45402,1058341,0.5
1900-01-21 15:29:45,7793.5,737382,7794.0,331838,36961,3618,33343,405544,0.5
1900-01-21 15:30:00,7791.5,3339,7792.0,1711742,59138,210566,-151428,-1708403,0.5
1900-01-21 15:30:15,7782.0,17434,7782.5,1752732,11435,201650,-190215,-1735298,0.5
1900-01-21 15:30:30,7779.0,465630,7779.5,357630,46720,415103,-368383,108000,0.5
1900-01-21 15:30:45,7779.0,764354,7779.5,356254,94668,66584,28084,408100,0.5
1900-01-21 15:31:00,7779.0,105175,7779.5,1605469,60040,173974,-113934,-1500294,0.5
1900-01-21 15:31:15,7774.5,14173,7775.0,199613,22094,88966,-66872,-185440,0.5
1900-01-21 15:31:30,7772.5,1189652,7773.0,197160,25617,70100,-44483,992492,0.5
1900-01-21 15:31:45,7778.0,532469,7778.5,314591,276266,37624,238642,217878,0.5
1900-01-21 15:32:00,7778.0,631609,7778.5,194315,345348,77131,268217,437294,0.5
1900-01-21 15:32:15,7778.0,258590,7778.5,958193,72384,21016,51368,-699603,0.5
1900-01-21 15:32:30,7773.0,7950,7773.5,869606,3260,244762,-241502,-861656,0.5
1900-01-21 15:32:45,7770.5,12321,7771.0,1392570,124687,380613,-255926,-1380249,0.5
1900-01-21 15:33:00,7768.0,647021,7768.5,392539,24504,350611,-326107,254482,0.5
1900-01-21 15:33:15,7768.0,683541,7768.5,445523,273553,138688,134865,238018,0.5
1900-01-21 15:33:30,7768.0,942146,7768.5,278402,13283,59489,-46206,663744,0.5
1900-01-21 15:33:45,7771.5,659788,7772.0,291124,649803,88366,561437,368664,0.5
1900-01-21 15:34:00,7771.5,981958,7772.0,65379,344550,10630,333920,916579,0.5
1900-01-21 15:34:15,7772.0,1157963,7772.5,6974,48856,23500,25356,1150989,0.5
1900-01-21 15:34:30,7776.5,1121747,7777.0,30255,41849,7242,34607,1091492,0.5
1900-01-21 15:34:45,7779.5,1112399,7780.0,407794,362364,20122,342242,704605,0.5
1900-01-21 15:35:00,7779.5,904238,7780.0,741537,55800,735,55065,162701,0.5
1900-01-21 15:35:15,7779.5,727928,7780.0,1998380,180352,120611,59741,-1270452,0.5
1900-01-21 15:35:30,7779.0,2103,7779.5,1180699,4176,211334,-207158,-1178596,0.5
1900-01-21 15:35:45,7773.0,901229,7773.5,339215,8289,349682,-341393,562014,0.5
1900-01-21 15:36:00,7774.5,378043,7775.0,500,46098,32142,13956,377543,0.5
1900-01-21 15:36:15,7783.0,601034,7783.5,1274071,163607,4078,159529,-673037,0.5
1900-01-21 15:36:30,7783.5,669407,7784.0,2171497,229936,117116,112820,-1502090,0.5
1900-01-21 15:36:45,7783.5,981123,7784.0,1419708,2660,20572,-17912,-438585,0.5
1900-01-21 15:37:00,7787.0,157501,7787.5,18126,76759,1017,75742,139375,0.5
1900-01-21 15:37:15,7787.0,709631,7787.5,754437,128324,24102,104222,-44806,0.5
1900-01-21 15:37:30,7787.0,1068924,7787.5,1501727,141029,36000,105029,-432803,0.5
1900-01-21 15:37:45,7787.0,1077169,7787.5,85132,65756,6404,59352,992037,0.5
1900-01-21 15:38:00,7787.0,904155,7787.5,1939430,28102,16146,11956,-1035275,0.5
1900-01-21 15:38:15,7787.0,310348,7787.5,1924669,251582,290542,-38960,-1614321,0.5
1900-01-21 15:38:30,7787.0,30556,7787.5,1945975,4440,154681,-150241,-1915419,0.5
1900-01-21 15:38:45,7784.0,349964,7784.5,776276,26692,71570,-44878,-426312,0.5
1900-01-21 15:39:00,7781.0,75538,7781.5,237778,6008,183064,-177056,-162240,0.5
1900-01-21 15:39:15,7780.0,861576,7780.5,559400,4082,35519,-31437,302176,0.5
1900-01-21 15:39:30,7778.5,322952,7779.0,792883,6680,94233,-87553,-469931,0.5
1900-01-21 15:39:45,7778.5,283563,7779.0,739861,20320,82225,-61905,-456298,0.5
1900-01-21 15:40:00,7778.5,976023,7779.0,558322,3152,65139,-61987,417701,0.5
1900-01-21 15:40:15,7778.5,1132762,7779.0,79000,154399,7854,146545,1053762,0.5
1900-01-21 15:40:30,7778.0,574351,7778.5,748698,41987,21088,20899,-174347,0.5
1900-01-21 15:40:45,7778.0,10112,7778.5,945831,4464,60833,-56369,-935719,0.5
1900-01-21 15:41:00,7773.5,759303,7774.0,255228,16972,44231,-27259,504075,0.5
1900-01-21 15:41:15,7774.0,483966,7774.5,19472,24917,659646,-634729,464494,0.5
1900-01-21 15:41:30,7774.5,1258554,7775.0,45500,163316,27718,135598,1213054,0.5
1900-01-21 15:41:45,7776.5,1156346,7777.0,91931,68060,10152,57908,1064415,0.5
1900-01-21 15:42:00,7779.0,1051417,7779.5,197866,113868,1317,112551,853551,0.5
1900-01-21 15:42:15,7779.5,908481,7780.0,26872,24992,1040,23952,881609,0.5
1900-01-21 15:42:30,7780.0,902835,7780.5,226,25881,31,25850,902609,0.5
1900-01-21 15:42:45,7781.5,485765,7782.0,925158,51385,1440,49945,-439393,0.5
1900-01-21 15:43:00,7779.0,998202,7779.5,194644,398483,14164,384319,803558,0.5
1900-01-21 15:43:15,7779.0,1029240,7779.5,153319,69220,14810,54410,875921,0.5
1900-01-21 15:43:30,7780.5,700707,7781.0,3625,64845,22602,42243,697082,0.5
1900-01-21 15:43:45,7788.5,899710,7789.0,318829,157510,52388,105122,580881,0.5
1900-01-21 15:44:00,7795.5,291410,7796.0,26431,254599,12232,242367,264979,0.5
1900-01-21 15:44:15,7799.5,629915,7800.0,520569,324827,11638,313189,109346,0.5
1900-01-21 15:44:30,7799.5,944560,7800.0,536669,182870,393495,-210625,407891,0.5
1900-01-21 15:44:45,7799.5,901125,7800.0,173256,92425,6008,86417,727869,0.5
1900-01-21 15:45:00,7802.0,1167575,7802.5,81150,561461,27560,533901,1086425,0.5
1900-01-21 15:45:15,7805.5,136101,7806.0,89727,224334,45212,179122,46374,0.5
1900-01-21 15:45:30,7806.0,804450,7806.5,662152,288432,2829,285603,142298,0.5
1900-01-21 15:45:45,7799.0,112274,7799.5,1103713,34748,395301,-360553,-991439,0.5
1900-01-21 15:46:00,7799.0,167474,7799.5,754586,17666,172135,-154469,-587112,0.5
1900-01-21 15:46:15,7793.0,758,7793.5,294423,73324,213216,-139892,-293665,0.5
1900-01-21 15:46:30,7790.0,996157,7790.5,295645,8406,44446,-36040,700512,0.5
1900-01-21 15:46:45,7802.0,822609,7802.5,14917,157157,56990,100167,807692,0.5
1900-01-21 15:47:00,7803.0,859299,7803.5,8521,144133,20332,123801,850778,0.5
1900-01-21 15:47:15,7806.0,846867,7806.5,670904,186910,27322,159588,175963,0.5
1900-01-21 15:47:30,7805.5,288,7806.0,771693,140675,202990,-62315,-771405,0.5
1900-01-21 15:47:45,7805.0,83788,7805.5,792802,74866,23447,51419,-709014,0.5
1900-01-21 15:48:00,7805.0,1563,7805.5,1018936,18580,85965,-67385,-1017373,0.5
1900-01-21 15:48:15,7803.0,54443,7803.5,847349,23588,29936,-6348,-792906,0.5
1900-01-21 15:48:30,7803.0,28213,7803.5,824558,10020,25148,-15128,-796345,0.5
1900-01-21 15:48:45,7803.0,13243,7803.5,939411,6528,15420,-8892,-926168,0.5
1900-01-21 15:49:00,7802.5,2748,7803.0,1004765,6810,48788,-41978,-1002017,0.5
1900-01-21 15:49:15,7800.5,595,7801.0,869160,16560,46073,-29513,-868565,0.5
1900-01-21 15:49:30,7794.5,39966,7795.0,662297,4500,57758,-53258,-622331,0.5
1900-01-21 15:49:45,7782.5,599463,7783.0,79907,48735,225186,-176451,519556,0.5
1900-01-21 15:50:00,7791.5,851360,7792.0,44800,110668,102291,8377,806560,0.5
1900-01-21 15:50:15,7792.0,1144853,7792.5,16493,73269,196988,-123719,1128360,0.5
1900-01-21 15:50:30,7799.5,686304,7800.0,209598,91054,9180,81874,476706,0.5
1900-01-21 15:50:45,7800.0,987773,7800.5,1345881,79427,818,78609,-358108,0.5
1900-01-21 15:51:00,7792.0,294249,7792.5,646513,95112,653131,-558019,-352264,0.5
1900-01-21 15:51:15,7792.0,322500,7792.5,607018,7000,44753,-37753,-284518,0.5
1900-01-21 15:51:30,7793.0,998784,7793.5,4187,65006,44753,20253,994597,0.5
1900-01-21 15:51:45,7796.0,562038,7796.5,399297,83831,3808,80023,162741,0.5
1900-01-21 15:52:00,7796.0,79047,7796.5,850785,85,124700,-124615,-771738,0.5
1900-01-21 15:52:15,7796.0,539655,7796.5,445330,27002,36067,-9065,94325,0.5
1900-01-21 15:52:30,7797.0,575194,7798.0,10499,41278,5836,35442,564695,1.0
1900-01-21 15:52:45,7800.0,486919,7800.5,294021,646874,12,646862,192898,0.5
1900-01-21 15:53:00,7800.0,217119,7800.5,796770,46257,113803,-67546,-579651,0.5
1900-01-21 15:53:15,7800.5,991737,7801.0,86092,276165,435446,-159281,905645,0.5
1900-01-21 15:53:30,7800.5,1140090,7801.0,34549,84684,13942,70742,1105541,0.5
1900-01-21 15:53:45,7802.5,1115312,7803.0,32930,41820,5310,36510,1082382,0.5
1900-01-21 15:54:00,7802.5,119581,7803.0,707972,17037,20098,-3061,-588391,0.5
1900-01-21 15:54:15,7802.5,783883,7803.0,76370,27221,267736,-240515,707513,0.5
1900-01-21 15:54:30,7805.5,403563,7806.0,692830,41187,11888,29299,-289267,0.5
1900-01-21 15:54:45,7814.5,741734,7815.0,78781,564779,18008,546771,662953,0.5
1900-01-21 15:55:00,7815.5,544709,7816.0,412861,302451,49357,253094,131848,0.5
1900-01-21 15:55:15,7817.5,1375561,7818.0,10882,68490,67816,674,1364679,0.5
1900-01-21 15:55:30,7823.5,1632,7830.0,58651,358102,61087,297015,-57019,6.5
1900-01-21 15:55:45,7832.0,10000,7834.0,33544,2431468,771928,1659540,-23544,2.0
1900-01-21 15:56:00,7834.5,268019,7835.0,18476,2051706,424634,1627072,249543,0.5
1900-01-21 15:56:15,7838.5,301665,7839.0,317036,577941,151981,425960,-15371,0.5
1900-01-21 15:56:30,7838.5,22319,7839.0,644741,305626,137598,168028,-622422,0.5
1900-01-21 15:56:45,7842.0,90677,7842.5,37333,257395,227043,30352,53344,0.5
1900-01-21 15:57:00,7849.5,27672,7850.0,242489,1051709,69396,982313,-214817,0.5
1900-01-21 15:57:15,7845.5,243072,7846.0,471704,699954,563591,136363,-228632,0.5
1900-01-21 15:57:30,7843.5,82404,7844.0,601516,175936,1001808,-825872,-519112,0.5
1900-01-21 15:57:45,7834.5,1230744,7835.0,3607,99424,331583,-232159,1227137,0.5
1900-01-21 15:58:00,7842.5,614207,7843.0,406900,179304,123919,55385,207307,0.5
1900-01-21 15:58:15,7842.5,1681962,7843.0,519698,510875,92255,418620,1162264,0.5
1900-01-21 15:58:30,7842.5,1711072,7843.0,344596,338706,78886,259820,1366476,0.5
1900-01-21 15:58:45,7844.5,1302364,7845.0,94456,326640,42926,283714,1207908,0.5
1900-01-21 15:59:00,7844.0,10967,7844.5,744584,173570,274662,-101092,-733617,0.5
1900-01-21 15:59:15,7836.5,675613,7837.0,46403,51464,421972,-370508,629210,0.5
1900-01-21 15:59:30,7836.5,1445831,7837.0,102627,82214,266905,-184691,1343204,0.5
1900-01-21 15:59:45,7839.0,955583,7839.5,307328,123279,33701,89578,648255,0.5
1900-01-21 16:00:00,7839.5,91997,7840.0,972678,835231,35886,799345,-880681,0.5
1900-01-21 16:00:15,7850.5,221609,7851.0,363246,1357140,115240,1241900,-141637,0.5
1900-01-21 16:00:30,7853.5,126242,7854.0,19014,502018,219781,282237,107228,0.5
1900-01-21 16:00:45,7853.5,1343025,7854.0,533768,202042,132210,69832,809257,0.5
1900-01-21 16:01:00,7857.5,371075,7858.0,36222,1080103,33712,1046391,334853,0.5
1900-01-21 16:01:15,7865.5,61986,7866.0,178034,729972,480100,249872,-116048,0.5
1900-01-21 16:01:30,7859.0,3644,7859.5,13000,723174,920490,-197316,-9356,0.5
1900-01-21 16:01:45,7868.0,39023,7868.5,23956,559941,271487,288454,15067,0.5
1900-01-21 16:02:00,7868.0,155743,7868.5,1258960,369647,322844,46803,-1103217,0.5
1900-01-21 16:02:15,7868.0,872103,7868.5,645936,392527,707684,-315157,226167,0.5
1900-01-21 16:02:30,7868.0,1201276,7868.5,329462,254833,433739,-178906,871814,0.5
1900-01-21 16:02:45,7868.0,180202,7868.5,628748,259674,112276,147398,-448546,0.5
1900-01-21 16:03:00,7866.5,98082,7867.0,730568,306589,246175,60414,-632486,0.5
1900-01-21 16:03:15,7862.5,4058,7863.0,555052,28117,290697,-262580,-550994,0.5
1900-01-21 16:03:30,7860.0,190388,7860.5,794624,39800,632362,-592562,-604236,0.5
1900-01-21 16:03:45,7865.0,1385365,7865.5,105197,355908,497218,-141310,1280168,0.5
1900-01-21 16:04:00,7866.0,1585493,7866.5,84174,173492,71021,102471,1501319,0.5
1900-01-21 16:04:15,7868.0,291717,7868.5,40549,130813,144535,-13722,251168,0.5
1900-01-21 16:04:30,7877.5,2277948,7878.0,54792,3466714,112910,3353804,2223156,0.5
1900-01-21 16:04:45,7878.0,294180,7878.5,1029965,474067,225508,248559,-735785,0.5
1900-01-21 16:05:00,7868.0,1073592,7868.5,329053,267113,903106,-635993,744539,0.5
1900-01-21 16:05:15,7866.5,69128,7867.0,490401,121707,306924,-185217,-421273,0.5
1900-01-21 16:05:30,7870.0,855780,7870.5,49030,62061,114572,-52511,806750,0.5
1900-01-21 16:05:45,7866.5,34373,7867.0,517376,95084,287128,-192044,-483003,0.5
1900-01-21 16:06:00,7865.0,452261,7865.5,756656,137176,986323,-849147,-304395,0.5
1900-01-21 16:06:15,7865.0,464859,7865.5,604130,117084,53370,63714,-139271,0.5
1900-01-21 16:06:30,7861.5,140532,7862.0,546241,190979,388848,-197869,-405709,0.5
1900-01-21 16:06:45,7854.5,1319734,7855.0,308,31267,551201,-519934,1319426,0.5
1900-01-21 16:07:00,7858.5,677037,7859.0,402716,137024,40792,96232,274321,0.5
1900-01-21 16:07:15,7851.5,608585,7852.0,771863,116528,298436,-181908,-163278,0.5
1900-01-21 16:07:30,7856.0,32000,7856.5,33020,79473,249011,-169538,-1020,0.5
1900-01-21 16:07:45,7857.0,29400,7857.5,30469,198442,146598,51844,-1069,0.5
1900-01-21 16:08:00,7858.5,1226820,7859.0,5601,157215,9574,147641,1221219,0.5
1900-01-21 16:08:15,7859.0,12222,7859.5,768191,107373,116206,-8833,-755969,0.5
1900-01-21 16:08:30,7856.0,175645,7856.5,826306,61578,122534,-60956,-650661,0.5
1900-01-21 16:08:45,7857.5,1041286,7858.0,140629,104702,139064,-34362,900657,0.5
1900-01-21 16:09:00,7857.5,16919,7858.0,948273,66369,235376,-169007,-931354,0.5
1900-01-21 16:09:15,7857.5,835760,7858.0,701759,101086,97836,3250,134001,0.5
1900-01-21 16:09:30,7854.0,238720,7854.5,304659,52202,281209,-229007,-65939,0.5
1900-01-21 16:09:45,7854.0,1029067,7854.5,111449,98622,74346,24276,917618,0.5
1900-01-21 16:10:00,7855.5,212375,7856.0,622781,92622,13642,78980,-410406,0.5
1900-01-21 16:10:15,7855.5,422008,7856.0,294823,106379,33904,72475,127185,0.5
1900-01-21 16:10:30,7853.5,30282,7854.0,824202,62444,81066,-18622,-793920,0.5
1900-01-21 16:10:45,7851.5,329311,7852.0,574188,22660,93621,-70961,-244877,0.5
1900-01-21 16:11:00,7851.0,97825,7851.5,56012,25808,480257,-454449,41813,0.5
1900-01-21 16:11:15,7850.0,222496,7850.5,955576,207630,235593,-27963,-733080,0.5
1900-01-21 16:11:30,7846.0,430162,7846.5,658842,104634,288748,-184114,-228680,0.5
1900-01-21 16:11:45,7850.5,1167514,7851.0,93076,376074,176944,199130,1074438,0.5
1900-01-21 16:12:00,7854.5,1120550,7855.0,9315,119551,23640,95911,1111235,0.5
1900-01-21 16:12:15,7858.0,135216,7858.5,30200,239768,40560,199208,105016,0.5
1900-01-21 16:12:30,7855.0,17011,7855.5,1470225,130525,179836,-49311,-1453214,0.5
1900-01-21 16:12:45,7850.5,150239,7851.0,1372845,125611,140855,-15244,-1222606,0.5
1900-01-21 16:13:00,7846.0,304477,7846.5,760143,22602,312461,-289859,-455666,0.5
1900-01-21 16:13:15,7853.0,333716,7853.5,257736,204856,76926,127930,75980,0.5
1900-01-21 16:13:30,7850.5,2688,7851.0,1348393,55554,87991,-32437,-1345705,0.5
1900-01-21 16:13:45,7849.0,213759,7849.5,645252,38113,51024,-12911,-431493,0.5
1900-01-21 16:14:00,7851.5,786129,7852.0,317347,319513,10848,308665,468782,0.5
1900-01-21 16:14:15,7855.0,900438,7855.5,6072,359111,25520,333591,894366,0.5
1900-01-21 16:14:30,7859.0,988249,7859.5,2554,171338,55204,116134,985695,0.5
1900-01-21 16:14:45,7852.5,11644,7853.0,152750,114285,245632,-131347,-141106,0.5
1900-01-21 16:15:00,7849.0,525126,7849.5,361899,59913,196915,-137002,163227,0.5
1900-01-21 16:15:15,7853.0,278632,7853.5,1177329,75562,17498,58064,-898697,0.5
1900-01-21 16:15:30,7851.5,707494,7852.0,659818,39502,396259,-356757,47676,0.5
1900-01-21 16:15:45,7851.5,259314,7852.0,1124019,134384,242051,-107667,-864705,0.5
1900-01-21 16:16:00,7851.5,38761,7852.0,1190396,275310,188488,86822,-1151635,0.5
1900-01-21 16:16:15,7851.5,921760,7852.0,27602,70845,32420,38425,894158,0.5
1900-01-21 16:16:30,7858.5,824465,7859.0,161448,77969,77235,734,663017,0.5
1900-01-21 16:16:45,7859.0,599210,7859.5,104294,143171,56790,86381,494916,0.5
1900-01-21 16:17:00,7868.0,680109,7868.5,607103,270346,200,270146,73006,0.5
1900-01-21 16:17:15,7868.0,499120,7868.5,275374,282610,29200,253410,223746,0.5
1900-01-21 16:17:30,7864.5,620,7865.0,784300,156970,215717,-58747,-783680,0.5
1900-01-21 16:17:45,7860.5,1238477,7861.0,41650,99170,413097,-313927,1196827,0.5
1900-01-21 16:18:00,7867.5,1494530,7868.0,6694,69634,38469,31165,1487836,0.5
1900-01-21 16:18:15,7869.5,1072968,7870.0,114786,283662,22678,260984,958182,0.5
1900-01-21 16:18:30,7871.5,1615023,7872.0,14157,118222,21928,96294,1600866,0.5
1900-01-21 16:18:45,7880.0,853072,7880.5,185212,489344,103616,385728,667860,0.5
1900-01-21 16:19:00,7885.0,163029,7885.5,8391,530235,55220,475015,154638,0.5
1900-01-21 16:19:15,7898.0,15569,7898.5,5000,1990515,978361,1012154,10569,0.5
1900-01-21 16:19:30,7870.0,810744,7870.5,209839,235953,1128625,-892672,600905,0.5
1900-01-21 16:19:45,7894.5,87834,7895.0,113242,861963,175381,686582,-25408,0.5
1900-01-21 16:20:00,7886.0,897978,7886.5,149694,142569,218222,-75653,748284,0.5
1900-01-21 16:20:15,7886.0,354041,7886.5,440522,188577,430593,-242016,-86481,0.5
1900-01-21 16:20:30,7888.5,1054241,7889.0,76787,137776,93284,44492,977454,0.5
1900-01-21 16:20:45,7888.5,785184,7889.0,473078,136345,48790,87555,312106,0.5
1900-01-21 16:21:00,7888.5,508848,7889.0,275911,138778,225543,-86765,232937,0.5
1900-01-21 16:21:15,7884.5,5471,7885.0,878560,45556,251949,-206393,-873089,0.5
1900-01-21 16:21:30,7881.5,9657,7882.0,1516397,28860,269361,-240501,-1506740,0.5
1900-01-21 16:21:45,7879.0,295755,7879.5,14231,68872,354882,-286010,281524,0.5
1900-01-21 16:22:00,7881.0,1016659,7881.5,108836,337105,13460,323645,907823,0.5
1900-01-21 16:22:15,7884.5,1222930,7885.0,39409,350958,40622,310336,1183521,0.5
1900-01-21 16:22:30,7886.5,321934,7887.0,15649,118259,14478,103781,306285,0.5
1900-01-21 16:22:45,7887.0,268956,7887.5,1853824,45596,6004,39592,-1584868,0.5
1900-01-21 16:23:00,7884.5,109496,7885.0,892426,46828,178443,-131615,-782930,0.5
1900-01-21 16:23:15,7884.5,88222,7885.0,831698,61432,17832,43600,-743476,0.5
1900-01-21 16:23:30,7881.5,14328,7882.0,768795,33413,56543,-23130,-754467,0.5
1900-01-21 16:23:45,7875.0,47888,7875.5,1832503,37555,142288,-104733,-1784615,0.5
1900-01-21 16:24:00,7872.0,578946,7872.5,162632,28794,74863,-46069,416314,0.5
1900-01-21 16:24:15,7876.5,2138,7877.0,221485,80963,61675,19288,-219347,0.5
1900-01-21 16:24:30,7872.0,298680,7872.5,332053,27697,191628,-163931,-33373,0.5
1900-01-21 16:24:45,7869.5,110281,7870.0,942292,8708,103407,-94699,-832011,0.5
1900-01-21 16:25:00,7872.0,120039,7872.5,47652,196605,227754,-31149,72387,0.5
1900-01-21 16:25:15,7874.5,195251,7875.0,1139446,181233,16626,164607,-944195,0.5
1900-01-21 16:25:30,7874.5,260298,7875.0,1172778,131715,116000,15715,-912480,0.5
1900-01-21 16:25:45,7874.0,237,7874.5,652389,31585,174405,-142820,-652152,0.5
1900-01-21 16:26:00,7861.0,46536,7861.5,747705,14102,267368,-253266,-701169,0.5
1900-01-21 16:26:15,7869.5,137711,7870.0,1949205,63116,236937,-173821,-1811494,0.5
1900-01-21 16:26:30,7860.5,752536,7861.0,617553,43492,127223,-83731,134983,0.5
1900-01-21 16:26:45,7860.5,469827,7861.0,617103,22636,35780,-13144,-147276,0.5
1900-01-21 16:27:00,7851.0,959740,7851.5,133083,401274,549700,-148426,826657,0.5
1900-01-21 16:27:15,7851.0,693288,7851.5,83849,198116,84390,113726,609439,0.5
1900-01-21 16:27:30,7842.0,1119409,7842.5,140508,132904,1255564,-1122660,978901,0.5
1900-01-21 16:27:45,7843.5,903279,7844.0,220496,78812,283679,-204867,682783,0.5
1900-01-21 16:28:00,7848.5,10000,7849.0,5513382,258589,184040,74549,-5503382,0.5
1900-01-21 16:28:15,7847.0,998104,7847.5,1419,70316,168345,-98029,996685,0.5
1900-01-21 16:28:30,7851.5,991769,7852.0,290678,242050,34244,207806,701091,0.5
1900-01-21 16:28:45,7851.0,3721,7851.5,719014,241223,207468,33755,-715293,0.5
1900-01-21 16:29:00,7849.0,151764,7849.5,1090831,7230,308671,-301441,-939067,0.5
1900-01-21 16:29:15,7848.5,438732,7849.0,428626,15618,74893,-59275,10106,0.5
1900-01-21 16:29:30,7846.5,758395,7847.0,673417,45183,82115,-36932,84978,0.5
1900-01-21 16:29:45,7849.0,389617,7849.5,850,98481,18600,79881,388767,0.5
1900-01-21 16:30:00,7854.5,668841,7855.0,483425,222578,46706,175872,185416,0.5
1900-01-21 16:30:15,7859.0,508798,7859.5,446930,218861,9136,209725,61868,0.5
1900-01-21 16:30:30,7859.0,354451,7859.5,897901,97163,35433,61730,-543450,0.5
1900-01-21 16:30:45,7859.0,940691,7859.5,211538,36128,442289,-406161,729153,0.5
1900-01-21 16:31:00,7865.0,798629,7865.5,42620,94042,340,93702,756009,0.5
1900-01-21 16:31:15,7866.0,710,7866.5,597564,401147,34404,366743,-596854,0.5
1900-01-21 16:31:30,7861.5,409713,7862.0,447462,9592,172376,-162784,-37749,0.5
1900-01-21 16:31:45,7861.5,989273,7862.0,113931,46266,57476,-11210,875342,0.5
1900-01-21 16:32:00,7864.0,1172160,7864.5,33988,56194,30804,25390,1138172,0.5
1900-01-21 16:32:15,7868.0,139685,7868.5,575742,52432,1100,51332,-436057,0.5
1900-01-21 16:32:30,7867.5,1136012,7868.0,241418,161388,57429,103959,894594,0.5
1900-01-21 16:32:45,7867.5,1047318,7868.0,169231,292451,18229,274222,878087,0.5
1900-01-21 16:33:00,7873.5,1186414,7874.0,101394,104112,14364,89748,1085020,0.5
1900-01-21 16:33:15,7868.5,145392,7869.0,608344,172574,189321,-16747,-462952,0.5
1900-01-21 16:33:30,7868.0,205864,7868.5,439328,13920,42195,-28275,-233464,0.5
1900-01-21 16:33:45,7865.5,225694,7866.0,781161,19260,63816,-44556,-555467,0.5
1900-01-21 16:34:00,7865.0,212837,7865.5,680774,9608,43502,-33894,-467937,0.5
1900-01-21 16:34:15,7863.5,70709,7864.0,877366,4318,331677,-327359,-806657,0.5
1900-01-21 16:34:30,7858.5,31738,7859.0,951591,36472,134701,-98229,-919853,0.5
1900-01-21 16:34:45,7858.5,428448,7859.0,794260,14276,67454,-53178,-365812,0.5
1900-01-21 16:35:00,7858.5,4246,7859.0,894691,66766,135671,-68905,-890445,0.5
1900-01-21 16:35:15,7852.0,794199,7852.5,296205,12940,291202,-278262,497994,0.5
1900-01-21 16:35:30,7852.0,89723,7852.5,490983,315409,213082,102327,-401260,0.5
1900-01-21 16:35:45,7847.5,8284,7848.0,310193,31844,220020,-188176,-301909,0.5
1900-01-21 16:36:00,7848.0,966009,7848.5,26301,83395,190997,-107602,939708,0.5
1900-01-21 16:36:15,7851.5,541735,7852.0,43869,43644,128500,-84856,497866,0.5
1900-01-21 16:36:30,7851.5,164648,7852.0,857445,62568,194617,-132049,-692797,0.5
1900-01-21 16:36:45,7851.0,1855,7851.5,617446,676,80883,-80207,-615591,0.5
1900-01-21 16:37:00,7849.5,1324202,7850.0,104298,18820,39339,-20519,1219904,0.5
1900-01-21 16:37:15,7858.0,490177,7858.5,411559,2005631,46748,1958883,78618,0.5
1900-01-21 16:37:30,7858.0,140268,7858.5,603970,1550,98891,-97341,-463702,0.5
1900-01-21 16:37:45,7851.0,510167,7851.5,243330,138600,105251,33349,266837,0.5
1900-01-21 16:38:00,7851.0,56713,7851.5,608023,14183,72947,-58764,-551310,0.5
1900-01-21 16:38:15,7846.5,1126287,7847.0,401620,2221,169099,-166878,724667,0.5
1900-01-21 16:38:30,7846.5,179418,7847.0,998707,31607,191772,-160165,-819289,0.5
1900-01-21 16:38:45,7846.5,429650,7847.0,1099508,10778,98518,-87740,-669858,0.5
1900-01-21 16:39:00,7845.0,30335,7845.5,290809,40560,59596,-19036,-260474,0.5
1900-01-21 16:39:15,7843.0,206737,7843.5,916524,78143,135000,-56857,-709787,0.5
1900-01-21 16:39:30,7841.5,32709,7842.0,523555,1548,141648,-140100,-490846,0.5
1900-01-21 16:39:45,7841.0,107004,7841.5,1422270,31466,474849,-443383,-1315266,0.5
1900-01-21 16:40:00,7830.5,49047,7831.0,61218,12802,517981,-505179,-12171,0.5
1900-01-21 16:40:15,7829.0,754241,7829.5,710741,153239,1450577,-1297338,43500,0.5
1900-01-21 16:40:30,7829.5,797543,7830.0,745277,195382,197945,-2563,52266,0.5
1900-01-21 16:40:45,7836.0,927457,7836.5,197060,162451,86186,76265,730397,0.5
1900-01-21 16:41:00,7840.0,777909,7840.5,55941,754557,46981,707576,721968,0.5
1900-01-21 16:41:15,7846.5,519256,7847.0,422089,211038,70797,140241,97167,0.5
1900-01-21 16:41:30,7846.5,89069,7847.0,1458227,174730,60659,114071,-1369158,0.5
1900-01-21 16:41:45,7840.0,165459,7840.5,428037,13615,195467,-181852,-262578,0.5
1900-01-21 16:42:00,7833.5,474962,7834.0,315607,6810,186548,-179738,159355,0.5
1900-01-21 16:42:15,7834.5,1038695,7835.0,81783,54092,209135,-155043,956912,0.5
1900-01-21 16:42:30,7835.0,843275,7835.5,5549,42083,17417,24666,837726,0.5
1900-01-21 16:42:45,7838.0,137208,7838.5,717418,39780,29988,9792,-580210,0.5
1900-01-21 16:43:00,7837.0,1266532,7837.5,114551,449521,38462,411059,1151981,0.5
1900-01-21 16:43:15,7837.0,43692,7837.5,803571,97150,139124,-41974,-759879,0.5
1900-01-21 16:43:30,7834.5,47910,7835.0,1068330,10006,137086,-127080,-1020420,0.5
1900-01-21 16:43:45,7829.0,860909,7829.5,573977,40909,364160,-323251,286932,0.5
1900-01-21 16:44:00,7828.5,59418,7829.0,871516,351136,179263,171873,-812098,0.5
1900-01-21 16:44:15,7828.5,1006460,7829.0,84437,122818,246602,-123784,922023,0.5
1900-01-21 16:44:30,7829.0,990692,7829.5,81133,137837,21320,116517,909559,0.5
1900-01-21 16:44:45,7829.0,686762,7829.5,294768,74612,9560,65052,391994,0.5
1900-01-21 16:45:00,7829.5,720682,7830.0,11173,137372,150357,-12985,709509,0.5
1900-01-21 16:45:15,7840.5,309956,7841.0,223898,301458,5108,296350,86058,0.5
1900-01-21 16:45:30,7840.5,743559,7841.0,67579,968155,38032,930123,675980,0.5
1900-01-21 16:45:45,7841.5,251958,7842.0,710250,636477,111141,525336,-458292,0.5
1900-01-21 16:46:00,7841.5,702391,7842.0,402512,214250,7376,206874,299879,0.5
1900-01-21 16:46:15,7841.5,1359949,7842.0,27981,63159,5060,58099,1331968,0.5
1900-01-21 16:46:30,7849.5,814608,7850.0,14945,180668,48542,132126,799663,0.5
1900-01-21 16:46:45,7851.0,13452,7851.5,1203394,410437,195879,214558,-1189942,0.5
1900-01-21 16:47:00,7847.5,211128,7848.0,1210531,29422,284601,-255179,-999403,0.5
1900-01-21 16:47:15,7845.0,562477,7845.5,270840,65751,491034,-425283,291637,0.5
1900-01-21 16:47:30,7845.0,1239661,7845.5,59361,256035,16054,239981,1180300,0.5
1900-01-21 16:47:45,7856.0,111137,7856.5,1323723,234684,26058,208626,-1212586,0.5
1900-01-21 16:48:00,7853.0,923445,7853.5,664228,320462,107465,212997,259217,0.5
1900-01-21 16:48:15,7850.0,313192,7850.5,676326,24916,55900,-30984,-363134,0.5
1900-01-21 16:48:30,7850.0,1076652,7850.5,145767,102948,71300,31648,930885,0.5
1900-01-21 16:48:45,7853.0,748041,7853.5,58842,241433,36922,204511,689199,0.5
1900-01-21 16:49:00,7854.0,1249944,7854.5,85545,128359,4538,123821,1164399,0.5
1900-01-21 16:49:15,7854.0,794675,7854.5,627524,91439,14457,76982,167151,0.5
1900-01-21 16:49:30,7854.0,281741,7854.5,938701,9103,50407,-41304,-656960,0.5
1900-01-21 16:49:45,7859.0,495941,7859.5,84299,2082644,62762,2019882,411642,0.5
1900-01-21 16:50:00,7863.5,89895,7864.0,833815,125374,30859,94515,-743920,0.5
1900-01-21 16:50:15,7853.5,243,7854.0,2133004,54446,355422,-300976,-2132761,0.5
1900-01-21 16:50:30,7850.0,319883,7850.5,569757,5272,30512,-25240,-249874,0.5
1900-01-21 16:50:45,7853.5,962193,7854.0,25470,36770,99677,-62907,936723,0.5
1900-01-21 16:51:00,7861.0,12014,7861.5,1141319,283988,26032,257956,-1129305,0.5
1900-01-21 16:51:15,7858.5,1041407,7859.0,119251,56268,86554,-30286,922156,0.5
1900-01-21 16:51:30,7858.5,426552,7859.0,752189,94154,126002,-31848,-325637,0.5
1900-01-21 16:51:45,7858.5,31178,7859.0,916753,17602,248310,-230708,-885575,0.5
1900-01-21 16:52:00,7858.5,1124507,7859.0,54485,98541,47803,50738,1070022,0.5
1900-01-21 16:52:15,7863.0,859124,7863.5,37443,125606,44000,81606,821681,0.5
1900-01-21 16:52:30,7857.5,122452,7858.0,132443,140011,194567,-54556,-9991,0.5
1900-01-21 16:52:45,7857.5,860871,7858.0,136626,33256,125155,-91899,724245,0.5
1900-01-21 16:53:00,7857.5,643213,7858.0,208990,30171,51796,-21625,434223,0.5
1900-01-21 16:53:15,7857.5,693798,7858.0,532113,33242,64044,-30802,161685,0.5
1900-01-21 16:53:30,7857.5,688971,7858.0,267603,2948,19696,-16748,421368,0.5
1900-01-21 16:53:45,7857.5,395155,7858.0,741803,12840,10150,2690,-346648,0.5
1900-01-21 16:54:00,7857.5,613133,7858.0,349012,2000,14238,-12238,264121,0.5
1900-01-21 16:54:15,7857.5,69972,7858.0,795525,1624,9574,-7950,-725553,0.5
1900-01-21 16:54:30,7857.5,212777,7858.0,745432,4000,57082,-53082,-532655,0.5
1900-01-21 16:54:45,7856.5,50936,7857.0,655417,200,8089,-7889,-604481,0.5
1900-01-21 16:55:00,7856.5,313304,7857.0,759394,14844,45529,-30685,-446090,0.5
1900-01-21 16:55:15,7856.5,694117,7857.0,395460,33102,27410,5692,298657,0.5
1900-01-21 16:55:30,7856.5,1114731,7857.0,126621,23043,3834,19209,988110,0.5
1900-01-21 16:55:45,7856.5,1017766,7857.0,237573,12055,37742,-25687,780193,0.5
1900-01-21 16:56:00,7856.5,661185,7857.0,419333,31151,4000,27151,241852,0.5
1900-01-21 16:56:15,7856.5,970807,7857.0,298756,10296,13802,-3506,672051,0.5
1900-01-21 16:56:30,7856.5,1031592,7857.0,166903,38774,5422,33352,864689,0.5
1900-01-21 16:56:45,7856.5,664466,7857.0,523834,4205,5782,-1577,140632,0.5
1900-01-21 16:57:00,7856.5,711168,7857.0,617581,20,10516,-10496,93587,0.5
1900-01-21 16:57:15,7856.5,484394,7857.0,1043964,2046,5624,-3578,-559570,0.5
1900-01-21 16:57:30,7856.5,535874,7857.0,960605,33440,19830,13610,-424731,0.5
1900-01-21 16:57:45,7856.5,464937,7857.0,962097,400,33552,-33152,-497160,0.5
1900-01-21 16:58:00,7853.0,105627,7853.5,1118464,16245,374738,-358493,-1012837,0.5
1900-01-21 16:58:15,7841.0,35364,7841.5,129905,15780,292059,-276279,-94541,0.5
1900-01-21 16:58:30,7847.5,110087,7848.0,284350,267294,238045,29249,-174263,0.5
1900-01-21 16:58:45,7847.5,785013,7848.0,435760,57920,57430,490,349253,0.5
1900-01-21 16:59:00,7847.5,815666,7848.0,244532,173886,9276,164610,571134,0.5
1900-01-21 16:59:15,7844.0,2000,7844.5,888478,40468,24473,15995,-886478,0.5
1900-01-21 16:59:30,7837.5,485975,7838.0,307955,20708,67499,-46791,178020,0.5
1900-01-21 16:59:45,7837.5,204065,7838.0,727716,57082,133471,-76389,-523651,0.5
1900-01-21 17:00:00,7837.5,133060,7838.0,1063971,190713,36351,154362,-930911,0.5
1900-01-21 17:00:15,7833.0,28590,7833.5,1269781,63201,238190,-174989,-1241191,0.5
1900-01-21 17:00:30,7829.5,328032,7830.0,361299,61422,672616,-611194,-33267,0.5
1900-01-21 17:00:45,7829.5,200340,7830.0,1200467,144274,229775,-85501,-1000127,0.5
1900-01-21 17:01:00,7823.0,235996,7823.5,769059,27686,191228,-163542,-533063,0.5
1900-01-21 17:01:15,7838.0,10000,7843.0,20722,613228,189214,424014,-10722,5.0
1900-01-21 17:01:30,7838.5,277156,7839.0,948825,231854,42860,188994,-671669,0.5
1900-01-21 17:01:45,7838.5,863466,7839.0,171642,196953,17205,179748,691824,0.5
1900-01-21 17:02:00,7838.5,299077,7839.0,637504,143519,83567,59952,-338427,0.5
1900-01-21 17:02:15,7838.5,349684,7839.0,500804,9894,25785,-15891,-151120,0.5
1900-01-21 17:02:30,7838.5,925033,7839.0,48879,59975,14295,45680,876154,0.5
1900-01-21 17:02:45,7842.0,877333,7842.5,140179,162399,12276,150123,737154,0.5
1900-01-21 17:03:00,7842.0,970982,7842.5,199158,64210,107332,-43122,771824,0.5
1900-01-21 17:03:15,7842.0,537667,7842.5,903885,12822,35142,-22320,-366218,0.5
1900-01-21 17:03:30,7842.0,715955,7842.5,923086,40857,25968,14889,-207131,0.5
1900-01-21 17:03:45,7842.0,1511696,7842.5,70868,629584,39835,589749,1440828,0.5
1900-01-21 17:04:00,7842.0,1651662,7842.5,72527,54995,14100,40895,1579135,0.5
1900-01-21 17:04:15,7851.0,1333950,7851.5,177815,144554,1210,143344,1156135,0.5
1900-01-21 17:04:30,7851.5,1079634,7852.0,102693,101749,109114,-7365,976941,0.5
1900-01-21 17:04:45,7856.0,659146,7856.5,499009,74679,36994,37685,160137,0.5
1900-01-21 17:05:00,7857.5,1099111,7858.0,367758,89338,295790,-206452,731353,0.5
1900-01-21 17:05:15,7862.5,870051,7863.0,90166,362685,40652,322033,779885,0.5
1900-01-21 17:05:30,7867.0,108984,7867.5,19635,195676,7638,188038,89349,0.5
1900-01-21 17:05:45,7865.0,5400,7865.5,348953,220753,635002,-414249,-343553,0.5
1900-01-21 17:06:00,7865.0,539998,7865.5,851377,67438,284117,-216679,-311379,0.5
1900-01-21 17:06:15,7865.0,496441,7865.5,848410,27300,188842,-161542,-351969,0.5
1900-01-21 17:06:30,7864.5,708292,7865.0,805528,2182,31135,-28953,-97236,0.5
1900-01-21 17:06:45,7861.5,692136,7862.0,424148,2658,168345,-165687,267988,0.5
1900-01-21 17:07:00,7861.5,120786,7862.0,1148007,3565,22984,-19419,-1027221,0.5
1900-01-21 17:07:15,7861.5,17962,7862.0,1226196,46346,39343,7003,-1208234,0.5
1900-01-21 17:07:30,7859.0,778031,7859.5,508993,41062,29560,11502,269038,0.5
1900-01-21 17:07:45,7859.0,735489,7859.5,607659,13776,27577,-13801,127830,0.5
1900-01-21 17:08:00,7859.0,1431543,7859.5,279939,197732,19520,178212,1151604,0.5
1900-01-21 17:08:15,7859.0,1495768,7859.5,60033,100485,8102,92383,1435735,0.5
1900-01-21 17:08:30,7861.5,779632,7862.0,983851,103311,67494,35817,-204219,0.5
1900-01-21 17:08:45,7861.5,803456,7862.0,230690,22898,29106,-6208,572766,0.5
1900-01-21 17:09:00,7861.5,927063,7862.0,374418,202038,786,201252,552645,0.5
1900-01-21 17:09:15,7861.5,242840,7862.0,700223,72260,1162,71098,-457383,0.5
1900-01-21 17:09:30,7861.5,160601,7862.0,727396,25090,36965,-11875,-566795,0.5
1900-01-21 17:09:45,7861.5,432140,7862.0,886072,42645,14312,28333,-453932,0.5
1900-01-21 17:10:00,7861.5,876512,7862.0,285404,14038,21947,-7909,591108,0.5
1900-01-21 17:10:15,7861.5,598028,7862.0,679122,93928,29072,64856,-81094,0.5
1900-01-21 17:10:30,7861.5,897295,7862.0,777332,53730,200,53530,119963,0.5
1900-01-21 17:10:45,7861.5,1022851,7862.0,574460,50600,42254,8346,448391,0.5
1900-01-21 17:11:00,7861.5,1307279,7862.0,484534,31409,20302,11107,822745,0.5
1900-01-21 17:11:15,7861.5,762312,7862.0,612841,51625,2452,49173,149471,0.5
1900-01-21 17:11:30,7861.5,464685,7862.0,1109645,469583,6024,463559,-644960,0.5
1900-01-21 17:11:45,7861.5,848472,7862.0,528949,5642,170,5472,319523,0.5
1900-01-21 17:12:00,7861.5,362278,7862.0,468027,84759,380114,-295355,-105749,0.5
1900-01-21 17:12:15,7861.0,214988,7861.5,1107256,6400,15310,-8910,-892268,0.5
1900-01-21 17:12:30,7861.0,131720,7861.5,1056183,51444,298310,-246866,-924463,0.5
1900-01-21 17:12:45,7861.0,430090,7861.5,634741,6592,71570,-64978,-204651,0.5
1900-01-21 17:13:00,7861.0,721834,7861.5,237019,107444,7187,100257,484815,0.5
1900-01-21 17:13:15,7861.0,924228,7861.5,108512,34534,2034,32500,815716,0.5
1900-01-21 17:13:30,7861.0,1350661,7861.5,49362,84466,5491,78975,1301299,0.5
1900-01-21 17:13:45,7869.0,931434,7869.5,19033,290705,1960,288745,912401,0.5
1900-01-21 17:14:00,7871.0,1280888,7871.5,523486,346279,32714,313565,757402,0.5
1900-01-21 17:14:15,7871.5,1408800,7872.0,134971,739530,1834,737696,1273829,0.5
1900-01-21 17:14:30,7871.5,434589,7872.0,526186,265643,2,265641,-91597,0.5
1900-01-21 17:14:45,7864.0,15000,7864.5,48524,2900,201835,-198935,-33524,0.5
1900-01-21 17:15:00,7863.0,821419,7863.5,266413,9702,40182,-30480,555006,0.5
1900-01-21 17:15:15,7864.5,5632,7865.0,23459,50910,96166,-45256,-17827,0.5
1900-01-21 17:15:30,7868.5,528363,7869.0,352148,34237,200,34037,176215,0.5
1900-01-21 17:15:45,7866.0,4220,7866.5,1324299,4804,25138,-20334,-1320079,0.5
1900-01-21 17:16:00,7862.5,48768,7863.0,699339,68204,32692,35512,-650571,0.5
1900-01-21 17:16:15,7862.5,37863,7863.0,861497,8,19201,-19193,-823634,0.5
1900-01-21 17:16:30,7861.5,21497,7862.0,690249,7786,45046,-37260,-668752,0.5
1900-01-21 17:16:45,7852.5,355318,7853.0,815050,35640,60327,-24687,-459732,0.5
1900-01-21 17:17:00,7856.0,251734,7856.5,11621,52948,896638,-843690,240113,0.5
1900-01-21 17:17:15,7856.0,132245,7856.5,753490,21995,5828,16167,-621245,0.5
1900-01-21 17:17:30,7856.0,20830,7856.5,1173965,1083,766052,-764969,-1153135,0.5
1900-01-21 17:17:45,7855.5,81344,7856.0,1061951,25400,60099,-34699,-980607,0.5
1900-01-21 17:18:00,7850.0,89446,7850.5,224573,6882,19276,-12394,-135127,0.5
1900-01-21 17:18:15,7846.5,12449,7847.0,1313395,34661,350427,-315766,-1300946,0.5
1900-01-21 17:18:30,7845.0,740786,7845.5,558720,8688,39756,-31068,182066,0.5
1900-01-21 17:18:45,7849.5,716197,7850.0,783768,98482,4723,93759,-67571,0.5
1900-01-21 17:19:00,7849.5,749121,7850.0,148107,365178,29252,335926,601014,0.5
1900-01-21 17:19:15,7849.5,316311,7850.0,1157539,9817,14739,-4922,-841228,0.5
1900-01-21 17:19:30,7849.5,841300,7850.0,414284,18497,21583,-3086,427016,0.5
1900-01-21 17:19:45,7849.5,802079,7850.0,173518,206906,2492,204414,628561,0.5
1900-01-21 17:20:00,7849.5,1036164,7850.0,301537,79191,1040,78151,734627,0.5
1900-01-21 17:20:15,7849.5,956173,7850.0,241056,3072,1462,1610,715117,0.5
1900-01-21 17:20:30,7848.0,73112,7848.5,970122,203180,225874,-22694,-897010,0.5
1900-01-21 17:20:45,7846.0,328698,7846.5,853285,1000,37403,-36403,-524587,0.5
1900-01-21 17:21:00,7846.0,53571,7846.5,992754,17746,334770,-317024,-939183,0.5
1900-01-21 17:21:15,7844.0,1079872,7844.5,206441,20000,97564,-77564,873431,0.5
1900-01-21 17:21:30,7846.0,930031,7846.5,2681,9961,14110,-4149,927350,0.5
1900-01-21 17:21:45,7846.5,873061,7847.0,97638,21888,14110,7778,775423,0.5
1900-01-21 17:22:00,7846.5,198913,7847.0,1054718,67342,3430,63912,-855805,0.5
1900-01-21 17:22:15,7846.5,737479,7847.0,998631,67652,3728,63924,-261152,0.5
1900-01-21 17:22:30,7846.5,942749,7847.0,418426,35070,60404,-25334,524323,0.5
1900-01-21 17:22:45,7845.0,200737,7845.5,1959811,4116,1332146,-1328030,-1759074,0.5
1900-01-21 17:23:00,7845.0,101786,7845.5,2269179,358,151370,-151012,-2167393,0.5
1900-01-21 17:23:15,7839.5,38049,7840.0,154997,318,115882,-115564,-116948,0.5
1900-01-21 17:23:30,7838.0,237974,7838.5,702084,50848,274309,-223461,-464110,0.5
1900-01-21 17:23:45,7838.0,45006,7838.5,1582322,24426,25582,-1156,-1537316,0.5
1900-01-21 17:24:00,7837.0,435427,7837.5,698301,22202,153880,-131678,-262874,0.5
1900-01-21 17:24:15,7836.5,500577,7837.0,280321,29940,17361,12579,220256,0.5
1900-01-21 17:24:30,7836.5,705637,7837.0,58007,15278,14030,1248,647630,0.5
1900-01-21 17:24:45,7838.0,498985,7838.5,41983,44129,25962,18167,457002,0.5
1900-01-21 17:25:00,7838.0,49080,7838.5,1961505,16278,104136,-87858,-1912425,0.5
1900-01-21 17:25:15,7831.0,146458,7831.5,1177125,24922,158402,-133480,-1030667,0.5
1900-01-21 17:25:30,7830.0,764750,7830.5,752259,10494,93798,-83304,12491,0.5
1900-01-21 17:25:45,7822.5,112181,7823.0,679530,50898,155696,-104798,-567349,0.5
1900-01-21 17:26:00,7822.5,601,7823.0,1015441,141720,482019,-340299,-1014840,0.5
1900-01-21 17:26:15,7815.0,146572,7816.0,343800,17555,13009236,-12991681,-197228,1.0
1900-01-21 17:26:30,7810.5,192434,7811.0,60082,405371,1225026,-819655,132352,0.5
1900-01-21 17:26:45,7823.5,204341,7824.0,860609,559128,693314,-134186,-656268,0.5
1900-01-21 17:27:00,7819.0,12677,7819.5,338296,210973,187992,22981,-325619,0.5
1900-01-21 17:27:15,7816.5,513315,7817.0,359933,51123,332056,-280933,153382,0.5
1900-01-21 17:27:30,7810.5,64123,7811.0,10000,212406,93833,118573,54123,0.5
1900-01-21 17:27:45,7813.5,5000,7814.0,15000,312346,356360,-44014,-10000,0.5
1900-01-21 17:28:00,7818.0,276395,7819.0,10000,292214,171276,120938,266395,1.0
1900-01-21 17:28:15,7817.0,1647,7817.5,1078901,209783,46820,162963,-1077254,0.5
1900-01-21 17:28:30,7812.5,174071,7813.0,853440,67104,21233,45871,-679369,0.5
1900-01-21 17:28:45,7812.0,485666,7812.5,364860,74540,77029,-2489,120806,0.5
1900-01-21 17:29:00,7813.0,716924,7813.5,1125,109718,188487,-78769,715799,0.5
1900-01-21 17:29:15,7815.0,57500,7815.5,177775,82468,84820,-2352,-120275,0.5
1900-01-21 17:29:30,7812.0,265103,7812.5,1286975,29961,263280,-233319,-1021872,0.5
1900-01-21 17:29:45,7806.0,13573,7806.5,1176924,192556,1771208,-1578652,-1163351,0.5
1900-01-21 17:30:00,7802.0,726297,7802.5,69298,125480,510800,-385320,656999,0.5
1900-01-21 17:30:15,7811.5,718874,7812.0,145000,493604,77846,415758,573874,0.5
1900-01-21 17:30:30,7811.5,9927,7812.0,692575,246077,112086,133991,-682648,0.5
1900-01-21 17:30:45,7809.0,76,7809.5,535480,39504,32329,7175,-535404,0.5
1900-01-21 17:31:00,7802.0,66063,7805.5,2977039,136654,227937,-91283,-2910976,3.5
1900-01-21 17:31:15,7801.0,892273,7801.5,1073002,52546,1074429,-1021883,-180729,0.5
1900-01-21 17:31:30,7801.0,1337571,7801.5,535881,18514,139622,-121108,801690,0.5
1900-01-21 17:31:45,7793.0,50928,7793.5,31761,442609,2789950,-2347341,19167,0.5
1900-01-21 17:32:00,7790.0,274490,7792.0,29981,215373,981933,-766560,244509,2.0
1900-01-21 17:32:15,7803.5,56497,7804.0,116118,611243,154839,456404,-59621,0.5
1900-01-21 17:32:30,7804.5,194977,7805.0,267158,651892,70835,581057,-72181,0.5
1900-01-21 17:32:45,7805.0,205705,7805.5,738437,242951,137632,105319,-532732,0.5
1900-01-21 17:33:00,7805.0,235072,7805.5,729843,149364,190696,-41332,-494771,0.5
1900-01-21 17:33:15,7805.0,219414,7805.5,900637,46866,77260,-30394,-681223,0.5
1900-01-21 17:33:30,7801.0,4803,7801.5,652754,33600,146966,-113366,-647951,0.5
1900-01-21 17:33:45,7796.0,159662,7796.5,937427,24664,108094,-83430,-777765,0.5
1900-01-21 17:34:00,7794.0,35334,7794.5,413739,29860,517330,-487470,-378405,0.5
1900-01-21 17:34:15,7799.5,271490,7800.0,2714,89725,198956,-109231,268776,0.5
1900-01-21 17:34:30,7798.0,411516,7798.5,337812,417576,92471,325105,73704,0.5
1900-01-21 17:34:45,7793.0,2186,7793.5,786016,18822,128653,-109831,-783830,0.5
1900-01-21 17:35:00,7784.0,818603,7784.5,33295,72032,243627,-171595,785308,0.5
1900-01-21 17:35:15,7789.0,243690,7789.5,808523,60857,140299,-79442,-564833,0.5
1900-01-21 17:35:30,7784.5,847243,7785.0,177176,103946,445180,-341234,670067,0.5
1900-01-21 17:35:45,7782.5,250301,7783.0,258774,211425,446061,-234636,-8473,0.5
1900-01-21 17:36:00,7779.0,309402,7779.5,1195201,28020,678612,-650592,-885799,0.5
1900-01-21 17:36:15,7777.5,489137,7778.0,1059426,65080,989601,-924521,-570289,0.5
1900-01-21 17:36:30,7785.0,507174,7785.5,3389,131874,257439,-125565,503785,0.5
1900-01-21 17:36:45,7795.0,369287,7795.5,512062,764683,39814,724869,-142775,0.5
1900-01-21 17:37:00,7799.0,340115,7799.5,412751,872372,44052,828320,-72636,0.5
1900-01-21 17:37:15,7799.0,114281,7799.5,733706,328957,59603,269354,-619425,0.5
1900-01-21 17:37:30,7797.5,1377671,7798.0,12344,147986,44336,103650,1365327,0.5
1900-01-21 17:37:45,7797.5,1130472,7798.0,54767,70496,3436,67060,1075705,0.5
1900-01-21 17:38:00,7799.5,1213757,7800.0,157912,60339,6066,54273,1055845,0.5
1900-01-21 17:38:15,7800.5,1508808,7801.0,130380,399820,4266,395554,1378428,0.5
1900-01-21 17:38:30,7802.5,406901,7803.0,820551,86159,134453,-48294,-413650,0.5
1900-01-21 17:38:45,7803.0,1008150,7803.5,29792,110361,22200,88161,978358,0.5
1900-01-21 17:39:00,7814.5,531597,7815.0,136446,282368,25817,256551,395151,0.5
1900-01-21 17:39:15,7814.5,1072666,7815.0,140338,528242,74589,453653,932328,0.5
1900-01-21 17:39:30,7817.0,1264477,7817.5,93564,329634,3842,325792,1170913,0.5
1900-01-21 17:39:45,7817.5,366737,7818.0,489831,99184,46223,52961,-123094,0.5
1900-01-21 17:40:00,7815.5,1063826,7816.0,268579,127428,213261,-85833,795247,0.5
1900-01-21 17:40:15,7815.5,231288,7816.0,686798,39399,40280,-881,-455510,0.5
1900-01-21 17:40:30,7812.0,17966,7812.5,859254,11076,170085,-159009,-841288,0.5
1900-01-21 17:40:45,7809.0,737692,7809.5,743128,32120,63539,-31419,-5436,0.5
1900-01-21 17:41:00,7809.0,436005,7809.5,882514,5733,102978,-97245,-446509,0.5
1900-01-21 17:41:15,7795.5,668839,7796.0,406786,6280,324661,-318381,262053,0.5
1900-01-21 17:41:30,7795.5,50291,7796.0,1565319,73236,382186,-308950,-1515028,0.5
1900-01-21 17:41:45,7792.5,1599118,7793.0,11597,192496,139394,53102,1587521,0.5
1900-01-21 17:42:00,7795.5,1029662,7796.0,786283,490053,57284,432769,243379,0.5
1900-01-21 20:19:30,7834.0,686986,7834.5,6313,39250,7072,32178,680673,0.5
1900-01-21 20:19:45,7838.0,784089,7838.5,328134,1133801,18659,1115142,455955,0.5
1900-01-21 20:20:00,7838.0,536490,7838.5,673187,540244,64936,475308,-136697,0.5
1900-01-21 20:20:15,7827.0,33533,7827.5,315053,83263,438565,-355302,-281520,0.5
1900-01-21 20:20:30,7824.0,1118608,7824.5,25214,78614,354709,-276095,1093394,0.5
1900-01-21 20:20:45,7825.0,73356,7825.5,752369,194627,66958,127669,-679013,0.5
1900-01-21 20:21:00,7820.0,878806,7820.5,135618,77018,171623,-94605,743188,0.5
1900-01-21 20:21:15,7823.5,1163949,7824.0,155461,240469,101587,138882,1008488,0.5
1900-01-21 20:21:30,7828.5,826200,7829.0,84997,193821,1156,192665,741203,0.5
1900-01-21 20:21:45,7831.5,875706,7832.0,140876,129344,1802,127542,734830,0.5
1900-01-21 20:22:00,7833.0,520935,7833.5,676904,11454,54956,-43502,-155969,0.5
1900-01-21 20:22:15,7833.0,894618,7833.5,76404,21277,57095,-35818,818214,0.5
1900-01-21 20:22:30,7833.0,121094,7833.5,1024561,89930,267461,-177531,-903467,0.5
1900-01-21 20:22:45,7820.5,14607,7821.0,451728,4474,93345,-88871,-437121,0.5
1900-01-21 20:23:00,7820.0,287144,7820.5,522338,6020,375301,-369281,-235194,0.5
1900-01-21 20:23:15,7825.0,127770,7825.5,20000,127436,100008,27428,107770,0.5
1900-01-21 20:23:30,7820.0,32263,7820.5,88549,209294,420631,-211337,-56286,0.5
1900-01-21 20:23:45,7820.0,668251,7820.5,643524,49677,102143,-52466,24727,0.5
1900-01-21 20:24:00,7817.5,439530,7818.0,540111,58190,193871,-135681,-100581,0.5
1900-01-21 20:24:15,7819.0,129489,7819.5,937274,378373,35174,343199,-807785,0.5
1900-01-21 20:24:30,7819.0,170744,7819.5,883425,7757,13801,-6044,-712681,0.5
1900-01-21 20:24:45,7820.0,782232,7820.5,26757,121800,62194,59606,755475,0.5
1900-01-21 20:25:00,7827.5,33000,7828.0,94363,301725,62900,238825,-61363,0.5
1900-01-21 20:25:15,7825.0,250255,7825.5,235762,70043,19584,50459,14493,0.5
1900-01-21 20:25:30,7825.0,1117391,7825.5,14254,28351,7006,21345,1103137,0.5
1900-01-21 20:25:45,7825.0,66911,7825.5,968814,37029,21868,15161,-901903,0.5
1900-01-21 20:26:00,7825.0,15523,7825.5,4086682,56768,220586,-163818,-4071159,0.5
1900-01-21 20:26:15,7811.0,4348,7811.5,735897,5090,196087,-190997,-731549,0.5
1900-01-21 20:26:30,7808.5,138493,7809.0,636147,12896,244250,-231354,-497654,0.5
1900-01-21 20:26:45,7808.5,567542,7809.0,268559,82944,139840,-56896,298983,0.5
1900-01-21 20:27:00,7808.0,26196,7808.5,1271969,79986,242017,-162031,-1245773,0.5
1900-01-21 20:27:15,7801.0,118217,7801.5,423419,13794,225209,-211415,-305202,0.5
1900-01-21 20:27:30,7801.0,593730,7801.5,32328,313905,395097,-81192,561402,0.5
1900-01-21 20:27:45,7803.0,666163,7803.5,2634,128288,91574,36714,663529,0.5
1900-01-21 20:28:00,7804.5,1004700,7805.0,192271,413462,129614,283848,812429,0.5
1900-01-21 20:28:15,7808.0,122741,7808.5,761596,177502,2838,174664,-638855,0.5
1900-01-21 20:28:30,7805.5,23554,7806.0,1358041,36746,37521,-775,-1334487,0.5
1900-01-21 20:28:45,7804.5,47908,7805.0,1440826,26424,162631,-136207,-1392918,0.5
1900-01-21 20:29:00,7803.0,1087261,7803.5,812420,6646,387428,-380782,274841,0.5
1900-01-21 20:29:15,7803.0,1230859,7803.5,820041,22948,182967,-160019,410818,0.5
1900-01-21 20:29:30,7803.0,1201861,7803.5,742501,32745,86716,-53971,459360,0.5
1900-01-21 20:29:45,7803.0,1198387,7803.5,781605,11628,51888,-40260,416782,0.5
1900-01-21 20:30:00,7804.5,122524,7805.0,8766,490608,13414,477194,113758,0.5
1900-01-21 20:30:15,7810.5,601946,7811.0,531193,288402,83764,204638,70753,0.5
1900-01-21 20:30:30,7810.5,482141,7811.0,263129,177937,5380,172557,219012,0.5
1900-01-21 20:30:45,7814.0,472512,7814.5,700918,78591,33970,44621,-228406,0.5
1900-01-21 20:31:00,7815.5,193324,7816.0,2063,107915,2240,105675,191261,0.5
1900-01-21 20:31:15,7819.5,367126,7820.0,624690,231345,66032,165313,-257564,0.5
1900-01-21 20:31:30,7819.5,457222,7820.0,815039,13333,33019,-19686,-357817,0.5
1900-01-21 20:31:45,7822.5,969929,7823.0,61507,184402,25547,158855,908422,0.5
1900-01-21 20:32:00,7826.5,411186,7827.0,227074,35713,7182,28531,184112,0.5
1900-01-21 20:32:15,7826.5,307704,7827.0,823290,10145,19014,-8869,-515586,0.5
1900-01-21 20:32:30,7827.5,52674,7828.0,822595,84582,46292,38290,-769921,0.5
1900-01-21 20:32:45,7827.0,19127,7828.0,739328,6582,2200383,-2193801,-720201,1.0
1900-01-21 20:33:00,7826.0,1394530,7826.5,55163,16820,18288,-1468,1339367,0.5
1900-01-21 20:33:15,7831.0,209978,7831.5,12224,123709,9224,114485,197754,0.5
1900-01-21 20:33:30,7836.5,1033425,7837.0,150,132610,7702,124908,1033275,0.5
1900-01-21 20:33:45,7837.5,205943,7838.0,558792,285485,25047,260438,-352849,0.5
1900-01-21 20:34:00,7838.0,1145099,7838.5,181602,111561,3936,107625,963497,0.5
1900-01-21 20:34:15,7838.0,1427217,7838.5,47390,239151,9708,229443,1379827,0.5
1900-01-21 20:34:30,7839.0,1025523,7839.5,149916,160498,50933,109565,875607,0.5
1900-01-21 20:34:45,7839.0,167244,7839.5,805191,29858,66565,-36707,-637947,0.5
1900-01-21 20:35:00,7839.0,1195436,7839.5,84871,41762,118807,-77045,1110565,0.5
1900-01-21 20:35:15,7839.5,1803540,7840.0,61443,199323,23062,176261,1742097,0.5
1900-01-21 20:35:30,7846.0,817392,7846.5,398978,291701,19255,272446,418414,0.5
1900-01-21 20:35:45,7843.0,24067,7843.5,954499,125303,92984,32319,-930432,0.5
1900-01-21 20:36:00,7843.0,387089,7843.5,551346,51920,37632,14288,-164257,0.5
1900-01-21 20:36:15,7847.5,1021294,7848.0,13533,274041,3720,270321,1007761,0.5
1900-01-21 20:36:30,7848.5,268214,7849.0,603229,112897,129715,-16818,-335015,0.5
1900-01-21 20:36:45,7848.5,423318,7849.0,601001,110915,105300,5615,-177683,0.5
1900-01-21 20:37:00,7848.5,360961,7849.0,577446,225962,6201,219761,-216485,0.5
1900-01-21 20:37:15,7847.0,45590,7847.5,865960,50038,209752,-159714,-820370,0.5
1900-01-21 20:37:30,7845.5,255405,7846.0,562527,52526,92504,-39978,-307122,0.5
1900-01-21 20:37:45,7842.5,6642,7843.0,1220051,822,119191,-118369,-1213409,0.5
1900-01-21 20:38:00,7841.0,773648,7841.5,191885,81194,175079,-93885,581763,0.5
1900-01-21 20:38:15,7841.0,673802,7841.5,228470,39140,49825,-10685,445332,0.5
1900-01-21 20:38:30,7841.0,38992,7841.5,937308,85744,106692,-20948,-898316,0.5
1900-01-21 20:38:45,7837.5,1065536,7838.0,64068,1748,115467,-113719,1001468,0.5
1900-01-21 20:39:00,7837.5,115836,7838.0,780672,15468,44464,-28996,-664836,0.5
1900-01-21 20:39:15,7837.5,1032968,7838.0,272048,15355,29444,-14089,760920,0.5
1900-01-21 20:39:30,7837.5,43636,7838.0,870140,3112,7554,-4442,-826504,0.5
1900-01-21 20:39:45,7835.5,1005110,7836.0,105039,74712,73139,1573,900071,0.5
1900-01-21 20:40:00,7835.5,883069,7836.0,272005,114800,9707,105093,611064,0.5
1900-01-21 20:40:15,7837.5,384606,7838.0,87377,65198,12002,53196,297229,0.5
1900-01-21 20:40:30,7853.5,133906,7854.0,56940,120312,27224,93088,76966,0.5
1900-01-21 20:40:45,7853.5,930799,7854.0,276588,86459,26036,60423,654211,0.5
1900-01-21 20:41:00,7867.0,4945,7867.5,73033,388134,63050,325084,-68088,0.5
1900-01-21 20:41:15,7851.0,709189,7851.5,3699,94219,66281,27938,705490,0.5
1900-01-21 20:41:30,7856.0,1800,7856.5,263900,111110,86279,24831,-262100,0.5
1900-01-21 20:41:45,7851.0,572508,7851.5,1700,37126,37640,-514,570808,0.5
1900-01-21 20:42:00,7870.0,5000,7870.5,46387,522535,145530,377005,-41387,0.5
1900-01-21 20:42:15,7874.0,494620,7874.5,269648,204239,493213,-288974,224972,0.5
1900-01-21 20:42:30,7888.0,59642,7888.5,1360,326290,81182,245108,58282,0.5
1900-01-21 20:42:45,7884.5,169768,7885.0,159321,1182191,926984,255207,10447,0.5
1900-01-21 20:43:00,7880.0,31836,7880.5,308678,164904,1051591,-886687,-276842,0.5
1900-01-21 20:43:15,7872.0,217358,7872.5,1290348,69550,331382,-261832,-1072990,0.5
1900-01-21 20:43:30,7880.0,855094,7880.5,56205,319393,71314,248079,798889,0.5
1900-01-21 20:43:45,7884.0,704383,7884.5,382927,232711,172743,59968,321456,0.5
1900-01-21 20:44:00,7884.0,563963,7884.5,697760,379280,52628,326652,-133797,0.5
1900-01-21 20:44:15,7882.0,48055,7882.5,31258,113924,347157,-233233,16797,0.5
1900-01-21 20:44:30,7884.0,221660,7884.5,666723,159612,133896,25716,-445063,0.5
1900-01-21 20:44:45,7887.0,967113,7887.5,162242,156722,39292,117430,804871,0.5
1900-01-21 20:45:00,7915.0,15000,7941.0,63551,2587346,35168,2552178,-48551,26.0
1900-01-21 20:45:15,7971.5,1100,7972.5,8274,3482531,854291,2628240,-7174,1.0
1900-01-21 20:45:30,7964.0,1846260,7968.0,2955,1592608,3971695,-2379087,1843305,4.0
1900-01-21 20:45:45,7963.5,194443,7964.0,545927,1605032,950446,654586,-351484,0.5
1900-01-21 20:46:00,7956.5,4937,7957.0,5000,729423,858025,-128602,-63,0.5
1900-01-21 20:46:15,7974.5,7546,7975.0,15871,904037,428791,475246,-8325,0.5
1900-01-21 20:46:30,7963.5,160963,7964.0,34119,566804,1071543,-504739,126844,0.5
1900-01-21 20:46:45,7979.5,257844,7980.0,315352,1315830,106012,1209818,-57508,0.5
1900-01-21 20:47:00,7975.5,88104,7976.0,406040,376294,778242,-401948,-317936,0.5
1900-01-21 20:47:15,7975.0,486723,7975.5,349471,1400935,716978,683957,137252,0.5
1900-01-21 20:47:30,7967.5,15096,7968.0,406251,260986,452992,-192006,-391155,0.5
1900-01-21 20:47:45,7965.0,25639,7965.5,17627,429092,266437,162655,8012,0.5
1900-01-21 20:48:00,7962.0,240073,7962.5,183364,158681,783116,-624435,56709,0.5
1900-01-21 20:48:15,7947.0,410235,7947.5,317143,95440,954340,-858900,93092,0.5
1900-01-21 20:48:30,7960.5,302520,7961.0,106437,668946,830244,-161298,196083,0.5
1900-01-21 20:48:45,7954.5,895656,7955.0,30617,119918,89423,30495,865039,0.5
1900-01-21 20:49:00,7966.0,13331,7966.5,5367,2042610,543848,1498762,7964,0.5
1900-01-21 20:49:15,7947.5,479890,7948.0,1371621,77213,1296924,-1219711,-891731,0.5
1900-01-21 20:49:30,7962.5,584538,7963.0,127549,242527,212242,30285,456989,0.5
1900-01-21 20:49:45,7978.5,693785,7979.0,795819,385354,175368,209986,-102034,0.5
1900-01-21 20:50:00,7974.0,259953,7974.5,211065,2475224,345632,2129592,48888,0.5
1900-01-21 20:50:15,7960.5,532384,7961.0,227892,907506,991363,-83857,304492,0.5
1900-01-21 20:50:30,7961.0,723608,7961.5,69951,200175,145389,54786,653657,0.5
1900-01-21 20:50:45,7967.0,169316,7967.5,4750,134448,206904,-72456,164566,0.5
1900-01-21 20:51:00,7967.0,466379,7967.5,345398,367424,480131,-112707,120981,0.5
1900-01-21 20:51:15,7961.5,625,7962.0,538619,148934,464624,-315690,-537994,0.5
1900-01-21 20:51:30,7960.0,26773,7960.5,724896,74215,354765,-280550,-698123,0.5
1900-01-21 20:51:45,7957.5,592176,7958.0,15299,61066,363417,-302351,576877,0.5
1900-01-21 20:52:00,7959.0,861149,7959.5,2069,333089,62607,270482,859080,0.5
1900-01-21 20:52:15,7965.5,421494,7966.0,643,704456,161750,542706,420851,0.5
1900-01-21 20:52:30,7973.5,46051,7974.0,32474,161014,129876,31138,13577,0.5
1900-01-21 20:52:45,7973.0,207345,7973.5,484295,418202,108400,309802,-276950,0.5
1900-01-21 20:53:00,7974.0,381801,7974.5,211065,909782,116174,793608,170736,0.5
1900-01-21 20:53:15,7967.0,522934,7967.5,482562,53954,596054,-542100,40372,0.5
1900-01-21 20:53:30,7966.5,406070,7967.0,269001,121640,155387,-33747,137069,0.5
1900-01-21 20:53:45,7963.0,12803,7963.5,927606,54050,297401,-243351,-914803,0.5
1900-01-21 20:54:00,7957.0,15627,7957.5,18882,25135,277209,-252074,-3255,0.5
1900-01-21 20:54:15,7950.0,159802,7950.5,1231835,21254,585683,-564429,-1072033,0.5
1900-01-21 20:54:30,7948.5,74553,7949.0,1171998,214727,244292,-29565,-1097445,0.5
1900-01-21 20:54:45,7959.5,93792,7960.0,32476,296140,107784,188356,61316,0.5
1900-01-21 20:55:00,7962.0,69177,7962.5,535661,618199,71380,546819,-466484,0.5
1900-01-21 20:55:15,7968.0,361374,7968.5,1320,341361,20712,320649,360054,0.5
1900-01-21 20:55:30,7972.5,901032,7973.0,4542,236480,123596,112884,896490,0.5
1900-01-21 20:55:45,7977.0,119449,7977.5,416500,364616,154914,209702,-297051,0.5
1900-01-21 20:56:00,7970.5,42050,7971.0,411273,361186,928205,-567019,-369223,0.5
1900-01-21 20:56:15,7963.0,92703,7963.5,819008,122250,566547,-444297,-726305,0.5
1900-01-21 20:56:30,7965.0,575540,7965.5,25,56855,126909,-70054,575515,0.5
1900-01-21 20:56:45,7970.5,908718,7971.0,12359,91571,99162,-7591,896359,0.5
1900-01-21 20:57:00,7972.0,338620,7972.5,30269,69849,31632,38217,308351,0.5
1900-01-21 20:57:15,7976.0,738864,7976.5,397534,240414,47216,193198,341330,0.5
1900-01-21 20:57:30,8004.5,49472,8005.0,454214,1728136,224285,1503851,-404742,0.5
1900-01-21 20:57:45,8008.5,997896,8009.0,53160,1014051,251423,762628,944736,0.5
1900-01-21 20:58:00,8025.5,12034,8026.0,345170,2925761,99588,2826173,-333136,0.5
1900-01-21 20:58:15,8027.5,43900,8028.0,286516,3628997,2937730,691267,-242616,0.5
1900-01-21 20:58:30,8021.0,35808,8021.5,49767,1783915,734353,1049562,-13959,0.5
1900-01-21 20:58:45,8010.5,45125,8011.0,561381,486217,521866,-35649,-516256,0.5
1900-01-21 20:59:00,8004.5,77180,8006.5,364967,1040542,639349,401193,-287787,2.0
1900-01-21 20:59:15,8003.5,556762,8004.0,309053,56390,567829,-511439,247709,0.5
1900-01-21 20:59:30,8014.0,501656,8014.5,343934,566687,335496,231191,157722,0.5
1900-01-21 20:59:45,8012.0,42627,8012.5,404583,203294,305928,-102634,-361956,0.5
1900-01-21 21:00:00,8010.0,204066,8010.5,235936,69961,73866,-3905,-31870,0.5
1900-01-21 21:00:15,8034.0,30990,8034.5,28699,1338933,276742,1062191,2291,0.5
1900-01-21 21:00:30,8023.0,226551,8023.5,23848,912801,382461,530340,202703,0.5
1900-01-21 21:00:45,8029.5,43218,8030.0,83609,552960,46726,506234,-40391,0.5
1900-01-21 21:01:00,8061.0,9375,8063.0,46499,1569172,210482,1358690,-37124,2.0
1900-01-21 21:01:15,8050.5,4957,8051.5,56371,2191717,185560,2006157,-51414,1.0
1900-01-21 21:01:30,8054.0,53417,8054.5,22208,475332,403125,72207,31209,0.5
1900-01-21 21:01:45,8059.5,51739,8060.0,114054,2593321,472259,2121062,-62315,0.5
1900-01-21 21:02:00,8061.0,688514,8061.5,10987,928421,475233,453188,677527,0.5
1900-01-21 21:02:15,8070.5,342412,8074.0,69539,1041622,1760968,-719346,272873,3.5
1900-01-21 21:02:30,8077.0,65285,8077.5,36721,1240838,518325,722513,28564,0.5
1900-01-21 21:02:45,8081.5,1016473,8082.0,45176,675980,288355,387625,971297,0.5
1900-01-21 21:03:00,8090.5,25102,8091.0,47222,939263,288541,650722,-22120,0.5
1900-01-21 21:03:15,8099.0,405045,8099.5,119969,1299217,315081,984136,285076,0.5
1900-01-21 21:03:30,8100.0,362925,8100.5,346189,1441032,658991,782041,16736,0.5
1900-01-21 21:03:45,8090.5,13197,8091.0,245264,422175,1703494,-1281319,-232067,0.5
1900-01-21 21:04:00,8074.0,56749,8074.5,296866,483198,1130433,-647235,-240117,0.5
1900-01-21 21:04:15,8063.5,42334,8064.0,17526,669036,3109446,-2440410,24808,0.5
1900-01-21 21:04:30,8070.0,576287,8070.5,513534,291295,751063,-459768,62753,0.5
1900-01-21 21:04:45,8069.0,77610,8069.5,610702,141303,1266953,-1125650,-533092,0.5
1900-01-21 21:05:00,8064.5,422862,8065.0,170294,169325,565288,-395963,252568,0.5
1900-01-21 21:05:15,8074.0,86354,8074.5,171867,155281,296016,-140735,-85513,0.5
1900-01-21 21:05:30,8080.5,275892,8081.0,359,232167,99781,132386,275533,0.5
1900-01-21 21:05:45,8096.5,4000,8097.0,35875,466650,66457,400193,-31875,0.5
1900-01-21 21:06:00,8087.0,119610,8087.5,53547,1220929,298516,922413,66063,0.5
1900-01-21 21:06:15,8077.5,50645,8078.0,112,162588,409832,-247244,50533,0.5
1900-01-21 21:06:30,8060.0,843985,8060.5,9341,350253,569570,-219317,834644,0.5
1900-01-21 21:06:45,8065.5,221498,8066.0,525984,1430275,415305,1014970,-304486,0.5
1900-01-21 21:07:00,8079.5,151511,8080.0,52112,855259,112774,742485,99399,0.5
1900-01-21 21:07:15,8074.5,168989,8075.0,857022,231292,496254,-264962,-688033,0.5
1900-01-21 21:07:30,8060.0,67152,8060.5,151480,130186,296502,-166316,-84328,0.5
1900-01-21 21:07:45,8063.5,364132,8064.0,165502,225577,208446,17131,198630,0.5
1900-01-21 21:08:00,8070.0,2279609,8070.5,35118,140725,193913,-53188,2244491,0.5
1900-01-21 21:08:15,8085.0,1794936,8085.5,925378,182046,401464,-219418,869558,0.5
1900-01-21 21:08:30,8086.0,542805,8086.5,20305,274824,185868,88956,522500,0.5
1900-01-21 21:08:45,8086.5,102740,8087.0,204380,119053,555182,-436129,-101640,0.5
1900-01-21 21:09:00,8078.5,9848,8079.0,489227,432373,482295,-49922,-479379,0.5
1900-01-21 21:09:15,8085.5,625642,8086.0,361337,653438,213800,439638,264305,0.5
1900-01-21 21:09:30,8078.5,161777,8079.0,334148,81594,135380,-53786,-172371,0.5
1900-01-21 21:09:45,8086.0,16732,8086.5,109988,213266,266089,-52823,-93256,0.5
1900-01-21 21:10:00,8072.0,16691,8072.5,4700,83757,356893,-273136,11991,0.5
1900-01-21 21:10:15,8071.5,898790,8072.0,2954,92863,797485,-704622,895836,0.5
1900-01-21 21:10:30,8072.0,196967,8072.5,537946,74625,497551,-422926,-340979,0.5
1900-01-21 21:10:45,8062.5,249727,8063.0,563191,27909,795752,-767843,-313464,0.5
1900-01-21 21:11:00,8062.5,10941,8063.0,570345,70105,554079,-483974,-559404,0.5
1900-01-21 21:11:15,8058.0,1230381,8058.5,275112,42544,683655,-641111,955269,0.5
1900-01-21 21:11:30,8059.5,424993,8060.0,100738,296710,212080,84630,324255,0.5
1900-01-21 21:11:45,8058.5,39317,8059.0,616771,89282,194092,-104810,-577454,0.5
1900-01-21 21:12:00,8055.0,109399,8055.5,1043213,133266,1317289,-1184023,-933814,0.5
1900-01-21 21:12:15,8049.5,113262,8050.0,10700,57889,625550,-567661,102562,0.5
1900-01-21 21:12:30,8046.0,100992,8046.5,354143,178740,890777,-712037,-253151,0.5
1900-01-21 21:12:45,8039.0,23411,8039.5,69712,166317,383892,-217575,-46301,0.5
1900-01-21 21:13:00,8031.5,2949447,8032.0,280768,124054,599586,-475532,2668679,0.5
1900-01-21 21:13:15,8039.0,263821,8039.5,22638,865540,463722,401818,241183,0.5
1900-01-21 21:13:30,8048.5,306130,8049.0,143100,458863,50916,407947,163030,0.5
1900-01-21 21:13:45,8049.0,256808,8049.5,631857,511378,224605,286773,-375049,0.5
1900-01-21 21:14:00,8046.0,161283,8046.5,788678,202520,303926,-101406,-627395,0.5
1900-01-21 21:14:15,8041.0,5849,8041.5,669203,16316,433425,-417109,-663354,0.5
1900-01-21 21:14:30,8034.5,37000,8035.0,459604,28388,340471,-312083,-422604,0.5
1900-01-21 21:14:45,8011.5,7058,8012.0,218316,395409,1869095,-1473686,-211258,0.5
1900-01-21 21:15:00,8011.0,391662,8011.5,516093,518210,639563,-121353,-124431,0.5
1900-01-21 21:15:15,8026.5,391454,8027.0,421662,838064,362324,475740,-30208,0.5
1900-01-21 21:15:30,8030.5,711467,8031.0,33860,1108295,200971,907324,677607,0.5
1900-01-21 21:15:45,8031.0,393630,8031.5,39781,437276,185451,251825,353849,0.5
1900-01-21 21:16:00,8034.5,585513,8035.0,210645,490211,269647,220564,374868,0.5
1900-01-21 21:16:15,8029.5,28453,8030.0,478381,152826,409785,-256959,-449928,0.5
1900-01-21 21:16:30,8034.0,66290,8034.5,488902,542501,176116,366385,-422612,0.5
1900-01-21 21:16:45,8031.5,1957368,8032.0,438254,179587,460075,-280488,1519114,0.5
1900-01-21 21:17:00,8031.5,426534,8032.0,335626,214808,11610996,-11396188,90908,0.5
1900-01-21 21:17:15,8034.5,1138392,8035.0,19859,260208,80402,179806,1118533,0.5
1900-01-21 21:17:30,8038.5,514664,8039.0,23703,299250,224181,75069,490961,0.5
1900-01-21 21:17:45,8046.0,107692,8046.5,385300,228605,95107,133498,-277608,0.5
1900-01-21 21:18:00,8046.0,514921,8046.5,37778,492131,189025,303106,477143,0.5
1900-01-21 21:18:15,8046.5,131185,8047.0,199658,90432,318706,-228274,-68473,0.5
1900-01-21 21:18:30,8051.0,429847,8051.5,38999,409194,14114,395080,390848,0.5
1900-01-21 21:18:45,8042.5,28505,8043.0,299792,100854,322803,-221949,-271287,0.5
1900-01-21 21:19:00,8042.5,402,8043.0,172034,321616,308263,13353,-171632,0.5
1900-01-21 21:19:15,8037.0,501010,8037.5,120160,128606,443045,-314439,380850,0.5
1900-01-21 21:19:30,8040.5,662139,8041.0,12412,52159,56015,-3856,649727,0.5
1900-01-21 21:19:45,8040.5,324273,8041.0,467666,25548,209966,-184418,-143393,0.5
1900-01-21 21:20:00,8040.5,886468,8041.0,678326,55436,90410,-34974,208142,0.5
1900-01-21 21:20:15,8037.5,16735,8038.0,189806,19685,156008,-136323,-173071,0.5
1900-01-21 21:20:30,8034.5,1141889,8035.0,42254,48505,165992,-117487,1099635,0.5
1900-01-21 21:20:45,8040.5,479786,8041.0,628157,101933,154850,-52917,-148371,0.5
1900-01-21 21:21:00,8040.5,862117,8041.0,250363,711436,10616,700820,611754,0.5
1900-01-21 21:21:15,8042.0,827429,8042.5,8986,231991,28065,203926,818443,0.5
1900-01-21 21:21:30,8045.5,452122,8046.0,262659,259318,13652,245666,189463,0.5
1900-01-21 21:21:45,8047.5,851871,8048.0,4161,93736,97554,-3818,847710,0.5
1900-01-21 21:22:00,8049.5,451239,8050.0,289538,201773,110928,90845,161701,0.5
1900-01-21 21:22:15,8050.0,288868,8050.5,272311,122232,30082,92150,16557,0.5
1900-01-21 21:22:30,8056.0,83374,8056.5,427345,162766,215304,-52538,-343971,0.5
1900-01-21 21:22:45,8056.0,719494,8056.5,48167,277332,11008,266324,671327,0.5
1900-01-21 21:23:00,8059.0,539517,8059.5,22866,143850,8096,135754,516651,0.5
1900-01-21 21:23:15,8063.0,317493,8063.5,196752,395219,78390,316829,120741,0.5
1900-01-21 21:23:30,8069.5,62839,8070.0,143975,865136,416258,448878,-81136,0.5
1900-01-21 21:23:45,8075.0,205728,8075.5,42048,175888,1666526,-1490638,163680,0.5
1900-01-21 21:24:00,8086.5,441832,8087.0,68518,153172,204482,-51310,373314,0.5
1900-01-21 21:24:15,8078.0,8733,8078.5,24862,459339,364725,94614,-16129,0.5
1900-01-21 21:24:30,8099.5,12763,8105.5,11666,1468838,497779,971059,1097,6.0
1900-01-21 21:24:45,8119.5,61804,8120.0,450253,1216148,433191,782957,-388449,0.5
1900-01-21 21:25:00,8115.0,25583,8115.5,6475,967220,728458,238762,19108,0.5
1900-01-21 21:25:15,8110.0,53237,8110.5,454644,349732,598261,-248529,-401407,0.5
1900-01-21 21:25:30,8119.5,62865,8120.0,168786,1245378,685135,560243,-105921,0.5
1900-01-21 21:25:45,8119.0,4562,8120.0,721102,288820,1075768,-786948,-716540,1.0
1900-01-21 21:26:00,8114.0,208812,8114.5,78282,856800,334298,522502,130530,0.5
1900-01-21 21:26:15,8109.0,2437,8109.5,400992,169558,235863,-66305,-398555,0.5
1900-01-21 21:26:30,8092.0,39480,8092.5,91215,80914,822448,-741534,-51735,0.5
1900-01-21 21:26:45,8099.0,105618,8099.5,781369,913173,398408,514765,-675751,0.5
1900-01-21 21:27:00,8098.0,90505,8098.5,312006,81213,303384,-222171,-221501,0.5
1900-01-21 21:27:15,8109.0,129210,8109.5,23022,642137,209142,432995,106188,0.5
1900-01-21 21:27:30,8105.5,23396,8106.0,417816,152555,248177,-95622,-394420,0.5
1900-01-21 21:27:45,8104.5,396347,8105.0,14800,462113,259530,202583,381547,0.5
1900-01-21 21:28:00,8118.0,52810,8118.5,440724,228187,278000,-49813,-387914,0.5
1900-01-21 21:28:15,8126.0,56597,8126.5,5,218067,119438,98629,56592,0.5
1900-01-21 21:28:30,8122.5,51475,8123.0,257462,94088,90461,3627,-205987,0.5
1900-01-21 21:28:45,8135.5,14940,8136.0,18699,473363,277861,195502,-3759,0.5
1900-01-21 21:29:00,8129.5,260977,8130.0,83231,318157,394781,-76624,177746,0.5
1900-01-21 21:29:15,8150.0,876182,8150.5,32804,331225,265735,65490,843378,0.5
1900-01-21 21:29:30,8145.5,4737,8146.0,150193,2229702,1575670,654032,-145456,0.5
1900-01-21 21:29:45,8147.5,83646,8148.0,190849,506777,704395,-197618,-107203,0.5
1900-01-21 21:30:00,8137.5,71794,8138.0,109639,219991,999935,-779944,-37845,0.5
1900-01-21 21:30:15,8144.0,503053,8144.5,32833,150812,548440,-397628,470220,0.5
1900-01-21 21:30:30,8149.5,440031,8150.0,172980,463314,195353,267961,267051,0.5
1900-01-21 21:30:45,8167.5,27685,8170.5,300000,2511036,476854,2034182,-272315,3.0
1900-01-21 21:31:00,8161.0,304624,8161.5,105320,717170,496133,221037,199304,0.5
1900-01-21 21:31:15,8165.5,45849,8166.0,1262459,580125,406679,173446,-1216610,0.5
1900-01-21 21:31:30,8145.0,128593,8145.5,96708,301357,1418397,-1117040,31885,0.5
1900-01-21 21:31:45,8135.5,318886,8136.0,161793,108776,810466,-701690,157093,0.5
1900-01-21 21:32:00,8127.5,108819,8128.0,31463,392213,733528,-341315,77356,0.5
1900-01-21 21:32:15,8107.5,1378,8108.0,184514,94067,1125649,-1031582,-183136,0.5
1900-01-21 21:32:30,8104.5,262105,8105.0,386111,392970,916670,-523700,-124006,0.5
1900-01-21 21:32:45,8104.0,35228,8104.5,871967,978732,846338,132394,-836739,0.5
1900-01-21 21:33:00,8079.5,7537,8080.0,1914866,921091,2031135,-1110044,-1907329,0.5
1900-01-21 21:33:15,8091.5,104130,8092.0,10000,927390,536232,391158,94130,0.5
1900-01-21 21:33:30,8087.5,172995,8088.0,13997,846497,201821,644676,158998,0.5
1900-01-21 21:33:45,8127.5,1875,8128.0,4044,1730425,156126,1574299,-2169,0.5
1900-01-21 21:34:00,8121.0,96164,8121.5,558727,653319,260243,393076,-462563,0.5
1900-01-21 21:34:15,8126.5,94784,8127.0,35784,515377,396685,118692,59000,0.5
1900-01-21 21:34:30,8115.0,2249,8116.0,127314,401735,258069,143666,-125065,1.0
1900-01-21 21:34:45,8099.5,141237,8100.0,485010,193238,330712,-137474,-343773,0.5
1900-01-21 21:35:00,8111.5,73063,8112.0,33074,279322,179958,99364,39989,0.5
1900-01-21 21:35:15,8111.5,436230,8112.0,16148,143619,100164,43455,420082,0.5
1900-01-21 21:35:30,8119.5,486235,8120.0,58147,262910,22831,240079,428088,0.5
1900-01-21 21:35:45,8115.5,12158,8116.0,426250,56370,201539,-145169,-414092,0.5
1900-01-21 21:36:00,8108.5,886,8109.0,606847,190589,244225,-53636,-605961,0.5
1900-01-21 21:36:15,8109.5,189280,8110.0,23572,198753,67591,131162,165708,0.5
1900-01-21 21:36:30,8099.0,421781,8099.5,53223,73933,395524,-321591,368558,0.5
1900-01-21 21:36:45,8102.5,162556,8103.0,396754,93953,95481,-1528,-234198,0.5
1900-01-21 21:37:00,8097.5,29682,8098.0,341819,111637,329025,-217388,-312137,0.5
1900-01-21 21:37:15,8091.5,261081,8092.0,154953,85380,646339,-560959,106128,0.5
1900-01-21 21:37:30,8077.0,51914,8077.5,4000,226991,781607,-554616,47914,0.5
1900-01-21 21:37:45,8078.5,94650,8079.0,156099,306586,618985,-312399,-61449,0.5
1900-01-21 21:38:00,8064.5,125369,8065.0,615275,113451,1449161,-1335710,-489906,0.5
1900-01-21 21:38:15,8053.0,23976,8053.5,42955,1736011,1200107,535904,-18979,0.5
1900-01-21 21:38:30,8081.0,46816,8081.5,356856,1931659,168313,1763346,-310040,0.5
1900-01-21 21:38:45,8074.0,253581,8074.5,90965,475364,289776,185588,162616,0.5
1900-01-21 21:39:00,8082.0,3799,8083.0,4873,881436,40371,841065,-1074,1.0
1900-01-21 21:39:15,8085.5,51116,8086.0,533812,363569,334453,29116,-482696,0.5
1900-01-21 21:39:30,8085.5,103826,8086.0,513558,106295,43604,62691,-409732,0.5
1900-01-21 21:39:45,8080.0,94476,8080.5,419057,81492,252134,-170642,-324581,0.5
1900-01-21 21:40:00,8089.5,469609,8090.0,35573,209811,91058,118753,434036,0.5
1900-01-21 21:40:15,8085.5,19487,8086.0,211184,659103,129488,529615,-191697,0.5
1900-01-21 21:40:30,8093.5,661394,8094.0,29095,210767,61458,149309,632299,0.5
1900-01-21 21:40:45,8093.5,143222,8094.0,437889,62836,100744,-37908,-294667,0.5
1900-01-21 21:41:00,8096.0,431211,8096.5,5015,216906,282884,-65978,426196,0.5
1900-01-21 21:41:15,8095.0,17420,8095.5,331314,38065,40105,-2040,-313894,0.5
1900-01-21 21:41:30,8076.0,37,8076.5,12079,39785,784737,-744952,-12042,0.5
1900-01-21 21:41:45,8070.5,32033,8071.0,572650,103794,406565,-302771,-540617,0.5
1900-01-21 21:42:00,8069.5,516076,8070.0,991417,181368,588801,-407433,-475341,0.5
1900-01-21 21:42:15,8075.5,592053,8076.0,92693,375443,1088451,-713008,499360,0.5
1900-01-21 21:42:30,8080.0,715138,8080.5,164685,262735,341799,-79064,550453,0.5
1900-01-21 21:42:45,8070.0,20681,8070.5,760675,68236,235528,-167292,-739994,0.5
1900-01-21 21:43:00,8061.0,824496,8061.5,150575,18020,193288,-175268,673921,0.5
1900-01-21 21:43:15,8072.5,69317,8073.0,46695,322096,127416,194680,22622,0.5
1900-01-21 21:43:30,8065.0,590522,8065.5,109633,121698,66494,55204,480889,0.5
1900-01-21 21:43:45,8070.0,1328471,8070.5,96892,111171,93952,17219,1231579,0.5
1900-01-21 21:44:00,8073.5,425269,8074.0,3638,122832,130707,-7875,421631,0.5
1900-01-21 21:44:15,8074.5,148041,8075.0,369153,62390,7348,55042,-221112,0.5
1900-01-21 21:44:30,8078.5,144735,8079.0,229863,96339,157091,-60752,-85128,0.5
1900-01-21 21:44:45,8073.5,35149,8074.0,478811,35798,272965,-237167,-443662,0.5
1900-01-21 21:45:00,8069.5,23430,8070.0,751885,191059,52544,138515,-728455,0.5
1900-01-21 21:45:15,8073.5,59179,8074.0,921279,15600,107925,-92325,-862100,0.5
1900-01-21 21:45:30,8071.5,109335,8072.0,550305,92552,86262,6290,-440970,0.5
1900-01-21 21:45:45,8075.0,51223,8075.5,679096,210979,258356,-47377,-627873,0.5
1900-01-21 21:46:00,8069.5,269645,8070.0,508476,38625,110232,-71607,-238831,0.5
1900-01-21 21:46:15,8052.5,344981,8053.0,13361,78212,734856,-656644,331620,0.5
1900-01-21 21:46:30,8069.0,122614,8069.5,411763,916897,663963,252934,-289149,0.5
1900-01-21 21:46:45,8056.0,216540,8056.5,529181,128434,319832,-191398,-312641,0.5
1900-01-21 21:47:00,8056.0,51010,8056.5,504824,71396,214265,-142869,-453814,0.5
1900-01-21 21:47:15,8050.0,85693,8050.5,561939,47700,390000,-342300,-476246,0.5
1900-01-21 21:47:30,8053.5,2928,8054.5,2000,361001,595991,-234990,928,1.0
1900-01-21 21:47:45,8049.0,331962,8049.5,30804,50992,159214,-108222,301158,0.5
1900-01-21 21:48:00,8041.0,451424,8041.5,313402,158555,264578,-106023,138022,0.5
1900-01-21 21:48:15,8033.5,69725,8034.0,1000,51473,1095981,-1044508,68725,0.5
1900-01-21 21:48:30,8036.0,10000,8036.5,9359,242462,1120724,-878262,641,0.5
1900-01-21 21:48:45,8039.5,12653,8040.0,230991,629925,115638,514287,-218338,0.5
1900-01-21 21:49:00,8021.5,625150,8022.0,62110,68895,197619,-128724,563040,0.5
1900-01-21 21:49:15,8029.5,179275,8030.0,382607,130656,243889,-113233,-203332,0.5
1900-01-21 21:49:30,8028.5,16202,8029.0,718958,527175,239734,287441,-702756,0.5
1900-01-21 21:49:45,8023.0,324837,8023.5,119113,717160,460301,256859,205724,0.5
1900-01-21 21:50:00,8030.0,978725,8030.5,147094,626552,626722,-170,831631,0.5
1900-01-21 21:50:15,8028.5,17176,8029.0,272267,325204,318763,6441,-255091,0.5
1900-01-21 21:50:30,8028.5,424225,8029.0,52837,589676,110663,479013,371388,0.5
1900-01-21 21:50:45,8032.5,138402,8033.0,363331,107967,17372,90595,-224929,0.5
1900-01-21 21:51:00,8032.5,369579,8033.0,295747,303955,56737,247218,73832,0.5
1900-01-21 21:51:15,8029.0,202952,8029.5,247713,431958,280262,151696,-44761,0.5
1900-01-21 21:51:30,8036.5,118280,8037.0,821519,285075,33325,251750,-703239,0.5
1900-01-21 21:51:45,8032.0,31372,8032.5,664733,411511,105224,306287,-633361,0.5
1900-01-21 21:52:00,8032.0,493536,8032.5,513504,96008,27050,68958,-19968,0.5
1900-01-21 21:52:15,8040.0,570838,8040.5,27068,244787,11355,233432,543770,0.5
1900-01-21 21:52:30,8042.0,533735,8042.5,186513,348877,127000,221877,347222,0.5
1900-01-21 21:52:45,8041.5,396990,8042.0,21043,213401,88618,124783,375947,0.5
1900-01-21 21:53:00,8054.5,338952,8055.0,595195,2312372,57034,2255338,-256243,0.5
1900-01-21 21:53:15,8054.5,372895,8055.0,447800,248609,25370,223239,-74905,0.5
1900-01-21 21:53:30,8070.0,81928,8070.5,477094,222821,763242,-540421,-395166,0.5
1900-01-21 21:53:45,8057.0,30571,8057.5,101294,424458,117834,306624,-70723,0.5
1900-01-21 21:54:00,8062.5,6050,8063.0,102606,118416,64267,54149,-96556,0.5
1900-01-21 21:54:15,8058.5,321693,8059.0,287562,218830,146029,72801,34131,0.5
1900-01-21 21:54:30,8068.5,100054,8069.0,509815,417144,53474,363670,-409761,0.5
1900-01-21 21:54:45,8059.0,640773,8059.5,35879,70882,222824,-151942,604894,0.5
1900-01-21 21:55:00,8074.5,214038,8075.0,456990,426449,55567,370882,-242952,0.5
1900-01-21 21:55:15,8066.5,681272,8067.0,895,68581,130660,-62079,680377,0.5
1900-01-21 21:55:30,8065.0,3922,8065.5,511029,41385,130765,-89380,-507107,0.5
1900-01-21 21:55:45,8069.5,17431,8070.0,91611,257093,31552,225541,-74180,0.5
1900-01-21 21:56:00,8074.0,336631,8074.5,314768,119274,26968,92306,21863,0.5
1900-01-21 21:56:15,8074.0,317038,8074.5,643233,17426,38260,-20834,-326195,0.5
1900-01-21 21:56:30,8070.5,467226,8071.0,163264,67185,518527,-451342,303962,0.5
1900-01-21 21:56:45,8067.0,1728,8067.5,677045,112930,259525,-146595,-675317,0.5
1900-01-21 21:57:00,8056.5,12030,8057.0,132951,2356,94159,-91803,-120921,0.5
1900-01-21 21:57:15,8061.5,674174,8062.0,21700,752555,364156,388399,652474,0.5
1900-01-21 21:57:30,8067.0,210842,8067.5,577979,95254,1920,93334,-367137,0.5
1900-01-21 21:57:45,8067.0,143223,8067.5,649616,103822,45883,57939,-506393,0.5
1900-01-21 21:58:00,8067.0,534363,8067.5,36306,40690,82731,-42041,498057,0.5
1900-01-21 21:58:15,8063.0,820987,8063.5,113999,47239,182663,-135424,706988,0.5
1900-01-21 21:58:30,8063.0,507686,8063.5,262547,31404,123028,-91624,245139,0.5
1900-01-21 21:58:45,8063.0,692004,8063.5,331870,13260,4348,8912,360134,0.5
1900-01-21 21:59:00,8066.5,89793,8067.0,151473,430238,215860,214378,-61680,0.5
1900-01-21 21:59:15,8064.5,244360,8065.0,506329,133822,69294,64528,-261969,0.5
1900-01-21 21:59:30,8060.0,1222842,8060.5,437490,70936,169316,-98380,785352,0.5
1900-01-21 21:59:45,8054.5,1030,8055.0,525809,5636,1345294,-1339658,-524779,0.5
1900-01-21 22:00:00,8054.5,221826,8055.0,671326,36493,29320,7173,-449500,0.5
1900-01-21 22:00:15,8062.5,61392,8063.0,190749,666978,133942,533036,-129357,0.5
1900-01-21 22:00:30,8062.5,30905,8063.0,548675,315060,165481,149579,-517770,0.5
1900-01-21 22:00:45,8066.0,134096,8066.5,10323,123606,9249,114357,123773,0.5
1900-01-21 22:01:00,8075.5,764312,8076.0,251313,674014,155984,518030,512999,0.5
1900-01-21 22:01:15,8076.0,543853,8076.5,409785,548955,13941,535014,134068,0.5
1900-01-21 22:01:30,8082.0,216246,8082.5,95782,421552,7785,413767,120464,0.5
1900-01-21 22:01:45,8083.5,904748,8084.0,65751,304125,207956,96169,838997,0.5
1900-01-21 22:02:00,8098.5,145976,8099.0,1736,224288,11624,212664,144240,0.5
1900-01-21 22:02:15,8096.5,11838,8097.0,1000,1102933,172500,930433,10838,0.5
1900-01-21 22:02:30,8113.5,192,8114.0,67323,1509137,900013,609124,-67131,0.5
1900-01-21 22:02:45,8108.0,633389,8109.0,10021,303881,487130,-183249,623368,1.0
1900-01-21 22:03:00,8117.0,257083,8117.5,584203,961534,105803,855731,-327120,0.5
1900-01-21 22:03:15,8102.0,5663,8102.5,253586,301529,539646,-238117,-247923,0.5
1900-01-21 22:03:30,8099.5,6414,8100.0,255232,42397,399745,-357348,-248818,0.5
1900-01-21 22:03:45,8101.5,516460,8102.0,14654,46918,197100,-150182,501806,0.5
1900-01-21 22:04:00,8110.0,33761,8110.5,1286,790026,61099,728927,32475,0.5
1900-01-21 22:04:15,8113.5,44192,8114.0,625778,126223,93375,32848,-581586,0.5
1900-01-21 22:04:30,8098.0,492621,8098.5,18600,91567,271225,-179658,474021,0.5
1900-01-21 22:04:45,8093.5,413431,8094.0,221447,143978,1003202,-859224,191984,0.5
1900-01-21 22:05:00,8093.5,376180,8094.0,107757,137098,501710,-364612,268423,0.5
1900-01-21 22:05:15,8095.5,395511,8096.0,37581,281635,321729,-40094,357930,0.5
1900-01-21 22:05:30,8092.5,997,8093.0,445913,2121510,448610,1672900,-444916,0.5
1900-01-21 22:05:45,8090.0,412628,8090.5,53998,153226,1326648,-1173422,358630,0.5
1900-01-21 22:06:00,8083.0,10581,8083.5,602040,78354,151997,-73643,-591459,0.5
1900-01-21 22:06:15,8084.5,10624,8085.0,93498,223481,303721,-80240,-82874,0.5
1900-01-21 22:06:30,8077.0,305246,8077.5,63725,236954,216888,20066,241521,0.5
1900-01-21 22:06:45,8078.5,558060,8079.0,86550,159278,344510,-185232,471510,0.5
1900-01-21 22:07:00,8089.5,97337,8090.0,862237,106715,66782,39933,-764900,0.5
1900-01-21 22:07:15,8078.0,12139,8078.5,427631,64700,104129,-39429,-415492,0.5
1900-01-21 22:07:30,8086.0,154308,8086.5,292871,435709,100221,335488,-138563,0.5
1900-01-21 22:07:45,8090.0,80221,8090.5,577863,747482,51513,695969,-497642,0.5
1900-01-21 22:08:00,8090.0,169490,8090.5,544982,78744,45497,33247,-375492,0.5
1900-01-21 22:08:15,8084.5,52152,8085.0,408380,181066,71973,109093,-356228,0.5
1900-01-21 22:08:30,8079.0,4003,8079.5,695494,68066,437242,-369176,-691491,0.5
1900-01-21 22:08:45,8079.0,117723,8079.5,253327,345378,597164,-251786,-135604,0.5
1900-01-21 22:09:00,8088.5,63901,8089.0,716009,106281,38012,68269,-652108,0.5
1900-01-21 22:09:15,8087.5,354755,8088.0,242846,55280,69340,-14060,111909,0.5
1900-01-21 22:09:30,8093.5,437772,8094.0,1286,257893,59160,198733,436486,0.5
1900-01-21 22:09:45,8094.5,25603,8095.0,580390,387526,65345,322181,-554787,0.5
1900-01-21 22:10:00,8087.0,1994,8087.5,358351,31392,144634,-113242,-356357,0.5
1900-01-21 22:10:15,8089.0,383329,8089.5,75743,66476,106110,-39634,307586,0.5
1900-01-21 22:10:30,8089.5,140657,8090.0,111240,122637,4556,118081,29417,0.5
1900-01-21 22:10:45,8093.5,139591,8094.0,548921,143881,8578,135303,-409330,0.5
1900-01-21 22:11:00,8092.0,566522,8092.5,190995,69066,185194,-116128,375527,0.5
1900-01-21 22:11:15,8094.5,15884,8095.0,599889,109540,136860,-27320,-584005,0.5
1900-01-21 22:11:30,8094.5,540893,8095.0,6486,146103,12252,133851,534407,0.5
1900-01-21 22:11:45,8097.0,254648,8097.5,671280,106878,41896,64982,-416632,0.5
1900-01-21 22:12:00,8101.5,887908,8102.0,235605,394457,47493,346964,652303,0.5
1900-01-21 22:12:15,8109.5,81091,8110.0,59492,328608,8300,320308,21599,0.5
1900-01-21 22:12:30,8107.5,34837,8108.0,385296,188804,84575,104229,-350459,0.5
1900-01-21 22:12:45,8112.5,454060,8113.0,132278,275654,90480,185174,321782,0.5
1900-01-21 22:13:00,8096.0,6590,8099.5,135231,46257,369635,-323378,-128641,3.5
1900-01-21 22:13:15,8100.5,261266,8101.0,25759,141258,112156,29102,235507,0.5
1900-01-21 22:13:30,8091.5,49148,8092.0,274206,90328,233339,-143011,-225058,0.5
1900-01-21 22:13:45,8091.0,873196,8091.5,17044,90682,115096,-24414,856152,0.5
1900-01-21 22:14:00,8094.5,41410,8095.0,522813,50302,68000,-17698,-481403,0.5
1900-01-21 22:14:15,8094.5,167205,8095.0,72630,19289,147341,-128052,94575,0.5
1900-01-21 22:14:30,8089.5,143319,8090.0,351917,496340,45164,451176,-208598,0.5
1900-01-21 22:14:45,8089.5,489318,8090.0,262651,20142,16152,3990,226667,0.5
1900-01-21 22:15:00,8088.5,15449,8089.0,829095,22327,333034,-310707,-813646,0.5
1900-01-21 22:15:15,8079.5,30495,8080.0,418285,20668,189382,-168714,-387790,0.5
1900-01-21 22:15:30,8071.5,353161,8072.5,37532,108544,258874,-150330,315629,1.0
1900-01-21 22:15:45,8077.0,23241,8077.5,439673,318464,143489,174975,-416432,0.5
1900-01-21 22:16:00,8070.0,267475,8070.5,103075,57558,117712,-60154,164400,0.5
1900-01-21 22:16:15,8093.0,70587,8093.5,228337,469788,103984,365804,-157750,0.5
1900-01-21 22:16:30,8086.5,852885,8087.0,72980,14093,206981,-192888,779905,0.5
1900-01-21 22:16:45,8089.5,559219,8090.0,131380,130497,20647,109850,427839,0.5
1900-01-21 22:17:00,8085.5,1122,8086.0,456763,27868,34535,-6667,-455641,0.5
1900-01-21 22:17:15,8084.5,70045,8085.0,549518,15166,54348,-39182,-479473,0.5
1900-01-21 22:17:30,8082.0,644,8082.5,309771,223638,31715,191923,-309127,0.5
1900-01-21 22:17:45,8080.5,33579,8081.0,508915,11640,37157,-25517,-475336,0.5
1900-01-21 22:18:00,8080.0,954349,8080.5,74423,35233,29985,5248,879926,0.5
1900-01-21 22:18:15,8080.0,15515,8080.5,953509,33792,16545,17247,-937994,0.5
1900-01-21 22:18:30,8074.0,426829,8074.5,135914,992,43740,-42748,290915,0.5
1900-01-21 22:18:45,8071.5,39164,8072.0,410026,984,155699,-154715,-370862,0.5
1900-01-21 22:19:00,8068.0,28541,8068.5,816130,131951,108069,23882,-787589,0.5
1900-01-21 22:19:15,8071.0,542316,8071.5,556763,260526,136603,123923,-14447,0.5
1900-01-21 22:19:30,8070.5,20491,8071.0,529807,152745,202995,-50250,-509316,0.5
1900-01-21 22:19:45,8070.0,1437778,8070.5,229601,40740,155474,-114734,1208177,0.5
1900-01-21 22:20:00,8070.0,1375370,8070.5,275826,52166,175991,-123825,1099544,0.5
1900-01-21 22:20:15,8071.0,849922,8071.5,349242,349218,142656,206562,500680,0.5
1900-01-21 22:20:30,8068.5,1000,8069.0,221919,483946,458859,25087,-220919,0.5
1900-01-21 22:20:45,8049.5,9564,8050.5,98081,7894,566462,-558568,-88517,1.0
1900-01-21 22:21:00,8046.0,133127,8046.5,533330,193161,583217,-390056,-400203,0.5
1900-01-21 22:21:15,8044.0,526881,8044.5,143200,736804,201978,534826,383681,0.5
1900-01-21 22:21:30,8041.0,86911,8041.5,768924,39570,573684,-534114,-682013,0.5
1900-01-21 22:21:45,8033.0,405849,8033.5,44436,158816,576944,-418128,361413,0.5
1900-01-21 22:22:00,8047.5,196144,8048.0,18038,568066,601659,-33593,178106,0.5
1900-01-21 22:22:15,8057.5,184994,8058.0,369995,571092,23863,547229,-185001,0.5
1900-01-21 22:22:30,8057.5,577399,8058.0,54290,67986,127596,-59610,523109,0.5
1900-01-21 22:22:45,8050.5,164040,8051.0,88485,430414,108293,322121,75555,0.5
1900-01-21 22:23:00,8055.0,58645,8055.5,1115514,146081,222171,-76090,-1056869,0.5
1900-01-21 22:23:15,8048.5,103916,8049.0,155025,27376,70759,-43383,-51109,0.5
1900-01-21 22:23:30,8041.0,213571,8041.5,119965,26169,450467,-424298,93606,0.5
1900-01-21 22:23:45,8041.0,362588,8041.5,145710,15170,155920,-140750,216878,0.5
1900-01-21 22:24:00,8041.0,1136524,8041.5,14904,24455,13231,11224,1121620,0.5
1900-01-21 22:24:15,8044.0,101118,8044.5,565944,100602,83982,16620,-464826,0.5
1900-01-21 22:24:30,8046.5,469108,8047.0,249234,137754,16102,121652,219874,0.5
1900-01-21 22:24:45,8050.5,571158,8051.0,11849,47279,45340,1939,559309,0.5
1900-01-21 22:25:00,8051.5,172473,8052.0,643083,176522,55015,121507,-470610,0.5
1900-01-21 22:25:15,8051.5,495928,8052.0,61575,74860,32643,42217,434353,0.5
1900-01-21 22:25:30,8051.5,3469,8052.0,1181113,2950,32958,-30008,-1177644,0.5
1900-01-21 22:25:45,8054.0,509977,8054.5,207666,210418,108973,101445,302311,0.5
1900-01-21 22:26:00,8053.0,479417,8053.5,70861,74743,40610,34133,408556,0.5
1900-01-21 22:26:15,8065.5,81003,8066.0,4849,236212,25600,210612,76154,0.5
1900-01-21 22:26:30,8065.5,71770,8066.0,807782,95277,23348,71929,-736012,0.5
1900-01-21 22:26:45,8065.5,212476,8066.0,506164,136115,117206,18909,-293688,0.5
1900-01-21 22:27:00,8065.5,220882,8066.0,876734,36273,85568,-49295,-655852,0.5
1900-01-21 22:27:15,8066.0,969357,8066.5,54627,334106,42210,291896,914730,0.5
1900-01-21 22:27:30,8075.0,271045,8075.5,596,242788,8064,234724,270449,0.5
1900-01-21 22:27:45,8072.5,6442,8073.0,920432,205951,15022,190929,-913990,0.5
1900-01-21 22:28:00,8075.0,245,8075.5,346171,105013,87527,17486,-345926,0.5
1900-01-21 22:28:15,8070.5,485357,8071.0,337162,8956,136562,-127606,148195,0.5
1900-01-21 22:28:30,8070.5,803900,8071.0,273053,163938,50725,113213,530847,0.5
1900-01-21 22:28:45,8070.5,150552,8071.0,874793,92667,47389,45278,-724241,0.5
1900-01-21 22:29:00,8067.5,468306,8068.0,421403,43692,24324,19368,46903,0.5
1900-01-21 22:29:15,8068.0,723521,8068.5,67241,78154,135441,-57287,656280,0.5
1900-01-21 22:29:30,8069.5,747340,8070.0,6422,44290,4354,39936,740918,0.5
1900-01-21 22:29:45,8070.5,191844,8071.0,816350,24438,16088,8350,-624506,0.5
1900-01-21 22:30:00,8078.0,57908,8078.5,685151,494323,87989,406334,-627243,0.5
1900-01-21 22:30:15,8071.5,545856,8072.0,206478,208116,89450,118666,339378,0.5
1900-01-21 22:30:30,8071.0,32208,8071.5,826910,49417,40337,9080,-794702,0.5
1900-01-21 22:30:45,8063.0,148478,8063.5,1227076,227151,85268,141883,-1078598,0.5
1900-01-21 22:31:00,8060.5,3631,8061.0,730679,3820,492174,-488354,-727048,0.5
1900-01-21 22:31:15,8049.5,561,8050.0,206572,1900,207868,-205968,-206011,0.5
1900-01-21 22:31:30,8054.0,391690,8054.5,39260,265481,303687,-38206,352430,0.5
1900-01-21 22:31:45,8053.0,1000,8053.5,3333,69144,182786,-113642,-2333,0.5
1900-01-21 22:32:00,8053.0,133944,8053.5,518789,55134,50598,4536,-384845,0.5
1900-01-21 22:32:15,8046.0,658504,8046.5,3854,67616,286503,-218887,654650,0.5
1900-01-21 22:32:30,8047.0,617721,8047.5,281239,56509,109674,-53165,336482,0.5
1900-01-21 22:32:45,8050.0,1201147,8050.5,529568,108339,18866,89473,671579,0.5
1900-01-21 22:33:00,8050.0,1084965,8050.5,528258,33413,103200,-69787,556707,0.5
1900-01-21 22:33:15,8050.0,809735,8050.5,1040871,62404,318077,-255673,-231136,0.5
1900-01-21 22:33:30,8041.0,349834,8041.5,1007825,23740,1235372,-1211632,-657991,0.5
1900-01-21 22:33:45,8041.0,538611,8041.5,1117127,42388,396113,-353725,-578516,0.5
1900-01-21 22:34:00,8036.0,3922,8036.5,1118186,17214,538892,-521678,-1114264,0.5
1900-01-21 22:34:15,8035.0,1683773,8035.5,302153,33426,227725,-194299,1381620,0.5
1900-01-21 22:34:30,8046.0,11248,8046.5,114332,536885,123919,412966,-103084,0.5
1900-01-21 22:34:45,8042.5,40301,8043.0,1036250,110679,626850,-516171,-995949,0.5
1900-01-21 22:35:00,8044.0,500,8044.5,689381,92894,369790,-276896,-688881,0.5
1900-01-21 22:35:15,8042.0,900320,8042.5,243032,91550,206766,-115216,657288,0.5
1900-01-21 22:35:30,8042.0,1019187,8042.5,187087,135658,28,135630,832100,0.5
1900-01-21 22:35:45,8042.0,1040862,8042.5,386979,27486,27240,246,653883,0.5
1900-01-21 22:36:00,8042.0,1049684,8042.5,651189,90453,23000,67453,398495,0.5
1900-01-21 22:36:15,8042.0,491345,8042.5,966316,24520,781095,-756575,-474971,0.5
1900-01-21 22:36:30,8026.0,24985,8026.5,373564,100510,1545034,-1444524,-348579,0.5
1900-01-21 22:36:45,8025.0,190011,8025.5,2449728,74748,494068,-419320,-2259717,0.5
1900-01-21 22:37:00,8025.0,568993,8025.5,73385,360922,305062,55860,495608,0.5
1900-01-21 22:37:15,8026.5,413287,8027.0,413915,325872,212878,112994,-628,0.5
1900-01-21 22:37:30,8035.0,173442,8035.5,5417,287612,83158,204454,168025,0.5
1900-01-21 22:37:45,8034.0,10773,8034.5,448372,100800,67682,33118,-437599,0.5
1900-01-21 22:38:00,8025.5,262631,8026.0,993588,108580,280574,-171994,-730957,0.5
1900-01-21 22:38:15,8025.0,184936,8025.5,948934,43098,249085,-205987,-763998,0.5
1900-01-21 22:38:30,8018.0,139119,8018.5,244692,95292,507152,-411860,-105573,0.5
1900-01-21 22:38:45,8024.0,126590,8024.5,404087,241930,379457,-137527,-277497,0.5
1900-01-21 22:39:00,8025.0,384595,8025.5,171463,69135,224196,-155061,213132,0.5
1900-01-21 22:39:15,8025.0,26573,8025.5,716398,325762,177631,148131,-689825,0.5
1900-01-21 22:39:30,8024.5,5733,8025.0,1386039,13200,31333,-18133,-1380306,0.5
1900-01-21 22:39:45,8020.0,61624,8020.5,960594,31702,1318249,-1286547,-898970,0.5
1900-01-21 22:40:00,8016.0,217144,8016.5,523921,22872,374634,-351762,-306777,0.5
1900-01-21 22:40:15,8015.0,704255,8015.5,1013514,40600,395482,-354882,-309259,0.5
1900-01-21 22:40:30,8012.0,112997,8012.5,313996,71398,1482404,-1411006,-200999,0.5
1900-01-21 22:40:45,8005.0,872156,8005.5,1194428,110750,2044300,-1933550,-322272,0.5
1900-01-21 22:41:00,7992.0,199157,7992.5,22689,107035,6855864,-6748829,176468,0.5
1900-01-21 22:41:15,7994.5,237458,7995.0,564064,1383217,2480004,-1096787,-326606,0.5
1900-01-21 22:41:30,7994.5,78260,7995.0,772557,475555,396742,78813,-694297,0.5
1900-01-21 22:41:45,7988.0,165204,7988.5,248906,83388,903711,-820323,-83702,0.5
1900-01-21 22:42:00,7993.0,42451,7993.5,77056,758010,718930,39080,-34605,0.5
1900-01-21 22:42:15,7994.0,149380,7994.5,24920,639665,43446,596219,124460,0.5
1900-01-21 22:42:30,7989.5,138132,7990.0,767944,912901,258896,654005,-629812,0.5
1900-01-21 22:42:45,7985.0,296736,7985.5,645334,331298,584843,-253545,-348598,0.5
1900-01-21 22:43:00,7985.0,223149,7985.5,594009,145187,536529,-391342,-370860,0.5
1900-01-21 22:43:15,7970.5,12000,7971.0,138454,56118,1033145,-977027,-126454,0.5
1900-01-21 22:43:30,7967.5,520620,7968.0,49968,123545,1471460,-1347915,470652,0.5
1900-01-21 22:43:45,7960.0,430375,7962.5,1121468,946559,1498402,-551843,-691093,2.5
1900-01-21 22:44:00,7950.5,105411,7951.0,610394,560973,1568585,-1007612,-504983,0.5
1900-01-21 22:44:15,7957.0,174294,7957.5,14091,993518,626188,367330,160203,0.5
1900-01-21 22:44:30,7963.5,886477,7964.0,202420,1035630,99523,936107,684057,0.5
1900-01-21 22:44:45,7979.0,185414,7979.5,522225,1016157,303871,712286,-336811,0.5
1900-01-21 22:45:00,7977.0,444484,7977.5,201161,341704,114966,226738,243323,0.5
1900-01-21 22:45:15,7982.5,717064,7983.0,760920,2301564,86535,2215029,-43856,0.5
1900-01-21 22:45:30,7988.5,457046,7989.0,837852,938172,17946,920226,-380806,0.5
1900-01-21 22:45:45,7983.0,13123,7983.5,510727,849183,102562,746621,-497604,0.5
1900-01-21 22:46:00,7979.5,388179,7980.0,28000,333915,125915,208000,360179,0.5
1900-01-21 22:46:15,7983.5,656270,7984.0,99451,439957,38175,401782,556819,0.5
1900-01-21 22:46:30,7979.5,267790,7980.0,148418,178958,151333,27625,119372,0.5
1900-01-21 22:46:45,7974.0,24812,7974.5,1120677,49006,322222,-273216,-1095865,0.5
1900-01-21 22:47:00,7965.0,215392,7965.5,677786,99144,347462,-248318,-462394,0.5
1900-01-21 22:47:15,7961.5,514522,7962.0,168999,229705,282870,-53165,345523,0.5
1900-01-21 22:47:30,7950.5,49465,7951.0,62576,470848,687732,-216884,-13111,0.5
1900-01-21 22:47:45,7942.5,150005,7943.0,21201,538994,1003070,-464076,128804,0.5
1900-01-21 22:48:00,7947.0,561982,7947.5,1234,296544,1093540,-796996,560748,0.5
1900-01-21 22:48:15,7941.0,75818,7941.5,747861,275703,899157,-623454,-672043,0.5
1900-01-21 22:48:30,7921.5,314638,7922.0,184967,341186,2155836,-1814650,129671,0.5
1900-01-21 22:48:45,7918.5,28573,7919.0,22996,308917,1572667,-1263750,5577,0.5
1900-01-21 22:49:00,7928.5,5000,7929.0,18997,854744,132189,722555,-13997,0.5
1900-01-21 22:49:15,7941.0,190641,7941.5,268212,1231580,229637,1001943,-77571,0.5
1900-01-21 22:49:30,7922.5,121662,7923.0,535016,377779,1120104,-742325,-413354,0.5
1900-01-21 22:49:45,7922.0,137221,7922.5,344256,321161,1846266,-1525105,-207035,0.5
1900-01-21 22:50:00,7910.0,412396,7910.5,59954,659585,1451363,-791778,352442,0.5
1900-01-21 22:50:15,7944.5,89184,7945.0,145298,2701380,708846,1992534,-56114,0.5
1900-01-21 22:50:30,7934.0,856674,7934.5,120548,242381,73663,168718,736126,0.5
1900-01-21 22:50:45,7944.5,73974,7945.0,217297,1442722,358590,1084132,-143323,0.5
1900-01-21 22:51:00,7943.0,16646,7943.5,838521,475031,105815,369216,-821875,0.5
1900-01-21 22:51:15,7944.5,881375,7945.0,8682,573635,395737,177898,872693,0.5
1900-01-21 22:51:30,7955.0,33590,7955.5,320124,1012688,196796,815892,-286534,0.5
1900-01-21 22:51:45,7955.0,269322,7955.5,765794,642169,78206,563963,-496472,0.5
1900-01-21 22:52:00,7959.5,271154,7960.0,380497,272260,119457,152803,-109343,0.5
1900-01-21 22:52:15,7949.5,208985,7950.0,1231417,165795,530134,-364339,-1022432,0.5
1900-01-21 22:52:30,7953.0,1104036,7953.5,20655,288232,113850,174382,1083381,0.5
1900-01-21 22:52:45,7950.0,225961,7950.5,54245,331467,298698,32769,171716,0.5
1900-01-21 22:53:00,7952.0,1068423,7952.5,35213,61736,63212,-1476,1033210,0.5
1900-01-21 22:53:15,7944.5,30192,7945.0,303950,283899,376785,-92886,-273758,0.5
1900-01-21 22:53:30,7947.5,134556,7948.0,836826,215732,51338,164394,-702270,0.5
1900-01-21 22:53:45,7948.5,241744,7949.0,11622,118723,130832,-12109,230122,0.5
1900-01-21 22:54:00,7949.0,15806,7949.5,771,151141,78286,72855,15035,0.5
1900-01-21 22:54:15,7954.0,800783,7954.5,89727,398096,73402,324694,711056,0.5
1900-01-21 22:54:30,7960.0,891487,7960.5,2000,403802,9543,394259,889487,0.5
1900-01-21 22:54:45,7968.5,1025,7969.0,246075,286443,71340,215103,-245050,0.5
1900-01-21 22:55:00,7971.5,138090,7972.0,485379,384353,337915,46438,-347289,0.5
1900-01-21 22:55:15,7967.0,1140435,7967.5,20082,376692,122318,254374,1120353,0.5
1900-01-21 22:55:30,7971.5,395484,7972.0,712482,228578,61714,166864,-316998,0.5
1900-01-21 22:55:45,7965.0,600903,7965.5,225508,195748,608732,-412984,375395,0.5
1900-01-21 22:56:00,7958.5,659116,7959.0,343118,41196,161155,-119959,315998,0.5
1900-01-21 22:56:15,7954.5,793189,7955.0,300158,90136,233235,-143099,493031,0.5
1900-01-21 22:56:30,7946.0,2744,7946.5,39930,225244,350051,-124807,-37186,0.5
1900-01-21 22:56:45,7954.5,265337,7955.0,29053,597111,486877,110234,236284,0.5
1900-01-21 22:57:00,7947.5,385977,7948.0,10058,288853,42857,245996,375919,0.5
1900-01-21 22:57:15,7954.5,55361,7955.0,940788,634448,182146,452302,-885427,0.5
1900-01-21 22:57:30,7944.5,615163,7945.0,601017,144017,626674,-482657,14146,0.5
1900-01-21 22:57:45,7927.0,149359,7927.5,169907,141177,1620645,-1479468,-20548,0.5
1900-01-21 22:58:00,7937.5,331813,7938.0,383913,448324,189341,258983,-52100,0.5
1900-01-21 22:58:15,7933.0,40637,7933.5,46000,518510,318534,199976,-5363,0.5
1900-01-21 22:58:30,7928.0,88152,7928.5,280364,22123,284836,-262713,-192212,0.5
1900-01-21 22:58:45,7934.0,252104,7934.5,177657,322003,70918,251085,74447,0.5
1900-01-21 22:59:00,7922.0,33106,7922.5,205337,100046,320799,-220753,-172231,0.5
1900-01-21 22:59:15,7917.5,558027,7918.0,253432,376495,411131,-34636,304595,0.5
1900-01-21 22:59:30,7925.5,18752,7926.0,464535,402839,630643,-227804,-445783,0.5
1900-01-21 22:59:45,7923.5,325288,7924.0,194426,940632,1730654,-790022,130862,0.5
1900-01-21 23:00:00,7923.5,70989,7924.0,517414,53620,161843,-108223,-446425,0.5
1900-01-21 23:00:15,7923.5,545230,7924.0,219893,295669,63462,232207,325337,0.5
1900-01-21 23:00:30,7932.5,67759,7933.0,616429,671674,77527,594147,-548670,0.5
1900-01-21 23:00:45,7934.5,412295,7935.0,803210,1269331,37466,1231865,-390915,0.5
1900-01-21 23:01:00,7953.0,344452,7953.5,171282,1603045,378287,1224758,173170,0.5
1900-01-21 23:01:15,7950.0,170613,7950.5,320145,113477,436705,-323228,-149532,0.5
1900-01-21 23:01:30,7937.5,30000,7938.0,64671,70375,342005,-271630,-34671,0.5
1900-01-21 23:01:45,7949.5,12963,7950.0,633351,452446,327374,125072,-620388,0.5
1900-01-21 23:02:00,7944.5,148120,7945.0,217433,141797,47166,94631,-69313,0.5
1900-01-21 23:02:15,7949.5,290676,7950.0,19146,164408,26244,138164,271530,0.5
1900-01-21 23:02:30,7949.5,197980,7950.0,706975,140132,39694,100438,-508995,0.5
1900-01-21 23:02:45,7950.0,499964,7950.5,165829,205417,27992,177425,334135,0.5
1900-01-21 23:03:00,7940.0,38616,7940.5,219787,164642,187568,-22926,-181171,0.5
1900-01-21 23:03:15,7936.5,386070,7937.0,541222,76130,235806,-159676,-155152,0.5
1900-01-21 23:03:30,7924.0,37238,7924.5,123229,46835,294006,-247171,-85991,0.5
1900-01-21 23:03:45,7938.5,99196,7939.0,28162,564240,187344,376896,71034,0.5
1900-01-21 23:04:00,7939.5,52279,7940.0,10535,289309,91350,197959,41744,0.5
1900-01-21 23:04:15,7943.5,462045,7944.0,113298,368094,44627,323467,348747,0.5
1900-01-21 23:04:30,7937.5,11899,7938.0,974768,17580,208275,-190695,-962869,0.5
1900-01-21 23:04:45,7938.5,724,7939.0,441224,162200,35048,127152,-440500,0.5
1900-01-21 23:05:00,7929.5,248527,7930.0,260120,35788,67477,-31689,-11593,0.5
1900-01-21 23:05:15,7945.0,189430,7945.5,364992,227810,123467,104343,-175562,0.5
1900-01-21 23:05:30,7949.0,369606,7949.5,131560,262999,26776,236223,238046,0.5
1900-01-21 23:05:45,7947.5,90531,7948.0,66,82887,95136,-12249,90465,0.5
1900-01-21 23:06:00,7956.5,34284,7957.0,798828,1381899,45340,1336559,-764544,0.5
1900-01-21 23:06:15,7955.0,1226138,7955.5,11615,225925,27045,198880,1214523,0.5
1900-01-21 23:06:30,7955.5,593985,7956.0,6434,145743,15706,130037,587551,0.5
1900-01-21 23:06:45,7958.5,660284,7959.0,22832,123520,11194,112326,637452,0.5
1900-01-21 23:07:00,7953.0,1244859,7953.5,5132,116926,124254,-7328,1239727,0.5
1900-01-21 23:07:15,7959.5,771952,7960.0,119015,56122,29816,26306,652937,0.5
1900-01-21 23:07:30,7962.0,546842,7962.5,84375,55029,40614,14415,462467,0.5
1900-01-21 23:07:45,7962.0,20659,7962.5,634312,59277,51925,7352,-613653,0.5
1900-01-21 23:08:00,7963.5,597367,7964.0,39520,227448,120668,106780,557847,0.5
1900-01-21 23:08:15,7964.5,533736,7965.0,325551,71356,20015,51341,208185,0.5
1900-01-21 23:08:30,7964.5,991375,7965.0,104560,169523,13038,156485,886815,0.5
1900-01-21 23:08:45,7967.5,881492,7968.0,107910,371213,26160,345053,773582,0.5
1900-01-21 23:09:00,7968.0,1172271,7968.5,214972,410125,13304,396821,957299,0.5
1900-01-21 23:09:15,7968.0,825859,7968.5,410249,463665,8668,454997,415610,0.5
1900-01-21 23:09:30,7958.5,2772,7959.0,264806,144122,1007490,-863368,-262034,0.5
1900-01-21 23:09:45,7955.5,833574,7956.0,149789,16145,65959,-49814,683785,0.5
1900-01-21 23:10:00,7955.0,213279,7955.5,684808,37046,43553,-6507,-471529,0.5
1900-01-21 23:10:15,7952.0,130939,7952.5,996173,125161,188785,-63624,-865234,0.5
1900-01-21 23:10:30,7966.5,224373,7967.0,817486,275970,83760,192210,-593113,0.5
1900-01-21 23:10:45,7966.5,264735,7967.0,116842,26868,28704,-1836,147893,0.5
1900-01-21 23:11:00,7954.0,46678,7954.5,60046,21604,448290,-426686,-13368,0.5
1900-01-21 23:11:15,7960.0,499735,7960.5,26893,85296,45199,40097,472842,0.5
1900-01-21 23:11:30,7957.5,6097,7958.0,423524,19726,100418,-80692,-417427,0.5
1900-01-21 23:11:45,7957.5,605,7958.0,859372,6428,36473,-30045,-858767,0.5
1900-01-21 23:12:00,7953.5,18160,7954.0,473752,183658,30291,153367,-455592,0.5
1900-01-21 23:12:15,7948.5,480163,7949.0,249303,39224,76603,-37379,230860,0.5
1900-01-21 23:12:30,7943.5,125987,7944.0,1072358,24197,173360,-149163,-946371,0.5
1900-01-21 23:12:45,7943.5,224818,7944.0,116359,267661,14606,253055,108459,0.5
1900-01-21 23:13:00,7941.0,11783,7941.5,1132535,37912,98302,-60390,-1120752,0.5
1900-01-21 23:13:15,7932.5,18858,7933.0,303284,15457,408879,-393422,-284426,0.5
1900-01-21 23:13:30,7931.0,146555,7931.5,175460,96460,225334,-128874,-28905,0.5
1900-01-21 23:13:45,7939.0,217221,7939.5,345085,242798,82018,160780,-127864,0.5
1900-01-21 23:14:00,7939.0,276697,7939.5,991450,17747,93305,-75558,-714753,0.5
1900-01-21 23:14:15,7932.5,45062,7933.0,23482,5750,165085,-159335,21580,0.5
1900-01-21 23:14:30,7935.0,340165,7935.5,8400,60354,91006,-30652,331765,0.5
1900-01-21 23:14:45,7939.5,105409,7940.0,991585,86695,34382,52313,-886176,0.5
1900-01-21 23:15:00,7939.5,104949,7940.0,715822,52412,73233,-20821,-610873,0.5
1900-01-21 23:15:15,7937.5,115354,7938.0,478507,11333,226439,-215106,-363153,0.5
1900-01-21 23:15:30,7937.0,13995,7937.5,819242,30,20612,-20582,-805247,0.5
1900-01-21 23:15:45,7934.0,144273,7934.5,474858,2376,4456,-2080,-330585,0.5
1900-01-21 23:16:00,7939.5,353267,7940.0,13819,150932,286769,-135837,339448,0.5
1900-01-21 23:16:15,7943.5,170912,7944.0,499679,229226,207608,21618,-328767,0.5
1900-01-21 23:16:30,7949.5,288751,7950.0,49975,240413,9860,230553,238776,0.5
1900-01-21 23:16:45,7947.0,3678,7947.5,37100,213248,97237,116011,-33422,0.5
1900-01-21 23:17:00,7945.0,599400,7945.5,70925,21258,27914,-6656,528475,0.5
1900-01-21 23:17:15,7945.0,158863,7945.5,760736,19294,33311,-14017,-601873,0.5
1900-01-21 23:17:30,7949.5,448868,7950.0,28637,20687,7034,13653,420231,0.5
1900-01-21 23:17:45,7952.5,616715,7953.0,2273,45281,145083,-99802,614442,0.5
1900-01-21 23:18:00,7960.0,592538,7960.5,112593,82754,28930,53824,479945,0.5
1900-01-21 23:18:15,7960.0,554550,7960.5,1365746,155732,180590,-24858,-811196,0.5
1900-01-21 23:18:30,7967.5,219079,7968.0,582658,350595,13420,337175,-363579,0.5
1900-01-21 23:18:45,7970.5,561807,7971.0,229431,136734,46465,90269,332376,0.5
1900-01-21 23:19:00,7979.5,258421,7980.0,547248,608201,68128,540073,-288827,0.5
1900-01-21 23:19:15,7987.0,269010,7987.5,263021,811549,247805,563744,5989,0.5
1900-01-21 23:19:30,7982.5,814,7983.0,163226,431549,270486,161063,-162412,0.5
1900-01-21 23:19:45,7977.5,82428,7978.0,541011,85941,142792,-56851,-458583,0.5
1900-01-21 23:20:00,7972.5,31360,7973.0,343834,195204,516962,-321758,-312474,0.5
1900-01-21 23:20:15,7986.5,148992,7987.0,111455,457769,53465,404304,37537,0.5
1900-01-21 23:20:30,7989.5,738554,7990.0,55135,90486,38560,51926,683419,0.5
1900-01-21 23:20:45,7993.5,1048698,7994.0,24909,228170,20218,207952,1023789,0.5
1900-01-21 23:21:00,7996.5,382477,7997.0,336927,558767,117376,441391,45550,0.5
1900-01-21 23:21:15,8006.5,1272548,8007.0,32664,428394,269046,159348,1239884,0.5
1900-01-21 23:21:30,8007.0,6000,8007.5,191313,783727,1863963,-1080236,-185313,0.5
1900-01-21 23:21:45,7968.0,27388,7968.5,2193,375388,1849138,-1473750,25195,0.5
1900-01-21 23:22:00,7973.5,445091,7974.0,201586,267666,209628,58038,243505,0.5
1900-01-21 23:22:15,7986.5,218883,7987.0,379090,276911,69411,207500,-160207,0.5
1900-01-21 23:22:30,7990.0,59621,7990.5,31512,367800,340729,27071,28109,0.5
1900-01-21 23:22:45,7991.5,710948,7992.0,83739,669514,51774,617740,627209,0.5
1900-01-21 23:23:00,7991.5,237671,7992.0,235916,93097,16114,76983,1755,0.5
1900-01-21 23:23:15,7984.0,664797,7984.5,234600,8056,1328781,-1320725,430197,0.5
1900-01-21 23:23:30,7989.5,566538,7990.0,135778,93071,50334,42737,430760,0.5
1900-01-21 23:23:45,7988.0,652151,7988.5,132705,20859,108751,-87892,519446,0.5
1900-01-21 23:24:00,7988.0,1249951,7988.5,188331,54396,43472,10924,1061620,0.5
1900-01-21 23:24:15,7993.5,692731,7994.0,264904,179754,24002,155752,427827,0.5
1900-01-21 23:24:30,7992.0,3927,7992.5,633920,91046,607277,-516231,-629993,0.5
1900-01-21 23:24:45,7994.5,142930,7995.0,496621,94427,210239,-115812,-353691,0.5
1900-01-21 23:25:00,7997.0,59211,7997.5,11439,484729,2076666,-1591937,47772,0.5
1900-01-21 23:25:15,8000.0,97623,8000.5,858440,208904,36814,172090,-760817,0.5
1900-01-21 23:25:30,7995.5,131859,7999.5,605554,243830,129635,114195,-473695,4.0
1900-01-21 23:25:45,7999.5,22327,8000.0,1130238,148026,178321,-30295,-1107911,0.5
1900-01-21 23:26:00,7999.0,636007,7999.5,12466,259181,125684,133497,623541,0.5
1900-01-21 23:26:15,7999.0,49298,7999.5,127352,864851,215199,649652,-78054,0.5
1900-01-21 23:26:30,7999.0,588475,7999.5,167102,101635,91951,9684,421373,0.5
1900-01-21 23:26:45,7999.0,346952,7999.5,871333,27853,198166,-170313,-524381,0.5
1900-01-21 23:27:00,7988.5,956368,7989.0,230824,35972,380773,-344801,725544,0.5
1900-01-21 23:27:15,7987.0,81741,7987.5,23300,34019,260106,-226087,58441,0.5
1900-01-21 23:27:30,7987.5,651746,7988.0,56753,228551,166834,61717,594993,0.5
1900-01-21 23:27:45,7995.0,255174,7995.5,356567,359862,135818,224044,-101393,0.5
1900-01-21 23:28:00,7998.5,494155,7999.0,10007,284293,7772,276521,484148,0.5
1900-01-21 23:28:15,8000.0,8774,8000.5,262323,205792,63355,142437,-253549,0.5
1900-01-21 23:28:30,7991.0,798709,7991.5,5025,475350,366619,108731,793684,0.5
1900-01-21 23:28:45,7999.0,63154,7999.5,98628,171682,13580,158102,-35474,0.5
1900-01-21 23:29:00,7998.5,980768,7999.0,36425,35374,54963,-19589,944343,0.5
1900-01-21 23:29:15,8000.5,797682,8001.0,20078,194892,6506,188386,777604,0.5
1900-01-21 23:29:30,8006.5,413560,8007.0,56721,95975,19600,76375,356839,0.5
1900-01-21 23:29:45,8006.5,273236,8007.0,253819,38644,10220,28424,19417,0.5
1900-01-21 23:30:00,8008.0,379534,8008.5,45487,140644,32717,107927,334047,0.5
1900-01-21 23:30:15,8008.0,539553,8008.5,98391,64919,84775,-19856,441162,0.5
1900-01-21 23:30:30,8008.0,5714,8008.5,319904,33925,143368,-109443,-314190,0.5
1900-01-21 23:30:45,8001.0,11617,8001.5,166419,15906,306940,-291034,-154802,0.5
1900-01-21 23:31:00,7993.5,3052,7994.0,411398,25426,711368,-685942,-408346,0.5
1900-01-21 23:31:15,8004.0,226873,8004.5,130318,68925,273395,-204470,96555,0.5
1900-01-21 23:31:30,8004.0,19825,8004.5,222951,30030,95801,-65771,-203126,0.5
1900-01-21 23:31:45,8001.0,744062,8001.5,4567,31873,309477,-277604,739495,0.5
1900-01-21 23:32:00,8003.0,292396,8003.5,44752,15027,7347,7680,247644,0.5
1900-01-21 23:32:15,8000.0,28045,8000.5,190519,62858,64724,-1866,-162474,0.5
1900-01-21 23:32:30,7996.0,46615,7996.5,1818227,19286,43461,-24175,-1771612,0.5
1900-01-21 23:32:45,7993.0,384027,7993.5,57737,640869,521671,119198,326290,0.5
1900-01-21 23:33:00,7994.0,309825,7994.5,209990,30098,35806,-5708,99835,0.5
1900-01-21 23:33:15,7994.0,46819,7994.5,299668,18892,34010,-15118,-252849,0.5
1900-01-21 23:33:30,7989.0,974301,7989.5,120261,10354,147014,-136660,854040,0.5
1900-01-21 23:33:45,7989.0,399380,7989.5,188955,600,51006,-50406,210425,0.5
1900-01-21 23:34:00,7994.5,981432,7995.0,10283,347699,114474,233225,971149,0.5
1900-01-21 23:34:15,7997.0,886330,7997.5,6826,20767,33955,-13188,879504,0.5
1900-01-21 23:34:30,7988.0,124637,7988.5,815020,460349,737513,-277164,-690383,0.5
1900-01-21 23:34:45,7987.5,16771,7988.0,987053,2300,93873,-91573,-970282,0.5
1900-01-21 23:35:00,7986.5,25821,7987.0,973784,2022,193489,-191467,-947963,0.5
1900-01-21 23:35:15,7985.0,461781,7985.5,428105,102250,101214,1036,33676,0.5
1900-01-21 23:35:30,7984.5,3341,7985.0,873366,3202,20435,-17233,-870025,0.5
1900-01-21 23:35:45,7984.0,95869,7984.5,1039886,34372,350384,-316012,-944017,0.5
1900-01-21 23:36:00,7983.0,422443,7983.5,970284,18746,114762,-96016,-547841,0.5
1900-01-21 23:36:15,7983.0,379585,7983.5,892278,84134,82894,1240,-512693,0.5
1900-01-21 23:36:30,7983.0,254600,7983.5,936598,200,131130,-130930,-681998,0.5
1900-01-21 23:36:45,7983.0,532728,7983.5,624323,8976,68838,-59862,-91595,0.5
1900-01-21 23:37:00,7983.0,78791,7983.5,877345,62368,391904,-329536,-798554,0.5
1900-01-21 23:37:15,7983.0,153617,7983.5,606097,539650,74550,465100,-452480,0.5
1900-01-21 23:37:30,7986.0,710415,7986.5,13186,499161,62766,436395,697229,0.5
1900-01-21 23:37:45,7989.5,299134,7990.0,225745,120628,7224,113404,73389,0.5
1900-01-21 23:38:00,7991.5,1033404,7992.0,165241,119626,15800,103826,868163,0.5
1900-01-21 23:38:15,7991.5,397561,7992.0,508606,25261,2660,22601,-111045,0.5
1900-01-21 23:38:30,7991.5,297851,7992.0,623763,31210,43662,-12452,-325912,0.5
1900-01-21 23:38:45,7991.5,756000,7992.0,343672,177031,12260,164771,412328,0.5
1900-01-21 23:39:00,7991.5,290642,7992.0,326936,246050,139173,106877,-36294,0.5
1900-01-21 23:39:15,7989.0,92618,7989.5,577298,35576,113464,-77888,-484680,0.5
1900-01-21 23:39:30,7989.0,861779,7989.5,179736,189525,78418,111107,682043,0.5
1900-01-21 23:39:45,7989.5,854891,7990.0,399925,121309,3160,118149,454966,0.5
1900-01-21 23:40:00,7994.5,45814,7995.0,129775,798249,2776,795473,-83961,0.5
1900-01-21 23:40:15,7997.0,559826,7997.5,60213,212943,4146,208797,499613,0.5
1900-01-21 23:40:30,7997.0,507410,7997.5,136548,48584,30220,18364,370862,0.5
1900-01-21 23:40:45,7997.0,225145,7997.5,343573,16856,206459,-189603,-118428,0.5
1900-01-21 23:41:00,7997.0,70730,7997.5,470991,32500,145791,-113291,-400261,0.5
1900-01-21 23:41:15,7993.0,91942,7993.5,168080,61182,146748,-85566,-76138,0.5
1900-01-21 23:41:30,7982.5,13396,7983.0,819700,1323,274099,-272776,-806304,0.5
1900-01-21 23:41:45,7981.0,479790,7981.5,541199,101802,63679,38123,-61409,0.5
1900-01-21 23:42:00,7980.0,17601,7980.5,611273,430,133230,-132800,-593672,0.5
1900-01-21 23:42:15,7972.0,793671,7972.5,409237,10368,124403,-114035,384434,0.5
1900-01-21 23:42:30,7972.0,766496,7972.5,403857,15116,71158,-56042,362639,0.5
1900-01-21 23:42:45,7976.0,483373,7976.5,2472,109844,18218,91626,480901,0.5
1900-01-21 23:43:00,7974.5,1835,7975.0,261921,34513,66566,-32053,-260086,0.5
1900-01-21 23:43:15,7974.5,115101,7975.0,413830,1848,4488,-2640,-298729,0.5
1900-01-21 23:43:30,7972.5,136952,7973.0,426307,13362,98535,-85173,-289355,0.5
1900-01-21 23:43:45,7971.5,11086,7972.0,1101735,7950,116790,-108840,-1090649,0.5
1900-01-21 23:44:00,7970.0,1301792,7970.5,1103346,28995,255028,-226033,198446,0.5
1900-01-21 23:44:15,7958.5,596832,7959.0,594075,21337,2947474,-2926137,2757,0.5
1900-01-21 23:44:30,7961.0,459880,7961.5,113567,379831,383329,-3498,346313,0.5
1900-01-21 23:44:45,7961.5,219798,7962.0,321228,58968,52056,6912,-101430,0.5
1900-01-21 23:45:00,7961.5,17823,7962.0,897270,17521,149143,-131622,-879447,0.5
1900-01-21 23:45:15,7957.5,352426,7958.0,684466,66931,94047,-27116,-332040,0.5
1900-01-21 23:45:30,7955.0,39019,7955.5,849773,100078,236429,-136351,-810754,0.5
1900-01-21 23:45:45,7952.5,370488,7953.0,272308,31050,354491,-323441,98180,0.5
1900-01-21 23:46:00,7962.0,292859,7965.5,24648,335143,275795,59348,268211,3.5
1900-01-21 23:46:15,7965.0,25510,7965.5,1176875,57926,15165,42761,-1151365,0.5
1900-01-21 23:46:30,7973.5,48104,7974.0,20000,188036,19841,168195,28104,0.5
1900-01-21 23:46:45,7978.5,216101,7979.0,424345,226102,13546,212556,-208244,0.5
1900-01-21 23:47:00,7980.5,1242553,7981.0,30431,187226,144474,42752,1212122,0.5
1900-01-21 23:47:15,7982.5,182400,7983.0,651760,167498,33016,134482,-469360,0.5
1900-01-21 23:47:30,7980.5,657245,7981.0,916125,50290,97638,-47348,-258880,0.5
1900-01-21 23:47:45,7983.0,70396,7983.5,5188,15512,21018,-5506,65208,0.5
1900-01-21 23:48:00,7990.5,59745,7991.0,862676,139234,16776,122458,-802931,0.5
1900-01-21 23:48:15,7987.5,74947,7988.0,746911,130748,159136,-28388,-671964,0.5
1900-01-21 23:48:30,7986.5,444894,7987.0,210698,139883,41010,98873,234196,0.5
1900-01-21 23:48:45,7986.5,551920,7987.0,66923,23900,1756,22144,484997,0.5
1900-01-21 23:49:00,7991.5,243935,7992.0,941556,327102,3424,323678,-697621,0.5
1900-01-21 23:49:15,7990.0,64442,7990.5,1132392,132682,92499,40183,-1067950,0.5
1900-01-21 23:49:30,7987.5,390,7988.0,500236,8082,78764,-70682,-499846,0.5
1900-01-21 23:49:45,7984.0,183308,7984.5,43494,53148,26307,26841,139814,0.5
1900-01-21 23:50:00,7985.5,864986,7986.0,46255,74134,3912,70222,818731,0.5
1900-01-21 23:50:15,7992.5,661666,7993.0,7836,480097,248,479849,653830,0.5
1900-01-21 23:50:30,7993.0,194521,7993.5,399994,268431,18800,249631,-205473,0.5
1900-01-21 23:50:45,7993.0,248298,7993.5,306577,2882,22263,-19381,-58279,0.5
1900-01-21 23:51:00,7993.0,196920,7993.5,288363,29000,69838,-40838,-91443,0.5
1900-01-21 23:51:15,7993.0,350044,7993.5,239164,2800,43840,-41040,110880,0.5
1900-01-21 23:51:30,7993.5,668034,7994.0,24415,103922,3758,100164,643619,0.5
1900-01-21 23:51:45,7995.5,852499,7996.0,24361,65659,3758,61901,828138,0.5
1900-01-21 23:52:00,7996.0,1058912,7996.5,33375,39815,11438,28377,1025537,0.5
1900-01-21 23:52:15,7996.0,233509,7996.5,155450,340683,85600,255083,78059,0.5
1900-01-21 23:52:30,7998.5,492257,7999.0,486010,36748,386412,-349664,6247,0.5
1900-01-21 23:52:45,7998.5,199265,7999.0,213616,276614,207570,69044,-14351,0.5
1900-01-21 23:53:00,8009.5,6000,8010.0,194117,329756,74402,255354,-188117,0.5
1900-01-21 23:53:15,8009.0,677133,8009.5,75155,261080,165424,95656,601978,0.5
1900-01-21 23:53:30,8014.5,642856,8015.0,132571,286257,160522,125735,510285,0.5
1900-01-21 23:53:45,8024.5,86103,8025.0,2417,1109414,7100,1102314,83686,0.5
1900-01-21 23:54:00,8028.5,198547,8029.0,262741,364032,170348,193684,-64194,0.5
1900-01-21 23:54:15,8015.0,201335,8015.5,544943,241529,780049,-538520,-343608,0.5
1900-01-21 23:54:30,8021.5,269432,8022.0,214819,152515,183791,-31276,54613,0.5
1900-01-21 23:54:45,8021.5,740359,8022.0,100480,211462,175138,36324,639879,0.5
1900-01-21 23:55:00,8021.5,457411,8022.0,312498,25671,46,25625,144913,0.5
1900-01-21 23:55:15,8021.5,1186234,8022.0,80616,48302,19900,28402,1105618,0.5
1900-01-21 23:55:30,8026.0,270633,8026.5,106183,315071,9798,305273,164450,0.5
1900-01-21 23:55:45,8026.0,660788,8026.5,41846,55167,244068,-188901,618942,0.5
1900-01-21 23:56:00,8021.5,693916,8022.0,145481,18188,103807,-85619,548435,0.5
1900-01-21 23:56:15,8021.5,1125553,8022.0,17150,105277,28566,76711,1108403,0.5
1900-01-21 23:56:30,8021.5,217473,8022.0,194941,5388,196301,-190913,22532,0.5
1900-01-21 23:56:45,8018.5,694422,8019.0,182831,16782,157587,-140805,511591,0.5
1900-01-21 23:57:00,8018.5,361111,8019.0,620395,68524,301546,-233022,-259284,0.5
1900-01-21 23:57:15,8018.5,879145,8019.0,72182,31243,87406,-56163,806963,0.5
1900-01-21 23:57:30,8018.5,356888,8019.0,445457,2570,32710,-30140,-88569,0.5
1900-01-21 23:57:45,8018.5,900307,8019.0,122369,12401,102651,-90250,777938,0.5
1900-01-21 23:58:00,8013.5,10066,8014.0,590421,33165,416120,-382955,-580355,0.5
1900-01-21 23:58:15,8006.0,289231,8006.5,360472,17466,198791,-181325,-71241,0.5
1900-01-21 23:58:30,8014.5,410946,8015.0,273795,453156,11220,441936,137151,0.5
1900-01-21 23:58:45,8014.5,26746,8015.0,686226,225341,96216,129125,-659480,0.5
1900-01-21 23:59:00,8011.0,377351,8011.5,350914,82932,82626,306,26437,0.5
1900-01-21 23:59:15,8011.0,662372,8011.5,139069,111487,15854,95633,523303,0.5
1900-01-21 23:59:30,8011.0,82673,8011.5,493351,30940,10514,20426,-410678,0.5
1900-01-21 23:59:45,8009.5,672982,8010.0,76569,44520,84009,-39489,596413,0.5
