time,bid,bidSize,ask,askSize,buyMO,sellMO,buySellImb,orderImb,spread
1900-01-25 00:00:00,7877.5,578830,7878.5,7614,41693,1634,40059,571216,1.0
1900-01-25 00:00:15,7881.0,628416,7881.5,15263,149762,17483,132279,613153,0.5
1900-01-25 00:00:30,7883.5,380157,7884.0,521835,146071,42623,103448,-141678,0.5
1900-01-25 00:00:45,7881.0,509490,7881.5,673364,115127,90013,25114,-163874,0.5
1900-01-25 00:01:00,7880.5,241592,7881.0,562990,17192,69442,-52250,-321398,0.5
1900-01-25 00:01:15,7880.5,74967,7881.0,1200991,77808,22637,55171,-1126024,0.5
1900-01-25 00:01:30,7879.0,1621,7879.5,30806,21835,69573,-47738,-29185,0.5
1900-01-25 00:01:45,7877.0,211098,7877.5,408965,2376,64498,-62122,-197867,0.5
1900-01-25 00:02:00,7877.0,158603,7877.5,626268,17589,46129,-28540,-467665,0.5
1900-01-25 00:02:15,7877.0,105770,7877.5,1094537,7370,36182,-28812,-988767,0.5
1900-01-25 00:02:30,7871.0,143216,7871.5,665548,19468,65989,-46521,-522332,0.5
1900-01-25 00:02:45,7870.0,317951,7870.5,367920,13911,110554,-96643,-49969,0.5
1900-01-25 00:03:00,7870.0,197650,7870.5,1131801,1555,129185,-127630,-934151,0.5
1900-01-25 00:03:15,7870.0,692284,7870.5,180351,482387,48254,434133,511933,0.5
1900-01-25 00:03:30,7872.5,541311,7873.0,1099724,151389,34353,117036,-558413,0.5
1900-01-25 00:03:45,7872.5,467029,7873.0,1055384,41758,55335,-13577,-588355,0.5
1900-01-25 00:04:00,7868.0,30159,7868.5,1057184,6806,91331,-84525,-1027025,0.5
1900-01-25 00:04:15,7861.0,53982,7861.5,96425,4101,159496,-155395,-42443,0.5
1900-01-25 00:04:30,7857.5,264188,7858.0,937042,18127,619864,-601737,-672854,0.5
1900-01-25 00:04:45,7861.5,172395,7862.0,1011252,143220,246282,-103062,-838857,0.5
1900-01-25 00:05:00,7861.5,742829,7862.0,626812,45019,67126,-22107,116017,0.5
1900-01-25 00:05:15,7861.5,288325,7862.0,1536698,60670,147598,-86928,-1248373,0.5
1900-01-25 00:05:30,7857.5,18018,7858.0,299046,189998,216466,-26468,-281028,0.5
1900-01-25 00:05:45,7852.5,234244,7853.0,1088583,3633,723386,-719753,-854339,0.5
1900-01-25 00:06:00,7839.0,2,7839.5,1736750,79527,1549680,-1470153,-1736748,0.5
1900-01-25 00:06:15,7837.0,130957,7837.5,294502,501355,597266,-95911,-163545,0.5
1900-01-25 00:06:30,7832.5,257029,7833.0,403323,473720,472247,1473,-146294,0.5
1900-01-25 00:06:45,7859.5,122985,7860.0,843171,902054,79520,822534,-720186,0.5
1900-01-25 00:07:00,7849.0,676344,7849.5,383413,73610,110683,-37073,292931,0.5
1900-01-25 00:07:15,7849.0,471978,7849.5,545442,342015,120090,221925,-73464,0.5
1900-01-25 00:07:30,7849.5,1323484,7850.0,1084573,743738,49427,694311,238911,0.5
1900-01-25 00:07:45,7853.5,19997,7854.0,438341,812338,107114,705224,-418344,0.5
1900-01-25 00:08:00,7853.5,1241222,7854.0,238629,42949,38614,4335,1002593,0.5
1900-01-25 00:08:15,7856.5,1029476,7857.0,47906,308778,3349,305429,981570,0.5
1900-01-25 00:08:30,7859.5,864768,7860.0,311477,303623,18053,285570,553291,0.5
1900-01-25 00:08:45,7861.5,1081988,7862.0,24669,74614,44687,29927,1057319,0.5
1900-01-25 00:09:00,7863.0,628406,7863.5,427016,76380,4000,72380,201390,0.5
1900-01-25 00:09:15,7863.0,182356,7863.5,935814,137354,234398,-97044,-753458,0.5
1900-01-25 00:09:30,7859.5,462067,7860.0,585929,54882,88539,-33657,-123862,0.5
1900-01-25 00:09:45,7859.5,46917,7860.0,1104783,15381,54261,-38880,-1057866,0.5
1900-01-25 00:10:00,7859.5,155892,7860.0,1337278,10948,141048,-130100,-1181386,0.5
1900-01-25 00:10:15,7857.0,148549,7857.5,1280666,12368,129296,-116928,-1132117,0.5
1900-01-25 00:10:30,7854.0,40867,7854.5,1559389,1700,150959,-149259,-1518522,0.5
1900-01-25 00:10:45,7850.0,187563,7850.5,1200592,4227,43916,-39689,-1013029,0.5
1900-01-25 00:11:00,7850.0,642114,7850.5,145339,77341,26164,51177,496775,0.5
1900-01-25 00:11:15,7850.0,35849,7850.5,1292093,77732,30805,46927,-1256244,0.5
1900-01-25 00:11:30,7848.0,83530,7848.5,1009492,10065,38501,-28436,-925962,0.5
1900-01-25 00:11:45,7848.0,52226,7848.5,1250485,291,55547,-55256,-1198259,0.5
1900-01-25 00:12:00,7846.5,62507,7847.0,1402373,41174,52141,-10967,-1339866,0.5
1900-01-25 00:12:15,7844.5,15144,7845.0,1267930,150,61399,-61249,-1252786,0.5
1900-01-25 00:12:30,7841.5,10349,7842.0,1358635,502,58375,-57873,-1348286,0.5
1900-01-25 00:12:45,7841.5,553875,7842.0,47732,264558,155620,108938,506143,0.5
1900-01-25 00:13:00,7844.0,1203534,7844.5,31553,770294,18960,751334,1171981,0.5
1900-01-25 00:13:15,7849.5,666201,7850.0,497197,125790,7313,118477,169004,0.5
1900-01-25 00:13:30,7849.5,562770,7850.0,540459,96421,10785,85636,22311,0.5
1900-01-25 00:13:45,7849.5,564023,7850.0,851340,9901,13024,-3123,-287317,0.5
1900-01-25 00:14:00,7844.0,116341,7844.5,854730,4640,83671,-79031,-738389,0.5
1900-01-25 00:14:15,7844.0,644912,7844.5,210206,113422,113648,-226,434706,0.5
1900-01-25 00:14:30,7845.5,653781,7846.0,490087,51691,15334,36357,163694,0.5
1900-01-25 00:14:45,7845.5,318771,7846.0,816243,49514,110110,-60596,-497472,0.5
1900-01-25 00:15:00,7845.5,1034841,7846.0,124864,22302,39600,-17298,909977,0.5
1900-01-25 00:15:15,7845.5,1281877,7846.0,150501,45110,20018,25092,1131376,0.5
1900-01-25 00:15:30,7848.5,891476,7849.0,148426,88511,1,88510,743050,0.5
1900-01-25 00:15:45,7852.0,401248,7852.5,75302,68166,4726,63440,325946,0.5
1900-01-25 00:16:00,7858.5,939817,7859.0,106320,145724,2564,143160,833497,0.5
1900-01-25 00:16:15,7862.0,977009,7862.5,640723,373111,9836,363275,336286,0.5
1900-01-25 00:16:30,7862.0,941832,7862.5,828881,20064,16575,3489,112951,0.5
1900-01-25 00:16:45,7865.0,1154691,7865.5,153495,398646,13099,385547,1001196,0.5
1900-01-25 00:17:00,7863.5,199402,7864.0,977617,97211,223875,-126664,-778215,0.5
1900-01-25 00:17:15,7862.0,729205,7862.5,853937,16616,23776,-7160,-124732,0.5
1900-01-25 00:17:30,7862.0,248785,7862.5,965762,10689,346431,-335742,-716977,0.5
1900-01-25 00:17:45,7862.0,1138389,7862.5,359579,30887,127695,-96808,778810,0.5
1900-01-25 00:18:00,7862.0,33788,7862.5,1274432,38408,441963,-403555,-1240644,0.5
1900-01-25 00:18:15,7864.5,545574,7865.0,521764,59158,15709,43449,23810,0.5
1900-01-25 00:18:30,7866.0,1129445,7866.5,8421,97628,54650,42978,1121024,0.5
1900-01-25 00:18:45,7866.5,1576084,7867.0,131346,170523,10,170513,1444738,0.5
1900-01-25 00:19:00,7867.5,2633,7868.0,683581,227013,18148,208865,-680948,0.5
1900-01-25 00:19:15,7864.5,1694921,7865.0,261257,420460,10881,409579,1433664,0.5
1900-01-25 00:19:30,7864.5,2762623,7865.0,7787,192146,46,192100,2754836,0.5
1900-01-25 00:19:45,7870.5,43986,7871.0,1345648,62216,7034,55182,-1301662,0.5
1900-01-25 00:20:00,7867.5,339015,7868.0,633194,38667,69034,-30367,-294179,0.5
1900-01-25 00:20:15,7863.0,919660,7863.5,783294,8178,108252,-100074,136366,0.5
1900-01-25 00:20:30,7868.5,1095794,7869.0,158988,424817,22957,401860,936806,0.5
1900-01-25 00:20:45,7868.5,347587,7869.0,762977,350150,16638,333512,-415390,0.5
1900-01-25 00:21:00,7868.5,1040146,7869.0,159107,70212,6010,64202,881039,0.5
1900-01-25 00:21:15,7873.0,216217,7873.5,1213375,128471,46100,82371,-997158,0.5
1900-01-25 00:21:30,7873.0,308562,7873.5,1111122,18903,33181,-14278,-802560,0.5
1900-01-25 00:21:45,7868.5,6814038,7869.0,570845,158560,176416,-17856,6243193,0.5
1900-01-25 00:22:00,7868.5,6829754,7869.0,535446,45125,235,44890,6294308,0.5
1900-01-25 00:22:15,7868.5,11859,7869.0,1333453,50501,31671,18830,-1321594,0.5
1900-01-25 00:22:30,7868.0,26749,7868.5,1071741,12453,57694,-45241,-1044992,0.5
1900-01-25 00:22:45,7863.0,17196,7863.5,1252697,1,118900,-118899,-1235501,0.5
1900-01-25 00:23:00,7862.0,139321,7862.5,686787,1980,18484,-16504,-547466,0.5
1900-01-25 00:23:15,7859.0,14456,7859.5,856996,2282,126296,-124014,-842540,0.5
1900-01-25 00:23:30,7857.5,11307,7858.0,874569,1156,26853,-25697,-863262,0.5
1900-01-25 00:23:45,7856.0,1152082,7856.5,686118,11370,23743,-12373,465964,0.5
1900-01-25 00:24:00,7856.0,1124584,7856.5,611487,68710,27162,41548,513097,0.5
1900-01-25 00:24:15,7852.0,44190,7852.5,786189,12045,71480,-59435,-741999,0.5
1900-01-25 00:24:30,7848.0,265675,7848.5,833775,133,142317,-142184,-568100,0.5
1900-01-25 00:24:45,7848.0,476493,7848.5,1046508,15093,20482,-5389,-570015,0.5
1900-01-25 00:25:00,7849.0,449856,7849.5,492310,162344,31409,130935,-42454,0.5
1900-01-25 00:25:15,7854.0,340189,7854.5,44945,170364,7666,162698,295244,0.5
1900-01-25 00:25:30,7845.5,11506,7846.0,729307,40882,145666,-104784,-717801,0.5
1900-01-25 00:25:45,7841.0,206943,7841.5,505528,28771,424767,-395996,-298585,0.5
1900-01-25 00:26:00,7839.5,999065,7840.0,361228,252606,203020,49586,637837,0.5
1900-01-25 00:26:15,7839.5,520822,7840.0,744499,67181,28699,38482,-223677,0.5
1900-01-25 00:26:30,7835.0,612390,7835.5,326328,40551,381095,-340544,286062,0.5
1900-01-25 00:26:45,7830.0,708903,7830.5,407570,42295,281602,-239307,301333,0.5
1900-01-25 00:27:00,7836.0,11000,7836.5,249475,170948,69182,101766,-238475,0.5
1900-01-25 00:27:15,7841.5,150981,7842.0,1100279,135426,26955,108471,-949298,0.5
1900-01-25 00:27:30,7842.5,788740,7843.0,81242,40621,11747,28874,707498,0.5
1900-01-25 00:27:45,7842.5,138443,7843.0,1119710,181554,103225,78329,-981267,0.5
1900-01-25 00:28:00,7842.5,617145,7843.0,54672,103806,17385,86421,562473,0.5
1900-01-25 00:28:15,7845.0,153781,7845.5,1000079,23935,6151,17784,-846298,0.5
1900-01-25 00:28:30,7842.5,746,7843.0,1465312,7242,39131,-31889,-1464566,0.5
1900-01-25 00:28:45,7850.0,629752,7850.5,30131,366989,49108,317881,599621,0.5
1900-01-25 00:29:00,7847.5,7074,7848.0,60348,128481,179939,-51458,-53274,0.5
1900-01-25 00:29:15,7850.0,841837,7850.5,319200,49603,32289,17314,522637,0.5
1900-01-25 00:29:30,7852.0,632346,7852.5,66527,132087,9318,122769,565819,0.5
1900-01-25 00:29:45,7852.0,1004521,7852.5,387502,67039,7518,59521,617019,0.5
1900-01-25 00:30:00,7852.0,1184987,7852.5,333756,76789,4132,72657,851231,0.5
1900-01-25 00:30:15,7853.5,996603,7854.0,62054,279560,31320,248240,934549,0.5
1900-01-25 00:30:30,7858.0,1191773,7858.5,81356,74613,5601,69012,1110417,0.5
1900-01-25 00:30:45,7858.0,1086872,7858.5,372946,34321,25850,8471,713926,0.5
1900-01-25 00:31:00,7865.5,841812,7866.0,249472,230675,60584,170091,592340,0.5
1900-01-25 00:31:15,7855.0,336492,7855.5,150420,30207,51519,-21312,186072,0.5
1900-01-25 00:31:30,7862.0,1073488,7862.5,308686,77277,28076,49201,764802,0.5
1900-01-25 00:31:45,7862.0,993793,7862.5,162699,169090,1807,167283,831094,0.5
1900-01-25 00:32:00,7862.0,1432195,7862.5,5114,59553,1157,58396,1427081,0.5
1900-01-25 00:32:15,7863.0,240491,7863.5,567738,42543,13102,29441,-327247,0.5
1900-01-25 00:32:30,7861.5,30054,7862.0,980487,62219,325358,-263139,-950433,0.5
1900-01-25 00:32:45,7857.5,1251503,7858.0,155630,10722,22882,-12160,1095873,0.5
1900-01-25 00:33:00,7864.0,56056,7864.5,655778,111176,3286,107890,-599722,0.5
1900-01-25 00:33:15,7864.0,1262050,7864.5,101507,62778,11630,51148,1160543,0.5
1900-01-25 00:33:30,7864.0,211666,7864.5,628539,103829,1149,102680,-416873,0.5
1900-01-25 00:33:45,7864.0,1002472,7864.5,376303,26672,42152,-15480,626169,0.5
1900-01-25 00:34:00,7864.0,1245705,7864.5,273506,72269,13160,59109,972199,0.5
1900-01-25 00:34:15,7871.5,155333,7872.0,403748,92182,6001,86181,-248415,0.5
1900-01-25 00:34:30,7870.5,190044,7871.0,1039103,193178,35142,158036,-849059,0.5
1900-01-25 00:34:45,7870.5,885194,7871.0,1162800,4517,75742,-71225,-277606,0.5
1900-01-25 00:35:00,7870.5,1646488,7871.0,594068,19278,12160,7118,1052420,0.5
1900-01-25 00:35:15,7870.5,1294478,7871.0,321904,120063,59641,60422,972574,0.5
1900-01-25 00:35:30,7870.5,827535,7871.0,1729047,42645,25611,17034,-901512,0.5
1900-01-25 00:35:45,7870.5,116657,7871.0,1860354,17300,531853,-514553,-1743697,0.5
1900-01-25 00:36:00,7868.0,37087,7868.5,1112850,9263,59774,-50511,-1075763,0.5
1900-01-25 00:36:15,7865.5,1319147,7866.0,22441,11851,33376,-21525,1296706,0.5
1900-01-25 00:36:30,7867.0,1436372,7867.5,8447,26972,37853,-10881,1427925,0.5
1900-01-25 00:36:45,7869.5,1137105,7870.0,4987,95871,4,95867,1132118,0.5
1900-01-25 00:37:00,7869.5,319514,7870.0,897273,7152,3940,3212,-577759,0.5
1900-01-25 00:37:15,7869.5,707515,7870.0,977938,62133,4232,57901,-270423,0.5
1900-01-25 00:37:30,7869.5,802758,7870.0,613067,56198,20421,35777,189691,0.5
1900-01-25 00:37:45,7868.5,10830,7869.0,846748,945,1545,-600,-835918,0.5
1900-01-25 00:38:00,7862.0,987845,7862.5,367927,3486,26654,-23168,619918,0.5
1900-01-25 00:38:15,7862.0,1270986,7862.5,67922,54800,171131,-116331,1203064,0.5
1900-01-25 00:38:30,7866.0,961282,7866.5,112995,83946,6500,77446,848287,0.5
1900-01-25 00:38:45,7866.0,1148780,7866.5,40511,19650,450,19200,1108269,0.5
1900-01-25 00:39:00,7866.0,964983,7866.5,337339,35965,10980,24985,627644,0.5
1900-01-25 00:39:15,7866.0,30497,7866.5,1060257,7151,17230,-10079,-1029760,0.5
1900-01-25 00:39:30,7866.0,102185,7866.5,887519,200,486,-286,-785334,0.5
1900-01-25 00:39:45,7868.0,699558,7869.0,25416,98355,17452,80903,674142,1.0
1900-01-25 00:40:00,7876.0,349604,7876.5,79177,205795,5258,200537,270427,0.5
1900-01-25 00:40:15,7878.5,348654,7879.0,623675,185554,28554,157000,-275021,0.5
1900-01-25 00:40:30,7879.0,1493298,7879.5,411191,191740,149261,42479,1082107,0.5
1900-01-25 00:40:45,7879.0,117212,7879.5,1336292,173885,24855,149030,-1219080,0.5
1900-01-25 00:41:00,7879.0,1044528,7879.5,1036713,19215,12980,6235,7815,0.5
1900-01-25 00:41:15,7879.0,188658,7879.5,1167355,52732,42172,10560,-978697,0.5
1900-01-25 00:41:30,7879.0,539790,7879.5,1151091,28000,69878,-41878,-611301,0.5
1900-01-25 00:41:45,7879.0,578915,7879.5,1167221,12500,4716,7784,-588306,0.5
1900-01-25 00:42:00,7879.0,1390473,7879.5,916979,45491,28551,16940,473494,0.5
1900-01-25 00:42:15,7879.0,892745,7879.5,913987,1000,1409,-409,-21242,0.5
1900-01-25 00:42:30,7879.0,847690,7879.5,886849,3468,114246,-110778,-39159,0.5
1900-01-25 00:42:45,7878.0,4161,7878.5,745203,8450,215650,-207200,-741042,0.5
1900-01-25 00:43:00,7877.0,252246,7877.5,962773,22298,50210,-27912,-710527,0.5
1900-01-25 00:43:15,7877.0,1638256,7877.5,292846,176582,22162,154420,1345410,0.5
1900-01-25 00:43:30,7879.5,1512682,7880.0,1070,83900,20401,63499,1511612,0.5
1900-01-25 00:43:45,7882.5,745013,7883.0,562506,89296,400,88896,182507,0.5
1900-01-25 00:44:00,7881.5,502568,7882.0,728070,30614,225474,-194860,-225502,0.5
1900-01-25 00:44:15,7877.5,165158,7878.0,674348,7945,62439,-54494,-509190,0.5
1900-01-25 00:44:30,7877.0,155076,7877.5,672568,34024,162398,-128374,-517492,0.5
1900-01-25 00:44:45,7877.0,18143,7877.5,759947,7902,20188,-12286,-741804,0.5
1900-01-25 00:45:00,7874.0,1347,7874.5,692571,7227,57994,-50767,-691224,0.5
1900-01-25 00:45:15,7869.0,19659,7869.5,652802,32636,50552,-17916,-633143,0.5
1900-01-25 00:45:30,7869.0,1369965,7869.5,35556,28540,15811,12729,1334409,0.5
1900-01-25 00:45:45,7874.5,725856,7875.0,589258,41764,13311,28453,136598,0.5
1900-01-25 00:46:00,7874.5,1048862,7875.0,12966,72380,94251,-21871,1035896,0.5
1900-01-25 00:46:15,7877.5,1064434,7878.0,199339,89162,2002,87160,865095,0.5
1900-01-25 00:46:30,7877.5,1148652,7878.0,78412,56002,559,55443,1070240,0.5
1900-01-25 00:46:45,7879.5,1129390,7880.0,9014,17143,1469,15674,1120376,0.5
1900-01-25 00:47:00,7876.5,4508,7877.0,639520,10091,18993,-8902,-635012,0.5
1900-01-25 00:47:15,7876.0,783001,7876.5,144141,16270,20037,-3767,638860,0.5
1900-01-25 00:47:30,7876.0,234978,7876.5,428889,43858,31396,12462,-193911,0.5
1900-01-25 00:47:45,7874.5,17360,7875.0,989055,800,17622,-16822,-971695,0.5
1900-01-25 00:48:00,7869.5,15843,7870.0,775149,10531,81152,-70621,-759306,0.5
1900-01-25 00:48:15,7866.5,910539,7867.0,239905,5856,187919,-182063,670634,0.5
1900-01-25 00:48:30,7866.5,42201,7867.0,1116849,12227,29420,-17193,-1074648,0.5
1900-01-25 00:48:45,7863.0,625410,7863.5,245719,8987,126279,-117292,379691,0.5
1900-01-25 00:49:00,7863.0,480411,7863.5,1045987,11650,38670,-27020,-565576,0.5
1900-01-25 00:49:15,7861.0,171191,7861.5,986996,1777,154598,-152821,-815805,0.5
1900-01-25 00:49:30,7860.5,4992,7861.0,1022729,15640,208665,-193025,-1017737,0.5
1900-01-25 00:49:45,7859.5,788708,7860.0,244308,36392,53558,-17166,544400,0.5
1900-01-25 00:50:00,7859.5,265712,7860.0,843676,39109,57987,-18878,-577964,0.5
1900-01-25 00:50:15,7859.5,719027,7860.0,382737,8176,5550,2626,336290,0.5
1900-01-25 00:50:30,7866.0,271788,7866.5,4773,159491,1000,158491,267015,0.5
1900-01-25 00:50:45,7860.5,496191,7861.0,429481,20236,172028,-151792,66710,0.5
1900-01-25 00:51:00,7860.0,7857,7860.5,1265924,9700,64828,-55128,-1258067,0.5
1900-01-25 00:51:15,7859.5,58359,7860.0,839728,6200,33774,-27574,-781369,0.5
1900-01-25 00:51:30,7857.5,560986,7858.0,504463,70210,8949,61261,56523,0.5
1900-01-25 00:51:45,7857.5,605235,7858.0,247881,61020,14246,46774,357354,0.5
1900-01-25 00:52:00,7857.5,581807,7858.0,363668,4215,28563,-24348,218139,0.5
1900-01-25 00:52:15,7857.5,587342,7858.0,363317,85551,1040,84511,224025,0.5
1900-01-25 00:52:30,7857.5,694531,7858.0,198913,106399,144072,-37673,495618,0.5
1900-01-25 00:52:45,7857.5,415680,7858.0,498936,31463,12006,19457,-83256,0.5
1900-01-25 00:53:00,7857.5,626170,7858.0,430185,2750,500,2250,195985,0.5
1900-01-25 00:53:15,7855.5,131287,7856.0,1257101,979,185863,-184884,-1125814,0.5
1900-01-25 00:53:30,7853.5,121748,7854.0,1119934,1100,381777,-380677,-998186,0.5
1900-01-25 00:53:45,7853.0,509104,7853.5,266426,24345,72470,-48125,242678,0.5
1900-01-25 00:54:00,7852.5,31320,7853.0,1179707,7300,98900,-91600,-1148387,0.5
1900-01-25 00:54:15,7852.5,554097,7853.0,10544,22329,14904,7425,543553,0.5
1900-01-25 00:54:30,7856.5,542767,7857.0,42925,164082,22384,141698,499842,0.5
1900-01-25 00:54:45,7861.0,316788,7861.5,221039,71569,2540,69029,95749,0.5
1900-01-25 00:55:00,7861.0,453301,7861.5,142508,34988,30302,4686,310793,0.5
1900-01-25 00:55:15,7862.0,702345,7862.5,2778,59299,1030,58269,699567,0.5
1900-01-25 00:55:30,7866.5,462392,7867.0,30493,123138,1332,121806,431899,0.5
1900-01-25 00:55:45,7867.0,360817,7867.5,832549,27058,101,26957,-471732,0.5
1900-01-25 00:56:00,7869.5,934680,7870.0,2041,281535,4251,277284,932639,0.5
1900-01-25 00:56:15,7872.5,745241,7873.0,17071,94526,203,94323,728170,0.5
1900-01-25 00:56:30,7874.0,1101285,7874.5,63445,112032,2040,109992,1037840,0.5
1900-01-25 00:56:45,7874.5,531060,7875.0,54432,37498,20959,16539,476628,0.5
1900-01-25 00:57:00,7879.5,210785,7880.0,766640,10567,33127,-22560,-555855,0.5
1900-01-25 00:57:15,7876.5,3937,7877.0,707954,61114,55211,5903,-704017,0.5
1900-01-25 00:57:30,7876.5,239458,7877.0,816627,7944,74360,-66416,-577169,0.5
1900-01-25 00:57:45,7876.5,13945,7877.0,765084,39018,110008,-70990,-751139,0.5
1900-01-25 00:58:00,7876.5,1014719,7877.0,48076,57700,6021,51679,966643,0.5
1900-01-25 00:58:15,7877.0,92036,7877.5,1106446,53276,37224,16052,-1014410,0.5
1900-01-25 00:58:30,7877.0,817573,7877.5,445459,6498,26223,-19725,372114,0.5
1900-01-25 00:58:45,7877.0,107454,7877.5,865953,25276,24025,1251,-758499,0.5
1900-01-25 00:59:00,7876.0,758138,7876.5,385615,60798,39127,21671,372523,0.5
1900-01-25 00:59:15,7876.0,836016,7876.5,269461,22245,1201,21044,566555,0.5
1900-01-25 00:59:30,7876.0,120183,7876.5,686945,9907,2862,7045,-566762,0.5
1900-01-25 00:59:45,7876.0,1060509,7876.5,48097,7733,6643,1090,1012412,0.5
1900-01-25 01:00:00,7877.5,96261,7878.0,173921,96012,87040,8972,-77660,0.5
1900-01-25 01:00:15,7877.5,1216844,7878.0,28,85416,15087,70329,1216816,0.5
1900-01-25 01:00:30,7878.5,1198190,7879.0,72321,180850,15087,165763,1125869,0.5
1900-01-25 01:00:45,7884.0,815273,7884.5,46186,291070,1042,290028,769087,0.5
1900-01-25 01:01:00,7884.0,497085,7884.5,608927,77842,9111,68731,-111842,0.5
1900-01-25 01:01:15,7888.5,1454845,7889.0,41703,305852,17954,287898,1413142,0.5
1900-01-25 01:01:30,7898.5,172187,7899.0,109319,920933,17449,903484,62868,0.5
1900-01-25 01:01:45,7898.5,206875,7899.0,555865,205069,55054,150015,-348990,0.5
1900-01-25 01:02:00,7898.5,941355,7899.0,48391,266178,135605,130573,892964,0.5
1900-01-25 01:02:15,7899.5,1319275,7900.0,140015,417988,9241,408747,1179260,0.5
1900-01-25 01:02:30,7902.0,636159,7902.5,616614,611120,72426,538694,19545,0.5
1900-01-25 01:02:45,7900.5,1212521,7901.0,202734,89208,66012,23196,1009787,0.5
1900-01-25 01:03:00,7909.5,712341,7910.0,224716,376264,8341,367923,487625,0.5
1900-01-25 01:03:15,7909.5,846215,7910.0,761930,374451,60180,314271,84285,0.5
1900-01-25 01:03:30,7911.0,492894,7911.5,26510,233397,39689,193708,466384,0.5
1900-01-25 01:03:45,7910.0,562704,7910.5,655698,204049,350308,-146259,-92994,0.5
1900-01-25 01:04:00,7910.0,566133,7910.5,618740,211324,32792,178532,-52607,0.5
1900-01-25 01:04:15,7910.0,278450,7910.5,667251,700,184018,-183318,-388801,0.5
1900-01-25 01:04:30,7910.0,79528,7910.5,748289,19927,142235,-122308,-668761,0.5
1900-01-25 01:04:45,7910.0,1028752,7910.5,826378,1592,37688,-36096,202374,0.5
1900-01-25 01:05:00,7910.0,104243,7910.5,912283,7412,291895,-284483,-808040,0.5
1900-01-25 01:05:15,7904.0,86227,7904.5,543742,8572,203123,-194551,-457515,0.5
1900-01-25 01:05:30,7904.0,1382483,7904.5,167672,9708,121546,-111838,1214811,0.5
1900-01-25 01:05:45,7904.0,214662,7904.5,715028,29212,56128,-26916,-500366,0.5
1900-01-25 01:06:00,7902.5,94585,7903.0,1019175,5589,119602,-114013,-924590,0.5
1900-01-25 01:06:15,7900.0,48206,7900.5,727639,20020,251617,-231597,-679433,0.5
1900-01-25 01:06:30,7899.0,784271,7899.5,337374,30500,198213,-167713,446897,0.5
1900-01-25 01:06:45,7899.0,1426377,7899.5,250723,90407,89407,1000,1175654,0.5
1900-01-25 01:07:00,7904.0,778390,7904.5,30175,55188,10885,44303,748215,0.5
1900-01-25 01:07:15,7909.5,247446,7910.0,554526,42100,24671,17429,-307080,0.5
1900-01-25 01:07:30,7908.0,13233,7908.5,332626,27217,114759,-87542,-319393,0.5
1900-01-25 01:07:45,7907.5,77955,7908.0,629849,34879,52091,-17212,-551894,0.5
1900-01-25 01:08:00,7905.5,11850,7906.0,875148,23948,45009,-21061,-863298,0.5
1900-01-25 01:08:15,7905.5,84367,7906.0,884011,3512,28504,-24992,-799644,0.5
1900-01-25 01:08:30,7904.0,679527,7904.5,399153,21612,25288,-3676,280374,0.5
1900-01-25 01:08:45,7904.0,722884,7904.5,116609,69516,5212,64304,606275,0.5
1900-01-25 01:09:00,7904.0,940383,7904.5,672154,26035,11312,14723,268229,0.5
1900-01-25 01:09:15,7904.0,997717,7904.5,594203,23075,1700,21375,403514,0.5
1900-01-25 01:09:30,7904.0,918622,7904.5,534375,27540,3350,24190,384247,0.5
1900-01-25 01:09:45,7904.0,245647,7904.5,876947,4405,53703,-49298,-631300,0.5
1900-01-25 01:10:00,7904.0,941924,7904.5,388691,64632,18760,45872,553233,0.5
1900-01-25 01:10:15,7904.0,1217699,7904.5,149952,152269,13003,139266,1067747,0.5
1900-01-25 01:10:30,7905.0,1467007,7905.5,10288,47522,412,47110,1456719,0.5
1900-01-25 01:10:45,7907.0,949917,7907.5,77642,59614,25424,34190,872275,0.5
1900-01-25 01:11:00,7914.0,623774,7914.5,135075,201433,13120,188313,488699,0.5
1900-01-25 01:11:15,7910.5,269948,7912.0,28000,539119,364184,174935,241948,1.5
1900-01-25 01:11:30,7913.5,713249,7914.0,220,100045,111702,-11657,713029,0.5
1900-01-25 01:11:45,7917.5,573009,7918.0,475667,198212,51230,146982,97342,0.5
1900-01-25 01:12:00,7921.5,195135,7922.0,535446,187865,38377,149488,-340311,0.5
1900-01-25 01:12:15,7920.0,1103346,7920.5,537759,193369,150457,42912,565587,0.5
1900-01-25 01:12:30,7920.5,424604,7921.0,759891,191355,61272,130083,-335287,0.5
1900-01-25 01:12:45,7920.5,1887622,7921.0,390092,144783,32878,111905,1497530,0.5
1900-01-25 01:13:00,7920.5,1998630,7921.0,860040,75218,21691,53527,1138590,0.5
1900-01-25 01:13:15,7920.5,1228585,7921.0,381468,90206,19181,71025,847117,0.5
1900-01-25 01:13:30,7920.5,1027227,7921.0,734588,12002,109000,-96998,292639,0.5
1900-01-25 01:13:45,7920.5,898625,7921.0,1089772,19244,69632,-50388,-191147,0.5
1900-01-25 01:14:00,7920.5,427454,7921.0,1245887,3402,127073,-123671,-818433,0.5
1900-01-25 01:14:15,7916.0,506529,7916.5,530609,28834,226492,-197658,-24080,0.5
1900-01-25 01:14:30,7918.0,1309030,7918.5,229055,43616,46469,-2853,1079975,0.5
1900-01-25 01:14:45,7921.0,507045,7922.0,24999,398458,23750,374708,482046,1.0
1900-01-25 01:15:00,7937.5,102798,7938.0,8846,401336,12223,389113,93952,0.5
1900-01-25 01:15:15,7925.0,3000,7925.5,2068,125835,532670,-406835,932,0.5
1900-01-25 01:15:30,7928.5,1147832,7929.0,617018,133563,3588,129975,530814,0.5
1900-01-25 01:15:45,7929.5,43852,7930.0,1004668,38019,64920,-26901,-960816,0.5
1900-01-25 01:16:00,7926.0,26801,7926.5,831983,5533,579569,-574036,-805182,0.5
1900-01-25 01:16:15,7926.0,31122,7926.5,1325460,22074,86784,-64710,-1294338,0.5
1900-01-25 01:16:30,7925.5,13449,7926.0,1225807,3354,99922,-96568,-1212358,0.5
1900-01-25 01:16:45,7919.0,67416,7919.5,1041778,18466,222470,-204004,-974362,0.5
1900-01-25 01:17:00,7918.5,57496,7919.0,1591948,113811,156718,-42907,-1534452,0.5
1900-01-25 01:17:15,7916.0,56257,7916.5,1285573,3670,165165,-161495,-1229316,0.5
1900-01-25 01:17:30,7913.0,216804,7913.5,939255,12376,165989,-153613,-722451,0.5
1900-01-25 01:17:45,7912.5,100615,7913.0,1539620,54405,165024,-110619,-1439005,0.5
1900-01-25 01:18:00,7912.5,150268,7913.0,975013,200,92175,-91975,-824745,0.5
1900-01-25 01:18:15,7912.5,448414,7913.0,632207,6311,19913,-13602,-183793,0.5
1900-01-25 01:18:30,7913.0,483596,7913.5,4908,30724,13708,17016,478688,0.5
1900-01-25 01:18:45,7916.0,463488,7916.5,178436,40339,3028,37311,285052,0.5
1900-01-25 01:19:00,7916.5,821080,7917.0,35201,13488,102065,-88577,785879,0.5
1900-01-25 01:19:15,7919.0,305208,7919.5,850066,46616,6171,40445,-544858,0.5
1900-01-25 01:19:30,7919.5,395621,7920.0,828047,36960,16709,20251,-432426,0.5
1900-01-25 01:19:45,7917.5,139503,7918.0,198794,9773,13344,-3571,-59291,0.5
1900-01-25 01:20:00,7916.0,859988,7916.5,451498,2211,41871,-39660,408490,0.5
1900-01-25 01:20:15,7916.0,798624,7916.5,1356632,7054,52162,-45108,-558008,0.5
1900-01-25 01:20:30,7916.0,650809,7916.5,1119773,1600,23120,-21520,-468964,0.5
1900-01-25 01:20:45,7916.0,239542,7916.5,1524183,36607,503613,-467006,-1284641,0.5
1900-01-25 01:21:00,7914.0,160160,7914.5,1323608,3500,105546,-102046,-1163448,0.5
1900-01-25 01:21:15,7913.5,459305,7914.0,549835,181975,130709,51266,-90530,0.5
1900-01-25 01:21:30,7913.5,412108,7914.0,558813,20444,110749,-90305,-146705,0.5
1900-01-25 01:21:45,7913.5,171275,7914.0,1389216,21907,46173,-24266,-1217941,0.5
1900-01-25 01:22:00,7911.5,343262,7912.0,605729,750,108210,-107460,-262467,0.5
1900-01-25 01:22:15,7911.5,44211,7912.0,1173157,142,83035,-82893,-1128946,0.5
1900-01-25 01:22:30,7911.0,3207,7911.5,1451435,40786,21053,19733,-1448228,0.5
1900-01-25 01:22:45,7910.0,709590,7910.5,742199,7870,15485,-7615,-32609,0.5
1900-01-25 01:23:00,7910.0,250740,7910.5,1508119,36192,266825,-230633,-1257379,0.5
1900-01-25 01:23:15,7910.0,290170,7910.5,731728,36192,42095,-5903,-441558,0.5
1900-01-25 01:23:30,7905.5,239593,7906.0,1015841,100,300597,-300497,-776248,0.5
1900-01-25 01:23:45,7904.0,372729,7904.5,1534732,811,167960,-167149,-1162003,0.5
1900-01-25 01:24:00,7904.0,73315,7904.5,1761464,3181,284094,-280913,-1688149,0.5
1900-01-25 01:24:15,7900.5,26468,7901.0,1443493,2520,155061,-152541,-1417025,0.5
1900-01-25 01:24:30,7900.0,357639,7900.5,1395889,63532,110910,-47378,-1038250,0.5
1900-01-25 01:24:45,7900.0,24605,7900.5,1937751,3600,112581,-108981,-1913146,0.5
1900-01-25 01:25:00,7898.5,80712,7899.0,1177132,1720,35372,-33652,-1096420,0.5
1900-01-25 01:25:15,7898.5,210049,7899.0,1386587,5802,41264,-35462,-1176538,0.5
1900-01-25 01:25:30,7898.5,35762,7899.0,1592855,4370,28145,-23775,-1557093,0.5
1900-01-25 01:25:45,7898.0,59454,7898.5,1628522,26397,47081,-20684,-1569068,0.5
1900-01-25 01:26:00,7891.0,644959,7891.5,803947,11172,737159,-725987,-158988,0.5
1900-01-25 01:26:15,7896.0,244723,7896.5,1089978,99879,78406,21473,-845255,0.5
1900-01-25 01:26:30,7896.0,17390,7896.5,1179512,29667,104118,-74451,-1162122,0.5
1900-01-25 01:26:45,7895.5,113715,7896.0,522731,1039,57662,-56623,-409016,0.5
1900-01-25 01:27:00,7895.5,305137,7896.0,210746,22307,9060,13247,94391,0.5
1900-01-25 01:27:15,7898.0,466924,7898.5,326103,163606,6009,157597,140821,0.5
1900-01-25 01:27:30,7898.0,407662,7898.5,967273,13879,920,12959,-559611,0.5
1900-01-25 01:27:45,7898.0,198289,7898.5,1038703,86901,61284,25617,-840414,0.5
1900-01-25 01:28:00,7898.0,313977,7898.5,391009,12700,32664,-19964,-77032,0.5
1900-01-25 01:28:15,7898.0,384849,7898.5,424306,27097,20,27077,-39457,0.5
1900-01-25 01:28:30,7904.5,521933,7905.0,8494,204213,3361,200852,513439,0.5
1900-01-25 01:28:45,7906.0,319777,7906.5,635259,35118,47103,-11985,-315482,0.5
1900-01-25 01:29:00,7906.0,462276,7906.5,156610,72600,14311,58289,305666,0.5
1900-01-25 01:29:15,7906.0,904060,7906.5,792476,31360,1039,30321,111584,0.5
1900-01-25 01:29:30,7909.5,325099,7910.0,829003,90899,1100,89799,-503904,0.5
1900-01-25 01:29:45,7909.5,420673,7910.0,278516,92413,16348,76065,142157,0.5
1900-01-25 01:30:00,7909.5,15644,7910.0,1419563,4206,50671,-46465,-1403919,0.5
1900-01-25 01:30:15,7908.5,22,7909.0,729900,1500,16065,-14565,-729878,0.5
1900-01-25 01:30:30,7907.5,165397,7908.0,1145724,6630,83046,-76416,-980327,0.5
1900-01-25 01:30:45,7906.5,33842,7907.0,1334623,197,17608,-17411,-1300781,0.5
1900-01-25 01:31:00,7906.0,64828,7906.5,1224188,3083,7444,-4361,-1159360,0.5
1900-01-25 01:31:15,7906.0,24329,7906.5,1434799,3083,39244,-36161,-1410470,0.5
1900-01-25 01:31:30,7905.5,125295,7906.0,1307179,600,18311,-17711,-1181884,0.5
1900-01-25 01:31:45,7905.5,128394,7906.0,1378074,17,4238,-4221,-1249680,0.5
1900-01-25 01:32:00,7905.5,527891,7906.0,382898,50985,31691,19294,144993,0.5
1900-01-25 01:32:15,7905.5,640583,7906.0,298768,27541,4001,23540,341815,0.5
1900-01-25 01:32:30,7905.5,697338,7906.0,128681,32753,6984,25769,568657,0.5
1900-01-25 01:32:45,7909.0,614237,7909.5,626028,122080,4080,118000,-11791,0.5
1900-01-25 01:33:00,7909.0,206239,7909.5,1038164,32404,9489,22915,-831925,0.5
1900-01-25 01:33:15,7906.5,16204,7907.0,1149338,850,166901,-166051,-1133134,0.5
1900-01-25 01:33:30,7906.0,412281,7906.5,435168,13869,5566,8303,-22887,0.5
1900-01-25 01:33:45,7906.0,646638,7906.5,79271,15084,3662,11422,567367,0.5
1900-01-25 01:34:00,7906.0,335109,7906.5,1139827,9071,42289,-33218,-804718,0.5
1900-01-25 01:34:15,7906.0,740066,7906.5,197727,9176,7869,1307,542339,0.5
1900-01-25 01:34:30,7907.0,1311669,7907.5,3072,45029,555,44474,1308597,0.5
1900-01-25 01:34:45,7907.5,1229348,7908.0,31134,38117,44905,-6788,1198214,0.5
1900-01-25 01:35:00,7909.0,1126244,7909.5,39663,55417,44905,10512,1086581,0.5
1900-01-25 01:35:15,7910.5,930892,7911.0,578888,104695,100628,4067,352004,0.5
1900-01-25 01:35:30,7911.5,1233610,7912.0,35640,65849,100,65749,1197970,0.5
1900-01-25 01:35:45,7914.5,797083,7915.0,2192,66088,600,65488,794891,0.5
1900-01-25 01:36:00,7916.5,445023,7917.0,1205409,130239,5552,124687,-760386,0.5
1900-01-25 01:36:15,7916.5,590819,7917.0,883712,30994,2600,28394,-292893,0.5
1900-01-25 01:36:30,7917.0,1713221,7917.5,87693,74707,2600,72107,1625528,0.5
1900-01-25 01:36:45,7919.5,414388,7920.0,701679,108569,5600,102969,-287291,0.5
1900-01-25 01:37:00,7919.5,1362030,7920.0,289275,70762,12340,58422,1072755,0.5
1900-01-25 01:37:15,7919.5,976354,7920.0,1009570,12977,7854,5123,-33216,0.5
1900-01-25 01:37:30,7912.5,159886,7913.0,542521,12591,227877,-215286,-382635,0.5
1900-01-25 01:37:45,7912.5,1686406,7913.0,20747,23295,99423,-76128,1665659,0.5
1900-01-25 01:38:00,7915.0,1736222,7915.5,30949,7985,9613,-1628,1705273,0.5
1900-01-25 01:38:15,7918.5,208482,7919.0,748012,36994,2,36992,-539530,0.5
1900-01-25 01:38:30,7918.5,57037,7919.0,847629,21602,13679,7923,-790592,0.5
1900-01-25 01:38:45,7918.5,679731,7919.0,474662,36340,23701,12639,205069,0.5
1900-01-25 01:39:00,7918.5,13100,7919.0,863555,2294,135757,-133463,-850455,0.5
1900-01-25 01:39:15,7915.0,30200,7916.5,757827,21882,31981,-10099,-727627,1.5
1900-01-25 01:39:30,7913.0,83257,7913.5,583265,6463,25888,-19425,-500008,0.5
1900-01-25 01:39:45,7913.0,1037350,7913.5,154640,6187,36758,-30571,882710,0.5
1900-01-25 01:40:00,7913.0,1768397,7913.5,142517,9424,1388,8036,1625880,0.5
1900-01-25 01:40:15,7913.0,1418164,7913.5,278862,27455,3286,24169,1139302,0.5
1900-01-25 01:40:30,7913.0,574990,7913.5,572753,51974,52500,-526,2237,0.5
1900-01-25 01:40:45,7913.0,1124742,7913.5,215457,36550,2025,34525,909285,0.5
1900-01-25 01:41:00,7910.0,11102,7910.5,737118,1600,58858,-57258,-726016,0.5
1900-01-25 01:41:15,7909.5,711326,7910.0,392833,59624,199737,-140113,318493,0.5
1900-01-25 01:41:30,7908.0,147005,7908.5,1014124,2940,70820,-67880,-867119,0.5
1900-01-25 01:41:45,7905.0,122594,7905.5,1211679,3013,159228,-156215,-1089085,0.5
1900-01-25 01:42:00,7899.0,38622,7899.5,1070527,26519,166620,-140101,-1031905,0.5
1900-01-25 01:42:15,7896.0,198768,7896.5,1197240,35262,37411,-2149,-998472,0.5
1900-01-25 01:42:30,7894.0,14826,7894.5,932678,4047,166736,-162689,-917852,0.5
1900-01-25 01:42:45,7893.0,177217,7893.5,515305,15856,149399,-133543,-338088,0.5
1900-01-25 01:43:00,7892.0,28116,7892.5,1103713,13895,97591,-83696,-1075597,0.5
1900-01-25 01:43:15,7888.0,112684,7888.5,1191105,1250,183928,-182678,-1078421,0.5
1900-01-25 01:43:30,7889.0,127338,7889.5,1086153,208431,108883,99548,-958815,0.5
1900-01-25 01:43:45,7888.0,10529,7888.5,1549468,53846,108882,-55036,-1538939,0.5
1900-01-25 01:44:00,7888.0,102118,7888.5,1018159,1411,13972,-12561,-916041,0.5
1900-01-25 01:44:15,7888.0,70396,7888.5,1140874,15886,44953,-29067,-1070478,0.5
1900-01-25 01:44:30,7887.5,27611,7888.0,1121798,28005,23658,4347,-1094187,0.5
1900-01-25 01:44:45,7887.5,74640,7888.0,1031075,9681,51769,-42088,-956435,0.5
1900-01-25 01:45:00,7887.5,417074,7888.0,684667,11202,52355,-41153,-267593,0.5
1900-01-25 01:45:15,7887.5,260724,7888.0,789558,89200,8596,80604,-528834,0.5
1900-01-25 01:45:30,7889.0,172993,7889.5,690018,48459,20045,28414,-517025,0.5
1900-01-25 01:45:45,7889.0,76405,7889.5,1184640,55730,18022,37708,-1108235,0.5
1900-01-25 01:46:00,7887.5,87726,7888.0,1396961,11210,54679,-43469,-1309235,0.5
1900-01-25 01:46:15,7887.5,91001,7888.0,1206507,1000,19371,-18371,-1115506,0.5
1900-01-25 01:46:30,7887.5,101626,7888.0,1141495,54746,21730,33016,-1039869,0.5
1900-01-25 01:46:45,7887.0,255347,7887.5,1176121,15213,56919,-41706,-920774,0.5
1900-01-25 01:47:00,7885.5,164040,7886.0,933843,3180,69369,-66189,-769803,0.5
1900-01-25 01:47:15,7885.0,125845,7885.5,1290269,623,230423,-229800,-1164424,0.5
1900-01-25 01:47:30,7883.0,161370,7883.5,1261556,577,102958,-102381,-1100186,0.5
1900-01-25 01:47:45,7883.0,721640,7883.5,401555,17106,107748,-90642,320085,0.5
1900-01-25 01:48:00,7883.0,726241,7883.5,345209,12198,24771,-12573,381032,0.5
1900-01-25 01:48:15,7883.0,118210,7883.5,753830,32027,54371,-22344,-635620,0.5
1900-01-25 01:48:30,7883.0,320265,7883.5,529641,40325,25396,14929,-209376,0.5
1900-01-25 01:48:45,7883.0,536965,7883.5,261705,50969,4634,46335,275260,0.5
1900-01-25 01:49:00,7883.0,573365,7883.5,497863,10236,3725,6511,75502,0.5
1900-01-25 01:49:15,7883.0,421431,7883.5,579241,8100,3494,4606,-157810,0.5
1900-01-25 01:49:30,7883.0,194393,7883.5,786837,10300,34345,-24045,-592444,0.5
1900-01-25 01:49:45,7883.0,490861,7883.5,490242,1300,19616,-18316,619,0.5
1900-01-25 01:50:00,7883.0,68658,7883.5,1274836,25753,57769,-32016,-1206178,0.5
1900-01-25 01:50:15,7883.0,246384,7883.5,517417,60001,7771,52230,-271033,0.5
1900-01-25 01:50:30,7883.0,177634,7883.5,573914,2246,124329,-122083,-396280,0.5
1900-01-25 01:50:45,7883.0,281263,7883.5,751496,197,10800,-10603,-470233,0.5
1900-01-25 01:51:00,7883.0,123270,7883.5,734819,11000,24150,-13150,-611549,0.5
1900-01-25 01:51:15,7883.0,52162,7883.5,1016960,11000,20697,-9697,-964798,0.5
1900-01-25 01:51:30,7883.0,36178,7883.5,1296776,810,19993,-19183,-1260598,0.5
1900-01-25 01:51:45,7882.0,242168,7882.5,1353924,116,72534,-72418,-1111756,0.5
1900-01-25 01:52:00,7881.5,14503,7882.0,1176000,116,51069,-50953,-1161497,0.5
1900-01-25 01:52:15,7881.0,129919,7881.5,1421085,725,24506,-23781,-1291166,0.5
1900-01-25 01:52:30,7877.5,19527,7878.0,1421973,1150,147038,-145888,-1402446,0.5
1900-01-25 01:52:45,7871.0,473849,7871.5,5723942,6106,157550,-151444,-5250093,0.5
1900-01-25 01:53:00,7870.0,91292,7870.5,1287365,3994,256819,-252825,-1196073,0.5
1900-01-25 01:53:15,7868.0,302656,7868.5,859010,1199,184008,-182809,-556354,0.5
1900-01-25 01:53:30,7876.5,387628,7877.0,559390,109019,97703,11316,-171762,0.5
1900-01-25 01:53:45,7871.5,506796,7872.0,220193,48245,163365,-115120,286603,0.5
1900-01-25 01:54:00,7879.0,413807,7879.5,69709,172677,43405,129272,344098,0.5
1900-01-25 01:54:15,7879.5,1666806,7880.0,25920,47052,61119,-14067,1640886,0.5
1900-01-25 01:54:30,7887.5,560015,7888.0,24318,113806,1500,112306,535697,0.5
1900-01-25 01:54:45,7886.5,33367,7887.0,733377,109451,23632,85819,-700010,0.5
1900-01-25 01:55:00,7885.5,240312,7886.0,909401,8538,18614,-10076,-669089,0.5
1900-01-25 01:55:15,7885.5,684388,7886.0,322036,37866,13225,24641,362352,0.5
1900-01-25 01:55:30,7885.5,764539,7886.0,700442,52764,22060,30704,64097,0.5
1900-01-25 01:55:45,7885.5,890505,7886.0,89693,35826,13000,22826,800812,0.5
1900-01-25 01:56:00,7887.5,1057601,7888.0,98056,247338,31044,216294,959545,0.5
1900-01-25 01:56:15,7888.5,862120,7889.0,10869,67576,1,67575,851251,0.5
1900-01-25 01:56:30,7889.0,287992,7889.5,265927,112823,12188,100635,22065,0.5
1900-01-25 01:56:45,7889.0,418437,7889.5,247346,23316,6307,17009,171091,0.5
1900-01-25 01:57:00,7889.0,73912,7889.5,1011297,4083,17591,-13508,-937385,0.5
1900-01-25 01:57:15,7885.5,65737,7886.0,803899,21861,40350,-18489,-738162,0.5
1900-01-25 01:57:30,7864.0,192439,7864.5,746403,43469,661598,-618129,-553964,0.5
1900-01-25 01:57:45,7862.0,282168,7862.5,198607,125192,427302,-302110,83561,0.5
1900-01-25 01:58:00,7860.0,220850,7860.5,443941,289762,224817,64945,-223091,0.5
1900-01-25 01:58:15,7856.5,85375,7857.0,639838,73815,196622,-122807,-554463,0.5
1900-01-25 01:58:30,7849.0,56441,7849.5,1342956,86773,1398353,-1311580,-1286515,0.5
1900-01-25 01:58:45,7856.0,387125,7856.5,229988,408925,407452,1473,157137,0.5
1900-01-25 01:59:00,7856.0,414186,7856.5,187111,168649,29529,139120,227075,0.5
1900-01-25 01:59:15,7858.5,92959,7859.0,1030603,132453,98920,33533,-937644,0.5
1900-01-25 01:59:30,7855.0,77032,7855.5,904740,64774,60698,4076,-827708,0.5
1900-01-25 01:59:45,7852.0,395775,7852.5,509161,33776,147947,-114171,-113386,0.5
1900-01-25 02:00:00,7855.5,236390,7856.0,22164,223087,33737,189350,214226,0.5
1900-01-25 02:00:15,7860.0,822832,7860.5,63048,34174,7435,26739,759784,0.5
1900-01-25 02:00:30,7861.0,459251,7861.5,175990,336992,19894,317098,283261,0.5
1900-01-25 02:00:45,7863.5,725029,7864.0,27685,178109,7983,170126,697344,0.5
1900-01-25 02:01:00,7867.5,152494,7868.0,896668,149269,41028,108241,-744174,0.5
1900-01-25 02:01:15,7870.0,286309,7870.5,1050132,58239,32531,25708,-763823,0.5
1900-01-25 02:01:30,7862.5,28828,7863.0,574813,70218,50325,19893,-545985,0.5
1900-01-25 02:01:45,7859.5,10926,7860.0,1484610,26543,88060,-61517,-1473684,0.5
1900-01-25 02:02:00,7863.0,346622,7863.5,74541,144672,158002,-13330,272081,0.5
1900-01-25 02:02:15,7863.0,134703,7863.5,548419,40426,30094,10332,-413716,0.5
1900-01-25 02:02:30,7863.0,721370,7863.5,49563,49941,2000,47941,671807,0.5
1900-01-25 02:02:45,7862.5,32452,7863.0,824835,46391,41832,4559,-792383,0.5
1900-01-25 02:03:00,7859.0,81193,7859.5,1291363,13614,77844,-64230,-1210170,0.5
1900-01-25 02:03:15,7862.5,153873,7863.0,1036657,94289,18550,75739,-882784,0.5
1900-01-25 02:03:30,7862.5,620423,7863.0,435933,12815,22000,-9185,184490,0.5
1900-01-25 02:03:45,7862.5,504687,7863.0,660524,12200,17843,-5643,-155837,0.5
1900-01-25 02:04:00,7863.5,933909,7864.0,23347,402759,6051,396708,910562,0.5
1900-01-25 02:04:15,7866.5,528398,7867.0,609108,35618,150,35468,-80710,0.5
1900-01-25 02:04:30,7866.5,29855,7867.0,2073157,8496,16045,-7549,-2043302,0.5
1900-01-25 02:04:45,7863.0,652607,7863.5,106637,66831,39416,27415,545970,0.5
1900-01-25 02:05:00,7863.0,315728,7863.5,1218484,14614,12476,2138,-902756,0.5
1900-01-25 02:05:15,7863.0,641805,7863.5,751158,200251,62048,138203,-109353,0.5
1900-01-25 02:05:30,7863.5,692480,7864.0,62138,68785,130730,-61945,630342,0.5
1900-01-25 02:05:45,7865.0,378078,7865.5,749243,34215,29,34186,-371165,0.5
1900-01-25 02:06:00,7865.0,721034,7865.5,872170,10530,17029,-6499,-151136,0.5
1900-01-25 02:06:15,7865.0,215760,7865.5,1207103,990,86547,-85557,-991343,0.5
1900-01-25 02:06:30,7860.0,81898,7860.5,1272603,38746,281575,-242829,-1190705,0.5
1900-01-25 02:06:45,7855.5,73935,7856.0,467135,11136,135454,-124318,-393200,0.5
1900-01-25 02:07:00,7854.0,316806,7854.5,797889,11224,42346,-31122,-481083,0.5
1900-01-25 02:07:15,7854.0,518747,7854.5,354049,24313,14895,9418,164698,0.5
1900-01-25 02:07:30,7854.0,713355,7854.5,298333,5367,200,5167,415022,0.5
1900-01-25 02:07:45,7854.0,240963,7854.5,1136398,15836,125965,-110129,-895435,0.5
1900-01-25 02:08:00,7852.0,16255,7852.5,1169772,5424,31791,-26367,-1153517,0.5
1900-01-25 02:08:15,7851.0,439798,7851.5,384374,29163,32429,-3266,55424,0.5
1900-01-25 02:08:30,7851.0,191682,7851.5,619049,20040,41878,-21838,-427367,0.5
1900-01-25 02:08:45,7851.0,656691,7851.5,226045,124880,37331,87549,430646,0.5
1900-01-25 02:09:00,7851.5,586736,7852.0,7811,99796,17795,82001,578925,0.5
1900-01-25 02:09:15,7854.0,608091,7854.5,197999,17256,9974,7282,410092,0.5
1900-01-25 02:09:30,7854.0,720907,7854.5,136995,123519,1000,122519,583912,0.5
1900-01-25 02:09:45,7854.0,814401,7854.5,208445,14080,1010,13070,605956,0.5
1900-01-25 02:10:00,7854.0,189265,7854.5,1410646,26272,108623,-82351,-1221381,0.5
1900-01-25 02:10:15,7854.0,131948,7854.5,869668,259,21506,-21247,-737720,0.5
1900-01-25 02:10:30,7854.0,359021,7854.5,821077,709,24601,-23892,-462056,0.5
1900-01-25 02:10:45,7854.0,459858,7854.5,587156,20040,20825,-785,-127298,0.5
1900-01-25 02:11:00,7854.0,441990,7854.5,641718,20520,51209,-30689,-199728,0.5
1900-01-25 02:11:15,7854.0,496340,7854.5,509882,19423,10600,8823,-13542,0.5
1900-01-25 02:11:30,7854.0,491361,7854.5,516249,7139,650,6489,-24888,0.5
1900-01-25 02:11:45,7855.0,1047242,7855.5,21158,119468,650,118818,1026084,0.5
1900-01-25 02:12:00,7856.5,473093,7857.0,613115,36673,985,35688,-140022,0.5
1900-01-25 02:12:15,7856.5,609087,7857.0,152521,129085,2622,126463,456566,0.5
1900-01-25 02:12:30,7859.5,335935,7860.0,853792,35273,1,35272,-517857,0.5
1900-01-25 02:12:45,7861.5,487350,7862.0,26275,59664,1,59663,461075,0.5
1900-01-25 02:13:00,7871.5,818080,7872.0,1417,221678,36220,185458,816663,0.5
1900-01-25 02:13:15,7873.0,16383,7873.5,1082801,248014,116426,131588,-1066418,0.5
1900-01-25 02:13:30,7872.0,104497,7872.5,900465,7664,197039,-189375,-795968,0.5
1900-01-25 02:13:45,7869.0,1105666,7869.5,65547,23449,43983,-20534,1040119,0.5
1900-01-25 02:14:00,7869.0,1158399,7869.5,111051,63018,4130,58888,1047348,0.5
1900-01-25 02:14:15,7869.0,1869854,7869.5,1258,28627,1350,27277,1868596,0.5
1900-01-25 02:14:30,7869.0,1883813,7869.5,4022,8458,1728,6730,1879791,0.5
1900-01-25 02:14:45,7869.5,1749733,7870.0,9021,25866,16,25850,1740712,0.5
1900-01-25 02:15:00,7870.5,1434316,7871.0,55305,14440,1410,13030,1379011,0.5
1900-01-25 02:15:15,7871.5,1703891,7872.0,86030,29217,1178,28039,1617861,0.5
1900-01-25 02:15:30,7872.5,1374775,7873.0,58855,23931,700,23231,1315920,0.5
1900-01-25 02:15:45,7872.5,1258959,7873.0,94100,29836,700,29136,1164859,0.5
1900-01-25 02:16:00,7870.5,25853,7871.0,183734,3987,216927,-212940,-157881,0.5
1900-01-25 02:16:15,7868.0,27812,7868.5,818797,20055,115615,-95560,-790985,0.5
1900-01-25 02:16:30,7867.0,1052986,7867.5,415976,101243,4902,96341,637010,0.5
1900-01-25 02:16:45,7867.0,966083,7867.5,206572,136018,19955,116063,759511,0.5
1900-01-25 02:17:00,7867.0,956301,7867.5,422659,57136,24824,32312,533642,0.5
1900-01-25 02:17:15,7867.0,979179,7867.5,642390,3222,22543,-19321,336789,0.5
1900-01-25 02:17:30,7867.0,294815,7867.5,952731,9104,2060,7044,-657916,0.5
1900-01-25 02:17:45,7866.5,50386,7867.0,919688,3102,103273,-100171,-869302,0.5
1900-01-25 02:18:00,7864.0,8673,7864.5,1274871,6402,109336,-102934,-1266198,0.5
1900-01-25 02:18:15,7863.0,826378,7863.5,660433,1493,16597,-15104,165945,0.5
1900-01-25 02:18:30,7863.0,395517,7863.5,619104,2176,67107,-64931,-223587,0.5
1900-01-25 02:18:45,7861.0,93572,7861.5,1018787,2176,165707,-163531,-925215,0.5
1900-01-25 02:19:00,7859.5,837244,7860.0,470234,2715,34327,-31612,367010,0.5
1900-01-25 02:19:15,7859.5,829696,7860.0,680521,20098,15942,4156,149175,0.5
1900-01-25 02:19:30,7859.5,471916,7860.0,777641,2731,163079,-160348,-305725,0.5
1900-01-25 02:19:45,7859.0,83670,7859.5,1214409,100,239507,-239407,-1130739,0.5
1900-01-25 02:20:00,7856.0,72070,7856.5,943276,19170,71478,-52308,-871206,0.5
1900-01-25 02:20:15,7853.0,514754,7853.5,167995,71899,57139,14760,346759,0.5
1900-01-25 02:20:30,7855.0,244384,7855.5,705907,135954,1389,134565,-461523,0.5
1900-01-25 02:20:45,7855.5,556672,7856.0,512436,64073,7625,56448,44236,0.5
1900-01-25 02:21:00,7855.5,620029,7856.0,417136,13911,25590,-11679,202893,0.5
1900-01-25 02:21:15,7855.5,413948,7856.0,429746,97372,68249,29123,-15798,0.5
1900-01-25 02:21:30,7855.5,385219,7856.0,655144,1077,52940,-51863,-269925,0.5
1900-01-25 02:21:45,7855.5,689294,7856.0,77841,3929,69626,-65697,611453,0.5
1900-01-25 02:22:00,7855.5,529398,7856.0,82187,21321,69626,-48305,447211,0.5
1900-01-25 02:22:15,7856.0,631221,7856.5,141590,28325,1000,27325,489631,0.5
1900-01-25 02:22:30,7856.0,624233,7856.5,222360,80241,13949,66292,401873,0.5
1900-01-25 02:22:45,7856.0,467414,7856.5,1349371,9165,14062,-4897,-881957,0.5
1900-01-25 02:23:00,7855.5,231983,7856.0,900544,2015,9336,-7321,-668561,0.5
1900-01-25 02:23:15,7854.5,25052,7855.0,1271200,3519,90221,-86702,-1246148,0.5
1900-01-25 02:23:30,7853.0,310285,7853.5,873441,465,48662,-48197,-563156,0.5
1900-01-25 02:23:45,7853.0,562237,7853.5,631698,69633,20295,49338,-69461,0.5
1900-01-25 02:24:00,7853.0,110671,7853.5,1383969,130,98965,-98835,-1273298,0.5
1900-01-25 02:24:15,7852.0,543108,7852.5,338947,1059,63083,-62024,204161,0.5
1900-01-25 02:24:30,7848.5,40107,7849.0,621477,26290,195433,-169143,-581370,0.5
1900-01-25 02:24:45,7851.5,565415,7852.0,6562,174033,110971,63062,558853,0.5
1900-01-25 02:25:00,7851.5,344932,7852.0,1213725,13271,3291,9980,-868793,0.5
1900-01-25 02:25:15,7851.5,42156,7852.0,2179705,4417,40688,-36271,-2137549,0.5
1900-01-25 02:25:30,7848.0,131162,7848.5,603769,100296,152598,-52302,-472607,0.5
1900-01-25 02:25:45,7845.0,118977,7845.5,88097,35354,190059,-154705,30880,0.5
1900-01-25 02:26:00,7848.5,380919,7849.0,251041,16184,97689,-81505,129878,0.5
1900-01-25 02:26:15,7848.5,404285,7849.0,2778,155670,2481,153189,401507,0.5
1900-01-25 02:26:30,7849.0,574640,7849.5,171770,18722,4250,14472,402870,0.5
1900-01-25 02:26:45,7854.5,492607,7855.0,34901,403715,2150,401565,457706,0.5
1900-01-25 02:27:00,7854.5,48956,7855.0,1163790,26719,150993,-124274,-1114834,0.5
1900-01-25 02:27:15,7856.5,431131,7857.0,6004,37305,31285,6020,425127,0.5
1900-01-25 02:27:30,7858.0,398721,7858.5,45593,20740,14000,6740,353128,0.5
1900-01-25 02:27:45,7858.0,404471,7858.5,356460,24098,4609,19489,48011,0.5
1900-01-25 02:28:00,7858.0,472465,7858.5,5304,388592,840,387752,467161,0.5
1900-01-25 02:28:15,7861.0,436299,7861.5,103,49063,60,49003,436196,0.5
1900-01-25 02:28:30,7861.5,382234,7862.0,85837,414822,688,414134,296397,0.5
1900-01-25 02:28:45,7862.0,901708,7862.5,11728,21210,688,20522,889980,0.5
1900-01-25 02:29:00,7862.0,528313,7862.5,141934,51946,72547,-20601,386379,0.5
1900-01-25 02:29:15,7862.0,345059,7862.5,866199,15172,2560,12612,-521140,0.5
1900-01-25 02:29:30,7862.0,258385,7862.5,992827,12281,68950,-56669,-734442,0.5
1900-01-25 02:29:45,7862.0,370706,7862.5,901685,24231,21986,2245,-530979,0.5
1900-01-25 02:30:00,7862.0,1438881,7862.5,663281,1193,2860,-1667,775600,0.5
1900-01-25 02:30:15,7863.0,664883,7863.5,446456,179529,3834,175695,218427,0.5
1900-01-25 02:30:30,7863.0,723239,7863.5,383327,90142,1,90141,339912,0.5
1900-01-25 02:30:45,7863.0,778979,7863.5,305544,75013,60,74953,473435,0.5
1900-01-25 02:31:00,7863.0,683782,7863.5,370052,49549,60,49489,313730,0.5
1900-01-25 02:31:15,7866.5,474946,7867.0,66450,245152,15531,229621,408496,0.5
1900-01-25 02:31:30,7867.5,45283,7868.0,1337304,14242,9009,5233,-1292021,0.5
1900-01-25 02:31:45,7863.0,3623809,7863.5,49597,850,110854,-110004,3574212,0.5
1900-01-25 02:32:00,7863.0,3367092,7863.5,895794,4565,26715,-22150,2471298,0.5
1900-01-25 02:32:15,7863.0,3563305,7863.5,405868,153055,7543,145512,3157437,0.5
1900-01-25 02:32:30,7863.0,3640417,7863.5,375572,22765,400,22365,3264845,0.5
1900-01-25 02:32:45,7863.0,3630692,7863.5,363425,50737,5,50732,3267267,0.5
1900-01-25 02:33:00,7863.0,3726920,7863.5,77465,259215,25,259190,3649455,0.5
1900-01-25 02:33:15,7863.0,58,7863.5,1187427,3655,11744,-8089,-1187369,0.5
1900-01-25 02:33:30,7860.5,17084,7861.0,1180806,1,81115,-81114,-1163722,0.5
1900-01-25 02:33:45,7857.0,267626,7857.5,355999,756,30207,-29451,-88373,0.5
1900-01-25 02:34:00,7857.0,1825483,7857.5,166939,1957,55222,-53265,1658544,0.5
1900-01-25 02:34:15,7857.0,253376,7857.5,516352,73299,97476,-24177,-262976,0.5
1900-01-25 02:34:30,7849.5,137061,7850.0,1242276,20622,77538,-56916,-1105215,0.5
1900-01-25 02:34:45,7849.5,3143814,7850.0,916153,52571,51571,1000,2227661,0.5
1900-01-25 02:35:00,7849.5,3476051,7850.0,854550,80194,279800,-199606,2621501,0.5
1900-01-25 02:35:15,7849.5,3459568,7850.0,905755,21100,36350,-15250,2553813,0.5
1900-01-25 02:35:30,7849.5,3324121,7850.0,932549,87,38725,-38638,2391572,0.5
1900-01-25 02:35:45,7854.5,248693,7855.0,575579,707819,2950,704869,-326886,0.5
1900-01-25 02:36:00,7854.0,690,7854.5,1568690,6632,12596,-5964,-1568000,0.5
1900-01-25 02:36:15,7846.5,122799,7847.0,389371,60,202388,-202328,-266572,0.5
1900-01-25 02:36:30,7846.5,390603,7847.0,208937,2025,79193,-77168,181666,0.5
1900-01-25 02:36:45,7846.5,414947,7847.0,345375,3336,86068,-82732,69572,0.5
1900-01-25 02:37:00,7842.5,79264,7843.0,1041062,2048,111823,-109775,-961798,0.5
1900-01-25 02:37:15,7840.5,224419,7841.0,357581,25110,319501,-294391,-133162,0.5
1900-01-25 02:37:30,7840.5,732362,7841.0,671731,25160,45492,-20332,60631,0.5
1900-01-25 02:37:45,7840.5,359376,7841.0,1187173,84302,120141,-35839,-827797,0.5
1900-01-25 02:38:00,7840.0,857602,7840.5,1485389,34623,436855,-402232,-627787,0.5
1900-01-25 02:38:15,7838.0,73579,7838.5,555563,37260,464307,-427047,-481984,0.5
1900-01-25 02:38:30,7840.5,393303,7841.0,91475,192880,92550,100330,301828,0.5
1900-01-25 02:38:45,7838.5,61460,7839.0,634218,112423,98121,14302,-572758,0.5
1900-01-25 02:39:00,7841.0,186012,7841.5,914251,62105,29403,32702,-728239,0.5
1900-01-25 02:39:15,7841.5,502494,7842.0,4664,15962,104530,-88568,497830,0.5
1900-01-25 02:39:30,7841.5,362467,7842.0,701868,4479,550,3929,-339401,0.5
1900-01-25 02:39:45,7841.5,226405,7842.0,1405427,2685,66268,-63583,-1179022,0.5
1900-01-25 02:40:00,7840.5,16562,7841.0,316186,11048,180297,-169249,-299624,0.5
1900-01-25 02:40:15,7839.0,34443,7839.5,877263,42080,37615,4465,-842820,0.5
1900-01-25 02:40:30,7841.5,439695,7842.0,56352,70773,13810,56963,383343,0.5
1900-01-25 02:40:45,7841.5,594917,7842.0,33556,29712,1700,28012,561361,0.5
1900-01-25 02:41:00,7843.5,59745,7844.0,1191914,50270,5272,44998,-1132169,0.5
1900-01-25 02:41:15,7843.5,861221,7845.5,878,36194,11669,24525,860343,2.0
1900-01-25 02:41:30,7849.5,86607,7850.0,1368183,337761,6105,331656,-1281576,0.5
1900-01-25 02:41:45,7847.5,32131,7848.0,1400398,7204,40268,-33064,-1368267,0.5
1900-01-25 02:42:00,7847.5,29104,7848.0,1795609,7753,134289,-126536,-1766505,0.5
1900-01-25 02:42:15,7847.0,212129,7847.5,765796,6582,36039,-29457,-553667,0.5
1900-01-25 02:42:30,7847.0,424464,7847.5,1121170,1029,6230,-5201,-696706,0.5
1900-01-25 02:42:45,7847.0,195097,7847.5,1225653,2750,118777,-116027,-1030556,0.5
1900-01-25 02:43:00,7847.0,416873,7847.5,801237,13765,17272,-3507,-384364,0.5
1900-01-25 02:43:15,7848.0,203034,7848.5,1022008,130202,1100,129102,-818974,0.5
1900-01-25 02:43:30,7848.0,534814,7848.5,1018249,2740,5510,-2770,-483435,0.5
1900-01-25 02:43:45,7848.0,162173,7848.5,1182576,172382,13398,158984,-1020403,0.5
1900-01-25 02:44:00,7848.0,129796,7848.5,1214080,22217,9948,12269,-1084284,0.5
1900-01-25 02:44:15,7848.0,557,7848.5,1249445,11666,50076,-38410,-1248888,0.5
1900-01-25 02:44:30,7847.0,27519,7847.5,1305018,7326,30031,-22705,-1277499,0.5
1900-01-25 02:44:45,7846.5,22441,7847.0,1037579,1,17292,-17291,-1015138,0.5
1900-01-25 02:45:00,7846.5,400924,7847.0,769426,104,26747,-26643,-368502,0.5
1900-01-25 02:45:15,7846.5,104470,7847.0,1207721,120,8059,-7939,-1103251,0.5
1900-01-25 02:45:30,7846.5,511188,7847.0,526107,20058,3354,16704,-14919,0.5
1900-01-25 02:45:45,7845.5,11309,7846.0,1240257,44245,1251,42994,-1228948,0.5
1900-01-25 02:46:00,7839.0,60794,7839.5,875917,5000,81143,-76143,-815123,0.5
1900-01-25 02:46:15,7837.5,545801,7838.0,186349,33669,28539,5130,359452,0.5
1900-01-25 02:46:30,7844.5,51493,7845.0,1358881,237292,8559,228733,-1307388,0.5
1900-01-25 02:46:45,7840.5,10701,7841.0,1348740,86590,110568,-23978,-1338039,0.5
1900-01-25 02:47:00,7837.0,506811,7837.5,972841,146626,44938,101688,-466030,0.5
1900-01-25 02:47:15,7839.5,539906,7840.0,31472,96412,4870,91542,508434,0.5
1900-01-25 02:47:30,7839.5,692512,7840.0,2344,37346,500,36846,690168,0.5
1900-01-25 02:47:45,7842.5,384960,7843.0,713634,41675,120,41555,-328674,0.5
1900-01-25 02:48:00,7839.5,493403,7840.0,861036,2152,83197,-81045,-367633,0.5
1900-01-25 02:48:15,7839.5,450890,7840.0,726222,20930,11052,9878,-275332,0.5
1900-01-25 02:48:30,7839.5,11554,7840.0,979420,20207,23373,-3166,-967866,0.5
1900-01-25 02:48:45,7839.0,49082,7839.5,986600,100,27767,-27667,-937518,0.5
1900-01-25 02:49:00,7839.0,432355,7839.5,937952,1381,21884,-20503,-505597,0.5
1900-01-25 02:49:15,7837.5,22493,7838.0,1344536,3751,19937,-16186,-1322043,0.5
1900-01-25 02:49:30,7834.0,198235,7834.5,979050,2270,132691,-130421,-780815,0.5
1900-01-25 02:49:45,7834.0,175844,7834.5,1030593,2000,63115,-61115,-854749,0.5
1900-01-25 02:50:00,7834.0,328201,7834.5,410059,14702,21604,-6902,-81858,0.5
1900-01-25 02:50:15,7841.5,1160114,7842.0,49793,444343,15747,428596,1110321,0.5
1900-01-25 02:50:30,7841.5,884941,7842.0,88672,57228,24370,32858,796269,0.5
1900-01-25 02:50:45,7852.5,338257,7853.0,785312,328660,3500,325160,-447055,0.5
1900-01-25 02:51:00,7852.0,542,7852.5,942984,291491,5828,285663,-942442,0.5
1900-01-25 02:51:15,7849.0,784156,7849.5,14834,80813,149572,-68759,769322,0.5
1900-01-25 02:51:30,7851.0,993108,7851.5,364290,118579,1850,116729,628818,0.5
1900-01-25 02:51:45,7851.0,1101268,7851.5,549898,71347,3429,67918,551370,0.5
1900-01-25 02:52:00,7851.0,1173455,7851.5,487486,70164,10170,59994,685969,0.5
1900-01-25 02:52:15,7851.0,1493659,7851.5,105153,48643,38013,10630,1388506,0.5
1900-01-25 02:52:30,7851.0,1677513,7851.5,80461,168368,7700,160668,1597052,0.5
1900-01-25 02:52:45,7851.0,778782,7851.5,867741,20743,3218,17525,-88959,0.5
1900-01-25 02:53:00,7851.0,570687,7851.5,1030433,17490,54,17436,-459746,0.5
1900-01-25 02:53:15,7851.0,762630,7851.5,986292,2460,100,2360,-223662,0.5
1900-01-25 02:53:30,7851.0,831273,7851.5,680580,34565,10865,23700,150693,0.5
1900-01-25 02:53:45,7851.0,1629684,7851.5,346527,49377,558,48819,1283157,0.5
1900-01-25 02:54:00,7851.0,1090643,7851.5,240531,64050,12900,51150,850112,0.5
1900-01-25 02:54:15,7856.5,920648,7857.0,138677,204122,31052,173070,781971,0.5
1900-01-25 02:54:30,7859.5,68766,7860.0,882985,106190,2808,103382,-814219,0.5
1900-01-25 02:54:45,7856.5,42570,7857.0,991422,54045,44403,9642,-948852,0.5
1900-01-25 02:55:00,7855.0,353428,7855.5,648064,9586,53287,-43701,-294636,0.5
1900-01-25 02:55:15,7855.0,264741,7855.5,756960,9586,10009,-423,-492219,0.5
1900-01-25 02:55:30,7855.0,1106873,7855.5,118889,47890,6295,41595,987984,0.5
1900-01-25 02:55:45,7855.5,1425950,7856.0,893,43380,282,43098,1425057,0.5
1900-01-25 02:56:00,7859.5,577322,7860.0,919496,168751,30679,138072,-342174,0.5
1900-01-25 02:56:15,7859.5,905185,7860.0,445128,77473,73612,3861,460057,0.5
1900-01-25 02:56:30,7859.5,920371,7860.0,459801,66450,50000,16450,460570,0.5
1900-01-25 02:56:45,7859.5,671641,7860.0,864626,11877,600,11277,-192985,0.5
1900-01-25 02:57:00,7859.5,210485,7860.0,1439067,18544,241359,-222815,-1228582,0.5
1900-01-25 02:57:15,7859.5,121612,7860.0,1590487,6996,87670,-80674,-1468875,0.5
1900-01-25 02:57:30,7858.0,1732104,7858.5,6530,5160,45454,-40294,1725574,0.5
1900-01-25 02:57:45,7861.0,1262124,7861.5,48427,122913,200,122713,1213697,0.5
1900-01-25 02:58:00,7861.0,311606,7861.5,677363,28716,14567,14149,-365757,0.5
1900-01-25 02:58:15,7861.0,77363,7861.5,1108879,7890,27806,-19916,-1031516,0.5
1900-01-25 02:58:30,7861.0,951477,7861.5,99471,65031,962,64069,852006,0.5
1900-01-25 02:58:45,7862.0,1175390,7862.5,11979,36382,3125,33257,1163411,0.5
1900-01-25 02:59:00,7863.5,1281355,7864.0,48846,41859,3001,38858,1232509,0.5
1900-01-25 02:59:15,7864.5,510454,7865.0,637838,154409,21044,133365,-127384,0.5
1900-01-25 02:59:30,7864.5,856544,7865.0,781213,9737,6601,3136,75331,0.5
1900-01-25 02:59:45,7864.5,585650,7865.0,675255,29127,20,29107,-89605,0.5
1900-01-25 03:00:00,7864.5,693793,7865.0,811251,17064,14240,2824,-117458,0.5
1900-01-25 03:00:15,7864.5,502234,7865.0,775204,70512,14919,55593,-272970,0.5
1900-01-25 03:00:30,7864.5,362320,7865.0,747215,40010,36858,3152,-384895,0.5
1900-01-25 03:00:45,7864.5,298429,7865.0,997837,1860,55970,-54110,-699408,0.5
1900-01-25 03:01:00,7864.5,354932,7865.0,1080630,5840,17353,-11513,-725698,0.5
1900-01-25 03:01:15,7864.5,234941,7865.0,1314238,1400,44395,-42995,-1079297,0.5
1900-01-25 03:01:30,7864.5,245417,7865.0,1366699,12020,41949,-29929,-1121282,0.5
1900-01-25 03:01:45,7863.5,137631,7864.0,1377387,126,104181,-104055,-1239756,0.5
1900-01-25 03:02:00,7855.0,556793,7855.5,425886,100,164059,-163959,130907,0.5
1900-01-25 03:02:15,7853.0,277767,7853.5,353642,14956,40939,-25983,-75875,0.5
1900-01-25 03:02:30,7852.5,10891,7853.0,932956,25843,23607,2236,-922065,0.5
1900-01-25 03:02:45,7849.5,150489,7850.0,865196,1094,52031,-50937,-714707,0.5
1900-01-25 03:03:00,7849.5,923909,7850.0,557873,16620,15923,697,366036,0.5
1900-01-25 03:03:15,7849.5,866788,7850.0,765881,9901,27194,-17293,100907,0.5
1900-01-25 03:03:30,7849.0,14211,7849.5,1604924,8110,217556,-209446,-1590713,0.5
1900-01-25 03:03:45,7848.0,16241,7848.5,1752055,1500,23161,-21661,-1735814,0.5
1900-01-25 03:04:00,7846.0,23656,7846.5,1729588,1500,19395,-17895,-1705932,0.5
1900-01-25 03:04:15,7844.0,87823,7844.5,1607758,1101,170575,-169474,-1519935,0.5
1900-01-25 03:04:30,7844.0,380962,7844.5,986606,500,107476,-106976,-605644,0.5
1900-01-25 03:04:45,7847.5,525137,7848.0,331510,94439,201932,-107493,193627,0.5
1900-01-25 03:05:00,7847.5,755424,7848.0,75473,80622,6649,73973,679951,0.5
1900-01-25 03:05:15,7849.0,640961,7849.5,122508,43954,6840,37114,518453,0.5
1900-01-25 03:05:30,7849.0,114219,7849.5,1432613,22453,12548,9905,-1318394,0.5
1900-01-25 03:05:45,7847.5,48738,7848.0,1561835,3500,15905,-12405,-1513097,0.5
1900-01-25 03:06:00,7847.0,60084,7847.5,1591377,2412,63959,-61547,-1531293,0.5
1900-01-25 03:06:15,7847.0,37423,7847.5,1675771,4050,32075,-28025,-1638348,0.5
1900-01-25 03:06:30,7847.0,30308,7847.5,1933763,205,7250,-7045,-1903455,0.5
1900-01-25 03:06:45,7843.0,117897,7843.5,1264001,601,36730,-36129,-1146104,0.5
1900-01-25 03:07:00,7843.0,306789,7843.5,1104324,2845,47909,-45064,-797535,0.5
1900-01-25 03:07:15,7843.0,162248,7843.5,1242864,12001,6694,5307,-1080616,0.5
1900-01-25 03:07:30,7843.0,636583,7843.5,723217,1073,13506,-12433,-86634,0.5
1900-01-25 03:07:45,7843.0,129079,7843.5,904839,20,25730,-25710,-775760,0.5
1900-01-25 03:08:00,7843.0,115252,7843.5,1436766,5,30508,-30503,-1321514,0.5
1900-01-25 03:08:15,7843.0,40647,7843.5,1917277,1005,67112,-66107,-1876630,0.5
1900-01-25 03:08:30,7843.0,601723,7843.5,887790,10565,17748,-7183,-286067,0.5
1900-01-25 03:08:45,7843.0,527669,7843.5,1072958,16445,39803,-23358,-545289,0.5
1900-01-25 03:09:00,7841.5,523651,7842.0,460778,2426,27396,-24970,62873,0.5
1900-01-25 03:09:15,7841.5,59303,7842.0,1432962,11859,25317,-13458,-1373659,0.5
1900-01-25 03:09:30,7836.5,377890,7837.0,815213,70,86058,-85988,-437323,0.5
1900-01-25 03:09:45,7836.0,101104,7836.5,798031,8500,33779,-25279,-696927,0.5
1900-01-25 03:10:00,7836.0,29388,7836.5,1411103,11075,60285,-49210,-1381715,0.5
1900-01-25 03:10:15,7836.0,613999,7836.5,446646,20257,41904,-21647,167353,0.5
1900-01-25 03:10:30,7835.0,62321,7835.5,1492294,3417,194237,-190820,-1429973,0.5
1900-01-25 03:10:45,7835.5,574704,7836.0,140290,465596,194548,271048,434414,0.5
1900-01-25 03:11:00,7835.0,46915,7835.5,839052,42998,20204,22794,-792137,0.5
1900-01-25 03:11:15,7835.0,541396,7835.5,188583,129769,36352,93417,352813,0.5
1900-01-25 03:11:30,7835.0,636982,7835.5,101485,45548,2732,42816,535497,0.5
1900-01-25 03:11:45,7846.0,527045,7846.5,333777,171190,16201,154989,193268,0.5
1900-01-25 03:12:00,7846.0,288954,7846.5,994723,11330,14001,-2671,-705769,0.5
1900-01-25 03:12:15,7843.0,537935,7843.5,435597,16352,15807,545,102338,0.5
1900-01-25 03:12:30,7843.0,54106,7843.5,999888,50,18038,-17988,-945782,0.5
1900-01-25 03:12:45,7840.5,173351,7841.0,687987,21200,25994,-4794,-514636,0.5
1900-01-25 03:13:00,7840.5,585440,7841.0,527091,1000,10680,-9680,58349,0.5
1900-01-25 03:13:15,7840.5,547390,7841.0,595994,14840,1573,13267,-48604,0.5
1900-01-25 03:13:30,7840.5,526243,7841.0,653276,40100,8595,31505,-127033,0.5
1900-01-25 03:13:45,7839.5,4830,7840.0,1522807,450,1333,-883,-1517977,0.5
1900-01-25 03:14:00,7836.5,510826,7837.0,468987,601,15648,-15047,41839,0.5
1900-01-25 03:14:15,7836.5,184007,7837.0,1212744,3444,215427,-211983,-1028737,0.5
1900-01-25 03:14:30,7836.5,289581,7837.0,984119,18017,16061,1956,-694538,0.5
1900-01-25 03:14:45,7835.0,7237,7835.5,1342237,15409,80909,-65500,-1335000,0.5
1900-01-25 03:15:00,7833.5,669688,7834.0,10791,69161,21677,47484,658897,0.5
1900-01-25 03:15:15,7836.5,369559,7837.0,153085,124115,5930,118185,216474,0.5
1900-01-25 03:15:30,7839.5,397878,7840.0,58897,126518,37768,88750,338981,0.5
1900-01-25 03:15:45,7843.0,419129,7843.5,586425,51966,2632,49334,-167296,0.5
1900-01-25 03:16:00,7843.0,413234,7843.5,88227,16879,1340,15539,325007,0.5
1900-01-25 03:16:15,7843.0,479134,7843.5,406738,80563,150,80413,72396,0.5
1900-01-25 03:16:30,7845.0,562299,7845.5,48584,35972,18015,17957,513715,0.5
1900-01-25 03:16:45,7846.0,1193010,7846.5,87347,23503,45540,-22037,1105663,0.5
1900-01-25 03:17:00,7846.0,1256649,7846.5,73235,34147,13840,20307,1183414,0.5
1900-01-25 03:17:15,7848.5,864860,7849.0,153505,95283,2802,92481,711355,0.5
1900-01-25 03:17:30,7848.5,416957,7849.0,748758,27524,10675,16849,-331801,0.5
1900-01-25 03:17:45,7848.5,684206,7849.0,409343,68550,10000,58550,274863,0.5
1900-01-25 03:18:00,7848.5,544813,7849.0,643066,44347,2500,41847,-98253,0.5
1900-01-25 03:18:15,7846.0,113332,7846.5,869787,83855,80556,3299,-756455,0.5
1900-01-25 03:18:30,7846.0,1223565,7846.5,228066,53115,3963,49152,995499,0.5
1900-01-25 03:18:45,7846.0,591832,7846.5,434029,1775,540,1235,157803,0.5
1900-01-25 03:19:00,7846.0,1114169,7846.5,218708,11716,7350,4366,895461,0.5
1900-01-25 03:19:15,7846.0,35368,7846.5,669983,14110,157046,-142936,-634615,0.5
1900-01-25 03:19:30,7846.0,119093,7846.5,632790,226,15147,-14921,-513697,0.5
1900-01-25 03:19:45,7846.0,884985,7846.5,108455,642,627,15,776530,0.5
1900-01-25 03:20:00,7846.0,890817,7846.5,130758,944,3304,-2360,760059,0.5
1900-01-25 03:20:15,7846.0,1326799,7846.5,52027,33128,3304,29824,1274772,0.5
1900-01-25 03:20:30,7850.5,931439,7851.0,191835,56860,1000,55860,739604,0.5
1900-01-25 03:20:45,7850.5,1262488,7851.0,75242,6742,40,6702,1187246,0.5
1900-01-25 03:21:00,7852.0,1271525,7852.5,42287,79918,6266,73652,1229238,0.5
1900-01-25 03:21:15,7852.5,1400027,7853.0,39924,53262,1177,52085,1360103,0.5
1900-01-25 03:21:30,7854.5,1497584,7855.0,46674,227876,3715,224161,1450910,0.5
1900-01-25 03:21:45,7857.5,112750,7858.0,728169,36750,58000,-21250,-615419,0.5
1900-01-25 03:22:00,7857.5,127216,7858.0,818461,4155,27100,-22945,-691245,0.5
1900-01-25 03:22:15,7857.5,173036,7858.0,924855,4118,37418,-33300,-751819,0.5
1900-01-25 03:22:30,7857.5,146319,7858.0,1060327,755,58515,-57760,-914008,0.5
1900-01-25 03:22:45,7857.5,49284,7858.0,1062566,119195,45420,73775,-1013282,0.5
1900-01-25 03:23:00,7857.5,1943,7858.0,932498,8340,132992,-124652,-930555,0.5
1900-01-25 03:23:15,7856.5,10886,7857.0,1014562,8340,1125,7215,-1003676,0.5
1900-01-25 03:23:30,7855.0,2820,7855.5,779959,393,66686,-66293,-777139,0.5
1900-01-25 03:23:45,7854.5,682820,7855.0,236163,393,8195,-7802,446657,0.5
1900-01-25 03:24:00,7856.5,755163,7857.0,12722,34886,53012,-18126,742441,0.5
1900-01-25 03:24:15,7859.5,273301,7860.0,759596,168313,50,168263,-486295,0.5
1900-01-25 03:24:30,7860.0,1274539,7860.5,186915,105533,160,105373,1087624,0.5
1900-01-25 03:24:45,7860.0,1301914,7860.5,188198,38356,51,38305,1113716,0.5
1900-01-25 03:25:00,7860.0,879009,7860.5,536194,3772,2390,1382,342815,0.5
1900-01-25 03:25:15,7860.0,731170,7860.5,568695,28460,15462,12998,162475,0.5
1900-01-25 03:25:30,7860.0,163901,7860.5,1017112,20199,17212,2987,-853211,0.5
1900-01-25 03:25:45,7859.5,62591,7860.0,1066611,2516,110006,-107490,-1004020,0.5
1900-01-25 03:26:00,7858.5,2728,7859.0,914090,33040,51926,-18886,-911362,0.5
1900-01-25 03:26:15,7857.0,11283,7857.5,897509,3383,12345,-8962,-886226,0.5
1900-01-25 03:26:30,7855.5,26630,7856.0,778313,1698,12613,-10915,-751683,0.5
1900-01-25 03:26:45,7855.5,332936,7856.0,829128,2945,3749,-804,-496192,0.5
1900-01-25 03:27:00,7855.5,87074,7856.0,1037615,524,36415,-35891,-950541,0.5
1900-01-25 03:27:15,7855.5,10439,7856.0,957843,5500,26519,-21019,-947404,0.5
1900-01-25 03:27:30,7855.0,85188,7855.5,794752,197,1409,-1212,-709564,0.5
1900-01-25 03:27:45,7852.0,41168,7852.5,842357,6300,19801,-13501,-801189,0.5
1900-01-25 03:28:00,7851.5,478529,7852.0,886610,2104,39913,-37809,-408081,0.5
1900-01-25 03:28:15,7851.5,929933,7852.0,330999,8810,12325,-3515,598934,0.5
1900-01-25 03:28:30,7851.5,859366,7852.0,543410,6097,1800,4297,315956,0.5
1900-01-25 03:28:45,7851.5,934484,7852.0,527589,6940,1,6939,406895,0.5
1900-01-25 03:29:00,7851.5,937093,7852.0,542255,4741,1951,2790,394838,0.5
1900-01-25 03:29:15,7850.5,24583,7851.0,994381,6800,48148,-41348,-969798,0.5
1900-01-25 03:29:30,7849.5,5623,7850.0,952711,30174,40497,-10323,-947088,0.5
1900-01-25 03:29:45,7848.0,460389,7848.5,803282,36600,30386,6214,-342893,0.5
1900-01-25 03:30:00,7848.0,565184,7848.5,807731,42501,3979,38522,-242547,0.5
1900-01-25 03:30:15,7848.0,402726,7848.5,676404,7440,165513,-158073,-273678,0.5
1900-01-25 03:30:30,7848.0,490164,7848.5,704542,13100,8711,4389,-214378,0.5
1900-01-25 03:30:45,7848.0,498501,7848.5,520730,2064,1541,523,-22229,0.5
1900-01-25 03:31:00,7848.0,805794,7848.5,550038,243,600,-357,255756,0.5
1900-01-25 03:31:15,7850.5,904584,7851.0,63224,134482,600,133882,841360,0.5
1900-01-25 03:31:30,7850.5,844293,7851.0,44607,41431,667,40764,799686,0.5
1900-01-25 03:31:45,7851.0,928740,7851.5,546589,6927,15040,-8113,382151,0.5
1900-01-25 03:32:00,7851.0,776202,7851.5,858848,7719,1,7718,-82646,0.5
1900-01-25 03:32:15,7851.0,746796,7851.5,815678,301,790,-489,-68882,0.5
1900-01-25 03:32:30,7851.0,876613,7851.5,533780,15000,6470,8530,342833,0.5
1900-01-25 03:32:45,7851.0,1144814,7851.5,84481,76081,10600,65481,1060333,0.5
1900-01-25 03:33:00,7852.5,1066822,7853.0,1435,122078,993,121085,1065387,0.5
1900-01-25 03:33:15,7855.5,934825,7856.0,57248,96410,929,95481,877577,0.5
1900-01-25 03:33:30,7855.5,1174117,7856.0,1277,6712,13098,-6386,1172840,0.5
1900-01-25 03:33:45,7857.0,1003991,7857.5,200474,115408,186,115222,803517,0.5
1900-01-25 03:34:00,7857.0,1267355,7857.5,278811,123806,399,123407,988544,0.5
1900-01-25 03:34:15,7857.0,1490837,7857.5,9422,17715,2,17713,1481415,0.5
1900-01-25 03:34:30,7860.0,759130,7860.5,52271,65151,2608,62543,706859,0.5
1900-01-25 03:34:45,7860.5,1453245,7861.0,59436,29447,11626,17821,1393809,0.5
1900-01-25 03:35:00,7860.5,447168,7861.0,771036,45572,19288,26284,-323868,0.5
1900-01-25 03:35:15,7861.0,1387937,7861.5,50425,17255,45559,-28304,1337512,0.5
1900-01-25 03:35:30,7861.5,1489293,7862.0,64823,37966,47530,-9564,1424470,0.5
1900-01-25 03:35:45,7864.0,868501,7864.5,43266,95971,1350,94621,825235,0.5
1900-01-25 03:36:00,7864.5,1000532,7865.0,156163,84366,44574,39792,844369,0.5
1900-01-25 03:36:15,7865.5,758155,7866.0,469612,89950,5800,84150,288543,0.5
1900-01-25 03:36:30,7865.5,1213121,7866.0,272102,203158,54145,149013,941019,0.5
1900-01-25 03:36:45,7866.0,1512169,7866.5,53101,90860,999,89861,1459068,0.5
1900-01-25 03:37:00,7866.5,863545,7867.0,78519,51931,40159,11772,785026,0.5
1900-01-25 03:37:15,7866.5,961104,7867.0,233020,2822,3465,-643,728084,0.5
1900-01-25 03:37:30,7866.5,425665,7867.0,659984,7898,37950,-30052,-234319,0.5
1900-01-25 03:37:45,7866.5,1227078,7867.0,693495,20382,10500,9882,533583,0.5
1900-01-25 03:38:00,7866.5,1290148,7867.0,760285,64328,14327,50001,529863,0.5
1900-01-25 03:38:15,7866.5,1193786,7867.0,823218,42519,500,42019,370568,0.5
1900-01-25 03:38:30,7866.5,1183390,7867.0,877906,44059,4290,39769,305484,0.5
1900-01-25 03:38:45,7866.5,1171834,7867.0,858007,25420,22501,2919,313827,0.5
1900-01-25 03:39:00,7866.5,1219354,7867.0,856038,65002,14617,50385,363316,0.5
1900-01-25 03:39:15,7866.5,1324158,7867.0,848539,7816,6000,1816,475619,0.5
1900-01-25 03:39:30,7866.5,1230075,7867.0,899557,24701,39350,-14649,330518,0.5
1900-01-25 03:39:45,7866.5,1646005,7867.0,534124,50386,30780,19606,1111881,0.5
1900-01-25 03:40:00,7866.5,1684549,7867.0,477545,16406,4300,12106,1207004,0.5
1900-01-25 03:40:15,7867.5,1384089,7868.0,5654,62733,22500,40233,1378435,0.5
1900-01-25 03:40:30,7868.5,1129309,7869.0,217303,213920,2152,211768,912006,0.5
1900-01-25 03:40:45,7866.5,131171,7867.0,953764,11510,162302,-150792,-822593,0.5
1900-01-25 03:41:00,7863.5,170694,7864.0,706171,1202,44819,-43617,-535477,0.5
1900-01-25 03:41:15,7862.5,22362,7863.0,687822,15016,40180,-25164,-665460,0.5
1900-01-25 03:41:30,7861.5,1109983,7862.0,69058,96344,37490,58854,1040925,0.5
1900-01-25 03:41:45,7863.0,766447,7863.5,1020,16146,10478,5668,765427,0.5
1900-01-25 03:42:00,7863.0,405090,7863.5,940957,6100,4369,1731,-535867,0.5
1900-01-25 03:42:15,7863.0,460715,7863.5,954327,21345,5003,16342,-493612,0.5
1900-01-25 03:42:30,7863.0,8550,7863.5,1086841,50,29696,-29646,-1078291,0.5
1900-01-25 03:42:45,7862.5,854837,7863.0,881707,507,140543,-140036,-26870,0.5
1900-01-25 03:43:00,7862.5,465105,7863.0,829073,264,91241,-90977,-363968,0.5
1900-01-25 03:43:15,7862.5,1660951,7863.0,62004,23615,64500,-40885,1598947,0.5
1900-01-25 03:43:30,7863.0,1525052,7863.5,455552,73694,1450,72244,1069500,0.5
1900-01-25 03:43:45,7863.0,1482840,7863.5,329663,37501,54935,-17434,1153177,0.5
1900-01-25 03:44:00,7863.0,1633991,7863.5,415033,80870,1,80869,1218958,0.5
1900-01-25 03:44:15,7866.5,1011788,7867.0,17513,167878,2484,165394,994275,0.5
1900-01-25 03:44:30,7866.5,273706,7867.0,581805,67817,3992,63825,-308099,0.5
1900-01-25 03:44:45,7866.5,723491,7867.0,109639,24711,78829,-54118,613852,0.5
1900-01-25 03:45:00,7867.5,1113976,7868.0,442508,133657,11200,122457,671468,0.5
1900-01-25 03:45:15,7868.5,655060,7869.0,118454,301348,32501,268847,536606,0.5
1900-01-25 03:45:30,7870.0,561895,7870.5,173962,116956,5378,111578,387933,0.5
1900-01-25 03:45:45,7870.5,1566158,7871.0,45721,61838,18438,43400,1520437,0.5
1900-01-25 03:46:00,7870.5,1121485,7871.0,49840,27250,290,26960,1071645,0.5
1900-01-25 03:46:15,7874.5,1290456,7875.0,131002,219565,13146,206419,1159454,0.5
1900-01-25 03:46:30,7877.5,315479,7878.0,544724,112531,15614,96917,-229245,0.5
1900-01-25 03:46:45,7879.0,794359,7879.5,74951,306988,17998,288990,719408,0.5
1900-01-25 03:47:00,7879.0,1161646,7879.5,108066,52025,37478,14547,1053580,0.5
1900-01-25 03:47:15,7879.0,1025490,7879.5,151996,68202,37291,30911,873494,0.5
1900-01-25 03:47:30,7879.0,204431,7879.5,579648,15914,52546,-36632,-375217,0.5
1900-01-25 03:47:45,7879.0,692102,7879.5,191106,48616,77673,-29057,500996,0.5
1900-01-25 03:48:00,7879.0,617072,7879.5,201872,34136,39702,-5566,415200,0.5
1900-01-25 03:48:15,7879.0,1598875,7879.5,183218,3956,5200,-1244,1415657,0.5
1900-01-25 03:48:30,7879.5,1286820,7880.0,174970,51439,5385,46054,1111850,0.5
1900-01-25 03:48:45,7887.0,86552,7887.5,262592,131386,22035,109351,-176040,0.5
1900-01-25 03:49:00,7887.0,397831,7887.5,186985,252614,19992,232622,210846,0.5
1900-01-25 03:49:15,7886.5,4269,7887.0,375201,69522,70881,-1359,-370932,0.5
1900-01-25 03:49:30,7882.0,155,7882.5,274243,10542,394156,-383614,-274088,0.5
1900-01-25 03:49:45,7882.0,273916,7882.5,399515,1950,80950,-79000,-125599,0.5
1900-01-25 03:50:00,7884.0,791680,7884.5,254262,140183,67866,72317,537418,0.5
1900-01-25 03:50:15,7885.5,978136,7886.0,28130,84811,62569,22242,950006,0.5
1900-01-25 03:50:30,7887.0,197357,7887.5,540106,300294,17453,282841,-342749,0.5
1900-01-25 03:50:45,7887.0,742705,7887.5,492142,71734,28715,43019,250563,0.5
1900-01-25 03:51:00,7887.0,356057,7887.5,715467,7950,458219,-450269,-359410,0.5
1900-01-25 03:51:15,7887.0,245074,7887.5,844752,2298,121567,-119269,-599678,0.5
1900-01-25 03:51:30,7885.5,581901,7886.0,945002,10622,133547,-122925,-363101,0.5
1900-01-25 03:51:45,7885.0,1754,7885.5,1117976,5006,186535,-181529,-1116222,0.5
1900-01-25 03:52:00,7884.0,329778,7884.5,1016516,9212,50595,-41383,-686738,0.5
1900-01-25 03:52:15,7882.5,279725,7883.0,1220588,4100,381207,-377107,-940863,0.5
1900-01-25 03:52:30,7881.0,478214,7881.5,522273,4452,286417,-281965,-44059,0.5
1900-01-25 03:52:45,7881.0,497862,7881.5,414650,10700,44630,-33930,83212,0.5
1900-01-25 03:53:00,7880.5,45299,7881.0,820364,11228,73563,-62335,-775065,0.5
1900-01-25 03:53:15,7876.5,611981,7877.0,62661,47717,32336,15381,549320,0.5
1900-01-25 03:53:30,7879.0,286537,7879.5,442431,43698,9561,34137,-155894,0.5
1900-01-25 03:53:45,7879.0,182939,7879.5,552880,2768,73114,-70346,-369941,0.5
1900-01-25 03:54:00,7878.0,50722,7878.5,512207,20000,88495,-68495,-461485,0.5
1900-01-25 03:54:15,7877.5,325714,7878.0,840995,731,49775,-49044,-515281,0.5
1900-01-25 03:54:30,7877.5,317612,7878.0,896119,20212,26253,-6041,-578507,0.5
1900-01-25 03:54:45,7877.5,303395,7878.0,951357,5002,8677,-3675,-647962,0.5
1900-01-25 03:55:00,7877.5,27934,7878.0,1145274,602,277735,-277133,-1117340,0.5
1900-01-25 03:55:15,7875.5,233266,7876.0,757103,100,56757,-56657,-523837,0.5
1900-01-25 03:55:30,7874.5,161830,7875.0,1293270,100,389002,-388902,-1131440,0.5
1900-01-25 03:55:45,7874.5,44297,7875.0,1562234,20023,125193,-105170,-1517937,0.5
1900-01-25 03:56:00,7871.5,792985,7872.0,968365,385,322696,-322311,-175380,0.5
1900-01-25 03:56:15,7871.5,3937,7872.0,1306952,44599,151679,-107080,-1303015,0.5
1900-01-25 03:56:30,7870.0,126441,7870.5,871676,12301,180244,-167943,-745235,0.5
1900-01-25 03:56:45,7869.0,610749,7869.5,650053,12205,85812,-73607,-39304,0.5
1900-01-25 03:57:00,7872.5,642819,7873.0,46536,32060,42955,-10895,596283,0.5
1900-01-25 03:57:15,7877.0,9692,7877.5,889757,57376,15807,41569,-880065,0.5
1900-01-25 03:57:30,7874.5,247900,7875.0,605110,1400,66608,-65208,-357210,0.5
1900-01-25 03:57:45,7874.5,38397,7875.0,584814,28630,56555,-27925,-546417,0.5
1900-01-25 03:58:00,7874.5,60417,7875.0,806821,23300,34036,-10736,-746404,0.5
1900-01-25 03:58:15,7874.5,46022,7875.0,780501,2313,73626,-71313,-734479,0.5
1900-01-25 03:58:30,7874.5,37703,7875.0,894364,900,20106,-19206,-856661,0.5
1900-01-25 03:58:45,7876.0,812821,7876.5,22553,97871,72819,25052,790268,0.5
1900-01-25 03:59:00,7877.0,750161,7877.5,94307,27913,5051,22862,655854,0.5
1900-01-25 03:59:15,7881.0,706175,7881.5,67837,55635,24172,31463,638338,0.5
1900-01-25 03:59:30,7881.0,335019,7881.5,300492,38994,60955,-21961,34527,0.5
1900-01-25 03:59:45,7881.0,181037,7881.5,571032,7203,173915,-166712,-389995,0.5
1900-01-25 04:00:00,7881.0,231333,7881.5,529892,20979,28895,-7916,-298559,0.5
1900-01-25 04:00:15,7881.0,389517,7881.5,302510,23447,12313,11134,87007,0.5
1900-01-25 04:00:30,7881.0,733044,7881.5,47566,62123,16592,45531,685478,0.5
1900-01-25 04:00:45,7884.5,326921,7885.0,481797,193565,27266,166299,-154876,0.5
1900-01-25 04:01:00,7884.5,388722,7885.0,727133,209691,2041,207650,-338411,0.5
1900-01-25 04:01:15,7884.5,303591,7885.0,493097,331146,37793,293353,-189506,0.5
1900-01-25 04:01:30,7884.5,623695,7885.0,73544,105899,32668,73231,550151,0.5
1900-01-25 04:01:45,7886.0,602486,7886.5,12837,110849,6540,104309,589649,0.5
1900-01-25 04:02:00,7887.0,741824,7887.5,85142,216004,17932,198072,656682,0.5
1900-01-25 04:02:15,7895.5,632196,7896.0,58655,217369,23864,193505,573541,0.5
1900-01-25 04:02:30,7896.0,530557,7896.5,40925,221644,214354,7290,489632,0.5
1900-01-25 04:02:45,7896.0,729825,7896.5,329484,40415,95579,-55164,400341,0.5
1900-01-25 04:03:00,7896.5,708134,7897.0,315415,239531,16372,223159,392719,0.5
1900-01-25 04:03:15,7896.5,841412,7897.0,152070,167660,32264,135396,689342,0.5
1900-01-25 04:03:30,7896.5,172369,7897.0,676239,123640,56079,67561,-503870,0.5
1900-01-25 04:03:45,7896.0,266062,7896.5,543120,48705,163462,-114757,-277058,0.5
1900-01-25 04:04:00,7895.0,72634,7895.5,657388,88644,81539,7105,-584754,0.5
1900-01-25 04:04:15,7895.0,37440,7895.5,653065,7219,70468,-63249,-615625,0.5
1900-01-25 04:04:30,7891.5,100833,7892.0,513512,2288,154724,-152436,-412679,0.5
1900-01-25 04:04:45,7891.0,253045,7891.5,466468,138215,46998,91217,-213423,0.5
1900-01-25 04:05:00,7891.0,588098,7891.5,153266,57519,114479,-56960,434832,0.5
1900-01-25 04:05:15,7891.0,207765,7891.5,464094,50716,12470,38246,-256329,0.5
1900-01-25 04:05:30,7891.0,758925,7891.5,369190,12979,37738,-24759,389735,0.5
1900-01-25 04:05:45,7891.0,619345,7891.5,70160,22842,10675,12167,549185,0.5
1900-01-25 04:06:00,7888.0,14884,7888.5,469545,35174,141364,-106190,-454661,0.5
1900-01-25 04:06:15,7887.0,21600,7887.5,1002493,11223,184315,-173092,-980893,0.5
1900-01-25 04:06:30,7885.0,32185,7885.5,722409,125,17111,-16986,-690224,0.5
1900-01-25 04:06:45,7883.5,5410,7884.0,700319,1217,67047,-65830,-694909,0.5
1900-01-25 04:07:00,7882.0,1440,7882.5,1065088,9019,35080,-26061,-1063648,0.5
1900-01-25 04:07:15,7878.0,17568,7878.5,739596,1200,83074,-81874,-722028,0.5
1900-01-25 04:07:30,7878.0,632040,7878.5,361967,85375,258668,-173293,270073,0.5
1900-01-25 04:07:45,7878.0,752418,7878.5,380568,55814,130806,-74992,371850,0.5
1900-01-25 04:08:00,7878.0,142019,7878.5,698177,6922,79318,-72396,-556158,0.5
1900-01-25 04:08:15,7878.0,558495,7878.5,407300,8868,45863,-36995,151195,0.5
1900-01-25 04:08:30,7878.0,579499,7878.5,326084,1590,20015,-18425,253415,0.5
1900-01-25 04:08:45,7878.0,1309894,7878.5,12682,22271,1129,21142,1297212,0.5
1900-01-25 04:09:00,7878.0,1072781,7878.5,142047,93305,8101,85204,930734,0.5
1900-01-25 04:09:15,7880.0,856268,7880.5,306758,111592,3865,107727,549510,0.5
1900-01-25 04:09:30,7880.0,379197,7880.5,842045,39537,39275,262,-462848,0.5
1900-01-25 04:09:45,7880.0,430851,7880.5,903707,2577,25827,-23250,-472856,0.5
1900-01-25 04:10:00,7880.0,404943,7880.5,965261,2185,75645,-73460,-560318,0.5
1900-01-25 04:10:15,7879.5,61554,7880.0,1045082,200,238824,-238624,-983528,0.5
1900-01-25 04:10:30,7877.0,30280,7877.5,683285,60,88929,-88869,-653005,0.5
1900-01-25 04:10:45,7873.0,31042,7873.5,447012,517,79934,-79417,-415970,0.5
1900-01-25 04:11:00,7871.5,154641,7872.0,705941,8916,57045,-48129,-551300,0.5
1900-01-25 04:11:15,7870.5,92779,7871.0,704191,1525,181338,-179813,-611412,0.5
1900-01-25 04:11:30,7870.5,564206,7871.0,635162,92205,43226,48979,-70956,0.5
1900-01-25 04:11:45,7870.5,528073,7871.0,240171,96177,34838,61339,287902,0.5
1900-01-25 04:12:00,7870.5,525111,7871.0,308204,23731,9618,14113,216907,0.5
1900-01-25 04:12:15,7870.0,37820,7870.5,1042974,18000,84637,-66637,-1005154,0.5
1900-01-25 04:12:30,7868.0,64397,7868.5,859274,1800,76605,-74805,-794877,0.5
1900-01-25 04:12:45,7867.5,10105,7868.0,952419,2782,27262,-24480,-942314,0.5
1900-01-25 04:13:00,7867.5,92082,7868.0,1055697,7,2850,-2843,-963615,0.5
1900-01-25 04:13:15,7867.0,36953,7867.5,1271539,703,64394,-63691,-1234586,0.5
1900-01-25 04:13:30,7867.0,498138,7867.5,780091,6312,14002,-7690,-281953,0.5
1900-01-25 04:13:45,7867.0,33959,7867.5,1219546,15010,9408,5602,-1185587,0.5
1900-01-25 04:14:00,7867.0,590215,7867.5,371509,4700,7519,-2819,218706,0.5
1900-01-25 04:14:15,7867.0,566903,7867.5,521990,28240,12993,15247,44913,0.5
1900-01-25 04:14:30,7867.0,577652,7867.5,441602,16657,4761,11896,136050,0.5
1900-01-25 04:14:45,7867.0,534507,7867.5,579359,12346,12066,280,-44852,0.5
1900-01-25 04:15:00,7867.0,17955,7867.5,876077,1914,46568,-44654,-858122,0.5
1900-01-25 04:15:15,7867.0,10530,7867.5,795672,21352,11494,9858,-785142,0.5
1900-01-25 04:15:30,7867.0,517190,7867.5,259537,2638,14532,-11894,257653,0.5
1900-01-25 04:15:45,7867.0,922202,7867.5,41988,62258,6724,55534,880214,0.5
1900-01-25 04:16:00,7867.5,1067315,7868.0,104854,70087,13500,56587,962461,0.5
1900-01-25 04:16:15,7867.5,1034774,7868.0,54039,16417,8138,8279,980735,0.5
1900-01-25 04:16:30,7868.5,525400,7869.0,696118,47023,1600,45423,-170718,0.5
1900-01-25 04:16:45,7868.5,700987,7869.0,198691,128411,3940,124471,502296,0.5
1900-01-25 04:17:00,7868.5,1137370,7869.0,57093,105456,3940,101516,1080277,0.5
1900-01-25 04:17:15,7870.0,845925,7870.5,23230,116042,1208,114834,822695,0.5
1900-01-25 04:17:30,7870.0,1096539,7870.5,27075,52571,14842,37729,1069464,0.5
1900-01-25 04:17:45,7870.5,963393,7871.0,3788,34125,14220,19905,959605,0.5
1900-01-25 04:18:00,7870.5,1069508,7871.0,32872,13271,17884,-4613,1036636,0.5
1900-01-25 04:18:15,7870.5,1192409,7871.0,9025,24435,4870,19565,1183384,0.5
1900-01-25 04:18:30,7871.0,1109177,7871.5,8893,5516,4870,646,1100284,0.5
1900-01-25 04:18:45,7873.0,868147,7873.5,195080,53469,752,52717,673067,0.5
1900-01-25 04:19:00,7873.0,1001035,7873.5,399996,4750,6455,-1705,601039,0.5
1900-01-25 04:19:15,7873.0,945344,7873.5,705648,5145,10086,-4941,239696,0.5
1900-01-25 04:19:30,7873.0,814178,7873.5,297846,6630,12175,-5545,516332,0.5
1900-01-25 04:19:45,7873.0,1071342,7873.5,156118,78999,2862,76137,915224,0.5
1900-01-25 04:20:00,7873.0,1297359,7873.5,64903,32330,2000,30330,1232456,0.5
1900-01-25 04:20:15,7874.0,165887,7874.5,645775,16744,21870,-5126,-479888,0.5
1900-01-25 04:20:30,7873.5,11503,7874.0,913782,369,38490,-38121,-902279,0.5
1900-01-25 04:20:45,7872.5,22875,7873.0,1091887,4897,47134,-42237,-1069012,0.5
1900-01-25 04:21:00,7867.5,276174,7868.0,505773,2251,178665,-176414,-229599,0.5
1900-01-25 04:21:15,7867.0,51243,7867.5,709614,9487,47236,-37749,-658371,0.5
1900-01-25 04:21:30,7866.0,92711,7866.5,612246,9273,96167,-86894,-519535,0.5
1900-01-25 04:21:45,7866.0,27038,7866.5,938716,910,85281,-84371,-911678,0.5
1900-01-25 04:22:00,7865.0,189524,7865.5,760766,13200,55820,-42620,-571242,0.5
1900-01-25 04:22:15,7865.0,31118,7865.5,1010125,1000,102059,-101059,-979007,0.5
1900-01-25 04:22:30,7864.5,5413,7865.0,696275,2402,48266,-45864,-690862,0.5
1900-01-25 04:22:45,7864.0,217742,7864.5,817365,5501,13427,-7926,-599623,0.5
1900-01-25 04:23:00,7864.0,372550,7864.5,787463,5501,6974,-1473,-414913,0.5
1900-01-25 04:23:15,7864.0,54704,7864.5,1091578,18600,15350,3250,-1036874,0.5
1900-01-25 04:23:30,7863.0,61190,7863.5,427613,22301,56168,-33867,-366423,0.5
1900-01-25 04:23:45,7862.5,28643,7863.0,647651,350,124065,-123715,-619008,0.5
1900-01-25 04:24:00,7861.0,107098,7861.5,90024,100,157378,-157278,17074,0.5
1900-01-25 04:24:15,7860.5,180974,7861.0,850594,602,60756,-60154,-669620,0.5
1900-01-25 04:24:30,7860.5,213540,7861.0,907068,5017,3580,1437,-693528,0.5
1900-01-25 04:24:45,7860.5,739075,7861.0,482707,12002,50195,-38193,256368,0.5
1900-01-25 04:25:00,7860.5,834266,7861.0,361209,28738,33988,-5250,473057,0.5
1900-01-25 04:25:15,7860.5,847054,7861.0,153418,32333,6773,25560,693636,0.5
1900-01-25 04:25:30,7860.5,964960,7861.0,16791,48122,19400,28722,948169,0.5
1900-01-25 04:25:45,7861.0,1376337,7861.5,385206,15717,19400,-3683,991131,0.5
1900-01-25 04:26:00,7861.0,1537839,7861.5,890511,28969,100,28869,647328,0.5
1900-01-25 04:26:15,7861.0,1489958,7861.5,906974,21528,9527,12001,582984,0.5
1900-01-25 04:26:30,7861.0,956274,7861.5,1569407,20608,4084,16524,-613133,0.5
1900-01-25 04:26:45,7859.0,18143,7859.5,831517,115445,196735,-81290,-813374,0.5
1900-01-25 04:27:00,7855.0,261512,7855.5,826583,18627,212664,-194037,-565071,0.5
1900-01-25 04:27:15,7855.0,763084,7855.5,495582,60259,29682,30577,267502,0.5
1900-01-25 04:27:30,7854.5,21851,7855.0,626984,5660,87930,-82270,-605133,0.5
1900-01-25 04:27:45,7853.5,7213,7854.0,666123,17105,105114,-88009,-658910,0.5
1900-01-25 04:28:00,7852.5,605128,7853.0,399428,5430,87701,-82271,205700,0.5
1900-01-25 04:28:15,7852.5,728777,7853.0,278026,25405,59020,-33615,450751,0.5
1900-01-25 04:28:30,7853.0,708288,7853.5,267149,90456,15326,75130,441139,0.5
1900-01-25 04:28:45,7853.0,985995,7853.5,302056,33520,4782,28738,683939,0.5
1900-01-25 04:29:00,7853.0,1013404,7853.5,368716,3665,161,3504,644688,0.5
1900-01-25 04:29:15,7853.0,1083174,7853.5,389487,11064,5580,5484,693687,0.5
1900-01-25 04:29:30,7853.0,1022226,7853.5,297526,92491,10630,81861,724700,0.5
1900-01-25 04:29:45,7853.0,1144960,7853.5,102162,131937,1416,130521,1042798,0.5
1900-01-25 04:30:00,7853.0,1232190,7853.5,46302,28107,1736,26371,1185888,0.5
1900-01-25 04:30:15,7853.0,1179829,7853.5,49225,33000,14613,18387,1130604,0.5
1900-01-25 04:30:30,7853.0,920851,7853.5,275175,1992,644,1348,645676,0.5
1900-01-25 04:30:45,7853.0,868631,7853.5,337297,11422,3000,8422,531334,0.5
1900-01-25 04:31:00,7853.0,901852,7853.5,336947,2772,6,2766,564905,0.5
1900-01-25 04:31:15,7853.0,945381,7853.5,523080,4185,17622,-13437,422301,0.5
1900-01-25 04:31:30,7853.0,595660,7853.5,768651,16091,2574,13517,-172991,0.5
1900-01-25 04:31:45,7853.0,1001009,7853.5,288004,26707,10117,16590,713005,0.5
1900-01-25 04:32:00,7853.0,855205,7853.5,467703,6522,15200,-8678,387502,0.5
1900-01-25 04:32:15,7853.0,730541,7853.5,681997,432,19412,-18980,48544,0.5
1900-01-25 04:32:30,7852.5,109915,7853.0,1055459,12000,123137,-111137,-945544,0.5
1900-01-25 04:32:45,7851.5,247883,7852.0,764702,12000,75174,-63174,-516819,0.5
1900-01-25 04:33:00,7850.5,529334,7851.0,666707,1424,290406,-288982,-137373,0.5
1900-01-25 04:33:15,7850.5,514235,7851.0,606764,5072,9664,-4592,-92529,0.5
1900-01-25 04:33:30,7850.5,445879,7851.0,576024,20432,190415,-169983,-130145,0.5
1900-01-25 04:33:45,7850.5,797938,7851.0,728822,12132,14461,-2329,69116,0.5
1900-01-25 04:34:00,7850.5,761313,7851.0,983733,5332,133143,-127811,-222420,0.5
1900-01-25 04:34:15,7850.5,701076,7851.0,826494,5480,1474,4006,-125418,0.5
1900-01-25 04:34:30,7850.0,478980,7850.5,977973,34381,114961,-80580,-498993,0.5
1900-01-25 04:34:45,7849.0,42153,7849.5,910216,500,213075,-212575,-868063,0.5
1900-01-25 04:35:00,7849.0,61017,7849.5,952597,24981,71809,-46828,-891580,0.5
1900-01-25 04:35:15,7849.0,668898,7849.5,615394,36202,7467,28735,53504,0.5
1900-01-25 04:35:30,7849.0,626505,7849.5,436858,7303,8379,-1076,189647,0.5
1900-01-25 04:35:45,7849.0,450633,7849.5,713266,8726,67552,-58826,-262633,0.5
1900-01-25 04:36:00,7849.0,462601,7849.5,506634,972,5530,-4558,-44033,0.5
1900-01-25 04:36:15,7849.0,553855,7849.5,523509,11960,9003,2957,30346,0.5
1900-01-25 04:36:30,7850.5,1167933,7851.0,60579,104760,4000,100760,1107354,0.5
1900-01-25 04:36:45,7854.5,599347,7855.0,460703,422408,328,422080,138644,0.5
1900-01-25 04:37:00,7854.5,500111,7855.0,411181,44494,1168,43326,88930,0.5
1900-01-25 04:37:15,7854.5,731380,7855.0,275747,31307,13406,17901,455633,0.5
1900-01-25 04:37:30,7854.5,1047807,7855.0,173666,86335,2319,84016,874141,0.5
1900-01-25 04:37:45,7857.0,870513,7857.5,264911,222357,20,222337,605602,0.5
1900-01-25 04:38:00,7864.0,459740,7864.5,465485,296457,1240,295217,-5745,0.5
1900-01-25 04:38:15,7862.0,581366,7862.5,216238,24499,26296,-1797,365128,0.5
1900-01-25 04:38:30,7862.0,732894,7862.5,191525,14775,683,14092,541369,0.5
1900-01-25 04:38:45,7862.0,674698,7862.5,246695,76745,683,76062,428003,0.5
1900-01-25 04:39:00,7862.5,929288,7863.0,16237,81302,1,81301,913051,0.5
1900-01-25 04:39:15,7862.0,2576,7862.5,887475,9520,13450,-3930,-884899,0.5
1900-01-25 04:39:30,7862.0,1059913,7862.5,304149,141505,47248,94257,755764,0.5
1900-01-25 04:39:45,7862.0,412991,7862.5,934144,160450,535,159915,-521153,0.5
1900-01-25 04:40:00,7860.5,92660,7861.0,747757,15714,16294,-580,-655097,0.5
1900-01-25 04:40:15,7860.5,643376,7861.0,449658,241,4628,-4387,193718,0.5
1900-01-25 04:40:30,7861.5,1190452,7862.0,32913,66758,115396,-48638,1157539,0.5
1900-01-25 04:40:45,7862.0,1933672,7862.5,333902,83664,371,83293,1599770,0.5
1900-01-25 04:41:00,7862.0,1822885,7862.5,190296,126087,50,126037,1632589,0.5
1900-01-25 04:41:15,7862.0,234598,7862.5,762460,16875,3001,13874,-527862,0.5
1900-01-25 04:41:30,7862.0,233083,7862.5,840910,10000,16658,-6658,-607827,0.5
1900-01-25 04:41:45,7862.0,215973,7862.5,866114,406,12517,-12111,-650141,0.5
1900-01-25 04:42:00,7862.0,1368451,7862.5,637087,9393,23579,-14186,731364,0.5
1900-01-25 04:42:15,7862.0,1066241,7862.5,575674,32800,239141,-206341,490567,0.5
1900-01-25 04:42:30,7862.0,1126992,7862.5,528260,7005,30060,-23055,598732,0.5
1900-01-25 04:43:00,7862.0,576695,7862.5,937832,4277,4260,17,-361137,0.5
1900-01-25 04:43:15,7862.0,1187568,7862.5,425637,4000,4260,-260,761931,0.5
1900-01-25 04:43:30,7862.0,555471,7862.5,826525,31733,12167,19566,-271054,0.5
1900-01-25 04:43:45,7862.0,607811,7862.5,811875,3257,37200,-33943,-204064,0.5
1900-01-25 04:44:00,7862.0,703135,7862.5,846630,2010,15201,-13191,-143495,0.5
1900-01-25 04:44:15,7862.0,706815,7862.5,801260,22,6001,-5979,-94445,0.5
1900-01-25 04:44:30,7862.0,1169454,7862.5,92204,81948,6001,75947,1077250,0.5
1900-01-25 04:44:45,7862.5,1396564,7863.0,240622,193038,100,192938,1155942,0.5
1900-01-25 04:45:00,7862.5,1788920,7863.0,113464,82700,100,82600,1675456,0.5
1900-01-25 04:45:15,7862.5,1115528,7863.0,110328,50743,5005,45738,1005200,0.5
1900-01-25 04:45:30,7862.5,104647,7863.0,707266,25465,17020,8445,-602619,0.5
1900-01-25 04:45:45,7862.5,265433,7863.0,756375,247,9904,-9657,-490942,0.5
1900-01-25 04:46:00,7862.0,406029,7862.5,735482,7748,93826,-86078,-329453,0.5
1900-01-25 04:46:15,7860.0,33219,7860.5,667187,230,337452,-337222,-633968,0.5
1900-01-25 04:46:30,7858.0,9550,7858.5,824911,15560,31605,-16045,-815361,0.5
1900-01-25 04:46:45,7855.5,34132,7856.0,555428,166,140488,-140322,-521296,0.5
1900-01-25 04:47:00,7852.0,46614,7852.5,733633,46734,112023,-65289,-687019,0.5
1900-01-25 04:47:15,7849.5,1030705,7850.0,384741,91854,170578,-78724,645964,0.5
1900-01-25 04:47:30,7849.5,647980,7850.0,658898,34282,1150,33132,-10918,0.5
1900-01-25 04:47:45,7849.5,1675,7850.0,1138959,21402,11594,9808,-1137284,0.5
1900-01-25 04:48:00,7847.0,60745,7847.5,557346,14731,249484,-234753,-496601,0.5
1900-01-25 04:48:15,7845.0,708047,7845.5,378048,18127,114668,-96541,329999,0.5
1900-01-25 04:48:30,7845.5,1730425,7846.0,345870,130525,88173,42352,1384555,0.5
1900-01-25 04:48:45,7845.5,1765510,7846.0,1176895,49298,19601,29697,588615,0.5
1900-01-25 04:49:00,7845.5,1714691,7846.0,1239747,18002,19108,-1106,474944,0.5
1900-01-25 04:49:15,7845.5,1608291,7846.0,1402139,8501,3050,5451,206152,0.5
1900-01-25 04:49:30,7845.5,1382939,7846.0,1363719,2720,14303,-11583,19220,0.5
1900-01-25 04:49:45,7845.5,1376748,7846.0,456292,12900,15362,-2462,920456,0.5
1900-01-25 04:50:00,7845.5,78649,7846.0,1114822,719,46710,-45991,-1036173,0.5
1900-01-25 04:50:15,7842.0,1031454,7842.5,361673,71067,212052,-140985,669781,0.5
1900-01-25 04:50:30,7842.0,992070,7842.5,324579,810,74773,-73963,667491,0.5
1900-01-25 04:50:45,7842.0,820885,7842.5,386235,17413,14674,2739,434650,0.5
1900-01-25 04:51:00,7842.0,858057,7842.5,233660,6758,10327,-3569,624397,0.5
1900-01-25 04:51:15,7842.0,761712,7842.5,257269,74588,105807,-31219,504443,0.5
1900-01-25 04:51:30,7842.0,785560,7842.5,376747,4611,17711,-13100,408813,0.5
1900-01-25 04:51:45,7842.0,888421,7842.5,68342,12791,1648,11143,820079,0.5
1900-01-25 04:52:00,7841.5,66921,7842.0,2426818,294509,17551,276958,-2359897,0.5
1900-01-25 04:52:15,7840.0,580407,7840.5,842295,12000,416398,-404398,-261888,0.5
1900-01-25 04:52:30,7834.0,167579,7834.5,465691,5098,142402,-137304,-298112,0.5
1900-01-25 04:52:45,7834.0,599012,7834.5,951101,62073,32254,29819,-352089,0.5
1900-01-25 04:53:00,7834.0,494016,7834.5,912453,19792,114346,-94554,-418437,0.5
1900-01-25 04:53:15,7833.0,202459,7833.5,475884,29587,355616,-326029,-273425,0.5
1900-01-25 04:53:30,7832.5,433126,7833.0,464999,40948,92563,-51615,-31873,0.5
1900-01-25 04:53:45,7832.5,475060,7833.0,875731,34096,121615,-87519,-400671,0.5
1900-01-25 04:54:00,7832.5,480430,7833.0,816982,26021,50485,-24464,-336552,0.5
1900-01-25 04:54:15,7832.5,457995,7833.0,762217,10751,62456,-51705,-304222,0.5
1900-01-25 04:54:30,7832.5,658627,7833.0,654204,98530,26661,71869,4423,0.5
1900-01-25 04:54:45,7832.5,597516,7833.0,889145,110852,13019,97833,-291629,0.5
1900-01-25 04:55:00,7832.5,790291,7833.0,698724,90675,627,90048,91567,0.5
1900-01-25 04:55:15,7836.5,402319,7837.0,167784,803451,8263,795188,234535,0.5
1900-01-25 04:55:30,7839.5,768160,7840.0,6165,233437,32364,201073,761995,0.5
1900-01-25 04:55:45,7841.5,372625,7842.0,849746,222602,48116,174486,-477121,0.5
1900-01-25 04:56:00,7841.5,85782,7842.0,1058940,64835,57007,7828,-973158,0.5
1900-01-25 04:56:15,7841.5,83283,7842.0,1175165,39523,14826,24697,-1091882,0.5
1900-01-25 04:56:30,7836.0,550736,7836.5,318985,57535,4957,52578,231751,0.5
1900-01-25 04:56:45,7836.0,255032,7836.5,753432,17355,12556,4799,-498400,0.5
1900-01-25 04:57:00,7836.0,365766,7836.5,384962,5000,47768,-42768,-19196,0.5
1900-01-25 04:57:15,7835.0,63237,7835.5,1166252,16289,5072,11217,-1103015,0.5
1900-01-25 04:57:30,7833.5,259829,7834.0,207756,18274,67735,-49461,52073,0.5
1900-01-25 04:57:45,7835.0,518177,7835.5,270583,40107,58372,-18265,247594,0.5
1900-01-25 04:58:00,7835.0,700658,7835.5,26940,82800,1950,80850,673718,0.5
1900-01-25 04:58:15,7840.5,447365,7841.0,23726,83968,8503,75465,423639,0.5
1900-01-25 04:58:30,7839.5,292387,7840.0,465203,45344,25261,20083,-172816,0.5
1900-01-25 04:58:45,7839.5,686649,7840.0,6594,118325,396,117929,680055,0.5
1900-01-25 04:59:00,7843.5,707430,7844.0,1439,68658,1284,67374,705991,0.5
1900-01-25 04:59:15,7844.5,556720,7845.0,362500,37791,5945,31846,194220,0.5
1900-01-25 04:59:30,7844.5,614725,7845.0,38665,33401,12643,20758,576060,0.5
1900-01-25 04:59:45,7843.5,68929,7844.0,667450,42310,32981,9329,-598521,0.5
1900-01-25 05:00:00,7843.5,650288,7844.0,57794,31235,19125,12110,592494,0.5
1900-01-25 05:00:15,7843.5,532922,7844.0,307905,53319,194391,-141072,225017,0.5
1900-01-25 05:00:30,7843.5,491431,7844.0,345768,11101,1000,10101,145663,0.5
1900-01-25 05:00:45,7843.5,64410,7844.0,1145317,202,7101,-6899,-1080907,0.5
1900-01-25 05:01:00,7843.0,8915,7843.5,1375928,545,66026,-65481,-1367013,0.5
1900-01-25 05:01:15,7841.5,76890,7842.0,1059348,29466,18333,11133,-982458,0.5
1900-01-25 05:01:30,7840.0,2416,7840.5,830216,2000,137775,-135775,-827800,0.5
1900-01-25 05:01:45,7838.0,203521,7838.5,932658,7458,29071,-21613,-729137,0.5
1900-01-25 05:02:00,7836.0,328672,7836.5,236027,9707,203236,-193529,92645,0.5
1900-01-25 05:02:15,7836.0,555861,7836.5,300256,7320,10829,-3509,255605,0.5
1900-01-25 05:02:30,7836.0,715849,7836.5,263828,3701,1241,2460,452021,0.5
1900-01-25 05:02:45,7836.0,1294793,7836.5,104055,16461,412,16049,1190738,0.5
1900-01-25 05:03:00,7838.0,430051,7838.5,247234,45666,60,45606,182817,0.5
1900-01-25 05:03:15,7838.5,448184,7839.0,44483,22559,1000,21559,403701,0.5
1900-01-25 05:03:30,7840.0,621008,7840.5,24832,76762,5439,71323,596176,0.5
1900-01-25 05:03:45,7841.5,343012,7842.0,1180786,47635,10026,37609,-837774,0.5
1900-01-25 05:04:00,7841.0,96005,7841.5,1345340,38974,139772,-100798,-1249335,0.5
1900-01-25 05:04:15,7841.0,301133,7841.5,1657915,33583,569579,-535996,-1356782,0.5
1900-01-25 05:04:30,7838.5,217572,7839.0,812700,23674,43585,-19911,-595128,0.5
1900-01-25 05:04:45,7838.5,376916,7839.0,550508,85645,12858,72787,-173592,0.5
1900-01-25 05:05:00,7838.5,369447,7839.0,429769,79,834,-755,-60322,0.5
1900-01-25 05:05:15,7838.5,397101,7839.0,694794,1501,31,1470,-297693,0.5
1900-01-25 05:05:30,7838.5,286332,7839.0,739056,6622,8585,-1963,-452724,0.5
1900-01-25 05:05:45,7837.0,491208,7837.5,520832,841,19180,-18339,-29624,0.5
1900-01-25 05:06:00,7837.0,346571,7837.5,984262,25658,43401,-17743,-637691,0.5
1900-01-25 05:06:15,7837.0,302982,7837.5,827386,3267,21051,-17784,-524404,0.5
1900-01-25 05:06:30,7837.0,731406,7837.5,255156,28653,24026,4627,476250,0.5
1900-01-25 05:06:45,7837.0,721595,7837.5,230938,7016,3006,4010,490657,0.5
1900-01-25 05:07:00,7837.0,458449,7837.5,276843,4525,100450,-95925,181606,0.5
1900-01-25 05:07:15,7837.0,630647,7837.5,183014,10380,73501,-63121,447633,0.5
1900-01-25 05:07:30,7837.0,214241,7837.5,781241,11040,250,10790,-567000,0.5
1900-01-25 05:07:45,7832.5,143535,7833.0,1138782,13800,502119,-488319,-995247,0.5
1900-01-25 05:08:00,7823.0,31878,7824.5,533152,22770,500790,-478020,-501274,1.5
1900-01-25 05:08:15,7831.0,50056,7831.5,351261,303426,471122,-167696,-301205,0.5
1900-01-25 05:08:30,7831.0,194294,7831.5,1499236,12695,47907,-35212,-1304942,0.5
1900-01-25 05:08:45,7827.0,732382,7828.0,81698,67743,122760,-55017,650684,1.0
1900-01-25 05:09:00,7827.5,367024,7828.0,230123,194489,175679,18810,136901,0.5
1900-01-25 05:09:15,7827.5,437646,7828.0,285798,111855,29250,82605,151848,0.5
1900-01-25 05:09:30,7830.0,533416,7830.5,259704,73327,720,72607,273712,0.5
1900-01-25 05:09:45,7831.0,537435,7831.5,296938,48324,451,47873,240497,0.5
1900-01-25 05:10:00,7831.0,384344,7831.5,907109,20694,14111,6583,-522765,0.5
1900-01-25 05:10:15,7831.0,666937,7831.5,267124,10422,37350,-26928,399813,0.5
1900-01-25 05:10:30,7831.0,5000,7831.5,1066787,50258,190813,-140555,-1061787,0.5
1900-01-25 05:10:45,7829.0,1212,7829.5,1294446,7950,119280,-111330,-1293234,0.5
1900-01-25 05:11:00,7827.5,655671,7828.0,384989,33457,14455,19002,270682,0.5
1900-01-25 05:11:15,7827.5,634178,7828.0,423591,6500,53370,-46870,210587,0.5
1900-01-25 05:11:30,7827.0,111091,7827.5,1131483,92080,102011,-9931,-1020392,0.5
1900-01-25 05:11:45,7825.5,91515,7826.0,663665,31146,59961,-28815,-572150,0.5
1900-01-25 05:12:00,7821.0,294131,7821.5,631226,72696,306310,-233614,-337095,0.5
1900-01-25 05:12:15,7811.0,104922,7811.5,269430,34460,2307677,-2273217,-164508,0.5
1900-01-25 05:12:30,7817.5,7292,7818.0,110206,514572,136013,378559,-102914,0.5
1900-01-25 05:12:45,7816.5,458388,7817.0,2129,76639,93411,-16772,456259,0.5
1900-01-25 05:13:00,7818.0,783538,7818.5,24539,57686,81886,-24200,758999,0.5
1900-01-25 05:13:15,7820.5,713783,7821.0,405780,191767,27,191740,308003,0.5
1900-01-25 05:13:30,7821.0,688245,7821.5,1011885,302878,122472,180406,-323640,0.5
1900-01-25 05:13:45,7821.0,437612,7821.5,1101550,19565,92591,-73026,-663938,0.5
1900-01-25 05:14:00,7821.0,513667,7821.5,978048,70937,14352,56585,-464381,0.5
1900-01-25 05:14:15,7821.0,17518,7821.5,1159908,60104,81435,-21331,-1142390,0.5
1900-01-25 05:14:30,7816.5,743594,7817.0,96871,6941,50826,-43885,646723,0.5
1900-01-25 05:14:45,7818.5,54233,7819.0,711675,85440,51921,33519,-657442,0.5
1900-01-25 05:15:00,7818.0,60904,7818.5,686793,32861,11977,20884,-625889,0.5
1900-01-25 05:15:15,7817.5,24915,7818.0,955247,10225,31562,-21337,-930332,0.5
1900-01-25 05:15:30,7813.0,690971,7813.5,374900,32349,30980,1369,316071,0.5
1900-01-25 05:15:45,7809.5,232693,7810.0,466989,34274,310233,-275959,-234296,0.5
1900-01-25 05:16:00,7811.5,533363,7812.0,1177015,94608,151473,-56865,-643652,0.5
1900-01-25 05:16:15,7811.5,677134,7812.0,878702,25457,119834,-94377,-201568,0.5
1900-01-25 05:16:30,7816.0,473819,7816.5,5042,712525,12080,700445,468777,0.5
1900-01-25 05:16:45,7815.0,42208,7815.5,736651,7599,114885,-107286,-694443,0.5
1900-01-25 05:17:00,7813.0,432225,7813.5,132878,23442,17074,6368,299347,0.5
1900-01-25 05:17:15,7813.0,292679,7813.5,113006,124124,49016,75108,179673,0.5
1900-01-25 05:17:30,7814.0,343118,7814.5,527340,69096,3476,65620,-184222,0.5
1900-01-25 05:17:45,7814.0,106444,7814.5,516586,3600,98809,-95209,-410142,0.5
1900-01-25 05:18:00,7814.0,16394,7814.5,782649,11551,26269,-14718,-766255,0.5
1900-01-25 05:18:15,7811.5,221385,7812.0,900784,2991,175909,-172918,-679399,0.5
1900-01-25 05:18:30,7811.5,127792,7812.0,726403,15759,137600,-121841,-598611,0.5
1900-01-25 05:18:45,7807.0,540683,7807.5,66632,18025,82347,-64322,474051,0.5
1900-01-25 05:19:00,7807.5,606638,7808.0,164940,91910,84138,7772,441698,0.5
1900-01-25 05:19:15,7805.5,442046,7806.0,363899,52914,128880,-75966,78147,0.5
1900-01-25 05:19:30,7805.0,334316,7805.5,502903,18904,122156,-103252,-168587,0.5
1900-01-25 05:19:45,7805.0,371250,7805.5,986107,20985,110408,-89423,-614857,0.5
1900-01-25 05:20:00,7807.5,306469,7808.0,422190,227857,146617,81240,-115721,0.5
1900-01-25 05:20:15,7805.5,169094,7806.0,839555,24947,77240,-52293,-670461,0.5
1900-01-25 05:20:30,7807.0,509590,7807.5,76910,196115,106271,89844,432680,0.5
1900-01-25 05:20:45,7815.0,148187,7815.5,856260,340278,14324,325954,-708073,0.5
1900-01-25 05:21:00,7815.5,481622,7816.0,34811,155082,5813,149269,446811,0.5
1900-01-25 05:21:15,7821.5,402985,7822.0,419618,242816,14500,228316,-16633,0.5
1900-01-25 05:21:30,7821.5,405173,7822.0,788021,69436,3764,65672,-382848,0.5
1900-01-25 05:21:45,7821.5,245442,7822.0,877204,127730,67349,60381,-631762,0.5
1900-01-25 05:22:00,7821.5,215110,7822.0,859404,58507,90905,-32398,-644294,0.5
1900-01-25 05:22:15,7820.5,171134,7821.0,834587,32505,157428,-124923,-663453,0.5
1900-01-25 05:22:30,7821.5,568699,7822.0,414337,134577,43928,90649,154362,0.5
1900-01-25 05:22:45,7821.5,360933,7822.0,800075,93633,18228,75405,-439142,0.5
1900-01-25 05:23:00,7821.5,293717,7822.0,753173,69253,37107,32146,-459456,0.5
1900-01-25 05:23:15,7821.5,83376,7822.0,825390,21200,43938,-22738,-742014,0.5
1900-01-25 05:23:30,7821.0,113387,7821.5,1529274,10737,88804,-78067,-1415887,0.5
1900-01-25 05:23:45,7820.0,337325,7820.5,1506620,18300,87151,-68851,-1169295,0.5
1900-01-25 05:24:00,7820.0,207403,7820.5,1413398,21730,105711,-83981,-1205995,0.5
1900-01-25 05:24:15,7817.5,6418,7818.0,836181,3101,69856,-66755,-829763,0.5
1900-01-25 05:24:30,7817.5,1250919,7818.0,172038,27190,105790,-78600,1078881,0.5
1900-01-25 05:24:45,7817.5,1682276,7818.0,220423,45546,958,44588,1461853,0.5
1900-01-25 05:25:00,7820.0,629424,7820.5,47656,93862,15397,78465,581768,0.5
1900-01-25 05:25:15,7820.5,645271,7821.0,279711,61151,3985,57166,365560,0.5
1900-01-25 05:25:30,7823.0,758541,7823.5,65926,88522,26075,62447,692615,0.5
1900-01-25 05:25:45,7823.0,575680,7823.5,139445,150356,15734,134622,436235,0.5
1900-01-25 05:26:00,7824.5,705690,7825.0,101261,28918,45233,-16315,604429,0.5
1900-01-25 05:26:15,7827.0,822116,7827.5,34536,65613,50,65563,787580,0.5
1900-01-25 05:26:30,7827.0,518665,7827.5,218323,19902,113263,-93361,300342,0.5
1900-01-25 05:26:45,7827.0,301893,7827.5,625832,25577,3680,21897,-323939,0.5
1900-01-25 05:27:00,7827.0,204251,7827.5,642588,5723,29983,-24260,-438337,0.5
1900-01-25 05:27:15,7827.0,182595,7827.5,632934,31257,4800,26457,-450339,0.5
1900-01-25 05:27:30,7827.0,217518,7827.5,648265,5929,20222,-14293,-430747,0.5
1900-01-25 05:27:45,7826.0,49035,7826.5,739515,36165,68091,-31926,-690480,0.5
1900-01-25 05:28:00,7823.5,223294,7824.0,884367,4758,119831,-115073,-661073,0.5
1900-01-25 05:28:15,7821.0,11889,7821.5,804162,2011,264423,-262412,-792273,0.5
1900-01-25 05:28:30,7818.0,24343,7818.5,1000906,760,54269,-53509,-976563,0.5
1900-01-25 05:28:45,7816.0,595135,7816.5,109489,76588,68045,8543,485646,0.5
1900-01-25 05:29:00,7820.0,62166,7820.5,997288,99297,36413,62884,-935122,0.5
1900-01-25 05:29:15,7820.0,634751,7820.5,1223894,9001,57350,-48349,-589143,0.5
1900-01-25 05:29:30,7820.0,614515,7820.5,1119541,477,30371,-29894,-505026,0.5
1900-01-25 05:29:45,7820.0,418314,7820.5,1149899,3025,251311,-248286,-731585,0.5
1900-01-25 05:30:00,7819.5,8120,7820.5,1316325,3912,170769,-166857,-1308205,1.0
1900-01-25 05:30:15,7812.0,239177,7812.5,434154,34851,161340,-126489,-194977,0.5
1900-01-25 05:30:30,7810.5,27188,7811.0,671198,6455,100840,-94385,-644010,0.5
1900-01-25 05:30:45,7809.0,147147,7809.5,582378,123964,99132,24832,-435231,0.5
1900-01-25 05:31:00,7809.0,397993,7809.5,138180,116134,48006,68128,259813,0.5
1900-01-25 05:31:15,7809.0,537937,7809.5,170761,93558,19249,74309,367176,0.5
1900-01-25 05:31:30,7807.0,13332,7807.5,538268,17563,53770,-36207,-524936,0.5
1900-01-25 05:31:45,7807.0,589369,7807.5,650854,22557,91317,-68760,-61485,0.5
1900-01-25 05:32:00,7807.0,952528,7807.5,407835,30382,79067,-48685,544693,0.5
1900-01-25 05:32:15,7807.5,268770,7808.0,584258,103381,19214,84167,-315488,0.5
1900-01-25 05:32:30,7807.5,82610,7808.0,833757,19044,67764,-48720,-751147,0.5
1900-01-25 05:32:45,7807.5,29613,7808.0,899900,1520,10790,-9270,-870287,0.5
1900-01-25 05:33:00,7803.5,112271,7804.0,420522,11290,373636,-362346,-308251,0.5
1900-01-25 05:33:15,7803.0,655577,7803.5,60072,375413,606233,-230820,595505,0.5
1900-01-25 05:33:30,7805.0,212062,7805.5,534948,138849,45842,93007,-322886,0.5
1900-01-25 05:33:45,7801.5,583751,7802.0,276597,35718,76089,-40371,307154,0.5
1900-01-25 05:34:00,7804.5,346460,7805.0,553419,281980,26877,255103,-206959,0.5
1900-01-25 05:34:15,7804.5,613992,7805.0,299007,20847,21701,-854,314985,0.5
1900-01-25 05:34:30,7810.5,672386,7811.0,34366,83970,16011,67959,638020,0.5
1900-01-25 05:34:45,7811.5,612435,7812.0,81233,44796,4104,40692,531202,0.5
1900-01-25 05:35:00,7813.0,199877,7813.5,501278,80277,33631,46646,-301401,0.5
1900-01-25 05:35:15,7813.0,944622,7813.5,398809,28712,16351,12361,545813,0.5
1900-01-25 05:35:30,7817.0,324943,7817.5,615422,131381,7498,123883,-290479,0.5
1900-01-25 05:35:45,7819.0,965686,7819.5,21431,84100,31483,52617,944255,0.5
1900-01-25 05:36:00,7820.0,783952,7820.5,19140,108999,5338,103661,764812,0.5
1900-01-25 05:36:15,7821.0,196283,7821.5,739596,3470,25958,-22488,-543313,0.5
1900-01-25 05:36:30,7821.0,376919,7821.5,698684,49702,53740,-4038,-321765,0.5
1900-01-25 05:36:45,7820.0,954725,7820.5,681880,21787,45584,-23797,272845,0.5
1900-01-25 05:37:00,7820.0,1414421,7820.5,3712,60501,61151,-650,1410709,0.5
1900-01-25 05:37:15,7821.5,940658,7822.0,168881,98890,3530,95360,771777,0.5
1900-01-25 05:37:30,7821.5,926273,7822.0,175238,11172,6587,4585,751035,0.5
1900-01-25 05:37:45,7821.5,957816,7822.0,71820,65875,10384,55491,885996,0.5
1900-01-25 05:38:00,7822.5,829263,7823.0,252773,77510,1000,76510,576490,0.5
1900-01-25 05:38:15,7824.5,900905,7825.0,185002,246282,243,246039,715903,0.5
1900-01-25 05:38:30,7825.0,492500,7825.5,338486,115527,3741,111786,154014,0.5
1900-01-25 05:38:45,7825.0,478674,7825.5,185513,9201,38036,-28835,293161,0.5
1900-01-25 05:39:00,7821.5,40784,7822.0,792128,20500,244703,-224203,-751344,0.5
1900-01-25 05:39:15,7816.5,487150,7817.0,365431,8151,64459,-56308,121719,0.5
1900-01-25 05:39:30,7816.5,458101,7817.0,166817,104024,65917,38107,291284,0.5
1900-01-25 05:39:45,7816.5,813841,7817.0,121836,81781,1385,80396,692005,0.5
1900-01-25 05:40:00,7817.0,1310000,7817.5,2445,177930,49184,128746,1307555,0.5
1900-01-25 05:40:15,7818.0,616016,7818.5,2339,95565,15536,80029,613677,0.5
1900-01-25 05:40:30,7820.0,1127310,7820.5,14817,42834,13063,29771,1112493,0.5
1900-01-25 05:40:45,7821.0,267511,7821.5,590376,17107,12655,4452,-322865,0.5
1900-01-25 05:41:00,7821.0,592766,7821.5,1051,52064,44040,8024,591715,0.5
1900-01-25 05:41:15,7822.5,615867,7823.0,47697,25681,410,25271,568170,0.5
1900-01-25 05:41:30,7823.0,1032415,7823.5,277392,20446,34540,-14094,755023,0.5
1900-01-25 05:41:45,7823.0,122152,7823.5,1213307,13278,1900,11378,-1091155,0.5
1900-01-25 05:42:00,7823.0,218144,7823.5,874758,46181,132340,-86159,-656614,0.5
1900-01-25 05:42:15,7823.0,404732,7823.5,746917,50,20740,-20690,-342185,0.5
1900-01-25 05:42:30,7823.0,492818,7823.5,807885,167,12578,-12411,-315067,0.5
1900-01-25 05:42:45,7822.0,52783,7822.5,630426,196,28062,-27866,-577643,0.5
1900-01-25 05:43:00,7821.5,54144,7822.0,578952,10,12324,-12314,-524808,0.5
1900-01-25 05:43:15,7821.0,639783,7821.5,574227,3370,20022,-16652,65556,0.5
1900-01-25 05:43:30,7821.0,1034212,7821.5,252750,85590,4770,80820,781462,0.5
1900-01-25 05:43:45,7821.0,1299213,7821.5,206237,13175,4516,8659,1092976,0.5
1900-01-25 05:44:00,7821.0,1307353,7821.5,204850,15984,1447,14537,1102503,0.5
1900-01-25 05:44:15,7821.0,1354079,7821.5,219641,30156,150,30006,1134438,0.5
1900-01-25 05:44:30,7821.5,1299808,7822.0,5968,10859,1416,9443,1293840,0.5
1900-01-25 05:44:45,7822.5,1492175,7823.0,108212,77909,16,77893,1383963,0.5
1900-01-25 05:45:00,7824.5,604814,7825.0,193136,168455,53366,115089,411678,0.5
1900-01-25 05:45:15,7825.5,880365,7826.0,331508,44006,3231,40775,548857,0.5
1900-01-25 05:45:30,7827.5,1216708,7828.0,88708,276824,6410,270414,1128000,0.5
1900-01-25 05:45:45,7829.5,646317,7830.0,245067,110080,1045,109035,401250,0.5
1900-01-25 05:46:00,7830.0,1148092,7830.5,51006,93032,1701,91331,1097086,0.5
1900-01-25 05:46:15,7831.0,282901,7831.5,520571,98233,20607,77626,-237670,0.5
1900-01-25 05:46:30,7831.0,628571,7831.5,298013,100153,2406,97747,330558,0.5
1900-01-25 05:46:45,7831.0,884749,7831.5,410224,47237,11796,35441,474525,0.5
1900-01-25 05:47:00,7832.0,968254,7832.5,45391,93039,40,92999,922863,0.5
1900-01-25 05:47:15,7832.5,1474892,7833.0,138563,27804,40,27764,1336329,0.5
1900-01-25 05:47:30,7837.5,947298,7838.0,312692,85948,62961,22987,634606,0.5
1900-01-25 05:47:45,7837.5,728075,7838.0,999560,135189,4002,131187,-271485,0.5
1900-01-25 05:48:00,7837.5,27626,7838.0,1261762,88820,14742,74078,-1234136,0.5
1900-01-25 05:48:15,7835.0,686742,7835.5,27286,267391,155229,112162,659456,0.5
1900-01-25 05:48:30,7837.5,667261,7838.0,172360,83410,46536,36874,494901,0.5
1900-01-25 05:48:45,7836.0,38761,7836.5,756986,33282,17621,15661,-718225,0.5
1900-01-25 05:49:00,7836.0,150499,7836.5,1008230,20200,24552,-4352,-857731,0.5
1900-01-25 05:49:15,7835.0,6875,7835.5,1100658,2301,83589,-81288,-1093783,0.5
1900-01-25 05:49:30,7833.0,888694,7833.5,160847,70323,11107,59216,727847,0.5
1900-01-25 05:49:45,7833.0,898134,7833.5,8360,46740,16123,30617,889774,0.5
1900-01-25 05:50:00,7835.5,801769,7836.0,55696,10340,5977,4363,746073,0.5
1900-01-25 05:50:15,7835.5,980182,7836.0,35543,28030,3810,24220,944639,0.5
1900-01-25 05:50:30,7835.5,1059661,7836.0,64088,6190,40706,-34516,995573,0.5
1900-01-25 05:50:45,7835.5,926807,7836.0,86409,32328,3283,29045,840398,0.5
1900-01-25 05:51:00,7836.0,1237653,7836.5,115737,66667,51,66616,1121916,0.5
1900-01-25 05:51:15,7836.5,1502214,7837.0,41378,112178,10,112168,1460836,0.5
1900-01-25 05:51:30,7837.5,280112,7838.0,689887,55005,83765,-28760,-409775,0.5
1900-01-25 05:51:45,7837.5,301691,7838.0,725224,21429,79775,-58346,-423533,0.5
1900-01-25 05:52:00,7837.5,853163,7838.0,58826,138404,5051,133353,794337,0.5
1900-01-25 05:52:15,7838.0,1012221,7838.5,195097,129257,5051,124206,817124,0.5
1900-01-25 05:52:30,7838.0,1280589,7838.5,172035,53780,1048,52732,1108554,0.5
1900-01-25 05:52:45,7838.0,789953,7838.5,688381,34050,1,34049,101572,0.5
1900-01-25 05:53:00,7838.0,627967,7838.5,908222,59204,76507,-17303,-280255,0.5
1900-01-25 05:53:15,7837.5,231731,7838.0,700843,11626,384694,-373068,-469112,0.5
1900-01-25 05:53:30,7837.0,492,7837.5,800684,700,78652,-77952,-800192,0.5
1900-01-25 05:53:45,7835.5,2144,7836.0,1400634,491,52024,-51533,-1398490,0.5
1900-01-25 05:54:00,7833.0,155370,7833.5,867357,25119,53799,-28680,-711987,0.5
1900-01-25 05:54:15,7833.0,885171,7833.5,123047,29357,29637,-280,762124,0.5
1900-01-25 05:54:30,7833.0,787066,7833.5,335809,2466,12310,-9844,451257,0.5
1900-01-25 05:54:45,7833.0,915638,7833.5,241982,1184,24172,-22988,673656,0.5
1900-01-25 05:55:00,7839.5,624665,7840.0,182455,266546,10491,256055,442210,0.5
1900-01-25 05:55:15,7839.5,298738,7840.0,681757,89097,10491,78606,-383019,0.5
1900-01-25 05:55:30,7839.5,132498,7840.0,646705,25657,21664,3993,-514207,0.5
1900-01-25 05:55:45,7839.5,865540,7840.0,88276,16092,21664,-5572,777264,0.5
1900-01-25 05:56:00,7841.5,844940,7842.0,231365,81388,2189,79199,613575,0.5
1900-01-25 05:56:15,7842.0,1393625,7842.5,70277,266989,3001,263988,1323348,0.5
1900-01-25 05:56:30,7843.0,721168,7843.5,222751,112778,3,112775,498417,0.5
1900-01-25 05:56:45,7842.5,143546,7843.0,688187,12772,182579,-169807,-544641,0.5
1900-01-25 05:57:00,7842.5,11948,7843.0,828414,11130,28633,-17503,-816466,0.5
1900-01-25 05:57:15,7842.0,218565,7842.5,655180,23,5995,-5972,-436615,0.5
1900-01-25 05:57:30,7842.0,105684,7842.5,826967,17462,23131,-5669,-721283,0.5
1900-01-25 05:57:45,7843.0,695091,7843.5,150027,12472,17502,-5030,545064,0.5
1900-01-25 05:58:00,7843.5,1122820,7844.0,82274,57371,4100,53271,1040546,0.5
1900-01-25 05:58:15,7844.5,780753,7845.0,208364,63754,10070,53684,572389,0.5
1900-01-25 05:58:30,7844.5,808883,7845.0,49841,64017,31051,32966,759042,0.5
1900-01-25 05:58:45,7844.5,6554,7845.0,642125,41439,14681,26758,-635571,0.5
1900-01-25 05:59:00,7842.0,159409,7842.5,501646,132744,63554,69190,-342237,0.5
1900-01-25 05:59:15,7842.0,102440,7842.5,618418,24190,32259,-8069,-515978,0.5
1900-01-25 05:59:30,7842.0,367913,7842.5,543654,20231,24223,-3992,-175741,0.5
1900-01-25 05:59:45,7844.0,421688,7844.5,569879,73777,14602,59175,-148191,0.5
1900-01-25 06:00:00,7845.0,252841,7845.5,766963,4903,6210,-1307,-514122,0.5
1900-01-25 06:00:15,7845.0,316100,7845.5,1253117,94041,20253,73788,-937017,0.5
1900-01-25 06:00:30,7845.0,358207,7845.5,744011,62392,13919,48473,-385804,0.5
1900-01-25 06:00:45,7845.0,258383,7845.5,782003,22905,17406,5499,-523620,0.5
1900-01-25 06:01:00,7845.0,109722,7845.5,1342359,13119,11869,1250,-1232637,0.5
1900-01-25 06:01:15,7844.5,618478,7845.0,934780,8000,124084,-116084,-316302,0.5
1900-01-25 06:01:30,7844.5,370776,7845.0,1000468,4188,254119,-249931,-629692,0.5
1900-01-25 06:01:45,7844.5,316718,7845.0,1366061,8171,40615,-32444,-1049343,0.5
1900-01-25 06:02:00,7844.5,233845,7845.0,1425927,9796,102791,-92995,-1192082,0.5
1900-01-25 06:02:15,7844.5,67913,7845.0,1664664,52,151870,-151818,-1596751,0.5
1900-01-25 06:02:30,7840.0,333987,7840.5,696624,10,139522,-139512,-362637,0.5
1900-01-25 06:02:45,7840.0,64086,7840.5,764346,5549,88444,-82895,-700260,0.5
1900-01-25 06:03:00,7840.0,48754,7840.5,917832,504,36203,-35699,-869078,0.5
1900-01-25 06:03:15,7839.5,495872,7840.0,574766,21660,38756,-17096,-78894,0.5
1900-01-25 06:03:30,7835.0,63265,7835.5,21131,19402,139287,-119885,42134,0.5
1900-01-25 06:03:45,7832.5,1447,7833.0,838559,1300,132292,-130992,-837112,0.5
1900-01-25 06:04:00,7831.0,85358,7831.5,902569,4600,70752,-66152,-817211,0.5
1900-01-25 06:04:15,7831.0,613394,7831.5,362284,9183,37917,-28734,251110,0.5
1900-01-25 06:04:30,7831.0,118004,7831.5,704943,83574,12307,71267,-586939,0.5
1900-01-25 06:04:45,7831.0,138248,7831.5,568470,300,52799,-52499,-430222,0.5
1900-01-25 06:05:00,7831.0,559639,7831.5,324492,371,19617,-19246,235147,0.5
1900-01-25 06:05:15,7830.5,303886,7831.0,823270,35300,51529,-16229,-519384,0.5
1900-01-25 06:05:30,7830.5,272982,7831.0,931094,1,21853,-21852,-658112,0.5
1900-01-25 06:05:45,7830.5,245041,7831.0,925438,301,31551,-31250,-680397,0.5
1900-01-25 06:06:00,7830.0,13310,7830.5,1076824,1,233737,-233736,-1063514,0.5
1900-01-25 06:06:15,7826.5,598144,7827.0,482843,23133,121095,-97962,115301,0.5
1900-01-25 06:06:30,7826.5,555438,7827.0,563886,15000,83067,-68067,-8448,0.5
1900-01-25 06:06:45,7826.5,60998,7827.0,996521,15012,18103,-3091,-935523,0.5
1900-01-25 06:07:00,7829.5,738747,7830.5,11372,97915,8192,89723,727375,1.0
1900-01-25 06:07:15,7833.5,450587,7834.0,117733,189416,3774,185642,332854,0.5
1900-01-25 06:07:30,7834.0,439345,7834.5,702072,107860,1500,106360,-262727,0.5
1900-01-25 06:07:45,7834.0,249645,7834.5,745577,7420,4975,2445,-495932,0.5
1900-01-25 06:08:00,7834.0,100963,7834.5,932920,3821,14755,-10934,-831957,0.5
1900-01-25 06:08:15,7834.0,33910,7834.5,969058,14571,34033,-19462,-935148,0.5
1900-01-25 06:08:30,7834.0,192463,7834.5,940208,460,19651,-19191,-747745,0.5
1900-01-25 06:08:45,7834.0,14354,7834.5,1002586,5288,63807,-58519,-988232,0.5
1900-01-25 06:09:00,7830.5,51064,7831.0,588660,5248,237083,-231835,-537596,0.5
1900-01-25 06:09:15,7830.5,54310,7831.0,816079,6301,36780,-30479,-761769,0.5
1900-01-25 06:09:30,7830.5,67196,7831.0,959776,200,1564,-1364,-892580,0.5
1900-01-25 06:09:45,7830.5,42868,7831.0,981449,200,23788,-23588,-938581,0.5
1900-01-25 06:10:00,7830.5,72122,7831.0,951614,124,3970,-3846,-879492,0.5
1900-01-25 06:10:15,7830.0,768088,7830.5,1025458,750,287344,-286594,-257370,0.5
1900-01-25 06:10:30,7830.0,763301,7830.5,937161,151,14035,-13884,-173860,0.5
1900-01-25 06:10:45,7830.0,846779,7830.5,948669,1500,142377,-140877,-101890,0.5
1900-01-25 06:11:00,7830.0,1128899,7830.5,541644,410,21691,-21281,587255,0.5
1900-01-25 06:11:15,7830.0,1204521,7830.5,150403,49606,664,48942,1054118,0.5
1900-01-25 06:11:30,7830.5,1069535,7831.0,307979,30281,1535,28746,761556,0.5
1900-01-25 06:11:45,7830.5,1016286,7831.0,186600,45838,1500,44338,829686,0.5
1900-01-25 06:12:00,7830.5,19075,7831.0,850212,10368,9787,581,-831137,0.5
1900-01-25 06:12:15,7830.5,567030,7831.0,369917,760,850,-90,197113,0.5
1900-01-25 06:12:30,7832.5,224938,7833.0,750545,68126,5548,62578,-525607,0.5
1900-01-25 06:12:45,7832.5,242097,7833.0,627335,3087,7719,-4632,-385238,0.5
1900-01-25 06:13:00,7832.0,164624,7832.5,901705,6583,30579,-23996,-737081,0.5
1900-01-25 06:13:15,7832.0,653360,7832.5,327614,18438,17997,441,325746,0.5
1900-01-25 06:13:30,7832.0,330717,7832.5,719910,706,17997,-17291,-389193,0.5
1900-01-25 06:13:45,7832.0,675252,7832.5,103103,7633,8044,-411,572149,0.5
1900-01-25 06:14:00,7832.0,330105,7832.5,702056,18047,1912,16135,-371951,0.5
1900-01-25 06:14:15,7832.0,351030,7832.5,739142,2543,5020,-2477,-388112,0.5
1900-01-25 06:14:30,7832.0,176624,7832.5,608593,3100,67361,-64261,-431969,0.5
1900-01-25 06:14:45,7832.0,144780,7832.5,676135,1050,7825,-6775,-531355,0.5
1900-01-25 06:15:00,7837.5,449596,7838.0,146203,206530,10079,196451,303393,0.5
1900-01-25 06:15:15,7837.5,384832,7838.0,467882,11167,2110,9057,-83050,0.5
1900-01-25 06:15:30,7837.5,403848,7838.0,509270,3034,14114,-11080,-105422,0.5
1900-01-25 06:15:45,7837.5,432723,7838.0,484032,24913,2000,22913,-51309,0.5
1900-01-25 06:16:00,7837.5,579119,7838.0,75154,5800,69927,-64127,503965,0.5
1900-01-25 06:16:15,7838.5,319090,7839.0,512387,75980,5652,70328,-193297,0.5
1900-01-25 06:16:30,7838.5,689207,7839.0,190563,58013,7171,50842,498644,0.5
1900-01-25 06:16:45,7839.5,645416,7840.0,132493,66301,7800,58501,512923,0.5
1900-01-25 06:17:00,7839.5,643460,7840.0,170804,34892,540,34352,472656,0.5
1900-01-25 06:17:15,7839.5,113619,7840.0,899161,4190,103424,-99234,-785542,0.5
1900-01-25 06:17:30,7839.0,3393,7839.5,720796,6388,11524,-5136,-717403,0.5
1900-01-25 06:17:45,7838.5,70490,7839.0,612301,6502,8760,-2258,-541811,0.5
1900-01-25 06:18:00,7836.5,139094,7837.0,623183,27690,22864,4826,-484089,0.5
1900-01-25 06:18:15,7835.0,52539,7835.5,691952,13,5044,-5031,-639413,0.5
1900-01-25 06:18:30,7835.0,40498,7835.5,730646,11620,13060,-1440,-690148,0.5
1900-01-25 06:18:45,7833.5,1180562,7834.0,75999,16915,58379,-41464,1104563,0.5
1900-01-25 06:19:00,7833.5,1176613,7834.0,45892,19424,1100,18324,1130721,0.5
1900-01-25 06:19:15,7833.5,1243253,7834.0,35388,5788,475,5313,1207865,0.5
1900-01-25 06:19:30,7834.0,1194078,7834.5,1893,31608,475,31133,1192185,0.5
1900-01-25 06:19:45,7835.0,704090,7835.5,67413,13674,10970,2704,636677,0.5
1900-01-25 06:20:00,7835.0,1364467,7835.5,77056,21976,1350,20626,1287411,0.5
1900-01-25 06:20:15,7836.0,1203209,7836.5,106080,1372,60,1312,1097129,0.5
1900-01-25 06:20:30,7837.5,611760,7838.0,17376,31917,60,31857,594384,0.5
1900-01-25 06:20:45,7837.5,692564,7838.0,32780,16204,18907,-2703,659784,0.5
1900-01-25 06:21:00,7837.5,877573,7838.0,263373,47578,3001,44577,614200,0.5
1900-01-25 06:21:15,7837.5,911159,7838.0,17907,14761,464,14297,893252,0.5
1900-01-25 06:21:30,7840.0,1203949,7840.5,25952,37031,5686,31345,1177997,0.5
1900-01-25 06:21:45,7841.0,951087,7841.5,130377,6849,3635,3214,820710,0.5
1900-01-25 06:22:00,7842.0,1187365,7842.5,63304,71662,130,71532,1124061,0.5
1900-01-25 06:22:15,7843.5,1179344,7844.0,55569,19106,120,18986,1123775,0.5
1900-01-25 06:22:30,7844.5,327269,7845.0,435577,98928,6814,92114,-108308,0.5
1900-01-25 06:22:45,7844.5,936650,7845.0,236911,56174,1357,54817,699739,0.5
1900-01-25 06:23:00,7844.5,610639,7845.0,295199,39054,44171,-5117,315440,0.5
1900-01-25 06:23:15,7844.5,691425,7845.0,422339,11324,44171,-32847,269086,0.5
1900-01-25 06:23:30,7844.5,592258,7845.0,608107,29473,19040,10433,-15849,0.5
1900-01-25 06:23:45,7844.5,729487,7845.0,628533,6841,19433,-12592,100954,0.5
1900-01-25 06:24:00,7844.5,1069317,7845.0,465124,1869,2166,-297,604193,0.5
1900-01-25 06:24:15,7844.5,1073289,7845.0,62689,55748,276,55472,1010600,0.5
1900-01-25 06:24:30,7844.5,795903,7845.0,285469,25189,4032,21157,510434,0.5
1900-01-25 06:24:45,7844.5,881298,7845.0,390241,5500,405,5095,491057,0.5
1900-01-25 06:25:00,7844.5,748657,7845.0,471574,600,63041,-62441,277083,0.5
1900-01-25 06:25:15,7844.5,654355,7845.0,810599,3500,15729,-12229,-156244,0.5
1900-01-25 06:25:30,7844.5,582844,7845.0,1037753,5798,21631,-15833,-454909,0.5
1900-01-25 06:25:45,7844.5,56839,7845.0,1894371,3001,360741,-357740,-1837532,0.5
1900-01-25 06:26:00,7838.5,461779,7839.0,438557,9208,114122,-104914,23222,0.5
1900-01-25 06:26:15,7838.5,662105,7839.0,306193,9208,31518,-22310,355912,0.5
1900-01-25 06:26:30,7838.5,553505,7839.0,289710,1001,3110,-2109,263795,0.5
1900-01-25 06:26:45,7838.5,49733,7839.0,614092,11,29257,-29246,-564359,0.5
1900-01-25 06:27:00,7838.5,628435,7839.0,236249,1300,9574,-8274,392186,0.5
1900-01-25 06:27:15,7838.5,782504,7839.0,40314,22313,3164,19149,742190,0.5
1900-01-25 06:27:30,7839.5,837327,7840.0,60380,55482,3164,52318,776947,0.5
1900-01-25 06:27:45,7839.5,801484,7840.0,97315,34342,3164,31178,704169,0.5
1900-01-25 06:28:00,7840.0,927321,7840.5,39524,9815,1,9814,887797,0.5
1900-01-25 06:28:15,7841.0,1033411,7841.5,5449,23581,1,23580,1027962,0.5
1900-01-25 06:28:30,7841.5,1161772,7842.0,25179,34003,25,33978,1136593,0.5
1900-01-25 06:28:45,7842.5,1190584,7843.0,23890,8162,1460,6702,1166694,0.5
1900-01-25 06:29:00,7842.5,877057,7843.0,76735,5000,501,4499,800322,0.5
1900-01-25 06:29:15,7842.5,955033,7843.0,56743,14034,1,14033,898290,0.5
1900-01-25 06:29:30,7842.5,1359088,7843.0,19188,2468,2835,-367,1339900,0.5
1900-01-25 06:29:45,7844.0,783826,7844.5,245668,48732,220,48512,538158,0.5
1900-01-25 06:30:00,7844.0,1320853,7844.5,159650,80890,948,79942,1161203,0.5
1900-01-25 06:30:15,7844.0,1463802,7844.5,150077,19000,2550,16450,1313725,0.5
1900-01-25 06:30:30,7844.0,1634981,7844.5,105551,43565,23810,19755,1529430,0.5
1900-01-25 06:30:45,7844.5,1628998,7845.0,379891,39348,10606,28742,1249107,0.5
1900-01-25 06:31:00,7849.0,1145346,7849.5,43276,220844,140,220704,1102070,0.5
1900-01-25 06:31:15,7851.0,451202,7851.5,151905,735793,47911,687882,299297,0.5
1900-01-25 06:31:30,7850.5,363351,7851.0,514953,120741,21501,99240,-151602,0.5
1900-01-25 06:31:45,7850.5,270241,7851.0,632359,20223,102484,-82261,-362118,0.5
1900-01-25 06:32:00,7850.5,338177,7851.0,817784,19440,51200,-31760,-479607,0.5
1900-01-25 06:32:15,7850.5,219987,7851.0,833474,2739,41698,-38959,-613487,0.5
1900-01-25 06:32:30,7850.5,756071,7851.0,214918,142399,21169,121230,541153,0.5
1900-01-25 06:32:45,7851.0,767184,7851.5,148505,143336,5,143331,618679,0.5
1900-01-25 06:33:00,7852.5,784032,7853.0,10664,118418,1140,117278,773368,0.5
1900-01-25 06:33:15,7860.0,17715,7860.5,34278,181100,44745,136355,-16563,0.5
1900-01-25 06:33:30,7867.0,25500,7867.5,912551,503811,183625,320186,-887051,0.5
1900-01-25 06:33:45,7864.0,57155,7864.5,568910,13398,374558,-361160,-511755,0.5
1900-01-25 06:34:00,7863.5,42068,7864.0,796887,14687,24543,-9856,-754819,0.5
1900-01-25 06:34:15,7862.5,75392,7863.0,649693,62300,91242,-28942,-574301,0.5
1900-01-25 06:34:30,7857.5,841329,7858.0,259720,43594,222416,-178822,581609,0.5
1900-01-25 06:34:45,7857.5,727453,7858.0,403833,8610,27130,-18520,323620,0.5
1900-01-25 06:35:00,7859.5,311303,7860.0,184902,137797,8054,129743,126401,0.5
1900-01-25 06:35:15,7860.0,1267530,7860.5,537538,51907,3703,48204,729992,0.5
1900-01-25 06:35:30,7860.0,1696616,7860.5,61871,311847,11035,300812,1634745,0.5
1900-01-25 06:35:45,7861.0,1433622,7861.5,23069,82617,23186,59431,1410553,0.5
1900-01-25 06:36:00,7861.5,259579,7862.0,341968,66750,18654,48096,-82389,0.5
1900-01-25 06:36:15,7861.5,83606,7862.0,718796,1816,99896,-98080,-635190,0.5
1900-01-25 06:36:30,7861.5,160710,7862.0,892546,16643,122409,-105766,-731836,0.5
1900-01-25 06:36:45,7860.0,42159,7860.5,696433,932,149985,-149053,-654274,0.5
1900-01-25 06:37:00,7860.0,611534,7860.5,506186,13290,11518,1772,105348,0.5
1900-01-25 06:37:15,7860.0,900797,7860.5,317493,23340,3647,19693,583304,0.5
1900-01-25 06:37:30,7860.0,546111,7860.5,484588,4650,6200,-1550,61523,0.5
1900-01-25 06:37:45,7860.0,211518,7860.5,1219117,55000,35921,19079,-1007599,0.5
1900-01-25 06:38:00,7858.5,12583,7859.0,931378,7000,87371,-80371,-918795,0.5
1900-01-25 06:38:15,7855.0,25568,7855.5,760755,3000,65251,-62251,-735187,0.5
1900-01-25 06:38:30,7853.0,661756,7853.5,226230,29683,122511,-92828,435526,0.5
1900-01-25 06:38:45,7853.0,836340,7853.5,193590,49681,22775,26906,642750,0.5
1900-01-25 06:39:00,7853.0,1387222,7853.5,58040,44651,23071,21580,1329182,0.5
1900-01-25 06:39:15,7854.5,263851,7855.0,554616,35286,69700,-34414,-290765,0.5
1900-01-25 06:39:30,7854.5,124809,7855.0,631307,1600,50236,-48636,-506498,0.5
1900-01-25 06:39:45,7854.5,637689,7855.0,545938,5416,2040,3376,91751,0.5
1900-01-25 06:40:00,7854.5,994057,7855.0,171666,64735,2346,62389,822391,0.5
1900-01-25 06:40:15,7854.5,1255361,7855.0,176488,3988,1709,2279,1078873,0.5
1900-01-25 06:40:30,7856.5,837738,7857.0,50982,97372,254,97118,786756,0.5
1900-01-25 06:40:45,7859.5,1265021,7860.0,125755,123511,11618,111893,1139266,0.5
1900-01-25 06:41:00,7861.5,687792,7862.0,78321,80519,1644,78875,609471,0.5
1900-01-25 06:41:15,7863.0,1770266,7863.5,106705,58398,20476,37922,1663561,0.5
1900-01-25 06:41:30,7863.5,407594,7864.0,408735,103699,2000,101699,-1141,0.5
1900-01-25 06:41:45,7863.5,340286,7864.0,621166,33244,11777,21467,-280880,0.5
1900-01-25 06:42:00,7861.5,5097,7862.0,328870,5842,191585,-185743,-323773,0.5
1900-01-25 06:42:15,7857.0,49,7857.5,550240,6985,150245,-143260,-550191,0.5
1900-01-25 06:42:30,7855.5,832677,7856.0,404311,11234,33004,-21770,428366,0.5
1900-01-25 06:42:45,7854.5,7624,7855.0,679366,4442,16869,-12427,-671742,0.5
1900-01-25 06:43:00,7851.5,3609,7852.0,601615,3819,49048,-45229,-598006,0.5
1900-01-25 06:43:15,7850.0,384671,7850.5,454191,4570,61422,-56852,-69520,0.5
1900-01-25 06:43:30,7849.5,368299,7850.0,459130,4600,36420,-31820,-90831,0.5
1900-01-25 06:43:45,7849.5,350805,7850.0,562933,6802,55368,-48566,-212128,0.5
1900-01-25 06:44:00,7849.5,462277,7850.0,570716,61165,34359,26806,-108439,0.5
1900-01-25 06:44:15,7849.5,435692,7850.0,781595,8033,12472,-4439,-345903,0.5
1900-01-25 06:44:30,7849.5,38284,7850.0,1116811,2350,47357,-45007,-1078527,0.5
1900-01-25 06:44:45,7848.0,63394,7848.5,938380,1,75672,-75671,-874986,0.5
1900-01-25 06:45:00,7846.0,22183,7846.5,980615,1001,304213,-303212,-958432,0.5
1900-01-25 06:45:15,7845.0,639017,7845.5,401081,257,56412,-56155,237936,0.5
1900-01-25 06:45:30,7845.0,256386,7845.5,849068,297378,208362,89016,-592682,0.5
1900-01-25 06:45:45,7845.0,723355,7845.5,409456,15515,5592,9923,313899,0.5
1900-01-25 06:46:00,7847.5,635549,7848.0,170637,144216,10100,134116,464912,0.5
1900-01-25 06:46:15,7849.0,712967,7849.5,250135,51067,8574,42493,462832,0.5
1900-01-25 06:46:30,7849.5,1297590,7850.0,80661,39912,13610,26302,1216929,0.5
1900-01-25 06:46:45,7849.5,1164241,7850.0,141581,66323,5766,60557,1022660,0.5
1900-01-25 06:47:00,7851.5,619522,7852.0,214426,58424,100,58324,405096,0.5
1900-01-25 06:47:15,7849.5,536952,7850.0,384154,56836,12202,44634,152798,0.5
1900-01-25 06:47:30,7852.0,496045,7852.5,5642,16485,236,16249,490403,0.5
1900-01-25 06:47:45,7854.0,359903,7854.5,998129,44753,6047,38706,-638226,0.5
1900-01-25 06:48:00,7854.0,604189,7854.5,126225,21040,42850,-21810,477964,0.5
1900-01-25 06:48:15,7854.5,1166346,7855.0,122011,43860,100,43760,1044335,0.5
1900-01-25 06:48:30,7858.0,504560,7858.5,442254,69330,2315,67015,62306,0.5
1900-01-25 06:48:45,7858.0,957164,7858.5,35507,33987,22516,11471,921657,0.5
1900-01-25 06:49:00,7859.0,962409,7859.5,124159,163013,5593,157420,838250,0.5
1900-01-25 06:49:15,7859.0,1029707,7859.5,23946,102455,450,102005,1005761,0.5
1900-01-25 06:49:30,7859.5,893,7860.0,1077585,66433,45754,20679,-1076692,0.5
1900-01-25 06:49:45,7858.0,630489,7858.5,139048,1011,96653,-95642,491441,0.5
1900-01-25 06:50:00,7858.0,839708,7858.5,154250,1138,3544,-2406,685458,0.5
1900-01-25 06:50:15,7858.5,1464468,7859.0,26,57817,13000,44817,1464442,0.5
1900-01-25 06:50:30,7862.0,1239151,7862.5,4151,84918,1576,83342,1235000,0.5
1900-01-25 06:50:45,7864.0,691481,7864.5,330665,234519,251,234268,360816,0.5
1900-01-25 06:51:00,7864.0,2173102,7864.5,28947,294972,9041,285931,2144155,0.5
1900-01-25 06:51:15,7869.5,1830413,7870.0,71714,282434,5644,276790,1758699,0.5
1900-01-25 06:51:30,7872.0,1182906,7872.5,626075,159006,10595,148411,556831,0.5
1900-01-25 06:51:45,7869.5,221054,7870.0,733155,144688,113461,31227,-512101,0.5
1900-01-25 06:52:00,7869.5,1232228,7870.0,145923,83066,48774,34292,1086305,0.5
1900-01-25 06:52:15,7872.0,1382044,7872.5,145177,57868,46608,11260,1236867,0.5
1900-01-25 06:52:30,7873.5,1333814,7874.0,296658,139957,3000,136957,1037156,0.5
1900-01-25 06:52:45,7874.0,1493039,7874.5,11208,190236,13550,176686,1481831,0.5
1900-01-25 06:53:00,7877.5,997430,7878.0,553397,523925,57488,466437,444033,0.5
1900-01-25 06:53:15,7877.5,840067,7878.0,977333,267679,11439,256240,-137266,0.5
1900-01-25 06:53:30,7877.5,361578,7878.0,1012641,90616,245310,-154694,-651063,0.5
1900-01-25 06:53:45,7877.5,1041658,7878.0,838870,6465,58908,-52443,202788,0.5
1900-01-25 06:54:00,7877.5,883174,7878.0,901314,170650,8784,161866,-18140,0.5
1900-01-25 06:54:15,7879.0,1598885,7879.5,146316,340105,89035,251070,1452569,0.5
1900-01-25 06:54:30,7879.0,461538,7879.5,481790,257696,44000,213696,-20252,0.5
1900-01-25 06:54:45,7875.0,32560,7875.5,844470,154413,675458,-521045,-811910,0.5
1900-01-25 06:55:00,7875.5,1478459,7876.0,49454,79933,59752,20181,1429005,0.5
1900-01-25 06:55:15,7879.5,1166543,7880.0,327333,221070,48961,172109,839210,0.5
1900-01-25 06:55:30,7879.5,832107,7880.0,197353,178044,16795,161249,634754,0.5
1900-01-25 06:55:45,7879.5,1201013,7880.0,223934,17233,35463,-18230,977079,0.5
1900-01-25 06:56:00,7881.5,726020,7882.0,516082,136492,27690,108802,209938,0.5
1900-01-25 06:56:15,7880.5,26530,7881.0,1020201,55929,553193,-497264,-993671,0.5
1900-01-25 06:56:30,7877.0,38061,7877.5,1179191,36570,195489,-158919,-1141130,0.5
1900-01-25 06:56:45,7874.5,7444,7875.0,1150769,25178,122126,-96948,-1143325,0.5
1900-01-25 06:57:00,7873.0,936051,7873.5,509166,81311,39956,41355,426885,0.5
1900-01-25 06:57:15,7873.0,1043866,7873.5,422387,8993,36473,-27480,621479,0.5
1900-01-25 06:57:30,7873.0,1126202,7873.5,190672,128800,5739,123061,935530,0.5
1900-01-25 06:57:45,7874.0,1007873,7874.5,630,57286,6350,50936,1007243,0.5
1900-01-25 06:58:00,7876.5,514896,7877.0,425535,182780,16771,166009,89361,0.5
1900-01-25 06:58:15,7876.5,796996,7877.0,220574,37108,16955,20153,576422,0.5
1900-01-25 06:58:30,7876.5,327486,7877.0,672655,15160,25500,-10340,-345169,0.5
1900-01-25 06:58:45,7876.5,663686,7877.0,727378,23981,7485,16496,-63692,0.5
1900-01-25 06:59:00,7876.5,1170300,7877.0,122053,93959,3272,90687,1048247,0.5
1900-01-25 06:59:15,7879.5,577341,7880.0,237012,94953,1,94952,340329,0.5
1900-01-25 06:59:30,7882.0,298470,7882.5,380977,58491,23750,34741,-82507,0.5
1900-01-25 06:59:45,7882.5,989631,7883.0,12813,57491,1910,55581,976818,0.5
1900-01-25 07:00:00,7886.5,235145,7887.0,25751,187546,64494,123052,209394,0.5
1900-01-25 07:00:15,7888.5,988411,7889.0,240287,112909,14857,98052,748124,0.5
1900-01-25 07:00:30,7885.0,71939,7885.5,148073,166469,171319,-4850,-76134,0.5
1900-01-25 07:00:45,7876.5,192941,7877.0,201638,41956,98589,-56633,-8697,0.5
1900-01-25 07:01:00,7876.5,617753,7877.0,295244,24563,154956,-130393,322509,0.5
1900-01-25 07:01:15,7876.5,563770,7877.0,364523,37930,12789,25141,199247,0.5
1900-01-25 07:01:30,7876.5,648652,7877.0,355519,57940,24373,33567,293133,0.5
1900-01-25 07:01:45,7876.5,552270,7877.0,430758,10908,54916,-44008,121512,0.5
1900-01-25 07:02:00,7877.0,1172444,7877.5,86022,83629,128043,-44414,1086422,0.5
1900-01-25 07:02:15,7877.0,1766628,7877.5,121679,247034,38347,208687,1644949,0.5
1900-01-25 07:02:30,7877.5,880042,7878.0,35914,98653,4188,94465,844128,0.5
1900-01-25 07:02:45,7879.5,1132602,7880.0,492297,46958,5428,41530,640305,0.5
1900-01-25 07:03:00,7879.5,710188,7880.0,227209,61218,5038,56180,482979,0.5
1900-01-25 07:03:15,7881.0,797417,7881.5,4726,141858,2099,139759,792691,0.5
1900-01-25 07:03:30,7884.5,686599,7885.0,303423,136857,25650,111207,383176,0.5
1900-01-25 07:03:45,7885.0,1205474,7885.5,54557,140696,163111,-22415,1150917,0.5
1900-01-25 07:04:00,7887.0,433587,7887.5,29397,137317,58206,79111,404190,0.5
1900-01-25 07:04:15,7889.5,1221656,7890.0,17433,312537,34525,278012,1204223,0.5
1900-01-25 07:04:30,7894.5,1191489,7895.0,28926,837744,7384,830360,1162563,0.5
1900-01-25 07:04:45,7906.0,146749,7906.5,365095,1024021,119009,905012,-218346,0.5
1900-01-25 07:05:00,7882.5,71909,7883.0,37413,467828,1449883,-982055,34496,0.5
1900-01-25 07:05:15,7894.0,20960,7895.5,34500,575655,489168,86487,-13540,1.5
1900-01-25 07:05:30,7898.0,1645437,7898.5,80881,180666,129058,51608,1564556,0.5
1900-01-25 07:05:45,7902.0,222662,7902.5,385543,240483,78381,162102,-162881,0.5
1900-01-25 07:06:00,7898.0,64320,7898.5,362823,32658,125416,-92758,-298503,0.5
1900-01-25 07:06:15,7894.0,300,7894.5,267333,25810,149446,-123636,-267033,0.5
1900-01-25 07:06:30,7891.5,101686,7892.0,565260,42011,605209,-563198,-463574,0.5
1900-01-25 07:06:45,7891.5,616535,7892.0,383771,41150,90910,-49760,232764,0.5
1900-01-25 07:07:00,7896.5,520127,7897.0,125695,77786,71999,5787,394432,0.5
1900-01-25 07:07:15,7896.5,215063,7897.0,318626,30277,28781,1496,-103563,0.5
1900-01-25 07:07:30,7895.0,258179,7895.5,493242,18428,183165,-164737,-235063,0.5
1900-01-25 07:07:45,7894.5,531068,7895.0,571473,7144,121800,-114656,-40405,0.5
1900-01-25 07:08:00,7894.0,494713,7894.5,498056,19651,25490,-5839,-3343,0.5
1900-01-25 07:08:15,7896.5,429339,7897.0,36932,171929,4157,167772,392407,0.5
1900-01-25 07:08:30,7898.5,360306,7899.0,271883,717833,213966,503867,88423,0.5
1900-01-25 07:08:45,7903.0,597474,7903.5,10632,468887,40688,428199,586842,0.5
1900-01-25 07:09:00,7905.5,391116,7906.0,38205,325967,15905,310062,352911,0.5
1900-01-25 07:09:15,7907.5,150358,7908.0,30886,359718,83145,276573,119472,0.5
1900-01-25 07:09:30,7910.0,68533,7910.5,66707,321970,266258,55712,1826,0.5
1900-01-25 07:09:45,7904.0,1897393,7904.5,22410,104925,68098,36827,1874983,0.5
1900-01-25 07:10:00,7907.5,52,7908.0,39795,405760,99562,306198,-39743,0.5
1900-01-25 07:10:15,7905.5,44536,7906.0,810041,108160,343092,-234932,-765505,0.5
1900-01-25 07:10:30,7900.5,13560,7901.0,845837,125346,362120,-236774,-832277,0.5
1900-01-25 07:10:45,7900.5,117020,7901.0,625334,18434,73954,-55520,-508314,0.5
1900-01-25 07:11:00,7899.0,636910,7899.5,112738,131571,115526,16045,524172,0.5
1900-01-25 07:11:15,7900.5,886852,7901.0,195941,59898,63225,-3327,690911,0.5
1900-01-25 07:11:30,7900.0,672626,7900.5,177071,96030,14065,81965,495555,0.5
1900-01-25 07:11:45,7895.0,94724,7895.5,436858,28117,163840,-135723,-342134,0.5
1900-01-25 07:12:00,7890.0,352326,7890.5,410575,10848,414469,-403621,-58249,0.5
1900-01-25 07:12:15,7890.0,551887,7890.5,399027,92600,20934,71666,152860,0.5
1900-01-25 07:12:30,7890.0,779611,7890.5,166088,160976,22091,138885,613523,0.5
1900-01-25 07:12:45,7890.0,982239,7890.5,33065,156521,36141,120380,949174,0.5
1900-01-25 07:13:00,7890.5,116410,7891.0,413489,27036,85300,-58264,-297079,0.5
1900-01-25 07:13:15,7890.5,162774,7891.0,487676,65937,87376,-21439,-324902,0.5
1900-01-25 07:13:30,7890.5,322814,7891.0,496146,17637,114137,-96500,-173332,0.5
1900-01-25 07:13:45,7890.5,123092,7891.0,1519102,1915,94524,-92609,-1396010,0.5
1900-01-25 07:14:00,7887.0,110113,7887.5,900086,6788,338848,-332060,-789973,0.5
1900-01-25 07:14:15,7885.5,519479,7886.0,238040,30510,307575,-277065,281439,0.5
1900-01-25 07:14:30,7886.0,585158,7886.5,241761,35166,53962,-18796,343397,0.5
1900-01-25 07:14:45,7887.0,999088,7887.5,32935,31490,5303,26187,966153,0.5
1900-01-25 07:15:00,7893.5,257156,7894.0,16749,126727,24736,101991,240407,0.5
1900-01-25 07:15:15,7891.5,548867,7892.0,517884,27108,39951,-12843,30983,0.5
1900-01-25 07:15:30,7894.5,650495,7895.0,128752,33082,67069,-33987,521743,0.5
1900-01-25 07:15:45,7894.5,678711,7895.0,43286,62601,21073,41528,635425,0.5
1900-01-25 07:16:00,7897.5,369080,7898.0,60501,111830,21454,90376,308579,0.5
1900-01-25 07:16:15,7899.5,397570,7900.0,152338,60384,7872,52512,245232,0.5
1900-01-25 07:16:30,7902.5,579489,7903.0,88364,165919,15539,150380,491125,0.5
1900-01-25 07:16:45,7904.5,725298,7905.0,55605,202316,45182,157134,669693,0.5
1900-01-25 07:17:00,7900.5,410050,7901.0,247441,116038,386848,-270810,162609,0.5
1900-01-25 07:17:15,7899.5,8938,7900.0,487411,24826,30364,-5538,-478473,0.5
1900-01-25 07:17:30,7895.0,204553,7895.5,276524,140188,236220,-96032,-71971,0.5
1900-01-25 07:17:45,7893.0,51685,7893.5,360690,20978,90373,-69395,-309005,0.5
1900-01-25 07:18:00,7890.0,702853,7890.5,158966,3501,97365,-93864,543887,0.5
1900-01-25 07:18:15,7890.0,251607,7890.5,298970,15181,14071,1110,-47363,0.5
1900-01-25 07:18:30,7890.0,442250,7890.5,415890,100950,20288,80662,26360,0.5
1900-01-25 07:18:45,7890.0,89859,7890.5,662085,1676,36030,-34354,-572226,0.5
1900-01-25 07:19:00,7888.5,497302,7889.0,938633,56101,54890,1211,-441331,0.5
1900-01-25 07:19:15,7883.0,327528,7883.5,359091,13413,464627,-451214,-31563,0.5
1900-01-25 07:19:30,7881.5,377355,7882.0,911884,15957,471022,-455065,-534529,0.5
1900-01-25 07:19:45,7876.0,276808,7876.5,170142,18277,576439,-558162,106666,0.5
1900-01-25 07:20:00,7883.0,106231,7883.5,345970,258758,44824,213934,-239739,0.5
1900-01-25 07:20:15,7883.0,723816,7883.5,152453,125928,6159,119769,571363,0.5
1900-01-25 07:20:30,7888.0,82751,7888.5,620421,109582,32021,77561,-537670,0.5
1900-01-25 07:20:45,7885.0,69142,7885.5,692282,33040,93302,-60262,-623140,0.5
1900-01-25 07:21:00,7882.0,188424,7882.5,636293,30343,57955,-27612,-447869,0.5
1900-01-25 07:21:15,7880.0,186974,7880.5,659283,730,88962,-88232,-472309,0.5
1900-01-25 07:21:30,7884.0,333808,7884.5,557457,83894,38555,45339,-223649,0.5
1900-01-25 07:21:45,7884.0,685390,7884.5,163701,53161,84765,-31604,521689,0.5
1900-01-25 07:22:00,7884.0,652706,7884.5,161035,49627,32312,17315,491671,0.5
1900-01-25 07:22:15,7884.0,730475,7884.5,231172,16326,4614,11712,499303,0.5
1900-01-25 07:22:30,7884.0,1241698,7884.5,770974,704,10034,-9330,470724,0.5
1900-01-25 07:22:45,7884.0,1523198,7884.5,73081,102082,25584,76498,1450117,0.5
1900-01-25 07:23:00,7884.5,1840278,7885.0,116216,118478,55028,63450,1724062,0.5
1900-01-25 07:23:15,7884.5,1824526,7885.0,34968,66044,15622,50422,1789558,0.5
1900-01-25 07:23:30,7885.5,356388,7886.0,552684,115920,41498,74422,-196296,0.5
1900-01-25 07:23:45,7885.5,303645,7886.0,791030,22201,26459,-4258,-487385,0.5
1900-01-25 07:24:00,7885.5,689674,7886.0,291251,9617,25571,-15954,398423,0.5
1900-01-25 07:24:15,7885.5,709011,7886.0,343019,23440,36889,-13449,365992,0.5
1900-01-25 07:24:30,7888.5,1342512,7889.0,19617,48115,17233,30882,1322895,0.5
1900-01-25 07:24:45,7889.0,889456,7889.5,115207,18572,8595,9977,774249,0.5
1900-01-25 07:25:00,7889.0,949210,7889.5,191642,212231,212793,-562,757568,0.5
1900-01-25 07:25:15,7889.5,972564,7890.0,27348,49353,6766,42587,945216,0.5
1900-01-25 07:25:30,7894.5,608043,7895.0,98797,234376,21144,213232,509246,0.5
1900-01-25 07:25:45,7895.0,1120527,7895.5,78202,200196,14592,185604,1042325,0.5
1900-01-25 07:26:00,7903.5,152229,7904.0,486451,174540,14360,160180,-334222,0.5
1900-01-25 07:26:15,7894.0,51086,7895.0,113879,129552,284771,-155219,-62793,1.0
1900-01-25 07:26:30,7894.0,222919,7894.5,534488,34899,100825,-65926,-311569,0.5
1900-01-25 07:26:45,7896.0,1084593,7896.5,45309,76443,20616,55827,1039284,0.5
1900-01-25 07:27:00,7896.0,753112,7896.5,139947,3089,39054,-35965,613165,0.5
1900-01-25 07:27:15,7896.5,331401,7897.0,239890,44811,57666,-12855,91511,0.5
1900-01-25 07:27:30,7896.5,617418,7897.0,11358,24805,20418,4387,606060,0.5
1900-01-25 07:27:45,7900.5,416924,7901.0,65051,79416,17896,61520,351873,0.5
1900-01-25 07:28:00,7897.0,492342,7897.5,264177,57896,45954,11942,228165,0.5
1900-01-25 07:28:15,7896.5,604512,7897.0,211338,34251,50104,-15853,393174,0.5
1900-01-25 07:28:30,7896.5,3707,7897.0,881084,36160,46990,-10830,-877377,0.5
1900-01-25 07:28:45,7894.5,17450,7895.0,935540,6558,25227,-18669,-918090,0.5
1900-01-25 07:29:00,7894.0,216825,7894.5,406244,119892,26044,93848,-189419,0.5
1900-01-25 07:29:15,7892.5,546380,7893.0,291309,61997,44882,17115,255071,0.5
1900-01-25 07:29:30,7894.5,546663,7895.0,56240,54464,29378,25086,490423,0.5
1900-01-25 07:29:45,7896.5,759171,7897.0,247829,117661,15668,101993,511342,0.5
1900-01-25 07:30:00,7897.5,122987,7898.0,378923,214082,50090,163992,-255936,0.5
1900-01-25 07:30:15,7897.0,190094,7897.5,1005207,33619,37352,-3733,-815113,0.5
1900-01-25 07:30:30,7897.0,233848,7897.5,1058955,1610,78590,-76980,-825107,0.5
1900-01-25 07:30:45,7896.5,9953,7897.0,864910,3,34426,-34423,-854957,0.5
1900-01-25 07:31:00,7895.0,30350,7895.5,367262,3705,30119,-26414,-336912,0.5
1900-01-25 07:31:15,7895.0,8962,7895.5,943481,13115,33015,-19900,-934519,0.5
1900-01-25 07:31:30,7888.0,30777,7888.5,170967,3864,52072,-48208,-140190,0.5
1900-01-25 07:31:45,7882.0,893859,7882.5,147961,8089,280938,-272849,745898,0.5
1900-01-25 07:32:00,7884.0,195034,7884.5,624347,74362,21416,52946,-429313,0.5
1900-01-25 07:32:15,7882.0,894839,7882.5,134892,11200,52662,-41462,759947,0.5
1900-01-25 07:32:30,7882.0,96043,7882.5,651978,22129,30990,-8861,-555935,0.5
1900-01-25 07:32:45,7880.0,5600,7880.5,1102081,11712,208605,-196893,-1096481,0.5
1900-01-25 07:33:00,7878.5,649261,7879.0,824916,4513,28180,-23667,-175655,0.5
1900-01-25 07:33:15,7878.5,703923,7879.0,443796,48160,91643,-43483,260127,0.5
1900-01-25 07:33:30,7881.5,874123,7882.0,182839,98622,60640,37982,691284,0.5
1900-01-25 07:33:45,7881.5,851609,7882.0,102778,194200,10309,183891,748831,0.5
1900-01-25 07:34:00,7882.0,1346304,7882.5,58193,156047,9168,146879,1288111,0.5
1900-01-25 07:34:15,7882.0,120115,7882.5,904720,50063,4782,45281,-784605,0.5
1900-01-25 07:34:30,7882.0,22533,7882.5,1488241,15697,35608,-19911,-1465708,0.5
1900-01-25 07:34:45,7881.5,79353,7882.0,1956090,11862,118887,-107025,-1876737,0.5
1900-01-25 07:35:00,7878.0,33161,7878.5,1631450,7443,597520,-590077,-1598289,0.5
1900-01-25 07:35:15,7876.5,620517,7877.0,860506,5501,50117,-44616,-239989,0.5
1900-01-25 07:35:30,7876.5,832817,7877.0,775102,3000,11397,-8397,57715,0.5
1900-01-25 07:35:45,7876.5,380513,7877.0,991656,46511,126544,-80033,-611143,0.5
1900-01-25 07:36:00,7876.5,737454,7877.0,550417,10811,9868,943,187037,0.5
1900-01-25 07:36:15,7876.5,212947,7877.0,1380206,15979,70015,-54036,-1167259,0.5
1900-01-25 07:36:30,7876.5,187589,7877.0,876918,8501,57764,-49263,-689329,0.5
1900-01-25 07:36:45,7876.5,54229,7877.0,993010,897,47175,-46278,-938781,0.5
1900-01-25 07:37:00,7876.0,122175,7876.5,1045122,29624,31962,-2338,-922947,0.5
1900-01-25 07:37:15,7876.0,767199,7876.5,723402,5922,13891,-7969,43797,0.5
1900-01-25 07:37:30,7876.0,1118431,7876.5,323429,22782,2,22780,795002,0.5
1900-01-25 07:37:45,7876.0,368850,7876.5,885963,41209,16170,25039,-517113,0.5
1900-01-25 07:38:00,7876.0,311225,7876.5,961018,41704,30055,11649,-649793,0.5
1900-01-25 07:38:15,7876.0,866982,7876.5,308894,105339,21460,83879,558088,0.5
1900-01-25 07:38:30,7876.0,934679,7876.5,209781,100362,4315,96047,724898,0.5
1900-01-25 07:38:45,7876.0,592585,7876.5,744589,8736,7166,1570,-152004,0.5
1900-01-25 07:39:00,7876.0,323616,7876.5,850114,7815,4398,3417,-526498,0.5
1900-01-25 07:39:15,7870.5,104435,7871.0,595865,21773,165238,-143465,-491430,0.5
1900-01-25 07:39:30,7870.0,448559,7870.5,558592,20947,230102,-209155,-110033,0.5
1900-01-25 07:39:45,7870.5,959406,7871.0,1828,48109,115659,-67550,957578,0.5
1900-01-25 07:40:00,7871.0,879739,7871.5,2360,37264,18298,18966,877379,0.5
1900-01-25 07:40:15,7872.0,632218,7872.5,77093,40698,57190,-16492,555125,0.5
1900-01-25 07:40:30,7872.0,337167,7872.5,647525,47311,10942,36369,-310358,0.5
1900-01-25 07:40:45,7871.5,35624,7872.0,1340018,222,99512,-99290,-1304394,0.5
1900-01-25 07:41:00,7867.5,205300,7868.0,269455,15001,257946,-242945,-64155,0.5
1900-01-25 07:41:15,7867.5,995323,7868.0,17953,58792,17948,40844,977370,0.5
1900-01-25 07:41:30,7867.0,561072,7867.5,915351,7949,63861,-55912,-354279,0.5
1900-01-25 07:41:45,7867.0,36522,7867.5,1110189,1231,30745,-29514,-1073667,0.5
1900-01-25 07:42:00,7859.5,946320,7860.0,19086,180527,438957,-258430,927234,0.5
1900-01-25 07:42:15,7860.5,834784,7861.0,497232,90889,93929,-3040,337552,0.5
1900-01-25 07:42:30,7860.5,959630,7861.0,668021,158959,62734,96225,291609,0.5
1900-01-25 07:42:45,7860.5,1043695,7861.0,893003,157286,48364,108922,150692,0.5
1900-01-25 07:43:00,7860.5,1089267,7861.0,982806,37235,53547,-16312,106461,0.5
1900-01-25 07:43:15,7860.5,1313914,7861.0,922969,36187,4595,31592,390945,0.5
1900-01-25 07:43:30,7863.5,1364138,7864.0,1810,580815,3000,577815,1362328,0.5
1900-01-25 07:43:45,7867.0,1022986,7867.5,73084,199620,19620,180000,949902,0.5
1900-01-25 07:44:00,7872.5,305988,7873.0,572597,285427,32906,252521,-266609,0.5
1900-01-25 07:44:15,7872.5,4372,7873.0,787786,51318,192441,-141123,-783414,0.5
1900-01-25 07:44:30,7871.5,11419,7872.0,1135358,15913,47062,-31149,-1123939,0.5
1900-01-25 07:44:45,7869.5,5772,7870.0,669635,29324,17372,11952,-663863,0.5
1900-01-25 07:45:00,7869.0,35836,7869.5,704333,4653,45758,-41105,-668497,0.5
1900-01-25 07:45:15,7868.5,14864,7869.0,1127212,13233,21634,-8401,-1112348,0.5
1900-01-25 07:45:30,7867.0,839413,7867.5,97127,207570,42184,165386,742286,0.5
1900-01-25 07:45:45,7867.0,738255,7867.5,368632,42506,30350,12156,369623,0.5
1900-01-25 07:46:00,7867.5,1354883,7868.0,70481,61679,1071,60608,1284402,0.5
1900-01-25 07:46:15,7872.5,718613,7873.0,6570,106175,8320,97855,712043,0.5
1900-01-25 07:46:30,7874.0,661985,7874.5,432258,258725,131654,127071,229727,0.5
1900-01-25 07:46:45,7874.5,1042110,7875.0,58364,97720,6908,90812,983746,0.5
1900-01-25 07:47:00,7875.0,1103267,7875.5,276870,47681,1020,46661,826397,0.5
1900-01-25 07:47:15,7876.0,1491889,7876.5,9454,14965,70153,-55188,1482435,0.5
1900-01-25 07:47:30,7876.5,1073461,7877.0,159160,22889,23690,-801,914301,0.5
1900-01-25 07:47:45,7877.0,1391947,7877.5,54720,89760,2101,87659,1337227,0.5
1900-01-25 07:48:00,7877.0,1389615,7877.5,36868,5410,1684,3726,1352747,0.5
1900-01-25 07:48:15,7877.0,856770,7877.5,616897,23244,9515,13729,239873,0.5
1900-01-25 07:48:30,7877.0,679690,7877.5,701444,1931,45505,-43574,-21754,0.5
1900-01-25 07:48:45,7877.0,851825,7877.5,720735,1001,30175,-29174,131090,0.5
1900-01-25 07:49:00,7877.0,826484,7877.5,703515,949,909,40,122969,0.5
1900-01-25 07:49:15,7878.0,1365281,7878.5,10209,9750,600,9150,1355072,0.5
1900-01-25 07:49:30,7878.5,549903,7879.0,528103,28813,26,28787,21800,0.5
1900-01-25 07:49:45,7878.5,997853,7879.0,327827,18032,9020,9012,670026,0.5
1900-01-25 07:50:00,7878.5,513809,7879.0,587579,15101,1565,13536,-73770,0.5
1900-01-25 07:50:15,7878.5,626772,7879.0,595532,3169,34,3135,31240,0.5
1900-01-25 07:50:30,7878.5,371539,7879.0,667258,10009,413,9596,-295719,0.5
1900-01-25 07:50:45,7878.5,666041,7879.0,670531,35198,44841,-9643,-4490,0.5
1900-01-25 07:51:00,7878.5,1515965,7879.0,35209,42453,2852,39601,1480756,0.5
1900-01-25 07:51:15,7879.5,295656,7880.0,633595,26901,38816,-11915,-337939,0.5
1900-01-25 07:51:30,7879.5,215192,7880.0,651712,306,29829,-29523,-436520,0.5
1900-01-25 07:51:45,7877.0,19323,7877.5,891572,3765,118701,-114936,-872249,0.5
1900-01-25 07:52:00,7876.0,83155,7876.5,690426,29305,35653,-6348,-607271,0.5
1900-01-25 07:52:15,7874.0,14160,7874.5,770733,2200,73375,-71175,-756573,0.5
1900-01-25 07:52:30,7870.0,82012,7870.5,552729,48,38452,-38404,-470717,0.5
1900-01-25 07:52:45,7866.5,744318,7867.0,316776,1509,150673,-149164,427542,0.5
1900-01-25 07:53:00,7868.5,15273,7869.0,804668,42556,25967,16589,-789395,0.5
1900-01-25 07:53:15,7868.5,11199,7869.0,817037,18351,9916,8435,-805838,0.5
1900-01-25 07:53:30,7868.0,606085,7868.5,354727,204,23320,-23116,251358,0.5
1900-01-25 07:53:45,7868.0,756300,7868.5,120086,43025,1000,42025,636214,0.5
1900-01-25 07:54:00,7868.0,938110,7868.5,88200,41506,1002,40504,849910,0.5
1900-01-25 07:54:15,7868.0,1384341,7868.5,248828,4144,21080,-16936,1135513,0.5
1900-01-25 07:54:30,7868.0,1407359,7868.5,244182,42669,3281,39388,1163177,0.5
1900-01-25 07:54:45,7868.0,1286824,7868.5,741409,73551,6036,67515,545415,0.5
1900-01-25 07:55:00,7868.0,1370871,7868.5,407494,13400,24800,-11400,963377,0.5
1900-01-25 07:55:15,7873.0,731208,7873.5,68494,80116,2235,77881,662714,0.5
1900-01-25 07:55:30,7873.0,867627,7873.5,108090,12551,57,12494,759537,0.5
1900-01-25 07:55:45,7873.0,1036180,7873.5,22065,104655,53150,51505,1014115,0.5
1900-01-25 07:56:00,7873.5,950539,7874.0,30482,173221,3819,169402,920057,0.5
1900-01-25 07:56:15,7873.5,499771,7874.0,196042,56776,17327,39449,303729,0.5
1900-01-25 07:56:30,7873.5,687154,7874.0,16608,29873,910,28963,670546,0.5
1900-01-25 07:56:45,7874.5,672282,7875.0,178772,88381,950,87431,493510,0.5
1900-01-25 07:57:00,7874.5,507155,7875.0,364370,10439,3792,6647,142785,0.5
1900-01-25 07:57:15,7874.5,488926,7875.0,538595,100,82,18,-49669,0.5
1900-01-25 07:57:30,7874.5,497414,7875.0,589699,6691,3252,3439,-92285,0.5
1900-01-25 07:57:45,7874.5,231960,7875.0,651114,45535,71777,-26242,-419154,0.5
1900-01-25 07:58:00,7874.5,588494,7875.0,536135,60,34500,-34440,52359,0.5
1900-01-25 07:58:15,7875.0,531829,7875.5,29744,108248,9424,98824,502085,0.5
1900-01-25 07:58:30,7876.5,948559,7877.0,29236,25066,20040,5026,919323,0.5
1900-01-25 07:58:45,7877.5,1299850,7878.0,20392,13615,999,12616,1279458,0.5
1900-01-25 07:59:00,7881.5,727870,7882.0,20939,188818,4650,184168,706931,0.5
1900-01-25 07:59:15,7884.0,632341,7884.5,76774,19856,259,19597,555567,0.5
1900-01-25 07:59:30,7884.5,901670,7885.0,415,25325,16164,9161,901255,0.5
1900-01-25 07:59:45,7885.0,662621,7885.5,209053,143894,82531,61363,453568,0.5
1900-01-25 08:00:00,7886.0,628837,7886.5,75012,38134,51326,-13192,553825,0.5
1900-01-25 08:00:15,7886.0,463600,7886.5,238805,46368,20504,25864,224795,0.5
1900-01-25 08:00:30,7886.0,756284,7886.5,207007,114715,3668,111047,549277,0.5
1900-01-25 08:00:45,7886.0,338513,7886.5,651472,17955,52013,-34058,-312959,0.5
1900-01-25 08:01:00,7886.0,598973,7886.5,772731,82325,36657,45668,-173758,0.5
1900-01-25 08:01:15,7886.5,1078018,7887.0,245216,128197,35105,93092,832802,0.5
1900-01-25 08:01:30,7886.5,1200464,7887.0,81492,174939,2852,172087,1118972,0.5
1900-01-25 08:01:45,7887.5,949413,7888.0,6635,68331,6852,61479,942778,0.5
1900-01-25 08:02:00,7895.5,501239,7896.0,216576,481225,15056,466169,284663,0.5
1900-01-25 08:02:15,7895.5,889144,7896.0,206954,208061,39090,168971,682190,0.5
1900-01-25 08:02:30,7895.5,1373069,7896.0,52900,24617,17722,6895,1320169,0.5
1900-01-25 08:02:45,7900.0,343794,7900.5,14992,124421,5932,118489,328802,0.5
1900-01-25 08:03:00,7901.5,299674,7902.0,388790,222514,120504,102010,-89116,0.5
1900-01-25 08:03:15,7903.0,354360,7903.5,45693,219537,187203,32334,308667,0.5
1900-01-25 08:03:30,7905.0,917788,7905.5,145875,260190,50002,210188,771913,0.5
1900-01-25 08:03:45,7909.5,539114,7910.0,706802,294014,152158,141856,-167688,0.5
1900-01-25 08:04:00,7909.5,809346,7910.0,199788,309191,74896,234295,609558,0.5
1900-01-25 08:04:15,7907.5,117834,7908.0,1041061,229379,275033,-45654,-923227,0.5
1900-01-25 08:04:30,7905.5,565803,7906.0,493127,91245,240068,-148823,72676,0.5
1900-01-25 08:04:45,7904.0,208270,7904.5,623877,99513,279547,-180034,-415607,0.5
1900-01-25 08:05:00,7904.0,30513,7904.5,998791,50742,167588,-116846,-968278,0.5
1900-01-25 08:05:15,7899.5,363989,7900.0,771996,1003,291107,-290104,-408007,0.5
1900-01-25 08:05:30,7899.0,273676,7899.5,838236,28288,104276,-75988,-564560,0.5
1900-01-25 08:05:45,7898.0,87871,7898.5,1057704,6533,134154,-127621,-969833,0.5
1900-01-25 08:06:00,7898.0,503751,7898.5,632007,2975,87750,-84775,-128256,0.5
1900-01-25 08:06:15,7898.0,560423,7898.5,664902,408,16300,-15892,-104479,0.5
1900-01-25 08:06:30,7903.5,782543,7904.0,81420,84702,70066,14636,701123,0.5
1900-01-25 08:06:45,7903.5,654468,7904.0,77501,56494,1635,54859,576967,0.5
1900-01-25 08:07:00,7903.5,707336,7904.0,399318,5020,2010,3010,308018,0.5
1900-01-25 08:07:15,7903.5,887590,7904.0,414835,45153,8115,37038,472755,0.5
1900-01-25 08:07:30,7903.5,941262,7904.0,245369,49093,431,48662,695893,0.5
1900-01-25 08:07:45,7903.5,1392695,7904.0,6240,113523,6435,107088,1386455,0.5
1900-01-25 08:08:00,7909.5,144701,7910.0,16717,153324,15613,137711,127984,0.5
1900-01-25 08:08:15,7915.5,118442,7916.0,132402,328206,6517,321689,-13960,0.5
1900-01-25 08:08:30,7916.5,670499,7917.0,73964,418994,16465,402529,596535,0.5
1900-01-25 08:08:45,7922.0,232084,7922.5,156365,511148,44368,466780,75719,0.5
1900-01-25 08:09:00,7920.0,44000,7920.5,538300,656686,326441,330245,-494300,0.5
1900-01-25 08:09:15,7920.0,595545,7920.5,16823,127093,199406,-72313,578722,0.5
1900-01-25 08:09:30,7921.5,392987,7922.0,475835,243940,174978,68962,-82848,0.5
1900-01-25 08:09:45,7917.0,840237,7917.5,414914,19240,384401,-365161,425323,0.5
1900-01-25 08:10:00,7917.0,9997,7917.5,589463,98316,162066,-63750,-579466,0.5
1900-01-25 08:10:15,7916.5,31912,7917.0,966801,70429,87169,-16740,-934889,0.5
1900-01-25 08:10:30,7916.5,731119,7917.0,493567,11741,246469,-234728,237552,0.5
1900-01-25 08:10:45,7917.5,865590,7918.0,588782,75354,21149,54205,276808,0.5
1900-01-25 08:11:00,7918.0,1176944,7918.5,17986,411206,9059,402147,1158958,0.5
1900-01-25 08:11:15,7922.0,578967,7922.5,71040,298917,96181,202736,507927,0.5
1900-01-25 08:11:30,7922.5,670315,7923.0,32505,179713,44308,135405,637810,0.5
1900-01-25 08:11:45,7927.0,646697,7927.5,201465,124840,16967,107873,445232,0.5
1900-01-25 08:12:00,7927.0,550081,7927.5,259934,169320,91697,77623,290147,0.5
1900-01-25 08:12:15,7927.0,943827,7927.5,86959,31859,170673,-138814,856868,0.5
1900-01-25 08:12:30,7927.5,981757,7928.0,831923,732532,86417,646115,149834,0.5
1900-01-25 08:12:45,7930.5,1189789,7931.0,113041,1147435,101296,1046139,1076748,0.5
1900-01-25 08:13:00,7934.5,284063,7935.0,554159,428973,129636,299337,-270096,0.5
1900-01-25 08:13:15,7934.5,320734,7935.0,185674,186721,1315578,-1128857,135060,0.5
1900-01-25 08:13:30,7934.5,415397,7935.0,77374,94197,150109,-55912,338023,0.5
1900-01-25 08:13:45,7935.5,962680,7936.0,1071583,68238,88355,-20117,-108903,0.5
1900-01-25 08:14:00,7934.0,156246,7934.5,99252,124887,471166,-346279,56994,0.5
1900-01-25 08:14:15,7931.5,615982,7932.0,13625,15850,171381,-155531,602357,0.5
1900-01-25 08:14:30,7933.5,1198042,7934.0,18092,31011,51872,-20861,1179950,0.5
1900-01-25 08:14:45,7934.5,1363184,7935.0,48351,10436,41412,-30976,1314833,0.5
1900-01-25 08:15:00,7933.5,464598,7934.0,456879,326959,404149,-77190,7719,0.5
1900-01-25 08:15:15,7934.5,1088490,7935.0,35379,176203,615909,-439706,1053111,0.5
1900-01-25 08:15:30,7934.5,13461,7935.0,342951,23136,169743,-146607,-329490,0.5
1900-01-25 08:15:45,7934.5,470460,7935.0,565417,63880,412847,-348967,-94957,0.5
1900-01-25 08:16:00,7933.5,1601,7934.0,379448,17900,232187,-214287,-377847,0.5
1900-01-25 08:16:15,7933.5,409523,7934.0,478224,2634,461949,-459315,-68701,0.5
1900-01-25 08:16:30,7933.5,34303,7934.0,1016229,54224,54435,-211,-981926,0.5
1900-01-25 08:16:45,7932.0,14232,7932.5,482655,63332,478406,-415074,-468423,0.5
1900-01-25 08:17:00,7930.0,248999,7930.5,310301,2431,732794,-730363,-61302,0.5
1900-01-25 08:17:15,7927.5,116354,7928.0,656735,6406,811349,-804943,-540381,0.5
1900-01-25 08:17:30,7925.0,917590,7925.5,520968,20918,405483,-384565,396622,0.5
1900-01-25 08:17:45,7925.0,1323361,7925.5,348817,86167,19403,66764,974544,0.5
1900-01-25 08:18:00,7925.0,1267044,7925.5,359691,29675,45612,-15937,907353,0.5
1900-01-25 08:18:15,7934.5,1014345,7935.0,77718,121010,313540,-192530,936627,0.5
1900-01-25 08:18:30,7941.0,465526,7941.5,39687,665673,153597,512076,425839,0.5
1900-01-25 08:18:45,7939.0,322127,7939.5,141029,540028,241562,298466,181098,0.5
1900-01-25 08:19:00,7944.5,343069,7945.0,221411,108987,58134,50853,121658,0.5
1900-01-25 08:19:15,7951.5,816489,7952.0,132951,480030,138257,341773,683538,0.5
1900-01-25 08:19:30,7961.0,66239,7962.5,6000,2163390,349941,1813449,60239,1.5
1900-01-25 08:19:45,7975.5,274190,7976.0,227052,699257,198250,501007,47138,0.5
1900-01-25 08:20:00,7979.0,4304,7979.5,58986,900880,232686,668194,-54682,0.5
1900-01-25 08:20:15,7970.5,83390,7971.0,732668,225343,505785,-280442,-649278,0.5
1900-01-25 08:20:30,7979.5,895379,7980.0,381613,812468,374960,437508,513766,0.5
1900-01-25 08:20:45,7999.5,123385,8000.0,702387,2111749,44892,2066857,-579002,0.5
1900-01-25 08:21:00,8010.0,24196,8012.0,61918,2096535,382827,1713708,-37722,2.0
1900-01-25 08:21:15,7996.0,25343,7997.0,19,675331,241737,433594,25324,1.0
1900-01-25 08:21:30,7990.0,10801,7990.5,9186,227402,625799,-398397,1615,0.5
1900-01-25 08:21:45,7984.5,534107,7985.0,137051,165976,908059,-742083,397056,0.5
1900-01-25 08:22:00,7975.5,253315,7976.0,500924,107811,429198,-321387,-247609,0.5
1900-01-25 08:22:15,7976.5,730177,7977.0,136043,381766,787296,-405530,594134,0.5
1900-01-25 08:22:30,7982.5,613685,7983.0,20224,568609,15113,553496,593461,0.5
1900-01-25 08:22:45,7985.5,6454,7986.0,185453,475598,210101,265497,-178999,0.5
1900-01-25 08:23:00,7987.0,27169,7987.5,70398,126880,207912,-81032,-43229,0.5
1900-01-25 08:23:15,7988.0,100901,7988.5,828581,176657,281920,-105263,-727680,0.5
1900-01-25 08:23:30,7982.0,556913,7982.5,184632,58120,198568,-140448,372281,0.5
1900-01-25 08:23:45,7983.0,393899,7983.5,696859,184453,152210,32243,-302960,0.5
1900-01-25 08:24:00,7980.0,135535,7980.5,432631,142496,384002,-241506,-297096,0.5
1900-01-25 08:24:15,7977.5,294858,7978.0,607407,24711,244736,-220025,-312549,0.5
1900-01-25 08:24:30,7979.5,1026862,7980.0,86948,139460,166519,-27059,939914,0.5
1900-01-25 08:24:45,7982.5,483908,7983.0,143313,50838,75068,-24230,340595,0.5
1900-01-25 08:25:00,7988.5,265783,7989.0,158682,291979,91574,200405,107101,0.5
1900-01-25 08:25:15,7985.5,231344,7986.0,388566,164842,240253,-75411,-157222,0.5
1900-01-25 08:25:30,7993.0,546249,7993.5,70408,296508,175305,121203,475841,0.5
1900-01-25 08:25:45,7994.0,340439,7994.5,236597,112415,159476,-47061,103842,0.5
1900-01-25 08:26:00,7999.5,897668,8000.0,76804,254914,188458,66456,820864,0.5
1900-01-25 08:26:15,8006.5,273347,8007.0,292301,404794,472606,-67812,-18954,0.5
1900-01-25 08:26:30,8007.5,584490,8008.0,14185,274951,336056,-61105,570305,0.5
1900-01-25 08:26:45,7993.5,519492,7994.0,679505,332373,248904,83469,-160013,0.5
1900-01-25 08:27:00,7992.0,339037,7992.5,418405,52139,460157,-408018,-79368,0.5
1900-01-25 08:27:15,7992.5,1089220,7993.0,135654,176687,122995,53692,953566,0.5
1900-01-25 08:27:30,7992.5,175004,7993.0,709411,47042,258981,-211939,-534407,0.5
1900-01-25 08:27:45,7988.5,429445,7989.0,477633,51079,262428,-211349,-48188,0.5
1900-01-25 08:28:00,7988.5,462059,7989.0,497140,13494,132519,-119025,-35081,0.5
1900-01-25 08:28:15,7992.5,1263172,7993.0,66202,292067,151894,140173,1196970,0.5
1900-01-25 08:28:30,7994.5,979724,7995.0,42802,99024,21340,77684,936922,0.5
1900-01-25 08:28:45,7995.5,466943,7996.0,981436,431277,22703,408574,-514493,0.5
1900-01-25 08:29:00,7993.0,2800,7993.5,978442,16468,941970,-925502,-975642,0.5
1900-01-25 08:29:15,7991.5,358666,7992.0,278246,541040,122653,418387,80420,0.5
1900-01-25 08:29:30,7988.0,16383,7988.5,1110140,12030,144042,-132012,-1093757,0.5
1900-01-25 08:29:45,7982.0,515834,7982.5,602321,39600,559674,-520074,-86487,0.5
1900-01-25 08:30:00,7982.0,597918,7982.5,477449,153853,283866,-130013,120469,0.5
1900-01-25 08:30:15,7982.0,739723,7982.5,321690,139718,209678,-69960,418033,0.5
1900-01-25 08:30:30,7993.0,856029,7993.5,191753,420709,53508,367201,664276,0.5
1900-01-25 08:30:45,7994.5,799894,7995.0,231486,164027,80731,83296,568408,0.5
1900-01-25 08:31:00,7994.5,394559,7995.0,1031255,75704,146986,-71282,-636696,0.5
1900-01-25 08:31:15,7994.0,283896,7994.5,684689,102367,293159,-190792,-400793,0.5
1900-01-25 08:31:30,7990.0,183582,7990.5,623831,20209,106008,-85799,-440249,0.5
1900-01-25 08:31:45,7990.0,140652,7990.5,588190,79927,134727,-54800,-447538,0.5
1900-01-25 08:32:00,7988.0,214950,7988.5,632258,31859,27380,4479,-417308,0.5
1900-01-25 08:32:15,7990.5,232809,7991.0,568329,201899,72301,129598,-335520,0.5
1900-01-25 08:32:30,7990.5,665008,7991.0,375817,66877,34027,32850,289191,0.5
1900-01-25 08:32:45,7993.5,1143095,7994.0,65956,213750,41716,172034,1077139,0.5
1900-01-25 08:33:00,7999.5,879793,8000.0,229725,798369,170756,627613,650068,0.5
1900-01-25 08:33:15,8008.5,286531,8009.0,21304,293544,37105,256439,265227,0.5
1900-01-25 08:33:30,8010.0,5798,8010.5,469112,573255,214441,358814,-463314,0.5
1900-01-25 08:33:45,8008.5,357919,8009.0,6097,293606,199122,94484,351822,0.5
1900-01-25 08:34:00,8026.5,6000,8027.5,185034,712821,123806,589015,-179034,1.0
1900-01-25 08:34:15,8024.0,342414,8024.5,8278,461055,157594,303461,334136,0.5
1900-01-25 08:34:30,8029.5,795188,8030.0,582797,887525,196725,690800,212391,0.5
1900-01-25 08:34:45,8034.5,92235,8035.0,193615,917672,297733,619939,-101380,0.5
1900-01-25 08:35:00,8030.0,292636,8030.5,387886,510266,537107,-26841,-95250,0.5
1900-01-25 08:35:15,8029.5,456156,8030.0,280277,354813,551731,-196918,175879,0.5
1900-01-25 08:35:30,8035.0,1119152,8035.5,120247,644609,418496,226113,998905,0.5
1900-01-25 08:35:45,8031.0,351232,8031.5,437698,57502,165282,-107780,-86466,0.5
1900-01-25 08:36:00,8031.0,860750,8031.5,509070,58299,157666,-99367,351680,0.5
1900-01-25 08:36:15,8035.5,628308,8036.0,1079844,680794,215136,465658,-451536,0.5
1900-01-25 08:36:30,8035.5,222015,8036.0,928408,376444,322289,54155,-706393,0.5
1900-01-25 08:36:45,8027.5,135277,8028.0,683079,51653,850233,-798580,-547802,0.5
1900-01-25 08:37:00,8012.0,107133,8012.5,538156,54977,693832,-638855,-431023,0.5
1900-01-25 08:37:15,8021.0,620800,8021.5,153027,289619,338103,-48484,467773,0.5
1900-01-25 08:37:30,8021.0,896856,8021.5,270206,170890,69002,101888,626650,0.5
1900-01-25 08:37:45,8021.0,308581,8021.5,477437,204586,482885,-278299,-168856,0.5
1900-01-25 08:38:00,8021.0,282720,8021.5,707283,33238,186630,-153392,-424563,0.5
1900-01-25 08:38:15,8015.0,873261,8015.5,222131,10985,293510,-282525,651130,0.5
1900-01-25 08:38:30,8015.0,63979,8015.5,4721,90234,249889,-159655,59258,0.5
1900-01-25 08:38:45,8015.5,102803,8016.0,256109,83804,177504,-93700,-153306,0.5
1900-01-25 08:39:00,8014.5,648042,8015.0,291306,57754,110532,-52778,356736,0.5
1900-01-25 08:39:15,8014.0,57621,8014.5,857500,56643,280662,-224019,-799879,0.5
1900-01-25 08:39:30,8008.5,90469,8009.0,79364,207363,412997,-205634,11105,0.5
1900-01-25 08:39:45,8008.0,1146802,8008.5,452906,38846,347993,-309147,693896,0.5
1900-01-25 08:40:00,8014.5,487974,8015.0,177384,334169,246163,88006,310590,0.5
1900-01-25 08:40:15,8018.5,484631,8019.0,783801,327955,222352,105603,-299170,0.5
1900-01-25 08:40:30,8022.5,1195712,8023.5,11911,158597,70231,88366,1183801,1.0
1900-01-25 08:40:45,8031.0,259,8031.5,320104,227070,80904,146166,-319845,0.5
1900-01-25 08:41:00,8025.0,834778,8025.5,76492,140397,90888,49509,758286,0.5
1900-01-25 08:41:15,8020.5,63059,8021.0,409329,45275,151421,-106146,-346270,0.5
1900-01-25 08:41:30,8018.5,90372,8019.0,420559,9001,246704,-237703,-330187,0.5
1900-01-25 08:41:45,8012.0,691658,8012.5,558108,8518,187707,-179189,133550,0.5
1900-01-25 08:42:00,8012.0,324844,8012.5,356639,129694,105779,23915,-31795,0.5
1900-01-25 08:42:15,7999.5,601701,8000.0,1469506,76630,209139,-132509,-867805,0.5
1900-01-25 08:42:30,7999.5,323512,8000.0,1265394,269600,980316,-710716,-941882,0.5
1900-01-25 08:42:45,7998.0,130218,7998.5,901951,344270,284568,59702,-771733,0.5
1900-01-25 08:43:00,7998.0,625977,7998.5,284791,112915,127259,-14344,341186,0.5
1900-01-25 08:43:15,7998.0,905221,7998.5,439529,175199,101956,73243,465692,0.5
1900-01-25 08:43:30,7998.0,342684,7998.5,1025856,11093,68058,-56965,-683172,0.5
1900-01-25 08:43:45,7998.0,966828,7998.5,338061,67491,62014,5477,628767,0.5
1900-01-25 08:44:00,7998.0,106602,7998.5,840446,148544,163943,-15399,-733844,0.5
1900-01-25 08:44:15,7992.5,662667,7993.0,163464,84669,172085,-87416,499203,0.5
1900-01-25 08:44:30,7993.5,328748,7994.0,814215,311222,238765,72457,-485467,0.5
1900-01-25 08:44:45,7989.0,447180,7989.5,287343,78357,491623,-413266,159837,0.5
1900-01-25 08:45:00,7989.0,164502,7989.5,706655,133485,163287,-29802,-542153,0.5
1900-01-25 08:45:15,7989.0,370357,7989.5,528246,17065,98177,-81112,-157889,0.5
1900-01-25 08:45:30,7986.0,229169,7986.5,371514,5851,287079,-281228,-142345,0.5
1900-01-25 08:45:45,7985.0,482598,7985.5,185417,100801,179008,-78207,297181,0.5
1900-01-25 08:46:00,7983.0,1182207,7983.5,43596,29955,473140,-443185,1138611,0.5
1900-01-25 08:46:15,7985.0,936768,7985.5,12500,257567,86077,171490,924268,0.5
1900-01-25 08:46:30,7991.5,205662,7992.0,104855,398062,39803,358259,100807,0.5
1900-01-25 08:46:45,7999.0,285600,7999.5,449843,563756,25867,537889,-164243,0.5
1900-01-25 08:47:00,7997.5,150801,7998.0,555307,82039,238801,-156762,-404506,0.5
1900-01-25 08:47:15,7996.0,167455,7996.5,651192,16929,139512,-122583,-483737,0.5
1900-01-25 08:47:30,7996.0,1011977,7996.5,84444,23619,120164,-96545,927533,0.5
1900-01-25 08:47:45,8006.0,217188,8006.5,747078,433534,32625,400909,-529890,0.5
1900-01-25 08:48:00,8009.0,665379,8009.5,2055,164227,186272,-22045,663324,0.5
1900-01-25 08:48:15,8009.5,561910,8010.0,316689,444261,66812,377449,245221,0.5
1900-01-25 08:48:30,8010.0,689522,8010.5,492697,291729,73513,218216,196825,0.5
1900-01-25 08:48:45,8009.5,89472,8010.0,812970,93895,175509,-81614,-723498,0.5
1900-01-25 08:49:00,8004.5,72200,8005.0,1270773,24264,354849,-330585,-1198573,0.5
1900-01-25 08:49:15,8002.5,14439,8003.0,832377,8036,45392,-37356,-817938,0.5
1900-01-25 08:49:30,7991.0,344551,7991.5,109421,12931,89031,-76100,235130,0.5
1900-01-25 08:49:45,7996.5,194331,7997.0,525361,61320,95767,-34447,-331030,0.5
1900-01-25 08:50:00,7993.5,138031,7994.0,659478,20308,76494,-56186,-521447,0.5
1900-01-25 08:50:15,7992.5,71658,7993.0,688918,23360,151502,-128142,-617260,0.5
1900-01-25 08:50:30,7990.0,262139,7990.5,639419,46408,50255,-3847,-377280,0.5
1900-01-25 08:50:45,7989.5,8190,7990.0,1402342,9737,181399,-171662,-1394152,0.5
1900-01-25 08:51:00,7987.0,316476,7987.5,604634,7129,186035,-178906,-288158,0.5
1900-01-25 08:51:15,7977.0,142875,7977.5,410227,25601,206756,-181155,-267352,0.5
1900-01-25 08:51:30,7979.5,669524,7980.0,190824,159518,335821,-176303,478700,0.5
1900-01-25 08:51:45,7981.5,492845,7982.0,220493,234009,72493,161516,272352,0.5
1900-01-25 08:52:00,7982.5,1112133,7983.0,18948,203773,58682,145091,1093185,0.5
1900-01-25 08:52:15,7982.5,260876,7983.0,566349,94506,28672,65834,-305473,0.5
1900-01-25 08:52:30,7970.5,28284,7971.0,340865,94093,620237,-526144,-312581,0.5
1900-01-25 08:52:45,7970.5,786505,7971.0,141189,28814,543758,-514944,645316,0.5
1900-01-25 08:53:00,7971.5,478238,7972.0,188475,109654,534923,-425269,289763,0.5
1900-01-25 08:53:15,7964.0,115926,7964.5,205687,159172,472062,-312890,-89761,0.5
1900-01-25 08:53:30,7970.0,669537,7970.5,856525,216128,157112,59016,-186988,0.5
1900-01-25 08:53:45,7970.0,938945,7970.5,162171,122453,71570,50883,776774,0.5
1900-01-25 08:54:00,7971.0,739498,7971.5,77637,261105,50235,210870,661861,0.5
1900-01-25 08:54:15,7972.5,922003,7973.0,23709,88722,5404,83318,898294,0.5
1900-01-25 08:54:30,7973.5,889112,7974.0,76780,177803,24689,153114,812332,0.5
1900-01-25 08:54:45,7984.5,522197,7985.0,582375,288415,11159,277256,-60178,0.5
1900-01-25 08:55:00,7993.5,258626,7994.0,373962,556179,29236,526943,-115336,0.5
1900-01-25 08:55:15,7992.5,576894,7993.0,14696,375444,128667,246777,562198,0.5
1900-01-25 08:55:30,7995.0,95010,7995.5,1086029,559702,402715,156987,-991019,0.5
1900-01-25 08:55:45,7993.0,105131,7993.5,447781,262457,203734,58723,-342650,0.5
1900-01-25 08:56:00,7991.0,151346,7991.5,834430,207925,228512,-20587,-683084,0.5
1900-01-25 08:56:15,7985.5,293025,7986.0,475689,9952,136308,-126356,-182664,0.5
1900-01-25 08:56:30,7982.0,149659,7982.5,345913,55540,296837,-241297,-196254,0.5
1900-01-25 08:56:45,7980.0,10000,7980.5,483800,17115,157538,-140423,-473800,0.5
1900-01-25 08:57:00,7979.0,685678,7979.5,9164,74787,21770,53017,676514,0.5
1900-01-25 08:57:15,7982.0,546606,7982.5,127158,112041,3063,108978,419448,0.5
1900-01-25 08:57:30,7982.5,981077,7983.0,63042,79855,8762,71093,918035,0.5
1900-01-25 08:57:45,7982.5,348779,7983.0,313667,40302,56201,-15899,35112,0.5
1900-01-25 08:58:00,7982.5,325273,7983.0,194479,25755,30241,-4486,130794,0.5
1900-01-25 08:58:15,7980.5,14403,7981.0,483365,8492,88426,-79934,-468962,0.5
1900-01-25 08:58:30,7975.0,337239,7975.5,202675,27292,43043,-15751,134564,0.5
1900-01-25 08:58:45,7970.0,771244,7970.5,188972,29856,127470,-97614,582272,0.5
1900-01-25 08:59:00,7970.0,873226,7970.5,105287,96088,80849,15239,767939,0.5
1900-01-25 08:59:15,7974.5,835357,7975.0,42907,159035,47735,111300,792450,0.5
1900-01-25 08:59:30,7979.5,639849,7980.0,120665,61643,56002,5641,519184,0.5
1900-01-25 08:59:45,7980.0,2110216,7980.5,110014,53232,27895,25337,2000202,0.5
1900-01-25 09:00:00,7980.0,1942206,7980.5,58404,78288,37901,40387,1883802,0.5
1900-01-25 09:00:15,7983.5,248058,7984.0,487230,149840,59013,90827,-239172,0.5
1900-01-25 09:00:30,7983.5,155473,7984.0,999807,129320,29788,99532,-844334,0.5
1900-01-25 09:00:45,7983.5,170472,7984.0,1265136,94150,76745,17405,-1094664,0.5
1900-01-25 09:01:00,7983.5,383951,7984.0,1261742,76151,80796,-4645,-877791,0.5
1900-01-25 09:01:15,7985.5,929365,7986.0,490338,181241,95720,85521,439027,0.5
1900-01-25 09:01:30,7988.5,673991,7989.0,31964,292472,2500,289972,642027,0.5
1900-01-25 09:01:45,7990.5,914116,7991.0,48738,850082,1300,848782,865378,0.5
1900-01-25 09:02:00,7993.0,271322,7993.5,148006,192076,162336,29740,123316,0.5
1900-01-25 09:02:15,7990.5,335059,7991.0,559137,44026,92199,-48173,-224078,0.5
1900-01-25 09:02:30,7990.5,256906,7991.0,627636,6949,123525,-116576,-370730,0.5
1900-01-25 09:02:45,7990.0,1040062,7990.5,205854,101970,131640,-29670,834208,0.5
1900-01-25 09:03:00,7991.0,419788,7991.5,211055,30129,28532,1597,208733,0.5
1900-01-25 09:03:15,7991.0,391220,7991.5,171646,19599,12336,7263,219574,0.5
1900-01-25 09:03:30,7991.0,45705,7991.5,2116317,24890,40752,-15862,-2070612,0.5
1900-01-25 09:03:45,7990.5,232384,7991.0,707276,8163,62672,-54509,-474892,0.5
1900-01-25 09:04:00,7990.5,237578,7991.0,557638,33670,134967,-101297,-320060,0.5
1900-01-25 09:04:15,7990.5,322535,7991.0,1015501,4065,50603,-46538,-692966,0.5
1900-01-25 09:04:30,7989.5,10959,7990.0,692434,3194,48375,-45181,-681475,0.5
1900-01-25 09:04:45,7980.0,664005,7980.5,412842,14607,302037,-287430,251163,0.5
1900-01-25 09:05:00,7977.0,66019,7977.5,248389,54014,198574,-144560,-182370,0.5
1900-01-25 09:05:15,7974.0,74048,7974.5,1195069,20755,210571,-189816,-1121021,0.5
1900-01-25 09:05:30,7973.0,581405,7973.5,1100171,5950,85401,-79451,-518766,0.5
1900-01-25 09:05:45,7972.5,45090,7973.0,964386,13300,130033,-116733,-919296,0.5
1900-01-25 09:06:00,7966.5,611955,7967.0,478028,37632,133283,-95651,133927,0.5
1900-01-25 09:06:15,7966.5,815231,7967.0,490353,13131,129357,-116226,324878,0.5
1900-01-25 09:06:30,7966.5,627670,7967.0,459718,134794,93334,41460,167952,0.5
1900-01-25 09:06:45,7969.0,812555,7969.5,5825,177497,173981,3516,806730,0.5
1900-01-25 09:07:00,7969.0,645421,7969.5,376089,136610,33291,103319,269332,0.5
1900-01-25 09:07:15,7965.5,338535,7966.0,531918,13401,288219,-274818,-193383,0.5
1900-01-25 09:07:30,7963.0,308693,7963.5,1081003,13561,529156,-515595,-772310,0.5
1900-01-25 09:07:45,7963.0,608330,7963.5,361849,26139,221571,-195432,246481,0.5
1900-01-25 09:08:00,7964.5,703451,7965.0,72242,287004,57942,229062,631209,0.5
1900-01-25 09:08:15,7974.5,377972,7975.0,297419,284332,5121,279211,80553,0.5
1900-01-25 09:08:30,7976.5,895920,7977.0,22774,235150,9132,226018,873146,0.5
1900-01-25 09:08:45,7978.0,584814,7978.5,326320,82342,85,82257,258494,0.5
1900-01-25 09:09:00,7978.0,550270,7978.5,804873,108008,77023,30985,-254603,0.5
1900-01-25 09:09:15,7974.0,66459,7974.5,745417,927,27790,-26863,-678958,0.5
1900-01-25 09:09:30,7970.0,590678,7970.5,535405,8517,36286,-27769,55273,0.5
1900-01-25 09:09:45,7970.0,939002,7970.5,352721,28864,20586,8278,586281,0.5
1900-01-25 09:10:00,7970.0,586986,7970.5,547837,20307,82320,-62013,39149,0.5
1900-01-25 09:10:15,7970.0,1565846,7970.5,358068,42917,17963,24954,1207778,0.5
1900-01-25 09:10:30,7966.5,433516,7967.0,417298,51174,21078,30096,16218,0.5
1900-01-25 09:10:45,7966.5,72112,7967.0,683295,41418,87277,-45859,-611183,0.5
1900-01-25 09:11:00,7965.5,566073,7966.0,659998,1778,70065,-68287,-93925,0.5
1900-01-25 09:11:15,7967.0,681131,7967.5,315094,76206,60171,16035,366037,0.5
1900-01-25 09:11:30,7970.5,1431680,7971.0,53052,838975,28327,810648,1378628,0.5
1900-01-25 09:11:45,7974.5,1150320,7975.0,13765,24940,6390,18550,1136555,0.5
1900-01-25 09:12:00,7976.5,1059807,7977.0,146930,23377,55848,-32471,912877,0.5
1900-01-25 09:12:15,7981.0,854397,7981.5,272957,139786,501,139285,581440,0.5
1900-01-25 09:12:30,7982.0,1330615,7982.5,477367,164212,2,164210,853248,0.5
1900-01-25 09:12:45,7982.0,2023296,7982.5,1123,129698,3416,126282,2022173,0.5
1900-01-25 09:13:00,7985.0,666986,7985.5,265832,225546,86125,139421,401154,0.5
1900-01-25 09:13:15,7985.5,717247,7986.0,435540,157581,13606,143975,281707,0.5
1900-01-25 09:13:30,7987.5,1162037,7988.0,268569,262232,57904,204328,893468,0.5
1900-01-25 09:13:45,7988.5,369076,7989.0,113822,118384,106579,11805,255254,0.5
1900-01-25 09:14:00,7988.5,182887,7989.0,479655,76597,161826,-85229,-296768,0.5
1900-01-25 09:14:15,7988.5,300367,7989.0,611315,28840,42129,-13289,-310948,0.5
1900-01-25 09:14:30,7988.5,472427,7989.0,532850,11515,38266,-26751,-60423,0.5
1900-01-25 09:14:45,7988.5,408665,7989.0,604581,25201,105992,-80791,-195916,0.5
1900-01-25 09:15:00,7988.5,20667,7989.0,922218,506,65153,-64647,-901551,0.5
1900-01-25 09:15:15,7987.0,21453,7987.5,978803,39220,49790,-10570,-957350,0.5
1900-01-25 09:15:30,7986.5,783999,7987.0,462124,60413,85179,-24766,321875,0.5
1900-01-25 09:15:45,7986.0,511588,7986.5,1068140,5677,160809,-155132,-556552,0.5
1900-01-25 09:16:00,7986.0,239309,7986.5,1026520,13100,152027,-138927,-787211,0.5
1900-01-25 09:16:15,7982.0,85013,7982.5,874451,2076,345767,-343691,-789438,0.5
1900-01-25 09:16:30,7982.0,6444,7982.5,1264577,4037,15601,-11564,-1258133,0.5
1900-01-25 09:16:45,7982.0,123058,7982.5,1262597,4266,352693,-348427,-1139539,0.5
1900-01-25 09:17:00,7982.0,84513,7982.5,1331199,44493,117751,-73258,-1246686,0.5
1900-01-25 09:17:15,7981.0,2106,7981.5,1280080,44493,165472,-120979,-1277974,0.5
1900-01-25 09:17:30,7980.0,97397,7980.5,1735328,70,77149,-77079,-1637931,0.5
1900-01-25 09:17:45,7978.0,881858,7978.5,1003144,1323,39487,-38164,-121286,0.5
1900-01-25 09:18:00,7978.0,1388661,7978.5,366350,216841,7996,208845,1022311,0.5
1900-01-25 09:18:15,7981.5,1098050,7982.0,39970,437547,6100,431447,1058080,0.5
1900-01-25 09:18:30,7983.0,911957,7983.5,49145,125181,41922,83259,862812,0.5
1900-01-25 09:18:45,7984.0,3840,7984.5,248815,184098,7049,177049,-244975,0.5
1900-01-25 09:19:00,7984.0,1409813,7984.5,212919,47980,2877,45103,1196894,0.5
1900-01-25 09:19:15,7995.0,250286,7995.5,8348,688639,42496,646143,241938,0.5
1900-01-25 09:19:30,7999.0,788389,7999.5,237968,302828,1141,301687,550421,0.5
1900-01-25 09:19:45,8003.5,442867,8004.0,282656,498110,198596,299514,160211,0.5
1900-01-25 09:20:00,8003.5,247348,8004.0,911937,65057,279417,-214360,-664589,0.5
1900-01-25 09:20:15,7998.5,1121344,7999.0,721094,15113,257491,-242378,400250,0.5
1900-01-25 09:20:30,8003.0,565224,8003.5,115884,122898,12440,110458,449340,0.5
1900-01-25 09:20:45,8003.0,571330,8003.5,486272,171847,2249,169598,85058,0.5
1900-01-25 09:21:00,8001.0,83964,8001.5,581179,10218,131910,-121692,-497215,0.5
1900-01-25 09:21:15,8000.0,1610098,8000.5,775568,2092,99745,-97653,834530,0.5
1900-01-25 09:21:30,8000.0,1819873,8000.5,1279784,16561,31614,-15053,540089,0.5
1900-01-25 09:21:45,8000.0,242095,8000.5,1164554,12311,7264,5047,-922459,0.5
1900-01-25 09:22:00,7996.5,1276974,7997.0,1094121,19849,124070,-104221,182853,0.5
1900-01-25 09:22:15,7996.5,437745,7997.0,871806,18188,66433,-48245,-434061,0.5
1900-01-25 09:22:30,7996.5,1050014,7997.0,1015646,19365,7034,12331,34368,0.5
1900-01-25 09:22:45,7996.5,958170,7997.0,997534,33551,61585,-28034,-39364,0.5
1900-01-25 09:23:00,7991.0,57199,7991.5,57053,272951,51987,220964,146,0.5
1900-01-25 09:23:15,7990.5,348970,7991.0,675002,13214,21493,-8279,-326032,0.5
1900-01-25 09:23:30,7990.5,34819,7991.0,896579,5480,78451,-72971,-861760,0.5
1900-01-25 09:23:45,7986.5,585840,7987.0,699622,1057,486490,-485433,-113782,0.5
1900-01-25 09:24:00,7990.5,885358,7991.0,103064,179148,11062,168086,782294,0.5
1900-01-25 09:24:15,7993.5,50360,7994.0,895765,79393,5243,74150,-845405,0.5
1900-01-25 09:24:30,7993.5,185786,7994.0,864879,4350,60342,-55992,-679093,0.5
1900-01-25 09:24:45,7993.5,251323,7994.0,986132,26060,91853,-65793,-734809,0.5
1900-01-25 09:25:00,7990.0,639313,7990.5,509720,17287,14661,2626,129593,0.5
1900-01-25 09:25:15,7990.0,690542,7990.5,1056081,4719,18362,-13643,-365539,0.5
1900-01-25 09:25:30,7990.0,134746,7990.5,1466254,1037,66358,-65321,-1331508,0.5
1900-01-25 09:25:45,7989.0,14068,7989.5,1055649,1248,65269,-64021,-1041581,0.5
1900-01-25 09:26:00,7987.5,41470,7988.0,822054,101,15991,-15890,-780584,0.5
1900-01-25 09:26:15,7987.0,29500,7987.5,722943,1010,22146,-21136,-693443,0.5
1900-01-25 09:26:30,7987.5,891276,7988.0,297253,20669,26848,-6179,594023,0.5
1900-01-25 09:26:45,7987.5,807929,7988.0,157952,137912,19926,117986,649977,0.5
1900-01-25 09:27:00,7987.5,82467,7988.0,351595,45550,32843,12707,-269128,0.5
1900-01-25 09:27:15,7987.0,45792,7987.5,638967,10402,29874,-19472,-593175,0.5
1900-01-25 09:27:30,7983.5,82914,7984.0,823684,11120,88008,-76888,-740770,0.5
1900-01-25 09:27:45,7983.0,56527,7983.5,493465,2200,67077,-64877,-436938,0.5
1900-01-25 09:28:00,7982.5,10260,7983.0,1108029,8629,58592,-49963,-1097769,0.5
1900-01-25 09:28:15,7982.0,1193348,7982.5,288184,6268,6098,170,905164,0.5
1900-01-25 09:28:30,7981.5,86527,7982.0,706643,64074,29223,34851,-620116,0.5
1900-01-25 09:28:45,7981.0,32582,7981.5,429671,6600,23005,-16405,-397089,0.5
1900-01-25 09:29:00,7972.5,850092,7973.0,432265,76225,74498,1727,417827,0.5
1900-01-25 09:29:15,7972.5,1391607,7973.0,126668,274830,91131,183699,1264939,0.5
1900-01-25 09:29:30,7978.0,854837,7978.5,27431,45417,162448,-117031,827406,0.5
1900-01-25 09:29:45,7979.5,1335844,7980.0,41914,142648,43733,98915,1293930,0.5
1900-01-25 09:30:00,7980.0,1259016,7980.5,23418,38495,85627,-47132,1235598,0.5
1900-01-25 09:30:15,7980.0,633532,7980.5,208891,98859,960,97899,424641,0.5
1900-01-25 09:30:30,7980.0,1489792,7980.5,264700,84921,4035,80886,1225092,0.5
1900-01-25 09:30:45,7980.0,1401731,7980.5,372329,5672,31000,-25328,1029402,0.5
1900-01-25 09:31:00,7980.0,766309,7980.5,786219,81906,31274,50632,-19910,0.5
1900-01-25 09:31:15,7980.0,463585,7980.5,1305403,5125,251595,-246470,-841818,0.5
1900-01-25 09:31:30,7978.0,85631,7978.5,1048202,7876,429213,-421337,-962571,0.5
1900-01-25 09:31:45,7974.0,1014025,7974.5,2270,37628,71138,-33510,1011755,0.5
1900-01-25 09:32:00,7976.0,485184,7976.5,468312,33616,10115,23501,16872,0.5
1900-01-25 09:32:15,7980.0,710167,7980.5,131921,36114,32094,4020,578246,0.5
1900-01-25 09:32:30,7980.0,1607883,7980.5,150443,23841,4838,19003,1457440,0.5
1900-01-25 09:32:45,7980.0,1571362,7980.5,593857,2982,8323,-5341,977505,0.5
1900-01-25 09:33:00,7980.0,200668,7980.5,1229078,14581,26433,-11852,-1028410,0.5
1900-01-25 09:33:15,7975.0,60961,7975.5,585069,12563,234174,-221611,-524108,0.5
1900-01-25 09:33:30,7975.0,56487,7975.5,1075333,14215,20279,-6064,-1018846,0.5
1900-01-25 09:33:45,7973.0,272684,7973.5,1320287,6163,486771,-480608,-1047603,0.5
1900-01-25 09:34:00,7963.5,229107,7964.0,539212,3158,531962,-528804,-310105,0.5
1900-01-25 09:34:15,7969.5,388014,7970.0,58637,87792,63896,23896,329377,0.5
1900-01-25 09:34:30,7965.5,657752,7966.0,119411,167646,202706,-35060,538341,0.5
1900-01-25 09:34:45,7965.0,34284,7965.5,748455,82087,202077,-119990,-714171,0.5
1900-01-25 09:35:00,7962.5,75977,7963.0,710453,49520,362177,-312657,-634476,0.5
1900-01-25 09:35:15,7962.0,656305,7962.5,393551,11232,39622,-28390,262754,0.5
1900-01-25 09:35:30,7966.5,782327,7967.0,292323,233645,25769,207876,490004,0.5
1900-01-25 09:35:45,7968.0,849520,7968.5,800,209650,3000,206650,848720,0.5
1900-01-25 09:36:00,7972.5,262769,7973.0,587718,136580,19840,116740,-324949,0.5
1900-01-25 09:36:15,7972.0,54689,7972.5,774267,116381,44468,71913,-719578,0.5
1900-01-25 09:36:30,7971.5,23557,7972.0,1366219,6545,37454,-30909,-1342662,0.5
1900-01-25 09:36:45,7969.0,52317,7969.5,848323,49858,64377,-14519,-796006,0.5
1900-01-25 09:37:00,7965.5,659898,7966.0,435163,24240,38605,-14365,224735,0.5
1900-01-25 09:37:15,7965.5,253008,7966.0,1125359,468,28521,-28053,-872351,0.5
1900-01-25 09:37:30,7965.0,38433,7965.5,1382295,15000,99575,-84575,-1343862,0.5
1900-01-25 09:37:45,7965.0,491339,7965.5,1223346,46400,84628,-38228,-732007,0.5
1900-01-25 09:38:00,7965.0,612045,7965.5,203528,43434,117600,-74166,408517,0.5
1900-01-25 09:38:15,7965.0,692490,7965.5,358539,21256,71557,-50301,333951,0.5
1900-01-25 09:38:30,7965.5,1620252,7966.0,16703,200579,36254,164325,1603549,0.5
1900-01-25 09:38:45,7966.5,1041160,7967.0,34594,36156,40616,-4460,1006566,0.5
1900-01-25 09:39:00,7967.5,752622,7968.0,281127,156789,13746,143043,471495,0.5
1900-01-25 09:39:15,7967.5,346677,7968.0,673776,48852,41535,7317,-327099,0.5
1900-01-25 09:39:30,7967.5,146569,7968.0,1299628,59910,63333,-3423,-1153059,0.5
1900-01-25 09:39:45,7967.5,40691,7968.0,1590716,6335,39018,-32683,-1550025,0.5
1900-01-25 09:40:00,7967.5,1252369,7968.0,930416,58300,2680,55620,321953,0.5
1900-01-25 09:40:15,7967.5,1391354,7968.0,810966,58905,12180,46725,580388,0.5
1900-01-25 09:40:30,7967.5,1354633,7968.0,829175,17450,1067,16383,525458,0.5
1900-01-25 09:40:45,7967.5,1318829,7968.0,729782,74262,1200,73062,589047,0.5
1900-01-25 09:41:00,7967.5,390067,7968.0,1225728,23550,50035,-26485,-835661,0.5
1900-01-25 09:41:15,7963.0,478,7963.5,908130,17508,103440,-85932,-907652,0.5
1900-01-25 09:41:30,7960.5,643490,7961.0,341657,7610,236915,-229305,301833,0.5
1900-01-25 09:41:45,7960.5,67278,7961.0,1142594,19710,121764,-102054,-1075316,0.5
1900-01-25 09:42:00,7955.0,277374,7955.5,9494,65764,809376,-743612,267880,0.5
1900-01-25 09:42:15,7955.0,1142027,7955.5,115189,35777,140119,-104342,1026838,0.5
1900-01-25 09:42:30,7955.0,817351,7955.5,105608,173406,145046,28360,711743,0.5
1900-01-25 09:42:45,7955.0,489947,7955.5,606552,10123,161916,-151793,-116605,0.5
1900-01-25 09:43:00,7955.0,42802,7955.5,1316081,2413,318079,-315666,-1273279,0.5
1900-01-25 09:43:15,7955.0,36918,7955.5,1704219,3136,79267,-76131,-1667301,0.5
1900-01-25 09:43:30,7953.5,337772,7954.0,717230,46399,113855,-67456,-379458,0.5
1900-01-25 09:43:45,7953.5,433742,7954.0,690588,49376,65976,-16600,-256846,0.5
1900-01-25 09:44:00,7953.5,594631,7954.0,339427,177802,4230,173572,255204,0.5
1900-01-25 09:44:15,7955.0,441448,7955.5,81700,354779,26500,328279,359748,0.5
1900-01-25 09:44:30,7957.5,8738,7958.0,10859,652554,6224,646330,-2121,0.5
1900-01-25 09:44:45,7968.5,70895,7969.0,949326,259525,48619,210906,-878431,0.5
1900-01-25 09:45:00,7958.5,319413,7959.0,336516,3443,81370,-77927,-17103,0.5
1900-01-25 09:45:15,7956.0,53541,7956.5,953737,3592,10938,-7346,-900196,0.5
1900-01-25 09:45:30,7955.0,203184,7955.5,409060,24641,56003,-31362,-205876,0.5
1900-01-25 09:45:45,7955.0,112395,7955.5,498297,207556,27940,179616,-385902,0.5
1900-01-25 09:46:00,7955.0,450071,7955.5,62231,57443,13509,43934,387840,0.5
1900-01-25 09:46:15,7958.0,423597,7958.5,219737,22377,4759,17618,203860,0.5
1900-01-25 09:46:30,7959.5,700851,7960.0,4581,281104,30270,250834,696270,0.5
1900-01-25 09:46:45,7960.5,428987,7961.0,322693,155890,2774,153116,106294,0.5
1900-01-25 09:47:00,7963.0,489131,7963.5,340646,180861,2044,178817,148485,0.5
1900-01-25 09:47:15,7963.5,1057922,7964.0,5317,26607,66727,-40120,1052605,0.5
1900-01-25 09:47:30,7965.5,739686,7966.0,39707,22079,9891,12188,699979,0.5
1900-01-25 09:47:45,7967.5,717715,7968.0,202312,83699,4000,79699,515403,0.5
1900-01-25 09:48:00,7968.0,741427,7968.5,257991,16614,1206,15408,483436,0.5
1900-01-25 09:48:15,7973.5,258319,7974.0,317646,310902,1601,309301,-59327,0.5
1900-01-25 09:48:30,7973.5,198527,7974.0,802623,96017,98714,-2697,-604096,0.5
1900-01-25 09:48:45,7973.5,772954,7974.0,325869,87254,73595,13659,447085,0.5
1900-01-25 09:49:00,7973.5,387307,7974.0,651239,72758,4779,67979,-263932,0.5
1900-01-25 09:49:15,7973.5,483129,7974.0,1004573,6789,152207,-145418,-521444,0.5
1900-01-25 09:49:30,7973.0,1474,7973.5,1312528,23658,69356,-45698,-1311054,0.5
1900-01-25 09:49:45,7973.5,1051822,7974.0,276686,35523,21522,14001,775136,0.5
1900-01-25 09:50:00,7973.5,438249,7974.0,803390,5620,37397,-31777,-365141,0.5
1900-01-25 09:50:15,7974.5,1307015,7975.0,114349,109113,21841,87272,1192666,0.5
1900-01-25 09:50:30,7975.5,1153594,7976.0,196948,143023,13000,130023,956646,0.5
1900-01-25 09:50:45,7975.5,719912,7976.0,440226,54892,13162,41730,279686,0.5
1900-01-25 09:51:00,7976.5,951757,7977.0,74274,57266,18268,38998,877483,0.5
1900-01-25 09:51:15,7975.5,305798,7976.0,758579,46339,92600,-46261,-452781,0.5
1900-01-25 09:51:30,7975.5,32981,7976.0,1043631,9367,86862,-77495,-1010650,0.5
1900-01-25 09:51:45,7975.0,103502,7975.5,1074644,2467,42690,-40223,-971142,0.5
1900-01-25 09:52:00,7972.0,215670,7972.5,986878,11442,98437,-86995,-771208,0.5
1900-01-25 09:52:15,7967.5,532560,7968.0,433475,38127,188347,-150220,99085,0.5
1900-01-25 09:52:30,7967.5,118139,7968.0,1090236,17853,15502,2351,-972097,0.5
1900-01-25 09:52:45,7966.5,369478,7967.0,339460,9000,196688,-187688,30018,0.5
1900-01-25 09:53:00,7966.5,635614,7967.0,262209,1740,302,1438,373405,0.5
1900-01-25 09:53:15,7966.5,770516,7967.0,438535,27908,18818,9090,331981,0.5
1900-01-25 09:53:30,7966.5,801674,7967.0,207077,6940,6441,499,594597,0.5
1900-01-25 09:53:45,7966.5,778936,7967.0,199996,4200,1200,3000,578940,0.5
1900-01-25 09:54:00,7966.5,717007,7967.0,587792,2002,5690,-3688,129215,0.5
1900-01-25 09:54:15,7966.5,852006,7967.0,7942,24080,20906,3174,844064,0.5
1900-01-25 09:54:30,7970.5,1077895,7971.0,1500,39305,75,39230,1076395,0.5
1900-01-25 09:54:45,7971.0,87900,7971.5,690529,7973,5104,2869,-602629,0.5
1900-01-25 09:55:00,7969.0,23170,7969.5,595805,3787,88311,-84524,-572635,0.5
1900-01-25 09:55:15,7967.0,28518,7967.5,670549,6374,104325,-97951,-642031,0.5
1900-01-25 09:55:30,7969.0,403407,7969.5,539050,5634,23454,-17820,-135643,0.5
1900-01-25 09:55:45,7969.0,716176,7969.5,17919,23357,3,23354,698257,0.5
1900-01-25 09:56:00,7969.5,437324,7970.0,754192,49220,56880,-7660,-316868,0.5
1900-01-25 09:56:15,7969.5,1236873,7970.0,17395,29556,20432,9124,1219478,0.5
1900-01-25 09:56:30,7977.5,296467,7978.0,795378,93175,21586,71589,-498911,0.5
1900-01-25 09:56:45,7977.5,297988,7978.0,877194,39757,60417,-20660,-579206,0.5
1900-01-25 09:57:00,7978.5,915306,7979.0,189122,256795,3024,253771,726184,0.5
1900-01-25 09:57:15,7981.0,269646,7981.5,958596,208901,37601,171300,-688950,0.5
1900-01-25 09:57:30,7981.5,458376,7982.0,610719,104737,31010,73727,-152343,0.5
1900-01-25 09:57:45,7982.0,509029,7982.5,522344,110696,10352,100344,-13315,0.5
1900-01-25 09:58:00,7982.0,545112,7982.5,558554,86640,24450,62190,-13442,0.5
1900-01-25 09:58:15,7982.0,118972,7982.5,951220,17950,7638,10312,-832248,0.5
1900-01-25 09:58:30,7982.0,342965,7982.5,572749,131347,16923,114424,-229784,0.5
1900-01-25 09:58:45,7981.0,28432,7981.5,876351,7000,123687,-116687,-847919,0.5
1900-01-25 09:59:00,7979.5,25805,7980.0,961507,2065,115160,-113095,-935702,0.5
1900-01-25 09:59:15,7978.5,107075,7979.0,1070477,2810,30668,-27858,-963402,0.5
1900-01-25 09:59:30,7979.0,713908,7979.5,2164,92868,16464,76404,711744,0.5
1900-01-25 09:59:45,7983.5,702298,7984.0,310148,154999,29318,125681,392150,0.5
1900-01-25 10:00:00,7985.0,52654,7985.5,70187,98033,30256,67777,-17533,0.5
1900-01-25 10:00:15,7988.0,1066198,7988.5,122465,152450,9322,143128,943733,0.5
1900-01-25 10:00:30,7991.5,49446,7992.0,467556,355100,82913,272187,-418110,0.5
1900-01-25 10:00:45,7991.5,430729,7992.0,307598,46155,175556,-129401,123131,0.5
1900-01-25 10:01:00,7991.5,554140,7992.0,466404,29042,7006,22036,87736,0.5
1900-01-25 10:01:15,7991.5,745790,7992.0,215138,217488,35529,181959,530652,0.5
1900-01-25 10:01:30,7991.5,822362,7992.0,354178,126667,12042,114625,468184,0.5
1900-01-25 10:01:45,7991.5,604748,7992.0,436527,82790,7768,75022,168221,0.5
1900-01-25 10:02:00,7991.5,1266483,7992.0,144380,89171,33607,55564,1122103,0.5
1900-01-25 10:02:15,7992.5,1150411,7993.0,82132,354160,112951,241209,1068279,0.5
1900-01-25 10:02:30,7993.0,1212795,7993.5,437503,91538,4073,87465,775292,0.5
1900-01-25 10:02:45,7993.0,1114557,7993.5,121161,216379,87308,129071,993396,0.5
1900-01-25 10:03:00,7993.0,1251157,7993.5,50654,76246,9100,67146,1200503,0.5
1900-01-25 10:03:15,7993.5,76451,7994.0,865009,61947,113055,-51108,-788558,0.5
1900-01-25 10:03:30,7995.0,1389350,7995.5,28184,35706,23629,12077,1361166,0.5
1900-01-25 10:03:45,7997.0,565209,7997.5,262126,55825,23448,32377,303083,0.5
1900-01-25 10:04:00,7997.5,1100517,7998.0,397738,186442,1621,184821,702779,0.5
1900-01-25 10:04:15,7998.0,836706,7998.5,7130,315076,1044,314032,829576,0.5
1900-01-25 10:04:30,8002.0,710901,8002.5,203996,535596,42733,492863,506905,0.5
1900-01-25 10:04:45,8003.0,702157,8003.5,90064,298440,35013,263427,612093,0.5
1900-01-25 10:05:00,8003.5,909677,8004.0,566254,151842,16957,134885,343423,0.5
1900-01-25 10:05:15,8004.5,214422,8005.0,411864,293015,114239,178776,-197442,0.5
1900-01-25 10:05:30,8004.5,395810,8005.0,279551,133813,24798,109015,116259,0.5
1900-01-25 10:05:45,8004.5,94695,8005.0,417734,111699,147904,-36205,-323039,0.5
1900-01-25 10:06:00,8006.0,730467,8006.5,96735,117983,170901,-52918,633732,0.5
1900-01-25 10:06:15,8000.5,174850,8001.0,366565,114577,313869,-199292,-191715,0.5
1900-01-25 10:06:30,8000.0,278106,8000.5,529588,131328,267010,-135682,-251482,0.5
1900-01-25 10:06:45,7995.0,286,7995.5,743855,8116,453733,-445617,-743569,0.5
1900-01-25 10:07:00,8000.5,458537,8001.0,180959,77431,32449,44982,277578,0.5
1900-01-25 10:07:15,8006.5,260983,8007.0,354081,156191,60962,95229,-93098,0.5
1900-01-25 10:07:30,8010.5,933602,8011.0,6964,134679,30515,104164,926638,0.5
1900-01-25 10:07:45,8014.0,415941,8014.5,219028,279527,54931,224596,196913,0.5
1900-01-25 10:08:00,8014.0,265482,8014.5,537220,66208,123469,-57261,-271738,0.5
1900-01-25 10:08:15,8010.0,540767,8010.5,421928,109944,510943,-400999,118839,0.5
1900-01-25 10:08:30,8010.5,1042191,8011.0,74080,95357,66340,29017,968111,0.5
1900-01-25 10:08:45,8012.0,857004,8012.5,78008,71827,51936,19891,778996,0.5
1900-01-25 10:09:00,8013.5,582106,8014.0,279879,84419,15534,68885,302227,0.5
1900-01-25 10:09:15,8013.5,311769,8014.0,574172,32100,13380,18720,-262403,0.5
1900-01-25 10:09:30,8014.0,1246063,8014.5,49257,113711,35661,78050,1196806,0.5
1900-01-25 10:09:45,8016.5,724277,8017.0,71577,234333,4422,229911,652700,0.5
1900-01-25 10:10:00,8017.0,2258537,8017.5,39863,155597,41674,113923,2218674,0.5
1900-01-25 10:10:15,8019.5,526677,8020.0,583611,232360,46409,185951,-56934,0.5
1900-01-25 10:10:30,8019.5,843109,8020.0,158680,84763,85302,-539,684429,0.5
1900-01-25 10:10:45,8021.0,876927,8021.5,6332,118224,10188,108036,870595,0.5
1900-01-25 10:11:00,8027.0,488818,8027.5,122787,351413,29298,322115,366031,0.5
1900-01-25 10:11:15,8027.5,18158,8028.0,157833,201666,659551,-457885,-139675,0.5
1900-01-25 10:11:30,8022.0,374646,8022.5,64653,88249,162140,-73891,309993,0.5
1900-01-25 10:11:45,8018.0,160070,8018.5,213015,90702,256736,-166034,-52945,0.5
1900-01-25 10:12:00,8015.0,83380,8015.5,923246,5098,170706,-165608,-839866,0.5
1900-01-25 10:12:15,8013.5,740484,8014.0,215774,15210,53351,-38141,524710,0.5
1900-01-25 10:12:30,8015.5,935809,8016.0,58344,87505,13694,73811,877465,0.5
1900-01-25 10:12:45,8024.5,562541,8025.0,20659,236092,8951,227141,541882,0.5
1900-01-25 10:13:00,8026.5,630676,8027.0,112122,53393,12844,40549,518554,0.5
1900-01-25 10:13:15,8039.5,720749,8040.0,63042,856625,61372,795253,657707,0.5
1900-01-25 10:13:30,8039.0,338865,8039.5,189337,779486,146388,633098,149528,0.5
1900-01-25 10:13:45,8039.0,247321,8039.5,228828,223632,113897,109735,18493,0.5
1900-01-25 10:14:00,8039.0,1269611,8039.5,115819,109584,20700,88884,1153792,0.5
1900-01-25 10:14:15,8039.0,854602,8039.5,149326,27146,40377,-13231,705276,0.5
1900-01-25 10:14:30,8039.0,795014,8039.5,957853,72042,304771,-232729,-162839,0.5
1900-01-25 10:14:45,8036.0,33392,8036.5,459825,51742,697569,-645827,-426433,0.5
1900-01-25 10:15:00,8032.5,478833,8033.0,530684,14954,259165,-244211,-51851,0.5
1900-01-25 10:15:15,8032.5,217589,8033.0,931515,26355,218270,-191915,-713926,0.5
1900-01-25 10:15:30,8030.0,258122,8030.5,648667,23627,345546,-321919,-390545,0.5
1900-01-25 10:15:45,8028.0,161034,8028.5,356796,28539,312463,-283924,-195762,0.5
1900-01-25 10:16:00,8033.0,616031,8033.5,9051,182224,219712,-37488,606980,0.5
1900-01-25 10:16:15,8034.5,311274,8035.0,345528,160372,101852,58520,-34254,0.5
1900-01-25 10:16:30,8034.0,578976,8034.5,553257,47536,84940,-37404,25719,0.5
1900-01-25 10:16:45,8031.5,1349300,8032.0,3007,39517,134843,-95326,1346293,0.5
1900-01-25 10:17:00,8038.5,740612,8039.0,66128,324090,126187,197903,674484,0.5
1900-01-25 10:17:15,8039.5,1081921,8040.0,369286,314009,10147,303862,712635,0.5
1900-01-25 10:17:30,8042.0,935731,8042.5,3546,585316,8611,576705,932185,0.5
1900-01-25 10:17:45,8041.5,917,8042.0,263185,299631,231101,68530,-262268,0.5
1900-01-25 10:18:00,8031.0,19536,8031.5,437122,59310,210446,-151136,-417586,0.5
1900-01-25 10:18:15,8031.0,98223,8031.5,350775,139662,208472,-68810,-252552,0.5
1900-01-25 10:18:30,8028.0,7202,8028.5,309601,7646,92073,-84427,-302399,0.5
1900-01-25 10:18:45,8025.0,40779,8025.5,501429,11378,160290,-148912,-460650,0.5
1900-01-25 10:19:00,8021.5,6857,8022.0,245061,38545,41161,-2616,-238204,0.5
1900-01-25 10:19:15,8021.0,58787,8021.5,794833,23716,208172,-184456,-736046,0.5
1900-01-25 10:19:30,8016.5,309565,8017.0,378665,13818,384470,-370652,-69100,0.5
1900-01-25 10:19:45,8013.0,434513,8013.5,298746,344788,424809,-80021,135767,0.5
1900-01-25 10:20:00,8013.0,755109,8013.5,526242,66224,55360,10864,228867,0.5
1900-01-25 10:20:15,8016.5,555738,8017.0,77831,264806,28217,236589,477907,0.5
1900-01-25 10:20:30,8022.5,3270,8023.0,835386,364683,54833,309850,-832116,0.5
1900-01-25 10:20:45,8024.5,220000,8025.0,405756,63436,43235,20201,-185756,0.5
1900-01-25 10:21:00,8024.0,231446,8024.5,854873,38999,28807,10192,-623427,0.5
1900-01-25 10:21:15,8022.5,4834,8023.0,1060482,47709,199658,-151949,-1055648,0.5
1900-01-25 10:21:30,8017.0,66108,8017.5,714388,97534,94349,3185,-648280,0.5
1900-01-25 10:21:45,8016.5,34162,8017.0,902437,60,76361,-76301,-868275,0.5
1900-01-25 10:22:00,8016.5,116351,8017.0,670741,85229,92513,-7284,-554390,0.5
1900-01-25 10:22:15,8016.5,7860,8017.0,881351,48044,103471,-55427,-873491,0.5
1900-01-25 10:22:30,8015.0,67752,8015.5,978676,23502,328441,-304939,-910924,0.5
1900-01-25 10:22:45,8012.0,281292,8012.5,851179,9657,69707,-60050,-569887,0.5
1900-01-25 10:23:00,8012.0,350502,8012.5,659725,93454,214463,-121009,-309223,0.5
1900-01-25 10:23:15,8011.5,523752,8012.0,244460,14416,55694,-41278,279292,0.5
1900-01-25 10:23:30,8011.5,815831,8012.0,74511,224759,2833,221926,741320,0.5
1900-01-25 10:23:45,8014.0,766203,8014.5,46901,43689,1544,42145,719302,0.5
1900-01-25 10:24:00,8016.5,746591,8017.0,54572,80049,4557,75492,692019,0.5
1900-01-25 10:24:15,8022.5,630036,8023.0,77268,125923,8928,116995,552768,0.5
1900-01-25 10:24:30,8016.5,605845,8017.0,177061,30230,21939,8291,428784,0.5
1900-01-25 10:24:45,8021.0,7498,8021.5,513984,19579,16357,3222,-506486,0.5
1900-01-25 10:25:00,8019.5,148126,8020.0,730777,21965,76239,-54274,-582651,0.5
1900-01-25 10:25:15,8019.5,714895,8020.0,255888,47933,19042,28891,459007,0.5
1900-01-25 10:25:30,8019.5,681403,8020.0,156644,10551,21363,-10812,524759,0.5
1900-01-25 10:25:45,8019.5,231277,8020.0,1094569,9301,30503,-21202,-863292,0.5
1900-01-25 10:26:00,8019.5,270056,8020.0,1390046,7661,16002,-8341,-1119990,0.5
1900-01-25 10:26:15,8015.5,99727,8016.0,891868,51525,118105,-66580,-792141,0.5
1900-01-25 10:26:30,8013.5,40834,8014.0,567970,18193,97397,-79204,-527136,0.5
1900-01-25 10:26:45,8013.5,799350,8014.0,61166,71105,13660,57445,738184,0.5
1900-01-25 10:27:00,8016.5,671000,8017.0,16086,26412,5064,21348,654914,0.5
1900-01-25 10:27:15,8022.5,492607,8023.0,14799,100012,7081,92931,477808,0.5
1900-01-25 10:27:30,8027.5,250007,8028.0,653789,114654,7901,106753,-403782,0.5
1900-01-25 10:27:45,8030.5,874003,8031.0,127701,113194,64763,48431,746302,0.5
1900-01-25 10:28:00,8032.5,118131,8033.0,536213,241817,20089,221728,-418082,0.5
1900-01-25 10:28:15,8028.5,197748,8029.0,519630,46294,132377,-86083,-321882,0.5
1900-01-25 10:28:30,8027.5,1900,8028.0,610881,1600,45331,-43731,-608981,0.5
1900-01-25 10:28:45,8027.5,557362,8028.0,50961,47602,11911,35691,506401,0.5
1900-01-25 10:29:00,8033.5,648253,8034.0,4550,76869,5392,71477,643703,0.5
1900-01-25 10:29:15,8037.5,12088,8038.0,759066,45551,161104,-115553,-746978,0.5
1900-01-25 10:29:30,8030.0,895637,8030.5,22259,61822,121514,-59692,873378,0.5
1900-01-25 10:29:45,8036.0,262632,8036.5,198264,159508,61266,98242,64368,0.5
1900-01-25 10:30:00,8037.0,839536,8037.5,45939,143846,111870,31976,793597,0.5
1900-01-25 10:30:15,8038.0,759803,8038.5,129271,90680,27241,63439,630532,0.5
1900-01-25 10:30:30,8038.5,940615,8039.0,236633,113240,10526,102714,703982,0.5
1900-01-25 10:30:45,8038.5,313833,8039.0,751974,127633,11747,115886,-438141,0.5
1900-01-25 10:31:00,8038.5,907801,8039.0,571319,82922,22962,59960,336482,0.5
1900-01-25 10:31:15,8038.5,998178,8039.0,408747,227954,6900,221054,589431,0.5
1900-01-25 10:31:30,8038.5,587083,8039.0,490173,137451,23999,113452,96910,0.5
1900-01-25 10:31:45,8038.5,48579,8039.0,713635,21067,95773,-74706,-665056,0.5
1900-01-25 10:32:00,8030.0,41593,8030.5,325904,72080,145672,-73592,-284311,0.5
1900-01-25 10:32:15,8014.0,557995,8014.5,262083,3312,172829,-169517,295912,0.5
1900-01-25 10:32:30,8022.5,835993,8023.0,78516,130294,60457,69837,757477,0.5
1900-01-25 10:32:45,8020.5,37890,8021.0,365946,40465,72043,-31578,-328056,0.5
1900-01-25 10:33:00,8013.0,9008,8013.5,101595,29465,175427,-145962,-92587,0.5
1900-01-25 10:33:15,8002.0,863731,8002.5,121647,59796,445786,-385990,742084,0.5
1900-01-25 10:33:30,8006.0,633822,8006.5,247027,289345,111872,177473,386795,0.5
1900-01-25 10:33:45,8006.0,749799,8006.5,499174,96917,103480,-6563,250625,0.5
1900-01-25 10:34:00,8006.0,176156,8006.5,996589,13444,37117,-23673,-820433,0.5
1900-01-25 10:34:15,7997.5,11528,7998.0,129854,123401,650604,-527203,-118326,0.5
1900-01-25 10:34:30,7999.5,397409,8000.0,112421,67096,295450,-228354,284988,0.5
1900-01-25 10:34:45,7999.5,453589,8000.0,759296,156311,38301,118010,-305707,0.5
1900-01-25 10:35:00,7999.5,1056785,8000.0,111019,236993,5534,231459,945766,0.5
1900-01-25 10:35:15,7997.5,94280,7998.0,911851,145889,86993,58896,-817571,0.5
1900-01-25 10:35:30,7994.0,664033,7994.5,373916,5114,239829,-234715,290117,0.5
1900-01-25 10:35:45,7982.0,63149,7982.5,188989,142155,888166,-746011,-125840,0.5
1900-01-25 10:36:00,7992.5,300036,7993.0,340312,113701,210951,-97250,-40276,0.5
1900-01-25 10:36:15,7992.5,52600,7993.0,797694,66547,309321,-242774,-745094,0.5
1900-01-25 10:36:30,7988.0,447280,7988.5,691338,34630,141956,-107326,-244058,0.5
1900-01-25 10:36:45,7988.0,607576,7988.5,631888,31054,40663,-9609,-24312,0.5
1900-01-25 10:37:00,7987.5,7467,7988.0,696697,16264,88329,-72065,-689230,0.5
1900-01-25 10:37:15,7987.0,27061,7987.5,2829,109625,72542,37083,24232,0.5
1900-01-25 10:37:30,7989.5,1057175,7990.0,75957,149765,1774,147991,981218,0.5
1900-01-25 10:37:45,7996.5,319383,7997.0,790928,237985,14410,223575,-471545,0.5
1900-01-25 10:38:00,7998.5,310963,7999.0,260816,229685,53205,176480,50147,0.5
1900-01-25 10:38:15,7995.0,63042,7995.5,64067,127000,33568,93432,-1025,0.5
1900-01-25 10:38:30,7996.0,430070,7996.5,467649,34644,40460,-5816,-37579,0.5
1900-01-25 10:38:45,7999.0,809887,7999.5,48235,34423,20400,14023,761652,0.5
1900-01-25 10:39:00,8003.5,653544,8004.0,133062,46191,26060,20131,520482,0.5
1900-01-25 10:39:15,8001.5,189169,8002.0,671311,100486,253580,-153094,-482142,0.5
1900-01-25 10:39:30,8001.5,537187,8002.0,255268,30955,60093,-29138,281919,0.5
1900-01-25 10:39:45,8000.0,17753,8000.5,735442,60842,23742,37100,-717689,0.5
1900-01-25 10:40:00,7994.0,62187,7994.5,837962,12294,282887,-270593,-775775,0.5
1900-01-25 10:40:15,7990.0,555798,7990.5,265226,9933,234479,-224546,290572,0.5
1900-01-25 10:40:30,7990.0,23524,7990.5,635308,21294,74039,-52745,-611784,0.5
1900-01-25 10:40:45,7986.5,644501,7987.0,198813,23006,136180,-113174,445688,0.5
1900-01-25 10:41:00,7986.5,667818,7987.0,308885,59272,55934,3338,358933,0.5
1900-01-25 10:41:15,7987.0,725278,7987.5,56550,76410,22044,54366,668728,0.5
1900-01-25 10:41:30,7989.0,465491,7989.5,257826,103789,24042,79747,207665,0.5
1900-01-25 10:41:45,7989.0,565866,7989.5,134273,111880,2452,109428,431593,0.5
1900-01-25 10:42:00,7989.0,35412,7989.5,783845,31534,37736,-6202,-748433,0.5
1900-01-25 10:42:15,7988.0,12416,7988.5,938427,1951,21084,-19133,-926011,0.5
1900-01-25 10:42:30,7986.0,101275,7986.5,932473,2364,100794,-98430,-831198,0.5
1900-01-25 10:42:45,7985.0,231374,7985.5,589415,43482,27392,16090,-358041,0.5
1900-01-25 10:43:00,7985.0,820990,7985.5,87985,19532,26380,-6848,733005,0.5
1900-01-25 10:43:15,7989.5,632762,7990.0,247031,74540,860,73680,385731,0.5
1900-01-25 10:43:30,7994.5,614266,7995.0,9006,175095,2291,172804,605260,0.5
1900-01-25 10:43:45,7994.5,386161,7995.0,504323,50637,30840,19797,-118162,0.5
1900-01-25 10:44:00,7995.5,776472,7996.0,457977,60849,2501,58348,318495,0.5
1900-01-25 10:44:15,7996.0,708599,7996.5,137296,185263,14370,170893,571303,0.5
1900-01-25 10:44:30,7996.0,523834,7996.5,416489,89574,3684,85890,107345,0.5
1900-01-25 10:44:45,7994.5,37444,7995.0,1065874,163571,60677,102894,-1028430,0.5
1900-01-25 10:45:00,7990.0,140464,7990.5,738474,7518,221879,-214361,-598010,0.5
1900-01-25 10:45:15,7980.0,1369854,7980.5,78335,14692,333305,-318613,1291519,0.5
1900-01-25 10:45:30,7980.5,306511,7981.0,4125,112195,417061,-304866,302386,0.5
1900-01-25 10:45:45,7982.5,433701,7983.0,248826,80576,52759,27817,184875,0.5
1900-01-25 10:46:00,7985.5,29341,7986.0,919315,109604,11898,97706,-889974,0.5
1900-01-25 10:46:15,7983.0,2190,7983.5,496911,4067,55249,-51182,-494721,0.5
1900-01-25 10:46:30,7982.5,23392,7983.0,1154441,14894,315307,-300413,-1131049,0.5
1900-01-25 10:46:45,7980.0,104616,7980.5,982149,5007,270353,-265346,-877533,0.5
1900-01-25 10:47:00,7977.5,501765,7978.0,19036,12467,426557,-414090,482729,0.5
1900-01-25 10:47:15,7984.0,499146,7984.5,28109,466094,20615,445479,471037,0.5
1900-01-25 10:47:30,7984.0,208473,7984.5,632575,14715,32064,-17349,-424102,0.5
1900-01-25 10:47:45,7983.5,6690,7984.0,603258,4487,61243,-56756,-596568,0.5
1900-01-25 10:48:00,7978.0,503316,7978.5,8082,139006,125605,13401,495234,0.5
1900-01-25 10:48:15,7982.5,481312,7983.0,623392,264747,3888,260859,-142080,0.5
1900-01-25 10:48:30,7980.0,261225,7980.5,546618,119219,2460,116759,-285393,0.5
1900-01-25 10:48:45,7980.0,369220,7980.5,527785,963,11001,-10038,-158565,0.5
1900-01-25 10:49:00,7980.0,401122,7980.5,74854,58033,48595,9438,326268,0.5
1900-01-25 10:49:15,7984.0,169989,7984.5,5514,109756,126612,-16856,164475,0.5
1900-01-25 10:49:30,7986.0,487933,7986.5,412472,46932,34429,12503,75461,0.5
1900-01-25 10:49:45,7986.0,443606,7986.5,237158,33933,56901,-22968,206448,0.5
1900-01-25 10:50:00,7989.0,815100,7989.5,36407,111508,123,111385,778693,0.5
1900-01-25 10:50:15,7989.5,738938,7990.0,118926,80328,90,80238,620012,0.5
1900-01-25 10:50:30,7993.5,29338,7994.0,663006,171294,11979,159315,-633668,0.5
1900-01-25 10:50:45,7989.5,541270,7990.0,33707,46033,59085,-13052,507563,0.5
1900-01-25 10:51:00,7992.5,666513,7993.0,223020,128890,34456,94434,443493,0.5
1900-01-25 10:51:15,7994.5,575435,7995.0,98758,90111,30820,59291,476677,0.5
1900-01-25 10:51:30,8001.5,240570,8002.0,555098,366100,95711,270389,-314528,0.5
1900-01-25 10:51:45,8004.5,169919,8005.0,397663,201731,145481,56250,-227744,0.5
1900-01-25 10:52:00,8004.5,220979,8005.0,554207,16500,92603,-76103,-333228,0.5
1900-01-25 10:52:15,8002.5,250291,8003.0,537866,63989,94446,-30457,-287575,0.5
1900-01-25 10:52:30,8001.5,9391,8002.0,64500,28546,47471,-18925,-55109,0.5
1900-01-25 10:52:45,7998.0,361905,7998.5,645728,1474,56685,-55211,-283823,0.5
1900-01-25 10:53:00,7997.0,10851,7997.5,832770,2210,80763,-78553,-821919,0.5
1900-01-25 10:53:15,7992.0,419715,7992.5,337659,38807,101632,-62825,82056,0.5
1900-01-25 10:53:30,7994.5,223902,7995.0,674308,42709,122069,-79360,-450406,0.5
1900-01-25 10:53:45,7990.0,631881,7990.5,331578,6201,43735,-37534,300303,0.5
1900-01-25 10:54:00,7991.5,887987,7992.0,244033,60879,41807,19072,643954,0.5
1900-01-25 10:54:15,7996.0,98905,7996.5,605247,116431,13569,102862,-506342,0.5
1900-01-25 10:54:30,7995.5,350576,7996.0,532903,3508,298057,-294549,-182327,0.5
1900-01-25 10:54:45,7999.5,500169,8000.0,306162,141961,8773,133188,194007,0.5
1900-01-25 10:55:00,7999.5,157647,8000.0,507913,66318,25639,40679,-350266,0.5
1900-01-25 10:55:15,7999.5,447025,8000.0,82015,71247,13214,58033,365010,0.5
1900-01-25 10:55:30,8002.0,556758,8002.5,54895,111341,832,110509,501863,0.5
1900-01-25 10:55:45,8007.0,684048,8007.5,2902,200585,2160,198425,681146,0.5
1900-01-25 10:56:00,8008.5,293118,8009.0,631875,110027,1432,108595,-338757,0.5
1900-01-25 10:56:15,8008.5,126325,8009.0,715349,32540,13839,18701,-589024,0.5
1900-01-25 10:56:30,8008.0,720507,8008.5,69715,121506,41211,80295,650792,0.5
1900-01-25 10:56:45,8022.0,67091,8022.5,597805,285204,57232,227972,-530714,0.5
1900-01-25 10:57:00,8017.5,825,8018.0,1121713,116507,59914,56593,-1120888,0.5
1900-01-25 10:57:15,8016.0,25703,8016.5,958192,26945,34390,-7445,-932489,0.5
1900-01-25 10:57:30,8013.0,58406,8013.5,767418,26170,162695,-136525,-709012,0.5
1900-01-25 10:57:45,8011.0,31565,8011.5,641576,20632,63431,-42799,-610011,0.5
1900-01-25 10:58:00,8007.5,271725,8008.0,570196,23707,10284,13423,-298471,0.5
1900-01-25 10:58:15,8007.5,21669,8008.0,1070949,38668,89025,-50357,-1049280,0.5
1900-01-25 10:58:30,8007.5,63872,8008.0,639444,56021,51175,4846,-575572,0.5
1900-01-25 10:58:45,7997.5,40241,7998.0,620997,9186,237088,-227902,-580756,0.5
1900-01-25 10:59:00,7995.5,83197,7996.0,191414,153764,107094,46670,-108217,0.5
1900-01-25 10:59:15,7995.5,429985,7996.0,383601,66232,18057,48175,46384,0.5
1900-01-25 10:59:30,7995.5,520753,7996.0,172198,65508,7979,57529,348555,0.5
1900-01-25 10:59:45,7995.5,755948,7996.0,61425,88412,18706,69706,694523,0.5
1900-01-25 11:00:00,7995.5,490484,7996.0,210535,172051,23495,148556,279949,0.5
1900-01-25 11:00:15,7988.5,55313,7989.0,238697,41414,630551,-589137,-183384,0.5
1900-01-25 11:00:30,7980.5,1324167,7981.0,136097,79146,220977,-141831,1188070,0.5
1900-01-25 11:00:45,7987.0,434311,7987.5,700683,156481,54146,102335,-266372,0.5
1900-01-25 11:01:00,7989.5,416406,7990.0,12817,90061,15509,74552,403589,0.5
1900-01-25 11:01:15,7990.0,1575998,7990.5,16382,145983,27990,117993,1559616,0.5
1900-01-25 11:01:30,7994.5,287749,7995.0,961154,53419,23767,29652,-673405,0.5
1900-01-25 11:01:45,7994.5,376308,7995.0,142323,9114,42843,-33729,233985,0.5
1900-01-25 11:02:00,7994.5,1334616,7995.0,33049,45010,74202,-29192,1301567,0.5
1900-01-25 11:02:15,7995.0,1368646,7995.5,71995,301969,10913,291056,1296651,0.5
1900-01-25 11:02:30,8005.0,381135,8005.5,11269,140635,14231,126404,369866,0.5
1900-01-25 11:02:45,8007.5,177206,8008.0,101559,301325,10134,291191,75647,0.5
1900-01-25 11:03:00,8007.5,235830,8008.0,865332,84469,176178,-91709,-629502,0.5
1900-01-25 11:03:15,7993.5,913721,7994.0,31305,20165,129489,-109324,882416,0.5
1900-01-25 11:03:30,8002.0,358240,8002.5,35372,43381,50110,-6729,322868,0.5
1900-01-25 11:03:45,8003.0,428435,8003.5,668061,135824,85290,50534,-239626,0.5
1900-01-25 11:04:00,8003.0,792958,8003.5,325562,7090,34185,-27095,467396,0.5
1900-01-25 11:04:15,8004.5,760616,8005.0,5048,75109,13004,62105,755568,0.5
1900-01-25 11:04:30,8005.0,312503,8005.5,867836,13822,108422,-94600,-555333,0.5
1900-01-25 11:04:45,8005.0,340684,8005.5,466520,83172,51297,31875,-125836,0.5
1900-01-25 11:05:00,8003.5,176339,8004.0,616510,21287,38346,-17059,-440171,0.5
1900-01-25 11:05:15,8003.5,545887,8004.0,376578,5635,101502,-95867,169309,0.5
1900-01-25 11:05:30,8005.0,851179,8005.5,37885,92333,12002,80331,813294,0.5
1900-01-25 11:05:45,8006.0,789500,8006.5,13158,27126,5705,21421,776342,0.5
1900-01-25 11:06:00,8008.5,777421,8009.0,14460,18856,35427,-16571,762961,0.5
1900-01-25 11:06:15,8009.5,891900,8010.0,402035,95805,3550,92255,489865,0.5
1900-01-25 11:06:30,8023.5,214291,8024.0,649784,334182,26757,307425,-435493,0.5
1900-01-25 11:06:45,8020.5,706690,8021.0,1039267,116239,156404,-40165,-332577,0.5
1900-01-25 11:07:00,8020.5,1133057,8021.0,664828,34215,46681,-12466,468229,0.5
1900-01-25 11:07:15,8024.5,672751,8025.0,130748,308261,31429,276832,542003,0.5
1900-01-25 11:07:30,8027.5,224374,8028.0,486820,400006,15355,384651,-262446,0.5
1900-01-25 11:07:45,8023.5,268733,8024.0,424057,105282,138185,-32903,-155324,0.5
1900-01-25 11:08:00,8023.5,210940,8024.0,492633,11778,124613,-112835,-281693,0.5
1900-01-25 11:08:15,8023.5,261406,8024.0,583541,11962,29964,-18002,-322135,0.5
1900-01-25 11:08:30,8027.5,323994,8028.0,58572,76814,46254,30560,265422,0.5
1900-01-25 11:08:45,8029.0,1070508,8029.5,3290,135347,11955,123392,1067218,0.5
1900-01-25 11:09:00,8030.0,93403,8030.5,251281,147319,185788,-38469,-157878,0.5
1900-01-25 11:09:15,8027.0,3755046,8027.5,821991,76307,340171,-263864,2933055,0.5
1900-01-25 11:09:30,8027.0,2619837,8027.5,454379,198607,1174224,-975617,2165458,0.5
1900-01-25 11:09:45,8025.5,146791,8026.0,840138,110173,2299454,-2189281,-693347,0.5
1900-01-25 11:10:00,8030.5,401761,8031.0,19918,340904,49607,291297,381843,0.5
1900-01-25 11:10:15,8032.5,760676,8033.0,159257,215712,26515,189197,601419,0.5
1900-01-25 11:10:30,8029.0,5260,8029.5,407833,67788,162680,-94892,-402573,0.5
1900-01-25 11:10:45,8029.0,488420,8029.5,23641,227680,51981,175699,464779,0.5
1900-01-25 11:11:00,8028.5,20883,8029.0,336331,64830,261574,-196744,-315448,0.5
1900-01-25 11:11:15,8027.5,64908,8028.0,499733,85115,202566,-117451,-434825,0.5
1900-01-25 11:11:30,8025.5,3786,8026.0,684178,78805,169892,-91087,-680392,0.5
1900-01-25 11:11:45,8023.5,393959,8024.0,372683,72640,84381,-11741,21276,0.5
1900-01-25 11:12:00,8021.5,59101,8022.0,596254,34893,97077,-62184,-537153,0.5
1900-01-25 11:12:15,8021.5,16285,8022.0,1154778,13371,70373,-57002,-1138493,0.5
1900-01-25 11:12:30,8017.0,19451,8017.5,314619,14865,75965,-61100,-295168,0.5
1900-01-25 11:12:45,8014.5,868734,8015.0,318534,59386,193573,-134187,550200,0.5
1900-01-25 11:13:00,8014.5,837875,8015.0,207705,166185,5019,161166,630170,0.5
1900-01-25 11:13:15,8022.5,403596,8023.0,181425,363764,5743,358021,222171,0.5
1900-01-25 11:13:30,8022.5,58403,8023.0,1145275,20733,53676,-32943,-1086872,0.5
1900-01-25 11:13:45,8015.5,1181630,8016.0,51793,22091,65638,-43547,1129837,0.5
1900-01-25 11:14:00,8020.0,947861,8020.5,50304,44011,4078,39933,897557,0.5
1900-01-25 11:14:15,8020.0,519017,8020.5,226701,40529,189311,-148782,292316,0.5
1900-01-25 11:14:30,8019.5,43178,8020.0,550649,23657,31153,-7496,-507471,0.5
1900-01-25 11:14:45,8025.5,25608,8026.0,502459,308486,8129,300357,-476851,0.5
1900-01-25 11:15:00,8027.5,817326,8028.0,134606,396804,8270,388534,682720,0.5
1900-01-25 11:15:15,8027.5,1085058,8028.0,151648,146059,17674,128385,933410,0.5
1900-01-25 11:15:30,8027.5,776588,8028.0,292205,334532,62465,272067,484383,0.5
1900-01-25 11:15:45,8027.5,1108399,8028.0,203828,41575,46691,-5116,904571,0.5
1900-01-25 11:16:00,8027.5,1161366,8028.0,201186,341128,1631,339497,960180,0.5
1900-01-25 11:16:15,8027.5,981616,8028.0,921687,41165,20343,20822,59929,0.5
1900-01-25 11:16:30,8029.5,233338,8030.0,110025,37940,11928,26012,123313,0.5
1900-01-25 11:16:45,8033.5,320261,8034.0,440593,241195,41296,199899,-120332,0.5
1900-01-25 11:17:00,8031.5,22463,8032.0,531975,20232,93847,-73615,-509512,0.5
1900-01-25 11:17:15,8029.0,354923,8029.5,554840,9235,119185,-109950,-199917,0.5
1900-01-25 11:17:30,8028.0,26906,8028.5,1108071,3590,147191,-143601,-1081165,0.5
1900-01-25 11:17:45,8025.0,13107,8025.5,1120498,6044,37999,-31955,-1107391,0.5
1900-01-25 11:18:00,8024.0,497890,8024.5,513731,5832,52516,-46684,-15841,0.5
1900-01-25 11:18:15,8024.5,575912,8025.0,30528,77482,50690,26792,545384,0.5
1900-01-25 11:18:30,8028.5,695437,8029.0,133711,44076,5122,38954,561726,0.5
1900-01-25 11:18:45,8028.5,438702,8029.0,758920,139653,7729,131924,-320218,0.5
1900-01-25 11:19:00,8029.5,679841,8030.0,248067,287964,4400,283564,431774,0.5
1900-01-25 11:19:15,8029.5,693300,8030.0,316828,55375,6960,48415,376472,0.5
1900-01-25 11:19:30,8029.5,374082,8030.0,136231,72324,10232,62092,237851,0.5
1900-01-25 11:19:45,8029.5,267603,8030.0,754452,71463,48478,22985,-486849,0.5
1900-01-25 11:20:00,8029.5,326978,8030.0,483906,64363,115460,-51097,-156928,0.5
1900-01-25 11:20:15,8029.5,762392,8030.0,365829,46105,40560,5545,396563,0.5
1900-01-25 11:20:30,8029.5,969204,8030.0,217798,117806,225,117581,751406,0.5
1900-01-25 11:20:45,8033.0,991262,8033.5,20825,152673,28934,123739,970437,0.5
1900-01-25 11:21:00,8035.0,89332,8035.5,6420,209894,13689,196205,82912,0.5
1900-01-25 11:21:15,8041.0,597152,8041.5,26864,344694,39730,304964,570288,0.5
1900-01-25 11:21:30,8039.5,36389,8040.0,645282,68822,344354,-275532,-608893,0.5
1900-01-25 11:21:45,8038.5,21076,8039.0,637368,4756,86834,-82078,-616292,0.5
1900-01-25 11:22:00,8036.5,7294,8037.0,660607,77386,63914,13472,-653313,0.5
1900-01-25 11:22:15,8030.0,475665,8030.5,357246,57131,231044,-173913,118419,0.5
1900-01-25 11:22:30,8034.0,55281,8034.5,26088,164622,144249,20373,29193,0.5
1900-01-25 11:22:45,8029.5,819658,8030.0,358259,112657,80507,32150,461399,0.5
1900-01-25 11:23:00,8033.0,405014,8033.5,1666,194880,28841,166039,403348,0.5
1900-01-25 11:23:15,8040.5,472453,8041.0,48176,75837,44743,31094,424277,0.5
1900-01-25 11:23:30,8040.5,457439,8041.0,432140,79797,26620,53177,25299,0.5
1900-01-25 11:23:45,8064.5,25126,8065.0,102137,3640821,91663,3549158,-77011,0.5
1900-01-25 11:24:00,8069.5,50,8070.0,293,3267645,432168,2835477,-243,0.5
1900-01-25 11:24:15,8069.0,1455,8069.5,617457,681954,705211,-23257,-616002,0.5
1900-01-25 11:24:30,8062.0,56912,8062.5,622,378921,1809375,-1430454,56290,0.5
1900-01-25 11:24:45,8058.0,485661,8058.5,354123,338375,248000,90375,131538,0.5
1900-01-25 11:25:00,8055.0,495223,8055.5,611639,122607,408719,-286112,-116416,0.5
1900-01-25 11:25:15,8050.5,2000,8051.0,28800,34435,404710,-370275,-26800,0.5
1900-01-25 11:25:30,8054.5,198138,8055.0,219875,238961,464664,-225703,-21737,0.5
1900-01-25 11:25:45,8059.5,286262,8060.0,67747,288734,89332,199402,218515,0.5
1900-01-25 11:26:00,8063.5,351572,8064.0,585837,215938,70819,145119,-234265,0.5
1900-01-25 11:26:15,8059.5,225821,8060.0,632253,84719,329564,-244845,-406432,0.5
1900-01-25 11:26:30,8052.0,72067,8052.5,149401,41540,344107,-302567,-77334,0.5
1900-01-25 11:26:45,8057.0,94778,8057.5,823526,225099,124180,100919,-728748,0.5
1900-01-25 11:27:00,8052.0,472052,8052.5,409669,219242,769229,-549987,62383,0.5
1900-01-25 11:27:15,8056.5,284560,8057.0,140765,140016,201634,-61618,143795,0.5
1900-01-25 11:27:30,8053.0,62992,8053.5,713425,22932,140695,-117763,-650433,0.5
1900-01-25 11:27:45,8052.0,780240,8052.5,274735,20808,185569,-164761,505505,0.5
1900-01-25 11:28:00,8052.0,711732,8052.5,444068,35241,283407,-248166,267664,0.5
1900-01-25 11:28:15,8052.5,979782,8053.0,296305,197626,14044,183582,683477,0.5
1900-01-25 11:28:30,8058.0,799011,8058.5,101228,820804,36005,784799,697783,0.5
1900-01-25 11:28:45,8061.0,528252,8061.5,232328,355541,20466,335075,295924,0.5
1900-01-25 11:29:00,8055.5,5833,8056.0,682461,243450,266901,-23451,-676628,0.5
1900-01-25 11:29:15,8060.5,1055040,8061.0,76604,172686,91252,81434,978436,0.5
1900-01-25 11:29:30,8063.5,536539,8064.0,1369555,54570,64661,-10091,-833016,0.5
1900-01-25 11:29:45,8063.5,60378,8064.0,772709,359920,129028,230892,-712331,0.5
1900-01-25 11:30:00,8063.5,428552,8064.0,153746,284686,316131,-31445,274806,0.5
1900-01-25 11:30:15,8068.0,388026,8068.5,52692,235553,94950,140603,335334,0.5
1900-01-25 11:30:30,8069.5,53369,8070.0,690319,636667,250050,386617,-636950,0.5
1900-01-25 11:30:45,8069.5,392115,8070.0,261860,161489,53922,107567,130255,0.5
1900-01-25 11:31:00,8075.0,350944,8075.5,412358,276547,47794,228753,-61414,0.5
1900-01-25 11:31:15,8076.5,122925,8077.0,206886,804549,58145,746404,-83961,0.5
1900-01-25 11:31:30,8089.0,28074,8089.5,306922,1608398,81255,1527143,-278848,0.5
1900-01-25 11:31:45,8067.5,85100,8068.0,466098,461827,310009,151818,-380998,0.5
1900-01-25 11:32:00,8060.0,101125,8060.5,14139,292665,291083,1582,86986,0.5
1900-01-25 11:32:15,8059.5,168550,8060.5,678919,278828,277850,978,-510369,1.0
1900-01-25 11:32:30,8052.0,671389,8052.5,846471,53966,235525,-181559,-175082,0.5
1900-01-25 11:32:45,8059.0,598025,8059.5,246775,163748,107826,55922,351250,0.5
1900-01-25 11:33:00,8057.0,54820,8057.5,683280,161950,96780,65170,-628460,0.5
1900-01-25 11:33:15,8056.5,429639,8057.0,217376,57435,348273,-290838,212263,0.5
1900-01-25 11:33:30,8063.0,410717,8063.5,533908,121458,66887,54571,-123191,0.5
1900-01-25 11:33:45,8063.0,626979,8063.5,1031945,33077,49861,-16784,-404966,0.5
1900-01-25 11:34:00,8063.0,740001,8063.5,1448142,34802,68549,-33747,-708141,0.5
1900-01-25 11:34:15,8061.5,720503,8062.0,346763,267698,193616,74082,373740,0.5
1900-01-25 11:34:30,8057.0,2866089,8057.5,751442,22135,496233,-474098,2114647,0.5
1900-01-25 11:34:45,8055.0,876803,8055.5,65353,266153,491771,-225618,811450,0.5
1900-01-25 11:35:00,8057.0,724406,8057.5,33260,89140,85155,3985,691146,0.5
1900-01-25 11:35:15,8063.0,649261,8063.5,375588,451544,92183,359361,273673,0.5
1900-01-25 11:35:30,8069.5,387101,8070.0,129678,1638500,27331,1611169,257423,0.5
1900-01-25 11:35:45,8060.0,355992,8060.5,165149,156785,210261,-53476,190843,0.5
1900-01-25 11:36:00,8063.0,55409,8063.5,192769,69816,116269,-46453,-137360,0.5
1900-01-25 11:36:15,8068.5,285607,8069.0,123714,67561,44586,22975,161893,0.5
1900-01-25 11:36:30,8068.5,587226,8069.0,86872,44857,147641,-102784,500354,0.5
1900-01-25 11:36:45,8067.5,19972,8068.0,476371,57811,73272,-15461,-456399,0.5
1900-01-25 11:37:00,8063.5,577607,8064.0,186537,160333,130916,29417,391070,0.5
1900-01-25 11:37:15,8063.5,205249,8064.0,568904,25318,124693,-99375,-363655,0.5
1900-01-25 11:37:30,8061.0,74940,8061.5,614921,59921,94812,-34891,-539981,0.5
1900-01-25 11:37:45,8058.0,607794,8058.5,329371,11350,138579,-127229,278423,0.5
1900-01-25 11:38:00,8059.5,768250,8060.0,104209,216245,21442,194803,664041,0.5
1900-01-25 11:38:15,8064.5,127444,8065.0,962003,50309,18323,31986,-834559,0.5
1900-01-25 11:38:30,8062.5,535076,8063.0,51101,57427,114236,-56809,483975,0.5
1900-01-25 11:38:45,8063.5,42391,8064.0,1101190,56584,49801,6783,-1058799,0.5
1900-01-25 11:39:00,8055.0,393701,8055.5,351632,4604,188493,-183889,42069,0.5
1900-01-25 11:39:15,8052.0,21395,8052.5,843361,7896,516778,-508882,-821966,0.5
1900-01-25 11:39:30,8051.0,134143,8051.5,1068492,2116,350174,-348058,-934349,0.5
1900-01-25 11:39:45,8048.0,242187,8048.5,260272,27172,608402,-581230,-18085,0.5
1900-01-25 11:40:00,8042.5,286653,8043.0,265934,27337,466162,-438825,20719,0.5
1900-01-25 11:40:15,8045.0,604164,8045.5,225800,181625,83457,98168,378364,0.5
1900-01-25 11:40:30,8046.5,270848,8047.0,585998,295230,64373,230857,-315150,0.5
1900-01-25 11:40:45,8046.5,672280,8047.0,30860,179299,44162,135137,641420,0.5
1900-01-25 11:41:00,8047.0,189751,8047.5,929530,51256,61973,-10717,-739779,0.5
1900-01-25 11:41:15,8045.0,72476,8045.5,791989,26316,168268,-141952,-719513,0.5
1900-01-25 11:41:30,8042.0,672727,8042.5,806134,17468,139937,-122469,-133407,0.5
1900-01-25 11:41:45,8042.0,1099361,8042.5,230399,103394,47300,56094,868962,0.5
1900-01-25 11:42:00,8043.5,249896,8044.0,647509,283273,31926,251347,-397613,0.5
1900-01-25 11:42:15,8043.5,667862,8044.0,251545,69406,146791,-77385,416317,0.5
1900-01-25 11:42:30,8043.5,40072,8044.0,1923778,39620,41725,-2105,-1883706,0.5
1900-01-25 11:42:45,8035.0,97176,8035.5,677149,54998,431935,-376937,-579973,0.5
1900-01-25 11:43:00,8033.0,725911,8033.5,243728,35478,306394,-270916,482183,0.5
1900-01-25 11:43:15,8038.0,231861,8038.5,63978,770974,99173,671801,167883,0.5
1900-01-25 11:43:30,8040.0,837345,8040.5,464910,204772,145723,59049,372435,0.5
1900-01-25 11:43:45,8035.5,470161,8036.0,301536,6664,409148,-402484,168625,0.5
1900-01-25 11:44:00,8037.0,911120,8037.5,221476,198685,34258,164427,689644,0.5
1900-01-25 11:44:15,8029.5,85350,8030.0,988880,284807,93708,191099,-903530,0.5
1900-01-25 11:44:30,8020.0,860920,8020.5,174891,26127,492304,-466177,686029,0.5
1900-01-25 11:44:45,8025.5,721469,8026.0,200284,232341,151103,81238,521185,0.5
1900-01-25 11:45:00,8022.0,40829,8022.5,614290,204270,35429,168841,-573461,0.5
1900-01-25 11:45:15,8022.5,642351,8023.0,10058,144948,185870,-40922,632293,0.5
1900-01-25 11:45:30,8027.5,387963,8028.0,465484,123105,10064,113041,-77521,0.5
1900-01-25 11:45:45,8027.5,927278,8028.0,23533,122663,20251,102412,903745,0.5
1900-01-25 11:46:00,8027.5,773981,8028.0,837810,113150,25890,87260,-63829,0.5
1900-01-25 11:46:15,8027.5,1164305,8028.0,311184,554315,12559,541756,853121,0.5
1900-01-25 11:46:30,8030.0,1582998,8030.5,704,435115,5016,430099,1582294,0.5
1900-01-25 11:46:45,8034.5,1120796,8035.0,43774,194531,8164,186367,1077022,0.5
1900-01-25 11:47:00,8037.0,651729,8037.5,704830,254651,15996,238655,-53101,0.5
1900-01-25 11:47:15,8037.0,835566,8037.5,765736,47153,1361,45792,69830,0.5
1900-01-25 11:47:30,8037.0,901671,8037.5,740043,22359,10850,11509,161628,0.5
1900-01-25 11:47:45,8037.0,1016350,8037.5,473426,6740,8377,-1637,542924,0.5
1900-01-25 11:48:00,8037.0,980449,8037.5,37224,197458,6144,191314,943225,0.5
1900-01-25 11:48:15,8038.0,1231245,8038.5,664,11629,5850,5779,1230581,0.5
1900-01-25 11:48:30,8041.5,695476,8042.0,8967,193690,16620,177070,686509,0.5
1900-01-25 11:48:45,8045.0,458884,8045.5,35781,117903,13844,104059,423103,0.5
1900-01-25 11:49:00,8041.0,9493,8041.5,869061,27575,89272,-61697,-859568,0.5
1900-01-25 11:49:15,8037.5,296040,8038.0,648360,25195,169138,-143943,-352320,0.5
1900-01-25 11:49:30,8037.5,164142,8038.0,785616,14899,114806,-99907,-621474,0.5
1900-01-25 11:49:45,8037.5,1111,8038.0,976804,74689,110081,-35392,-975693,0.5
1900-01-25 11:50:00,8037.0,497536,8037.5,377626,27160,52676,-25516,119910,0.5
1900-01-25 11:50:15,8037.0,263644,8037.5,891643,9197,54262,-45065,-627999,0.5
1900-01-25 11:50:30,8037.0,400604,8037.5,1483193,1182,59683,-58501,-1082589,0.5
1900-01-25 11:50:45,8037.0,317732,8037.5,1080051,10975,39682,-28707,-762319,0.5
1900-01-25 11:51:00,8037.0,485704,8037.5,510781,11905,13867,-1962,-25077,0.5
1900-01-25 11:51:15,8037.0,107979,8037.5,1072922,8809,153359,-144550,-964943,0.5
1900-01-25 11:51:30,8037.0,281215,8037.5,450044,25026,15776,9250,-168829,0.5
1900-01-25 11:51:45,8037.0,369514,8037.5,633037,15904,25947,-10043,-263523,0.5
1900-01-25 11:52:00,8037.0,98225,8037.5,1040179,12726,75412,-62686,-941954,0.5
1900-01-25 11:52:15,8036.0,3468,8036.5,208768,27451,82552,-55101,-205300,0.5
1900-01-25 11:52:30,8031.5,9902,8032.0,1150760,24969,211044,-186075,-1140858,0.5
1900-01-25 11:52:45,8027.5,347141,8028.0,416201,14902,190612,-175710,-69060,0.5
1900-01-25 11:53:00,8027.5,692460,8028.0,351339,65349,34242,31107,341121,0.5
1900-01-25 11:53:15,8032.0,439851,8032.5,26296,234773,4343,230430,413555,0.5
1900-01-25 11:53:30,8032.0,1286109,8032.5,428113,91269,11501,79768,857996,0.5
1900-01-25 11:53:45,8034.5,277603,8035.0,5118,32958,2662,30296,272485,0.5
1900-01-25 11:54:00,8040.0,521777,8040.5,65634,41365,6888,34477,456143,0.5
1900-01-25 11:54:15,8041.5,691995,8042.0,8590,58162,6844,51318,683405,0.5
1900-01-25 11:54:30,8042.5,730501,8043.0,93608,42538,44,42494,636893,0.5
1900-01-25 11:54:45,8042.5,647202,8043.0,652873,39624,12895,26729,-5671,0.5
1900-01-25 11:55:00,8042.5,936922,8043.0,222774,68210,6361,61849,714148,0.5
1900-01-25 11:55:15,8046.5,558833,8047.0,53755,138580,6122,132458,505078,0.5
1900-01-25 11:55:30,8046.5,215198,8047.0,833040,16978,25201,-8223,-617842,0.5
1900-01-25 11:55:45,8046.5,342317,8047.0,103657,25370,1444,23926,238660,0.5
1900-01-25 11:56:00,8046.5,540739,8047.0,60984,16086,13806,2280,479755,0.5
1900-01-25 11:56:15,8046.5,403810,8047.0,221653,59647,11016,48631,182157,0.5
1900-01-25 11:56:30,8042.5,1584,8043.0,1076520,37667,112964,-75297,-1074936,0.5
1900-01-25 11:56:45,8039.5,323329,8040.0,320109,3260,41801,-38541,3220,0.5
1900-01-25 11:57:00,8039.5,388958,8040.0,247265,501,17935,-17434,141693,0.5
1900-01-25 11:57:15,8040.0,247409,8040.5,400284,177536,39361,138175,-152875,0.5
1900-01-25 11:57:30,8040.0,69498,8040.5,691538,17578,9098,8480,-622040,0.5
1900-01-25 11:57:45,8037.5,463043,8038.0,498513,28753,57029,-28276,-35470,0.5
1900-01-25 11:58:00,8037.5,761918,8038.0,158693,129288,7900,121388,603225,0.5
1900-01-25 11:58:15,8039.0,372527,8039.5,14881,51023,1136,49887,357646,0.5
1900-01-25 11:58:30,8042.5,87440,8043.0,657761,144746,17225,127521,-570321,0.5
1900-01-25 11:58:45,8042.5,415421,8043.0,91239,80678,7627,73051,324182,0.5
1900-01-25 11:59:00,8042.5,494072,8043.0,133846,13845,7660,6185,360226,0.5
1900-01-25 11:59:15,8042.5,533356,8043.0,627463,98770,7175,91595,-94107,0.5
1900-01-25 11:59:30,8042.5,1126423,8043.0,67491,49625,16584,33041,1058932,0.5
1900-01-25 11:59:45,8042.5,164026,8043.0,832047,68568,94041,-25473,-668021,0.5
1900-01-25 12:00:15,8038.0,82866,8043.0,696107,11527,118787,-107260,-613241,5.0
1900-01-25 12:00:30,8037.0,14128,8037.5,64214,34367,93310,-58943,-50086,0.5
1900-01-25 12:00:45,8029.0,28459,8029.5,263594,128292,88406,39886,-235135,0.5
1900-01-25 12:01:00,8025.0,878628,8025.5,255471,65420,225786,-160366,623157,0.5
1900-01-25 12:01:15,8025.0,256649,8025.5,523430,70033,174369,-104336,-266781,0.5
1900-01-25 12:01:30,8020.5,96481,8021.0,296463,79580,245730,-166150,-199982,0.5
1900-01-25 12:01:45,8021.5,806763,8022.0,20471,100992,132214,-31222,786292,0.5
1900-01-25 12:02:00,8023.5,684473,8024.0,35355,132778,72562,60216,649118,0.5
1900-01-25 12:02:15,8025.0,265721,8025.5,479609,66899,577773,-510874,-213888,0.5
1900-01-25 12:02:30,8018.5,15482,8019.0,472472,6600,489769,-483169,-456990,0.5
1900-01-25 12:02:45,8012.0,251887,8012.5,447814,38730,850592,-811862,-195927,0.5
1900-01-25 12:03:00,8018.5,117836,8019.0,783079,75243,171653,-96410,-665243,0.5
1900-01-25 12:03:15,8020.5,30205,8021.0,834574,241123,47281,193842,-804369,0.5
1900-01-25 12:03:30,8018.5,67101,8019.0,797796,159696,185351,-25655,-730695,0.5
1900-01-25 12:03:45,8015.0,93853,8015.5,652076,2148,127066,-124918,-558223,0.5
1900-01-25 12:04:00,8014.0,95093,8014.5,798537,4838,82124,-77286,-703444,0.5
1900-01-25 12:04:15,8013.0,795834,8013.5,115607,14547,130814,-116267,680227,0.5
1900-01-25 12:04:30,8014.0,70439,8014.5,671250,233070,42759,190311,-600811,0.5
1900-01-25 12:04:45,8013.5,583338,8014.0,718802,91168,60637,30531,-135464,0.5
1900-01-25 12:05:00,8013.5,302629,8014.0,702601,106039,52192,53847,-399972,0.5
1900-01-25 12:05:15,8013.5,567802,8014.0,640044,5222,66889,-61667,-72242,0.5
1900-01-25 12:05:30,8013.5,562221,8014.0,365210,13753,41300,-27547,197011,0.5
1900-01-25 12:05:45,8013.0,343695,8013.5,732121,27347,161104,-133757,-388426,0.5
1900-01-25 12:06:00,8011.0,134714,8011.5,450567,10406,370289,-359883,-315853,0.5
1900-01-25 12:06:15,8011.5,629418,8012.0,874370,196546,260831,-64285,-244952,0.5
1900-01-25 12:06:30,8011.5,1354391,8012.0,28164,381953,62250,319703,1326227,0.5
1900-01-25 12:06:45,8013.5,596714,8014.0,14131,165233,21366,143867,582583,0.5
1900-01-25 12:07:00,8015.0,542771,8015.5,3398,822021,4442,817579,539373,0.5
1900-01-25 12:07:15,8018.5,492838,8019.0,112882,269065,1830,267235,379956,0.5
1900-01-25 12:07:30,8021.0,532774,8021.5,533552,159567,912,158655,-778,0.5
1900-01-25 12:07:45,8021.5,341856,8022.0,439917,137416,59278,78138,-98061,0.5
1900-01-25 12:08:00,8021.5,477420,8022.0,329990,43207,203,43004,147430,0.5
1900-01-25 12:08:15,8022.0,606810,8022.5,329301,56217,10533,45684,277509,0.5
1900-01-25 12:08:30,8022.5,841575,8023.0,112325,100695,5975,94720,729250,0.5
1900-01-25 12:08:45,8023.0,246644,8023.5,891404,59254,25592,33662,-644760,0.5
1900-01-25 12:09:00,8022.5,282553,8023.0,1010921,30628,23304,7324,-728368,0.5
1900-01-25 12:09:15,8020.0,43736,8020.5,1206709,22274,160931,-138657,-1162973,0.5
1900-01-25 12:09:30,8017.0,51054,8017.5,1098988,1766,103131,-101365,-1047934,0.5
1900-01-25 12:09:45,8016.5,568850,8017.0,101556,44242,151354,-107112,467294,0.5
1900-01-25 12:10:00,8022.5,761703,8023.0,9598,208281,4752,203529,752105,0.5
1900-01-25 12:10:15,8026.5,146264,8027.0,16211,84878,20896,63982,130053,0.5
1900-01-25 12:10:30,8027.5,35103,8028.0,984840,83259,15060,68199,-949737,0.5
1900-01-25 12:10:45,8027.5,694367,8028.0,836216,5592,26334,-20742,-141849,0.5
1900-01-25 12:11:00,8032.0,395781,8032.5,283582,187880,14465,173415,112199,0.5
1900-01-25 12:11:15,8032.5,730084,8033.0,91050,180691,45425,135266,639034,0.5
1900-01-25 12:11:30,8028.5,130216,8029.0,598767,30740,320096,-289356,-468551,0.5
1900-01-25 12:11:45,8027.0,697729,8027.5,176743,50368,21487,28881,520986,0.5
1900-01-25 12:12:00,8027.0,75517,8027.5,775917,11175,92987,-81812,-700400,0.5
1900-01-25 12:12:15,8027.0,204040,8027.5,602648,13739,22048,-8309,-398608,0.5
1900-01-25 12:12:30,8027.0,762916,8027.5,13343,93204,10883,82321,749573,0.5
1900-01-25 12:12:45,8027.5,765806,8028.0,4817,110208,1400,108808,760989,0.5
1900-01-25 12:13:00,8029.5,688367,8030.0,14283,21453,10662,10791,674084,0.5
1900-01-25 12:13:15,8029.5,371426,8030.0,556324,22631,2459,20172,-184898,0.5
1900-01-25 12:13:30,8030.0,247557,8030.5,637273,8107,90785,-82678,-389716,0.5
1900-01-25 12:13:45,8030.0,1079961,8030.5,666639,17500,50709,-33209,413322,0.5
1900-01-25 12:14:00,8030.0,1089757,8030.5,1183675,7500,17743,-10243,-93918,0.5
1900-01-25 12:14:15,8030.0,1216906,8030.5,710965,5454,69249,-63795,505941,0.5
1900-01-25 12:14:30,8030.0,1021661,8030.5,837705,106137,30070,76067,183956,0.5
1900-01-25 12:14:45,8030.0,1102510,8030.5,463475,40210,46503,-6293,639035,0.5
1900-01-25 12:15:00,8030.0,803573,8030.5,668278,7648,335288,-327640,135295,0.5
1900-01-25 12:15:15,8027.0,115553,8027.5,632628,56403,494555,-438152,-517075,0.5
1900-01-25 12:15:30,8023.5,332954,8024.0,569494,8701,169593,-160892,-236540,0.5
1900-01-25 12:15:45,8023.5,98181,8024.0,463279,29974,47024,-17050,-365098,0.5
1900-01-25 12:16:00,8021.0,124104,8021.5,670047,220,68327,-68107,-545943,0.5
1900-01-25 12:16:15,8020.5,28182,8021.0,992437,9313,149194,-139881,-964255,0.5
1900-01-25 12:16:30,8020.0,547655,8020.5,1054190,57784,482434,-424650,-506535,0.5
1900-01-25 12:16:45,8020.0,1361976,8020.5,193056,24511,18000,6511,1168920,0.5
1900-01-25 12:17:00,8024.5,805268,8025.0,11949,29533,3323,26210,793319,0.5
1900-01-25 12:17:15,8026.5,335920,8027.0,298208,90138,35210,54928,37712,0.5
1900-01-25 12:17:30,8028.5,485020,8029.0,67399,36372,52042,-15670,417621,0.5
1900-01-25 12:17:45,8028.5,259015,8029.0,775787,45939,8260,37679,-516772,0.5
1900-01-25 12:18:00,8027.5,26903,8028.0,1120005,10862,61792,-50930,-1093102,0.5
1900-01-25 12:18:15,8027.5,33512,8028.0,1181620,6476,24039,-17563,-1148108,0.5
1900-01-25 12:18:30,8021.0,253180,8021.5,509110,9106,107863,-98757,-255930,0.5
1900-01-25 12:18:45,8021.0,515458,8021.5,364460,11530,19327,-7797,150998,0.5
1900-01-25 12:19:00,8021.0,519921,8021.5,145618,6168,21087,-14919,374303,0.5
1900-01-25 12:19:15,8024.5,731118,8025.0,64967,50893,4080,46813,666151,0.5
1900-01-25 12:19:30,8024.5,669652,8025.0,402703,26582,58001,-31419,266949,0.5
1900-01-25 12:19:45,8024.5,909714,8025.0,101250,59837,4203,55634,808464,0.5
1900-01-25 12:20:00,8024.5,597251,8025.0,560701,45509,573,44936,36550,0.5
1900-01-25 12:20:15,8022.0,218724,8022.5,223684,58944,146428,-87484,-4960,0.5
1900-01-25 12:20:30,8021.5,43146,8022.0,1166798,10000,64255,-54255,-1123652,0.5
1900-01-25 12:20:45,8021.0,13187,8021.5,1213709,210,17276,-17066,-1200522,0.5
1900-01-25 12:21:00,8020.5,62518,8021.0,1088245,1900,38378,-36478,-1025727,0.5
1900-01-25 12:21:15,8020.0,149592,8020.5,1091171,2430,87593,-85163,-941579,0.5
1900-01-25 12:21:30,8018.5,39073,8019.0,1037799,21329,75059,-53730,-998726,0.5
1900-01-25 12:21:45,8011.5,600284,8012.0,14952,53555,96836,-43281,585332,0.5
1900-01-25 12:22:00,8013.5,703255,8014.0,56812,73658,20542,53116,646443,0.5
1900-01-25 12:22:15,8013.5,560335,8014.0,771366,23462,19701,3761,-211031,0.5
1900-01-25 12:22:30,8013.5,97960,8014.0,1030610,100689,225895,-125206,-932650,0.5
1900-01-25 12:22:45,8010.0,390669,8010.5,700575,6484,565345,-558861,-309906,0.5
1900-01-25 12:23:00,8010.0,742112,8010.5,316691,132761,210060,-77299,425421,0.5
1900-01-25 12:23:15,8010.0,822428,8010.5,230697,81823,69811,12012,591731,0.5
1900-01-25 12:23:30,8024.0,239082,8024.5,986636,426732,37652,389080,-747554,0.5
1900-01-25 12:23:45,8024.0,265238,8024.5,1053852,15374,38383,-23009,-788614,0.5
1900-01-25 12:24:00,8021.0,405321,8021.5,658192,14986,85272,-70286,-252871,0.5
1900-01-25 12:24:15,8021.0,226735,8021.5,1141747,11430,207294,-195864,-915012,0.5
1900-01-25 12:24:30,8021.0,596127,8021.5,1133414,1160,6658,-5498,-537287,0.5
1900-01-25 12:24:45,8021.0,562311,8021.5,1181754,19871,6405,13466,-619443,0.5
1900-01-25 12:25:00,8021.0,620738,8021.5,824951,951,2641,-1690,-204213,0.5
1900-01-25 12:25:15,8021.0,1422981,8021.5,33352,145545,16862,128683,1389629,0.5
1900-01-25 12:25:30,8023.5,587400,8024.0,1378,101432,1139,100293,586022,0.5
1900-01-25 12:25:45,8024.5,351023,8025.0,804967,40845,272,40573,-453944,0.5
1900-01-25 12:26:00,8024.5,521488,8025.0,150602,28690,22061,6629,370886,0.5
1900-01-25 12:26:15,8026.0,676590,8026.5,1244,167165,1087,166078,675346,0.5
1900-01-25 12:26:30,8027.5,608540,8028.0,127289,91392,4614,86778,481251,0.5
1900-01-25 12:26:45,8028.0,349928,8028.5,371870,80190,33948,46242,-21942,0.5
1900-01-25 12:27:00,8027.5,32811,8028.0,1104634,2353,35690,-33337,-1071823,0.5
1900-01-25 12:27:15,8027.5,440822,8028.0,1291503,12261,50734,-38473,-850681,0.5
1900-01-25 12:27:30,8027.5,358652,8028.0,1348117,300,119123,-118823,-989465,0.5
1900-01-25 12:27:45,8027.5,271102,8028.0,1350950,24501,117289,-92788,-1079848,0.5
1900-01-25 12:28:00,8027.5,264302,8028.0,1255579,21647,8682,12965,-991277,0.5
1900-01-25 12:28:15,8027.5,534802,8028.0,795132,4200,100,4100,-260330,0.5
1900-01-25 12:28:30,8027.5,637428,8028.0,619912,58069,1967,56102,17516,0.5
1900-01-25 12:28:45,8027.5,169949,8028.0,1463394,1999,131429,-129430,-1293445,0.5
1900-01-25 12:29:00,8027.5,204794,8028.0,1499052,1999,38962,-36963,-1294258,0.5
1900-01-25 12:29:15,8027.5,182354,8028.0,1509430,1878,25887,-24009,-1327076,0.5
1900-01-25 12:29:30,8027.5,249216,8028.0,1561361,46454,43403,3051,-1312145,0.5
1900-01-25 12:29:45,8027.0,6145,8027.5,1234077,13000,114875,-101875,-1227932,0.5
1900-01-25 12:30:00,8025.5,137574,8026.0,2036288,9288,53843,-44555,-1898714,0.5
1900-01-25 12:30:15,8025.5,214709,8026.0,1126276,18956,43818,-24862,-911567,0.5
1900-01-25 12:30:30,8025.5,395477,8026.0,719730,11439,20387,-8948,-324253,0.5
1900-01-25 12:30:45,8025.5,468419,8026.0,849840,13506,13613,-107,-381421,0.5
1900-01-25 12:31:00,8025.5,573460,8026.0,1115175,7016,70121,-63105,-541715,0.5
1900-01-25 12:31:15,8025.5,634729,8026.0,588313,149472,36015,113457,46416,0.5
1900-01-25 12:31:30,8028.5,397833,8029.0,4604,348107,10588,337519,393229,0.5
1900-01-25 12:31:45,8038.5,131941,8039.0,837519,307790,6383,301407,-705578,0.5
1900-01-25 12:32:00,8038.5,53971,8039.0,1167699,189978,162171,27807,-1113728,0.5
1900-01-25 12:32:15,8038.5,518048,8039.0,199937,96420,28294,68126,318111,0.5
1900-01-25 12:32:30,8044.0,660271,8044.5,52167,434900,12498,422402,608104,0.5
1900-01-25 12:32:45,8045.5,611013,8046.0,899457,240447,12483,227964,-288444,0.5
1900-01-25 12:33:00,8045.5,878634,8046.0,1129589,56120,103699,-47579,-250955,0.5
1900-01-25 12:33:15,8041.5,558321,8042.0,613049,25741,410685,-384944,-54728,0.5
1900-01-25 12:33:30,8041.5,977065,8042.0,374058,59358,13518,45840,603007,0.5
1900-01-25 12:33:45,8041.5,815163,8042.0,403271,33808,15056,18752,411892,0.5
1900-01-25 12:34:00,8041.5,676138,8042.0,755520,48509,36114,12395,-79382,0.5
1900-01-25 12:34:15,8041.5,312138,8042.0,887635,6050,52940,-46890,-575497,0.5
1900-01-25 12:34:30,8041.5,500032,8042.0,732893,15450,24036,-8586,-232861,0.5
1900-01-25 12:34:45,8041.5,231024,8042.0,866282,32987,26965,6022,-635258,0.5
1900-01-25 12:35:00,8041.0,667909,8041.5,587157,25639,198880,-173241,80752,0.5
1900-01-25 12:35:15,8041.0,797448,8041.5,580446,22480,27215,-4735,217002,0.5
1900-01-25 12:35:30,8041.0,1176789,8041.5,238467,134062,144,133918,938322,0.5
1900-01-25 12:35:45,8041.0,805226,8041.5,205222,30925,26592,4333,600004,0.5
1900-01-25 12:36:00,8041.0,77027,8041.5,1055245,34290,78004,-43714,-978218,0.5
1900-01-25 12:36:15,8039.0,47069,8039.5,873360,6511,97002,-90491,-826291,0.5
1900-01-25 12:36:30,8038.5,107855,8039.0,771296,750,88576,-87826,-663441,0.5
1900-01-25 12:36:45,8036.5,312381,8037.0,769863,1696,52367,-50671,-457482,0.5
1900-01-25 12:37:00,8034.0,74210,8034.5,1151493,40,59293,-59253,-1077283,0.5
1900-01-25 12:37:15,8033.5,31663,8034.0,912780,23671,64627,-40956,-881117,0.5
1900-01-25 12:37:30,8031.5,339719,8032.0,399001,11079,37895,-26816,-59282,0.5
1900-01-25 12:37:45,8033.0,562700,8033.5,402558,51048,149326,-98278,160142,0.5
1900-01-25 12:38:00,8033.0,720296,8033.5,98170,95870,17106,78764,622126,0.5
1900-01-25 12:38:15,8033.0,716894,8033.5,61979,108044,35512,72532,654915,0.5
1900-01-25 12:38:30,8033.5,585151,8034.0,432755,126168,18778,107390,152396,0.5
1900-01-25 12:38:45,8033.5,679907,8034.0,454692,1626,22760,-21134,225215,0.5
1900-01-25 12:39:00,8033.5,318078,8034.0,794147,3565,9500,-5935,-476069,0.5
1900-01-25 12:39:15,8033.5,32942,8034.0,924274,3565,42545,-38980,-891332,0.5
1900-01-25 12:39:30,8030.5,277897,8031.0,702135,3110,48858,-45748,-424238,0.5
1900-01-25 12:39:45,8030.5,622197,8031.0,704423,2060,7874,-5814,-82226,0.5
1900-01-25 12:40:00,8030.5,629166,8031.0,626089,5342,43099,-37757,3077,0.5
1900-01-25 12:40:15,8030.5,677405,8031.0,646648,4961,13671,-8710,30757,0.5
1900-01-25 12:40:30,8030.5,634093,8031.0,881491,4961,12618,-7657,-247398,0.5
1900-01-25 12:40:45,8030.5,1684975,8031.0,952580,7933,52727,-44794,732395,0.5
1900-01-25 12:41:00,8030.5,1730843,8031.0,916612,6797,1518,5279,814231,0.5
1900-01-25 12:41:15,8030.5,1752606,8031.0,697007,37380,125592,-88212,1055599,0.5
1900-01-25 12:41:30,8030.5,537871,8031.0,671361,2625,44112,-41487,-133490,0.5
1900-01-25 12:41:45,8033.0,546512,8033.5,11534,64065,99950,-35885,534978,0.5
1900-01-25 12:42:00,8034.0,549330,8034.5,297363,112009,121878,-9869,251967,0.5
1900-01-25 12:42:15,8034.0,283999,8034.5,845637,178205,395,177810,-561638,0.5
1900-01-25 12:42:30,8034.0,270073,8034.5,789240,1480,18135,-16655,-519167,0.5
1900-01-25 12:42:45,8034.0,789461,8034.5,79864,101758,5616,96142,709597,0.5
1900-01-25 12:43:00,8034.0,707974,8034.5,60515,15855,200,15655,647459,0.5
1900-01-25 12:43:15,8036.5,1443059,8037.0,45158,42648,114,42534,1397901,0.5
1900-01-25 12:43:30,8038.5,659433,8039.0,15986,38835,13609,25226,643447,0.5
1900-01-25 12:43:45,8039.0,498621,8039.5,340461,73632,1140,72492,158160,0.5
1900-01-25 12:44:00,8039.0,634684,8039.5,465685,16919,13474,3445,168999,0.5
1900-01-25 12:44:15,8039.0,429205,8039.5,436626,10913,4487,6426,-7421,0.5
1900-01-25 12:44:30,8039.0,350064,8039.5,1124287,38305,36114,2191,-774223,0.5
1900-01-25 12:44:45,8039.0,270328,8039.5,1175122,4879,27906,-23027,-904794,0.5
1900-01-25 12:45:00,8039.0,504181,8039.5,1139119,2372,8489,-6117,-634938,0.5
1900-01-25 12:45:15,8039.0,439390,8039.5,1111556,37986,62572,-24586,-672166,0.5
1900-01-25 12:45:30,8041.0,684303,8041.5,499805,117310,2157,115153,184498,0.5
1900-01-25 12:45:45,8041.5,524948,8042.0,302630,84778,34914,49864,222318,0.5
1900-01-25 12:46:00,8041.5,600374,8042.0,782962,134796,1170,133626,-182588,0.5
1900-01-25 12:46:15,8041.5,1047655,8042.0,238994,258154,13209,244945,808661,0.5
1900-01-25 12:46:30,8041.5,1029342,8042.0,101302,57263,4500,52763,928040,0.5
1900-01-25 12:46:45,8042.0,1055472,8042.5,151314,119687,14283,105404,904158,0.5
1900-01-25 12:47:00,8044.5,902042,8045.0,48144,145713,13846,131867,853898,0.5
1900-01-25 12:47:15,8046.0,1104945,8046.5,122231,57258,38827,18431,982714,0.5
1900-01-25 12:47:30,8046.5,917742,8047.0,216653,98431,8258,90173,701089,0.5
1900-01-25 12:47:45,8046.5,179283,8047.0,778473,64617,164556,-99939,-599190,0.5
1900-01-25 12:48:00,8047.5,838477,8048.0,121185,145195,90420,54775,717292,0.5
1900-01-25 12:48:15,8047.5,826881,8048.0,405097,57155,8623,48532,421784,0.5
1900-01-25 12:48:30,8047.5,732304,8048.0,349813,20542,67154,-46612,382491,0.5
1900-01-25 12:48:45,8046.0,9310,8046.5,820516,131128,30179,100949,-811206,0.5
1900-01-25 12:49:00,8045.0,114709,8045.5,664365,23892,19866,4026,-549656,0.5
1900-01-25 12:49:15,8035.5,789752,8036.0,230911,66955,41947,25008,558841,0.5
1900-01-25 12:49:30,8043.0,589555,8043.5,186740,195607,22941,172666,402815,0.5
1900-01-25 12:49:45,8043.0,904975,8043.5,180985,242629,20638,221991,723990,0.5
1900-01-25 12:50:00,8044.5,459446,8045.0,672965,105421,6011,99410,-213519,0.5
1900-01-25 12:50:15,8044.5,298974,8045.0,681638,10415,7940,2475,-382664,0.5
1900-01-25 12:50:30,8044.5,287594,8045.0,526956,71757,21875,49882,-239362,0.5
1900-01-25 12:50:45,8044.5,286537,8045.0,581940,1367,31200,-29833,-295403,0.5
1900-01-25 12:51:00,8043.0,42826,8043.5,1177814,6425,158735,-152310,-1134988,0.5
1900-01-25 12:51:15,8034.0,631056,8034.5,155127,12554,117440,-104886,475929,0.5
1900-01-25 12:51:30,8036.5,1037017,8037.0,48140,24917,87693,-62776,988877,0.5
1900-01-25 12:51:45,8038.0,886482,8038.5,10372,4437,10561,-6124,876110,0.5
1900-01-25 12:52:00,8038.5,1191938,8039.0,23286,73884,1466,72418,1168652,0.5
1900-01-25 12:52:15,8043.5,810235,8044.0,10765,116988,9500,107488,799470,0.5
1900-01-25 12:52:30,8044.5,931609,8045.0,13128,66318,2072,64246,918481,0.5
1900-01-25 12:52:45,8056.5,72524,8057.0,2546,793674,5488,788186,69978,0.5
1900-01-25 12:53:00,8054.5,541,8055.0,409986,339378,83485,255893,-409445,0.5
1900-01-25 12:53:15,8054.5,331667,8055.0,689037,64574,24356,40218,-357370,0.5
1900-01-25 12:53:30,8054.5,910158,8055.0,95174,89930,2671,87259,814984,0.5
1900-01-25 12:53:45,8057.5,984565,8058.0,118119,118832,22830,96002,866446,0.5
1900-01-25 12:54:00,8058.0,259727,8058.5,631614,130198,32653,97545,-371887,0.5
1900-01-25 12:54:15,8058.0,365008,8058.5,574654,159834,75147,84687,-209646,0.5
1900-01-25 12:54:30,8058.0,302935,8058.5,423745,166060,35280,130780,-120810,0.5
1900-01-25 12:54:45,8058.0,87862,8058.5,546470,22300,86624,-64324,-458608,0.5
1900-01-25 12:55:00,8056.5,2915,8057.0,429795,18129,116497,-98368,-426880,0.5
1900-01-25 12:55:15,8056.5,321511,8057.0,662354,3294,19296,-16002,-340843,0.5
1900-01-25 12:55:30,8047.5,286737,8048.0,150656,4288,186775,-182487,136081,0.5
1900-01-25 12:55:45,8047.5,626842,8048.0,535196,29664,119836,-90172,91646,0.5
1900-01-25 12:56:00,8047.5,751247,8048.0,390855,14959,12663,2296,360392,0.5
1900-01-25 12:56:15,8047.5,124012,8048.0,697316,13034,70415,-57381,-573304,0.5
1900-01-25 12:56:30,8045.0,1090672,8045.5,72886,84242,51279,32963,1017786,0.5
1900-01-25 12:56:45,8053.0,420888,8053.5,82074,84152,4723,79429,338814,0.5
1900-01-25 12:57:00,8053.0,420801,8053.5,584378,22318,2875,19443,-163577,0.5
1900-01-25 12:57:15,8056.0,440688,8056.5,741660,20954,42929,-21975,-300972,0.5
1900-01-25 12:57:30,8056.0,482672,8056.5,721361,33794,17359,16435,-238689,0.5
1900-01-25 12:57:45,8056.0,449031,8056.5,640326,49500,43060,6440,-191295,0.5
1900-01-25 12:58:00,8056.0,368503,8056.5,520485,173712,4397,169315,-151982,0.5
1900-01-25 12:58:15,8056.0,151032,8056.5,492323,15014,49834,-34820,-341291,0.5
1900-01-25 12:58:30,8054.5,162136,8055.0,730847,16130,82892,-66762,-568711,0.5
1900-01-25 12:58:45,8051.5,780425,8052.0,260775,34033,41633,-7600,519650,0.5
1900-01-25 12:59:00,8053.5,708812,8054.0,18922,70657,38661,31996,689890,0.5
1900-01-25 12:59:15,8056.5,852578,8057.0,46831,95141,23004,72137,805747,0.5
1900-01-25 12:59:30,8057.5,1551473,8058.0,93005,78481,6589,71892,1458468,0.5
1900-01-25 12:59:45,8057.5,1409508,8058.0,47640,25606,10132,15474,1361868,0.5
1900-01-25 13:00:00,8057.5,867891,8058.0,872864,29571,15087,14484,-4973,0.5
1900-01-25 13:00:15,8057.5,1112213,8058.0,165138,154088,21924,132164,947075,0.5
1900-01-25 13:00:30,8057.5,876375,8058.0,534987,16818,45281,-28463,341388,0.5
1900-01-25 13:00:45,8057.5,964707,8058.0,600606,27747,105247,-77500,364101,0.5
1900-01-25 13:01:00,8057.5,794850,8058.0,680263,13782,63143,-49361,114587,0.5
1900-01-25 13:01:15,8053.5,1547,8054.0,775903,40889,262409,-221520,-774356,0.5
1900-01-25 13:01:30,8050.0,331473,8050.5,905460,4020,194966,-190946,-573987,0.5
1900-01-25 13:01:45,8047.5,70532,8048.0,832863,3550,137032,-133482,-762331,0.5
1900-01-25 13:02:00,8045.0,805458,8045.5,4596,44061,118784,-74723,800862,0.5
1900-01-25 13:02:15,8050.0,736825,8050.5,396322,117637,3976,113661,340503,0.5
1900-01-25 13:02:30,8050.5,184722,8051.0,614291,36091,2951,33140,-429569,0.5
1900-01-25 13:02:45,8049.0,40586,8049.5,607197,14197,60929,-46732,-566611,0.5
1900-01-25 13:03:00,8041.5,35859,8042.0,102614,6559,178386,-171827,-66755,0.5
1900-01-25 13:03:15,8037.5,528352,8038.0,113503,21898,89525,-67627,414849,0.5
1900-01-25 13:03:30,8039.5,510971,8040.0,333604,78072,79418,-1346,177367,0.5
1900-01-25 13:03:45,8036.5,1452,8037.0,389165,49206,226742,-177536,-387713,0.5
1900-01-25 13:04:00,8036.0,34459,8036.5,873137,7811,96429,-88618,-838678,0.5
1900-01-25 13:04:15,8034.5,29002,8035.0,1180493,50,135694,-135644,-1151491,0.5
1900-01-25 13:04:30,8033.5,760562,8034.0,565889,17590,127166,-109576,194673,0.5
1900-01-25 13:04:45,8034.0,1265589,8034.5,30452,210358,92256,118102,1235137,0.5
1900-01-25 13:05:00,8039.5,93793,8040.0,783354,219096,73623,145473,-689561,0.5
1900-01-25 13:05:15,8034.0,96088,8034.5,387723,7565,43373,-35808,-291635,0.5
1900-01-25 13:05:30,8033.5,383130,8034.0,867150,5600,87143,-81543,-484020,0.5
1900-01-25 13:05:45,8033.5,190591,8034.0,1100708,18746,64715,-45969,-910117,0.5
1900-01-25 13:06:00,8033.5,716529,8034.0,313216,17702,43143,-25441,403313,0.5
1900-01-25 13:06:15,8036.0,306644,8036.5,11594,79912,10467,69445,295050,0.5
1900-01-25 13:06:30,8036.0,226390,8036.5,654275,27440,4451,22989,-427885,0.5
1900-01-25 13:06:45,8033.5,117686,8034.0,759358,13484,106228,-92744,-641672,0.5
1900-01-25 13:07:00,8029.5,269529,8030.0,4130,36138,188016,-151878,265399,0.5
1900-01-25 13:07:15,8033.5,1042796,8034.0,115230,101837,4947,96890,927566,0.5
1900-01-25 13:07:30,8033.5,1028018,8034.0,163391,12883,8540,4343,864627,0.5
1900-01-25 13:07:45,8033.5,1169999,8034.0,114977,31572,4100,27472,1055022,0.5
1900-01-25 13:08:00,8033.5,605663,8034.0,565727,19047,1800,17247,39936,0.5
1900-01-25 13:08:15,8033.5,298794,8034.0,816359,44968,18860,26108,-517565,0.5
1900-01-25 13:08:30,8033.5,138058,8034.0,1013589,84342,164146,-79804,-875531,0.5
1900-01-25 13:08:45,8032.0,51550,8032.5,830526,12581,84034,-71453,-778976,0.5
1900-01-25 13:09:00,8026.0,1508135,8026.5,211454,26645,120012,-93367,1296681,0.5
1900-01-25 13:09:15,8026.0,583967,8026.5,859054,14573,373100,-358527,-275087,0.5
1900-01-25 13:09:30,8026.0,405410,8026.5,900895,6915,60606,-53691,-495485,0.5
1900-01-25 13:09:45,8026.0,315471,8026.5,807106,43388,116380,-72992,-491635,0.5
1900-01-25 13:10:00,8024.0,47454,8024.5,566244,61769,343524,-281755,-518790,0.5
1900-01-25 13:10:15,8024.0,627516,8024.5,202122,80260,214248,-133988,425394,0.5
1900-01-25 13:10:30,8030.0,413397,8030.5,109920,121223,88975,32248,303477,0.5
1900-01-25 13:10:45,8030.0,699754,8030.5,149995,36782,12802,23980,549759,0.5
1900-01-25 13:11:00,8030.0,406149,8030.5,1083643,23217,53049,-29832,-677494,0.5
1900-01-25 13:11:15,8029.5,6456,8030.0,583247,48209,100235,-52026,-576791,0.5
1900-01-25 13:11:30,8025.0,15659,8025.5,961666,11751,23984,-12233,-946007,0.5
1900-01-25 13:11:45,8018.5,32713,8019.0,98286,52039,295215,-243176,-65573,0.5
1900-01-25 13:12:00,8018.5,553294,8019.0,740145,77945,374023,-296078,-186851,0.5
1900-01-25 13:12:15,8019.5,445553,8020.0,642610,121358,128728,-7370,-197057,0.5
1900-01-25 13:12:30,8024.5,311569,8025.0,177401,886187,5497,880690,134168,0.5
1900-01-25 13:12:45,8025.0,1301767,8025.5,254,72747,2753,69994,1301513,0.5
1900-01-25 13:13:00,8025.0,874279,8025.5,744101,70866,13124,57742,130178,0.5
1900-01-25 13:13:15,8025.0,742533,8025.5,1770048,67,75052,-74985,-1027515,0.5
1900-01-25 13:13:30,8023.5,56379,8024.0,947038,6886,373616,-366730,-890659,0.5
1900-01-25 13:13:45,8023.5,261042,8024.0,886796,220,64860,-64640,-625754,0.5
1900-01-25 13:14:00,8023.0,1538842,8023.5,58854,942,78755,-77813,1479988,0.5
1900-01-25 13:14:15,8023.0,743565,8023.5,695119,22226,113983,-91757,48446,0.5
1900-01-25 13:14:30,8023.0,647707,8023.5,573743,450,97593,-97143,73964,0.5
1900-01-25 13:14:45,8019.0,194554,8019.5,653796,5000,57514,-52514,-459242,0.5
1900-01-25 13:15:00,8019.0,648005,8019.5,317654,41339,40743,596,330351,0.5
1900-01-25 13:15:15,8019.5,1767941,8020.0,912601,77826,3622,74204,855340,0.5
1900-01-25 13:15:30,8019.5,1719240,8020.0,860550,85174,6510,78664,858690,0.5
1900-01-25 13:15:45,8022.0,809396,8022.5,486583,663756,31293,632463,322813,0.5
1900-01-25 13:16:00,8022.0,764109,8022.5,643459,12291,1239,11052,120650,0.5
1900-01-25 13:16:15,8022.0,668885,8022.5,753083,46311,2500,43811,-84198,0.5
1900-01-25 13:16:30,8022.0,534834,8022.5,895458,28580,103134,-74554,-360624,0.5
1900-01-25 13:16:45,8022.0,839112,8022.5,604172,5344,23110,-17766,234940,0.5
1900-01-25 13:17:00,8022.0,998522,8022.5,326019,127589,5272,122317,672503,0.5
1900-01-25 13:17:15,8022.0,1019459,8022.5,500847,29672,8869,20803,518612,0.5
1900-01-25 13:17:30,8022.0,925659,8022.5,634389,9711,68744,-59033,291270,0.5
1900-01-25 13:17:45,8022.0,1080746,8022.5,674927,14802,3441,11361,405819,0.5
1900-01-25 13:18:00,8022.0,796304,8022.5,880523,3970,121130,-117160,-84219,0.5
1900-01-25 13:18:15,8020.0,276220,8020.5,695766,1336,445533,-444197,-419546,0.5
1900-01-25 13:18:30,8019.5,671375,8020.0,905499,7667,437006,-429339,-234124,0.5
1900-01-25 13:18:45,8019.5,259163,8020.0,1336538,7667,414547,-406880,-1077375,0.5
1900-01-25 13:19:00,8019.5,247921,8020.0,1352819,29606,69601,-39995,-1104898,0.5
1900-01-25 13:19:15,8019.5,367541,8020.0,1336966,2050,26301,-24251,-969425,0.5
1900-01-25 13:19:30,8019.5,148765,8020.0,1461241,5741,239160,-233419,-1312476,0.5
1900-01-25 13:19:45,8000.0,143241,8000.5,46465,50667,2047179,-1996512,96776,0.5
1900-01-25 13:20:00,7996.5,9042,7997.5,30024,366069,1490472,-1124403,-20982,1.0
1900-01-25 13:20:15,7994.5,323207,7995.0,817774,395561,312008,83553,-494567,0.5
1900-01-25 13:20:30,7993.0,579487,7993.5,79605,49819,405009,-355190,499882,0.5
1900-01-25 13:20:45,7986.5,340722,7987.0,138824,238588,357649,-119061,201898,0.5
1900-01-25 13:21:00,7992.0,212052,7992.5,215000,255688,584001,-328313,-2948,0.5
1900-01-25 13:21:15,7989.0,200698,7989.5,175268,124179,246715,-122536,25430,0.5
1900-01-25 13:21:30,7989.0,219730,7989.5,555193,25213,94752,-69539,-335463,0.5
1900-01-25 13:21:45,7990.5,670634,7991.0,210340,267243,113143,154100,460294,0.5
1900-01-25 13:22:00,7996.5,709560,7997.0,145373,528916,17055,511861,564187,0.5
1900-01-25 13:22:15,7998.5,571891,7999.0,35941,254332,13246,241086,535950,0.5
1900-01-25 13:22:30,7998.5,411210,7999.0,795335,51523,33219,18304,-384125,0.5
1900-01-25 13:22:45,7998.5,579693,7999.0,407718,201848,111399,90449,171975,0.5
1900-01-25 13:23:00,7992.0,23000,7992.5,470123,102995,421926,-318931,-447123,0.5
1900-01-25 13:23:15,7989.5,25397,7990.0,966848,54491,260432,-205941,-941451,0.5
1900-01-25 13:23:30,7985.5,505342,7986.0,91288,27264,163521,-136257,414054,0.5
1900-01-25 13:23:45,7988.5,496635,7989.0,526785,167064,29157,137907,-30150,0.5
1900-01-25 13:24:00,7985.5,269700,7986.0,210831,47417,98728,-51311,58869,0.5
1900-01-25 13:24:15,7986.0,126911,7986.5,1132798,174647,49543,125104,-1005887,0.5
1900-01-25 13:24:30,7985.0,37618,7985.5,1041920,16874,95085,-78211,-1004302,0.5
1900-01-25 13:24:45,7984.5,263810,7985.0,914141,13489,334894,-321405,-650331,0.5
1900-01-25 13:25:00,7989.0,768341,7989.5,235896,418161,20706,397455,532445,0.5
1900-01-25 13:25:15,7993.5,287,7994.0,147285,312077,62302,249775,-146998,0.5
1900-01-25 13:25:30,7997.5,722309,7998.0,26291,200267,25059,175208,696018,0.5
1900-01-25 13:25:45,7997.5,361361,7998.0,573426,160405,85965,74440,-212065,0.5
1900-01-25 13:26:00,7997.5,734086,7998.0,166534,104333,12110,92223,567552,0.5
1900-01-25 13:26:15,7998.0,882069,7998.5,61471,125898,12848,113050,820598,0.5
1900-01-25 13:26:30,7999.5,318579,8000.0,672771,432963,35074,397889,-354192,0.5
1900-01-25 13:26:45,7999.5,1113143,8000.0,838137,139517,8202,131315,275006,0.5
1900-01-25 13:27:00,8000.0,1519372,8000.5,2188,552988,18031,534957,1517184,0.5
1900-01-25 13:27:15,8002.5,42913,8003.0,924133,157578,56611,100967,-881220,0.5
1900-01-25 13:27:30,8002.5,192140,8003.0,916770,50901,30075,20826,-724630,0.5
1900-01-25 13:27:45,7995.5,67831,7996.0,727029,34923,306620,-271697,-659198,0.5
1900-01-25 13:28:00,7995.5,1144733,7996.0,116465,24063,18895,5168,1028268,0.5
1900-01-25 13:28:15,7998.5,816572,7999.0,906414,254900,18106,236794,-89842,0.5
1900-01-25 13:28:30,7998.5,922885,7999.0,889884,31580,6820,24760,33001,0.5
1900-01-25 13:28:45,7998.5,809492,7999.0,1099656,9170,23995,-14825,-290164,0.5
1900-01-25 13:29:00,7998.5,794056,7999.0,748370,395881,10741,385140,45686,0.5
1900-01-25 13:29:15,7998.5,945953,7999.0,671047,63570,919,62651,274906,0.5
1900-01-25 13:29:30,7998.5,964939,7999.0,677194,53066,35007,18059,287745,0.5
1900-01-25 13:29:45,7998.5,906275,7999.0,614808,259959,30673,229286,291467,0.5
1900-01-25 13:30:00,7995.0,31892,7995.5,639670,28846,358514,-329668,-607778,0.5
1900-01-25 13:30:15,7988.5,989409,7989.0,204870,49086,63786,-14700,784539,0.5
1900-01-25 13:30:30,7990.0,480848,7990.5,3417,197247,45716,151531,477431,0.5
1900-01-25 13:30:45,7994.0,824373,7994.5,36980,22774,20358,2416,787393,0.5
1900-01-25 13:31:00,7994.5,487002,7995.0,515001,41663,58107,-16444,-27999,0.5
1900-01-25 13:31:15,7998.5,376198,7999.0,852977,69726,11816,57910,-476779,0.5
1900-01-25 13:31:30,7998.5,509356,7999.0,800498,7252,50142,-42890,-291142,0.5
1900-01-25 13:31:45,8002.0,726520,8002.5,37524,164207,18459,145748,688996,0.5
1900-01-25 13:32:00,8005.0,454916,8005.5,412685,140629,52988,87641,42231,0.5
1900-01-25 13:32:15,8005.0,321229,8005.5,1378343,38466,25551,12915,-1057114,0.5
1900-01-25 13:32:30,8003.0,49632,8003.5,696432,53384,200022,-146638,-646800,0.5
1900-01-25 13:32:45,8002.5,443775,8003.0,912666,15701,78592,-62891,-468891,0.5
1900-01-25 13:33:00,8002.0,39261,8002.5,1083272,93777,179690,-85913,-1044011,0.5
1900-01-25 13:33:15,7998.5,5508,7999.0,907793,2940,77443,-74503,-902285,0.5
1900-01-25 13:33:30,7996.0,606236,7996.5,230195,37438,152183,-114745,376041,0.5
1900-01-25 13:33:45,7996.0,119328,7996.5,455298,160006,18792,141214,-335970,0.5
1900-01-25 13:34:00,8003.5,545411,8004.0,427346,129158,29933,99225,118065,0.5
1900-01-25 13:34:15,8003.5,424693,8004.0,772874,77521,6089,71432,-348181,0.5
1900-01-25 13:34:30,8004.5,669032,8005.0,298569,780610,12875,767735,370463,0.5
1900-01-25 13:34:45,8004.0,175690,8004.5,1224600,46574,157194,-110620,-1048910,0.5
1900-01-25 13:35:00,8000.5,759730,8001.0,525692,13102,193452,-180350,234038,0.5
1900-01-25 13:35:15,8004.5,517673,8005.0,393165,113014,83619,29395,124508,0.5
1900-01-25 13:35:30,8004.5,535346,8005.0,358205,55021,22960,32061,177141,0.5
1900-01-25 13:35:45,8004.5,701525,8005.0,65047,34378,8212,26166,636478,0.5
1900-01-25 13:36:00,8006.5,640849,8007.0,104276,219730,82755,136975,536573,0.5
1900-01-25 13:36:15,8007.0,71777,8007.5,1253958,143431,40097,103334,-1182181,0.5
1900-01-25 13:36:30,8005.5,1739,8006.0,943984,50682,39629,11053,-942245,0.5
1900-01-25 13:36:45,8007.0,321487,8007.5,120599,214820,14543,200277,200888,0.5
1900-01-25 13:37:00,8007.0,271240,8007.5,393028,30711,7094,23617,-121788,0.5
1900-01-25 13:37:15,8007.0,208246,8007.5,173594,141273,17741,123532,34652,0.5
1900-01-25 13:37:30,8007.0,615050,8007.5,247292,1993,33204,-31211,367758,0.5
1900-01-25 13:37:45,8008.5,821996,8009.0,433078,37132,15926,21206,388918,0.5
1900-01-25 13:38:00,8008.5,886919,8009.0,29302,388516,36572,351944,857617,0.5
1900-01-25 13:38:15,8009.0,697066,8009.5,467599,147343,17123,130220,229467,0.5
1900-01-25 13:38:30,8008.5,46809,8009.0,616255,15819,64955,-49136,-569446,0.5
1900-01-25 13:38:45,8008.0,1165697,8008.5,294801,7742,48343,-40601,870896,0.5
1900-01-25 13:39:00,8008.0,1392812,8008.5,61302,19890,50169,-30279,1331510,0.5
1900-01-25 13:39:15,8009.5,656944,8010.0,646681,410185,67181,343004,10263,0.5
1900-01-25 13:39:30,8012.5,630446,8013.0,124637,227424,1392,226032,505809,0.5
1900-01-25 13:39:45,8013.5,380844,8014.0,259441,102053,21091,80962,121403,0.5
1900-01-25 13:40:00,8013.5,1172918,8014.0,418935,54820,1946,52874,753983,0.5
1900-01-25 13:40:15,8013.5,1235391,8014.0,1077470,107104,12698,94406,157921,0.5
1900-01-25 13:40:30,8013.5,1329432,8014.0,565355,11226,11322,-96,764077,0.5
1900-01-25 13:40:45,8013.5,1369205,8014.0,875214,35186,25736,9450,493991,0.5
1900-01-25 13:41:00,8013.5,878681,8014.0,889088,78420,54117,24303,-10407,0.5
1900-01-25 13:41:15,8013.5,830588,8014.0,959029,15291,92946,-77655,-128441,0.5
1900-01-25 13:41:30,8013.5,843910,8014.0,963269,1262,253560,-252298,-119359,0.5
1900-01-25 13:41:45,8008.0,39106,8008.5,535656,16683,373922,-357239,-496550,0.5
1900-01-25 13:42:00,8005.5,177366,8006.0,595998,4000,102954,-98954,-418632,0.5
1900-01-25 13:42:15,8004.5,54437,8005.0,503116,51001,27795,23206,-448679,0.5
1900-01-25 13:42:30,8004.5,104939,8005.0,520467,1880,17048,-15168,-415528,0.5
1900-01-25 13:42:45,8004.5,717074,8005.0,621384,554,5332,-4778,95690,0.5
1900-01-25 13:43:00,8004.5,848812,8005.0,64893,88772,9742,79030,783919,0.5
1900-01-25 13:43:15,8006.0,955183,8006.5,95,30308,65,30243,955088,0.5
1900-01-25 13:43:30,8008.5,776019,8009.0,432,3259,12348,-9089,775587,0.5
1900-01-25 13:43:45,8010.5,769188,8011.0,8668,44716,6040,38676,760520,0.5
1900-01-25 13:44:00,8011.0,695448,8011.5,14827,27426,20753,6673,680621,0.5
1900-01-25 13:44:15,8012.0,413023,8012.5,352996,15733,15726,7,60027,0.5
1900-01-25 13:44:30,8011.5,2924,8012.0,1311964,2168,50365,-48197,-1309040,0.5
1900-01-25 13:44:45,8010.5,92161,8011.0,1114629,651,72945,-72294,-1022468,0.5
1900-01-25 13:45:00,8010.5,606064,8011.0,379535,21,43350,-43329,226529,0.5
1900-01-25 13:45:15,8010.5,823575,8011.0,282787,23825,4453,19372,540788,0.5
1900-01-25 13:45:30,8011.0,1095589,8011.5,27855,125472,7100,118372,1067734,0.5
1900-01-25 13:45:45,8012.5,891189,8013.0,450502,125068,18648,106420,440687,0.5
1900-01-25 13:46:00,8012.5,877349,8013.0,351593,199361,68020,131341,525756,0.5
1900-01-25 13:46:15,8012.5,643289,8013.0,374255,152130,2010,150120,269034,0.5
1900-01-25 13:46:30,8014.5,1029824,8015.0,99507,147455,42068,105387,930317,0.5
1900-01-25 13:46:45,8015.0,1221477,8015.5,69354,103009,1200,101809,1152123,0.5
1900-01-25 13:47:00,8015.5,768691,8016.0,128877,41995,1582,40413,639814,0.5
1900-01-25 13:47:15,8016.5,862361,8017.0,206935,52536,8201,44335,655426,0.5
1900-01-25 13:47:30,8016.5,791373,8017.0,260432,41750,2172,39578,530941,0.5
1900-01-25 13:47:45,8016.5,1086780,8017.0,153846,87670,2292,85378,932934,0.5
1900-01-25 13:48:00,8017.0,392922,8017.5,420715,115020,139856,-24836,-27793,0.5
1900-01-25 13:48:15,8017.5,1180778,8018.0,80710,34373,4737,29636,1100068,0.5
1900-01-25 13:48:30,8018.0,11009465,8018.5,34414,193593,3250,190343,10975051,0.5
1900-01-25 13:48:45,8019.5,1130667,8020.0,241872,308120,65832,242288,888795,0.5
1900-01-25 13:49:00,8019.5,1373101,8020.0,289840,248830,57857,190973,1083261,0.5
1900-01-25 13:49:15,8020.5,934925,8021.0,60896,169158,143542,25616,874029,0.5
1900-01-25 13:49:30,8023.0,1821672,8023.5,73960,1453190,17664,1435526,1747712,0.5
1900-01-25 13:49:45,8024.5,927834,8025.0,1022600,199375,60678,138697,-94766,0.5
1900-01-25 13:50:00,8022.0,661828,8022.5,217643,30940,647073,-616133,444185,0.5
1900-01-25 13:50:15,8020.0,184420,8020.5,405456,42283,313674,-271391,-221036,0.5
1900-01-25 13:50:30,8013.0,101039,8013.5,602151,15224,328879,-313655,-501112,0.5
1900-01-25 13:50:45,8013.0,777548,8013.5,430749,8197,54301,-46104,346799,0.5
1900-01-25 13:51:00,8013.0,237007,8013.5,518722,31780,153977,-122197,-281715,0.5
1900-01-25 13:51:15,8011.5,452099,8012.0,616530,3635,28996,-25361,-164431,0.5
1900-01-25 13:51:30,8011.5,265944,8012.0,708805,48220,47490,730,-442861,0.5
1900-01-25 13:51:45,8011.5,1086226,8012.0,194086,296119,3209,292910,892140,0.5
1900-01-25 13:52:00,8011.5,1185862,8012.0,388255,72693,13800,58893,797607,0.5
1900-01-25 13:52:15,8011.5,1256983,8012.0,426358,6810,64533,-57723,830625,0.5
1900-01-25 13:52:30,8011.5,1010735,8012.0,605829,39005,31277,7728,404906,0.5
1900-01-25 13:52:45,8012.5,339440,8013.0,1374600,251842,22184,229658,-1035160,0.5
1900-01-25 13:53:00,8021.5,446057,8022.0,246125,1537588,11259,1526329,199932,0.5
1900-01-25 13:53:15,8020.0,314944,8020.5,799469,70750,49246,21504,-484525,0.5
1900-01-25 13:53:30,8019.0,18244,8019.5,699366,20100,285284,-265184,-681122,0.5
1900-01-25 13:53:45,8019.0,15696,8019.5,1318181,5895,79225,-73330,-1302485,0.5
1900-01-25 13:54:00,8015.5,518169,8016.0,287365,16805,51878,-35073,230804,0.5
1900-01-25 13:54:15,8011.5,265094,8012.0,786331,12404,193217,-180813,-521237,0.5
1900-01-25 13:54:30,8011.5,135595,8012.0,1559067,1000,122057,-121057,-1423472,0.5
1900-01-25 13:54:45,8010.0,15661,8010.5,1853936,3570,192420,-188850,-1838275,0.5
1900-01-25 13:55:00,8000.0,529183,8000.5,472091,5296,412379,-407083,57092,0.5
1900-01-25 13:55:15,8000.0,402932,8000.5,303663,119615,355026,-235411,99269,0.5
1900-01-25 13:55:30,8000.0,307888,8000.5,784921,10324,77130,-66806,-477033,0.5
1900-01-25 13:55:45,8000.0,334269,8000.5,231198,84046,232238,-148192,103071,0.5
1900-01-25 13:56:00,8007.5,361267,8008.0,42434,250333,61378,188955,318833,0.5
1900-01-25 13:56:15,8007.0,8512,8007.5,1256732,32988,28423,4565,-1248220,0.5
1900-01-25 13:56:30,8005.0,48657,8005.5,677473,2566,22434,-19868,-628816,0.5
1900-01-25 13:56:45,8003.0,27720,8003.5,1244295,161085,13433,147652,-1216575,0.5
1900-01-25 13:57:00,8002.5,20825,8003.0,1484513,310,40038,-39728,-1463688,0.5
1900-01-25 13:57:15,7997.5,3250,7998.0,1056365,5943,48911,-42968,-1053115,0.5
1900-01-25 13:57:30,7995.0,609012,7995.5,820639,11889,116522,-104633,-211627,0.5
1900-01-25 13:57:45,7996.5,382402,7997.0,121083,36475,17107,19368,261319,0.5
1900-01-25 13:58:00,7997.0,656621,7997.5,15534,159849,44115,115734,641087,0.5
1900-01-25 13:58:15,7996.0,77660,7996.5,1061018,50807,79131,-28324,-983358,0.5
1900-01-25 13:58:30,7992.0,724815,7992.5,8902,8547,86936,-78389,715913,0.5
1900-01-25 13:58:45,7994.5,198476,7995.0,1326,42241,5272,36969,197150,0.5
1900-01-25 13:59:00,8000.5,903217,8001.0,45,345287,43620,301667,903172,0.5
1900-01-25 13:59:15,8001.0,235366,8001.5,777336,102988,15306,87682,-541970,0.5
1900-01-25 13:59:30,7996.5,108649,7997.0,757143,26601,45926,-19325,-648494,0.5
1900-01-25 13:59:45,8000.0,123389,8000.5,852456,7319,3823,3496,-729067,0.5
1900-01-25 14:00:00,8000.0,66858,8000.5,1468214,20597,119558,-98961,-1401356,0.5
1900-01-25 14:00:15,8000.0,38049,8000.5,1651426,64310,121072,-56762,-1613377,0.5
1900-01-25 14:00:30,7995.0,97123,7995.5,1430879,5000,93461,-88461,-1333756,0.5
1900-01-25 14:00:45,7995.0,624021,7995.5,386681,9767,65724,-55957,237340,0.5
1900-01-25 14:01:00,7995.0,1086290,7995.5,320372,6611,19923,-13312,765918,0.5
1900-01-25 14:01:15,7995.0,1011017,7995.5,364139,16324,19626,-3302,646878,0.5
1900-01-25 14:01:30,7999.5,238457,8000.0,674488,135828,16097,119731,-436031,0.5
1900-01-25 14:01:45,8003.5,402242,8004.0,469392,169403,13469,155934,-67150,0.5
1900-01-25 14:02:00,8004.0,374718,8004.5,376530,35527,7490,28037,-1812,0.5
1900-01-25 14:02:15,8004.0,468017,8004.5,143475,104645,72954,31691,324542,0.5
1900-01-25 14:02:30,8004.5,265041,8005.0,981184,17313,28639,-11326,-716143,0.5
1900-01-25 14:02:45,8002.0,1,8002.5,380497,73097,40976,32121,-380496,0.5
1900-01-25 14:03:00,8001.5,634864,8002.0,472697,10865,32513,-21648,162167,0.5
1900-01-25 14:03:15,8001.5,695932,8002.0,106874,114655,37718,76937,589058,0.5
1900-01-25 14:03:30,8001.5,117148,8002.0,620125,55863,72105,-16242,-502977,0.5
1900-01-25 14:03:45,7999.5,22971,8000.0,444432,27,21533,-21506,-421461,0.5
1900-01-25 14:04:00,7997.5,3484,7998.0,25609,16686,132405,-115719,-22125,0.5
1900-01-25 14:04:15,7996.0,20928,7996.5,376830,6312,29405,-23093,-355902,0.5
1900-01-25 14:04:30,7994.0,849375,7994.5,29271,27127,97063,-69936,820104,0.5
1900-01-25 14:04:45,7997.0,909764,7997.5,5074,101192,4080,97112,904690,0.5
1900-01-25 14:05:00,8001.0,196743,8001.5,904149,50449,90640,-40191,-707406,0.5
1900-01-25 14:05:15,7999.5,686264,8000.0,114196,15568,165795,-150227,572068,0.5
1900-01-25 14:05:30,7999.5,561686,8000.0,560527,13711,112456,-98745,1159,0.5
1900-01-25 14:05:45,7999.5,101732,8000.0,663630,257180,65109,192071,-561898,0.5
1900-01-25 14:06:00,7999.0,42255,7999.5,654044,4988,15856,-10868,-611789,0.5
1900-01-25 14:06:15,7999.0,20885,7999.5,451542,2300,15955,-13655,-430657,0.5
1900-01-25 14:06:30,7999.0,698378,7999.5,41467,125727,8210,117517,656911,0.5
1900-01-25 14:06:45,7999.0,602126,7999.5,155352,561,1609,-1048,446774,0.5
1900-01-25 14:07:00,8002.5,621003,8003.0,169713,321413,2100,319313,451290,0.5
1900-01-25 14:07:15,8002.5,607917,8003.0,216853,41549,801,40748,391064,0.5
1900-01-25 14:07:30,8004.5,610085,8005.0,439905,133847,78128,55719,170180,0.5
1900-01-25 14:07:45,8004.5,844727,8005.0,359143,28318,5052,23266,485584,0.5
1900-01-25 14:08:00,8008.0,394114,8008.5,624865,130921,2772,128149,-230751,0.5
1900-01-25 14:08:15,8005.5,334406,8006.0,756805,9632,25840,-16208,-422399,0.5
1900-01-25 14:08:30,8005.5,253067,8006.0,740650,2236,84365,-82129,-487583,0.5
1900-01-25 14:08:45,8005.5,228628,8006.0,759379,3962,10000,-6038,-530751,0.5
1900-01-25 14:09:00,8005.5,702018,8006.0,54307,169334,16156,153178,647711,0.5
1900-01-25 14:09:15,8007.0,797639,8007.5,37024,110513,31837,78676,760615,0.5
1900-01-25 14:09:30,8008.0,740711,8008.5,46697,84521,24,84497,694014,0.5
1900-01-25 14:09:45,8009.5,1162430,8010.0,38091,125539,1020,124519,1124339,0.5
1900-01-25 14:10:00,8014.0,562397,8014.5,288363,211260,23156,188104,274034,0.5
1900-01-25 14:10:15,8014.5,972011,8015.0,41094,175003,251,174752,930917,0.5
1900-01-25 14:10:30,8014.5,556827,8015.0,276274,35721,4917,30804,280553,0.5
1900-01-25 14:10:45,8014.5,497620,8015.0,355095,9876,18733,-8857,142525,0.5
1900-01-25 14:11:00,8014.5,629969,8015.0,187097,8079,28642,-20563,442872,0.5
1900-01-25 14:11:15,8014.5,168714,8015.0,969255,8850,69431,-60581,-800541,0.5
1900-01-25 14:11:30,8007.0,358983,8007.5,273,35087,214648,-179561,358710,0.5
1900-01-25 14:11:45,8011.0,339956,8011.5,223479,23092,27226,-4134,116477,0.5
1900-01-25 14:12:00,8006.5,562482,8007.0,388925,28718,57080,-28362,173557,0.5
1900-01-25 14:12:15,8004.0,134387,8004.5,362987,910,101282,-100372,-228600,0.5
1900-01-25 14:12:30,8004.0,463140,8004.5,430742,2181,97784,-95603,32398,0.5
1900-01-25 14:12:45,8004.0,753927,8004.5,59589,82162,11690,70472,694338,0.5
1900-01-25 14:13:00,8004.0,672282,8004.5,22900,22929,4819,18110,649382,0.5
1900-01-25 14:13:15,8006.5,928878,8007.0,1418,27876,4819,23057,927460,0.5
1900-01-25 14:13:30,8007.5,958448,8008.0,10207,2880,312,2568,948241,0.5
1900-01-25 14:13:45,8009.0,560402,8009.5,73195,27517,95700,-68183,487207,0.5
1900-01-25 14:14:00,8009.5,830449,8010.0,7242,94033,200,93833,823207,0.5
1900-01-25 14:14:15,8012.0,316602,8012.5,526566,36994,13573,23421,-209964,0.5
1900-01-25 14:14:30,8012.0,1004954,8012.5,14829,15219,4025,11194,990125,0.5
1900-01-25 14:14:45,8013.0,768291,8013.5,6046,4049,21749,-17700,762245,0.5
1900-01-25 14:15:00,8015.0,650732,8015.5,160565,97361,12170,85191,490167,0.5
1900-01-25 14:15:15,8015.0,1375308,8015.5,4349,15567,2400,13167,1370959,0.5
1900-01-25 14:15:30,8017.5,269808,8018.0,354371,107592,13682,93910,-84563,0.5
1900-01-25 14:15:45,8017.5,725274,8018.0,99415,50458,1663,48795,625859,0.5
1900-01-25 14:16:00,8017.5,305030,8018.0,528150,7895,35537,-27642,-223120,0.5
1900-01-25 14:16:15,8017.5,275216,8018.0,579154,1700,92811,-91111,-303938,0.5
1900-01-25 14:16:30,8012.0,347408,8012.5,130689,2400,121877,-119477,216719,0.5
1900-01-25 14:16:45,8012.0,1139523,8012.5,11608,4820,17015,-12195,1127915,0.5
1900-01-25 14:17:00,8014.5,745450,8015.0,21813,14246,4738,9508,723637,0.5
1900-01-25 14:17:15,8015.5,1003979,8016.0,62960,25851,15291,10560,941019,0.5
1900-01-25 14:17:30,8017.5,970776,8018.0,73008,47858,3761,44097,897768,0.5
1900-01-25 14:17:45,8020.0,748938,8020.5,34402,70227,7383,62844,714536,0.5
1900-01-25 14:18:00,8020.5,223748,8021.0,440003,12516,10733,1783,-216255,0.5
1900-01-25 14:18:15,8015.5,180373,8016.0,324889,13977,109999,-96022,-144516,0.5
1900-01-25 14:18:30,8017.5,1036256,8018.0,86754,120464,34350,86114,949502,0.5
1900-01-25 14:18:45,8021.0,622086,8021.5,3124,123343,3042,120301,618962,0.5
1900-01-25 14:19:00,8021.0,281877,8021.5,384999,12428,31810,-19382,-103122,0.5
1900-01-25 14:19:15,8020.0,7152,8020.5,901371,16056,28959,-12903,-894219,0.5
1900-01-25 14:19:30,8019.5,661644,8020.0,288485,106441,22017,84424,373159,0.5
1900-01-25 14:19:45,8021.0,794238,8021.5,110259,77363,99619,-22256,683979,0.5
1900-01-25 14:20:00,8021.5,960461,8022.0,58091,35000,4520,30480,902370,0.5
1900-01-25 14:20:15,8022.0,674993,8022.5,75399,49266,32823,16443,599594,0.5
1900-01-25 14:20:30,8023.0,935608,8023.5,89998,57692,62752,-5060,845610,0.5
1900-01-25 14:20:45,8023.0,283148,8023.5,530361,75444,84772,-9328,-247213,0.5
1900-01-25 14:21:00,8025.5,855560,8026.0,36530,236094,15542,220552,819030,0.5
1900-01-25 14:21:15,8028.5,319845,8029.0,24385,182165,16367,165798,295460,0.5
1900-01-25 14:21:30,8028.5,263204,8029.0,473296,35649,27853,7796,-210092,0.5
1900-01-25 14:21:45,8028.0,886658,8028.5,947195,5740,180783,-175043,-60537,0.5
1900-01-25 14:22:00,8028.0,668214,8028.5,759176,109953,153041,-43088,-90962,0.5
1900-01-25 14:22:15,8028.0,201392,8028.5,1115492,2720,219210,-216490,-914100,0.5
1900-01-25 14:22:30,8027.0,397472,8027.5,384137,9429,82077,-72648,13335,0.5
1900-01-25 14:22:45,8027.0,106001,8027.5,901145,6177,169670,-163493,-795144,0.5
1900-01-25 14:23:00,8027.0,531586,8027.5,636319,3357,25986,-22629,-104733,0.5
1900-01-25 14:23:15,8027.0,581478,8027.5,746282,10,69170,-69160,-164804,0.5
1900-01-25 14:23:30,8029.0,747189,8029.5,193185,203948,27150,176798,554004,0.5
1900-01-25 14:23:45,8029.0,100260,8029.5,913032,33510,11775,21735,-812772,0.5
1900-01-25 14:24:00,8027.0,31612,8027.5,1047352,56235,29206,27029,-1015740,0.5
1900-01-25 14:24:15,8027.0,1566,8027.5,1538524,1940,202179,-200239,-1536958,0.5
1900-01-25 14:24:30,8020.5,75915,8021.0,702849,4109,108993,-104884,-626934,0.5
1900-01-25 14:24:45,8020.5,5535,8021.0,1037282,1835,31104,-29269,-1031747,0.5
1900-01-25 14:25:00,8020.5,38302,8021.0,982550,10393,14711,-4318,-944248,0.5
1900-01-25 14:25:15,8020.5,821160,8021.0,503970,1461,10580,-9119,317190,0.5
1900-01-25 14:25:30,8020.5,594559,8021.0,562026,23492,23950,-458,32533,0.5
1900-01-25 14:25:45,8020.5,290811,8021.0,1288428,13590,21446,-7856,-997617,0.5
1900-01-25 14:26:00,8020.5,207821,8021.0,1049804,57780,98154,-40374,-841983,0.5
1900-01-25 14:26:15,8019.0,302,8019.5,1133460,502,47542,-47040,-1133158,0.5
1900-01-25 14:26:30,8017.5,209522,8018.0,1042404,4462,48471,-44009,-832882,0.5
1900-01-25 14:26:45,8015.0,59450,8015.5,1039441,4462,183702,-179240,-979991,0.5
1900-01-25 14:27:00,8014.0,494495,8014.5,541220,79798,36385,43413,-46725,0.5
1900-01-25 14:27:15,8014.0,471603,8014.5,553288,7739,19486,-11747,-81685,0.5
1900-01-25 14:27:30,8014.0,53674,8014.5,904726,2700,13731,-11031,-851052,0.5
1900-01-25 14:27:45,8013.0,62731,8013.5,883256,9001,106115,-97114,-820525,0.5
1900-01-25 14:28:00,8012.5,1326577,8013.0,33828,55714,60483,-4769,1292749,0.5
1900-01-25 14:28:15,8017.0,840560,8017.5,338671,58927,1300,57627,501889,0.5
1900-01-25 14:28:30,8018.0,1254862,8018.5,7027,33802,203,33599,1247835,0.5
1900-01-25 14:28:45,8023.0,799100,8023.5,25198,186314,68551,117763,773902,0.5
1900-01-25 14:29:00,8023.0,377784,8023.5,620651,19052,13554,5498,-242867,0.5
1900-01-25 14:29:15,8019.5,8798,8020.0,361455,23258,222219,-198961,-352657,0.5
1900-01-25 14:29:30,8019.5,121050,8020.0,515437,9776,26077,-16301,-394387,0.5
1900-01-25 14:29:45,8018.5,2646,8019.0,1196297,10,78756,-78746,-1193651,0.5
1900-01-25 14:30:00,8015.0,916810,8015.5,345589,18351,56958,-38607,571221,0.5
1900-01-25 14:30:15,8015.0,923400,8015.5,478644,10802,5373,5429,444756,0.5
1900-01-25 14:30:30,8015.0,965940,8015.5,518825,6743,32734,-25991,447115,0.5
1900-01-25 14:30:45,8015.0,918379,8015.5,323488,6453,5019,1434,594891,0.5
1900-01-25 14:31:00,8015.0,1038435,8015.5,414756,200,1300,-1100,623679,0.5
1900-01-25 14:31:15,8015.0,569986,8015.5,554518,96631,34692,61939,15468,0.5
1900-01-25 14:31:30,8011.5,10912,8012.0,1353906,1004,222176,-221172,-1342994,0.5
1900-01-25 14:31:45,8011.0,688580,8011.5,722900,21102,42960,-21858,-34320,0.5
1900-01-25 14:32:00,8011.0,725203,8011.5,693775,18305,25562,-7257,31428,0.5
1900-01-25 14:32:15,8011.0,793148,8011.5,639715,23188,13346,9842,153433,0.5
1900-01-25 14:32:30,8011.0,884221,8011.5,324762,37187,11601,25586,559459,0.5
1900-01-25 14:32:45,8011.0,859792,8011.5,636352,11501,6997,4504,223440,0.5
1900-01-25 14:33:00,8011.0,386473,8011.5,741142,310,3752,-3442,-354669,0.5
1900-01-25 14:33:15,8011.0,908184,8011.5,727239,17462,1743,15719,180945,0.5
1900-01-25 14:33:30,8011.0,1035362,8011.5,314006,21570,1607,19963,721356,0.5
1900-01-25 14:33:45,8011.5,965392,8012.0,83910,109081,5256,103825,881482,0.5
1900-01-25 14:34:00,8011.5,504600,8012.0,597110,73954,2061,71893,-92510,0.5
1900-01-25 14:34:15,8011.5,1308274,8012.0,136861,43814,3544,40270,1171413,0.5
1900-01-25 14:34:30,8011.5,1337569,8012.0,80297,61659,932,60727,1257272,0.5
1900-01-25 14:34:45,8015.5,1375593,8016.0,6633,148766,8243,140523,1368960,0.5
1900-01-25 14:35:00,8017.0,386941,8017.5,559689,48705,958,47747,-172748,0.5
1900-01-25 14:35:15,8017.0,1053814,8017.5,12829,36029,33938,2091,1040985,0.5
1900-01-25 14:35:30,8019.0,1128541,8019.5,35987,67355,1100,66255,1092554,0.5
1900-01-25 14:35:45,8022.0,673594,8022.5,277251,87230,1901,85329,396343,0.5
1900-01-25 14:36:00,8022.5,1147959,8023.0,39101,152043,5905,146138,1108858,0.5
1900-01-25 14:36:15,8022.5,364271,8023.0,438346,18589,78,18511,-74075,0.5
1900-01-25 14:36:30,8023.0,649776,8023.5,289424,121351,11940,109411,360352,0.5
1900-01-25 14:36:45,8024.5,895252,8025.0,278981,81214,4724,76490,616271,0.5
1900-01-25 14:37:00,8024.5,1265566,8025.0,143187,126420,2542,123878,1122379,0.5
1900-01-25 14:37:15,8024.5,1223591,8025.0,142534,18369,1651,16718,1081057,0.5
1900-01-25 14:37:30,8028.5,692030,8029.0,129050,117531,2558,114973,562980,0.5
1900-01-25 14:37:45,8028.5,1205040,8029.0,30495,30210,3060,27150,1174545,0.5
1900-01-25 14:38:00,8029.0,1046452,8029.5,230148,43399,13472,29927,816304,0.5
1900-01-25 14:38:15,8029.0,1126088,8029.5,239474,34001,22066,11935,886614,0.5
1900-01-25 14:38:30,8029.0,1343316,8029.5,101526,59902,7820,52082,1241790,0.5
1900-01-25 14:38:45,8029.5,627482,8030.0,384243,321197,10551,310646,243239,0.5
1900-01-25 14:39:00,8031.5,526529,8032.0,508124,97123,1557,95566,18405,0.5
1900-01-25 14:39:15,8031.5,716803,8032.0,455837,58513,33274,25239,260966,0.5
1900-01-25 14:39:30,8031.5,1090889,8032.0,212896,63095,2338,60757,877993,0.5
1900-01-25 14:39:45,8033.0,1409801,8033.5,71239,61666,13654,48012,1338562,0.5
1900-01-25 14:40:00,8043.5,279244,8044.0,363284,324063,70983,253080,-84040,0.5
1900-01-25 14:40:15,8035.5,771373,8036.0,133435,42428,375555,-333127,637938,0.5
1900-01-25 14:40:30,8042.0,915379,8042.5,31045,147022,22699,124323,884334,0.5
1900-01-25 14:40:45,8042.5,188047,8043.0,559720,116644,107767,8877,-371673,0.5
1900-01-25 14:41:00,8042.5,670985,8043.0,101317,132658,100010,32648,569668,0.5
1900-01-25 14:41:15,8042.5,848784,8043.0,65505,120757,21774,98983,783279,0.5
1900-01-25 14:41:30,8042.5,807119,8043.0,208900,6316,48773,-42457,598219,0.5
1900-01-25 14:41:45,8042.0,68402,8042.5,1052572,611,99953,-99342,-984170,0.5
1900-01-25 14:42:00,8035.5,68920,8036.0,680286,11132,172307,-161175,-611366,0.5
1900-01-25 14:42:15,8041.0,241531,8041.5,634456,7864,75702,-67838,-392925,0.5
1900-01-25 14:42:30,8042.0,673123,8042.5,327739,90215,40156,50059,345384,0.5
1900-01-25 14:42:45,8042.0,28514,8042.5,800208,3061,71351,-68290,-771694,0.5
1900-01-25 14:43:00,8037.5,252578,8038.0,581154,13121,73087,-59966,-328576,0.5
1900-01-25 14:43:15,8035.0,54292,8035.5,639483,10525,167174,-156649,-585191,0.5
1900-01-25 14:43:30,8037.0,665641,8037.5,141932,19652,122528,-102876,523709,0.5
1900-01-25 14:43:45,8039.5,709735,8040.0,162207,113309,7712,105597,547528,0.5
1900-01-25 14:44:00,8039.5,357806,8040.0,547594,47025,4943,42082,-189788,0.5
1900-01-25 14:44:15,8039.5,186253,8040.0,548973,4789,25715,-20926,-362720,0.5
1900-01-25 14:44:30,8039.5,158425,8040.0,446717,15580,4708,10872,-288292,0.5
1900-01-25 14:44:45,8039.5,747089,8040.0,623791,36906,55796,-18890,123298,0.5
1900-01-25 14:45:00,8039.5,756064,8040.0,683967,6259,5329,930,72097,0.5
1900-01-25 14:45:15,8039.5,777673,8040.0,266131,340328,1993,338335,511542,0.5
1900-01-25 14:45:30,8040.5,952575,8041.0,42651,385528,1000,384528,909924,0.5
1900-01-25 14:45:45,8041.0,947063,8041.5,309187,20126,7993,12133,637876,0.5
1900-01-25 14:46:00,8041.0,344388,8041.5,465130,138788,20485,118303,-120742,0.5
1900-01-25 14:46:15,8041.0,754745,8041.5,318477,20649,68381,-47732,436268,0.5
1900-01-25 14:46:30,8041.0,267017,8041.5,564509,6013,39742,-33729,-297492,0.5
1900-01-25 14:46:45,8041.0,3953,8041.5,899047,7755,35797,-28042,-895094,0.5
1900-01-25 14:47:00,8038.0,990295,8038.5,41242,10010,109534,-99524,949053,0.5
1900-01-25 14:47:15,8041.0,1153324,8041.5,17589,22197,21093,1104,1135735,0.5
1900-01-25 14:47:30,8045.5,343789,8046.0,149347,90111,11783,78328,194442,0.5
1900-01-25 14:47:45,8049.0,676396,8049.5,177927,184438,6185,178253,498469,0.5
1900-01-25 14:48:00,8049.0,771703,8049.5,589082,55295,92005,-36710,182621,0.5
1900-01-25 14:48:15,8043.0,9557,8043.5,311254,1998,314751,-312753,-301697,0.5
1900-01-25 14:48:30,8044.5,723147,8045.0,490905,88362,73988,14374,232242,0.5
1900-01-25 14:48:45,8044.5,630102,8045.0,901509,1710,22028,-20318,-271407,0.5
1900-01-25 14:49:00,8044.5,226799,8045.0,1049107,1808,91614,-89806,-822308,0.5
1900-01-25 14:49:15,8044.5,258373,8045.0,924638,25216,83757,-58541,-666265,0.5
1900-01-25 14:49:30,8043.0,52761,8043.5,655859,5268,116838,-111570,-603098,0.5
1900-01-25 14:49:45,8040.0,118080,8040.5,1014002,4580,66733,-62153,-895922,0.5
1900-01-25 14:50:00,8040.0,386731,8040.5,532088,96058,72746,23312,-145357,0.5
1900-01-25 14:50:15,8040.5,982236,8041.0,35437,37184,35740,1444,946799,0.5
1900-01-25 14:50:30,8041.0,978548,8041.5,36592,35355,6461,28894,941956,0.5
1900-01-25 14:50:45,8041.5,1202300,8042.0,488994,42258,7322,34936,713306,0.5
1900-01-25 14:51:00,8044.0,938026,8044.5,5382,265519,12116,253403,932644,0.5
1900-01-25 14:51:15,8048.5,719506,8049.0,37122,160162,35727,124435,682384,0.5
1900-01-25 14:51:30,8048.5,911673,8049.0,119297,100058,14585,85473,792376,0.5
1900-01-25 14:51:45,8048.5,758568,8049.0,145947,28735,44663,-15928,612621,0.5
1900-01-25 14:52:00,8049.0,948785,8049.5,240990,82277,6377,75900,707795,0.5
1900-01-25 14:52:15,8049.0,1129912,8049.5,307290,139323,53498,85825,822622,0.5
1900-01-25 14:52:30,8049.5,253748,8050.0,1361752,63452,28419,35033,-1108004,0.5
1900-01-25 14:52:45,8058.0,227528,8058.5,211865,987221,22064,965157,15663,0.5
1900-01-25 14:53:00,8042.0,668839,8042.5,194291,293523,297469,-3946,474548,0.5
1900-01-25 14:53:15,8047.5,164026,8048.0,1272718,93885,84381,9504,-1108692,0.5
1900-01-25 14:53:30,8044.0,244698,8044.5,573951,121201,277293,-156092,-329253,0.5
1900-01-25 14:53:45,8044.0,687136,8044.5,281044,8899,180577,-171678,406092,0.5
1900-01-25 14:54:00,8044.0,1088797,8044.5,113681,60210,3396,56814,975116,0.5
1900-01-25 14:54:15,8044.5,1001556,8045.0,127383,83298,3739,79559,874173,0.5
1900-01-25 14:54:30,8045.0,922225,8045.5,210616,27541,8854,18687,711609,0.5
1900-01-25 14:54:45,8045.0,631375,8045.5,533274,111679,15525,96154,98101,0.5
1900-01-25 14:55:00,8045.0,1184035,8045.5,194982,28875,25613,3262,989053,0.5
1900-01-25 14:55:15,8045.0,2072039,8045.5,91020,86898,12409,74489,1981019,0.5
1900-01-25 14:55:30,8047.5,947747,8048.0,6524,93991,20099,73892,941223,0.5
1900-01-25 14:55:45,8054.0,249979,8054.5,163427,222138,9323,212815,86552,0.5
1900-01-25 14:56:00,8054.5,504461,8055.0,324699,29852,58691,-28839,179762,0.5
1900-01-25 14:56:15,8054.5,858363,8055.0,472012,54000,83169,-29169,386351,0.5
1900-01-25 14:56:30,8054.5,13404,8055.0,754836,67023,221844,-154821,-741432,0.5
1900-01-25 14:56:45,8054.0,69034,8054.5,725012,23792,78291,-54499,-655978,0.5
1900-01-25 14:57:00,8053.5,1980999,8054.0,21718,236253,139386,96867,1959281,0.5
1900-01-25 14:57:15,8060.5,6000,8061.0,38111,1399474,22765,1376709,-32111,0.5
1900-01-25 14:57:30,8074.5,62560,8075.0,267880,1120561,163755,956806,-205320,0.5
1900-01-25 14:57:45,8071.5,1172,8072.0,475530,266455,315356,-48901,-474358,0.5
1900-01-25 14:58:00,8068.0,19637,8068.5,885051,30412,458462,-428050,-865414,0.5
1900-01-25 14:58:15,8073.0,256035,8073.5,59222,233501,396761,-163260,196813,0.5
1900-01-25 14:58:30,8074.5,40091,8075.0,709895,168531,56966,111565,-669804,0.5
1900-01-25 14:58:45,8072.5,621710,8073.0,39251,110063,74863,35200,582459,0.5
1900-01-25 14:59:00,8072.5,406172,8073.0,738529,37857,383860,-346003,-332357,0.5
1900-01-25 14:59:15,8070.0,88428,8070.5,915961,24637,608927,-584290,-827533,0.5
1900-01-25 14:59:30,8073.0,875035,8073.5,87670,97822,325081,-227259,787365,0.5
1900-01-25 14:59:45,8076.0,45436,8076.5,924776,135351,25824,109527,-879340,0.5
1900-01-25 15:00:00,8071.0,26435,8071.5,230067,57545,218128,-160583,-203632,0.5
1900-01-25 15:00:15,8071.0,451232,8071.5,261124,70444,256170,-185726,190108,0.5
1900-01-25 15:00:30,8071.0,1939764,8071.5,132849,121372,128359,-6987,1806915,0.5
1900-01-25 15:00:45,8079.5,40000,8080.0,487829,694637,995,693642,-447829,0.5
1900-01-25 15:01:00,8086.5,284485,8087.0,196627,726948,95522,631426,87858,0.5
1900-01-25 15:01:15,8096.0,154946,8097.0,302661,1560983,118553,1442430,-147715,1.0
1900-01-25 15:01:30,8096.0,154474,8096.5,765917,517419,124615,392804,-611443,0.5
1900-01-25 15:01:45,8096.0,91091,8096.5,129302,408430,374642,33788,-38211,0.5
1900-01-25 15:02:00,8098.5,1000168,8099.0,293774,567617,129478,438139,706394,0.5
1900-01-25 15:02:15,8086.0,28756,8086.5,88207,209663,570692,-361029,-59451,0.5
1900-01-25 15:02:30,8083.5,65196,8084.0,842321,160610,768401,-607791,-777125,0.5
1900-01-25 15:02:45,8078.5,155601,8079.0,623013,64363,424000,-359637,-467412,0.5
1900-01-25 15:03:00,8087.5,40775,8088.0,19994,251116,220579,30537,20781,0.5
1900-01-25 15:03:15,8083.0,14347,8083.5,272636,290884,141005,149879,-258289,0.5
1900-01-25 15:03:30,8080.5,163436,8081.0,644874,37057,197156,-160099,-481438,0.5
1900-01-25 15:03:45,8080.0,784320,8080.5,634289,6000,208183,-202183,150031,0.5
1900-01-25 15:04:00,8074.0,511941,8074.5,406957,40402,354570,-314168,104984,0.5
1900-01-25 15:04:15,8071.5,561594,8072.0,319037,146147,178594,-32447,242557,0.5
1900-01-25 15:04:30,8063.0,598405,8063.5,149951,94375,667815,-573440,448454,0.5
1900-01-25 15:04:45,8063.0,527102,8063.5,315042,207454,134496,72958,212060,0.5
1900-01-25 15:05:00,8059.0,610652,8059.5,294978,103375,355064,-251689,315674,0.5
1900-01-25 15:05:15,8063.0,398411,8063.5,33455,368756,69047,299709,364956,0.5
1900-01-25 15:05:30,8060.5,10645,8061.0,736440,200468,142860,57608,-725795,0.5
1900-01-25 15:05:45,8055.0,345987,8055.5,569466,51596,262900,-211304,-223479,0.5
1900-01-25 15:06:00,8055.0,563084,8055.5,417989,38015,235810,-197795,145095,0.5
1900-01-25 15:06:15,8059.5,292260,8060.0,763050,299732,14042,285690,-470790,0.5
1900-01-25 15:06:30,8059.5,651078,8060.0,55160,129444,15448,113996,595918,0.5
1900-01-25 15:06:45,8061.5,533738,8062.0,133035,162004,3350,158654,400703,0.5
1900-01-25 15:07:00,8064.0,470123,8064.5,10528,91700,8016,83684,459595,0.5
1900-01-25 15:07:15,8066.5,627663,8067.0,106342,105343,11221,94122,521321,0.5
1900-01-25 15:07:30,8069.5,472636,8070.0,999350,78807,4449,74358,-526714,0.5
1900-01-25 15:07:45,8069.5,436003,8070.0,217539,269614,31131,238483,218464,0.5
1900-01-25 15:08:00,8070.5,614310,8071.0,715799,29017,23933,5084,-101489,0.5
1900-01-25 15:08:15,8070.5,1168533,8071.0,2320,31817,22317,9500,1166213,0.5
1900-01-25 15:08:30,8072.0,600908,8072.5,17209,105095,58248,46847,583699,0.5
1900-01-25 15:08:45,8073.5,1064573,8074.0,109877,183698,7044,176654,954696,0.5
1900-01-25 15:09:00,8080.0,130063,8080.5,67075,307149,76829,230320,62988,0.5
1900-01-25 15:09:15,8082.0,657440,8082.5,375417,283380,620345,-336965,282023,0.5
1900-01-25 15:09:30,8082.0,676948,8082.5,608783,132138,207836,-75698,68165,0.5
1900-01-25 15:09:45,8082.0,570627,8082.5,789830,64276,100308,-36032,-219203,0.5
1900-01-25 15:10:00,8082.0,801945,8082.5,165135,237083,197521,39562,636810,0.5
1900-01-25 15:10:15,8089.5,186281,8090.0,124644,451275,64035,387240,61637,0.5
1900-01-25 15:10:30,8097.5,42890,8098.0,144631,544713,35011,509702,-101741,0.5
1900-01-25 15:10:45,8109.5,85700,8110.0,9300,1610825,204947,1405878,76400,0.5
1900-01-25 15:11:00,8100.5,14240,8101.0,26197,443660,299738,143922,-11957,0.5
1900-01-25 15:11:15,8105.5,518463,8106.0,112167,804318,345745,458573,406296,0.5
1900-01-25 15:11:30,8112.5,71950,8114.0,106224,1456211,238041,1218170,-34274,1.5
1900-01-25 15:11:45,8114.5,104653,8115.0,112300,1298775,261814,1036961,-7647,0.5
1900-01-25 15:12:00,8112.0,62508,8112.5,423082,460713,547728,-87015,-360574,0.5
1900-01-25 15:12:15,8110.0,221847,8110.5,572692,116026,1069993,-953967,-350845,0.5
1900-01-25 15:12:30,8101.0,851934,8101.5,522320,28301,534507,-506206,329614,0.5
1900-01-25 15:12:45,8095.5,447777,8096.0,146960,101725,896248,-794523,300817,0.5
1900-01-25 15:13:00,8099.5,134411,8100.0,11233,238808,324063,-85255,123178,0.5
1900-01-25 15:13:15,8107.5,821727,8108.0,59521,401559,67414,334145,762206,0.5
1900-01-25 15:13:30,8109.5,732274,8110.0,674015,273374,88214,185160,58259,0.5
1900-01-25 15:13:45,8111.5,651208,8112.0,14602,299202,258635,40567,636606,0.5
1900-01-25 15:14:00,8126.5,4206,8129.0,25300,1298706,275410,1023296,-21094,2.5
1900-01-25 15:14:15,8129.5,1537570,8130.0,39687,2214519,563508,1651011,1497883,0.5
1900-01-25 15:14:30,8141.0,10343,8141.5,655477,941902,123757,818145,-645134,0.5
1900-01-25 15:14:45,8141.0,60129,8141.5,27039,588719,739379,-150660,33090,0.5
1900-01-25 15:15:00,8134.0,290952,8134.5,827849,242280,683411,-441131,-536897,0.5
1900-01-25 15:15:15,8129.5,11625,8130.0,903533,120901,1434652,-1313751,-891908,0.5
1900-01-25 15:15:30,8126.0,593852,8126.5,377240,51389,377453,-326064,216612,0.5
1900-01-25 15:15:45,8131.0,571833,8131.5,27541,336738,357322,-20584,544292,0.5
1900-01-25 15:16:00,8146.5,625629,8147.0,231097,361097,106368,254729,394532,0.5
1900-01-25 15:16:15,8155.0,428408,8156.0,575493,1513766,145048,1368718,-147085,1.0
1900-01-25 15:16:30,8159.5,54950,8160.0,115413,1167398,367384,800014,-60463,0.5
1900-01-25 15:16:45,8144.5,1725,8145.0,4000,401677,215394,186283,-2275,0.5
1900-01-25 15:17:00,8144.0,846255,8144.5,89697,114839,242178,-127339,756558,0.5
1900-01-25 15:17:15,8153.0,54945,8153.5,45,493404,128194,365210,54900,0.5
1900-01-25 15:17:30,8149.5,33409,8150.0,150665,120220,231550,-111330,-117256,0.5
1900-01-25 15:17:45,8149.5,230782,8150.0,90315,190289,234799,-44510,140467,0.5
1900-01-25 15:18:00,8140.0,172303,8140.5,109596,81249,213199,-131950,62707,0.5
1900-01-25 15:18:15,8137.0,135797,8137.5,25818,93438,578844,-485406,109979,0.5
1900-01-25 15:18:30,8148.0,313714,8148.5,12405,105826,161227,-55401,301309,0.5
1900-01-25 15:18:45,8143.5,346068,8144.0,559955,318411,109981,208430,-213887,0.5
1900-01-25 15:19:00,8140.0,30574,8150.0,254067,36892,412423,-375531,-223493,10.0
1900-01-25 15:19:15,8136.5,13962,8137.0,111723,71259,325899,-254640,-97761,0.5
1900-01-25 15:19:30,8136.0,229074,8136.5,86261,161590,131031,30559,142813,0.5
1900-01-25 15:19:45,8131.0,864085,8131.5,116124,101505,827188,-725683,747961,0.5
1900-01-25 15:20:00,8147.5,190705,8148.0,85027,146283,89793,56490,105678,0.5
1900-01-25 15:20:15,8147.5,502827,8148.0,63433,504654,65895,438759,439394,0.5
1900-01-25 15:20:30,8155.0,450642,8155.5,268001,502315,28654,473661,182641,0.5
1900-01-25 15:20:45,8148.5,1072,8149.0,52390,289087,431982,-142895,-51318,0.5
1900-01-25 15:21:00,8152.0,795117,8152.5,53947,82870,230627,-147757,741170,0.5
1900-01-25 15:21:15,8148.0,98680,8148.5,680990,48720,211462,-162742,-582310,0.5
1900-01-25 15:21:30,8143.0,165388,8143.5,620111,18452,331600,-313148,-454723,0.5
1900-01-25 15:21:45,8135.0,134629,8135.5,17980,78977,240627,-161650,116649,0.5
1900-01-25 15:22:00,8140.5,498849,8141.0,1522,488514,36197,452317,497327,0.5
1900-01-25 15:22:15,8144.5,572306,8145.0,311944,290048,47146,242902,260362,0.5
1900-01-25 15:22:30,8137.5,86249,8138.0,246522,49256,153472,-104216,-160273,0.5
1900-01-25 15:22:45,8130.5,44942,8131.0,297083,86395,145991,-59596,-252141,0.5
1900-01-25 15:23:00,8122.0,526877,8122.5,295461,127702,1607733,-1480031,231416,0.5
1900-01-25 15:23:15,8126.5,423513,8127.0,37072,325829,158002,167827,386441,0.5
1900-01-25 15:23:30,8122.5,44542,8123.5,4676,93044,148409,-55365,39866,1.0
1900-01-25 15:23:45,8124.5,1045189,8125.0,127266,313966,202554,111412,917923,0.5
1900-01-25 15:24:00,8125.0,680602,8125.5,196924,249459,51849,197610,483678,0.5
1900-01-25 15:24:15,8117.5,105275,8118.0,72893,84362,717695,-633333,32382,0.5
1900-01-25 15:24:30,8122.0,829676,8122.5,54701,354205,452318,-98113,774975,0.5
1900-01-25 15:24:45,8128.5,317000,8129.0,4100,127621,160293,-32672,312900,0.5
1900-01-25 15:25:00,8129.0,2594113,8129.5,66007,308557,239455,69102,2528106,0.5
1900-01-25 15:25:15,8129.5,213059,8130.0,237885,154511,151487,3024,-24826,0.5
1900-01-25 15:25:30,8132.5,1673164,8133.0,180779,293978,233327,60651,1492385,0.5
1900-01-25 15:25:45,8133.0,1642777,8133.5,516057,176367,24489,151878,1126720,0.5
1900-01-25 15:26:00,8138.0,629846,8138.5,73115,315076,73495,241581,556731,0.5
1900-01-25 15:26:15,8140.5,1022777,8141.0,121243,283862,44245,239617,901534,0.5
1900-01-25 15:26:30,8140.5,1621002,8141.0,533796,107014,39860,67154,1087206,0.5
1900-01-25 15:26:45,8132.5,390677,8133.0,52805,45792,960400,-914608,337872,0.5
1900-01-25 15:27:00,8137.0,318601,8137.5,86639,44168,247653,-203485,231962,0.5
1900-01-25 15:27:15,8142.0,324688,8142.5,520934,199551,24319,175232,-196246,0.5
1900-01-25 15:27:30,8142.0,47918,8142.5,525970,222867,204832,18035,-478052,0.5
1900-01-25 15:27:45,8139.5,644058,8140.0,166178,117257,117447,-190,477880,0.5
1900-01-25 15:28:00,8135.5,336938,8136.0,593094,101667,106088,-4421,-256156,0.5
1900-01-25 15:28:15,8130.0,254283,8130.5,599868,39841,754506,-714665,-345585,0.5
1900-01-25 15:28:30,8124.0,862635,8124.5,103215,39566,141807,-102241,759420,0.5
1900-01-25 15:28:45,8128.5,506507,8129.0,146600,158607,57895,100712,359907,0.5
1900-01-25 15:29:00,8129.0,715491,8129.5,231443,74850,113640,-38790,484048,0.5
1900-01-25 15:29:15,8129.0,715902,8129.5,101210,120747,34744,86003,614692,0.5
1900-01-25 15:29:30,8125.5,538916,8126.0,289772,35268,224443,-189175,249144,0.5
1900-01-25 15:29:45,8125.0,459581,8125.5,443964,4715,80950,-76235,15617,0.5
1900-01-25 15:30:00,8126.0,1016589,8126.5,46242,119927,137824,-17897,970347,0.5
1900-01-25 15:30:15,8129.5,859854,8130.0,383877,177976,34782,143194,475977,0.5
1900-01-25 15:30:30,8129.5,827227,8130.0,319609,85390,29953,55437,507618,0.5
1900-01-25 15:30:45,8134.5,273544,8135.0,95424,357459,994,356465,178120,0.5
1900-01-25 15:31:00,8130.0,10711,8130.5,1063334,176537,218664,-42127,-1052623,0.5
1900-01-25 15:31:15,8130.0,641661,8130.5,197492,91088,141806,-50718,444169,0.5
1900-01-25 15:31:30,8132.5,10061,8133.0,1112503,20186,181561,-161375,-1102442,0.5
1900-01-25 15:31:45,8126.0,44203,8126.5,796137,39593,72955,-33362,-751934,0.5
1900-01-25 15:32:00,8122.0,826908,8122.5,838080,18695,107625,-88930,-11172,0.5
1900-01-25 15:32:15,8115.0,112247,8115.5,545261,66870,473886,-407016,-433014,0.5
1900-01-25 15:32:30,8102.0,30000,8102.5,32000,111328,1173679,-1062351,-2000,0.5
1900-01-25 15:32:45,8104.5,515613,8105.0,533241,167109,1032389,-865280,-17628,0.5
1900-01-25 15:33:00,8110.5,116597,8111.0,166407,382548,220699,161849,-49810,0.5
1900-01-25 15:33:15,8112.5,634606,8113.0,42031,139725,23498,116227,592575,0.5
1900-01-25 15:33:30,8117.5,70226,8118.0,762205,305801,41781,264020,-691979,0.5
1900-01-25 15:33:45,8110.0,481569,8110.5,811655,18259,173780,-155521,-330086,0.5
1900-01-25 15:34:00,8109.0,1205959,8109.5,197290,44325,208190,-163865,1008669,0.5
1900-01-25 15:34:15,8109.5,1036517,8110.0,17691,54493,116102,-61609,1018826,0.5
1900-01-25 15:34:30,8110.5,849269,8111.0,215120,195679,29924,165755,634149,0.5
1900-01-25 15:34:45,8113.5,776112,8114.0,32658,203366,31234,172132,743454,0.5
1900-01-25 15:35:00,8120.0,217925,8120.5,176259,92164,59845,32319,41666,0.5
1900-01-25 15:35:15,8118.5,9667,8119.0,263363,168366,144111,24255,-253696,0.5
1900-01-25 15:35:30,8118.0,1121924,8118.5,35295,53992,108340,-54348,1086629,0.5
1900-01-25 15:35:45,8119.5,672569,8120.0,31379,103974,25808,78166,641190,0.5
1900-01-25 15:36:00,8119.0,136555,8119.5,689636,160414,190837,-30423,-553081,0.5
1900-01-25 15:36:15,8112.5,658266,8113.0,29127,66942,262177,-195235,629139,0.5
1900-01-25 15:36:30,8113.5,80046,8114.0,448291,8483,97417,-88934,-368245,0.5
1900-01-25 15:36:45,8113.5,600057,8114.0,92344,40322,42322,-2000,507713,0.5
1900-01-25 15:37:00,8113.5,50282,8114.0,462508,68120,101249,-33129,-412226,0.5
1900-01-25 15:37:15,8109.5,212330,8110.0,336439,6839,150190,-143351,-124109,0.5
1900-01-25 15:37:30,8106.0,26320,8106.5,437690,6466,148661,-142195,-411370,0.5
1900-01-25 15:37:45,8102.5,7747,8103.0,821289,44005,286648,-242643,-813542,0.5
1900-01-25 15:38:00,8105.5,365892,8106.0,593938,312858,247230,65628,-228046,0.5
1900-01-25 15:38:15,8105.0,953397,8105.5,153851,42068,358395,-316327,799546,0.5
1900-01-25 15:38:30,8100.5,44133,8101.0,263977,281264,180530,100734,-219844,0.5
1900-01-25 15:38:45,8101.5,519732,8102.0,261660,88816,85694,3122,258072,0.5
1900-01-25 15:39:00,8101.0,144844,8101.5,6277,44155,259611,-215456,138567,0.5
1900-01-25 15:39:15,8093.5,438697,8094.0,137687,138436,517251,-378815,301010,0.5
1900-01-25 15:39:30,8098.0,155023,8098.5,420152,55849,337795,-281946,-265129,0.5
1900-01-25 15:39:45,8101.5,223702,8102.0,74847,215236,147108,68128,148855,0.5
1900-01-25 15:40:00,8103.5,881481,8104.0,19405,140057,30433,109624,862076,0.5
1900-01-25 15:40:15,8104.5,844258,8105.0,176625,110819,12567,98252,667633,0.5
1900-01-25 15:40:30,8108.5,287742,8109.0,244217,209335,3566,205769,43525,0.5
1900-01-25 15:40:45,8111.0,270240,8111.5,49774,310472,4782,305690,220466,0.5
1900-01-25 15:41:00,8111.0,436314,8111.5,266354,48431,15016,33415,169960,0.5
1900-01-25 15:41:15,8108.0,503195,8108.5,529081,38622,139852,-101230,-25886,0.5
1900-01-25 15:41:30,8108.0,841290,8108.5,259687,41446,68088,-26642,581603,0.5
1900-01-25 15:41:45,8109.5,610094,8110.0,56262,129222,100029,29193,553832,0.5
1900-01-25 15:42:00,8111.0,1108853,8111.5,67564,54446,10357,44089,1041289,0.5
1900-01-25 15:42:15,8116.5,690341,8117.0,111893,448456,27727,420729,578448,0.5
1900-01-25 15:42:30,8116.5,698775,8117.0,194587,68532,16834,51698,504188,0.5
1900-01-25 15:42:45,8116.5,1044138,8117.0,53707,139266,2757,136509,990431,0.5
1900-01-25 15:43:00,8121.0,302442,8121.5,21599,229896,3996,225900,280843,0.5
1900-01-25 15:43:15,8126.0,198695,8126.5,529559,224221,140049,84172,-330864,0.5
1900-01-25 15:43:30,8126.0,692012,8126.5,305403,82074,78900,3174,386609,0.5
1900-01-25 15:43:45,8124.5,935568,8125.0,130606,368599,28738,339861,804962,0.5
1900-01-25 15:44:00,8126.5,934505,8127.0,55433,178865,18114,160751,879072,0.5
1900-01-25 15:44:15,8124.5,196855,8125.0,691876,55895,171419,-115524,-495021,0.5
1900-01-25 15:44:30,8127.5,1056781,8128.0,50650,185293,80583,104710,1006131,0.5
1900-01-25 15:44:45,8124.0,4005,8124.5,575915,230457,72478,157979,-571910,0.5
1900-01-25 15:45:00,8124.0,342302,8124.5,677684,48758,76743,-27985,-335382,0.5
1900-01-25 15:45:15,8124.0,125394,8124.5,514545,44106,123782,-79676,-389151,0.5
1900-01-25 15:45:30,8122.5,39910,8123.0,803992,15044,37513,-22469,-764082,0.5
1900-01-25 15:45:45,8119.0,87007,8119.5,377185,1100,55926,-54826,-290178,0.5
1900-01-25 15:46:00,8117.0,603201,8117.5,269545,40044,56051,-16007,333656,0.5
1900-01-25 15:46:15,8117.0,105405,8117.5,650959,8050,21500,-13450,-545554,0.5
1900-01-25 15:46:30,8116.5,307282,8117.0,593014,14928,33202,-18274,-285732,0.5
1900-01-25 15:46:45,8116.5,291365,8117.0,658197,28892,60902,-32010,-366832,0.5
1900-01-25 15:47:00,8116.5,194242,8117.0,719800,15350,160573,-145223,-525558,0.5
1900-01-25 15:47:15,8112.5,123573,8113.0,671323,13429,142831,-129402,-547750,0.5
1900-01-25 15:47:30,8112.0,533614,8112.5,466136,342,106520,-106178,67478,0.5
1900-01-25 15:47:45,8112.0,676272,8112.5,414318,35550,112223,-76673,261954,0.5
1900-01-25 15:48:00,8117.0,767192,8117.5,16031,86619,20111,66508,751161,0.5
1900-01-25 15:48:15,8119.5,962653,8120.0,11743,274768,10903,263865,950910,0.5
1900-01-25 15:48:30,8119.5,608238,8120.0,206794,32036,1,32035,401444,0.5
1900-01-25 15:48:45,8119.5,726312,8120.0,63283,36992,7140,29852,663029,0.5
1900-01-25 15:49:00,8127.5,289628,8128.0,75514,121417,59686,61731,214114,0.5
1900-01-25 15:49:15,8127.5,732105,8128.0,19142,53374,15924,37450,712963,0.5
1900-01-25 15:49:30,8127.5,841303,8128.0,31759,414789,199475,215314,809544,0.5
1900-01-25 15:49:45,8130.5,923553,8131.0,139213,99316,79833,19483,784340,0.5
1900-01-25 15:50:00,8134.5,816286,8135.0,221089,355866,13827,342039,595197,0.5
1900-01-25 15:50:15,8134.5,185621,8135.0,517143,93890,61099,32791,-331522,0.5
1900-01-25 15:50:30,8131.0,157366,8131.5,720777,63730,163712,-99982,-563411,0.5
1900-01-25 15:50:45,8131.0,661035,8131.5,117973,50932,99846,-48914,543062,0.5
1900-01-25 15:51:00,8131.0,423968,8131.5,515941,28843,50285,-21442,-91973,0.5
1900-01-25 15:51:15,8132.0,696399,8132.5,2613,103679,58031,45648,693786,0.5
1900-01-25 15:51:30,8149.5,12726,8150.0,245025,415356,37917,377439,-232299,0.5
1900-01-25 15:51:45,8142.5,478597,8143.0,37997,380407,90365,290042,440600,0.5
1900-01-25 15:52:00,8135.5,33116,8136.0,102228,78723,196796,-118073,-69112,0.5
1900-01-25 15:52:15,8138.5,707634,8139.0,2468,89135,33301,55834,705166,0.5
1900-01-25 15:52:30,8142.5,983220,8143.0,39248,59177,108382,-49205,943972,0.5
1900-01-25 15:52:45,8141.0,9330,8141.5,686404,46424,627917,-581493,-677074,0.5
1900-01-25 15:53:00,8137.0,495946,8137.5,338875,11772,117906,-106134,157071,0.5
1900-01-25 15:53:15,8134.5,781325,8135.0,625428,37762,188427,-150665,155897,0.5
1900-01-25 15:53:30,8133.0,18864,8133.5,744328,10750,255445,-244695,-725464,0.5
1900-01-25 15:53:45,8132.0,505937,8132.5,557229,11998,247519,-235521,-51292,0.5
1900-01-25 15:54:00,8133.5,943691,8134.0,90948,83118,41160,41958,852743,0.5
1900-01-25 15:54:15,8134.5,164904,8135.0,711121,50273,37752,12521,-546217,0.5
1900-01-25 15:54:30,8133.5,52833,8134.0,815868,15698,97900,-82202,-763035,0.5
1900-01-25 15:54:45,8132.5,747136,8133.0,371038,29801,86016,-56215,376098,0.5
1900-01-25 15:55:00,8132.5,62535,8133.0,854707,7637,345471,-337834,-792172,0.5
1900-01-25 15:55:15,8136.5,911368,8137.0,49775,140122,51533,88589,861593,0.5
1900-01-25 15:55:30,8138.0,24526,8138.5,919074,122193,70715,51478,-894548,0.5
1900-01-25 15:55:45,8136.5,524345,8137.0,30994,192112,208991,-16879,493351,0.5
1900-01-25 15:56:00,8138.0,628642,8138.5,589226,40576,5692,34884,39416,0.5
1900-01-25 15:56:15,8138.0,20615,8138.5,964142,30268,73058,-42790,-943527,0.5
1900-01-25 15:56:30,8137.5,531285,8138.0,146578,11280,17473,-6193,384707,0.5
1900-01-25 15:56:45,8137.5,29862,8138.0,1129342,14020,9215,4805,-1099480,0.5
1900-01-25 15:57:00,8130.0,66792,8130.5,670087,65028,159794,-94766,-603295,0.5
1900-01-25 15:57:15,8127.0,11141,8127.5,807234,14712,141311,-126599,-796093,0.5
1900-01-25 15:57:30,8126.0,567038,8126.5,719486,7996,30050,-22054,-152448,0.5
1900-01-25 15:57:45,8124.0,18022,8124.5,504731,2666,105706,-103040,-486709,0.5
1900-01-25 15:58:00,8121.5,86813,8122.0,461282,156179,314452,-158273,-374469,0.5
1900-01-25 15:58:15,8121.5,665412,8122.0,235202,101150,48882,52268,430210,0.5
1900-01-25 15:58:30,8121.5,718881,8122.0,189179,28973,12010,16963,529702,0.5
1900-01-25 15:58:45,8120.0,105172,8120.5,260993,35174,222604,-187430,-155821,0.5
1900-01-25 15:59:00,8116.0,163815,8116.5,408223,10931,358380,-347449,-244408,0.5
1900-01-25 15:59:15,8116.0,840148,8116.5,485432,86463,77052,9411,354716,0.5
1900-01-25 15:59:30,8116.0,717656,8116.5,589348,69851,7441,62410,128308,0.5
1900-01-25 15:59:45,8116.0,484657,8116.5,504910,38290,148954,-110664,-20253,0.5
1900-01-25 16:00:00,8113.0,31011,8114.5,42529,59894,89404,-29510,-11518,1.5
1900-01-25 16:00:15,8110.5,607557,8111.0,214447,90068,340529,-250461,393110,0.5
1900-01-25 16:00:30,8110.5,742462,8111.0,440909,33765,47980,-14215,301553,0.5
1900-01-25 16:00:45,8110.5,749734,8111.0,582863,157926,18125,139801,166871,0.5
1900-01-25 16:01:00,8110.5,163087,8111.0,977365,61153,172380,-111227,-814278,0.5
1900-01-25 16:01:15,8109.0,18579,8109.5,878352,5827,170349,-164522,-859773,0.5
1900-01-25 16:01:30,8108.5,1113503,8109.0,6234,29640,73983,-44343,1107269,0.5
1900-01-25 16:01:45,8114.5,1181642,8115.0,241898,243216,64348,178868,939744,0.5
1900-01-25 16:02:00,8121.0,1096244,8121.5,149516,360038,1074,358964,946728,0.5
1900-01-25 16:02:15,8124.0,3746690,8124.5,283665,203723,24124,179599,3463025,0.5
1900-01-25 16:02:30,8132.0,12241,8132.5,187280,257077,198989,58088,-175039,0.5
1900-01-25 16:02:45,8132.0,664729,8132.5,107440,28957,39220,-10263,557289,0.5
1900-01-25 16:03:00,8133.5,143429,8134.0,628727,61661,193106,-131445,-485298,0.5
1900-01-25 16:03:15,8134.5,535098,8135.0,4830,54465,61694,-7229,530268,0.5
1900-01-25 16:03:30,8137.5,1815206,8138.0,169655,220539,20091,200448,1645551,0.5
1900-01-25 16:03:45,8143.5,1028586,8144.0,161893,155476,28196,127280,866693,0.5
1900-01-25 16:04:00,8144.5,659813,8145.0,342796,235006,26409,208597,317017,0.5
1900-01-25 16:04:15,8144.5,378454,8145.0,526844,45066,190104,-145038,-148390,0.5
1900-01-25 16:04:30,8144.5,142226,8145.0,587280,76809,67912,8897,-445054,0.5
1900-01-25 16:04:45,8140.0,1388274,8140.5,194568,19250,460028,-440778,1193706,0.5
1900-01-25 16:05:00,8140.0,1828207,8140.5,284176,75587,64124,11463,1544031,0.5
1900-01-25 16:05:15,8140.0,625343,8140.5,417423,89433,348439,-259006,207920,0.5
1900-01-25 16:05:30,8136.5,1021133,8137.0,75532,182248,651808,-469560,945601,0.5
1900-01-25 16:05:45,8140.0,434699,8140.5,157363,194460,31012,163448,277336,0.5
1900-01-25 16:06:00,8140.0,1018762,8140.5,59350,199040,10011,189029,959412,0.5
1900-01-25 16:06:15,8146.5,384056,8147.0,310925,460494,7937,452557,73131,0.5
1900-01-25 16:06:30,8149.0,344549,8149.5,11681,304572,77662,226910,332868,0.5
1900-01-25 16:06:45,8152.5,614276,8153.0,168809,296968,113453,183515,445467,0.5
1900-01-25 16:07:00,8149.5,964002,8150.0,295227,328402,171333,157069,668775,0.5
1900-01-25 16:07:15,8153.5,612889,8154.0,33259,188011,77476,110535,579630,0.5
1900-01-25 16:07:30,8155.5,814925,8156.0,108806,176478,74483,101995,706119,0.5
1900-01-25 16:07:45,8169.5,710417,8170.0,472413,951445,110397,841048,238004,0.5
1900-01-25 16:08:00,8169.5,286829,8170.0,141599,495824,243943,251881,145230,0.5
1900-01-25 16:08:15,8165.5,1559,8166.0,261390,282614,303519,-20905,-259831,0.5
1900-01-25 16:08:30,8161.5,756416,8162.0,478939,111961,316555,-204594,277477,0.5
1900-01-25 16:08:45,8168.0,504173,8168.5,12021,396627,187997,208630,492152,0.5
1900-01-25 16:09:00,8173.0,21865,8173.5,2748,392975,37167,355808,19117,0.5
1900-01-25 16:09:15,8176.0,84973,8180.0,441026,1846455,67970,1778485,-356053,4.0
1900-01-25 16:09:30,8193.5,6048,8194.0,836349,1542131,72068,1470063,-830301,0.5
1900-01-25 16:09:45,8180.0,101125,8180.5,56330,788836,241882,546954,44795,0.5
1900-01-25 16:10:00,8190.0,10000,8190.5,138955,311476,325079,-13603,-128955,0.5
1900-01-25 16:10:15,8185.0,160099,8185.5,890556,158178,443874,-285696,-730457,0.5
1900-01-25 16:10:30,8177.0,27130,8177.5,266510,75419,254652,-179233,-239380,0.5
1900-01-25 16:10:45,8169.5,5824,8170.0,532095,55447,273858,-218411,-526271,0.5
1900-01-25 16:11:00,8173.5,20000,8174.0,61166,102506,265665,-163159,-41166,0.5
1900-01-25 16:11:15,8170.0,21199,8170.5,966713,147268,332992,-185724,-945514,0.5
1900-01-25 16:11:30,8165.5,490439,8166.0,220802,88407,761049,-672642,269637,0.5
1900-01-25 16:11:45,8179.5,87253,8180.0,637613,436969,89539,347430,-550360,0.5
1900-01-25 16:12:00,8175.5,281888,8176.0,496741,110576,738193,-627617,-214853,0.5
1900-01-25 16:12:15,8178.0,561308,8178.5,810822,438447,161706,276741,-249514,0.5
1900-01-25 16:12:30,8178.0,274765,8178.5,1076544,253931,54431,199500,-801779,0.5
1900-01-25 16:12:45,8167.0,333473,8167.5,336486,61006,523960,-462954,-3013,0.5
1900-01-25 16:13:00,8178.0,430347,8178.5,257150,210202,133728,76474,173197,0.5
1900-01-25 16:13:15,8178.0,598020,8178.5,521127,68774,214771,-145997,76893,0.5
1900-01-25 16:13:30,8179.0,333795,8179.5,170953,231190,138476,92714,162842,0.5
1900-01-25 16:13:45,8179.0,511565,8179.5,768960,65429,27197,38232,-257395,0.5
1900-01-25 16:14:00,8167.5,17801,8168.0,508589,118260,454713,-336453,-490788,0.5
1900-01-25 16:14:15,8169.0,829034,8169.5,268742,82802,224154,-141352,560292,0.5
1900-01-25 16:14:30,8179.0,40472,8179.5,338430,333473,41512,291961,-297958,0.5
1900-01-25 16:14:45,8172.5,780552,8173.0,8417,69700,49394,20306,772135,0.5
1900-01-25 16:15:00,8173.5,208432,8174.0,575887,172620,14354,158266,-367455,0.5
1900-01-25 16:15:15,8169.5,323410,8170.0,661089,184367,280180,-95813,-337679,0.5
1900-01-25 16:15:30,8159.0,85690,8159.5,10062,41822,773650,-731828,75628,0.5
1900-01-25 16:15:45,8159.0,595737,8159.5,125357,122279,242206,-119927,470380,0.5
1900-01-25 16:16:00,8160.5,761607,8161.0,26188,148345,71822,76523,735419,0.5
1900-01-25 16:16:15,8161.5,305154,8162.0,530263,166312,61603,104709,-225109,0.5
1900-01-25 16:16:30,8160.0,79521,8160.5,797368,6331,162395,-156064,-717847,0.5
1900-01-25 16:16:45,8153.5,64383,8154.0,185299,4825,332380,-327555,-120916,0.5
1900-01-25 16:17:00,8153.5,863667,8154.0,32877,49788,94361,-44573,830790,0.5
1900-01-25 16:17:15,8163.5,813025,8164.0,21777,240128,174820,65308,791248,0.5
1900-01-25 16:17:30,8164.5,9466,8165.0,614352,245110,27529,217581,-604886,0.5
1900-01-25 16:17:45,8157.0,20177,8157.5,127761,31556,130364,-98808,-107584,0.5
1900-01-25 16:18:00,8161.5,218119,8162.0,22,146782,174072,-27290,218097,0.5
1900-01-25 16:18:15,8155.5,547250,8156.0,359079,11903,131572,-119669,188171,0.5
1900-01-25 16:18:30,8163.5,820501,8164.0,553315,255750,46450,209300,267186,0.5
1900-01-25 16:18:45,8163.5,704620,8164.0,153844,245905,46154,199751,550776,0.5
1900-01-25 16:19:00,8163.5,91609,8164.0,595495,59857,6306,53551,-503886,0.5
1900-01-25 16:19:15,8161.0,684742,8161.5,25305,20921,37608,-16687,659437,0.5
1900-01-25 16:19:30,8161.0,170809,8161.5,564615,14927,18814,-3887,-393806,0.5
1900-01-25 16:19:45,8161.0,971501,8161.5,275738,39501,34342,5159,695763,0.5
1900-01-25 16:20:00,8161.0,886379,8161.5,765102,44234,31325,12909,121277,0.5
1900-01-25 16:20:15,8154.5,24737,8155.0,455149,23714,224230,-200516,-430412,0.5
1900-01-25 16:20:30,8153.5,649311,8154.0,393074,5712,56746,-51034,256237,0.5
1900-01-25 16:20:45,8152.0,31206,8152.5,444167,19941,46922,-26981,-412961,0.5
1900-01-25 16:21:00,8151.0,237197,8151.5,341569,30288,143573,-113285,-104372,0.5
1900-01-25 16:21:15,8157.5,198051,8158.0,558460,189036,63862,125174,-360409,0.5
1900-01-25 16:21:30,8157.5,481834,8158.0,151021,87347,8934,78413,330813,0.5
1900-01-25 16:21:45,8157.5,492091,8158.0,414645,109851,21228,88623,77446,0.5
1900-01-25 16:22:00,8157.5,842199,8158.0,30899,189433,6680,182753,811300,0.5
1900-01-25 16:22:15,8155.0,164750,8155.5,783215,230897,42394,188503,-618465,0.5
1900-01-25 16:22:30,8149.0,54450,8149.5,49536,148185,192636,-44451,4914,0.5
1900-01-25 16:22:45,8142.0,1622893,8142.5,66308,148357,873084,-724727,1556585,0.5
1900-01-25 16:23:00,8146.0,21054,8146.5,482859,247364,34940,212424,-461805,0.5
1900-01-25 16:23:15,8145.0,342905,8145.5,221214,71915,16911,55004,121691,0.5
1900-01-25 16:23:30,8145.5,450538,8146.0,249510,44549,5826,38723,201028,0.5
1900-01-25 16:23:45,8146.5,242671,8147.0,495127,197368,7836,189532,-252456,0.5
1900-01-25 16:24:00,8146.0,562220,8146.5,338373,219241,118659,100582,223847,0.5
1900-01-25 16:24:15,8146.0,880574,8146.5,257240,11709,16709,-5000,623334,0.5
1900-01-25 16:24:30,8146.0,281487,8146.5,552688,208244,21899,186345,-271201,0.5
1900-01-25 16:24:45,8148.0,674385,8148.5,25241,42059,4242,37817,649144,0.5
1900-01-25 16:25:00,8149.5,771389,8150.0,331620,283202,42209,240993,439769,0.5
1900-01-25 16:25:15,8155.0,464995,8155.5,2746,357783,19339,338444,462249,0.5
1900-01-25 16:25:30,8158.0,727988,8158.5,55263,52688,1770,50918,672725,0.5
1900-01-25 16:25:45,8158.0,230453,8158.5,773237,41061,82221,-41160,-542784,0.5
1900-01-25 16:26:00,8159.0,620723,8159.5,26410,114984,25645,89339,594313,0.5
1900-01-25 16:26:15,8163.0,686146,8163.5,53383,74531,29485,45046,632763,0.5
1900-01-25 16:26:30,8166.0,526745,8166.5,294384,9876,10600,-724,232361,0.5
1900-01-25 16:26:45,8166.0,562526,8166.5,470240,99019,37963,61056,92286,0.5
1900-01-25 16:27:00,8167.5,383951,8168.0,700821,110750,87368,23382,-316870,0.5
1900-01-25 16:27:15,8162.5,1163530,8163.0,7884,182651,209619,-26968,1155646,0.5
1900-01-25 16:27:30,8168.0,437325,8168.5,259118,278461,4500,273961,178207,0.5
1900-01-25 16:27:45,8168.0,1489381,8168.5,177533,102640,21934,80706,1311848,0.5
1900-01-25 16:28:00,8168.5,1673835,8169.0,826659,434407,8904,425503,847176,0.5
1900-01-25 16:28:15,8173.5,646889,8174.0,625645,766923,33640,733283,21244,0.5
1900-01-25 16:28:30,8165.0,258132,8165.5,781286,140090,238439,-98349,-523154,0.5
1900-01-25 16:28:45,8163.5,40058,8164.0,686680,8375,233741,-225366,-646622,0.5
1900-01-25 16:29:00,8165.0,568424,8165.5,11527,17053,442003,-424950,556897,0.5
1900-01-25 16:29:15,8172.0,383049,8172.5,51115,529678,13338,516340,331934,0.5
1900-01-25 16:29:30,8174.5,617480,8175.0,195782,129928,12477,117451,421698,0.5
1900-01-25 16:29:45,8176.0,762588,8176.5,18335,191212,37215,153997,744253,0.5
1900-01-25 16:30:00,8176.5,418350,8177.0,29386,34191,32974,1217,388964,0.5
1900-01-25 16:30:15,8176.5,462177,8177.0,894528,44806,49610,-4804,-432351,0.5
1900-01-25 16:30:30,8171.5,84352,8172.0,271283,183666,283571,-99905,-186931,0.5
1900-01-25 16:30:45,8164.0,465682,8164.5,110842,22986,165070,-142084,354840,0.5
1900-01-25 16:31:00,8157.5,125281,8158.0,849165,42510,281240,-238730,-723884,0.5
1900-01-25 16:31:15,8156.5,917843,8157.0,24224,47398,157984,-110586,893619,0.5
1900-01-25 16:32:45,8146.0,552853,8146.5,78578,14523,29250,-14727,474275,0.5
1900-01-25 16:33:00,8150.5,99693,8151.0,256,116371,73287,43084,99437,0.5
1900-01-25 16:33:15,8155.5,657678,8156.0,88116,78121,4178,73943,569562,0.5
1900-01-25 16:33:30,8155.0,32414,8155.5,811194,57020,109641,-52621,-778780,0.5
1900-01-25 16:33:45,8152.0,2502,8152.5,1033756,11274,30793,-19519,-1031254,0.5
1900-01-25 16:34:00,8151.0,435024,8151.5,430213,5418,27797,-22379,4811,0.5
1900-01-25 16:34:15,8151.0,1058248,8151.5,72332,45416,2136,43280,985916,0.5
1900-01-25 16:34:30,8155.0,579493,8155.5,104379,44601,57504,-12903,475114,0.5
1900-01-25 16:34:45,8155.0,69440,8155.5,816194,42088,45409,-3321,-746754,0.5
1900-01-25 16:35:00,8147.0,228958,8147.5,530854,12724,100308,-87584,-301896,0.5
1900-01-25 16:35:15,8147.0,756192,8147.5,9195,42207,182951,-140744,746997,0.5
1900-01-25 16:35:30,8150.0,998208,8150.5,30166,121368,20412,100956,968042,0.5
1900-01-25 16:35:45,8150.0,1040893,8150.5,60691,37576,4888,32688,980202,0.5
1900-01-25 16:36:00,8150.0,127784,8150.5,641670,11464,253661,-242197,-513886,0.5
1900-01-25 16:36:15,8149.0,1236493,8149.5,169081,188263,36651,151612,1067412,0.5
1900-01-25 16:36:30,8150.5,1329411,8151.0,86142,548534,70386,478148,1243269,0.5
1900-01-25 16:36:45,8152.0,1012110,8152.5,6073,116281,3524,112757,1006037,0.5
1900-01-25 16:37:00,8157.5,1084195,8158.0,9742,427283,104876,322407,1074453,0.5
1900-01-25 16:37:15,8162.5,217316,8163.0,649427,60983,54821,6162,-432111,0.5
1900-01-25 16:37:30,8153.5,58761,8154.0,392519,56196,244821,-188625,-333758,0.5
1900-01-25 16:37:45,8157.0,570023,8157.5,20539,123691,16922,106769,549484,0.5
1900-01-25 16:38:00,8157.5,640044,8158.0,103116,49445,20622,28823,536928,0.5
1900-01-25 16:38:15,8157.5,761682,8158.0,1300649,91168,3887,87281,-538967,0.5
1900-01-25 16:38:30,8157.5,285753,8158.0,1645466,1150,231500,-230350,-1359713,0.5
1900-01-25 16:38:45,8150.5,548903,8151.0,529137,33916,151403,-117487,19766,0.5
1900-01-25 16:39:00,8146.0,134838,8146.5,225437,43322,424518,-381196,-90599,0.5
1900-01-25 16:39:15,8148.5,427360,8149.0,1977,12626,34080,-21454,425383,0.5
1900-01-25 16:39:30,8148.5,884836,8149.0,153239,330181,2286,327895,731597,0.5
1900-01-25 16:39:45,8154.5,127146,8155.0,115729,145498,21003,124495,11417,0.5
1900-01-25 16:40:00,8154.0,2238,8154.5,527141,28430,94214,-65784,-524903,0.5
1900-01-25 16:40:15,8154.0,585011,8154.5,284104,38261,25569,12692,300907,0.5
1900-01-25 16:40:30,8153.5,129196,8154.0,962485,25708,20799,4909,-833289,0.5
1900-01-25 16:40:45,8148.5,207598,8149.0,486650,2218,290910,-288692,-279052,0.5
1900-01-25 16:41:00,8150.0,93979,8150.5,601515,12694,37702,-25008,-507536,0.5
1900-01-25 16:41:15,8150.0,25590,8150.5,825032,10290,35130,-24840,-799442,0.5
1900-01-25 16:41:30,8143.5,137003,8144.0,306074,5550,106555,-101005,-169071,0.5
1900-01-25 16:41:45,8131.0,65000,8131.5,38830,9902,887102,-877200,26170,0.5
1900-01-25 16:42:00,8130.0,638075,8130.5,69353,50004,1402564,-1352560,568722,0.5
1900-01-25 16:42:15,8137.5,2996,8138.0,912826,212311,79003,133308,-909830,0.5
1900-01-25 16:42:30,8130.0,35190,8130.5,252076,39705,260682,-220977,-216886,0.5
1900-01-25 16:42:45,8131.0,278866,8131.5,813,216357,85776,130581,278053,0.5
1900-01-25 16:43:00,8134.5,613,8135.0,425774,170472,39544,130928,-425161,0.5
1900-01-25 16:43:15,8135.0,548584,8135.5,57873,45253,106497,-61244,490711,0.5
1900-01-25 16:43:30,8137.5,662766,8138.0,40805,193714,58415,135299,621961,0.5
1900-01-25 16:43:45,8138.5,645132,8139.0,279053,102217,252,101965,366079,0.5
1900-01-25 16:44:00,8144.5,635524,8145.0,293620,174869,9053,165816,341904,0.5
1900-01-25 16:44:15,8141.5,425964,8142.0,173739,88953,53104,35849,252225,0.5
1900-01-25 16:44:30,8138.5,26583,8139.0,577418,5684,109887,-104203,-550835,0.5
1900-01-25 16:44:45,8136.5,620209,8137.0,176381,21931,70183,-48252,443828,0.5
1900-01-25 16:45:00,8136.5,896018,8137.0,113171,126068,58608,67460,782847,0.5
1900-01-25 16:45:15,8136.5,176022,8137.0,783850,140782,62306,78476,-607828,0.5
1900-01-25 16:45:30,8136.5,557802,8137.0,486544,70644,111891,-41247,71258,0.5
1900-01-25 16:45:45,8137.5,779293,8138.0,160835,55234,46326,8908,618458,0.5
1900-01-25 16:46:00,8142.5,387398,8143.0,482595,275490,11298,264192,-95197,0.5
1900-01-25 16:46:15,8142.5,278357,8143.0,785953,118338,3065,115273,-507596,0.5
1900-01-25 16:46:30,8137.5,224656,8138.0,678554,3703,261548,-257845,-453898,0.5
1900-01-25 16:46:45,8135.0,54851,8135.5,1199232,29207,143972,-114765,-1144381,0.5
1900-01-25 16:47:00,8131.0,118689,8131.5,734558,3503,76718,-73215,-615869,0.5
1900-01-25 16:47:15,8131.0,160763,8131.5,1379950,2460,38313,-35853,-1219187,0.5
1900-01-25 16:47:30,8127.0,632029,8127.5,781180,4074,710168,-706094,-149151,0.5
1900-01-25 16:47:45,8127.0,191338,8127.5,1229511,35404,187688,-152284,-1038173,0.5
1900-01-25 16:48:00,8125.0,163411,8125.5,426808,18753,708436,-689683,-263397,0.5
1900-01-25 16:48:15,8125.5,440702,8126.0,255019,75476,495199,-419723,185683,0.5
1900-01-25 16:48:30,8127.0,924922,8127.5,25571,206791,39751,167040,899351,0.5
1900-01-25 16:48:45,8131.5,341595,8132.0,218220,118327,10922,107405,123375,0.5
1900-01-25 16:49:00,8129.5,101141,8130.0,866049,65716,70463,-4747,-764908,0.5
1900-01-25 16:49:15,8127.5,25017,8128.0,1027832,18546,63460,-44914,-1002815,0.5
1900-01-25 16:49:30,8121.5,60711,8122.0,1424109,27766,557955,-530189,-1363398,0.5
1900-01-25 16:49:45,8116.0,429851,8116.5,804279,15401,355716,-340315,-374428,0.5
1900-01-25 16:50:00,8115.0,452007,8115.5,279843,28191,1073741,-1045550,172164,0.5
1900-01-25 16:50:15,8117.5,378590,8118.0,47224,261481,102045,159436,331366,0.5
1900-01-25 16:50:30,8122.0,3159,8122.5,6000,248245,122908,125337,-2841,0.5
1900-01-25 16:50:45,8117.5,238165,8118.0,563106,33083,195677,-162594,-324941,0.5
1900-01-25 16:51:00,8119.5,695302,8120.0,244576,94330,81781,12549,450726,0.5
1900-01-25 16:51:15,8119.5,558720,8120.0,15218,151010,20374,130636,543502,0.5
1900-01-25 16:51:30,8120.0,179795,8120.5,712369,200424,66615,133809,-532574,0.5
1900-01-25 16:51:45,8117.5,107962,8118.0,243195,29018,120444,-91426,-135233,0.5
1900-01-25 16:52:00,8117.5,510055,8118.0,1178027,11804,8745,3059,-667972,0.5
1900-01-25 16:52:15,8117.5,802648,8118.0,459177,82793,69655,13138,343471,0.5
1900-01-25 16:52:30,8119.5,1108250,8120.0,1469712,388973,69852,319121,-361462,0.5
1900-01-25 16:52:45,8119.5,32292,8120.0,2158527,124955,60771,64184,-2126235,0.5
1900-01-25 16:53:00,8118.5,89221,8119.0,899941,53931,51463,2468,-810720,0.5
1900-01-25 16:53:15,8118.5,120182,8119.0,982330,33215,30528,2687,-862148,0.5
1900-01-25 16:53:30,8118.5,648233,8119.0,585183,5770,200,5570,63050,0.5
1900-01-25 16:53:45,8118.5,582113,8119.0,905202,5013,51510,-46497,-323089,0.5
1900-01-25 16:54:00,8119.5,832475,8120.0,1382393,163032,3440,159592,-549918,0.5
1900-01-25 16:54:15,8119.5,1244609,8120.0,174868,1144090,29345,1114745,1069741,0.5
1900-01-25 16:54:30,8126.0,436223,8126.5,24951,229599,17414,212185,411272,0.5
1900-01-25 16:54:45,8129.5,710096,8130.0,191644,267654,19830,247824,518452,0.5
1900-01-25 16:55:00,8130.5,725986,8131.0,336711,155318,14893,140425,389275,0.5
1900-01-25 16:55:15,8130.5,284445,8131.0,1224093,127442,32038,95404,-939648,0.5
1900-01-25 16:55:30,8129.0,8057,8129.5,841127,70587,237220,-166633,-833070,0.5
1900-01-25 16:55:45,8125.0,360483,8125.5,921911,12369,22717,-10348,-561428,0.5
1900-01-25 16:56:00,8125.0,995975,8125.5,292166,31730,70718,-38988,703809,0.5
1900-01-25 16:56:15,8125.0,222345,8125.5,1167115,8946,318760,-309814,-944770,0.5
1900-01-25 16:56:30,8125.0,77505,8125.5,1336122,850,41375,-40525,-1258617,0.5
1900-01-25 16:56:45,8118.0,582398,8118.5,703978,2010,138037,-136027,-121580,0.5
1900-01-25 16:57:00,8118.0,1048166,8118.5,252405,79812,140075,-60263,795761,0.5
1900-01-25 16:57:15,8118.0,1047345,8118.5,239920,20811,54596,-33785,807425,0.5
1900-01-25 16:57:30,8118.0,661575,8118.5,567631,10188,403776,-393588,93944,0.5
1900-01-25 16:57:45,8118.0,13806,8118.5,1509587,12358,187401,-175043,-1495781,0.5
1900-01-25 16:58:00,8113.5,1037,8114.0,73522,5690,475937,-470247,-72485,0.5
1900-01-25 16:58:15,8091.5,387532,8094.5,22896,60700,2559482,-2498782,364636,3.0
1900-01-25 16:58:30,8098.0,136529,8098.5,932138,155959,596546,-440587,-795609,0.5
1900-01-25 16:58:45,8096.0,182011,8096.5,23205,215606,441516,-225910,158806,0.5
1900-01-25 16:59:00,8103.5,426764,8104.0,166071,481922,75775,406147,260693,0.5
1900-01-25 16:59:15,8107.0,432903,8107.5,600740,239089,29665,209424,-167837,0.5
1900-01-25 16:59:30,8105.0,314812,8105.5,928982,120286,186226,-65940,-614170,0.5
1900-01-25 16:59:45,8101.0,52409,8101.5,1389818,16830,206008,-189178,-1337409,0.5
1900-01-25 17:00:00,8100.0,119312,8100.5,662565,45360,87773,-42413,-543253,0.5
1900-01-25 17:00:15,8099.5,383221,8100.0,430081,85994,100243,-14249,-46860,0.5
1900-01-25 17:00:30,8102.5,554498,8103.0,277703,127510,131357,-3847,276795,0.5
1900-01-25 17:00:45,8104.0,288053,8104.5,2841,165367,34551,130816,285212,0.5
1900-01-25 17:01:00,8106.5,102176,8107.0,727732,171985,26703,145282,-625556,0.5
1900-01-25 17:01:15,8106.5,746341,8107.0,212246,131044,36892,94152,534095,0.5
1900-01-25 17:01:30,8107.0,377117,8107.5,586453,66821,38328,28493,-209336,0.5
1900-01-25 17:01:45,8106.5,41501,8107.0,1032733,69955,53174,16781,-991232,0.5
1900-01-25 17:02:00,8099.0,116901,8099.5,988460,8211,282080,-273869,-871559,0.5
1900-01-25 17:02:15,8092.0,119691,8092.5,444217,28022,400980,-372958,-324526,0.5
1900-01-25 17:02:30,8092.0,649657,8092.5,261583,39937,380066,-340129,388074,0.5
1900-01-25 17:02:45,8089.0,78884,8089.5,555863,63904,223085,-159181,-476979,0.5
1900-01-25 17:03:00,8088.0,114080,8088.5,1038104,45786,248818,-203032,-924024,0.5
1900-01-25 17:03:15,8087.0,710891,8087.5,72532,60393,311801,-251408,638359,0.5
1900-01-25 17:03:30,8090.0,566592,8090.5,621059,334914,51313,283601,-54467,0.5
1900-01-25 17:03:45,8091.5,550966,8092.0,92809,206600,13239,193361,458157,0.5
1900-01-25 17:04:00,8092.0,381196,8092.5,595911,53695,24054,29641,-214715,0.5
1900-01-25 17:04:15,8089.5,191413,8090.0,965598,39297,466052,-426755,-774185,0.5
1900-01-25 17:04:30,8088.0,255408,8088.5,960566,5657,145724,-140067,-705158,0.5
1900-01-25 17:04:45,8070.0,622913,8070.5,35714,23359,1365488,-1342129,587199,0.5
1900-01-25 17:05:00,8073.0,10458,8074.5,7880,903774,1790615,-886841,2578,1.5
1900-01-25 17:05:15,8079.5,262343,8080.0,48259,274528,114368,160160,214084,0.5
1900-01-25 17:05:30,8079.5,158070,8080.0,987597,232666,149071,83595,-829527,0.5
1900-01-25 17:05:45,8084.0,250052,8084.5,1651,245597,121594,124003,248401,0.5
1900-01-25 17:06:00,8087.0,22011,8087.5,958950,296357,15042,281315,-936939,0.5
1900-01-25 17:06:15,8081.0,259380,8081.5,698645,35105,33788,1317,-439265,0.5
1900-01-25 17:06:30,8079.5,276032,8080.0,519075,91628,171957,-80329,-243043,0.5
1900-01-25 17:06:45,8078.0,496955,8078.5,73162,173927,41053,132874,423793,0.5
1900-01-25 17:07:00,8079.5,199856,8080.0,582459,122767,52057,70710,-382603,0.5
1900-01-25 17:07:15,8081.5,476132,8082.0,34015,32232,42457,-10225,442117,0.5
1900-01-25 17:07:30,8082.0,1001373,8082.5,938564,203436,12835,190601,62809,0.5
1900-01-25 17:07:45,8082.0,1310797,8082.5,4395,850403,44595,805808,1306402,0.5
1900-01-25 17:08:00,8082.0,48134,8082.5,691976,72936,125624,-52688,-643842,0.5
1900-01-25 17:08:15,8082.0,208072,8082.5,650840,61365,55206,6159,-442768,0.5
1900-01-25 17:08:30,8079.0,8350,8079.5,660007,31170,223147,-191977,-651657,0.5
1900-01-25 17:08:45,8075.5,186275,8076.0,356497,34806,34489,317,-170222,0.5
1900-01-25 17:09:00,8075.0,20836,8075.5,686850,118064,207542,-89478,-666014,0.5
1900-01-25 17:09:15,8066.0,29551,8066.5,435550,9835,327327,-317492,-405999,0.5
1900-01-25 17:09:30,8074.0,165769,8074.5,768155,202129,174460,27669,-602386,0.5
1900-01-25 17:09:45,8069.5,387514,8070.0,29225,169409,192011,-22602,358289,0.5
1900-01-25 17:10:00,8070.5,23490,8071.0,335827,184084,136054,48030,-312337,0.5
1900-01-25 17:10:15,8071.0,143043,8071.5,651214,24589,21835,2754,-508171,0.5
1900-01-25 17:10:30,8068.5,34803,8069.0,658613,63962,362540,-298578,-623810,0.5
1900-01-25 17:10:45,8062.5,51866,8063.0,445022,19724,127028,-107304,-393156,0.5
1900-01-25 17:11:00,8043.5,3000,8044.0,356710,221750,1375762,-1154012,-353710,0.5
1900-01-25 17:11:15,8073.5,26965,8074.0,2220,2115285,390565,1724720,24745,0.5
1900-01-25 17:11:30,8070.0,2659,8070.5,413865,331672,90057,241615,-411206,0.5
1900-01-25 17:11:45,8072.0,260196,8072.5,113776,220822,172422,48400,146420,0.5
1900-01-25 17:12:00,8075.0,262410,8075.5,21411,119438,106772,12666,240999,0.5
1900-01-25 17:12:15,8078.5,236744,8079.0,12778,319111,39555,279556,223966,0.5
1900-01-25 17:12:30,8083.0,28872,8083.5,1246976,345179,23099,322080,-1218104,0.5
1900-01-25 17:12:45,8080.0,905707,8080.5,168715,251015,134758,116257,736992,0.5
1900-01-25 17:13:00,8082.0,561159,8082.5,664482,194257,5401,188856,-103323,0.5
1900-01-25 17:13:15,8084.5,741123,8085.0,7203,93085,11972,81113,733920,0.5
1900-01-25 17:13:30,8090.0,594220,8090.5,8,477607,18820,458787,594212,0.5
1900-01-25 17:13:45,8093.0,428696,8093.5,687916,350168,34494,315674,-259220,0.5
1900-01-25 17:14:00,8091.5,288379,8092.0,699197,208933,191573,17360,-410818,0.5
1900-01-25 17:14:15,8088.5,289573,8089.0,571241,120853,33816,87037,-281668,0.5
1900-01-25 17:14:30,8088.0,597101,8088.5,926201,43924,111047,-67123,-329100,0.5
1900-01-25 17:14:45,8083.5,422974,8084.0,747645,4402,274786,-270384,-324671,0.5
1900-01-25 17:15:00,8083.5,601889,8084.0,707802,23592,96036,-72444,-105913,0.5
1900-01-25 17:15:15,8083.5,507992,8084.0,1514673,4630,82186,-77556,-1006681,0.5
1900-01-25 17:15:30,8083.5,1328779,8084.0,711843,41901,49781,-7880,616936,0.5
1900-01-25 17:15:45,8083.5,579696,8084.0,1233393,50762,59227,-8465,-653697,0.5
1900-01-25 17:16:00,8081.0,37779,8081.5,1178208,36344,59212,-22868,-1140429,0.5
1900-01-25 17:16:15,8076.0,198139,8076.5,580915,3430,438179,-434749,-382776,0.5
1900-01-25 17:16:30,8076.0,1309271,8076.5,407477,88461,185358,-96897,901794,0.5
1900-01-25 17:16:45,8083.5,629988,8084.0,150073,448516,24031,424485,479915,0.5
1900-01-25 17:17:00,8087.0,394368,8087.5,787694,91298,28923,62375,-393326,0.5
1900-01-25 17:17:15,8089.5,1026468,8090.0,92103,242427,21142,221285,934365,0.5
1900-01-25 17:17:30,8082.0,133343,8082.5,611785,62369,115569,-53200,-478442,0.5
1900-01-25 17:17:45,8082.0,22956,8082.5,1057893,19153,159527,-140374,-1034937,0.5
1900-01-25 17:18:00,8080.5,1554046,8081.0,263180,81716,18157,63559,1290866,0.5
1900-01-25 17:18:15,8080.5,1184590,8081.0,851084,56975,44521,12454,333506,0.5
1900-01-25 17:18:30,8080.5,1092900,8081.0,1084807,9339,21918,-12579,8093,0.5
1900-01-25 17:18:45,8080.5,1454414,8081.0,624558,69811,39005,30806,829856,0.5
1900-01-25 17:19:00,8080.5,1654613,8081.0,309731,132414,33400,99014,1344882,0.5
1900-01-25 17:19:15,8080.5,1553063,8081.0,580640,53672,60151,-6479,972423,0.5
1900-01-25 17:19:30,8080.5,1590097,8081.0,265545,22378,14293,8085,1324552,0.5
1900-01-25 17:19:45,8081.0,582027,8081.5,7292,75189,60609,14580,574735,0.5
1900-01-25 17:20:00,8081.5,387327,8082.0,771050,126333,14034,112299,-383723,0.5
1900-01-25 17:20:15,8081.5,133411,8082.0,921431,9527,3094,6433,-788020,0.5
1900-01-25 17:20:30,8076.0,31014,8076.5,1072319,25295,779004,-753709,-1041305,0.5
1900-01-25 17:20:45,8072.5,426214,8073.0,490271,10659,212422,-201763,-64057,0.5
1900-01-25 17:21:00,8070.0,481310,8070.5,542597,18287,173971,-155684,-61287,0.5
1900-01-25 17:21:15,8073.0,114475,8073.5,777642,76339,81511,-5172,-663167,0.5
1900-01-25 17:21:30,8071.5,495425,8072.0,360424,99167,71610,27557,135001,0.5
1900-01-25 17:21:45,8071.5,286139,8072.0,516786,15252,43989,-28737,-230647,0.5
1900-01-25 17:22:00,8074.5,981026,8075.0,15224,72045,45510,26535,965802,0.5
1900-01-25 17:22:15,8076.5,465141,8077.0,221042,68462,73453,-4991,244099,0.5
1900-01-25 17:22:30,8077.5,377656,8078.0,412654,25954,24555,1399,-34998,0.5
1900-01-25 17:22:45,8079.5,837713,8080.0,21111,85237,2515,82722,816602,0.5
1900-01-25 17:23:00,8079.5,789529,8080.0,134846,29150,12109,17041,654683,0.5
1900-01-25 17:23:15,8083.5,789294,8084.0,71447,139489,1655,137834,717847,0.5
1900-01-25 17:23:30,8084.0,538548,8084.5,902669,35058,17652,17406,-364121,0.5
1900-01-25 17:23:45,8084.0,464429,8084.5,833356,71817,88820,-17003,-368927,0.5
1900-01-25 17:24:00,8085.0,749050,8085.5,169575,40044,23307,16737,579475,0.5
1900-01-25 17:24:15,8091.5,769179,8092.0,23724,192543,2757,189786,745455,0.5
1900-01-25 17:24:30,8091.5,278013,8092.0,1182454,133292,37026,96266,-904441,0.5
1900-01-25 17:24:45,8092.0,1311364,8092.5,69096,141525,82728,58797,1242268,0.5
1900-01-25 17:25:00,8096.5,400992,8097.0,214032,319748,26502,293246,186960,0.5
1900-01-25 17:25:15,8096.5,440200,8097.0,673017,96462,40440,56022,-232817,0.5
1900-01-25 17:25:30,8096.5,452660,8097.0,737216,132451,16146,116305,-284556,0.5
1900-01-25 17:25:45,8096.5,654777,8097.0,576946,293824,19306,274518,77831,0.5
1900-01-25 17:26:00,8099.5,799461,8100.0,132817,124820,25432,99388,666644,0.5
1900-01-25 17:26:15,8101.0,325750,8101.5,455630,190764,18367,172397,-129880,0.5
1900-01-25 17:26:30,8101.0,405516,8101.5,634704,329033,17099,311934,-229188,0.5
1900-01-25 17:26:45,8101.0,1022958,8101.5,312482,276932,152846,124086,710476,0.5
1900-01-25 17:27:00,8101.0,944031,8101.5,132766,178838,4011,174827,811265,0.5
1900-01-25 17:27:15,8100.5,29137,8101.0,714294,154906,353602,-198696,-685157,0.5
1900-01-25 17:27:30,8100.0,518542,8100.5,1060377,41814,266542,-224728,-541835,0.5
1900-01-25 17:27:45,8100.0,359125,8100.5,878418,42082,249328,-207246,-519293,0.5
1900-01-25 17:28:00,8100.0,1065440,8100.5,956596,51891,138700,-86809,108844,0.5
1900-01-25 17:28:15,8101.0,871273,8101.5,206572,62529,67460,-4931,664701,0.5
1900-01-25 17:28:30,8104.5,472842,8105.0,303960,183760,13361,170399,168882,0.5
1900-01-25 17:28:45,8103.0,219229,8103.5,716629,123916,25784,98132,-497400,0.5
1900-01-25 17:29:00,8101.5,186655,8102.0,645219,55856,50371,5485,-458564,0.5
1900-01-25 17:29:15,8101.5,93672,8102.0,575446,65098,92982,-27884,-481774,0.5
1900-01-25 17:29:30,8101.5,352289,8102.0,674558,23307,28229,-4922,-322269,0.5
1900-01-25 17:29:45,8101.5,182895,8102.0,732195,12530,5488,7042,-549300,0.5
1900-01-25 17:30:00,8101.5,825593,8102.0,180855,116276,5835,110441,644738,0.5
1900-01-25 17:30:15,8106.5,276722,8107.0,337561,118439,7685,110754,-60839,0.5
1900-01-25 17:30:30,8105.5,29702,8106.0,753926,108395,64425,43970,-724224,0.5
1900-01-25 17:30:45,8105.5,282993,8106.0,551720,152260,25618,126642,-268727,0.5
1900-01-25 17:31:00,8105.0,156821,8105.5,528348,9106,34789,-25683,-371527,0.5
1900-01-25 17:31:15,8105.0,647975,8105.5,170812,52319,19004,33315,477163,0.5
1900-01-25 17:31:30,8105.5,743880,8106.0,66647,39776,2354,37422,677233,0.5
1900-01-25 17:31:45,8107.0,889439,8107.5,138635,124007,8529,115478,750804,0.5
1900-01-25 17:32:00,8109.5,644439,8110.0,1923178,158059,5833,152226,-1278739,0.5
1900-01-25 17:32:15,8117.0,256299,8117.5,289518,2104874,8659,2096215,-33219,0.5
1900-01-25 17:32:30,8115.0,42673,8115.5,561530,228573,32182,196391,-518857,0.5
1900-01-25 17:32:45,8117.5,526101,8118.0,218767,155712,194015,-38303,307334,0.5
1900-01-25 17:33:00,8117.5,834655,8118.0,29371,114494,33577,80917,805284,0.5
1900-01-25 17:33:15,8119.5,1029447,8120.0,163334,71541,2000,69541,866113,0.5
1900-01-25 17:33:30,8123.5,810469,8124.0,305845,334236,73642,260594,504624,0.5
1900-01-25 17:33:45,8123.5,452417,8124.0,384962,175269,156671,18598,67455,0.5
1900-01-25 17:34:00,8124.5,169772,8125.0,1357665,281395,241926,39469,-1187893,0.5
1900-01-25 17:34:15,8120.0,101139,8120.5,511514,11919,168523,-156604,-410375,0.5
1900-01-25 17:34:30,8119.5,778274,8120.0,79727,40983,86323,-45340,698547,0.5
1900-01-25 17:34:45,8123.5,537457,8124.0,221084,78804,20591,58213,316373,0.5
1900-01-25 17:35:00,8124.0,183917,8124.5,671336,173303,21756,151547,-487419,0.5
1900-01-25 17:35:15,8123.5,43985,8124.0,1115194,34150,54475,-20325,-1071209,0.5
1900-01-25 17:35:30,8121.0,1136363,8121.5,72342,56490,178343,-121853,1064021,0.5
1900-01-25 17:35:45,8121.5,745517,8122.0,25558,27493,234676,-207183,719959,0.5
1900-01-25 17:36:00,8119.0,19472,8119.5,683466,8192,227662,-219470,-663994,0.5
1900-01-25 17:36:15,8116.5,18553,8117.0,716970,121740,185936,-64196,-698417,0.5
1900-01-25 17:36:30,8116.5,907459,8117.0,430068,13956,130736,-116780,477391,0.5
1900-01-25 17:36:45,8113.5,182470,8114.0,642416,71218,66806,4412,-459946,0.5
1900-01-25 17:37:00,8113.5,672181,8114.0,162203,142641,43771,98870,509978,0.5
1900-01-25 17:37:15,8113.5,765246,8114.0,399262,30208,9019,21189,365984,0.5
1900-01-25 17:37:30,8114.0,843412,8114.5,10188,161669,8638,153031,833224,0.5
1900-01-25 17:37:45,8116.5,20587,8117.0,40441,62954,2200,60754,-19854,0.5
1900-01-25 17:38:00,8114.0,4980,8114.5,525460,120,21369,-21249,-520480,0.5
1900-01-25 17:38:15,8113.0,8042,8113.5,984828,7500,52923,-45423,-976786,0.5
1900-01-25 17:38:30,8112.0,61217,8112.5,793761,2560,33814,-31254,-732544,0.5
1900-01-25 17:38:45,8112.0,25735,8112.5,1085332,5634,4388,1246,-1059597,0.5
1900-01-25 17:39:00,8112.0,627569,8112.5,282618,7099,84879,-77780,344951,0.5
1900-01-25 17:39:15,8112.0,265131,8112.5,680670,2578,24426,-21848,-415539,0.5
1900-01-25 17:39:30,8112.5,614525,8113.0,221957,162867,9255,153612,392568,0.5
1900-01-25 17:39:45,8114.5,694143,8115.0,65596,53325,56607,-3282,628547,0.5
1900-01-25 17:40:00,8114.5,846182,8115.0,166320,5834,11782,-5948,679862,0.5
1900-01-25 17:40:15,8114.5,646615,8115.0,277571,49617,30764,18853,369044,0.5
1900-01-25 17:40:30,8114.5,35769,8115.0,1038244,7890,21434,-13544,-1002475,0.5
1900-01-25 17:40:45,8112.0,17476,8112.5,996117,210,53638,-53428,-978641,0.5
1900-01-25 17:41:00,8107.0,87467,8107.5,454080,2331,76189,-73858,-366613,0.5
1900-01-25 17:41:15,8100.0,1443256,8100.5,5385109,39018,1805566,-1766548,-3941853,0.5
1900-01-25 17:41:30,8100.0,160735,8100.5,5555515,208598,673781,-465183,-5394780,0.5
1900-01-25 17:41:45,8096.5,733797,8097.0,292859,39895,259915,-220020,440938,0.5
1900-01-25 17:42:00,8098.0,70944,8098.5,692819,152193,121607,30586,-621875,0.5
1900-01-25 17:42:15,8095.5,503851,8096.0,1074568,25052,168420,-143368,-570717,0.5
1900-01-25 17:42:30,8095.5,208873,8096.0,791296,31144,329713,-298569,-582423,0.5
1900-01-25 17:42:45,8095.0,445457,8095.5,504706,41660,151998,-110338,-59249,0.5
1900-01-25 17:43:00,8108.0,140443,8108.5,806683,299728,48759,250969,-666240,0.5
1900-01-25 17:43:15,8101.0,593006,8101.5,3052,30183,194692,-164509,589954,0.5
1900-01-25 17:43:30,8107.5,26178,8108.0,714812,84183,55298,28885,-688634,0.5
1900-01-25 17:43:45,8107.5,498444,8108.0,145898,96328,23880,72448,352546,0.5
1900-01-25 17:44:00,8107.5,377068,8108.0,539102,62914,101100,-38186,-162034,0.5
1900-01-25 17:44:15,8107.5,680315,8108.0,223233,17872,27842,-9970,457082,0.5
1900-01-25 17:44:30,8108.5,410657,8109.0,335232,36926,4768,32158,75425,0.5
1900-01-25 17:44:45,8108.5,451344,8109.0,295922,44250,2433,41817,155422,0.5
1900-01-25 17:45:00,8109.0,930105,8109.5,15315,104397,8991,95406,914790,0.5
1900-01-25 17:45:15,8109.0,474682,8109.5,511631,18683,10254,8429,-36949,0.5
1900-01-25 17:45:30,8108.0,80,8108.5,42969,3300,38872,-35572,-42889,0.5
1900-01-25 17:45:45,8107.5,219404,8108.0,402753,12209,51301,-39092,-183349,0.5
1900-01-25 17:46:00,8107.5,869758,8108.0,275436,3524,25002,-21478,594322,0.5
1900-01-25 17:46:15,8110.5,1052446,8111.0,174080,79402,8414,70988,878366,0.5
1900-01-25 17:46:30,8110.5,811204,8111.0,522603,18344,8414,9930,288601,0.5
1900-01-25 17:46:45,8111.0,1340073,8111.5,4251,7791,6083,1708,1335822,0.5
1900-01-25 17:47:00,8112.0,1400484,8112.5,89981,75285,67703,7582,1310503,0.5
1900-01-25 17:47:15,8112.0,944769,8112.5,247445,65622,11488,54134,697324,0.5
1900-01-25 17:47:30,8113.0,1177927,8113.5,21564,52901,15015,37886,1156363,0.5
1900-01-25 17:47:45,8114.0,1266705,8114.5,75360,83741,2616,81125,1191345,0.5
1900-01-25 17:48:00,8114.5,1058421,8115.0,188835,182680,2616,180064,869586,0.5
1900-01-25 17:48:15,8114.5,622981,8115.0,662680,23913,4709,19204,-39699,0.5
1900-01-25 17:48:30,8114.5,643647,8115.0,260740,63572,5527,58045,382907,0.5
1900-01-25 17:48:45,8114.5,980628,8115.0,143868,26627,3489,23138,836760,0.5
1900-01-25 17:49:00,8114.5,1031875,8115.0,108662,100957,35213,65744,923213,0.5
1900-01-25 17:49:15,8114.5,971478,8115.0,80386,21441,68023,-46582,891092,0.5
1900-01-25 17:49:30,8114.5,549454,8115.0,309929,22604,150,22454,239525,0.5
1900-01-25 17:49:45,8114.5,549424,8115.0,405865,8568,10250,-1682,143559,0.5
1900-01-25 17:50:00,8114.5,624347,8115.0,631342,48117,29386,18731,-6995,0.5
1900-01-25 17:50:15,8114.5,610718,8115.0,664858,8035,14782,-6747,-54140,0.5
1900-01-25 17:50:30,8112.0,348342,8112.5,206433,351,168883,-168532,141909,0.5
1900-01-25 17:50:45,8112.0,119236,8112.5,318216,18464,26423,-7959,-198980,0.5
1900-01-25 17:51:00,8110.5,43823,8111.0,500373,3449,17586,-14137,-456550,0.5
1900-01-25 17:51:15,8104.5,8050,8105.0,922050,3562,226555,-222993,-914000,0.5
1900-01-25 17:51:30,8104.5,357,8105.0,947829,100,10546,-10446,-947472,0.5
1900-01-25 17:51:45,8103.5,203253,8104.0,16301,1553,38530,-36977,186952,0.5
1900-01-25 17:52:00,8103.5,235780,8104.0,762348,54938,59035,-4097,-526568,0.5
1900-01-25 17:52:15,8103.5,237256,8104.0,728877,90929,24093,66836,-491621,0.5
1900-01-25 17:52:30,8101.0,111501,8101.5,466469,53125,114360,-61235,-354968,0.5
1900-01-25 17:52:45,8100.0,215951,8100.5,737751,12480,41869,-29389,-521800,0.5
1900-01-25 17:53:00,8097.0,6880,8097.5,420335,800,215220,-214420,-413455,0.5
1900-01-25 17:53:15,8094.5,691746,8095.0,316435,7260,246535,-239275,375311,0.5
1900-01-25 17:53:30,8096.0,1088305,8096.5,104237,147807,414803,-266996,984068,0.5
1900-01-25 17:53:45,8096.5,252183,8097.0,532934,46986,23539,23447,-280751,0.5
1900-01-25 17:54:00,8096.5,84825,8097.0,767314,3125,56558,-53433,-682489,0.5
1900-01-25 17:54:15,8094.5,7484,8095.0,754522,5800,118360,-112560,-747038,0.5
1900-01-25 17:54:30,8094.0,970199,8094.5,131913,16125,35277,-19152,838286,0.5
1900-01-25 17:54:45,8094.0,218011,8094.5,608494,4264,224208,-219944,-390483,0.5
1900-01-25 17:55:00,8094.0,656687,8094.5,246578,52846,7743,45103,410109,0.5
1900-01-25 17:55:15,8094.0,736193,8094.5,457766,35737,6978,28759,278427,0.5
1900-01-25 17:55:30,8097.0,767669,8097.5,43557,78833,4313,74520,724112,0.5
1900-01-25 17:55:45,8099.5,1091111,8100.0,7624,38425,2691,35734,1083487,0.5
1900-01-25 17:56:00,8099.5,777001,8100.0,20129,39180,14460,24720,756872,0.5
1900-01-25 17:56:15,8101.0,244882,8101.5,597181,14156,6305,7851,-352299,0.5
1900-01-25 17:56:30,8101.0,881897,8101.5,46036,10702,11420,-718,835861,0.5
1900-01-25 17:56:45,8101.0,167635,8101.5,708171,39605,33271,6334,-540536,0.5
1900-01-25 17:57:00,8101.0,79955,8101.5,1094875,3391,23936,-20545,-1014920,0.5
1900-01-25 17:57:15,8101.0,23252,8101.5,1311561,14390,48799,-34409,-1288309,0.5
1900-01-25 17:57:30,8100.0,1192,8100.5,1060086,200,25385,-25185,-1058894,0.5
1900-01-25 17:57:45,8094.5,421294,8095.0,600719,860,110238,-109378,-179425,0.5
1900-01-25 17:58:00,8094.5,616,8095.0,1046862,1705,26943,-25238,-1046246,0.5
1900-01-25 17:58:15,8093.5,515280,8094.0,358876,7134,45126,-37992,156404,0.5
1900-01-25 17:58:30,8093.5,504888,8094.0,420456,5766,33560,-27794,84432,0.5
1900-01-25 17:58:45,8093.5,568499,8094.0,318005,17140,7200,9940,250494,0.5
1900-01-25 17:59:00,8093.5,18576,8094.0,958308,4630,16304,-11674,-939732,0.5
1900-01-25 17:59:15,8093.5,6869,8094.0,985874,2075,15887,-13812,-979005,0.5
1900-01-25 17:59:30,8086.0,241731,8086.5,384500,6185,309280,-303095,-142769,0.5
1900-01-25 17:59:45,8085.0,165958,8085.5,804524,7316,241770,-234454,-638566,0.5
1900-01-25 18:00:00,8084.0,212034,8084.5,710234,3975,142851,-138876,-498200,0.5
1900-01-25 18:00:15,8084.0,971850,8084.5,134208,43883,140233,-96350,837642,0.5
1900-01-25 18:00:30,8084.5,556497,8085.0,55062,65626,80720,-15094,501435,0.5
1900-01-25 18:00:45,8090.0,909022,8090.5,30830,47484,177750,-130266,878192,0.5
1900-01-25 18:01:00,8090.0,360769,8090.5,1032463,60301,12685,47616,-671694,0.5
1900-01-25 18:01:15,8090.0,790690,8090.5,486353,55454,27354,28100,304337,0.5
1900-01-25 18:01:30,8090.0,542055,8090.5,809138,67387,6617,60770,-267083,0.5
1900-01-25 18:01:45,8090.0,1145394,8090.5,372260,104750,7296,97454,773134,0.5
1900-01-25 18:02:00,8090.0,1150097,8090.5,362799,24176,2502,21674,787298,0.5
1900-01-25 18:02:15,8090.0,1242165,8090.5,103607,183526,773,182753,1138558,0.5
1900-01-25 18:02:30,8090.0,1157331,8090.5,69644,23149,12502,10647,1087687,0.5
1900-01-25 18:02:45,8091.0,896767,8091.5,121308,116205,16728,99477,775459,0.5
1900-01-25 18:03:00,8093.5,793926,8094.0,20753,39914,4122,35792,773173,0.5
1900-01-25 18:03:15,8094.0,362053,8094.5,639767,38834,11181,27653,-277714,0.5
1900-01-25 18:03:30,8096.5,658850,8097.0,48976,32355,11108,21247,609874,0.5
1900-01-25 18:03:45,8096.5,1041487,8097.0,10036,151575,1482,150093,1031451,0.5
1900-01-25 18:04:00,8096.5,810775,8097.0,323539,4432,151,4281,487236,0.5
1900-01-25 18:04:15,8097.0,272747,8097.5,17176,13923,450,13473,255571,0.5
1900-01-25 18:04:30,8097.5,438258,8098.0,522887,74144,22960,51184,-84629,0.5
1900-01-25 18:04:45,8097.5,1404433,8098.0,155000,43151,863,42288,1249433,0.5
1900-01-25 18:05:00,8098.0,1258350,8098.5,13777,45048,2653,42395,1244573,0.5
1900-01-25 18:05:15,8101.5,1590329,8102.0,53946,107577,12731,94846,1536383,0.5
1900-01-25 18:05:30,8101.5,1659101,8102.0,158334,26656,3430,23226,1500767,0.5
1900-01-25 18:05:45,8101.5,944454,8102.0,652198,13296,3279,10017,292256,0.5
1900-01-25 18:06:00,8102.0,748742,8102.5,466500,54959,408,54551,282242,0.5
1900-01-25 18:06:15,8102.5,638242,8103.0,508223,16748,1124,15624,130019,0.5
1900-01-25 18:06:30,8102.5,1092114,8103.0,69061,214791,2393,212398,1023053,0.5
1900-01-25 18:06:45,8103.0,1309298,8103.5,103075,52299,12670,39629,1206223,0.5
1900-01-25 18:07:00,8103.5,1208889,8104.0,20920,52419,1258,51161,1187969,0.5
1900-01-25 18:07:15,8104.0,588789,8104.5,462451,52969,3256,49713,126338,0.5
1900-01-25 18:07:30,8104.0,808602,8104.5,162983,52375,9,52366,645619,0.5
1900-01-25 18:07:45,8104.0,607507,8104.5,237657,13876,93127,-79251,369850,0.5
1900-01-25 18:08:00,8103.5,65414,8104.0,917966,81850,60790,21060,-852552,0.5
1900-01-25 18:08:15,8103.0,441499,8103.5,672500,81384,96526,-15142,-231001,0.5
1900-01-25 18:08:30,8103.0,340145,8103.5,829256,4,32414,-32410,-489111,0.5
1900-01-25 18:08:45,8103.0,443925,8103.5,560094,2500,29636,-27136,-116169,0.5
1900-01-25 18:09:00,8103.0,87832,8103.5,951836,6132,61513,-55381,-864004,0.5
1900-01-25 18:09:15,8100.0,404885,8100.5,213969,27269,200909,-173640,190916,0.5
1900-01-25 18:09:30,8097.5,506171,8098.0,406707,6628,102161,-95533,99464,0.5
1900-01-25 18:09:45,8097.5,756775,8098.0,508244,6628,113904,-107276,248531,0.5
1900-01-25 18:10:00,8097.5,888323,8098.0,299769,62533,2729,59804,588554,0.5
1900-01-25 18:10:15,8097.5,628097,8098.0,621535,13136,1935,11201,6562,0.5
1900-01-25 18:10:30,8102.0,405749,8102.5,15608,51061,3670,47391,390141,0.5
1900-01-25 18:10:45,8102.0,653461,8102.5,498998,14051,6120,7931,154463,0.5
1900-01-25 18:11:00,8102.0,608556,8102.5,399040,36286,31261,5025,209516,0.5
1900-01-25 18:11:15,8102.0,1056802,8102.5,29987,46856,6189,40667,1026815,0.5
1900-01-25 18:11:30,8103.0,1361023,8103.5,4690,1598,1080,518,1356333,0.5
1900-01-25 18:11:45,8104.5,589272,8105.0,171511,3527,50,3477,417761,0.5
1900-01-25 18:12:00,8105.5,1078655,8106.0,139633,167584,200,167384,939022,0.5
1900-01-25 18:12:15,8106.0,1236801,8106.5,334147,843408,15222,828186,902654,0.5
1900-01-25 18:12:30,8106.5,1172961,8107.0,335450,438779,8590,430189,837511,0.5
1900-01-25 18:12:45,8107.0,1529343,8107.5,67949,202580,16489,186091,1461394,0.5
1900-01-25 18:13:00,8115.5,749208,8116.0,700248,909676,8567,901109,48960,0.5
1900-01-25 18:13:15,8115.5,788187,8116.0,807452,235279,3810,231469,-19265,0.5
1900-01-25 18:13:30,8111.0,16900,8111.5,1005921,18287,246097,-227810,-989021,0.5
1900-01-25 18:13:45,8103.0,778562,8103.5,110321,7713,123850,-116137,668241,0.5
1900-01-25 18:14:00,8103.0,730324,8103.5,38927,12332,13710,-1378,691397,0.5
1900-01-25 18:14:15,8101.0,93604,8101.5,896691,27186,186493,-159307,-803087,0.5
1900-01-25 18:14:30,8101.0,51435,8101.5,648925,495,52794,-52299,-597490,0.5
1900-01-25 18:14:45,8099.5,66015,8100.0,608524,3751,136175,-132424,-542509,0.5
1900-01-25 18:15:00,8097.5,305877,8098.0,583728,6473,77382,-70909,-277851,0.5
1900-01-25 18:15:15,8097.5,27622,8098.0,645840,5114,86867,-81753,-618218,0.5
1900-01-25 18:15:30,8097.0,570280,8097.5,403491,8374,27473,-19099,166789,0.5
1900-01-25 18:15:45,8096.0,1728,8096.5,1077940,5667,175051,-169384,-1076212,0.5
1900-01-25 18:16:00,8090.5,117733,8091.0,851989,32334,256468,-224134,-734256,0.5
1900-01-25 18:16:15,8090.5,939277,8091.0,79794,11436,61131,-49695,859483,0.5
1900-01-25 18:16:30,8090.5,620646,8091.0,1266470,91348,70086,21262,-645824,0.5
1900-01-25 18:16:45,8090.5,597623,8091.0,236124,5065,39342,-34277,361499,0.5
1900-01-25 18:17:00,8091.0,836206,8091.5,562969,24835,3428,21407,273237,0.5
1900-01-25 18:17:15,8091.0,762742,8091.5,514260,16884,118114,-101230,248482,0.5
1900-01-25 18:17:30,8093.0,207429,8093.5,406725,284304,9326,274978,-199296,0.5
1900-01-25 18:17:45,8098.5,860019,8099.0,119063,374551,17112,357439,740956,0.5
1900-01-25 18:18:00,8098.5,516805,8099.0,478271,74365,911,73454,38534,0.5
1900-01-25 18:18:15,8099.0,1078207,8099.5,10790,31534,93528,-61994,1067417,0.5
1900-01-25 18:18:30,8105.5,347756,8106.0,270364,42079,958,41121,77392,0.5
1900-01-25 18:18:45,8105.5,274082,8106.0,311113,79724,15192,64532,-37031,0.5
1900-01-25 18:19:00,8105.5,208541,8106.0,537302,8469,10105,-1636,-328761,0.5
1900-01-25 18:19:15,8103.5,159520,8104.0,454864,8469,4997,3472,-295344,0.5
1900-01-25 18:19:30,8103.5,187523,8104.0,574063,1194,6017,-4823,-386540,0.5
1900-01-25 18:19:45,8090.5,473684,8091.0,212464,22183,164977,-142794,261220,0.5
1900-01-25 18:20:00,8090.0,778701,8090.5,224900,8439,102800,-94361,553801,0.5
1900-01-25 18:20:15,8090.0,708539,8090.5,291520,72016,56957,15059,417019,0.5
1900-01-25 18:20:30,8090.5,780041,8091.0,3116,31659,12630,19029,776925,0.5
1900-01-25 18:20:45,8089.5,212313,8090.0,436896,18349,1719,16630,-224583,0.5
1900-01-25 18:21:00,8089.5,91988,8090.0,478671,11644,151585,-139941,-386683,0.5
1900-01-25 18:21:15,8089.5,600308,8090.0,300781,1059,46243,-45184,299527,0.5
1900-01-25 18:21:30,8089.5,371443,8090.0,501573,11000,76840,-65840,-130130,0.5
1900-01-25 18:21:45,8089.5,25460,8090.0,666087,5121,22340,-17219,-640627,0.5
1900-01-25 18:22:00,8085.5,183735,8086.0,642611,850,306420,-305570,-458876,0.5
1900-01-25 18:22:15,8085.5,569929,8086.0,298136,12683,86173,-73490,271793,0.5
1900-01-25 18:22:30,8085.5,534463,8086.0,189289,32608,110267,-77659,345174,0.5
1900-01-25 18:22:45,8089.5,708598,8090.0,201059,45900,7713,38187,507539,0.5
1900-01-25 18:23:00,8089.5,825068,8090.0,258654,6024,11335,-5311,566414,0.5
1900-01-25 18:23:15,8089.5,129319,8090.0,682703,72559,17396,55163,-553384,0.5
1900-01-25 18:23:30,8087.0,209892,8087.5,627053,85962,137258,-51296,-417161,0.5
1900-01-25 18:23:45,8085.0,87906,8085.5,583018,85962,77201,8761,-495112,0.5
1900-01-25 18:24:00,8085.0,70835,8085.5,901371,2189,26989,-24800,-830536,0.5
1900-01-25 18:24:15,8084.0,11091,8084.5,622037,10,30368,-30358,-610946,0.5
1900-01-25 18:24:30,8083.0,148509,8083.5,740350,100,479754,-479654,-591841,0.5
1900-01-25 18:24:45,8080.0,518491,8080.5,875601,1076,355873,-354797,-357110,0.5
1900-01-25 18:25:00,8080.0,504521,8080.5,1854243,2399,80815,-78416,-1349722,0.5
1900-01-25 18:25:15,8080.0,1665503,8080.5,489742,17670,65310,-47640,1175761,0.5
1900-01-25 18:25:30,8080.0,857526,8080.5,599324,197441,25419,172022,258202,0.5
1900-01-25 18:25:45,8080.0,838559,8080.5,510160,15409,36200,-20791,328399,0.5
1900-01-25 18:26:00,8080.0,714440,8080.5,519842,121739,1600,120139,194598,0.5
1900-01-25 18:26:15,8080.0,259194,8080.5,648730,8340,50967,-42627,-389536,0.5
1900-01-25 18:26:30,8080.0,63925,8080.5,966755,74550,45779,28771,-902830,0.5
1900-01-25 18:26:45,8076.0,54136,8076.5,1078720,15899,197067,-181168,-1024584,0.5
1900-01-25 18:27:00,8061.5,249005,8062.0,59066,28972,722439,-693467,189939,0.5
1900-01-25 18:27:15,8075.5,101704,8076.0,717246,244023,109168,134855,-615542,0.5
1900-01-25 18:27:30,8075.5,85770,8076.0,858958,19515,45661,-26146,-773188,0.5
1900-01-25 18:27:45,8075.0,7105,8075.5,1262996,130,32727,-32597,-1255891,0.5
1900-01-25 18:28:00,8072.0,575931,8072.5,283382,19993,20521,-528,292549,0.5
1900-01-25 18:28:15,8072.0,731841,8072.5,409127,153421,7547,145874,322714,0.5
1900-01-25 18:28:30,8067.5,202474,8068.0,453305,56500,66937,-10437,-250831,0.5
1900-01-25 18:28:45,8068.0,842064,8068.5,28614,112905,82830,30075,813450,0.5
1900-01-25 18:29:00,8071.0,963269,8071.5,18355,104318,34221,70097,944914,0.5
1900-01-25 18:29:15,8071.5,1079483,8072.0,28425,13492,216016,-202524,1051058,0.5
1900-01-25 18:29:30,8074.5,317230,8075.0,14203,198780,12180,186600,303027,0.5
1900-01-25 18:29:45,8077.0,13621,8077.5,668116,151269,83763,67506,-654495,0.5
1900-01-25 18:30:00,8075.0,196598,8075.5,276703,188873,67678,121195,-80105,0.5
1900-01-25 18:30:15,8075.0,100846,8075.5,743675,11151,64631,-53480,-642829,0.5
1900-01-25 18:30:30,8075.0,36645,8075.5,867688,2235,24318,-22083,-831043,0.5
1900-01-25 18:30:45,8074.0,151342,8074.5,544023,10117,31017,-20900,-392681,0.5
1900-01-25 18:31:00,8071.5,6315,8072.0,474422,4010,148938,-144928,-468107,0.5
1900-01-25 18:31:15,8067.5,523982,8068.0,388490,39061,108103,-69042,135492,0.5
1900-01-25 18:31:30,8069.0,1107143,8069.5,32503,54150,13489,40661,1074640,0.5
1900-01-25 18:31:45,8072.0,1000064,8072.5,70358,16438,29418,-12980,929706,0.5
1900-01-25 18:32:00,8074.0,343075,8074.5,207804,168163,15445,152718,135271,0.5
1900-01-25 18:32:15,8074.0,317722,8074.5,330977,7347,32001,-24654,-13255,0.5
1900-01-25 18:32:30,8071.0,594619,8071.5,140685,12187,105854,-93667,453934,0.5
1900-01-25 18:32:45,8071.0,965364,8071.5,45783,18849,17990,859,919581,0.5
1900-01-25 18:33:00,8074.5,667958,8075.0,101445,85062,12150,72912,566513,0.5
1900-01-25 18:33:15,8078.0,643231,8078.5,22266,86337,2001,84336,620965,0.5
1900-01-25 18:33:30,8082.0,808915,8082.5,62568,215382,12000,203382,746347,0.5
1900-01-25 18:33:45,8084.5,658507,8085.0,138863,240134,226,239908,519644,0.5
1900-01-25 18:34:00,8084.5,616152,8085.0,130738,108941,2316,106625,485414,0.5
1900-01-25 18:34:15,8084.5,226362,8085.0,409837,50760,64534,-13774,-183475,0.5
1900-01-25 18:34:30,8084.5,443791,8085.0,376375,4197,67576,-63379,67416,0.5
1900-01-25 18:34:45,8089.5,1302121,8090.0,50524,167421,8383,159038,1251597,0.5
1900-01-25 18:35:00,8103.0,539388,8103.5,40938,251498,16404,235094,498450,0.5
1900-01-25 18:35:15,8096.0,319749,8096.5,422805,216105,35447,180658,-103056,0.5
1900-01-25 18:35:30,8096.0,99684,8096.5,468563,34133,93345,-59212,-368879,0.5
1900-01-25 18:35:45,8093.5,1753,8094.0,549569,126193,171798,-45605,-547816,0.5
1900-01-25 18:36:00,8089.0,150024,8089.5,615818,6008,114578,-108570,-465794,0.5
1900-01-25 18:36:15,8087.5,627355,8088.0,122071,22902,177105,-154203,505284,0.5
1900-01-25 18:36:30,8095.0,581347,8095.5,103719,149408,11016,138392,477628,0.5
1900-01-25 18:36:45,8099.0,428936,8099.5,164312,72756,2206,70550,264624,0.5
1900-01-25 18:37:00,8101.0,678384,8101.5,115338,150677,13073,137604,563046,0.5
1900-01-25 18:37:15,8099.5,151231,8100.0,643743,28549,82554,-54005,-492512,0.5
1900-01-25 18:37:30,8099.5,214728,8100.0,745213,8447,49809,-41362,-530485,0.5
1900-01-25 18:37:45,8090.0,521837,8090.5,417156,1878,153818,-151940,104681,0.5
1900-01-25 18:38:00,8090.0,463403,8090.5,298249,8360,157435,-149075,165154,0.5
1900-01-25 18:38:15,8083.5,789054,8084.0,323271,29733,79522,-49789,465783,0.5
1900-01-25 18:38:30,8083.5,160662,8084.0,334784,4572,176737,-172165,-174122,0.5
1900-01-25 18:38:45,8083.5,562311,8084.0,484102,3184,27632,-24448,78209,0.5
1900-01-25 18:39:00,8083.5,629307,8084.0,191665,9714,184691,-174977,437642,0.5
1900-01-25 18:39:15,8090.5,993688,8091.0,79438,18063,11863,6200,914250,0.5
1900-01-25 18:39:30,8090.5,986118,8091.0,90628,29813,44865,-15052,895490,0.5
1900-01-25 18:39:45,8090.5,285805,8091.0,701454,11956,2875,9081,-415649,0.5
1900-01-25 18:40:00,8090.5,346900,8091.0,1051288,1030,35946,-34916,-704388,0.5
1900-01-25 18:40:15,8090.5,218565,8091.0,786698,4275,14483,-10208,-568133,0.5
1900-01-25 18:40:30,8090.0,10540,8090.5,1290535,450,113051,-112601,-1279995,0.5
1900-01-25 18:40:45,8084.0,817635,8084.5,380122,7860,10304,-2444,437513,0.5
1900-01-25 18:41:00,8084.0,906589,8084.5,386308,12943,10876,2067,520281,0.5
1900-01-25 18:41:15,8084.5,1010533,8085.0,137173,119000,21000,98000,873360,0.5
1900-01-25 18:41:30,8085.5,873201,8086.0,14511,120486,4950,115536,858690,0.5
1900-01-25 18:41:45,8085.5,312232,8086.0,784296,9934,2627,7307,-472064,0.5
1900-01-25 18:42:00,8085.5,962928,8086.0,122346,20198,2627,17571,840582,0.5
1900-01-25 18:42:15,8085.5,41075,8086.0,1092321,9363,156478,-147115,-1051246,0.5
1900-01-25 18:42:30,8084.0,445822,8084.5,823550,6375,111636,-105261,-377728,0.5
1900-01-25 18:42:45,8084.0,761516,8084.5,512060,200,24450,-24250,249456,0.5
1900-01-25 18:43:00,8084.0,831122,8084.5,167903,52347,1010,51337,663219,0.5
1900-01-25 18:43:15,8084.0,1028828,8084.5,126469,13386,1290,12096,902359,0.5
1900-01-25 18:43:30,8084.5,1045607,8085.0,36139,19130,2877,16253,1009468,0.5
1900-01-25 18:43:45,8085.5,748192,8086.0,368805,27041,1600,25441,379387,0.5
1900-01-25 18:44:00,8085.5,71062,8086.0,1062935,43378,53670,-10292,-991873,0.5
1900-01-25 18:44:15,8085.5,11639,8086.0,1189410,2275,15965,-13690,-1177771,0.5
1900-01-25 18:44:30,8085.5,30898,8086.0,997700,2275,75260,-72985,-966802,0.5
1900-01-25 18:44:45,8085.5,8633,8086.0,1057403,3502,9170,-5668,-1048770,0.5
1900-01-25 18:45:00,8084.0,579271,8084.5,669069,35475,19452,16023,-89798,0.5
1900-01-25 18:45:15,8084.0,412262,8084.5,884128,4010,6892,-2882,-471866,0.5
1900-01-25 18:45:30,8084.0,158599,8084.5,1043106,4010,309066,-305056,-884507,0.5
1900-01-25 18:45:45,8080.0,67318,8080.5,1077936,4010,210027,-206017,-1010618,0.5
1900-01-25 18:46:00,8078.5,498383,8079.0,510307,300,58744,-58444,-11924,0.5
1900-01-25 18:46:15,8078.5,1081366,8079.0,34586,18366,6535,11831,1046780,0.5
1900-01-25 18:46:30,8077.5,117513,8078.0,477725,20524,24841,-4317,-360212,0.5
1900-01-25 18:46:45,8077.0,144091,8077.5,564067,11823,15292,-3469,-419976,0.5
1900-01-25 18:47:00,8077.0,734292,8077.5,248625,4912,6736,-1824,485667,0.5
1900-01-25 18:47:15,8077.0,777744,8077.5,204634,72993,735,72258,573110,0.5
1900-01-25 18:47:30,8077.0,614505,8077.5,384554,21904,12584,9320,229951,0.5
1900-01-25 18:47:45,8077.0,752647,8077.5,398657,73,87050,-86977,353990,0.5
1900-01-25 18:48:00,8077.0,1254605,8077.5,115340,27070,8850,18220,1139265,0.5
1900-01-25 18:48:15,8079.0,1102056,8079.5,123503,143181,2670,140511,978553,0.5
1900-01-25 18:48:30,8082.5,752380,8083.0,19,17801,6717,11084,752361,0.5
1900-01-25 18:48:45,8083.0,833548,8083.5,66531,1995,1493,502,767017,0.5
1900-01-25 18:49:00,8083.0,768599,8083.5,495206,9104,10,9094,273393,0.5
1900-01-25 18:49:15,8089.5,536665,8090.0,918831,37427,5987,31440,-382166,0.5
1900-01-25 18:49:30,8089.5,771381,8090.0,120122,249700,632,249068,651259,0.5
1900-01-25 18:49:45,8089.5,451728,8090.0,739356,28749,36463,-7714,-287628,0.5
1900-01-25 18:50:00,8089.5,332415,8090.0,517052,133961,14102,119859,-184637,0.5
1900-01-25 18:50:15,8089.5,677804,8090.0,306951,29570,6593,22977,370853,0.5
1900-01-25 18:50:30,8089.5,585730,8090.0,312813,14191,235,13956,272917,0.5
1900-01-25 18:50:45,8089.5,747601,8090.0,196858,4601,235,4366,550743,0.5
1900-01-25 18:51:00,8089.5,577907,8090.0,55017,31239,200,31039,522890,0.5
1900-01-25 18:51:15,8092.5,618211,8093.0,47128,137652,42400,95252,571083,0.5
1900-01-25 18:51:30,8092.5,188915,8093.0,509008,24769,20259,4510,-320093,0.5
1900-01-25 18:51:45,8092.5,224042,8093.0,650495,31737,8292,23445,-426453,0.5
1900-01-25 18:52:00,8090.0,171187,8090.5,458712,20501,6519,13982,-287525,0.5
1900-01-25 18:52:15,8089.5,157692,8090.0,807262,15321,29337,-14016,-649570,0.5
1900-01-25 18:52:30,8089.5,64867,8090.0,807416,5367,97565,-92198,-742549,0.5
1900-01-25 18:52:45,8085.5,481294,8086.0,421311,3467,87053,-83586,59983,0.5
1900-01-25 18:53:00,8085.5,354778,8086.0,828902,1000,40505,-39505,-474124,0.5
1900-01-25 18:53:15,8085.5,689025,8086.0,450485,10000,4315,5685,238540,0.5
1900-01-25 18:53:30,8085.5,706212,8086.0,121241,9659,2120,7539,584971,0.5
1900-01-25 18:53:45,8093.0,588911,8093.5,234938,248459,7106,241353,353973,0.5
1900-01-25 18:54:00,8093.0,680604,8093.5,57268,15443,9668,5775,623336,0.5
1900-01-25 18:54:15,8094.5,807799,8095.0,75415,145688,7975,137713,732384,0.5
1900-01-25 18:54:30,8095.5,999545,8096.0,47349,42705,4035,38670,952196,0.5
1900-01-25 18:54:45,8094.5,135767,8095.0,467031,37411,2274,35137,-331264,0.5
1900-01-25 18:55:00,8094.5,769240,8095.0,144724,30462,14179,16283,624516,0.5
1900-01-25 18:55:15,8094.5,158091,8095.0,730608,26043,183,25860,-572517,0.5
1900-01-25 18:55:30,8090.5,552819,8091.0,290288,5900,21047,-15147,262531,0.5
1900-01-25 18:55:45,8090.5,653840,8091.0,415329,16699,18683,-1984,238511,0.5
1900-01-25 18:56:00,8094.0,158248,8094.5,706674,51477,51310,167,-548426,0.5
1900-01-25 18:56:15,8094.0,827940,8094.5,165408,4991,2000,2991,662532,0.5
1900-01-25 18:56:30,8094.0,950383,8094.5,119141,6285,1,6284,831242,0.5
1900-01-25 18:56:45,8094.0,791965,8094.5,396947,19514,3436,16078,395018,0.5
1900-01-25 18:57:00,8094.0,922583,8094.5,313746,10401,1000,9401,608837,0.5
1900-01-25 18:57:15,8091.0,59970,8091.5,725367,16152,22927,-6775,-665397,0.5
1900-01-25 18:57:30,8088.5,4017,8089.0,573749,7108,135553,-128445,-569732,0.5
1900-01-25 18:57:45,8086.0,86673,8086.5,733318,3995,52575,-48580,-646645,0.5
1900-01-25 18:58:00,8086.0,37493,8086.5,739544,2060,35387,-33327,-702051,0.5
1900-01-25 18:58:30,8086.0,711177,8086.5,356292,18099,777,17322,354885,0.5
1900-01-25 18:58:45,8086.0,773231,8086.5,167616,20270,777,19493,605615,0.5
1900-01-25 18:59:00,8086.5,697553,8087.0,310967,764368,275,764093,386586,0.5
1900-01-25 18:59:15,8086.5,734498,8087.0,265399,57178,1500,55678,469099,0.5
1900-01-25 18:59:30,8086.5,707124,8087.0,351252,64779,1000,63779,355872,0.5
1900-01-25 18:59:45,8082.0,5025,8085.0,561469,41401,10552,30849,-556444,3.0
1900-01-25 19:00:00,8080.0,44321,8080.5,692218,3507,62314,-58807,-647897,0.5
1900-01-25 19:00:15,8076.0,840024,8076.5,312917,103914,266592,-162678,527107,0.5
1900-01-25 19:00:30,8078.0,791092,8078.5,138918,100980,83516,17464,652174,0.5
1900-01-25 19:00:45,8078.0,956718,8078.5,176510,34795,1396,33399,780208,0.5
1900-01-25 19:01:00,8078.0,708055,8078.5,314571,34986,610,34376,393484,0.5
1900-01-25 19:01:15,8078.0,429557,8078.5,318923,11381,104154,-92773,110634,0.5
1900-01-25 19:01:30,8070.5,2813,8071.0,736627,263,83231,-82968,-733814,0.5
1900-01-25 19:01:45,8073.0,422569,8073.5,191494,198721,233629,-34908,231075,0.5
1900-01-25 19:02:00,8068.0,72711,8068.5,577995,42725,157278,-114553,-505284,0.5
1900-01-25 19:02:15,8068.0,128801,8068.5,673911,21840,76745,-54905,-545110,0.5
1900-01-25 19:02:30,8067.0,40760,8067.5,654100,43260,180305,-137045,-613340,0.5
1900-01-25 19:02:45,8063.0,19703,8063.5,779965,24749,246210,-221461,-760262,0.5
1900-01-25 19:03:00,8060.5,216154,8061.0,931910,7955,191221,-183266,-715756,0.5
1900-01-25 19:03:15,8060.5,751407,8061.0,35578,65917,242374,-176457,715829,0.5
1900-01-25 19:03:30,8066.5,114919,8067.0,463254,114916,64864,50052,-348335,0.5
1900-01-25 19:03:45,8058.0,487089,8058.5,286233,26795,227581,-200786,200856,0.5
1900-01-25 19:04:00,8058.0,817839,8058.5,15648,65544,62765,2779,802191,0.5
1900-01-25 19:04:15,8062.5,98570,8063.0,579154,78642,24456,54186,-480584,0.5
1900-01-25 19:04:30,8056.0,14443,8056.5,302196,14271,152923,-138652,-287753,0.5
1900-01-25 19:04:45,8056.0,605407,8056.5,208,58505,154441,-95936,605199,0.5
1900-01-25 19:05:00,8060.0,124473,8060.5,565607,70109,73598,-3489,-441134,0.5
1900-01-25 19:05:15,8057.5,480390,8058.0,279451,41999,119306,-77307,200939,0.5
1900-01-25 19:05:30,8054.0,521493,8054.5,351131,18063,92102,-74039,170362,0.5
1900-01-25 19:05:45,8056.0,770737,8056.5,503752,197888,78972,118916,266985,0.5
1900-01-25 19:06:00,8056.0,156489,8056.5,603044,39558,2900,36658,-446555,0.5
1900-01-25 19:06:15,8053.5,220810,8054.0,665445,41501,75092,-33591,-444635,0.5
1900-01-25 19:06:30,8053.5,204494,8054.0,690399,49300,157356,-108056,-485905,0.5
1900-01-25 19:06:45,8053.5,604868,8054.0,165966,17500,17771,-271,438902,0.5
1900-01-25 19:07:00,8060.5,75154,8061.0,709474,178937,8657,170280,-634320,0.5
1900-01-25 19:07:15,8056.0,583748,8056.5,67617,68210,85626,-17416,516131,0.5
1900-01-25 19:07:30,8057.0,151360,8057.5,699695,18314,8416,9898,-548335,0.5
1900-01-25 19:07:45,8057.0,148990,8057.5,500578,105143,62676,42467,-351588,0.5
1900-01-25 19:08:00,8057.0,192722,8057.5,640627,6604,22374,-15770,-447905,0.5
1900-01-25 19:08:15,8057.0,115830,8057.5,756112,124751,59839,64912,-640282,0.5
1900-01-25 19:08:30,8057.0,593237,8057.5,382055,3228,49737,-46509,211182,0.5
1900-01-25 19:08:45,8057.0,39977,8057.5,1161471,19700,291682,-271982,-1121494,0.5
1900-01-25 19:09:00,8056.0,231465,8056.5,892534,2225,44311,-42086,-661069,0.5
1900-01-25 19:09:15,8053.5,49954,8054.0,1043398,4327,58405,-54078,-993444,0.5
1900-01-25 19:09:30,8036.0,796861,8039.0,10000,33573,1535844,-1502271,786861,3.0
1900-01-25 19:09:45,8029.0,2637,8029.5,6000,393731,2080898,-1687167,-3363,0.5
1900-01-25 19:10:00,8039.5,110331,8040.0,1555537,710816,150860,559956,-1445206,0.5
1900-01-25 19:10:15,8035.0,79151,8035.5,622940,568692,131927,436765,-543789,0.5
1900-01-25 19:10:30,8034.0,149096,8034.5,727197,229395,100920,128475,-578101,0.5
1900-01-25 19:10:45,8029.5,66115,8030.0,723741,78879,602945,-524066,-657626,0.5
1900-01-25 19:11:00,8029.0,51199,8029.5,991571,40568,128171,-87603,-940372,0.5
1900-01-25 19:11:15,8014.0,133583,8014.5,38561,44487,1206961,-1162474,95022,0.5
1900-01-25 19:11:30,8017.5,87706,8018.0,162505,831295,402074,429221,-74799,0.5
1900-01-25 19:11:45,8020.5,291940,8021.0,92397,413236,130782,282454,199543,0.5
1900-01-25 19:12:00,8021.5,239850,8022.0,633922,428892,30481,398411,-394072,0.5
1900-01-25 19:12:15,8027.5,26802,8028.0,21637,246948,16808,230140,5165,0.5
1900-01-25 19:12:30,8033.5,157786,8034.0,609150,279176,23433,255743,-451364,0.5
1900-01-25 19:12:45,8035.5,966896,8036.0,185015,242314,48878,193436,781881,0.5
1900-01-25 19:13:00,8035.5,1317392,8036.0,229455,152366,66422,85944,1087937,0.5
1900-01-25 19:13:15,8039.0,1219621,8039.5,21815,307903,10931,296972,1197806,0.5
1900-01-25 19:13:30,8042.0,592469,8042.5,452546,375688,51138,324550,139923,0.5
1900-01-25 19:13:45,8046.0,515908,8046.5,70277,115370,20106,95264,445631,0.5
1900-01-25 19:14:00,8046.0,757318,8046.5,378650,224885,5868,219017,378668,0.5
1900-01-25 19:14:15,8044.5,2835,8045.0,444361,69353,219465,-150112,-441526,0.5
1900-01-25 19:14:30,8037.0,114774,8037.5,324396,12037,341364,-329327,-209622,0.5
1900-01-25 19:14:45,8035.0,927016,8035.5,123615,17499,60199,-42700,803401,0.5
1900-01-25 19:15:00,8043.0,542444,8043.5,3587,101883,9017,92866,538857,0.5
1900-01-25 19:15:15,8046.0,637672,8046.5,206630,37230,20208,17022,431042,0.5
1900-01-25 19:15:30,8035.0,826941,8035.5,150966,23544,171490,-147946,675975,0.5
1900-01-25 19:15:45,8035.0,801696,8035.5,242854,18685,42408,-23723,558842,0.5
1900-01-25 19:16:00,8040.5,166350,8041.0,816836,56459,100240,-43781,-650486,0.5
1900-01-25 19:16:15,8038.0,258065,8038.5,865544,135818,62157,73661,-607479,0.5
1900-01-25 19:16:30,8036.5,616276,8037.0,754324,7379,155530,-148151,-138048,0.5
1900-01-25 19:16:45,8028.0,513347,8028.5,371442,9299,628373,-619074,141905,0.5
1900-01-25 19:17:00,8036.5,103858,8037.0,26000,109522,76329,33193,77858,0.5
1900-01-25 19:17:15,8043.5,497870,8044.0,472844,35890,17455,18435,25026,0.5
1900-01-25 19:17:30,8043.5,297021,8044.0,819002,100026,26656,73370,-521981,0.5
1900-01-25 19:17:45,8043.5,412330,8044.0,992850,2075,145027,-142952,-580520,0.5
1900-01-25 19:18:00,8043.5,548747,8044.0,566377,21695,117760,-96065,-17630,0.5
1900-01-25 19:18:15,8045.0,1033500,8045.5,147735,177025,14153,162872,885765,0.5
1900-01-25 19:18:30,8049.5,962148,8050.0,101128,194268,3452,190816,861020,0.5
1900-01-25 19:18:45,8051.5,462962,8052.0,615646,382183,10738,371445,-152684,0.5
1900-01-25 19:19:00,8045.5,3454,8046.0,441200,88841,173863,-85022,-437746,0.5
1900-01-25 19:19:15,8045.5,979192,8046.0,10329,22043,138009,-115966,968863,0.5
1900-01-25 19:19:30,8048.5,1058528,8049.0,68723,57302,1900,55402,989805,0.5
1900-01-25 19:19:45,8048.5,829403,8049.0,54913,89998,21056,68942,774490,0.5
1900-01-25 19:20:00,8048.5,293953,8049.0,777930,53823,120049,-66226,-483977,0.5
1900-01-25 19:20:15,8045.0,594766,8045.5,437974,23749,251843,-228094,156792,0.5
1900-01-25 19:20:30,8048.5,619279,8049.0,82666,98366,52858,45508,536613,0.5
1900-01-25 19:20:45,8048.5,724411,8049.0,49478,40314,182920,-142606,674933,0.5
1900-01-25 19:21:00,8049.5,1099340,8050.0,279572,626116,2751,623365,819768,0.5
1900-01-25 19:21:15,8053.0,1380008,8053.5,13696,111882,8483,103399,1366312,0.5
1900-01-25 19:21:30,8053.5,1528719,8054.0,126175,200100,3804,196296,1402544,0.5
1900-01-25 19:21:45,8053.5,603924,8054.0,581781,82223,1352,80871,22143,0.5
1900-01-25 19:22:00,8053.5,323678,8054.0,829168,2403,318103,-315700,-505490,0.5
1900-01-25 19:22:15,8053.5,741926,8054.0,107357,7510,43176,-35666,634569,0.5
1900-01-25 19:22:30,8056.0,1169882,8056.5,15803,48667,87700,-39033,1154079,0.5
1900-01-25 19:22:45,8053.5,125403,8054.0,678495,2600,97156,-94556,-553092,0.5
1900-01-25 19:23:00,8053.0,1359584,8053.5,110961,2120,56568,-54448,1248623,0.5
1900-01-25 19:23:15,8055.0,742378,8055.5,320,45503,200974,-155471,742058,0.5
1900-01-25 19:23:30,8056.0,769011,8056.5,7266,21374,621,20753,761745,0.5
1900-01-25 19:23:45,8058.5,736787,8059.0,785406,38096,4013,34083,-48619,0.5
1900-01-25 19:24:00,8058.5,918534,8059.0,156835,57515,13206,44309,761699,0.5
1900-01-25 19:24:15,8057.5,130015,8058.0,822388,73648,16337,57311,-692373,0.5
1900-01-25 19:24:30,8056.0,171187,8056.5,808476,3782,43767,-39985,-637289,0.5
1900-01-25 19:24:45,8053.0,49478,8053.5,715055,33510,47289,-13779,-665577,0.5
1900-01-25 19:25:00,8053.0,28211,8053.5,773032,3633,8330,-4697,-744821,0.5
1900-01-25 19:25:15,8050.0,535792,8050.5,327494,1744,57149,-55405,208298,0.5
1900-01-25 19:25:30,8050.0,294902,8050.5,436099,983,29234,-28251,-141197,0.5
1900-01-25 19:25:45,8050.0,825755,8050.5,18683,51690,70881,-19191,807072,0.5
1900-01-25 19:26:00,8051.5,696730,8052.0,221708,21231,23147,-1916,475022,0.5
1900-01-25 19:26:15,8051.5,735322,8052.0,185290,34342,20,34322,550032,0.5
1900-01-25 19:26:30,8051.5,1008629,8052.0,78254,102795,5573,97222,930375,0.5
1900-01-25 19:26:45,8052.0,1723040,8052.5,900,32476,50,32426,1722140,0.5
1900-01-25 19:27:00,8057.0,1227427,8057.5,37331,68369,909,67460,1190096,0.5
1900-01-25 19:27:15,8057.0,27020,8057.5,1085442,14379,40613,-26234,-1058422,0.5
1900-01-25 19:27:30,8052.0,667259,8052.5,454844,3847,16718,-12871,212415,0.5
1900-01-25 19:27:45,8052.0,42931,8052.5,793299,1450,9758,-8308,-750368,0.5
1900-01-25 19:28:00,8047.0,742472,8047.5,355602,5450,180500,-175050,386870,0.5
1900-01-25 19:28:15,8047.0,656051,8047.5,374419,6739,15822,-9083,281632,0.5
1900-01-25 19:28:30,8047.0,360564,8047.5,343427,52000,51075,925,17137,0.5
1900-01-25 19:28:45,8047.0,437605,8047.5,402684,6590,22000,-15410,34921,0.5
1900-01-25 19:29:00,8047.0,724658,8047.5,295918,6325,94564,-88239,428740,0.5
1900-01-25 19:29:15,8046.5,209,8047.0,1071005,3025,59792,-56767,-1070796,0.5
1900-01-25 19:29:30,8040.5,814007,8041.0,332277,1520,114901,-113381,481730,0.5
1900-01-25 19:29:45,8040.5,862276,8041.0,298599,35195,55691,-20496,563677,0.5
1900-01-25 19:30:00,8040.5,647932,8041.0,430838,5516,7070,-1554,217094,0.5
1900-01-25 19:30:15,8040.5,140037,8041.0,621843,27575,19235,8340,-481806,0.5
1900-01-25 19:30:30,8040.0,159692,8040.5,964696,9001,60571,-51570,-805004,0.5
1900-01-25 19:30:45,8040.0,848960,8040.5,292451,8336,84498,-76162,556509,0.5
1900-01-25 19:31:00,8040.0,686251,8040.5,422564,31690,209054,-177364,263687,0.5
1900-01-25 19:31:15,8047.5,570118,8048.0,16264,36685,1189,35496,553854,0.5
1900-01-25 19:31:30,8049.0,741376,8049.5,90511,39675,16386,23289,650865,0.5
1900-01-25 19:31:45,8049.0,1133436,8049.5,2952,8093,122,7971,1130484,0.5
1900-01-25 19:32:00,8049.5,40275,8050.0,1369847,11377,9841,1536,-1329572,0.5
1900-01-25 19:32:15,8044.5,3054,8045.0,774002,5973,38750,-32777,-770948,0.5
1900-01-25 19:32:30,8044.0,1072984,8044.5,152985,79965,13222,66743,919999,0.5
1900-01-25 19:32:45,8044.0,1210528,8044.5,191970,26259,110,26149,1018558,0.5
1900-01-25 19:33:00,8044.0,1084061,8044.5,175907,20892,58987,-38095,908154,0.5
1900-01-25 19:33:15,8049.5,156943,8050.0,739602,235134,2688,232446,-582659,0.5
1900-01-25 19:33:30,8044.5,4052,8045.0,842028,9433,70005,-60572,-837976,0.5
1900-01-25 19:33:45,8044.0,247633,8044.5,727558,2149,1318,831,-479925,0.5
1900-01-25 19:34:00,8044.0,932333,8044.5,402487,5000,840,4160,529846,0.5
1900-01-25 19:34:15,8044.0,1545293,8044.5,44158,34891,200,34691,1501135,0.5
1900-01-25 19:34:30,8048.0,272427,8048.5,699545,5607,5340,267,-427118,0.5
1900-01-25 19:34:45,8048.0,71774,8048.5,752681,7941,7966,-25,-680907,0.5
1900-01-25 19:35:00,8044.0,73177,8044.5,1269251,87,107450,-107363,-1196074,0.5
1900-01-25 19:35:15,8040.0,245090,8040.5,848794,2560,53109,-50549,-603704,0.5
1900-01-25 19:35:30,8038.5,3176,8039.0,1014715,33,102634,-102601,-1011539,0.5
1900-01-25 19:35:45,8036.5,868204,8037.0,202616,15737,40549,-24812,665588,0.5
1900-01-25 19:36:00,8036.5,1241348,8037.0,274581,16353,1542,14811,966767,0.5
1900-01-25 19:36:15,8039.5,869701,8040.0,400094,75898,7913,67985,469607,0.5
1900-01-25 19:36:30,8039.5,683206,8040.0,662226,3235,10341,-7106,20980,0.5
1900-01-25 19:36:45,8039.5,953628,8040.0,659017,26318,26926,-608,294611,0.5
1900-01-25 19:37:00,8038.5,200415,8039.0,880065,39179,133621,-94442,-679650,0.5
1900-01-25 19:37:15,8035.5,782460,8036.0,464597,3485,45529,-42044,317863,0.5
1900-01-25 19:37:30,8035.5,792898,8036.0,995126,4090,116606,-112516,-202228,0.5
1900-01-25 19:37:45,8035.5,741966,8036.0,1055174,684,4250,-3566,-313208,0.5
1900-01-25 19:38:00,8035.5,704547,8036.0,524069,4056,4250,-194,180478,0.5
1900-01-25 19:38:15,8035.5,1124648,8036.0,153957,102772,2400,100372,970691,0.5
1900-01-25 19:38:30,8035.5,775875,8036.0,394861,23480,57562,-34082,381014,0.5
1900-01-25 19:38:45,8035.5,589729,8036.0,442247,1464,1025,439,147482,0.5
1900-01-25 19:39:00,8035.5,397739,8036.0,630291,509,99799,-99290,-232552,0.5
1900-01-25 19:39:15,8035.5,841804,8036.0,363613,1802,8548,-6746,478191,0.5
1900-01-25 19:39:30,8035.5,1094322,8036.0,194277,19276,30730,-11454,900045,0.5
1900-01-25 19:39:45,8035.5,1308142,8036.0,41704,59992,3980,56012,1266438,0.5
1900-01-25 19:40:00,8035.5,1060629,8036.0,384156,15494,2000,13494,676473,0.5
1900-01-25 19:40:15,8035.5,1001675,8036.0,426993,13097,21348,-8251,574682,0.5
1900-01-25 19:40:30,8035.5,1004848,8036.0,411257,23388,1477,21911,593591,0.5
1900-01-25 19:40:45,8035.5,1028748,8036.0,398649,1969,660,1309,630099,0.5
1900-01-25 19:41:00,8035.5,1016288,8036.0,397626,2156,12656,-10500,618662,0.5
1900-01-25 19:41:15,8035.5,1017197,8036.0,453636,10386,9802,584,563561,0.5
1900-01-25 19:41:30,8035.5,1049524,8036.0,496435,5035,22148,-17113,553089,0.5
1900-01-25 19:41:45,8035.5,772683,8036.0,853609,6874,16281,-9407,-80926,0.5
1900-01-25 19:42:00,8035.5,652662,8036.0,690012,2015,113433,-111418,-37350,0.5
1900-01-25 19:42:15,8034.0,12539,8034.5,983396,10494,254074,-243580,-970857,0.5
1900-01-25 19:42:30,8033.5,12000,8034.0,3835,123858,57311,66547,8165,0.5
1900-01-25 19:42:45,8035.5,157978,8036.0,466863,58022,30718,27304,-308885,0.5
1900-01-25 19:43:00,8035.5,113078,8036.0,759678,8927,32013,-23086,-646600,0.5
1900-01-25 19:43:15,8035.5,378055,8036.0,936136,9810,2642,7168,-558081,0.5
1900-01-25 19:43:30,8035.5,501192,8036.0,408093,2506,811,1695,93099,0.5
1900-01-25 19:43:45,8035.5,142255,8036.0,1107031,4734,117671,-112937,-964776,0.5
1900-01-25 19:44:00,8031.0,714188,8031.5,10930,24727,81812,-57085,703258,0.5
1900-01-25 19:44:15,8035.5,802439,8036.0,240542,32598,17319,15279,561897,0.5
1900-01-25 19:44:30,8035.5,992110,8036.0,172988,51126,43726,7400,819122,0.5
1900-01-25 19:44:45,8046.5,625806,8047.0,477625,198208,12323,185885,148181,0.5
1900-01-25 19:45:00,8046.5,541166,8047.0,251,114593,61646,52947,540915,0.5
1900-01-25 19:45:15,8054.0,242644,8054.5,428776,238571,24811,213760,-186132,0.5
1900-01-25 19:45:30,8054.0,595112,8054.5,710542,59108,13514,45594,-115430,0.5
1900-01-25 19:45:45,8054.0,839676,8054.5,381009,83045,10818,72227,458667,0.5
1900-01-25 19:46:00,8054.0,1029390,8054.5,311709,43903,309,43594,717681,0.5
1900-01-25 19:46:15,8066.5,528547,8067.0,99933,682684,26823,655861,428614,0.5
1900-01-25 19:46:30,8065.5,328770,8066.0,836306,215396,208507,6889,-507536,0.5
1900-01-25 19:46:45,8065.5,497698,8066.0,916534,42655,30931,11724,-418836,0.5
1900-01-25 19:47:00,8063.5,316618,8064.0,701153,27675,84907,-57232,-384535,0.5
1900-01-25 19:47:15,8063.0,239603,8063.5,701249,64660,136856,-72196,-461646,0.5
1900-01-25 19:47:30,8063.0,691290,8063.5,926660,100956,88225,12731,-235370,0.5
1900-01-25 19:47:45,8063.0,830697,8063.5,769557,129863,1015,128848,61140,0.5
1900-01-25 19:48:00,8063.0,463122,8063.5,873980,18101,48641,-30540,-410858,0.5
1900-01-25 19:48:15,8065.0,204407,8065.5,518311,77212,19302,57910,-313904,0.5
1900-01-25 19:48:30,8065.0,738246,8065.5,67292,28096,33860,-5764,670954,0.5
1900-01-25 19:48:45,8070.0,659027,8070.5,551112,373147,20868,352279,107915,0.5
1900-01-25 19:49:00,8070.0,722952,8070.5,503900,102297,17640,84657,219052,0.5
1900-01-25 19:49:15,8070.0,1335106,8070.5,41967,27650,1926,25724,1293139,0.5
1900-01-25 19:49:30,8072.5,323303,8073.0,737767,266353,14760,251593,-414464,0.5
1900-01-25 19:49:45,8072.5,10661,8073.0,728128,140527,50652,89875,-717467,0.5
1900-01-25 19:50:00,8072.5,374900,8073.0,701138,39962,13156,26806,-326238,0.5
1900-01-25 19:50:15,8070.5,160874,8071.0,693143,50807,86138,-35331,-532269,0.5
1900-01-25 19:50:30,8070.0,492904,8070.5,327732,13927,161610,-147683,165172,0.5
1900-01-25 19:50:45,8071.0,987738,8071.5,24546,9400,53296,-43896,963192,0.5
1900-01-25 19:51:00,8072.0,1176434,8072.5,461990,68120,1460,66660,714444,0.5
1900-01-25 19:51:15,8072.0,1339799,8072.5,181288,215488,830,214658,1158511,0.5
1900-01-25 19:51:30,8072.0,787680,8072.5,705691,78557,27039,51518,81989,0.5
1900-01-25 19:51:45,8072.0,338229,8072.5,708903,43850,6976,36874,-370674,0.5
1900-01-25 19:52:00,8070.0,790479,8070.5,216664,14088,74581,-60493,573815,0.5
1900-01-25 19:52:15,8070.0,422348,8070.5,793960,31769,61800,-30031,-371612,0.5
1900-01-25 19:52:30,8070.0,412880,8070.5,952141,220,8866,-8646,-539261,0.5
1900-01-25 19:52:45,8066.5,210929,8067.0,531041,5847,130912,-125065,-320112,0.5
1900-01-25 19:53:00,8066.5,708530,8067.0,441470,1583,143065,-141482,267060,0.5
1900-01-25 19:53:15,8066.5,201726,8067.0,727050,34964,9118,25846,-525324,0.5
1900-01-25 19:53:30,8066.5,1141990,8067.0,298301,7920,4322,3598,843689,0.5
1900-01-25 19:53:45,8066.5,1409510,8067.0,13931,81743,4020,77723,1395579,0.5
1900-01-25 19:54:00,8069.5,1604911,8070.0,27955,217579,5773,211806,1576956,0.5
1900-01-25 19:54:15,8069.5,1438659,8070.0,42566,48674,25,48649,1396093,0.5
1900-01-25 19:54:30,8069.5,831465,8070.0,572810,10839,18,10821,258655,0.5
1900-01-25 19:54:45,8069.5,1711987,8070.0,10824,7238,11633,-4395,1701163,0.5
1900-01-25 19:55:00,8071.5,1097411,8072.0,157689,31868,60,31808,939722,0.5
1900-01-25 19:55:15,8071.5,689385,8072.0,297320,49101,60,49041,392065,0.5
1900-01-25 19:55:30,8072.0,1167070,8072.5,681783,53634,11520,42114,485287,0.5
1900-01-25 19:55:45,8072.0,872363,8072.5,980697,59786,5500,54286,-108334,0.5
1900-01-25 19:56:00,8072.0,516440,8072.5,986802,3202,2770,432,-470362,0.5
1900-01-25 19:56:15,8072.0,726609,8072.5,1077691,4100,9771,-5671,-351082,0.5
1900-01-25 19:56:30,8072.0,792670,8072.5,1081886,4150,50300,-46150,-289216,0.5
1900-01-25 19:56:45,8072.0,790574,8072.5,1072310,19801,17082,2719,-281736,0.5
1900-01-25 19:57:00,8072.0,923924,8072.5,862935,12651,120660,-108009,60989,0.5
1900-01-25 19:57:15,8072.0,2116926,8072.5,411130,182250,10,182240,1705796,0.5
1900-01-25 19:57:30,8072.5,949382,8073.0,91955,87273,1250,86023,857427,0.5
1900-01-25 19:57:45,8073.5,1158371,8074.0,11448,357226,3738,353488,1146923,0.5
1900-01-25 19:58:00,8078.5,516000,8079.0,395975,328818,29353,299465,120025,0.5
1900-01-25 19:58:15,8078.5,394567,8079.0,557008,74935,36856,38079,-162441,0.5
1900-01-25 19:58:30,8078.5,446106,8079.0,481861,108949,2925,106024,-35755,0.5
1900-01-25 19:58:45,8079.5,489867,8080.0,155221,43593,194,43399,334646,0.5
1900-01-25 19:59:00,8079.5,815217,8080.0,78379,267240,119,267121,736838,0.5
1900-01-25 19:59:15,8079.5,234303,8080.0,447488,33059,18076,14983,-213185,0.5
1900-01-25 19:59:30,8079.0,27149,8079.5,703718,4909,151167,-146258,-676569,0.5
1900-01-25 19:59:45,8078.5,351784,8079.0,514073,22006,27960,-5954,-162289,0.5
1900-01-25 20:00:00,8078.5,817111,8079.0,268024,70162,14125,56037,549087,0.5
1900-01-25 20:00:15,8078.5,879192,8079.0,292418,69211,33152,36059,586774,0.5
1900-01-25 20:00:30,8076.5,16243,8077.0,563347,174648,68442,106206,-547104,0.5
1900-01-25 20:00:45,8072.5,7419,8073.0,451187,3475,66064,-62589,-443768,0.5
1900-01-25 20:01:00,8072.0,193975,8072.5,688764,10215,122697,-112482,-494789,0.5
1900-01-25 20:01:15,8072.0,784803,8072.5,120746,5655,32614,-26959,664057,0.5
1900-01-25 20:01:30,8072.0,929993,8072.5,109622,9749,9336,413,820371,0.5
1900-01-25 20:01:45,8072.0,400802,8072.5,577354,35850,84128,-48278,-176552,0.5
1900-01-25 20:02:00,8066.5,29534,8067.0,431578,1402,150113,-148711,-402044,0.5
1900-01-25 20:02:15,8066.5,765326,8067.0,308007,111260,58031,53229,457319,0.5
1900-01-25 20:02:30,8066.5,767922,8067.0,230456,7786,90724,-82938,537466,0.5
1900-01-25 20:02:45,8066.5,1086654,8067.0,42016,14457,33822,-19365,1044638,0.5
1900-01-25 20:03:00,8065.0,362441,8065.5,705870,35269,422826,-387557,-343429,0.5
1900-01-25 20:03:15,8063.0,7488,8063.5,6348,4554,171016,-166462,1140,0.5
1900-01-25 20:03:30,8061.5,635180,8062.0,293825,13595,261694,-248099,341355,0.5
1900-01-25 20:03:45,8061.5,539021,8062.0,309360,11357,25624,-14267,229661,0.5
1900-01-25 20:04:00,8062.0,1044761,8062.5,3709,161800,5976,155824,1041052,0.5
1900-01-25 20:04:15,8065.5,25085,8066.0,849017,11309,13576,-2267,-823932,0.5
1900-01-25 20:04:30,8065.0,132604,8065.5,685705,94692,72600,22092,-553101,0.5
1900-01-25 20:04:45,8065.0,602203,8065.5,206478,162,123173,-123011,395725,0.5
1900-01-25 20:05:00,8065.0,1062664,8065.5,193779,37875,2153,35722,868885,0.5
1900-01-25 20:05:15,8069.5,420792,8070.0,6435,101204,300,100904,414357,0.5
1900-01-25 20:05:30,8072.5,928920,8073.0,6153,73849,425,73424,922767,0.5
1900-01-25 20:05:45,8073.5,1251709,8074.0,46435,175620,2000,173620,1205274,0.5
1900-01-25 20:06:00,8073.5,1262637,8074.0,8039,34410,22995,11415,1254598,0.5
1900-01-25 20:06:15,8074.5,1209207,8075.0,5900,17850,42559,-24709,1203307,0.5
1900-01-25 20:06:30,8082.0,657813,8082.5,82223,315857,5973,309884,575590,0.5
1900-01-25 20:06:45,8094.5,174220,8095.0,265437,510257,128486,381771,-91217,0.5
1900-01-25 20:07:00,8085.0,1217828,8085.5,1680,172996,364057,-191061,1216148,0.5
1900-01-25 20:07:15,8089.5,801265,8090.0,63242,100675,99385,1290,738023,0.5
1900-01-25 20:07:30,8090.0,944566,8090.5,16749,111335,6620,104715,927817,0.5
1900-01-25 20:07:45,8090.0,289490,8090.5,506537,85497,47458,38039,-217047,0.5
1900-01-25 20:08:00,8090.0,959377,8090.5,171589,209273,130366,78907,787788,0.5
1900-01-25 20:08:15,8090.0,1309489,8090.5,169005,82552,8500,74052,1140484,0.5
1900-01-25 20:08:30,8093.5,2558203,8094.0,1073261,377254,20694,356560,1484942,0.5
1900-01-25 20:08:45,8093.5,1771964,8094.0,552676,539917,1903,538014,1219288,0.5
1900-01-25 20:09:00,8097.5,828568,8098.0,20199,647292,1501,645791,808369,0.5
1900-01-25 20:09:15,8098.5,975079,8099.0,83659,112661,17305,95356,891420,0.5
1900-01-25 20:09:30,8106.5,381317,8107.0,503561,602246,14868,587378,-122244,0.5
1900-01-25 20:09:45,8104.0,102266,8104.5,656770,54534,182398,-127864,-554504,0.5
1900-01-25 20:10:00,8103.5,173753,8104.0,664781,29688,111745,-82057,-491028,0.5
1900-01-25 20:10:15,8103.0,199434,8103.5,801160,23866,79253,-55387,-601726,0.5
1900-01-25 20:10:30,8103.0,211294,8103.5,750273,37334,36404,930,-538979,0.5
1900-01-25 20:10:45,8103.0,17234,8103.5,795040,35464,99768,-64304,-777806,0.5
1900-01-25 20:11:00,8100.0,761851,8100.5,805331,7167,799857,-792690,-43480,0.5
1900-01-25 20:11:15,8099.5,32624,8100.0,1298305,4200,497896,-493696,-1265681,0.5
1900-01-25 20:11:30,8096.0,472032,8096.5,582550,7740,111932,-104192,-110518,0.5
1900-01-25 20:11:45,8096.0,858953,8096.5,242655,32908,76641,-43733,616298,0.5
1900-01-25 20:12:00,8103.0,283459,8103.5,402143,129590,5768,123822,-118684,0.5
1900-01-25 20:12:15,8103.0,437756,8103.5,539128,41064,28339,12725,-101372,0.5
1900-01-25 20:12:30,8104.0,981771,8104.5,20514,64375,253,64122,961257,0.5
1900-01-25 20:12:45,8104.5,533755,8105.0,460711,101712,6304,95408,73044,0.5
1900-01-25 20:13:00,8104.5,355773,8105.0,770476,155625,40589,115036,-414703,0.5
1900-01-25 20:13:15,8104.5,61845,8105.0,1060265,11604,24595,-12991,-998420,0.5
1900-01-25 20:13:30,8093.0,549641,8093.5,342672,65915,435765,-369850,206969,0.5
1900-01-25 20:13:45,8091.0,665008,8091.5,103739,18439,134862,-116423,561269,0.5
1900-01-25 20:14:00,8089.5,4632,8090.0,283431,8944,249563,-240619,-278799,0.5
1900-01-25 20:14:15,8087.5,57105,8088.0,884686,2350,124406,-122056,-827581,0.5
1900-01-25 20:14:30,8087.0,620089,8087.5,332851,115062,75066,39996,287238,0.5
1900-01-25 20:14:45,8094.0,123704,8094.5,547968,157739,54913,102826,-424264,0.5
1900-01-25 20:15:00,8094.0,37999,8094.5,507694,244984,39816,205168,-469695,0.5
1900-01-25 20:15:15,8094.0,10782,8094.5,1057950,10215,13522,-3307,-1047168,0.5
1900-01-25 20:15:30,8090.0,41692,8090.5,568437,4501,23814,-19313,-526745,0.5
1900-01-25 20:15:45,8088.0,25981,8088.5,815050,1990,26482,-24492,-789069,0.5
1900-01-25 20:16:00,8087.0,28892,8087.5,848842,851,28552,-27701,-819950,0.5
1900-01-25 20:16:15,8087.0,711404,8087.5,98644,18405,13876,4529,612760,0.5
1900-01-25 20:16:30,8087.5,1795267,8088.0,24235,56875,21246,35629,1771032,0.5
1900-01-25 20:16:45,8088.0,1073864,8088.5,8372,75289,1541,73748,1065492,0.5
1900-01-25 20:17:00,8089.0,695770,8089.5,12365,16606,8101,8505,683405,0.5
1900-01-25 20:17:15,8090.0,5149,8090.5,933793,42887,19316,23571,-928644,0.5
1900-01-25 20:17:30,8081.5,188571,8082.0,794391,3212,827860,-824648,-605820,0.5
1900-01-25 20:17:45,8080.0,604239,8080.5,339636,8760,117899,-109139,264603,0.5
1900-01-25 20:18:00,8080.5,1234830,8081.0,92727,47816,16150,31666,1142103,0.5
1900-01-25 20:18:15,8082.5,960247,8083.0,201803,130925,9002,121923,758444,0.5
1900-01-25 20:18:30,8085.0,1124736,8085.5,619,10622,22252,-11630,1124117,0.5
1900-01-25 20:18:45,8085.5,1155985,8086.0,44200,6470,22252,-15782,1111785,0.5
1900-01-25 20:19:00,8085.5,1212159,8086.0,6548,52350,22252,30098,1205611,0.5
1900-01-25 20:19:15,8089.5,1095725,8090.0,8834,44368,6503,37865,1086891,0.5
1900-01-25 20:19:30,8089.5,1235608,8090.0,45784,45354,12895,32459,1189824,0.5
1900-01-25 20:19:45,8089.5,521726,8090.0,535960,25893,1350,24543,-14234,0.5
1900-01-25 20:20:00,8089.5,213568,8090.0,668991,72202,13228,58974,-455423,0.5
1900-01-25 20:20:15,8089.5,416757,8090.0,354353,1000,19635,-18635,62404,0.5
1900-01-25 20:20:30,8089.5,854446,8090.0,136631,880,32516,-31636,717815,0.5
1900-01-25 20:20:45,8089.5,394474,8090.0,572600,5090,8923,-3833,-178126,0.5
1900-01-25 20:21:00,8089.5,796344,8090.0,44943,38429,28670,9759,751401,0.5
1900-01-25 20:21:15,8091.5,1200405,8092.0,111949,24174,5418,18756,1088456,0.5
1900-01-25 20:21:30,8091.5,1275380,8092.0,36554,24591,1000,23591,1238826,0.5
1900-01-25 20:21:45,8094.0,30000,8094.5,203472,17178,311,16867,-173472,0.5
1900-01-25 20:22:00,8094.0,1155287,8094.5,8308,76001,2523,73478,1146979,0.5
1900-01-25 20:22:15,8098.0,819912,8098.5,53024,27340,25523,1817,766888,0.5
1900-01-25 20:22:30,8104.5,375432,8105.0,483267,139719,16060,123659,-107835,0.5
1900-01-25 20:22:45,8104.5,726246,8105.0,167721,11064,119212,-108148,558525,0.5
1900-01-25 20:23:00,8104.5,828771,8105.0,393745,30119,11587,18532,435026,0.5
1900-01-25 20:23:15,8104.5,887460,8105.0,128260,88230,34172,54058,759200,0.5
1900-01-25 20:23:30,8106.0,406124,8106.5,526164,28299,7450,20849,-120040,0.5
1900-01-25 20:23:45,8106.0,88101,8106.5,501932,94200,98592,-4392,-413831,0.5
1900-01-25 20:24:00,8104.5,66127,8105.0,576002,93974,164771,-70797,-509875,0.5
1900-01-25 20:24:15,8100.5,31491,8101.0,644196,10221,140617,-130396,-612705,0.5
1900-01-25 20:24:30,8095.5,829578,8096.0,5665,42944,20015,22929,823913,0.5
1900-01-25 20:24:45,8098.0,247628,8098.5,558907,15569,12372,3197,-311279,0.5
1900-01-25 20:25:00,8098.0,855579,8098.5,94697,3316,8127,-4811,760882,0.5
1900-01-25 20:25:15,8102.5,779636,8105.0,57170,68822,25404,43418,722466,2.5
1900-01-25 20:25:30,8104.5,37843,8105.0,603922,25717,86796,-61079,-566079,0.5
1900-01-25 20:25:45,8100.0,121028,8100.5,589893,19273,28184,-8911,-468865,0.5
1900-01-25 20:26:00,8100.0,298678,8100.5,694445,1,80292,-80291,-395767,0.5
1900-01-25 20:26:15,8099.0,66473,8099.5,633946,45055,75878,-30823,-567473,0.5
1900-01-25 20:26:30,8100.0,606457,8100.5,95009,120069,12033,108036,511448,0.5
1900-01-25 20:26:45,8103.5,184316,8104.0,405340,51596,1001,50595,-221024,0.5
1900-01-25 20:27:00,8106.5,593219,8107.0,88959,135443,47854,87589,504260,0.5
1900-01-25 20:27:15,8107.5,154367,8108.0,558455,55197,8806,46391,-404088,0.5
1900-01-25 20:27:30,8107.5,132706,8108.0,644166,10900,31520,-20620,-511460,0.5
1900-01-25 20:27:45,8107.5,239580,8108.0,615157,28846,19683,9163,-375577,0.5
1900-01-25 20:28:00,8107.5,1443042,8108.0,239080,82493,30,82463,1203962,0.5
1900-01-25 20:28:15,8107.5,620456,8108.5,10000,242728,645798,-403070,610456,1.0
1900-01-25 20:28:30,8095.5,733213,8096.0,300255,84276,624741,-540465,432958,0.5
1900-01-25 20:28:45,8104.0,513619,8104.5,8571,187662,59695,127967,505048,0.5
1900-01-25 20:29:00,8102.0,32434,8102.5,633826,157410,48681,108729,-601392,0.5
1900-01-25 20:29:15,8099.0,823,8099.5,259392,10971,19599,-8628,-258569,0.5
1900-01-25 20:29:30,8094.5,4484,8095.0,778417,29841,93185,-63344,-773933,0.5
1900-01-25 20:29:45,8081.0,458664,8081.5,376385,19761,291668,-271907,82279,0.5
1900-01-25 20:30:00,8084.5,913587,8085.0,66329,133342,95512,37830,847258,0.5
1900-01-25 20:30:15,8089.5,189224,8090.0,661714,364199,1299,362900,-472490,0.5
1900-01-25 20:30:30,8087.0,95329,8087.5,748668,90398,61588,28810,-653339,0.5
1900-01-25 20:30:45,8084.5,305073,8085.0,271955,18752,30561,-11809,33118,0.5
1900-01-25 20:31:00,8084.5,251277,8085.0,454440,23373,106409,-83036,-203163,0.5
1900-01-25 20:31:15,8084.0,34889,8084.5,812598,2420,113525,-111105,-777709,0.5
1900-01-25 20:31:30,8068.0,48461,8068.5,219940,13438,341293,-327855,-171479,0.5
1900-01-25 20:31:45,8064.5,632572,8065.0,4568,143762,430641,-286879,628004,0.5
1900-01-25 20:32:00,8075.0,155661,8075.5,468283,274765,10979,263786,-312622,0.5
1900-01-25 20:32:15,8070.5,1198,8071.0,396564,21899,111181,-89282,-395366,0.5
1900-01-25 20:32:30,8065.0,2651,8065.5,863233,3921,136808,-132887,-860582,0.5
1900-01-25 20:32:45,8064.0,513025,8064.5,320109,7563,108073,-100510,192916,0.5
1900-01-25 20:33:00,8070.0,303228,8070.5,4239,285608,36518,249090,298989,0.5
1900-01-25 20:33:15,8074.0,189534,8074.5,704702,104647,17841,86806,-515168,0.5
1900-01-25 20:33:30,8074.0,87549,8074.5,1056001,12061,40343,-28282,-968452,0.5
1900-01-25 20:33:45,8073.5,1968,8074.0,1030584,886,6263,-5377,-1028616,0.5
1900-01-25 20:34:00,8070.5,458949,8071.0,478006,2639,105962,-103323,-19057,0.5
1900-01-25 20:34:15,8070.5,43295,8071.0,902120,40072,30428,9644,-858825,0.5
1900-01-25 20:34:30,8070.5,865598,8071.0,51918,31334,8438,22896,813680,0.5
1900-01-25 20:34:45,8071.5,614545,8072.0,351739,38829,22678,16151,262806,0.5
1900-01-25 20:35:00,8071.5,666775,8072.0,218362,33027,16392,16635,448413,0.5
1900-01-25 20:35:15,8071.5,1063658,8072.0,79723,55080,19720,35360,983935,0.5
1900-01-25 20:35:30,8071.5,1090751,8072.0,456668,113043,5015,108028,634083,0.5
1900-01-25 20:35:45,8071.5,1400794,8072.0,116550,342568,5015,337553,1284244,0.5
1900-01-25 20:36:00,8073.5,1194263,8074.0,69076,139348,2022,137326,1125187,0.5
1900-01-25 20:36:15,8074.0,1145982,8074.5,52126,83465,7560,75905,1093856,0.5
1900-01-25 20:36:30,8074.0,1580890,8074.5,17966,59695,1200,58495,1562924,0.5
1900-01-25 20:36:45,8080.0,695595,8080.5,473475,66361,5010,61351,222120,0.5
1900-01-25 20:37:00,8080.0,801872,8080.5,458104,30093,4089,26004,343768,0.5
1900-01-25 20:37:15,8081.5,1016205,8082.0,80164,127329,1000,126329,936041,0.5
1900-01-25 20:37:30,8083.5,498704,8084.0,526131,141767,27232,114535,-27427,0.5
1900-01-25 20:37:45,8083.5,409002,8084.0,686556,62905,36000,26905,-277554,0.5
1900-01-25 20:38:00,8083.5,357382,8084.0,662270,2501,12744,-10243,-304888,0.5
1900-01-25 20:38:15,8083.5,653959,8084.0,628423,30,60463,-60433,25536,0.5
1900-01-25 20:38:30,8083.5,1286115,8084.0,47119,55551,18755,36796,1238996,0.5
1900-01-25 20:38:45,8087.0,804749,8087.5,11757,32561,2813,29748,792992,0.5
1900-01-25 20:39:00,8087.5,731488,8088.0,10143,130531,1001,129530,721345,0.5
1900-01-25 20:39:15,8090.0,673003,8090.5,20863,75803,1001,74802,652140,0.5
1900-01-25 20:39:30,8092.0,498417,8092.5,522105,19554,4901,14653,-23688,0.5
1900-01-25 20:39:45,8092.0,489775,8092.5,511127,32063,1500,30563,-21352,0.5
1900-01-25 20:40:00,8096.0,168159,8096.5,10515,41614,250,41364,157644,0.5
1900-01-25 20:40:15,8096.0,750492,8096.5,551280,16708,1564,15144,199212,0.5
1900-01-25 20:40:30,8097.0,1638947,8097.5,4361,105425,2803,102622,1634586,0.5
1900-01-25 20:40:45,8097.5,666187,8098.0,610622,32189,199,31990,55565,0.5
1900-01-25 20:41:00,8088.5,42646,8089.0,461148,87301,122448,-35147,-418502,0.5
1900-01-25 20:41:15,8087.5,991790,8088.0,77522,64250,52128,12122,914268,0.5
1900-01-25 20:41:30,8087.5,1395979,8088.0,48348,26664,1020,25644,1347631,0.5
1900-01-25 20:41:45,8090.5,541886,8091.0,223706,57384,930,56454,318180,0.5
1900-01-25 20:42:00,8090.5,856350,8091.0,47662,52220,1759,50461,808688,0.5
1900-01-25 20:42:15,8091.0,816807,8091.5,228,48833,6718,42115,816579,0.5
1900-01-25 20:42:30,8093.5,363451,8094.0,107208,94211,22240,71971,256243,0.5
1900-01-25 20:42:45,8093.5,975539,8094.0,52910,15403,11332,4071,922629,0.5
1900-01-25 20:43:00,8096.5,850686,8097.0,54367,15450,4000,11450,796319,0.5
1900-01-25 20:43:15,8098.0,892667,8098.5,7062,34652,2801,31851,885605,0.5
1900-01-25 20:43:30,8098.5,529090,8099.0,424156,21809,2007,19802,104934,0.5
1900-01-25 20:43:45,8098.5,101924,8099.0,637464,23024,11033,11991,-535540,0.5
1900-01-25 20:44:00,8098.0,108093,8098.5,722843,18273,103470,-85197,-614750,0.5
1900-01-25 20:44:15,8092.5,13998,8093.0,613779,102060,47958,54102,-599781,0.5
1900-01-25 20:44:30,8089.5,567612,8090.0,401729,14634,36007,-21373,165883,0.5
1900-01-25 20:44:45,8089.5,137692,8090.0,1274486,2101,88289,-86188,-1136794,0.5
1900-01-25 20:45:00,8089.5,730274,8090.0,178005,13423,102498,-89075,552269,0.5
1900-01-25 20:45:15,8089.5,807229,8090.0,261379,6095,1300,4795,545850,0.5
1900-01-25 20:45:30,8089.5,63806,8090.0,541901,16545,34747,-18202,-478095,0.5
1900-01-25 20:45:45,8089.5,449811,8090.0,162080,15937,16866,-929,287731,0.5
1900-01-25 20:46:00,8093.0,559299,8093.5,44349,46780,623,46157,514950,0.5
1900-01-25 20:46:15,8093.0,852499,8093.5,41288,4330,623,3707,811211,0.5
1900-01-25 20:46:30,8094.5,629584,8095.0,76366,20863,20,20843,553218,0.5
1900-01-25 20:46:45,8096.5,555494,8097.0,49844,32402,24401,8001,505650,0.5
1900-01-25 20:47:00,8097.5,287832,8098.0,315341,29984,783,29201,-27509,0.5
1900-01-25 20:47:15,8097.5,288466,8098.0,503732,8018,8358,-340,-215266,0.5
1900-01-25 20:47:30,8097.5,338184,8098.0,347836,36570,1120,35450,-9652,0.5
1900-01-25 20:47:45,8097.5,376437,8098.0,530968,6760,11510,-4750,-154531,0.5
1900-01-25 20:48:00,8097.5,576695,8098.0,447853,63058,5952,57106,128842,0.5
1900-01-25 20:48:15,8098.0,606469,8098.5,120599,106840,19462,87378,485870,0.5
1900-01-25 20:48:30,8099.5,758117,8100.0,510291,220418,1311,219107,247826,0.5
1900-01-25 20:48:45,8099.5,892750,8100.0,5149,294681,11144,283537,887601,0.5
1900-01-25 20:49:00,8100.0,1189347,8100.5,114689,101121,11091,90030,1074658,0.5
1900-01-25 20:49:15,8102.5,889261,8103.0,60364,200818,3204,197614,828897,0.5
1900-01-25 20:49:30,8102.0,375250,8102.5,274152,156732,28195,128537,101098,0.5
1900-01-25 20:49:45,8110.0,737889,8110.5,77197,195121,48207,146914,660692,0.5
1900-01-25 20:50:00,8110.0,78956,8110.5,475002,683280,249351,433929,-396046,0.5
1900-01-25 20:50:15,8107.5,45081,8108.0,529397,73981,213685,-139704,-484316,0.5
1900-01-25 20:50:30,8106.0,740986,8106.5,265067,25122,100136,-75014,475919,0.5
1900-01-25 20:50:45,8106.0,267895,8106.5,120660,55951,41377,14574,147235,0.5
1900-01-25 20:51:00,8106.0,541097,8106.5,19933,19040,15226,3814,521164,0.5
1900-01-25 20:51:15,8106.5,880579,8107.0,642,36218,10686,25532,879937,0.5
1900-01-25 20:51:30,8109.0,643787,8109.5,2327,31037,7655,23382,641460,0.5
1900-01-25 20:51:45,8109.5,594917,8110.0,149467,23619,2401,21218,445450,0.5
1900-01-25 20:52:00,8109.5,626268,8110.0,80504,13508,9124,4384,545764,0.5
1900-01-25 20:52:15,8109.5,366897,8110.0,634574,38760,9000,29760,-267677,0.5
1900-01-25 20:52:30,8101.5,25428,8102.0,131827,8550,163577,-155027,-106399,0.5
1900-01-25 20:52:45,8101.0,612590,8101.5,24078,28362,40309,-11947,588512,0.5
1900-01-25 20:53:00,8103.0,378504,8103.5,893084,24384,2806,21578,-514580,0.5
1900-01-25 20:53:15,8103.0,282638,8103.5,945918,55925,4835,51090,-663280,0.5
1900-01-25 20:53:30,8103.0,738858,8103.5,564689,184000,25446,158554,174169,0.5
1900-01-25 20:53:45,8103.0,891480,8103.5,362840,11045,5650,5395,528640,0.5
1900-01-25 20:54:00,8103.0,1066051,8103.5,248080,93724,700,93024,817971,0.5
1900-01-25 20:54:15,8105.0,733486,8105.5,4252,97622,70,97552,729234,0.5
1900-01-25 20:54:30,8106.5,740793,8107.0,26148,19237,100,19137,714645,0.5
1900-01-25 20:54:45,8107.0,141008,8107.5,553234,42489,12356,30133,-412226,0.5
1900-01-25 20:55:00,8105.5,3994,8106.0,587092,24644,24568,76,-583098,0.5
1900-01-25 20:55:15,8105.5,649559,8106.0,22189,95268,28621,66647,627370,0.5
1900-01-25 20:55:30,8109.5,759998,8110.0,391492,155231,595,154636,368506,0.5
1900-01-25 20:55:45,8109.5,780969,8110.0,375491,135785,640,135145,405478,0.5
1900-01-25 20:56:00,8114.5,94784,8115.0,547191,297078,13880,283198,-452407,0.5
1900-01-25 20:56:15,8114.5,82095,8115.0,522757,76481,12105,64376,-440662,0.5
1900-01-25 20:56:30,8114.5,493914,8115.0,270029,11004,13495,-2491,223885,0.5
1900-01-25 20:56:45,8112.5,358587,8113.0,171848,10237,15391,-5154,186739,0.5
1900-01-25 20:57:00,8112.5,178488,8113.0,502831,9763,9000,763,-324343,0.5
1900-01-25 20:57:15,8112.5,109998,8113.0,535081,16381,31403,-15022,-425083,0.5
1900-01-25 20:57:30,8112.5,474191,8113.0,100788,106133,38822,67311,373403,0.5
1900-01-25 20:57:45,8119.5,115461,8120.0,83876,123429,8430,114999,31585,0.5
1900-01-25 20:58:00,8126.5,148756,8127.0,196891,614556,32475,582081,-48135,0.5
1900-01-25 20:58:15,8123.0,5576,8123.5,413040,60647,55779,4868,-407464,0.5
1900-01-25 20:58:30,8119.5,527417,8120.0,209055,38385,76227,-37842,318362,0.5
1900-01-25 20:58:45,8121.0,591717,8121.5,28868,52447,5028,47419,562849,0.5
1900-01-25 20:59:00,8126.5,22409,8127.0,342782,25968,71859,-45891,-320373,0.5
1900-01-25 20:59:15,8126.5,383921,8127.0,150561,141561,49433,92128,233360,0.5
1900-01-25 20:59:30,8126.5,403422,8127.0,327550,6060,26446,-20386,75872,0.5
1900-01-25 20:59:45,8126.0,335354,8126.5,458311,27258,29889,-2631,-122957,0.5
1900-01-25 21:00:00,8127.5,110904,8129.0,3397,532341,50256,482085,107507,1.5
1900-01-25 21:00:15,8138.0,255411,8138.5,55577,1149010,10206,1138804,199834,0.5
1900-01-25 21:00:30,8139.5,479830,8140.0,569472,364646,81254,283392,-89642,0.5
1900-01-25 21:00:45,8138.0,2724302,8138.5,390297,102493,355653,-253160,2334005,0.5
1900-01-25 21:01:00,8138.0,2634329,8138.5,391976,250403,240025,10378,2242353,0.5
1900-01-25 21:01:15,8138.0,3146762,8138.5,528341,152204,618579,-466375,2618421,0.5
1900-01-25 21:01:30,8140.0,308556,8140.5,246309,234834,115933,118901,62247,0.5
1900-01-25 21:01:45,8137.5,2982704,8138.0,290235,56384,172361,-115977,2692469,0.5
1900-01-25 21:02:00,8137.5,2641824,8138.0,955648,51858,316185,-264327,1686176,0.5
1900-01-25 21:02:15,8137.5,2577208,8138.0,1243260,7722,254260,-246538,1333948,0.5
1900-01-25 21:02:30,8137.5,2419187,8138.0,1115519,53719,533856,-480137,1303668,0.5
1900-01-25 21:02:45,8137.5,2214477,8138.0,157423,151781,223590,-71809,2057054,0.5
1900-01-25 21:03:00,8138.0,2174295,8138.5,223526,81844,15898,65946,1950769,0.5
1900-01-25 21:03:15,8138.0,2018556,8138.5,862325,14252,153663,-139411,1156231,0.5
1900-01-25 21:03:30,8138.0,1494735,8138.5,821502,10422,700047,-689625,673233,0.5
1900-01-25 21:03:45,8138.0,1613619,8138.5,524534,5482,220749,-215267,1089085,0.5
1900-01-25 21:04:00,8138.0,1081362,8138.5,316772,20667,210366,-189699,764590,0.5
1900-01-25 21:04:15,8138.0,689010,8138.5,484156,37154,338897,-301743,204854,0.5
1900-01-25 21:04:30,8135.5,351248,8136.0,689364,5218,303003,-297785,-338116,0.5
1900-01-25 21:04:45,8124.0,45686,8124.5,223146,13492,259006,-245514,-177460,0.5
1900-01-25 21:05:00,8127.5,1661434,8128.0,53960,30765,454626,-423861,1607474,0.5
1900-01-25 21:05:15,8135.0,121743,8135.5,73670,24092,33309,-9217,48073,0.5
1900-01-25 21:05:30,8135.0,39758,8135.5,101895,32107,43547,-11440,-62137,0.5
1900-01-25 21:05:45,8135.0,127048,8135.5,329950,6960,102162,-95202,-202902,0.5
1900-01-25 21:06:00,8135.0,74332,8135.5,383134,3050,67908,-64858,-308802,0.5
1900-01-25 21:06:15,8129.0,1605188,8129.5,20707,30579,68046,-37467,1584481,0.5
1900-01-25 21:06:30,8129.0,1090696,8129.5,304489,4206,125896,-121690,786207,0.5
1900-01-25 21:06:45,8129.5,1395537,8130.0,82169,54453,6519,47934,1313368,0.5
1900-01-25 21:07:00,8130.0,1285034,8130.5,3640,6516,5115,1401,1281394,0.5
1900-01-25 21:07:15,8130.0,1351060,8130.5,34092,9027,9696,-669,1316968,0.5
1900-01-25 21:07:30,8130.0,932541,8130.5,267754,16379,7725,8654,664787,0.5
1900-01-25 21:07:45,8130.0,992531,8130.5,233816,16303,4020,12283,758715,0.5
1900-01-25 21:08:00,8130.0,1279041,8130.5,271204,3120,49036,-45916,1007837,0.5
1900-01-25 21:08:15,8130.0,694466,8130.5,343606,36300,67588,-31288,350860,0.5
1900-01-25 21:08:30,8129.5,98443,8130.0,889657,16700,121630,-104930,-791214,0.5
1900-01-25 21:08:45,8127.0,691294,8127.5,178894,209285,77533,131752,512400,0.5
1900-01-25 21:09:00,8127.0,349148,8127.5,82575,34504,106712,-72208,266573,0.5
1900-01-25 21:09:15,8128.5,672308,8129.0,20454,337378,18319,319059,651854,0.5
1900-01-25 21:09:30,8129.5,785245,8130.0,625727,159528,9590,149938,159518,0.5
1900-01-25 21:09:45,8130.5,783455,8131.0,20833,286006,6323,279683,762622,0.5
1900-01-25 21:10:00,8130.5,132431,8131.0,233959,18680,6323,12357,-101528,0.5
1900-01-25 21:10:15,8130.5,82706,8131.0,252071,21068,10850,10218,-169365,0.5
1900-01-25 21:10:30,8129.0,20311,8129.5,353693,6,23014,-23008,-333382,0.5
1900-01-25 21:10:45,8126.5,145324,8127.0,375970,278,15115,-14837,-230646,0.5
1900-01-25 21:11:00,8122.5,1859482,8123.0,23029,18051,70409,-52358,1836453,0.5
1900-01-25 21:11:15,8122.5,2514710,8123.0,5741,6446,1433,5013,2508969,0.5
1900-01-25 21:11:30,8123.5,817155,8124.0,143063,38995,1050,37945,674092,0.5
1900-01-25 21:11:45,8123.5,578268,8124.0,206325,34338,84710,-50372,371943,0.5
1900-01-25 21:12:00,8112.0,257248,8112.5,275207,27507,441174,-413667,-17959,0.5
1900-01-25 21:12:15,8108.0,588773,8108.5,83902,44012,156501,-112489,504871,0.5
1900-01-25 21:12:30,8108.0,899794,8108.5,11908,48370,123731,-75361,887886,0.5
1900-01-25 21:12:45,8111.0,886838,8111.5,27,98694,13043,85651,886811,0.5
1900-01-25 21:13:00,8114.0,283334,8114.5,141480,38266,44618,-6352,141854,0.5
1900-01-25 21:13:15,8117.5,336164,8118.0,92521,128484,17008,111476,243643,0.5
1900-01-25 21:13:30,8115.5,84577,8116.0,342442,33490,66884,-33394,-257865,0.5
1900-01-25 21:13:45,8115.0,376611,8115.5,231770,11179,31466,-20287,144841,0.5
1900-01-25 21:14:00,8113.5,27917,8114.0,383676,6278,91548,-85270,-355759,0.5
1900-01-25 21:14:15,8112.0,4743,8112.5,394575,3724,78123,-74399,-389832,0.5
1900-01-25 21:14:30,8109.5,13867,8110.0,190266,5069,30200,-25131,-176399,0.5
1900-01-25 21:14:45,8108.0,63186,8108.5,287711,1288,87241,-85953,-224525,0.5
1900-01-25 21:15:00,8107.5,420433,8108.0,288910,828,36446,-35618,131523,0.5
1900-01-25 21:15:15,8105.0,13356,8105.5,338463,2500,174612,-172112,-325107,0.5
1900-01-25 21:15:30,8099.5,896924,8100.0,55310,24261,237533,-213272,841614,0.5
1900-01-25 21:15:45,8102.0,343847,8102.5,332013,54509,32225,22284,11834,0.5
1900-01-25 21:16:00,8102.0,227506,8102.5,190689,79162,114143,-34981,36817,0.5
1900-01-25 21:16:15,8102.0,352717,8102.5,151861,28525,32450,-3925,200856,0.5
1900-01-25 21:16:30,8102.0,798310,8102.5,21398,185153,12963,172190,776912,0.5
1900-01-25 21:16:45,8112.5,418213,8113.0,2357,127469,4855,122614,415856,0.5
1900-01-25 21:17:00,8121.5,624884,8122.0,190795,110455,24965,85490,434089,0.5
1900-01-25 21:17:15,8121.5,702319,8122.0,219478,51105,23444,27661,482841,0.5
1900-01-25 21:17:30,8121.5,625444,8122.0,597202,21399,25958,-4559,28242,0.5
1900-01-25 21:17:45,8121.5,502382,8122.0,524599,43926,35130,8796,-22217,0.5
1900-01-25 21:18:00,8121.5,271605,8122.0,603261,14278,171938,-157660,-331656,0.5
1900-01-25 21:18:15,8113.0,343115,8113.5,217203,4214,96814,-92600,125912,0.5
1900-01-25 21:18:30,8113.0,451445,8113.5,114547,22928,3237,19691,336898,0.5
1900-01-25 21:18:45,8113.0,535742,8113.5,88741,4652,45257,-40605,447001,0.5
1900-01-25 21:19:00,8113.0,133591,8113.5,296249,1874,17720,-15846,-162658,0.5
1900-01-25 21:19:15,8112.5,15686,8113.0,660526,588,27836,-27248,-644840,0.5
1900-01-25 21:19:30,8106.0,88664,8106.5,466235,10024,155998,-145974,-377571,0.5
1900-01-25 21:19:45,8106.0,223005,8106.5,345981,14467,110382,-95915,-122976,0.5
1900-01-25 21:20:00,8103.0,115325,8103.5,427002,7994,96488,-88494,-311677,0.5
1900-01-25 21:20:15,8103.0,644272,8103.5,212301,38463,67814,-29351,431971,0.5
1900-01-25 21:20:30,8110.5,78113,8111.0,366907,24271,11399,12872,-288794,0.5
1900-01-25 21:20:45,8110.5,420566,8111.0,315501,19135,6229,12906,105065,0.5
1900-01-25 21:21:00,8106.0,57794,8106.5,281757,3547,19233,-15686,-223963,0.5
1900-01-25 21:21:15,8105.5,305971,8106.0,188520,8858,81171,-72313,117451,0.5
1900-01-25 21:21:30,8105.5,15637,8106.0,559107,6350,6223,127,-543470,0.5
1900-01-25 21:21:45,8101.5,124237,8102.0,385587,899,13059,-12160,-261350,0.5
1900-01-25 21:22:00,8098.5,364227,8099.0,133371,3823,131727,-127904,230856,0.5
1900-01-25 21:22:15,8103.0,103729,8103.5,128625,94929,86824,8105,-24896,0.5
1900-01-25 21:22:30,8103.0,57174,8103.5,282863,2686,72794,-70108,-225689,0.5
1900-01-25 21:22:45,8099.0,342279,8099.5,169111,22863,77185,-54322,173168,0.5
1900-01-25 21:23:00,8099.0,635169,8099.5,146768,2278,11220,-8942,488401,0.5
1900-01-25 21:23:15,8100.0,1332538,8100.5,1272,34336,5769,28567,1331266,0.5
1900-01-25 21:23:30,8104.5,760579,8105.0,2946,36973,40,36933,757633,0.5
1900-01-25 21:23:45,8107.5,351208,8108.0,21725,42763,50,42713,329483,0.5
1900-01-25 21:24:00,8108.0,584858,8108.5,33552,7068,84247,-77179,551306,0.5
1900-01-25 21:24:15,8108.0,224385,8108.5,226603,16818,22501,-5683,-2218,0.5
1900-01-25 21:24:30,8110.0,1789800,8110.5,37937,24984,11718,13266,1751863,0.5
1900-01-25 21:24:45,8112.5,488426,8113.0,5504,23486,12140,11346,482922,0.5
1900-01-25 21:25:00,8114.0,215805,8114.5,173990,30431,2100,28331,41815,0.5
1900-01-25 21:25:15,8112.5,63862,8113.0,200787,17814,15011,2803,-136925,0.5
1900-01-25 21:25:30,8112.5,354754,8113.0,228138,3263,11685,-8422,126616,0.5
1900-01-25 21:25:45,8112.5,431168,8113.0,219881,4101,3000,1101,211287,0.5
1900-01-25 21:26:00,8112.5,369716,8113.0,465330,7632,4000,3632,-95614,0.5
1900-01-25 21:26:15,8112.5,450276,8113.0,254004,100633,649,99984,196272,0.5
1900-01-25 21:26:30,8115.5,482125,8116.0,117699,65045,100,64945,364426,0.5
1900-01-25 21:26:45,8117.0,582697,8117.5,9768,78245,3375,74870,572929,0.5
1900-01-25 21:27:00,8120.0,988536,8120.5,22054,47979,28740,19239,966482,0.5
1900-01-25 21:27:15,8121.0,420506,8121.5,5299,16395,21543,-5148,415207,0.5
1900-01-25 21:27:30,8121.0,6285,8121.5,186928,11657,4254,7403,-180643,0.5
1900-01-25 21:27:45,8121.0,74124,8121.5,263596,23918,17840,6078,-189472,0.5
1900-01-25 21:28:00,8121.0,113590,8121.5,337510,6186,3500,2686,-223920,0.5
1900-01-25 21:28:15,8120.0,246266,8120.5,423585,1010,50375,-49365,-177319,0.5
1900-01-25 21:28:30,8120.0,200592,8120.5,521487,5000,42176,-37176,-320895,0.5
1900-01-25 21:28:45,8116.0,25316,8116.5,311094,6162,61839,-55677,-285778,0.5
1900-01-25 21:29:00,8116.0,51792,8116.5,326089,8360,6453,1907,-274297,0.5
1900-01-25 21:29:15,8116.0,21929,8116.5,335228,551,4367,-3816,-313299,0.5
1900-01-25 21:29:30,8116.0,247496,8116.5,221574,19343,12638,6705,25922,0.5
1900-01-25 21:29:45,8116.0,413181,8116.5,246255,1280,660,620,166926,0.5
1900-01-25 21:30:00,8116.0,589211,8116.5,369959,74698,38149,36549,219252,0.5
1900-01-25 21:30:15,8116.0,594189,8116.5,458321,8485,196,8289,135868,0.5
1900-01-25 21:30:30,8116.5,624952,8117.0,152790,192903,3234,189669,472162,0.5
1900-01-25 21:30:45,8116.5,615259,8117.0,48309,57619,6782,50837,566950,0.5
1900-01-25 21:31:00,8116.5,715125,8117.0,12688,42867,1143,41724,702437,0.5
1900-01-25 21:31:15,8123.5,65022,8124.0,152224,75125,5200,69925,-87202,0.5
1900-01-25 21:31:30,8123.5,38218,8124.0,332285,5403,28990,-23587,-294067,0.5
1900-01-25 21:31:45,8123.0,41908,8123.5,239782,2090,9758,-7668,-197874,0.5
1900-01-25 21:32:00,8123.0,70286,8123.5,264124,24350,4639,19711,-193838,0.5
1900-01-25 21:32:15,8121.0,125388,8121.5,76019,38791,25783,13008,49369,0.5
1900-01-25 21:32:30,8121.0,95661,8121.5,192155,3442,2707,735,-96494,0.5
1900-01-25 21:32:45,8120.0,6166,8120.5,229579,2000,12615,-10615,-223413,0.5
1900-01-25 21:33:00,8118.0,662561,8118.5,158988,13774,43417,-29643,503573,0.5
1900-01-25 21:33:15,8118.0,698005,8118.5,212017,960,6011,-5051,485988,0.5
1900-01-25 21:33:30,8118.0,684776,8118.5,128207,1543,3720,-2177,556569,0.5
1900-01-25 21:33:45,8119.5,10348,8120.0,1579,30931,1036,29895,8769,0.5
1900-01-25 21:34:00,8121.5,271478,8122.0,70430,23465,64,23401,201048,0.5
1900-01-25 21:34:15,8122.0,386537,8122.5,21995,6155,4004,2151,364542,0.5
1900-01-25 21:34:30,8124.5,135975,8125.0,155950,29772,5827,23945,-19975,0.5
1900-01-25 21:34:45,8124.5,82732,8125.0,285770,17859,19973,-2114,-203038,0.5
1900-01-25 21:35:00,8119.5,263704,8120.0,151648,56343,34137,22206,112056,0.5
1900-01-25 21:35:15,8119.5,166331,8120.0,341867,1000,8209,-7209,-175536,0.5
1900-01-25 21:35:30,8119.5,531209,8120.0,276273,1000,12428,-11428,254936,0.5
1900-01-25 21:35:45,8119.5,454832,8120.0,153066,1,6346,-6345,301766,0.5
1900-01-25 21:36:00,8119.5,470612,8120.0,153453,341,16,325,317159,0.5
1900-01-25 21:36:15,8119.5,410321,8120.0,179927,12390,2923,9467,230394,0.5
1900-01-25 21:36:30,8118.0,425538,8118.5,176916,2680,97385,-94705,248622,0.5
1900-01-25 21:36:45,8118.0,95046,8118.5,574128,1600,70847,-69247,-479082,0.5
1900-01-25 21:37:00,8111.0,80319,8111.5,174602,11584,125076,-113492,-94283,0.5
1900-01-25 21:37:15,8111.0,140257,8111.5,870376,1210,116665,-115455,-730119,0.5
1900-01-25 21:37:30,8111.0,131200,8111.5,1016001,1000,12911,-11911,-884801,0.5
1900-01-25 21:37:45,8111.0,70354,8111.5,1049758,1620,36794,-35174,-979404,0.5
1900-01-25 21:38:00,8111.0,140359,8111.5,1009189,2410,29765,-27355,-868830,0.5
1900-01-25 21:38:15,8111.0,109445,8111.5,1358978,3730,4843,-1113,-1249533,0.5
1900-01-25 21:38:30,8107.0,354624,8107.5,331040,3000,70566,-67566,23584,0.5
1900-01-25 21:38:45,8107.0,327901,8107.5,372221,235,69724,-69489,-44320,0.5
1900-01-25 21:39:00,8107.0,64157,8107.5,895056,10235,158482,-148247,-830899,0.5
1900-01-25 21:39:15,8107.0,271710,8107.5,284011,1497,147135,-145638,-12301,0.5
1900-01-25 21:39:30,8107.0,223087,8107.5,348409,4388,14630,-10242,-125322,0.5
1900-01-25 21:39:45,8107.0,228073,8107.5,391714,41,13110,-13069,-163641,0.5
1900-01-25 21:40:00,8107.0,45722,8107.5,831096,1750,27575,-25825,-785374,0.5
1900-01-25 21:40:15,8106.5,315482,8107.0,304956,1750,45741,-43991,10526,0.5
1900-01-25 21:40:30,8106.5,415144,8107.0,391896,300,17349,-17049,23248,0.5
1900-01-25 21:40:45,8106.5,442783,8107.0,329584,2000,3125,-1125,113199,0.5
1900-01-25 21:41:00,8106.5,400782,8107.0,237482,5500,50350,-44850,163300,0.5
1900-01-25 21:41:15,8106.5,225826,8107.0,729507,10000,5479,4521,-503681,0.5
1900-01-25 21:41:30,8106.0,51888,8106.5,1129525,1118,53581,-52463,-1077637,0.5
1900-01-25 21:41:45,8104.0,79252,8104.5,1182436,70,48116,-48046,-1103184,0.5
1900-01-25 21:42:00,8100.5,461907,8101.0,563948,301,207665,-207364,-102041,0.5
1900-01-25 21:42:15,8100.5,813872,8101.0,109295,48293,132981,-84688,704577,0.5
1900-01-25 21:42:30,8101.0,912715,8101.5,157514,16409,7315,9094,755201,0.5
1900-01-25 21:42:45,8101.5,648267,8102.0,56902,39035,11927,27108,591365,0.5
1900-01-25 21:43:00,8103.0,167304,8103.5,469826,52605,13700,38905,-302522,0.5
1900-01-25 21:43:15,8103.0,193147,8103.5,385965,166802,4204,162598,-192818,0.5
1900-01-25 21:43:30,8103.5,194568,8104.0,442023,22743,16616,6127,-247455,0.5
1900-01-25 21:43:45,8103.5,34932,8104.0,829881,2805,65574,-62769,-794949,0.5
1900-01-25 21:44:00,8100.5,79787,8101.0,885230,808,294327,-293519,-805443,0.5
1900-01-25 21:44:15,8094.5,55809,8095.0,729871,6806,258640,-251834,-674062,0.5
1900-01-25 21:44:30,8080.0,1148299,8080.5,678492,479916,531524,-51608,469807,0.5
1900-01-25 21:44:45,8070.0,126088,8070.5,9109,263989,902291,-638302,116979,0.5
1900-01-25 21:45:00,8070.0,135705,8070.5,1290835,152771,214744,-61973,-1155130,0.5
1900-01-25 21:45:15,8064.0,32855,8064.5,257398,266974,587989,-321015,-224543,0.5
1900-01-25 21:45:30,8063.5,173943,8064.0,746568,181826,207114,-25288,-572625,0.5
1900-01-25 21:45:45,8063.0,1110436,8063.5,808463,79991,100163,-20172,301973,0.5
1900-01-25 21:46:00,8062.5,137468,8063.0,165425,351131,748163,-397032,-27957,0.5
1900-01-25 21:46:15,8062.0,310272,8062.5,66613,191999,56494,135505,243659,0.5
1900-01-25 21:46:30,8071.0,108262,8071.5,57695,319622,26663,292959,50567,0.5
1900-01-25 21:46:45,8075.5,162704,8076.0,365395,179184,6722,172462,-202691,0.5
1900-01-25 21:47:00,8071.0,10813,8071.5,821863,46761,94172,-47411,-811050,0.5
1900-01-25 21:47:15,8069.5,45067,8070.0,963212,12285,94801,-82516,-918145,0.5
1900-01-25 21:47:30,8068.0,14998,8068.5,594560,1516,82894,-81378,-579562,0.5
1900-01-25 21:47:45,8066.5,82356,8067.0,291786,10114,30380,-20266,-209430,0.5
1900-01-25 21:48:00,8066.5,333085,8067.0,195496,35158,33791,1367,137589,0.5
1900-01-25 21:48:15,8068.0,903542,8068.5,5869,154418,5597,148821,897673,0.5
1900-01-25 21:48:30,8072.5,512692,8073.0,27261,171319,20425,150894,485431,0.5
1900-01-25 21:48:45,8077.5,502031,8078.0,104050,215227,8680,206547,397981,0.5
1900-01-25 21:49:00,8077.5,206747,8078.0,426096,81379,10313,71066,-219349,0.5
1900-01-25 21:49:15,8077.5,160857,8078.0,353790,33393,2860,30533,-192933,0.5
1900-01-25 21:49:30,8080.5,213660,8081.0,458995,88998,6919,82079,-245335,0.5
1900-01-25 21:49:45,8080.5,56389,8081.0,853282,62000,66118,-4118,-796893,0.5
1900-01-25 21:50:00,8079.0,54653,8079.5,542095,46094,172105,-126011,-487442,0.5
1900-01-25 21:50:15,8078.0,431825,8078.5,166812,24335,31766,-7431,265013,0.5
1900-01-25 21:50:30,8078.5,532515,8079.0,225275,32351,1470,30881,307240,0.5
1900-01-25 21:50:45,8080.0,776131,8080.5,148616,211268,541,210727,627515,0.5
1900-01-25 21:51:00,8080.0,965149,8080.5,165351,33863,71,33792,799798,0.5
1900-01-25 21:51:15,8080.5,636356,8081.0,140524,109883,71,109812,495832,0.5
1900-01-25 21:51:30,8080.5,1130,8081.0,883743,39755,115994,-76239,-882613,0.5
1900-01-25 21:51:45,8077.0,2590,8077.5,746049,17887,93623,-75736,-743459,0.5
1900-01-25 21:52:00,8071.0,738085,8071.5,679,59471,30607,28864,737406,0.5
1900-01-25 21:52:15,8074.5,524471,8075.0,65929,55674,77632,-21958,458542,0.5
1900-01-25 21:52:30,8074.5,832802,8075.0,38047,60094,5680,54414,794755,0.5
1900-01-25 21:52:45,8075.0,575578,8075.5,134559,45702,2500,43202,441019,0.5
1900-01-25 21:53:00,8075.0,452099,8075.5,322879,20547,3200,17347,129220,0.5
1900-01-25 21:53:15,8070.5,419990,8071.0,86397,2270,100154,-97884,333593,0.5
1900-01-25 21:53:30,8072.5,224754,8073.0,372159,37933,9145,28788,-147405,0.5
1900-01-25 21:53:45,8073.5,514687,8074.0,19306,49023,18790,30233,495381,0.5
1900-01-25 21:54:00,8073.5,781488,8074.0,4519,15060,520,14540,776969,0.5
1900-01-25 21:54:15,8074.5,545486,8075.0,63855,36294,41268,-4974,481631,0.5
1900-01-25 21:54:30,8077.0,20644,8077.5,505736,32898,7033,25865,-485092,0.5
1900-01-25 21:54:45,8076.0,18123,8076.5,984518,2955,27012,-24057,-966395,0.5
1900-01-25 21:55:00,8074.0,33983,8074.5,475548,35463,38846,-3383,-441565,0.5
1900-01-25 21:55:15,8070.0,47456,8070.5,1113435,1190,50295,-49105,-1065979,0.5
1900-01-25 21:55:30,8065.0,749879,8065.5,257131,1138,170167,-169029,492748,0.5
1900-01-25 21:55:45,8065.0,738704,8065.5,247689,4985,93700,-88715,491015,0.5
1900-01-25 21:56:00,8070.5,62375,8071.0,441649,39864,13986,25878,-379274,0.5
1900-01-25 21:56:15,8070.0,4591,8070.5,471900,6548,30778,-24230,-467309,0.5
1900-01-25 21:56:30,8074.5,88094,8075.0,632795,19542,11579,7963,-544701,0.5
1900-01-25 21:56:45,8070.0,114517,8070.5,628392,6920,13303,-6383,-513875,0.5
1900-01-25 21:57:00,8070.0,32235,8070.5,946751,7138,53443,-46305,-914516,0.5
1900-01-25 21:57:15,8070.0,17933,8070.5,1198908,152,6847,-6695,-1180975,0.5
1900-01-25 21:57:30,8065.0,315824,8065.5,542682,45050,87209,-42159,-226858,0.5
1900-01-25 21:57:45,8065.0,702771,8065.5,711400,63250,19622,43628,-8629,0.5
1900-01-25 21:58:00,8066.5,668006,8067.0,99624,60349,20145,40204,568382,0.5
1900-01-25 21:58:15,8067.0,665227,8067.5,4349,41896,43400,-1504,660878,0.5
1900-01-25 21:58:30,8067.5,68925,8068.0,539274,51473,41242,10231,-470349,0.5
1900-01-25 21:58:45,8067.0,56733,8067.5,867800,19000,27363,-8363,-811067,0.5
1900-01-25 21:59:00,8067.0,428875,8067.5,215610,825,116850,-116025,213265,0.5
1900-01-25 21:59:15,8069.0,585728,8069.5,6573,72893,4116,68777,579155,0.5
1900-01-25 21:59:30,8072.5,460502,8073.0,7986,165544,11550,153994,452516,0.5
1900-01-25 21:59:45,8074.0,27535,8074.5,470930,19709,14785,4924,-443395,0.5
1900-01-25 22:00:00,8070.5,7035,8071.0,90027,174264,25559,148705,-82992,0.5
1900-01-25 22:00:15,8070.5,788363,8071.0,169205,31623,18127,13496,619158,0.5
1900-01-25 22:00:30,8070.5,728775,8071.0,328668,42018,29886,12132,400107,0.5
1900-01-25 22:00:45,8070.5,414141,8071.0,668466,680,34569,-33889,-254325,0.5
1900-01-25 22:01:00,8070.5,828645,8071.0,235980,19967,12280,7687,592665,0.5
1900-01-25 22:01:15,8071.0,744787,8071.5,635,106763,74191,32572,744152,0.5
1900-01-25 22:01:30,8071.5,1027243,8072.0,105016,26839,1960,24879,922227,0.5
1900-01-25 22:01:45,8071.5,504068,8072.0,521332,43863,11123,32740,-17264,0.5
1900-01-25 22:02:00,8071.5,283208,8072.0,601010,26536,67695,-41159,-317802,0.5
1900-01-25 22:02:15,8070.5,3985,8071.0,910875,27981,94648,-66667,-906890,0.5
1900-01-25 22:02:30,8066.0,254656,8066.5,1105735,786,341050,-340264,-851079,0.5
1900-01-25 22:02:45,8066.0,71646,8066.5,1897642,1026,170682,-169656,-1825996,0.5
1900-01-25 22:03:00,8065.0,121716,8065.5,1203901,5436,98638,-93202,-1082185,0.5
1900-01-25 22:03:15,8051.0,283881,8051.5,124676,15894,750961,-735067,159205,0.5
1900-01-25 22:03:30,8050.0,180144,8050.5,910902,29087,432368,-403281,-730758,0.5
1900-01-25 22:03:45,8042.0,26330,8042.5,140430,148827,345769,-196942,-114100,0.5
1900-01-25 22:04:00,8052.5,642299,8053.0,554058,353048,403779,-50731,88241,0.5
1900-01-25 22:04:15,8052.5,558871,8053.0,587691,70519,17785,52734,-28820,0.5
1900-01-25 22:04:30,8052.5,357234,8053.0,763802,62104,4310,57794,-406568,0.5
1900-01-25 22:04:45,8052.5,553438,8053.0,855673,32209,20209,12000,-302235,0.5
1900-01-25 22:05:00,8052.5,582979,8053.0,321874,168566,9978,158588,261105,0.5
1900-01-25 22:05:15,8050.0,124911,8050.5,1288814,62102,208987,-146885,-1163903,0.5
1900-01-25 22:05:30,8046.0,26008,8046.5,631534,124453,115962,8491,-605526,0.5
1900-01-25 22:05:45,8045.0,6562,8045.5,553098,6883,92122,-85239,-546536,0.5
1900-01-25 22:06:00,8044.5,354521,8045.0,301923,34408,57208,-22800,52598,0.5
1900-01-25 22:06:15,8046.0,554532,8046.5,38835,54590,34659,19931,515697,0.5
1900-01-25 22:06:30,8050.0,199760,8050.5,235021,151770,4851,146919,-35261,0.5
1900-01-25 22:06:45,8051.5,289703,8052.0,30452,10151,23640,-13489,259251,0.5
1900-01-25 22:07:00,8056.0,245408,8056.5,470137,42913,23008,19905,-224729,0.5
1900-01-25 22:07:15,8056.0,286554,8056.5,28963,16454,100001,-83547,257591,0.5
1900-01-25 22:07:30,8056.0,246117,8056.5,288381,56538,1455,55083,-42264,0.5
1900-01-25 22:07:45,8057.5,322345,8058.0,262306,63245,8624,54621,60039,0.5
1900-01-25 22:08:00,8057.5,747031,8058.0,33554,76250,2173,74077,713477,0.5
1900-01-25 22:08:15,8059.5,515047,8060.0,19647,30656,252,30404,495400,0.5
1900-01-25 22:08:30,8061.0,365312,8061.5,304702,62718,15083,47635,60610,0.5
1900-01-25 22:08:45,8061.0,363433,8061.5,657543,32333,12518,19815,-294110,0.5
1900-01-25 22:09:00,8057.0,367681,8057.5,119994,61556,37907,23649,247687,0.5
1900-01-25 22:09:15,8056.0,5539,8056.5,576922,1187,34886,-33699,-571383,0.5
1900-01-25 22:09:30,8055.0,752653,8055.5,1093276,2470,389768,-387298,-340623,0.5
1900-01-25 22:09:45,8055.0,456200,8055.5,101405,4699,708933,-704234,354795,0.5
1900-01-25 22:10:00,8060.5,213432,8061.0,383221,84108,43671,40437,-169789,0.5
1900-01-25 22:10:15,8063.5,707663,8064.0,85539,27030,13855,13175,622124,0.5
1900-01-25 22:10:30,8068.0,112404,8068.5,930709,181986,69179,112807,-818305,0.5
1900-01-25 22:10:45,8068.0,196358,8068.5,747549,16932,13898,3034,-551191,0.5
1900-01-25 22:11:00,8068.0,480985,8068.5,197239,2395,10100,-7705,283746,0.5
1900-01-25 22:11:15,8069.5,292296,8070.0,472461,85871,319,85552,-180165,0.5
1900-01-25 22:11:30,8069.5,119400,8070.0,2025922,26302,45049,-18747,-1906522,0.5
1900-01-25 22:11:45,8068.0,143533,8068.5,626612,2744,104965,-102221,-483079,0.5
1900-01-25 22:12:00,8068.0,186624,8068.5,586262,22792,25850,-3058,-399638,0.5
1900-01-25 22:12:15,8068.0,493744,8068.5,168179,12466,7331,5135,325565,0.5
1900-01-25 22:12:30,8068.0,623972,8068.5,150756,42053,18844,23209,473216,0.5
1900-01-25 22:12:45,8068.5,629043,8069.0,16062,88558,23385,65173,612981,0.5
1900-01-25 22:13:00,8071.0,581111,8071.5,151916,218893,2100,216793,429195,0.5
1900-01-25 22:13:15,8071.5,989622,8072.0,109356,199711,4900,194811,880266,0.5
1900-01-25 22:13:30,8073.0,957919,8073.5,2268,105504,10000,95504,955651,0.5
1900-01-25 22:13:45,8074.5,81320,8075.0,499937,71406,20498,50908,-418617,0.5
1900-01-25 22:14:00,8071.0,24334,8071.5,451363,6846,62183,-55337,-427029,0.5
1900-01-25 22:14:15,8070.5,501275,8071.0,250282,3400,16826,-13426,250993,0.5
1900-01-25 22:14:30,8072.5,728932,8073.0,131,139777,7798,131979,728801,0.5
1900-01-25 22:14:45,8077.5,559855,8078.0,5457,15777,2001,13776,554398,0.5
1900-01-25 22:15:00,8078.0,789189,8078.5,71170,78779,1648,77131,718019,0.5
1900-01-25 22:15:15,8079.0,589713,8079.5,66296,31486,7347,24139,523417,0.5
1900-01-25 22:15:30,8081.5,535645,8082.0,112053,71625,6456,65169,423592,0.5
1900-01-25 22:15:45,8089.5,212163,8090.0,344900,595306,30443,564863,-132737,0.5
1900-01-25 22:16:00,8089.5,313585,8090.0,549725,97337,12693,84644,-236140,0.5
1900-01-25 22:16:15,8089.5,738638,8090.0,10106,113924,9030,104894,728532,0.5
1900-01-25 22:16:30,8094.5,750238,8095.0,70656,238081,6045,232036,679582,0.5
1900-01-25 22:16:45,8096.5,590703,8097.0,38647,162208,4235,157973,552056,0.5
1900-01-25 22:17:00,8096.5,650299,8097.0,141329,113787,3142,110645,508970,0.5
1900-01-25 22:17:15,8096.0,3178,8096.5,1105945,43817,69779,-25962,-1102767,0.5
1900-01-25 22:17:30,8095.0,160923,8095.5,670450,26118,67911,-41793,-509527,0.5
1900-01-25 22:17:45,8095.0,402902,8095.5,391858,72143,42949,29194,11044,0.5
1900-01-25 22:18:00,8095.0,706272,8095.5,384619,1486,103194,-101708,321653,0.5
1900-01-25 22:18:15,8095.0,951364,8095.5,364358,3701,70825,-67124,587006,0.5
1900-01-25 22:18:30,8095.0,1146816,8095.5,1334,115971,30508,85463,1145482,0.5
1900-01-25 22:18:45,8097.5,833565,8098.0,123468,191043,40300,150743,710097,0.5
1900-01-25 22:19:00,8097.5,1049472,8098.0,3047,114322,2339,111983,1046425,0.5
1900-01-25 22:19:15,8098.5,1131428,8099.0,55586,132654,19845,112809,1075842,0.5
1900-01-25 22:19:30,8099.5,744708,8100.0,485510,83635,1728,81907,259198,0.5
1900-01-25 22:19:45,8099.5,1049456,8100.0,562918,191498,2773,188725,486538,0.5
1900-01-25 22:20:00,8099.5,1977474,8100.0,674946,17341,18495,-1154,1302528,0.5
1900-01-25 22:20:15,8099.5,2001294,8100.0,130751,448280,3847,444433,1870543,0.5
1900-01-25 22:20:30,8100.0,1036413,8100.5,163847,39134,1430,37704,872566,0.5
1900-01-25 22:20:45,8100.5,1097069,8101.0,136568,137716,2121,135595,960501,0.5
1900-01-25 22:21:00,8106.5,596695,8107.0,66577,347405,1502,345903,530118,0.5
1900-01-25 22:21:15,8107.0,623539,8107.5,363342,61511,7041,54470,260197,0.5
1900-01-25 22:21:30,8107.0,1048128,8107.5,13855,140750,2625,138125,1034273,0.5
1900-01-25 22:21:45,8108.0,1417963,8108.5,562344,18925,9332,9593,855619,0.5
1900-01-25 22:22:00,8108.0,1167028,8108.5,623349,34914,118366,-83452,543679,0.5
1900-01-25 22:22:15,8108.0,1029161,8108.5,741608,4024,30465,-26441,287553,0.5
1900-01-25 22:22:30,8108.0,995758,8108.5,658516,4157,142112,-137955,337242,0.5
1900-01-25 22:22:45,8108.0,1067138,8108.5,441788,135347,2633,132714,625350,0.5
1900-01-25 22:23:00,8108.0,851590,8108.5,591137,1012,74223,-73211,260453,0.5
1900-01-25 22:23:15,8091.5,338848,8092.0,181422,2701,955199,-952498,157426,0.5
1900-01-25 22:23:30,8091.5,445035,8092.0,341457,5040,60151,-55111,103578,0.5
1900-01-25 22:23:45,8091.5,456615,8092.0,353623,4008,28475,-24467,102992,0.5
1900-01-25 22:24:00,8095.5,322257,8096.0,34278,37847,6214,31633,287979,0.5
1900-01-25 22:24:15,8096.5,639802,8097.0,79420,45617,2173,43444,560382,0.5
1900-01-25 22:24:30,8096.5,779567,8097.0,11860,35815,1452,34363,767707,0.5
1900-01-25 22:24:45,8096.5,194348,8097.0,462624,7550,4808,2742,-268276,0.5
1900-01-25 22:25:00,8096.5,311522,8097.0,548080,1682,18854,-17172,-236558,0.5
1900-01-25 22:25:15,8096.5,104866,8097.0,638020,26455,33775,-7320,-533154,0.5
1900-01-25 22:25:30,8096.5,186862,8097.0,625565,1130,17251,-16121,-438703,0.5
1900-01-25 22:25:45,8096.5,112457,8097.0,725185,50,5979,-5929,-612728,0.5
1900-01-25 22:26:00,8096.5,116800,8097.0,727063,1440,19826,-18386,-610263,0.5
1900-01-25 22:26:15,8096.5,219823,8097.0,810865,484,11500,-11016,-591042,0.5
1900-01-25 22:26:30,8096.5,568484,8097.0,343003,6345,3707,2638,225481,0.5
1900-01-25 22:26:45,8096.5,646899,8097.0,358210,12900,13064,-164,288689,0.5
1900-01-25 22:27:00,8096.5,134024,8097.0,879086,35591,8517,27074,-745062,0.5
1900-01-25 22:27:15,8096.5,1168985,8097.0,831183,6023,21399,-15376,337802,0.5
1900-01-25 22:27:30,8096.5,1108066,8097.0,853100,151,1590,-1439,254966,0.5
1900-01-25 22:27:45,8096.5,1036116,8097.0,802966,1951,9333,-7382,233150,0.5
1900-01-25 22:28:00,8096.5,1035266,8097.0,1032117,1951,69650,-67699,3149,0.5
1900-01-25 22:28:15,8096.5,914817,8097.0,1051568,4675,54600,-49925,-136751,0.5
1900-01-25 22:28:30,8092.5,366429,8093.0,685654,6240,106436,-100196,-319225,0.5
1900-01-25 22:28:45,8090.0,402229,8090.5,784832,6240,531625,-525385,-382603,0.5
1900-01-25 22:29:00,8090.0,232377,8090.5,930411,126,185267,-185141,-698034,0.5
1900-01-25 22:29:15,8089.0,18333,8089.5,1048377,6,233713,-233707,-1030044,0.5
1900-01-25 22:29:30,8089.0,333925,8089.5,637013,79,19814,-19735,-303088,0.5
1900-01-25 22:29:45,8088.5,335475,8089.0,653024,28,82271,-82243,-317549,0.5
1900-01-25 22:30:00,8088.5,369031,8089.0,402375,50948,4200,46748,-33344,0.5
1900-01-25 22:30:15,8088.5,443171,8089.0,436561,25161,3050,22111,6610,0.5
1900-01-25 22:30:30,8088.5,696670,8089.0,418023,22689,3050,19639,278647,0.5
1900-01-25 22:30:45,8088.5,1742979,8089.0,354623,7601,1100,6501,1388356,0.5
1900-01-25 22:31:00,8094.5,511307,8095.0,18709,87117,12,87105,492598,0.5
1900-01-25 22:31:15,8095.5,3942,8096.0,730203,28740,6762,21978,-726261,0.5
1900-01-25 22:31:30,8094.0,24868,8094.5,1145232,827,3081,-2254,-1120364,0.5
1900-01-25 22:31:45,8093.0,117155,8093.5,961513,1300,12108,-10808,-844358,0.5
1900-01-25 22:32:00,8087.0,254719,8087.5,537151,472,111072,-110600,-282432,0.5
1900-01-25 22:32:15,8087.0,17719,8087.5,1075813,11966,33979,-22013,-1058094,0.5
1900-01-25 22:32:30,8077.5,112770,8078.0,1052014,2262,281852,-279590,-939244,0.5
1900-01-25 22:32:45,8077.5,535210,8078.0,126081,11350,85351,-74001,409129,0.5
1900-01-25 22:33:00,8077.5,690290,8078.0,247061,33390,4860,28530,443229,0.5
1900-01-25 22:33:15,8077.5,894288,8078.0,33444,37927,18750,19177,860844,0.5
1900-01-25 22:33:30,8081.5,294817,8082.0,380082,14505,18136,-3631,-85265,0.5
1900-01-25 22:33:45,8081.5,776139,8082.0,30885,17152,38287,-21135,745254,0.5
1900-01-25 22:34:00,8083.0,760914,8083.5,224,48204,18216,29988,760690,0.5
1900-01-25 22:34:15,8084.0,628842,8084.5,12435,6636,2371,4265,616407,0.5
1900-01-25 22:34:30,8085.5,673236,8086.0,18045,6534,2371,4163,655191,0.5
1900-01-25 22:34:45,8086.0,667453,8086.5,46522,32570,500,32070,620931,0.5
1900-01-25 22:35:00,8086.0,267198,8086.5,481030,18286,64572,-46286,-213832,0.5
1900-01-25 22:35:15,8084.5,433950,8085.0,1037657,18286,114671,-96385,-603707,0.5
1900-01-25 22:35:30,8084.5,1046874,8085.0,1326130,7240,12844,-5604,-279256,0.5
1900-01-25 22:35:45,8084.5,1077214,8085.0,1365256,8020,3543,4477,-288042,0.5
1900-01-25 22:36:00,8084.5,1025611,8085.0,1394481,3211,2973,238,-368870,0.5
1900-01-25 22:36:15,8084.5,967795,8085.0,1373573,3211,59156,-55945,-405778,0.5
1900-01-25 22:36:30,8084.5,701783,8085.0,1504666,3211,276916,-273705,-802883,0.5
1900-01-25 22:36:45,8084.5,731308,8085.0,826028,2262,24232,-21970,-94720,0.5
1900-01-25 22:37:00,8078.0,13801,8078.5,460682,23313,84742,-61429,-446881,0.5
1900-01-25 22:37:15,8075.0,291630,8075.5,505836,6,68964,-68958,-214206,0.5
1900-01-25 22:37:30,8075.0,766809,8075.5,478413,18055,61211,-43156,288396,0.5
1900-01-25 22:37:45,8075.0,1532734,8075.5,3501,63374,4400,58974,1529233,0.5
1900-01-25 22:38:00,8075.5,872857,8076.0,81641,46072,25213,20859,791216,0.5
1900-01-25 22:38:15,8075.5,845432,8076.0,13643,30128,23430,6698,831789,0.5
1900-01-25 22:38:30,8076.0,1039217,8076.5,20245,22772,4750,18022,1018972,0.5
1900-01-25 22:38:45,8076.5,894047,8077.0,17978,14814,200,14614,876069,0.5
1900-01-25 22:39:00,8076.5,88750,8077.0,377801,13332,126133,-112801,-289051,0.5
1900-01-25 22:39:15,8076.0,165001,8076.5,903325,9782,108685,-98903,-738324,0.5
1900-01-25 22:39:30,8075.0,61661,8075.5,698958,437,14773,-14336,-637297,0.5
1900-01-25 22:39:45,8074.0,26742,8074.5,541260,17991,74869,-56878,-514518,0.5
1900-01-25 22:40:00,8071.5,67101,8072.0,499426,24,78105,-78081,-432325,0.5
1900-01-25 22:40:15,8069.0,398067,8069.5,170799,35031,183217,-148186,227268,0.5
1900-01-25 22:40:30,8069.0,842944,8069.5,23023,56795,7882,48913,819921,0.5
1900-01-25 22:40:45,8074.5,275173,8075.0,166351,94720,64002,30718,108822,0.5
1900-01-25 22:41:00,8075.0,675987,8075.5,85969,17886,64340,-46454,590018,0.5
1900-01-25 22:41:15,8079.5,449492,8080.0,136107,43620,3977,39643,313385,0.5
1900-01-25 22:41:30,8079.5,417308,8080.0,211358,4203,7317,-3114,205950,0.5
1900-01-25 22:41:45,8079.5,1169754,8080.0,483194,3600,506,3094,686560,0.5
1900-01-25 22:42:00,8079.5,1608428,8080.0,67446,35862,1,35861,1540982,0.5
1900-01-25 22:42:15,8080.5,573911,8081.0,9725,74870,2607,72263,564186,0.5
1900-01-25 22:42:30,8080.5,867087,8081.0,61122,8396,650,7746,805965,0.5
1900-01-25 22:42:45,8080.5,826083,8081.0,26289,34654,200,34454,799794,0.5
1900-01-25 22:43:00,8080.5,911725,8081.0,18795,25086,200,24886,892930,0.5
1900-01-25 22:43:15,8080.5,539479,8081.0,444062,16880,3183,13697,95417,0.5
1900-01-25 22:43:30,8080.5,158574,8081.0,646841,1536,49773,-48237,-488267,0.5
1900-01-25 22:43:45,8080.5,143872,8081.0,626349,1536,82100,-80564,-482477,0.5
1900-01-25 22:44:00,8077.5,97194,8078.0,1029269,1536,67509,-65973,-932075,0.5
1900-01-25 22:44:15,8073.5,667640,8074.0,18137,6123,56323,-50200,649503,0.5
1900-01-25 22:44:30,8071.5,15084,8072.0,1267138,16758,7000,9758,-1252054,0.5
1900-01-25 22:44:45,8071.0,154356,8071.5,540082,12730,28495,-15765,-385726,0.5
1900-01-25 22:45:00,8070.0,500885,8070.5,793131,2120,96794,-94674,-292246,0.5
1900-01-25 22:45:15,8070.0,597672,8070.5,1200174,1050,98341,-97291,-602502,0.5
1900-01-25 22:45:30,8070.0,131460,8070.5,1272620,40838,125596,-84758,-1141160,0.5
1900-01-25 22:45:45,8063.5,6430,8064.0,688310,16795,267757,-250962,-681880,0.5
1900-01-25 22:46:00,8060.5,447509,8061.0,33628,20053,87074,-67021,413881,0.5
1900-01-25 22:46:15,8065.0,228047,8065.5,17411,487592,18300,469292,210636,0.5
1900-01-25 22:46:30,8065.5,444047,8066.0,8220,6436,3400,3036,435827,0.5
1900-01-25 22:46:45,8067.0,303851,8067.5,331697,65947,7000,58947,-27846,0.5
1900-01-25 22:47:00,8067.0,219154,8067.5,175309,201321,13871,187450,43845,0.5
1900-01-25 22:47:15,8067.0,189154,8067.5,256342,1260,8820,-7560,-67188,0.5
1900-01-25 22:47:30,8067.0,70243,8067.5,629336,1330,41758,-40428,-559093,0.5
1900-01-25 22:47:45,8063.5,122294,8064.0,647271,3510,52005,-48495,-524977,0.5
1900-01-25 22:48:00,8061.0,76059,8061.5,156720,10100,76827,-66727,-80661,0.5
1900-01-25 22:48:15,8061.0,335317,8061.5,121437,27702,14643,13059,213880,0.5
1900-01-25 22:48:30,8061.0,645074,8061.5,27606,23387,10837,12550,617468,0.5
1900-01-25 22:48:45,8061.5,278666,8062.0,35092,47238,38154,9084,243574,0.5
1900-01-25 22:49:00,8063.0,225840,8063.5,110643,5355,532,4823,115197,0.5
1900-01-25 22:49:15,8063.5,276175,8064.0,62292,34711,1001,33710,213883,0.5
1900-01-25 22:49:30,8063.5,249916,8064.0,123530,19438,1001,18437,126386,0.5
1900-01-25 22:49:45,8063.5,258951,8064.0,162479,9872,1001,8871,96472,0.5
1900-01-25 22:50:00,8063.5,236439,8064.0,303680,11808,3793,8015,-67241,0.5
1900-01-25 22:50:15,8063.5,567386,8064.0,831747,1405,7891,-6486,-264361,0.5
1900-01-25 22:50:30,8063.5,604777,8064.0,415195,6668,5000,1668,189582,0.5
1900-01-25 22:50:45,8063.5,660831,8064.0,388610,18672,1651,17021,272221,0.5
1900-01-25 22:51:00,8063.5,934794,8064.0,282368,80063,3711,76352,652426,0.5
1900-01-25 22:51:15,8063.5,1226172,8064.0,209881,72530,1975,70555,1016291,0.5
1900-01-25 22:51:30,8064.5,629958,8065.0,258,176075,2710,173365,629700,0.5
1900-01-25 22:51:45,8070.0,94852,8070.5,497456,83668,19806,63862,-402604,0.5
1900-01-25 22:52:00,8070.0,85477,8070.5,556847,12364,5418,6946,-471370,0.5
1900-01-25 22:52:15,8070.0,364579,8070.5,213617,12105,550,11555,150962,0.5
1900-01-25 22:52:30,8068.5,57473,8069.0,668736,66376,62956,3420,-611263,0.5
1900-01-25 22:52:45,8068.5,9344,8069.0,643818,9250,14579,-5329,-634474,0.5
1900-01-25 22:53:00,8067.0,6893,8067.5,1240312,4206,456,3750,-1233419,0.5
1900-01-25 22:53:15,8064.5,1223,8065.0,1088454,8000,26570,-18570,-1087231,0.5
1900-01-25 22:53:30,8064.0,1040,8064.5,763111,6790,26370,-19580,-762071,0.5
1900-01-25 22:53:45,8063.5,166574,8064.0,679285,28630,45598,-16968,-512711,0.5
1900-01-25 22:54:00,8062.0,94424,8062.5,625848,1030,13376,-12346,-531424,0.5
1900-01-25 22:54:15,8061.0,280191,8061.5,310249,315,14354,-14039,-30058,0.5
1900-01-25 22:54:30,8061.0,189264,8061.5,303178,9169,7320,1849,-113914,0.5
1900-01-25 22:54:45,8059.0,12980,8059.5,766289,2435,72654,-70219,-753309,0.5
1900-01-25 22:55:00,8056.0,52458,8056.5,1355310,30815,34239,-3424,-1302852,0.5
1900-01-25 22:55:15,8055.0,715829,8055.5,602780,11084,160422,-149338,113049,0.5
1900-01-25 22:55:30,8055.0,383786,8055.5,485588,1115,437229,-436114,-101802,0.5
1900-01-25 22:55:45,8055.0,1623415,8055.5,362451,56612,125886,-69274,1260964,0.5
1900-01-25 22:56:00,8055.0,717465,8055.5,266727,67117,2703,64414,450738,0.5
1900-01-25 22:56:15,8055.0,450484,8055.5,209308,92626,5414,87212,241176,0.5
1900-01-25 22:56:30,8050.0,377149,8050.5,965715,23,66300,-66277,-588566,0.5
1900-01-25 22:56:45,8047.5,19775,8048.0,714559,17992,233779,-215787,-694784,0.5
1900-01-25 22:57:00,8047.0,128219,8047.5,654,27792,89729,-61937,127565,0.5
1900-01-25 22:57:15,8051.5,121061,8052.0,8360,33570,171174,-137604,112701,0.5
1900-01-25 22:57:30,8050.5,21227,8051.0,665027,49203,22668,26535,-643800,0.5
1900-01-25 22:57:45,8050.0,58300,8050.5,1151261,1310,14277,-12967,-1092961,0.5
1900-01-25 22:58:00,8050.0,52343,8050.5,973737,28631,3598,25033,-921394,0.5
1900-01-25 22:58:15,8047.0,85647,8047.5,518444,15425,129856,-114431,-432797,0.5
1900-01-25 22:58:30,8046.5,124196,8047.0,161339,76886,51706,25180,-37143,0.5
1900-01-25 22:58:45,8046.5,43220,8047.0,600710,3351,74156,-70805,-557490,0.5
1900-01-25 22:59:00,8032.5,445003,8033.0,633926,62835,882732,-819897,-188923,0.5
1900-01-25 22:59:15,8040.0,79582,8040.5,284592,325304,104802,220502,-205010,0.5
1900-01-25 22:59:30,8040.0,252973,8040.5,303465,44611,29653,14958,-50492,0.5
1900-01-25 22:59:45,8044.0,429984,8044.5,24473,99122,11662,87460,405511,0.5
1900-01-25 23:00:00,8046.0,81308,8046.5,38936,437311,277875,159436,42372,0.5
1900-01-25 23:00:15,8044.0,91764,8044.5,857924,74818,153565,-78747,-766160,0.5
1900-01-25 23:00:30,8036.5,410931,8037.0,78137,70812,414274,-343462,332794,0.5
1900-01-25 23:00:45,8040.0,1380341,8040.5,24497,24239,104666,-80427,1355844,0.5
1900-01-25 23:01:00,8043.5,593123,8044.0,28790,109923,51213,58710,564333,0.5
1900-01-25 23:01:15,8045.5,659897,8046.0,80481,75234,5131,70103,579416,0.5
1900-01-25 23:01:30,8048.5,173271,8049.0,539110,260233,2002,258231,-365839,0.5
1900-01-25 23:01:45,8050.0,368096,8050.5,444388,131699,2146,129553,-76292,0.5
1900-01-25 23:02:00,8050.0,386465,8050.5,829065,15901,10425,5476,-442600,0.5
1900-01-25 23:02:15,8050.0,359879,8050.5,927058,13490,30711,-17221,-567179,0.5
1900-01-25 23:02:30,8050.0,17759,8050.5,1113031,2611,171622,-169011,-1095272,0.5
1900-01-25 23:02:45,8042.0,107757,8042.5,291013,2424,51032,-48608,-183256,0.5
1900-01-25 23:03:00,8042.0,126264,8042.5,597720,13672,31905,-18233,-471456,0.5
1900-01-25 23:03:15,8038.5,226,8039.0,706948,4549,65831,-61282,-706722,0.5
1900-01-25 23:03:30,8035.0,880822,8035.5,108268,22995,87467,-64472,772554,0.5
1900-01-25 23:03:45,8035.0,611332,8035.5,326536,101151,54120,47031,284796,0.5
1900-01-25 23:04:00,8036.0,165177,8036.5,230235,25525,239900,-214375,-65058,0.5
1900-01-25 23:04:15,8036.0,91945,8036.5,382152,62664,32514,30150,-290207,0.5
1900-01-25 23:04:30,8036.0,86218,8036.5,369943,110811,21564,89247,-283725,0.5
1900-01-25 23:04:45,8032.0,62874,8032.5,925972,42807,188298,-145491,-863098,0.5
1900-01-25 23:05:00,8030.5,10334,8031.0,805097,14979,100644,-85665,-794763,0.5
1900-01-25 23:05:15,8027.5,8559,8028.0,895841,4710,335485,-330775,-887282,0.5
1900-01-25 23:05:30,8022.0,155298,8022.5,2737,42621,186631,-144010,152561,0.5
1900-01-25 23:05:45,8028.5,400242,8029.0,417997,248663,255320,-6657,-17755,0.5
1900-01-25 23:06:00,8028.5,326744,8029.0,171973,71026,41611,29415,154771,0.5
1900-01-25 23:06:15,8033.5,87928,8034.0,672035,40149,20972,19177,-584107,0.5
1900-01-25 23:06:30,8031.0,2269,8031.5,989260,84442,36419,48023,-986991,0.5
1900-01-25 23:06:45,8030.0,28852,8030.5,995862,6403,10387,-3984,-967010,0.5
1900-01-25 23:07:00,8023.5,183961,8024.0,134370,7690,64949,-57259,49591,0.5
1900-01-25 23:07:15,8022.0,22446,8022.5,461668,11551,81584,-70033,-439222,0.5
1900-01-25 23:07:30,8020.0,682590,8020.5,865253,5470,130816,-125346,-182663,0.5
1900-01-25 23:07:45,8017.0,76877,8017.5,407371,57486,253235,-195749,-330494,0.5
1900-01-25 23:08:00,8016.5,18412,8017.0,673983,38735,135889,-97154,-655571,0.5
1900-01-25 23:08:15,8013.5,608890,8014.0,454045,191310,270396,-79086,154845,0.5
1900-01-25 23:08:30,8024.0,170703,8024.5,603686,220483,89794,130689,-432983,0.5
1900-01-25 23:08:45,8024.0,149051,8024.5,511695,11657,80796,-69139,-362644,0.5
1900-01-25 23:09:00,8005.0,617315,8005.5,126684,37990,1169948,-1131958,490631,0.5
1900-01-25 23:09:15,7987.0,339464,7988.5,4980,99168,2190421,-2091253,334484,1.5
1900-01-25 23:09:30,7968.0,7509,7976.0,8000,740999,2876517,-2135518,-491,8.0
1900-01-25 23:09:45,7986.0,114599,7988.5,36324,1565880,1398204,167676,78275,2.5
1900-01-25 23:10:00,7990.0,810031,7990.5,25214,349807,239916,109891,784817,0.5
1900-01-25 23:10:15,7992.5,495352,7993.0,106535,1174790,73944,1100846,388817,0.5
1900-01-25 23:10:30,7994.5,396292,7995.0,321507,300761,45537,255224,74785,0.5
1900-01-25 23:10:45,7992.0,19880,7992.5,254703,227885,158972,68913,-234823,0.5
1900-01-25 23:11:00,7984.5,22,7985.0,420509,187300,253989,-66689,-420487,0.5
1900-01-25 23:11:15,7981.5,1891795,7982.0,325,316069,425190,-109121,1891470,0.5
1900-01-25 23:11:30,7974.5,85847,7975.0,27163,215709,472867,-257158,58684,0.5
1900-01-25 23:11:45,7974.0,10547,7974.5,29369,198084,284057,-85973,-18822,0.5
1900-01-25 23:12:00,7981.0,72484,7981.5,159249,86562,631914,-545352,-86765,0.5
1900-01-25 23:12:15,7985.0,277092,7985.5,306535,113849,139818,-25969,-29443,0.5
1900-01-25 23:12:30,7987.0,563894,7987.5,349042,101380,88159,13221,214852,0.5
1900-01-25 23:12:45,7994.0,235688,7994.5,32277,566907,58583,508324,203411,0.5
1900-01-25 23:13:00,7992.0,3275,7992.5,680756,301767,146845,154922,-677481,0.5
1900-01-25 23:13:15,7986.0,847433,7986.5,232775,109141,93363,15778,614658,0.5
1900-01-25 23:13:30,7989.5,2464,7990.0,63730,120218,185347,-65129,-61266,0.5
1900-01-25 23:13:45,7989.0,177899,7989.5,389761,30742,151139,-120397,-211862,0.5
1900-01-25 23:14:00,7981.5,563725,7982.0,51226,14357,168461,-154104,512499,0.5
1900-01-25 23:14:15,7991.5,260939,7992.0,473362,281473,17005,264468,-212423,0.5
1900-01-25 23:14:30,7987.0,184328,7987.5,162263,88790,91735,-2945,22065,0.5
1900-01-25 23:14:45,7994.5,329648,7995.0,460971,133558,26551,107007,-131323,0.5
1900-01-25 23:15:00,7994.5,519089,7995.0,205658,275113,13406,261707,313431,0.5
1900-01-25 23:15:15,8002.0,295215,8002.5,407207,666464,17813,648651,-111992,0.5
1900-01-25 23:15:30,7999.0,5031,7999.5,502360,426494,77900,348594,-497329,0.5
1900-01-25 23:15:45,8002.5,612741,8003.0,668,264511,22346,242165,612073,0.5
1900-01-25 23:16:00,8006.5,289217,8007.0,403707,393233,22955,370278,-114490,0.5
1900-01-25 23:16:15,8006.5,790587,8007.0,87681,177677,21645,156032,702906,0.5
1900-01-25 23:16:30,8010.0,57947,8010.5,546984,396933,20260,376673,-489037,0.5
1900-01-25 23:16:45,8010.0,203566,8010.5,508454,34670,45301,-10631,-304888,0.5
1900-01-25 23:17:00,8010.5,1186723,8011.0,113475,89791,56334,33457,1073248,0.5
1900-01-25 23:17:15,8011.0,912242,8011.5,13920,314460,1109,313351,898322,0.5
1900-01-25 23:17:30,8013.0,665248,8013.5,621814,111012,10300,100712,43434,0.5
1900-01-25 23:17:45,8013.0,890517,8013.5,506777,60993,11655,49338,383740,0.5
1900-01-25 23:18:00,8013.0,776827,8013.5,557416,31989,61871,-29882,219411,0.5
1900-01-25 23:18:15,8010.5,250538,8011.0,835980,24996,289925,-264929,-585442,0.5
1900-01-25 23:18:30,8003.0,35324,8003.5,447965,14411,231855,-217444,-412641,0.5
1900-01-25 23:18:45,8003.0,212050,8003.5,383273,69334,54914,14420,-171223,0.5
1900-01-25 23:19:00,8003.0,694175,8003.5,33389,50126,46578,3548,660786,0.5
1900-01-25 23:19:15,8004.0,415761,8004.5,156215,32026,84031,-52005,259546,0.5
1900-01-25 23:19:30,8004.0,118950,8004.5,422466,75082,164493,-89411,-303516,0.5
1900-01-25 23:19:45,7995.5,480870,7996.0,167194,24620,123503,-98883,313676,0.5
1900-01-25 23:20:00,7995.5,567962,7996.0,33275,89061,230944,-141883,534687,0.5
1900-01-25 23:20:15,8002.0,24444,8002.5,627636,16093,39339,-23246,-603192,0.5
1900-01-25 23:20:30,8005.0,230175,8005.5,131928,64604,65952,-1348,98247,0.5
1900-01-25 23:20:45,8009.0,401134,8009.5,446397,77323,5852,71471,-45263,0.5
1900-01-25 23:21:00,8005.0,3171,8005.5,771889,23050,34106,-11056,-768718,0.5
1900-01-25 23:21:15,8003.0,457996,8003.5,221852,6971,48002,-41031,236144,0.5
1900-01-25 23:21:30,8003.0,542247,8003.5,207519,35637,1173,34464,334728,0.5
1900-01-25 23:21:45,8000.0,13212,8000.5,774845,24573,28442,-3869,-761633,0.5
1900-01-25 23:22:00,7997.0,445251,7997.5,243890,3032,44749,-41717,201361,0.5
1900-01-25 23:22:15,7995.0,46219,7995.5,800626,5090,113777,-108687,-754407,0.5
1900-01-25 23:22:30,7990.5,1988,7991.0,175447,22408,252831,-230423,-173459,0.5
1900-01-25 23:22:45,7986.5,318572,7987.0,282721,47469,291670,-244201,35851,0.5
1900-01-25 23:23:00,7993.5,235050,7994.0,97829,136510,394940,-258430,137221,0.5
1900-01-25 23:23:15,7993.5,17212,7994.0,745891,11250,199622,-188372,-728679,0.5
1900-01-25 23:23:30,7990.5,349039,7991.0,379972,3675,16084,-12409,-30933,0.5
1900-01-25 23:23:45,7990.5,430300,7991.0,263414,32990,6012,26978,166886,0.5
1900-01-25 23:24:00,7990.5,91525,7991.0,937870,35429,35127,302,-846345,0.5
1900-01-25 23:24:15,7985.0,98140,7985.5,601283,28257,175400,-147143,-503143,0.5
1900-01-25 23:24:30,7985.0,167491,7985.5,658757,49355,139846,-90491,-491266,0.5
1900-01-25 23:24:45,7985.0,579589,7985.5,244239,128907,50218,78689,335350,0.5
1900-01-25 23:25:00,7980.0,81192,7980.5,712271,41574,126801,-85227,-631079,0.5
1900-01-25 23:25:15,7980.0,462781,7980.5,514720,128709,221045,-92336,-51939,0.5
1900-01-25 23:25:30,7980.0,647610,7980.5,196354,129188,92960,36228,451256,0.5
1900-01-25 23:25:45,7980.0,379133,7980.5,665855,71645,24082,47563,-286722,0.5
1900-01-25 23:26:00,7964.0,33361,7964.5,9002,93721,459621,-365900,24359,0.5
1900-01-25 23:26:15,7963.0,78608,7963.5,33723,53925,404739,-350814,44885,0.5
1900-01-25 23:26:30,7966.5,153509,7967.0,435525,359230,197495,161735,-282016,0.5
1900-01-25 23:26:45,7967.0,559956,7967.5,194519,339570,70316,269254,365437,0.5
1900-01-25 23:27:00,7966.5,81439,7967.0,873072,141685,158417,-16732,-791633,0.5
1900-01-25 23:27:15,7960.5,1788676,7961.0,557791,47900,488182,-440282,1230885,0.5
1900-01-25 23:27:30,7960.5,974422,7961.0,562752,69333,899400,-830067,411670,0.5
1900-01-25 23:27:45,7950.0,497280,7950.5,208323,71667,1799885,-1728218,288957,0.5
1900-01-25 23:28:00,7943.5,15794,7944.0,123246,676056,2543373,-1867317,-107452,0.5
1900-01-25 23:28:15,7953.5,1050419,7954.0,118,488324,141123,347201,1050301,0.5
1900-01-25 23:28:30,7960.5,835067,7961.0,6323,241052,94752,146300,828744,0.5
1900-01-25 23:28:45,7965.5,202990,7966.0,352408,921853,247208,674645,-149418,0.5
1900-01-25 23:29:00,7965.5,107348,7966.0,1406923,84221,125874,-41653,-1299575,0.5
1900-01-25 23:29:15,7963.0,281184,7963.5,192611,127106,220162,-93056,88573,0.5
1900-01-25 23:29:30,7959.5,246497,7960.0,1024736,224856,647624,-422768,-778239,0.5
1900-01-25 23:29:45,7959.5,347809,7960.0,1059002,38778,31853,6925,-711193,0.5
1900-01-25 23:30:00,7957.0,1461,7957.5,254501,91095,248963,-157868,-253040,0.5
1900-01-25 23:30:15,7953.0,98306,7953.5,1169782,62279,299820,-237541,-1071476,0.5
1900-01-25 23:30:30,7950.0,77689,7950.5,416004,10504,223415,-212911,-338315,0.5
1900-01-25 23:30:45,7951.5,163591,7952.0,226116,792782,35195,757587,-62525,0.5
1900-01-25 23:31:00,7960.0,20837,7960.5,600609,411512,133111,278401,-579772,0.5
1900-01-25 23:31:15,7957.0,71909,7957.5,329459,43868,49108,-5240,-257550,0.5
1900-01-25 23:31:30,7959.0,170940,7959.5,969589,46339,83395,-37056,-798649,0.5
1900-01-25 23:31:45,7964.5,265334,7965.0,22869,818654,18429,800225,242465,0.5
1900-01-25 23:32:00,7968.5,1724423,7969.0,569059,520466,24154,496312,1155364,0.5
1900-01-25 23:32:15,7974.5,215609,7975.0,88443,950651,62904,887747,127166,0.5
1900-01-25 23:32:30,7974.5,1394677,7975.0,886670,127253,67036,60217,508007,0.5
1900-01-25 23:32:45,7974.5,762022,7975.0,566860,943943,272847,671096,195162,0.5
1900-01-25 23:33:00,7978.5,588573,7979.0,26784,368469,5737,362732,561789,0.5
1900-01-25 23:33:15,7979.5,738814,7980.0,122586,279867,32870,246997,616228,0.5
1900-01-25 23:33:30,7976.5,15507,7977.0,292206,194933,126660,68273,-276699,0.5
1900-01-25 23:33:45,7976.5,565649,7977.0,179422,36939,60851,-23912,386227,0.5
1900-01-25 23:34:00,7976.5,404368,7977.0,382172,84629,5507,79122,22196,0.5
1900-01-25 23:34:15,7974.5,82110,7975.0,666832,58376,83496,-25120,-584722,0.5
1900-01-25 23:34:30,7960.0,219707,7960.5,549388,23962,301191,-277229,-329681,0.5
1900-01-25 23:34:45,7959.5,483076,7960.0,997371,27909,83775,-55866,-514295,0.5
1900-01-25 23:35:00,7964.5,576100,7965.0,2703,524039,103136,420903,573397,0.5
1900-01-25 23:35:15,7969.5,253620,7970.0,364728,107247,39372,67875,-111108,0.5
1900-01-25 23:35:30,7969.5,116964,7970.0,450905,8135,127636,-119501,-333941,0.5
1900-01-25 23:35:45,7967.0,415458,7967.5,609295,15025,147845,-132820,-193837,0.5
1900-01-25 23:36:00,7967.0,461492,7967.5,549986,31325,72715,-41390,-88494,0.5
1900-01-25 23:36:15,7969.5,369526,7970.0,156850,98992,5000,93992,212676,0.5
1900-01-25 23:36:30,7971.0,803380,7971.5,112014,67173,28235,38938,691366,0.5
1900-01-25 23:36:45,7971.5,1449092,7972.0,365990,663533,7500,656033,1083102,0.5
1900-01-25 23:37:00,7974.5,1306740,7975.0,83625,378554,7500,371054,1223115,0.5
1900-01-25 23:37:15,7978.5,396457,7979.0,167543,130995,8266,122729,228914,0.5
1900-01-25 23:37:30,7979.5,1021605,7980.0,23705,120425,5642,114783,997900,0.5
1900-01-25 23:37:45,7984.0,680407,7984.5,34333,302836,8950,293886,646074,0.5
1900-01-25 23:38:00,7983.0,9812,7983.5,292956,239575,40740,198835,-283144,0.5
1900-01-25 23:38:15,7976.0,263280,7976.5,144273,7683,42713,-35030,119007,0.5
1900-01-25 23:38:30,7976.0,348686,7976.5,166252,8340,52938,-44598,182434,0.5
1900-01-25 23:38:45,7978.0,146888,7978.5,327321,88736,73067,15669,-180433,0.5
1900-01-25 23:39:00,7979.0,373768,7979.5,10,31236,34965,-3729,373758,0.5
1900-01-25 23:39:15,7981.0,724222,7981.5,40611,58789,28172,30617,683611,0.5
1900-01-25 23:39:30,7981.0,509488,7981.5,91346,45262,3452,41810,418142,0.5
1900-01-25 23:39:45,7980.0,83013,7980.5,757834,11597,40876,-29279,-674821,0.5
1900-01-25 23:40:00,7979.5,6616,7980.0,1022510,4752,49284,-44532,-1015894,0.5
1900-01-25 23:40:15,7977.0,134881,7977.5,587149,28337,121945,-93608,-452268,0.5
1900-01-25 23:40:30,7977.0,618728,7977.5,743578,77195,94807,-17612,-124850,0.5
1900-01-25 23:40:45,7976.5,56675,7977.0,433589,68330,625666,-557336,-376914,0.5
1900-01-25 23:41:00,7976.5,329275,7977.0,412613,40638,12316,28322,-83338,0.5
1900-01-25 23:41:15,7976.5,327317,7977.0,412151,18824,4192,14632,-84834,0.5
1900-01-25 23:41:30,7977.0,369149,7977.5,122155,253269,14748,238521,246994,0.5
1900-01-25 23:41:45,7977.0,197320,7977.5,186864,32275,13142,19133,10456,0.5
1900-01-25 23:42:00,7977.0,240760,7977.5,208365,15703,937,14766,32395,0.5
1900-01-25 23:42:15,7981.5,647812,7982.0,74694,142560,6642,135918,573118,0.5
1900-01-25 23:42:30,7984.5,271607,7985.0,407285,32480,13221,19259,-135678,0.5
1900-01-25 23:42:45,7985.5,2986,7986.0,392683,151563,31818,119745,-389697,0.5
1900-01-25 23:43:00,7985.5,2158,7986.0,446772,35403,3580,31823,-444614,0.5
1900-01-25 23:43:15,7981.0,235045,7981.5,143025,14400,27980,-13580,92020,0.5
1900-01-25 23:43:30,7981.0,342636,7981.5,148303,40808,2102,38706,194333,0.5
1900-01-25 23:43:45,7981.0,127098,7981.5,398722,43200,36897,6303,-271624,0.5
1900-01-25 23:44:00,7984.0,72115,7984.5,765732,45420,6413,39007,-693617,0.5
1900-01-25 23:44:15,7981.0,54236,7981.5,574372,5800,21175,-15375,-520136,0.5
1900-01-25 23:44:30,7978.0,103310,7978.5,625244,4086,902727,-898641,-521934,0.5
1900-01-25 23:44:45,7973.5,10646,7974.0,694298,18000,157108,-139108,-683652,0.5
1900-01-25 23:45:00,7967.5,111834,7968.0,327623,34392,206995,-172603,-215789,0.5
1900-01-25 23:45:15,7967.5,152584,7968.0,162051,16921,55964,-39043,-9467,0.5
1900-01-25 23:45:30,7966.0,189506,7966.5,160364,40066,81177,-41111,29142,0.5
1900-01-25 23:45:45,7975.5,155271,7976.0,406276,103113,38654,64459,-251005,0.5
1900-01-25 23:46:00,7973.5,761121,7974.0,5,62278,12270,50008,761116,0.5
1900-01-25 23:46:15,7974.5,357225,7975.0,151222,2813,82224,-79411,206003,0.5
1900-01-25 23:46:30,7976.5,242330,7977.0,70745,80779,92204,-11425,171585,0.5
1900-01-25 23:46:45,7978.0,554327,7978.5,10601,18818,1251,17567,543726,0.5
1900-01-25 23:47:00,7979.5,661645,7980.0,23186,28031,1200,26831,638459,0.5
1900-01-25 23:47:15,7984.5,122911,7985.0,28082,93453,12190,81263,94829,0.5
1900-01-25 23:47:30,7989.5,228332,7990.0,104696,234128,2,234126,123636,0.5
1900-01-25 23:47:45,7991.5,283132,7992.0,389738,122468,5162,117306,-106606,0.5
1900-01-25 23:48:00,7990.0,110922,7990.5,427879,86584,58522,28062,-316957,0.5
1900-01-25 23:48:15,7991.0,621521,7991.5,252,82822,11699,71123,621269,0.5
1900-01-25 23:48:30,7993.5,858554,7994.0,183530,135835,6913,128922,675024,0.5
1900-01-25 23:48:45,7997.5,455346,7998.0,168990,256766,4632,252134,286356,0.5
1900-01-25 23:49:00,7997.5,419954,7998.0,661125,68078,9135,58943,-241171,0.5
1900-01-25 23:49:15,7997.5,175880,7998.0,789379,22373,176955,-154582,-613499,0.5
1900-01-25 23:49:30,7997.5,122385,7998.0,795835,56043,46883,9160,-673450,0.5
1900-01-25 23:49:45,7995.0,162242,7995.5,594032,11582,90993,-79411,-431790,0.5
1900-01-25 23:50:00,7991.0,97568,7991.5,506105,13374,99350,-85976,-408537,0.5
1900-01-25 23:50:15,7991.0,2229749,7991.5,7021,20643,51846,-31203,2222728,0.5
1900-01-25 23:50:30,7995.0,485363,7995.5,148853,29441,6665,22776,336510,0.5
1900-01-25 23:50:45,7995.0,267632,7995.5,161824,110828,81769,29059,105808,0.5
1900-01-25 23:51:00,7995.0,511550,7995.5,301988,55400,9595,45805,209562,0.5
1900-01-25 23:51:15,7995.0,711037,7995.5,275141,17050,10571,6479,435896,0.5
1900-01-25 23:51:30,7994.5,146783,7995.0,294437,10076,47130,-37054,-147654,0.5
1900-01-25 23:51:45,7994.5,57927,7995.0,633220,8958,37829,-28871,-575293,0.5
1900-01-25 23:52:00,7992.5,202241,7993.0,664555,8312,44075,-35763,-462314,0.5
1900-01-25 23:52:15,7992.5,333040,7993.0,294935,1510,66215,-64705,38105,0.5
1900-01-25 23:52:30,7992.5,451726,7993.0,255074,16489,21151,-4662,196652,0.5
1900-01-25 23:52:45,7992.5,392116,7993.0,526399,24135,10508,13627,-134283,0.5
1900-01-25 23:53:00,7992.5,461488,7993.0,758177,22080,60759,-38679,-296689,0.5
1900-01-25 23:53:15,7992.5,177434,7993.0,947899,21223,10623,10600,-770465,0.5
1900-01-25 23:53:30,7992.0,11331,7992.5,870802,21223,36967,-15744,-859471,0.5
1900-01-25 23:53:45,7991.0,751798,7991.5,513774,16065,31791,-15726,238024,0.5
1900-01-25 23:54:00,7991.0,372856,7991.5,872136,33882,280670,-246788,-499280,0.5
1900-01-25 23:54:15,7992.5,269546,7993.0,188873,199413,20034,179379,80673,0.5
1900-01-25 23:54:30,7995.5,245195,7996.0,29235,208760,15750,193010,215960,0.5
1900-01-25 23:54:45,7995.5,118922,7996.0,183139,38462,31190,7272,-64217,0.5
1900-01-25 23:55:00,7997.0,1531474,7997.5,26902,73906,3157,70749,1504572,0.5
1900-01-25 23:55:15,7998.0,342377,7998.5,19128,97439,17520,79919,323249,0.5
1900-01-25 23:55:30,7999.5,363816,8000.0,563624,138894,3500,135394,-199808,0.5
1900-01-25 23:55:45,8001.0,230107,8001.5,13982,403290,75,403215,216125,0.5
1900-01-25 23:56:00,8005.0,637349,8005.5,20197,326038,6334,319704,617152,0.5
1900-01-25 23:56:15,8007.5,550328,8008.0,83025,113424,78057,35367,467303,0.5
1900-01-25 23:56:30,8008.0,2244984,8008.5,225991,187518,10820,176698,2018993,0.5
1900-01-25 23:56:45,8009.0,639549,8009.5,40003,260767,13968,246799,599546,0.5
1900-01-25 23:57:00,8009.5,13717,8010.0,1301447,89261,79179,10082,-1287730,0.5
1900-01-25 23:57:15,8008.0,12694,8008.5,1126051,35056,117883,-82827,-1113357,0.5
1900-01-25 23:57:30,8002.0,91298,8002.5,932111,17550,231654,-214104,-840813,0.5
1900-01-25 23:57:45,8001.0,372611,8001.5,52955,62480,231568,-169088,319656,0.5
1900-01-25 23:58:00,7999.0,201200,7999.5,200348,17870,83254,-65384,852,0.5
1900-01-25 23:58:15,7999.0,446842,7999.5,121815,21651,49961,-28310,325027,0.5
1900-01-25 23:58:30,7999.0,2126654,7999.5,72297,246774,17873,228901,2054357,0.5
1900-01-25 23:58:45,8006.0,147024,8006.5,321829,92997,89042,3955,-174805,0.5
1900-01-25 23:59:00,8006.0,953679,8006.5,335257,8725,28892,-20167,618422,0.5
1900-01-25 23:59:15,8006.0,510620,8006.5,957105,10856,94089,-83233,-446485,0.5
1900-01-25 23:59:30,7997.0,60902,7997.5,617409,10183,508109,-497926,-556507,0.5
1900-01-25 23:59:45,7997.0,335609,7997.5,486550,116079,44577,71502,-150941,0.5
