time,bid,bidSize,ask,askSize,buyMO,sellMO,buySellImb,orderImb,spread
1900-01-20 00:00:00,7255.0,14392,7255.5,474703,10990,54150,-43160,-460311,0.5
1900-01-20 00:00:15,7251.0,412077,7251.5,665739,42895,180178,-137283,-253662,0.5
1900-01-20 00:00:30,7246.0,640,7246.5,684735,18861,333171,-314310,-684095,0.5
1900-01-20 00:00:45,7263.5,51137,7264.0,13058,182186,113420,68766,38079,0.5
1900-01-20 00:01:00,7262.5,78802,7263.0,1006739,159580,88242,71338,-927937,0.5
1900-01-20 00:01:15,7269.0,684600,7269.5,101442,238409,102336,136073,583158,0.5
1900-01-20 00:01:30,7270.5,665569,7271.0,5503,293862,16937,276925,660066,0.5
1900-01-20 00:01:45,7274.0,339577,7274.5,276033,66155,30500,35655,63544,0.5
1900-01-20 00:02:00,7275.5,748348,7276.0,89226,225430,9572,215858,659122,0.5
1900-01-20 00:02:15,7275.5,480707,7276.0,194925,73874,5591,68283,285782,0.5
1900-01-20 00:02:30,7276.0,1015808,7276.5,88547,22745,5183,17562,927261,0.5
1900-01-20 00:02:45,7276.0,1095482,7276.5,31543,34640,28084,6556,1063939,0.5
1900-01-20 00:03:00,7278.5,668,7279.0,423391,100535,82262,18273,-422723,0.5
1900-01-20 00:03:15,7274.0,1012499,7274.5,12252,42495,51353,-8858,1000247,0.5
1900-01-20 00:03:30,7279.5,4991,7280.0,594921,131149,22685,108464,-589930,0.5
1900-01-20 00:03:45,7279.0,115588,7279.5,615827,46002,170180,-124178,-500239,0.5
1900-01-20 00:04:00,7279.0,1107509,7279.5,84560,38935,18948,19987,1022949,0.5
1900-01-20 00:04:15,7292.5,122350,7293.0,73010,205547,8683,196864,49340,0.5
1900-01-20 00:04:30,7288.0,31339,7288.5,120921,254601,186287,68314,-89582,0.5
1900-01-20 00:04:45,7283.5,883989,7284.0,731337,47624,41245,6379,152652,0.5
1900-01-20 00:05:00,7283.5,145386,7284.0,881753,30090,29346,744,-736367,0.5
1900-01-20 00:05:15,7282.5,178489,7283.0,692035,50402,26291,24111,-513546,0.5
1900-01-20 00:05:30,7280.0,122146,7280.5,882976,2230,140968,-138738,-760830,0.5
1900-01-20 00:05:45,7278.0,292729,7278.5,160147,48510,36024,12486,132582,0.5
1900-01-20 00:06:00,7278.0,193899,7278.5,411432,33313,8030,25283,-217533,0.5
1900-01-20 00:06:15,7278.0,309408,7278.5,318694,36476,1234,35242,-9286,0.5
1900-01-20 00:06:30,7278.0,128662,7278.5,965499,8064,50,8014,-836837,0.5
1900-01-20 00:06:45,7277.0,398122,7277.5,943545,5545,17029,-11484,-545423,0.5
1900-01-20 00:07:00,7277.0,358665,7277.5,336491,1941,76379,-74438,22174,0.5
1900-01-20 00:07:15,7278.5,157165,7279.0,36811,47604,9501,38103,120354,0.5
1900-01-20 00:07:30,7284.5,575416,7285.0,38254,41105,37779,3326,537162,0.5
1900-01-20 00:07:45,7284.5,181375,7285.0,490411,8645,18996,-10351,-309036,0.5
1900-01-20 00:08:00,7284.5,868803,7285.0,223744,36308,15484,20824,645059,0.5
1900-01-20 00:08:15,7285.5,462353,7286.0,10,34492,500,33992,462343,0.5
1900-01-20 00:08:30,7291.0,153342,7291.5,726831,112711,44415,68296,-573489,0.5
1900-01-20 00:08:45,7285.0,30062,7285.5,264269,33011,79088,-46077,-234207,0.5
1900-01-20 00:09:00,7285.0,187521,7285.5,413397,10262,25596,-15334,-225876,0.5
1900-01-20 00:09:15,7286.5,529501,7287.0,14067,46440,1666,44774,515434,0.5
1900-01-20 00:09:30,7290.0,705969,7290.5,203,44536,46305,-1769,705766,0.5
1900-01-20 00:09:45,7293.5,460409,7294.0,96804,53388,20208,33180,363605,0.5
1900-01-20 00:10:00,7296.5,434826,7297.0,63788,116844,22868,93976,371038,0.5
1900-01-20 00:10:15,7296.5,31120,7297.0,397569,125296,78850,46446,-366449,0.5
1900-01-20 00:10:30,7291.0,468669,7291.5,58891,5562,18930,-13368,409778,0.5
1900-01-20 00:10:45,7291.0,607046,7291.5,675,78738,8629,70109,606371,0.5
1900-01-20 00:11:00,7291.5,148242,7292.0,601961,22540,23829,-1289,-453719,0.5
1900-01-20 00:11:15,7291.5,412139,7292.0,172069,5836,6409,-573,240070,0.5
1900-01-20 00:11:30,7291.5,587348,7292.0,222122,7520,2550,4970,365226,0.5
1900-01-20 00:11:45,7291.5,374167,7292.0,77777,88017,31300,56717,296390,0.5
1900-01-20 00:12:00,7291.5,125280,7292.0,701186,6,23805,-23799,-575906,0.5
1900-01-20 00:12:15,7289.5,277905,7290.0,887514,1051,27541,-26490,-609609,0.5
1900-01-20 00:12:30,7289.5,166391,7290.0,608988,229,33645,-33416,-442597,0.5
1900-01-20 00:12:45,7286.0,407931,7286.5,202195,32212,93714,-61502,205736,0.5
1900-01-20 00:13:00,7286.0,507863,7286.5,260340,12894,23640,-10746,247523,0.5
1900-01-20 00:13:15,7286.0,469268,7286.5,238894,14939,23640,-8701,230374,0.5
1900-01-20 00:13:30,7286.0,64517,7286.5,687777,3340,2003,1337,-623260,0.5
1900-01-20 00:13:45,7285.0,22476,7285.5,880496,304,22261,-21957,-858020,0.5
1900-01-20 00:14:00,7285.0,670548,7285.5,729201,105,96123,-96018,-58653,0.5
1900-01-20 00:14:15,7285.0,930053,7285.5,274706,16504,10200,6304,655347,0.5
1900-01-20 00:14:30,7285.0,1043615,7285.5,261883,11803,10200,1603,781732,0.5
1900-01-20 00:14:45,7285.0,847551,7285.5,505480,151980,1,151979,342071,0.5
1900-01-20 00:15:00,7285.0,748312,7285.5,799347,7503,7432,71,-51035,0.5
1900-01-20 00:15:15,7285.0,695634,7285.5,779816,6547,10000,-3453,-84182,0.5
1900-01-20 00:15:30,7285.0,784661,7285.5,386014,6288,280,6008,398647,0.5
1900-01-20 00:15:45,7285.0,890675,7285.5,317739,11463,3100,8363,572936,0.5
1900-01-20 00:16:00,7285.0,1323824,7285.5,87673,24394,3100,21294,1236151,0.5
1900-01-20 00:16:15,7285.5,914046,7286.0,37518,45120,3100,42020,876528,0.5
1900-01-20 00:16:30,7287.0,717341,7287.5,33608,50861,3100,47761,683733,0.5
1900-01-20 00:16:45,7287.0,370720,7287.5,136050,18645,4183,14462,234670,0.5
1900-01-20 00:17:00,7287.0,94007,7287.5,687740,12004,1100,10904,-593733,0.5
1900-01-20 00:17:15,7287.0,171357,7287.5,747349,2,2058,-2056,-575992,0.5
1900-01-20 00:17:30,7287.0,375782,7287.5,444150,3100,11907,-8807,-68368,0.5
1900-01-20 00:17:45,7287.0,156262,7287.5,807066,8002,7000,1002,-650804,0.5
1900-01-20 00:18:00,7286.5,105635,7287.0,1081214,76,24560,-24484,-975579,0.5
1900-01-20 00:18:15,7285.5,6257,7286.0,193859,1,48906,-48905,-187602,0.5
1900-01-20 00:18:30,7285.0,150137,7285.5,1486673,5718,541699,-535981,-1336536,0.5
1900-01-20 00:18:45,7275.0,463795,7275.5,216990,1129,148470,-147341,246805,0.5
1900-01-20 00:19:00,7276.5,707932,7277.0,132081,30306,14404,15902,575851,0.5
1900-01-20 00:19:15,7276.5,1146693,7277.0,27999,46543,73129,-26586,1118694,0.5
1900-01-20 00:19:30,7276.5,219144,7277.0,350897,15469,58307,-42838,-131753,0.5
1900-01-20 00:19:45,7276.5,216888,7277.0,484934,914,20674,-19760,-268046,0.5
1900-01-20 00:20:00,7276.5,163531,7277.0,748612,914,24636,-23722,-585081,0.5
1900-01-20 00:20:15,7277.0,18322,7277.5,645339,43260,18784,24476,-627017,0.5
1900-01-20 00:20:30,7275.0,730309,7275.5,194,3223,57099,-53876,730115,0.5
1900-01-20 00:20:45,7277.5,463525,7278.0,1228,8052,26339,-18287,462297,0.5
1900-01-20 00:21:00,7278.5,333387,7279.0,3031,10876,66,10810,330356,0.5
1900-01-20 00:21:15,7279.0,365633,7279.5,890,5561,4000,1561,364743,0.5
1900-01-20 00:21:30,7280.0,138493,7280.5,432967,7724,16137,-8413,-294474,0.5
1900-01-20 00:21:45,7282.0,168934,7282.5,964190,28735,34,28701,-795256,0.5
1900-01-20 00:22:00,7282.0,13129,7282.5,1094206,8800,6957,1843,-1081077,0.5
1900-01-20 00:22:15,7280.0,3641,7280.5,984034,6001,33366,-27365,-980393,0.5
1900-01-20 00:22:30,7277.0,20026,7277.5,412261,500,35050,-34550,-392235,0.5
1900-01-20 00:22:45,7276.5,434439,7277.0,236396,2501,11402,-8901,198043,0.5
1900-01-20 00:23:00,7277.0,895895,7277.5,6998,28436,1501,26935,888897,0.5
1900-01-20 00:23:15,7277.5,319026,7278.0,46313,3684,2237,1447,272713,0.5
1900-01-20 00:23:30,7279.5,435736,7280.0,9034,26008,1471,24537,426702,0.5
1900-01-20 00:23:45,7283.0,251194,7283.5,37691,8048,1878,6170,213503,0.5
1900-01-20 00:24:00,7283.0,566138,7283.5,7976,28360,3088,25272,558162,0.5
1900-01-20 00:24:15,7283.5,659756,7284.0,146889,24446,3088,21358,512867,0.5
1900-01-20 00:24:30,7283.5,56806,7284.0,739426,10116,17726,-7610,-682620,0.5
1900-01-20 00:24:45,7281.5,119241,7282.0,183653,505,19240,-18735,-64412,0.5
1900-01-20 00:25:00,7281.0,1436,7281.5,540919,505,1901,-1396,-539483,0.5
1900-01-20 00:25:15,7281.0,15173,7281.5,590695,4005,1003,3002,-575522,0.5
1900-01-20 00:25:30,7281.0,12727,7281.5,599914,5,47453,-47448,-587187,0.5
1900-01-20 00:25:45,7279.0,356936,7279.5,129807,5005,11525,-6520,227129,0.5
1900-01-20 00:26:00,7279.0,484443,7279.5,138053,779,72,707,346390,0.5
1900-01-20 00:26:15,7279.0,237041,7279.5,176706,10000,6466,3534,60335,0.5
1900-01-20 00:26:30,7279.0,792686,7279.5,27977,12054,32811,-20757,764709,0.5
1900-01-20 00:26:45,7279.0,460462,7279.5,22450,5836,34396,-28560,438012,0.5
1900-01-20 00:27:00,7279.5,104704,7280.0,634,20019,1007,19012,104070,0.5
1900-01-20 00:27:15,7282.5,673610,7283.0,34228,11039,5,11034,639382,0.5
1900-01-20 00:27:30,7283.0,710001,7283.5,191103,82941,4655,78286,518898,0.5
1900-01-20 00:27:45,7283.0,723712,7283.5,169571,76345,600,75745,554141,0.5
1900-01-20 00:28:00,7283.5,1550649,7284.0,265290,28656,4,28652,1285359,0.5
1900-01-20 00:28:15,7285.5,510243,7286.0,6032,51889,4,51885,504211,0.5
1900-01-20 00:28:30,7295.5,385426,7296.0,403842,56332,965,55367,-18416,0.5
1900-01-20 00:28:45,7294.5,3867,7295.0,969118,44023,28882,15141,-965251,0.5
1900-01-20 00:29:00,7295.5,424657,7296.0,91809,224884,28152,196732,332848,0.5
1900-01-20 00:29:15,7297.0,499693,7297.5,506528,279873,23645,256228,-6835,0.5
1900-01-20 00:29:30,7299.0,430549,7299.5,167873,199820,34001,165819,262676,0.5
1900-01-20 00:29:45,7299.0,354158,7299.5,401374,6240,10820,-4580,-47216,0.5
1900-01-20 00:30:00,7299.0,258870,7299.5,788884,7161,23943,-16782,-530014,0.5
1900-01-20 00:30:15,7298.5,3335,7299.0,615066,32883,80710,-47827,-611731,0.5
1900-01-20 00:30:30,7296.5,385236,7297.0,311171,14744,13029,1715,74065,0.5
1900-01-20 00:30:45,7296.5,209472,7297.0,164401,81190,75459,5731,45071,0.5
1900-01-20 00:31:00,7296.5,613699,7297.0,169223,48819,32973,15846,444476,0.5
1900-01-20 00:31:15,7296.5,581052,7297.0,111430,28464,8000,20464,469622,0.5
1900-01-20 00:31:30,7296.5,1040664,7297.0,34998,27161,6926,20235,1005666,0.5
1900-01-20 00:31:45,7297.0,984793,7297.5,52287,27643,31383,-3740,932506,0.5
1900-01-20 00:32:00,7297.0,1179064,7297.5,12147,66321,55140,11181,1166917,0.5
1900-01-20 00:32:15,7299.0,357898,7299.5,383584,109460,10470,98990,-25686,0.5
1900-01-20 00:32:30,7299.0,756334,7299.5,214655,7101,42395,-35294,541679,0.5
1900-01-20 00:32:45,7302.5,486532,7303.0,372790,86058,3653,82405,113742,0.5
1900-01-20 00:33:00,7304.0,367622,7304.5,505422,11077,7410,3667,-137800,0.5
1900-01-20 00:33:15,7304.0,237989,7304.5,592953,8830,53248,-44418,-354964,0.5
1900-01-20 00:33:30,7304.0,31509,7304.5,906441,1073,37609,-36536,-874932,0.5
1900-01-20 00:33:45,7302.0,103467,7302.5,499741,2765,40685,-37920,-396274,0.5
1900-01-20 00:34:00,7302.0,70488,7302.5,540403,4363,29706,-25343,-469915,0.5
1900-01-20 00:34:15,7302.0,2010,7302.5,600513,3545,52846,-49301,-598503,0.5
1900-01-20 00:34:30,7300.0,706609,7300.5,700637,5511,38928,-33417,5972,0.5
1900-01-20 00:34:45,7300.0,1054883,7300.5,116214,24,211959,-211935,938669,0.5
1900-01-20 00:35:00,7306.0,704842,7306.5,45032,36603,9968,26635,659810,0.5
1900-01-20 00:35:15,7307.5,1000447,7308.0,56085,17876,19044,-1168,944362,0.5
1900-01-20 00:35:30,7309.0,1255751,7309.5,239647,18338,150,18188,1016104,0.5
1900-01-20 00:35:45,7309.0,1065657,7309.5,616896,19844,756,19088,448761,0.5
1900-01-20 00:36:00,7309.0,1031925,7309.5,691918,7773,19906,-12133,340007,0.5
1900-01-20 00:36:15,7309.0,344763,7309.5,748904,25057,39381,-14324,-404141,0.5
1900-01-20 00:36:30,7304.5,24149,7305.0,753002,25057,139019,-113962,-728853,0.5
1900-01-20 00:36:45,7303.0,64,7303.5,936271,4726,10108,-5382,-936207,0.5
1900-01-20 00:37:00,7300.0,359068,7300.5,609041,21198,88775,-67577,-249973,0.5
1900-01-20 00:37:15,7297.0,44618,7297.5,628379,22042,83940,-61898,-583761,0.5
1900-01-20 00:37:30,7293.0,55828,7293.5,630884,7720,144759,-137039,-575056,0.5
1900-01-20 00:37:45,7292.0,594443,7292.5,124143,16612,108643,-92031,470300,0.5
1900-01-20 00:38:00,7293.5,243122,7294.0,259250,47469,30139,17330,-16128,0.5
1900-01-20 00:38:15,7294.5,436279,7295.0,5840,66777,2065,64712,430439,0.5
1900-01-20 00:38:30,7296.0,108972,7296.5,336168,8632,8848,-216,-227196,0.5
1900-01-20 00:38:45,7296.0,248568,7296.5,505266,1500,4705,-3205,-256698,0.5
1900-01-20 00:39:00,7296.0,490702,7296.5,165747,6289,5154,1135,324955,0.5
1900-01-20 00:39:15,7290.5,104806,7291.0,728208,6492,160600,-154108,-623402,0.5
1900-01-20 00:39:30,7281.5,472885,7282.0,814318,4595,47382,-42787,-341433,0.5
1900-01-20 00:39:45,7283.5,682642,7284.0,1147,110258,81310,28948,681495,0.5
1900-01-20 00:40:00,7286.0,171723,7286.5,193306,26924,10970,15954,-21583,0.5
1900-01-20 00:40:15,7286.0,1042845,7286.5,91129,6420,1887,4533,951716,0.5
1900-01-20 00:40:30,7287.5,97112,7288.0,483251,23424,221,23203,-386139,0.5
1900-01-20 00:40:45,7285.0,26506,7285.5,643521,1,20346,-20345,-617015,0.5
1900-01-20 00:41:00,7285.0,10273,7285.5,928724,1,6464,-6463,-918451,0.5
1900-01-20 00:41:15,7284.5,44118,7285.0,1119292,100,7997,-7897,-1075174,0.5
1900-01-20 00:41:30,7284.0,52750,7284.5,843021,29000,11915,17085,-790271,0.5
1900-01-20 00:41:45,7284.0,161607,7284.5,493855,3805,22727,-18922,-332248,0.5
1900-01-20 00:42:00,7284.0,557447,7284.5,194740,12506,11122,1384,362707,0.5
1900-01-20 00:42:15,7284.0,500546,7284.5,349724,8914,11599,-2685,150822,0.5
1900-01-20 00:42:30,7284.0,676607,7284.5,224845,1505,41,1464,451762,0.5
1900-01-20 00:42:45,7284.0,651339,7284.5,256291,1500,12038,-10538,395048,0.5
1900-01-20 00:43:00,7284.0,816703,7284.5,109379,104113,2293,101820,707324,0.5
1900-01-20 00:43:15,7284.0,774638,7284.5,64819,5950,4998,952,709819,0.5
1900-01-20 00:43:30,7284.0,447183,7284.5,457103,4000,6262,-2262,-9920,0.5
1900-01-20 00:43:45,7282.0,114227,7282.5,587888,100,15911,-15811,-473661,0.5
1900-01-20 00:44:00,7281.0,6538,7281.5,641394,1,37009,-37008,-634856,0.5
1900-01-20 00:44:15,7279.0,1000625,7279.5,38131,3896,46340,-42444,962494,0.5
1900-01-20 00:44:30,7282.0,697421,7282.5,70435,125905,333083,-207178,626986,0.5
1900-01-20 00:44:45,7282.0,886299,7282.5,6124,23479,4638,18841,880175,0.5
1900-01-20 00:45:00,7281.5,133656,7282.0,180357,21307,47253,-25946,-46701,0.5
1900-01-20 00:45:15,7283.0,645603,7283.5,273,31125,14180,16945,645330,0.5
1900-01-20 00:45:30,7283.5,249943,7284.0,35329,9111,8842,269,214614,0.5
1900-01-20 00:45:45,7284.0,140663,7284.5,9070,26980,50,26930,131593,0.5
1900-01-20 00:46:00,7284.5,685416,7285.0,274846,15045,517,14528,410570,0.5
1900-01-20 00:46:15,7284.5,986764,7285.0,202972,47646,16,47630,783792,0.5
1900-01-20 00:46:30,7284.5,913407,7285.0,128974,74321,414,73907,784433,0.5
1900-01-20 00:46:45,7287.0,633239,7287.5,33057,78509,2,78507,600182,0.5
1900-01-20 00:47:00,7287.5,205188,7288.0,376524,27139,3354,23785,-171336,0.5
1900-01-20 00:47:15,7288.5,308725,7289.0,30378,90893,2007,88886,278347,0.5
1900-01-20 00:47:30,7288.5,443737,7289.0,48920,2209,2007,202,394817,0.5
1900-01-20 00:47:45,7288.5,516637,7289.0,62950,4500,12535,-8035,453687,0.5
1900-01-20 00:48:00,7288.5,382391,7289.0,55746,9887,2507,7380,326645,0.5
1900-01-20 00:48:15,7290.5,823456,7291.0,14686,65611,2507,63104,808770,0.5
1900-01-20 00:48:30,7291.5,60907,7292.0,404497,10278,60,10218,-343590,0.5
1900-01-20 00:48:45,7292.0,360428,7292.5,14511,3314,6886,-3572,345917,0.5
1900-01-20 00:49:00,7292.5,249570,7293.0,19911,16539,2101,14438,229659,0.5
1900-01-20 00:49:15,7294.0,462565,7294.5,1254,8128,55,8073,461311,0.5
1900-01-20 00:49:30,7295.0,771234,7295.5,33104,89205,165,89040,738130,0.5
1900-01-20 00:49:45,7297.5,172280,7298.0,559814,11395,14695,-3300,-387534,0.5
1900-01-20 00:50:00,7298.5,1234398,7299.0,899,27444,265,27179,1233499,0.5
1900-01-20 00:50:15,7304.0,9,7304.5,786249,85373,18700,66673,-786240,0.5
1900-01-20 00:50:30,7302.5,160924,7303.0,252000,15756,10515,5241,-91076,0.5
1900-01-20 00:50:45,7302.5,230885,7303.0,335272,5877,53695,-47818,-104387,0.5
1900-01-20 00:51:00,7302.5,83508,7303.0,622863,1814,23330,-21516,-539355,0.5
1900-01-20 00:51:15,7302.5,39159,7303.0,832949,3201,19946,-16745,-793790,0.5
1900-01-20 00:51:30,7299.5,74499,7300.0,624599,655,12730,-12075,-550100,0.5
1900-01-20 00:51:45,7299.5,25139,7300.0,648416,28,13648,-13620,-623277,0.5
1900-01-20 00:52:00,7297.5,151170,7298.0,559589,1993,26195,-24202,-408419,0.5
1900-01-20 00:52:15,7297.5,159638,7298.0,537624,25114,7475,17639,-377986,0.5
1900-01-20 00:52:30,7297.5,85077,7298.0,708582,21,4650,-4629,-623505,0.5
1900-01-20 00:52:45,7297.0,60199,7297.5,613658,12294,7882,4412,-553459,0.5
1900-01-20 00:53:00,7293.5,5120,7294.0,482434,15163,114890,-99727,-477314,0.5
1900-01-20 00:53:15,7292.5,438858,7293.0,207757,6193,108978,-102785,231101,0.5
1900-01-20 00:53:30,7292.5,33903,7293.0,675068,2613,12600,-9987,-641165,0.5
1900-01-20 00:53:45,7292.5,27593,7293.0,652795,1709,1035,674,-625202,0.5
1900-01-20 00:54:00,7292.5,550010,7293.0,64808,33079,1205,31874,485202,0.5
1900-01-20 00:54:15,7292.5,457387,7293.0,482640,1777,7756,-5979,-25253,0.5
1900-01-20 00:54:30,7292.5,890995,7293.0,82634,6154,5600,554,808361,0.5
1900-01-20 00:54:45,7293.0,2910964,7293.5,6215,10240,24,10216,2904749,0.5
1900-01-20 00:55:00,7297.0,2420304,7297.5,149477,28195,1,28194,2270827,0.5
1900-01-20 00:55:15,7303.0,1927188,7303.5,74294,59459,1337,58122,1852894,0.5
1900-01-20 00:55:30,7306.0,890909,7306.5,1023207,143597,1899,141698,-132298,0.5
1900-01-20 00:55:45,7306.0,666693,7306.5,778711,100559,38112,62447,-112018,0.5
1900-01-20 00:56:00,7306.0,979852,7306.5,911264,2700,27617,-24917,68588,0.5
1900-01-20 00:56:15,7306.0,803007,7306.5,1067237,55,21270,-21215,-264230,0.5
1900-01-20 00:56:30,7306.0,801239,7306.5,1096089,2128,24881,-22753,-294850,0.5
1900-01-20 00:56:45,7306.0,937073,7306.5,1221072,3046,2581,465,-283999,0.5
1900-01-20 00:57:00,7306.0,815179,7306.5,1278464,3046,22526,-19480,-463285,0.5
1900-01-20 00:57:15,7306.0,742195,7306.5,1103961,24842,166905,-142063,-361766,0.5
1900-01-20 00:57:30,7306.0,694367,7306.5,1089492,5039,42765,-37726,-395125,0.5
1900-01-20 00:57:45,7300.5,3568,7301.0,571961,536,72869,-72333,-568393,0.5
1900-01-20 00:58:00,7299.0,406101,7299.5,277309,350,31163,-30813,128792,0.5
1900-01-20 00:58:15,7299.0,602193,7299.5,372080,3033,6457,-3424,230113,0.5
1900-01-20 00:58:30,7299.0,676055,7299.5,378935,380,3500,-3120,297120,0.5
1900-01-20 00:58:45,7299.0,100541,7299.5,672002,2033,3722,-1689,-571461,0.5
1900-01-20 00:59:00,7299.0,87781,7299.5,759034,2033,25944,-23911,-671253,0.5
1900-01-20 00:59:15,7295.0,123946,7295.5,539181,3026,81559,-78533,-415235,0.5
1900-01-20 00:59:30,7295.0,5373,7295.5,766009,24,16211,-16187,-760636,0.5
1900-01-20 00:59:45,7293.5,359459,7294.0,319494,225,6155,-5930,39965,0.5
1900-01-20 01:00:00,7293.5,690064,7294.0,254911,1866,731,1135,435153,0.5
1900-01-20 01:00:15,7293.5,764535,7294.0,172349,14204,8720,5484,592186,0.5
1900-01-20 01:00:30,7299.5,888969,7300.0,59471,53927,8720,45207,829498,0.5
1900-01-20 01:00:45,7302.0,213752,7302.5,733659,35413,5001,30412,-519907,0.5
1900-01-20 01:01:00,7302.0,927074,7302.5,246262,6444,4847,1597,680812,0.5
1900-01-20 01:01:15,7302.0,1354793,7302.5,53036,68456,17340,51116,1301757,0.5
1900-01-20 01:01:30,7303.5,1148311,7304.0,2808,29838,1050,28788,1145503,0.5
1900-01-20 01:01:45,7305.5,1422730,7306.0,10174,27037,210,26827,1412556,0.5
1900-01-20 01:02:00,7310.0,2312193,7310.5,2796,159551,305,159246,2309397,0.5
1900-01-20 01:02:15,7314.0,1423004,7314.5,31124,192593,649,191944,1391880,0.5
1900-01-20 01:02:30,7314.5,1230904,7315.0,1855563,83415,41614,41801,-624659,0.5
1900-01-20 01:02:45,7316.5,1424166,7317.0,17973,1310950,21361,1289589,1406193,0.5
1900-01-20 01:03:00,7316.5,1361043,7317.0,87165,184758,11000,173758,1273878,0.5
1900-01-20 01:03:15,7318.5,100297,7319.0,350286,136416,19865,116551,-249989,0.5
1900-01-20 01:03:30,7318.5,891603,7319.0,402251,41861,13551,28310,489352,0.5
1900-01-20 01:03:45,7318.5,312592,7319.0,504911,15908,77879,-61971,-192319,0.5
1900-01-20 01:04:00,7318.5,293057,7319.0,767457,4302,33504,-29202,-474400,0.5
1900-01-20 01:04:15,7318.5,272235,7319.0,681091,11327,83064,-71737,-408856,0.5
1900-01-20 01:04:30,7318.5,228371,7319.0,717014,202213,57180,145033,-488643,0.5
1900-01-20 01:04:45,7318.5,11957,7319.0,1425332,60391,151261,-90870,-1413375,0.5
1900-01-20 01:05:00,7316.0,49,7316.5,1476100,16937,132663,-115726,-1476051,0.5
1900-01-20 01:05:15,7314.0,11038,7314.5,1362880,232,35584,-35352,-1351842,0.5
1900-01-20 01:05:30,7312.5,23666,7313.0,1076007,5121,44764,-39643,-1052341,0.5
1900-01-20 01:05:45,7311.5,8208,7312.0,948358,5214,62063,-56849,-940150,0.5
1900-01-20 01:06:00,7311.5,461424,7312.0,888933,7011,15520,-8509,-427509,0.5
1900-01-20 01:06:15,7311.5,1045100,7312.0,213612,12642,49401,-36759,831488,0.5
1900-01-20 01:06:30,7317.5,517775,7318.0,266154,75638,4001,71637,251621,0.5
1900-01-20 01:06:45,7325.0,343871,7325.5,527497,122447,57384,65063,-183626,0.5
1900-01-20 01:07:00,7329.0,1116755,7329.5,83208,332489,48463,284026,1033547,0.5
1900-01-20 01:07:15,7332.0,1433030,7332.5,4407,482073,26509,455564,1428623,0.5
1900-01-20 01:07:30,7338.5,485484,7339.0,692290,219325,38903,180422,-206806,0.5
1900-01-20 01:07:45,7334.0,538635,7334.5,127152,74722,260144,-185422,411483,0.5
1900-01-20 01:08:00,7334.0,346633,7334.5,359123,38691,223734,-185043,-12490,0.5
1900-01-20 01:08:15,7346.5,83833,7347.0,1078909,556357,127409,428948,-995076,0.5
1900-01-20 01:08:30,7365.0,120516,7369.5,2341,1947487,264943,1682544,118175,4.5
1900-01-20 01:08:45,7354.5,22058,7355.0,258,605668,254425,351243,21800,0.5
1900-01-20 01:09:00,7366.0,9707,7366.5,57366,242874,249153,-6279,-47659,0.5
1900-01-20 01:09:15,7364.0,616908,7364.5,80312,142076,125985,16091,536596,0.5
1900-01-20 01:09:30,7369.5,81191,7370.0,1445331,329061,113438,215623,-1364140,0.5
1900-01-20 01:09:45,7374.5,314799,7375.0,136846,629767,218316,411451,177953,0.5
1900-01-20 01:10:00,7378.5,262842,7379.0,196044,490457,43057,447400,66798,0.5
1900-01-20 01:10:15,7386.0,103750,7386.5,40393,468227,106333,361894,63357,0.5
1900-01-20 01:10:30,7383.0,588793,7383.5,26181,201237,469656,-268419,562612,0.5
1900-01-20 01:10:45,7390.5,71383,7391.0,38940,256795,345045,-88250,32443,0.5
1900-01-20 01:11:00,7390.0,135958,7390.5,950104,120446,2121576,-2001130,-814146,0.5
1900-01-20 01:11:15,7385.0,848078,7385.5,186798,223403,677932,-454529,661280,0.5
1900-01-20 01:11:30,7384.5,39456,7385.0,297772,52995,282089,-229094,-258316,0.5
1900-01-20 01:11:45,7385.5,26417,7386.0,12042,99768,70387,29381,14375,0.5
1900-01-20 01:12:00,7395.5,16895,7396.5,1600,101358,1402234,-1300876,15295,1.0
1900-01-20 01:12:15,7395.0,152273,7395.5,557250,201132,781869,-580737,-404977,0.5
1900-01-20 01:12:30,7398.5,641705,7399.0,220606,624181,230834,393347,421099,0.5
1900-01-20 01:12:45,7399.5,1157298,7400.0,391337,771949,122540,649409,765961,0.5
1900-01-20 01:13:00,7395.5,231177,7396.0,237202,155774,96461,59313,-6025,0.5
1900-01-20 01:13:15,7395.0,525070,7395.5,563195,20526,1208653,-1188127,-38125,0.5
1900-01-20 01:13:30,7398.0,261378,7398.5,331162,132697,934604,-801907,-69784,0.5
1900-01-20 01:13:45,7398.5,1023529,7399.0,13581,73326,580535,-507209,1009948,0.5
1900-01-20 01:14:00,7418.5,16403,7419.0,36000,1259581,155870,1103711,-19597,0.5
1900-01-20 01:14:15,7421.5,4535,7428.5,164914,2365967,561475,1804492,-160379,7.0
1900-01-20 01:14:30,7429.5,309965,7430.0,120211,250394,270566,-20172,189754,0.5
1900-01-20 01:14:45,7440.0,313330,7440.5,210693,157161,1346860,-1189699,102637,0.5
1900-01-20 01:15:00,7449.5,198023,7450.0,718470,837865,156159,681706,-520447,0.5
1900-01-20 01:15:15,7448.5,127273,7449.0,270080,229450,187411,42039,-142807,0.5
1900-01-20 01:15:30,7446.0,503941,7446.5,51731,701721,450703,251018,452210,0.5
1900-01-20 01:15:45,7455.0,999794,7455.5,133646,499034,103950,395084,866148,0.5
1900-01-20 01:16:00,7461.5,651663,7462.0,2231,560302,67623,492679,649432,0.5
1900-01-20 01:16:15,7459.0,21935,7459.5,209508,385581,160721,224860,-187573,0.5
1900-01-20 01:16:30,7455.0,36484,7456.5,39956,207591,933438,-725847,-3472,1.5
1900-01-20 01:16:45,7440.0,366221,7440.5,62933,98507,750252,-651745,303288,0.5
1900-01-20 01:17:00,7428.0,39312,7428.5,115635,28785,841017,-812232,-76323,0.5
1900-01-20 01:17:15,7436.0,58500,7436.5,10376,222020,842604,-620584,48124,0.5
1900-01-20 01:17:30,7444.0,33943,7444.5,16000,241675,385352,-143677,17943,0.5
1900-01-20 01:17:45,7454.5,283184,7455.0,430912,373904,128902,245002,-147728,0.5
1900-01-20 01:18:00,7473.5,867418,7474.0,1316597,398457,241077,157380,-449179,0.5
1900-01-20 01:18:15,7496.0,29472,7499.0,951642,2650396,183235,2467161,-922170,3.0
1900-01-20 01:18:30,7511.5,34539,7514.0,74332,3599612,212359,3387253,-39793,2.5
1900-01-20 01:18:45,7512.5,34678,7513.0,76770,2443603,420174,2023429,-42092,0.5
1900-01-20 01:19:00,7499.0,13839,7499.5,11454,519279,733761,-214482,2385,0.5
1900-01-20 01:19:15,7489.5,1199281,7490.0,8029,1525480,569244,956236,1191252,0.5
1900-01-20 01:19:30,7493.5,33862,7494.0,295634,484544,599369,-114825,-261772,0.5
1900-01-20 01:19:45,7508.0,81899,7508.5,16739,587547,435892,151655,65160,0.5
1900-01-20 01:20:00,7521.0,4521,7521.5,20000,630408,306479,323929,-15479,0.5
1900-01-20 01:20:15,7554.5,3832,7555.5,3000,3317817,384805,2933012,832,1.0
1900-01-20 01:20:30,7550.0,46188,7550.5,10000,517374,591753,-74379,36188,0.5
1900-01-20 01:20:45,7550.0,147349,7550.5,259,220273,1918033,-1697760,147090,0.5
1900-01-20 01:21:00,7547.0,16390,7547.5,19577,173164,560909,-387745,-3187,0.5
1900-01-20 01:21:15,7555.5,147375,7560.0,172048,999187,296499,702688,-24673,4.5
1900-01-20 01:21:30,7569.5,600,7571.0,79034,551304,171408,379896,-78434,1.5
1900-01-20 01:21:45,7578.0,10000,7578.5,2000,895940,242912,653028,8000,0.5
1900-01-20 01:22:00,7572.0,315631,7572.5,231465,662942,494608,168334,84166,0.5
1900-01-20 01:22:15,7559.5,173565,7560.0,81576,209089,699363,-490274,91989,0.5
1900-01-20 01:22:30,7553.0,185009,7553.5,124813,345974,753840,-407866,60196,0.5
1900-01-20 01:22:45,7549.5,180173,7550.0,48151,535411,483138,52273,132022,0.5
1900-01-20 01:23:00,7559.5,428157,7560.0,46881,235385,228755,6630,381276,0.5
1900-01-20 01:23:15,7572.5,109361,7573.0,216035,1066030,155605,910425,-106674,0.5
1900-01-20 01:23:30,7560.5,235150,7561.0,364956,367584,294544,73040,-129806,0.5
1900-01-20 01:23:45,7550.5,446591,7551.0,112313,274616,377285,-102669,334278,0.5
1900-01-20 01:24:00,7550.0,416884,7550.5,85825,119152,378369,-259217,331059,0.5
1900-01-20 01:24:15,7540.5,2546,7541.0,312021,118890,1153183,-1034293,-309475,0.5
1900-01-20 01:24:30,7530.0,118623,7530.5,278547,42434,1166225,-1123791,-159924,0.5
1900-01-20 01:24:45,7520.0,57563,7520.5,19573,223887,634544,-410657,37990,0.5
1900-01-20 01:25:00,7520.0,111714,7520.5,39330,248877,2047616,-1798739,72384,0.5
1900-01-20 01:25:15,7528.0,483953,7528.5,168355,338578,690693,-352115,315598,0.5
1900-01-20 01:25:30,7536.5,112940,7537.5,36084,532400,352751,179649,76856,1.0
1900-01-20 01:25:45,7536.0,241310,7536.5,164748,289546,125812,163734,76562,0.5
1900-01-20 01:26:00,7531.0,24988,7531.5,372759,125166,400612,-275446,-347771,0.5
1900-01-20 01:26:15,7533.5,149800,7534.0,58,346220,359812,-13592,149742,0.5
1900-01-20 01:26:30,7542.5,156868,7543.0,392732,218003,305316,-87313,-235864,0.5
1900-01-20 01:26:45,7528.5,624298,7529.0,99654,201596,144815,56781,524644,0.5
1900-01-20 01:27:00,7530.5,4129,7531.0,84393,117993,231226,-113233,-80264,0.5
1900-01-20 01:27:15,7557.0,221171,7557.5,683,125198,237491,-112293,220488,0.5
1900-01-20 01:27:30,7548.5,12304,7549.0,117213,237835,503617,-265782,-104909,0.5
1900-01-20 01:27:45,7555.0,86172,7555.5,83860,167363,470875,-303512,2312,0.5
1900-01-20 01:28:00,7554.0,1473,7554.5,239850,311312,258780,52532,-238377,0.5
1900-01-20 01:28:15,7545.5,811164,7546.0,352484,129735,242219,-112484,458680,0.5
1900-01-20 01:28:30,7553.5,227403,7554.0,147363,521594,154612,366982,80040,0.5
1900-01-20 01:28:45,7550.0,93037,7550.5,8000,214754,157600,57154,85037,0.5
1900-01-20 01:29:00,7546.0,339295,7546.5,127351,295224,174303,120921,211944,0.5
1900-01-20 01:29:15,7549.5,43000,7550.0,16027,540775,127180,413595,26973,0.5
1900-01-20 01:29:30,7563.0,146332,7563.5,265877,284337,72236,212101,-119545,0.5
1900-01-20 01:29:45,7569.5,1863187,7570.0,23422,370558,144067,226491,1839765,0.5
1900-01-20 01:30:00,7577.0,108265,7577.5,17525,942037,13528,928509,90740,0.5
1900-01-20 01:30:15,7592.0,6218,7598.0,460808,2172536,159256,2013280,-454590,6.0
1900-01-20 01:30:30,7599.5,58504,7600.0,215927,1885088,416628,1468460,-157423,0.5
1900-01-20 01:30:45,7615.5,83066,7616.0,36152,2194657,126572,2068085,46914,0.5
1900-01-20 01:31:00,7600.0,514018,7600.5,14193,1083583,554496,529087,499825,0.5
1900-01-20 01:31:15,7588.0,29153,7588.5,482791,151363,787102,-635739,-453638,0.5
1900-01-20 01:31:30,7589.0,27998,7589.5,3796,197783,333522,-135739,24202,0.5
1900-01-20 01:31:45,7602.0,79201,7602.5,307635,573452,146319,427133,-228434,0.5
1900-01-20 01:32:00,7600.5,72230,7601.0,216122,350989,388648,-37659,-143892,0.5
1900-01-20 01:32:15,7608.5,14608,7609.0,58021,632586,247965,384621,-43413,0.5
1900-01-20 01:32:30,7614.0,253435,7614.5,323958,1086205,144491,941714,-70523,0.5
1900-01-20 01:32:45,7625.0,1236066,7625.5,234486,1307449,182364,1125085,1001580,0.5
1900-01-20 01:33:00,7629.5,88802,7630.0,465290,890899,1000653,-109754,-376488,0.5
1900-01-20 01:33:15,7637.0,75234,7638.5,5906,531848,473103,58745,69328,1.5
1900-01-20 01:33:30,7640.5,86251,7641.0,70519,780369,593404,186965,15732,0.5
1900-01-20 01:33:45,7640.0,115901,7640.5,89245,372053,810822,-438769,26656,0.5
1900-01-20 01:34:00,7617.0,6850,7617.5,74775,100517,642255,-541738,-67925,0.5
1900-01-20 01:34:15,7610.0,1010,7612.0,84400,167135,689646,-522511,-83390,2.0
1900-01-20 01:34:30,7585.0,56574,7585.5,154581,161312,1761623,-1600311,-98007,0.5
1900-01-20 01:34:45,7600.0,205823,7600.5,10528,374311,618925,-244614,195295,0.5
1900-01-20 01:35:00,7620.5,159820,7621.0,164179,448663,170362,278301,-4359,0.5
1900-01-20 01:35:15,7623.0,9545,7623.5,339496,667898,402741,265157,-329951,0.5
1900-01-20 01:35:30,7622.5,18998,7623.0,109251,290485,325623,-35138,-90253,0.5
1900-01-20 01:35:45,7623.5,12817,7624.0,244824,367899,150366,217533,-232007,0.5
1900-01-20 01:36:00,7623.5,276968,7624.0,490717,214975,419883,-204908,-213749,0.5
1900-01-20 01:36:15,7629.0,338223,7629.5,43787,378325,169674,208651,294436,0.5
1900-01-20 01:36:30,7643.0,214099,7643.5,54615,229502,87877,141625,159484,0.5
1900-01-20 01:36:45,7633.0,69570,7637.0,1198084,339886,172856,167030,-1128514,4.0
1900-01-20 01:37:00,7621.0,41570,7621.5,921557,144969,689155,-544186,-879987,0.5
1900-01-20 01:37:15,7610.5,466321,7611.0,71798,167195,622431,-455236,394523,0.5
1900-01-20 01:37:30,7582.0,127491,7593.5,30037,80955,782472,-701517,97454,11.5
1900-01-20 01:37:45,7597.5,6000,7598.0,22148,241142,599074,-357932,-16148,0.5
1900-01-20 01:38:00,7599.5,765092,7600.0,15009,199440,210820,-11380,750083,0.5
1900-01-20 01:38:15,7598.0,2170,7598.5,434738,84000,196846,-112846,-432568,0.5
1900-01-20 01:38:30,7591.0,227649,7591.5,88321,73214,423033,-349819,139328,0.5
1900-01-20 01:38:45,7576.5,86087,7577.0,11596,64488,552006,-487518,74491,0.5
1900-01-20 01:39:00,7577.5,284452,7578.0,19800,158016,1107226,-949210,264652,0.5
1900-01-20 01:39:15,7565.0,274514,7565.5,283775,166590,1546984,-1380394,-9261,0.5
1900-01-20 01:39:30,7571.0,9749,7571.5,16062,539165,611837,-72672,-6313,0.5
1900-01-20 01:39:45,7578.5,235648,7579.0,32949,253113,168927,84186,202699,0.5
1900-01-20 01:40:00,7587.5,2196769,7588.0,38511,471825,258870,212955,2158258,0.5
1900-01-20 01:40:15,7590.0,154169,7590.5,5391,481894,312463,169431,148778,0.5
1900-01-20 01:40:30,7581.5,17215,7582.0,54000,282885,349710,-66825,-36785,0.5
1900-01-20 01:40:45,7580.0,297071,7580.5,461853,101689,108138,-6449,-164782,0.5
1900-01-20 01:41:00,7570.5,456203,7571.0,247905,313304,227115,86189,208298,0.5
1900-01-20 01:41:15,7587.0,45947,7587.5,16493,608237,62458,545779,29454,0.5
1900-01-20 01:41:30,7588.5,145976,7589.0,64938,293186,208359,84827,81038,0.5
1900-01-20 01:41:45,7596.0,50026,7596.5,349480,99473,123862,-24389,-299454,0.5
1900-01-20 01:42:00,7585.0,1328879,7585.5,82979,41454,303610,-262156,1245900,0.5
1900-01-20 01:42:15,7579.5,61318,7580.0,294706,86138,957919,-871781,-233388,0.5
1900-01-20 01:42:30,7587.5,703874,7588.0,101331,152882,69022,83860,602543,0.5
1900-01-20 01:42:45,7573.5,1152964,7574.0,75000,44199,302733,-258534,1077964,0.5
1900-01-20 01:43:00,7583.5,67126,7584.0,447027,240409,38910,201499,-379901,0.5
1900-01-20 01:43:15,7580.0,102981,7580.5,631496,50215,338506,-288291,-528515,0.5
1900-01-20 01:43:30,7580.0,261691,7580.5,308156,206812,199942,6870,-46465,0.5
1900-01-20 01:43:45,7575.5,6633,7576.5,4386,41361,670901,-629540,2247,1.0
1900-01-20 01:44:00,7571.5,16440,7572.0,8025,122535,510684,-388149,8415,0.5
1900-01-20 01:44:15,7569.5,20,7570.0,152452,267828,795988,-528160,-152432,0.5
1900-01-20 01:44:30,7579.5,165240,7580.0,149255,171958,148468,23490,15985,0.5
1900-01-20 01:44:45,7566.5,812299,7567.0,29841,77005,573833,-496828,782458,0.5
1900-01-20 01:45:00,7566.5,436442,7567.0,211674,198955,57438,141517,224768,0.5
1900-01-20 01:45:15,7561.0,18770,7561.5,87228,55441,272053,-216612,-68458,0.5
1900-01-20 01:45:30,7555.0,90434,7555.5,134550,28622,197526,-168904,-44116,0.5
1900-01-20 01:45:45,7558.5,176257,7559.0,41534,1075597,437722,637875,134723,0.5
1900-01-20 01:46:00,7572.5,11172,7573.0,903788,397037,250667,146370,-892616,0.5
1900-01-20 01:46:15,7567.5,15706,7568.0,648422,30799,1162587,-1131788,-632716,0.5
1900-01-20 01:46:30,7579.5,1348446,7580.0,204607,277661,39369,238292,1143839,0.5
1900-01-20 01:46:45,7579.5,150919,7580.0,495693,291165,256610,34555,-344774,0.5
1900-01-20 01:47:00,7590.0,679315,7590.5,16412,230936,75196,155740,662903,0.5
1900-01-20 01:47:15,7589.5,1047468,7590.0,5455,183305,135997,47308,1042013,0.5
1900-01-20 01:47:30,7602.0,105512,7602.5,460480,611524,232848,378676,-354968,0.5
1900-01-20 01:47:45,7599.5,348809,7600.0,1497219,430003,394152,35851,-1148410,0.5
1900-01-20 01:48:00,7614.0,78000,7615.0,1435055,470561,319661,150900,-1357055,1.0
1900-01-20 01:48:15,7606.0,101960,7606.5,33858,588253,489440,98813,68102,0.5
1900-01-20 01:48:30,7602.0,368138,7602.5,2321,211176,307673,-96497,365817,0.5
1900-01-20 01:48:45,7602.5,129046,7603.0,116131,121858,165829,-43971,12915,0.5
1900-01-20 01:49:00,7609.5,219571,7610.0,411285,490526,109899,380627,-191714,0.5
1900-01-20 01:49:15,7605.0,616960,7605.5,125500,70022,172874,-102852,491460,0.5
1900-01-20 01:49:30,7596.5,121444,7597.0,405183,44085,502857,-458772,-283739,0.5
1900-01-20 01:49:45,7597.5,666471,7598.0,488913,133577,154347,-20770,177558,0.5
1900-01-20 01:50:00,7604.5,307754,7605.0,390240,221505,91997,129508,-82486,0.5
1900-01-20 01:50:15,7608.5,572939,7609.0,123625,69136,105433,-36297,449314,0.5
1900-01-20 01:50:30,7612.0,145590,7612.5,59153,352239,43591,308648,86437,0.5
1900-01-20 01:50:45,7621.5,290164,7622.0,13573,1223656,24628,1199028,276591,0.5
1900-01-20 01:51:00,7624.0,294374,7626.0,16000,717601,207561,510040,278374,2.0
1900-01-20 01:51:15,7636.0,43405,7636.5,26362,516169,79709,436460,17043,0.5
1900-01-20 01:51:30,7624.0,124173,7624.5,471270,90463,358600,-268137,-347097,0.5
1900-01-20 01:51:45,7599.5,275236,7600.0,2464543,1087757,461131,626626,-2189307,0.5
1900-01-20 01:52:00,7590.5,19806,7591.0,47000,1128589,459087,669502,-27194,0.5
1900-01-20 01:52:15,7594.5,971939,7595.0,7678,66989,399532,-332543,964261,0.5
1900-01-20 01:52:30,7594.5,99845,7595.0,580418,514096,98318,415778,-480573,0.5
1900-01-20 01:52:45,7597.5,596113,7598.0,65725,342921,89825,253096,530388,0.5
1900-01-20 01:53:00,7590.0,136267,7590.5,505660,70442,118796,-48354,-369393,0.5
1900-01-20 01:53:15,7588.5,58719,7589.0,761466,66008,164699,-98691,-702747,0.5
1900-01-20 01:53:30,7588.5,232038,7589.0,354614,168250,261243,-92993,-122576,0.5
1900-01-20 01:53:45,7584.5,641150,7585.0,203209,113823,107747,6076,437941,0.5
1900-01-20 01:54:00,7586.0,365618,7586.5,297947,270976,22967,248009,67671,0.5
1900-01-20 01:54:15,7589.0,382324,7589.5,24026,70990,25684,45306,358298,0.5
1900-01-20 01:54:30,7593.0,309008,7593.5,126996,98128,60193,37935,182012,0.5
1900-01-20 01:54:45,7591.0,8058,7591.5,463851,91912,144209,-52297,-455793,0.5
1900-01-20 01:55:00,7599.0,216371,7599.5,31444,182839,132222,50617,184927,0.5
1900-01-20 01:55:15,7600.5,327873,7601.0,5082,1293945,50316,1243629,322791,0.5
1900-01-20 01:55:30,7605.5,46760,7606.0,149162,403232,53419,349813,-102402,0.5
1900-01-20 01:55:45,7597.5,40,7598.0,27902,203720,183206,20514,-27862,0.5
1900-01-20 01:56:00,7591.0,407699,7591.5,7940,34827,133399,-98572,399759,0.5
1900-01-20 01:56:15,7586.0,18259,7586.5,442067,24915,88250,-63335,-423808,0.5
1900-01-20 01:56:30,7590.0,790570,7590.5,6925,163354,1304472,-1141118,783645,0.5
1900-01-20 01:56:45,7593.5,432845,7594.0,224487,81263,66796,14467,208358,0.5
1900-01-20 01:57:00,7599.5,52086,7600.0,117369,169167,33231,135936,-65283,0.5
1900-01-20 01:57:15,7589.5,363846,7590.0,165,305969,461178,-155209,363681,0.5
1900-01-20 01:57:30,7597.0,267792,7597.5,212766,117755,20908,96847,55026,0.5
1900-01-20 01:57:45,7593.5,540206,7594.0,5847,174000,217152,-43152,534359,0.5
1900-01-20 01:58:00,7600.0,356195,7600.5,23339,108838,16382,92456,332856,0.5
1900-01-20 01:58:15,7604.5,214300,7605.0,37883,87129,42760,44369,176417,0.5
1900-01-20 01:58:30,7612.0,180178,7612.5,110564,185489,33834,151655,69614,0.5
1900-01-20 01:58:45,7603.5,345564,7604.0,122009,141448,146347,-4899,223555,0.5
1900-01-20 01:59:00,7610.5,309665,7611.0,19043,107818,47822,59996,290622,0.5
1900-01-20 01:59:15,7607.0,485232,7607.5,225131,13828,127875,-114047,260101,0.5
1900-01-20 01:59:30,7604.0,557209,7604.5,341259,200802,170800,30002,215950,0.5
1900-01-20 01:59:45,7604.5,339943,7605.0,104273,56929,27472,29457,235670,0.5
1900-01-20 02:00:00,7604.5,921594,7605.0,25409,35644,47442,-11798,896185,0.5
1900-01-20 02:00:15,7623.5,14877,7624.0,36000,737601,81720,655881,-21123,0.5
1900-01-20 02:00:30,7624.5,10000,7630.0,41845,823183,503509,319674,-31845,5.5
1900-01-20 02:00:45,7629.5,199885,7630.0,42446,387640,42316,345324,157439,0.5
1900-01-20 02:01:00,7626.5,302053,7627.0,10000,239259,292089,-52830,292053,0.5
1900-01-20 02:01:15,7634.5,308077,7635.0,250935,475213,116073,359140,57142,0.5
1900-01-20 02:01:30,7630.5,552042,7631.0,80972,113069,106854,6215,471070,0.5
1900-01-20 02:01:45,7627.5,361987,7628.0,14071,355213,488966,-133753,347916,0.5
1900-01-20 02:02:00,7633.0,324671,7633.5,132764,353723,193153,160570,191907,0.5
1900-01-20 02:02:15,7622.5,897,7623.0,180101,47646,375605,-327959,-179204,0.5
1900-01-20 02:02:30,7612.5,298128,7613.0,163057,81073,499644,-418571,135071,0.5
1900-01-20 02:02:45,7620.0,678128,7620.5,213194,208499,62010,146489,464934,0.5
1900-01-20 02:03:00,7616.0,375111,7616.5,226727,167561,49858,117703,148384,0.5
1900-01-20 02:03:15,7618.0,469885,7618.5,158325,68211,42534,25677,311560,0.5
1900-01-20 02:03:30,7620.0,627710,7620.5,24205,120376,138641,-18265,603505,0.5
1900-01-20 02:03:45,7622.0,575571,7622.5,306749,123541,85942,37599,268822,0.5
1900-01-20 02:04:00,7625.5,461525,7626.0,11216,112542,58675,53867,450309,0.5
1900-01-20 02:04:15,7627.5,165017,7628.0,347802,47566,14280,33286,-182785,0.5
1900-01-20 02:04:30,7629.5,480596,7630.0,127824,173878,42731,131147,352772,0.5
1900-01-20 02:04:45,7638.5,56820,7639.0,156819,727246,64889,662357,-99999,0.5
1900-01-20 02:05:00,7644.5,374272,7645.0,8,1698631,19762,1678869,374264,0.5
1900-01-20 02:05:15,7653.5,501140,7654.0,813207,3956481,106210,3850271,-312067,0.5
1900-01-20 02:05:30,7677.0,8000,7677.5,165005,3056978,100208,2956770,-157005,0.5
1900-01-20 02:05:45,7730.0,2375,7765.5,19450,4318463,190622,4127841,-17075,35.5
1900-01-20 02:06:00,7753.5,1805949,7754.0,22016,1874151,1041312,832839,1783933,0.5
1900-01-20 02:06:15,7729.0,9539,7730.0,48000,1226696,1714761,-488065,-38461,1.0
1900-01-20 02:06:30,7759.5,9679,7760.0,17963,603595,579806,23789,-8284,0.5
1900-01-20 02:06:45,7763.5,200000,7764.0,10600,842242,452011,390231,189400,0.5
1900-01-20 02:07:00,7771.0,41525,7771.5,101210,1432173,769077,663096,-59685,0.5
1900-01-20 02:07:15,7783.5,51159,7784.0,70136,909003,305841,603162,-18977,0.5
1900-01-20 02:07:30,7765.5,4093,7767.0,9439,345304,454447,-109143,-5346,1.5
1900-01-20 02:07:45,7760.5,64531,7763.5,6000,515360,375073,140287,58531,3.0
1900-01-20 02:08:00,7749.0,500490,7749.5,788553,169412,656735,-487323,-288063,0.5
1900-01-20 02:08:15,7734.5,5000,7736.0,4200,276414,948897,-672483,800,1.5
1900-01-20 02:08:30,7743.0,89381,7743.5,6513,441406,604184,-162778,82868,0.5
1900-01-20 02:08:45,7749.5,218259,7750.5,146,608013,210868,397145,218113,1.0
1900-01-20 02:09:00,7753.0,53990,7753.5,43237,324653,348099,-23446,10753,0.5
1900-01-20 02:09:15,7760.0,51205,7760.5,71044,214782,584414,-369632,-19839,0.5
1900-01-20 02:09:30,7769.5,48992,7770.0,130236,565492,139567,425925,-81244,0.5
1900-01-20 02:09:45,7770.0,747014,7770.5,50,456016,353412,102604,746964,0.5
1900-01-20 02:10:00,7780.0,199681,7780.5,1000,692751,49362,643389,198681,0.5
1900-01-20 02:10:15,7786.5,46646,7787.0,16968,1676860,261638,1415222,29678,0.5
1900-01-20 02:10:30,7789.0,253134,7789.5,26130,924264,466457,457807,227004,0.5
1900-01-20 02:10:45,7790.5,20602,7791.0,186655,432707,181587,251120,-166053,0.5
1900-01-20 02:11:00,7771.0,2009,7771.5,32865,226453,779273,-552820,-30856,0.5
1900-01-20 02:11:15,7760.0,161973,7760.5,81735,100225,518059,-417834,80238,0.5
1900-01-20 02:11:30,7751.0,264398,7751.5,86931,41225,912549,-871324,177467,0.5
1900-01-20 02:11:45,7767.0,181977,7767.5,757867,607727,188194,419533,-575890,0.5
1900-01-20 02:12:00,7757.5,4987,7758.0,29200,400937,479060,-78123,-24213,0.5
1900-01-20 02:12:15,7745.5,396824,7746.0,15853,70364,470179,-399815,380971,0.5
1900-01-20 02:12:30,7748.5,24072,7749.0,32245,146022,284687,-138665,-8173,0.5
1900-01-20 02:12:45,7735.5,370468,7736.0,471030,63477,427872,-364395,-100562,0.5
1900-01-20 02:13:00,7744.0,518,7757.5,3008,1550518,172488,1378030,-2490,13.5
1900-01-20 02:13:15,7768.0,11319,7768.5,4200,544643,136929,407714,7119,0.5
1900-01-20 02:13:30,7763.0,15751,7763.5,63725,299022,148793,150229,-47974,0.5
1900-01-20 02:13:45,7771.0,237521,7771.5,105226,322447,320487,1960,132295,0.5
1900-01-20 02:14:00,7782.5,6310,7783.0,8000,543630,171965,371665,-1690,0.5
1900-01-20 02:14:15,7817.0,3062,7818.0,50543,1220382,262960,957422,-47481,1.0
1900-01-20 02:14:30,7835.5,1663557,7836.0,26700,1322608,806054,516554,1636857,0.5
1900-01-20 02:14:45,7827.0,584467,7827.5,33762,1031443,1541129,-509686,550705,0.5
1900-01-20 02:15:00,7830.5,276697,7831.0,149720,397776,177053,220723,126977,0.5
1900-01-20 02:15:15,7834.0,30000,7834.5,1103219,958902,162168,796734,-1073219,0.5
1900-01-20 02:15:30,7808.0,22808,7808.5,434108,88289,450797,-362508,-411300,0.5
1900-01-20 02:15:45,7800.0,269978,7803.0,854857,388512,743055,-354543,-584879,3.0
1900-01-20 02:16:00,7780.0,623515,7780.5,147485,297758,761715,-463957,476030,0.5
1900-01-20 02:16:15,7798.0,115868,7798.5,795044,431599,517839,-86240,-679176,0.5
1900-01-20 02:16:30,7785.0,59560,7785.5,286,386083,563090,-177007,59274,0.5
1900-01-20 02:16:45,7782.0,30370,7782.5,919405,375914,236609,139305,-889035,0.5
1900-01-20 02:17:00,7787.5,12806,7788.0,575924,154390,344704,-190314,-563118,0.5
1900-01-20 02:17:15,7777.0,367814,7777.5,231712,122497,678098,-555601,136102,0.5
1900-01-20 02:17:30,7772.0,256714,7772.5,305304,190066,257399,-67333,-48590,0.5
1900-01-20 02:17:45,7768.0,241403,7768.5,538887,35903,1526801,-1490898,-297484,0.5
1900-01-20 02:18:00,7771.0,169650,7771.5,26566,65763,621041,-555278,143084,0.5
1900-01-20 02:18:15,7789.0,56676,7790.0,2950,365059,168761,196298,53726,1.0
1900-01-20 02:18:30,7800.0,61157,7800.5,10000,787363,261007,526356,51157,0.5
1900-01-20 02:18:45,7790.5,560784,7791.0,177299,329188,331361,-2173,383485,0.5
1900-01-20 02:19:00,7781.0,47743,7781.5,387156,225954,98457,127497,-339413,0.5
1900-01-20 02:19:15,7781.0,503554,7781.5,9599,64442,102461,-38019,493955,0.5
1900-01-20 02:19:30,7777.0,338894,7777.5,112819,168810,368761,-199951,226075,0.5
1900-01-20 02:19:45,7775.0,68794,7775.5,312662,5946,302145,-296199,-243868,0.5
1900-01-20 02:20:00,7770.0,735422,7770.5,254290,164329,118870,45459,481132,0.5
1900-01-20 02:20:15,7763.0,115091,7763.5,430904,262563,257344,5219,-315813,0.5
1900-01-20 02:20:30,7779.5,161651,7780.0,585035,565048,141258,423790,-423384,0.5
1900-01-20 02:20:45,7773.0,220205,7773.5,162568,59005,88146,-29141,57637,0.5
1900-01-20 02:21:00,7770.0,480278,7770.5,106398,33627,130553,-96926,373880,0.5
1900-01-20 02:21:15,7779.5,261379,7780.0,475613,424523,53264,371259,-214234,0.5
1900-01-20 02:21:30,7786.5,144892,7787.0,59764,287321,49234,238087,85128,0.5
1900-01-20 02:21:45,7787.0,903762,7787.5,11403,330245,61314,268931,892359,0.5
1900-01-20 02:22:00,7790.0,1721,7790.5,661425,107603,96687,10916,-659704,0.5
1900-01-20 02:22:15,7777.0,45677,7777.5,405745,70904,181426,-110522,-360068,0.5
1900-01-20 02:22:30,7778.5,129126,7779.0,23248,33787,178350,-144563,105878,0.5
1900-01-20 02:22:45,7776.0,144374,7776.5,513125,101324,268413,-167089,-368751,0.5
1900-01-20 02:23:00,7775.5,6351,7776.0,560754,9109,145027,-135918,-554403,0.5
1900-01-20 02:23:15,7769.0,172931,7769.5,495597,49457,568532,-519075,-322666,0.5
1900-01-20 02:23:30,7776.5,65007,7777.0,448924,98115,67411,30704,-383917,0.5
1900-01-20 02:23:45,7773.0,1896,7773.5,57241,48813,71751,-22938,-55345,0.5
1900-01-20 02:24:00,7764.0,10232,7764.5,436367,10920,225904,-214984,-426135,0.5
1900-01-20 02:24:15,7760.0,59857,7760.5,447165,114112,521679,-407567,-387308,0.5
1900-01-20 02:24:30,7756.0,98127,7756.5,577554,78272,83035,-4763,-479427,0.5
1900-01-20 02:24:45,7750.0,773687,7750.5,469985,40965,786786,-745821,303702,0.5
1900-01-20 02:25:00,7747.5,60931,7748.5,2710,72617,884505,-811888,58221,1.0
1900-01-20 02:25:15,7756.5,483869,7757.0,290229,193647,157075,36572,193640,0.5
1900-01-20 02:25:30,7762.0,642334,7762.5,309400,337601,38444,299157,332934,0.5
1900-01-20 02:25:45,7780.5,289848,7781.0,277785,428633,68687,359946,12063,0.5
1900-01-20 02:26:00,7760.0,8394,7760.5,49800,72156,545844,-473688,-41406,0.5
1900-01-20 02:26:15,7766.0,212771,7766.5,205587,251693,166543,85150,7184,0.5
1900-01-20 02:26:30,7763.0,475594,7763.5,100139,332567,57333,275234,375455,0.5
1900-01-20 02:26:45,7770.0,139094,7770.5,678472,42959,12895,30064,-539378,0.5
1900-01-20 02:27:00,7771.0,448594,7771.5,91612,163852,178191,-14339,356982,0.5
1900-01-20 02:27:15,7770.5,19919,7771.0,732377,24436,73549,-49113,-712458,0.5
1900-01-20 02:27:30,7767.0,13288,7767.5,659261,57893,60031,-2138,-645973,0.5
1900-01-20 02:27:45,7762.5,735,7763.0,657356,7164,437794,-430630,-656621,0.5
1900-01-20 02:28:00,7755.0,1114202,7755.5,15192,57044,372797,-315753,1099010,0.5
1900-01-20 02:28:15,7761.5,29724,7762.0,244958,248984,151442,97542,-215234,0.5
1900-01-20 02:28:30,7765.0,137141,7765.5,444757,36700,44399,-7699,-307616,0.5
1900-01-20 02:28:45,7764.5,293538,7765.0,283297,66214,81478,-15264,10241,0.5
1900-01-20 02:29:00,7758.0,655803,7758.5,38817,48016,53207,-5191,616986,0.5
1900-01-20 02:29:15,7763.5,50,7764.0,24432,175617,59513,116104,-24382,0.5
1900-01-20 02:29:30,7761.5,1165475,7762.0,545839,46211,398881,-352670,619636,0.5
1900-01-20 02:29:45,7765.0,578743,7765.5,3552473,575244,95608,479636,-2973730,0.5
1900-01-20 02:30:00,7779.5,1312050,7780.0,93788,240081,51128,188953,1218262,0.5
1900-01-20 02:30:15,7789.0,262724,7789.5,243206,367784,59194,308590,19518,0.5
1900-01-20 02:30:30,7785.0,219228,7785.5,538001,311485,116802,194683,-318773,0.5
1900-01-20 02:30:45,7796.5,513221,7797.0,231646,396529,57161,339368,281575,0.5
1900-01-20 02:31:00,7787.0,14337,7787.5,227082,401302,144582,256720,-212745,0.5
1900-01-20 02:31:15,7798.5,34000,7799.0,17406,340325,177394,162931,16594,0.5
1900-01-20 02:31:30,7811.5,105726,7812.0,344641,1109219,15384,1093835,-238915,0.5
1900-01-20 02:31:45,7801.0,14110,7803.5,2000,342234,383260,-41026,12110,2.5
1900-01-20 02:32:00,7790.5,506823,7791.0,189169,78204,539294,-461090,317654,0.5
1900-01-20 02:32:15,7794.5,23744,7795.0,241174,337862,355575,-17713,-217430,0.5
1900-01-20 02:32:30,7796.0,170560,7796.5,196479,302035,184955,117080,-25919,0.5
1900-01-20 02:32:45,7804.0,65000,7804.5,183069,127054,42214,84840,-118069,0.5
1900-01-20 02:33:00,7796.0,82124,7796.5,305503,292413,188527,103886,-223379,0.5
1900-01-20 02:33:15,7799.5,3720,7800.5,615839,40231,57908,-17677,-612119,1.0
1900-01-20 02:33:30,7788.0,3059,7788.5,722007,78262,246021,-167759,-718948,0.5
1900-01-20 02:33:45,7777.5,239079,7778.5,1685,51927,295756,-243829,237394,1.0
1900-01-20 02:34:00,7773.0,58,7773.5,216220,102990,309501,-206511,-216162,0.5
1900-01-20 02:34:15,7760.0,306023,7760.5,115403,15138,285619,-270481,190620,0.5
1900-01-20 02:34:30,7764.0,80350,7764.5,37003,238864,254093,-15229,43347,0.5
1900-01-20 02:34:45,7758.0,399056,7758.5,384602,69608,107052,-37444,14454,0.5
1900-01-20 02:35:00,7756.5,167735,7757.0,57239,242605,516800,-274195,110496,0.5
1900-01-20 02:35:15,7760.0,450011,7760.5,154859,476212,244319,231893,295152,0.5
1900-01-20 02:35:30,7773.0,169236,7773.5,149291,128075,57423,70652,19945,0.5
1900-01-20 02:35:45,7769.0,5147,7769.5,57759,187903,110297,77606,-52612,0.5
1900-01-20 02:36:00,7767.5,49931,7768.0,442310,20183,55632,-35449,-392379,0.5
1900-01-20 02:36:15,7777.0,150000,7778.0,368153,86189,49323,36866,-218153,1.0
1900-01-20 02:36:30,7769.0,512509,7769.5,205581,81859,197158,-115299,306928,0.5
1900-01-20 02:36:45,7766.0,75109,7766.5,435973,67376,93079,-25703,-360864,0.5
1900-01-20 02:37:00,7766.0,727311,7766.5,229883,90754,92751,-1997,497428,0.5
1900-01-20 02:37:15,7769.0,59722,7769.5,784431,205845,114277,91568,-724709,0.5
1900-01-20 02:37:30,7772.0,33499,7772.5,15509,54905,60497,-5592,17990,0.5
1900-01-20 02:37:45,7788.0,35932,7788.5,662,383916,47535,336381,35270,0.5
1900-01-20 02:38:00,7783.0,5119,7783.5,113632,392080,100258,291822,-108513,0.5
1900-01-20 02:38:15,7776.5,585388,7777.0,5000,77328,181230,-103902,580388,0.5
1900-01-20 02:38:30,7784.5,243291,7785.0,19260,369215,27744,341471,224031,0.5
1900-01-20 02:38:45,7786.0,759211,7786.5,30,98549,87401,11148,759181,0.5
1900-01-20 02:39:00,7792.0,114326,7792.5,486643,159829,25145,134684,-372317,0.5
1900-01-20 02:39:15,7796.5,397620,7798.0,82753,182272,86656,95616,314867,1.5
1900-01-20 02:39:30,7800.0,277067,7800.5,598253,257470,160661,96809,-321186,0.5
1900-01-20 02:39:45,7798.0,25794,7798.5,555980,169864,578339,-408475,-530186,0.5
1900-01-20 02:40:00,7797.0,114084,7797.5,29658,41172,144316,-103144,84426,0.5
1900-01-20 02:40:15,7784.5,314122,7785.0,449798,54299,104752,-50453,-135676,0.5
1900-01-20 02:40:30,7782.0,524,7782.5,134275,67224,294563,-227339,-133751,0.5
1900-01-20 02:40:45,7783.0,644202,7783.5,1230,258154,13476,244678,642972,0.5
1900-01-20 02:41:00,7784.5,709736,7785.0,77506,75524,20169,55355,632230,0.5
1900-01-20 02:41:15,7795.5,432699,7796.0,101388,237524,40267,197257,331311,0.5
1900-01-20 02:41:30,7810.5,109586,7811.0,142201,1334030,83444,1250586,-32615,0.5
1900-01-20 02:41:45,7811.5,5736,7812.0,362318,310302,81141,229161,-356582,0.5
1900-01-20 02:42:00,7811.5,525513,7812.0,49579,139539,92150,47389,475934,0.5
1900-01-20 02:42:15,7819.5,424252,7820.0,73976,671305,118526,552779,350276,0.5
1900-01-20 02:42:30,7820.0,532836,7820.5,31397,265675,178240,87435,501439,0.5
1900-01-20 02:42:45,7814.5,38584,7815.0,58662,274036,86674,187362,-20078,0.5
1900-01-20 02:43:00,7815.0,10143,7815.5,546636,231822,277069,-45247,-536493,0.5
1900-01-20 02:43:15,7806.5,704689,7807.0,158615,24219,410450,-386231,546074,0.5
1900-01-20 02:43:30,7804.5,41877,7805.0,138563,109587,412767,-303180,-96686,0.5
1900-01-20 02:43:45,7796.0,531571,7796.5,6570,134207,363272,-229065,525001,0.5
1900-01-20 02:44:00,7792.5,228850,7793.0,153888,72552,190172,-117620,74962,0.5
1900-01-20 02:44:15,7790.0,319210,7790.5,1775,43925,94336,-50411,317435,0.5
1900-01-20 02:44:30,7789.5,319760,7790.0,211802,29984,63026,-33042,107958,0.5
1900-01-20 02:44:45,7789.5,168301,7790.0,125356,84112,69976,14136,42945,0.5
1900-01-20 02:45:00,7788.0,33634,7788.5,145368,99813,63842,35971,-111734,0.5
1900-01-20 02:45:15,7785.0,215686,7785.5,460747,60348,325122,-264774,-245061,0.5
1900-01-20 02:45:30,7784.0,18061,7784.5,752939,15291,70493,-55202,-734878,0.5
1900-01-20 02:45:45,7766.0,183966,7766.5,54939,21661,798394,-776733,129027,0.5
1900-01-20 02:46:00,7776.0,557472,7776.5,271178,109805,96612,13193,286294,0.5
1900-01-20 02:46:15,7778.5,114874,7779.0,136405,136294,149778,-13484,-21531,0.5
1900-01-20 02:46:30,7778.5,72124,7779.0,331194,348153,97416,250737,-259070,0.5
1900-01-20 02:46:45,7781.5,89116,7782.0,416393,90639,148381,-57742,-327277,0.5
1900-01-20 02:47:00,7777.0,139808,7777.5,314737,13113,22834,-9721,-174929,0.5
1900-01-20 02:47:15,7774.0,15183,7774.5,261279,72115,130531,-58416,-246096,0.5
1900-01-20 02:47:30,7773.5,13975,7774.0,398740,49489,135374,-85885,-384765,0.5
1900-01-20 02:47:45,7775.0,176589,7775.5,7096,147643,140661,6982,169493,0.5
1900-01-20 02:48:00,7775.0,868740,7775.5,9096,54495,121164,-66669,859644,0.5
1900-01-20 02:48:15,7774.0,149092,7774.5,640022,66966,362637,-295671,-490930,0.5
1900-01-20 02:48:30,7782.0,474261,7782.5,4648,196914,65027,131887,469613,0.5
1900-01-20 02:48:45,7785.5,36028,7786.0,904873,111855,77991,33864,-868845,0.5
1900-01-20 02:49:00,7778.5,25000,7779.0,15332,26742,198274,-171532,9668,0.5
1900-01-20 02:49:15,7771.0,600528,7771.5,20813,12201,104366,-92165,579715,0.5
1900-01-20 02:49:30,7780.0,579610,7780.5,306952,58301,82547,-24246,272658,0.5
1900-01-20 02:49:45,7780.0,487086,7780.5,508833,4556,24100,-19544,-21747,0.5
1900-01-20 02:50:00,7777.0,60390,7777.5,378950,24065,94670,-70605,-318560,0.5
1900-01-20 02:50:15,7774.5,153769,7775.0,242126,93370,52935,40435,-88357,0.5
1900-01-20 02:50:30,7765.0,740270,7765.5,326222,74089,169678,-95589,414048,0.5
1900-01-20 02:50:45,7771.5,104482,7772.0,21718,178176,508676,-330500,82764,0.5
1900-01-20 02:51:00,7763.5,7725,7764.0,1319,91314,85199,6115,6406,0.5
1900-01-20 02:51:15,7767.5,128837,7768.0,406393,168226,61366,106860,-277556,0.5
1900-01-20 02:51:30,7765.5,4350,7766.0,682960,75523,36815,38708,-678610,0.5
1900-01-20 02:51:45,7761.5,461931,7762.0,239198,6115,99101,-92986,222733,0.5
1900-01-20 02:52:00,7760.0,467171,7760.5,220388,47747,226800,-179053,246783,0.5
1900-01-20 02:52:15,7759.5,85116,7760.0,661589,69731,237200,-167469,-576473,0.5
1900-01-20 02:52:30,7757.0,537728,7757.5,370077,19959,236944,-216985,167651,0.5
1900-01-20 02:52:45,7768.0,302,7768.5,517331,174934,42916,132018,-517029,0.5
1900-01-20 02:53:00,7765.5,908512,7766.0,6220,170738,22984,147754,902292,0.5
1900-01-20 02:53:15,7776.0,123136,7776.5,13792,1066489,12845,1053644,109344,0.5
1900-01-20 02:53:30,7772.5,106046,7773.0,439259,55932,101227,-45295,-333213,0.5
1900-01-20 02:53:45,7776.5,505142,7777.0,146050,167633,42257,125376,359092,0.5
1900-01-20 02:54:00,7765.0,822228,7765.5,43773,59735,76899,-17164,778455,0.5
1900-01-20 02:54:15,7765.0,70552,7765.5,166355,6739,47354,-40615,-95803,0.5
1900-01-20 02:54:30,7767.0,622739,7767.5,46717,13479,26915,-13436,576022,0.5
1900-01-20 02:54:45,7767.5,585638,7768.0,64624,32758,49884,-17126,521014,0.5
1900-01-20 02:55:00,7767.5,320426,7768.0,78764,40829,43106,-2277,241662,0.5
1900-01-20 02:55:15,7760.5,58835,7761.0,248803,12551,274537,-261986,-189968,0.5
1900-01-20 02:55:30,7760.0,527901,7760.5,47361,20768,143378,-122610,480540,0.5
1900-01-20 02:55:45,7758.0,44927,7758.5,301883,8827,81182,-72355,-256956,0.5
1900-01-20 02:56:00,7756.5,284420,7757.0,344723,19563,189298,-169735,-60303,0.5
1900-01-20 02:56:15,7760.0,710678,7760.5,546240,43920,892618,-848698,164438,0.5
1900-01-20 02:56:30,7760.0,980188,7760.5,126110,289305,436526,-147221,854078,0.5
1900-01-20 02:56:45,7759.0,344167,7759.5,160720,145789,31380,114409,183447,0.5
1900-01-20 02:57:00,7759.0,369289,7759.5,232080,70217,19024,51193,137209,0.5
1900-01-20 02:57:15,7759.0,153864,7759.5,427946,14019,208902,-194883,-274082,0.5
1900-01-20 02:57:30,7752.5,82316,7753.0,174852,18014,96254,-78240,-92536,0.5
1900-01-20 02:57:45,7752.5,10370,7753.0,201726,16440,113832,-97392,-191356,0.5
1900-01-20 02:58:00,7750.0,2419628,7750.5,165083,26042,783382,-757340,2254545,0.5
1900-01-20 02:58:15,7740.0,166797,7740.5,840677,31005,2246726,-2215721,-673880,0.5
1900-01-20 02:58:30,7749.5,487113,7750.0,369627,936577,451520,485057,117486,0.5
1900-01-20 02:58:45,7744.0,358830,7744.5,442533,227285,286782,-59497,-83703,0.5
1900-01-20 02:59:00,7752.5,47163,7753.0,449392,221726,193282,28444,-402229,0.5
1900-01-20 02:59:15,7745.0,461711,7745.5,33866,55068,509924,-454856,427845,0.5
1900-01-20 02:59:30,7738.0,95987,7738.5,482366,27755,446840,-419085,-386379,0.5
1900-01-20 02:59:45,7715.5,34637,7716.0,8500,112551,1410570,-1298019,26137,0.5
1900-01-20 03:00:00,7705.5,268878,7713.0,2863,45983,1570811,-1524828,266015,7.5
1900-01-20 03:00:15,7721.0,169439,7721.5,83334,187425,1474167,-1286742,86105,0.5
1900-01-20 03:00:30,7735.5,52136,7736.0,5254,510716,122348,388368,46882,0.5
1900-01-20 03:00:45,7751.0,10000,7752.0,730386,341622,51046,290576,-720386,1.0
1900-01-20 03:01:00,7749.5,508386,7750.0,56585,314916,367656,-52740,451801,0.5
1900-01-20 03:01:15,7749.0,11998,7749.5,331916,274751,355763,-81012,-319918,0.5
1900-01-20 03:01:30,7749.0,882799,7749.5,813841,752150,293089,459061,68958,0.5
1900-01-20 03:01:45,7752.0,261150,7752.5,44660,521377,71794,449583,216490,0.5
1900-01-20 03:02:00,7763.5,534912,7764.0,166633,941054,28113,912941,368279,0.5
1900-01-20 03:02:15,7767.0,8000,7767.5,270006,402483,75530,326953,-262006,0.5
1900-01-20 03:02:30,7767.5,69532,7768.0,623681,369848,137924,231924,-554149,0.5
1900-01-20 03:02:45,7771.5,618417,7772.0,89730,257877,67108,190769,528687,0.5
1900-01-20 03:03:00,7767.5,183092,7768.0,278649,329186,30486,298700,-95557,0.5
1900-01-20 03:03:15,7767.0,110790,7767.5,580940,315661,84653,231008,-470150,0.5
1900-01-20 03:03:30,7755.5,629797,7756.0,255115,18360,472451,-454091,374682,0.5
1900-01-20 03:03:45,7761.0,93560,7761.5,389453,268540,65307,203233,-295893,0.5
1900-01-20 03:04:00,7761.0,831902,7761.5,56992,42545,62086,-19541,774910,0.5
1900-01-20 03:04:15,7761.5,662134,7762.0,260477,51259,26168,25091,401657,0.5
1900-01-20 03:04:30,7761.5,303389,7762.0,635564,144734,26368,118366,-332175,0.5
1900-01-20 03:04:45,7761.5,1010462,7762.0,322952,36803,14880,21923,687510,0.5
1900-01-20 03:05:00,7767.5,778918,7768.0,439986,142697,14103,128594,338932,0.5
1900-01-20 03:05:15,7773.5,396272,7774.0,66579,219332,17414,201918,329693,0.5
1900-01-20 03:05:30,7777.5,599145,7778.0,18815,339560,6991,332569,580330,0.5
1900-01-20 03:05:45,7777.5,750004,7778.0,181954,134170,107932,26238,568050,0.5
1900-01-20 03:06:00,7777.5,338077,7778.0,208500,32551,210026,-177475,129577,0.5
1900-01-20 03:06:15,7775.5,442035,7776.0,173273,12047,80343,-68296,268762,0.5
1900-01-20 03:06:30,7775.5,530127,7776.0,151544,31918,234605,-202687,378583,0.5
1900-01-20 03:06:45,7785.0,410016,7785.5,9636,293186,22736,270450,400380,0.5
1900-01-20 03:07:00,7785.5,273390,7786.0,714838,196335,68368,127967,-441448,0.5
1900-01-20 03:07:15,7779.5,2765,7780.0,463043,201996,109845,92151,-460278,0.5
1900-01-20 03:07:30,7780.5,4810,7781.0,208392,107798,135659,-27861,-203582,0.5
1900-01-20 03:07:45,7779.5,173495,7780.0,326685,79694,48245,31449,-153190,0.5
1900-01-20 03:08:00,7779.0,109846,7779.5,425257,27547,130473,-102926,-315411,0.5
1900-01-20 03:08:15,7777.0,56400,7777.5,445278,21818,246544,-224726,-388878,0.5
1900-01-20 03:08:30,7771.5,619544,7772.0,291921,60165,197244,-137079,327623,0.5
1900-01-20 03:08:45,7771.0,1207,7771.5,994220,74043,185560,-111517,-993013,0.5
1900-01-20 03:09:00,7775.0,2378766,7775.5,617938,15065,247523,-232458,1760828,0.5
1900-01-20 03:09:15,7767.0,48892,7767.5,143910,25667,75532,-49865,-95018,0.5
1900-01-20 03:09:30,7773.5,103898,7774.0,401489,37294,24191,13103,-297591,0.5
1900-01-20 03:09:45,7767.5,129966,7768.0,423019,11711,61122,-49411,-293053,0.5
1900-01-20 03:10:00,7771.5,530124,7772.0,151549,60609,13762,46847,378575,0.5
1900-01-20 03:10:15,7771.5,395736,7772.0,1274,128699,1562,127137,394462,0.5
1900-01-20 03:10:30,7778.0,123391,7778.5,941808,87838,22811,65027,-818417,0.5
1900-01-20 03:10:45,7774.5,323060,7775.0,474793,7733,75603,-67870,-151733,0.5
1900-01-20 03:11:00,7772.5,150753,7773.0,530982,62991,36678,26313,-380229,0.5
1900-01-20 03:11:15,7772.5,26263,7773.0,523488,90,51462,-51372,-497225,0.5
1900-01-20 03:11:30,7770.5,394731,7771.0,127467,11107,12672,-1565,267264,0.5
1900-01-20 03:11:45,7769.5,8515,7770.0,489415,12481,255129,-242648,-480900,0.5
1900-01-20 03:12:00,7769.5,316828,7770.0,193004,18162,20253,-2091,123824,0.5
1900-01-20 03:12:15,7776.5,565314,7777.0,50238,8373,23752,-15379,515076,0.5
1900-01-20 03:12:30,7780.0,572585,7780.5,323467,165615,27650,137965,249118,0.5
1900-01-20 03:12:45,7780.0,657074,7780.5,153967,115069,38570,76499,503107,0.5
1900-01-20 03:13:00,7785.0,885216,7785.5,35521,160765,25764,135001,849695,0.5
1900-01-20 03:13:15,7782.5,7110,7783.0,270095,69951,67493,2458,-262985,0.5
1900-01-20 03:13:30,7782.0,619293,7782.5,46022,24389,152034,-127645,573271,0.5
1900-01-20 03:13:45,7785.5,359529,7786.0,229766,137004,11088,125916,129763,0.5
1900-01-20 03:14:00,7785.0,62852,7785.5,501875,38939,20405,18534,-439023,0.5
1900-01-20 03:14:15,7782.5,364760,7783.0,469547,25016,64821,-39805,-104787,0.5
1900-01-20 03:14:30,7776.0,377768,7776.5,331569,167583,115801,51782,46199,0.5
1900-01-20 03:14:45,7780.5,67960,7781.0,380899,56887,32010,24877,-312939,0.5
1900-01-20 03:15:00,7782.5,398857,7783.0,39970,98262,19751,78511,358887,0.5
1900-01-20 03:15:15,7784.5,451621,7785.0,103650,319684,7648,312036,347971,0.5
1900-01-20 03:15:30,7785.5,1071150,7786.0,109592,119583,2944,116639,961558,0.5
1900-01-20 03:15:45,7794.5,460473,7795.0,52011,907571,6483,901088,408462,0.5
1900-01-20 03:16:00,7799.5,1021471,7800.0,318240,546775,60264,486511,703231,0.5
1900-01-20 03:16:15,7806.5,13748,7807.0,16772,348417,68766,279651,-3024,0.5
1900-01-20 03:16:30,7801.5,1025274,7802.0,73682,156621,214883,-58262,951592,0.5
1900-01-20 03:16:45,7806.5,28541,7807.0,383222,115991,206117,-90126,-354681,0.5
1900-01-20 03:17:00,7811.0,562549,7811.5,30271,201106,114033,87073,532278,0.5
1900-01-20 03:17:15,7811.0,1034622,7811.5,278449,210009,29365,180644,756173,0.5
1900-01-20 03:17:30,7814.0,155098,7814.5,583536,163096,129277,33819,-428438,0.5
1900-01-20 03:17:45,7807.0,19841,7807.5,744535,92659,194934,-102275,-724694,0.5
1900-01-20 03:18:00,7802.0,711380,7802.5,28798,47010,370450,-323440,682582,0.5
1900-01-20 03:18:15,7799.5,683760,7800.0,48247,136191,182847,-46656,635513,0.5
1900-01-20 03:18:30,7802.0,525456,7802.5,1365,78819,178114,-99295,524091,0.5
1900-01-20 03:18:45,7797.0,411868,7797.5,94891,77467,81897,-4430,316977,0.5
1900-01-20 03:19:00,7802.5,182726,7803.0,381654,27455,72928,-45473,-198928,0.5
1900-01-20 03:19:15,7799.5,269762,7800.0,1693848,185417,49940,135477,-1424086,0.5
1900-01-20 03:19:30,7801.0,383138,7801.5,94585,141508,51519,89989,288553,0.5
1900-01-20 03:19:45,7798.5,41710,7799.0,237030,67503,67531,-28,-195320,0.5
1900-01-20 03:20:00,7793.5,387762,7794.0,42367,11202,123443,-112241,345395,0.5
1900-01-20 03:20:15,7793.5,87114,7794.0,263457,25543,47425,-21882,-176343,0.5
1900-01-20 03:20:30,7791.5,46613,7792.0,258134,116925,263295,-146370,-211521,0.5
1900-01-20 03:20:45,7790.5,10661,7791.0,434921,44271,319031,-274760,-424260,0.5
1900-01-20 03:21:00,7786.0,324678,7786.5,193361,93064,229888,-136824,131317,0.5
1900-01-20 03:21:15,7789.5,406415,7790.0,186149,59431,154362,-94931,220266,0.5
1900-01-20 03:21:30,7799.5,129472,7800.0,428220,103666,9200,94466,-298748,0.5
1900-01-20 03:21:45,7799.5,137755,7800.0,651597,15710,11756,3954,-513842,0.5
1900-01-20 03:22:00,7804.5,225266,7805.0,180701,139912,3685,136227,44565,0.5
1900-01-20 03:22:15,7804.5,54831,7805.0,182024,183806,10277,173529,-127193,0.5
1900-01-20 03:22:30,7803.5,465261,7804.0,137029,46104,17763,28341,328232,0.5
1900-01-20 03:22:45,7801.0,434424,7801.5,183539,20700,16047,4653,250885,0.5
1900-01-20 03:23:00,7803.0,493409,7803.5,76413,130034,90316,39718,416996,0.5
1900-01-20 03:23:15,7821.5,93957,7822.0,22708,239794,18550,221244,71249,0.5
1900-01-20 03:23:30,7829.5,53689,7830.0,34911,278812,50316,228496,18778,0.5
1900-01-20 03:23:45,7818.0,47689,7818.5,150211,478714,221285,257429,-102522,0.5
1900-01-20 03:24:00,7826.0,1226334,7826.5,71333,426901,127659,299242,1155001,0.5
1900-01-20 03:24:15,7841.0,136503,7841.5,119,653824,164667,489157,136384,0.5
1900-01-20 03:24:30,7863.0,2232547,7864.0,2698,2459265,348687,2110578,2229849,1.0
1900-01-20 03:24:45,7863.5,3027,7864.0,9794,1272535,2091985,-819450,-6767,0.5
1900-01-20 03:25:00,7849.5,8000,7850.0,520149,1468053,26403,1441650,-512149,0.5
1900-01-20 03:25:15,7864.0,30,7864.5,278833,1063844,210441,853403,-278803,0.5
1900-01-20 03:25:30,7867.5,457968,7868.0,74229,727583,207960,519623,383739,0.5
1900-01-20 03:25:45,7871.5,3811,7872.0,36976,294013,154804,139209,-33165,0.5
1900-01-20 03:26:00,7871.5,490607,7872.0,377890,179519,236897,-57378,112717,0.5
1900-01-20 03:26:15,7852.5,14383,7853.0,25840,93626,696769,-603143,-11457,0.5
1900-01-20 03:26:30,7867.0,179010,7867.5,51987,271563,469631,-198068,127023,0.5
1900-01-20 03:26:45,7856.0,1354600,7856.5,167959,126538,237261,-110723,1186641,0.5
1900-01-20 03:27:00,7860.0,174723,7860.5,13000,519346,133388,385958,161723,0.5
1900-01-20 03:27:15,7856.5,130623,7857.0,166481,68167,295907,-227740,-35858,0.5
1900-01-20 03:27:30,7857.0,171124,7857.5,231241,221831,263687,-41856,-60117,0.5
1900-01-20 03:27:45,7857.0,339939,7857.5,153673,127819,59767,68052,186266,0.5
1900-01-20 03:28:00,7857.0,707194,7857.5,234420,14541,463412,-448871,472774,0.5
1900-01-20 03:28:15,7862.5,296771,7863.0,1198333,209363,102984,106379,-901562,0.5
1900-01-20 03:28:30,7869.5,1259657,7870.0,491475,500206,116973,383233,768182,0.5
1900-01-20 03:28:45,7869.0,687655,7869.5,406743,630361,391838,238523,280912,0.5
1900-01-20 03:29:00,7870.5,1153744,7871.0,343843,816847,78156,738691,809901,0.5
1900-01-20 03:29:15,7866.5,310213,7867.0,51292,249214,246116,3098,258921,0.5
1900-01-20 03:29:30,7870.5,574520,7871.0,1111278,128616,41021,87595,-536758,0.5
1900-01-20 03:29:45,7874.5,869404,7875.0,125803,329996,35093,294903,743601,0.5
1900-01-20 03:30:00,7872.5,1290,7873.0,1303055,155201,455796,-300595,-1301765,0.5
1900-01-20 03:30:15,7863.5,737250,7864.0,285517,101450,446126,-344676,451733,0.5
1900-01-20 03:30:30,7855.5,130051,7856.0,986383,47557,374680,-327123,-856332,0.5
1900-01-20 03:30:45,7857.0,334221,7857.5,488409,216241,301171,-84930,-154188,0.5
1900-01-20 03:31:00,7855.5,643118,7856.0,23486,105888,177400,-71512,619632,0.5
1900-01-20 03:31:15,7857.5,615755,7858.0,170930,423583,264401,159182,444825,0.5
1900-01-20 03:31:30,7861.0,361206,7861.5,83143,127702,19604,108098,278063,0.5
1900-01-20 03:31:45,7870.5,27165,7871.0,12464,226508,122022,104486,14701,0.5
1900-01-20 03:32:00,7883.5,128773,7884.0,65785,262530,36151,226379,62988,0.5
1900-01-20 03:32:15,7894.5,207271,7895.0,836087,1725447,61708,1663739,-628816,0.5
1900-01-20 03:32:30,7897.0,67183,7897.5,270102,3269730,225106,3044624,-202919,0.5
1900-01-20 03:32:45,7891.5,478274,7892.0,677792,343463,428855,-85392,-199518,0.5
1900-01-20 03:33:00,7879.5,1275,7880.0,278114,227738,225362,2376,-276839,0.5
1900-01-20 03:33:15,7873.5,202723,7874.0,391413,360145,524246,-164101,-188690,0.5
1900-01-20 03:33:30,7870.0,46366,7870.5,409110,221363,452924,-231561,-362744,0.5
1900-01-20 03:33:45,7863.0,732797,7863.5,1,138385,759697,-621312,732796,0.5
1900-01-20 03:34:00,7862.5,53631,7863.0,48471,214690,55172,159518,5160,0.5
1900-01-20 03:34:15,7869.5,4992,7870.0,323745,73667,111856,-38189,-318753,0.5
1900-01-20 03:34:30,7870.0,576716,7870.5,4723,223801,106129,117672,571993,0.5
1900-01-20 03:34:45,7868.0,19270,7868.5,516106,93966,27128,66838,-496836,0.5
1900-01-20 03:35:00,7870.0,455840,7870.5,1649,18705,32029,-13324,454191,0.5
1900-01-20 03:35:15,7870.5,281386,7871.0,41970,241775,80298,161477,239416,0.5
1900-01-20 03:35:30,7874.5,124984,7875.0,433370,377980,8098,369882,-308386,0.5
1900-01-20 03:35:45,7875.0,250262,7875.5,41166,361440,139521,221919,209096,0.5
1900-01-20 03:36:00,7881.5,36232,7882.0,21731,72161,35550,36611,14501,0.5
1900-01-20 03:36:15,7892.5,113991,7893.0,200734,293932,58959,234973,-86743,0.5
1900-01-20 03:36:30,7905.0,200000,7908.0,4041,4856176,243392,4612784,195959,3.0
1900-01-20 03:36:45,7910.5,36,7911.0,156453,734347,621810,112537,-156417,0.5
1900-01-20 03:37:00,7906.5,1000,7907.0,33800,471805,222819,248986,-32800,0.5
1900-01-20 03:37:15,7906.0,42544,7906.5,109119,495032,182583,312449,-66575,0.5
1900-01-20 03:37:30,7900.0,172738,7900.5,192974,307080,251443,55637,-20236,0.5
1900-01-20 03:37:45,7893.5,196097,7894.0,152437,123573,251277,-127704,43660,0.5
1900-01-20 03:38:00,7896.5,42694,7897.0,269166,120992,117219,3773,-226472,0.5
1900-01-20 03:38:15,7896.5,5000,7897.5,4200,118770,265139,-146369,800,1.0
1900-01-20 03:38:30,7898.5,13378,7899.0,37615,81361,214538,-133177,-24237,0.5
1900-01-20 03:38:45,7905.0,126472,7905.5,197863,545219,58150,487069,-71391,0.5
1900-01-20 03:39:00,7898.5,2011,7899.0,261747,106986,342092,-235106,-259736,0.5
1900-01-20 03:39:15,7890.5,2090,7891.0,46703,22926,662940,-640014,-44613,0.5
1900-01-20 03:39:30,7885.0,109918,7885.5,270618,121058,485578,-364520,-160700,0.5
1900-01-20 03:39:45,7879.0,167246,7879.5,381716,62972,639683,-576711,-214470,0.5
1900-01-20 03:40:00,7871.0,1007,7871.5,580738,18510,397867,-379357,-579731,0.5
1900-01-20 03:40:15,7870.0,647638,7870.5,205695,105205,644663,-539458,441943,0.5
1900-01-20 03:40:30,7874.5,607789,7875.0,272785,203353,145569,57784,335004,0.5
1900-01-20 03:40:45,7877.5,545025,7878.0,2175,158803,47070,111733,542850,0.5
1900-01-20 03:41:00,7885.5,472519,7886.0,206317,206297,18636,187661,266202,0.5
1900-01-20 03:41:15,7889.0,234646,7889.5,585484,411006,113083,297923,-350838,0.5
1900-01-20 03:41:30,7881.5,8734,7886.0,447404,30337,167960,-137623,-438670,4.5
1900-01-20 03:41:45,7888.0,101329,7888.5,781094,32153,112686,-80533,-679765,0.5
1900-01-20 03:42:00,7880.0,261796,7880.5,54268,195236,122522,72714,207528,0.5
1900-01-20 03:42:15,7878.5,251,7879.0,548032,27173,83381,-56208,-547781,0.5
1900-01-20 03:42:30,7875.5,256575,7876.0,480540,16554,137144,-120590,-223965,0.5
1900-01-20 03:42:45,7876.5,3494,7877.0,258388,162158,121787,40371,-254894,0.5
1900-01-20 03:43:00,7876.0,621191,7876.5,127331,121648,17878,103770,493860,0.5
1900-01-20 03:43:15,7887.5,59359,7888.0,391808,140220,74288,65932,-332449,0.5
1900-01-20 03:43:30,7897.0,102952,7897.5,51153,334441,33743,300698,51799,0.5
1900-01-20 03:43:45,7895.5,240929,7896.0,343740,335452,201528,133924,-102811,0.5
1900-01-20 03:44:00,7906.5,1077405,7907.0,36957,167424,172304,-4880,1040448,0.5
1900-01-20 03:44:15,7899.0,15672,7899.5,300853,189855,202055,-12200,-285181,0.5
1900-01-20 03:44:30,7904.5,1196364,7905.0,65689,339738,263821,75917,1130675,0.5
1900-01-20 03:44:45,7909.5,1067145,7910.0,37029,224101,57309,166792,1030116,0.5
1900-01-20 03:45:00,7920.0,197157,7920.5,9569,764672,65957,698715,187588,0.5
1900-01-20 03:45:15,7929.5,570225,7930.0,190899,918758,187723,731035,379326,0.5
1900-01-20 03:45:30,7924.0,15629,7924.5,352651,194475,908541,-714066,-337022,0.5
1900-01-20 03:45:45,7922.5,5133,7923.0,391706,126550,426636,-300086,-386573,0.5
1900-01-20 03:46:00,7908.0,8183,7908.5,566862,22985,626592,-603607,-558679,0.5
1900-01-20 03:46:15,7903.0,178720,7903.5,58528,82053,419676,-337623,120192,0.5
1900-01-20 03:46:30,7893.5,1334,7894.0,57483,480215,370579,109636,-56149,0.5
1900-01-20 03:46:45,7907.0,178887,7907.5,39535,228912,237639,-8727,139352,0.5
1900-01-20 03:47:00,7894.5,332642,7895.0,84255,162580,144849,17731,248387,0.5
1900-01-20 03:47:15,7898.5,50182,7899.0,163811,252391,79094,173297,-113629,0.5
1900-01-20 03:47:30,7897.0,647120,7897.5,34456,73633,37352,36281,612664,0.5
1900-01-20 03:47:45,7902.0,300929,7902.5,20607,250053,85305,164748,280322,0.5
1900-01-20 03:48:00,7903.0,468332,7903.5,158282,217327,133297,84030,310050,0.5
1900-01-20 03:48:15,7906.5,193939,7907.0,63077,199186,205786,-6600,130862,0.5
1900-01-20 03:48:30,7911.0,88087,7911.5,42477,329553,198323,131230,45610,0.5
1900-01-20 03:48:45,7906.5,449640,7907.0,56720,33320,153618,-120298,392920,0.5
1900-01-20 03:49:00,7914.5,162356,7915.0,325658,196442,28313,168129,-163302,0.5
1900-01-20 03:49:15,7909.5,15,7910.0,281641,21692,138864,-117172,-281626,0.5
1900-01-20 03:49:30,7908.5,534338,7909.0,53052,108156,144847,-36691,481286,0.5
1900-01-20 03:49:45,7908.5,4026711,7909.0,323062,111357,187422,-76065,3703649,0.5
1900-01-20 03:50:00,7910.5,798601,7911.0,31385,208514,88399,120115,767216,0.5
1900-01-20 03:50:15,7918.5,474111,7919.0,328252,334081,197356,136725,145859,0.5
1900-01-20 03:50:30,7915.5,69257,7916.0,305135,260936,67830,193106,-235878,0.5
1900-01-20 03:50:45,7919.5,161709,7920.0,12618,120027,45037,74990,149091,0.5
1900-01-20 03:51:00,7924.5,308494,7925.0,168680,366368,108145,258223,139814,0.5
1900-01-20 03:51:15,7925.0,1060400,7925.5,40751,288479,147331,141148,1019649,0.5
1900-01-20 03:51:30,7934.0,172952,7934.5,242257,264605,93295,171310,-69305,0.5
1900-01-20 03:51:45,7942.5,39283,7943.0,61526,622094,191807,430287,-22243,0.5
1900-01-20 03:52:00,7936.0,13500,7936.5,47358,431495,39269,392226,-33858,0.5
1900-01-20 03:52:15,7932.5,1039335,7933.0,6,221739,317166,-95427,1039329,0.5
1900-01-20 03:52:30,7939.5,243420,7940.0,547811,407936,221163,186773,-304391,0.5
1900-01-20 03:52:45,7934.5,6191,7935.0,747910,51251,415514,-364263,-741719,0.5
1900-01-20 03:53:00,7932.5,663573,7933.0,30058,178571,299042,-120471,633515,0.5
1900-01-20 03:53:15,7942.5,154389,7943.0,314033,189350,104613,84737,-159644,0.5
1900-01-20 03:53:30,7949.5,319633,7950.0,1748702,1790586,279586,1511000,-1429069,0.5
1900-01-20 03:53:45,7966.5,22906,7967.0,135434,1443826,66296,1377530,-112528,0.5
1900-01-20 03:54:00,7964.5,851,7965.5,29020,896466,232227,664239,-28169,1.0
1900-01-20 03:54:15,7955.5,20805,7956.0,159234,863701,521791,341910,-138429,0.5
1900-01-20 03:54:30,7949.5,307888,7950.0,419838,521527,522030,-503,-111950,0.5
1900-01-20 03:54:45,7955.5,10670,7956.0,264020,289328,234626,54702,-253350,0.5
1900-01-20 03:55:00,7950.5,353782,7951.0,165828,106478,261879,-155401,187954,0.5
1900-01-20 03:55:15,7959.5,402656,7960.0,95675,583162,103448,479714,306981,0.5
1900-01-20 03:55:30,7957.0,86954,7957.5,289796,237837,267372,-29535,-202842,0.5
1900-01-20 03:55:45,7951.0,136975,7951.5,38888,76064,184569,-108505,98087,0.5
1900-01-20 03:56:00,7950.0,210185,7950.5,585204,289585,393141,-103556,-375019,0.5
1900-01-20 03:56:15,7941.5,470865,7942.0,94063,96337,399553,-303216,376802,0.5
1900-01-20 03:56:30,7940.0,4,7940.5,301456,87326,1137573,-1050247,-301452,0.5
1900-01-20 03:56:45,7927.5,58940,7928.0,350,21617,1039118,-1017501,58590,0.5
1900-01-20 03:57:00,7930.0,90992,7930.5,544049,205269,389548,-184279,-453057,0.5
1900-01-20 03:57:15,7925.5,80581,7926.0,455072,204752,235730,-30978,-374491,0.5
1900-01-20 03:57:30,7915.0,344426,7915.5,418672,51502,731772,-680270,-74246,0.5
1900-01-20 03:57:45,7917.0,226426,7917.5,233321,136750,369704,-232954,-6895,0.5
1900-01-20 03:58:00,7924.0,142428,7924.5,62336,241407,81711,159696,80092,0.5
1900-01-20 03:58:15,7934.0,470180,7934.5,285645,226395,115494,110901,184535,0.5
1900-01-20 03:58:30,7941.5,151457,7942.0,149708,186998,79428,107570,1749,0.5
1900-01-20 03:58:45,7942.5,80138,7943.0,596092,365565,31066,334499,-515954,0.5
1900-01-20 03:59:00,7940.0,3402985,7940.5,180689,282529,572557,-290028,3222296,0.5
1900-01-20 03:59:15,7949.0,116148,7949.5,462328,246577,47668,198909,-346180,0.5
1900-01-20 03:59:30,7953.0,42691,7953.5,160894,255409,29144,226265,-118203,0.5
1900-01-20 03:59:45,7949.5,23365,7950.0,154835,55952,560162,-504210,-131470,0.5
1900-01-20 04:00:00,7949.0,23756,7949.5,594089,35893,40622,-4729,-570333,0.5
1900-01-20 04:00:15,7949.0,33722,7949.5,35900,197689,714085,-516396,-2178,0.5
1900-01-20 04:00:30,7947.5,13118,7948.0,140548,243562,207364,36198,-127430,0.5
1900-01-20 04:00:45,7942.0,14047,7942.5,15035,351053,231810,119243,-988,0.5
1900-01-20 04:01:00,7935.0,94523,7935.5,152299,209960,565327,-355367,-57776,0.5
1900-01-20 04:01:15,7920.0,209233,7922.0,71359,40705,241921,-201216,137874,2.0
1900-01-20 04:01:30,7916.5,165030,7917.0,401613,237456,728063,-490607,-236583,0.5
1900-01-20 04:01:45,7916.0,111031,7916.5,213310,153947,432410,-278463,-102279,0.5
1900-01-20 04:02:00,7928.5,8000,7929.0,781,211503,267219,-55716,7219,0.5
1900-01-20 04:02:15,7931.5,383018,7932.0,354163,212225,147155,65070,28855,0.5
1900-01-20 04:02:30,7935.5,161838,7936.0,76102,326184,57259,268925,85736,0.5
1900-01-20 04:02:45,7932.5,405128,7933.0,149652,121480,120543,937,255476,0.5
1900-01-20 04:03:00,7932.5,3742,7933.0,126943,159447,31531,127916,-123201,0.5
1900-01-20 04:03:15,7937.5,540901,7938.0,77510,261030,87317,173713,463391,0.5
1900-01-20 04:03:30,7939.5,672580,7940.0,49491,62987,15701,47286,623089,0.5
1900-01-20 04:03:45,7939.5,619950,7940.0,184509,185932,11561,174371,435441,0.5
1900-01-20 04:04:00,7941.0,545253,7941.5,3201,133541,17728,115813,542052,0.5
1900-01-20 04:04:15,7948.0,287854,7948.5,122192,155056,26355,128701,165662,0.5
1900-01-20 04:04:30,7954.0,1037475,7954.5,31501,241821,33051,208770,1005974,0.5
1900-01-20 04:04:45,7957.5,22042,7958.0,7054,448745,113980,334765,14988,0.5
1900-01-20 04:05:00,7965.5,587996,7966.0,87696,1203157,96251,1106906,500300,0.5
1900-01-20 04:05:15,7954.0,36665,7954.5,359900,325628,166000,159628,-323235,0.5
1900-01-20 04:05:30,7953.5,97096,7954.0,337896,436474,563858,-127384,-240800,0.5
1900-01-20 04:05:45,7947.0,33343,7947.5,415228,67320,599476,-532156,-381885,0.5
1900-01-20 04:06:00,7937.5,930,7938.0,91457,15069,425454,-410385,-90527,0.5
1900-01-20 04:06:15,7939.5,11811,7940.0,565430,93595,238521,-144926,-553619,0.5
1900-01-20 04:06:30,7932.5,487784,7933.0,22120,66185,722656,-656471,465664,0.5
1900-01-20 04:06:45,7924.0,176523,7924.5,167152,63489,521186,-457697,9371,0.5
1900-01-20 04:07:00,7924.5,745500,7925.0,137762,282111,374143,-92032,607738,0.5
1900-01-20 04:07:15,7930.0,419356,7930.5,504123,327661,387012,-59351,-84767,0.5
1900-01-20 04:07:30,7930.0,229187,7930.5,461993,129535,182933,-53398,-232806,0.5
1900-01-20 04:07:45,7930.0,617342,7930.5,553360,25101,9483,15618,63982,0.5
1900-01-20 04:08:00,7930.0,519111,7930.5,355245,161709,130691,31018,163866,0.5
1900-01-20 04:08:15,7930.0,1147450,7930.5,89649,299480,67749,231731,1057801,0.5
1900-01-20 04:08:30,7937.5,281230,7938.0,194391,895771,34558,861213,86839,0.5
1900-01-20 04:08:45,7925.0,669161,7925.5,111361,125013,2773867,-2648854,557800,0.5
1900-01-20 04:09:00,7925.0,31597,7925.5,557160,11410,417593,-406183,-525563,0.5
1900-01-20 04:09:15,7923.0,5086,7923.5,552613,30170,356560,-326390,-547527,0.5
1900-01-20 04:09:30,7915.5,12600,7916.0,622098,59580,904130,-844550,-609498,0.5
1900-01-20 04:09:45,7914.5,263122,7915.0,352602,141071,1028896,-887825,-89480,0.5
1900-01-20 04:10:00,7914.0,121235,7914.5,431323,265239,379384,-114145,-310088,0.5
1900-01-20 04:10:15,7922.0,801191,7922.5,24979,321829,142057,179772,776212,0.5
1900-01-20 04:10:30,7922.5,29896,7923.0,290567,172467,92581,79886,-260671,0.5
1900-01-20 04:10:45,7922.0,278074,7922.5,304537,5795,137645,-131850,-26463,0.5
1900-01-20 04:11:00,7930.5,577371,7931.0,337435,311416,17258,294158,239936,0.5
1900-01-20 04:11:15,7934.5,318771,7935.0,78877,437975,89607,348368,239894,0.5
1900-01-20 04:11:30,7936.0,210027,7936.5,317082,134318,155165,-20847,-107055,0.5
1900-01-20 04:11:45,7934.0,36338,7934.5,240124,462356,191601,270755,-203786,0.5
1900-01-20 04:12:00,7931.5,1100517,7932.0,1380395,16106,202855,-186749,-279878,0.5
1900-01-20 04:12:15,7924.5,59023,7925.0,261508,73730,189723,-115993,-202485,0.5
1900-01-20 04:12:30,7922.0,3400,7922.5,474972,19664,158417,-138753,-471572,0.5
1900-01-20 04:12:45,7922.0,1137841,7922.5,181162,77471,93499,-16028,956679,0.5
1900-01-20 04:13:00,7925.0,551911,7925.5,65008,172782,20592,152190,486903,0.5
1900-01-20 04:13:15,7926.5,82482,7927.0,38003,72675,272704,-200029,44479,0.5
1900-01-20 04:13:30,7931.0,129890,7931.5,148337,89585,10988,78597,-18447,0.5
1900-01-20 04:13:45,7929.0,68883,7929.5,236659,29405,29226,179,-167776,0.5
1900-01-20 04:14:00,7933.0,173404,7933.5,108738,217971,42349,175622,64666,0.5
1900-01-20 04:14:15,7934.5,467424,7935.0,93502,32152,20762,11390,373922,0.5
1900-01-20 04:14:30,7942.5,663905,7943.0,50859,1404622,14525,1390097,613046,0.5
1900-01-20 04:14:45,7946.5,231061,7947.0,113962,138786,47921,90865,117099,0.5
1900-01-20 04:15:00,7941.0,74937,7941.5,74990,110393,116105,-5712,-53,0.5
1900-01-20 04:15:15,7938.0,56659,7938.5,227428,14639,380867,-366228,-170769,0.5
1900-01-20 04:15:30,7938.5,153896,7939.0,144575,5332,133686,-128354,9321,0.5
1900-01-20 04:15:45,7943.0,148488,7943.5,306144,102983,22961,80022,-157656,0.5
1900-01-20 04:16:00,7943.0,246663,7943.5,239490,106889,53121,53768,7173,0.5
1900-01-20 04:16:15,7944.0,1643357,7944.5,166123,319274,24203,295071,1477234,0.5
1900-01-20 04:16:30,7947.0,600916,7947.5,4785,306020,7369,298651,596131,0.5
1900-01-20 04:16:45,7951.5,653406,7952.0,294498,351489,95864,255625,358908,0.5
1900-01-20 04:17:00,7956.5,564433,7957.0,138135,260858,28963,231895,426298,0.5
1900-01-20 04:17:15,7959.5,423994,7960.0,130506,369320,26461,342859,293488,0.5
1900-01-20 04:17:30,7952.0,1025121,7952.5,59240,106508,81200,25308,965881,0.5
1900-01-20 04:17:45,7950.0,572659,7950.5,473530,112569,113302,-733,99129,0.5
1900-01-20 04:18:00,7941.0,1059726,7941.5,569,32456,740036,-707580,1059157,0.5
1900-01-20 04:18:15,7928.0,85514,7928.5,309352,17391,221191,-203800,-223838,0.5
1900-01-20 04:18:30,7924.0,252409,7924.5,186333,61050,350782,-289732,66076,0.5
1900-01-20 04:18:45,7927.5,502038,7928.0,370,232736,222479,10257,501668,0.5
1900-01-20 04:19:00,7923.0,65328,7923.5,477616,67726,65567,2159,-412288,0.5
1900-01-20 04:19:15,7923.0,41658,7923.5,15946,117001,102088,14913,25712,0.5
1900-01-20 04:19:30,7916.0,5612,7916.5,325473,116187,259240,-143053,-319861,0.5
1900-01-20 04:19:45,7912.5,31632,7913.0,423667,141050,441601,-300551,-392035,0.5
1900-01-20 04:20:00,7917.5,81015,7918.0,14200,273875,361932,-88057,66815,0.5
1900-01-20 04:20:15,7920.5,9930,7921.0,600862,353734,172344,181390,-590932,0.5
1900-01-20 04:20:30,7914.0,728441,7914.5,244807,41675,104634,-62959,483634,0.5
1900-01-20 04:20:45,7919.5,61627,7920.0,367923,186242,77408,108834,-306296,0.5
1900-01-20 04:21:00,7910.0,146589,7910.5,377732,8654,463789,-455135,-231143,0.5
1900-01-20 04:21:15,7926.0,14898,7926.5,39612,486121,619676,-133555,-24714,0.5
1900-01-20 04:21:30,7918.0,4317,7918.5,567324,352274,127122,225152,-563007,0.5
1900-01-20 04:21:45,7909.5,606627,7910.0,227272,998894,131110,867784,379355,0.5
1900-01-20 04:22:00,7907.0,646,7907.5,62348,101382,234167,-132785,-61702,0.5
1900-01-20 04:22:15,7891.0,63943,7891.5,148793,34847,618925,-584078,-84850,0.5
1900-01-20 04:22:30,7866.0,123504,7866.5,16059,224168,1449349,-1225181,107445,0.5
1900-01-20 04:22:45,7889.5,54352,7890.0,8585,802121,2685354,-1883233,45767,0.5
1900-01-20 04:23:00,7892.5,11161,7893.0,1106989,217827,284676,-66849,-1095828,0.5
1900-01-20 04:23:15,7888.0,126371,7888.5,4648,253156,528250,-275094,121723,0.5
1900-01-20 04:23:30,7903.5,710781,7904.0,115067,354469,1224183,-869714,595714,0.5
1900-01-20 04:23:45,7903.5,425315,7904.0,142367,526960,124827,402133,282948,0.5
1900-01-20 04:24:00,7892.5,39824,7893.0,33342,114813,340808,-225995,6482,0.5
1900-01-20 04:24:15,7892.5,267606,7893.0,52516,287467,117522,169945,215090,0.5
1900-01-20 04:24:30,7894.5,88508,7895.0,763430,102667,57737,44930,-674922,0.5
1900-01-20 04:24:45,7891.5,480146,7892.0,423167,64377,235055,-170678,56979,0.5
1900-01-20 04:25:00,7894.5,627169,7895.0,135109,1205966,105532,1100434,492060,0.5
1900-01-20 04:25:15,7894.0,11228,7894.5,294811,178935,64680,114255,-283583,0.5
1900-01-20 04:25:30,7888.5,131363,7889.0,3423349,94127,184075,-89948,-3291986,0.5
1900-01-20 04:25:45,7888.0,8000,7888.5,2324,792339,537224,255115,5676,0.5
1900-01-20 04:26:00,7887.5,512385,7888.0,248,191534,76729,114805,512137,0.5
1900-01-20 04:26:15,7896.5,96639,7897.0,364172,522739,19304,503435,-267533,0.5
1900-01-20 04:26:30,7896.5,743061,7897.0,7392,126148,49730,76418,735669,0.5
1900-01-20 04:26:45,7902.5,344252,7903.0,47951,143885,11636,132249,296301,0.5
1900-01-20 04:27:00,7904.5,612653,7905.0,17064,289645,16412,273233,595589,0.5
1900-01-20 04:27:15,7910.0,2030,7910.5,231971,351502,18801,332701,-229941,0.5
1900-01-20 04:27:30,7910.0,573036,7910.5,393010,257440,31029,226411,180026,0.5
1900-01-20 04:27:45,7910.0,1173381,7910.5,166424,213877,30696,183181,1006957,0.5
1900-01-20 04:28:00,7910.5,754552,7911.0,377820,81264,19122,62142,376732,0.5
1900-01-20 04:28:15,7913.0,575308,7913.5,116722,372011,22434,349577,458586,0.5
1900-01-20 04:28:30,7914.5,206334,7915.0,304291,408237,51715,356522,-97957,0.5
1900-01-20 04:28:45,7914.5,253320,7915.0,263418,52691,59899,-7208,-10098,0.5
1900-01-20 04:29:00,7916.0,1126486,7916.5,104083,388758,33858,354900,1022403,0.5
1900-01-20 04:29:15,7921.5,159197,7922.0,114270,381858,2707,379151,44927,0.5
1900-01-20 04:29:30,7919.0,111207,7919.5,570304,316407,193106,123301,-459097,0.5
1900-01-20 04:29:45,7915.0,517859,7915.5,186720,77013,217935,-140922,331139,0.5
1900-01-20 04:30:00,7915.0,308432,7915.5,338069,43490,37975,5515,-29637,0.5
1900-01-20 04:30:15,7915.0,142015,7915.5,362685,40705,125452,-84747,-220670,0.5
1900-01-20 04:30:30,7910.5,563440,7911.0,173137,16143,137229,-121086,390303,0.5
1900-01-20 04:30:45,7904.5,58030,7905.0,105299,50747,233500,-182753,-47269,0.5
1900-01-20 04:31:00,7901.5,68518,7902.0,421551,108537,212111,-103574,-353033,0.5
1900-01-20 04:31:15,7908.0,387841,7908.5,144868,281987,48707,233280,242973,0.5
1900-01-20 04:31:30,7905.0,112579,7905.5,445149,114336,191982,-77646,-332570,0.5
1900-01-20 04:31:45,7905.0,72890,7905.5,363880,24820,23376,1444,-290990,0.5
1900-01-20 04:32:00,7909.5,304225,7910.0,89302,217790,58260,159530,214923,0.5
1900-01-20 04:32:15,7910.0,599707,7910.5,50426,111665,29078,82587,549281,0.5
1900-01-20 04:32:30,7912.0,137204,7912.5,245940,119180,28807,90373,-108736,0.5
1900-01-20 04:32:45,7913.5,369029,7914.0,61934,23330,63187,-39857,307095,0.5
1900-01-20 04:33:00,7912.0,547230,7912.5,10491,261958,23701,238257,536739,0.5
1900-01-20 04:33:15,7915.0,389331,7915.5,205041,38276,4585,33691,184290,0.5
1900-01-20 04:33:30,7915.0,383379,7915.5,225256,33461,7820,25641,158123,0.5
1900-01-20 04:33:45,7915.5,131654,7916.0,59739,60354,112952,-52598,71915,0.5
1900-01-20 04:34:00,7921.5,948182,7922.0,27434,388535,28848,359687,920748,0.5
1900-01-20 04:34:15,7921.0,52621,7921.5,821657,149757,190776,-41019,-769036,0.5
1900-01-20 04:34:30,7915.0,218397,7915.5,225940,27368,103515,-76147,-7543,0.5
1900-01-20 04:34:45,7916.0,29721,7916.5,435338,18554,26117,-7563,-405617,0.5
1900-01-20 04:35:00,7912.5,12397,7913.0,887789,10429,194315,-183886,-875392,0.5
1900-01-20 04:35:15,7909.0,1625,7909.5,1192307,178,115426,-115248,-1190682,0.5
1900-01-20 04:35:30,7908.0,320,7908.5,498332,18040,99415,-81375,-498012,0.5
1900-01-20 04:35:45,7905.5,230208,7906.0,858790,2713,113594,-110881,-628582,0.5
1900-01-20 04:36:00,7902.0,596378,7902.5,51783,178327,203999,-25672,544595,0.5
1900-01-20 04:36:15,7904.5,484286,7905.0,30582,165790,44396,121394,453704,0.5
1900-01-20 04:36:30,7904.0,19703,7904.5,295611,78078,111107,-33029,-275908,0.5
1900-01-20 04:36:45,7903.5,7476,7904.0,443371,7573,15274,-7701,-435895,0.5
1900-01-20 04:37:00,7902.0,716604,7902.5,203332,13939,26629,-12690,513272,0.5
1900-01-20 04:37:15,7903.0,256978,7903.5,176201,118420,46752,71668,80777,0.5
1900-01-20 04:37:30,7902.0,102593,7902.5,426021,16054,50311,-34257,-323428,0.5
1900-01-20 04:37:45,7896.0,22543,7896.5,156337,108978,514600,-405622,-133794,0.5
1900-01-20 04:38:00,7893.5,400800,7894.0,79400,28638,55202,-26564,321400,0.5
1900-01-20 04:38:15,7891.0,1361346,7891.5,8861,106848,74055,32793,1352485,0.5
1900-01-20 04:38:30,7894.5,1018900,7895.0,26471,114790,34347,80443,992429,0.5
1900-01-20 04:38:45,7886.5,580882,7887.0,176669,98830,224218,-125388,404213,0.5
1900-01-20 04:39:00,7887.5,7291,7888.0,1051461,78134,30800,47334,-1044170,0.5
1900-01-20 04:39:15,7889.0,159915,7889.5,1097,116787,148812,-32025,158818,0.5
1900-01-20 04:39:30,7892.0,17496,7892.5,213704,205752,37692,168060,-196208,0.5
1900-01-20 04:39:45,7894.0,29577,7894.5,565612,39979,32728,7251,-536035,0.5
1900-01-20 04:40:00,7894.0,128631,7894.5,742007,7465,24963,-17498,-613376,0.5
1900-01-20 04:40:15,7891.0,80552,7891.5,577908,130294,33732,96562,-497356,0.5
1900-01-20 04:40:30,7885.0,13584,7885.5,396470,25475,126563,-101088,-382886,0.5
1900-01-20 04:40:45,7878.0,71917,7878.5,654534,18657,486764,-468107,-582617,0.5
1900-01-20 04:41:00,7866.5,566552,7867.0,182397,12236,971638,-959402,384155,0.5
1900-01-20 04:41:15,7874.5,359404,7875.0,354797,230125,325216,-95091,4607,0.5
1900-01-20 04:41:30,7874.0,802845,7874.5,302359,87765,63172,24593,500486,0.5
1900-01-20 04:41:45,7872.0,431096,7872.5,296666,42166,152409,-110243,134430,0.5
1900-01-20 04:42:00,7863.0,244046,7863.5,137148,179812,677597,-497785,106898,0.5
1900-01-20 04:42:15,7860.0,1192571,7860.5,2943,207255,306450,-99195,1189628,0.5
1900-01-20 04:42:30,7866.0,20226,7866.5,613539,54477,185334,-130857,-593313,0.5
1900-01-20 04:42:45,7874.0,422425,7874.5,11982,792727,104060,688667,410443,0.5
1900-01-20 04:43:00,7883.0,320612,7883.5,107578,355747,8917,346830,213034,0.5
1900-01-20 04:43:15,7884.0,225199,7884.5,73988,622272,72422,549850,151211,0.5
1900-01-20 04:43:30,7891.0,66142,7891.5,2,146317,199624,-53307,66140,0.5
1900-01-20 04:43:45,7891.0,326333,7891.5,73754,175288,381,174907,252579,0.5
1900-01-20 04:44:00,7897.0,383188,7897.5,273993,252302,220439,31863,109195,0.5
1900-01-20 04:44:15,7910.0,126569,7910.5,66851,1590144,93385,1496759,59718,0.5
1900-01-20 04:44:30,7901.5,307447,7902.0,213439,78302,54567,23735,94008,0.5
1900-01-20 04:44:45,7896.0,74886,7896.5,505839,65649,61710,3939,-430953,0.5
1900-01-20 04:45:00,7890.5,566580,7891.0,271915,77921,94245,-16324,294665,0.5
1900-01-20 04:45:15,7890.5,1296201,7891.0,32570,174241,119978,54263,1263631,0.5
1900-01-20 04:45:30,7890.5,1502618,7891.0,1094579,19879,18295,1584,408039,0.5
1900-01-20 04:45:45,7899.5,964829,7900.0,1199311,323921,35510,288411,-234482,0.5
1900-01-20 04:46:00,7899.5,879190,7900.0,637942,606019,214417,391602,241248,0.5
1900-01-20 04:46:15,7899.5,587351,7900.0,63714,108825,24143,84682,523637,0.5
1900-01-20 04:46:30,7900.5,125138,7901.0,389897,188807,64872,123935,-264759,0.5
1900-01-20 04:46:45,7902.5,444244,7903.0,10902,37528,28738,8790,433342,0.5
1900-01-20 04:47:00,7905.0,442323,7905.5,95941,27380,7720,19660,346382,0.5
1900-01-20 04:47:15,7906.5,792080,7907.0,162072,158753,10304,148449,630008,0.5
1900-01-20 04:47:30,7911.0,190301,7911.5,51491,110773,116356,-5583,138810,0.5
1900-01-20 04:47:45,7914.5,55946,7915.0,510413,77866,266499,-188633,-454467,0.5
1900-01-20 04:48:00,7919.5,135227,7920.0,82067,123451,37549,85902,53160,0.5
1900-01-20 04:48:15,7917.0,43,7917.5,928834,102778,50915,51863,-928791,0.5
1900-01-20 04:48:30,7919.0,66261,7919.5,494205,174147,88622,85525,-427944,0.5
1900-01-20 04:48:45,7914.0,400779,7914.5,22559,33826,61003,-27177,378220,0.5
1900-01-20 04:49:00,7914.0,617947,7914.5,80735,20384,4798,15586,537212,0.5
1900-01-20 04:49:15,7914.0,1753786,7914.5,153214,18617,1630,16987,1600572,0.5
1900-01-20 04:49:30,7914.0,2003378,7914.5,53579,58001,13379,44622,1949799,0.5
1900-01-20 04:49:45,7920.0,770209,7920.5,13308,187566,11859,175707,756901,0.5
1900-01-20 04:50:00,7923.5,1556097,7924.0,33906,128740,19950,108790,1522191,0.5
1900-01-20 04:50:15,7932.0,62587,7932.5,9506,460731,17020,443711,53081,0.5
1900-01-20 04:50:30,7944.0,564703,7944.5,635823,395512,23868,371644,-71120,0.5
1900-01-20 04:50:45,7941.0,32545,7941.5,857151,156129,139908,16221,-824606,0.5
1900-01-20 04:51:00,7939.0,37895,7939.5,1144753,149470,397581,-248111,-1106858,0.5
1900-01-20 04:51:15,7943.5,186800,7944.0,116119,127891,104008,23883,70681,0.5
1900-01-20 04:51:30,7959.5,49622,7960.0,130802,359506,96777,262729,-81180,0.5
1900-01-20 04:51:45,7964.0,483585,7964.5,109398,1481144,205837,1275307,374187,0.5
1900-01-20 04:52:00,7978.0,600,7979.0,143967,1164105,125451,1038654,-143367,1.0
1900-01-20 04:52:15,7978.0,96992,7978.5,46051,873979,223218,650761,50941,0.5
1900-01-20 04:52:30,7989.0,77197,7989.5,327138,1369711,118642,1251069,-249941,0.5
1900-01-20 04:52:45,7975.0,39132,7975.5,357036,350600,380217,-29617,-317904,0.5
1900-01-20 04:53:00,7981.0,245181,7981.5,4072,348683,160831,187852,241109,0.5
1900-01-20 04:53:15,7987.0,341365,7987.5,157482,542141,453081,89060,183883,0.5
1900-01-20 04:53:30,7998.5,162019,7999.0,215850,629456,44331,585125,-53831,0.5
1900-01-20 04:53:45,8004.0,89986,8005.0,183638,4346792,533942,3812850,-93652,1.0
1900-01-20 04:54:00,8029.5,35042,8030.0,22,1750445,36625,1713820,35020,0.5
1900-01-20 04:54:15,8030.5,280772,8031.0,58849,1230053,584995,645058,221923,0.5
1900-01-20 04:54:30,8017.0,56137,8017.5,131099,691989,662756,29233,-74962,0.5
1900-01-20 04:54:45,7990.5,8956,7994.5,12000,467511,1134947,-667436,-3044,4.0
1900-01-20 04:55:00,7988.5,142613,7989.0,536261,275452,807131,-531679,-393648,0.5
1900-01-20 04:55:15,7998.0,300758,7998.5,309753,553656,138098,415558,-8995,0.5
1900-01-20 04:55:30,7998.0,329927,7998.5,434931,532443,142641,389802,-105004,0.5
1900-01-20 04:55:45,7980.5,91558,7986.0,7967,167100,927140,-760040,83591,5.5
1900-01-20 04:56:00,7986.0,76376,7986.5,77489,165779,243747,-77968,-1113,0.5
1900-01-20 04:56:15,7990.5,332035,7991.0,129032,208713,41076,167637,203003,0.5
1900-01-20 04:56:30,7994.0,58606,7994.5,710177,336226,197843,138383,-651571,0.5
1900-01-20 04:56:45,7999.5,438652,8000.0,492222,398018,66908,331110,-53570,0.5
1900-01-20 04:57:00,7999.5,428296,8000.0,31486,329690,118852,210838,396810,0.5
1900-01-20 04:57:15,8004.5,11159,8005.0,133581,65502,35388,30114,-122422,0.5
1900-01-20 04:57:30,8009.5,63610,8010.0,601482,174523,243381,-68858,-537872,0.5
1900-01-20 04:57:45,8016.0,265024,8016.5,19566,462272,48588,413684,245458,0.5
1900-01-20 04:58:00,8013.0,305794,8013.5,467210,150829,82550,68279,-161416,0.5
1900-01-20 04:58:15,8002.5,4379,8003.0,21932,27101,1168897,-1141796,-17553,0.5
1900-01-20 04:58:30,7988.5,803671,7989.0,109045,30023,225748,-195725,694626,0.5
1900-01-20 04:58:45,7990.5,184086,7991.0,117078,179540,414052,-234512,67008,0.5
1900-01-20 04:59:00,7990.0,272802,7990.5,148888,21490,567068,-545578,123914,0.5
1900-01-20 04:59:15,7988.0,520150,7988.5,136214,22435,489670,-467235,383936,0.5
1900-01-20 04:59:30,7999.5,223863,8000.0,682302,336667,146454,190213,-458439,0.5
1900-01-20 04:59:45,7991.5,774926,7992.0,17970,88817,267766,-178949,756956,0.5
1900-01-20 05:00:00,7993.0,357926,7993.5,39261,44721,89560,-44839,318665,0.5
1900-01-20 05:00:15,7993.0,13999,7993.5,803896,288669,335581,-46912,-789897,0.5
1900-01-20 05:00:30,7985.0,95857,7987.0,7406,30677,467164,-436487,88451,2.0
1900-01-20 05:00:45,7982.0,444607,7982.5,98836,55802,455133,-399331,345771,0.5
1900-01-20 05:01:00,7980.0,151835,7980.5,438356,100114,343522,-243408,-286521,0.5
1900-01-20 05:01:15,7972.0,196461,7972.5,209712,24333,409978,-385645,-13251,0.5
1900-01-20 05:01:30,7971.0,92171,7971.5,176878,77106,656959,-579853,-84707,0.5
1900-01-20 05:01:45,7976.0,360018,7976.5,187717,678583,89544,589039,172301,0.5
1900-01-20 05:02:00,7971.5,645139,7972.0,69264,178660,68136,110524,575875,0.5
1900-01-20 05:02:15,7977.5,546017,7978.0,62075,202991,64484,138507,483942,0.5
1900-01-20 05:02:30,7976.0,6036,7976.5,662415,77239,156033,-78794,-656379,0.5
1900-01-20 05:02:45,7975.0,290072,7975.5,425457,21560,140894,-119334,-135385,0.5
1900-01-20 05:03:00,7971.0,96992,7971.5,485201,73150,160036,-86886,-388209,0.5
1900-01-20 05:03:15,7966.0,1131285,7966.5,16124,60292,276846,-216554,1115161,0.5
1900-01-20 05:03:30,7975.5,423934,7976.0,8916,301693,103526,198167,415018,0.5
1900-01-20 05:03:45,7983.0,713956,7983.5,172821,87701,85761,1940,541135,0.5
1900-01-20 05:04:00,7983.0,350977,7983.5,125726,170422,109950,60472,225251,0.5
1900-01-20 05:04:15,7984.5,104879,7985.0,521982,152457,64351,88106,-417103,0.5
1900-01-20 05:04:30,7980.5,296486,7981.0,1088592,36219,122415,-86196,-792106,0.5
1900-01-20 05:04:45,7980.0,970853,7980.5,323970,74051,418249,-344198,646883,0.5
1900-01-20 05:05:00,7981.5,872652,7982.0,40682,520437,143652,376785,831970,0.5
1900-01-20 05:05:15,7994.5,1924659,7995.0,116795,301956,49365,252591,1807864,0.5
1900-01-20 05:05:30,7989.5,32383,7990.0,323365,144552,199156,-54604,-290982,0.5
1900-01-20 05:05:45,7998.0,12664,7998.5,467082,121145,30439,90706,-454418,0.5
1900-01-20 05:06:00,7993.0,450855,7993.5,15909,36449,104566,-68117,434946,0.5
1900-01-20 05:06:15,7990.5,45203,7991.0,411932,101950,127382,-25432,-366729,0.5
1900-01-20 05:06:30,7995.5,22525,7996.0,681148,17055,228656,-211601,-658623,0.5
1900-01-20 05:06:45,7992.0,1077997,7992.5,170,134847,24120,110727,1077827,0.5
1900-01-20 05:07:00,7996.5,512520,7997.0,276129,292817,35346,257471,236391,0.5
1900-01-20 05:07:15,7999.0,1214325,7999.5,187527,308426,12286,296140,1026798,0.5
1900-01-20 05:07:30,8008.5,501140,8009.0,267553,416908,49167,367741,233587,0.5
1900-01-20 05:07:45,8013.0,348057,8013.5,1681,264438,101195,163243,346376,0.5
1900-01-20 05:08:00,8022.5,3105,8023.0,130856,624075,16332,607743,-127751,0.5
1900-01-20 05:08:15,8015.5,1106921,8016.0,43992,225480,229513,-4033,1062929,0.5
1900-01-20 05:08:30,8023.0,1210585,8023.5,17648,187443,21235,166208,1192937,0.5
1900-01-20 05:08:45,8029.5,219815,8030.0,761030,461459,176415,285044,-541215,0.5
1900-01-20 05:09:00,8029.0,316321,8029.5,550304,224874,242028,-17154,-233983,0.5
1900-01-20 05:09:15,8016.0,31424,8016.5,419094,107438,270363,-162925,-387670,0.5
1900-01-20 05:09:30,8015.5,30000,8016.0,36233,163089,151857,11232,-6233,0.5
1900-01-20 05:09:45,8014.5,314221,8015.0,577521,489164,172181,316983,-263300,0.5
1900-01-20 05:10:00,8002.0,62175,8002.5,177300,70286,320189,-249903,-115125,0.5
1900-01-20 05:10:15,8008.5,1403,8009.0,214368,51203,171220,-120017,-212965,0.5
1900-01-20 05:10:30,8001.0,13969,8001.5,287284,24230,78186,-53956,-273315,0.5
1900-01-20 05:11:45,8008.5,333176,8009.0,27602,134526,4278,130248,305574,0.5
1900-01-20 05:12:00,8012.0,609501,8012.5,69451,120958,22292,98666,540050,0.5
1900-01-20 05:12:15,8012.0,252427,8012.5,645388,19655,36031,-16376,-392961,0.5
1900-01-20 05:12:30,8010.5,17367,8011.0,867042,44252,194148,-149896,-849675,0.5
1900-01-20 05:12:45,8002.5,356866,8003.0,593589,26586,44044,-17458,-236723,0.5
1900-01-20 05:13:00,8000.0,78233,8000.5,938119,96982,294097,-197115,-859886,0.5
1900-01-20 05:13:15,8000.0,563102,8000.5,122,16474,181282,-164808,562980,0.5
1900-01-20 05:13:30,7990.0,721151,7990.5,274404,96969,403052,-306083,446747,0.5
1900-01-20 05:13:45,7993.5,67957,7994.0,497311,115233,161989,-46756,-429354,0.5
1900-01-20 05:14:00,7993.5,50536,7994.0,618199,16270,47803,-31533,-567663,0.5
1900-01-20 05:14:15,7991.0,306592,7991.5,177048,47955,100796,-52841,129544,0.5
1900-01-20 05:14:30,7997.0,1240220,7997.5,22310,66337,23467,42870,1217910,0.5
1900-01-20 05:14:45,8002.5,179073,8003.0,35000,233289,31228,202061,144073,0.5
1900-01-20 05:15:00,8004.5,42409,8005.0,523767,138844,104635,34209,-481358,0.5
1900-01-20 05:15:15,8000.0,412366,8000.5,847479,65875,23108,42767,-435113,0.5
1900-01-20 05:15:30,7992.0,96886,7992.5,836425,21520,223618,-202098,-739539,0.5
1900-01-20 05:15:45,7990.0,123842,7990.5,529218,16425,81654,-65229,-405376,0.5
1900-01-20 05:16:00,7982.0,36180,7982.5,856199,3345,211341,-207996,-820019,0.5
1900-01-20 05:16:15,7976.5,102468,7977.0,410648,20497,868657,-848160,-308180,0.5
1900-01-20 05:16:30,7979.5,32092,7980.0,498299,42616,71839,-29223,-466207,0.5
1900-01-20 05:16:45,7992.0,152504,7992.5,5040,109345,28857,80488,147464,0.5
1900-01-20 05:17:00,7985.5,32,7986.0,35744,145934,82763,63171,-35712,0.5
1900-01-20 05:17:15,7985.0,9900,7985.5,377211,356680,201258,155422,-367311,0.5
1900-01-20 05:17:30,7975.0,1156427,7975.5,42276,40806,120130,-79324,1114151,0.5
1900-01-20 05:17:45,7975.0,490050,7975.5,369754,109635,77588,32047,120296,0.5
1900-01-20 05:18:00,7979.5,179178,7980.0,352247,149910,50839,99071,-173069,0.5
1900-01-20 05:18:15,7976.5,232189,7977.0,438756,14356,25903,-11547,-206567,0.5
1900-01-20 05:18:30,7975.5,140525,7976.0,566614,44677,170087,-125410,-426089,0.5
1900-01-20 05:18:45,7986.5,143374,7987.0,358519,62328,124091,-61763,-215145,0.5
1900-01-20 05:19:00,7979.5,354669,7980.0,425247,301519,24393,277126,-70578,0.5
1900-01-20 05:19:15,7982.5,232808,7983.0,361072,43072,41931,1141,-128264,0.5
1900-01-20 05:19:30,7985.0,128864,7985.5,567452,98841,110526,-11685,-438588,0.5
1900-01-20 05:19:45,7983.0,475128,7983.5,812333,205,269322,-269117,-337205,0.5
1900-01-20 05:20:00,7975.0,115282,7975.5,677235,9319,130964,-121645,-561953,0.5
1900-01-20 05:20:15,7970.0,196058,7970.5,759386,22467,259429,-236962,-563328,0.5
1900-01-20 05:20:30,7967.0,45326,7967.5,735791,14240,991313,-977073,-690465,0.5
1900-01-20 05:20:45,7965.0,40158,7965.5,701099,14320,300602,-286282,-660941,0.5
1900-01-20 05:21:00,7969.0,211487,7969.5,13466,113616,57368,56248,198021,0.5
1900-01-20 05:21:15,7975.0,207849,7975.5,1179422,144003,108631,35372,-971573,0.5
1900-01-20 05:21:30,7978.5,1066363,7979.0,112683,87461,200630,-113169,953680,0.5
1900-01-20 05:21:45,7981.0,495898,7981.5,502036,170644,12506,158138,-6138,0.5
1900-01-20 05:22:00,7981.0,468859,7981.5,832013,24667,42337,-17670,-363154,0.5
1900-01-20 05:22:15,7981.0,67975,7981.5,1462664,22406,166656,-144250,-1394689,0.5
1900-01-20 05:22:30,7977.5,1012016,7978.0,7288,27470,117268,-89798,1004728,0.5
1900-01-20 05:22:45,7982.0,1099954,7982.5,39117,192409,51515,140894,1060837,0.5
1900-01-20 05:23:00,7982.5,1421468,7983.0,110080,29010,21718,7292,1311388,0.5
1900-01-20 05:23:15,7987.5,528713,7988.0,399,277860,16791,261069,528314,0.5
1900-01-20 05:23:30,7994.5,304396,7995.0,716271,224179,8444,215735,-411875,0.5
1900-01-20 05:23:45,7991.0,391061,7991.5,657776,73153,65962,7191,-266715,0.5
1900-01-20 05:24:00,7991.0,154241,7991.5,451624,38069,33384,4685,-297383,0.5
1900-01-20 05:24:15,7990.0,818069,7990.5,215211,95927,373690,-277763,602858,0.5
1900-01-20 05:24:30,7982.0,294813,7982.5,256549,13486,714917,-701431,38264,0.5
1900-01-20 05:24:45,7983.0,1208517,7983.5,1071,19780,53878,-34098,1207446,0.5
1900-01-20 05:25:00,7983.0,22028,7983.5,628438,26122,22132,3990,-606410,0.5
1900-01-20 05:25:15,7978.0,279918,7978.5,32666,48975,115443,-66468,247252,0.5
1900-01-20 05:25:30,7982.5,152918,7983.0,331502,71383,8041,63342,-178584,0.5
1900-01-20 05:25:45,7987.0,398708,7987.5,16648,123887,39079,84808,382060,0.5
1900-01-20 05:26:00,7978.5,500467,7979.0,155133,21417,11628,9789,345334,0.5
1900-01-20 05:26:15,7980.5,121847,7981.0,14257,37221,18529,18692,107590,0.5
1900-01-20 05:26:30,7976.0,104690,7976.5,395558,10718,41450,-30732,-290868,0.5
1900-01-20 05:26:45,7975.0,28879,7975.5,523693,9314,98866,-89552,-494814,0.5
1900-01-20 05:27:00,7977.0,468019,7977.5,13834,57740,25753,31987,454185,0.5
1900-01-20 05:27:15,7979.0,280100,7979.5,241278,111892,43090,68802,38822,0.5
1900-01-20 05:27:30,7975.5,1311568,7976.0,42081,17252,80617,-63365,1269487,0.5
1900-01-20 05:27:45,7978.5,34791,7979.0,531464,44677,25144,19533,-496673,0.5
1900-01-20 05:28:00,7978.5,73995,7979.0,745742,3000,22142,-19142,-671747,0.5
1900-01-20 05:28:15,7970.5,43002,7971.0,521183,3086,128964,-125878,-478181,0.5
1900-01-20 05:28:30,7970.0,627385,7970.5,60713,88396,186539,-98143,566672,0.5
1900-01-20 05:28:45,7979.5,68377,7980.0,923064,131129,15927,115202,-854687,0.5
1900-01-20 05:29:00,7978.5,455281,7979.0,347606,66513,34809,31704,107675,0.5
1900-01-20 05:29:15,7978.5,503310,7979.0,156460,40144,39286,858,346850,0.5
1900-01-20 05:29:30,7978.5,832216,7979.0,183319,19132,5728,13404,648897,0.5
1900-01-20 05:29:45,7978.5,291635,7979.0,359060,75375,22134,53241,-67425,0.5
1900-01-20 05:30:00,7978.5,15186,7979.0,1968318,20822,66584,-45762,-1953132,0.5
1900-01-20 05:30:15,7970.0,143552,7970.5,695145,37042,273850,-236808,-551593,0.5
1900-01-20 05:30:30,7963.0,4216,7963.5,47748,30405,339994,-309589,-43532,0.5
1900-01-20 05:30:45,7957.0,61629,7957.5,692083,13850,724456,-710606,-630454,0.5
1900-01-20 05:31:00,7950.5,454670,7951.0,18690,251953,1062526,-810573,435980,0.5
1900-01-20 05:31:15,7959.5,498116,7960.0,277470,542002,118596,423406,220646,0.5
1900-01-20 05:31:30,7954.5,124170,7955.0,218174,125352,246401,-121049,-94004,0.5
1900-01-20 05:31:45,7954.5,279543,7955.0,686715,38439,89331,-50892,-407172,0.5
1900-01-20 05:32:00,7951.5,169829,7952.0,810712,15058,178194,-163136,-640883,0.5
1900-01-20 05:32:15,7942.0,489689,7942.5,688098,31731,643026,-611295,-198409,0.5
1900-01-20 05:32:30,7942.0,708492,7942.5,452514,149278,371680,-222402,255978,0.5
1900-01-20 05:32:45,7952.0,172820,7953.0,7103,339466,121237,218229,165717,1.0
1900-01-20 05:33:00,7946.0,808393,7946.5,4469,155702,346560,-190858,803924,0.5
1900-01-20 05:33:15,7951.5,569830,7952.0,198350,402843,112785,290058,371480,0.5
1900-01-20 05:33:30,7951.5,563657,7952.0,313707,41925,85917,-43992,249950,0.5
1900-01-20 05:33:45,7961.0,120035,7967.0,75311,530749,34913,495836,44724,6.0
1900-01-20 05:34:00,7978.0,628234,7978.5,4685,381766,16682,365084,623549,0.5
1900-01-20 05:34:15,7967.5,41809,7968.0,543289,139313,186718,-47405,-501480,0.5
1900-01-20 05:34:30,7976.0,55,7976.5,75711,159483,77067,82416,-75656,0.5
1900-01-20 05:34:45,7969.5,40578,7970.0,575964,21296,27711,-6415,-535386,0.5
1900-01-20 05:35:00,7965.0,71625,7965.5,672384,19737,229125,-209388,-600759,0.5
1900-01-20 05:35:15,7963.0,103189,7963.5,1501824,1929,235486,-233557,-1398635,0.5
1900-01-20 05:35:30,7956.0,20000,7956.5,2045,21152,967163,-946011,17955,0.5
1900-01-20 05:35:45,7964.0,8057,7964.5,367054,253489,65534,187955,-358997,0.5
1900-01-20 05:36:00,7967.5,567671,7968.0,56951,46016,14400,31616,510720,0.5
1900-01-20 05:36:15,7971.5,614756,7975.0,14790,133448,68558,64890,599966,3.5
1900-01-20 05:36:30,7974.0,645234,7974.5,2814,60943,43091,17852,642420,0.5
1900-01-20 05:36:45,7981.5,4164,7984.0,50000,141003,9003,132000,-45836,2.5
1900-01-20 05:37:00,7966.0,22008,7966.5,10350,135414,105620,29794,11658,0.5
1900-01-20 05:37:15,7969.5,313440,7970.0,586412,123805,65022,58783,-272972,0.5
1900-01-20 05:37:30,7963.5,363921,7964.0,25000,73728,306222,-232494,338921,0.5
1900-01-20 05:37:45,7969.5,135234,7970.0,590452,128646,12140,116506,-455218,0.5
1900-01-20 05:38:00,7972.5,1090657,7973.0,82922,211716,82971,128745,1007735,0.5
1900-01-20 05:38:15,7974.5,1394276,7975.0,101583,159439,1000,158439,1292693,0.5
1900-01-20 05:38:30,7972.0,133,7972.5,241361,220536,57877,162659,-241228,0.5
1900-01-20 05:38:45,7969.5,408798,7970.0,825,18350,120036,-101686,407973,0.5
1900-01-20 05:39:00,7968.0,315762,7968.5,315992,53743,102953,-49210,-230,0.5
1900-01-20 05:39:15,7972.0,291226,7972.5,757266,42888,8772,34116,-466040,0.5
1900-01-20 05:39:30,7973.5,752861,7974.0,60404,175691,171451,4240,692457,0.5
1900-01-20 05:39:45,7973.5,242608,7974.0,543639,6490,5706,784,-301031,0.5
1900-01-20 05:40:00,7970.0,43099,7970.5,1353289,23613,38166,-14553,-1310190,0.5
1900-01-20 05:40:15,7968.5,10737,7969.0,465069,129066,34189,94877,-454332,0.5
1900-01-20 05:40:30,7962.5,510439,7963.0,186084,36192,101805,-65613,324355,0.5
1900-01-20 05:40:45,7964.5,303078,7965.0,309030,15267,13935,1332,-5952,0.5
1900-01-20 05:41:00,7969.5,481890,7970.0,112918,37761,15823,21938,368972,0.5
1900-01-20 05:41:15,7976.5,232341,7977.0,1160,112824,22641,90183,231181,0.5
1900-01-20 05:41:30,7968.5,604331,7969.0,77704,39193,20515,18678,526627,0.5
1900-01-20 05:41:45,7970.5,83848,7971.0,498878,142421,107463,34958,-415030,0.5
1900-01-20 05:42:00,7970.5,108642,7971.0,338433,68990,29252,39738,-229791,0.5
1900-01-20 05:42:15,7974.5,237899,7975.0,230556,168509,8604,159905,7343,0.5
1900-01-20 05:42:30,7972.5,65234,7973.0,214139,66052,74060,-8008,-148905,0.5
1900-01-20 05:42:45,7971.0,1123,7971.5,167470,5037,12547,-7510,-166347,0.5
1900-01-20 05:43:00,7968.0,48381,7968.5,644652,2974,225999,-223025,-596271,0.5
1900-01-20 05:43:15,7965.0,9856,7965.5,477076,25834,85659,-59825,-467220,0.5
1900-01-20 05:43:30,7961.0,22527,7961.5,523888,28530,70949,-42419,-501361,0.5
1900-01-20 05:43:45,7956.5,298966,7957.0,7974,22113,203954,-181841,290992,0.5
1900-01-20 05:44:00,7957.5,802237,7958.0,220528,79477,28094,51383,581709,0.5
1900-01-20 05:44:15,7960.5,2437,7961.0,291983,180915,103774,77141,-289546,0.5
1900-01-20 05:44:30,7960.0,466908,7960.5,380036,26118,24491,1627,86872,0.5
1900-01-20 05:44:45,7958.0,3509,7958.5,833309,46750,64343,-17593,-829800,0.5
1900-01-20 05:45:00,7959.5,724147,7960.0,67750,59839,111907,-52068,656397,0.5
1900-01-20 05:45:15,7961.5,573830,7962.0,18535,74640,15291,59349,555295,0.5
1900-01-20 05:45:30,7966.0,464231,7966.5,24386,64492,5077,59415,439845,0.5
1900-01-20 05:45:45,7966.5,779607,7967.0,11176,33427,1521,31906,768431,0.5
1900-01-20 05:46:00,7970.0,495794,7970.5,1649,222015,16198,205817,494145,0.5
1900-01-20 05:46:15,7971.5,568108,7972.0,289290,160365,66092,94273,278818,0.5
1900-01-20 05:46:30,7970.0,54372,7970.5,1450362,14509,188837,-174328,-1395990,0.5
1900-01-20 05:46:45,7967.5,1112904,7968.0,77642,7854,68948,-61094,1035262,0.5
1900-01-20 05:47:00,7967.5,514135,7968.0,548894,20509,22831,-2322,-34759,0.5
1900-01-20 05:47:15,7967.5,507212,7968.0,876137,14059,40850,-26791,-368925,0.5
1900-01-20 05:47:30,7962.0,50702,7963.5,227897,116654,449886,-333232,-177195,1.5
1900-01-20 05:47:45,7963.0,96819,7963.5,280580,13031,24732,-11701,-183761,0.5
1900-01-20 05:48:00,7960.0,6344,7960.5,448455,1307,76767,-75460,-442111,0.5
1900-01-20 05:48:15,7953.5,119415,7954.0,398664,18718,193659,-174941,-279249,0.5
1900-01-20 05:48:30,7958.0,174376,7958.5,78126,78179,106392,-28213,96250,0.5
1900-01-20 05:48:45,7955.5,43237,7957.0,715657,37676,45171,-7495,-672420,1.5
1900-01-20 05:49:00,7955.5,13946,7956.0,522729,12624,37937,-25313,-508783,0.5
1900-01-20 05:49:15,7954.0,78308,7954.5,695187,9346,237610,-228264,-616879,0.5
1900-01-20 05:49:30,7953.0,158668,7953.5,670194,31261,92866,-61605,-511526,0.5
1900-01-20 05:49:45,7953.0,140738,7953.5,622620,40898,67078,-26180,-481882,0.5
1900-01-20 05:50:00,7949.0,10988,7949.5,793460,75141,343831,-268690,-782472,0.5
1900-01-20 05:50:15,7937.0,240441,7937.5,118600,54461,543436,-488975,121841,0.5
1900-01-20 05:50:30,7943.5,252555,7944.0,11882,611440,332379,279061,240673,0.5
1900-01-20 05:50:45,7933.0,373204,7933.5,160655,103011,257956,-154945,212549,0.5
1900-01-20 05:51:00,7946.0,93424,7946.5,130037,408554,174228,234326,-36613,0.5
1900-01-20 05:51:15,7941.0,22651,7941.5,487347,28248,43840,-15592,-464696,0.5
1900-01-20 05:51:30,7944.0,5000,7944.5,1022912,93151,73356,19795,-1017912,0.5
1900-01-20 05:51:45,7941.0,68197,7941.5,532007,50099,47657,2442,-463810,0.5
1900-01-20 05:52:00,7933.0,482533,7933.5,208258,96162,186044,-89882,274275,0.5
1900-01-20 05:52:15,7935.5,75022,7936.0,449268,119146,22347,96799,-374246,0.5
1900-01-20 05:52:30,7933.5,917265,7934.0,7170,50375,48177,2198,910095,0.5
1900-01-20 05:52:45,7937.5,148654,7938.0,105,72118,259,71859,148549,0.5
1900-01-20 05:53:00,7946.5,478,7947.0,1036611,238744,52257,186487,-1036133,0.5
1900-01-20 05:53:15,7945.0,455190,7945.5,58314,96987,35885,61102,396876,0.5
1900-01-20 05:53:30,7933.0,77033,7933.5,325285,33097,282591,-249494,-248252,0.5
1900-01-20 05:53:45,7927.0,145652,7927.5,247284,62627,304734,-242107,-101632,0.5
1900-01-20 05:54:00,7933.5,44946,7934.0,449925,97425,215966,-118541,-404979,0.5
1900-01-20 05:54:15,7930.0,176644,7930.5,422986,72868,396158,-323290,-246342,0.5
1900-01-20 05:54:30,7926.5,246947,7927.0,114728,114190,254597,-140407,132219,0.5
1900-01-20 05:54:45,7926.5,243830,7927.0,467639,12443,106302,-93859,-223809,0.5
1900-01-20 05:55:00,7933.5,33196,7934.0,535422,243069,35054,208015,-502226,0.5
1900-01-20 05:55:15,7934.5,153660,7935.0,435231,68626,85726,-17100,-281571,0.5
1900-01-20 05:55:30,7934.5,1062700,7935.0,85042,135350,27931,107419,977658,0.5
1900-01-20 05:55:45,7936.5,675534,7937.0,90209,119225,19561,99664,585325,0.5
1900-01-20 05:56:00,7943.5,343020,7944.0,21939,219664,19281,200383,321081,0.5
1900-01-20 05:56:15,7945.5,534648,7946.0,836734,186189,54029,132160,-302086,0.5
1900-01-20 05:56:30,7942.0,12933,7943.5,126730,55620,1092662,-1037042,-113797,1.5
1900-01-20 05:56:45,7939.0,354853,7939.5,331,138197,294100,-155903,354522,0.5
1900-01-20 05:57:00,7941.0,141840,7941.5,355780,206558,63067,143491,-213940,0.5
1900-01-20 05:57:15,7941.0,18519,7941.5,738400,18270,14692,3578,-719881,0.5
1900-01-20 05:57:30,7940.0,412178,7940.5,184282,30525,19384,11141,227896,0.5
1900-01-20 05:57:45,7943.0,278980,7943.5,568686,431288,34253,397035,-289706,0.5
1900-01-20 05:58:00,7943.0,665127,7943.5,205006,99340,721,98619,460121,0.5
1900-01-20 05:58:15,7949.5,193255,7950.0,566787,342714,81370,261344,-373532,0.5
1900-01-20 05:58:30,7951.0,410244,7951.5,716141,288192,74613,213579,-305897,0.5
1900-01-20 05:58:45,7951.0,50675,7951.5,696564,9622,111885,-102263,-645889,0.5
1900-01-20 05:59:00,7947.5,146479,7948.0,155052,45205,84913,-39708,-8573,0.5
1900-01-20 05:59:15,7953.5,226295,7954.0,1047164,194948,69941,125007,-820869,0.5
1900-01-20 05:59:30,7953.5,672888,7954.0,627080,317981,39708,278273,45808,0.5
1900-01-20 05:59:45,7953.5,601648,7954.0,512091,212101,59223,152878,89557,0.5
1900-01-20 06:00:00,7953.5,530614,7954.0,126985,320930,60850,260080,403629,0.5
1900-01-20 06:00:15,7953.5,585146,7954.0,511439,201881,152350,49531,73707,0.5
1900-01-20 06:00:30,7959.5,216435,7960.0,836783,431054,22865,408189,-620348,0.5
1900-01-20 06:00:45,7960.0,417142,7960.5,329,287380,19658,267722,416813,0.5
1900-01-20 06:01:00,7962.5,63522,7963.0,734492,258907,143999,114908,-670970,0.5
1900-01-20 06:01:15,7954.0,33817,7954.5,20000,78763,68202,10561,13817,0.5
1900-01-20 06:01:30,7952.0,1671598,7952.5,15000,60128,154241,-94113,1656598,0.5
1900-01-20 06:01:45,7957.5,30303,7958.0,478175,95982,45006,50976,-447872,0.5
1900-01-20 06:02:00,7956.5,176732,7957.0,567655,87444,41370,46074,-390923,0.5
1900-01-20 06:02:15,7953.5,27694,7954.0,551567,59316,429254,-369938,-523873,0.5
1900-01-20 06:02:30,7956.0,521204,7956.5,765,26451,16158,10293,520439,0.5
1900-01-20 06:02:45,7956.0,132123,7956.5,426367,32190,12197,19993,-294244,0.5
1900-01-20 06:03:00,7959.0,87975,7959.5,572299,85495,37922,47573,-484324,0.5
1900-01-20 06:03:15,7956.0,288,7956.5,508285,154759,26659,128100,-507997,0.5
1900-01-20 06:03:30,7953.0,26419,7953.5,768031,16866,26176,-9310,-741612,0.5
1900-01-20 06:03:45,7950.0,13871,7950.5,627772,3507,173891,-170384,-613901,0.5
1900-01-20 06:04:00,7949.0,233951,7949.5,655615,10679,37833,-27154,-421664,0.5
1900-01-20 06:04:15,7949.0,150665,7949.5,726991,2416,38031,-35615,-576326,0.5
1900-01-20 06:04:30,7948.0,23946,7948.5,416096,8356,64705,-56349,-392150,0.5
1900-01-20 06:04:45,7943.5,19412,7944.0,436499,3948,93254,-89306,-417087,0.5
1900-01-20 06:05:00,7945.5,9085,7946.0,7723,88214,61527,26687,1362,0.5
1900-01-20 06:05:15,7946.5,51,7947.0,261320,39121,155017,-115896,-261269,0.5
1900-01-20 06:05:30,7946.0,512713,7946.5,491953,76423,21125,55298,20760,0.5
1900-01-20 06:05:45,7949.0,607231,7949.5,76604,34950,28371,6579,530627,0.5
1900-01-20 06:06:00,7953.5,271511,7954.0,25,274781,55853,218928,271486,0.5
1900-01-20 06:06:15,7957.0,121899,7957.5,724014,38565,62125,-23560,-602115,0.5
1900-01-20 06:06:30,7959.0,600017,7959.5,419275,103019,36341,66678,180742,0.5
1900-01-20 06:06:45,7959.0,365852,7959.5,498691,41529,44840,-3311,-132839,0.5
1900-01-20 06:07:00,7959.0,99284,7959.5,529669,12702,48756,-36054,-430385,0.5
1900-01-20 06:07:15,7963.0,904121,7963.5,16360,167646,60767,106879,887761,0.5
1900-01-20 06:07:30,7967.5,323860,7968.0,1418338,309888,31096,278792,-1094478,0.5
1900-01-20 06:07:45,7967.5,519420,7968.0,953632,181460,129302,52158,-434212,0.5
1900-01-20 06:08:00,7972.5,605231,7973.0,49657,260429,40731,219698,555574,0.5
1900-01-20 06:08:15,7975.5,51271,7976.0,142026,184846,89863,94983,-90755,0.5
1900-01-20 06:08:30,7972.5,561002,7973.0,159526,68639,126011,-57372,401476,0.5
1900-01-20 06:08:45,7975.5,443512,7976.0,154817,117565,78889,38676,288695,0.5
1900-01-20 06:09:00,7975.0,521057,7975.5,73401,60397,66821,-6424,447656,0.5
1900-01-20 06:09:15,7979.0,526595,7979.5,231523,206902,48797,158105,295072,0.5
1900-01-20 06:09:30,7979.0,1004586,7979.5,106432,89305,15594,73711,898154,0.5
1900-01-20 06:09:45,7988.5,1081843,7989.0,138670,526752,27359,499393,943173,0.5
1900-01-20 06:10:00,7981.5,187664,7982.0,231448,171206,32900,138306,-43784,0.5
1900-01-20 06:10:15,7981.5,108292,7982.0,269483,94744,147464,-52720,-161191,0.5
1900-01-20 06:10:30,7980.0,107804,7980.5,81118,90986,202482,-111496,26686,0.5
1900-01-20 06:10:45,7981.5,1091902,7982.0,52170,256125,31259,224866,1039732,0.5
1900-01-20 06:11:00,7982.0,1027312,7982.5,98690,179659,12384,167275,928622,0.5
1900-01-20 06:11:15,7988.5,172501,7989.0,337278,65177,12011,53166,-164777,0.5
1900-01-20 06:11:30,7985.5,368619,7986.0,220028,138760,79544,59216,148591,0.5
1900-01-20 06:11:45,7989.5,139762,7990.0,766476,138570,239421,-100851,-626714,0.5
1900-01-20 06:12:00,7995.5,397851,7996.0,39580,148468,86116,62352,358271,0.5
1900-01-20 06:12:15,7997.5,415693,7998.0,161329,204951,229667,-24716,254364,0.5
1900-01-20 06:12:30,7998.5,259113,7999.0,235354,520354,90946,429408,23759,0.5
1900-01-20 06:12:45,7999.0,176572,7999.5,135308,149260,195157,-45897,41264,0.5
1900-01-20 06:13:00,7991.0,190740,7991.5,257167,7769,140997,-133228,-66427,0.5
1900-01-20 06:13:15,7982.5,460633,7983.0,165223,79570,112269,-32699,295410,0.5
1900-01-20 06:13:30,7989.0,476577,7989.5,98953,98320,53496,44824,377624,0.5
1900-01-20 06:13:45,7998.5,74694,7999.0,1230997,108436,15036,93400,-1156303,0.5
1900-01-20 06:14:00,7991.0,431000,7991.5,194834,60425,35979,24446,236166,0.5
1900-01-20 06:14:15,7994.5,232045,7995.0,306116,95215,20310,74905,-74071,0.5
1900-01-20 06:14:30,7987.0,420142,7987.5,89056,19624,88539,-68915,331086,0.5
1900-01-20 06:14:45,7986.0,20374,7986.5,540194,58797,116562,-57765,-519820,0.5
1900-01-20 06:15:00,7978.5,540400,7979.0,211784,19400,269514,-250114,328616,0.5
1900-01-20 06:15:15,7978.5,123527,7979.0,307245,37108,63036,-25928,-183718,0.5
1900-01-20 06:15:30,7974.5,347100,7975.0,500,28538,263388,-234850,346600,0.5
1900-01-20 06:15:45,7978.0,553507,7978.5,339610,95778,9052,86726,213897,0.5
1900-01-20 06:16:00,7978.0,179968,7978.5,550178,25651,229295,-203644,-370210,0.5
1900-01-20 06:16:15,7975.0,47291,7975.5,383035,76792,57534,19258,-335744,0.5
1900-01-20 06:16:30,7973.0,105316,7973.5,418923,150,49246,-49096,-313607,0.5
1900-01-20 06:16:45,7971.5,1317060,7972.0,308404,6736,14598,-7862,1008656,0.5
1900-01-20 06:17:00,7975.5,834633,7976.0,88698,239665,6177,233488,745935,0.5
1900-01-20 06:17:15,7975.5,405000,7976.0,207517,90800,55770,35030,197483,0.5
1900-01-20 06:17:30,7975.5,586773,7976.0,230598,5622,31762,-26140,356175,0.5
1900-01-20 06:17:45,7973.0,528514,7973.5,130702,12126,83438,-71312,397812,0.5
1900-01-20 06:18:00,7975.5,555853,7976.0,15431,91879,42140,49739,540422,0.5
1900-01-20 06:18:15,7976.0,965205,7976.5,31873,13881,10800,3081,933332,0.5
1900-01-20 06:18:30,7978.5,106215,7979.0,725059,42363,12027,30336,-618844,0.5
1900-01-20 06:18:45,7977.0,212,7977.5,448207,2250,29613,-27363,-447995,0.5
1900-01-20 06:19:00,7974.5,26102,7975.0,559972,865,34522,-33657,-533870,0.5
1900-01-20 06:19:15,7973.0,64931,7973.5,656347,2102,47886,-45784,-591416,0.5
1900-01-20 06:19:30,7964.5,128310,7965.0,698791,16741,361782,-345041,-570481,0.5
1900-01-20 06:19:45,7962.0,769455,7962.5,115760,66407,390102,-323695,653695,0.5
1900-01-20 06:20:00,7956.0,199647,7957.0,35352,23188,324297,-301109,164295,1.0
1900-01-20 06:20:15,7960.0,31055,7960.5,517486,49476,459151,-409675,-486431,0.5
1900-01-20 06:20:30,7957.5,737710,7958.0,133310,20837,29758,-8921,604400,0.5
1900-01-20 06:20:45,7957.5,1047563,7958.0,35188,39519,166923,-127404,1012375,0.5
1900-01-20 06:21:00,7958.5,307831,7959.0,244073,30673,52021,-21348,63758,0.5
1900-01-20 06:21:15,7955.5,9319,7956.0,758444,30190,23329,6861,-749125,0.5
1900-01-20 06:21:30,7954.0,272308,7954.5,233276,20600,80737,-60137,39032,0.5
1900-01-20 06:21:45,7954.0,702227,7954.5,44862,103368,41465,61903,657365,0.5
1900-01-20 06:22:00,7955.5,993170,7956.0,20413,102810,273,102537,972757,0.5
1900-01-20 06:22:15,7956.5,508698,7957.0,392571,56642,3969,52673,116127,0.5
1900-01-20 06:22:30,7952.0,56717,7952.5,383353,10180,139517,-129337,-326636,0.5
1900-01-20 06:22:45,7950.0,825942,7950.5,663622,9845,615529,-605684,162320,0.5
1900-01-20 06:23:00,7950.0,146920,7950.5,769458,19188,682325,-663137,-622538,0.5
1900-01-20 06:23:15,7945.5,65966,7946.0,548924,2452,70526,-68074,-482958,0.5
1900-01-20 06:23:30,7951.0,232274,7951.5,172,68813,104508,-35695,232102,0.5
1900-01-20 06:23:45,7953.0,446355,7953.5,6469,24455,17624,6831,439886,0.5
1900-01-20 06:24:00,7957.5,1103042,7958.0,67021,56763,24111,32652,1036021,0.5
1900-01-20 06:24:15,7960.5,739928,7961.0,1167,15740,35517,-19777,738761,0.5
1900-01-20 06:24:30,7962.5,25600,7963.0,492973,193777,45482,148295,-467373,0.5
1900-01-20 06:24:45,7966.0,705439,7966.5,403086,183897,16307,167590,302353,0.5
1900-01-20 06:25:00,7969.5,360041,7970.0,80991,350111,1650,348461,279050,0.5
1900-01-20 06:25:15,7969.5,355901,7970.0,314424,258315,28241,230074,41477,0.5
1900-01-20 06:25:30,7969.5,184959,7970.0,725339,21350,22643,-1293,-540380,0.5
1900-01-20 06:25:45,7966.0,111399,7966.5,956020,19640,324406,-304766,-844621,0.5
1900-01-20 06:26:00,7960.0,109891,7960.5,375362,1140,533674,-532534,-265471,0.5
1900-01-20 06:26:15,7957.5,39557,7958.0,1024085,30878,26058,4820,-984528,0.5
1900-01-20 06:26:30,7959.0,555381,7959.5,24774,25425,28415,-2990,530607,0.5
1900-01-20 06:26:45,7959.0,16581,7959.5,414063,6222,19479,-13257,-397482,0.5
1900-01-20 06:27:00,7956.5,3127,7957.0,1462686,12747,84327,-71580,-1459559,0.5
1900-01-20 06:27:15,7953.5,13357,7954.0,493082,34395,19247,15148,-479725,0.5
1900-01-20 06:27:30,7945.0,464314,7945.5,254468,91147,184062,-92915,209846,0.5
1900-01-20 06:27:45,7945.0,150612,7945.5,494345,64397,89409,-25012,-343733,0.5
1900-01-20 06:28:00,7942.0,511437,7942.5,11768,28957,490195,-461238,499669,0.5
1900-01-20 06:28:15,7941.0,273602,7941.5,163644,55612,229492,-173880,109958,0.5
1900-01-20 06:28:30,7942.5,547463,7943.0,132274,143993,257153,-113160,415189,0.5
1900-01-20 06:28:45,7946.5,36416,7947.0,854644,132844,316986,-184142,-818228,0.5
1900-01-20 06:29:00,7941.0,382184,7941.5,128274,151,60615,-60464,253910,0.5
1900-01-20 06:29:15,7941.5,602882,7942.0,335591,70941,104883,-33942,267291,0.5
1900-01-20 06:29:30,7946.0,936450,7946.5,20177,370849,81689,289160,916273,0.5
1900-01-20 06:29:45,7951.5,351799,7952.0,189155,130104,10931,119173,162644,0.5
1900-01-20 06:30:00,7951.5,67451,7952.0,880942,34061,802,33259,-813491,0.5
1900-01-20 06:30:15,7951.5,46918,7952.0,984481,30258,69800,-39542,-937563,0.5
1900-01-20 06:30:30,7941.5,427941,7942.0,87416,17596,211778,-194182,340525,0.5
1900-01-20 06:30:45,7945.0,462924,7945.5,25444,25600,11925,13675,437480,0.5
1900-01-20 06:31:00,7948.5,19735,7949.0,319305,24391,37479,-13088,-299570,0.5
1900-01-20 06:31:15,7947.5,464002,7948.0,37055,23673,65132,-41459,426947,0.5
1900-01-20 06:31:30,7941.5,689501,7942.0,135605,14890,65798,-50908,553896,0.5
1900-01-20 06:31:45,7941.5,192590,7942.0,334443,17187,36260,-19073,-141853,0.5
1900-01-20 06:32:00,7942.5,50303,7943.0,1369572,21100,103654,-82554,-1319269,0.5
1900-01-20 06:32:15,7941.5,89491,7942.0,1267238,105867,60665,45202,-1177747,0.5
1900-01-20 06:32:30,7941.0,30254,7941.5,1018610,4792,62960,-58168,-988356,0.5
1900-01-20 06:32:45,7941.0,136924,7941.5,689809,43982,59325,-15343,-552885,0.5
1900-01-20 06:33:00,7941.0,229191,7941.5,686188,7611,27734,-20123,-456997,0.5
1900-01-20 06:33:15,7940.5,423722,7941.0,777747,78829,141630,-62801,-354025,0.5
1900-01-20 06:33:30,7940.5,774845,7941.0,463254,70637,36135,34502,311591,0.5
1900-01-20 06:33:45,7943.0,482525,7943.5,145938,138049,12825,125224,336587,0.5
1900-01-20 06:34:00,7943.0,594104,7943.5,36150,9739,6370,3369,557954,0.5
1900-01-20 06:34:15,7947.0,489825,7947.5,188848,134941,2974,131967,300977,0.5
1900-01-20 06:34:30,7947.0,554946,7947.5,53713,21087,18090,2997,501233,0.5
1900-01-20 06:34:45,7947.5,750155,7948.0,91645,58511,4426,54085,658510,0.5
1900-01-20 06:35:00,7947.5,495941,7948.0,129201,17276,26441,-9165,366740,0.5
1900-01-20 06:35:15,7947.5,69552,7948.0,1147359,28132,11968,16164,-1077807,0.5
1900-01-20 06:35:30,7945.0,1685886,7945.5,217307,64814,65367,-553,1468579,0.5
1900-01-20 06:35:45,7945.0,2052038,7945.5,108337,21972,4033,17939,1943701,0.5
1900-01-20 06:36:00,7945.0,1951464,7945.5,133234,34433,55800,-21367,1818230,0.5
1900-01-20 06:36:15,7945.0,1785060,7945.5,850321,85254,39349,45905,934739,0.5
1900-01-20 06:36:30,7946.5,393651,7947.0,452065,75160,87310,-12150,-58414,0.5
1900-01-20 06:36:45,7950.0,925696,7950.5,109532,169325,36504,132821,816164,0.5
1900-01-20 06:37:00,7954.5,393852,7955.0,100281,300726,9202,291524,293571,0.5
1900-01-20 06:37:15,7958.5,154352,7959.0,547091,430075,20778,409297,-392739,0.5
1900-01-20 06:37:30,7959.5,630674,7960.0,20719,237263,54910,182353,609955,0.5
1900-01-20 06:37:45,7961.5,1500,7962.0,971736,134928,44375,90553,-970236,0.5
1900-01-20 06:38:00,7959.5,1500552,7960.0,416,266742,46100,220642,1500136,0.5
1900-01-20 06:38:15,7963.5,609971,7964.0,31099,17576,11599,5977,578872,0.5
1900-01-20 06:38:30,7963.0,5988,7963.5,1099282,27450,45013,-17563,-1093294,0.5
1900-01-20 06:38:45,7961.5,519353,7962.0,54290,61932,20742,41190,465063,0.5
1900-01-20 06:39:00,7961.5,582578,7962.0,148282,16876,2973,13903,434296,0.5
1900-01-20 06:39:15,7961.5,66469,7962.0,547099,5863,16007,-10144,-480630,0.5
1900-01-20 06:39:30,7961.5,77619,7962.0,512933,20645,29997,-9352,-435314,0.5
1900-01-20 06:39:45,7961.5,59692,7962.0,4278089,2600,21484,-18884,-4218397,0.5
1900-01-20 06:40:00,7960.0,278348,7960.5,753296,1460,199522,-198062,-474948,0.5
1900-01-20 06:40:15,7959.0,1518914,7959.5,25566,64228,292683,-228455,1493348,0.5
1900-01-20 06:40:30,7965.0,1346959,7965.5,2729,328894,13900,314994,1344230,0.5
1900-01-20 06:40:45,7978.5,20000,7979.0,99555,79681,32856,46825,-79555,0.5
1900-01-20 06:41:00,7974.0,383072,7974.5,258633,353599,39269,314330,124439,0.5
1900-01-20 06:41:15,7978.5,160140,7979.0,384973,25524,59958,-34434,-224833,0.5
1900-01-20 06:41:30,7976.0,619584,7976.5,55518,156266,51487,104779,564066,0.5
1900-01-20 06:41:45,7979.0,376396,7979.5,56882,32824,30803,2021,319514,0.5
1900-01-20 06:42:00,7979.5,623826,7980.0,333,415565,52912,362653,623493,0.5
1900-01-20 06:42:15,7984.0,15216,7984.5,1480257,115375,25945,89430,-1465041,0.5
1900-01-20 06:42:30,7974.5,750791,7975.0,232716,43020,432984,-389964,518075,0.5
1900-01-20 06:42:45,7974.5,284186,7975.0,1230360,41507,57105,-15598,-946174,0.5
1900-01-20 06:43:00,7970.0,447634,7970.5,530511,15066,129077,-114011,-82877,0.5
1900-01-20 06:43:15,7965.5,415416,7966.0,96893,3700,163949,-160249,318523,0.5
1900-01-20 06:43:30,7968.0,878374,7968.5,11768,15195,93193,-77998,866606,0.5
1900-01-20 06:43:45,7972.5,163297,7973.0,653521,106975,12009,94966,-490224,0.5
1900-01-20 06:44:00,7970.5,584787,7971.0,226122,13045,21588,-8543,358665,0.5
1900-01-20 06:44:15,7970.5,700356,7971.0,37522,28602,14995,13607,662834,0.5
1900-01-20 06:44:30,7973.0,736384,7973.5,55356,34164,1272,32892,681028,0.5
1900-01-20 06:44:45,7973.0,530,7973.5,768342,98390,82201,16189,-767812,0.5
1900-01-20 06:45:00,7970.0,9100,7970.5,1530321,32721,51306,-18585,-1521221,0.5
1900-01-20 06:45:15,7966.0,43772,7966.5,633792,5421,30929,-25508,-590020,0.5
1900-01-20 06:45:30,7966.0,38183,7966.5,323086,32771,46297,-13526,-284903,0.5
1900-01-20 06:45:45,7965.5,28864,7966.0,473735,28879,49487,-20608,-444871,0.5
1900-01-20 06:46:00,7965.0,598343,7965.5,635606,289,57571,-57282,-37263,0.5
1900-01-20 06:46:15,7962.0,37881,7962.5,512088,2570,554680,-552110,-474207,0.5
1900-01-20 06:46:30,7962.0,197596,7962.5,503610,29856,52374,-22518,-306014,0.5
1900-01-20 06:46:45,7959.0,153681,7959.5,147514,2119,58120,-56001,6167,0.5
1900-01-20 06:47:00,7959.0,507892,7959.5,99907,16904,85454,-68550,407985,0.5
1900-01-20 06:47:15,7959.0,145472,7959.5,403423,31884,8712,23172,-257951,0.5
1900-01-20 06:47:30,7959.0,660724,7959.5,10025,12039,4653,7386,650699,0.5
1900-01-20 06:47:45,7960.5,43625,7961.0,1072036,64969,16030,48939,-1028411,0.5
1900-01-20 06:48:00,7959.0,576108,7959.5,121679,2568,22008,-19440,454429,0.5
1900-01-20 06:48:15,7959.0,21665,7959.5,701742,10326,76581,-66255,-680077,0.5
1900-01-20 06:48:30,7958.0,661,7958.5,1200126,5250,62724,-57474,-1199465,0.5
1900-01-20 06:48:45,7955.0,508038,7955.5,61635,11033,37560,-26527,446403,0.5
1900-01-20 06:49:00,7958.0,151515,7958.5,648245,15317,26664,-11347,-496730,0.5
1900-01-20 06:49:15,7960.5,288507,7961.0,428409,13913,72377,-58464,-139902,0.5
1900-01-20 06:49:30,7960.5,78416,7961.0,1098545,5375,27396,-22021,-1020129,0.5
1900-01-20 06:49:45,7960.5,174832,7961.0,1070552,3849,20415,-16566,-895720,0.5
1900-01-20 06:50:00,7960.5,277261,7961.0,889221,3883,20646,-16763,-611960,0.5
1900-01-20 06:50:15,7960.5,458516,7961.0,558024,258,4690,-4432,-99508,0.5
1900-01-20 06:50:30,7960.5,130518,7961.0,995117,44189,13970,30219,-864599,0.5
1900-01-20 06:50:45,7958.0,22123,7958.5,189154,200,30937,-30737,-167031,0.5
1900-01-20 06:51:00,7957.0,669750,7957.5,22140,7320,42600,-35280,647610,0.5
1900-01-20 06:51:15,7957.0,690927,7957.5,81241,14324,67301,-52977,609686,0.5
1900-01-20 06:51:30,7957.0,1030581,7957.5,79590,3881,25846,-21965,950991,0.5
1900-01-20 06:51:45,7957.5,788877,7958.0,51744,5271,5744,-473,737133,0.5
1900-01-20 06:52:00,7959.5,583687,7960.0,457116,91008,21201,69807,126571,0.5
1900-01-20 06:52:15,7961.0,894169,7961.5,216142,321745,175972,145773,678027,0.5
1900-01-20 06:52:30,7961.0,877486,7961.5,277941,119992,1159,118833,599545,0.5
1900-01-20 06:52:45,7962.5,655233,7963.0,35092,31574,5156,26418,620141,0.5
1900-01-20 06:53:00,7963.5,923185,7964.0,39497,127844,23715,104129,883688,0.5
1900-01-20 06:53:15,7963.0,94319,7963.5,1167873,109232,171046,-61814,-1073554,0.5
1900-01-20 06:53:30,7960.0,863033,7960.5,390055,4194,179030,-174836,472978,0.5
1900-01-20 06:53:45,7960.0,634647,7960.5,264236,183115,119754,63361,370411,0.5
1900-01-20 06:54:00,7960.0,810562,7960.5,343598,15074,5160,9914,466964,0.5
1900-01-20 06:54:15,7960.0,520366,7960.5,911811,9,5324,-5315,-391445,0.5
1900-01-20 06:54:30,7956.0,56281,7956.5,1293365,4961,690933,-685972,-1237084,0.5
1900-01-20 06:54:45,7955.5,323394,7956.0,750367,22500,118701,-96201,-426973,0.5
1900-01-20 06:55:00,7949.0,873517,7949.5,251413,2041,234374,-232333,622104,0.5
1900-01-20 06:55:15,7949.0,523421,7949.5,90692,18994,64471,-45477,432729,0.5
1900-01-20 06:55:30,7951.5,292555,7952.0,426342,28780,2951,25829,-133787,0.5
1900-01-20 06:55:45,7951.5,259873,7952.0,447568,3716,12729,-9013,-187695,0.5
1900-01-20 06:56:00,7948.5,248855,7949.0,441709,1178,98991,-97813,-192854,0.5
1900-01-20 06:56:15,7948.5,48715,7949.0,1058388,2500,73941,-71441,-1009673,0.5
1900-01-20 06:56:30,7946.5,425291,7947.0,92201,50,164589,-164539,333090,0.5
1900-01-20 06:56:45,7946.5,887952,7947.0,279638,5505,50075,-44570,608314,0.5
1900-01-20 06:57:00,7946.5,870379,7947.0,89264,117133,16740,100393,781115,0.5
1900-01-20 06:57:15,7946.5,952912,7947.0,37278,36182,250,35932,915634,0.5
1900-01-20 06:57:30,7947.5,714401,7948.0,17570,30381,565,29816,696831,0.5
1900-01-20 06:57:45,7947.5,451363,7948.0,92060,30333,18862,11471,359303,0.5
1900-01-20 06:58:00,7947.5,616628,7948.0,79437,36860,2420,34440,537191,0.5
1900-01-20 06:58:15,7949.0,216002,7949.5,625816,59390,14672,44718,-409814,0.5
1900-01-20 06:58:30,7947.5,611623,7948.0,82488,21840,114716,-92876,529135,0.5
1900-01-20 06:58:45,7947.5,354981,7948.0,3007398,39928,10272,29656,-2652417,0.5
1900-01-20 06:59:00,7947.5,6308,7948.0,3057324,61250,177086,-115836,-3051016,0.5
1900-01-20 06:59:15,7946.5,221050,7947.0,658138,1539,50608,-49069,-437088,0.5
1900-01-20 06:59:30,7945.5,147095,7946.0,1606953,1539,51089,-49550,-1459858,0.5
1900-01-20 06:59:45,7945.0,70668,7945.5,1455849,16696,372129,-355433,-1385181,0.5
1900-01-20 07:00:00,7942.5,124812,7943.0,794827,22029,190333,-168304,-670015,0.5
1900-01-20 07:00:15,7950.5,162141,7951.0,881240,823369,155846,667523,-719099,0.5
1900-01-20 07:00:30,7947.5,104366,7948.0,721524,361452,83688,277764,-617158,0.5
1900-01-20 07:00:45,7947.5,136708,7948.0,709614,9993,41641,-31648,-572906,0.5
1900-01-20 07:01:00,7947.0,225789,7947.5,1552812,9248,64221,-54973,-1327023,0.5
1900-01-20 07:01:15,7945.5,38547,7946.5,452432,101500,25089,76411,-413885,1.0
1900-01-20 07:01:30,7945.5,8869,7946.0,866672,1925,45847,-43922,-857803,0.5
1900-01-20 07:01:45,7942.5,42524,7943.0,751259,1535,35355,-33820,-708735,0.5
1900-01-20 07:02:00,7942.0,19477,7942.5,963032,30655,83818,-53163,-943555,0.5
1900-01-20 07:02:15,7933.0,68152,7933.5,33790,49633,457590,-407957,34362,0.5
1900-01-20 07:02:30,7933.0,1222498,7933.5,37900,163789,844067,-680278,1184598,0.5
1900-01-20 07:02:45,7934.5,34371,7935.0,766944,25926,192912,-166986,-732573,0.5
1900-01-20 07:03:00,7932.5,600117,7933.0,158706,55632,310677,-255045,441411,0.5
1900-01-20 07:03:15,7935.0,82132,7935.5,3017,84985,7380,77605,79115,0.5
1900-01-20 07:03:30,7936.5,285295,7937.0,295111,121090,24246,96844,-9816,0.5
1900-01-20 07:03:45,7936.5,367739,7937.0,633125,465,9000,-8535,-265386,0.5
1900-01-20 07:04:00,7936.5,452301,7937.0,1170463,17432,27503,-10071,-718162,0.5
1900-01-20 07:04:15,7936.5,360523,7937.0,1136042,16535,39223,-22688,-775519,0.5
1900-01-20 07:04:30,7936.0,11252,7936.5,1266113,5325,306334,-301009,-1254861,0.5
1900-01-20 07:04:45,7934.0,26391,7934.5,911296,15362,68012,-52650,-884905,0.5
1900-01-20 07:05:00,7932.0,413,7932.5,665675,19144,17701,1443,-665262,0.5
1900-01-20 07:05:15,7926.0,482930,7926.5,191179,4801,498531,-493730,291751,0.5
1900-01-20 07:05:30,7934.0,489388,7934.5,818596,73578,299396,-225818,-329208,0.5
1900-01-20 07:05:45,7927.0,124894,7927.5,94866,11247,663249,-652002,30028,0.5
1900-01-20 07:06:00,7928.0,245428,7928.5,63986,13175,44817,-31642,181442,0.5
1900-01-20 07:06:15,7926.5,183162,7927.0,554942,189670,154355,35315,-371780,0.5
1900-01-20 07:06:30,7926.5,150346,7927.0,560943,55909,30656,25253,-410597,0.5
1900-01-20 07:06:45,7926.5,861243,7927.0,136100,46928,6195,40733,725143,0.5
1900-01-20 07:07:00,7934.0,393775,7934.5,50354,173574,5231,168343,343421,0.5
1900-01-20 07:07:15,7935.5,226,7936.0,127946,120105,139690,-19585,-127720,0.5
1900-01-20 07:07:30,7935.0,522806,7935.5,179352,21255,90491,-69236,343454,0.5
1900-01-20 07:07:45,7938.5,305347,7939.0,630408,249545,3918,245627,-325061,0.5
1900-01-20 07:08:00,7942.5,384451,7943.0,97344,566090,17352,548738,287107,0.5
1900-01-20 07:08:15,7944.5,285576,7945.0,496548,43850,300,43550,-210972,0.5
1900-01-20 07:08:30,7945.0,713626,7945.5,289370,360312,11999,348313,424256,0.5
1900-01-20 07:08:45,7945.0,626016,7945.5,6199,196741,60777,135964,619817,0.5
1900-01-20 07:09:00,7947.5,479265,7948.0,309914,80310,6553,73757,169351,0.5
1900-01-20 07:09:15,7949.0,251765,7949.5,474628,109823,15572,94251,-222863,0.5
1900-01-20 07:09:30,7949.0,296929,7949.5,603415,47555,26475,21080,-306486,0.5
1900-01-20 07:09:45,7949.0,91945,7949.5,1042853,196246,28665,167581,-950908,0.5
1900-01-20 07:10:00,7947.0,2652,7947.5,641363,37808,76868,-39060,-638711,0.5
1900-01-20 07:10:15,7947.0,28418,7947.5,2433742,83774,25804,57970,-2405324,0.5
1900-01-20 07:10:30,7945.0,32924,7945.5,538139,27564,9931,17633,-505215,0.5
1900-01-20 07:10:45,7942.5,121653,7943.0,432206,4076,58727,-54651,-310553,0.5
1900-01-20 07:11:00,7942.5,52057,7943.0,463057,18377,101399,-83022,-411000,0.5
1900-01-20 07:11:15,7942.0,104363,7942.5,973528,6509,110619,-104110,-869165,0.5
1900-01-20 07:11:30,7939.5,68458,7940.0,547815,11500,92235,-80735,-479357,0.5
1900-01-20 07:11:45,7939.5,779926,7940.0,152531,45786,21954,23832,627395,0.5
1900-01-20 07:12:00,7939.5,972304,7940.0,242348,31369,2200,29169,729956,0.5
1900-01-20 07:12:15,7939.5,618316,7940.0,611273,11889,5718,6171,7043,0.5
1900-01-20 07:12:30,7944.5,758007,7945.0,64876,41248,8640,32608,693131,0.5
1900-01-20 07:12:45,7945.0,817898,7945.5,56954,54769,152,54617,760944,0.5
1900-01-20 07:13:00,7949.5,1115113,7950.0,268879,343151,19217,323934,846234,0.5
1900-01-20 07:13:15,7951.5,146802,7952.0,817321,241082,4913,236169,-670519,0.5
1900-01-20 07:13:30,7954.0,233820,7954.5,388396,49101,26784,22317,-154576,0.5
1900-01-20 07:13:45,7954.0,258132,7954.5,410050,66631,28669,37962,-151918,0.5
1900-01-20 07:14:00,7954.0,281613,7954.5,434950,8974,2310,6664,-153337,0.5
1900-01-20 07:14:15,7954.0,253734,7954.5,455508,15353,6082,9271,-201774,0.5
1900-01-20 07:14:30,7954.0,127847,7954.5,2291133,12500,33306,-20806,-2163286,0.5
1900-01-20 07:14:45,7954.5,576704,7955.0,249282,20161,8251,11910,327422,0.5
1900-01-20 07:15:00,7954.5,1035713,7955.0,167143,146689,2105,144584,868570,0.5
1900-01-20 07:15:15,7956.0,512881,7956.5,307197,105016,5389,99627,205684,0.5
1900-01-20 07:15:30,7956.5,319232,7957.0,335757,26050,421,25629,-16525,0.5
1900-01-20 07:15:45,7956.5,790536,7957.0,119430,17741,54656,-36915,671106,0.5
1900-01-20 07:16:00,7956.5,233607,7957.0,336331,36673,19925,16748,-102724,0.5
1900-01-20 07:16:15,7956.5,333214,7957.0,300808,97835,17745,80090,32406,0.5
1900-01-20 07:16:30,7956.5,267769,7957.0,305299,14080,37773,-23693,-37530,0.5
1900-01-20 07:16:45,7956.5,200518,7957.0,299406,1020,100039,-99019,-98888,0.5
1900-01-20 07:17:00,7956.5,300302,7957.0,353781,49554,72598,-23044,-53479,0.5
1900-01-20 07:17:15,7958.0,344135,7958.5,172203,209674,13180,196494,171932,0.5
1900-01-20 07:17:30,7958.5,213983,7959.0,294926,103757,22494,81263,-80943,0.5
1900-01-20 07:17:45,7965.0,231179,7965.5,16199,38985,6192,32793,214980,0.5
1900-01-20 07:18:00,7968.0,124117,7968.5,624574,241864,60012,181852,-500457,0.5
1900-01-20 07:18:15,7975.5,2705365,7976.0,10,490844,118853,371991,2705355,0.5
1900-01-20 07:18:30,7978.0,114000,7978.5,1710436,424224,103128,321096,-1596436,0.5
1900-01-20 07:18:45,7978.0,390629,7978.5,402466,119207,129946,-10739,-11837,0.5
1900-01-20 07:19:00,7979.5,1498966,7980.0,16979,299103,21885,277218,1481987,0.5
1900-01-20 07:19:15,7992.0,446486,7992.5,14665,810965,24054,786911,431821,0.5
1900-01-20 07:19:30,7992.5,448746,7993.0,540695,245548,115125,130423,-91949,0.5
1900-01-20 07:19:45,7990.5,55562,7991.0,215655,137321,331515,-194194,-160093,0.5
1900-01-20 07:20:00,7988.0,1257918,7988.5,119555,131550,243715,-112165,1138363,0.5
1900-01-20 07:20:15,7988.5,946420,7989.0,126729,125912,128030,-2118,819691,0.5
1900-01-20 07:20:30,7992.5,308745,7993.0,25594,251080,101938,149142,283151,0.5
1900-01-20 07:20:45,8006.5,8963,8007.0,10555,660132,131861,528271,-1592,0.5
1900-01-20 07:21:00,8008.5,381429,8009.5,215848,644133,67836,576297,165581,1.0
1900-01-20 07:21:15,8008.0,230240,8008.5,111217,582217,61198,521019,119023,0.5
1900-01-20 07:21:30,8002.5,734,8003.0,321650,130800,364591,-233791,-320916,0.5
1900-01-20 07:21:45,7995.0,218850,7995.5,271727,160108,736580,-576472,-52877,0.5
1900-01-20 07:22:00,8000.5,1870257,8001.0,487751,155021,331886,-176865,1382506,0.5
1900-01-20 07:22:15,8000.5,2300583,8001.0,231713,64858,63786,1072,2068870,0.5
1900-01-20 07:22:30,8000.5,4146285,8001.0,240420,58083,20764,37319,3905865,0.5
1900-01-20 07:22:45,8005.5,312451,8006.0,87905,589977,33189,556788,224546,0.5
1900-01-20 07:23:00,7991.5,716065,7992.0,136325,76039,314898,-238859,579740,0.5
1900-01-20 07:23:15,7991.0,1342,7991.5,975135,149693,129308,20385,-973793,0.5
1900-01-20 07:23:30,7985.0,340338,7985.5,242608,46236,182607,-136371,97730,0.5
1900-01-20 07:23:45,7985.0,517346,7985.5,474040,23838,195481,-171643,43306,0.5
1900-01-20 07:24:00,7988.5,1100708,7989.0,126237,303916,66647,237269,974471,0.5
1900-01-20 07:24:15,7986.0,642035,7986.5,268398,83613,65821,17792,373637,0.5
1900-01-20 07:24:30,7986.0,389307,7986.5,330498,15344,162783,-147439,58809,0.5
1900-01-20 07:24:45,7986.0,195953,7986.5,134312,28316,52507,-24191,61641,0.5
1900-01-20 07:25:00,7982.5,374354,7983.0,227153,12980,97844,-84864,147201,0.5
1900-01-20 07:25:15,7979.0,13418,7980.0,519682,18252,353005,-334753,-506264,1.0
1900-01-20 07:25:30,7971.0,935086,7971.5,605022,8380,387456,-379076,330064,0.5
1900-01-20 07:25:45,7971.0,608119,7971.5,695173,31705,325214,-293509,-87054,0.5
1900-01-20 07:26:00,7971.5,38106,7972.0,10926,76702,60160,16542,27180,0.5
1900-01-20 07:26:15,7974.5,295453,7975.0,273108,191914,11857,180057,22345,0.5
1900-01-20 07:26:30,7974.5,166567,7975.0,408163,29450,104282,-74832,-241596,0.5
1900-01-20 07:26:45,7967.0,358453,7967.5,228349,123781,187431,-63650,130104,0.5
1900-01-20 07:27:00,7966.5,33161,7967.0,776002,77961,85032,-7071,-742841,0.5
1900-01-20 07:27:15,7967.5,543596,7968.0,148447,133660,24830,108830,395149,0.5
1900-01-20 07:27:30,7974.5,95842,7975.0,401168,127190,20561,106629,-305326,0.5
1900-01-20 07:27:45,7972.5,8167,7973.0,596514,10054,57673,-47619,-588347,0.5
1900-01-20 07:28:00,7971.0,67313,7971.5,306618,16367,9111,7256,-239305,0.5
1900-01-20 07:28:15,7970.5,124149,7971.0,381025,14980,33715,-18735,-256876,0.5
1900-01-20 07:28:30,7970.5,52544,7971.0,516702,29779,2286,27493,-464158,0.5
1900-01-20 07:28:45,7966.0,722196,7966.5,366382,10332,304679,-294347,355814,0.5
1900-01-20 07:29:00,7966.0,46795,7966.5,627563,36556,507682,-471126,-580768,0.5
1900-01-20 07:29:15,7966.0,634418,7966.5,58682,74185,83504,-9319,575736,0.5
1900-01-20 07:29:30,7969.5,649567,7970.0,241706,55398,27559,27839,407861,0.5
1900-01-20 07:29:45,7974.0,533409,7974.5,114318,231420,1566,229854,419091,0.5
1900-01-20 07:30:00,7974.0,546592,7974.5,188611,116629,84118,32511,357981,0.5
1900-01-20 07:30:15,7975.5,832478,7976.0,130678,428450,13092,415358,701800,0.5
1900-01-20 07:30:30,7978.5,712458,7979.0,120,215495,20261,195234,712338,0.5
1900-01-20 07:30:45,7981.5,160593,7982.0,1122155,200330,28028,172302,-961562,0.5
1900-01-20 07:31:00,7981.0,3032,7981.5,1137202,38126,34897,3229,-1134170,0.5
1900-01-20 07:31:15,7980.0,811088,7980.5,83079,27650,24497,3153,728009,0.5
1900-01-20 07:31:30,7980.0,784117,7980.5,36930,32521,11151,21370,747187,0.5
1900-01-20 07:31:45,7980.5,262783,7981.0,61879,20791,18284,2507,200904,0.5
1900-01-20 07:32:00,7981.5,68835,7982.0,124046,28578,70957,-42379,-55211,0.5
1900-01-20 07:32:15,7984.0,227862,7984.5,38444,93278,8590,84688,189418,0.5
1900-01-20 07:32:30,7984.0,108179,7984.5,211539,28245,142705,-114460,-103360,0.5
1900-01-20 07:32:45,7984.0,1111876,7984.5,13284,41066,16076,24990,1098592,0.5
1900-01-20 07:33:00,7989.5,326605,7990.0,284937,319910,4013,315897,41668,0.5
1900-01-20 07:33:15,7991.5,711386,7992.0,181093,113322,27004,86318,530293,0.5
1900-01-20 07:33:30,7994.0,218883,7994.5,9883,151555,20020,131535,209000,0.5
1900-01-20 07:33:45,7989.5,478772,7990.0,885863,31396,111811,-80415,-407091,0.5
1900-01-20 07:34:00,7988.0,34949,7988.5,1149467,92856,112956,-20100,-1114518,0.5
1900-01-20 07:34:15,7984.0,74966,7984.5,401827,10481,220503,-210022,-326861,0.5
1900-01-20 07:34:30,7984.5,2726,7985.0,387244,57316,62321,-5005,-384518,0.5
1900-01-20 07:34:45,7986.0,182873,7986.5,438555,15177,9140,6037,-255682,0.5
1900-01-20 07:35:00,7984.5,445530,7985.0,360924,6962,43097,-36135,84606,0.5
1900-01-20 07:35:15,7984.5,202970,7985.0,599581,12322,23570,-11248,-396611,0.5
1900-01-20 07:35:30,7984.5,33179,7985.0,688920,900,22192,-21292,-655741,0.5
1900-01-20 07:35:45,7984.0,567435,7984.5,89974,25912,131040,-105128,477461,0.5
1900-01-20 07:36:00,7984.0,807824,7984.5,95133,26604,5474,21130,712691,0.5
1900-01-20 07:36:15,7993.0,190555,7993.5,387384,496616,100743,395873,-196829,0.5
1900-01-20 07:36:30,8000.0,22774,8000.5,36697,619149,19045,600104,-13923,0.5
1900-01-20 07:36:45,7994.0,85482,7994.5,300573,100947,191823,-90876,-215091,0.5
1900-01-20 07:37:00,7975.5,818289,7976.0,122599,29749,262347,-232598,695690,0.5
1900-01-20 07:37:15,7985.0,2151,7985.5,440468,73988,80383,-6395,-438317,0.5
1900-01-20 07:37:30,7982.0,62064,7982.5,571519,24482,5230,19252,-509455,0.5
1900-01-20 07:37:45,7981.5,175089,7982.0,528675,4734,81844,-77110,-353586,0.5
1900-01-20 07:38:00,7981.5,808026,7982.0,346867,101570,19821,81749,461159,0.5
1900-01-20 07:38:15,7985.0,768401,7985.5,20730,97950,582,97368,747671,0.5
1900-01-20 07:38:30,7986.5,428052,7987.0,470703,112943,4626,108317,-42651,0.5
1900-01-20 07:38:45,7987.0,151430,7987.5,463786,70118,26416,43702,-312356,0.5
1900-01-20 07:39:00,7987.0,96261,7987.5,711269,16675,117741,-101066,-615008,0.5
1900-01-20 07:39:15,7982.5,50331,7983.0,894144,851,119606,-118755,-843813,0.5
1900-01-20 07:39:30,7979.5,35754,7980.0,1143833,5392,233946,-228554,-1108079,0.5
1900-01-20 07:39:45,7976.5,571135,7977.0,726965,5800,35702,-29902,-155830,0.5
1900-01-20 07:40:00,7976.5,439453,7977.0,313091,34050,124421,-90371,126362,0.5
1900-01-20 07:40:15,7976.0,24765,7976.5,1170041,147717,51929,95788,-1145276,0.5
1900-01-20 07:40:30,7969.5,61615,7970.0,872936,23568,273936,-250368,-811321,0.5
1900-01-20 07:40:45,7968.0,6480,7968.5,625698,42814,55690,-12876,-619218,0.5
1900-01-20 07:41:00,7965.0,1742295,7965.5,162231,42064,97996,-55932,1580064,0.5
1900-01-20 07:41:15,7965.0,1520921,7965.5,124422,68106,310393,-242287,1396499,0.5
1900-01-20 07:41:30,7974.0,138405,7974.5,979117,137565,27513,110052,-840712,0.5
1900-01-20 07:41:45,7974.0,226434,7974.5,412768,77444,13349,64095,-186334,0.5
1900-01-20 07:42:00,7974.5,1164674,7975.0,25550,107780,3575,104205,1139124,0.5
1900-01-20 07:42:15,7979.5,187787,7980.0,438475,155713,6513,149200,-250688,0.5
1900-01-20 07:42:30,7977.0,23595,7977.5,473758,118909,50876,68033,-450163,0.5
1900-01-20 07:42:45,7976.5,93998,7977.0,333817,16638,5856,10782,-239819,0.5
1900-01-20 07:43:00,7976.5,48667,7977.0,372361,10477,1970,8507,-323694,0.5
1900-01-20 07:43:15,7976.5,801348,7977.0,138586,6204,23687,-17483,662762,0.5
1900-01-20 07:43:30,7979.5,443545,7980.0,22256,114633,34870,79763,421289,0.5
1900-01-20 07:43:45,7979.5,88076,7980.0,632909,11380,37045,-25665,-544833,0.5
1900-01-20 07:44:00,7978.5,63568,7979.0,1343692,45251,41934,3317,-1280124,0.5
1900-01-20 07:44:15,7978.5,21793,7979.0,1379627,10698,27306,-16608,-1357834,0.5
1900-01-20 07:44:30,7977.5,252186,7978.0,705710,12292,41600,-29308,-453524,0.5
1900-01-20 07:44:45,7977.0,5831,7977.5,1218759,17694,51934,-34240,-1212928,0.5
1900-01-20 07:45:00,7977.0,20252,7977.5,1430581,10291,82571,-72280,-1410329,0.5
1900-01-20 07:45:15,7976.5,529960,7977.0,484501,53757,61276,-7519,45459,0.5
1900-01-20 07:45:30,7976.5,884266,7977.0,232366,98113,20150,77963,651900,0.5
1900-01-20 07:45:45,7979.5,562467,7980.0,53462,190823,16904,173919,509005,0.5
1900-01-20 07:46:00,7986.5,262873,7987.0,21013,44045,760,43285,241860,0.5
1900-01-20 07:46:15,7991.5,353966,7992.0,261824,104122,34321,69801,92142,0.5
1900-01-20 07:46:30,7999.5,518818,8000.0,118498,262645,207505,55140,400320,0.5
1900-01-20 07:46:45,8004.5,33843,8005.0,449305,246223,93785,152438,-415462,0.5
1900-01-20 07:47:00,8001.5,833378,8002.0,304412,107997,115977,-7980,528966,0.5
1900-01-20 07:47:15,8004.0,100,8004.5,702984,211000,315530,-104530,-702884,0.5
1900-01-20 07:47:30,8002.5,770066,8003.0,616583,106721,220951,-114230,153483,0.5
1900-01-20 07:47:45,8004.5,526299,8005.0,387502,110831,114384,-3553,138797,0.5
1900-01-20 07:48:00,8004.5,522387,8005.0,1126774,496090,39401,456689,-604387,0.5
1900-01-20 07:48:15,8000.0,352476,8000.5,1569338,5296,232953,-227657,-1216862,0.5
1900-01-20 07:48:30,7999.5,947987,8000.0,311256,3912,386064,-382152,636731,0.5
1900-01-20 07:48:45,8000.0,71370,8000.5,779518,41562,117867,-76305,-708148,0.5
1900-01-20 07:49:00,8001.5,1196307,8002.0,70755,125006,53687,71319,1125552,0.5
1900-01-20 07:49:15,8005.0,491497,8005.5,90,285114,62558,222556,491407,0.5
1900-01-20 07:49:30,8016.0,284436,8016.5,473609,681062,29683,651379,-189173,0.5
1900-01-20 07:49:45,8029.0,94973,8030.0,249855,760927,124786,636141,-154882,1.0
1900-01-20 07:50:00,8025.0,1334,8025.5,233462,1080090,229974,850116,-232128,0.5
1900-01-20 07:50:15,8011.0,595385,8011.5,256246,263917,240779,23138,339139,0.5
1900-01-20 07:50:30,8015.5,56431,8016.0,982181,153586,138250,15336,-925750,0.5
1900-01-20 07:50:45,8011.0,232061,8011.5,421997,77051,169302,-92251,-189936,0.5
1900-01-20 07:51:00,8011.0,818189,8011.5,482064,35000,168634,-133634,336125,0.5
1900-01-20 07:51:15,8011.0,1236427,8011.5,134275,80314,77821,2493,1102152,0.5
1900-01-20 07:51:30,8022.0,48000,8022.5,18249,225847,105076,120771,29751,0.5
1900-01-20 07:51:45,8020.0,22625,8020.5,390104,199233,129330,69903,-367479,0.5
1900-01-20 07:52:00,8019.5,383127,8020.0,1100193,100200,132249,-32049,-717066,0.5
1900-01-20 07:52:15,8016.0,71009,8016.5,1128203,84504,87461,-2957,-1057194,0.5
1900-01-20 07:52:30,8011.0,37150,8011.5,1089325,100558,107592,-7034,-1052175,0.5
1900-01-20 07:52:45,8011.0,352164,8011.5,17472,62846,265296,-202450,334692,0.5
1900-01-20 07:53:00,8011.0,9736,8011.5,779603,120543,160284,-39741,-769867,0.5
1900-01-20 07:53:15,8011.0,1618293,8011.5,107818,75046,106735,-31689,1510475,0.5
1900-01-20 07:53:30,8019.0,322176,8019.5,13033,302929,122497,180432,309143,0.5
1900-01-20 07:53:45,8019.0,37791,8019.5,601804,61536,58627,2909,-564013,0.5
1900-01-20 07:54:00,8019.0,205034,8019.5,577084,90798,20405,70393,-372050,0.5
1900-01-20 07:54:15,8019.0,57404,8019.5,972168,79870,158911,-79041,-914764,0.5
1900-01-20 07:54:30,8014.5,40000,8015.0,983677,105886,71785,34101,-943677,0.5
1900-01-20 07:54:45,8012.0,1480159,8012.5,280845,92469,46522,45947,1199314,0.5
1900-01-20 07:55:00,8014.0,176710,8014.5,297707,102009,17713,84296,-120997,0.5
1900-01-20 07:55:15,8016.0,263829,8016.5,123234,35542,186584,-151042,140595,0.5
1900-01-20 07:55:30,8012.0,1507,8012.5,185507,46758,189916,-143158,-184000,0.5
1900-01-20 07:55:45,8001.5,627458,8002.0,325583,30365,132366,-102001,301875,0.5
1900-01-20 07:56:00,7996.5,452891,7997.0,203020,25448,253811,-228363,249871,0.5
1900-01-20 07:56:15,7990.0,59931,7990.5,304884,58918,542270,-483352,-244953,0.5
1900-01-20 07:56:30,7985.0,1323985,7985.5,50754,17800,265509,-247709,1273231,0.5
1900-01-20 07:56:45,7992.5,604795,7993.0,394650,113971,333260,-219289,210145,0.5
1900-01-20 07:57:00,7990.0,368748,7990.5,117820,40492,102289,-61797,250928,0.5
1900-01-20 07:57:15,7986.0,16195,7986.5,754496,62669,82038,-19369,-738301,0.5
1900-01-20 07:57:30,7982.5,335052,7983.0,1046140,8120,157970,-149850,-711088,0.5
1900-01-20 07:57:45,7978.5,7570,7979.0,1398194,156018,668667,-512649,-1390624,0.5
1900-01-20 07:58:00,7982.5,815179,7983.0,18332,91854,173076,-81222,796847,0.5
1900-01-20 07:58:15,7979.5,443526,7980.0,187648,187511,132878,54633,255878,0.5
1900-01-20 07:58:30,7985.0,205096,7985.5,9460,95232,87039,8193,195636,0.5
1900-01-20 07:58:45,7985.5,1889279,7986.0,92894,63234,172532,-109298,1796385,0.5
1900-01-20 07:59:00,7985.5,1024417,7986.0,994529,64673,57945,6728,29888,0.5
1900-01-20 07:59:15,7985.5,1016914,7986.0,1739664,64918,183236,-118318,-722750,0.5
1900-01-20 07:59:30,7984.5,15481,7985.0,643737,30794,266896,-236102,-628256,0.5
1900-01-20 07:59:45,7981.0,392435,7981.5,302120,89499,435069,-345570,90315,0.5
1900-01-20 08:00:00,7981.0,197564,7981.5,587781,100787,25758,75029,-390217,0.5
1900-01-20 08:00:15,7981.0,268049,7981.5,1219898,75970,53022,22948,-951849,0.5
1900-01-20 08:00:30,7981.0,103626,7981.5,1543633,52250,44601,7649,-1440007,0.5
1900-01-20 08:00:45,7978.0,35035,7978.5,1218017,16612,498276,-481664,-1182982,0.5
1900-01-20 08:01:00,7974.0,44517,7974.5,721948,19146,699301,-680155,-677431,0.5
1900-01-20 08:01:15,7970.0,372731,7970.5,1262766,6304,715328,-709024,-890035,0.5
1900-01-20 08:01:30,7963.5,1060160,7964.0,1250818,23895,395251,-371356,-190658,0.5
1900-01-20 08:01:45,7964.5,837094,7965.0,92976,575845,253814,322031,744118,0.5
1900-01-20 08:02:00,7966.5,109487,7967.0,720254,77456,104700,-27244,-610767,0.5
1900-01-20 08:02:15,7960.0,103530,7960.5,748312,99612,327829,-228217,-644782,0.5
1900-01-20 08:02:30,7956.5,95888,7957.0,402013,30057,550037,-519980,-306125,0.5
1900-01-20 08:02:45,7941.5,9943,7942.0,80477,169849,1039077,-869228,-70534,0.5
1900-01-20 08:03:00,7956.5,303303,7957.0,353078,462693,319775,142918,-49775,0.5
1900-01-20 08:03:15,7956.5,108268,7957.0,1112544,274432,267861,6571,-1004276,0.5
1900-01-20 08:03:30,7956.5,517288,7957.0,66115,98685,75121,23564,451173,0.5
1900-01-20 08:03:45,7956.5,311158,7957.0,697182,90581,64201,26380,-386024,0.5
1900-01-20 08:04:00,7955.0,50625,7955.5,1585299,44021,250864,-206843,-1534674,0.5
1900-01-20 08:04:15,7952.0,418980,7952.5,1011343,14576,311781,-297205,-592363,0.5
1900-01-20 08:04:30,7954.0,721814,7954.5,20194,166473,147184,19289,701620,0.5
1900-01-20 08:04:45,7951.5,16469,7952.0,338700,202450,128962,73488,-322231,0.5
1900-01-20 08:05:00,7951.5,321652,7952.0,372302,107262,67193,40069,-50650,0.5
1900-01-20 08:05:15,7952.5,548992,7953.0,225,153135,55324,97811,548767,0.5
1900-01-20 08:05:30,7958.0,317131,7958.5,402061,176248,84693,91555,-84930,0.5
1900-01-20 08:05:45,7958.0,819972,7958.5,141412,176537,11985,164552,678560,0.5
1900-01-20 08:06:00,7962.0,1010306,7962.5,69339,186842,14068,172774,940967,0.5
1900-01-20 08:06:15,7964.0,822771,7964.5,417744,336000,38554,297446,405027,0.5
1900-01-20 08:06:30,7964.0,1214787,7964.5,106178,264796,47531,217265,1108609,0.5
1900-01-20 08:06:45,7973.0,107108,7973.5,863583,88226,52683,35543,-756475,0.5
1900-01-20 08:07:00,7969.5,97410,7970.0,1119636,33916,89778,-55862,-1022226,0.5
1900-01-20 08:07:15,7965.0,583201,7965.5,462298,91004,58735,32269,120903,0.5
1900-01-20 08:07:30,7963.5,46805,7964.0,1216793,8283,111348,-103065,-1169988,0.5
1900-01-20 08:07:45,7963.5,334792,7964.0,498517,148747,98919,49828,-163725,0.5
1900-01-20 08:08:00,7963.5,300225,7964.0,721896,12341,12088,253,-421671,0.5
1900-01-20 08:08:15,7963.5,651316,7964.0,282963,22193,51969,-29776,368353,0.5
1900-01-20 08:08:30,7968.5,428122,7969.0,276687,247845,21099,226746,151435,0.5
1900-01-20 08:08:45,7970.0,991368,7970.5,52,407297,14457,392840,991316,0.5
1900-01-20 08:09:00,7973.5,956148,7974.0,505098,128351,9997,118354,451050,0.5
1900-01-20 08:09:15,7973.5,264245,7974.0,890262,56086,36966,19120,-626017,0.5
1900-01-20 08:09:30,7973.5,238554,7974.0,1183860,64568,15917,48651,-945306,0.5
1900-01-20 08:09:45,7973.5,169194,7974.0,1403878,19566,73660,-54094,-1234684,0.5
1900-01-20 08:10:00,7973.5,184919,7974.0,729066,14056,69023,-54967,-544147,0.5
1900-01-20 08:10:15,7973.5,554406,7974.0,227732,52623,12165,40458,326674,0.5
1900-01-20 08:10:30,7970.0,303632,7970.5,1180925,17862,72976,-55114,-877293,0.5
1900-01-20 08:10:45,7964.0,405997,7964.5,353693,2262,30677,-28415,52304,0.5
1900-01-20 08:11:00,7964.0,514092,7964.5,326605,29004,24732,4272,187487,0.5
1900-01-20 08:11:15,7964.0,135503,7964.5,893047,9263,16262,-6999,-757544,0.5
1900-01-20 08:11:30,7964.0,129106,7964.5,956622,5031,11102,-6071,-827516,0.5
1900-01-20 08:11:45,7964.0,178349,7964.5,1018405,10498,26693,-16195,-840056,0.5
1900-01-20 08:12:00,7964.0,115998,7964.5,737957,2817,24611,-21794,-621959,0.5
1900-01-20 08:12:15,7964.0,1403595,7964.5,32622,70883,15628,55255,1370973,0.5
1900-01-20 08:12:30,7964.5,1397248,7965.0,52542,56433,8763,47670,1344706,0.5
1900-01-20 08:12:45,7965.0,405397,7965.5,417531,18161,17948,213,-12134,0.5
1900-01-20 08:13:00,7965.0,186521,7965.5,495959,16340,15487,853,-309438,0.5
1900-01-20 08:13:15,7965.0,342825,7965.5,476536,6821,5535,1286,-133711,0.5
1900-01-20 08:13:30,7965.0,555918,7965.5,226208,9601,91251,-81650,329710,0.5
1900-01-20 08:13:45,7965.0,1359998,7965.5,12644,24924,4586,20338,1347354,0.5
1900-01-20 08:14:00,7972.0,546885,7972.5,190846,110128,63643,46485,356039,0.5
1900-01-20 08:14:15,7972.0,222210,7972.5,636444,49638,59879,-10241,-414234,0.5
1900-01-20 08:14:30,7972.0,907116,7972.5,560210,4241,25897,-21656,346906,0.5
1900-01-20 08:14:45,7972.0,1359243,7972.5,77274,17687,20973,-3286,1281969,0.5
1900-01-20 08:15:00,7974.5,1178536,7975.0,57275,78104,14070,64034,1121261,0.5
1900-01-20 08:15:15,7977.0,42766,7977.5,1468044,151373,17159,134214,-1425278,0.5
1900-01-20 08:15:30,7977.0,509427,7977.5,1699749,64171,41980,22191,-1190322,0.5
1900-01-20 08:15:45,7977.0,675882,7977.5,1392888,15888,15945,-57,-717006,0.5
1900-01-20 08:16:00,7977.0,940101,7977.5,950710,660,20495,-19835,-10609,0.5
1900-01-20 08:16:15,7983.5,569725,7984.0,40212,168686,55725,112961,529513,0.5
1900-01-20 08:16:30,7983.5,160260,7984.0,496533,67340,61698,5642,-336273,0.5
1900-01-20 08:16:45,7984.0,1294,7984.5,908668,31322,73090,-41768,-907374,0.5
1900-01-20 08:17:00,7975.0,100224,7975.5,1335838,36661,50865,-14204,-1235614,0.5
1900-01-20 08:17:15,7975.0,129939,7975.5,482223,24976,37353,-12377,-352284,0.5
1900-01-20 08:17:30,7973.5,384916,7974.0,412421,16700,50231,-33531,-27505,0.5
1900-01-20 08:17:45,7966.0,6100,7966.5,586950,7379,418065,-410686,-580850,0.5
1900-01-20 08:18:00,7966.0,942304,7966.5,498534,8902,26959,-18057,443770,0.5
1900-01-20 08:18:15,7966.0,790251,7966.5,422878,4048,29877,-25829,367373,0.5
1900-01-20 08:18:30,7966.0,1391954,7966.5,262327,26041,130439,-104398,1129627,0.5
1900-01-20 08:18:45,7966.0,1044451,7966.5,341862,30808,116705,-85897,702589,0.5
1900-01-20 08:19:00,7964.0,232105,7964.5,734512,36671,221504,-184833,-502407,0.5
1900-01-20 08:19:15,7964.0,233523,7964.5,600256,11862,60665,-48803,-366733,0.5
1900-01-20 08:19:30,7964.0,120011,7964.5,655876,62368,106086,-43718,-535865,0.5
1900-01-20 08:19:45,7962.0,699990,7962.5,633728,8622,44661,-36039,66262,0.5
1900-01-20 08:20:00,7962.0,9734,7962.5,1286747,5605,30191,-24586,-1277013,0.5
1900-01-20 08:20:15,7962.0,3153,7962.5,1385663,18119,9723,8396,-1382510,0.5
1900-01-20 08:20:30,7962.0,89130,7962.5,1489918,7565,13770,-6205,-1400788,0.5
1900-01-20 08:20:45,7962.0,423459,7962.5,717869,13447,18529,-5082,-294410,0.5
1900-01-20 08:21:00,7962.0,829206,7962.5,243882,247350,10256,237094,585324,0.5
1900-01-20 08:21:15,7962.0,1083430,7962.5,167460,74156,831,73325,915970,0.5
1900-01-20 08:21:30,7962.0,1171685,7962.5,82117,57137,7420,49717,1089568,0.5
1900-01-20 08:21:45,7962.0,1364830,7962.5,58471,24299,1331,22968,1306359,0.5
1900-01-20 08:22:00,7962.0,1077596,7962.5,151296,4666,10868,-6202,926300,0.5
1900-01-20 08:22:15,7962.0,1045272,7962.5,105765,12106,39800,-27694,939507,0.5
1900-01-20 08:22:30,7962.0,1192937,7962.5,21822,6905,442,6463,1171115,0.5
1900-01-20 08:22:45,7963.5,702804,7964.0,133647,33371,44026,-10655,569157,0.5
1900-01-20 08:23:00,7963.5,1136268,7964.0,71684,44900,6900,38000,1064584,0.5
1900-01-20 08:23:15,7964.5,976810,7965.0,54916,30609,11459,19150,921894,0.5
1900-01-20 08:23:30,7964.5,1413879,7965.0,102320,29576,1001,28575,1311559,0.5
1900-01-20 08:23:45,7967.5,734973,7968.0,5020,23254,14783,8471,729953,0.5
1900-01-20 08:24:00,7969.5,1387498,7970.0,6588,41614,781,40833,1380910,0.5
1900-01-20 08:24:15,7971.0,95053,7971.5,1132980,110048,44251,65797,-1037927,0.5
1900-01-20 08:24:30,7977.0,325557,7977.5,7574,47905,93486,-45581,317983,0.5
1900-01-20 08:24:45,7984.0,668532,7984.5,565710,58556,20347,38209,102822,0.5
1900-01-20 08:25:00,7984.0,802125,7984.5,712272,77901,12400,65501,89853,0.5
1900-01-20 08:25:15,7984.0,952685,7984.5,680257,167479,74601,92878,272428,0.5
1900-01-20 08:25:30,7984.0,103695,7984.5,820279,60747,21675,39072,-716584,0.5
1900-01-20 08:25:45,7984.0,607185,7984.5,879968,38244,9909,28335,-272783,0.5
1900-01-20 08:26:00,7979.0,397450,7979.5,237858,71901,216619,-144718,159592,0.5
1900-01-20 08:26:15,7979.0,1067203,7979.5,144851,24196,62182,-37986,922352,0.5
1900-01-20 08:26:30,7984.0,1119618,7984.5,84522,45242,12659,32583,1035096,0.5
1900-01-20 08:26:45,7987.5,1329878,7988.0,155921,100870,4580,96290,1173957,0.5
1900-01-20 08:27:00,7990.5,852288,7991.0,243738,316829,3841,312988,608550,0.5
1900-01-20 08:27:15,7990.5,490961,7991.0,57035,223404,58789,164615,433926,0.5
1900-01-20 08:27:30,7986.5,62047,7987.0,537263,2891,157826,-154935,-475216,0.5
1900-01-20 08:27:45,7985.5,314943,7986.0,281642,39213,126311,-87098,33301,0.5
1900-01-20 08:28:00,7985.5,30595,7986.0,731837,20749,17053,3696,-701242,0.5
1900-01-20 08:28:15,7988.5,172366,7989.0,589905,83151,5725,77426,-417539,0.5
1900-01-20 08:28:30,7988.0,344931,7988.5,277856,92200,23212,68988,67075,0.5
1900-01-20 08:28:45,7988.0,132387,7988.5,247685,77033,27340,49693,-115298,0.5
1900-01-20 08:29:00,7988.0,432001,7988.5,578022,36161,6884,29277,-146021,0.5
1900-01-20 08:29:15,7988.0,90764,7988.5,1585314,16328,21593,-5265,-1494550,0.5
1900-01-20 08:29:30,7988.0,110345,7988.5,1574212,12198,33058,-20860,-1463867,0.5
1900-01-20 08:29:45,7985.0,1001088,7985.5,314400,6001,21865,-15864,686688,0.5
1900-01-20 08:30:00,7985.0,657867,7985.5,701188,28890,28979,-89,-43321,0.5
1900-01-20 08:30:15,7985.0,49092,7985.5,1620032,11209,13428,-2219,-1570940,0.5
1900-01-20 08:30:30,7985.0,485753,7985.5,758139,29409,14940,14469,-272386,0.5
1900-01-20 08:30:45,7985.0,339995,7985.5,1227030,7087,40640,-33553,-887035,0.5
1900-01-20 08:31:00,7983.0,44245,7983.5,1104969,6957,213022,-206065,-1060724,0.5
1900-01-20 08:31:15,7983.0,691557,7983.5,536049,9867,15837,-5970,155508,0.5
1900-01-20 08:31:30,7983.0,48925,7983.5,1250813,7100,17936,-10836,-1201888,0.5
1900-01-20 08:31:45,7980.5,6948,7981.0,745127,4080,31436,-27356,-738179,0.5
1900-01-20 08:32:00,7975.0,457661,7975.5,403250,1181,75039,-73858,54411,0.5
1900-01-20 08:32:15,7973.0,290578,7973.5,435637,35040,266296,-231256,-145059,0.5
1900-01-20 08:32:30,7973.0,737263,7973.5,267522,55514,21649,33865,469741,0.5
1900-01-20 08:32:45,7973.0,1069204,7973.5,114615,100647,10908,89739,954589,0.5
1900-01-20 08:33:00,7971.5,5538,7972.0,811947,114147,228676,-114529,-806409,0.5
1900-01-20 08:33:15,7958.0,12448,7958.5,1258792,46532,176445,-129913,-1246344,0.5
1900-01-20 08:33:30,7956.5,240385,7957.0,4003,124397,63844,60553,236382,0.5
1900-01-20 08:33:45,7961.5,184172,7962.0,1086964,96481,21145,75336,-902792,0.5
1900-01-20 08:34:00,7961.5,129971,7962.0,995628,77616,75196,2420,-865657,0.5
1900-01-20 08:34:15,7958.5,137241,7959.0,670602,4436,98350,-93914,-533361,0.5
1900-01-20 08:34:30,7953.5,23220,7954.0,868200,4500,94939,-90439,-844980,0.5
1900-01-20 08:34:45,7947.5,943008,7948.0,114878,80166,380540,-300374,828130,0.5
1900-01-20 08:35:00,7958.0,48118,7958.5,14022,319387,55232,264155,34096,0.5
1900-01-20 08:35:15,7964.0,465602,7964.5,750464,161025,19787,141238,-284862,0.5
1900-01-20 08:35:30,7964.0,1148417,7964.5,281399,110895,12103,98792,867018,0.5
1900-01-20 08:35:45,7964.0,873022,7964.5,107490,77432,18235,59197,765532,0.5
1900-01-20 08:36:00,7964.5,1334072,7965.0,52502,100886,54530,46356,1281570,0.5
1900-01-20 08:36:15,7964.5,1192164,7965.0,29897,23473,1180,22293,1162267,0.5
1900-01-20 08:36:30,7965.5,447902,7966.0,407175,72035,17341,54694,40727,0.5
1900-01-20 08:36:45,7965.5,563141,7966.0,558686,35106,2302,32804,4455,0.5
1900-01-20 08:37:00,7965.5,938334,7966.0,529271,58756,600,58156,409063,0.5
1900-01-20 08:37:15,7966.5,1383532,7967.0,40964,25019,4460,20559,1342568,0.5
1900-01-20 08:37:30,7969.5,410538,7970.0,380704,20204,7205,12999,29834,0.5
1900-01-20 08:37:45,7969.5,575081,7970.0,103647,81050,8024,73026,471434,0.5
1900-01-20 08:38:00,7969.5,579484,7970.0,377956,22788,3892,18896,201528,0.5
1900-01-20 08:38:15,7965.5,168060,7967.5,581287,28513,79606,-51093,-413227,2.0
1900-01-20 08:38:30,7965.5,122252,7966.0,695152,5877,63909,-58032,-572900,0.5
1900-01-20 08:38:45,7965.0,24626,7965.5,867057,4507,53564,-49057,-842431,0.5
1900-01-20 08:39:00,7962.0,1089529,7962.5,655,12722,217949,-205227,1088874,0.5
1900-01-20 08:39:15,7962.0,1113312,7962.5,46489,20522,1471,19051,1066823,0.5
1900-01-20 08:39:30,7970.0,680391,7970.5,77524,48389,6736,41653,602867,0.5
1900-01-20 08:39:45,7970.0,105694,7970.5,1257896,25946,9938,16008,-1152202,0.5
1900-01-20 08:40:00,7970.0,53624,7970.5,565851,11630,13114,-1484,-512227,0.5
1900-01-20 08:40:15,7965.5,562722,7966.0,224376,12911,56986,-44075,338346,0.5
1900-01-20 08:40:30,7965.5,37073,7966.0,1048191,1897,4709,-2812,-1011118,0.5
1900-01-20 08:40:45,7965.5,6335,7966.0,1379407,62,23783,-23721,-1373072,0.5
1900-01-20 08:41:00,7964.0,379934,7964.5,223827,9000,18004,-9004,156107,0.5
1900-01-20 08:41:15,7960.0,1108391,7960.5,72703,6300,215537,-209237,1035688,0.5
1900-01-20 08:41:30,7963.0,828208,7963.5,50670,12131,11341,790,777538,0.5
1900-01-20 08:41:45,7962.0,12204,7962.5,549326,1711,25669,-23958,-537122,0.5
1900-01-20 08:42:00,7962.0,143586,7962.5,627932,2213,515,1698,-484346,0.5
1900-01-20 08:42:15,7962.0,49889,7962.5,1697650,3972,16845,-12873,-1647761,0.5
1900-01-20 08:42:30,7957.5,50336,7958.0,187375,2000,64834,-62834,-137039,0.5
1900-01-20 08:42:45,7957.5,1077697,7958.0,54075,105697,14258,91439,1023622,0.5
1900-01-20 08:43:00,7957.5,861744,7958.0,204054,38515,750,37765,657690,0.5
1900-01-20 08:43:15,7957.5,783995,7958.0,147040,66138,5010,61128,636955,0.5
1900-01-20 08:43:30,7957.5,1163643,7958.0,47003,67966,342,67624,1116640,0.5
1900-01-20 08:43:45,7957.5,1238406,7958.0,60223,42424,8743,33681,1178183,0.5
1900-01-20 08:44:00,7958.0,1058947,7958.5,28768,30994,31995,-1001,1030179,0.5
1900-01-20 08:44:15,7958.5,384144,7959.0,138947,8199,21375,-13176,245197,0.5
1900-01-20 08:44:30,7959.0,127622,7959.5,536810,89102,29068,60034,-409188,0.5
1900-01-20 08:44:45,7959.0,226331,7959.5,413808,52444,7973,44471,-187477,0.5
1900-01-20 08:45:00,7958.0,5732,7958.5,1869344,8045,147063,-139018,-1863612,0.5
1900-01-20 08:45:15,7957.0,203957,7957.5,1637517,739,48838,-48099,-1433560,0.5
1900-01-20 08:45:30,7957.0,144767,7957.5,1321876,680,98454,-97774,-1177109,0.5
1900-01-20 08:45:45,7957.0,628968,7957.5,335558,7852,25536,-17684,293410,0.5
1900-01-20 08:46:00,7957.0,533120,7957.5,504709,15124,12642,2482,28411,0.5
1900-01-20 08:46:15,7958.5,721649,7959.0,18946,58901,26000,32901,702703,0.5
1900-01-20 08:46:30,7960.0,745660,7960.5,217,42728,6625,36103,745443,0.5
1900-01-20 08:46:45,7963.5,254711,7964.0,27169,55580,1051,54529,227542,0.5
1900-01-20 08:47:00,7964.5,533188,7965.0,526449,144417,4350,140067,6739,0.5
1900-01-20 08:47:15,7962.5,347,7963.0,1743033,16981,96010,-79029,-1742686,0.5
1900-01-20 08:47:30,7962.5,37001,7963.0,1647876,4903,1168,3735,-1610875,0.5
1900-01-20 08:47:45,7957.0,624998,7957.5,1078489,1401,71598,-70197,-453491,0.5
1900-01-20 08:48:00,7957.0,869826,7957.5,714269,66557,96226,-29669,155557,0.5
1900-01-20 08:48:15,7957.0,930802,7957.5,539811,8272,3716,4556,390991,0.5
1900-01-20 08:48:30,7957.0,1001899,7957.5,410380,11409,4060,7349,591519,0.5
1900-01-20 08:48:45,7957.0,1166391,7957.5,163800,142133,50,142083,1002591,0.5
1900-01-20 08:49:00,7957.5,802226,7958.0,1953,25499,2088,23411,800273,0.5
1900-01-20 08:49:15,7958.0,928938,7958.5,27086,34369,1450,32919,901852,0.5
1900-01-20 08:49:30,7960.0,23315,7960.5,393231,109005,20678,88327,-369916,0.5
1900-01-20 08:49:45,7959.5,2853,7960.0,664611,10563,17168,-6605,-661758,0.5
1900-01-20 08:50:00,7957.0,572811,7957.5,427395,26606,76235,-49629,145416,0.5
1900-01-20 08:50:15,7957.0,599018,7957.5,648291,4919,23920,-19001,-49273,0.5
1900-01-20 08:50:30,7957.0,716361,7957.5,618864,8288,16100,-7812,97497,0.5
1900-01-20 08:50:45,7957.0,630876,7957.5,643970,1024,4802,-3778,-13094,0.5
1900-01-20 08:51:00,7957.0,658272,7957.5,586585,1318,59646,-58328,71687,0.5
1900-01-20 08:51:15,7957.0,1019178,7957.5,202838,4100,19411,-15311,816340,0.5
1900-01-20 08:51:30,7959.5,785169,7960.0,27744,132205,15983,116222,757425,0.5
1900-01-20 08:51:45,7959.5,1135076,7960.0,2141,13055,10060,2995,1132935,0.5
1900-01-20 08:52:00,7963.0,675193,7963.5,34201,34592,2205,32387,640992,0.5
1900-01-20 08:52:15,7961.0,469707,7961.5,6393,19332,21997,-2665,463314,0.5
1900-01-20 08:52:30,7961.0,68941,7961.5,674802,5029,15491,-10462,-605861,0.5
1900-01-20 08:52:45,7959.0,343337,7959.5,411659,15812,31651,-15839,-68322,0.5
1900-01-20 08:53:00,7959.0,373997,7959.5,597450,3057,16087,-13030,-223453,0.5
1900-01-20 08:53:15,7959.0,373185,7959.5,516598,3201,14128,-10927,-143413,0.5
1900-01-20 08:53:30,7959.0,909602,7959.5,48948,9481,12860,-3379,860654,0.5
1900-01-20 08:53:45,7961.0,580250,7961.5,388252,115950,8067,107883,191998,0.5
1900-01-20 08:54:00,7963.0,1220934,7963.5,2314,78041,4550,73491,1218620,0.5
1900-01-20 08:54:15,7968.5,643344,7969.0,13852,194978,8452,186526,629492,0.5
1900-01-20 08:54:30,7968.5,370045,7969.0,598481,5219,7962,-2743,-228436,0.5
1900-01-20 08:54:45,7968.5,398359,7969.0,607685,26971,7183,19788,-209326,0.5
1900-01-20 08:55:00,7968.5,408950,7969.0,1097677,7188,39997,-32809,-688727,0.5
1900-01-20 08:55:15,7968.5,494981,7969.0,706854,51719,39190,12529,-211873,0.5
1900-01-20 08:55:30,7969.0,1517586,7969.5,58354,147000,5040,141960,1459232,0.5
1900-01-20 08:55:45,7973.5,1105333,7974.0,22394,311378,132,311246,1082939,0.5
1900-01-20 08:56:00,7974.0,996277,7974.5,73595,45197,21472,23725,922682,0.5
1900-01-20 08:56:15,7974.0,612603,7974.5,408947,25981,12482,13499,203656,0.5
1900-01-20 08:56:30,7974.0,14559,7974.5,1308584,55777,38683,17094,-1294025,0.5
1900-01-20 08:56:45,7974.5,867132,7975.0,175395,171179,50516,120663,691737,0.5
1900-01-20 08:57:00,7979.5,467847,7980.0,937434,153623,18953,134670,-469587,0.5
1900-01-20 08:57:15,7979.5,789472,7980.0,184245,450359,459,449900,605227,0.5
1900-01-20 08:57:30,7999.0,61848,7999.5,434056,551071,259585,291486,-372208,0.5
1900-01-20 08:57:45,8006.0,459309,8006.5,58506,476399,108754,367645,400803,0.5
1900-01-20 08:58:00,8003.5,240583,8004.0,344538,412796,82442,330354,-103955,0.5
1900-01-20 08:58:15,7998.0,5867,7998.5,736575,35161,493648,-458487,-730708,0.5
1900-01-20 08:58:30,7991.0,947618,7991.5,25518,77136,306410,-229274,922100,0.5
1900-01-20 08:58:45,7994.5,143561,7995.0,312719,82006,107759,-25753,-169158,0.5
1900-01-20 08:59:00,7994.5,143431,7995.0,362300,56067,47218,8849,-218869,0.5
1900-01-20 08:59:15,7994.5,185664,7995.0,316260,28906,68797,-39891,-130596,0.5
1900-01-20 08:59:30,7994.0,67448,7994.5,665928,23946,61939,-37993,-598480,0.5
1900-01-20 08:59:45,7991.0,44645,7991.5,619032,60998,73660,-12662,-574387,0.5
1900-01-20 09:00:00,7990.0,211376,7990.5,420905,3746,104020,-100274,-209529,0.5
1900-01-20 09:00:15,7988.5,25066,7989.0,42557,82870,328067,-245197,-17491,0.5
1900-01-20 09:00:30,7987.5,548740,7988.0,369958,29392,190085,-160693,178782,0.5
1900-01-20 09:00:45,7988.0,943153,7988.5,24213,24386,12692,11694,918940,0.5
1900-01-20 09:01:00,7988.0,199556,7988.5,91487,7718,51599,-43881,108069,0.5
1900-01-20 09:01:15,7988.5,551867,7989.0,78911,32643,25759,6884,472956,0.5
1900-01-20 09:01:30,7990.0,455511,7990.5,5100,363852,5104,358748,450411,0.5
1900-01-20 09:01:45,7997.5,262493,7998.0,238082,190781,24228,166553,24411,0.5
1900-01-20 09:02:00,8000.0,3565572,8000.5,92886,185559,115038,70521,3472686,0.5
1900-01-20 09:02:15,8007.5,497301,8008.0,152545,371641,75077,296564,344756,0.5
1900-01-20 09:02:30,8007.5,10875,8008.0,287951,110626,81854,28772,-277076,0.5
1900-01-20 09:02:45,8004.5,1273655,8005.0,65054,112194,253786,-141592,1208601,0.5
1900-01-20 09:03:00,8012.5,833864,8013.0,28531,194303,45782,148521,805333,0.5
1900-01-20 09:03:15,8004.5,86933,8005.0,164156,142633,171914,-29281,-77223,0.5
1900-01-20 09:03:30,8000.0,242785,8000.5,781890,31958,186166,-154208,-539105,0.5
1900-01-20 09:03:45,8006.0,457061,8006.5,25000,309048,259837,49211,432061,0.5
1900-01-20 09:04:00,8006.0,452344,8006.5,418745,34982,10062,24920,33599,0.5
1900-01-20 09:04:15,8006.0,101935,8006.5,489366,94496,107654,-13158,-387431,0.5
1900-01-20 09:04:30,8003.5,40471,8004.0,475434,95471,110614,-15143,-434963,0.5
1900-01-20 09:04:45,8003.0,560486,8003.5,260302,64016,62241,1775,300184,0.5
1900-01-20 09:05:00,8006.0,522068,8006.5,361332,128756,51786,76970,160736,0.5
1900-01-20 09:05:15,8015.5,1246342,8016.0,37369,286644,60679,225965,1208973,0.5
1900-01-20 09:05:30,8021.5,116996,8022.0,654956,249143,117549,131594,-537960,0.5
1900-01-20 09:05:45,8000.0,62121,8000.5,239735,70406,175177,-104771,-177614,0.5
1900-01-20 09:06:00,8004.0,1001242,8004.5,74495,155749,148947,6802,926747,0.5
1900-01-20 09:06:15,8007.5,92191,8008.0,374909,108262,79215,29047,-282718,0.5
1900-01-20 09:06:30,8001.0,62780,8001.5,507894,30653,64092,-33439,-445114,0.5
1900-01-20 09:06:45,7996.0,468814,7996.5,13835,52134,146055,-93921,454979,0.5
1900-01-20 09:07:00,8000.5,306797,8001.0,126784,52161,17101,35060,180013,0.5
1900-01-20 09:07:15,8000.0,462759,8000.5,283638,24108,23415,693,179121,0.5
1900-01-20 09:07:30,8000.0,29599,8000.5,262035,80883,60168,20715,-232436,0.5
1900-01-20 09:07:45,7993.0,92356,7993.5,776220,126061,57639,68422,-683864,0.5
1900-01-20 09:08:00,7985.5,629558,7986.0,39645,151407,667308,-515901,589913,0.5
1900-01-20 09:08:15,7986.0,21506,7986.5,443279,226149,103233,122916,-421773,0.5
1900-01-20 09:08:30,7986.0,9942,7986.5,645196,19726,24167,-4441,-635254,0.5
1900-01-20 09:08:45,7983.0,592910,7983.5,52540,168559,55597,112962,540370,0.5
1900-01-20 09:09:00,7985.5,611244,7986.0,110726,117873,22060,95813,500518,0.5
1900-01-20 09:09:15,7986.0,136052,7986.5,266540,90420,62849,27571,-130488,0.5
1900-01-20 09:09:30,7985.5,104093,7986.0,82273,17660,55830,-38170,21820,0.5
1900-01-20 09:09:45,7984.5,714,7985.0,264589,13550,23957,-10407,-263875,0.5
1900-01-20 09:10:00,7985.5,314077,7986.0,55664,75264,16260,59004,258413,0.5
1900-01-20 09:10:15,7993.5,91207,7994.0,25797,133924,36052,97872,65410,0.5
1900-01-20 09:10:30,7988.0,414759,7988.5,252864,66660,43200,23460,161895,0.5
1900-01-20 09:10:45,7988.0,321645,7988.5,287560,91422,97673,-6251,34085,0.5
1900-01-20 09:11:00,7985.5,909480,7986.0,213868,23602,189519,-165917,695612,0.5
1900-01-20 09:11:15,7985.0,48222,7985.5,637789,78263,58909,19354,-589567,0.5
1900-01-20 09:11:30,7984.5,91156,7985.0,403902,17612,58190,-40578,-312746,0.5
1900-01-20 09:11:45,7984.5,444263,7985.0,199802,25905,23712,2193,244461,0.5
1900-01-20 09:12:00,7984.5,994731,7985.0,188004,41632,22608,19024,806727,0.5
1900-01-20 09:12:15,7984.5,624053,7985.0,257057,25763,46085,-20322,366996,0.5
1900-01-20 09:12:30,7984.5,1191537,7985.0,148725,44,8422,-8378,1042812,0.5
1900-01-20 09:12:45,7988.0,882330,7988.5,348385,61934,12298,49636,533945,0.5
1900-01-20 09:13:00,7988.0,1091077,7988.5,183379,30722,11534,19188,907698,0.5
1900-01-20 09:13:15,7989.5,25312,7990.0,37156,49650,78351,-28701,-11844,0.5
1900-01-20 09:13:30,7991.0,987057,7991.5,17694,65075,3420,61655,969363,0.5
1900-01-20 09:13:45,7993.0,252093,7993.5,50011,45489,6669,38820,202082,0.5
1900-01-20 09:14:00,7993.0,8416,7993.5,434626,26079,58336,-32257,-426210,0.5
1900-01-20 09:14:15,7991.0,768256,7991.5,119909,27719,20445,7274,648347,0.5
1900-01-20 09:14:30,7993.5,494713,7994.0,175859,36514,4775,31739,318854,0.5
1900-01-20 09:14:45,7993.5,203176,7994.0,234898,14264,160,14104,-31722,0.5
1900-01-20 09:15:00,7993.5,171877,7994.0,422607,17686,15024,2662,-250730,0.5
1900-01-20 09:15:15,7992.5,20809,7993.0,298097,7400,20789,-13389,-277288,0.5
1900-01-20 09:15:30,7992.0,7862,7992.5,655863,8885,18505,-9620,-648001,0.5
1900-01-20 09:15:45,7990.0,210866,7990.5,480170,6702,46629,-39927,-269304,0.5
1900-01-20 09:16:00,7990.0,314980,7990.5,347657,9404,55072,-45668,-32677,0.5
1900-01-20 09:16:15,7987.5,754,7988.0,681791,1070,148272,-147202,-681037,0.5
1900-01-20 09:16:30,7985.5,10880,7986.0,311344,15166,16620,-1454,-300464,0.5
1900-01-20 09:16:45,7985.5,779920,7986.0,172903,10863,7430,3433,607017,0.5
1900-01-20 09:17:00,7985.5,457517,7986.0,452708,10863,28076,-17213,4809,0.5
1900-01-20 09:17:15,7985.5,651121,7986.0,428895,23561,4301,19260,222226,0.5
1900-01-20 09:17:30,7985.5,955285,7986.0,22974,23545,19598,3947,932311,0.5
1900-01-20 09:17:45,7987.5,202818,7988.0,224017,16972,38223,-21251,-21199,0.5
1900-01-20 09:18:00,7986.0,36111,7986.5,622233,11165,50391,-39226,-586122,0.5
1900-01-20 09:18:15,7986.0,43396,7986.5,890617,114505,11708,102797,-847221,0.5
1900-01-20 09:18:30,7982.5,8913,7983.0,493089,10417,129038,-118621,-484176,0.5
1900-01-20 09:18:45,7975.0,464370,7975.5,838063,38996,426209,-387213,-373693,0.5
1900-01-20 09:19:00,7983.0,122577,7983.5,528706,60905,93429,-32524,-406129,0.5
1900-01-20 09:19:15,7983.0,925654,7983.5,69735,36233,76705,-40472,855919,0.5
1900-01-20 09:19:30,7985.5,182506,7986.0,674964,79698,137944,-58246,-492458,0.5
1900-01-20 09:19:45,7975.0,7301,7980.0,610902,3364,190888,-187524,-603601,5.0
1900-01-20 09:20:00,7980.0,862890,7980.5,29572,65555,102958,-37403,833318,0.5
1900-01-20 09:20:15,7980.0,752467,7980.5,63057,4964,8123,-3159,689410,0.5
1900-01-20 09:20:30,7982.0,206383,7982.5,244865,58983,11400,47583,-38482,0.5
1900-01-20 09:20:45,7982.0,427491,7982.5,366862,47272,74659,-27387,60629,0.5
1900-01-20 09:21:00,7981.5,46386,7982.0,792679,64923,52618,12305,-746293,0.5
1900-01-20 09:21:15,7981.0,13123,7981.5,1190910,6127,12773,-6646,-1177787,0.5
1900-01-20 09:21:30,7980.0,5791,7980.5,1801100,3679,14847,-11168,-1795309,0.5
1900-01-20 09:21:45,7974.5,4994,7975.0,727746,5216,378707,-373491,-722752,0.5
1900-01-20 09:22:00,7972.5,575737,7973.0,89290,24063,71372,-47309,486447,0.5
1900-01-20 09:22:15,7972.5,373498,7973.0,615976,30272,172289,-142017,-242478,0.5
1900-01-20 09:22:30,7972.5,647980,7973.0,745093,23201,17100,6101,-97113,0.5
1900-01-20 09:22:45,7972.5,759906,7973.0,589231,181650,3001,178649,170675,0.5
1900-01-20 09:23:00,7972.5,1006568,7973.0,574250,67908,3580,64328,432318,0.5
1900-01-20 09:23:15,7978.5,146310,7979.0,404645,297085,1108,295977,-258335,0.5
1900-01-20 09:23:30,7978.5,592223,7979.0,94453,21727,51868,-30141,497770,0.5
1900-01-20 09:23:45,7977.0,16812,7977.5,1151649,35751,54280,-18529,-1134837,0.5
1900-01-20 09:24:00,7976.5,158333,7977.0,177296,11776,32143,-20367,-18963,0.5
1900-01-20 09:24:15,7974.0,803970,7974.5,538,22243,4461,17782,803432,0.5
1900-01-20 09:24:30,7978.5,754651,7979.0,41654,92254,21000,71254,712997,0.5
1900-01-20 09:24:45,7979.5,667777,7980.0,115454,35479,2001,33478,552323,0.5
1900-01-20 09:25:00,7982.5,825104,7983.0,223067,64255,3306,60949,602037,0.5
1900-01-20 09:25:15,7984.5,542204,7985.0,342668,171120,2652,168468,199536,0.5
1900-01-20 09:25:30,7984.5,90447,7985.0,1005504,233647,25505,208142,-915057,0.5
1900-01-20 09:25:45,7982.0,40135,7982.5,764158,6800,26700,-19900,-724023,0.5
1900-01-20 09:26:00,7978.0,63677,7978.5,823119,11243,32924,-21681,-759442,0.5
1900-01-20 09:26:15,7976.5,100524,7977.0,525833,2311,37245,-34934,-425309,0.5
1900-01-20 09:26:30,7976.5,68586,7977.0,479519,3996,53753,-49757,-410933,0.5
1900-01-20 09:26:45,7975.0,68693,7975.5,474748,7652,131701,-124049,-406055,0.5
1900-01-20 09:27:00,7973.0,286719,7973.5,474704,42697,70058,-27361,-187985,0.5
1900-01-20 09:27:15,7971.5,43700,7972.0,695978,11097,110180,-99083,-652278,0.5
1900-01-20 09:27:30,7970.5,97521,7971.0,655220,18860,75643,-56783,-557699,0.5
1900-01-20 09:27:45,7970.0,1189735,7970.5,25962,25991,72791,-46800,1163773,0.5
1900-01-20 09:28:00,7973.0,2250,7973.5,505018,34107,27108,6999,-502768,0.5
1900-01-20 09:28:15,7972.5,196857,7973.0,280932,64282,5044,59238,-84075,0.5
1900-01-20 09:28:30,7972.5,164505,7973.0,457564,28209,74018,-45809,-293059,0.5
1900-01-20 09:28:45,7972.5,252157,7973.0,479435,39049,36466,2583,-227278,0.5
1900-01-20 09:29:00,7972.5,109280,7973.0,662298,55960,69762,-13802,-553018,0.5
1900-01-20 09:29:15,7971.0,171600,7971.5,176750,300,34859,-34559,-5150,0.5
1900-01-20 09:29:30,7971.0,332854,7971.5,315625,15503,18735,-3232,17229,0.5
1900-01-20 09:29:45,7971.0,685525,7971.5,313328,27134,13123,14011,372197,0.5
1900-01-20 09:30:00,7971.0,368385,7971.5,264150,28691,21190,7501,104235,0.5
1900-01-20 09:30:15,7971.0,1154400,7971.5,38382,65755,796,64959,1116018,0.5
1900-01-20 09:30:30,7971.5,921162,7972.0,72238,42711,11092,31619,848924,0.5
1900-01-20 09:30:45,7971.5,980078,7972.0,2781,92767,13187,79580,977297,0.5
1900-01-20 09:31:00,7979.5,494310,7980.0,146470,225720,31883,193837,347840,0.5
1900-01-20 09:31:15,7979.5,739051,7980.0,235731,99291,24008,75283,503320,0.5
1900-01-20 09:31:30,7979.5,846852,7980.0,201094,26282,36,26246,645758,0.5
1900-01-20 09:31:45,7979.5,716237,7980.0,141659,34286,1,34285,574578,0.5
1900-01-20 09:32:00,7980.0,1146781,7980.5,10033,23935,427,23508,1136748,0.5
1900-01-20 09:32:15,7980.5,893941,7981.0,34653,54747,58503,-3756,859288,0.5
1900-01-20 09:32:30,7981.5,1271551,7982.0,213799,5493,39528,-34035,1057752,0.5
1900-01-20 09:32:45,7981.5,1104875,7982.0,195374,51545,20082,31463,909501,0.5
1900-01-20 09:33:00,7981.5,540619,7982.0,272940,23938,3182,20756,267679,0.5
1900-01-20 09:33:15,7983.5,1387541,7984.0,1852,52405,142,52263,1385689,0.5
1900-01-20 09:33:30,7985.5,279192,7986.0,206416,44059,24904,19155,72776,0.5
1900-01-20 09:33:45,7985.5,1054934,7986.0,139492,14699,57,14642,915442,0.5
1900-01-20 09:34:00,7987.0,1022183,7987.5,9275,41855,3302,38553,1012908,0.5
1900-01-20 09:34:15,7988.5,911399,7989.0,23928,53759,1120,52639,887471,0.5
1900-01-20 09:34:30,7991.5,124674,7992.0,262197,109497,5770,103727,-137523,0.5
1900-01-20 09:34:45,7989.0,16864,7989.5,167696,109990,45235,64755,-150832,0.5
1900-01-20 09:35:00,7989.0,616797,7989.5,185509,21423,103091,-81668,431288,0.5
1900-01-20 09:35:15,7989.5,1028163,7990.0,84955,82135,2688,79447,943208,0.5
1900-01-20 09:35:30,7990.5,983270,7991.0,15309,38779,6141,32638,967961,0.5
1900-01-20 09:35:45,7992.5,723950,7993.0,178978,29445,24010,5435,544972,0.5
1900-01-20 09:36:00,7993.5,994048,7994.0,75700,193036,25064,167972,918348,0.5
1900-01-20 09:36:15,7994.5,488762,7995.0,663296,73271,11723,61548,-174534,0.5
1900-01-20 09:36:30,7991.0,104698,7991.5,179698,13219,402221,-389002,-75000,0.5
1900-01-20 09:36:45,7990.0,117837,7990.5,1134186,24640,209675,-185035,-1016349,0.5
1900-01-20 09:37:00,7990.0,253642,7990.5,1060237,1000,84642,-83642,-806595,0.5
1900-01-20 09:37:15,7991.0,718930,7991.5,72461,159680,15443,144237,646469,0.5
1900-01-20 09:37:30,7992.5,1243372,7999.0,47368,19180,3000,16180,1196004,6.5
1900-01-20 09:37:45,7999.5,520108,8000.0,1213703,478743,131203,347540,-693595,0.5
1900-01-20 09:38:00,8002.5,632958,8003.0,264344,480693,100868,379825,368614,0.5
1900-01-20 09:38:15,8000.0,853760,8000.5,30127,82415,39032,43383,823633,0.5
1900-01-20 09:38:30,8003.5,574662,8004.0,56560,213423,78727,134696,518102,0.5
1900-01-20 09:38:45,8003.5,234672,8004.0,562327,43467,55035,-11568,-327655,0.5
1900-01-20 09:39:00,7999.5,459603,8000.0,291529,7826,54944,-47118,168074,0.5
1900-01-20 09:39:15,7999.0,88078,7999.5,241520,34401,61011,-26610,-153442,0.5
1900-01-20 09:39:30,7999.0,565704,7999.5,339356,79081,55009,24072,226348,0.5
1900-01-20 09:39:45,7999.0,275217,7999.5,500040,16128,7955,8173,-224823,0.5
1900-01-20 09:40:00,7998.0,108841,7998.5,657562,47791,141385,-93594,-548721,0.5
1900-01-20 09:40:15,7992.5,385393,7993.0,320100,6502,89223,-82721,65293,0.5
1900-01-20 09:40:30,7991.5,574195,7992.0,169239,68565,58903,9662,404956,0.5
1900-01-20 09:40:45,7992.5,858280,7993.0,177,50961,71523,-20562,858103,0.5
1900-01-20 09:41:00,7994.5,882307,7995.0,240170,47211,3165,44046,642137,0.5
1900-01-20 09:41:15,7996.5,967165,7997.0,54780,97629,4624,93005,912385,0.5
1900-01-20 09:41:30,7999.0,954671,7999.5,1081,23575,1138,22437,953590,0.5
1900-01-20 09:41:45,7999.5,150922,8000.0,215101,79595,19934,59661,-64179,0.5
1900-01-20 09:42:00,7999.0,60621,7999.5,639502,2545,131471,-128926,-578881,0.5
1900-01-20 09:42:15,7996.0,83966,7996.5,916285,11033,75723,-64690,-832319,0.5
1900-01-20 09:42:30,7995.0,39340,7995.5,1360582,101,35319,-35218,-1321242,0.5
1900-01-20 09:42:45,7995.0,647446,7995.5,374323,119147,19994,99153,273123,0.5
1900-01-20 09:43:00,7995.0,1454616,7995.5,63548,53761,7698,46063,1391068,0.5
1900-01-20 09:43:15,7999.5,428862,8000.0,238377,59501,22276,37225,190485,0.5
1900-01-20 09:43:30,8009.5,259391,8010.5,205183,360161,14037,346124,54208,1.0
1900-01-20 09:43:45,8010.5,242992,8011.0,3000,293523,112388,181135,239992,0.5
1900-01-20 09:44:00,8011.5,950760,8012.0,14460,175484,162853,12631,936300,0.5
1900-01-20 09:44:15,8011.0,25304,8011.5,1478375,105939,201923,-95984,-1453071,0.5
1900-01-20 09:44:30,8004.0,486084,8004.5,241256,16629,120264,-103635,244828,0.5
1900-01-20 09:44:45,8003.5,101272,8004.0,2316903,57139,74611,-17472,-2215631,0.5
1900-01-20 09:45:00,8003.5,435871,8004.0,2273740,9595,142166,-132571,-1837869,0.5
1900-01-20 09:45:15,8003.5,1607025,8004.0,1700496,112754,81270,31484,-93471,0.5
1900-01-20 09:45:30,8003.5,1645680,8004.0,1522032,190871,6415,184456,123648,0.5
1900-01-20 09:45:45,8003.5,1739670,8004.0,1407437,374832,54003,320829,332233,0.5
1900-01-20 09:46:00,8001.5,2989,8002.0,644033,226280,123520,102760,-641044,0.5
1900-01-20 09:46:15,8001.0,25230,8001.5,548854,15575,117215,-101640,-523624,0.5
1900-01-20 09:46:30,7994.0,46798,7994.5,1255060,18212,107243,-89031,-1208262,0.5
1900-01-20 09:46:45,7994.0,480294,7994.5,186611,23249,166421,-143172,293683,0.5
1900-01-20 09:47:00,7998.5,794773,7999.0,227846,63061,44477,18584,566927,0.5
1900-01-20 09:47:15,7999.5,746193,8000.0,95554,60715,5251,55464,650639,0.5
1900-01-20 09:47:30,8001.5,770263,8002.0,29302,44872,11550,33322,740961,0.5
1900-01-20 09:47:45,8003.5,671766,8004.0,801158,143356,248,143108,-129392,0.5
1900-01-20 09:48:00,8000.0,7937,8000.5,979470,16204,158548,-142344,-971533,0.5
1900-01-20 09:48:15,7999.0,123025,7999.5,627671,14694,26956,-12262,-504646,0.5
1900-01-20 09:48:30,7999.0,51739,7999.5,724882,70383,33482,36901,-673143,0.5
1900-01-20 09:48:45,7998.0,9527,7998.5,948246,1640,16097,-14457,-938719,0.5
1900-01-20 09:49:00,7996.5,1729355,7997.0,34992,107291,49657,57634,1694363,0.5
1900-01-20 09:49:15,8002.0,15000,8003.5,238,485450,57518,427932,14762,1.5
1900-01-20 09:49:30,8003.5,714324,8004.0,37971,61944,23670,38274,676353,0.5
1900-01-20 09:49:45,8005.5,363233,8006.0,93437,82228,215001,-132773,269796,0.5
1900-01-20 09:50:00,8012.5,73097,8013.0,367326,95978,33323,62655,-294229,0.5
1900-01-20 09:50:15,8012.5,735679,8013.0,117676,57308,24551,32757,618003,0.5
1900-01-20 09:50:30,8014.0,25622,8014.5,353269,124814,21583,103231,-327647,0.5
1900-01-20 09:50:45,8014.5,1637355,8015.0,5021,174336,17492,156844,1632334,0.5
1900-01-20 09:51:00,8024.5,161062,8025.0,620884,2255195,214580,2040615,-459822,0.5
1900-01-20 09:51:15,8043.5,22937,8044.0,63670,3254868,212782,3042086,-40733,0.5
1900-01-20 09:51:30,8049.5,106998,8050.0,1926391,4836493,162080,4674413,-1819393,0.5
1900-01-20 09:51:45,8092.0,5000,8100.0,299261,3204216,183560,3020656,-294261,8.0
1900-01-20 09:52:00,8115.5,97450,8116.0,74734,3156807,1166679,1990128,22716,0.5
1900-01-20 09:52:15,8076.5,21192,8077.0,3885,979198,1822095,-842897,17307,0.5
1900-01-20 09:52:30,8068.5,12576,8069.0,75753,407175,543985,-136810,-63177,0.5
1900-01-20 09:52:45,8079.5,101795,8080.0,1020549,188502,274458,-85956,-918754,0.5
1900-01-20 09:53:00,8082.0,80215,8082.5,10503,454298,298480,155818,69712,0.5
1900-01-20 09:53:15,8084.0,2962,8084.5,237188,525957,385352,140605,-234226,0.5
1900-01-20 09:53:30,8084.0,1205166,8084.5,143942,530780,167381,363399,1061224,0.5
1900-01-20 09:53:45,8089.5,408480,8090.0,569374,480703,47243,433460,-160894,0.5
1900-01-20 09:54:00,8095.0,45378,8095.5,480746,884294,420897,463397,-435368,0.5
1900-01-20 09:54:15,8076.0,67196,8076.5,87374,469099,785987,-316888,-20178,0.5
1900-01-20 09:54:30,8072.5,200168,8073.0,750611,215552,398683,-183131,-550443,0.5
1900-01-20 09:54:45,8081.0,504390,8081.5,13000,126817,306638,-179821,491390,0.5
1900-01-20 09:55:00,8089.5,657652,8090.0,35078,273813,60548,213265,622574,0.5
1900-01-20 09:55:15,8099.5,318696,8100.0,598214,778200,41912,736288,-279518,0.5
1900-01-20 09:55:30,8100.5,21736,8101.0,24508,308154,243860,64294,-2772,0.5
1900-01-20 09:55:45,8072.5,18958,8073.0,40750,330234,279456,50778,-21792,0.5
1900-01-20 09:56:00,8085.0,37499,8085.5,247878,293143,167289,125854,-210379,0.5
1900-01-20 09:56:15,8093.0,937605,8093.5,351366,233620,106193,127427,586239,0.5
1900-01-20 09:56:30,8099.5,786868,8100.0,151881,297552,145288,152264,634987,0.5
1900-01-20 09:56:45,8099.5,1271629,8100.0,70019,1145186,188484,956702,1201610,0.5
1900-01-20 09:57:00,8090.0,305580,8090.5,312318,573270,1610233,-1036963,-6738,0.5
1900-01-20 09:57:15,8083.5,719250,8084.0,247631,132772,261120,-128348,471619,0.5
1900-01-20 09:57:30,8083.5,538413,8084.0,60123,146707,305176,-158469,478290,0.5
1900-01-20 09:57:45,8091.5,294032,8092.0,433644,259233,58085,201148,-139612,0.5
1900-01-20 09:58:00,8085.0,608308,8085.5,167401,65843,80536,-14693,440907,0.5
1900-01-20 09:58:15,8085.5,445896,8086.0,74076,95602,238157,-142555,371820,0.5
1900-01-20 09:58:30,8086.5,387257,8087.0,142563,102664,61950,40714,244694,0.5
1900-01-20 09:58:45,8090.5,528521,8091.0,51139,256536,84940,171596,477382,0.5
1900-01-20 09:59:00,8090.5,512263,8091.0,91343,281647,138210,143437,420920,0.5
1900-01-20 09:59:15,8094.0,611453,8094.5,115587,52256,168305,-116049,495866,0.5
1900-01-20 09:59:30,8099.5,219561,8100.0,5724239,778446,33926,744520,-5504678,0.5
1900-01-20 09:59:45,8109.5,262360,8110.0,401990,724998,85930,639068,-139630,0.5
1900-01-20 10:00:00,8115.0,19788,8115.5,104763,357229,105754,251475,-84975,0.5
1900-01-20 10:00:15,8111.0,88727,8111.5,197758,650989,727777,-76788,-109031,0.5
1900-01-20 10:00:30,8109.5,25585,8110.0,549292,330302,275263,55039,-523707,0.5
1900-01-20 10:00:45,8100.0,131472,8100.5,113297,56353,259452,-203099,18175,0.5
1900-01-20 10:01:00,8102.0,135118,8102.5,533590,91594,514225,-422631,-398472,0.5
1900-01-20 10:01:15,8090.5,972973,8091.0,228911,56526,388250,-331724,744062,0.5
1900-01-20 10:01:30,8096.5,621120,8097.0,1160152,114043,237627,-123584,-539032,0.5
1900-01-20 10:01:45,8096.5,713440,8097.0,362749,650878,95452,555426,350691,0.5
1900-01-20 10:02:00,8096.5,369575,8097.0,320687,280265,122113,158152,48888,0.5
1900-01-20 10:02:15,8083.0,745445,8083.5,243208,124171,296229,-172058,502237,0.5
1900-01-20 10:02:30,8092.5,114395,8093.0,651864,187521,115965,71556,-537469,0.5
1900-01-20 10:02:45,8084.5,275036,8085.0,409781,91736,328351,-236615,-134745,0.5
1900-01-20 10:03:00,8084.5,503050,8085.0,51678,71658,61622,10036,451372,0.5
1900-01-20 10:03:15,8075.0,177959,8075.5,243589,54302,346902,-292600,-65630,0.5
1900-01-20 10:03:30,8073.0,19601,8073.5,371638,59811,486917,-427106,-352037,0.5
1900-01-20 10:03:45,8062.0,227931,8062.5,7503,398749,746202,-347453,220428,0.5
1900-01-20 10:04:00,8060.5,4803,8061.0,196375,245637,342608,-96971,-191572,0.5
1900-01-20 10:04:15,8052.0,413829,8052.5,693983,279895,472951,-193056,-280154,0.5
1900-01-20 10:04:30,8055.5,256483,8056.0,171133,683781,215498,468283,85350,0.5
1900-01-20 10:04:45,8070.5,161999,8071.0,815849,290725,103334,187391,-653850,0.5
1900-01-20 10:05:00,8066.5,59613,8067.0,1577475,173585,97446,76139,-1517862,0.5
1900-01-20 10:05:15,8057.0,32297,8060.0,1408714,233859,138861,94998,-1376417,3.0
1900-01-20 10:05:30,8055.0,258203,8055.5,208628,346830,307406,39424,49575,0.5
1900-01-20 10:05:45,8060.0,116985,8060.5,820968,326583,107051,219532,-703983,0.5
1900-01-20 10:06:00,8057.5,10103,8058.0,950146,205052,39536,165516,-940043,0.5
1900-01-20 10:06:15,8056.0,341260,8056.5,810057,33210,71232,-38022,-468797,0.5
1900-01-20 10:06:30,8050.5,13338,8051.0,819846,45842,312832,-266990,-806508,0.5
1900-01-20 10:06:45,8045.0,124962,8045.5,535714,117655,363622,-245967,-410752,0.5
1900-01-20 10:07:00,8052.0,160688,8052.5,129382,713587,594871,118716,31306,0.5
1900-01-20 10:07:15,8059.5,1004140,8060.0,129769,240884,24150,216734,874371,0.5
1900-01-20 10:07:30,8069.5,72072,8070.0,355595,292303,39512,252791,-283523,0.5
1900-01-20 10:07:45,8067.5,575088,8068.0,24299,141827,96849,44978,550789,0.5
1900-01-20 10:08:00,8071.5,241675,8072.0,64850,90013,14978,75035,176825,0.5
1900-01-20 10:08:15,8074.5,741177,8075.0,238319,336343,16096,320247,502858,0.5
1900-01-20 10:08:30,8075.5,591752,8076.0,303297,243058,67346,175712,288455,0.5
1900-01-20 10:08:45,8082.0,1542066,8082.5,230723,564723,9834,554889,1311343,0.5
1900-01-20 10:09:00,8077.0,2607,8077.5,614744,227897,90521,137376,-612137,0.5
1900-01-20 10:09:15,8074.5,1208628,8075.0,81872,71789,150096,-78307,1126756,0.5
1900-01-20 10:09:30,8079.0,788590,8079.5,322000,70708,37179,33529,466590,0.5
1900-01-20 10:09:45,8079.0,144379,8079.5,407112,66391,71495,-5104,-262733,0.5
1900-01-20 10:10:00,8076.5,354000,8077.0,327181,43700,157946,-114246,26819,0.5
1900-01-20 10:10:15,8077.5,59525,8078.0,417655,12510,71982,-59472,-358130,0.5
1900-01-20 10:10:30,8077.5,30932,8078.0,528036,13500,16060,-2560,-497104,0.5
1900-01-20 10:10:45,8079.0,468067,8079.5,47905,50779,114053,-63274,420162,0.5
1900-01-20 10:11:00,8085.0,938333,8085.5,233018,74599,18162,56437,705315,0.5
1900-01-20 10:11:15,8083.0,274672,8083.5,287270,257073,38250,218823,-12598,0.5
1900-01-20 10:11:30,8088.5,2306,8089.0,229959,105296,63974,41322,-227653,0.5
1900-01-20 10:11:45,8088.5,915738,8089.0,398213,290527,18661,271866,517525,0.5
1900-01-20 10:12:00,8091.5,835414,8092.0,79050,192682,83324,109358,756364,0.5
1900-01-20 10:12:15,8092.0,363665,8092.5,460177,29580,59473,-29893,-96512,0.5
1900-01-20 10:12:30,8094.5,817606,8095.0,128711,12165,42006,-29841,688895,0.5
1900-01-20 10:12:45,8095.0,470167,8095.5,236036,66510,35816,30694,234131,0.5
1900-01-20 10:13:00,8091.5,17582,8092.0,622574,138620,135143,3477,-604992,0.5
1900-01-20 10:13:15,8085.5,488804,8086.0,38985,132608,788818,-656210,449819,0.5
1900-01-20 10:13:30,8089.5,172889,8090.0,236441,227679,45453,182226,-63552,0.5
1900-01-20 10:13:45,8093.5,568532,8094.0,135064,118557,73112,45445,433468,0.5
1900-01-20 10:14:00,8118.0,36092,8118.5,88083,474863,42625,432238,-51991,0.5
1900-01-20 10:14:15,8103.0,23857,8103.5,299152,76506,511360,-434854,-275295,0.5
1900-01-20 10:14:30,8099.5,297200,8100.0,845966,205760,102123,103637,-548766,0.5
1900-01-20 10:14:45,8104.5,336148,8105.0,238444,192342,126789,65553,97704,0.5
1900-01-20 10:15:00,8109.5,809666,8110.0,24597,586982,94966,492016,785069,0.5
1900-01-20 10:15:15,8134.5,11998,8136.5,5744,1923681,96160,1827521,6254,2.0
1900-01-20 10:15:30,8145.5,7100,8146.0,192641,1501608,117374,1384234,-185541,0.5
1900-01-20 10:15:45,8140.5,109215,8146.0,117472,1017559,1837979,-820420,-8257,5.5
1900-01-20 10:16:00,8123.5,169027,8124.0,78610,496032,1212025,-715993,90417,0.5
1900-01-20 10:16:15,8131.5,117828,8133.0,18220,164671,188449,-23778,99608,1.5
1900-01-20 10:16:30,8119.5,286136,8120.0,1316555,335933,212966,122967,-1030419,0.5
1900-01-20 10:16:45,8120.0,986090,8120.5,83143,841812,272657,569155,902947,0.5
1900-01-20 10:17:00,8129.5,102216,8130.0,305285,1095561,137983,957578,-203069,0.5
1900-01-20 10:17:15,8118.0,29358,8118.5,135312,114891,227265,-112374,-105954,0.5
1900-01-20 10:17:30,8107.0,22522,8107.5,172762,75444,305974,-230530,-150240,0.5
1900-01-20 10:17:45,8091.5,308284,8092.0,208025,193602,768870,-575268,100259,0.5
1900-01-20 10:18:00,8095.0,813567,8095.5,139603,273858,234166,39692,673964,0.5
1900-01-20 10:18:15,8107.0,594964,8107.5,27435,531033,83250,447783,567529,0.5
1900-01-20 10:18:30,8104.0,238800,8104.5,449913,439871,156657,283214,-211113,0.5
1900-01-20 10:18:45,8108.5,265134,8109.0,63577,238954,1279025,-1040071,201557,0.5
1900-01-20 10:19:00,8106.5,156949,8107.0,251443,104816,433823,-329007,-94494,0.5
1900-01-20 10:19:15,8102.5,45684,8103.0,1083616,35128,333004,-297876,-1037932,0.5
1900-01-20 10:19:30,8093.0,183540,8095.0,243858,311247,175117,136130,-60318,2.0
1900-01-20 10:19:45,8106.0,291781,8106.5,1518000,237779,180111,57668,-1226219,0.5
1900-01-20 10:20:00,8105.0,484557,8105.5,20985,88227,125574,-37347,463572,0.5
1900-01-20 10:20:15,8113.5,272009,8114.0,70,1286104,51335,1234769,271939,0.5
1900-01-20 10:20:30,8131.0,37682,8131.5,50115,373227,58656,314571,-12433,0.5
1900-01-20 10:20:45,8115.0,173440,8115.5,141332,231411,120779,110632,32108,0.5
1900-01-20 10:21:00,8115.0,571604,8115.5,55836,169334,130936,38398,515768,0.5
1900-01-20 10:21:15,8118.5,68886,8119.0,167782,246240,47263,198977,-98896,0.5
1900-01-20 10:21:30,8118.5,95762,8119.0,1174965,334411,152826,181585,-1079203,0.5
1900-01-20 10:21:45,8129.5,501417,8130.0,120569,142244,57399,84845,380848,0.5
1900-01-20 10:22:00,8129.0,23142,8129.5,345295,192196,43451,148745,-322153,0.5
1900-01-20 10:22:15,8121.5,1041606,8122.0,142110,183819,354259,-170440,899496,0.5
1900-01-20 10:22:30,8122.5,914275,8123.0,60810,159780,93282,66498,853465,0.5
1900-01-20 10:22:45,8129.5,541817,8130.0,199095,120076,269987,-149911,342722,0.5
1900-01-20 10:23:00,8131.5,1073034,8132.0,15076,122203,33007,89196,1057958,0.5
1900-01-20 10:23:15,8133.5,401190,8134.0,98842,279665,53417,226248,302348,0.5
1900-01-20 10:23:30,8131.0,62832,8131.5,443391,245303,643846,-398543,-380559,0.5
1900-01-20 10:23:45,8127.0,337691,8127.5,255029,84603,72969,11634,82662,0.5
1900-01-20 10:24:00,8115.0,167178,8115.5,63685,20330,293784,-273454,103493,0.5
1900-01-20 10:24:15,8111.0,197845,8111.5,626473,14976,121512,-106536,-428628,0.5
1900-01-20 10:24:30,8128.5,10000,8129.0,21,226086,83785,142301,9979,0.5
1900-01-20 10:24:45,8122.5,219770,8123.0,753800,25793,39367,-13574,-534030,0.5
1900-01-20 10:25:00,8119.5,301752,8120.0,470407,21367,55197,-33830,-168655,0.5
1900-01-20 10:25:15,8122.0,503678,8122.5,800,252017,140225,111792,502878,0.5
1900-01-20 10:25:30,8119.5,11283,8120.0,528619,21334,30483,-9149,-517336,0.5
1900-01-20 10:25:45,8116.0,247634,8116.5,14230,265544,245709,19835,233404,0.5
1900-01-20 10:26:00,8113.0,374658,8113.5,49477,25825,109433,-83608,325181,0.5
1900-01-20 10:26:15,8107.5,42354,8108.0,142083,50995,163812,-112817,-99729,0.5
1900-01-20 10:26:30,8110.0,166904,8110.5,481513,110702,107084,3618,-314609,0.5
1900-01-20 10:26:45,8104.0,482537,8104.5,173073,111112,101539,9573,309464,0.5
1900-01-20 10:27:00,8110.0,42470,8110.5,275956,126440,31255,95185,-233486,0.5
1900-01-20 10:27:15,8109.0,5142,8109.5,544932,45613,21421,24192,-539790,0.5
1900-01-20 10:27:30,8102.0,38246,8102.5,199274,89387,52581,36806,-161028,0.5
1900-01-20 10:27:45,8096.5,34179,8097.0,712943,26053,299193,-273140,-678764,0.5
1900-01-20 10:28:00,8096.5,511577,8097.0,77269,188533,232358,-43825,434308,0.5
1900-01-20 10:28:15,8089.5,14390,8090.0,290316,185930,363053,-177123,-275926,0.5
1900-01-20 10:28:30,8084.5,1253446,8085.0,74900,245495,406429,-160934,1178546,0.5
1900-01-20 10:28:45,8089.5,631364,8090.0,157086,149738,149959,-221,474278,0.5
1900-01-20 10:29:00,8093.5,574961,8094.0,24925,499717,13374,486343,550036,0.5
1900-01-20 10:29:15,8096.5,56186,8097.0,1067831,107923,47393,60530,-1011645,0.5
1900-01-20 10:29:30,8096.0,443020,8096.5,740327,115084,88652,26432,-297307,0.5
1900-01-20 10:29:45,8102.5,98601,8103.0,431062,331218,35141,296077,-332461,0.5
1900-01-20 10:30:00,8102.5,141623,8103.0,703049,153089,36742,116347,-561426,0.5
1900-01-20 10:30:15,8100.0,169105,8100.5,306768,54493,294385,-239892,-137663,0.5
1900-01-20 10:30:30,8100.0,957348,8100.5,56941,31249,86851,-55602,900407,0.5
1900-01-20 10:30:45,8106.0,472840,8106.5,27855,157649,17292,140357,444985,0.5
1900-01-20 10:31:00,8103.0,817928,8103.5,31984,117729,68552,49177,785944,0.5
1900-01-20 10:31:15,8103.0,534709,8103.5,349143,37157,136480,-99323,185566,0.5
1900-01-20 10:31:30,8104.5,651058,8105.0,153832,112419,56485,55934,497226,0.5
1900-01-20 10:31:45,8108.5,460739,8109.0,303419,76796,34525,42271,157320,0.5
1900-01-20 10:32:00,8114.5,399048,8115.0,50075,620503,10927,609576,348973,0.5
1900-01-20 10:32:15,8115.5,563187,8116.0,33199,172592,52686,119906,529988,0.5
1900-01-20 10:32:30,8115.0,598119,8115.5,102106,67978,123566,-55588,496013,0.5
1900-01-20 10:32:45,8123.5,108282,8124.0,475387,229028,32876,196152,-367105,0.5
1900-01-20 10:33:00,8123.5,125950,8124.0,894096,161619,133516,28103,-768146,0.5
1900-01-20 10:33:15,8118.0,239297,8118.5,378645,152208,96241,55967,-139348,0.5
1900-01-20 10:33:30,8122.0,466530,8122.5,38378,45847,89509,-43662,428152,0.5
1900-01-20 10:33:45,8120.5,6723,8121.0,195010,150078,58238,91840,-188287,0.5
1900-01-20 10:34:00,8119.5,626570,8120.0,106928,18803,85931,-67128,519642,0.5
1900-01-20 10:34:15,8119.5,127899,8120.0,1257067,56514,247105,-190591,-1129168,0.5
1900-01-20 10:34:30,8115.0,296240,8115.5,204979,32621,88378,-55757,91261,0.5
1900-01-20 10:34:45,8112.5,46303,8113.0,543887,14061,235721,-221660,-497584,0.5
1900-01-20 10:35:00,8112.0,358607,8112.5,118083,22712,187406,-164694,240524,0.5
1900-01-20 10:35:15,8121.5,416227,8122.0,68053,162650,71925,90725,348174,0.5
1900-01-20 10:35:30,8133.0,5475,8134.0,100,297256,164492,132764,5375,1.0
1900-01-20 10:35:45,8129.5,78406,8130.0,241256,309378,106826,202552,-162850,0.5
1900-01-20 10:36:00,8134.5,407717,8135.0,469997,123644,135186,-11542,-62280,0.5
1900-01-20 10:36:15,8125.0,2404,8125.5,96233,370314,73796,296518,-93829,0.5
1900-01-20 10:36:30,8125.0,95706,8125.5,626021,29424,351071,-321647,-530315,0.5
1900-01-20 10:36:45,8130.5,159342,8131.0,45671,128265,126194,2071,113671,0.5
1900-01-20 10:37:00,8136.5,441510,8137.0,450458,164198,45262,118936,-8948,0.5
1900-01-20 10:37:15,8141.5,203271,8142.0,198724,337709,168316,169393,4547,0.5
1900-01-20 10:37:30,8137.0,20953,8137.5,608528,51860,200999,-149139,-587575,0.5
1900-01-20 10:37:45,8134.0,310947,8134.5,202353,83169,98088,-14919,108594,0.5
1900-01-20 10:38:00,8144.5,326244,8145.0,588813,559967,70385,489582,-262569,0.5
1900-01-20 10:38:15,8141.0,502886,8141.5,132381,275143,91014,184129,370505,0.5
1900-01-20 10:38:30,8144.0,1061864,8144.5,25619,981862,31867,949995,1036245,0.5
1900-01-20 10:38:45,8145.5,322373,8146.0,180591,251042,121024,130018,141782,0.5
1900-01-20 10:39:00,8144.0,649834,8144.5,486832,39137,415752,-376615,163002,0.5
1900-01-20 10:39:15,8140.0,2090172,8140.5,899891,283135,1476253,-1193118,1190281,0.5
1900-01-20 10:39:30,8128.0,303388,8128.5,125931,77055,2214473,-2137418,177457,0.5
1900-01-20 10:39:45,8139.5,815982,8140.0,20125,317482,177524,139958,795857,0.5
1900-01-20 10:40:00,8133.0,96863,8133.5,25,134976,158643,-23667,96838,0.5
1900-01-20 10:40:15,8130.5,671256,8131.0,425620,159699,54398,105301,245636,0.5
1900-01-20 10:40:30,8122.0,180354,8122.5,89843,18764,291732,-272968,90511,0.5
1900-01-20 10:40:45,8127.0,1496326,8127.5,45936,203242,100305,102937,1450390,0.5
1900-01-20 10:41:00,8119.5,122767,8120.0,124560,509018,128268,380750,-1793,0.5
1900-01-20 10:41:15,8115.0,351438,8115.5,139394,130111,104152,25959,212044,0.5
1900-01-20 10:41:30,8123.0,41888,8123.5,99854,199886,151141,48745,-57966,0.5
1900-01-20 10:41:45,8127.5,181175,8128.0,522075,104008,3756,100252,-340900,0.5
1900-01-20 10:42:00,8136.5,225117,8137.0,300533,353828,96171,257657,-75416,0.5
1900-01-20 10:42:15,8136.5,116923,8137.0,547629,90709,43562,47147,-430706,0.5
1900-01-20 10:42:30,8127.5,618924,8128.0,180268,93168,129561,-36393,438656,0.5
1900-01-20 10:42:45,8134.0,504745,8134.5,137446,44330,17603,26727,367299,0.5
1900-01-20 10:43:00,8139.5,129898,8140.0,189584,46603,24150,22453,-59686,0.5
1900-01-20 10:43:15,8140.0,301979,8140.5,243394,411509,115264,296245,58585,0.5
1900-01-20 10:43:30,8146.0,162364,8146.5,228117,203877,91890,111987,-65753,0.5
1900-01-20 10:43:45,8140.5,541738,8141.0,38714,126334,769138,-642804,503024,0.5
1900-01-20 10:44:00,8143.0,106255,8143.5,433000,158500,32817,125683,-326745,0.5
1900-01-20 10:44:15,8150.0,531614,8150.5,3229,1130693,81187,1049506,528385,0.5
1900-01-20 10:44:30,8159.5,516692,8160.0,167783,494944,383308,111636,348909,0.5
1900-01-20 10:44:45,8147.0,604666,8147.5,78394,297944,428891,-130947,526272,0.5
1900-01-20 10:45:00,8151.5,947126,8152.0,71363,144870,41307,103563,875763,0.5
1900-01-20 10:45:15,8141.0,42898,8141.5,991819,234435,432608,-198173,-948921,0.5
1900-01-20 10:45:30,8137.5,131212,8138.0,548215,148362,236582,-88220,-417003,0.5
1900-01-20 10:45:45,8131.0,565616,8131.5,435270,89833,308716,-218883,130346,0.5
1900-01-20 10:46:00,8129.0,10,8129.5,9215,425054,39963,385091,-9205,0.5
1900-01-20 10:46:15,8117.0,971464,8117.5,43491,94478,314984,-220506,927973,0.5
1900-01-20 10:46:30,8117.0,1061402,8117.5,153717,167187,1074160,-906973,907685,0.5
1900-01-20 10:46:45,8127.0,2599068,8127.5,48007,579963,107649,472314,2551061,0.5
1900-01-20 10:47:00,8134.0,4000,8135.0,38380,202764,103501,99263,-34380,1.0
1900-01-20 10:47:15,8134.0,26264,8134.5,810433,121200,61747,59453,-784169,0.5
1900-01-20 10:47:30,8127.0,737846,8127.5,287810,107326,48697,58629,450036,0.5
1900-01-20 10:47:45,8132.0,1420324,8132.5,285581,105055,84062,20993,1134743,0.5
1900-01-20 10:48:00,8133.0,986189,8133.5,483221,75871,4709,71162,502968,0.5
1900-01-20 10:48:15,8138.0,1446255,8138.5,74318,518694,15170,503524,1371937,0.5
1900-01-20 10:48:30,8140.5,79284,8141.0,425430,286835,2002,284833,-346146,0.5
1900-01-20 10:48:45,8135.5,582531,8136.0,131874,81204,332546,-251342,450657,0.5
1900-01-20 10:49:00,8130.0,318176,8130.5,594778,18865,370049,-351184,-276602,0.5
1900-01-20 10:49:15,8125.5,67512,8126.0,166201,2266,266004,-263738,-98689,0.5
1900-01-20 10:49:30,8120.0,1015403,8120.5,501086,14853,297542,-282689,514317,0.5
1900-01-20 10:49:45,8124.5,597809,8125.0,13348,139321,355112,-215791,584461,0.5
1900-01-20 10:50:00,8128.0,1713687,8128.5,28390,49710,29490,20220,1685297,0.5
1900-01-20 10:50:15,8133.0,1094410,8133.5,26396,94472,12058,82414,1068014,0.5
1900-01-20 10:50:30,8133.0,257892,8133.5,455060,14576,16491,-1915,-197168,0.5
1900-01-20 10:50:45,8124.5,10734,8125.0,233604,10241,45252,-35011,-222870,0.5
1900-01-20 10:51:00,8120.0,883530,8120.5,525256,6408,390489,-384081,358274,0.5
1900-01-20 10:51:15,8118.5,375036,8119.0,497923,38667,227292,-188625,-122887,0.5
1900-01-20 10:51:30,8118.5,3104339,8119.0,41582,52631,217008,-164377,3062757,0.5
1900-01-20 10:51:45,8123.5,331015,8124.0,288363,143601,4914,138687,42652,0.5
1900-01-20 10:52:00,8125.5,954840,8127.0,4815,57563,3200,54363,950025,1.5
1900-01-20 10:52:15,8129.5,41222,8130.0,1159372,77549,46680,30869,-1118150,0.5
1900-01-20 10:52:30,8126.5,215400,8127.0,74400,29397,45641,-16244,141000,0.5
1900-01-20 10:52:45,8129.0,56592,8129.5,965006,85607,66836,18771,-908414,0.5
1900-01-20 10:53:00,8124.5,329370,8125.0,77306,292512,174053,118459,252064,0.5
1900-01-20 10:53:15,8129.0,8444,8129.5,525473,41717,29883,11834,-517029,0.5
1900-01-20 10:53:30,8122.5,548200,8123.0,12544,69768,18469,51299,535656,0.5
1900-01-20 10:53:45,8128.5,253783,8129.0,438448,141636,29049,112587,-184665,0.5
1900-01-20 10:54:00,8130.0,112527,8130.5,422108,45824,30959,14865,-309581,0.5
1900-01-20 10:54:15,8131.0,759860,8131.5,10870,38947,37200,1747,748990,0.5
1900-01-20 10:54:30,8131.5,267690,8132.0,446404,45794,26652,19142,-178714,0.5
1900-01-20 10:54:45,8131.5,229234,8132.0,582688,3977,111794,-107817,-353454,0.5
1900-01-20 10:55:00,8131.5,169813,8132.0,861550,80603,75812,4791,-691737,0.5
1900-01-20 10:55:15,8132.0,1101353,8132.5,5379,117446,131789,-14343,1095974,0.5
1900-01-20 10:55:30,8130.5,1741,8131.0,707298,68445,67036,1409,-705557,0.5
1900-01-20 10:55:45,8121.0,42165,8121.5,279089,9625,219132,-209507,-236924,0.5
1900-01-20 10:56:00,8114.0,88961,8114.5,647740,32442,268588,-236146,-558779,0.5
1900-01-20 10:56:15,8100.5,4528,8101.0,10000,41569,2523249,-2481680,-5472,0.5
1900-01-20 10:56:30,8097.5,131741,8098.0,13587,159485,419141,-259656,118154,0.5
1900-01-20 10:56:45,8098.0,81660,8098.5,318091,273506,175045,98461,-236431,0.5
1900-01-20 10:57:00,8098.0,853596,8098.5,631100,85485,255375,-169890,222496,0.5
1900-01-20 10:57:15,8095.0,378602,8095.5,569973,93624,360672,-267048,-191371,0.5
1900-01-20 10:57:30,8090.0,478545,8090.5,543415,113001,293757,-180756,-64870,0.5
1900-01-20 10:57:45,8088.0,652476,8088.5,945127,82727,597029,-514302,-292651,0.5
1900-01-20 10:58:00,8091.5,991641,8092.0,98005,138670,415884,-277214,893636,0.5
1900-01-20 10:58:15,8097.0,888118,8097.5,132666,510930,21607,489323,755452,0.5
1900-01-20 10:58:30,8097.0,573824,8097.5,315861,190464,24755,165709,257963,0.5
1900-01-20 10:58:45,8105.0,836748,8105.5,42927,188781,14367,174414,793821,0.5
1900-01-20 10:59:00,8103.0,4013,8103.5,153063,391824,91153,300671,-149050,0.5
1900-01-20 10:59:15,8092.5,1413512,8093.0,82943,20453,103930,-83477,1330569,0.5
1900-01-20 10:59:30,8094.0,1053061,8094.5,217246,137035,98116,38919,835815,0.5
1900-01-20 10:59:45,8092.5,4374,8093.0,380621,38904,128989,-90085,-376247,0.5
1900-01-20 11:00:00,8089.0,3597,8089.5,1659172,36721,59426,-22705,-1655575,0.5
1900-01-20 11:00:15,8087.5,35271,8088.0,360713,119050,553293,-434243,-325442,0.5
1900-01-20 11:00:30,8077.0,7277,8079.5,91454,87634,1288349,-1200715,-84177,2.5
1900-01-20 11:00:45,8065.5,247778,8066.0,137940,70668,1331907,-1261239,109838,0.5
1900-01-20 11:01:00,8075.5,171038,8076.0,29130,365697,400205,-34508,141908,0.5
1900-01-20 11:01:15,8073.0,23837,8073.5,1363577,676497,235552,440945,-1339740,0.5
1900-01-20 11:01:30,8063.0,92175,8063.5,332617,85198,1015078,-929880,-240442,0.5
1900-01-20 11:01:45,8058.0,151447,8060.0,104000,57646,929353,-871707,47447,2.0
1900-01-20 11:02:00,8050.5,516409,8051.0,3266,147615,928479,-780864,513143,0.5
1900-01-20 11:02:15,8061.5,521983,8062.0,209783,443312,594593,-151281,312200,0.5
1900-01-20 11:02:30,8069.5,28400,8070.0,18639,623171,257489,365682,9761,0.5
1900-01-20 11:02:45,8066.0,18564,8066.5,209409,606349,236871,369478,-190845,0.5
1900-01-20 11:03:00,8069.5,608918,8070.0,50635,87380,151067,-63687,558283,0.5
1900-01-20 11:03:15,8078.5,628018,8079.0,17191,392211,26160,366051,610827,0.5
1900-01-20 11:03:30,8085.0,861662,8085.5,9510,142063,41059,101004,852152,0.5
1900-01-20 11:03:45,8080.0,9967,8081.0,978948,166204,167490,-1286,-968981,1.0
1900-01-20 11:04:00,8078.0,322059,8078.5,911691,97323,324605,-227282,-589632,0.5
1900-01-20 11:04:15,8078.0,718125,8078.5,537908,35851,32701,3150,180217,0.5
1900-01-20 11:04:30,8078.0,383108,8078.5,1029318,71565,58218,13347,-646210,0.5
1900-01-20 11:04:45,8080.0,1134674,8080.5,135090,469192,55167,414025,999584,0.5
1900-01-20 11:05:00,8081.5,535979,8082.0,142505,166088,35076,131012,393474,0.5
1900-01-20 11:05:15,8085.0,370941,8085.5,624542,178670,28650,150020,-253601,0.5
1900-01-20 11:05:30,8084.0,3748,8084.5,935211,222098,121741,100357,-931463,0.5
1900-01-20 11:05:45,8082.0,15541,8082.5,1371472,11262,42630,-31368,-1355931,0.5
1900-01-20 11:06:00,8080.0,225332,8080.5,1036852,19300,44206,-24906,-811520,0.5
1900-01-20 11:06:15,8075.5,26499,8076.0,1000814,58360,192363,-134003,-974315,0.5
1900-01-20 11:06:30,8070.0,111947,8070.5,223483,35723,51575,-15852,-111536,0.5
1900-01-20 11:06:45,8067.0,958737,8067.5,268295,81877,178771,-96894,690442,0.5
1900-01-20 11:07:00,8070.0,571778,8070.5,34642,176315,475290,-298975,537136,0.5
1900-01-20 11:07:15,8075.0,891640,8075.5,95725,132172,55475,76697,795915,0.5
1900-01-20 11:07:30,8079.5,473658,8080.0,57138,149359,13593,135766,416520,0.5
1900-01-20 11:07:45,8084.0,447866,8084.5,106239,129403,61954,67449,341627,0.5
1900-01-20 11:08:00,8082.0,162954,8082.5,800576,35318,176071,-140753,-637622,0.5
1900-01-20 11:08:15,8079.0,1845,8079.5,1239157,26464,116954,-90490,-1237312,0.5
1900-01-20 11:08:30,8079.0,37032,8079.5,1448439,31808,68533,-36725,-1411407,0.5
1900-01-20 11:08:45,8078.0,670236,8078.5,194044,84667,7429,77238,476192,0.5
1900-01-20 11:09:00,8078.5,594065,8079.0,109837,49988,26610,23378,484228,0.5
1900-01-20 11:09:15,8082.5,65,8083.0,1071950,56548,95647,-39099,-1071885,0.5
1900-01-20 11:09:30,8081.0,483871,8081.5,169079,86180,18100,68080,314792,0.5
1900-01-20 11:09:45,8080.0,90244,8080.5,1673270,40259,66687,-26428,-1583026,0.5
1900-01-20 11:10:00,8074.5,61,8075.0,1356513,14294,141889,-127595,-1356452,0.5
1900-01-20 11:10:15,8072.5,607175,8073.0,105389,36058,102258,-66200,501786,0.5
1900-01-20 11:10:30,8075.5,726191,8076.0,168932,26276,30274,-3998,557259,0.5
1900-01-20 11:10:45,8072.5,96485,8073.0,438155,12038,72245,-60207,-341670,0.5
1900-01-20 11:11:00,8070.0,34030,8070.5,943899,83806,157206,-73400,-909869,0.5
1900-01-20 11:11:15,8067.5,268726,8068.0,235702,29040,40618,-11578,33024,0.5
1900-01-20 11:11:30,8068.0,905335,8068.5,22458,119925,15824,104101,882877,0.5
1900-01-20 11:11:45,8072.0,527156,8072.5,6460,172709,138775,33934,520696,0.5
1900-01-20 11:12:00,8072.0,6181684,8072.5,43139,57293,5393,51900,6138545,0.5
1900-01-20 11:12:15,8081.5,169556,8082.0,1637840,84672,48007,36665,-1468284,0.5
1900-01-20 11:12:30,8085.0,584426,8085.5,457765,113483,91385,22098,126661,0.5
1900-01-20 11:12:45,8082.5,706616,8083.0,151750,159735,64708,95027,554866,0.5
1900-01-20 11:13:00,8084.0,42367,8084.5,1233453,97326,23945,73381,-1191086,0.5
1900-01-20 11:13:15,8082.5,6383,8083.0,514799,18829,38227,-19398,-508416,0.5
1900-01-20 11:13:30,8081.5,493046,8082.0,198575,34878,22026,12852,294471,0.5
1900-01-20 11:13:45,8081.0,567649,8081.5,265841,16897,37428,-20531,301808,0.5
1900-01-20 11:14:00,8081.5,547477,8082.0,97521,29934,15630,14304,449956,0.5
1900-01-20 11:14:15,8087.0,661313,8087.5,110367,147443,4661,142782,550946,0.5
1900-01-20 11:14:30,8099.5,454029,8100.0,47998,480312,62045,418267,406031,0.5
1900-01-20 11:14:45,8102.5,561429,8103.0,134,1002334,150980,851354,561295,0.5
1900-01-20 11:15:00,8097.0,390130,8097.5,1142396,373824,215678,158146,-752266,0.5
1900-01-20 11:15:15,8092.0,13447,8092.5,135863,29032,149023,-119991,-122416,0.5
1900-01-20 11:15:30,8087.0,119296,8087.5,1147834,14669,259332,-244663,-1028538,0.5
1900-01-20 11:15:45,8081.5,1774254,8082.0,60327,175006,116880,58126,1713927,0.5
1900-01-20 11:16:00,8081.5,1734019,8082.0,2640,97419,4805,92614,1731379,0.5
1900-01-20 11:16:15,8081.5,247974,8082.0,317605,50235,217597,-167362,-69631,0.5
1900-01-20 11:16:30,8081.5,396826,8082.0,375159,100868,23448,77420,21667,0.5
1900-01-20 11:16:45,8080.0,676169,8080.5,22638,187442,371241,-183799,653531,0.5
1900-01-20 11:17:00,8092.5,82444,8093.0,531517,136570,54343,82227,-449073,0.5
1900-01-20 11:17:15,8091.0,124789,8091.5,360306,59109,20786,38323,-235517,0.5
1900-01-20 11:17:30,8086.0,515,8086.5,1167947,15328,56220,-40892,-1167432,0.5
1900-01-20 11:17:45,8086.0,6027220,8086.5,117250,161280,35472,125808,5909970,0.5
1900-01-20 11:18:00,8090.0,1104018,8090.5,145234,71966,4892,67074,958784,0.5
1900-01-20 11:18:15,8094.5,1045866,8095.0,12861,67639,2209,65430,1033005,0.5
1900-01-20 11:18:30,8094.5,437954,8095.0,511061,7431,39556,-32125,-73107,0.5
1900-01-20 11:18:45,8094.5,183552,8095.0,462539,36883,92572,-55689,-278987,0.5
1900-01-20 11:19:00,8087.0,599910,8087.5,186572,11473,119153,-107680,413338,0.5
1900-01-20 11:19:15,8087.0,102259,8087.5,297951,18237,84900,-66663,-195692,0.5
1900-01-20 11:19:30,8087.0,717924,8087.5,318734,37013,11279,25734,399190,0.5
1900-01-20 11:19:45,8087.0,803533,8087.5,304623,795,17955,-17160,498910,0.5
1900-01-20 11:20:00,8089.5,993769,8090.0,42647,179626,50453,129173,951122,0.5
1900-01-20 11:20:15,8092.5,2078486,8093.0,102072,57022,11952,45070,1976414,0.5
1900-01-20 11:20:30,8093.0,1157911,8093.5,445,35615,74,35541,1157466,0.5
1900-01-20 11:20:45,8096.5,267761,8097.0,184948,22025,30852,-8827,82813,0.5
1900-01-20 11:21:00,8101.0,695440,8101.5,168711,116914,23353,93561,526729,0.5
1900-01-20 11:21:15,8101.5,487171,8102.0,581244,83080,9039,74041,-94073,0.5
1900-01-20 11:21:30,8103.0,923845,8103.5,374801,267906,48106,219800,549044,0.5
1900-01-20 11:21:45,8103.0,754325,8103.5,336261,248533,28347,220186,418064,0.5
1900-01-20 11:22:00,8108.5,232536,8109.0,232577,341064,24252,316812,-41,0.5
1900-01-20 11:22:15,8104.0,365335,8104.5,262509,34168,301458,-267290,102826,0.5
1900-01-20 11:22:30,8105.5,222574,8106.0,624157,180225,32530,147695,-401583,0.5
1900-01-20 11:22:45,8102.5,255244,8103.0,643540,76221,82940,-6719,-388296,0.5
1900-01-20 11:23:00,8102.5,693104,8103.0,190364,44315,223693,-179378,502740,0.5
1900-01-20 11:23:15,8107.0,513218,8107.5,52016,45006,4765,40241,461202,0.5
1900-01-20 11:23:30,8111.0,1254472,8111.5,243792,419701,68273,351428,1010680,0.5
1900-01-20 11:23:45,8121.5,283533,8122.0,428780,115116,54079,61037,-145247,0.5
1900-01-20 11:24:00,8106.5,17233,8107.0,263116,75436,333829,-258393,-245883,0.5
1900-01-20 11:24:15,8106.5,116804,8107.0,652333,48577,36087,12490,-535529,0.5
1900-01-20 11:24:30,8106.5,893105,8107.0,530364,24701,77938,-53237,362741,0.5
1900-01-20 11:24:45,8114.5,62371,8115.0,577818,182998,19613,163385,-515447,0.5
1900-01-20 11:25:00,8110.5,14444,8111.0,1065234,72621,68947,3674,-1050790,0.5
1900-01-20 11:25:15,8107.0,267192,8107.5,485017,23449,284179,-260730,-217825,0.5
1900-01-20 11:25:30,8106.0,24981,8106.5,715706,42887,164756,-121869,-690725,0.5
1900-01-20 11:25:45,8104.0,51148,8104.5,1532506,13144,123785,-110641,-1481358,0.5
1900-01-20 11:26:00,8098.0,54810,8098.5,18773,9352,113364,-104012,36037,0.5
1900-01-20 11:26:15,8093.0,215553,8093.5,389071,6993,362164,-355171,-173518,0.5
1900-01-20 11:26:30,8094.5,360871,8095.0,231522,47320,110465,-63145,129349,0.5
1900-01-20 11:26:45,8094.5,445839,8095.0,321296,76981,21004,55977,124543,0.5
1900-01-20 11:27:00,8092.5,63820,8093.0,722901,25103,69797,-44694,-659081,0.5
1900-01-20 11:27:15,8091.5,479497,8092.0,211203,37226,200171,-162945,268294,0.5
1900-01-20 11:27:30,8098.0,377662,8098.5,345021,100581,4872,95709,32641,0.5
1900-01-20 11:27:45,8098.0,1125246,8098.5,71752,27228,66495,-39267,1053494,0.5
1900-01-20 11:28:00,8099.5,604961,8100.0,751656,285278,34039,251239,-146695,0.5
1900-01-20 11:28:15,8112.0,901685,8112.5,71297,118251,5630,112621,830388,0.5
1900-01-20 11:28:30,8103.0,43475,8104.0,89313,67032,185822,-118790,-45838,1.0
1900-01-20 11:28:45,8105.5,71391,8106.0,1375976,8987,54848,-45861,-1304585,0.5
1900-01-20 11:29:00,8103.5,60240,8104.0,959826,82295,140404,-58109,-899586,0.5
1900-01-20 11:29:15,8109.0,352750,8109.5,516824,127636,47423,80213,-164074,0.5
1900-01-20 11:29:30,8109.0,172497,8109.5,571512,15901,83439,-67538,-399015,0.5
1900-01-20 11:29:45,8105.5,36476,8106.0,720492,7202,43500,-36298,-684016,0.5
1900-01-20 11:30:00,8103.0,98594,8103.5,844110,48994,43871,5123,-745516,0.5
1900-01-20 11:30:15,8102.5,5857,8103.0,1046950,63192,21308,41884,-1041093,0.5
1900-01-20 11:30:30,8100.5,58038,8101.0,1067721,2374,35592,-33218,-1009683,0.5
1900-01-20 11:30:45,8100.0,61317,8100.5,955289,1500,76339,-74839,-893972,0.5
1900-01-20 11:31:00,8096.5,68465,8097.0,709404,2500,53061,-50561,-640939,0.5
1900-01-20 11:31:15,8089.0,15548,8089.5,2289272,6106,170744,-164638,-2273724,0.5
1900-01-20 11:31:30,8097.0,8100,8097.5,6337,44938,213052,-168114,1763,0.5
1900-01-20 11:31:45,8095.0,5334,8095.5,889301,115599,12339,103260,-883967,0.5
1900-01-20 11:32:00,8094.5,5149,8095.0,1598535,15718,96740,-81022,-1593386,0.5
1900-01-20 11:32:15,8090.0,67326,8090.5,794849,8019,21182,-13163,-727523,0.5
1900-01-20 11:32:30,8087.5,13202,8088.0,732186,1734,25472,-23738,-718984,0.5
1900-01-20 11:32:45,8086.0,801688,8086.5,252000,23782,83184,-59402,549688,0.5
1900-01-20 11:33:00,8086.0,634460,8086.5,191960,72480,11705,60775,442500,0.5
1900-01-20 11:33:15,8086.0,203453,8086.5,785472,58860,92916,-34056,-582019,0.5
1900-01-20 11:33:30,8086.0,217933,8086.5,1109736,18325,159332,-141007,-891803,0.5
1900-01-20 11:33:45,8086.0,3358,8086.5,1679719,7400,209980,-202580,-1676361,0.5
1900-01-20 11:34:00,8085.0,150129,8085.5,758452,13500,169315,-155815,-608323,0.5
1900-01-20 11:34:15,8082.5,204219,8083.0,1934447,17810,121585,-103775,-1730228,0.5
1900-01-20 11:34:30,8080.5,105456,8081.0,687684,76625,154347,-77722,-582228,0.5
1900-01-20 11:34:45,8080.5,386948,8081.0,166249,114962,148576,-33614,220699,0.5
1900-01-20 11:35:00,8080.5,128600,8081.0,4182366,25279,16208,9071,-4053766,0.5
1900-01-20 11:35:15,8068.0,484,8068.5,102252,41924,416883,-374959,-101768,0.5
1900-01-20 11:35:30,8075.0,50554,8075.5,745821,275591,188716,86875,-695267,0.5
1900-01-20 11:35:45,8078.0,149922,8078.5,487622,171542,263495,-91953,-337700,0.5
1900-01-20 11:36:00,8078.0,92108,8078.5,4494862,66471,44358,22113,-4402754,0.5
1900-01-20 11:36:15,8075.5,35886,8076.0,933295,5158,32174,-27016,-897409,0.5
1900-01-20 11:36:30,8075.5,312689,8076.0,592017,61940,86436,-24496,-279328,0.5
1900-01-20 11:36:45,8075.5,562855,8076.0,171799,71509,44263,27246,391056,0.5
1900-01-20 11:37:00,8079.5,336973,8080.0,240114,101446,2522,98924,96859,0.5
1900-01-20 11:37:15,8079.5,585199,8080.0,223302,128135,24562,103573,361897,0.5
1900-01-20 11:37:30,8081.5,625772,8082.0,208181,176342,4745,171597,417591,0.5
1900-01-20 11:37:45,8081.5,1054985,8082.0,67428,94340,1077,93263,987557,0.5
1900-01-20 11:38:00,8081.5,204544,8082.0,416265,265789,33053,232736,-211721,0.5
1900-01-20 11:38:15,8080.0,97755,8080.5,819646,20458,100795,-80337,-721891,0.5
1900-01-20 11:38:30,8076.5,125127,8077.0,4004705,3130,62693,-59563,-3879578,0.5
1900-01-20 11:38:45,8074.5,12348,8075.0,583852,12317,48450,-36133,-571504,0.5
1900-01-20 11:39:00,8074.5,64284,8075.0,560875,11576,74675,-63099,-496591,0.5
1900-01-20 11:39:15,8077.5,377541,8078.0,402532,183103,21255,161848,-24991,0.5
1900-01-20 11:39:30,8077.5,422408,8078.0,392237,162706,40811,121895,30171,0.5
1900-01-20 11:39:45,8077.5,73149,8078.0,429919,110258,18105,92153,-356770,0.5
1900-01-20 11:40:00,8077.5,227465,8078.0,360186,27391,24838,2553,-132721,0.5
1900-01-20 11:40:15,8077.5,105053,8078.0,1019478,9300,11008,-1708,-914425,0.5
1900-01-20 11:40:30,8077.5,40053,8078.0,753338,13758,53870,-40112,-713285,0.5
1900-01-20 11:40:45,8076.0,473188,8076.5,273259,7713,31187,-23474,199929,0.5
1900-01-20 11:41:00,8077.0,165601,8077.5,636966,165192,31601,133591,-471365,0.5
1900-01-20 11:41:15,8072.5,101772,8073.0,799868,70687,347553,-276866,-698096,0.5
1900-01-20 11:41:30,8071.5,12611,8072.0,749410,2,48874,-48872,-736799,0.5
1900-01-20 11:41:45,8069.5,3211,8070.0,731627,15944,64015,-48071,-728416,0.5
1900-01-20 11:42:00,8068.0,688390,8068.5,181561,31418,51156,-19738,506829,0.5
1900-01-20 11:42:15,8068.0,277881,8068.5,543112,37635,28865,8770,-265231,0.5
1900-01-20 11:42:30,8068.0,271352,8068.5,462951,23677,96076,-72399,-191599,0.5
1900-01-20 11:42:45,8068.0,577921,8068.5,105028,37493,13749,23744,472893,0.5
1900-01-20 11:43:00,8065.0,357690,8065.5,1107874,42093,274447,-232354,-750184,0.5
1900-01-20 11:43:15,8065.0,202598,8065.5,1119110,12040,218205,-206165,-916512,0.5
1900-01-20 11:43:30,8065.0,284835,8065.5,860315,72682,44272,28410,-575480,0.5
1900-01-20 11:43:45,8063.5,12834,8064.0,957746,21364,26350,-4986,-944912,0.5
1900-01-20 11:44:00,8061.5,1000,8062.0,373810,2662,104303,-101641,-372810,0.5
1900-01-20 11:44:15,8056.5,510644,8057.0,120452,26146,131175,-105029,390192,0.5
1900-01-20 11:44:30,8062.5,1206654,8063.0,44936,318496,106514,211982,1161718,0.5
1900-01-20 11:44:45,8067.0,339248,8067.5,40675,222342,119625,102717,298573,0.5
1900-01-20 11:45:00,8064.0,19720,8065.5,8000,415742,159950,255792,11720,1.5
1900-01-20 11:45:15,8069.5,275425,8070.0,855718,56961,25826,31135,-580293,0.5
1900-01-20 11:45:30,8069.5,108654,8070.0,1320367,22085,84569,-62484,-1211713,0.5
1900-01-20 11:45:45,8069.0,5500,8069.5,1671372,49354,52285,-2931,-1665872,0.5
1900-01-20 11:46:00,8067.0,252005,8067.5,1047735,97472,48783,48689,-795730,0.5
1900-01-20 11:46:15,8067.0,113029,8067.5,1075416,175758,68510,107248,-962387,0.5
1900-01-20 11:46:30,8067.0,133260,8067.5,1135336,47133,10398,36735,-1002076,0.5
1900-01-20 11:46:45,8066.0,8504,8066.5,1174206,31037,28858,2179,-1165702,0.5
1900-01-20 11:47:00,8063.5,35175,8064.0,487777,3238,77965,-74727,-452602,0.5
1900-01-20 11:47:15,8060.0,557538,8060.5,73515,45445,73744,-28299,484023,0.5
1900-01-20 11:47:30,8064.0,270923,8064.5,410959,65246,81443,-16197,-140036,0.5
1900-01-20 11:47:45,8060.0,227273,8060.5,186559,3733,122354,-118621,40714,0.5
1900-01-20 11:48:00,8062.0,12805,8062.5,741619,1599,30349,-28750,-728814,0.5
1900-01-20 11:48:15,8060.0,8132,8060.5,1108682,2401,78472,-76071,-1100550,0.5
1900-01-20 11:48:30,8056.0,96233,8056.5,832312,7658,95383,-87725,-736079,0.5
1900-01-20 11:48:45,8036.0,41766,8036.5,1669248,63431,1238831,-1175400,-1627482,0.5
1900-01-20 11:49:00,8019.0,124031,8020.0,116911,124193,5138448,-5014255,7120,1.0
1900-01-20 11:49:15,8038.5,27630,8039.0,960447,1420334,1478337,-58003,-932817,0.5
1900-01-20 11:49:30,8035.5,4013,8038.0,8501,215449,252317,-36868,-4488,2.5
1900-01-20 11:49:45,8030.5,602,8031.0,173480,412798,166642,246156,-172878,0.5
1900-01-20 11:50:00,8026.0,362293,8026.5,59735,67159,367377,-300218,302558,0.5
1900-01-20 11:50:15,8026.0,380791,8026.5,703580,199041,228531,-29490,-322789,0.5
1900-01-20 11:50:30,8020.0,470376,8020.5,627191,47497,347639,-300142,-156815,0.5
1900-01-20 11:50:45,8025.0,764237,8025.5,44085,83367,404406,-321039,720152,0.5
1900-01-20 11:51:00,8031.5,1526326,8032.0,58241,609270,80354,528916,1468085,0.5
1900-01-20 11:51:15,8039.5,638496,8040.0,49386,552348,73666,478682,589110,0.5
1900-01-20 11:51:30,8048.0,17594,8048.5,125013,399313,111124,288189,-107419,0.5
1900-01-20 11:51:45,8039.0,208789,8039.5,25332,132749,70830,61919,183457,0.5
1900-01-20 11:52:00,8045.0,74601,8045.5,239619,188053,148069,39984,-165018,0.5
1900-01-20 11:52:15,8037.5,366446,8038.0,258884,75717,112781,-37064,107562,0.5
1900-01-20 11:52:30,8037.5,447524,8038.0,135212,44380,33379,11001,312312,0.5
1900-01-20 11:52:45,8035.0,942704,8035.5,233128,137285,39606,97679,709576,0.5
1900-01-20 11:53:00,8035.0,1230161,8035.5,631741,47073,41724,5349,598420,0.5
1900-01-20 11:53:15,8035.0,1026389,8035.5,637992,107095,192700,-85605,388397,0.5
1900-01-20 11:53:30,8030.0,50673,8030.5,763402,11164,606978,-595814,-712729,0.5
1900-01-20 11:53:45,8032.5,601005,8033.0,3841,197748,128108,69640,597164,0.5
1900-01-20 11:54:00,8034.5,1237977,8035.0,437802,194730,88278,106452,800175,0.5
1900-01-20 11:54:15,8034.5,496174,8035.0,390208,206518,19822,186696,105966,0.5
1900-01-20 11:54:30,8034.5,665806,8035.0,367888,46483,43035,3448,297918,0.5
1900-01-20 11:54:45,8025.0,174288,8025.5,1121160,82791,213685,-130894,-946872,0.5
1900-01-20 11:55:00,8023.5,10000,8024.0,367290,32552,145736,-113184,-357290,0.5
1900-01-20 11:55:15,8016.5,1708754,8017.0,22050,201183,605733,-404550,1686704,0.5
1900-01-20 11:55:30,8027.0,419818,8027.5,2443,144925,109980,34945,417375,0.5
1900-01-20 11:55:45,8027.0,357592,8027.5,361580,77927,66168,11759,-3988,0.5
1900-01-20 11:56:00,8032.5,57986,8033.0,210279,109697,47536,62161,-152293,0.5
1900-01-20 11:56:15,8032.5,1068530,8033.0,656394,45690,118904,-73214,412136,0.5
1900-01-20 11:56:30,8032.5,1155376,8033.0,372006,57326,32382,24944,783370,0.5
1900-01-20 11:56:45,8038.5,1622559,8039.0,279823,150694,39660,111034,1342736,0.5
1900-01-20 11:57:00,8039.0,1219763,8039.5,546261,141168,69864,71304,673502,0.5
1900-01-20 11:57:15,8039.5,308537,8040.0,141030,201408,32118,169290,167507,0.5
1900-01-20 11:57:30,8043.0,1294175,8043.5,83471,118828,22294,96534,1210704,0.5
1900-01-20 11:57:45,8042.5,245118,8043.0,318188,218056,123311,94745,-73070,0.5
1900-01-20 11:58:00,8042.5,54963,8043.0,343136,140478,11614,128864,-288173,0.5
1900-01-20 11:58:15,8043.0,916438,8043.5,48873,85666,50442,35224,867565,0.5
1900-01-20 11:58:30,8047.0,417700,8047.5,101142,865876,58812,807064,316558,0.5
1900-01-20 11:58:45,8047.0,272541,8047.5,238189,75015,31152,43863,34352,0.5
1900-01-20 11:59:00,8047.0,425188,8047.5,311698,39130,23141,15989,113490,0.5
1900-01-20 11:59:15,8047.0,326184,8047.5,4323699,36322,50720,-14398,-3997515,0.5
1900-01-20 11:59:30,8045.5,16144,8046.0,265604,21406,400138,-378732,-249460,0.5
1900-01-20 11:59:45,8039.5,386382,8040.0,121804,17792,291202,-273410,264578,0.5
1900-01-20 12:00:00,8042.0,23340,8046.5,4540,26729,16550,10179,18800,4.5
1900-01-20 12:00:15,8034.0,35747,8034.5,82885,44678,127537,-82859,-47138,0.5
1900-01-20 12:00:30,8039.5,519558,8040.0,542718,554481,57265,497216,-23160,0.5
1900-01-20 12:00:45,8039.5,496099,8040.0,1404197,150527,49243,101284,-908098,0.5
1900-01-20 12:01:00,8031.5,569702,8032.0,66289,37519,74889,-37370,503413,0.5
1900-01-20 12:01:15,8026.0,284073,8026.5,149037,104853,184715,-79862,135036,0.5
1900-01-20 12:01:30,8029.5,235618,8030.0,140281,474037,197072,276965,95337,0.5
1900-01-20 12:01:45,8021.0,129684,8021.5,288258,45172,1147410,-1102238,-158574,0.5
1900-01-20 12:02:00,8024.5,104355,8025.0,905915,12824,2016886,-2004062,-801560,0.5
1900-01-20 12:02:15,8021.0,389333,8021.5,78490,162945,369895,-206950,310843,0.5
1900-01-20 12:02:30,8021.0,329558,8021.5,476796,78126,325870,-247744,-147238,0.5
1900-01-20 12:02:45,8018.5,563089,8019.0,568571,72337,944860,-872523,-5482,0.5
1900-01-20 12:03:00,8016.5,12749,8017.0,51127,77053,205037,-127984,-38378,0.5
1900-01-20 12:03:15,8038.0,1958528,8038.5,210902,345714,163990,181724,1747626,0.5
1900-01-20 12:03:30,8034.0,14700,8034.5,8263,236037,98539,137498,6437,0.5
1900-01-20 12:03:45,8039.0,120917,8039.5,195694,703009,82749,620260,-74777,0.5
1900-01-20 12:04:00,8044.5,2806780,8045.0,242338,90295,12226,78069,2564442,0.5
1900-01-20 12:04:15,8044.5,552633,8045.0,301329,183058,106156,76902,251304,0.5
1900-01-20 12:04:30,8046.5,1186698,8047.0,67523,234162,12936,221226,1119175,0.5
1900-01-20 12:04:45,8052.5,130364,8053.0,64441,506458,24887,481571,65923,0.5
1900-01-20 12:05:00,8050.5,378042,8051.0,574872,90939,16701,74238,-196830,0.5
1900-01-20 12:05:15,8052.0,2108854,8052.5,369363,310691,68481,242210,1739491,0.5
1900-01-20 12:05:30,8054.5,952348,8055.0,156757,389024,49094,339930,795591,0.5
1900-01-20 12:05:45,8058.0,1705989,8058.5,172505,633286,6663,626623,1533484,0.5
1900-01-20 12:06:00,8059.5,502901,8060.0,177599,256006,66663,189343,325302,0.5
1900-01-20 12:06:15,8061.0,909380,8061.5,34156,113323,39322,74001,875224,0.5
1900-01-20 12:06:30,8066.5,53915,8067.0,371528,411327,46777,364550,-317613,0.5
1900-01-20 12:06:45,8062.5,767538,8063.0,49419,128549,151393,-22844,718119,0.5
1900-01-20 12:07:00,8062.5,96118,8063.0,424617,95515,122366,-26851,-328499,0.5
1900-01-20 12:07:15,8055.0,7975,8055.5,574501,15052,1157875,-1142823,-566526,0.5
1900-01-20 12:07:30,8046.5,503847,8047.0,360379,11624,230941,-219317,143468,0.5
1900-01-20 12:07:45,8049.5,138911,8050.0,480307,42517,34711,7806,-341396,0.5
1900-01-20 12:08:00,8046.5,794,8047.0,107724,15194,75651,-60457,-106930,0.5
1900-01-20 12:08:15,8045.5,80730,8046.0,460112,32525,52915,-20390,-379382,0.5
1900-01-20 12:08:30,8043.0,7520,8043.5,450232,34618,12149,22469,-442712,0.5
1900-01-20 12:08:45,8042.0,41851,8042.5,551107,11458,31582,-20124,-509256,0.5
1900-01-20 12:09:00,8037.5,22166,8038.0,618313,5663,174077,-168414,-596147,0.5
1900-01-20 12:09:15,8034.5,615846,8035.0,322022,213720,37795,175925,293824,0.5
1900-01-20 12:09:30,8038.0,1624996,8038.5,10694,116823,43109,73714,1614302,0.5
1900-01-20 12:09:45,8044.5,348819,8045.0,668243,40585,1760,38825,-319424,0.5
1900-01-20 12:10:00,8040.0,38790,8040.5,646267,54436,59108,-4672,-607477,0.5
1900-01-20 12:10:15,8036.5,76139,8037.0,1059040,3964,178207,-174243,-982901,0.5
1900-01-20 12:10:30,8031.0,4256,8031.5,310655,6320,266632,-260312,-306399,0.5
1900-01-20 12:10:45,8030.0,112427,8030.5,950154,11671,153556,-141885,-837727,0.5
1900-01-20 12:11:00,8037.5,462543,8038.0,3333,152524,61912,90612,459210,0.5
1900-01-20 12:11:15,8037.5,31,8038.0,394811,54412,27614,26798,-394780,0.5
1900-01-20 12:11:30,8032.0,305,8032.5,122759,23235,162285,-139050,-122454,0.5
1900-01-20 12:11:45,8026.5,219629,8027.0,260318,17870,107642,-89772,-40689,0.5
1900-01-20 12:12:00,8026.5,230336,8027.0,455181,23999,277483,-253484,-224845,0.5
1900-01-20 12:12:15,8029.0,545823,8029.5,11484,176696,40185,136511,534339,0.5
1900-01-20 12:12:30,8026.0,392549,8026.5,647003,53789,77503,-23714,-254454,0.5
1900-01-20 12:12:45,8020.5,439295,8021.0,221412,27538,257169,-229631,217883,0.5
1900-01-20 12:13:00,8023.0,284147,8023.5,492530,64736,111742,-47006,-208383,0.5
1900-01-20 12:13:15,8023.0,758234,8023.5,357750,50770,58061,-7291,400484,0.5
1900-01-20 12:13:30,8023.0,798528,8023.5,529848,30462,54252,-23790,268680,0.5
1900-01-20 12:13:45,8016.0,665274,8016.5,118182,38569,278808,-240239,547092,0.5
1900-01-20 12:14:00,8029.5,230334,8030.0,536539,282608,98395,184213,-306205,0.5
1900-01-20 12:14:15,8020.5,679260,8021.0,320100,41452,110326,-68874,359160,0.5
1900-01-20 12:14:30,8020.5,458575,8021.0,570432,56225,33006,23219,-111857,0.5
1900-01-20 12:14:45,7993.0,854,7998.5,15,34528,801449,-766921,839,5.5
1900-01-20 12:15:00,7981.0,10000,7981.5,4824,278299,3607563,-3329264,5176,0.5
1900-01-20 12:15:15,7997.5,139500,7998.0,15000,1329000,668714,660286,124500,0.5
1900-01-20 12:15:30,8007.5,69229,8008.0,103647,308279,765846,-457567,-34418,0.5
1900-01-20 12:15:45,8000.0,494712,8000.5,43155,387460,777912,-390452,451557,0.5
1900-01-20 12:16:00,8000.0,240668,8000.5,670632,100784,561348,-460564,-429964,0.5
1900-01-20 12:16:15,8000.0,379388,8000.5,811694,23365,297455,-274090,-432306,0.5
1900-01-20 12:16:30,8007.0,1372823,8007.5,9083,324139,173833,150306,1363740,0.5
1900-01-20 12:16:45,8013.5,1843498,8014.0,132647,502739,88469,414270,1710851,0.5
1900-01-20 12:17:00,8026.5,222720,8027.0,77300,562371,20005,542366,145420,0.5
1900-01-20 12:17:15,8018.5,1376496,8019.0,43030,233380,206364,27016,1333466,0.5
1900-01-20 12:17:30,8015.0,5700,8015.5,182816,240077,62730,177347,-177116,0.5
1900-01-20 12:17:45,8012.0,386029,8012.5,66941,62483,181229,-118746,319088,0.5
1900-01-20 12:18:00,8005.5,270919,8006.0,894365,30464,176683,-146219,-623446,0.5
1900-01-20 12:18:15,8007.5,25379,8008.0,389729,93438,81298,12140,-364350,0.5
1900-01-20 12:18:30,8004.5,62364,8005.0,472872,30647,176083,-145436,-410508,0.5
1900-01-20 12:18:45,8004.5,348126,8005.0,26528,91573,79493,12080,321598,0.5
1900-01-20 12:19:00,8017.0,89633,8017.5,3350,243694,66068,177626,86283,0.5
1900-01-20 12:19:15,8018.0,22037,8018.5,527549,25577,82933,-57356,-505512,0.5
1900-01-20 12:19:30,8014.0,91194,8014.5,1057745,69499,72104,-2605,-966551,0.5
1900-01-20 12:19:45,8007.5,80038,8008.0,1541629,18583,22160,-3577,-1461591,0.5
1900-01-20 12:20:00,7996.5,46567,7997.0,120575,23092,380895,-357803,-74008,0.5
1900-01-20 12:20:15,7992.0,7209,7992.5,335485,19825,309521,-289696,-328276,0.5
1900-01-20 12:20:30,7987.0,175285,7987.5,402300,40831,398141,-357310,-227015,0.5
1900-01-20 12:20:45,7975.0,382639,7975.5,13007,240453,919512,-679059,369632,0.5
1900-01-20 12:21:00,7959.5,9700,7960.0,6995,970777,1830598,-859821,2705,0.5
1900-01-20 12:21:15,7921.0,146597,7921.5,3267540,535815,5352864,-4817049,-3120943,0.5
1900-01-20 12:21:30,7852.0,102599,7885.0,5000,1513197,4089024,-2575827,97599,33.0
1900-01-20 12:21:45,7804.0,39268,7830.0,1200,762874,3758752,-2995878,38068,26.0
1900-01-20 12:22:00,7761.0,97882,7777.5,50,1128274,4108830,-2980556,97832,16.5
1900-01-20 12:22:15,7847.0,3442,7861.0,25766,12853930,1072752,11781178,-22324,14.0
1900-01-20 12:22:30,7858.5,471,7861.5,874,1831293,579886,1251407,-403,3.0
1900-01-20 12:22:45,7865.5,2596,7869.5,657661,1254895,471461,783434,-655065,4.0
1900-01-20 12:23:00,7889.5,2000,7897.0,181418,1748291,731697,1016594,-179418,7.5
1900-01-20 12:23:15,7886.0,306608,7886.5,261772,1013336,345904,667432,44836,0.5
1900-01-20 12:23:30,7900.0,1333351,7900.5,153019,1597069,869798,727271,1180332,0.5
1900-01-20 12:23:45,7906.0,741318,7906.5,118592,1332721,377882,954839,622726,0.5
1900-01-20 12:24:00,7915.5,32436,7916.0,451059,1291523,318972,972551,-418623,0.5
1900-01-20 12:24:15,7906.0,555403,7906.5,7560,412636,517879,-105243,547843,0.5
1900-01-20 12:24:30,7913.5,8870,7914.0,536308,470329,288078,182251,-527438,0.5
1900-01-20 12:24:45,7907.5,434713,7908.0,92949,306206,406075,-99869,341764,0.5
1900-01-20 12:25:00,7915.0,429427,7915.5,467693,364394,263692,100702,-38266,0.5
1900-01-20 12:25:15,7915.5,320107,7916.0,22572,607360,172158,435202,297535,0.5
1900-01-20 12:25:30,7926.5,71527,7927.0,150864,1009889,322437,687452,-79337,0.5
1900-01-20 12:25:45,7932.5,752756,7933.0,18410,645951,278816,367135,734346,0.5
1900-01-20 12:26:00,7934.0,239800,7934.5,231719,766367,120979,645388,8081,0.5
1900-01-20 12:26:15,7922.5,8949,7923.0,418010,429311,928700,-499389,-409061,0.5
1900-01-20 12:26:30,7921.0,59586,7921.5,271657,198802,610166,-411364,-212071,0.5
1900-01-20 12:26:45,7921.0,1015040,7921.5,135035,160247,241994,-81747,880005,0.5
1900-01-20 12:27:00,7924.0,213792,7924.5,514864,211289,166778,44511,-301072,0.5
1900-01-20 12:27:15,7921.5,139730,7922.0,254367,221336,284246,-62910,-114637,0.5
1900-01-20 12:27:30,7923.0,78757,7923.5,62420,128844,663007,-534163,16337,0.5
1900-01-20 12:27:45,7936.5,959502,7937.0,90483,372522,88338,284184,869019,0.5
1900-01-20 12:28:00,7943.0,2154653,7943.5,39185,476839,49045,427794,2115468,0.5
1900-01-20 12:28:15,7941.5,2263,7942.0,738893,600179,180815,419364,-736630,0.5
1900-01-20 12:28:30,7931.0,598525,7931.5,270540,57103,245670,-188567,327985,0.5
1900-01-20 12:28:45,7938.5,525757,7939.0,19365,178999,120269,58730,506392,0.5
1900-01-20 12:29:00,7936.5,3925,7937.0,301228,121577,176725,-55148,-297303,0.5
1900-01-20 12:29:15,7930.0,4838,7930.5,682734,36293,357428,-321135,-677896,0.5
1900-01-20 12:29:30,7921.5,570729,7922.0,77216,130389,151336,-20947,493513,0.5
1900-01-20 12:29:45,7930.0,199981,7930.5,418442,85431,115414,-29983,-218461,0.5
1900-01-20 12:30:00,7928.5,116603,7929.0,283265,172759,222520,-49761,-166662,0.5
1900-01-20 12:30:15,7928.0,35047,7928.5,337576,47451,110554,-63103,-302529,0.5
1900-01-20 12:30:30,7916.5,26323,7917.0,47333,195490,119456,76034,-21010,0.5
1900-01-20 12:30:45,7911.5,237632,7912.0,121575,20697,390554,-369857,116057,0.5
1900-01-20 12:31:00,7921.0,465449,7921.5,35264,228453,1195524,-967071,430185,0.5
1900-01-20 12:31:15,7923.0,142063,7923.5,368941,270928,287926,-16998,-226878,0.5
1900-01-20 12:31:30,7927.5,224776,7928.0,346863,260570,155361,105209,-122087,0.5
1900-01-20 12:31:45,7939.0,39113,7939.5,83300,156480,328834,-172354,-44187,0.5
1900-01-20 12:32:00,7937.5,24709,7938.0,103792,181380,121696,59684,-79083,0.5
1900-01-20 12:32:15,7944.5,678062,7945.0,125522,48704,478170,-429466,552540,0.5
1900-01-20 12:32:30,7945.5,273612,7946.0,115385,225904,121838,104066,158227,0.5
1900-01-20 12:32:45,7941.0,138038,7941.5,81000,217522,204046,13476,57038,0.5
1900-01-20 12:33:00,7943.0,488751,7944.0,40164,82389,42662,39727,448587,1.0
1900-01-20 12:33:15,7944.5,47141,7945.0,167369,132610,150147,-17537,-120228,0.5
1900-01-20 12:33:30,7944.5,402836,7945.0,310581,18739,96527,-77788,92255,0.5
1900-01-20 12:33:45,7958.5,452594,7959.0,118892,1103841,80210,1023631,333702,0.5
1900-01-20 12:34:00,7955.5,189448,7956.0,848888,705553,135101,570452,-659440,0.5
1900-01-20 12:34:15,7959.0,596669,7959.5,33407,326181,95086,231095,563262,0.5
1900-01-20 12:34:30,7965.5,653430,7966.0,125927,579707,62465,517242,527503,0.5
1900-01-20 12:34:45,7962.0,89437,7962.5,186249,135129,404422,-269293,-96812,0.5
1900-01-20 12:35:00,7954.5,480952,7955.0,320075,62717,292857,-230140,160877,0.5
1900-01-20 12:35:15,7951.0,517785,7951.5,50,40516,310420,-269904,517735,0.5
1900-01-20 12:35:30,7954.5,238426,7955.0,199998,322923,25669,297254,38428,0.5
1900-01-20 12:35:45,7952.0,26648,7952.5,272730,75095,119208,-44113,-246082,0.5
1900-01-20 12:36:00,7950.5,69088,7951.0,358762,15498,632127,-616629,-289674,0.5
1900-01-20 12:36:15,7947.0,15643,7947.5,138740,85543,341233,-255690,-123097,0.5
1900-01-20 12:36:30,7944.5,109357,7945.0,168406,148233,510654,-362421,-59049,0.5
1900-01-20 12:36:45,7945.0,119021,7945.5,362219,108261,122075,-13814,-243198,0.5
1900-01-20 12:37:00,7945.0,1283758,7945.5,44596,98275,110881,-12606,1239162,0.5
1900-01-20 12:37:15,7948.0,1289200,7948.5,167107,125442,11053,114389,1122093,0.5
1900-01-20 12:37:30,7948.0,21688,7948.5,1120905,121754,44197,77557,-1099217,0.5
1900-01-20 12:37:45,7945.5,799504,7946.0,382532,16151,30084,-13933,416972,0.5
1900-01-20 12:38:00,7945.5,1132033,7946.0,115646,50542,85206,-34664,1016387,0.5
1900-01-20 12:38:15,7949.5,603533,7950.0,995321,228670,26947,201723,-391788,0.5
1900-01-20 12:38:30,7956.5,192499,7957.0,346754,757567,17763,739804,-154255,0.5
1900-01-20 12:38:45,7954.0,748015,7954.5,124,68570,76835,-8265,747891,0.5
1900-01-20 12:39:00,7952.0,5065839,7952.5,130956,78808,38122,40686,4934883,0.5
1900-01-20 12:39:15,7960.0,184760,7960.5,451959,203091,102040,101051,-267199,0.5
1900-01-20 12:39:30,7961.5,694275,7962.0,57316,171337,20320,151017,636959,0.5
1900-01-20 12:39:45,7964.5,785330,7965.0,19123,122190,46973,75217,766207,0.5
1900-01-20 12:40:00,7961.5,1753,7962.0,861621,47012,119318,-72306,-859868,0.5
1900-01-20 12:40:15,7954.5,242096,7955.0,550722,76197,395377,-319180,-308626,0.5
1900-01-20 12:40:30,7952.0,91868,7952.5,538996,17573,236063,-218490,-447128,0.5
1900-01-20 12:40:45,7949.5,449804,7950.0,68262,70214,126922,-56708,381542,0.5
1900-01-20 12:41:00,7949.5,521850,7950.0,125203,126643,45342,81301,396647,0.5
1900-01-20 12:41:15,7950.5,676027,7951.0,2476,94381,71387,22994,673551,0.5
1900-01-20 12:41:30,7954.5,605763,7955.0,362081,46502,7492,39010,243682,0.5
1900-01-20 12:41:45,7955.0,703926,7955.5,8728,71608,86490,-14882,695198,0.5
1900-01-20 12:42:00,7958.5,629895,7959.0,43133,81866,152236,-70370,586762,0.5
1900-01-20 12:42:15,7962.0,403515,7962.5,407756,80347,74939,5408,-4241,0.5
1900-01-20 12:42:30,7961.5,664335,7962.0,471445,56448,33168,23280,192890,0.5
1900-01-20 12:42:45,7950.0,31470,7950.5,802129,31448,527478,-496030,-770659,0.5
1900-01-20 12:43:00,7941.5,6924,7942.0,206065,16977,99448,-82471,-199141,0.5
1900-01-20 12:43:15,7926.5,14844,7927.0,341066,69425,1430494,-1361069,-326222,0.5
1900-01-20 12:43:30,7933.5,555128,7934.0,81670,193154,367901,-174747,473458,0.5
1900-01-20 12:43:45,7946.5,339693,7947.0,406248,452155,39196,412959,-66555,0.5
1900-01-20 12:44:00,7938.5,26781,7939.0,861896,104355,204224,-99869,-835115,0.5
1900-01-20 12:44:15,7937.0,70134,7937.5,797423,9187,95217,-86030,-727289,0.5
1900-01-20 12:44:30,7927.0,480466,7927.5,47020,135417,141642,-6225,433446,0.5
1900-01-20 12:44:45,7921.0,113787,7921.5,360023,70504,492365,-421861,-246236,0.5
1900-01-20 12:45:00,7930.5,68357,7931.0,12136,118241,191448,-73207,56221,0.5
1900-01-20 12:45:15,7931.5,520640,7932.0,141958,91064,13386,77678,378682,0.5
1900-01-20 12:45:30,7934.5,435395,7935.0,152726,247419,20369,227050,282669,0.5
1900-01-20 12:45:45,7936.5,270650,7937.0,675505,72323,39069,33254,-404855,0.5
1900-01-20 12:46:00,7931.5,93506,7932.0,477551,61344,104010,-42666,-384045,0.5
1900-01-20 12:46:15,7928.5,10971,7929.0,773163,49653,1043765,-994112,-762192,0.5
1900-01-20 12:46:30,7925.5,964103,7926.0,55670,114037,95575,18462,908433,0.5
1900-01-20 12:46:45,7926.0,22861,7926.5,293,147266,699509,-552243,22568,0.5
1900-01-20 12:47:00,7928.5,281080,7929.0,324446,124431,46514,77917,-43366,0.5
1900-01-20 12:47:15,7928.5,2341095,7929.0,89775,164162,35451,128711,2251320,0.5
1900-01-20 12:47:30,7930.5,436697,7931.0,119716,236318,32130,204188,316981,0.5
1900-01-20 12:47:45,7931.0,574018,7931.5,57067,206201,9955,196246,516951,0.5
1900-01-20 12:48:00,7934.5,314338,7935.0,12791,137873,10831,127042,301547,0.5
1900-01-20 12:48:15,7943.0,597480,7943.5,317342,371207,29128,342079,280138,0.5
1900-01-20 12:48:30,7945.5,786772,7946.0,15428,206003,53597,152406,771344,0.5
1900-01-20 12:48:45,7945.0,26345,7945.5,244849,61618,208790,-147172,-218504,0.5
1900-01-20 12:49:00,7938.0,212589,7938.5,130380,19412,138958,-119546,82209,0.5
1900-01-20 12:49:15,7945.0,260146,7945.5,140576,145255,49508,95747,119570,0.5
1900-01-20 12:49:30,7944.5,746067,7945.0,10799,51002,23246,27756,735268,0.5
1900-01-20 12:49:45,7949.5,407834,7950.0,517856,454498,17980,436518,-110022,0.5
1900-01-20 12:50:00,7957.5,75834,7958.0,620,456928,73163,383765,75214,0.5
1900-01-20 12:50:15,7958.5,27816,7959.0,1055369,666169,38826,627343,-1027553,0.5
1900-01-20 12:50:30,7950.5,106265,7951.0,52,131415,171325,-39910,106213,0.5
1900-01-20 12:50:45,7950.0,13420,7950.5,228786,167485,46197,121288,-215366,0.5
1900-01-20 12:51:00,7958.5,722957,7959.0,49222,106197,59818,46379,673735,0.5
1900-01-20 12:51:15,7951.0,537132,7951.5,5044,156278,122024,34254,532088,0.5
1900-01-20 12:51:30,7959.0,748359,7959.5,6856,59308,81943,-22635,741503,0.5
1900-01-20 12:51:45,7969.0,1515715,7969.5,31052,517925,9084,508841,1484663,0.5
1900-01-20 12:52:00,7959.0,32075,7959.5,6820,473299,238179,235120,25255,0.5
1900-01-20 12:52:15,7959.0,236835,7959.5,144186,100909,294660,-193751,92649,0.5
1900-01-20 12:52:30,7959.5,682275,7960.0,36113,113512,39487,74025,646162,0.5
1900-01-20 12:52:45,7960.5,588244,7961.0,81976,67239,10992,56247,506268,0.5
1900-01-20 12:53:00,7955.0,1000,7955.5,143352,42397,183287,-140890,-142352,0.5
1900-01-20 12:53:15,7954.5,984980,7955.0,166162,45526,41232,4294,818818,0.5
1900-01-20 12:53:30,7949.5,10131,7950.0,309671,4211,304241,-300030,-299540,0.5
1900-01-20 12:53:45,7948.0,585356,7948.5,59620,51913,131900,-79987,525736,0.5
1900-01-20 12:54:00,7948.0,226874,7948.5,712111,54666,46034,8632,-485237,0.5
1900-01-20 12:54:15,7959.5,758901,7960.0,45208,214785,7788,206997,713693,0.5
1900-01-20 12:54:30,7959.5,236549,7960.0,587060,63110,113939,-50829,-350511,0.5
1900-01-20 12:54:45,7953.0,12190,7953.5,393255,135449,76136,59313,-381065,0.5
1900-01-20 12:55:00,7958.5,32147,7959.0,37640,24987,55327,-30340,-5493,0.5
1900-01-20 12:55:15,7958.5,369156,7959.0,60814,56443,88663,-32220,308342,0.5
1900-01-20 12:55:30,7958.5,403337,7959.0,344931,33975,9042,24933,58406,0.5
1900-01-20 12:55:45,7958.5,688255,7959.0,215559,58565,4920,53645,472696,0.5
1900-01-20 12:56:00,7967.5,425057,7968.0,90044,264746,6705,258041,335013,0.5
1900-01-20 12:56:15,7967.5,32170,7968.0,714172,166027,125440,40587,-682002,0.5
1900-01-20 12:56:30,7967.5,99164,7968.0,1160799,45753,8476,37277,-1061635,0.5
1900-01-20 12:56:45,7963.5,277,7964.0,118068,53024,193536,-140512,-117791,0.5
1900-01-20 12:57:00,7963.5,169536,7964.0,1157517,22598,7326,15272,-987981,0.5
1900-01-20 12:57:15,7960.0,161724,7960.5,627050,5176,216411,-211235,-465326,0.5
1900-01-20 12:57:30,7955.0,28205,7955.5,786201,54015,54091,-76,-757996,0.5
1900-01-20 12:57:45,7963.0,444311,7963.5,106243,90707,157921,-67214,338068,0.5
1900-01-20 12:58:00,7960.0,158498,7960.5,23,101307,128168,-26861,158475,0.5
1900-01-20 12:58:15,7967.5,580202,7968.0,126980,178251,74429,103822,453222,0.5
1900-01-20 12:58:30,7969.0,636557,7970.0,13534,251931,9833,242098,623023,1.0
1900-01-20 12:58:45,7968.5,66163,7969.0,348201,46690,44132,2558,-282038,0.5
1900-01-20 12:59:00,7962.5,255178,7963.0,293344,56637,232166,-175529,-38166,0.5
1900-01-20 12:59:15,7968.0,210365,7968.5,338412,45430,7630,37800,-128047,0.5
1900-01-20 12:59:30,7968.0,85778,7968.5,544447,15534,34493,-18959,-458669,0.5
1900-01-20 12:59:45,7968.0,17181,7968.5,506442,30390,62248,-31858,-489261,0.5
1900-01-20 13:00:00,7961.5,36484,7962.0,1450201,3065,90846,-87781,-1413717,0.5
1900-01-20 13:00:15,7947.0,100,7947.5,19693,103964,231988,-128024,-19593,0.5
1900-01-20 13:00:30,7944.0,6767,7944.5,33588,88538,401629,-313091,-26821,0.5
1900-01-20 13:00:45,7943.0,69078,7943.5,1020358,51951,20961,30990,-951280,0.5
1900-01-20 13:01:00,7923.5,20558,7924.0,138786,58863,451863,-393000,-118228,0.5
1900-01-20 13:01:15,7903.0,10000,7904.0,12000,107084,544790,-437706,-2000,1.0
1900-01-20 13:01:30,7907.5,54879,7908.5,224610,441573,1141441,-699868,-169731,1.0
1900-01-20 13:01:45,7909.5,1244135,7910.0,476213,662140,351166,310974,767922,0.5
1900-01-20 13:02:00,7913.5,577791,7914.0,81028,279925,279110,815,496763,0.5
1900-01-20 13:02:15,7916.5,762421,7917.0,215953,625152,22354,602798,546468,0.5
1900-01-20 13:02:30,7918.5,17385,7919.0,378331,276552,87001,189551,-360946,0.5
1900-01-20 13:02:45,7912.0,250888,7912.5,497855,86504,486183,-399679,-246967,0.5
1900-01-20 13:03:00,7907.0,180093,7907.5,316797,49268,147307,-98039,-136704,0.5
1900-01-20 13:03:15,7900.0,68757,7900.5,268778,278885,326163,-47278,-200021,0.5
1900-01-20 13:03:30,7880.0,203752,7882.0,26062,185183,1200992,-1015809,177690,2.0
1900-01-20 13:03:45,7889.5,226180,7890.0,438440,561859,411131,150728,-212260,0.5
1900-01-20 13:04:00,7883.5,6309,7884.0,838122,120418,399782,-279364,-831813,0.5
1900-01-20 13:04:15,7895.5,13200,7902.5,21292,558271,507335,50936,-8092,7.0
1900-01-20 13:04:30,7898.0,10000,7898.5,156478,500022,257858,242164,-146478,0.5
1900-01-20 13:04:45,7909.5,478798,7910.0,1058217,384980,90576,294404,-579419,0.5
1900-01-20 13:05:00,7909.0,516846,7909.5,85949,145691,185038,-39347,430897,0.5
1900-01-20 13:05:15,7907.5,1530,7908.0,260871,132903,41970,90933,-259341,0.5
1900-01-20 13:05:30,7910.5,579113,7911.0,107622,111399,183082,-71683,471491,0.5
1900-01-20 13:05:45,7910.5,480586,7911.0,151967,189627,36501,153126,328619,0.5
1900-01-20 13:06:00,7916.0,1092962,7916.5,543258,517441,243852,273589,549704,0.5
1900-01-20 13:06:15,7917.5,589206,7918.0,29471,219063,40777,178286,559735,0.5
1900-01-20 13:06:30,7915.5,98250,7916.0,187545,300149,206496,93653,-89295,0.5
1900-01-20 13:06:45,7918.0,659679,7918.5,372468,183528,68843,114685,287211,0.5
1900-01-20 13:07:00,7923.5,24750,7924.0,748,534732,25586,509146,24002,0.5
1900-01-20 13:07:15,7932.5,667810,7933.0,92404,408734,67274,341460,575406,0.5
1900-01-20 13:07:30,7932.5,595101,7933.0,593330,135875,38966,96909,1771,0.5
1900-01-20 13:07:45,7922.0,649097,7922.5,31622,50163,235600,-185437,617475,0.5
1900-01-20 13:08:00,7924.0,339978,7924.5,395216,29028,93860,-64832,-55238,0.5
1900-01-20 13:08:15,7925.5,1154674,7926.0,10390,141366,15007,126359,1144284,0.5
1900-01-20 13:08:30,7928.0,723387,7928.5,40538,167067,5487,161580,682849,0.5
1900-01-20 13:08:45,7928.5,580975,7929.0,221650,151691,24138,127553,359325,0.5
1900-01-20 13:09:00,7928.5,717057,7929.0,192018,119666,7680,111986,525039,0.5
1900-01-20 13:09:15,7924.5,5000,7925.0,538916,37053,213149,-176096,-533916,0.5
1900-01-20 13:09:30,7924.0,10000,7924.5,2940,131179,230044,-98865,7060,0.5
1900-01-20 13:09:45,7921.5,155,7922.0,348319,47301,201197,-153896,-348164,0.5
1900-01-20 13:10:00,7913.5,451925,7914.0,241182,22721,118978,-96257,210743,0.5
1900-01-20 13:10:15,7914.5,419035,7915.0,345863,99109,69635,29474,73172,0.5
1900-01-20 13:10:30,7945.5,73887,7946.0,365970,251695,234047,17648,-292083,0.5
1900-01-20 13:10:45,7954.0,977,7965.0,7500,929364,424606,504758,-6523,11.0
1900-01-20 13:11:00,7939.0,14328,7939.5,55079,277709,515453,-237744,-40751,0.5
1900-01-20 13:11:15,7963.5,480,7966.0,76241,376608,31125,345483,-75761,2.5
1900-01-20 13:11:30,7968.0,244330,7968.5,1627838,400656,196551,204105,-1383508,0.5
1900-01-20 13:11:45,7975.5,182911,7976.0,2897,398318,190157,208161,180014,0.5
1900-01-20 13:12:00,7981.0,453204,7981.5,198051,269534,32338,237196,255153,0.5
1900-01-20 13:12:15,7983.5,816680,7984.0,68575,503338,146639,356699,748105,0.5
1900-01-20 13:12:30,7983.5,207522,7984.0,921898,479059,231137,247922,-714376,0.5
1900-01-20 13:12:45,7961.0,106589,7961.5,283875,171988,956096,-784108,-177286,0.5
1900-01-20 13:13:00,7964.0,241904,7964.5,35152,62068,208137,-146069,206752,0.5
1900-01-20 13:13:15,7968.5,223064,7969.0,247815,64000,108414,-44414,-24751,0.5
1900-01-20 13:13:30,7964.5,431215,7965.0,180454,203416,174479,28937,250761,0.5
1900-01-20 13:13:45,7964.5,537468,7965.0,242681,40234,163704,-123470,294787,0.5
1900-01-20 13:14:00,7971.5,1105171,7972.0,22495,376642,4170,372472,1082676,0.5
1900-01-20 13:14:15,7982.5,389023,7983.0,542407,87115,67137,19978,-153384,0.5
1900-01-20 13:14:30,7978.0,467281,7978.5,387053,87308,89704,-2396,80228,0.5
1900-01-20 13:14:45,7968.5,89621,7969.0,32636,106320,233178,-126858,56985,0.5
1900-01-20 13:15:00,7964.5,551390,7965.0,10694,83125,33384,49741,540696,0.5
1900-01-20 13:15:15,7969.0,520705,7969.5,147810,71084,63432,7652,372895,0.5
1900-01-20 13:15:30,7973.5,538798,7974.0,16342,85995,121250,-35255,522456,0.5
1900-01-20 13:15:45,7977.5,825477,7978.0,65492,46200,6067,40133,759985,0.5
1900-01-20 13:16:00,7982.0,151492,7982.5,173787,330810,324482,6328,-22295,0.5
1900-01-20 13:16:15,7976.0,241192,7976.5,982632,202564,163822,38742,-741440,0.5
1900-01-20 13:16:30,7973.0,2,7973.5,937154,44964,229282,-184318,-937152,0.5
1900-01-20 13:16:45,7970.0,540532,7970.5,30462,123553,78110,45443,510070,0.5
1900-01-20 13:17:00,7970.0,3268156,7970.5,3088,230271,189019,41252,3265068,0.5
1900-01-20 13:17:15,7971.0,416486,7971.5,323449,51310,22663,28647,93037,0.5
1900-01-20 13:17:30,7960.0,44517,7960.5,813198,40207,156978,-116771,-768681,0.5
1900-01-20 13:17:45,7957.0,767468,7957.5,16732,64552,275798,-211246,750736,0.5
1900-01-20 13:18:00,7957.0,255688,7957.5,417800,86769,59722,27047,-162112,0.5
1900-01-20 13:18:15,7955.0,502548,7955.5,129920,83245,80099,3146,372628,0.5
1900-01-20 13:18:30,7959.0,209564,7959.5,51204,42286,92534,-50248,158360,0.5
1900-01-20 13:18:45,7965.5,616659,7966.0,31203,35759,4402,31357,585456,0.5
1900-01-20 13:19:00,7967.5,809282,7968.0,131626,55047,4057,50990,677656,0.5
1900-01-20 13:19:15,7969.5,778485,7970.0,459704,662592,6750,655842,318781,0.5
1900-01-20 13:19:30,7969.5,830496,7970.0,369877,171633,4994,166639,460619,0.5
1900-01-20 13:19:45,7965.0,37124,7965.5,186475,282549,26857,255692,-149351,0.5
1900-01-20 13:20:00,7956.0,1143450,7956.5,2727,76038,304083,-228045,1140723,0.5
1900-01-20 13:20:15,7959.5,43306,7960.0,578594,28608,66519,-37911,-535288,0.5
1900-01-20 13:20:30,7959.5,472811,7960.0,315515,4360,87368,-83008,157296,0.5
1900-01-20 13:20:45,7961.0,497824,7961.5,26467,77141,11043,66098,471357,0.5
1900-01-20 13:21:00,7965.0,3579,7965.5,546702,51093,86732,-35639,-543123,0.5
1900-01-20 13:21:15,7966.5,217032,7967.0,17655,82664,71778,10886,199377,0.5
1900-01-20 13:21:30,7966.5,108289,7967.0,477911,19329,8697,10632,-369622,0.5
1900-01-20 13:21:45,7966.5,73802,7967.0,528324,13162,8664,4498,-454522,0.5
1900-01-20 13:22:00,7958.0,2785,7959.5,28079,62419,146524,-84105,-25294,1.5
1900-01-20 13:22:15,7963.0,1252756,7963.5,206,18497,32506,-14009,1252550,0.5
1900-01-20 13:22:30,7962.0,96578,7962.5,313165,3871,12039,-8168,-216587,0.5
1900-01-20 13:22:45,7955.0,641353,7955.5,8154,8686,104500,-95814,633199,0.5
1900-01-20 13:23:00,7958.0,821051,7958.5,7845,47990,16901,31089,813206,0.5
1900-01-20 13:23:15,7959.5,794628,7960.0,180527,111308,2612,108696,614101,0.5
1900-01-20 13:23:30,7960.5,958934,7961.0,56349,49846,4476,45370,902585,0.5
1900-01-20 13:23:45,7969.5,515664,7970.0,86716,123836,5437,118399,428948,0.5
1900-01-20 13:24:00,7969.5,113384,7970.0,1073152,29822,37431,-7609,-959768,0.5
1900-01-20 13:24:15,7967.5,460103,7968.0,276097,3283,21540,-18257,184006,0.5
1900-01-20 13:24:30,7967.5,235222,7968.0,281088,72040,28482,43558,-45866,0.5
1900-01-20 13:24:45,7967.5,285627,7968.0,344751,35330,11584,23746,-59124,0.5
1900-01-20 13:25:00,7967.5,504846,7968.0,264453,4401,2598,1803,240393,0.5
1900-01-20 13:25:15,7970.5,541998,7971.0,5812,161886,35686,126200,536186,0.5
1900-01-20 13:25:30,7973.0,42641,7973.5,51909,64352,10541,53811,-9268,0.5
1900-01-20 13:25:45,7969.5,805882,7970.0,47675,27500,166505,-139005,758207,0.5
1900-01-20 13:26:00,7969.5,636759,7970.0,11447,54127,75133,-21006,625312,0.5
1900-01-20 13:26:15,7973.5,451606,7974.0,625251,65475,8141,57334,-173645,0.5
1900-01-20 13:26:30,7963.5,353159,7964.0,49392,172142,247934,-75792,303767,0.5
1900-01-20 13:26:45,7967.5,1209,7968.0,343943,34079,20215,13864,-342734,0.5
1900-01-20 13:27:00,7957.5,415422,7958.0,288574,41472,169365,-127893,126848,0.5
1900-01-20 13:27:15,7957.5,3156028,7958.0,145217,119933,96036,23897,3010811,0.5
1900-01-20 13:27:30,7964.5,560091,7965.0,32081,139490,2058,137432,528010,0.5
1900-01-20 13:27:45,7961.0,1172508,7961.5,18201,10663,28722,-18059,1154307,0.5
1900-01-20 13:28:00,7966.5,213098,7967.0,433371,36820,57806,-20986,-220273,0.5
1900-01-20 13:28:15,7966.5,3033896,7967.0,8927,5187,26900,-21713,3024969,0.5
1900-01-20 13:28:30,7966.5,3082761,7967.0,373861,22935,8851,14084,2708900,0.5
1900-01-20 13:28:45,7966.5,1023701,7967.0,323272,16307,57975,-41668,700429,0.5
1900-01-20 13:29:00,7969.5,1157345,7970.0,111585,337537,102028,235509,1045760,0.5
1900-01-20 13:29:15,7973.5,622991,7974.0,199270,86392,16508,69884,423721,0.5
1900-01-20 13:29:30,7975.5,453567,7976.0,35917,93637,6010,87627,417650,0.5
1900-01-20 13:29:45,7979.0,1066239,7979.5,43540,74609,3723,70886,1022699,0.5
1900-01-20 13:30:00,7983.5,1321406,7984.0,18340,87585,35587,51998,1303066,0.5
1900-01-20 13:30:15,7984.5,1145138,7985.0,268315,215517,23818,191699,876823,0.5
1900-01-20 13:30:30,7987.5,879051,7988.0,76646,305675,32686,272989,802405,0.5
1900-01-20 13:30:45,7989.5,49081,7990.0,143927,101399,129534,-28135,-94846,0.5
1900-01-20 13:31:00,7980.0,1613059,7980.5,83564,152468,303945,-151477,1529495,0.5
1900-01-20 13:31:15,7985.5,219792,7986.0,7935,222178,115129,107049,211857,0.5
1900-01-20 13:31:30,7982.0,121561,7982.5,182531,24489,114957,-90468,-60970,0.5
1900-01-20 13:31:45,7983.0,515450,7983.5,85838,40870,24276,16594,429612,0.5
1900-01-20 13:32:00,7981.0,75218,7981.5,347011,63135,108554,-45419,-271793,0.5
1900-01-20 13:32:15,7982.5,141827,7983.0,115417,87978,4364,83614,26410,0.5
1900-01-20 13:32:30,7977.0,492266,7977.5,30639,20772,1059869,-1039097,461627,0.5
1900-01-20 13:32:45,7975.0,381086,7975.5,90486,83558,83204,354,290600,0.5
1900-01-20 13:33:00,7982.0,469077,7982.5,95940,115859,18188,97671,373137,0.5
1900-01-20 13:33:15,7982.0,96459,7982.5,884464,23807,32432,-8625,-788005,0.5
1900-01-20 13:33:30,7982.0,516673,7982.5,564893,61483,26864,34619,-48220,0.5
1900-01-20 13:33:45,7976.0,14208,7978.0,468840,15200,127608,-112408,-454632,2.0
1900-01-20 13:34:00,7976.0,2777,7976.5,296587,74472,94021,-19549,-293810,0.5
1900-01-20 13:34:15,7971.0,28354,7971.5,472360,11920,50192,-38272,-444006,0.5
1900-01-20 13:34:30,7971.0,1128207,7971.5,122078,134405,103873,30532,1006129,0.5
1900-01-20 13:34:45,7975.5,942861,7976.0,2934,67135,9388,57747,939927,0.5
1900-01-20 13:35:00,7978.5,425455,7979.0,219525,34894,41201,-6307,205930,0.5
1900-01-20 13:35:15,7979.0,84930,7979.5,609683,44987,56675,-11688,-524753,0.5
1900-01-20 13:35:30,7977.5,793,7978.0,389045,48814,14814,34000,-388252,0.5
1900-01-20 13:35:45,7975.0,12234,7975.5,345475,986,66527,-65541,-333241,0.5
1900-01-20 13:36:00,7970.5,73900,7971.0,441694,6434,428770,-422336,-367794,0.5
1900-01-20 13:36:15,7966.5,3557,7967.0,106318,14458,109842,-95384,-102761,0.5
1900-01-20 13:36:30,7967.0,635080,7967.5,12978,62274,18077,44197,622102,0.5
1900-01-20 13:36:45,7967.0,771161,7967.5,71262,54447,44550,9897,699899,0.5
1900-01-20 13:37:00,7968.0,918357,7968.5,943,27652,23435,4217,917414,0.5
1900-01-20 13:37:15,7968.5,73767,7969.0,373814,76004,107989,-31985,-300047,0.5
1900-01-20 13:37:30,7967.0,499101,7967.5,180344,15213,44326,-29113,318757,0.5
1900-01-20 13:37:45,7967.0,96011,7967.5,392205,56071,68917,-12846,-296194,0.5
1900-01-20 13:38:00,7967.0,774945,7967.5,211929,6366,40914,-34548,563016,0.5
1900-01-20 13:38:15,7962.5,1688,7963.0,491027,7250,121710,-114460,-489339,0.5
1900-01-20 13:38:30,7960.0,172259,7960.5,607374,20147,385565,-365418,-435115,0.5
1900-01-20 13:38:45,7957.0,912428,7957.5,216284,4127,225203,-221076,696144,0.5
1900-01-20 13:39:00,7959.5,765637,7960.0,548107,127102,38021,89081,217530,0.5
1900-01-20 13:39:15,7967.0,1234999,7967.5,83105,136204,37050,99154,1151894,0.5
1900-01-20 13:39:30,7967.0,203605,7967.5,538068,76941,76301,640,-334463,0.5
1900-01-20 13:39:45,7966.5,2710,7967.0,1625093,5114,33316,-28202,-1622383,0.5
1900-01-20 13:40:00,7964.0,626559,7964.5,45680,22448,12312,10136,580879,0.5
1900-01-20 13:40:15,7964.0,520003,7964.5,35540,33235,30250,2985,484463,0.5
1900-01-20 13:40:30,7964.0,683903,7964.5,3815,32390,32941,-551,680088,0.5
1900-01-20 13:40:45,7966.5,731613,7967.0,132245,3743,30048,-26305,599368,0.5
1900-01-20 13:41:00,7967.5,886650,7968.0,50596,157740,10200,147540,836054,0.5
1900-01-20 13:41:15,7968.0,499791,7968.5,379856,370093,14908,355185,119935,0.5
1900-01-20 13:41:30,7968.0,497394,7968.5,403180,113624,43159,70465,94214,0.5
1900-01-20 13:41:45,7966.5,5927,7967.0,935053,1513,32823,-31310,-929126,0.5
1900-01-20 13:42:00,7959.5,5391,7960.0,102729,9820,146543,-136723,-97338,0.5
1900-01-20 13:42:15,7955.0,311517,7955.5,799335,4279,444235,-439956,-487818,0.5
1900-01-20 13:42:30,7941.0,145251,7941.5,510969,16390,786795,-770405,-365718,0.5
1900-01-20 13:42:45,7949.5,646782,7950.0,118376,208818,128510,80308,528406,0.5
1900-01-20 13:43:00,7951.0,199588,7951.5,714,38714,81026,-42312,198874,0.5
1900-01-20 13:43:15,7953.5,1649,7954.5,707261,149462,65485,83977,-705612,1.0
1900-01-20 13:43:30,7935.0,56939,7935.5,1000,171977,245629,-73652,55939,0.5
1900-01-20 13:43:45,7940.5,73759,7941.0,40850,95338,391715,-296377,32909,0.5
1900-01-20 13:44:00,7932.0,13612,7932.5,437217,66402,65443,959,-423605,0.5
1900-01-20 13:44:15,7936.5,45061,7937.0,91360,63898,163188,-99290,-46299,0.5
1900-01-20 13:44:30,7931.5,354303,7932.0,186432,81440,34945,46495,167871,0.5
1900-01-20 13:44:45,7942.5,12190,7943.0,812603,132354,50367,81987,-800413,0.5
1900-01-20 13:45:00,7938.0,165284,7938.5,162,119870,35387,84483,165122,0.5
1900-01-20 13:45:15,7938.5,20419,7939.0,474192,76389,65457,10932,-453773,0.5
1900-01-20 13:45:30,7938.5,498252,7939.0,58249,18878,1213,17665,440003,0.5
1900-01-20 13:45:45,7937.0,69568,7937.5,1118778,36843,20288,16555,-1049210,0.5
1900-01-20 13:46:00,7933.5,11203,7934.0,935302,19910,149117,-129207,-924099,0.5
1900-01-20 13:46:15,7931.5,5572,7932.0,1050109,7928,116756,-108828,-1044537,0.5
1900-01-20 13:46:30,7935.0,590661,7935.5,136282,120566,126353,-5787,454379,0.5
1900-01-20 13:46:45,7929.0,106887,7929.5,503391,29115,208067,-178952,-396504,0.5
1900-01-20 13:47:00,7929.0,333909,7929.5,960971,2605,51280,-48675,-627062,0.5
1900-01-20 13:47:15,7929.0,146055,7929.5,1263147,9145,174281,-165136,-1117092,0.5
1900-01-20 13:47:30,7927.5,18015,7928.0,940524,12200,89960,-77760,-922509,0.5
1900-01-20 13:47:45,7929.0,14728,7929.5,1032781,242141,41551,200590,-1018053,0.5
1900-01-20 13:48:00,7888.0,129650,7919.5,122286,80267,241710,-161443,7364,31.5
1900-01-20 13:48:15,7907.0,555570,7907.5,120113,563754,1059725,-495971,435457,0.5
1900-01-20 13:48:30,7906.5,182177,7907.0,437599,850206,226669,623537,-255422,0.5
1900-01-20 13:48:45,7899.5,691987,7900.0,84262,460469,183204,277265,607725,0.5
1900-01-20 13:49:00,7890.0,37459,7890.5,101798,773169,226003,547166,-64339,0.5
1900-01-20 13:49:15,7899.0,177335,7899.5,41600,109819,144788,-34969,135735,0.5
1900-01-20 13:49:30,7921.5,180706,7922.5,1633,630792,63660,567132,179073,1.0
1900-01-20 13:49:45,7918.0,172312,7918.5,674535,283687,187757,95930,-502223,0.5
1900-01-20 13:50:00,7922.0,202393,7922.5,397644,121008,34505,86503,-195251,0.5
1900-01-20 13:50:15,7923.5,1058318,7924.0,52961,191336,198901,-7565,1005357,0.5
1900-01-20 13:50:30,7923.0,90813,7923.5,618146,280899,195890,85009,-527333,0.5
1900-01-20 13:50:45,7923.0,162810,7923.5,649542,144985,64465,80520,-486732,0.5
1900-01-20 13:51:00,7923.0,506796,7923.5,157406,156177,101436,54741,349390,0.5
1900-01-20 13:51:15,7922.0,291894,7922.5,790199,27408,231545,-204137,-498305,0.5
1900-01-20 13:51:30,7917.5,50236,7918.0,197831,13053,426847,-413794,-147595,0.5
1900-01-20 13:51:45,7929.5,707719,7930.0,125910,218142,35559,182583,581809,0.5
1900-01-20 13:52:00,7929.5,18431,7931.5,11825,424464,48392,376072,6606,2.0
1900-01-20 13:52:15,7933.5,4515,7934.0,1204079,654942,73248,581694,-1199564,0.5
1900-01-20 13:52:30,7922.0,154435,7922.5,200553,28611,289043,-260432,-46118,0.5
1900-01-20 13:52:45,7922.5,330002,7923.0,290360,250137,1019,249118,39642,0.5
1900-01-20 13:53:00,7922.5,262787,7923.0,417875,35711,66977,-31266,-155088,0.5
1900-01-20 13:53:15,7918.0,13904,7919.0,708745,7956,180077,-172121,-694841,1.0
1900-01-20 13:53:30,7917.0,313778,7917.5,241325,92000,64199,27801,72453,0.5
1900-01-20 13:53:45,7928.0,191824,7928.5,487246,1779027,116567,1662460,-295422,0.5
1900-01-20 13:54:00,7923.0,982108,7923.5,24449,41743,43980,-2237,957659,0.5
1900-01-20 13:54:15,7926.0,650340,7926.5,31054,76651,2880,73771,619286,0.5
1900-01-20 13:54:30,7927.5,1106194,7928.0,108307,24223,34728,-10505,997887,0.5
1900-01-20 13:54:45,7926.0,246984,7926.5,658192,68855,34501,34354,-411208,0.5
1900-01-20 13:55:00,7923.0,107656,7923.5,762972,149644,187052,-37408,-655316,0.5
1900-01-20 13:55:15,7920.5,700216,7921.0,12377,146153,220280,-74127,687839,0.5
1900-01-20 13:55:30,7917.5,287848,7918.0,272445,105909,174972,-69063,15403,0.5
1900-01-20 13:55:45,7920.5,568679,7921.0,25636,780118,15864,764254,543043,0.5
1900-01-20 13:56:00,7917.0,240917,7917.5,778369,87120,139005,-51885,-537452,0.5
1900-01-20 13:56:15,7908.5,26257,7909.0,43900,46323,190906,-144583,-17643,0.5
1900-01-20 13:56:30,7908.5,90765,7909.0,138522,76684,508011,-431327,-47757,0.5
1900-01-20 13:56:45,7905.0,15463,7905.5,1249537,21787,194279,-172492,-1234074,0.5
1900-01-20 13:57:00,7855.0,391500,7873.0,722777,601693,2229087,-1627394,-331277,18.0
1900-01-20 13:57:15,7908.5,7908,7910.5,116,2200031,436363,1763668,7792,2.0
1900-01-20 13:57:30,7904.0,147109,7904.5,198711,263545,221407,42138,-51602,0.5
1900-01-20 13:57:45,7894.5,136966,7895.0,817572,504373,238598,265775,-680606,0.5
1900-01-20 13:58:00,7894.5,292270,7895.0,1972823,154591,93301,61290,-1680553,0.5
1900-01-20 13:58:15,7883.5,6186,7884.5,420455,24572,237283,-212711,-414269,1.0
1900-01-20 13:58:30,7880.0,379105,7880.5,20075,182915,321081,-138166,359030,0.5
1900-01-20 13:58:45,7894.5,962291,7895.0,10987,1047689,150670,897019,951304,0.5
1900-01-20 13:59:00,7892.0,935150,7892.5,631,533164,81864,451300,934519,0.5
1900-01-20 13:59:15,7892.5,81303,7893.0,1151,760834,67653,693181,80152,0.5
1900-01-20 13:59:30,7902.0,472435,7902.5,7392,532812,17882,514930,465043,0.5
1900-01-20 13:59:45,7895.0,448436,7895.5,142338,141052,231967,-90915,306098,0.5
1900-01-20 14:00:00,7896.0,1568301,7896.5,847,40918,11904,29014,1567454,0.5
1900-01-20 14:00:15,7894.5,33086,7903.0,10000,164009,122149,41860,23086,8.5
1900-01-20 14:00:30,7900.0,158429,7900.5,545455,325996,68633,257363,-387026,0.5
1900-01-20 14:00:45,7904.5,703219,7905.0,108359,68148,302375,-234227,594860,0.5
1900-01-20 14:01:00,7911.5,185124,7913.5,17203,469795,37929,431866,167921,2.0
1900-01-20 14:01:15,7919.5,64071,7920.0,12008,412267,31046,381221,52063,0.5
1900-01-20 14:01:30,7928.0,10869,7928.5,5998,380075,129060,251015,4871,0.5
1900-01-20 14:01:45,7925.5,453006,7926.0,454973,108141,106119,2022,-1967,0.5
1900-01-20 14:02:00,7925.5,328969,7926.0,820319,141322,133077,8245,-491350,0.5
1900-01-20 14:02:15,7922.0,552550,7922.5,291891,27012,84227,-57215,260659,0.5
1900-01-20 14:02:30,7922.0,538540,7922.5,921315,236959,162668,74291,-382775,0.5
1900-01-20 14:02:45,7922.0,399636,7922.5,723710,58935,35267,23668,-324074,0.5
1900-01-20 14:03:00,7917.5,9360,7918.0,70,55275,306352,-251077,9290,0.5
1900-01-20 14:03:15,7918.5,602026,7919.0,152112,132924,62062,70862,449914,0.5
1900-01-20 14:03:30,7922.0,869388,7922.5,22132,66759,30940,35819,847256,0.5
1900-01-20 14:03:45,7926.5,1129480,7927.0,4023,119813,87940,31873,1125457,0.5
1900-01-20 14:04:00,7929.5,1109198,7930.0,59124,105013,12424,92589,1050074,0.5
1900-01-20 14:04:15,7936.0,952409,7937.0,2516,157198,12479,144719,949893,1.0
1900-01-20 14:04:30,7927.0,15050,7927.5,425842,91146,328520,-237374,-410792,0.5
1900-01-20 14:04:45,7932.0,379451,7932.5,2609,97903,47579,50324,376842,0.5
1900-01-20 14:05:00,7934.0,21068,7934.5,649207,37728,16372,21356,-628139,0.5
1900-01-20 14:05:15,7931.0,770697,7931.5,28779,54969,185051,-130082,741918,0.5
1900-01-20 14:05:30,7933.0,194186,7933.5,481265,107537,5321,102216,-287079,0.5
1900-01-20 14:05:45,7933.0,199049,7933.5,457724,24085,93852,-69767,-258675,0.5
1900-01-20 14:06:00,7930.0,111419,7930.5,717515,50416,61797,-11381,-606096,0.5
1900-01-20 14:06:15,7928.0,303102,7928.5,354175,8220,102946,-94726,-51073,0.5
1900-01-20 14:06:30,7929.0,83366,7929.5,479381,92700,14442,78258,-396015,0.5
1900-01-20 14:06:45,7929.0,573062,7929.5,14751,20478,8933,11545,558311,0.5
1900-01-20 14:07:00,7929.0,62979,7929.5,440981,76564,25868,50696,-378002,0.5
1900-01-20 14:07:15,7922.5,254862,7923.0,70269,11463,192840,-181377,184593,0.5
1900-01-20 14:07:30,7917.0,44333,7917.5,431357,21929,218992,-197063,-387024,0.5
1900-01-20 14:07:45,7917.0,516894,7917.5,509424,77230,119752,-42522,7470,0.5
1900-01-20 14:08:00,7918.5,333874,7919.0,380890,182198,7241,174957,-47016,0.5
1900-01-20 14:08:15,7918.5,1660470,7919.0,13148,33395,21154,12241,1647322,0.5
1900-01-20 14:08:30,7923.5,655605,7924.0,25383,178260,7501,170759,630222,0.5
1900-01-20 14:08:45,7923.5,1428117,7924.0,147018,59107,43951,15156,1281099,0.5
1900-01-20 14:09:00,7923.5,1117006,7924.0,61380,106240,12050,94190,1055626,0.5
1900-01-20 14:09:15,7923.5,513031,7924.0,401261,31010,8550,22460,111770,0.5
1900-01-20 14:09:30,7923.5,286710,7924.0,381722,11081,7624,3457,-95012,0.5
1900-01-20 14:09:45,7920.0,61619,7920.5,691469,56343,53791,2552,-629850,0.5
1900-01-20 14:10:00,7915.0,402000,7915.5,540084,44742,64546,-19804,-138084,0.5
1900-01-20 14:10:15,7915.0,1270783,7915.5,20421,28538,66926,-38388,1250362,0.5
1900-01-20 14:10:30,7919.5,704866,7920.0,40432,20934,29544,-8610,664434,0.5
1900-01-20 14:10:45,7923.5,713215,7924.0,447960,29744,750,28994,265255,0.5
1900-01-20 14:11:00,7923.5,784980,7924.0,512704,20839,24056,-3217,272276,0.5
1900-01-20 14:11:15,7925.5,284007,7926.0,29949,188968,118785,70183,254058,0.5
1900-01-20 14:11:30,7929.5,266681,7930.0,335606,179062,1303,177759,-68925,0.5
1900-01-20 14:11:45,7932.5,908894,7933.0,138715,454983,4653,450330,770179,0.5
1900-01-20 14:12:00,7937.5,1056036,7938.0,33282,222642,18192,204450,1022754,0.5
1900-01-20 14:12:15,7939.5,962029,7940.0,53904,451239,25705,425534,908125,0.5
1900-01-20 14:12:30,7947.5,1354121,7948.0,22850,195752,11723,184029,1331271,0.5
1900-01-20 14:12:45,7943.5,400993,7944.0,305517,244705,153883,90822,95476,0.5
1900-01-20 14:13:00,7939.0,229543,7939.5,140149,44482,79948,-35466,89394,0.5
1900-01-20 14:13:15,7940.0,51936,7940.5,11349,50259,30358,19901,40587,0.5
1900-01-20 14:13:30,7940.0,571684,7940.5,73971,130945,55448,75497,497713,0.5
1900-01-20 14:13:45,7943.5,533979,7944.0,110305,239767,35801,203966,423674,0.5
1900-01-20 14:14:00,7943.5,996316,7944.0,165,119021,35077,83944,996151,0.5
1900-01-20 14:14:15,7947.5,11862,7948.0,899003,51533,26485,25048,-887141,0.5
1900-01-20 14:14:30,7949.5,41522,7950.0,706114,41788,26840,14948,-664592,0.5
1900-01-20 14:14:45,7941.0,89451,7941.5,793832,59679,110167,-50488,-704381,0.5
1900-01-20 14:15:00,7936.0,620791,7936.5,63347,31193,187812,-156619,557444,0.5
1900-01-20 14:15:15,7941.5,20161,7942.0,325045,44159,44572,-413,-304884,0.5
1900-01-20 14:15:30,7945.0,261520,7945.5,52576,29036,17379,11657,208944,0.5
1900-01-20 14:15:45,7953.5,367170,7954.0,398875,96838,19649,77189,-31705,0.5
1900-01-20 14:16:00,7947.0,300199,7947.5,406380,35474,355515,-320041,-106181,0.5
1900-01-20 14:16:15,7947.0,642618,7947.5,182190,51378,56378,-5000,460428,0.5
1900-01-20 14:16:30,7947.0,181205,7947.5,690736,23497,8976,14521,-509531,0.5
1900-01-20 14:16:45,7947.0,696604,7947.5,1584715,27100,42270,-15170,-888111,0.5
1900-01-20 14:17:00,7940.0,112648,7943.0,437549,24428,73599,-49171,-324901,3.0
1900-01-20 14:17:15,7938.0,165692,7938.5,680420,18847,58731,-39884,-514728,0.5
1900-01-20 14:17:30,7938.0,628382,7938.5,243588,54605,8981,45624,384794,0.5
1900-01-20 14:17:45,7938.0,582710,7938.5,217925,16881,3828,13053,364785,0.5
1900-01-20 14:18:00,7939.5,572123,7940.0,1357882,26472,109001,-82529,-785759,0.5
1900-01-20 14:18:15,7939.5,721870,7940.0,1450684,21452,800,20652,-728814,0.5
1900-01-20 14:18:30,7936.0,3874,7936.5,1288936,47836,133714,-85878,-1285062,0.5
1900-01-20 14:18:45,7934.0,1039016,7934.5,20256,15398,86795,-71397,1018760,0.5
1900-01-20 14:19:00,7937.0,204995,7937.5,473632,160639,27085,133554,-268637,0.5
1900-01-20 14:19:15,7937.0,68236,7937.5,1124662,13853,168647,-154794,-1056426,0.5
1900-01-20 14:19:30,7939.5,811911,7940.0,898329,366566,8423,358143,-86418,0.5
1900-01-20 14:19:45,7939.5,1510519,7940.0,78990,699891,9217,690674,1431529,0.5
1900-01-20 14:20:00,7944.0,510454,7944.5,673838,88631,2532,86099,-163384,0.5
1900-01-20 14:20:15,7944.5,778814,7945.0,31897,88635,4225,84410,746917,0.5
1900-01-20 14:20:30,7944.5,226981,7945.0,603928,20167,9591,10576,-376947,0.5
1900-01-20 14:20:45,7944.5,1247369,7945.0,89758,63701,5999,57702,1157611,0.5
1900-01-20 14:21:00,7944.5,819400,7945.0,131018,30136,1145,28991,688382,0.5
1900-01-20 14:21:15,7944.5,389781,7945.0,678647,29760,20910,8850,-288866,0.5
1900-01-20 14:21:30,7940.0,66554,7940.5,817905,12834,179372,-166538,-751351,0.5
1900-01-20 14:21:45,7939.5,976675,7940.0,122374,110579,42719,67860,854301,0.5
1900-01-20 14:22:00,7939.5,1148449,7940.0,170071,187119,18881,168238,978378,0.5
1900-01-20 14:22:15,7940.0,950841,7940.5,3270,49740,16373,33367,947571,0.5
1900-01-20 14:22:30,7943.0,757958,7943.5,186487,8842,600,8242,571471,0.5
1900-01-20 14:22:45,7944.0,1010284,7944.5,773621,97146,2161,94985,236663,0.5
1900-01-20 14:23:00,7944.0,909838,7944.5,670623,143409,13406,130003,239215,0.5
1900-01-20 14:23:15,7944.0,883410,7944.5,619477,8339,6961,1378,263933,0.5
1900-01-20 14:23:30,7944.0,1099102,7944.5,494205,22343,102,22241,604897,0.5
1900-01-20 14:23:45,7944.0,1055456,7944.5,549858,9343,1602,7741,505598,0.5
1900-01-20 14:24:00,7944.0,1482686,7944.5,160760,27925,16540,11385,1321926,0.5
1900-01-20 14:24:15,7946.0,932383,7946.5,63914,53451,20458,32993,868469,0.5
1900-01-20 14:24:30,7946.5,179341,7947.0,773673,89292,2023,87269,-594332,0.5
1900-01-20 14:24:45,7946.5,134084,7947.0,875583,74273,22394,51879,-741499,0.5
1900-01-20 14:25:00,7946.5,88642,7947.0,946901,1915,10900,-8985,-858259,0.5
1900-01-20 14:25:15,7946.5,124117,7947.0,568781,89343,32688,56655,-444664,0.5
1900-01-20 14:25:30,7946.5,1143315,7947.0,705353,180171,612,179559,437962,0.5
1900-01-20 14:25:45,7946.5,333227,7947.0,985672,14389,3642,10747,-652445,0.5
1900-01-20 14:26:00,7946.5,448032,7947.0,1024217,18046,3349,14697,-576185,0.5
1900-01-20 14:26:15,7946.5,1038924,7947.0,736744,8412,44004,-35592,302180,0.5
1900-01-20 14:26:30,7946.5,1183563,7947.0,752393,7424,2485,4939,431170,0.5
1900-01-20 14:26:45,7946.5,1943546,7947.0,561471,127299,1000,126299,1382075,0.5
1900-01-20 14:27:00,7948.5,2000032,7949.0,70489,318147,27000,291147,1929543,0.5
1900-01-20 14:27:15,7951.5,1657205,7952.0,34834,194835,2369,192466,1622371,0.5
1900-01-20 14:27:30,7954.0,1152285,7954.5,35825,121454,3950,117504,1116460,0.5
1900-01-20 14:27:45,7951.0,1578,7951.5,735965,61088,143344,-82256,-734387,0.5
1900-01-20 14:28:00,7948.0,143232,7948.5,674396,86311,115689,-29378,-531164,0.5
1900-01-20 14:28:15,7947.5,9457,7948.0,691397,11332,69841,-58509,-681940,0.5
1900-01-20 14:28:30,7945.5,520,7946.0,724943,28500,35805,-7305,-724423,0.5
1900-01-20 14:28:45,7945.0,26532,7945.5,1014503,7349,40635,-33286,-987971,0.5
1900-01-20 14:29:00,7934.0,94576,7934.5,53210,17631,732767,-715136,41366,0.5
1900-01-20 14:29:15,7934.0,945656,7934.5,299065,96997,64303,32694,646591,0.5
1900-01-20 14:29:30,7937.5,481108,7938.0,70910,29951,21318,8633,410198,0.5
1900-01-20 14:29:45,7935.0,472258,7935.5,199875,10568,70131,-59563,272383,0.5
1900-01-20 14:30:00,7935.0,801053,7935.5,242731,48818,7391,41427,558322,0.5
1900-01-20 14:30:15,7935.0,1113487,7935.5,6223,117492,3613,113879,1107264,0.5
1900-01-20 14:30:30,7935.5,1181148,7936.0,34129,10623,33568,-22945,1147019,0.5
1900-01-20 14:30:45,7936.5,607439,7937.0,155794,24576,8466,16110,451645,0.5
1900-01-20 14:31:00,7936.5,145157,7937.0,493703,68555,28637,39918,-348546,0.5
1900-01-20 14:31:15,7935.5,1743,7936.0,82071,94813,67289,27524,-80328,0.5
1900-01-20 14:31:30,7935.0,79980,7935.5,615086,4162,24825,-20663,-535106,0.5
1900-01-20 14:31:45,7935.0,102938,7935.5,569459,19845,10700,9145,-466521,0.5
1900-01-20 14:32:00,7935.0,1315744,7935.5,288429,5061,23525,-18464,1027315,0.5
1900-01-20 14:32:15,7935.0,1689566,7935.5,47778,51646,4358,47288,1641788,0.5
1900-01-20 14:32:30,7941.5,437024,7942.0,39264,84557,900,83657,397760,0.5
1900-01-20 14:32:45,7943.0,317546,7943.5,351549,29500,6050,23450,-34003,0.5
1900-01-20 14:33:00,7943.0,963397,7943.5,90750,28500,5124,23376,872647,0.5
1900-01-20 14:33:15,7943.0,978477,7943.5,45847,17754,115,17639,932630,0.5
1900-01-20 14:33:30,7943.0,924173,7943.5,24021,18407,2016,16391,900152,0.5
1900-01-20 14:33:45,7943.0,434648,7943.5,228696,5563,100055,-94492,205952,0.5
1900-01-20 14:34:00,7942.0,31,7942.5,597034,67316,55820,11496,-597003,0.5
1900-01-20 14:34:15,7936.0,446043,7936.5,112958,21823,53406,-31583,333085,0.5
1900-01-20 14:34:30,7935.0,179524,7935.5,440287,2082,52877,-50795,-260763,0.5
1900-01-20 14:34:45,7935.0,65559,7935.5,1237144,1751,158555,-156804,-1171585,0.5
1900-01-20 14:35:00,7933.0,80082,7933.5,961244,3982,145898,-141916,-881162,0.5
1900-01-20 14:35:15,7929.5,266591,7930.0,807747,5407,342468,-337061,-541156,0.5
1900-01-20 14:35:30,7929.5,89271,7930.0,1061429,9016,149604,-140588,-972158,0.5
1900-01-20 14:35:45,7924.5,1175889,7925.0,91842,33786,177594,-143808,1084047,0.5
1900-01-20 14:36:00,7925.5,125431,7926.0,456904,81150,142352,-61202,-331473,0.5
1900-01-20 14:36:15,7924.0,2963,7924.5,1001050,39913,119950,-80037,-998087,0.5
1900-01-20 14:36:30,7920.0,442349,7920.5,599044,20450,177242,-156792,-156695,0.5
1900-01-20 14:36:45,7920.0,1193898,7920.5,31239,98640,257886,-159246,1162659,0.5
1900-01-20 14:37:00,7923.5,26673,7924.0,1249217,29344,89500,-60156,-1222544,0.5
1900-01-20 14:37:15,7922.5,21931,7923.0,1165794,6299,24752,-18453,-1143863,0.5
1900-01-20 14:37:30,7919.5,16634,7920.0,855263,13399,51837,-38438,-838629,0.5
1900-01-20 14:37:45,7917.5,21020,7918.0,825187,20631,167697,-147066,-804167,0.5
1900-01-20 14:38:00,7916.0,546687,7916.5,319838,13554,266784,-253230,226849,0.5
1900-01-20 14:38:15,7919.5,181867,7920.0,917384,72941,198969,-126028,-735517,0.5
1900-01-20 14:38:30,7917.0,462630,7917.5,183544,5900,74470,-68570,279086,0.5
1900-01-20 14:38:45,7920.5,503848,7921.0,66844,65615,2500,63115,437004,0.5
1900-01-20 14:39:00,7922.0,624534,7922.5,28241,65155,39564,25591,596293,0.5
1900-01-20 14:39:15,7926.5,890662,7927.0,7972,118908,2500,116408,882690,0.5
1900-01-20 14:39:30,7923.5,181876,7924.0,427790,60016,90036,-30020,-245914,0.5
1900-01-20 14:39:45,7920.5,30831,7921.0,438994,14417,163901,-149484,-408163,0.5
1900-01-20 14:40:00,7915.5,38782,7916.0,462899,9160,106955,-97795,-424117,0.5
1900-01-20 14:40:15,7914.5,1467634,7915.0,47828,47700,218376,-170676,1419806,0.5
1900-01-20 14:40:30,7915.0,1209956,7915.5,28903,383263,47339,335924,1181053,0.5
1900-01-20 14:40:45,7920.5,767444,7921.0,76997,180217,1931,178286,690447,0.5
1900-01-20 14:41:00,7927.5,2115829,7928.0,2325,54921,2112,52809,2113504,0.5
1900-01-20 14:41:15,7932.5,74516,7933.0,1262600,307743,23465,284278,-1188084,0.5
1900-01-20 14:41:30,7930.0,152863,7930.5,1152191,13221,118387,-105166,-999328,0.5
1900-01-20 14:41:45,7928.5,5158,7929.0,1165090,3793,71485,-67692,-1159932,0.5
1900-01-20 14:42:00,7925.0,59776,7925.5,531822,3041,14459,-11418,-472046,0.5
1900-01-20 14:42:15,7921.0,1194881,7921.5,31945,10997,47385,-36388,1162936,0.5
1900-01-20 14:42:30,7924.0,910157,7924.5,27174,65878,2332,63546,882983,0.5
1900-01-20 14:42:45,7926.0,1214217,7926.5,6428,53783,7316,46467,1207789,0.5
1900-01-20 14:43:00,7929.5,638247,7930.0,31216,41720,29679,12041,607031,0.5
1900-01-20 14:43:15,7931.5,244079,7932.0,320724,120193,3294,116899,-76645,0.5
1900-01-20 14:43:30,7931.5,114550,7932.0,446961,12100,38241,-26141,-332411,0.5
1900-01-20 14:43:45,7931.5,111069,7932.0,350026,178077,9031,169046,-238957,0.5
1900-01-20 14:44:00,7931.5,209276,7932.0,622829,31992,15,31977,-413553,0.5
1900-01-20 14:44:15,7932.5,1330691,7933.0,207415,359809,15,359794,1123276,0.5
1900-01-20 14:44:30,7937.5,1156801,7938.0,63660,226796,1158,225638,1093141,0.5
1900-01-20 14:44:45,7942.0,855272,7942.5,59578,143903,4755,139148,795694,0.5
1900-01-20 14:45:00,7942.0,919882,7942.5,95499,74566,25297,49269,824383,0.5
1900-01-20 14:45:15,7942.0,271804,7942.5,262009,42671,2737,39934,9795,0.5
1900-01-20 14:45:30,7942.0,147511,7942.5,411196,59560,27351,32209,-263685,0.5
1900-01-20 14:45:45,7938.0,55362,7938.5,634552,11800,58544,-46744,-579190,0.5
1900-01-20 14:46:00,7938.0,168146,7938.5,1077138,3958,43396,-39438,-908992,0.5
1900-01-20 14:46:15,7935.0,742304,7935.5,269327,10988,35573,-24585,472977,0.5
1900-01-20 14:46:30,7937.5,544898,7938.0,111159,108964,10014,98950,433739,0.5
1900-01-20 14:46:45,7940.5,913769,7941.0,68592,106450,6000,100450,845177,0.5
1900-01-20 14:47:00,7940.5,356805,7941.0,291941,14191,7387,6804,64864,0.5
1900-01-20 14:47:15,7940.5,250529,7941.0,527081,18591,15355,3236,-276552,0.5
1900-01-20 14:47:30,7940.5,340243,7941.0,462383,17450,2811,14639,-122140,0.5
1900-01-20 14:47:45,7940.5,320003,7941.0,584611,25100,5183,19917,-264608,0.5
1900-01-20 14:48:00,7940.5,178297,7941.0,635071,5550,37336,-31786,-456774,0.5
1900-01-20 14:48:15,7940.5,322732,7941.0,663666,23001,17786,5215,-340934,0.5
1900-01-20 14:48:30,7937.5,590878,7938.0,239258,17015,123006,-105991,351620,0.5
1900-01-20 14:48:45,7937.5,848632,7938.0,348904,8166,98752,-90586,499728,0.5
1900-01-20 14:49:00,7937.5,523515,7938.0,457409,1758,52481,-50723,66106,0.5
1900-01-20 14:49:15,7937.5,467766,7938.0,862068,5215,13268,-8053,-394302,0.5
1900-01-20 14:49:30,7936.0,67764,7936.5,656344,1070,833948,-832878,-588580,0.5
1900-01-20 14:49:45,7935.0,250992,7935.5,578078,11,129794,-129783,-327086,0.5
1900-01-20 14:50:00,7935.0,848550,7935.5,333187,8832,25491,-16659,515363,0.5
1900-01-20 14:50:15,7939.0,347301,7939.5,206341,100740,6900,93840,140960,0.5
1900-01-20 14:50:30,7940.5,712411,7941.0,106047,71715,13628,58087,606364,0.5
1900-01-20 14:50:45,7942.0,610254,7942.5,145820,78486,9919,68567,464434,0.5
1900-01-20 14:51:00,7942.0,128387,7942.5,443016,26522,49564,-23042,-314629,0.5
1900-01-20 14:51:15,7942.0,417790,7942.5,743134,1943,49564,-47621,-325344,0.5
1900-01-20 14:51:30,7942.0,838485,7942.5,272304,2500,2601,-101,566181,0.5
1900-01-20 14:51:45,7949.5,1192082,7950.0,492073,152690,7060,145630,700009,0.5
1900-01-20 14:52:00,7952.0,1087220,7952.5,275638,370859,22537,348322,811582,0.5
1900-01-20 14:52:15,7957.5,11011,7958.0,366027,254540,107270,147270,-355016,0.5
1900-01-20 14:52:30,7949.5,163069,7950.0,443148,60124,261889,-201765,-280079,0.5
1900-01-20 14:52:45,7949.0,58609,7949.5,1080459,11275,54015,-42740,-1021850,0.5
1900-01-20 14:53:00,7949.0,362267,7949.5,594953,11068,93921,-82853,-232686,0.5
1900-01-20 14:53:15,7949.0,451296,7949.5,258313,33484,8155,25329,192983,0.5
1900-01-20 14:53:30,7952.0,277033,7952.5,96527,87511,20408,67103,180506,0.5
1900-01-20 14:53:45,7956.5,123135,7957.0,499848,78462,27666,50796,-376713,0.5
1900-01-20 14:54:00,7957.0,537106,7957.5,94637,39820,12625,27195,442469,0.5
1900-01-20 14:54:15,7957.0,75009,7957.5,522953,116361,53461,62900,-447944,0.5
1900-01-20 14:54:30,7942.5,468097,7943.0,120041,16606,745654,-729048,348056,0.5
1900-01-20 14:54:45,7942.5,834383,7943.0,633340,77891,15944,61947,201043,0.5
1900-01-20 14:55:00,7942.5,873612,7943.0,577669,38210,17851,20359,295943,0.5
1900-01-20 14:55:15,7946.0,139803,7946.5,361961,70778,51305,19473,-222158,0.5
1900-01-20 14:55:30,7946.0,1063597,7946.5,167291,22659,19337,3322,896306,0.5
1900-01-20 14:55:45,7948.5,862812,7949.0,104558,168192,40222,127970,758254,0.5
1900-01-20 14:56:00,7953.0,335884,7953.5,269571,56661,7047,49614,66313,0.5
1900-01-20 14:56:15,7951.0,2922,7951.5,218993,91657,11383,80274,-216071,0.5
1900-01-20 14:56:30,7949.5,549054,7950.0,109759,8740,101397,-92657,439295,0.5
1900-01-20 14:56:45,7949.5,505176,7950.0,123030,7320,23,7297,382146,0.5
1900-01-20 14:57:00,7954.5,340772,7955.0,118451,71554,43663,27891,222321,0.5
1900-01-20 14:57:15,7954.5,468810,7955.0,196242,106326,4356,101970,272568,0.5
1900-01-20 14:57:30,7958.0,780565,7958.5,32632,78676,21237,57439,747933,0.5
1900-01-20 14:57:45,7958.5,580308,7959.0,120871,114117,12023,102094,459437,0.5
1900-01-20 14:58:00,7961.0,317573,7961.5,17398,99535,21522,78013,300175,0.5
1900-01-20 14:58:15,7958.5,38043,7959.0,471676,82279,146403,-64124,-433633,0.5
1900-01-20 14:58:30,7958.5,1675,7959.0,524066,17359,110359,-93000,-522391,0.5
1900-01-20 14:58:45,7960.0,38992,7960.5,478171,75704,42010,33694,-439179,0.5
1900-01-20 14:59:00,7960.0,605048,7960.5,69870,90601,59481,31120,535178,0.5
1900-01-20 14:59:15,7961.0,676921,7961.5,36773,79133,5526,73607,640148,0.5
1900-01-20 14:59:30,7964.5,367879,7965.0,65200,199149,6197,192952,302679,0.5
1900-01-20 14:59:45,7968.5,1414811,7969.0,78525,220651,3645,217006,1336286,0.5
1900-01-20 15:00:00,7969.5,125232,7970.0,103439,115907,7013,108894,21793,0.5
1900-01-20 15:00:15,7971.0,373642,7971.5,348762,239993,82232,157761,24880,0.5
1900-01-20 15:00:30,7970.0,385854,7970.5,285619,115316,73083,42233,100235,0.5
1900-01-20 15:00:45,7967.0,452836,7967.5,222815,34694,133493,-98799,230021,0.5
1900-01-20 15:01:00,7967.0,545872,7967.5,289596,12393,26140,-13747,256276,0.5
1900-01-20 15:01:15,7967.0,863323,7967.5,246380,17315,243547,-226232,616943,0.5
1900-01-20 15:01:30,7967.5,1422967,7968.0,5300,82876,57999,24877,1417667,0.5
1900-01-20 15:01:45,7975.5,359639,7976.0,251127,348445,21962,326483,108512,0.5
1900-01-20 15:02:00,7970.5,535185,7971.0,133692,306385,196051,110334,401493,0.5
1900-01-20 15:02:15,7972.0,260478,7972.5,28669,32429,40074,-7645,231809,0.5
1900-01-20 15:02:30,7972.0,17259,7972.5,378818,5401,36851,-31450,-361559,0.5
1900-01-20 15:02:45,7970.5,62181,7971.0,270433,119980,58412,61568,-208252,0.5
1900-01-20 15:03:00,7969.5,94805,7970.0,668862,4213,253416,-249203,-574057,0.5
1900-01-20 15:03:15,7967.0,603945,7967.5,42450,13504,61526,-48022,561495,0.5
1900-01-20 15:03:30,7967.0,61552,7967.5,325057,13004,24341,-11337,-263505,0.5
1900-01-20 15:03:45,7963.5,442973,7964.0,93957,29983,52969,-22986,349016,0.5
1900-01-20 15:04:00,7956.5,73348,7957.0,137500,2060,203761,-201701,-64152,0.5
1900-01-20 15:04:15,7954.5,190,7955.0,856815,8730,207985,-199255,-856625,0.5
1900-01-20 15:04:30,7951.5,168027,7952.0,703821,33708,120136,-86428,-535794,0.5
1900-01-20 15:04:45,7954.0,366369,7954.5,105125,163751,245627,-81876,261244,0.5
1900-01-20 15:05:00,7954.0,551530,7954.5,41035,47355,59595,-12240,510495,0.5
1900-01-20 15:05:15,7955.5,834922,7956.0,71410,63518,75,63443,763512,0.5
1900-01-20 15:05:30,7956.0,1058589,7956.5,75104,62033,5200,56833,983485,0.5
1900-01-20 15:05:45,7958.0,1062098,7958.5,2856,58112,3501,54611,1059242,0.5
1900-01-20 15:06:00,7958.0,57341,7958.5,181768,9740,19330,-9590,-124427,0.5
1900-01-20 15:06:15,7955.0,77668,7955.5,164876,24797,41865,-17068,-87208,0.5
1900-01-20 15:06:30,7951.5,1152809,7952.0,117024,5829,60664,-54835,1035785,0.5
1900-01-20 15:06:45,7955.5,178678,7956.0,449801,44589,129361,-84772,-271123,0.5
1900-01-20 15:07:00,7953.5,80489,7954.0,318924,4868,44635,-39767,-238435,0.5
1900-01-20 15:07:15,7952.5,537119,7953.0,76085,8482,5677,2805,461034,0.5
1900-01-20 15:07:30,7952.5,51481,7953.0,243359,21204,64790,-43586,-191878,0.5
1900-01-20 15:07:45,7950.0,36035,7950.5,476926,12260,91577,-79317,-440891,0.5
1900-01-20 15:08:00,7943.0,11824,7943.5,333091,7256,193507,-186251,-321267,0.5
1900-01-20 15:08:15,7941.5,907134,7942.0,260556,58379,92035,-33656,646578,0.5
1900-01-20 15:08:30,7941.5,1368523,7942.0,105539,75150,18843,56307,1262984,0.5
1900-01-20 15:08:45,7946.0,1516865,7946.5,22263,244651,9037,235614,1494602,0.5
1900-01-20 15:09:00,7947.0,617428,7947.5,121609,169066,1118,167948,495819,0.5
1900-01-20 15:09:15,7947.0,137602,7947.5,177582,33654,28331,5323,-39980,0.5
1900-01-20 15:09:30,7943.0,48804,7943.5,193383,28501,57117,-28616,-144579,0.5
1900-01-20 15:09:45,7943.0,506749,7943.5,159898,9308,33150,-23842,346851,0.5
1900-01-20 15:10:00,7943.0,238122,7943.5,212302,46996,7012,39984,25820,0.5
1900-01-20 15:10:15,7943.0,96088,7943.5,840635,2407,51974,-49567,-744547,0.5
1900-01-20 15:10:30,7943.0,410461,7943.5,354084,14260,77371,-63111,56377,0.5
1900-01-20 15:10:45,7943.0,1525321,7943.5,184429,58283,3404,54879,1340892,0.5
1900-01-20 15:11:00,7947.0,897620,7947.5,35852,132971,3484,129487,861768,0.5
1900-01-20 15:11:15,7952.0,1066639,7952.5,7480,290780,2872,287908,1059159,0.5
1900-01-20 15:11:30,7954.5,163294,7955.0,1234079,84853,34663,50190,-1070785,0.5
1900-01-20 15:11:45,7954.5,9223,7955.0,1406953,54569,34340,20229,-1397730,0.5
1900-01-20 15:12:00,7950.0,14217,7950.5,1348999,18129,105784,-87655,-1334782,0.5
1900-01-20 15:12:15,7943.0,16931,7943.5,69671,27139,165307,-138168,-52740,0.5
1900-01-20 15:12:30,7943.0,1194991,7943.5,120293,46997,110994,-63997,1074698,0.5
1900-01-20 15:12:45,7945.5,143679,7946.0,209389,58131,52215,5916,-65710,0.5
1900-01-20 15:13:00,7945.5,700621,7946.0,163507,30763,12180,18583,537114,0.5
1900-01-20 15:13:15,7945.5,525367,7946.0,163263,10070,135524,-125454,362104,0.5
1900-01-20 15:13:30,7945.5,344127,7946.0,134740,45470,2610,42860,209387,0.5
1900-01-20 15:13:45,7945.5,519177,7946.0,91416,3150,3329,-179,427761,0.5
1900-01-20 15:14:00,7945.5,961874,7946.0,79599,21786,784,21002,882275,0.5
1900-01-20 15:14:15,7945.5,431064,7946.0,201632,4008,48374,-44366,229432,0.5
1900-01-20 15:14:30,7945.5,394828,7946.0,393319,4570,8497,-3927,1509,0.5
1900-01-20 15:14:45,7945.5,133485,7946.0,478026,2345,4859,-2514,-344541,0.5
1900-01-20 15:15:00,7945.5,474158,7946.0,189711,100968,5169,95799,284447,0.5
1900-01-20 15:15:15,7945.5,176561,7946.0,439757,9856,12847,-2991,-263196,0.5
1900-01-20 15:15:30,7943.0,104478,7943.5,351485,6254,95840,-89586,-247007,0.5
1900-01-20 15:15:45,7943.0,55717,7943.5,478555,796,30044,-29248,-422838,0.5
1900-01-20 15:16:00,7936.0,154762,7936.5,462203,11393,373802,-362409,-307441,0.5
1900-01-20 15:16:15,7936.0,730758,7936.5,146569,66572,19698,46874,584189,0.5
1900-01-20 15:16:30,7937.0,710617,7937.5,266704,50045,4491,45554,443913,0.5
1900-01-20 15:16:45,7937.5,58176,7938.0,1023969,29755,8267,21488,-965793,0.5
1900-01-20 15:17:00,7935.0,421361,7935.5,469743,88906,606483,-517577,-48382,0.5
1900-01-20 15:17:15,7934.0,53938,7934.5,1119332,58934,210789,-151855,-1065394,0.5
1900-01-20 15:17:30,7930.5,420815,7931.0,299219,21547,145831,-124284,121596,0.5
1900-01-20 15:17:45,7930.5,6323,7931.0,733762,9465,114681,-105216,-727439,0.5
1900-01-20 15:18:00,7930.0,95184,7930.5,665835,7356,114957,-107601,-570651,0.5
1900-01-20 15:18:15,7930.0,459330,7930.5,315070,119365,40981,78384,144260,0.5
1900-01-20 15:18:30,7932.5,1119001,7933.0,38741,117168,77952,39216,1080260,0.5
1900-01-20 15:18:45,7934.0,1011053,7934.5,58,76862,5327,71535,1010995,0.5
1900-01-20 15:19:00,7935.5,219886,7936.0,610410,58474,9502,48972,-390524,0.5
1900-01-20 15:19:15,7935.5,185002,7936.0,413519,58135,16424,41711,-228517,0.5
1900-01-20 15:19:30,7934.0,101447,7934.5,279998,9249,26457,-17208,-178551,0.5
1900-01-20 15:19:45,7933.0,568034,7933.5,157252,7669,70042,-62373,410782,0.5
1900-01-20 15:20:00,7933.0,359828,7933.5,440087,6054,13576,-7522,-80259,0.5
1900-01-20 15:20:15,7932.5,58909,7933.0,567917,10507,73002,-62495,-509008,0.5
1900-01-20 15:20:30,7930.5,33442,7931.0,522310,10507,24718,-14211,-488868,0.5
1900-01-20 15:20:45,7930.5,14447,7931.0,703889,1127,18557,-17430,-689442,0.5
1900-01-20 15:21:00,7930.5,38766,7931.0,801998,664,15591,-14927,-763232,0.5
1900-01-20 15:21:15,7929.5,24759,7930.0,803640,13655,72904,-59249,-778881,0.5
1900-01-20 15:21:30,7929.0,85191,7929.5,584814,3204,83939,-80735,-499623,0.5
1900-01-20 15:21:45,7928.5,6586,7929.0,497859,8979,56887,-47908,-491273,0.5
1900-01-20 15:22:00,7928.0,332811,7928.5,302675,18440,19530,-1090,30136,0.5
1900-01-20 15:22:15,7929.0,606515,7929.5,142548,47204,4006,43198,463967,0.5
1900-01-20 15:22:30,7936.5,826265,7937.0,21301,99957,45796,54161,804964,0.5
1900-01-20 15:22:45,7940.5,1614784,7941.0,9929,78348,11515,66833,1604855,0.5
1900-01-20 15:23:00,7942.5,4169,7943.0,825139,50536,47526,3010,-820970,0.5
1900-01-20 15:23:15,7934.5,516837,7935.0,209458,11533,31421,-19888,307379,0.5
1900-01-20 15:23:30,7934.5,1097571,7935.0,43633,134435,8000,126435,1053938,0.5
1900-01-20 15:23:45,7938.0,840767,7938.5,296,28034,6070,21964,840471,0.5
1900-01-20 15:24:00,7940.0,733122,7940.5,104131,35071,4733,30338,628991,0.5
1900-01-20 15:24:15,7940.0,152711,7940.5,1089559,31432,640,30792,-936848,0.5
1900-01-20 15:24:30,7938.0,10068,7938.5,614850,41043,21999,19044,-604782,0.5
1900-01-20 15:24:45,7936.0,96738,7936.5,479507,7997,10912,-2915,-382769,0.5
1900-01-20 15:25:00,7936.5,768870,7937.0,17311,4056,15781,-11725,751559,0.5
1900-01-20 15:25:15,7939.5,172214,7940.0,137338,61119,15375,45744,34876,0.5
1900-01-20 15:25:30,7939.5,190572,7940.0,346851,8052,5861,2191,-156279,0.5
1900-01-20 15:25:45,7939.5,172892,7940.0,517675,385,30701,-30316,-344783,0.5
1900-01-20 15:26:00,7942.5,143195,7943.0,1278217,15049,15817,-768,-1135022,0.5
1900-01-20 15:26:15,7942.5,107978,7943.0,1214011,94470,37794,56676,-1106033,0.5
1900-01-20 15:26:30,7940.0,7597,7940.5,945949,11015,48325,-37310,-938352,0.5
1900-01-20 15:26:45,7940.0,43769,7940.5,831041,15,598,-583,-787272,0.5
1900-01-20 15:27:00,7940.0,26537,7940.5,961971,1743,13732,-11989,-935434,0.5
1900-01-20 15:27:15,7940.0,726651,7940.5,745277,121,11497,-11376,-18626,0.5
1900-01-20 15:27:30,7940.0,638772,7940.5,666186,63056,350,62706,-27414,0.5
1900-01-20 15:27:45,7939.5,12821,7940.0,1435979,4560,58844,-54284,-1423158,0.5
1900-01-20 15:28:00,7938.5,6872,7939.0,1133593,684,25996,-25312,-1126721,0.5
1900-01-20 15:28:15,7928.5,113660,7929.0,8659,10803,219320,-208517,105001,0.5
1900-01-20 15:28:30,7928.0,1084699,7928.5,193848,34242,126213,-91971,890851,0.5
1900-01-20 15:28:45,7928.0,1218933,7928.5,41391,115979,33548,82431,1177542,0.5
1900-01-20 15:29:00,7928.5,1037505,7929.0,2731,123460,27861,95599,1034774,0.5
1900-01-20 15:29:15,7932.5,723610,7933.0,69209,71329,1452,69877,654401,0.5
1900-01-20 15:29:30,7936.0,317712,7936.5,487397,38400,360,38040,-169685,0.5
1900-01-20 15:29:45,7937.0,878085,7937.5,185,21595,51241,-29646,877900,0.5
1900-01-20 15:30:00,7939.5,761591,7940.0,44126,79901,55870,24031,717465,0.5
1900-01-20 15:30:15,7940.5,1369361,7941.0,81290,54407,906,53501,1288071,0.5
1900-01-20 15:30:30,7941.0,1588890,7941.5,20445,65248,11250,53998,1568445,0.5
1900-01-20 15:30:45,7943.0,1571704,7943.5,4901,139051,1064,137987,1566803,0.5
1900-01-20 15:31:00,7947.0,1336702,7947.5,33210,67334,10506,56828,1303492,0.5
1900-01-20 15:31:15,7948.5,503997,7949.0,403037,114417,10707,103710,100960,0.5
1900-01-20 15:31:30,7948.5,133732,7949.0,714018,46151,50468,-4317,-580286,0.5
1900-01-20 15:31:45,7945.0,164544,7945.5,1018995,64,191653,-191589,-854451,0.5
1900-01-20 15:32:00,7945.0,92947,7945.5,989611,2424,62877,-60453,-896664,0.5
1900-01-20 15:32:15,7945.0,501485,7945.5,362277,10155,84639,-74484,139208,0.5
1900-01-20 15:32:30,7945.5,907373,7946.0,114470,162254,2540,159714,792903,0.5
1900-01-20 15:32:45,7949.5,569940,7950.0,672423,127983,27058,100925,-102483,0.5
1900-01-20 15:33:00,7949.5,502277,7950.0,587515,51893,27058,24835,-85238,0.5
1900-01-20 15:33:15,7955.5,527602,7956.0,352853,163672,10909,152763,174749,0.5
1900-01-20 15:33:30,7955.5,338914,7956.0,562144,26109,32671,-6562,-223230,0.5
1900-01-20 15:33:45,7955.5,266984,7956.0,540704,22868,13280,9588,-273720,0.5
1900-01-20 15:34:00,7955.5,388051,7956.0,417122,20132,93642,-73510,-29071,0.5
1900-01-20 15:34:15,7955.5,412850,7956.0,389000,26720,1694,25026,23850,0.5
1900-01-20 15:34:30,7955.5,371641,7956.0,791658,26618,12500,14118,-420017,0.5
1900-01-20 15:34:45,7955.5,38086,7956.0,1258647,10140,61623,-51483,-1220561,0.5
1900-01-20 15:35:00,7948.5,49216,7949.0,794976,22262,201809,-179547,-745760,0.5
1900-01-20 15:35:15,7948.0,194993,7948.5,647838,11885,64241,-52356,-452845,0.5
1900-01-20 15:35:30,7948.0,1174265,7948.5,111845,22420,58430,-36010,1062420,0.5
1900-01-20 15:35:45,7954.0,2326874,7954.5,416,32254,7774,24480,2326458,0.5
1900-01-20 15:36:00,7955.0,505464,7955.5,622489,57927,7542,50385,-117025,0.5
1900-01-20 15:36:15,7955.0,469872,7955.5,691069,9996,21300,-11304,-221197,0.5
1900-01-20 15:36:30,7955.0,827613,7955.5,223554,7667,36987,-29320,604059,0.5
1900-01-20 15:36:45,7955.0,457139,7955.5,574976,61823,2650,59173,-117837,0.5
1900-01-20 15:37:00,7955.0,337961,7955.5,614134,7879,10112,-2233,-276173,0.5
1900-01-20 15:37:15,7955.0,665742,7955.5,408985,16260,13841,2419,256757,0.5
1900-01-20 15:37:30,7955.5,687539,7956.0,147100,14575,10138,4437,540439,0.5
1900-01-20 15:37:45,7955.5,370428,7956.0,838258,10272,13200,-2928,-467830,0.5
1900-01-20 15:38:00,7955.5,164467,7956.0,1220351,14011,6170,7841,-1055884,0.5
1900-01-20 15:38:15,7948.0,7138,7948.5,718751,2900,269104,-266204,-711613,0.5
1900-01-20 15:38:30,7944.5,827242,7945.0,409532,3431,187428,-183997,417710,0.5
1900-01-20 15:38:45,7944.5,1147078,7945.0,116170,10431,13270,-2839,1030908,0.5
1900-01-20 15:39:00,7944.5,940324,7945.0,272196,20886,9376,11510,668128,0.5
1900-01-20 15:39:15,7944.5,274499,7945.0,440715,5453,10100,-4647,-166216,0.5
1900-01-20 15:39:30,7944.5,37128,7945.0,643282,201,24641,-24440,-606154,0.5
1900-01-20 15:39:45,7944.5,59484,7945.0,792716,15751,8301,7450,-733232,0.5
1900-01-20 15:40:00,7943.0,8814,7943.5,1173542,23052,38650,-15598,-1164728,0.5
1900-01-20 15:40:15,7930.0,105555,7935.5,530060,74,447665,-447591,-424505,5.5
1900-01-20 15:40:30,7928.0,664392,7928.5,22025,26595,421489,-394894,642367,0.5
1900-01-20 15:40:45,7934.5,109969,7935.0,783308,216792,24006,192786,-673339,0.5
1900-01-20 15:41:00,7934.0,749427,7934.5,391393,45063,7847,37216,358034,0.5
1900-01-20 15:41:15,7930.0,230,7930.5,511832,92756,46044,46712,-511602,0.5
1900-01-20 15:41:30,7930.0,76937,7930.5,681616,97740,46719,51021,-604679,0.5
1900-01-20 15:41:45,7926.5,34453,7927.0,743384,13805,192150,-178345,-708931,0.5
1900-01-20 15:42:00,7926.5,200433,7927.0,614961,17262,72217,-54955,-414528,0.5
1900-01-20 15:42:15,7926.5,165361,7927.0,674430,18776,80922,-62146,-509069,0.5
1900-01-20 15:42:30,7926.5,1087971,7927.0,575002,62576,3182,59394,512969,0.5
1900-01-20 15:42:45,7926.5,1657284,7927.0,178194,175774,30938,144836,1479090,0.5
1900-01-20 15:43:00,7927.0,1050401,7927.5,132865,192477,55656,136821,917536,0.5
1900-01-20 15:43:15,7930.0,801846,7930.5,297032,56495,2241,54254,504814,0.5
1900-01-20 15:43:30,7930.0,739640,7930.5,363966,45602,12656,32946,375674,0.5
1900-01-20 15:43:45,7930.0,894120,7930.5,345382,7051,178068,-171017,548738,0.5
1900-01-20 15:44:00,7930.0,1122976,7930.5,385792,23636,14361,9275,737184,0.5
1900-01-20 15:44:15,7930.5,1227532,7931.0,93473,25964,23149,2815,1134059,0.5
1900-01-20 15:44:30,7930.5,1068778,7931.0,101011,26725,2796,23929,967767,0.5
1900-01-20 15:44:45,7930.5,924907,7931.0,278166,13204,3130,10074,646741,0.5
1900-01-20 15:45:00,7934.0,1192871,7934.5,321389,68293,4774,63519,871482,0.5
1900-01-20 15:45:15,7936.5,1038985,7937.0,154298,131871,2657,129214,884687,0.5
1900-01-20 15:45:30,7938.0,1534939,7938.5,28852,124039,6005,118034,1506087,0.5
1900-01-20 15:45:45,7940.0,1473833,7940.5,57459,45190,2158,43032,1416374,0.5
1900-01-20 15:46:00,7947.5,368960,7948.0,315848,105063,12383,92680,53112,0.5
1900-01-20 15:46:15,7945.5,119291,7946.0,557237,76714,207759,-131045,-437946,0.5
1900-01-20 15:46:30,7944.0,576590,7944.5,171547,1000,182561,-181561,405043,0.5
1900-01-20 15:46:45,7944.0,707391,7944.5,170437,23946,26081,-2135,536954,0.5
1900-01-20 15:47:00,7945.0,610561,7945.5,43957,88722,29276,59446,566604,0.5
1900-01-20 15:47:15,7949.5,383248,7950.0,908291,100303,12230,88073,-525043,0.5
1900-01-20 15:47:30,7949.5,516923,7950.0,807102,8852,11525,-2673,-290179,0.5
1900-01-20 15:47:45,7949.5,789171,7950.0,682615,10001,30651,-20650,106556,0.5
1900-01-20 15:48:00,7949.5,1073155,7950.0,95410,97061,9331,87730,977745,0.5
1900-01-20 15:48:15,7949.5,352280,7950.0,531594,172103,22091,150012,-179314,0.5
1900-01-20 15:48:30,7949.5,401958,7950.0,591505,9400,16251,-6851,-189547,0.5
1900-01-20 15:48:45,7950.5,1101157,7951.0,10217,87876,64895,22981,1090940,0.5
1900-01-20 15:49:00,7952.5,982554,7953.0,40838,76960,255,76705,941716,0.5
1900-01-20 15:49:15,7960.0,2377819,7960.5,3633,199601,31660,167941,2374186,0.5
1900-01-20 15:49:30,7962.5,1149657,7963.0,268417,250317,17397,232920,881240,0.5
1900-01-20 15:49:45,7962.5,559078,7963.0,609007,41317,13400,27917,-49929,0.5
1900-01-20 15:50:00,7964.5,518664,7965.0,244090,293574,274430,19144,274574,0.5
1900-01-20 15:50:15,7964.5,836450,7965.0,201108,154399,39703,114696,635342,0.5
1900-01-20 15:50:30,7964.5,592924,7965.0,149074,21268,129698,-108430,443850,0.5
1900-01-20 15:50:45,7965.5,1240738,7966.0,23677,36170,124774,-88604,1217061,0.5
1900-01-20 15:51:00,7967.0,1577419,7967.5,99487,21198,99215,-78017,1477932,0.5
1900-01-20 15:51:15,7969.0,2500116,7969.5,9756,235844,10306,225538,2490360,0.5
1900-01-20 15:51:30,7981.5,18318,7982.0,314626,1198749,18236,1180513,-296308,0.5
1900-01-20 15:51:45,7984.0,632165,7984.5,410583,659514,236354,423160,221582,0.5
1900-01-20 15:52:00,7982.0,80480,7982.5,23326,231026,708755,-477729,57154,0.5
1900-01-20 15:52:15,7978.5,762195,7979.0,388450,67266,251212,-183946,373745,0.5
1900-01-20 15:52:30,7978.5,1477356,7979.0,10208,12889,163159,-150270,1467148,0.5
1900-01-20 15:52:45,7982.5,986607,7983.0,306847,118954,63100,55854,679760,0.5
1900-01-20 15:53:00,7984.0,624813,7984.5,46623,103993,13645,90348,578190,0.5
1900-01-20 15:53:15,7984.5,1774089,7985.0,1625637,556334,31504,524830,148452,0.5
1900-01-20 15:53:30,7988.5,231864,7989.0,191772,1794167,40966,1753201,40092,0.5
1900-01-20 15:53:45,7993.5,1,7994.0,92627,1162879,93312,1069567,-92626,0.5
1900-01-20 15:54:00,7992.0,718741,7992.5,493907,197888,256101,-58213,224834,0.5
1900-01-20 15:54:15,7992.0,339515,7992.5,240326,87291,60597,26694,99189,0.5
1900-01-20 15:54:30,7992.0,2338516,7992.5,229925,125984,319227,-193243,2108591,0.5
1900-01-20 15:54:45,7996.5,261369,7997.0,270667,155201,28889,126312,-9298,0.5
1900-01-20 15:55:00,7996.5,1206658,7997.0,117746,139512,147101,-7589,1088912,0.5
1900-01-20 15:55:15,7998.0,839101,7998.5,167326,194854,25724,169130,671775,0.5
1900-01-20 15:55:30,8004.5,341579,8005.0,61846,2764012,36899,2727113,279733,0.5
1900-01-20 15:55:45,8013.5,20000,8015.0,86494,1258472,39634,1218838,-66494,1.5
1900-01-20 15:56:00,8005.0,91010,8005.5,822831,633433,145716,487717,-731821,0.5
1900-01-20 15:56:15,8000.0,622744,8000.5,317467,52939,312763,-259824,305277,0.5
1900-01-20 15:56:30,8002.0,312641,8002.5,9605,129903,316794,-186891,303036,0.5
1900-01-20 15:56:45,7998.5,49611,7999.0,1007973,79079,212449,-133370,-958362,0.5
1900-01-20 15:57:00,7996.0,336121,7996.5,6909,91257,302554,-211297,329212,0.5
1900-01-20 15:57:15,7993.5,152508,7994.0,727055,59714,128078,-68364,-574547,0.5
1900-01-20 15:57:30,7993.5,599554,7994.0,918861,62899,85065,-22166,-319307,0.5
1900-01-20 15:57:45,7993.5,192904,7994.0,1068748,54390,212023,-157633,-875844,0.5
1900-01-20 15:58:00,7998.0,18650,7999.0,18453,167244,104454,62790,197,1.0
1900-01-20 15:58:15,8001.5,1042060,8002.0,26221,1185614,66738,1118876,1015839,0.5
1900-01-20 15:58:30,7996.0,17975,7996.5,558361,116240,179586,-63346,-540386,0.5
1900-01-20 15:58:45,8000.5,62000,8001.0,23113,74309,45439,28870,38887,0.5
1900-01-20 15:59:00,7995.5,12033,7996.0,1726147,38260,119262,-81002,-1714114,0.5
1900-01-20 15:59:15,7995.0,565606,7995.5,324739,14510,81486,-66976,240867,0.5
1900-01-20 15:59:30,7995.0,227619,7995.5,583335,22773,30810,-8037,-355716,0.5
1900-01-20 15:59:45,7995.0,1186376,7995.5,95152,62723,24814,37909,1091224,0.5
1900-01-20 16:00:00,7996.5,521247,7997.0,154235,95303,4237,91066,367012,0.5
1900-01-20 16:00:15,7993.0,47817,7993.5,1268249,150819,477388,-326569,-1220432,0.5
1900-01-20 16:00:30,7990.0,93716,7990.5,1097253,64851,188557,-123706,-1003537,0.5
1900-01-20 16:00:45,7989.5,11860,7990.0,120833,58073,169355,-111282,-108973,0.5
1900-01-20 16:01:00,7976.5,56081,7977.0,1575109,37326,565205,-527879,-1519028,0.5
1900-01-20 16:01:15,7982.5,64136,7983.0,32334,189733,218219,-28486,31802,0.5
1900-01-20 16:01:30,7977.0,535302,7977.5,33865,37788,110509,-72721,501437,0.5
1900-01-20 16:01:45,7983.0,621666,7983.5,355625,61753,53800,7953,266041,0.5
1900-01-20 16:02:00,7985.5,823598,7986.0,29949,118851,29422,89429,793649,0.5
1900-01-20 16:02:15,7986.5,650518,7987.0,904813,226830,103736,123094,-254295,0.5
1900-01-20 16:02:30,7985.5,12304,7986.0,857317,30495,203390,-172895,-845013,0.5
1900-01-20 16:02:45,7975.5,547532,7976.0,163528,21450,286079,-264629,384004,0.5
1900-01-20 16:03:00,7978.5,823938,7979.0,58748,121907,7166,114741,765190,0.5
1900-01-20 16:03:15,7982.0,640588,7982.5,153811,48539,31415,17124,486777,0.5
1900-01-20 16:03:30,7984.0,525540,7984.5,512004,278675,6939,271736,13536,0.5
1900-01-20 16:03:45,7984.0,471132,7984.5,534122,24936,10111,14825,-62990,0.5
1900-01-20 16:04:00,7984.0,122223,7984.5,1341066,21475,85876,-64401,-1218843,0.5
1900-01-20 16:04:15,7979.0,481697,7979.5,435086,14850,244426,-229576,46611,0.5
1900-01-20 16:04:30,7979.0,316274,7979.5,495960,12632,103999,-91367,-179686,0.5
1900-01-20 16:04:45,7980.5,523179,7981.0,8859,109271,18400,90871,514320,0.5
1900-01-20 16:05:00,7987.0,84990,7987.5,29638,214930,8154,206776,55352,0.5
1900-01-20 16:05:15,7979.0,290399,7979.5,1496845,58530,23284,35246,-1206446,0.5
1900-01-20 16:05:30,7979.0,652835,7979.5,1162541,17588,25291,-7703,-509706,0.5
1900-01-20 16:05:45,7977.0,170848,7977.5,562052,299523,27056,272467,-391204,0.5
1900-01-20 16:06:00,7977.0,53763,7977.5,1449188,9452,176623,-167171,-1395425,0.5
1900-01-20 16:06:15,7971.0,191986,7971.5,823790,21579,46681,-25102,-631804,0.5
1900-01-20 16:06:30,7962.0,208418,7962.5,71895,25930,624036,-598106,136523,0.5
1900-01-20 16:06:45,7965.5,427640,7966.0,241204,78120,157281,-79161,186436,0.5
1900-01-20 16:07:00,7967.5,391939,7968.0,164258,185619,15691,169928,227681,0.5
1900-01-20 16:07:15,7970.0,346447,7970.5,554841,107414,2902,104512,-208394,0.5
1900-01-20 16:07:30,7970.0,287332,7970.5,745099,94986,127109,-32123,-457767,0.5
1900-01-20 16:07:45,7970.0,270121,7970.5,675994,7800,83855,-76055,-405873,0.5
1900-01-20 16:08:00,7970.0,118548,7970.5,608409,29226,47527,-18301,-489861,0.5
1900-01-20 16:08:15,7970.0,361819,7970.5,733836,25243,16174,9069,-372017,0.5
1900-01-20 16:08:30,7972.0,573971,7972.5,29087,84303,47818,36485,544884,0.5
1900-01-20 16:08:45,7973.5,225148,7974.0,294962,112515,9946,102569,-69814,0.5
1900-01-20 16:09:00,7973.5,657790,7974.0,330443,53964,1921,52043,327347,0.5
1900-01-20 16:09:15,7973.5,662422,7974.0,303971,27435,5701,21734,358451,0.5
1900-01-20 16:09:30,7973.5,814336,7974.0,308076,29664,11800,17864,506260,0.5
1900-01-20 16:09:45,7973.5,1132341,7974.0,150959,134520,1547,132973,981382,0.5
1900-01-20 16:10:00,7976.0,939094,7976.5,5052,148907,214,148693,934042,0.5
1900-01-20 16:10:15,7976.5,599532,7977.0,834771,196057,10569,185488,-235239,0.5
1900-01-20 16:10:30,7976.5,880095,7977.0,642877,197543,29431,168112,237218,0.5
1900-01-20 16:10:45,7976.5,1025393,7977.0,478455,167111,29431,137680,546938,0.5
1900-01-20 16:11:00,7977.0,643583,7978.5,50662,422624,2096,420528,592921,1.5
1900-01-20 16:11:15,7978.5,1135741,7979.0,413644,176590,2091,174499,722097,0.5
1900-01-20 16:11:30,7981.5,1400080,7982.0,547430,322644,6840,315804,852650,0.5
1900-01-20 16:11:45,7977.5,91993,7978.0,1216813,74105,105656,-31551,-1124820,0.5
1900-01-20 16:12:00,7977.5,190082,7978.0,1784859,80965,71937,9028,-1594777,0.5
1900-01-20 16:12:15,7977.5,216916,7978.0,2034181,4994,100020,-95026,-1817265,0.5
1900-01-20 16:12:30,7977.0,83230,7977.5,1663805,20425,60286,-39861,-1580575,0.5
1900-01-20 16:12:45,7976.0,181768,7976.5,867265,23420,59657,-36237,-685497,0.5
1900-01-20 16:13:00,7970.0,112258,7970.5,905368,3668,160564,-156896,-793110,0.5
1900-01-20 16:13:15,7970.0,57448,7970.5,991868,1135,89215,-88080,-934420,0.5
1900-01-20 16:13:30,7970.0,512028,7970.5,682907,47963,20420,27543,-170879,0.5
1900-01-20 16:13:45,7970.0,766862,7970.5,825846,12724,34286,-21562,-58984,0.5
1900-01-20 16:14:00,7970.0,679538,7970.5,823983,2410,105920,-103510,-144445,0.5
1900-01-20 16:14:15,7970.0,48250,7970.5,829840,6500,38145,-31645,-781590,0.5
1900-01-20 16:14:30,7970.0,96732,7970.5,1195169,9904,135568,-125664,-1098437,0.5
1900-01-20 16:14:45,7967.5,104914,7968.0,1375904,1920,105472,-103552,-1270990,0.5
1900-01-20 16:15:00,7961.0,6753,7961.5,1670137,20285,183227,-162942,-1663384,0.5
1900-01-20 16:15:15,7943.0,5203,7943.5,20037,27502,633736,-606234,-14834,0.5
1900-01-20 16:15:30,7942.0,556777,7942.5,63106,116307,286531,-170224,493671,0.5
1900-01-20 16:15:45,7944.5,287990,7945.0,478390,359667,102659,257008,-190400,0.5
1900-01-20 16:16:00,7944.5,633170,7945.0,562102,124174,17177,106997,71068,0.5
1900-01-20 16:16:15,7947.5,595762,7948.0,115977,239610,13267,226343,479785,0.5
1900-01-20 16:16:30,7945.0,9249,7945.5,563131,125282,37011,88271,-553882,0.5
1900-01-20 16:16:45,7943.5,154707,7944.0,1102421,51321,138886,-87565,-947714,0.5
1900-01-20 16:17:00,7941.0,7476,7941.5,1157571,5340,296633,-291293,-1150095,0.5
1900-01-20 16:17:15,7936.5,423616,7937.0,506420,22490,660287,-637797,-82804,0.5
1900-01-20 16:17:30,7944.5,377483,7945.0,701256,180384,38318,142066,-323773,0.5
1900-01-20 16:17:45,7944.5,379540,7945.0,203976,133541,11045,122496,175564,0.5
1900-01-20 16:18:00,7945.0,450172,7945.5,143807,37800,12436,25364,306365,0.5
1900-01-20 16:18:15,7948.0,280970,7948.5,89307,144063,80066,63997,191663,0.5
1900-01-20 16:18:30,7948.5,299359,7949.0,12267,123703,15612,108091,287092,0.5
1900-01-20 16:18:45,7947.5,45560,7948.0,1390999,84510,34455,50055,-1345439,0.5
1900-01-20 16:19:00,7947.5,361012,7948.0,427783,9170,24691,-15521,-66771,0.5
1900-01-20 16:19:15,7945.5,26678,7946.0,110956,51148,48445,2703,-84278,0.5
1900-01-20 16:19:30,7945.5,343179,7946.0,535430,9075,10345,-1270,-192251,0.5
1900-01-20 16:19:45,7945.5,734323,7946.0,273136,103779,27200,76579,461187,0.5
1900-01-20 16:20:00,7945.5,624195,7946.0,936439,92678,240,92438,-312244,0.5
1900-01-20 16:20:15,7945.5,444871,7946.0,863296,23299,2773,20526,-418425,0.5
1900-01-20 16:20:30,7945.5,743541,7946.0,448907,111711,2993,108718,294634,0.5
1900-01-20 16:20:45,7945.5,812924,7946.0,739200,86712,13784,72928,73724,0.5
1900-01-20 16:21:00,7945.5,547781,7946.0,893039,34344,82397,-48053,-345258,0.5
1900-01-20 16:21:15,7945.5,679019,7946.0,513398,111828,9466,102362,165621,0.5
1900-01-20 16:21:30,7942.5,2100,7943.0,296244,10801,213978,-203177,-294144,0.5
1900-01-20 16:21:45,7916.0,6627,7916.5,63880,8091,767229,-759138,-57253,0.5
1900-01-20 16:22:00,7912.5,170282,7913.0,116797,199297,958873,-759576,53485,0.5
1900-01-20 16:22:15,7919.0,376170,7919.5,1187102,328935,177915,151020,-810932,0.5
1900-01-20 16:22:30,7914.0,73960,7914.5,1237791,143595,256791,-113196,-1163831,0.5
1900-01-20 16:22:45,7913.0,21277,7913.5,1247834,101750,132959,-31209,-1226557,0.5
1900-01-20 16:23:00,7912.0,509374,7912.5,1666783,42060,512388,-470328,-1157409,0.5
1900-01-20 16:23:15,7890.0,861007,7890.5,995242,77592,1332001,-1254409,-134235,0.5
1900-01-20 16:23:30,7896.0,428598,7896.5,3116,198289,935963,-737674,425482,0.5
1900-01-20 16:23:45,7903.5,214360,7904.0,509911,160462,101107,59355,-295551,0.5
1900-01-20 16:24:00,7907.0,819311,7907.5,161822,295911,73834,222077,657489,0.5
1900-01-20 16:24:15,7912.5,86784,7913.0,975251,650488,97985,552503,-888467,0.5
1900-01-20 16:24:30,7914.5,552250,7915.0,105829,83623,70611,13012,446421,0.5
1900-01-20 16:24:45,7914.5,470215,7915.0,221672,203498,20262,183236,248543,0.5
1900-01-20 16:25:00,7914.5,16217,7915.0,859303,201267,31681,169586,-843086,0.5
1900-01-20 16:25:15,7909.5,299580,7910.0,334368,89464,201106,-111642,-34788,0.5
1900-01-20 16:25:30,7909.0,206938,7909.5,1217462,37027,207326,-170299,-1010524,0.5
1900-01-20 16:25:45,7908.5,988660,7909.0,143026,42274,112593,-70319,845634,0.5
1900-01-20 16:26:00,7914.5,1290670,7915.0,36253,182836,12435,170401,1254417,0.5
1900-01-20 16:26:15,7922.0,506340,7922.5,350776,266732,10830,255902,155564,0.5
1900-01-20 16:26:30,7922.5,366203,7923.0,67132,207802,1551,206251,299071,0.5
1900-01-20 16:26:45,7923.0,536899,7923.5,607786,177787,8628,169159,-70887,0.5
1900-01-20 16:27:00,7923.0,578334,7923.5,212923,75489,33113,42376,365411,0.5
1900-01-20 16:27:15,7923.0,721310,7923.5,1270093,21380,106464,-85084,-548783,0.5
1900-01-20 16:27:30,7923.0,646225,7923.5,1132801,131182,92012,39170,-486576,0.5
1900-01-20 16:27:45,7923.0,554309,7923.5,1202985,15648,127504,-111856,-648676,0.5
1900-01-20 16:28:00,7923.0,356192,7923.5,1350747,41698,181253,-139555,-994555,0.5
1900-01-20 16:28:15,7922.0,20896,7922.5,852043,7872,222945,-215073,-831147,0.5
1900-01-20 16:28:30,7922.0,322360,7922.5,482688,5948,44687,-38739,-160328,0.5
1900-01-20 16:28:45,7924.5,1043062,7925.0,195776,160638,22628,138010,847286,0.5
1900-01-20 16:29:00,7925.5,1287217,7926.0,194483,318907,5602,313305,1092734,0.5
1900-01-20 16:29:15,7928.5,616960,7929.0,175866,151247,9708,141539,441094,0.5
1900-01-20 16:29:30,7928.5,628056,7929.0,360013,76901,1745,75156,268043,0.5
1900-01-20 16:29:45,7928.5,271606,7929.0,883099,203264,5213,198051,-611493,0.5
1900-01-20 16:30:00,7928.5,143368,7929.0,1131535,46113,33714,12399,-988167,0.5
1900-01-20 16:30:15,7926.0,10940,7926.5,519655,14579,178866,-164287,-508715,0.5
1900-01-20 16:30:30,7921.0,258598,7921.5,670584,50,66363,-66313,-411986,0.5
1900-01-20 16:30:45,7913.0,22379,7913.5,87653,2748,139051,-136303,-65274,0.5
1900-01-20 16:31:00,7913.5,734333,7914.0,247111,28724,74775,-46051,487222,0.5
1900-01-20 16:31:15,7913.5,55683,7914.0,1333527,27599,27257,342,-1277844,0.5
1900-01-20 16:31:30,7906.0,26945,7906.5,2515597,16268,167623,-151355,-2488652,0.5
1900-01-20 16:31:45,7906.0,34026,7906.5,5004,283701,185263,98438,29022,0.5
1900-01-20 16:32:00,7915.0,5724,7915.5,42501,51481,73320,-21839,-36777,0.5
1900-01-20 16:32:15,7911.5,703058,7912.0,163150,78012,89604,-11592,539908,0.5
1900-01-20 16:32:30,7913.0,411308,7913.5,147813,26192,120921,-94729,263495,0.5
1900-01-20 16:32:45,7913.0,1009102,7913.5,14136,117729,19477,98252,994966,0.5
1900-01-20 16:33:00,7917.0,499122,7917.5,282573,95435,19832,75603,216549,0.5
1900-01-20 16:33:15,7917.5,839694,7918.0,337341,79618,18555,61063,502353,0.5
1900-01-20 16:33:30,7917.5,1212498,7918.0,34631,307303,6305,300998,1177867,0.5
1900-01-20 16:33:45,7918.5,1221675,7919.0,24147,259930,1663,258267,1197528,0.5
1900-01-20 16:34:00,7922.5,929677,7923.0,10206,240279,136,240143,919471,0.5
1900-01-20 16:34:15,7925.0,83816,7925.5,1062551,47368,22829,24539,-978735,0.5
1900-01-20 16:34:30,7925.0,2539746,7925.5,175259,6518,44917,-38399,2364487,0.5
1900-01-20 16:34:45,7925.5,752255,7926.0,707447,363052,2592,360460,44808,0.5
1900-01-20 16:35:00,7925.5,956172,7926.0,1088177,592209,2302,589907,-132005,0.5
1900-01-20 16:35:15,7925.5,957486,7926.0,398547,686483,1208,685275,558939,0.5
1900-01-20 16:35:30,7927.5,728803,7928.0,12176,322912,1200,321712,716627,0.5
1900-01-20 16:35:45,7928.0,277642,7928.5,247586,51958,7163,44795,30056,0.5
1900-01-20 16:36:00,7928.0,401458,7928.5,491245,32769,11284,21485,-89787,0.5
1900-01-20 16:36:15,7928.0,830936,7928.5,286194,46456,7285,39171,544742,0.5
1900-01-20 16:36:30,7928.0,1005580,7928.5,651921,84329,96672,-12343,353659,0.5
1900-01-20 16:36:45,7928.0,833875,7928.5,616416,9939,24757,-14818,217459,0.5
1900-01-20 16:37:00,7928.0,508922,7928.5,575994,42068,12640,29428,-67072,0.5
1900-01-20 16:37:15,7928.0,908250,7928.5,207133,44525,13082,31443,701117,0.5
1900-01-20 16:37:30,7928.0,1088878,7928.5,555928,40250,11773,28477,532950,0.5
1900-01-20 16:37:45,7928.0,1653061,7928.5,170078,76570,7710,68860,1482983,0.5
1900-01-20 16:38:00,7928.0,1466662,7928.5,361432,34022,38494,-4472,1105230,0.5
1900-01-20 16:38:15,7929.5,675079,7930.0,184268,175740,65633,110107,490811,0.5
1900-01-20 16:38:30,7930.0,838742,7930.5,7308,109829,11516,98313,831434,0.5
1900-01-20 16:38:45,7931.0,368907,7931.5,514042,349030,1730,347300,-145135,0.5
1900-01-20 16:39:00,7943.5,641038,7944.0,192394,126954,40783,86171,448644,0.5
1900-01-20 16:39:15,7938.5,1033,7940.0,120698,73168,178107,-104939,-119665,1.5
1900-01-20 16:39:30,7938.0,1073128,7938.5,239354,24428,37793,-13365,833774,0.5
1900-01-20 16:39:45,7938.0,672382,7938.5,209920,14525,44887,-30362,462462,0.5
1900-01-20 16:40:00,7935.0,639476,7935.5,332493,11100,157577,-146477,306983,0.5
1900-01-20 16:40:15,7931.0,17023,7931.5,1322875,26071,615680,-589609,-1305852,0.5
1900-01-20 16:40:30,7929.0,99137,7929.5,648665,18849,107680,-88831,-549528,0.5
1900-01-20 16:40:45,7928.0,34172,7928.5,697141,18849,90591,-71742,-662969,0.5
1900-01-20 16:41:00,7926.0,72770,7926.5,412163,14160,44149,-29989,-339393,0.5
1900-01-20 16:41:15,7926.0,860041,7926.5,219508,22581,51628,-29047,640533,0.5
1900-01-20 16:41:30,7926.0,1280694,7926.5,214920,31116,4804,26312,1065774,0.5
1900-01-20 16:41:45,7926.5,141036,7927.0,340855,43130,392,42738,-199819,0.5
1900-01-20 16:42:00,7926.5,344360,7927.0,290174,86310,804,85506,54186,0.5
1900-01-20 16:42:15,7926.5,1263696,7927.0,87881,56915,804,56111,1175815,0.5
1900-01-20 16:42:30,7926.5,524547,7927.0,311306,21820,12160,9660,213241,0.5
1900-01-20 16:42:45,7926.5,806444,7927.0,230959,94049,1795,92254,575485,0.5
1900-01-20 16:43:00,7945.5,81751,7946.0,846211,200696,35506,165190,-764460,0.5
1900-01-20 16:43:15,7940.0,52712,7940.5,477680,24219,74813,-50594,-424968,0.5
1900-01-20 16:43:30,7942.5,378330,7943.0,302296,88947,76043,12904,76034,0.5
1900-01-20 16:43:45,7946.5,244864,7947.0,51869,366644,22606,344038,192995,0.5
1900-01-20 16:44:00,7962.0,101057,7962.5,90429,291890,11628,280262,10628,0.5
1900-01-20 16:44:15,7949.5,688663,7950.0,836721,270145,60583,209562,-148058,0.5
1900-01-20 16:44:30,7949.5,465343,7950.0,482141,219444,144151,75293,-16798,0.5
1900-01-20 16:44:45,7949.5,560465,7950.0,315814,90305,28686,61619,244651,0.5
1900-01-20 16:45:00,7953.0,637991,7953.5,64149,102064,8167,93897,573842,0.5
1900-01-20 16:45:15,7953.0,760441,7953.5,21823,42412,1610,40802,738618,0.5
1900-01-20 16:45:30,7955.0,498391,7955.5,49524,66097,19032,47065,448867,0.5
1900-01-20 16:45:45,7955.0,756898,7955.5,43989,31290,4708,26582,712909,0.5
1900-01-20 16:46:00,7957.0,392001,7957.5,190153,34834,14467,20367,201848,0.5
1900-01-20 16:46:15,7959.5,316454,7960.0,103113,16296,64168,-47872,213341,0.5
1900-01-20 16:46:30,7959.5,232434,7960.0,406208,43571,34465,9106,-173774,0.5
1900-01-20 16:46:45,7959.5,445174,7960.0,559888,12854,10465,2389,-114714,0.5
1900-01-20 16:47:00,7959.5,835848,7960.0,351270,118338,5922,112416,484578,0.5
1900-01-20 16:47:15,7960.0,1161869,7960.5,44487,164160,16534,147626,1117382,0.5
1900-01-20 16:47:30,7960.5,1257081,7961.0,13271,47688,14701,32987,1243810,0.5
1900-01-20 16:47:45,7950.5,330212,7951.0,817505,122738,219616,-96878,-487293,0.5
1900-01-20 16:48:00,7948.0,3921,7948.5,728778,14348,102730,-88382,-724857,0.5
1900-01-20 16:48:15,7934.5,22132,7935.0,91869,3539,275176,-271637,-69737,0.5
1900-01-20 16:48:30,7934.5,713892,7935.0,294951,58415,36319,22096,418941,0.5
1900-01-20 16:48:45,7941.5,171094,7942.0,707788,113607,75293,38314,-536694,0.5
1900-01-20 16:49:00,7938.0,58586,7938.5,807542,43637,55423,-11786,-748956,0.5
1900-01-20 16:49:15,7937.5,23646,7938.0,791444,14009,30271,-16262,-767798,0.5
1900-01-20 16:49:30,7937.5,857401,7938.0,285678,3800,15742,-11942,571723,0.5
1900-01-20 16:49:45,7939.0,585420,7939.5,3308,249703,13800,235903,582112,0.5
1900-01-20 16:50:00,7943.0,499518,7943.5,468978,22117,7290,14827,30540,0.5
1900-01-20 16:50:15,7945.5,920686,7946.0,336881,57973,12862,45111,583805,0.5
1900-01-20 16:50:30,7945.5,684454,7946.0,98065,80550,10377,70173,586389,0.5
1900-01-20 16:50:45,7945.5,613615,7946.0,63265,22140,9450,12690,550350,0.5
1900-01-20 16:51:00,7945.5,594606,7946.0,73205,4651,3098,1553,521401,0.5
1900-01-20 16:51:15,7945.5,64181,7946.0,671248,14545,5344,9201,-607067,0.5
1900-01-20 16:51:30,7945.5,77213,7946.0,676718,4009,31404,-27395,-599505,0.5
1900-01-20 16:51:45,7945.0,7322,7945.5,563870,33740,23337,10403,-556548,0.5
1900-01-20 16:52:00,7940.0,516230,7940.5,480346,15674,60380,-44706,35884,0.5
1900-01-20 16:52:15,7938.0,5516,7938.5,961155,32750,261896,-229146,-955639,0.5
1900-01-20 16:52:30,7936.5,692529,7937.0,354069,41254,40065,1189,338460,0.5
1900-01-20 16:52:45,7936.5,797291,7937.0,264301,17860,33000,-15140,532990,0.5
1900-01-20 16:53:00,7936.5,151982,7937.0,1050121,21731,7845,13886,-898139,0.5
1900-01-20 16:53:15,7936.5,872807,7937.0,280728,100652,17970,82682,592079,0.5
1900-01-20 16:53:30,7936.5,627775,7937.0,590574,11772,6375,5397,37201,0.5
1900-01-20 16:53:45,7939.0,592864,7939.5,12146,201995,8918,193077,580718,0.5
1900-01-20 16:54:00,7944.5,274042,7945.0,970642,30832,2487,28345,-696600,0.5
1900-01-20 16:54:15,7944.5,59950,7945.0,1634434,205574,69372,136202,-1574484,0.5
1900-01-20 16:54:30,7943.5,483547,7944.0,793947,30850,40688,-9838,-310400,0.5
1900-01-20 16:54:45,7943.5,3955,7944.0,1213180,3449,17186,-13737,-1209225,0.5
1900-01-20 16:55:00,7940.5,726472,7941.0,155592,6243,14585,-8342,570880,0.5
1900-01-20 16:55:15,7940.0,22484,7940.5,1558073,6060,34873,-28813,-1535589,0.5
1900-01-20 16:55:30,7936.5,151986,7937.0,980497,12621,16009,-3388,-828511,0.5
1900-01-20 16:55:45,7936.0,229181,7936.5,829319,8100,73145,-65045,-600138,0.5
1900-01-20 16:56:00,7930.0,65492,7930.5,596486,405,148622,-148217,-530994,0.5
1900-01-20 16:56:15,7920.0,633859,7920.5,199423,28488,245602,-217114,434436,0.5
1900-01-20 16:56:30,7927.5,121439,7928.0,186432,56007,59923,-3916,-64993,0.5
1900-01-20 16:56:45,7925.5,63403,7926.0,864601,46565,60232,-13667,-801198,0.5
1900-01-20 16:57:00,7924.0,1043842,7924.5,447481,62646,270447,-207801,596361,0.5
1900-01-20 16:57:15,7925.0,1424617,7925.5,169990,238104,2534,235570,1254627,0.5
1900-01-20 16:57:30,7927.5,844492,7928.0,20664,199580,444,199136,823828,0.5
1900-01-20 16:57:45,7927.5,936221,7928.0,92103,96455,7449,89006,844118,0.5
1900-01-20 16:58:00,7931.5,37905,7932.0,670421,79796,2054,77742,-632516,0.5
1900-01-20 16:58:15,7929.5,787681,7930.0,109353,68580,14037,54543,678328,0.5
1900-01-20 16:58:30,7937.0,585862,7937.5,639619,64997,1413,63584,-53757,0.5
1900-01-20 16:58:45,7937.5,821147,7938.0,19105,97913,26407,71506,802042,0.5
1900-01-20 16:59:00,7941.5,234288,7942.0,588627,197839,12800,185039,-354339,0.5
1900-01-20 16:59:15,7941.5,580780,7942.0,247091,11535,13631,-2096,333689,0.5
1900-01-20 16:59:30,7942.5,235689,7943.0,725106,169784,4753,165031,-489417,0.5
1900-01-20 16:59:45,7942.5,302785,7943.0,458097,257984,3765,254219,-155312,0.5
1900-01-20 17:00:00,7942.5,546615,7943.0,97724,249402,143503,105899,448891,0.5
1900-01-20 17:00:15,7942.5,551357,7943.0,10315,10775,8329,2446,541042,0.5
1900-01-20 17:00:30,7943.0,687881,7943.5,67198,15545,194,15351,620683,0.5
1900-01-20 17:00:45,7943.0,749793,7943.5,177281,2383,2856,-473,572512,0.5
1900-01-20 17:01:00,7943.0,692111,7943.5,679216,13860,3280,10580,12895,0.5
1900-01-20 17:01:15,7943.0,138006,7943.5,906454,21354,17373,3981,-768448,0.5
1900-01-20 17:01:30,7938.0,1406,7938.5,581368,91265,423594,-332329,-579962,0.5
1900-01-20 17:01:45,7935.0,61410,7935.5,744657,3514,113438,-109924,-683247,0.5
1900-01-20 17:02:00,7931.5,64452,7932.0,525185,6560,25578,-19018,-460733,0.5
1900-01-20 17:02:15,7938.5,545204,7939.0,55877,37389,25845,11544,489327,0.5
1900-01-20 17:02:30,7938.5,287677,7939.0,479779,97016,13865,83151,-192102,0.5
1900-01-20 17:02:45,7938.5,63741,7939.0,573198,30531,35921,-5390,-509457,0.5
1900-01-20 17:03:00,7938.5,1048568,7939.0,119989,48095,127499,-79404,928579,0.5
1900-01-20 17:03:15,7939.0,592076,7939.5,14817,32237,139996,-107759,577259,0.5
1900-01-20 17:03:30,7941.0,480703,7941.5,142776,101807,28335,73472,337927,0.5
1900-01-20 17:03:45,7941.0,567507,7941.5,69991,16427,1955,14472,497516,0.5
1900-01-20 17:04:00,7941.0,781421,7941.5,69873,16492,9000,7492,711548,0.5
1900-01-20 17:04:15,7942.5,49278,7943.0,11200,18239,5000,13239,38078,0.5
1900-01-20 17:04:30,7945.5,650907,7946.0,11595,30556,1704,28852,639312,0.5
1900-01-20 17:04:45,7953.0,403264,7953.5,287509,383544,5395,378149,115755,0.5
1900-01-20 17:05:00,7953.0,577655,7953.5,141706,155945,2136,153809,435949,0.5
1900-01-20 17:05:15,7955.0,940321,7955.5,9587,190880,15620,175260,930734,0.5
1900-01-20 17:05:30,7958.5,349326,7959.0,43222,72435,23030,49405,306104,0.5
1900-01-20 17:05:45,7955.5,269461,7956.0,237930,36340,129167,-92827,31531,0.5
1900-01-20 17:06:00,7955.5,232369,7956.0,440681,67211,18447,48764,-208312,0.5
1900-01-20 17:06:15,7954.0,207358,7954.5,277505,10423,46824,-36401,-70147,0.5
1900-01-20 17:06:30,7953.0,14895,7953.5,551717,3007,16277,-13270,-536822,0.5
1900-01-20 17:06:45,7950.0,145945,7950.5,605114,18155,98216,-80061,-459169,0.5
1900-01-20 17:07:00,7945.0,35889,7945.5,548797,44316,263727,-219411,-512908,0.5
1900-01-20 17:07:15,7944.0,504402,7944.5,653729,4401,29495,-25094,-149327,0.5
1900-01-20 17:07:30,7944.0,2358,7944.5,738562,37577,8392,29185,-736204,0.5
1900-01-20 17:07:45,7944.0,2066305,7944.5,35178,80185,1177,79008,2031127,0.5
1900-01-20 17:08:00,7949.5,459295,7950.0,43452,434281,2050,432231,415843,0.5
1900-01-20 17:08:15,7951.5,871277,7952.0,142459,94973,347,94626,728818,0.5
1900-01-20 17:08:30,7952.0,548676,7952.5,338214,100684,22304,78380,210462,0.5
1900-01-20 17:08:45,7954.5,874514,7955.0,182772,165872,4750,161122,691742,0.5
1900-01-20 17:09:00,7957.0,548883,7957.5,155217,136064,3702,132362,393666,0.5
1900-01-20 17:09:15,7957.0,412727,7957.5,390417,22194,26907,-4713,22310,0.5
1900-01-20 17:09:30,7957.0,466714,7957.5,599077,5653,7779,-2126,-132363,0.5
1900-01-20 17:09:45,7957.0,97832,7957.5,518821,32245,72019,-39774,-420989,0.5
1900-01-20 17:10:00,7957.0,65399,7957.5,588930,11987,101622,-89635,-523531,0.5
1900-01-20 17:10:15,7955.0,62601,7955.5,638122,15256,12047,3209,-575521,0.5
1900-01-20 17:10:30,7955.0,838420,7955.5,558486,8413,49283,-40870,279934,0.5
1900-01-20 17:10:45,7955.0,637469,7955.5,315694,37820,63822,-26002,321775,0.5
1900-01-20 17:11:00,7955.0,678822,7955.5,392555,12905,2560,10345,286267,0.5
1900-01-20 17:11:15,7955.0,826276,7955.5,666336,30172,3651,26521,159940,0.5
1900-01-20 17:11:30,7955.0,853602,7955.5,528706,46241,10034,36207,324896,0.5
1900-01-20 17:11:45,7955.0,780823,7955.5,398202,22884,3501,19383,382621,0.5
1900-01-20 17:12:00,7957.5,637351,7958.0,136498,98350,9833,88517,500853,0.5
1900-01-20 17:12:15,7957.5,701504,7958.0,266968,64925,18607,46318,434536,0.5
1900-01-20 17:12:30,7957.5,850282,7958.0,123596,86575,8234,78341,726686,0.5
1900-01-20 17:12:45,7957.5,902424,7958.0,138111,57944,21011,36933,764313,0.5
1900-01-20 17:13:00,7957.5,1031572,7958.0,44928,139837,1064,138773,986644,0.5
1900-01-20 17:13:15,7959.5,914705,7960.0,68571,80191,2059,78132,846134,0.5
1900-01-20 17:13:30,7960.0,1200099,7960.5,88975,83522,23054,60468,1111124,0.5
1900-01-20 17:13:45,7962.0,767741,7962.5,256781,54633,7720,46913,510960,0.5
1900-01-20 17:14:00,7961.0,60252,7961.5,504284,182554,66342,116212,-444032,0.5
1900-01-20 17:14:15,7955.5,215615,7956.0,214234,123962,172705,-48743,1381,0.5
1900-01-20 17:14:30,7953.5,1476,7954.0,56234,26660,188477,-161817,-54758,0.5
1900-01-20 17:14:45,7948.0,167230,7948.5,550,118184,118275,-91,166680,0.5
1900-01-20 17:15:00,7952.5,748760,7953.0,4702,16457,2301,14156,744058,0.5
1900-01-20 17:15:15,7963.0,99737,7963.5,363302,35334,18823,16511,-263565,0.5
1900-01-20 17:15:30,7960.5,477146,7961.0,893808,15603,10817,4786,-416662,0.5
1900-01-20 17:15:45,7954.5,3849,7955.0,535149,362,20280,-19918,-531300,0.5
1900-01-20 17:16:00,7954.5,1002323,7955.0,216971,32676,15393,17283,785352,0.5
1900-01-20 17:16:15,7954.5,801045,7955.0,156370,75766,46,75720,644675,0.5
1900-01-20 17:16:30,7954.5,264483,7955.0,671976,8111,10520,-2409,-407493,0.5
1900-01-20 17:16:45,7954.5,895350,7955.0,188813,11730,15652,-3922,706537,0.5
1900-01-20 17:17:00,7954.5,459254,7955.0,639868,22134,7101,15033,-180614,0.5
1900-01-20 17:17:15,7954.5,1184779,7955.0,82428,59364,6427,52937,1102351,0.5
1900-01-20 17:17:30,7958.0,1301392,7958.5,46,15420,140,15280,1301346,0.5
1900-01-20 17:17:45,7959.5,684582,7960.0,592566,14076,15515,-1439,92016,0.5
1900-01-20 17:18:00,7959.5,1293653,7960.0,279771,7397,3210,4187,1013882,0.5
1900-01-20 17:18:15,7962.5,624817,7963.0,694671,32287,3281,29006,-69854,0.5
1900-01-20 17:18:30,7962.5,529438,7963.0,530369,13676,5000,8676,-931,0.5
1900-01-20 17:18:45,7962.5,547953,7963.0,557726,143525,3983,139542,-9773,0.5
1900-01-20 17:19:00,7962.5,819266,7963.0,320766,88633,70999,17634,498500,0.5
1900-01-20 17:19:15,7957.5,5198,7958.0,807775,88633,48561,40072,-802577,0.5
1900-01-20 17:19:30,7957.5,1998807,7958.0,428,88247,71471,16776,1998379,0.5
1900-01-20 17:19:45,7959.0,582820,7959.5,182583,15121,9662,5459,400237,0.5
1900-01-20 17:20:00,7963.0,298827,7963.5,202906,8742,6650,2092,95921,0.5
1900-01-20 17:20:15,7963.5,756942,7964.0,83189,171549,5331,166218,673753,0.5
1900-01-20 17:20:30,7963.5,880247,7964.0,43737,48026,11700,36326,836510,0.5
1900-01-20 17:20:45,7964.5,949832,7965.0,419511,44081,3008,41073,530321,0.5
1900-01-20 17:21:00,7964.5,654482,7965.0,566728,84127,1930,82197,87754,0.5
1900-01-20 17:21:15,7964.5,284192,7965.0,717149,27151,72400,-45249,-432957,0.5
1900-01-20 17:21:30,7964.5,791048,7965.0,721191,21325,33525,-12200,69857,0.5
1900-01-20 17:21:45,7968.0,719378,7968.5,10302,25015,5352,19663,709076,0.5
1900-01-20 17:22:00,7976.5,597693,7977.0,648522,205353,3715,201638,-50829,0.5
1900-01-20 17:22:15,7972.0,770108,7972.5,261056,337108,128152,208956,509052,0.5
1900-01-20 17:22:30,7974.5,752826,7975.0,658,688548,51649,636899,752168,0.5
1900-01-20 17:22:45,7979.5,43840,7980.0,546461,127165,10035,117130,-502621,0.5
1900-01-20 17:23:00,7979.5,94116,7980.0,747473,77141,119438,-42297,-653357,0.5
1900-01-20 17:23:15,7977.0,1170192,7977.5,292396,4815,32213,-27398,877796,0.5
1900-01-20 17:23:30,7977.0,1209044,7977.5,156831,17678,394,17284,1052213,0.5
1900-01-20 17:32:15,7990.5,436742,7991.0,212151,4200,16121,-11921,224591,0.5
1900-01-20 17:32:30,7990.5,184145,7991.0,664211,6293,46837,-40544,-480066,0.5
1900-01-20 17:32:45,7988.5,85786,7989.0,353191,562,118248,-117686,-267405,0.5
1900-01-20 17:33:00,7988.0,42761,7988.5,404739,15173,453668,-438495,-361978,0.5
1900-01-20 17:33:15,7988.0,938338,7988.5,931582,4117,138799,-134682,6756,0.5
1900-01-20 17:33:30,7988.0,162172,7988.5,987387,9147,289100,-279953,-825215,0.5
1900-01-20 17:33:45,7988.0,203700,7988.5,1678250,5746,228074,-222328,-1474550,0.5
1900-01-20 17:34:00,7986.5,445995,7987.0,922100,5856,231735,-225879,-476105,0.5
1900-01-20 17:34:15,7986.5,222439,7987.0,1097333,20,270146,-270126,-874894,0.5
1900-01-20 17:34:30,7985.5,26352,7986.0,790153,53867,433295,-379428,-763801,0.5
1900-01-20 17:34:45,7983.0,723381,7983.5,511914,23832,111001,-87169,211467,0.5
1900-01-20 17:35:00,7984.0,1277619,7984.5,22187,5100,45112,-40012,1255432,0.5
1900-01-20 17:35:15,7990.5,1037772,7991.0,4772,56137,20548,35589,1033000,0.5
1900-01-20 17:35:30,7994.5,855646,7995.0,24669,150726,29578,121148,830977,0.5
1900-01-20 17:35:45,7995.0,586305,7995.5,2131,83057,15380,67677,584174,0.5
1900-01-20 17:36:00,7997.5,370977,7998.0,386575,118547,127074,-8527,-15598,0.5
1900-01-20 17:36:15,7997.5,525333,7998.0,681504,12263,14187,-1924,-156171,0.5
1900-01-20 17:36:30,7997.5,920809,7998.0,274478,27802,61196,-33394,646331,0.5
1900-01-20 17:36:45,8006.5,38212,8007.0,181098,347531,28166,319365,-142886,0.5
1900-01-20 17:37:00,8007.5,589491,8008.0,259601,329402,197718,131684,329890,0.5
1900-01-20 17:37:15,8012.5,478037,8013.0,300244,439777,94096,345681,177793,0.5
1900-01-20 17:37:30,8010.0,554942,8010.5,59929,254154,137727,116427,495013,0.5
1900-01-20 17:37:45,8010.0,248207,8010.5,337971,14053,27683,-13630,-89764,0.5
1900-01-20 17:38:00,8010.0,541369,8010.5,205513,65217,45944,19273,335856,0.5
1900-01-20 17:38:15,8015.0,20305,8015.5,238,234986,51184,183802,20067,0.5
1900-01-20 17:38:30,8019.5,1488925,8020.0,925441,1260632,14636,1245996,563484,0.5
1900-01-20 17:38:45,8013.0,18283,8013.5,1233727,299876,239354,60522,-1215444,0.5
1900-01-20 17:39:00,8013.5,1159968,8014.0,51764,133045,240906,-107861,1108204,0.5
1900-01-20 17:39:15,8016.5,902063,8017.0,172971,163932,32404,131528,729092,0.5
1900-01-20 17:39:30,8018.5,227283,8019.0,725260,136332,42480,93852,-497977,0.5
1900-01-20 17:39:45,8018.5,208417,8019.0,616409,188432,129039,59393,-407992,0.5
1900-01-20 17:40:00,8018.5,74408,8019.0,947751,278502,149406,129096,-873343,0.5
1900-01-20 17:40:15,8017.5,822783,8018.0,701675,69706,100382,-30676,121108,0.5
1900-01-20 17:40:30,8017.5,511959,8018.0,295644,42561,88456,-45895,216315,0.5
1900-01-20 17:40:45,8017.5,268790,8018.0,1030545,12839,118517,-105678,-761755,0.5
1900-01-20 17:41:00,8017.5,190286,8018.0,1675594,20827,76672,-55845,-1485308,0.5
1900-01-20 17:41:15,8016.5,116482,8017.0,1054117,9253,180779,-171526,-937635,0.5
1900-01-20 17:41:30,8015.5,812085,8016.0,395517,11463,99937,-88474,416568,0.5
1900-01-20 17:41:45,8015.5,889953,8016.0,349612,25185,535242,-510057,540341,0.5
1900-01-20 17:42:00,8015.5,559867,8016.0,914856,19751,189094,-169343,-354989,0.5
1900-01-20 17:42:15,8015.5,811180,8016.0,807636,6484,158145,-151661,3544,0.5
1900-01-20 17:42:30,8015.5,1142612,8016.0,2117961,1386,118661,-117275,-975349,0.5
1900-01-20 17:42:45,8014.5,1152338,8015.0,558517,39035,96227,-57192,593821,0.5
1900-01-20 17:43:00,8014.5,1056258,8015.0,644249,10008,194648,-184640,412009,0.5
1900-01-20 17:43:15,8014.5,682715,8015.0,1745465,7558,64003,-56445,-1062750,0.5
1900-01-20 17:43:30,8014.5,1023780,8015.0,1725825,112861,89080,23781,-702045,0.5
1900-01-20 17:43:45,8014.5,735702,8015.0,1667192,47874,15777,32097,-931490,0.5
1900-01-20 17:44:00,8014.5,87924,8015.0,943179,7233,418272,-411039,-855255,0.5
1900-01-20 17:44:15,8001.0,4255,8001.5,417683,38734,215114,-176380,-413428,0.5
1900-01-20 17:44:30,7979.0,402373,7979.5,56394,49962,1159396,-1109434,345979,0.5
1900-01-20 17:44:45,7982.5,640092,7983.0,128465,163332,159238,4094,511627,0.5
1900-01-20 17:45:00,7995.0,30106,7995.5,48111,167324,7342,159982,-18005,0.5
1900-01-20 17:45:15,7998.5,643204,7999.0,640335,619947,175540,444407,2869,0.5
1900-01-20 17:45:30,7989.5,342272,7990.0,3248750,424788,47122,377666,-2906478,0.5
1900-01-20 17:45:45,7983.5,3607,7984.0,1096745,45391,165347,-119956,-1093138,0.5
1900-01-20 17:46:00,7978.0,622937,7978.5,272723,114981,128302,-13321,350214,0.5
1900-01-20 17:46:15,7993.5,596894,7994.0,16218,204810,53920,150890,580676,0.5
1900-01-20 17:46:30,7990.5,104921,7991.0,633956,91846,120669,-28823,-529035,0.5
1900-01-20 17:46:45,7989.5,385749,7990.0,138398,43824,29906,13918,247351,0.5
1900-01-20 17:47:00,7988.0,128870,7988.5,696476,101673,59822,41851,-567606,0.5
1900-01-20 17:47:15,7987.5,91180,7988.0,608687,18675,46810,-28135,-517507,0.5
1900-01-20 17:47:30,7989.0,154421,7989.5,498299,14501,67848,-53347,-343878,0.5
1900-01-20 17:47:45,7988.0,589612,7988.5,638978,21741,43199,-21458,-49366,0.5
1900-01-20 17:48:00,7989.0,1053318,7989.5,8927,13490,3990,9500,1044391,0.5
1900-01-20 17:48:15,7989.5,911680,7990.0,159062,159921,6575,153346,752618,0.5
1900-01-20 17:48:30,7990.0,130594,7990.5,626296,122726,78520,44206,-495702,0.5
1900-01-20 17:48:45,7975.5,864104,7976.0,87939,27184,148044,-120860,776165,0.5
1900-01-20 17:49:00,7979.0,105948,7979.5,667896,48539,61006,-12467,-561948,0.5
1900-01-20 17:49:15,7979.0,593430,7979.5,362595,27838,65221,-37383,230835,0.5
1900-01-20 17:49:30,7979.0,715937,7979.5,379076,29908,7023,22885,336861,0.5
1900-01-20 17:49:45,7979.0,107901,7979.5,1181563,83693,51240,32453,-1073662,0.5
1900-01-20 17:50:00,7978.0,317867,7978.5,600300,401,102531,-102130,-282433,0.5
1900-01-20 17:50:15,7974.0,496615,7974.5,30,14918,28433,-13515,496585,0.5
1900-01-20 17:50:30,7979.0,317149,7979.5,321533,68324,66792,1532,-4384,0.5
1900-01-20 17:50:45,7979.0,194769,7979.5,616194,14288,26047,-11759,-421425,0.5
1900-01-20 17:51:00,7977.5,6708,7978.0,864061,1100,88803,-87703,-857353,0.5
1900-01-20 17:51:15,7972.5,197550,7973.0,603113,6612,114167,-107555,-405563,0.5
1900-01-20 17:51:30,7968.5,16424,7969.0,2656936,30609,293982,-263373,-2640512,0.5
1900-01-20 17:51:45,7962.0,275,7962.5,5000,26113,245075,-218962,-4725,0.5
1900-01-20 17:52:00,7973.0,212692,7973.5,515663,177650,57083,120567,-302971,0.5
1900-01-20 17:52:15,7949.5,832070,7950.0,690907,994904,547993,446911,141163,0.5
1900-01-20 17:52:30,7952.5,197428,7953.0,562620,681185,68207,612978,-365192,0.5
1900-01-20 17:52:45,7944.0,14000,7944.5,145065,143103,785614,-642511,-131065,0.5
1900-01-20 17:53:00,7949.5,111232,7950.0,82435,222406,45901,176505,28797,0.5
1900-01-20 17:53:15,7953.0,529642,7953.5,254590,173499,21071,152428,275052,0.5
1900-01-20 17:53:30,7953.0,851656,7953.5,121240,130823,70436,60387,730416,0.5
1900-01-20 17:53:45,7953.5,126262,7954.0,697336,33086,27413,5673,-571074,0.5
1900-01-20 17:54:00,7955.0,442430,7955.5,532523,69281,3450,65831,-90093,0.5
1900-01-20 17:54:15,7955.0,928727,7955.5,21935,100088,83884,16204,906792,0.5
1900-01-20 17:54:30,7964.5,499917,7965.0,19803,162419,300,162119,480114,0.5
1900-01-20 17:54:45,7974.5,413250,7975.0,886356,190613,2975,187638,-473106,0.5
1900-01-20 17:55:00,7976.5,666955,7977.0,287792,104120,12888,91232,379163,0.5
1900-01-20 17:55:15,7975.0,47400,7975.5,680412,83917,201726,-117809,-633012,0.5
1900-01-20 17:55:30,7969.5,937419,7970.0,263972,9050,211664,-202614,673447,0.5
1900-01-20 17:55:45,7979.5,879668,7980.0,258315,37604,20760,16844,621353,0.5
1900-01-20 17:56:00,7973.0,368198,7973.5,1186219,130803,37599,93204,-818021,0.5
1900-01-20 17:56:15,7974.0,209708,7974.5,893012,18100,61411,-43311,-683304,0.5
1900-01-20 17:56:30,7974.5,714679,7975.0,227405,31619,24193,7426,487274,0.5
1900-01-20 17:56:45,7974.5,627172,7975.0,225086,70158,24003,46155,402086,0.5
1900-01-20 17:57:00,7977.0,812542,7977.5,9912,37605,3371,34234,802630,0.5
1900-01-20 17:57:15,7983.0,251049,7983.5,560819,127342,2664,124678,-309770,0.5
1900-01-20 17:57:30,7982.0,112720,7982.5,519262,75151,226080,-150929,-406542,0.5
1900-01-20 17:57:45,7982.0,558583,7982.5,582374,254188,551,253637,-23791,0.5
1900-01-20 17:58:00,7982.0,585954,7982.5,170728,119932,28612,91320,415226,0.5
1900-01-20 17:58:15,7982.0,1055467,7982.5,324081,159759,10885,148874,731386,0.5
1900-01-20 17:58:30,7982.0,1179879,7982.5,230803,4116,2405,1711,949076,0.5
1900-01-20 17:58:45,7983.0,915758,7983.5,51770,249769,5982,243787,863988,0.5
1900-01-20 17:59:00,7984.0,429680,7984.5,513127,43874,9829,34045,-83447,0.5
1900-01-20 17:59:15,7984.0,953167,7984.5,20054,99560,264,99296,933113,0.5
1900-01-20 17:59:30,7984.5,1053739,7985.0,112476,14839,705,14134,941263,0.5
1900-01-20 17:59:45,7984.5,961571,7985.0,108165,9715,11171,-1456,853406,0.5
1900-01-20 18:00:00,7984.5,811536,7985.0,214477,13306,4755,8551,597059,0.5
1900-01-20 18:00:15,7984.5,57000,7985.0,1363997,31014,204873,-173859,-1306997,0.5
1900-01-20 18:00:30,7976.0,10890,7976.5,453960,11344,221044,-209700,-443070,0.5
1900-01-20 18:00:45,7976.0,36550,7976.5,1334451,6752,210820,-204068,-1297901,0.5
1900-01-20 18:01:00,7975.5,64465,7976.0,1166504,23563,13688,9875,-1102039,0.5
1900-01-20 18:01:15,7975.5,87383,7976.0,897323,16723,39387,-22664,-809940,0.5
1900-01-20 18:01:30,7975.5,33630,7976.0,908663,2330,19518,-17188,-875033,0.5
1900-01-20 18:01:45,7975.5,436753,7976.0,686472,25723,4277,21446,-249719,0.5
1900-01-20 18:02:00,7975.5,855199,7976.0,148488,16886,9595,7291,706711,0.5
1900-01-20 18:02:15,7975.5,73835,7976.0,829941,3030,40157,-37127,-756106,0.5
1900-01-20 18:02:30,7975.0,589188,7975.5,1221876,13238,63353,-50115,-632688,0.5
1900-01-20 18:02:45,7973.0,108777,7973.5,1523094,4940,924608,-919668,-1414317,0.5
1900-01-20 18:03:00,7962.5,463702,7963.0,36,55549,80501,-24952,463666,0.5
1900-01-20 18:03:15,7965.5,732586,7966.0,376535,47527,2619,44908,356051,0.5
1900-01-20 18:03:30,7965.5,273980,7966.0,516168,72282,37438,34844,-242188,0.5
1900-01-20 18:03:45,7967.0,438562,7967.5,1633,280204,13513,266691,436929,0.5
1900-01-20 18:04:00,7975.0,56133,7975.5,889933,69499,48854,20645,-833800,0.5
1900-01-20 18:04:15,7970.5,424359,7971.0,586955,2088,24650,-22562,-162596,0.5
1900-01-20 18:04:30,7970.5,685590,7971.0,359792,1300,48664,-47364,325798,0.5
1900-01-20 18:04:45,7970.5,807450,7971.0,7904,198260,80198,118062,799546,0.5
1900-01-20 18:05:00,7975.5,28401,7976.0,660655,80609,24777,55832,-632254,0.5
1900-01-20 18:05:15,7976.5,629057,7977.0,340460,90764,3454,87310,288597,0.5
1900-01-20 18:05:30,7977.5,1227080,7978.0,1801,12412,884,11528,1225279,0.5
1900-01-20 18:05:45,7980.5,1430991,7981.0,24923,39108,3530,35578,1406068,0.5
1900-01-20 18:06:00,7981.5,465807,7982.0,619191,21346,3017,18329,-153384,0.5
1900-01-20 18:06:15,7981.5,626025,7982.0,409587,20288,3686,16602,216438,0.5
1900-01-20 18:06:30,7982.0,1223464,7982.5,25699,198108,607,197501,1197765,0.5
1900-01-20 18:06:45,7983.5,933622,7984.0,23692,212927,3975,208952,909930,0.5
1900-01-20 18:07:00,7984.0,1019835,7984.5,53203,33946,16052,17894,966632,0.5
1900-01-20 18:07:15,7984.0,397418,7984.5,347968,13916,5865,8051,49450,0.5
1900-01-20 18:07:30,7984.0,478962,7984.5,376781,3811,26305,-22494,102181,0.5
1900-01-20 18:07:45,7984.0,355071,7984.5,236548,10843,11799,-956,118523,0.5
1900-01-20 18:08:00,7984.0,286438,7984.5,330374,2567,6351,-3784,-43936,0.5
1900-01-20 18:08:15,7984.0,334422,7984.5,342349,1003,9090,-8087,-7927,0.5
1900-01-20 18:08:30,7984.0,1161784,7984.5,186812,10502,4261,6241,974972,0.5
1900-01-20 18:08:45,7984.0,950202,7984.5,122700,52007,5700,46307,827502,0.5
1900-01-20 18:09:00,7984.5,302870,7985.0,855726,33293,5595,27698,-552856,0.5
1900-01-20 18:09:15,7983.5,12831,7984.0,599089,14713,30555,-15842,-586258,0.5
1900-01-20 18:09:30,7981.5,451397,7982.0,438584,8350,11956,-3606,12813,0.5
1900-01-20 18:09:45,7981.5,12182,7982.0,362139,3200,8952,-5752,-349957,0.5
1900-01-20 18:10:00,7981.5,949420,7982.0,520380,711,31246,-30535,429040,0.5
1900-01-20 18:10:15,7981.5,1060493,7982.0,409824,21123,46581,-25458,650669,0.5
1900-01-20 18:10:30,7981.5,866577,7982.0,417163,8000,6508,1492,449414,0.5
1900-01-20 18:10:45,7981.5,951175,7982.0,241963,56376,2082,54294,709212,0.5
1900-01-20 18:11:00,7981.5,1128519,7982.0,275726,16771,41,16730,852793,0.5
1900-01-20 18:11:15,7981.5,142432,7982.0,367763,36505,3351,33154,-225331,0.5
1900-01-20 18:11:30,7981.5,6918,7982.0,466842,43100,111674,-68574,-459924,0.5
1900-01-20 18:11:45,7977.0,4062527,7977.5,227464,6237,72519,-66282,3835063,0.5
1900-01-20 18:12:00,7977.0,4261141,7977.5,379409,14952,12239,2713,3881732,0.5
1900-01-20 18:12:15,7977.0,4305538,7977.5,366215,16305,19735,-3430,3939323,0.5
1900-01-20 18:12:30,7977.0,4820829,7977.5,302,108611,2,108609,4820527,0.5
1900-01-20 18:12:45,7984.5,276388,7985.0,288133,60044,2014,58030,-11745,0.5
1900-01-20 18:13:00,7989.5,799483,7990.0,136341,123143,21289,101854,663142,0.5
1900-01-20 18:13:15,7990.0,1192273,7990.5,60604,299761,22084,277677,1131669,0.5
1900-01-20 18:13:30,7991.5,290075,7992.0,647289,33889,23070,10819,-357214,0.5
1900-01-20 18:13:45,7990.0,7989,7990.5,503734,23487,251752,-228265,-495745,0.5
1900-01-20 18:14:00,7989.0,157941,7989.5,978175,55771,21101,34670,-820234,0.5
1900-01-20 18:14:15,7988.0,13077,7988.5,680957,2002,149106,-147104,-667880,0.5
1900-01-20 18:14:30,7985.5,41053,7986.0,485747,51543,10881,40662,-444694,0.5
1900-01-20 18:14:45,7985.0,28154,7985.5,693110,3201,8992,-5791,-664956,0.5
1900-01-20 18:15:00,7985.0,261411,7985.5,642978,6806,11238,-4432,-381567,0.5
1900-01-20 18:15:15,7985.0,231599,7985.5,644483,61600,35839,25761,-412884,0.5
1900-01-20 18:15:30,7985.0,11948,7985.5,837749,8687,55637,-46950,-825801,0.5
1900-01-20 18:15:45,7983.0,998205,7983.5,236307,137658,11436,126222,761898,0.5
1900-01-20 18:16:00,7983.0,761682,7983.5,631109,6100,11014,-4914,130573,0.5
1900-01-20 18:16:15,7983.0,1738939,7983.5,315479,15245,13001,2244,1423460,0.5
1900-01-20 18:16:30,7983.5,1017573,7984.0,230562,95517,168545,-73028,787011,0.5
1900-01-20 18:16:45,7983.5,969582,7984.0,241088,122799,4375,118424,728494,0.5
1900-01-20 18:17:00,7983.5,5729440,7984.0,376254,1000,51,949,5353186,0.5
1900-01-20 18:17:15,7983.5,239320,7984.0,826048,29993,9425,20568,-586728,0.5
1900-01-20 18:17:30,7978.5,17724,7979.0,1654481,376,110499,-110123,-1636757,0.5
1900-01-20 18:17:45,7972.0,40295,7972.5,843133,21906,156082,-134176,-802838,0.5
1900-01-20 18:18:00,7972.0,559708,7972.5,347509,5493,36420,-30927,212199,0.5
1900-01-20 18:18:15,7974.5,432876,7975.0,22392,20440,8180,12260,410484,0.5
1900-01-20 18:18:30,7976.5,1209145,7977.0,42780,34737,2037,32700,1166365,0.5
1900-01-20 18:18:45,7976.5,1269941,7977.0,130728,42219,2751,39468,1139213,0.5
1900-01-20 18:19:00,7976.5,6316908,7977.0,105742,110459,1700,108759,6211166,0.5
1900-01-20 18:19:15,7976.5,1366582,7977.0,86804,18299,1000,17299,1279778,0.5
1900-01-20 18:19:30,7976.5,1178942,7977.0,58769,6740,202,6538,1120173,0.5
1900-01-20 18:19:45,7976.5,446697,7977.0,396031,22611,4882,17729,50666,0.5
1900-01-20 18:20:00,7976.5,677270,7977.0,471699,103716,7608,96108,205571,0.5
1900-01-20 18:20:15,7977.0,683213,7980.0,21751,56083,4837,51246,661462,3.0
1900-01-20 18:20:30,7986.0,429069,7986.5,117783,46317,723,45594,311286,0.5
1900-01-20 18:20:45,7987.5,647788,7988.0,44874,103962,731,103231,602914,0.5
1900-01-20 18:21:00,7987.5,344110,7988.0,601408,21116,67901,-46785,-257298,0.5
1900-01-20 18:21:15,7986.5,572573,7987.0,104995,48255,16430,31825,467578,0.5
1900-01-20 18:21:30,7986.5,27529,7987.0,795816,7169,10454,-3285,-768287,0.5
1900-01-20 18:21:45,7986.5,115231,7987.0,814667,8455,10942,-2487,-699436,0.5
1900-01-20 18:22:00,7986.0,14265,7986.5,920039,6206,16800,-10594,-905774,0.5
1900-01-20 18:22:15,7985.0,44248,7985.5,894468,16854,2014,14840,-850220,0.5
1900-01-20 18:22:30,7985.0,902320,7985.5,385986,46175,8346,37829,516334,0.5
1900-01-20 18:22:45,7985.0,83302,7985.5,846064,2193,73566,-71373,-762762,0.5
1900-01-20 18:23:00,7985.0,530283,7985.5,536243,2193,2000,193,-5960,0.5
1900-01-20 18:23:15,7985.0,21469,7985.5,641341,5601,86138,-80537,-619872,0.5
1900-01-20 18:23:30,7984.0,4028,7984.5,680914,101,5780,-5679,-676886,0.5
1900-01-20 18:23:45,7984.0,128737,7984.5,850260,2901,24735,-21834,-721523,0.5
1900-01-20 18:24:00,7984.0,80810,7984.5,1064328,211,33066,-32855,-983518,0.5
1900-01-20 18:24:15,7984.0,66957,7984.5,1090509,10,30103,-30093,-1023552,0.5
1900-01-20 18:24:30,7984.0,87544,7984.5,1009076,10,4500,-4490,-921532,0.5
1900-01-20 18:24:45,7983.5,20571,7984.0,1183375,1010,25550,-24540,-1162804,0.5
1900-01-20 18:25:00,7976.0,828821,7976.5,744705,19678,87474,-67796,84116,0.5
1900-01-20 18:25:15,7976.0,29753,7976.5,910415,11343,37784,-26441,-880662,0.5
1900-01-20 18:25:30,7976.0,747585,7976.5,737668,6544,14572,-8028,9917,0.5
1900-01-20 18:25:45,7976.0,555984,7976.5,811786,15519,3648,11871,-255802,0.5
1900-01-20 18:26:00,7976.0,820896,7976.5,769911,50697,2879,47818,50985,0.5
1900-01-20 18:26:15,7976.0,508794,7976.5,923365,3832,74813,-70981,-414571,0.5
1900-01-20 18:26:30,7975.0,211406,7975.5,765591,3832,55258,-51426,-554185,0.5
1900-01-20 18:26:45,7975.0,75447,7975.5,964585,87,221245,-221158,-889138,0.5
1900-01-20 18:27:00,7972.0,71063,7972.5,526609,9261,97405,-88144,-455546,0.5
1900-01-20 18:27:15,7970.5,799500,7971.0,372113,35725,111038,-75313,427387,0.5
1900-01-20 18:27:30,7970.5,1080693,7971.0,207273,11293,10100,1193,873420,0.5
1900-01-20 18:27:45,7971.0,935936,7971.5,94,23663,5602,18061,935842,0.5
1900-01-20 18:28:00,7973.5,922278,7974.0,75227,159446,412,159034,847051,0.5
1900-01-20 18:28:15,7975.5,913878,7976.0,103307,51398,8540,42858,810571,0.5
1900-01-20 18:28:30,7975.5,421299,7976.0,361296,21575,8540,13035,60003,0.5
1900-01-20 18:28:45,7974.0,1861,7974.5,695713,102268,9420,92848,-693852,0.5
1900-01-20 18:29:00,7973.5,613510,7974.0,556285,6435,8973,-2538,57225,0.5
1900-01-20 18:29:15,7973.5,786299,7974.0,378166,850,8973,-8123,408133,0.5
1900-01-20 18:29:30,7973.5,772860,7974.0,211091,138863,300,138563,561769,0.5
1900-01-20 18:29:45,7975.0,860004,7975.5,149619,52446,83,52363,710385,0.5
1900-01-20 18:30:00,7975.0,474741,7975.5,357665,1547,5230,-3683,117076,0.5
1900-01-20 18:30:15,7975.0,696511,7975.5,258964,9085,13762,-4677,437547,0.5
1900-01-20 18:30:30,7975.0,464357,7975.5,759417,3900,7,3893,-295060,0.5
1900-01-20 18:30:45,7975.0,766540,7975.5,741722,8308,464,7844,24818,0.5
1900-01-20 18:31:00,7975.0,870404,7975.5,383519,68229,1800,66429,486885,0.5
1900-01-20 18:31:15,7975.0,1258697,7975.5,66954,13182,1092,12090,1191743,0.5
1900-01-20 18:31:30,7976.0,1034002,7976.5,11445,47860,5664,42196,1022557,0.5
1900-01-20 18:31:45,7976.5,863694,7977.0,56237,8735,9005,-270,807457,0.5
1900-01-20 18:32:00,7976.5,616535,7977.0,69229,43605,24785,18820,547306,0.5
1900-01-20 18:32:15,7976.5,657638,7977.0,96001,8018,237,7781,561637,0.5
1900-01-20 18:32:30,7977.0,623070,7977.5,89487,10638,237,10401,533583,0.5
1900-01-20 18:32:45,7977.0,612338,7977.5,93530,43908,555,43353,518808,0.5
1900-01-20 18:33:00,7978.5,1003519,7979.0,105157,31331,10,31321,898362,0.5
1900-01-20 18:33:15,7978.5,1171737,7979.0,173289,95081,10,95071,998448,0.5
1900-01-20 18:33:30,7978.5,620850,7979.0,570442,1236,10295,-9059,50408,0.5
1900-01-20 18:33:45,7978.5,615933,7979.0,384932,102270,11200,91070,231001,0.5
1900-01-20 18:34:00,7978.5,746612,7979.0,348142,500,1,499,398470,0.5
1900-01-20 18:34:15,7978.5,368303,7979.0,570181,8399,1,8398,-201878,0.5
1900-01-20 18:34:30,7978.5,447825,7979.0,545550,41128,44,41084,-97725,0.5
1900-01-20 18:34:45,7978.5,442759,7979.0,585476,332,12265,-11933,-142717,0.5
1900-01-20 18:35:00,7978.5,596767,7979.0,520449,90032,3500,86532,76318,0.5
1900-01-20 18:35:15,7978.5,1180824,7979.0,177856,93187,971,92216,1002968,0.5
1900-01-20 18:35:30,7978.5,1217741,7979.0,172506,7377,1570,5807,1045235,0.5
1900-01-20 18:35:45,7978.5,1397328,7979.0,40850,40802,810,39992,1356478,0.5
1900-01-20 18:36:00,7978.5,852427,7979.0,604993,6389,1722,4667,247434,0.5
1900-01-20 18:36:15,7978.5,1368532,7979.0,32767,39566,1722,37844,1335765,0.5
1900-01-20 18:36:30,7979.5,1241647,7980.0,262198,72463,111,72352,979449,0.5
1900-01-20 18:36:45,7979.5,1260104,7980.0,209387,25810,21007,4803,1050717,0.5
1900-01-20 18:37:00,7984.5,795521,7985.0,197160,241916,5234,236682,598361,0.5
1900-01-20 18:37:15,7984.5,1152065,7985.0,86112,78269,20,78249,1065953,0.5
1900-01-20 18:37:30,7988.5,660274,7989.0,1327,75043,40870,34173,658947,0.5
1900-01-20 18:37:45,7993.5,659535,7994.0,715363,174570,7741,166829,-55828,0.5
1900-01-20 18:38:00,7993.5,603687,7994.0,785223,45000,34994,10006,-181536,0.5
1900-01-20 18:38:15,7993.0,14413,7993.5,1485206,1025,130001,-128976,-1470793,0.5
1900-01-20 18:38:30,7988.5,24285,7989.0,1446258,11124,67031,-55907,-1421973,0.5
1900-01-20 18:38:45,7988.0,8026,7988.5,1288796,2971,13105,-10134,-1280770,0.5
1900-01-20 18:39:00,7987.0,460840,7987.5,650846,2405,7000,-4595,-190006,0.5
1900-01-20 18:39:15,7987.0,794615,7987.5,140397,17028,3846,13182,654218,0.5
1900-01-20 18:39:30,7987.5,1134657,7988.0,5380,120783,4361,116422,1129277,0.5
1900-01-20 18:39:45,7987.5,942835,7988.0,931312,144127,10000,134127,11523,0.5
1900-01-20 18:40:00,7987.5,1306403,7988.0,922808,8632,1172,7460,383595,0.5
1900-01-20 18:40:15,7987.5,1277809,7988.0,913753,15448,702,14746,364056,0.5
1900-01-20 18:40:30,7987.5,1274783,7988.0,822789,125830,1346,124484,451994,0.5
1900-01-20 18:40:45,7987.5,1326870,7988.0,827919,21470,200,21270,498951,0.5
1900-01-20 18:41:00,7987.5,1296606,7988.0,792752,11222,1850,9372,503854,0.5
1900-01-20 18:41:15,7987.5,1354022,7988.0,691797,96511,2000,94511,662225,0.5
1900-01-20 18:41:30,7987.5,1509621,7988.0,107659,137268,1226,136042,1401962,0.5
1900-01-20 18:41:45,7991.0,1040117,7991.5,44523,40614,8100,32514,995594,0.5
1900-01-20 18:42:00,7994.0,374496,7994.5,1073437,34352,13424,20928,-698941,0.5
1900-01-20 18:42:15,7994.0,801352,7994.5,843448,55873,49640,6233,-42096,0.5
1900-01-20 18:42:30,7994.0,786903,7994.5,769433,59123,26050,33073,17470,0.5
1900-01-20 18:42:45,7994.0,242063,7994.5,1206739,2058,38444,-36386,-964676,0.5
1900-01-20 18:43:00,7994.0,687850,7994.5,850982,2160,17958,-15798,-163132,0.5
1900-01-20 18:43:15,7994.0,852893,7994.5,679887,105645,3000,102645,173006,0.5
1900-01-20 18:43:30,7994.0,559031,7994.5,958668,47176,5427,41749,-399637,0.5
1900-01-20 18:43:45,7994.0,925983,7994.5,725644,68351,4663,63688,200339,0.5
1900-01-20 18:44:00,7994.0,1130465,7994.5,682053,21531,12986,8545,448412,0.5
1900-01-20 18:44:15,7988.5,46887,7989.0,700918,24825,258664,-233839,-654031,0.5
1900-01-20 18:44:30,7988.5,31218,7989.0,1024134,854,28909,-28055,-992916,0.5
1900-01-20 18:44:45,7987.0,48678,7987.5,501389,10532,107735,-97203,-452711,0.5
1900-01-20 18:45:00,7980.5,58668,7981.0,460579,6991,36000,-29009,-401911,0.5
1900-01-20 18:45:15,7980.5,451357,7981.0,591439,13893,43387,-29494,-140082,0.5
1900-01-20 18:45:30,7980.5,174629,7981.0,561757,37541,51335,-13794,-387128,0.5
1900-01-20 18:45:45,7980.5,1124844,7981.0,433681,37420,14481,22939,691163,0.5
1900-01-20 18:46:00,7980.5,1267076,7981.0,218870,30084,40679,-10595,1048206,0.5
1900-01-20 18:46:15,7981.0,1245763,7981.5,19091,304191,7063,297128,1226672,0.5
1900-01-20 18:46:30,7986.0,317210,7986.5,221716,29767,50,29717,95494,0.5
1900-01-20 18:46:45,7987.0,1633260,7987.5,16794,22165,2100,20065,1616466,0.5
1900-01-20 18:47:00,7988.0,313250,7988.5,441482,17683,5828,11855,-128232,0.5
1900-01-20 18:47:15,7984.0,1282035,7984.5,15962,49787,12495,37292,1266073,0.5
1900-01-20 18:47:30,7984.0,25870,7984.5,371835,7074,8434,-1360,-345965,0.5
1900-01-20 18:47:45,7984.0,140154,7984.5,482506,515,13298,-12783,-342352,0.5
1900-01-20 18:48:00,7984.0,167342,7984.5,482752,515,6291,-5776,-315410,0.5
1900-01-20 18:48:15,7984.0,432996,7984.5,461977,2198,21010,-18812,-28981,0.5
1900-01-20 18:48:30,7984.0,1314970,7984.5,68214,107077,1290,105787,1246756,0.5
1900-01-20 18:48:45,7985.5,558179,7986.0,56542,33632,61477,-27845,501637,0.5
1900-01-20 18:49:00,7985.5,189342,7986.0,593162,9705,669,9036,-403820,0.5
1900-01-20 18:49:15,7985.5,135422,7986.0,706398,1700,284,1416,-570976,0.5
1900-01-20 18:49:30,7985.5,130881,7986.0,664587,40561,1739,38822,-533706,0.5
1900-01-20 18:49:45,7985.5,350176,7986.0,562455,3106,1230,1876,-212279,0.5
1900-01-20 18:50:00,7987.0,751393,7987.5,51979,45674,2500,43174,699414,0.5
1900-01-20 18:50:15,7988.5,286753,7989.0,621332,73845,40,73805,-334579,0.5
1900-01-20 18:50:30,7988.5,341220,7989.0,561803,2230,46044,-43814,-220583,0.5
1900-01-20 18:50:45,7988.5,212234,7989.0,651011,1880,118241,-116361,-438777,0.5
1900-01-20 18:51:00,7988.5,189950,7989.0,653167,100,20259,-20159,-463217,0.5
1900-01-20 18:51:15,7988.5,136750,7989.0,774018,511,35782,-35271,-637268,0.5
1900-01-20 18:51:30,7985.0,26976,7985.5,672999,12460,62950,-50490,-646023,0.5
1900-01-20 18:51:45,7983.0,52873,7983.5,8753,41558,7382,34176,44120,0.5
1900-01-20 18:52:00,7983.5,1127726,7984.0,21716,45404,3426,41978,1106010,0.5
1900-01-20 18:52:15,7984.5,1010782,7985.0,9505,13462,13542,-80,1001277,0.5
1900-01-20 18:52:30,7988.5,637391,7989.0,195740,39997,2516,37481,441651,0.5
1900-01-20 18:52:45,7988.5,587890,7989.0,153922,51984,8456,43528,433968,0.5
1900-01-20 18:53:00,7988.5,963661,7989.0,10701,57905,800,57105,952960,0.5
1900-01-20 18:53:15,7988.5,1034658,7989.0,43404,6267,6179,88,991254,0.5
1900-01-20 18:53:30,7989.0,1487895,7989.5,56509,8506,1200,7306,1431386,0.5
1900-01-20 18:53:45,7989.5,1996102,7990.0,624941,411476,2000,409476,1371161,0.5
1900-01-20 18:54:00,7989.5,1521093,7990.0,209902,415597,1000,414597,1311191,0.5
1900-01-20 18:54:15,7990.0,881287,7990.5,547,182839,439,182400,880740,0.5
1900-01-20 18:54:30,7990.5,631830,7991.0,65743,15054,750,14304,566087,0.5
1900-01-20 18:54:45,7991.5,1043421,7992.0,19764,28773,682,28091,1023657,0.5
1900-01-20 18:55:00,7992.0,1383491,7992.5,17309,32807,6457,26350,1366182,0.5
1900-01-20 18:55:15,7992.5,946420,7993.0,85083,65257,15570,49687,861337,0.5
1900-01-20 18:55:30,7993.0,912909,7993.5,20349,16090,109,15981,892560,0.5
1900-01-20 18:55:45,7993.5,934952,7994.0,39663,67691,25,67666,895289,0.5
1900-01-20 18:56:00,7993.0,155916,7993.5,629894,13144,167741,-154597,-473978,0.5
1900-01-20 18:56:15,7986.5,539602,7987.0,320195,13180,204777,-191597,219407,0.5
1900-01-20 18:56:30,7989.5,224637,7990.0,54215,36175,15443,20732,170422,0.5
1900-01-20 18:56:45,7989.5,112395,7990.0,1134444,2701,2586,115,-1022049,0.5
1900-01-20 18:57:00,7989.5,20062,7990.0,1033070,39610,13667,25943,-1013008,0.5
1900-01-20 18:57:15,7989.0,50537,7989.5,578109,10,6699,-6689,-527572,0.5
1900-01-20 18:57:30,7989.0,24259,7989.5,717085,3218,2075,1143,-692826,0.5
1900-01-20 18:57:45,7986.5,12139,7987.0,587872,3257,247226,-243969,-575733,0.5
1900-01-20 18:58:00,7985.0,663534,7985.5,191289,9370,101600,-92230,472245,0.5
1900-01-20 18:58:15,7985.0,1607279,7985.5,47087,20078,811,19267,1560192,0.5
1900-01-20 18:58:30,7986.0,1232292,7986.5,5597,35669,10590,25079,1226695,0.5
1900-01-20 18:58:45,7989.0,1407704,7989.5,8447,29302,7281,22021,1399257,0.5
1900-01-20 18:59:00,7990.0,675248,7990.5,61279,11647,400,11247,613969,0.5
1900-01-20 18:59:15,7990.0,859731,7990.5,516381,49993,2233,47760,343350,0.5
1900-01-20 18:59:30,7990.0,762457,7990.5,460120,175,7795,-7620,302337,0.5
1900-01-20 18:59:45,7990.0,662222,7990.5,646596,6011,35242,-29231,15626,0.5
1900-01-20 19:00:00,7990.0,747307,7990.5,438065,3658,2000,1658,309242,0.5
1900-01-20 19:00:15,7990.0,963027,7990.5,281862,59424,295,59129,681165,0.5
1900-01-20 19:00:30,7990.0,1127479,7990.5,111127,58374,1212,57162,1016352,0.5
1900-01-20 19:00:45,7992.0,1645264,7992.5,798,21126,505,20621,1644466,0.5
1900-01-20 19:01:00,7994.0,568447,7994.5,92029,43862,127,43735,476418,0.5
1900-01-20 19:01:15,7994.0,189375,7994.5,704186,3547,32191,-28644,-514811,0.5
1900-01-20 19:01:30,7994.0,195418,7994.5,678753,50,9509,-9459,-483335,0.5
1900-01-20 19:01:45,7993.0,17448,7993.5,547197,303,35318,-35015,-529749,0.5
1900-01-20 19:02:00,7990.5,269804,7991.0,431634,4044,51593,-47549,-161830,0.5
1900-01-20 19:02:15,7990.5,87944,7991.0,736688,3837,33136,-29299,-648744,0.5
1900-01-20 19:02:30,7990.5,125126,7991.0,741952,200,2234,-2034,-616826,0.5
1900-01-20 19:02:45,7990.5,1026862,7991.0,298803,16194,32704,-16510,728059,0.5
1900-01-20 19:03:00,7990.5,309734,7991.0,573993,6000,17992,-11992,-264259,0.5
1900-01-20 19:03:15,7990.5,989670,7991.0,270248,20001,1000,19001,719422,0.5
1900-01-20 19:03:30,7990.5,203416,7991.0,497081,60498,3000,57498,-293665,0.5
1900-01-20 19:03:45,7990.5,215124,7991.0,475533,748,1002,-254,-260409,0.5
1900-01-20 19:04:00,7990.5,86293,7991.0,455450,500,88975,-88475,-369157,0.5
1900-01-20 19:04:15,7990.5,707444,7991.0,345680,6548,5185,1363,361764,0.5
1900-01-20 19:04:30,7990.5,580737,7991.0,348961,2200,860,1340,231776,0.5
1900-01-20 19:04:45,7991.5,774374,7992.0,722,98140,2853,95287,773652,0.5
1900-01-20 19:05:00,7993.5,812854,7994.0,28327,20157,6050,14107,784527,0.5
1900-01-20 19:05:15,7994.0,810017,7994.5,317591,133862,37,133825,492426,0.5
1900-01-20 19:05:30,7994.0,750682,7994.5,171060,229425,15256,214169,579622,0.5
1900-01-20 19:05:45,7994.0,737226,7994.5,121048,12400,16,12384,616178,0.5
1900-01-20 19:06:00,7994.0,1101102,7994.5,156991,2956,1238,1718,944111,0.5
1900-01-20 19:06:15,7999.5,1338050,8000.0,134486,246410,30543,215867,1203564,0.5
1900-01-20 19:06:30,8004.5,232579,8006.0,4,338004,106251,231753,232575,1.5
1900-01-20 19:06:45,8017.0,137693,8017.5,335415,214664,37431,177233,-197722,0.5
1900-01-20 19:07:00,8005.5,314692,8006.0,307974,65305,116114,-50809,6718,0.5
1900-01-20 19:07:15,8009.0,69515,8009.5,227285,52177,113818,-61641,-157770,0.5
1900-01-20 19:07:30,8009.0,72990,8009.5,253806,107529,28537,78992,-180816,0.5
1900-01-20 19:07:45,8008.5,91,8009.0,326918,28485,33819,-5334,-326827,0.5
1900-01-20 19:08:00,8008.5,106327,8009.0,365710,13947,163595,-149648,-259383,0.5
1900-01-20 19:08:15,8008.5,1183303,8009.0,68741,218206,18811,199395,1114562,0.5
1900-01-20 19:08:30,8014.5,551907,8015.0,336117,122212,2314,119898,215790,0.5
1900-01-20 19:08:45,8014.5,269363,8015.0,845986,91795,21434,70361,-576623,0.5
1900-01-20 19:09:00,8012.0,4570,8012.5,379630,4434,193866,-189432,-375060,0.5
1900-01-20 19:09:15,8009.5,634982,8010.0,3333,8157,90085,-81928,631649,0.5
1900-01-20 19:09:30,8012.5,57127,8013.0,581833,54856,23286,31570,-524706,0.5
1900-01-20 19:09:45,8012.0,692,8012.5,761669,10780,15295,-4515,-760977,0.5
1900-01-20 19:10:00,8009.5,569960,8010.0,96478,6483,21138,-14655,473482,0.5
1900-01-20 19:10:15,8007.0,11648,8007.5,632021,13017,131621,-118604,-620373,0.5
1900-01-20 19:10:30,8006.0,3858,8006.5,990223,6512,29772,-23260,-986365,0.5
1900-01-20 19:10:45,7996.0,97021,7996.5,85227,2826,143305,-140479,11794,0.5
1900-01-20 19:11:00,7990.0,107480,7990.5,602118,69055,198396,-129341,-494638,0.5
1900-01-20 19:11:15,7990.0,734913,7990.5,315859,44373,337093,-292720,419054,0.5
1900-01-20 19:11:30,7979.5,19787,7980.0,52728,50912,148318,-97406,-32941,0.5
1900-01-20 19:11:45,7977.0,582082,7977.5,198644,44115,489995,-445880,383438,0.5
1900-01-20 19:12:00,7988.0,373698,7988.5,342547,130925,110983,19942,31151,0.5
1900-01-20 19:12:15,7988.0,1212109,7988.5,150849,185638,2123,183515,1061260,0.5
1900-01-20 19:12:30,7992.5,666452,7993.0,12173,104352,17995,86357,654279,0.5
1900-01-20 19:12:45,7992.5,438450,7993.0,456230,178573,103606,74967,-17780,0.5
1900-01-20 19:13:00,7992.5,1206755,7993.0,216873,42109,902,41207,989882,0.5
1900-01-20 19:13:15,7992.5,573775,7993.0,494930,18143,11603,6540,78845,0.5
1900-01-20 19:13:30,7990.0,264867,7990.5,649285,5510,186854,-181344,-384418,0.5
1900-01-20 19:13:45,7989.5,5180,7990.0,951492,7100,211295,-204195,-946312,0.5
1900-01-20 19:14:00,7988.0,615632,7988.5,524875,23572,71475,-47903,90757,0.5
1900-01-20 19:14:15,7988.0,810224,7988.5,458263,4978,9372,-4394,351961,0.5
1900-01-20 19:14:30,7990.0,268487,7990.5,132936,70884,216,70668,135551,0.5
1900-01-20 19:14:45,7990.0,556930,7990.5,272555,65703,4603,61100,284375,0.5
1900-01-20 19:15:00,7992.0,325414,7992.5,404276,82374,35812,46562,-78862,0.5
1900-01-20 19:15:15,7992.0,241807,7992.5,641453,12474,29506,-17032,-399646,0.5
1900-01-20 19:15:30,7992.0,229023,7992.5,1253168,16141,5812,10329,-1024145,0.5
1900-01-20 19:15:45,7992.0,159929,7992.5,1372946,1939,38317,-36378,-1213017,0.5
1900-01-20 19:16:00,7992.0,183704,7992.5,1199665,107686,17311,90375,-1015961,0.5
1900-01-20 19:16:15,7990.0,50000,7990.5,623489,1664,23335,-21671,-573489,0.5
1900-01-20 19:16:30,7988.5,26438,7989.0,625149,3150,42724,-39574,-598711,0.5
1900-01-20 19:16:45,7985.0,80028,7985.5,1179338,27430,139404,-111974,-1099310,0.5
1900-01-20 19:17:00,7985.0,30502,7985.5,610431,2650,54175,-51525,-579929,0.5
1900-01-20 19:17:15,7984.5,41089,7985.0,378526,105515,15502,90013,-337437,0.5
1900-01-20 19:17:30,7984.5,29855,7985.0,371857,4554,7658,-3104,-342002,0.5
1900-01-20 19:17:45,7984.5,621750,7985.0,174651,150473,579,149894,447099,0.5
1900-01-20 19:18:00,7984.5,561863,7985.0,360031,9574,629,8945,201832,0.5
1900-01-20 19:18:15,7984.5,551170,7985.0,360690,1364,1500,-136,190480,0.5
1900-01-20 19:18:30,7984.5,946729,7985.0,220542,5976,100,5876,726187,0.5
1900-01-20 19:18:45,7990.0,2378204,7990.5,952,117021,2006,115015,2377252,0.5
1900-01-20 19:19:00,7992.0,822278,7992.5,464998,57768,1764,56004,357280,0.5
1900-01-20 19:19:15,7992.0,1403728,7992.5,472709,7032,2966,4066,931019,0.5
1900-01-20 19:19:30,7992.0,1600662,7992.5,395357,77401,2633,74768,1205305,0.5
1900-01-20 19:19:45,8000.5,770153,8001.0,76943,142329,426,141903,693210,0.5
1900-01-20 19:20:00,8005.0,1030445,8005.5,20840,170288,64738,105550,1009605,0.5
1900-01-20 19:20:15,8011.0,63255,8011.5,3743,108916,770,108146,59512,0.5
1900-01-20 19:20:30,8011.0,263623,8011.5,314013,113632,49842,63790,-50390,0.5
1900-01-20 19:20:45,8009.0,216860,8009.5,365668,9074,133879,-124805,-148808,0.5
1900-01-20 19:21:00,8009.0,669141,8009.5,181345,26677,55349,-28672,487796,0.5
1900-01-20 19:21:15,8012.5,700167,8013.0,50217,83971,24927,59044,649950,0.5
1900-01-20 19:21:30,8012.5,334346,8013.0,522686,21867,14642,7225,-188340,0.5
1900-01-20 19:21:45,8012.0,66610,8012.5,655844,16110,43572,-27462,-589234,0.5
1900-01-20 19:22:00,8012.0,616357,8012.5,602895,11413,28827,-17414,13462,0.5
1900-01-20 19:22:15,8009.5,186559,8010.0,641480,150,78756,-78606,-454921,0.5
1900-01-20 19:22:30,8004.5,215458,8005.0,576963,8392,185813,-177421,-361505,0.5
1900-01-20 19:22:45,8004.5,748047,8005.0,146099,18496,39452,-20956,601948,0.5
1900-01-20 19:23:00,8007.0,451219,8007.5,236590,54253,828,53425,214629,0.5
1900-01-20 19:23:15,8009.5,309576,8010.0,224682,129467,496,128971,84894,0.5
1900-01-20 19:23:30,8009.5,657815,8010.0,302967,73096,5551,67545,354848,0.5
1900-01-20 19:23:45,8009.5,579449,8010.0,338792,17401,3802,13599,240657,0.5
1900-01-20 19:24:00,8012.5,351258,8013.0,61915,83483,2821,80662,289343,0.5
1900-01-20 19:24:15,8013.0,89194,8013.5,380092,4615,8998,-4383,-290898,0.5
1900-01-20 19:24:30,8013.0,292421,8013.5,246851,5424,2195,3229,45570,0.5
1900-01-20 19:24:45,8013.0,588972,8013.5,227597,158336,21,158315,361375,0.5
1900-01-20 19:25:00,8013.5,740843,8014.0,291519,10873,267,10606,449324,0.5
1900-01-20 19:25:15,8013.5,871112,8014.0,5615,38558,11196,27362,865497,0.5
1900-01-20 19:25:30,8014.0,808751,8014.5,61963,44721,7863,36858,746788,0.5
1900-01-20 19:25:45,8014.0,671299,8014.5,92180,34569,719,33850,579119,0.5
1900-01-20 19:26:00,8014.0,120654,8014.5,926333,29350,37858,-8508,-805679,0.5
1900-01-20 19:26:15,8011.0,210736,8011.5,616477,3801,191003,-187202,-405741,0.5
1900-01-20 19:26:30,8011.0,193133,8011.5,654657,60540,209132,-148592,-461524,0.5
1900-01-20 19:26:45,8011.0,5867,8011.5,692473,11096,20520,-9424,-686606,0.5
1900-01-20 19:27:00,8010.5,4976,8011.0,710780,547,75433,-74886,-705804,0.5
1900-01-20 19:27:15,8010.0,303290,8010.5,564056,8881,22334,-13453,-260766,0.5
1900-01-20 19:27:30,8010.0,54091,8010.5,596900,3181,35414,-32233,-542809,0.5
1900-01-20 19:27:45,8013.0,932843,8013.5,65420,201358,12473,188885,867423,0.5
1900-01-20 19:28:00,8016.5,687894,8017.0,6347,84944,1783,83161,681547,0.5
1900-01-20 19:28:15,8023.0,932028,8023.5,56097,1048399,22596,1025803,875931,0.5
1900-01-20 19:28:30,8038.5,93738,8039.0,132889,1807916,78167,1729749,-39151,0.5
1900-01-20 19:28:45,8035.0,753788,8035.5,48797,780362,76419,703943,704991,0.5
1900-01-20 19:29:00,8067.5,1770254,8080.0,15627,4756298,105709,4650589,1754627,12.5
1900-01-20 19:29:15,8094.5,13213,8095.5,13500,1366000,393250,972750,-287,1.0
1900-01-20 19:29:30,8097.0,23074,8097.5,235030,665130,377483,287647,-211956,0.5
1900-01-20 19:29:45,8066.5,31500,8067.0,11255,142631,760164,-617533,20245,0.5
1900-01-20 19:30:00,8061.0,836600,8061.5,770042,43641,439202,-395561,66558,0.5
1900-01-20 19:30:15,8061.0,244421,8061.5,164558,444045,416739,27306,79863,0.5
1900-01-20 19:30:30,8061.5,687944,8062.0,81745,303193,92823,210370,606199,0.5
1900-01-20 19:30:45,8049.5,223194,8050.0,2767311,517297,405864,111433,-2544117,0.5
1900-01-20 19:31:00,8031.0,623203,8031.5,356423,181512,440437,-258925,266780,0.5
1900-01-20 19:31:15,8040.5,8258,8041.0,295604,266423,156161,110262,-287346,0.5
1900-01-20 19:31:30,8039.5,711283,8040.0,73051,66702,174025,-107323,638232,0.5
1900-01-20 19:31:45,8043.0,416686,8043.5,1098018,293844,75666,218178,-681332,0.5
1900-01-20 19:32:00,8028.5,41191,8029.0,2188710,158108,172478,-14370,-2147519,0.5
1900-01-20 19:32:15,8026.5,530955,8027.0,1329462,52730,276229,-223499,-798507,0.5
1900-01-20 19:32:30,8032.5,489952,8033.0,47628,794369,53539,740830,442324,0.5
1900-01-20 19:32:45,8038.5,994596,8039.0,354986,272763,140867,131896,639610,0.5
1900-01-20 19:33:00,8032.5,62337,8033.0,434892,382630,119173,263457,-372555,0.5
1900-01-20 19:33:15,8032.5,27367,8033.0,1100144,27528,72960,-45432,-1072777,0.5
1900-01-20 19:33:30,8033.5,751103,8034.0,4111,19469,28264,-8795,746992,0.5
1900-01-20 19:33:45,8036.0,774775,8036.5,348772,98293,1650,96643,426003,0.5
1900-01-20 19:34:00,8034.5,10300,8035.0,1013188,14470,85315,-70845,-1002888,0.5
1900-01-20 19:34:15,8040.0,832911,8040.5,4824,119800,20906,98894,828087,0.5
1900-01-20 19:34:30,8036.0,1535911,8036.5,13792,108458,53088,55370,1522119,0.5
1900-01-20 19:34:45,8036.0,253561,8036.5,1663941,18633,638560,-619927,-1410380,0.5
1900-01-20 19:35:00,8032.0,3224,8032.5,1781023,11241,185510,-174269,-1777799,0.5
1900-01-20 19:35:15,8030.5,24079,8031.0,1137235,4393,191767,-187374,-1113156,0.5
1900-01-20 19:35:30,8035.5,30394,8036.0,113937,56541,204438,-147897,-83543,0.5
1900-01-20 19:35:45,8035.5,2572,8036.0,1632599,23228,20665,2563,-1630027,0.5
1900-01-20 19:36:00,8025.5,801964,8026.0,254933,150637,155934,-5297,547031,0.5
1900-01-20 19:36:15,8020.0,303478,8020.5,402174,51411,647124,-595713,-98696,0.5
1900-01-20 19:36:30,8014.0,2185727,8014.5,64612,45461,501022,-455561,2121115,0.5
1900-01-20 19:36:45,8029.5,56740,8030.0,481113,193274,23068,170206,-424373,0.5
1900-01-20 19:37:00,8020.5,119621,8021.0,971698,124789,186861,-62072,-852077,0.5
1900-01-20 19:37:15,8029.5,368728,8030.0,12842,278595,12194,266401,355886,0.5
1900-01-20 19:37:30,8027.5,99619,8028.0,604793,21134,125310,-104176,-505174,0.5
1900-01-20 19:37:45,8027.0,39064,8027.5,1674597,113751,21060,92691,-1635533,0.5
1900-01-20 19:38:00,8021.0,1815138,8021.5,121518,89484,42901,46583,1693620,0.5
1900-01-20 19:38:15,8021.0,234991,8021.5,649950,80520,377590,-297070,-414959,0.5
1900-01-20 19:38:30,8021.0,270568,8021.5,764325,28333,48005,-19672,-493757,0.5
1900-01-20 19:38:45,8021.0,518898,8021.5,466496,20664,223017,-202353,52402,0.5
1900-01-20 19:39:00,8020.0,49375,8020.5,167949,6396,114347,-107951,-118574,0.5
1900-01-20 19:39:15,8020.0,380905,8020.5,302841,139809,48261,91548,78064,0.5
1900-01-20 19:39:30,8019.0,50751,8019.5,482759,10897,79576,-68679,-432008,0.5
1900-01-20 19:39:45,8011.5,70455,8012.0,1343531,17623,296135,-278512,-1273076,0.5
1900-01-20 19:40:00,8005.0,61654,8005.5,13673,60950,240630,-179680,47981,0.5
1900-01-20 19:40:15,7999.5,32822,8000.0,38279,54181,440316,-386135,-5457,0.5
1900-01-20 19:40:30,8004.0,355322,8004.5,254009,229201,48619,180582,101313,0.5
1900-01-20 19:40:45,8008.5,369903,8009.0,467438,117641,64055,53586,-97535,0.5
1900-01-20 19:41:00,8001.5,338590,8002.0,284719,246463,40284,206179,53871,0.5
1900-01-20 19:41:15,7989.0,2561,7989.5,33085,72735,541419,-468684,-30524,0.5
1900-01-20 19:41:30,7994.0,2798,7994.5,30750,302913,286819,16094,-27952,0.5
1900-01-20 19:41:45,8006.5,15582,8007.0,1336255,332367,32353,300014,-1320673,0.5
1900-01-20 19:42:00,7999.0,210653,7999.5,155961,216198,63901,152297,54692,0.5
1900-01-20 19:42:15,7990.5,82874,7991.0,959653,218693,51445,167248,-876779,0.5
1900-01-20 19:42:30,7990.5,303464,7991.0,212727,53979,27746,26233,90737,0.5
1900-01-20 19:42:45,7990.5,140662,7991.0,736580,66047,10343,55704,-595918,0.5
1900-01-20 19:43:00,7989.0,36918,7989.5,909087,34049,80747,-46698,-872169,0.5
1900-01-20 19:43:15,7965.0,186339,7965.5,69602,89152,894341,-805189,116737,0.5
1900-01-20 19:43:30,7955.5,4021,7956.0,56460,1068578,1543843,-475265,-52439,0.5
1900-01-20 19:43:45,7997.5,46199,7998.0,691106,962683,205983,756700,-644907,0.5
1900-01-20 19:44:00,7994.5,62022,7995.0,1625,424015,205689,218326,60397,0.5
1900-01-20 19:44:15,7981.5,10000,7985.0,8234,133598,329832,-196234,1766,3.5
1900-01-20 19:44:30,7988.0,77835,7988.5,1154561,349946,35221,314725,-1076726,0.5
1900-01-20 19:44:45,7980.0,7552,7980.5,436950,70373,13670,56703,-429398,0.5
1900-01-20 19:45:00,7977.0,56557,7977.5,4498,85920,227054,-141134,52059,0.5
1900-01-20 19:45:15,7977.0,498162,7977.5,373979,52881,142030,-89149,124183,0.5
1900-01-20 19:45:30,7977.0,692968,7977.5,334286,17027,69927,-52900,358682,0.5
1900-01-20 19:45:45,7965.0,53465,7965.5,722846,89916,233476,-143560,-669381,0.5
1900-01-20 19:46:00,7973.5,259291,7974.0,117259,104923,335226,-230303,142032,0.5
1900-01-20 19:46:15,7972.5,171675,7973.0,492400,88593,76078,12515,-320725,0.5
1900-01-20 19:46:30,7976.5,252842,7977.0,39456,273077,38999,234078,213386,0.5
1900-01-20 19:46:45,7977.0,752730,7977.5,43081,140733,32531,108202,709649,0.5
1900-01-20 19:47:00,7977.5,516687,7978.0,1389498,641126,53875,587251,-872811,0.5
1900-01-20 19:47:15,7969.5,5793,7970.0,773321,93753,91166,2587,-767528,0.5
1900-01-20 19:47:30,7962.5,17626,7963.0,446915,11771,114569,-102798,-429289,0.5
1900-01-20 19:47:45,7958.0,305303,7958.5,273009,119186,315298,-196112,32294,0.5
1900-01-20 19:48:00,7959.0,28618,7959.5,744925,119270,352825,-233555,-716307,0.5
1900-01-20 19:48:15,7959.0,101522,7959.5,136352,32308,94300,-61992,-34830,0.5
1900-01-20 19:48:30,7971.0,392585,7971.5,495416,247068,14879,232189,-102831,0.5
1900-01-20 19:48:45,7961.5,484523,7962.0,37810,99167,49540,49627,446713,0.5
1900-01-20 19:49:00,7965.5,280988,7966.0,682552,43321,12170,31151,-401564,0.5
1900-01-20 19:49:15,7962.0,13138,7962.5,245767,22217,21203,1014,-232629,0.5
1900-01-20 19:49:30,7959.5,277170,7960.0,19032,34431,20633,13798,258138,0.5
1900-01-20 19:49:45,7961.0,137356,7961.5,292521,83527,20353,63174,-155165,0.5
1900-01-20 19:50:00,7965.5,133234,7966.0,785692,308381,14082,294299,-652458,0.5
1900-01-20 19:50:15,7969.5,407868,7970.0,265490,414028,25027,389001,142378,0.5
1900-01-20 19:50:30,7977.0,33700,7977.5,312629,588603,15456,573147,-278929,0.5
1900-01-20 19:50:45,7977.0,613768,7977.5,313064,215046,24530,190516,300704,0.5
1900-01-20 19:51:00,7979.5,66841,7980.0,390876,426006,18062,407944,-324035,0.5
1900-01-20 19:51:15,7979.5,213671,7980.0,856473,191770,6348,185422,-642802,0.5
1900-01-20 19:51:30,7971.0,4714,7971.5,26640,9660,103776,-94116,-21926,0.5
1900-01-20 19:51:45,7971.0,126003,7971.5,295171,42592,108228,-65636,-169168,0.5
1900-01-20 19:52:00,7968.5,610,7969.0,544068,19671,27010,-7339,-543458,0.5
1900-01-20 19:52:15,7968.5,315618,7969.0,18648,22343,197175,-174832,296970,0.5
1900-01-20 19:52:30,7971.5,1017015,7972.0,58567,215160,255,214905,958448,0.5
1900-01-20 19:52:45,7978.5,522051,7979.0,272991,302364,4126,298238,249060,0.5
1900-01-20 19:53:00,7978.5,1096645,7979.0,49859,207982,2658,205324,1046786,0.5
1900-01-20 19:53:15,7976.0,467,7979.0,1057403,79364,36799,42565,-1056936,3.0
1900-01-20 19:53:30,7976.5,301843,7977.0,62543,106165,13111,93054,239300,0.5
1900-01-20 19:53:45,7976.5,447404,7977.0,729736,8027,6219,1808,-282332,0.5
1900-01-20 19:54:00,7977.0,774038,7977.5,290357,69063,384,68679,483681,0.5
1900-01-20 19:54:15,7980.0,442434,7980.5,64264,355068,13851,341217,378170,0.5
1900-01-20 19:54:30,7985.5,960191,7986.0,48443,191999,2983,189016,911748,0.5
1900-01-20 19:54:45,7985.5,143966,7986.0,1143776,174492,17045,157447,-999810,0.5
1900-01-20 19:55:00,7984.5,49768,7985.0,1064920,54139,70680,-16541,-1015152,0.5
1900-01-20 19:55:15,7981.5,31985,7982.0,471783,9415,51457,-42042,-439798,0.5
1900-01-20 19:55:30,7982.0,727359,7982.5,241018,109363,37907,71456,486341,0.5
1900-01-20 19:55:45,7984.5,604785,7985.0,162337,128631,6389,122242,442448,0.5
1900-01-20 19:56:00,7989.5,299869,7990.0,231173,882295,3535,878760,68696,0.5
1900-01-20 19:56:15,7989.5,143863,7990.0,495204,162478,8484,153994,-351341,0.5
1900-01-20 19:56:30,7989.5,146436,7990.0,1011045,8111,2900,5211,-864609,0.5
1900-01-20 19:56:45,7988.0,165293,7988.5,1221497,47306,145622,-98316,-1056204,0.5
1900-01-20 19:57:00,7988.0,280558,7988.5,1288920,5043,38750,-33707,-1008362,0.5
1900-01-20 19:57:15,7988.0,196145,7988.5,1302443,263,9220,-8957,-1106298,0.5
1900-01-20 19:57:30,7988.0,161289,7988.5,1323030,4621,127710,-123089,-1161741,0.5
1900-01-20 19:57:45,7987.5,10277,7988.0,1475233,24239,99042,-74803,-1464956,0.5
1900-01-20 19:58:00,7981.5,1628,7982.0,785061,501,138911,-138410,-783433,0.5
1900-01-20 19:58:15,7969.0,214350,7969.5,7466,61355,172011,-110656,206884,0.5
1900-01-20 19:58:30,7971.0,479219,7971.5,299962,117690,19460,98230,179257,0.5
1900-01-20 19:58:45,7971.0,89436,7971.5,1125108,22210,139749,-117539,-1035672,0.5
1900-01-20 19:59:00,7944.0,394853,7944.5,102811,32742,765585,-732843,292042,0.5
1900-01-20 19:59:15,7952.5,541565,7953.0,258818,278628,210619,68009,282747,0.5
1900-01-20 19:59:30,7958.5,454271,7959.0,178986,157174,22505,134669,275285,0.5
1900-01-20 19:59:45,7959.0,130232,7959.5,315903,97377,6842,90535,-185671,0.5
1900-01-20 20:00:00,7959.0,36551,7959.5,517332,101689,16634,85055,-480781,0.5
1900-01-20 20:00:15,7959.5,457512,7960.0,390074,145615,36902,108713,67438,0.5
1900-01-20 20:00:30,7969.5,461873,7970.0,74379,76539,8980,67559,387494,0.5
1900-01-20 20:00:45,7969.5,422300,7970.0,2267,89070,13317,75753,420033,0.5
1900-01-20 20:01:00,7974.5,630261,7975.0,153539,369672,14046,355626,476722,0.5
1900-01-20 20:01:15,7974.5,122241,7975.0,1964929,30860,84770,-53910,-1842688,0.5
1900-01-20 20:01:30,7969.0,16244,7969.5,1895703,10178,162494,-152316,-1879459,0.5
1900-01-20 20:01:45,7966.0,610900,7966.5,1108875,14082,70778,-56696,-497975,0.5
1900-01-20 20:02:00,7966.0,562951,7966.5,1240004,38008,67527,-29519,-677053,0.5
1900-01-20 20:02:15,7966.0,824167,7966.5,998101,124815,16262,108553,-173934,0.5
1900-01-20 20:02:30,7966.0,325356,7966.5,2199155,163515,7287,156228,-1873799,0.5
1900-01-20 20:02:45,7966.0,285159,7966.5,2209043,18488,37003,-18515,-1923884,0.5
1900-01-20 20:03:00,7966.0,211313,7966.5,2370989,22103,34340,-12237,-2159676,0.5
1900-01-20 20:03:15,7965.0,624442,7965.5,1747880,22103,726123,-704020,-1123438,0.5
1900-01-20 20:03:30,7956.0,28030,7956.5,11248,2574,600595,-598021,16782,0.5
1900-01-20 20:03:45,7963.0,207101,7963.5,55926,70128,193811,-123683,151175,0.5
1900-01-20 20:04:00,7959.0,145,7959.5,231763,2991,130903,-127912,-231618,0.5
1900-01-20 20:04:15,7957.0,497489,7957.5,192666,74375,47042,27333,304823,0.5
1900-01-20 20:04:30,7954.5,2686,7955.0,424977,36355,90953,-54598,-422291,0.5
1900-01-20 20:04:45,7950.5,88486,7951.0,185744,25846,41345,-15499,-97258,0.5
1900-01-20 20:05:00,7951.0,887636,7951.5,56,87180,117433,-30253,887580,0.5
1900-01-20 20:05:15,7957.5,44556,7958.0,10000,171121,18040,153081,34556,0.5
1900-01-20 20:05:30,7956.5,565232,7957.0,147578,21894,5676,16218,417654,0.5
1900-01-20 20:05:45,7956.5,46166,7957.0,544911,10875,16357,-5482,-498745,0.5
1900-01-20 20:06:00,7956.5,500075,7957.0,258285,9295,5342,3953,241790,0.5
1900-01-20 20:06:15,7956.5,396216,7957.0,351397,207442,6884,200558,44819,0.5
1900-01-20 20:06:30,7957.0,821910,7957.5,4608,13121,17516,-4395,817302,0.5
1900-01-20 20:06:45,7956.5,125676,7957.0,393348,112484,14523,97961,-267672,0.5
1900-01-20 20:07:00,7956.5,242911,7957.0,235782,1012,4383,-3371,7129,0.5
1900-01-20 20:07:15,7959.5,351917,7960.0,204510,77578,8250,69328,147407,0.5
1900-01-20 20:07:30,7958.0,1432,7958.5,564032,5046,9684,-4638,-562600,0.5
1900-01-20 20:07:45,7957.0,493849,7957.5,365972,8010,46051,-38041,127877,0.5
1900-01-20 20:08:00,7957.0,412276,7957.5,460358,8001,15740,-7739,-48082,0.5
1900-01-20 20:08:15,7957.0,249135,7957.5,405891,35006,1800,33206,-156756,0.5
1900-01-20 20:08:30,7957.0,583335,7957.5,390586,10326,9400,926,192749,0.5
1900-01-20 20:08:45,7956.5,13307,7957.0,1700347,10000,167419,-157419,-1687040,0.5
1900-01-20 20:09:00,7921.5,64152,7925.5,5000,13000,1436015,-1423015,59152,4.0
1900-01-20 20:09:15,7911.5,408,7914.0,16298,88381,3017457,-2929076,-15890,2.5
1900-01-20 20:09:30,7931.5,479103,7932.0,289147,359378,349440,9938,189956,0.5
1900-01-20 20:09:45,7931.5,593396,7932.0,232940,345200,108291,236909,360456,0.5
1900-01-20 20:10:00,7937.0,313096,7937.5,253223,263722,43758,219964,59873,0.5
1900-01-20 20:10:15,7930.0,8169,7930.5,682509,200621,66979,133642,-674340,0.5
1900-01-20 20:10:30,7923.0,292519,7923.5,896227,83285,457058,-373773,-603708,0.5
1900-01-20 20:10:45,7923.0,726178,7923.5,192729,50380,92687,-42307,533449,0.5
1900-01-20 20:11:00,7928.0,415465,7928.5,186811,262385,38728,223657,228654,0.5
1900-01-20 20:11:15,7938.0,112855,7938.5,6097,100452,14329,86123,106758,0.5
1900-01-20 20:11:30,7942.0,1271079,7942.5,23064,188188,45824,142364,1248015,0.5
1900-01-20 20:11:45,7953.5,928337,7954.0,1133993,231800,222216,9584,-205656,0.5
1900-01-20 20:12:00,7961.0,434156,7961.5,27184,299047,23388,275659,406972,0.5
1900-01-20 20:12:15,7965.0,721364,7965.5,371287,237522,32811,204711,350077,0.5
1900-01-20 20:12:30,7970.0,694278,7970.5,99688,1452086,23094,1428992,594590,0.5
1900-01-20 20:12:45,7970.5,147724,7971.0,577014,83921,47597,36324,-429290,0.5
1900-01-20 20:13:00,7968.5,150,7969.0,644205,35821,80419,-44598,-644055,0.5
1900-01-20 20:13:15,7942.0,1070047,7942.5,32337,191026,215013,-23987,1037710,0.5
1900-01-20 20:13:30,7955.5,38769,7956.0,621385,205949,36718,169231,-582616,0.5
1900-01-20 20:13:45,7955.5,719962,7956.0,55527,37651,45951,-8300,664435,0.5
1900-01-20 20:14:00,7962.5,253402,7963.0,14223,141269,58469,82800,239179,0.5
1900-01-20 20:14:15,7963.5,788584,7964.0,352454,30805,6656,24149,436130,0.5
1900-01-20 20:14:30,7963.0,266622,7963.5,522348,62236,99625,-37389,-255726,0.5
1900-01-20 20:14:45,7962.5,5071,7963.0,523042,15493,30253,-14760,-517971,0.5
1900-01-20 20:15:00,7962.5,404961,7963.0,603766,40199,26761,13438,-198805,0.5
1900-01-20 20:15:15,7962.0,72678,7962.5,309533,27563,13139,14424,-236855,0.5
1900-01-20 20:15:30,7962.0,16891,7962.5,961419,9070,68160,-59090,-944528,0.5
1900-01-20 20:15:45,7959.0,641577,7959.5,749889,4455,104913,-100458,-108312,0.5
1900-01-20 20:16:00,7959.0,1029942,7959.5,413391,23458,105883,-82425,616551,0.5
1900-01-20 20:16:15,7960.5,703120,7961.0,132789,53317,47194,6123,570331,0.5
1900-01-20 20:16:30,7963.5,466127,7964.0,102721,107339,100,107239,363406,0.5
1900-01-20 20:16:45,7967.5,790444,7968.0,49181,463368,18280,445088,741263,0.5
1900-01-20 20:17:00,7967.5,991751,7968.0,142342,142239,2,142237,849409,0.5
1900-01-20 20:17:15,7967.5,648123,7968.0,547950,65463,10179,55284,100173,0.5
1900-01-20 20:17:30,7967.5,680249,7968.0,546082,7659,15324,-7665,134167,0.5
1900-01-20 20:17:45,7967.5,1148343,7968.0,68539,43975,3723,40252,1079804,0.5
1900-01-20 20:18:00,7969.0,517786,7969.5,69113,10482,3723,6759,448673,0.5
1900-01-20 20:18:15,7972.0,249603,7972.5,297598,74764,5482,69282,-47995,0.5
1900-01-20 20:18:30,7972.5,676873,7973.0,1406,163679,77001,86678,675467,0.5
1900-01-20 20:18:45,7977.5,669292,7978.0,162031,146861,9030,137831,507261,0.5
1900-01-20 20:19:00,7977.5,1325147,7978.0,279165,60949,43294,17655,1045982,0.5
1900-01-20 20:19:15,7978.5,1175002,7979.0,299281,177679,1570,176109,875721,0.5
1900-01-20 20:19:30,7978.5,709861,7979.0,243652,145098,26884,118214,466209,0.5
1900-01-20 20:19:45,7978.5,178602,7979.0,308711,114141,11390,102751,-130109,0.5
1900-01-20 20:20:00,7977.5,532355,7978.0,778517,36223,179882,-143659,-246162,0.5
1900-01-20 20:20:15,7977.0,182629,7977.5,1094935,38802,323634,-284832,-912306,0.5
1900-01-20 20:20:30,7969.5,1354,7970.0,512652,347,180615,-180268,-511298,0.5
1900-01-20 20:20:45,7969.5,83570,7970.0,426180,16846,23746,-6900,-342610,0.5
1900-01-20 20:21:00,7969.5,7637,7970.0,822595,7431,14129,-6698,-814958,0.5
1900-01-20 20:21:15,7966.0,21114,7966.5,503475,5983,10808,-4825,-482361,0.5
1900-01-20 20:21:30,7966.0,413837,7966.5,389747,137585,10266,127319,24090,0.5
1900-01-20 20:21:45,7966.0,1403308,7966.5,24482,94615,1804,92811,1378826,0.5
1900-01-20 20:22:00,7971.0,106983,7971.5,166255,33839,20323,13516,-59272,0.5
1900-01-20 20:22:15,7971.0,150832,7971.5,141653,29232,14029,15203,9179,0.5
1900-01-20 20:22:30,7971.0,100899,7971.5,317535,39252,14161,25091,-216636,0.5
1900-01-20 20:22:45,7971.0,89562,7971.5,436402,1311,1299,12,-346840,0.5
1900-01-20 20:23:00,7971.0,91135,7971.5,309324,7021,5701,1320,-218189,0.5
1900-01-20 20:23:15,7971.0,25521,7971.5,709124,38,254855,-254817,-683603,0.5
1900-01-20 20:23:30,7971.0,1233768,7971.5,34785,28386,4329,24057,1198983,0.5
1900-01-20 20:23:45,7976.0,435092,7976.5,1265,81371,8000,73371,433827,0.5
1900-01-20 20:24:00,7978.5,134154,7979.0,427533,39157,3246,35911,-293379,0.5
1900-01-20 20:24:15,7978.5,230810,7979.0,483151,36551,3318,33233,-252341,0.5
1900-01-20 20:24:30,7978.5,148653,7979.0,538720,6502,37193,-30691,-390067,0.5
1900-01-20 20:24:45,7978.5,7597,7979.0,1053253,4,78957,-78953,-1045656,0.5
1900-01-20 20:25:00,7975.5,118284,7976.0,383669,23014,39000,-15986,-265385,0.5
1900-01-20 20:25:15,7978.5,620045,7979.0,435,62645,36776,25869,619610,0.5
1900-01-20 20:25:30,7978.5,564952,7979.0,151339,25261,205860,-180599,413613,0.5
1900-01-20 20:25:45,7979.5,962141,7980.0,170231,77256,20327,56929,791910,0.5
1900-01-20 20:26:00,7979.5,453494,7980.0,76350,114938,60507,54431,377144,0.5
1900-01-20 20:26:15,7979.5,121263,7980.0,578607,31110,29702,1408,-457344,0.5
1900-01-20 20:26:30,7975.0,712841,7975.5,29237,27118,57831,-30713,683604,0.5
1900-01-20 20:26:45,7978.5,226824,7979.0,448030,20142,45965,-25823,-221206,0.5
1900-01-20 20:27:00,7979.5,614991,7980.0,78579,48209,270,47939,536412,0.5
1900-01-20 20:27:15,7979.5,271368,7980.0,512368,14954,8451,6503,-241000,0.5
1900-01-20 20:27:30,7971.0,126285,7971.5,344830,4030,72485,-68455,-218545,0.5
1900-01-20 20:27:45,7971.5,89083,7972.0,673129,4671,58841,-54170,-584046,0.5
1900-01-20 20:28:00,7970.0,31550,7970.5,709545,4712,150153,-145441,-677995,0.5
1900-01-20 20:28:15,7968.0,9078,7968.5,673076,243,157404,-157161,-663998,0.5
1900-01-20 20:28:30,7967.0,70799,7967.5,438147,24301,86613,-62312,-367348,0.5
1900-01-20 20:28:45,7967.0,1252299,7967.5,63668,13746,1000,12746,1188631,0.5
1900-01-20 20:29:00,7967.0,201948,7967.5,338068,9338,2161,7177,-136120,0.5
1900-01-20 20:29:15,7967.0,139693,7967.5,642434,14969,16506,-1537,-502741,0.5
1900-01-20 20:29:30,7967.0,33584,7967.5,582785,500,49999,-49499,-549201,0.5
1900-01-20 20:29:45,7981.5,317905,7982.0,56311,43059,51892,-8833,261594,0.5
1900-01-20 20:30:00,7987.0,201129,7987.5,17164,306632,8680,297952,183965,0.5
1900-01-20 20:30:15,7989.0,821263,7989.5,45180,321448,18052,303396,776083,0.5
1900-01-20 20:30:30,7980.5,11424,7981.0,1689087,44797,450722,-405925,-1677663,0.5
1900-01-20 20:30:45,7976.0,1147982,7976.5,2188,119581,42388,77193,1145794,0.5
1900-01-20 20:31:00,7982.0,287248,7982.5,408647,13283,13434,-151,-121399,0.5
1900-01-20 20:31:15,7982.0,997395,7982.5,27512,13920,12098,1822,969883,0.5
1900-01-20 20:31:30,7976.5,209990,7977.0,715354,402,332940,-332538,-505364,0.5
1900-01-20 20:31:45,7984.0,707448,7984.5,11274,58678,32022,26656,696174,0.5
1900-01-20 20:32:00,7984.5,66700,7985.0,835727,14137,109220,-95083,-769027,0.5
1900-01-20 20:32:15,7982.0,47131,7982.5,930724,8753,24776,-16023,-883593,0.5
1900-01-20 20:32:30,7982.0,14477,7982.5,843035,10130,37496,-27366,-828558,0.5
1900-01-20 20:32:45,7977.0,5680,7977.5,706014,3010,74609,-71599,-700334,0.5
1900-01-20 20:33:00,7977.0,579674,7977.5,311497,3099,18633,-15534,268177,0.5
1900-01-20 20:33:15,7977.0,61544,7977.5,734565,4050,47201,-43151,-673021,0.5
1900-01-20 20:33:30,7976.5,9535,7977.0,1015893,951,84713,-83762,-1006358,0.5
1900-01-20 20:33:45,7975.5,190597,7976.0,916704,283,28957,-28674,-726107,0.5
1900-01-20 20:34:00,7975.5,241477,7976.0,785520,29064,12042,17022,-544043,0.5
1900-01-20 20:34:15,7975.5,187490,7976.0,693590,29550,34500,-4950,-506100,0.5
1900-01-20 20:34:30,7979.5,558478,7980.0,77132,191745,667,191078,481346,0.5
1900-01-20 20:34:45,7979.5,1053721,7980.0,22018,81013,10,81003,1031703,0.5
1900-01-20 20:35:00,7979.5,1141169,7980.0,28799,49097,471,48626,1112370,0.5
1900-01-20 20:35:15,7979.5,1107374,7980.0,95957,164644,6428,158216,1011417,0.5
1900-01-20 20:35:30,7979.5,279381,7980.0,590839,15000,54484,-39484,-311458,0.5
1900-01-20 20:35:45,7979.5,673032,7980.0,176920,9714,22995,-13281,496112,0.5
1900-01-20 20:36:00,7979.5,1290085,7980.0,5883,8130,61500,-53370,1284202,0.5
1900-01-20 20:36:15,7981.0,662577,7981.5,3429,2275,10000,-7725,659148,0.5
1900-01-20 20:36:30,7984.5,624272,7985.0,52194,110351,10000,100351,572078,0.5
1900-01-20 20:36:45,7990.0,919638,7990.5,55743,158185,52810,105375,863895,0.5
1900-01-20 20:37:00,7992.0,872847,7992.5,21177,62515,79303,-16788,851670,0.5
1900-01-20 20:37:15,7992.0,200081,7992.5,477906,63309,83709,-20400,-277825,0.5
1900-01-20 20:37:30,7992.0,276432,7992.5,469786,71476,89998,-18522,-193354,0.5
1900-01-20 20:37:45,7992.0,320454,7992.5,238841,20437,43927,-23490,81613,0.5
1900-01-20 20:38:00,7992.0,329818,7992.5,196885,19821,7626,12195,132933,0.5
1900-01-20 20:38:15,7992.0,204260,7992.5,272568,15045,17118,-2073,-68308,0.5
1900-01-20 20:38:30,7992.0,357974,7992.5,53936,57246,100,57146,304038,0.5
1900-01-20 20:38:45,7992.5,853456,7993.0,39759,30339,805,29534,813697,0.5
1900-01-20 20:39:00,7996.5,654824,7997.0,68521,125653,8515,117138,586303,0.5
1900-01-20 20:39:15,7996.5,575184,7997.0,72804,21104,9941,11163,502380,0.5
1900-01-20 20:39:30,7996.5,182630,7997.0,71551,32389,46553,-14164,111079,0.5
1900-01-20 20:39:45,7996.5,201308,7997.0,61956,20799,8006,12793,139352,0.5
1900-01-20 20:40:00,7998.5,1550468,7999.0,24823,186683,21127,165556,1525645,0.5
1900-01-20 20:40:15,7999.0,586443,7999.5,60490,87811,245,87566,525953,0.5
1900-01-20 20:40:30,7999.5,746548,8000.0,409663,693500,27763,665737,336885,0.5
1900-01-20 20:40:45,8001.5,609885,8002.0,754927,250042,6944,243098,-145042,0.5
1900-01-20 20:41:00,8001.5,92639,8002.0,1008428,59918,34188,25730,-915789,0.5
1900-01-20 20:41:15,7999.5,28582,8000.0,300018,14322,49549,-35227,-271436,0.5
1900-01-20 20:41:30,7996.0,6804,7996.5,403858,38263,15417,22846,-397054,0.5
1900-01-20 20:41:45,7993.5,58864,7994.0,824557,19050,657160,-638110,-765693,0.5
1900-01-20 20:42:00,7992.0,154770,7992.5,917763,1708,70359,-68651,-762993,0.5
1900-01-20 20:42:15,7992.0,1276424,7992.5,77780,8795,40517,-31722,1198644,0.5
1900-01-20 20:42:30,7995.5,760190,7996.0,29690,16249,13111,3138,730500,0.5
1900-01-20 20:42:45,8002.5,215211,8003.0,24131,739522,250,739272,191080,0.5
1900-01-20 20:43:00,8006.0,306546,8006.5,119429,201855,4668,197187,187117,0.5
1900-01-20 20:43:15,8014.5,93064,8015.0,576301,252776,32959,219817,-483237,0.5
1900-01-20 20:43:30,8004.0,39,8004.5,264211,19042,94619,-75577,-264172,0.5
1900-01-20 20:43:45,8001.5,519,8002.0,901562,4204,33273,-29069,-901043,0.5
1900-01-20 20:44:00,8000.5,148624,8001.0,592831,27474,164841,-137367,-444207,0.5
1900-01-20 20:44:15,8000.5,610310,8001.0,12494,78302,9153,69149,597816,0.5
1900-01-20 20:44:30,8009.5,231882,8010.0,26066,31178,20146,11032,205816,0.5
1900-01-20 20:44:45,8012.0,443552,8012.5,36511,22680,13498,9182,407041,0.5
1900-01-20 20:45:00,8022.0,244576,8022.5,62139,101975,9486,92489,182437,0.5
1900-01-20 20:45:15,8033.0,173324,8033.5,222055,491116,114795,376321,-48731,0.5
1900-01-20 20:45:30,8025.0,230817,8025.5,1124855,107169,513717,-406548,-894038,0.5
1900-01-20 20:45:45,8016.0,479071,8016.5,373322,66701,209903,-143202,105749,0.5
1900-01-20 20:46:00,8012.5,38954,8013.0,587526,20017,182233,-162216,-548572,0.5
1900-01-20 20:46:15,8007.5,833093,8008.0,2322,27655,176919,-149264,830771,0.5
1900-01-20 20:46:30,8012.5,152201,8013.0,472497,36831,54071,-17240,-320296,0.5
1900-01-20 20:46:45,8012.5,45697,8013.0,689061,47425,48555,-1130,-643364,0.5
1900-01-20 20:47:00,8012.0,403712,8012.5,319924,125533,32376,93157,83788,0.5
1900-01-20 20:47:15,8006.5,550428,8007.0,258614,2916,40489,-37573,291814,0.5
1900-01-20 20:47:30,8004.0,5072,8004.5,29482,1211,141452,-140241,-24410,0.5
1900-01-20 20:47:45,8004.0,391954,8004.5,252529,9247,67375,-58128,139425,0.5
1900-01-20 20:48:00,8004.0,59527,8004.5,983600,15403,91984,-76581,-924073,0.5
1900-01-20 20:48:15,8003.0,531687,8003.5,378924,924,33314,-32390,152763,0.5
1900-01-20 20:48:30,8003.0,519356,8003.5,278751,19451,162732,-143281,240605,0.5
1900-01-20 20:48:45,8003.0,766348,8003.5,353313,6750,12875,-6125,413035,0.5
1900-01-20 20:49:00,8006.5,816398,8007.0,43746,43667,2260,41407,772652,0.5
1900-01-20 20:49:15,8009.0,776693,8009.5,22524,64520,101,64419,754169,0.5
1900-01-20 20:49:30,8009.0,156386,8009.5,485182,3975,20913,-16938,-328796,0.5
1900-01-20 20:49:45,7993.5,1552731,7994.0,65393,14640,127408,-112768,1487338,0.5
1900-01-20 20:50:00,7993.5,607689,7994.0,979885,145370,1429095,-1283725,-372196,0.5
1900-01-20 20:50:15,7999.0,364806,7999.5,89210,151317,61082,90235,275596,0.5
1900-01-20 20:50:30,7999.0,390785,7999.5,223370,107268,2699,104569,167415,0.5
1900-01-20 20:50:45,7999.0,71393,7999.5,530708,88821,17182,71639,-459315,0.5
1900-01-20 20:51:00,7999.0,1140164,7999.5,5287,102649,24353,78296,1134877,0.5
1900-01-20 20:51:15,7999.5,203078,8000.0,471422,9707,79764,-70057,-268344,0.5
1900-01-20 20:51:30,7999.5,955013,8000.0,3741,45213,4000,41213,951272,0.5
1900-01-20 20:51:45,8004.5,600694,8005.0,20985,22157,5460,16697,579709,0.5
1900-01-20 20:52:00,8004.5,212700,8005.0,569920,47812,64723,-16911,-357220,0.5
1900-01-20 20:52:15,8005.0,948501,8005.5,16775,12587,516,12071,931726,0.5
1900-01-20 20:52:30,8005.0,413110,8005.5,628181,2214,19619,-17405,-215071,0.5
1900-01-20 20:52:45,8005.0,70929,8005.5,702440,16773,12924,3849,-631511,0.5
1900-01-20 20:53:00,8002.5,496043,8003.0,106886,714,151742,-151028,389157,0.5
1900-01-20 20:53:15,8007.5,610292,8008.0,1445,29820,14096,15724,608847,0.5
1900-01-20 20:53:30,8011.0,661240,8011.5,18230,38563,4677,33886,643010,0.5
1900-01-20 20:53:45,8014.0,485479,8014.5,478689,11964,4814,7150,6790,0.5
1900-01-20 20:54:00,8018.0,265048,8018.5,1023684,44026,1300,42726,-758636,0.5
1900-01-20 20:54:15,8018.0,199682,8018.5,606956,85730,29241,56489,-407274,0.5
1900-01-20 20:54:30,8022.5,929187,8023.0,744,98641,29102,69539,928443,0.5
1900-01-20 20:54:45,8029.0,107441,8029.5,162508,231111,46087,185024,-55067,0.5
1900-01-20 20:55:00,8029.0,135556,8029.5,665444,41771,35792,5979,-529888,0.5
1900-01-20 20:55:15,8032.5,205664,8033.0,187433,211879,151974,59905,18231,0.5
1900-01-20 20:55:30,8027.0,475586,8027.5,174399,36827,31754,5073,301187,0.5
1900-01-20 20:55:45,8017.5,85803,8018.0,535291,9100,158033,-148933,-449488,0.5
1900-01-20 20:56:00,8011.0,1114883,8011.5,141877,74758,84384,-9626,973006,0.5
1900-01-20 20:56:15,8015.0,552069,8016.5,23879,120332,14900,105432,528190,1.5
1900-01-20 20:56:30,8021.5,763577,8022.0,16682,36844,10944,25900,746895,0.5
1900-01-20 20:56:45,8027.5,748739,8028.0,272164,202056,8511,193545,476575,0.5
1900-01-20 20:57:00,8034.5,694,8035.0,527180,230984,52620,178364,-526486,0.5
1900-01-20 20:57:15,8030.5,10296,8031.0,643040,82695,87734,-5039,-632744,0.5
1900-01-20 20:57:30,8030.5,6146,8031.0,698759,15731,18294,-2563,-692613,0.5
1900-01-20 20:57:45,8026.5,20307,8027.0,782146,9344,337498,-328154,-761839,0.5
1900-01-20 20:58:00,8030.5,151799,8031.0,9743,48807,119492,-70685,142056,0.5
1900-01-20 20:58:15,8032.0,689562,8032.5,18088,33064,1702,31362,671474,0.5
1900-01-20 20:58:30,8034.5,311002,8035.0,71082,200711,46001,154710,239920,0.5
1900-01-20 20:58:45,8035.0,626874,8035.5,1110,44343,5312,39031,625764,0.5
1900-01-20 20:59:00,8040.0,538287,8040.5,22205,90641,34396,56245,516082,0.5
1900-01-20 20:59:15,8040.0,300961,8040.5,290097,136389,237832,-101443,10864,0.5
1900-01-20 20:59:30,8040.0,140990,8040.5,380036,20899,159020,-138121,-239046,0.5
1900-01-20 20:59:45,8024.5,20685,8025.5,153305,4796,301329,-296533,-132620,1.0
1900-01-20 21:00:00,8024.5,545053,8025.0,16214,28416,20523,7893,528839,0.5
1900-01-20 21:00:15,8024.5,290842,8025.0,596589,146747,117263,29484,-305747,0.5
1900-01-20 21:00:30,8024.5,390963,8025.0,821267,39670,19555,20115,-430304,0.5
1900-01-20 21:00:45,8025.5,543859,8026.0,166,38283,31774,6509,543693,0.5
1900-01-20 21:01:00,8030.5,777159,8031.0,52741,89529,34355,55174,724418,0.5
1900-01-20 21:01:15,8030.5,497063,8031.0,289194,20249,7026,13223,207869,0.5
1900-01-20 21:01:30,8033.5,799165,8034.0,62869,28174,12451,15723,736296,0.5
1900-01-20 21:01:45,8040.0,1081597,8040.5,52810,58132,1135,56997,1028787,0.5
1900-01-20 21:02:00,8045.0,10770,8045.5,845332,115237,92351,22886,-834562,0.5
1900-01-20 21:02:15,8037.0,621730,8037.5,450227,12115,138899,-126784,171503,0.5
1900-01-20 21:02:30,8037.0,392303,8037.5,494188,18444,23081,-4637,-101885,0.5
1900-01-20 21:02:45,8037.0,190429,8037.5,542591,3441,10352,-6911,-352162,0.5
1900-01-20 21:03:00,8033.0,2938,8036.0,887626,12562,98452,-85890,-884688,3.0
1900-01-20 21:03:15,8030.0,93385,8030.5,993042,30638,140839,-110201,-899657,0.5
1900-01-20 21:03:30,8028.0,606773,8028.5,618435,890,108006,-107116,-11662,0.5
1900-01-20 21:03:45,8031.5,110308,8032.0,193,19936,16388,3548,110115,0.5
1900-01-20 21:04:00,8032.5,1110915,8033.0,14006,88633,15131,73502,1096909,0.5
1900-01-20 21:04:15,8034.5,706134,8035.0,271742,42539,17107,25432,434392,0.5
1900-01-20 21:04:30,8034.5,770214,8035.0,282774,37794,15409,22385,487440,0.5
1900-01-20 21:04:45,8034.5,962892,8035.0,48662,181867,6759,175108,914230,0.5
1900-01-20 21:05:00,8037.5,261125,8038.0,5683,77852,8190,69662,255442,0.5
1900-01-20 21:05:15,8035.0,29123,8035.5,430808,19170,54792,-35622,-401685,0.5
1900-01-20 21:05:30,8035.0,140004,8035.5,963913,10124,46900,-36776,-823909,0.5
1900-01-20 21:05:45,8031.5,64956,8032.0,494657,5001,70100,-65099,-429701,0.5
1900-01-20 21:06:00,8031.5,1324116,8032.0,127706,7534,18364,-10830,1196410,0.5
1900-01-20 21:06:15,8035.5,268280,8036.0,671872,101778,2807,98971,-403592,0.5
1900-01-20 21:06:30,8035.5,641463,8036.0,49019,63809,19193,44616,592444,0.5
1900-01-20 21:06:45,8037.5,709080,8038.0,28896,58355,3031,55324,680184,0.5
1900-01-20 21:07:00,8038.0,980287,8038.5,1318,30332,31305,-973,978969,0.5
1900-01-20 21:07:15,8042.0,497967,8042.5,143731,33576,6227,27349,354236,0.5
1900-01-20 21:07:30,8042.0,160267,8042.5,1040935,26713,29520,-2807,-880668,0.5
1900-01-20 21:07:45,8041.0,105643,8041.5,610374,3624,98461,-94837,-504731,0.5
1900-01-20 21:08:00,8041.0,35601,8041.5,1073933,5728,104830,-99102,-1038332,0.5
1900-01-20 21:08:15,8040.5,188727,8041.0,789266,1132,20527,-19395,-600539,0.5
1900-01-20 21:08:30,8039.5,51159,8040.0,737384,74525,134980,-60455,-686225,0.5
1900-01-20 21:08:45,8038.0,11409,8038.5,720232,510,36208,-35698,-708823,0.5
1900-01-20 21:09:00,8034.0,1045273,8034.5,18041,17331,22733,-5402,1027232,0.5
1900-01-20 21:09:15,8037.5,623701,8038.0,118958,13218,5514,7704,504743,0.5
1900-01-20 21:09:30,8039.5,793138,8040.0,145497,91149,2127,89022,647641,0.5
1900-01-20 21:09:45,8039.5,983663,8040.0,16685,102433,50556,51877,966978,0.5
1900-01-20 21:10:00,8045.0,463842,8045.5,86777,59019,25876,33143,377065,0.5
1900-01-20 21:10:15,8037.0,558326,8037.5,98143,5666,153392,-147726,460183,0.5
1900-01-20 21:10:30,8039.0,470043,8039.5,1161,45040,153392,-108352,468882,0.5
1900-01-20 21:10:45,8040.5,46553,8041.0,380348,2490,2250,240,-333795,0.5
1900-01-20 21:11:00,8040.5,518301,8041.0,86566,19969,11330,8639,431735,0.5
1900-01-20 21:11:15,8043.5,622619,8044.0,59377,45926,2207,43719,563242,0.5
1900-01-20 21:11:30,8044.0,610213,8044.5,3215,49710,8154,41556,606998,0.5
1900-01-20 21:11:45,8047.5,743765,8048.0,27702,101039,55423,45616,716063,0.5
1900-01-20 21:12:00,8051.0,8922,8051.5,476079,337491,382944,-45453,-467157,0.5
1900-01-20 21:12:15,8051.0,4357,8051.5,487428,28914,140872,-111958,-483071,0.5
1900-01-20 21:12:30,8048.0,778905,8048.5,108673,23759,64210,-40451,670232,0.5
1900-01-20 21:12:45,8051.5,260706,8052.0,376575,70243,25316,44927,-115869,0.5
1900-01-20 21:13:00,8050.5,247623,8051.0,44359,38864,73171,-34307,203264,0.5
1900-01-20 21:13:15,8051.5,1711480,8052.0,442079,60371,14311,46060,1269401,0.5
1900-01-20 21:13:30,8055.5,372275,8059.5,142856,552567,3006,549561,229419,4.0
1900-01-20 21:13:45,8059.0,169176,8059.5,241626,356420,140294,216126,-72450,0.5
1900-01-20 21:14:00,8057.0,235771,8057.5,677362,3121,68499,-65378,-441591,0.5
1900-01-20 21:14:15,8057.0,138305,8057.5,636148,49722,6206,43516,-497843,0.5
1900-01-20 21:14:30,8053.0,592761,8053.5,133989,31104,119156,-88052,458772,0.5
1900-01-20 21:14:45,8053.0,766775,8053.5,13266,175793,43564,132229,753509,0.5
1900-01-20 21:15:00,8057.5,30162,8058.0,673481,71605,14726,56879,-643319,0.5
1900-01-20 21:15:15,8060.5,461170,8061.0,102235,108280,159958,-51678,358935,0.5
1900-01-20 21:15:30,8072.0,107988,8072.5,9878,229268,67083,162185,98110,0.5
1900-01-20 21:15:45,8055.5,106379,8056.0,159616,116768,338071,-221303,-53237,0.5
1900-01-20 21:16:00,8064.5,499338,8065.0,33582,175496,137500,37996,465756,0.5
1900-01-20 21:16:15,8069.5,229559,8070.0,522136,271358,48986,222372,-292577,0.5
1900-01-20 21:16:30,8072.5,584213,8073.0,4055,411177,14662,396515,580158,0.5
1900-01-20 21:16:45,8074.5,214722,8075.0,530643,424676,35108,389568,-315921,0.5
1900-01-20 21:17:00,8074.5,457945,8075.0,161764,155229,22231,132998,296181,0.5
1900-01-20 21:17:15,8075.0,560628,8075.5,216521,159959,275689,-115730,344107,0.5
1900-01-20 21:17:30,8076.5,615197,8077.0,64556,159089,122049,37040,550641,0.5
1900-01-20 21:17:45,8074.5,40286,8075.0,439361,55714,245435,-189721,-399075,0.5
1900-01-20 21:18:00,8069.0,24273,8069.5,181861,67436,183779,-116343,-157588,0.5
1900-01-20 21:18:15,8069.0,745000,8069.5,54635,29323,77171,-47848,690365,0.5
1900-01-20 21:18:30,8070.5,914914,8071.0,253269,240697,8063,232634,661645,0.5
1900-01-20 21:18:45,8063.0,33736,8063.5,906867,251421,274342,-22921,-873131,0.5
1900-01-20 21:19:00,8055.5,4371,8056.0,240719,51967,251348,-199381,-236348,0.5
1900-01-20 21:19:15,8042.5,76,8043.0,19738,132189,532508,-400319,-19662,0.5
1900-01-20 21:19:30,8043.5,595797,8044.0,154315,165563,304922,-139359,441482,0.5
1900-01-20 21:19:45,8046.5,465620,8047.0,11721,116951,38042,78909,453899,0.5
1900-01-20 21:20:00,8056.5,211325,8057.0,539865,97285,16664,80621,-328540,0.5
1900-01-20 21:20:15,8064.0,562532,8064.5,252552,89946,29967,59979,309980,0.5
1900-01-20 21:20:30,8064.5,461585,8065.0,348484,136161,12991,123170,113101,0.5
1900-01-20 21:20:45,8064.5,84985,8065.0,563606,109089,166415,-57326,-478621,0.5
1900-01-20 21:21:00,8056.5,13500,8057.0,2079616,223912,223098,814,-2066116,0.5
1900-01-20 21:21:15,8052.5,201527,8053.0,427910,70121,107280,-37159,-226383,0.5
1900-01-20 21:21:30,8044.5,35287,8045.0,518407,78480,120729,-42249,-483120,0.5
1900-01-20 21:21:45,8040.0,298851,8061.0,12955,274818,289701,-14883,285896,21.0
1900-01-20 21:22:00,8054.5,405490,8055.0,294343,30668,41074,-10406,111147,0.5
1900-01-20 21:22:15,8058.5,669705,8059.0,291799,81031,23363,57668,377906,0.5
1900-01-20 21:22:30,8058.5,654845,8059.0,485026,48296,8989,39307,169819,0.5
1900-01-20 21:22:45,8058.5,534194,8059.0,220729,38708,4796,33912,313465,0.5
1900-01-20 21:23:00,8059.0,655642,8059.5,6862,136258,20206,116052,648780,0.5
1900-01-20 21:23:15,8059.5,441191,8060.0,134674,108366,12133,96233,306517,0.5
1900-01-20 21:23:30,8059.5,572582,8060.0,51615,16970,11895,5075,520967,0.5
1900-01-20 21:23:45,8059.5,127106,8060.0,586404,16970,125716,-108746,-459298,0.5
1900-01-20 21:24:00,8058.5,31258,8059.0,641961,21957,72293,-50336,-610703,0.5
1900-01-20 21:24:15,8057.0,827093,8057.5,519249,9645,16566,-6921,307844,0.5
1900-01-20 21:24:30,8057.0,1078394,8057.5,55554,53180,16000,37180,1022840,0.5
1900-01-20 21:24:45,8061.5,760179,8062.0,24811,91313,531,90782,735368,0.5
1900-01-20 21:25:00,8067.0,417539,8067.5,5836,90251,17807,72444,411703,0.5
1900-01-20 21:25:15,8069.5,400991,8070.0,69537,110036,17336,92700,331454,0.5
1900-01-20 21:25:30,8072.5,64960,8073.0,418689,57448,144140,-86692,-353729,0.5
1900-01-20 21:25:45,8072.0,274886,8072.5,282137,57414,183084,-125670,-7251,0.5
1900-01-20 21:26:00,8063.0,736502,8063.5,49629,22538,320255,-297717,686873,0.5
1900-01-20 21:26:15,8066.5,339478,8067.0,7043,29872,12000,17872,332435,0.5
1900-01-20 21:26:30,8066.5,314880,8067.0,331804,36076,20807,15269,-16924,0.5
1900-01-20 21:26:45,8066.5,630225,8067.0,419819,65550,84803,-19253,210406,0.5
1900-01-20 21:27:00,8066.5,566102,8067.0,558952,16001,17238,-1237,7150,0.5
1900-01-20 21:27:15,8066.5,615227,8067.0,601246,31284,26535,4749,13981,0.5
1900-01-20 21:27:30,8066.5,791436,8067.0,559890,33853,83577,-49724,231546,0.5
1900-01-20 21:27:45,8066.5,788765,8067.0,422825,38881,14652,24229,365940,0.5
1900-01-20 21:28:00,8066.5,728557,8067.0,198617,75852,13266,62586,529940,0.5
1900-01-20 21:28:15,8067.5,303469,8068.0,25049,36409,32050,4359,278420,0.5
1900-01-20 21:28:30,8068.0,738265,8068.5,49341,49391,1167,48224,688924,0.5
1900-01-20 21:28:45,8068.5,600050,8069.0,242629,13786,29083,-15297,357421,0.5
1900-01-20 21:29:00,8068.5,171807,8069.0,669659,21005,220570,-199565,-497852,0.5
1900-01-20 21:29:15,8067.5,63367,8068.0,686006,91929,306812,-214883,-622639,0.5
1900-01-20 21:29:30,8067.0,149138,8067.5,584634,60876,75108,-14232,-435496,0.5
1900-01-20 21:29:45,8066.5,86910,8067.0,1140036,700,272034,-271334,-1053126,0.5
1900-01-20 21:30:00,8065.0,418368,8065.5,844556,7682,264986,-257304,-426188,0.5
1900-01-20 21:30:15,8065.0,306130,8065.5,774875,52291,159898,-107607,-468745,0.5
1900-01-20 21:30:30,8065.0,134028,8065.5,818690,19548,113122,-93574,-684662,0.5
1900-01-20 21:30:45,8045.5,807532,8046.0,56886,32279,193415,-161136,750646,0.5
1900-01-20 21:31:00,8050.0,356757,8050.5,202077,40414,48156,-7742,154680,0.5
1900-01-20 21:31:15,8050.0,148620,8050.5,280140,149185,106108,43077,-131520,0.5
1900-01-20 21:31:30,8048.0,40646,8048.5,518965,78,261052,-260974,-478319,0.5
1900-01-20 21:31:45,8046.0,266817,8046.5,311527,14221,31194,-16973,-44710,0.5
1900-01-20 21:32:00,8046.0,454952,8046.5,290058,112138,53017,59121,164894,0.5
1900-01-20 21:32:15,8046.0,345860,8046.5,337990,14049,36002,-21953,7870,0.5
1900-01-20 21:32:30,8046.0,222093,8046.5,386115,54,89286,-89232,-164022,0.5
1900-01-20 21:32:45,8038.5,101747,8039.0,291701,12948,114952,-102004,-189954,0.5
1900-01-20 21:33:00,8039.5,215353,8040.0,220006,18019,185209,-167190,-4653,0.5
1900-01-20 21:33:15,8042.5,430838,8043.0,182463,117879,26050,91829,248375,0.5
1900-01-20 21:33:30,8046.5,515160,8047.0,6423,16073,28022,-11949,508737,0.5
1900-01-20 21:33:45,8048.0,673285,8048.5,39411,13671,24128,-10457,633874,0.5
1900-01-20 21:34:00,8049.0,348263,8049.5,10333,28559,39792,-11233,337930,0.5
1900-01-20 21:34:15,8051.5,381800,8052.0,321305,48293,8150,40143,60495,0.5
1900-01-20 21:34:30,8051.0,35794,8051.5,761746,33135,72501,-39366,-725952,0.5
1900-01-20 21:34:45,8048.5,213958,8049.0,402534,2891,69479,-66588,-188576,0.5
1900-01-20 21:35:00,8048.5,639331,8049.0,221758,38499,28770,9729,417573,0.5
1900-01-20 21:35:15,8048.5,668170,8049.0,58044,5759,6198,-439,610126,0.5
1900-01-20 21:35:30,8049.5,474621,8050.0,102555,71526,15434,56092,372066,0.5
1900-01-20 21:35:45,8050.5,724281,8051.0,22458,78737,14909,63828,701823,0.5
1900-01-20 21:36:00,8051.0,780963,8051.5,182251,59326,79210,-19884,598712,0.5
1900-01-20 21:36:15,8053.0,687601,8053.5,47492,170481,2781,167700,640109,0.5
1900-01-20 21:36:30,8055.0,296389,8055.5,434213,62647,54766,7881,-137824,0.5
1900-01-20 21:36:45,8055.0,655601,8055.5,76300,34652,25110,9542,579301,0.5
1900-01-20 21:37:00,8055.0,475342,8055.5,178680,35224,8955,26269,296662,0.5
1900-01-20 21:37:15,8055.0,86881,8055.5,304781,421,88550,-88129,-217900,0.5
1900-01-20 21:37:30,8051.5,539469,8052.0,277297,11902,42857,-30955,262172,0.5
1900-01-20 21:37:45,8051.5,558791,8052.0,70542,97159,112558,-15399,488249,0.5
1900-01-20 21:38:00,8051.5,1193417,8052.0,21513,5467,8502,-3035,1171904,0.5
1900-01-20 21:38:15,8053.0,784476,8053.5,9863,3278,3226,52,774613,0.5
1900-01-20 21:38:30,8053.5,705200,8054.0,66279,34918,4160,30758,638921,0.5
1900-01-20 21:38:45,8056.0,609827,8056.5,242818,73347,2654,70693,367009,0.5
1900-01-20 21:39:00,8056.0,783941,8056.5,494624,73347,2074,71273,289317,0.5
1900-01-20 21:39:15,8056.0,1005071,8056.5,201172,60488,90350,-29862,803899,0.5
1900-01-20 21:39:30,8058.5,403517,8059.0,301563,52815,35542,17273,101954,0.5
1900-01-20 21:39:45,8058.5,358607,8059.0,125969,140730,10219,130511,232638,0.5
1900-01-20 21:40:00,8058.5,295275,8059.0,573918,15088,47103,-32015,-278643,0.5
1900-01-20 21:40:15,8058.5,240207,8059.0,615618,3050,53305,-50255,-375411,0.5
1900-01-20 21:40:30,8058.5,166180,8059.0,596652,1473,32923,-31450,-430472,0.5
1900-01-20 21:40:45,8058.5,324580,8059.0,193711,42893,21824,21069,130869,0.5
1900-01-20 21:41:00,8058.5,806013,8059.0,22783,101038,1503,99535,783230,0.5
1900-01-20 21:41:15,8059.5,725600,8060.0,541143,18745,5063,13682,184457,0.5
1900-01-20 21:41:30,8059.5,751773,8060.0,356143,222318,48307,174011,395630,0.5
1900-01-20 21:41:45,8059.5,1036115,8060.0,267579,89712,611,89101,768536,0.5
1900-01-20 21:42:00,8061.0,857394,8061.5,7314,55843,5235,50608,850080,0.5
1900-01-20 21:42:15,8065.0,939318,8065.5,15665,54295,1910,52385,923653,0.5
1900-01-20 21:42:30,8071.5,469254,8072.0,78841,107254,13149,94105,390413,0.5
1900-01-20 21:42:45,8072.5,928512,8073.0,28673,63906,4173,59733,899839,0.5
1900-01-20 21:43:00,8082.0,48637,8082.5,26888,503946,16800,487146,21749,0.5
1900-01-20 21:43:15,8066.5,661053,8067.0,319425,434463,405954,28509,341628,0.5
1900-01-20 21:43:30,8066.5,1262618,8067.0,107400,64886,37899,26987,1155218,0.5
1900-01-20 21:43:45,8066.5,128005,8067.0,609498,48833,190325,-141492,-481493,0.5
1900-01-20 21:44:00,8060.0,600178,8060.5,336924,10223,147229,-137006,263254,0.5
1900-01-20 21:44:15,8064.5,1111484,8065.0,57746,50638,68826,-18188,1053738,0.5
1900-01-20 21:44:30,8067.0,511920,8067.5,183108,58408,14735,43673,328812,0.5
1900-01-20 21:44:45,8069.0,143177,8069.5,377402,36909,14182,22727,-234225,0.5
1900-01-20 21:45:00,8069.0,690431,8069.5,95157,19421,19403,18,595274,0.5
1900-01-20 21:45:15,8076.5,34971,8077.0,16031,84205,3610,80595,18940,0.5
1900-01-20 21:45:30,8079.0,460393,8079.5,269647,112860,31330,81530,190746,0.5
1900-01-20 21:45:45,8079.0,515228,8079.5,18733,176782,56885,119897,496495,0.5
1900-01-20 21:46:00,8083.5,735452,8084.0,175957,76259,32271,43988,559495,0.5
1900-01-20 21:46:15,8071.5,373221,8072.0,11767,33289,185380,-152091,361454,0.5
1900-01-20 21:46:30,8079.0,511597,8079.5,35632,53068,11293,41775,475965,0.5
1900-01-20 21:46:45,8078.5,254794,8079.0,547479,18272,77004,-58732,-292685,0.5
1900-01-20 21:47:00,8078.5,678630,8079.0,322981,3502,29723,-26221,355649,0.5
1900-01-20 21:47:15,8078.5,595681,8079.0,190402,33721,16520,17201,405279,0.5
1900-01-20 21:47:30,8078.5,695898,8079.0,151161,5267,5235,32,544737,0.5
1900-01-20 21:47:45,8079.5,769722,8080.0,215119,98671,18276,80395,554603,0.5
1900-01-20 21:48:00,8079.5,448148,8080.0,289737,119747,21522,98225,158411,0.5
1900-01-20 21:48:15,8081.5,915576,8082.0,52526,249291,11728,237563,863050,0.5
1900-01-20 21:48:30,8082.5,792778,8083.0,73798,72916,9026,63890,718980,0.5
1900-01-20 21:48:45,8082.5,215151,8083.0,310132,30843,58329,-27486,-94981,0.5
1900-01-20 21:49:00,8076.5,920916,8077.0,30408,44265,250485,-206220,890508,0.5
1900-01-20 21:49:15,8076.5,162926,8077.0,417268,18025,21282,-3257,-254342,0.5
1900-01-20 21:49:30,8074.5,34852,8075.0,667848,14525,88857,-74332,-632996,0.5
1900-01-20 21:49:45,8074.0,190415,8074.5,586562,7312,52732,-45420,-396147,0.5
1900-01-20 21:50:00,8074.0,44840,8074.5,641572,4145,83594,-79449,-596732,0.5
1900-01-20 21:50:15,8073.0,1006534,8073.5,8019,5885,129387,-123502,998515,0.5
1900-01-20 21:50:30,8073.0,55290,8073.5,536510,21753,37012,-15259,-481220,0.5
1900-01-20 21:50:45,8069.5,836518,8070.0,231111,30659,89082,-58423,605407,0.5
1900-01-20 21:51:00,8070.0,1428019,8070.5,2197,73300,20590,52710,1425822,0.5
1900-01-20 21:51:15,8080.5,307876,8081.0,3554,82798,11188,71610,304322,0.5
1900-01-20 21:51:30,8082.0,826548,8082.5,39023,222856,9455,213401,787525,0.5
1900-01-20 21:51:45,8086.0,990980,8086.5,18358,298827,6296,292531,972622,0.5
1900-01-20 21:52:00,8088.5,393603,8089.0,805521,111606,157032,-45426,-411918,0.5
1900-01-20 21:52:15,8088.5,767004,8089.0,186435,20465,198665,-178200,580569,0.5
1900-01-20 21:52:30,8089.5,533773,8090.0,415412,143153,20895,122258,118361,0.5
1900-01-20 21:52:45,8088.5,10182,8089.0,267801,50381,20326,30055,-257619,0.5
1900-01-20 21:53:00,8086.0,38625,8086.5,551310,4636,210621,-205985,-512685,0.5
1900-01-20 21:53:15,8086.0,143833,8086.5,569370,11813,10584,1229,-425537,0.5
1900-01-20 21:53:30,8084.0,13587,8084.5,626114,6332,113617,-107285,-612527,0.5
1900-01-20 21:53:45,8077.0,762059,8077.5,195489,61272,163869,-102597,566570,0.5
1900-01-20 21:54:00,8084.5,287616,8085.0,514930,62365,36803,25562,-227314,0.5
1900-01-20 21:54:15,8084.5,1093407,8085.0,24853,43255,4746,38509,1068554,0.5
1900-01-20 21:54:30,8084.5,496053,8085.0,351034,58811,5125,53686,145019,0.5
1900-01-20 21:54:45,8084.5,21827,8085.0,732528,10902,71672,-60770,-710701,0.5
1900-01-20 21:55:00,8084.5,549421,8085.0,103001,70843,43527,27316,446420,0.5
1900-01-20 21:55:15,8084.5,654269,8085.0,51740,33601,6905,26696,602529,0.5
1900-01-20 21:55:30,8086.5,36248,8087.0,1206798,101988,7147,94841,-1170550,0.5
1900-01-20 21:55:45,8082.5,840272,8083.0,312405,49319,30419,18900,527867,0.5
1900-01-20 21:56:00,8077.0,1096349,8077.5,50046,20667,56939,-36272,1046303,0.5
1900-01-20 21:56:15,8079.0,5429,8079.5,765647,19148,66811,-47663,-760218,0.5
1900-01-20 21:56:30,8075.5,18321,8076.0,568320,2672,61070,-58398,-549999,0.5
1900-01-20 21:56:45,8075.0,775428,8075.5,656782,2043,39459,-37416,118646,0.5
1900-01-20 21:57:00,8075.0,423575,8075.5,690925,12775,22428,-9653,-267350,0.5
1900-01-20 21:57:15,8075.0,702824,8075.5,569512,19221,35434,-16213,133312,0.5
1900-01-20 21:57:30,8075.0,1071713,8075.5,92913,45854,651,45203,978800,0.5
1900-01-20 21:57:45,8077.5,566141,8078.0,42043,29371,1387,27984,524098,0.5
1900-01-20 21:58:00,8079.0,177050,8079.5,1021777,39784,10978,28806,-844727,0.5
1900-01-20 21:58:15,8079.0,12337,8079.5,1401491,1585,52539,-50954,-1389154,0.5
1900-01-20 21:58:30,8077.5,87364,8078.0,1082835,11439,41954,-30515,-995471,0.5
1900-01-20 21:58:45,8077.0,266051,8077.5,710692,1734,42437,-40703,-444641,0.5
1900-01-20 21:59:00,8077.0,1083573,8077.5,49771,16054,57319,-41265,1033802,0.5
1900-01-20 21:59:15,8079.5,785182,8080.0,388801,97863,19025,78838,396381,0.5
1900-01-20 21:59:30,8083.5,167653,8084.0,776772,100003,6585,93418,-609119,0.5
1900-01-20 21:59:45,8085.0,239945,8085.5,342986,18500,41057,-22557,-103041,0.5
1900-01-20 22:00:00,8082.5,45351,8083.0,712066,3936,29946,-26010,-666715,0.5
1900-01-20 22:00:15,8068.0,12809,8068.5,36066,11320,517019,-505699,-23257,0.5
1900-01-20 22:00:30,8070.5,662715,8071.0,386509,129685,58096,71589,276206,0.5
1900-01-20 22:00:45,8070.5,64120,8071.0,1044713,22890,110031,-87141,-980593,0.5
1900-01-20 22:01:00,8060.0,11586,8060.5,350510,3426,443264,-439838,-338924,0.5
1900-01-20 22:01:15,8050.5,132129,8051.0,891,136113,851565,-715452,131238,0.5
1900-01-20 22:01:30,8056.0,465582,8056.5,1005731,299109,238682,60427,-540149,0.5
1900-01-20 22:01:45,8049.0,1246,8049.5,1751879,7346,29857,-22511,-1750633,0.5
1900-01-20 22:02:00,8030.0,163989,8030.5,89666,13869,945302,-931433,74323,0.5
1900-01-20 22:02:15,8035.0,1133092,8035.5,16459,220489,185288,35201,1116633,0.5
1900-01-20 22:02:30,8041.5,86697,8042.0,801073,140090,61520,78570,-714376,0.5
1900-01-20 22:02:45,8040.0,4624482,8040.5,643566,52407,105685,-53278,3980916,0.5
1900-01-20 22:03:00,8041.5,169643,8042.0,556894,116523,46973,69550,-387251,0.5
1900-01-20 22:03:15,8041.5,332929,8042.0,708038,100055,114715,-14660,-375109,0.5
1900-01-20 22:03:30,8040.0,3694454,8040.5,403773,28140,552382,-524242,3290681,0.5
1900-01-20 22:03:45,8040.0,3440689,8040.5,588789,101681,580646,-478965,2851900,0.5
1900-01-20 22:04:00,8040.0,3749957,8040.5,1040340,25716,212347,-186631,2709617,0.5
1900-01-20 22:04:15,8040.0,3173281,8040.5,952583,17982,628994,-611012,2220698,0.5
1900-01-20 22:04:30,8041.5,719265,8042.0,61912,216659,133798,82861,657353,0.5
1900-01-20 22:04:45,8047.5,568408,8048.0,706584,193739,467,193272,-138176,0.5
1900-01-20 22:05:00,8047.5,957429,8048.0,486189,161811,34822,126989,471240,0.5
1900-01-20 22:05:15,8047.5,1182330,8048.0,104592,114891,26646,88245,1077738,0.5
1900-01-20 22:05:30,8047.5,1760674,8048.0,1381,62359,10754,51605,1759293,0.5
1900-01-20 22:05:45,8048.0,87809,8048.5,2229826,118427,37106,81321,-2142017,0.5
1900-01-20 22:06:00,8044.5,49475,8045.0,450371,20747,41570,-20823,-400896,0.5
1900-01-20 22:06:15,8040.0,770661,8040.5,522355,7072,280019,-272947,248306,0.5
1900-01-20 22:06:30,8040.0,870165,8040.5,304503,56857,113977,-57120,565662,0.5
1900-01-20 22:06:45,8040.0,770562,8040.5,463054,2465,82470,-80005,307508,0.5
1900-01-20 22:07:00,8045.0,283014,8045.5,443313,48325,138913,-90588,-160299,0.5
1900-01-20 22:07:15,8042.5,336249,8043.0,561845,64534,33151,31383,-225596,0.5
1900-01-20 22:07:30,8040.0,707758,8040.5,617159,6850,227509,-220659,90599,0.5
1900-01-20 22:07:45,8033.5,676794,8034.0,57215,3217,303981,-300764,619579,0.5
1900-01-20 22:08:00,8040.0,153650,8040.5,730619,69794,114002,-44208,-576969,0.5
1900-01-20 22:08:15,8040.0,228690,8040.5,720455,8377,43735,-35358,-491765,0.5
1900-01-20 22:08:30,8040.0,1182611,8040.5,633362,83567,14836,68731,549249,0.5
1900-01-20 22:08:45,8040.0,1834205,8040.5,531081,19960,22868,-2908,1303124,0.5
1900-01-20 22:09:00,8040.0,1271609,8040.5,29770,5441,951,4490,1241839,0.5
1900-01-20 22:09:15,8047.0,966223,8047.5,269,177660,31792,145868,965954,0.5
1900-01-20 22:09:30,8054.5,182829,8055.0,780301,78282,2201,76081,-597472,0.5
1900-01-20 22:09:45,8060.0,252247,8060.5,280661,86547,247580,-161033,-28414,0.5
1900-01-20 22:10:00,8060.0,1265952,8060.5,106600,90491,196917,-106426,1159352,0.5
1900-01-20 22:10:15,8071.5,402795,8072.0,78089,209236,19480,189756,324706,0.5
1900-01-20 22:10:30,8080.5,345,8081.0,133443,180515,25715,154800,-133098,0.5
1900-01-20 22:10:45,8069.5,20200,8070.5,5664,15307,168616,-153309,14536,1.0
1900-01-20 22:11:00,8078.5,358561,8079.0,3496,58948,11445,47503,355065,0.5
1900-01-20 22:11:15,8083.0,591040,8083.5,40765,74297,14971,59326,550275,0.5
1900-01-20 22:11:30,8083.5,838801,8084.0,153934,88138,77461,10677,684867,0.5
1900-01-20 22:11:45,8084.0,136319,8084.5,762737,147039,16640,130399,-626418,0.5
1900-01-20 22:12:00,8073.0,43507,8073.5,27876,12326,733580,-721254,15631,0.5
1900-01-20 22:12:15,8072.5,877122,8073.0,34893,181939,165629,16310,842229,0.5
1900-01-20 22:12:30,8073.0,1087513,8073.5,223,84068,8491,75577,1087290,0.5
1900-01-20 22:12:45,8077.5,40926,8078.0,807486,26865,9782,17083,-766560,0.5
1900-01-20 22:13:00,8077.5,176815,8078.0,1033582,8513,26634,-18121,-856767,0.5
1900-01-20 22:13:15,8076.0,859,8076.5,1438049,2039,154049,-152010,-1437190,0.5
1900-01-20 22:13:30,8074.0,587498,8074.5,648593,142761,74539,68222,-61095,0.5
1900-01-20 22:13:45,8074.0,300504,8074.5,646012,131396,16027,115369,-345508,0.5
1900-01-20 22:14:00,8061.0,1033507,8061.5,109473,2597,145320,-142723,924034,0.5
1900-01-20 22:14:15,8063.5,728036,8064.0,11829,134126,35752,98374,716207,0.5
1900-01-20 22:14:30,8066.0,111,8066.5,592650,108794,8851,99943,-592539,0.5
1900-01-20 22:14:45,8064.0,155761,8064.5,470462,5151,13420,-8269,-314701,0.5
1900-01-20 22:15:00,8064.0,498603,8064.5,552141,9620,10427,-807,-53538,0.5
1900-01-20 22:15:15,8064.0,940402,8064.5,67003,17631,10272,7359,873399,0.5
1900-01-20 22:15:30,8064.0,699616,8064.5,529164,33647,38085,-4438,170452,0.5
1900-01-20 22:15:45,8064.0,285715,8064.5,747650,119853,31274,88579,-461935,0.5
1900-01-20 22:16:00,8063.5,65219,8064.0,1229498,29553,245484,-215931,-1164279,0.5
1900-01-20 22:16:15,8052.5,417461,8053.0,110060,1228,90804,-89576,307401,0.5
1900-01-20 22:16:30,8052.5,823815,8053.0,420911,16055,124889,-108834,402904,0.5
1900-01-20 22:16:45,8055.5,136804,8056.0,497374,23819,86416,-62597,-360570,0.5
1900-01-20 22:17:00,8055.5,8529,8056.0,746681,233,141644,-141411,-738152,0.5
1900-01-20 22:17:15,8055.5,6015,8056.0,952490,26026,53432,-27406,-946475,0.5
1900-01-20 22:17:30,8055.5,13059,8056.0,1178416,6902,86678,-79776,-1165357,0.5
1900-01-20 22:17:45,8055.5,105080,8056.0,1358929,1200,46219,-45019,-1253849,0.5
1900-01-20 22:18:00,8055.5,17320,8056.0,1048489,1200,369394,-368194,-1031169,0.5
1900-01-20 22:18:15,8055.5,123418,8056.0,1076241,76,162480,-162404,-952823,0.5
1900-01-20 22:18:30,8055.5,67641,8056.0,1086383,6275,70530,-64255,-1018742,0.5
1900-01-20 22:18:45,8055.5,39852,8056.0,1555097,15050,74767,-59717,-1515245,0.5
1900-01-20 22:19:00,8055.5,128774,8056.0,1382994,101000,211079,-110079,-1254220,0.5
1900-01-20 22:19:15,8056.5,183009,8057.0,298027,177960,87273,90687,-115018,0.5
1900-01-20 22:19:30,8062.5,625607,8063.0,1039,288414,5875,282539,624568,0.5
1900-01-20 22:19:45,8066.0,876553,8066.5,360888,123370,2224,121146,515665,0.5
1900-01-20 22:20:00,8066.0,336554,8066.5,667123,332160,42490,289670,-330569,0.5
1900-01-20 22:20:15,8059.0,885,8059.5,144289,7554,73752,-66198,-143404,0.5
1900-01-20 22:20:30,8059.0,108064,8059.5,1099507,100,113830,-113730,-991443,0.5
1900-01-20 22:20:45,8059.0,106884,8059.5,1197778,100,10156,-10056,-1090894,0.5
1900-01-20 22:21:00,8059.0,692079,8059.5,250139,13600,59890,-46290,441940,0.5
1900-01-20 22:21:15,8062.5,427345,8063.0,480242,23410,16342,7068,-52897,0.5
1900-01-20 22:21:30,8070.0,231155,8070.5,157364,102391,242884,-140493,73791,0.5
1900-01-20 22:21:45,8070.0,306612,8070.5,187831,21758,41204,-19446,118781,0.5
1900-01-20 22:22:00,8071.0,335237,8071.5,67677,83416,102073,-18657,267560,0.5
1900-01-20 22:22:15,8071.0,233810,8071.5,694873,41929,10815,31114,-461063,0.5
1900-01-20 22:22:30,8070.0,137581,8070.5,1341557,338,156418,-156080,-1203976,0.5
1900-01-20 22:22:45,8070.0,111425,8070.5,1613944,15650,44666,-29016,-1502519,0.5
1900-01-20 22:23:00,8069.5,5566,8070.0,1167857,1300,32535,-31235,-1162291,0.5
1900-01-20 22:23:15,8069.5,503855,8070.0,816465,40323,27338,12985,-312610,0.5
1900-01-20 22:23:30,8065.0,121931,8065.5,1560905,1300,59626,-58326,-1438974,0.5
1900-01-20 22:23:45,8056.0,1264800,8056.5,90309,13705,165300,-151595,1174491,0.5
1900-01-20 22:24:00,8056.0,911552,8056.5,274951,22504,8652,13852,636601,0.5
1900-01-20 22:24:15,8056.0,158425,8056.5,1002158,6277,5686,591,-843733,0.5
1900-01-20 22:24:30,8063.5,437269,8064.0,44469,106066,51482,54584,392800,0.5
1900-01-20 22:24:45,8063.5,414990,8064.0,691070,40120,4581,35539,-276080,0.5
1900-01-20 22:25:00,8063.5,438668,8064.0,203637,59879,21441,38438,235031,0.5
1900-01-20 22:25:15,8063.5,267185,8064.0,742334,19857,35922,-16065,-475149,0.5
1900-01-20 22:25:30,8065.0,1076391,8065.5,20421,1826,92652,-90826,1055970,0.5
1900-01-20 22:25:45,8069.0,737184,8069.5,58017,135169,1836,133333,679167,0.5
1900-01-20 22:26:00,8070.5,774498,8071.0,2101,35754,11308,24446,772397,0.5
1900-01-20 22:26:15,8071.0,1439775,8071.5,512,88033,37758,50275,1439263,0.5
1900-01-20 22:26:30,8071.5,798833,8072.0,55072,23671,2006,21665,743761,0.5
1900-01-20 22:26:45,8072.0,1248174,8072.5,11629,47847,50376,-2529,1236545,0.5
1900-01-20 22:27:00,8072.5,989621,8073.0,48416,58604,8430,50174,941205,0.5
1900-01-20 22:27:15,8079.5,49407,8080.0,181554,93653,6918,86735,-132147,0.5
1900-01-20 22:27:30,8079.5,282755,8080.0,322383,56800,7790,49010,-39628,0.5
1900-01-20 22:27:45,8079.5,201978,8080.0,346458,15393,20733,-5340,-144480,0.5
1900-01-20 22:28:00,8079.5,188126,8080.0,456499,75460,58305,17155,-268373,0.5
1900-01-20 22:28:15,8079.5,136236,8080.0,587241,10625,56899,-46274,-451005,0.5
1900-01-20 22:28:30,8079.5,232504,8080.0,511585,33801,73978,-40177,-279081,0.5
1900-01-20 22:28:45,8080.0,234329,8080.5,45514,9499,85253,-75754,188815,0.5
1900-01-20 22:29:00,8080.0,396035,8080.5,386582,20552,32158,-11606,9453,0.5
1900-01-20 22:29:15,8080.0,949157,8080.5,47602,71728,13935,57793,901555,0.5
1900-01-20 22:29:30,8083.0,1299453,8083.5,5043,25759,2296,23463,1294410,0.5
1900-01-20 22:29:45,8086.5,583085,8087.0,12613,152965,22695,130270,570472,0.5
1900-01-20 22:30:00,8086.5,865886,8087.0,18936,37705,26991,10714,846950,0.5
1900-01-20 22:30:15,8089.0,13129,8089.5,8433,53231,15541,37690,4696,0.5
1900-01-20 22:30:30,8089.5,324328,8090.0,528932,41684,25080,16604,-204604,0.5
1900-01-20 22:30:45,8089.5,646879,8090.0,292549,35697,28019,7678,354330,0.5
1900-01-20 22:31:00,8089.5,688151,8090.0,610338,154583,15347,139236,77813,0.5
1900-01-20 22:31:15,8089.5,614466,8090.0,627454,13318,25407,-12089,-12988,0.5
1900-01-20 22:31:30,8089.5,229979,8090.0,588912,50612,6530,44082,-358933,0.5
1900-01-20 22:31:45,8089.5,730202,8090.0,325332,92550,16299,76251,404870,0.5
1900-01-20 22:32:00,8089.5,179215,8090.0,808644,10340,26840,-16500,-629429,0.5
1900-01-20 22:32:15,8089.5,136785,8090.0,646970,59731,72043,-12312,-510185,0.5
1900-01-20 22:32:30,8089.5,801251,8090.0,282566,22874,48600,-25726,518685,0.5
1900-01-20 22:32:45,8089.5,855176,8090.0,70879,158166,19973,138193,784297,0.5
1900-01-20 22:33:00,8089.5,100978,8090.0,448900,10813,68902,-58089,-347922,0.5
1900-01-20 22:33:15,8088.0,106703,8088.5,727728,5025,114293,-109268,-621025,0.5
1900-01-20 22:33:30,8086.0,19483,8086.5,514822,143,86503,-86360,-495339,0.5
1900-01-20 22:33:45,8087.0,1400107,8087.5,316212,46927,46464,463,1083895,0.5
1900-01-20 22:34:00,8090.5,593692,8091.0,41872,46899,12953,33946,551820,0.5
1900-01-20 22:34:15,8104.0,109931,8104.5,463812,470293,23977,446316,-353881,0.5
1900-01-20 22:34:30,8109.5,165313,8110.0,187454,919252,11159,908093,-22141,0.5
1900-01-20 22:34:45,8140.5,85622,8141.5,14960,4133952,113766,4020186,70662,1.0
1900-01-20 22:35:00,8122.0,117068,8122.5,15043,217263,413268,-196005,102025,0.5
1900-01-20 22:35:15,8127.0,833002,8127.5,110739,363916,321495,42421,722263,0.5
1900-01-20 22:35:30,8136.0,596256,8136.5,1076544,393168,101664,291504,-480288,0.5
1900-01-20 22:35:45,8142.5,228901,8143.0,1122534,325021,339551,-14530,-893633,0.5
1900-01-20 22:36:00,8143.0,173101,8143.5,46082,1212877,256100,956777,127019,0.5
1900-01-20 22:36:15,8149.5,162206,8150.0,1445735,1199604,134348,1065256,-1283529,0.5
1900-01-20 22:36:30,8149.5,405791,8150.0,1341457,641109,294232,346877,-935666,0.5
1900-01-20 22:36:45,8149.5,1218849,8150.0,2324,573704,134513,439191,1216525,0.5
1900-01-20 22:37:00,8156.0,11698,8156.5,4856,817359,28888,788471,6842,0.5
1900-01-20 22:37:15,8155.5,8251,8156.0,1266183,243540,144629,98911,-1257932,0.5
1900-01-20 22:37:30,8152.0,486519,8152.5,12207,322795,164328,158467,474312,0.5
1900-01-20 22:37:45,8160.0,154049,8160.5,23,579600,101168,478432,154026,0.5
1900-01-20 22:38:00,8175.5,74132,8176.0,21331,1341431,253588,1087843,52801,0.5
1900-01-20 22:38:15,8189.5,7460,8190.0,1285043,1021885,80201,941684,-1277583,0.5
1900-01-20 22:38:30,8189.5,150350,8190.0,25846,1348102,193082,1155020,124504,0.5
1900-01-20 22:38:45,8194.0,533746,8194.5,196990,628847,327119,301728,336756,0.5
1900-01-20 22:39:00,8194.0,7424,8194.5,547021,257165,361438,-104273,-539597,0.5
1900-01-20 22:39:15,8191.5,651733,8192.0,210266,256333,332229,-75896,441467,0.5
1900-01-20 22:39:30,8199.5,698295,8200.0,1210405,1225346,302435,922911,-512110,0.5
1900-01-20 22:39:45,8215.5,3419,8240.0,2618823,2687693,107835,2579858,-2615404,24.5
1900-01-20 22:40:00,8213.5,43101,8214.0,58855,1613853,515078,1098775,-15754,0.5
1900-01-20 22:40:15,8173.5,4114,8174.0,24595,172872,881058,-708186,-20481,0.5
1900-01-20 22:40:30,8164.5,93677,8169.0,23,212131,729765,-517634,93654,4.5
1900-01-20 22:40:45,8152.0,6383,8152.5,20177,165089,392574,-227485,-13794,0.5
1900-01-20 22:41:00,8166.0,6864,8167.0,16462,1487297,273776,1213521,-9598,1.0
1900-01-20 22:41:15,8171.0,458,8171.5,120682,707764,41619,666145,-120224,0.5
1900-01-20 22:41:30,8203.0,222464,8203.5,522270,408888,216528,192360,-299806,0.5
1900-01-20 22:41:45,8200.0,614010,8200.5,972533,340850,2517984,-2177134,-358523,0.5
1900-01-20 22:42:00,8192.5,379839,8193.0,664623,330634,794575,-463941,-284784,0.5
1900-01-20 22:42:15,8197.5,1126038,8198.0,20754,510081,117723,392358,1105284,0.5
1900-01-20 22:42:30,8212.5,1170425,8213.0,6227,453807,135890,317917,1164198,0.5
1900-01-20 22:42:45,8218.0,77943,8218.5,625022,582346,434722,147624,-547079,0.5
1900-01-20 22:43:00,8177.5,65539,8178.5,1096,69086,438081,-368995,64443,1.0
1900-01-20 22:43:15,8195.5,80349,8196.0,98206,527250,92149,435101,-17857,0.5
1900-01-20 22:43:30,8188.0,843735,8188.5,19173,130338,620249,-489911,824562,0.5
1900-01-20 22:43:45,8190.5,176509,8191.0,590191,326926,113291,213635,-413682,0.5
1900-01-20 22:44:00,8190.0,375023,8190.5,734941,95182,123119,-27937,-359918,0.5
1900-01-20 22:44:15,8213.5,97830,8215.5,96718,439617,174582,265035,1112,2.0
1900-01-20 22:44:30,8216.5,3032,8217.0,24585,137928,51609,86319,-21553,0.5
1900-01-20 22:44:45,8214.0,366171,8214.5,598025,116262,200124,-83862,-231854,0.5
1900-01-20 22:45:00,8222.5,10376,8223.0,51586,329163,202274,126889,-41210,0.5
1900-01-20 22:45:15,8228.5,332,8233.0,226097,698330,96056,602274,-225765,4.5
1900-01-20 22:45:30,8237.0,9992,8237.5,53808,641496,271175,370321,-43816,0.5
1900-01-20 22:45:45,8240.0,560049,8240.5,58520,358133,123605,234528,501529,0.5
1900-01-20 22:46:00,8234.0,923725,8234.5,165429,138007,232686,-94679,758296,0.5
1900-01-20 22:46:15,8239.0,1078750,8239.5,65107,158769,263095,-104326,1013643,0.5
1900-01-20 22:46:30,8247.0,1379975,8247.5,172917,357133,125486,231647,1207058,0.5
1900-01-20 22:46:45,8259.0,124478,8259.5,116280,987768,260471,727297,8198,0.5
1900-01-20 22:47:00,8272.0,307556,8272.5,407841,1157345,256385,900960,-100285,0.5
1900-01-20 22:47:15,8261.0,60472,8261.5,313431,434899,342263,92636,-252959,0.5
1900-01-20 22:47:30,8188.0,53633,8256.0,44566,350392,551741,-201349,9067,68.0
1900-01-20 22:47:45,8216.0,179566,8216.5,5899,193608,664536,-470928,173667,0.5
1900-01-20 22:48:00,8221.5,19292,8222.0,87138,81883,201158,-119275,-67846,0.5
1900-01-20 22:48:15,8211.5,46291,8212.0,24850,101950,421430,-319480,21441,0.5
1900-01-20 22:48:30,8211.5,277945,8212.0,355011,166605,232396,-65791,-77066,0.5
1900-01-20 22:48:45,8202.0,345320,8202.5,352514,132499,374235,-241736,-7194,0.5
1900-01-20 22:49:00,8193.0,991654,8193.5,53839,90625,280950,-190325,937815,0.5
1900-01-20 22:49:15,8197.5,2115,8198.0,857638,369749,292104,77645,-855523,0.5
1900-01-20 22:49:30,8197.5,366176,8201.5,1,347319,209549,137770,366175,4.0
1900-01-20 22:49:45,8209.5,2681,8210.0,280626,238915,25622,213293,-277945,0.5
1900-01-20 22:50:00,8208.5,1410423,8209.0,16422,128445,115840,12605,1394001,0.5
1900-01-20 22:50:15,8214.5,701570,8215.0,20620,378772,100185,278587,680950,0.5
1900-01-20 22:50:30,8219.5,843053,8220.0,13168,226151,28029,198122,829885,0.5
1900-01-20 22:50:45,8208.0,1111,8208.5,15920,115826,193600,-77774,-14809,0.5
1900-01-20 22:51:00,8197.0,112754,8197.5,284579,30609,339667,-309058,-171825,0.5
1900-01-20 22:51:15,8193.5,176386,8194.0,19734,64317,1177736,-1113419,156652,0.5
1900-01-20 22:51:30,8187.5,51685,8188.0,316616,174208,130510,43698,-264931,0.5
1900-01-20 22:51:45,8190.5,747956,8192.0,190090,204979,138383,66596,557866,1.5
1900-01-20 22:52:00,8185.0,749485,8185.5,438475,220626,186032,34594,311010,0.5
1900-01-20 22:52:15,8189.0,7560,8189.5,94446,153696,118708,34988,-86886,0.5
1900-01-20 22:52:30,8188.0,810182,8188.5,9885,150274,140970,9304,800297,0.5
1900-01-20 22:52:45,8197.5,71137,8198.0,49867,70543,171267,-100724,21270,0.5
1900-01-20 22:53:00,8193.5,503326,8194.0,198401,95325,540989,-445664,304925,0.5
1900-01-20 22:53:15,8197.0,172437,8197.5,956965,65025,134252,-69227,-784528,0.5
1900-01-20 22:53:30,8199.5,671798,8200.0,29047,242327,188348,53979,642751,0.5
1900-01-20 22:53:45,8199.5,85040,8200.0,260993,298519,76123,222396,-175953,0.5
1900-01-20 22:54:00,8208.0,49917,8208.5,42699,103243,25495,77748,7218,0.5
1900-01-20 22:54:15,8207.0,505542,8207.5,517669,232477,53529,178948,-12127,0.5
1900-01-20 22:54:30,8207.0,601595,8207.5,781094,55886,85792,-29906,-179499,0.5
1900-01-20 22:54:45,8199.5,83345,8200.0,2773958,263097,84688,178409,-2690613,0.5
1900-01-20 22:55:00,8195.0,71792,8195.5,548485,43604,53409,-9805,-476693,0.5
1900-01-20 22:55:15,8208.0,261284,8208.5,390372,204462,128574,75888,-129088,0.5
1900-01-20 22:55:30,8199.5,709245,8200.0,1238521,1342313,33498,1308815,-529276,0.5
1900-01-20 22:55:45,8199.5,589846,8200.0,372137,898987,188993,709994,217709,0.5
1900-01-20 22:56:00,8205.0,996045,8205.5,27678,80689,59322,21367,968367,0.5
1900-01-20 22:56:15,8213.0,469760,8213.5,30890,268734,13258,255476,438870,0.5
1900-01-20 22:56:30,8229.5,83065,8230.0,75588,314241,14731,299510,7477,0.5
1900-01-20 22:56:45,8229.5,2450,8230.5,160174,233843,80180,153663,-157724,1.0
1900-01-20 22:57:00,8233.0,745657,8233.5,100724,143151,167665,-24514,644933,0.5
1900-01-20 22:57:15,8229.0,103054,8229.5,751352,162300,66948,95352,-648298,0.5
1900-01-20 22:57:30,8222.0,333081,8222.5,362810,33321,375004,-341683,-29729,0.5
1900-01-20 22:57:45,8222.0,498271,8222.5,468181,168398,123025,45373,30090,0.5
1900-01-20 22:58:00,8217.0,931691,8217.5,114889,27119,35680,-8561,816802,0.5
1900-01-20 22:58:15,8220.5,1048882,8221.0,24536,67122,7455,59667,1024346,0.5
1900-01-20 22:58:30,8222.0,996846,8222.5,34997,88706,11958,76748,961849,0.5
1900-01-20 22:58:45,8205.5,77136,8206.0,266328,182808,238264,-55456,-189192,0.5
1900-01-20 22:59:00,8219.0,260413,8219.5,50472,90389,90254,135,209941,0.5
1900-01-20 22:59:15,8234.5,12231,8235.0,200403,146215,284581,-138366,-188172,0.5
1900-01-20 22:59:30,8222.0,4960,8222.5,289716,82412,97456,-15044,-284756,0.5
1900-01-20 22:59:45,8221.0,8331,8221.5,1496668,54347,12371,41976,-1488337,0.5
1900-01-20 23:34:00,8215.0,130097,8215.5,112276,18860,7691,11169,17821,0.5
1900-01-20 23:34:15,8210.0,530181,8210.5,473918,236315,1016657,-780342,56263,0.5
1900-01-20 23:34:30,8203.0,698769,8203.5,6211,148252,480065,-331813,692558,0.5
1900-01-20 23:34:45,8219.0,1129522,8219.5,268662,154891,154154,737,860860,0.5
1900-01-20 23:35:00,8229.5,605128,8230.0,74655,182995,32085,150910,530473,0.5
1900-01-20 23:35:15,8219.5,18786,8220.0,440305,283719,66889,216830,-421519,0.5
1900-01-20 23:35:30,8229.5,428021,8230.0,80956,147324,13309,134015,347065,0.5
1900-01-20 23:35:45,8226.0,7528,8226.5,42334,94011,95616,-1605,-34806,0.5
1900-01-20 23:36:00,8229.5,363496,8230.0,337426,18298,50354,-32056,26070,0.5
1900-01-20 23:36:15,8222.0,117619,8222.5,744911,120412,181770,-61358,-627292,0.5
1900-01-20 23:36:30,8220.0,494273,8220.5,7915,30189,360393,-330204,486358,0.5
1900-01-20 23:36:45,8219.5,6464,8220.0,537065,60271,135677,-75406,-530601,0.5
1900-01-20 23:37:00,8227.5,533977,8228.0,5644,52011,7409,44602,528333,0.5
1900-01-20 23:37:15,8227.5,625,8228.0,517995,135334,28329,107005,-517370,0.5
1900-01-20 23:37:30,8233.0,129779,8233.5,600187,14495,361034,-346539,-470408,0.5
1900-01-20 23:37:45,8226.0,236877,8226.5,1099772,13560,31753,-18193,-862895,0.5
1900-01-20 23:38:00,8229.5,500902,8230.0,183620,316523,21220,295303,317282,0.5
1900-01-20 23:38:15,8225.5,1587,8226.0,575176,86860,33743,53117,-573589,0.5
1900-01-20 23:38:30,8220.5,45478,8221.0,646027,13512,76326,-62814,-600549,0.5
1900-01-20 23:38:45,8220.0,91330,8220.5,418510,11540,57947,-46407,-327180,0.5
1900-01-20 23:39:00,8221.5,41005,8222.0,989639,129073,30462,98611,-948634,0.5
1900-01-20 23:39:15,8213.5,246786,8214.0,287455,21201,111233,-90032,-40669,0.5
1900-01-20 23:39:30,8217.5,98378,8218.0,612934,148367,101726,46641,-514556,0.5
1900-01-20 23:39:45,8217.5,483399,8218.0,449119,133318,84099,49219,34280,0.5
1900-01-20 23:40:00,8217.5,546288,8218.0,359814,246860,44351,202509,186474,0.5
1900-01-20 23:40:15,8221.0,8039,8221.5,776168,75881,202473,-126592,-768129,0.5
1900-01-20 23:40:30,8220.0,677673,8220.5,24146,61288,766277,-704989,653527,0.5
1900-01-20 23:40:45,8222.5,177641,8223.0,688286,62234,45622,16612,-510645,0.5
1900-01-20 23:41:00,8218.5,46468,8219.0,600244,21233,81356,-60123,-553776,0.5
1900-01-20 23:41:15,8215.0,274904,8215.5,109785,67861,171770,-103909,165119,0.5
1900-01-20 23:41:30,8215.0,667692,8215.5,195980,67805,26779,41026,471712,0.5
1900-01-20 23:41:45,8214.5,71831,8215.0,410215,53308,226996,-173688,-338384,0.5
1900-01-20 23:42:00,8211.0,234580,8211.5,521901,143388,159717,-16329,-287321,0.5
1900-01-20 23:42:15,8211.0,356529,8211.5,532299,77846,447936,-370090,-175770,0.5
1900-01-20 23:42:30,8211.0,542869,8211.5,239318,24934,185783,-160849,303551,0.5
1900-01-20 23:42:45,8214.5,1241345,8215.0,32433,38943,61373,-22430,1208912,0.5
1900-01-20 23:43:00,8214.5,69501,8215.0,943562,47910,115055,-67145,-874061,0.5
1900-01-20 23:43:15,8210.0,253870,8210.5,679929,103675,65903,37772,-426059,0.5
1900-01-20 23:43:30,8203.0,136899,8203.5,686976,10976,230832,-219856,-550077,0.5
1900-01-20 23:43:45,8202.5,155105,8203.0,1126958,23214,467493,-444279,-971853,0.5
1900-01-20 23:44:00,8190.0,37766,8193.0,12000,59860,1281456,-1221596,25766,3.0
1900-01-20 23:44:15,8192.0,8960,8192.5,18612,231739,1021660,-789921,-9652,0.5
1900-01-20 23:44:30,8203.0,27296,8203.5,1037865,1268051,220627,1047424,-1010569,0.5
1900-01-20 23:44:45,8199.5,910260,8200.0,21904,183837,123090,60747,888356,0.5
1900-01-20 23:45:00,8204.5,196038,8205.0,324692,768538,71849,696689,-128654,0.5
1900-01-20 23:45:15,8216.0,214268,8216.5,99391,447436,9647,437789,114877,0.5
1900-01-20 23:45:30,8214.5,20,8215.0,1087792,176442,30284,146158,-1087772,0.5
1900-01-20 23:45:45,8214.5,790160,8215.0,211143,327531,36417,291114,579017,0.5
1900-01-20 23:46:00,8217.5,826196,8218.0,28775,135760,10977,124783,797421,0.5
1900-01-20 23:46:15,8219.5,142877,8220.0,551024,256189,9159,247030,-408147,0.5
1900-01-20 23:46:30,8218.0,215196,8218.5,396896,38665,52375,-13710,-181700,0.5
1900-01-20 23:46:45,8221.5,826412,8222.0,20041,217840,16190,201650,806371,0.5
1900-01-20 23:47:00,8225.0,829495,8225.5,147734,294922,22311,272611,681761,0.5
1900-01-20 23:47:15,8227.5,1253839,8228.0,100923,227001,64406,162595,1152916,0.5
1900-01-20 23:47:30,8235.5,508046,8236.0,7171,156588,6413,150175,500875,0.5
1900-01-20 23:47:45,8234.5,525,8235.0,13806,396407,118808,277599,-13281,0.5
1900-01-20 23:48:00,8241.5,113540,8242.0,42,54653,65256,-10603,113498,0.5
1900-01-20 23:48:15,8243.5,433158,8244.0,299323,262766,33464,229302,133835,0.5
1900-01-20 23:48:30,8244.5,1042883,8245.0,90638,290035,5642,284393,952245,0.5
1900-01-20 23:48:45,8244.5,1027195,8245.0,3489,68412,28950,39462,1023706,0.5
1900-01-20 23:49:00,8241.5,350160,8242.0,732511,84465,107960,-23495,-382351,0.5
1900-01-20 23:49:15,8245.5,2294,8246.0,422985,195688,152400,43288,-420691,0.5
1900-01-20 23:49:30,8241.5,214585,8242.0,699326,16638,92418,-75780,-484741,0.5
1900-01-20 23:49:45,8235.5,303744,8236.0,1788,24110,239625,-215515,301956,0.5
1900-01-20 23:50:00,8236.0,686145,8236.5,1362392,25700,14923,10777,-676247,0.5
1900-01-20 23:50:15,8232.0,424781,8232.5,324097,13516,593475,-579959,100684,0.5
1900-01-20 23:50:30,8234.0,299692,8234.5,1045173,118492,35330,83162,-745481,0.5
1900-01-20 23:50:45,8234.0,28862,8234.5,1293163,182908,101474,81434,-1264301,0.5
1900-01-20 23:51:00,8231.5,54600,8232.0,769560,65941,63509,2432,-714960,0.5
1900-01-20 23:51:15,8230.5,21646,8231.0,1126171,62775,253761,-190986,-1104525,0.5
1900-01-20 23:51:30,8230.0,58737,8230.5,1426398,29407,55732,-26325,-1367661,0.5
1900-01-20 23:51:45,8229.5,56951,8230.0,1058044,31510,39032,-7522,-1001093,0.5
1900-01-20 23:52:00,8229.0,436823,8229.5,649107,53685,31604,22081,-212284,0.5
1900-01-20 23:52:15,8232.0,4867,8232.5,15668,113693,132758,-19065,-10801,0.5
1900-01-20 23:52:30,8235.5,897376,8236.0,26228,31460,16671,14789,871148,0.5
1900-01-20 23:52:45,8237.5,813486,8238.0,93393,370349,33313,337036,720093,0.5
1900-01-20 23:53:00,8239.5,163433,8240.0,648537,187971,83474,104497,-485104,0.5
1900-01-20 23:53:15,8239.5,548066,8240.0,48817,73205,22718,50487,499249,0.5
1900-01-20 23:53:30,8228.0,604519,8228.5,58395,43702,131842,-88140,546124,0.5
1900-01-20 23:53:45,8228.0,978199,8228.5,73874,39654,28326,11328,904325,0.5
1900-01-20 23:54:00,8231.0,9954,8231.5,1060241,14411,176254,-161843,-1050287,0.5
1900-01-20 23:54:15,8225.0,211697,8225.5,638190,16106,143110,-127004,-426493,0.5
1900-01-20 23:54:30,8212.5,2129,8214.0,140453,41132,69525,-28393,-138324,1.5
1900-01-20 23:54:45,8211.5,340234,8212.0,6396,282135,340841,-58706,333838,0.5
1900-01-20 23:55:00,8213.0,244910,8213.5,597117,128734,20401,108333,-352207,0.5
1900-01-20 23:55:15,8201.5,25943,8202.0,144628,71551,61126,10425,-118685,0.5
1900-01-20 23:55:30,8208.0,285900,8211.0,129964,215410,261197,-45787,155936,3.0
1900-01-20 23:55:45,8225.5,6209,8228.0,2200,161096,248715,-87619,4009,2.5
1900-01-20 23:56:00,8223.5,370653,8224.0,51411,88552,99458,-10906,319242,0.5
1900-01-20 23:56:15,8212.0,177927,8212.5,349348,20015,644766,-624751,-171421,0.5
1900-01-20 23:56:30,8191.5,584551,8192.0,55814,95366,622879,-527513,528737,0.5
1900-01-20 23:56:45,8197.5,1804374,8198.0,510092,102959,136944,-33985,1294282,0.5
1900-01-20 23:57:00,8208.5,662000,8209.0,59692,1035441,33120,1002321,602308,0.5
1900-01-20 23:57:15,8200.5,486264,8201.0,160686,108038,141740,-33702,325578,0.5
1900-01-20 23:57:30,8205.0,40600,8205.5,498310,104566,91091,13475,-457710,0.5
1900-01-20 23:57:45,8202.0,479626,8202.5,649966,198603,72284,126319,-170340,0.5
1900-01-20 23:58:00,8194.0,317584,8194.5,283866,32784,107526,-74742,33718,0.5
1900-01-20 23:58:15,8202.0,464384,8202.5,841359,321913,51205,270708,-376975,0.5
1900-01-20 23:58:30,8202.0,831132,8202.5,157550,108848,59855,48993,673582,0.5
1900-01-20 23:58:45,8198.5,1051692,8199.0,148291,110883,99652,11231,903401,0.5
1900-01-20 23:59:00,8193.5,15573,8194.0,694343,22755,127910,-105155,-678770,0.5
1900-01-20 23:59:15,8198.5,313417,8199.0,725653,98684,255541,-156857,-412236,0.5
1900-01-20 23:59:30,8193.5,403377,8194.0,824,47440,260881,-213441,402553,0.5
1900-01-20 23:59:45,8206.5,3254,8207.0,751806,651564,97726,553838,-748552,0.5
