time,bid,bidSize,ask,askSize,buyMO,sellMO,buySellImb,orderImb,spread
1900-01-24 00:00:00,7624.0,17430,7624.5,913157,102901,77308,25593,-895727,0.5
1900-01-24 00:00:15,7616.5,6478,7617.0,5000,224630,340895,-116265,1478,0.5
1900-01-24 00:00:30,7607.0,231562,7613.5,4782,169390,1020879,-851489,226780,6.5
1900-01-24 00:00:45,7603.5,224465,7604.0,119911,70595,677397,-606802,104554,0.5
1900-01-24 00:01:00,7612.0,8567,7612.5,293009,119240,391832,-272592,-284442,0.5
1900-01-24 00:01:15,7612.5,567695,7613.0,152360,110392,225764,-115372,415335,0.5
1900-01-24 00:01:30,7619.0,71377,7619.5,5268,282944,64181,218763,66109,0.5
1900-01-24 00:01:45,7626.5,230355,7627.0,1026,382323,23950,358373,229329,0.5
1900-01-24 00:02:00,7621.5,103104,7622.5,295191,196574,504935,-308361,-192087,1.0
1900-01-24 00:02:15,7616.0,289023,7616.5,424280,183427,283724,-100297,-135257,0.5
1900-01-24 00:02:30,7610.5,182916,7611.0,643884,31546,279564,-248018,-460968,0.5
1900-01-24 00:02:45,7610.0,223227,7610.5,115243,118725,312883,-194158,107984,0.5
1900-01-24 00:03:00,7609.0,161351,7609.5,403809,480823,74643,406180,-242458,0.5
1900-01-24 00:03:15,7603.0,261736,7603.5,863657,47555,1502561,-1455006,-601921,0.5
1900-01-24 00:03:30,7584.5,85568,7585.5,42702,117800,1204925,-1087125,42866,1.0
1900-01-24 00:03:45,7606.0,209383,7606.5,72771,412408,250239,162169,136612,0.5
1900-01-24 00:04:00,7598.5,376497,7599.0,104969,80926,160586,-79660,271528,0.5
1900-01-24 00:04:15,7606.5,49603,7607.0,168637,624567,245549,379018,-119034,0.5
1900-01-24 00:04:30,7609.5,399621,7610.0,315542,368071,129678,238393,84079,0.5
1900-01-24 00:04:45,7618.0,2000,7618.5,660296,593266,120766,472500,-658296,0.5
1900-01-24 00:05:00,7618.0,548378,7618.5,22557,192122,154661,37461,525821,0.5
1900-01-24 00:05:15,7624.5,91966,7625.0,209410,279741,22778,256963,-117444,0.5
1900-01-24 00:05:30,7625.0,32775,7625.5,59580,272743,192892,79851,-26805,0.5
1900-01-24 00:05:45,7624.0,15565,7624.5,1271682,43721,338589,-294868,-1256117,0.5
1900-01-24 00:06:00,7620.0,174382,7620.5,164552,228935,170272,58663,9830,0.5
1900-01-24 00:06:15,7628.5,175487,7629.0,721846,278333,101291,177042,-546359,0.5
1900-01-24 00:06:30,7624.5,885176,7625.0,34667,60538,303390,-242852,850509,0.5
1900-01-24 00:06:45,7631.0,511422,7631.5,18255,654976,124484,530492,493167,0.5
1900-01-24 00:07:00,7634.5,301307,7635.0,522886,283110,19025,264085,-221579,0.5
1900-01-24 00:07:15,7637.5,532095,7638.0,33232,202717,359747,-157030,498863,0.5
1900-01-24 00:07:30,7635.5,5850,7636.0,85524,237165,87071,150094,-79674,0.5
1900-01-24 00:07:45,7635.5,849788,7636.0,251761,174900,29916,144984,598027,0.5
1900-01-24 00:08:00,7646.0,610515,7646.5,45191,350984,241134,109850,565324,0.5
1900-01-24 00:08:15,7641.5,19010,7642.0,391408,293350,40676,252674,-372398,0.5
1900-01-24 00:08:30,7639.0,864145,7639.5,20807,61399,33180,28219,843338,0.5
1900-01-24 00:08:45,7638.0,16164,7638.5,504859,117575,119816,-2241,-488695,0.5
1900-01-24 00:09:00,7639.0,876550,7639.5,183113,36326,73784,-37458,693437,0.5
1900-01-24 00:09:15,7641.0,561114,7641.5,231530,70513,61731,8782,329584,0.5
1900-01-24 00:09:30,7643.0,812617,7643.5,11465,228073,37758,190315,801152,0.5
1900-01-24 00:09:45,7643.0,827116,7643.5,242075,93102,80794,12308,585041,0.5
1900-01-24 00:10:00,7643.5,733926,7644.0,15115,113383,34359,79024,718811,0.5
1900-01-24 00:10:15,7644.5,359915,7645.0,722392,42359,7023,35336,-362477,0.5
1900-01-24 00:10:30,7641.5,34899,7642.0,422369,44182,149029,-104847,-387470,0.5
1900-01-24 00:10:45,7636.5,240531,7637.0,1353031,27950,120860,-92910,-1112500,0.5
1900-01-24 00:11:00,7636.5,324521,7637.0,475752,7500,227069,-219569,-151231,0.5
1900-01-24 00:11:15,7635.0,23367,7635.5,835199,15509,136946,-121437,-811832,0.5
1900-01-24 00:11:30,7634.0,1067020,7634.5,124081,73037,22606,50431,942939,0.5
1900-01-24 00:11:45,7635.5,863006,7636.0,41540,53657,25061,28596,821466,0.5
1900-01-24 00:12:00,7637.0,286342,7637.5,528361,30577,8459,22118,-242019,0.5
1900-01-24 00:12:15,7634.0,9862,7634.5,664729,123163,227796,-104633,-654867,0.5
1900-01-24 00:12:30,7634.0,845921,7634.5,122034,80640,24445,56195,723887,0.5
1900-01-24 00:12:45,7631.5,556265,7632.0,672916,7712,26442,-18730,-116651,0.5
1900-01-24 00:13:00,7635.5,481151,7636.0,159182,80899,38733,42166,321969,0.5
1900-01-24 00:13:15,7635.5,695672,7636.0,885413,120316,17100,103216,-189741,0.5
1900-01-24 00:13:30,7640.0,839280,7640.5,39966,83839,39208,44631,799314,0.5
1900-01-24 00:13:45,7636.5,1154663,7637.0,135275,57582,54672,2910,1019388,0.5
1900-01-24 00:14:00,7636.5,1070885,7637.0,51323,15584,2658,12926,1019562,0.5
1900-01-24 00:14:15,7638.0,129721,7638.5,590175,30793,27434,3359,-460454,0.5
1900-01-24 00:14:30,7638.0,800027,7638.5,149148,3169,13228,-10059,650879,0.5
1900-01-24 00:14:45,7634.0,5086,7634.5,897272,36923,138871,-101948,-892186,0.5
1900-01-24 00:15:00,7632.0,22169,7632.5,868456,127835,36872,90963,-846287,0.5
1900-01-24 00:15:15,7623.5,331425,7624.0,815641,22051,142947,-120896,-484216,0.5
1900-01-24 00:15:30,7623.5,45332,7624.0,790346,42520,19409,23111,-745014,0.5
1900-01-24 00:15:45,7622.0,16104,7622.5,1046641,16671,146717,-130046,-1030537,0.5
1900-01-24 00:16:00,7619.0,512075,7619.5,612458,4355,191127,-186772,-100383,0.5
1900-01-24 00:16:15,7616.0,4892,7616.5,987788,70030,73856,-3826,-982896,0.5
1900-01-24 00:16:30,7613.5,35200,7614.0,205805,137046,271025,-133979,-170605,0.5
1900-01-24 00:16:45,7605.0,391363,7605.5,251354,181345,227958,-46613,140009,0.5
1900-01-24 00:17:00,7601.5,16399,7602.0,401532,177488,392163,-214675,-385133,0.5
1900-01-24 00:17:15,7613.5,27972,7615.5,18584,903709,143839,759870,9388,2.0
1900-01-24 00:17:30,7617.0,1865,7617.5,1065894,131028,152560,-21532,-1064029,0.5
1900-01-24 00:17:45,7610.0,676328,7610.5,117659,223119,283474,-60355,558669,0.5
1900-01-24 00:18:00,7620.5,453288,7621.0,56344,470084,91051,379033,396944,0.5
1900-01-24 00:18:15,7612.5,577016,7613.0,334153,282087,9566,272521,242863,0.5
1900-01-24 00:18:30,7612.0,109128,7612.5,32000,70876,321364,-250488,77128,0.5
1900-01-24 00:18:45,7610.0,91989,7610.5,88383,219252,160286,58966,3606,0.5
1900-01-24 00:19:00,7608.5,86826,7609.0,422092,66987,81348,-14361,-335266,0.5
1900-01-24 00:19:15,7593.5,77127,7594.0,47393,22066,302485,-280419,29734,0.5
1900-01-24 00:19:30,7599.5,840669,7600.0,130535,157259,172875,-15616,710134,0.5
1900-01-24 00:19:45,7593.0,35213,7593.5,153974,167929,479424,-311495,-118761,0.5
1900-01-24 00:20:00,7593.0,800964,7593.5,37093,118309,305412,-187103,763871,0.5
1900-01-24 00:20:15,7592.0,55372,7592.5,684007,143688,321206,-177518,-628635,0.5
1900-01-24 00:20:30,7589.0,3599,7589.5,496180,11776,159940,-148164,-492581,0.5
1900-01-24 00:20:45,7577.0,94801,7577.5,28939,9365,666810,-657445,65862,0.5
1900-01-24 00:21:00,7593.5,10000,7594.0,4003,450097,392726,57371,5997,0.5
1900-01-24 00:21:15,7589.0,53608,7589.5,821879,364448,233544,130904,-768271,0.5
1900-01-24 00:21:30,7594.5,544496,7595.0,17592,232393,293307,-60914,526904,0.5
1900-01-24 00:21:45,7597.0,767180,7597.5,25522,284986,164666,120320,741658,0.5
1900-01-24 00:22:00,7602.0,545670,7602.5,236959,246408,15353,231055,308711,0.5
1900-01-24 00:22:15,7604.5,144287,7605.0,141910,165719,10143,155576,2377,0.5
1900-01-24 00:22:30,7606.5,937523,7607.0,26582,310776,14079,296697,910941,0.5
1900-01-24 00:22:45,7607.5,1837896,7608.0,1414,151254,25799,125455,1836482,0.5
1900-01-24 00:23:00,7611.5,15999,7612.0,1168660,139128,70700,68428,-1152661,0.5
1900-01-24 00:23:15,7611.5,672949,7612.0,332248,62893,177653,-114760,340701,0.5
1900-01-24 00:23:30,7609.0,209129,7609.5,1227546,14340,24129,-9789,-1018417,0.5
1900-01-24 00:23:45,7608.5,12920,7609.0,912747,19470,197257,-177787,-899827,0.5
1900-01-24 00:24:00,7603.0,296920,7603.5,242541,36894,172034,-135140,54379,0.5
1900-01-24 00:24:15,7598.5,81296,7599.0,478031,193207,178398,14809,-396735,0.5
1900-01-24 00:24:30,7597.5,4792,7598.0,586254,107572,80405,27167,-581462,0.5
1900-01-24 00:24:45,7596.0,365201,7596.5,450934,70036,169247,-99211,-85733,0.5
1900-01-24 00:25:00,7591.0,370015,7591.5,721199,80387,83204,-2817,-351184,0.5
1900-01-24 00:25:15,7584.5,534939,7585.0,492306,23349,254137,-230788,42633,0.5
1900-01-24 00:25:30,7583.0,43872,7583.5,182668,343723,167167,176556,-138796,0.5
1900-01-24 00:25:45,7583.0,443492,7583.5,366235,68895,89473,-20578,77257,0.5
1900-01-24 00:26:00,7572.5,35127,7573.0,33000,139419,681232,-541813,2127,0.5
1900-01-24 00:26:15,7568.5,30587,7569.0,20494,270262,378354,-108092,10093,0.5
1900-01-24 00:26:30,7564.5,345343,7567.0,78886,181055,503275,-322220,266457,2.5
1900-01-24 00:26:45,7585.5,125158,7586.0,412602,437625,137585,300040,-287444,0.5
1900-01-24 00:27:00,7585.0,5521,7585.5,619332,145499,334137,-188638,-613811,0.5
1900-01-24 00:27:15,7593.0,1319349,7593.5,4241,177277,208563,-31286,1315108,0.5
1900-01-24 00:27:30,7586.5,188283,7587.0,37230,100811,139523,-38712,151053,0.5
1900-01-24 00:27:45,7582.5,56500,7589.5,835127,61060,452336,-391276,-778627,7.0
1900-01-24 00:28:00,7580.5,20623,7581.0,20000,33881,71469,-37588,623,0.5
1900-01-24 00:28:15,7559.0,200,7560.0,2385,55090,334525,-279435,-2185,1.0
1900-01-24 00:28:30,7565.0,13500,7565.5,1214,596894,454737,142157,12286,0.5
1900-01-24 00:28:45,7566.5,40544,7569.0,410861,386552,99594,286958,-370317,2.5
1900-01-24 00:29:00,7561.5,3100,7562.0,13000,44112,75273,-31161,-9900,0.5
1900-01-24 00:29:15,7552.5,495772,7553.0,100978,90332,97636,-7304,394794,0.5
1900-01-24 00:29:30,7562.0,260301,7562.5,4223,554888,110454,444434,256078,0.5
1900-01-24 00:29:45,7565.0,500593,7565.5,303165,81970,116003,-34033,197428,0.5
1900-01-24 00:30:00,7561.0,29040,7561.5,297363,56438,79792,-23354,-268323,0.5
1900-01-24 00:30:15,7552.5,340083,7553.0,412185,88411,195147,-106736,-72102,0.5
1900-01-24 00:30:30,7545.0,141240,7545.5,476272,191441,1158618,-967177,-335032,0.5
1900-01-24 00:30:45,7539.5,5000,7540.0,631209,64929,1517833,-1452904,-626209,0.5
1900-01-24 00:31:00,7544.5,11980,7545.0,11767,517024,303170,213854,213,0.5
1900-01-24 00:31:15,7558.5,35884,7559.5,699,787752,80591,707161,35185,1.0
1900-01-24 00:31:30,7569.5,56969,7570.0,15611,293429,46555,246874,41358,0.5
1900-01-24 00:31:45,7590.0,53883,7590.5,2,689743,87154,602589,53881,0.5
1900-01-24 00:32:00,7596.0,10925,7596.5,4209,845623,120858,724765,6716,0.5
1900-01-24 00:32:15,7623.5,10192,7624.0,297545,1046269,388114,658155,-287353,0.5
1900-01-24 00:32:30,7620.0,899521,7620.5,476826,503435,853137,-349702,422695,0.5
1900-01-24 00:32:45,7612.0,393885,7612.5,1326979,185230,1282049,-1096819,-933094,0.5
1900-01-24 00:33:00,7627.0,35032,7627.5,2000,391615,97945,293670,33032,0.5
1900-01-24 00:33:15,7625.0,382412,7625.5,152926,626099,102838,523261,229486,0.5
1900-01-24 00:33:30,7637.5,86495,7638.0,74609,217345,96071,121274,11886,0.5
1900-01-24 00:33:45,7626.0,6893,7626.5,20319,253336,230382,22954,-13426,0.5
1900-01-24 00:34:00,7623.5,318335,7624.0,647023,276913,93857,183056,-328688,0.5
1900-01-24 00:34:15,7619.0,213056,7619.5,828161,23908,185347,-161439,-615105,0.5
1900-01-24 00:34:30,7613.5,152493,7614.0,434396,27881,219801,-191920,-281903,0.5
1900-01-24 00:34:45,7613.5,120646,7614.0,790250,142384,86069,56315,-669604,0.5
1900-01-24 00:35:00,7613.5,834018,7614.0,81929,150221,38254,111967,752089,0.5
1900-01-24 00:35:15,7621.0,2825,7622.0,852972,218070,44338,173732,-850147,1.0
1900-01-24 00:35:30,7621.0,435600,7621.5,341830,8461,86319,-77858,93770,0.5
1900-01-24 00:35:45,7624.5,836343,7625.0,244211,381694,4900,376794,592132,0.5
1900-01-24 00:36:00,7625.0,356860,7625.5,595903,261877,16997,244880,-239043,0.5
1900-01-24 00:36:15,7621.5,240436,7622.0,474862,55826,329426,-273600,-234426,0.5
1900-01-24 00:36:30,7620.0,109136,7620.5,1162311,7605,1399004,-1391399,-1053175,0.5
1900-01-24 00:36:45,7614.0,442351,7614.5,187811,41692,189104,-147412,254540,0.5
1900-01-24 00:37:00,7612.5,16540,7613.0,93522,321527,78253,243274,-76982,0.5
1900-01-24 00:37:15,7613.0,687490,7613.5,374566,205504,72232,133272,312924,0.5
1900-01-24 00:37:30,7616.0,490873,7616.5,518450,358603,34072,324531,-27577,0.5
1900-01-24 00:37:45,7612.5,12740,7613.0,1202228,5567,51789,-46222,-1189488,0.5
1900-01-24 00:38:00,7612.5,269318,7613.0,176072,137713,127344,10369,93246,0.5
1900-01-24 00:38:15,7612.5,135022,7613.0,1217202,16626,68370,-51744,-1082180,0.5
1900-01-24 00:38:30,7618.5,293437,7619.0,9024,125522,27614,97908,284413,0.5
1900-01-24 00:38:45,7618.5,606559,7619.0,170128,17033,572,16461,436431,0.5
1900-01-24 00:39:00,7618.5,749762,7619.0,125829,159521,4449,155072,623933,0.5
1900-01-24 00:39:15,7618.5,768176,7619.0,122650,37553,20916,16637,645526,0.5
1900-01-24 00:39:30,7624.5,382005,7625.0,825315,317197,75645,241552,-443310,0.5
1900-01-24 00:39:45,7627.5,810311,7628.0,320780,143285,10153,133132,489531,0.5
1900-01-24 00:40:00,7625.0,6868,7625.5,19144,126283,38051,88232,-12276,0.5
1900-01-24 00:40:15,7624.5,17308,7625.0,1316418,58616,58199,417,-1299110,0.5
1900-01-24 00:40:30,7620.0,844,7620.5,1102011,7797,86882,-79085,-1101167,0.5
1900-01-24 00:40:45,7619.5,53894,7620.0,854784,40052,7013,33039,-800890,0.5
1900-01-24 00:41:00,7619.5,559311,7620.0,508030,9968,13208,-3240,51281,0.5
1900-01-24 00:41:15,7627.5,27397,7628.0,877063,94438,25102,69336,-849666,0.5
1900-01-24 00:41:30,7627.0,646687,7627.5,413288,102461,24059,78402,233399,0.5
1900-01-24 00:41:45,7627.0,122352,7627.5,562375,61211,123299,-62088,-440023,0.5
1900-01-24 00:42:00,7627.0,18923,7627.5,1351599,13913,292756,-278843,-1332676,0.5
1900-01-24 00:42:15,7626.5,280850,7627.0,762192,11712,70534,-58822,-481342,0.5
1900-01-24 00:42:30,7628.0,289630,7628.5,346595,80150,46170,33980,-56965,0.5
1900-01-24 00:42:45,7634.0,1460732,7634.5,4462,341464,4159,337305,1456270,0.5
1900-01-24 00:43:00,7637.0,337487,7637.5,301538,280305,16394,263911,35949,0.5
1900-01-24 00:43:15,7635.0,22779,7635.5,222618,47128,106693,-59565,-199839,0.5
1900-01-24 00:43:30,7635.0,21870,7635.5,717588,64975,32002,32973,-695718,0.5
1900-01-24 00:43:45,7637.5,557287,7638.0,262318,153487,23856,129631,294969,0.5
1900-01-24 00:44:00,7637.5,704320,7638.0,133870,126687,27639,99048,570450,0.5
1900-01-24 00:44:15,7639.5,1208994,7640.0,743860,1666644,5003,1661641,465134,0.5
1900-01-24 00:44:30,7639.5,673826,7640.0,621254,293190,12722,280468,52572,0.5
1900-01-24 00:44:45,7640.5,436216,7641.0,186379,683451,178442,505009,249837,0.5
1900-01-24 00:45:00,7645.5,35724,7646.0,1229641,110004,190210,-80206,-1193917,0.5
1900-01-24 00:45:15,7641.5,5600,7642.0,127406,166508,93726,72782,-121806,0.5
1900-01-24 00:45:30,7641.0,11682,7641.5,636954,159075,194328,-35253,-625272,0.5
1900-01-24 00:45:45,7638.0,334402,7638.5,346218,109685,43742,65943,-11816,0.5
1900-01-24 00:46:00,7637.5,173521,7638.0,744442,8125,36378,-28253,-570921,0.5
1900-01-24 00:46:15,7631.0,7029,7631.5,212056,24716,822055,-797339,-205027,0.5
1900-01-24 00:46:30,7630.5,323528,7631.0,828481,3478,176246,-172768,-504953,0.5
1900-01-24 00:46:45,7631.0,1444196,7631.5,146,141657,38738,102919,1444050,0.5
1900-01-24 00:47:00,7631.5,717028,7632.0,613908,164230,10070,154160,103120,0.5
1900-01-24 00:47:15,7635.5,134191,7636.0,7755,64556,17205,47351,126436,0.5
1900-01-24 00:47:30,7638.5,486549,7639.0,245928,71494,2910,68584,240621,0.5
1900-01-24 00:47:45,7639.0,1044106,7639.5,50881,158987,4951,154036,993225,0.5
1900-01-24 00:48:00,7640.5,564646,7641.0,29545,45905,1000,44905,535101,0.5
1900-01-24 00:48:15,7641.0,32874,7641.5,690488,29615,137713,-108098,-657614,0.5
1900-01-24 00:48:30,7637.5,1024410,7638.0,5567,34742,61473,-26731,1018843,0.5
1900-01-24 00:48:45,7638.5,1317702,7639.0,609885,56913,23812,33101,707817,0.5
1900-01-24 00:49:00,7642.0,1554599,7642.5,21522,376199,15682,360517,1533077,0.5
1900-01-24 00:49:15,7642.0,255675,7642.5,976001,88263,524,87739,-720326,0.5
1900-01-24 00:49:30,7638.5,1380,7639.0,504668,15896,109912,-94016,-503288,0.5
1900-01-24 00:49:45,7638.5,389734,7639.0,366983,100512,8424,92088,22751,0.5
1900-01-24 00:50:00,7638.5,230316,7639.0,563444,25944,82823,-56879,-333128,0.5
1900-01-24 00:50:15,7638.5,610541,7639.0,261960,22630,16258,6372,348581,0.5
1900-01-24 00:50:30,7638.5,224466,7639.0,774978,37573,6262,31311,-550512,0.5
1900-01-24 00:50:45,7632.5,5030,7633.0,100139,3000,82371,-79371,-95109,0.5
1900-01-24 00:51:00,7631.0,723382,7631.5,472177,5100,121350,-116250,251205,0.5
1900-01-24 00:51:15,7625.0,16092,7625.5,897638,26,271689,-271663,-881546,0.5
1900-01-24 00:51:30,7623.0,587292,7623.5,645920,138357,116195,22162,-58628,0.5
1900-01-24 00:51:45,7623.0,272360,7623.5,835336,41288,8804,32484,-562976,0.5
1900-01-24 00:52:00,7621.5,188603,7622.0,537285,21600,47515,-25915,-348682,0.5
1900-01-24 00:52:15,7621.5,282758,7622.0,81422,117487,145934,-28447,201336,0.5
1900-01-24 00:52:30,7629.0,60880,7629.5,497758,223278,63249,160029,-436878,0.5
1900-01-24 00:52:45,7629.5,1163550,7630.0,102396,304001,3230,300771,1061154,0.5
1900-01-24 00:53:00,7630.0,366955,7630.5,26281,89406,207,89199,340674,0.5
1900-01-24 00:53:15,7631.5,493540,7632.0,356668,18343,10496,7847,136872,0.5
1900-01-24 00:53:30,7628.5,243,7629.0,612879,41608,108043,-66435,-612636,0.5
1900-01-24 00:53:45,7621.5,211351,7622.0,265914,8699,143357,-134658,-54563,0.5
1900-01-24 00:54:00,7619.0,11173,7619.5,443718,16000,90064,-74064,-432545,0.5
1900-01-24 00:54:15,7616.5,28263,7617.0,884192,52191,523045,-470854,-855929,0.5
1900-01-24 00:54:30,7616.5,687243,7617.0,91901,260764,171536,89228,595342,0.5
1900-01-24 00:54:45,7615.5,417669,7616.0,310626,19334,20175,-841,107043,0.5
1900-01-24 00:55:00,7615.5,497533,7616.0,488526,25886,64918,-39032,9007,0.5
1900-01-24 00:55:15,7615.5,104180,7616.0,943530,3141,236205,-233064,-839350,0.5
1900-01-24 00:55:30,7615.5,184472,7616.0,884005,1100,36299,-35199,-699533,0.5
1900-01-24 00:55:45,7615.5,204792,7616.0,938954,5496,1625,3871,-734162,0.5
1900-01-24 00:56:00,7620.5,570136,7621.0,189162,890590,67144,823446,380974,0.5
1900-01-24 00:56:15,7624.0,541891,7624.5,6547,26244,100790,-74546,535344,0.5
1900-01-24 00:56:30,7628.5,533528,7629.0,484678,303448,1076,302372,48850,0.5
1900-01-24 00:56:45,7628.5,1066879,7629.0,93962,45624,1330,44294,972917,0.5
1900-01-24 00:57:00,7629.5,858288,7630.0,198663,137159,1250,135909,659625,0.5
1900-01-24 00:57:15,7633.0,701410,7633.5,607568,75921,82760,-6839,93842,0.5
1900-01-24 00:57:30,7633.0,1133448,7633.5,14445,15654,1704,13950,1119003,0.5
1900-01-24 00:57:45,7633.5,305932,7634.0,651841,19655,84268,-64613,-345909,0.5
1900-01-24 00:58:00,7633.5,143791,7634.0,1198778,39721,5761,33960,-1054987,0.5
1900-01-24 00:58:15,7633.5,58968,7634.0,1262575,3089,253144,-250055,-1203607,0.5
1900-01-24 00:58:30,7633.5,555247,7634.0,837434,31642,34061,-2419,-282187,0.5
1900-01-24 00:58:45,7638.0,994957,7638.5,4440,386159,5005,381154,990517,0.5
1900-01-24 00:59:00,7639.5,539996,7640.0,100230,108423,5597,102826,439766,0.5
1900-01-24 00:59:15,7641.0,406831,7641.5,353867,399552,11927,387625,52964,0.5
1900-01-24 00:59:30,7641.0,808395,7641.5,174935,113398,30430,82968,633460,0.5
1900-01-24 00:59:45,7641.0,392656,7641.5,545473,382945,12726,370219,-152817,0.5
1900-01-24 01:00:00,7641.0,784237,7641.5,406855,160137,9675,150462,377382,0.5
1900-01-24 01:00:15,7644.5,621982,7645.0,166030,93794,7982,85812,455952,0.5
1900-01-24 01:00:30,7641.0,33520,7641.5,713326,34358,62156,-27798,-679806,0.5
1900-01-24 01:00:45,7639.0,526162,7639.5,566021,36301,66171,-29870,-39859,0.5
1900-01-24 01:01:00,7643.5,724958,7644.0,27031,44864,24415,20449,697927,0.5
1900-01-24 01:01:15,7643.5,699141,7644.0,570800,26044,14260,11784,128341,0.5
1900-01-24 01:01:30,7643.5,728626,7644.0,491712,25123,2220,22903,236914,0.5
1900-01-24 01:01:45,7648.0,779602,7648.5,21499,333289,5520,327769,758103,0.5
1900-01-24 01:02:00,7648.0,70098,7648.5,1006261,419983,169889,250094,-936163,0.5
1900-01-24 01:02:15,7645.5,400032,7646.0,48181,141661,150897,-9236,351851,0.5
1900-01-24 01:02:30,7646.0,742494,7646.5,46705,88505,104201,-15696,695789,0.5
1900-01-24 01:02:45,7658.0,102186,7660.0,163880,1497169,9815,1487354,-61694,2.0
1900-01-24 01:03:00,7657.0,4584,7657.5,292487,931234,120590,810644,-287903,0.5
1900-01-24 01:03:15,7650.5,1238453,7651.0,139540,102874,109094,-6220,1098913,0.5
1900-01-24 01:03:30,7650.5,764066,7651.0,36140,102269,90647,11622,727926,0.5
1900-01-24 01:03:45,7654.5,993533,7655.0,144665,126050,15901,110149,848868,0.5
1900-01-24 01:04:00,7659.5,44215,7660.0,90025,376000,51711,324289,-45810,0.5
1900-01-24 01:04:15,7663.5,759372,7664.0,47656,214221,48523,165698,711716,0.5
1900-01-24 01:04:30,7673.5,184118,7674.0,58991,1282446,123708,1158738,125127,0.5
1900-01-24 01:04:45,7666.0,21,7666.5,174602,406990,321305,85685,-174581,0.5
1900-01-24 01:05:00,7663.0,803720,7663.5,344165,130817,231986,-101169,459555,0.5
1900-01-24 01:05:15,7668.5,374933,7669.0,49450,229223,23290,205933,325483,0.5
1900-01-24 01:05:30,7668.5,35268,7669.0,536876,91617,52486,39131,-501608,0.5
1900-01-24 01:05:45,7671.5,64070,7672.0,70648,104848,117907,-13059,-6578,0.5
1900-01-24 01:06:00,7668.5,122528,7669.0,801575,62447,20186,42261,-679047,0.5
1900-01-24 01:06:15,7663.5,38857,7664.0,1660903,50050,249611,-199561,-1622046,0.5
1900-01-24 01:06:30,7659.0,659066,7659.5,1323637,44239,30887,13352,-664571,0.5
1900-01-24 01:06:45,7659.0,880111,7659.5,667710,13532,770795,-757263,212401,0.5
1900-01-24 01:07:00,7659.5,621679,7660.0,347163,630292,37096,593196,274516,0.5
1900-01-24 01:07:15,7667.0,646173,7667.5,406094,133905,46119,87786,240079,0.5
1900-01-24 01:07:30,7664.5,1107446,7665.0,143218,101395,191022,-89627,964228,0.5
1900-01-24 01:07:45,7664.5,1256782,7665.0,167495,35743,3720,32023,1089287,0.5
1900-01-24 01:08:00,7666.0,406289,7666.5,583567,77948,12501,65447,-177278,0.5
1900-01-24 01:08:15,7664.0,10343,7664.5,97730,54382,99774,-45392,-87387,0.5
1900-01-24 01:08:30,7660.0,664847,7660.5,40977,16271,106719,-90448,623870,0.5
1900-01-24 01:08:45,7660.0,766816,7660.5,596629,26125,154319,-128194,170187,0.5
1900-01-24 01:09:00,7660.0,53642,7660.5,764991,30114,31364,-1250,-711349,0.5
1900-01-24 01:09:15,7655.5,7067,7656.0,656075,1157,490006,-488849,-649008,0.5
1900-01-24 01:09:30,7655.0,39444,7655.5,1151037,1048,159528,-158480,-1111593,0.5
1900-01-24 01:09:45,7655.0,783003,7655.5,568415,67681,19608,48073,214588,0.5
1900-01-24 01:10:00,7654.0,55105,7654.5,955159,56175,193970,-137795,-900054,0.5
1900-01-24 01:10:15,7654.0,867299,7654.5,93075,217755,57375,160380,774224,0.5
1900-01-24 01:10:30,7654.0,1332528,7654.5,75188,17993,7915,10078,1257340,0.5
1900-01-24 01:10:45,7653.5,86326,7654.0,303904,15912,55414,-39502,-217578,0.5
1900-01-24 01:11:00,7652.5,23564,7653.0,327454,14574,100552,-85978,-303890,0.5
1900-01-24 01:11:15,7653.5,1025578,7654.0,41566,29621,29653,-32,984012,0.5
1900-01-24 01:11:30,7654.0,18974,7654.5,1050158,17245,117290,-100045,-1031184,0.5
1900-01-24 01:11:45,7652.5,667395,7653.0,404830,25537,9896,15641,262565,0.5
1900-01-24 01:12:00,7652.5,638975,7653.0,443209,19725,5405,14320,195766,0.5
1900-01-24 01:12:15,7656.0,451482,7656.5,531,233329,31564,201765,450951,0.5
1900-01-24 01:12:30,7658.5,901022,7659.0,308059,119090,704,118386,592963,0.5
1900-01-24 01:12:45,7659.5,692687,7660.0,6243,78118,1730,76388,686444,0.5
1900-01-24 01:13:00,7660.5,310989,7661.0,740375,11846,4650,7196,-429386,0.5
1900-01-24 01:13:15,7660.5,286796,7661.0,797115,8448,14905,-6457,-510319,0.5
1900-01-24 01:13:30,7660.5,260222,7661.0,892078,17580,29995,-12415,-631856,0.5
1900-01-24 01:13:45,7657.5,191325,7658.0,878157,4291,116416,-112125,-686832,0.5
1900-01-24 01:14:00,7657.5,5309,7658.0,814535,10237,153314,-143077,-809226,0.5
1900-01-24 01:14:15,7656.0,29615,7656.5,1097897,3432,28184,-24752,-1068282,0.5
1900-01-24 01:14:30,7653.5,602072,7654.0,686016,31532,142416,-110884,-83944,0.5
1900-01-24 01:14:45,7653.5,146398,7654.0,805445,33720,63929,-30209,-659047,0.5
1900-01-24 01:15:00,7653.5,488035,7654.0,371044,14279,30090,-15811,116991,0.5
1900-01-24 01:15:15,7653.0,40574,7653.5,1324787,6085,65449,-59364,-1284213,0.5
1900-01-24 01:15:30,7651.5,163070,7652.0,860281,3420,149789,-146369,-697211,0.5
1900-01-24 01:15:45,7651.5,237951,7652.0,1365142,7290,34874,-27584,-1127191,0.5
1900-01-24 01:16:00,7651.0,222838,7651.5,1101687,44656,227282,-182626,-878849,0.5
1900-01-24 01:16:15,7645.5,161274,7646.0,328722,44656,403349,-358693,-167448,0.5
1900-01-24 01:16:30,7642.0,593789,7642.5,502626,178,146104,-145926,91163,0.5
1900-01-24 01:16:45,7642.0,563746,7642.5,599410,301408,102364,199044,-35664,0.5
1900-01-24 01:17:00,7642.5,811935,7643.0,44482,104610,17229,87381,767453,0.5
1900-01-24 01:17:15,7645.5,1635162,7646.0,157,220055,14000,206055,1635005,0.5
1900-01-24 01:17:30,7648.5,466227,7649.0,56498,155369,8750,146619,409729,0.5
1900-01-24 01:17:45,7651.0,755454,7651.5,82615,59155,11500,47655,672839,0.5
1900-01-24 01:18:00,7655.0,433558,7655.5,380811,364134,40154,323980,52747,0.5
1900-01-24 01:18:15,7645.5,251813,7646.0,216004,22588,173503,-150915,35809,0.5
1900-01-24 01:18:30,7640.0,712657,7640.5,69995,161889,165029,-3140,642662,0.5
1900-01-24 01:18:45,7640.5,8025,7643.0,709647,67950,36271,31679,-701622,2.5
1900-01-24 01:19:00,7640.0,910829,7640.5,236532,12258,6327,5931,674297,0.5
1900-01-24 01:20:00,7634.5,592582,7635.0,214274,800,6327,-5527,378308,0.5
1900-01-24 01:20:15,7636.5,206309,7637.0,101863,147412,24799,122613,104446,0.5
1900-01-24 01:20:30,7636.5,315728,7637.0,589890,65982,1008,64974,-274162,0.5
1900-01-24 01:20:45,7634.0,147299,7634.5,748214,30,90707,-90677,-600915,0.5
1900-01-24 01:21:00,7634.0,852159,7634.5,59769,88029,20873,67156,792390,0.5
1900-01-24 01:21:15,7636.5,391222,7637.0,533577,36946,3600,33346,-142355,0.5
1900-01-24 01:21:30,7639.0,368896,7639.5,12226,52145,46498,5647,356670,0.5
1900-01-24 01:21:45,7643.5,402997,7644.0,444847,65842,3031,62811,-41850,0.5
1900-01-24 01:22:00,7643.5,444116,7644.0,15267,105124,82820,22304,428849,0.5
1900-01-24 01:22:15,7644.0,307014,7644.5,923902,66485,70500,-4015,-616888,0.5
1900-01-24 01:22:30,7644.0,289030,7644.5,635131,87820,10758,77062,-346101,0.5
1900-01-24 01:22:45,7644.0,467468,7644.5,78056,260564,137679,122885,389412,0.5
1900-01-24 01:23:00,7642.5,6045,7643.0,1381526,2341,113260,-110919,-1375481,0.5
1900-01-24 01:23:15,7638.5,3745,7639.0,28482,4050,22170,-18120,-24737,0.5
1900-01-24 01:23:30,7638.0,253817,7638.5,1815810,47662,4694,42968,-1561993,0.5
1900-01-24 01:23:45,7638.0,749293,7638.5,249736,16530,40030,-23500,499557,0.5
1900-01-24 01:24:00,7645.5,580891,7646.0,65686,53457,158,53299,515205,0.5
1900-01-24 01:24:15,7648.0,448354,7648.5,80609,383348,19137,364211,367745,0.5
1900-01-24 01:24:30,7646.5,19861,7647.0,795379,195546,124496,71050,-775518,0.5
1900-01-24 01:24:45,7647.0,652142,7647.5,128,107145,124496,-17351,652014,0.5
1900-01-24 01:25:00,7648.5,1298287,7649.0,64295,31721,386,31335,1233992,0.5
1900-01-24 01:25:15,7652.5,954178,7653.0,326934,213826,15534,198292,627244,0.5
1900-01-24 01:25:30,7652.5,1640147,7653.0,111816,210008,56,209952,1528331,0.5
1900-01-24 01:25:45,7652.5,289890,7653.0,490142,152762,20258,132504,-200252,0.5
1900-01-24 01:26:00,7657.0,272589,7657.5,371376,200264,24240,176024,-98787,0.5
1900-01-24 01:26:15,7657.0,407059,7657.5,419214,43224,6950,36274,-12155,0.5
1900-01-24 01:26:30,7657.0,535977,7657.5,108975,19388,16313,3075,427002,0.5
1900-01-24 01:26:45,7657.0,594533,7657.5,148905,39998,192,39806,445628,0.5
1900-01-24 01:27:00,7654.5,166884,7655.0,742953,3308,112270,-108962,-576069,0.5
1900-01-24 01:27:15,7654.5,180271,7655.0,827536,16462,35395,-18933,-647265,0.5
1900-01-24 01:27:30,7654.5,160618,7655.0,708449,183,37101,-36918,-547831,0.5
1900-01-24 01:27:45,7657.0,386803,7657.5,668757,93342,35500,57842,-281954,0.5
1900-01-24 01:28:00,7654.0,675603,7654.5,193410,19819,36160,-16341,482193,0.5
1900-01-24 01:28:15,7657.5,443568,7658.0,854595,92899,11300,81599,-411027,0.5
1900-01-24 01:28:30,7659.0,448523,7659.5,316472,281180,5080,276100,132051,0.5
1900-01-24 01:28:45,7658.0,520572,7658.5,119361,53750,10925,42825,401211,0.5
1900-01-24 01:29:00,7658.0,229301,7658.5,786414,4178,24729,-20551,-557113,0.5
1900-01-24 01:29:15,7657.5,51990,7658.0,613227,5485,56534,-51049,-561237,0.5
1900-01-24 01:29:30,7653.5,66281,7654.0,891132,16138,92171,-76033,-824851,0.5
1900-01-24 01:29:45,7648.5,38282,7649.0,620589,25276,53969,-28693,-582307,0.5
1900-01-24 01:30:00,7646.0,552286,7646.5,365877,2094,120763,-118669,186409,0.5
1900-01-24 01:30:15,7651.0,458231,7651.5,191627,73687,24499,49188,266604,0.5
1900-01-24 01:30:30,7651.0,242541,7651.5,579458,144231,6389,137842,-336917,0.5
1900-01-24 01:30:45,7654.5,327032,7655.0,136369,60912,5824,55088,190663,0.5
1900-01-24 01:31:00,7654.5,452372,7655.0,113977,10919,75593,-64674,338395,0.5
1900-01-24 01:31:15,7655.5,1092354,7656.0,8064,64784,1400,63384,1084290,0.5
1900-01-24 01:31:30,7657.5,229275,7658.0,736424,45356,1400,43956,-507149,0.5
1900-01-24 01:31:45,7654.5,109310,7655.0,1459539,118576,7552,111024,-1350229,0.5
1900-01-24 01:32:00,7654.5,48191,7655.0,1539938,2232,16361,-14129,-1491747,0.5
1900-01-24 01:32:15,7654.5,90665,7655.0,1433716,4206,27379,-23173,-1343051,0.5
1900-01-24 01:32:30,7654.0,30017,7654.5,772352,30217,62492,-32275,-742335,0.5
1900-01-24 01:32:45,7653.0,987962,7653.5,177285,52299,47300,4999,810677,0.5
1900-01-24 01:33:00,7653.0,790655,7653.5,60850,36732,19710,17022,729805,0.5
1900-01-24 01:33:15,7656.5,22966,7657.0,1292620,5358,64524,-59166,-1269654,0.5
1900-01-24 01:33:30,7656.0,413979,7656.5,665239,16930,507,16423,-251260,0.5
1900-01-24 01:33:45,7655.0,144459,7655.5,966010,30510,107900,-77390,-821551,0.5
1900-01-24 01:34:00,7652.5,6309,7653.0,736971,10087,30977,-20890,-730662,0.5
1900-01-24 01:34:15,7650.0,67887,7650.5,1335700,593,23904,-23311,-1267813,0.5
1900-01-24 01:34:30,7648.0,30169,7648.5,996552,29955,16380,13575,-966383,0.5
1900-01-24 01:34:45,7647.0,55999,7647.5,1193503,1269,32592,-31323,-1137504,0.5
1900-01-24 01:35:00,7645.0,57718,7645.5,777485,77013,169462,-92449,-719767,0.5
1900-01-24 01:35:15,7641.5,156880,7642.0,542061,58662,236959,-178297,-385181,0.5
1900-01-24 01:35:30,7639.5,56702,7640.0,782067,19259,54816,-35557,-725365,0.5
1900-01-24 01:35:45,7639.5,137452,7640.0,439663,8546,8827,-281,-302211,0.5
1900-01-24 01:36:00,7639.0,38790,7639.5,470773,733,17621,-16888,-431983,0.5
1900-01-24 01:36:15,7641.5,383701,7642.0,194,165787,22250,143537,383507,0.5
1900-01-24 01:36:30,7643.5,188707,7644.0,721903,9139,8740,399,-533196,0.5
1900-01-24 01:36:45,7640.0,45588,7640.5,1231548,2010,14400,-12390,-1185960,0.5
1900-01-24 01:37:00,7638.5,93997,7639.0,614724,36202,43995,-7793,-520727,0.5
1900-01-24 01:37:15,7638.5,103752,7639.0,1898408,1205,61113,-59908,-1794656,0.5
1900-01-24 01:37:30,7638.0,10828,7638.5,1370617,5171,212418,-207247,-1359789,0.5
1900-01-24 01:37:45,7634.0,8113,7634.5,789841,13148,263486,-250338,-781728,0.5
1900-01-24 01:38:00,7631.0,19452,7631.5,997142,6978,94898,-87920,-977690,0.5
1900-01-24 01:38:15,7629.0,481966,7629.5,415146,20536,270520,-249984,66820,0.5
1900-01-24 01:38:30,7629.5,443793,7630.0,712,213005,143986,69019,443081,0.5
1900-01-24 01:38:45,7636.5,27450,7637.0,212272,128743,22747,105996,-184822,0.5
1900-01-24 01:39:00,7633.5,687624,7634.0,109340,5443,61798,-56355,578284,0.5
1900-01-24 01:39:15,7634.0,275009,7634.5,1600,22830,66335,-43505,273409,0.5
1900-01-24 01:39:30,7634.5,79526,7635.0,692268,3564,17932,-14368,-612742,0.5
1900-01-24 01:39:45,7634.5,75980,7635.0,692358,15,9655,-9640,-616378,0.5
1900-01-24 01:40:00,7634.5,99217,7635.0,373804,1951,7956,-6005,-274587,0.5
1900-01-24 01:40:15,7634.5,722920,7635.0,221500,51358,1530,49828,501420,0.5
1900-01-24 01:40:30,7637.5,844707,7638.0,12286,50124,2100,48024,832421,0.5
1900-01-24 01:40:45,7639.5,420028,7640.0,143272,132246,10245,122001,276756,0.5
1900-01-24 01:41:00,7636.0,189961,7636.5,318443,79094,79285,-191,-128482,0.5
1900-01-24 01:41:15,7636.0,618095,7636.5,204484,35400,62764,-27364,413611,0.5
1900-01-24 01:41:30,7634.5,37750,7635.0,828,3990,14539,-10549,36922,0.5
1900-01-24 01:41:45,7631.0,2,7631.5,1009623,2531,108012,-105481,-1009621,0.5
1900-01-24 01:42:00,7629.0,107762,7629.5,1202088,1478,146330,-144852,-1094326,0.5
1900-01-24 01:42:15,7627.5,216986,7628.0,268146,10696,128894,-118198,-51160,0.5
1900-01-24 01:42:30,7627.0,32583,7627.5,839839,54677,56110,-1433,-807256,0.5
1900-01-24 01:42:45,7627.0,534598,7627.5,206415,142439,85231,57208,328183,0.5
1900-01-24 01:43:00,7625.0,21067,7625.5,1121695,123714,266078,-142364,-1100628,0.5
1900-01-24 01:43:15,7623.0,521837,7623.5,649591,2374,60728,-58354,-127754,0.5
1900-01-24 01:43:30,7615.5,11706,7616.0,707771,225168,83975,141193,-696065,0.5
1900-01-24 01:43:45,7618.0,136548,7618.5,95978,145128,522557,-377429,40570,0.5
1900-01-24 01:44:00,7613.0,751365,7613.5,305644,69287,128850,-59563,445721,0.5
1900-01-24 01:44:15,7618.5,9256,7619.0,1439836,50421,63197,-12776,-1430580,0.5
1900-01-24 01:44:30,7613.5,121913,7614.0,659092,24567,122556,-97989,-537179,0.5
1900-01-24 01:44:45,7613.5,124281,7614.0,785873,32659,51414,-18755,-661592,0.5
1900-01-24 01:45:00,7612.0,520440,7612.5,366970,9378,312443,-303065,153470,0.5
1900-01-24 01:45:15,7612.0,671727,7612.5,364846,25465,22017,3448,306881,0.5
1900-01-24 01:45:30,7618.0,464581,7618.5,183103,116237,189,116048,281478,0.5
1900-01-24 01:45:45,7618.5,392908,7619.0,443950,108086,38651,69435,-51042,0.5
1900-01-24 01:46:00,7620.5,411401,7621.0,177611,169474,38651,130823,233790,0.5
1900-01-24 01:46:15,7623.0,466352,7623.5,151162,62591,392,62199,315190,0.5
1900-01-24 01:46:30,7623.5,547613,7624.0,67512,146473,16521,129952,480101,0.5
1900-01-24 01:46:45,7623.5,667452,7624.0,131352,154873,26764,128109,536100,0.5
1900-01-24 01:47:00,7623.5,212906,7624.0,850721,35289,92070,-56781,-637815,0.5
1900-01-24 01:47:15,7624.5,794030,7625.0,52836,89666,25521,64145,741194,0.5
1900-01-24 01:47:30,7626.0,272770,7626.5,704367,53039,1710,51329,-431597,0.5
1900-01-24 01:47:45,7626.0,360937,7626.5,734187,61436,2208,59228,-373250,0.5
1900-01-24 01:48:00,7626.0,246137,7626.5,1032263,24181,6060,18121,-786126,0.5
1900-01-24 01:48:15,7623.5,28150,7624.0,1209976,76,131807,-131731,-1181826,0.5
1900-01-24 01:48:30,7615.5,736147,7616.0,277617,7970,154494,-146524,458530,0.5
1900-01-24 01:48:45,7615.5,481571,7616.0,442269,68855,14500,54355,39302,0.5
1900-01-24 01:49:00,7620.5,603671,7621.0,322335,445743,23961,421782,281336,0.5
1900-01-24 01:49:15,7620.0,596,7620.5,172527,11427,58064,-46637,-171931,0.5
1900-01-24 01:49:30,7612.5,258,7613.0,161981,62325,208021,-145696,-161723,0.5
1900-01-24 01:49:45,7614.5,394761,7615.0,407836,33387,22239,11148,-13075,0.5
1900-01-24 01:50:00,7614.5,205179,7615.0,814733,60527,42617,17910,-609554,0.5
1900-01-24 01:50:15,7614.5,576778,7615.0,61342,39564,16664,22900,515436,0.5
1900-01-24 01:50:30,7616.0,616324,7616.5,587119,21974,10910,11064,29205,0.5
1900-01-24 01:50:45,7616.0,972658,7616.5,149941,11481,167428,-155947,822717,0.5
1900-01-24 01:51:00,7616.0,1054520,7616.5,55576,52325,100,52225,998944,0.5
1900-01-24 01:51:15,7619.0,614101,7619.5,11038,28586,1988,26598,603063,0.5
1900-01-24 01:51:30,7619.0,389317,7619.5,512277,27258,3009,24249,-122960,0.5
1900-01-24 01:51:45,7616.0,372458,7616.5,699920,15306,47604,-32298,-327462,0.5
1900-01-24 01:52:00,7616.0,407496,7616.5,663055,12778,26828,-14050,-255559,0.5
1900-01-24 01:52:15,7612.5,20299,7613.0,730353,32590,250495,-217905,-710054,0.5
1900-01-24 01:52:30,7605.0,1340974,7605.5,616345,6775,854144,-847369,724629,0.5
1900-01-24 01:52:45,7605.0,905659,7605.5,612481,20908,528952,-508044,293178,0.5
1900-01-24 01:53:00,7605.0,712255,7605.5,1066925,585004,210056,374948,-354670,0.5
1900-01-24 01:53:15,7603.5,1049924,7604.0,125219,38150,143681,-105531,924705,0.5
1900-01-24 01:53:30,7603.5,622183,7604.0,335154,74869,439521,-364652,287029,0.5
1900-01-24 01:53:45,7599.0,169683,7599.5,42255,95618,309186,-213568,127428,0.5
1900-01-24 01:54:00,7598.5,232717,7599.0,396704,198308,369072,-170764,-163987,0.5
1900-01-24 01:54:15,7595.5,1622,7596.0,251150,21173,476793,-455620,-249528,0.5
1900-01-24 01:54:30,7593.5,137244,7594.0,671035,21799,343613,-321814,-533791,0.5
1900-01-24 01:54:45,7592.0,46595,7592.5,1019768,17831,743064,-725233,-973173,0.5
1900-01-24 01:55:00,7582.5,256538,7583.0,6347,46079,375608,-329529,250191,0.5
1900-01-24 01:55:15,7592.5,40672,7593.0,686635,62870,65824,-2954,-645963,0.5
1900-01-24 01:55:30,7597.5,399406,7598.0,142488,66646,17100,49546,256918,0.5
1900-01-24 01:55:45,7608.0,656931,7608.5,2502,444091,16344,427747,654429,0.5
1900-01-24 01:56:00,7609.5,55196,7610.0,11349,280323,15828,264495,43847,0.5
1900-01-24 01:56:15,7608.5,688173,7609.0,237372,58719,190530,-131811,450801,0.5
1900-01-24 01:56:30,7612.5,506203,7613.0,150629,102036,10439,91597,355574,0.5
1900-01-24 01:56:45,7615.5,1031933,7616.0,28797,370720,14969,355751,1003136,0.5
1900-01-24 01:57:00,7618.0,429763,7618.5,632009,452946,7093,445853,-202246,0.5
1900-01-24 01:57:15,7618.5,466063,7619.0,620659,84368,39764,44604,-154596,0.5
1900-01-24 01:57:30,7620.5,919574,7621.0,26926,370974,3789,367185,892648,0.5
1900-01-24 01:57:45,7621.5,453188,7622.0,370464,164282,947,163335,82724,0.5
1900-01-24 01:58:00,7619.5,558321,7620.0,238206,25821,74881,-49060,320115,0.5
1900-01-24 01:58:15,7619.5,180540,7620.0,630737,21223,36636,-15413,-450197,0.5
1900-01-24 01:58:30,7618.5,526559,7619.0,194572,27246,69060,-41814,331987,0.5
1900-01-24 01:58:45,7618.5,620705,7619.0,102269,42392,26200,16192,518436,0.5
1900-01-24 01:59:00,7621.5,351122,7622.0,665001,10918,4910,6008,-313879,0.5
1900-01-24 01:59:15,7622.0,273596,7622.5,680506,53281,151460,-98179,-406910,0.5
1900-01-24 01:59:30,7622.0,123244,7622.5,438203,73463,25840,47623,-314959,0.5
1900-01-24 01:59:45,7628.0,20986,7628.5,1127076,126531,37421,89110,-1106090,0.5
1900-01-24 02:00:00,7624.5,21827,7625.0,276565,57922,40335,17587,-254738,0.5
1900-01-24 02:00:15,7624.5,1044118,7625.0,121711,33054,6670,26384,922407,0.5
1900-01-24 02:00:30,7624.5,890236,7625.0,250061,4460,33,4427,640175,0.5
1900-01-24 02:00:45,7624.5,1458318,7625.0,131161,20873,7383,13490,1327157,0.5
1900-01-24 02:01:00,7621.5,225848,7622.0,504585,58844,68157,-9313,-278737,0.5
1900-01-24 02:01:15,7621.5,17372,7622.0,986833,3306,145874,-142568,-969461,0.5
1900-01-24 02:01:30,7619.0,614669,7619.5,293331,20188,88121,-67933,321338,0.5
1900-01-24 02:01:45,7620.0,1050866,7620.5,85408,50849,68602,-17753,965458,0.5
1900-01-24 02:02:00,7620.0,1242687,7620.5,91591,11297,10591,706,1151096,0.5
1900-01-24 02:02:15,7622.0,840741,7622.5,84504,86987,163,86824,756237,0.5
1900-01-24 02:02:30,7623.5,970173,7624.0,674213,131409,3942,127467,295960,0.5
1900-01-24 02:02:45,7623.5,1400894,7624.0,407797,257100,5199,251901,993097,0.5
1900-01-24 02:03:00,7628.0,561712,7628.5,111655,64766,3013,61753,450057,0.5
1900-01-24 02:03:15,7628.0,903575,7628.5,787371,53445,16963,36482,116204,0.5
1900-01-24 02:03:30,7628.5,459744,7629.0,520205,602778,4818,597960,-60461,0.5
1900-01-24 02:03:45,7629.0,240227,7629.5,717209,132634,75426,57208,-476982,0.5
1900-01-24 02:04:00,7629.5,875766,7630.0,33200,178315,7,178308,842566,0.5
1900-01-24 02:04:15,7631.0,380741,7631.5,809980,113150,7,113143,-429239,0.5
1900-01-24 02:04:30,7630.5,55850,7631.0,102781,93417,17711,75706,-46931,0.5
1900-01-24 02:04:45,7630.0,99905,7630.5,738534,16815,262182,-245367,-638629,0.5
1900-01-24 02:05:00,7630.0,1108423,7630.5,598239,85782,57681,28101,510184,0.5
1900-01-24 02:05:15,7633.5,601084,7634.0,234884,386535,6634,379901,366200,0.5
1900-01-24 02:05:30,7633.5,961752,7634.0,2889848,176458,12461,163997,-1928096,0.5
1900-01-24 02:05:45,7638.5,363151,7639.0,33917,305744,216213,89531,329234,0.5
1900-01-24 02:06:00,7639.5,20233,7640.0,429249,229033,80672,148361,-409016,0.5
1900-01-24 02:06:15,7639.5,641288,7640.0,97747,43715,67868,-24153,543541,0.5
1900-01-24 02:06:30,7642.0,104542,7642.5,583856,52769,37462,15307,-479314,0.5
1900-01-24 02:06:45,7639.5,7622,7640.0,715024,26404,58294,-31890,-707402,0.5
1900-01-24 02:07:00,7635.0,16822,7635.5,487672,8327,32072,-23745,-470850,0.5
1900-01-24 02:07:15,7630.0,1153853,7630.5,194011,4026,120502,-116476,959842,0.5
1900-01-24 02:07:30,7630.0,718510,7630.5,241942,60883,3600,57283,476568,0.5
1900-01-24 02:07:45,7630.0,170001,7630.5,585463,48106,199514,-151408,-415462,0.5
1900-01-24 02:08:00,7630.0,772877,7630.5,169370,19402,11120,8282,603507,0.5
1900-01-24 02:08:15,7636.5,304348,7637.0,600201,190997,27200,163797,-295853,0.5
1900-01-24 02:08:30,7632.5,1417703,7633.0,38532,72264,15459,56805,1379171,0.5
1900-01-24 02:08:45,7632.5,1572078,7633.0,5781,36010,4039,31971,1566297,0.5
1900-01-24 02:09:00,7634.5,578145,7635.0,74217,23941,1010,22931,503928,0.5
1900-01-24 02:09:15,7634.5,140904,7635.0,978912,58127,701,57426,-838008,0.5
1900-01-24 02:09:30,7635.0,869144,7635.5,60542,44264,1,44263,808602,0.5
1900-01-24 02:09:45,7635.0,383724,7635.5,577058,8776,507,8269,-193334,0.5
1900-01-24 02:10:00,7635.0,30036,7635.5,769425,3031,16014,-12983,-739389,0.5
1900-01-24 02:10:15,7633.5,87741,7634.0,914190,1211,26076,-24865,-826449,0.5
1900-01-24 02:10:30,7632.5,66065,7633.0,1048385,23922,22787,1135,-982320,0.5
1900-01-24 02:10:45,7629.5,234868,7630.0,903737,8630,51813,-43183,-668869,0.5
1900-01-24 02:11:00,7629.5,703634,7630.0,369825,7010,75076,-68066,333809,0.5
1900-01-24 02:11:15,7625.0,896718,7625.5,469289,1435,72937,-71502,427429,0.5
1900-01-24 02:11:30,7622.0,638822,7622.5,299611,7561,41572,-34011,339211,0.5
1900-01-24 02:11:45,7620.0,392272,7620.5,793766,6759,208708,-201949,-401494,0.5
1900-01-24 02:12:00,7620.0,534149,7620.5,884357,27705,71282,-43577,-350208,0.5
1900-01-24 02:12:15,7620.0,1471445,7620.5,354019,95152,15580,79572,1117426,0.5
1900-01-24 02:12:30,7620.0,40896,7620.5,1140975,6000,215592,-209592,-1100079,0.5
1900-01-24 02:12:45,7619.5,560,7620.0,1288235,703,13414,-12711,-1287675,0.5
1900-01-24 02:13:00,7611.5,7573,7612.0,1549362,8350,352354,-344004,-1541789,0.5
1900-01-24 02:13:15,7613.5,883579,7614.0,29074,160309,88598,71711,854505,0.5
1900-01-24 02:13:30,7614.5,514803,7615.0,47493,195108,13124,181984,467310,0.5
1900-01-24 02:13:45,7617.0,250,7617.5,289125,63293,108302,-45009,-288875,0.5
1900-01-24 02:14:00,7613.5,577823,7614.0,537010,110146,138505,-28359,40813,0.5
1900-01-24 02:14:15,7613.5,822808,7614.0,30370,28222,92857,-64635,792438,0.5
1900-01-24 02:14:30,7613.5,772710,7614.0,447525,22702,50574,-27872,325185,0.5
1900-01-24 02:14:45,7612.5,550,7613.0,1352111,1134,6077,-4943,-1351561,0.5
1900-01-24 02:15:00,7612.5,1205982,7613.0,107722,54686,3288,51398,1098260,0.5
1900-01-24 02:15:15,7615.0,1215505,7615.5,349,37509,858,36651,1215156,0.5
1900-01-24 02:15:30,7618.5,406642,7619.0,878946,41351,6000,35351,-472304,0.5
1900-01-24 02:15:45,7622.0,816748,7622.5,50147,130954,3548,127406,766601,0.5
1900-01-24 02:16:00,7624.5,868045,7625.0,95670,94434,2632,91802,772375,0.5
1900-01-24 02:16:15,7627.5,768180,7628.0,67916,33170,2236,30934,700264,0.5
1900-01-24 02:16:30,7627.5,738300,7628.0,261453,15497,8406,7091,476847,0.5
1900-01-24 02:16:45,7627.5,261438,7628.0,671601,70621,47432,23189,-410163,0.5
1900-01-24 02:17:00,7627.5,141590,7628.0,763036,9440,69744,-60304,-621446,0.5
1900-01-24 02:17:15,7627.5,221776,7628.0,882983,4650,19405,-14755,-661207,0.5
1900-01-24 02:17:30,7627.5,1053130,7628.0,185328,11600,20413,-8813,867802,0.5
1900-01-24 02:17:45,7627.0,95662,7627.5,1232300,5600,1791,3809,-1136638,0.5
1900-01-24 02:18:00,7627.0,85577,7627.5,1222288,1275,44464,-43189,-1136711,0.5
1900-01-24 02:18:15,7626.5,8976,7627.0,4711327,19337,46300,-26963,-4702351,0.5
1900-01-24 02:18:30,7627.0,1175391,7627.5,96201,71955,30756,41199,1079190,0.5
1900-01-24 02:18:45,7627.5,818147,7628.0,10095,42395,1190,41205,808052,0.5
1900-01-24 02:19:00,7632.5,384153,7633.0,191688,156506,50,156456,192465,0.5
1900-01-24 02:19:15,7636.5,389342,7637.0,535331,158423,3638,154785,-145989,0.5
1900-01-24 02:19:30,7636.5,726833,7637.0,108667,107062,10710,96352,618166,0.5
1900-01-24 02:19:45,7639.5,1308499,7640.0,53438,107589,4919,102670,1255061,0.5
1900-01-24 02:20:00,7642.0,438473,7642.5,384987,30342,62925,-32583,53486,0.5
1900-01-24 02:20:15,7642.0,225429,7642.5,800865,14153,90339,-76186,-575436,0.5
1900-01-24 02:20:30,7642.0,215008,7642.5,869229,4320,90529,-86209,-654221,0.5
1900-01-24 02:20:45,7640.0,1825,7640.5,993535,24206,221854,-197648,-991710,0.5
1900-01-24 02:21:00,7633.0,1501707,7633.5,36340,178528,12885,165643,1465367,0.5
1900-01-24 02:21:15,7634.5,813944,7635.0,38634,29814,9000,20814,775310,0.5
1900-01-24 02:21:30,7638.5,564799,7639.0,3312,194343,522,193821,561487,0.5
1900-01-24 02:21:45,7642.5,4632704,7643.0,438499,115698,9400,106298,4194205,0.5
1900-01-24 02:22:00,7645.5,720790,7646.0,183264,428896,44,428852,537526,0.5
1900-01-24 02:22:15,7646.0,4013540,7646.5,546564,225837,80917,144920,3466976,0.5
1900-01-24 02:22:30,7641.5,654435,7642.0,29386,77176,19982,57194,625049,0.5
1900-01-24 02:22:45,7649.0,56444,7649.5,212218,122824,8906,113918,-155774,0.5
1900-01-24 02:23:00,7645.5,390214,7646.0,198842,115326,11369,103957,191372,0.5
1900-01-24 02:23:15,7645.5,364701,7646.0,575393,24267,1012,23255,-210692,0.5
1900-01-24 02:23:30,7645.5,385473,7646.0,488615,57373,11628,45745,-103142,0.5
1900-01-24 02:23:45,7644.0,3398,7644.5,768562,68462,39547,28915,-765164,0.5
1900-01-24 02:24:00,7643.5,850166,7644.0,130760,4700,4013,687,719406,0.5
1900-01-24 02:24:15,7643.5,4655088,7644.0,74121,27219,2500,24719,4580967,0.5
1900-01-24 02:24:30,7649.5,1010732,7650.0,88657,336097,6480,329617,922075,0.5
1900-01-24 02:24:45,7650.5,506147,7651.0,469384,157089,5800,151289,36763,0.5
1900-01-24 02:25:00,7646.5,636367,7647.0,239822,111502,29906,81596,396545,0.5
1900-01-24 02:25:15,7646.5,798095,7647.0,103604,83348,1798,81550,694491,0.5
1900-01-24 02:25:30,7647.5,1020665,7648.0,3719,32512,9800,22712,1016946,0.5
1900-01-24 02:25:45,7650.5,531675,7651.0,303000,62823,1766,61057,228675,0.5
1900-01-24 02:26:00,7643.0,82297,7643.5,373424,80641,287576,-206935,-291127,0.5
1900-01-24 02:26:15,7640.0,7242,7640.5,767576,10691,37513,-26822,-760334,0.5
1900-01-24 02:26:30,7636.5,1049170,7637.0,307298,1075,47857,-46782,741872,0.5
1900-01-24 02:26:45,7640.5,1141558,7641.0,2132,115203,1450,113753,1139426,0.5
1900-01-24 02:27:00,7647.5,853871,7648.0,7729,12884,80380,-67496,846142,0.5
1900-01-24 02:27:15,7652.0,1166488,7652.5,343634,184614,15197,169417,822854,0.5
1900-01-24 02:27:30,7653.5,707667,7654.0,132995,259506,6348,253158,574672,0.5
1900-01-24 02:27:45,7653.5,19703,7654.0,759731,94143,8649,85494,-740028,0.5
1900-01-24 02:28:00,7651.5,3511,7652.0,706861,20222,97220,-76998,-703350,0.5
1900-01-24 02:28:15,7651.0,166384,7651.5,784435,36580,90426,-53846,-618051,0.5
1900-01-24 02:28:30,7650.0,120072,7650.5,605779,5809,157077,-151268,-485707,0.5
1900-01-24 02:28:45,7652.0,400628,7652.5,567964,8922,6515,2407,-167336,0.5
1900-01-24 02:29:00,7652.0,747643,7652.5,62861,1315,2840,-1525,684782,0.5
1900-01-24 02:29:15,7652.0,716737,7652.5,7743,25287,2080,23207,708994,0.5
1900-01-24 02:29:30,7652.0,34195,7652.5,730319,17041,103268,-86227,-696124,0.5
1900-01-24 02:29:45,7652.0,1192824,7652.5,48345,164673,18376,146297,1144479,0.5
1900-01-24 02:30:00,7659.0,833592,7659.5,224130,154720,22979,131741,609462,0.5
1900-01-24 02:30:15,7664.5,155073,7665.0,123766,341245,12287,328958,31307,0.5
1900-01-24 02:30:30,7665.5,106424,7666.0,807486,289750,5406,284344,-701062,0.5
1900-01-24 02:30:45,7665.0,6124283,7665.5,129015,135904,53965,81939,5995268,0.5
1900-01-24 02:31:00,7665.5,224730,7666.0,749586,441708,181273,260435,-524856,0.5
1900-01-24 02:31:15,7667.5,483375,7668.0,429927,123430,76174,47256,53448,0.5
1900-01-24 02:31:30,7667.5,69136,7668.0,698741,120241,48953,71288,-629605,0.5
1900-01-24 02:31:45,7661.5,304694,7662.0,304665,2340,81741,-79401,29,0.5
1900-01-24 02:32:00,7660.0,1091991,7660.5,43800,5572,120742,-115170,1048191,0.5
1900-01-24 02:32:15,7663.0,423960,7663.5,2122,49570,20940,28630,421838,0.5
1900-01-24 02:32:30,7664.0,9726,7664.5,588642,36269,10905,25364,-578916,0.5
1900-01-24 02:32:45,7664.0,275961,7664.5,642744,70910,39358,31552,-366783,0.5
1900-01-24 02:33:00,7662.0,581472,7662.5,659836,136526,4378,132148,-78364,0.5
1900-01-24 02:33:15,7658.0,447622,7658.5,360477,65856,177251,-111395,87145,0.5
1900-01-24 02:33:30,7658.0,510452,7658.5,200495,83111,93723,-10612,309957,0.5
1900-01-24 02:33:45,7658.0,4062237,7658.5,105222,22220,7483,14737,3957015,0.5
1900-01-24 02:34:00,7658.0,66553,7658.5,553062,16325,11019,5306,-486509,0.5
1900-01-24 02:34:15,7658.5,1540319,7659.0,67921,137750,27140,110610,1472398,0.5
1900-01-24 02:34:30,7659.0,1367584,7659.5,158809,55217,1509,53708,1208775,0.5
1900-01-24 02:34:45,7659.0,1179771,7659.5,149794,29815,25258,4557,1029977,0.5
1900-01-24 02:35:00,7659.0,774784,7659.5,200154,6650,11661,-5011,574630,0.5
1900-01-24 02:35:15,7659.0,801368,7659.5,347326,25121,8270,16851,454042,0.5
1900-01-24 02:35:30,7659.0,362802,7659.5,753419,11340,6232,5108,-390617,0.5
1900-01-24 02:35:45,7659.0,500,7659.5,986966,7237,118480,-111243,-986466,0.5
1900-01-24 02:36:00,7655.0,73771,7655.5,497976,5152,152003,-146851,-424205,0.5
1900-01-24 02:36:15,7655.0,634751,7655.5,306185,816,18336,-17520,328566,0.5
1900-01-24 02:36:30,7653.5,507258,7654.0,353904,2216,18408,-16192,153354,0.5
1900-01-24 02:36:45,7653.5,52092,7654.0,582323,9080,52546,-43466,-530231,0.5
1900-01-24 02:37:00,7653.0,20949,7653.5,559994,1637,61260,-59623,-539045,0.5
1900-01-24 02:37:15,7653.0,717407,7653.5,345873,6759,86683,-79924,371534,0.5
1900-01-24 02:37:30,7653.0,648217,7653.5,491631,12694,3077,9617,156586,0.5
1900-01-24 02:37:45,7653.0,1015553,7653.5,279268,19503,2884,16619,736285,0.5
1900-01-24 02:38:00,7653.0,704109,7653.5,63135,74027,7456,66571,640974,0.5
1900-01-24 02:38:15,7653.0,831770,7653.5,638435,13151,3212,9939,193335,0.5
1900-01-24 02:38:30,7650.5,736543,7651.0,341868,510,76728,-76218,394675,0.5
1900-01-24 02:38:45,7650.5,761450,7651.0,312912,4178,19200,-15022,448538,0.5
1900-01-24 02:39:00,7650.5,684652,7651.0,52736,31656,8760,22896,631916,0.5
1900-01-24 02:39:15,7657.5,1237332,7658.0,25233,10910,1885,9025,1212099,0.5
1900-01-24 02:39:30,7657.5,1364782,7658.0,1191391,87412,5169,82243,173391,0.5
1900-01-24 02:39:45,7652.0,294823,7652.5,586054,98250,50389,47861,-291231,0.5
1900-01-24 02:40:00,7652.0,603143,7652.5,56084,16467,34266,-17799,547059,0.5
1900-01-24 02:40:15,7652.5,1239942,7653.0,5072,7828,6006,1822,1234870,0.5
1900-01-24 02:40:30,7660.0,916414,7660.5,7276,22549,4708,17841,909138,0.5
1900-01-24 02:40:45,7661.5,1250580,7662.0,1233,65028,1539,63489,1249347,0.5
1900-01-24 02:41:00,7665.5,731298,7666.0,44234,20403,78715,-58312,687064,0.5
1900-01-24 02:41:15,7668.5,661506,7669.0,72004,42438,77345,-34907,589502,0.5
1900-01-24 02:41:30,7668.5,172338,7669.0,1090298,49064,161713,-112649,-917960,0.5
1900-01-24 02:41:45,7668.5,182859,7669.0,1127878,28975,54142,-25167,-945019,0.5
1900-01-24 02:42:00,7668.5,315752,7669.0,2701167,124504,45075,79429,-2385415,0.5
1900-01-24 02:42:15,7668.0,131620,7668.5,692045,233584,54632,178952,-560425,0.5
1900-01-24 02:42:30,7670.5,1186843,7671.0,96261,2149787,22967,2126820,1090582,0.5
1900-01-24 02:42:45,7674.5,1578777,7675.0,113910,419657,7367,412290,1464867,0.5
1900-01-24 02:43:00,7674.5,1451134,7675.0,43902,124064,9452,114612,1407232,0.5
1900-01-24 02:43:15,7673.0,428816,7673.5,558074,515030,151886,363144,-129258,0.5
1900-01-24 02:43:30,7676.0,611398,7676.5,665118,189506,52619,136887,-53720,0.5
1900-01-24 02:43:45,7677.5,285357,7678.0,28474,139318,44050,95268,256883,0.5
1900-01-24 02:44:00,7675.5,379693,7676.0,670304,120865,20052,100813,-290611,0.5
1900-01-24 02:44:15,7675.5,307055,7676.0,469095,126304,105523,20781,-162040,0.5
1900-01-24 02:44:30,7675.5,380721,7676.0,533672,26373,44569,-18196,-152951,0.5
1900-01-24 02:44:45,7674.0,876561,7674.5,124678,14997,109790,-94793,751883,0.5
1900-01-24 02:45:00,7674.0,30250,7674.5,1826398,18114,29442,-11328,-1796148,0.5
1900-01-24 02:45:15,7671.5,83789,7672.0,951443,17554,133186,-115632,-867654,0.5
1900-01-24 02:45:30,7668.5,46638,7669.0,932299,32153,166512,-134359,-885661,0.5
1900-01-24 02:45:45,7667.0,93943,7667.5,993960,12182,130218,-118036,-900017,0.5
1900-01-24 02:46:00,7665.5,64485,7666.0,813052,4200,149494,-145294,-748567,0.5
1900-01-24 02:46:15,7669.5,657494,7670.0,26062,13092,17140,-4048,631432,0.5
1900-01-24 02:46:30,7672.5,13934,7673.0,662545,91130,37739,53391,-648611,0.5
1900-01-24 02:46:45,7672.0,993825,7672.5,87747,19806,25123,-5317,906078,0.5
1900-01-24 02:47:00,7681.5,718699,7682.0,50749,447964,9426,438538,667950,0.5
1900-01-24 02:47:15,7682.5,445533,7683.0,321029,131766,6531,125235,124504,0.5
1900-01-24 02:47:30,7677.0,224493,7677.5,496392,163653,136982,26671,-271899,0.5
1900-01-24 02:47:45,7672.5,239188,7673.0,646026,4220,21666,-17446,-406838,0.5
1900-01-24 02:48:00,7672.5,736922,7673.0,454561,20848,8672,12176,282361,0.5
1900-01-24 02:48:15,7676.5,235396,7677.0,427341,98621,2468,96153,-191945,0.5
1900-01-24 02:48:30,7676.5,628069,7677.0,333089,3453,64360,-60907,294980,0.5
1900-01-24 02:48:45,7676.5,5940311,7677.0,42943,38394,45001,-6607,5897368,0.5
1900-01-24 02:49:00,7676.5,22283,7677.0,739372,19779,59106,-39327,-717089,0.5
1900-01-24 02:49:15,7676.5,110914,7677.0,572908,18784,36288,-17504,-461994,0.5
1900-01-24 02:49:30,7676.5,111128,7677.0,650011,5018,6390,-1372,-538883,0.5
1900-01-24 02:49:45,7676.5,27325,7677.0,744089,2500,67878,-65378,-716764,0.5
1900-01-24 02:50:00,7676.5,151246,7677.0,957079,22022,5721,16301,-805833,0.5
1900-01-24 02:50:15,7676.5,947148,7677.0,23999,29421,8930,20491,923149,0.5
1900-01-24 02:50:30,7676.5,57263,7677.0,781568,5907,3043,2864,-724305,0.5
1900-01-24 02:50:45,7676.0,44533,7676.5,1094018,10639,14014,-3375,-1049485,0.5
1900-01-24 02:51:00,7676.0,42651,7676.5,1215275,120,14801,-14681,-1172624,0.5
1900-01-24 02:51:15,7673.5,46884,7674.0,818899,2000,58841,-56841,-772015,0.5
1900-01-24 02:51:30,7672.5,6204,7673.0,261504,7408,56424,-49016,-255300,0.5
1900-01-24 02:51:45,7672.5,43410,7673.0,641979,4003,10883,-6880,-598569,0.5
1900-01-24 02:52:00,7672.0,26394,7672.5,826385,5501,17145,-11644,-799991,0.5
1900-01-24 02:52:15,7671.5,137422,7672.0,824585,4551,33251,-28700,-687163,0.5
1900-01-24 02:52:30,7671.0,52618,7671.5,583718,1485,43284,-41799,-531100,0.5
1900-01-24 02:52:45,7670.5,191835,7671.0,703437,501,67723,-67222,-511602,0.5
1900-01-24 02:53:00,7672.5,1752113,7673.0,96471,17809,18507,-698,1655642,0.5
1900-01-24 02:53:15,7673.0,1278434,7673.5,49528,36847,12000,24847,1228906,0.5
1900-01-24 02:53:30,7674.0,623710,7674.5,1268,49348,60,49288,622442,0.5
1900-01-24 02:53:45,7674.5,15373,7675.0,1120231,79593,35830,43763,-1104858,0.5
1900-01-24 02:54:00,7671.0,479766,7671.5,377608,13721,98838,-85117,102158,0.5
1900-01-24 02:54:15,7671.0,902520,7671.5,27742,52455,17152,35303,874778,0.5
1900-01-24 02:54:30,7671.0,866543,7671.5,301622,144,4669,-4525,564921,0.5
1900-01-24 02:54:45,7671.0,1504272,7671.5,3249,121471,5521,115950,1501023,0.5
1900-01-24 02:55:00,7671.0,553106,7671.5,624428,4271,13570,-9299,-71322,0.5
1900-01-24 02:55:15,7668.0,220770,7668.5,774010,7284,167222,-159938,-553240,0.5
1900-01-24 02:55:30,7666.5,53478,7667.0,699127,832,143968,-143136,-645649,0.5
1900-01-24 02:55:45,7664.5,34258,7665.0,286785,12206,78546,-66340,-252527,0.5
1900-01-24 02:56:00,7663.0,665288,7663.5,416402,13889,152583,-138694,248886,0.5
1900-01-24 02:56:15,7663.0,18975,7663.5,962783,1169,47282,-46113,-943808,0.5
1900-01-24 02:56:30,7662.0,190606,7662.5,827368,48136,63624,-15488,-636762,0.5
1900-01-24 02:56:45,7662.0,1020654,7662.5,301718,16056,31898,-15842,718936,0.5
1900-01-24 02:57:00,7662.0,748713,7662.5,287300,28562,126000,-97438,461413,0.5
1900-01-24 02:57:15,7662.5,1233150,7663.0,99338,112493,10650,101843,1133812,0.5
1900-01-24 02:57:30,7663.0,1114093,7663.5,22840,104411,180,104231,1091253,0.5
1900-01-24 02:57:45,7664.0,834216,7664.5,37556,24547,180,24367,796660,0.5
1900-01-24 02:58:00,7664.5,63510,7665.0,645148,21823,104660,-82837,-581638,0.5
1900-01-24 02:58:15,7666.0,337248,7666.5,725003,50667,11478,39189,-387755,0.5
1900-01-24 02:58:30,7666.0,5652,7666.5,932531,11070,29275,-18205,-926879,0.5
1900-01-24 02:58:45,7666.0,876356,7666.5,50149,5641,18899,-13258,826207,0.5
1900-01-24 02:59:00,7666.0,897715,7666.5,116,13064,7142,5922,897599,0.5
1900-01-24 02:59:15,7666.5,855173,7667.0,18788,21987,25259,-3272,836385,0.5
1900-01-24 02:59:30,7666.5,1018176,7667.0,73622,77109,36616,40493,944554,0.5
1900-01-24 02:59:45,7665.0,238605,7665.5,760279,12908,101754,-88846,-521674,0.5
1900-01-24 03:00:00,7665.0,289453,7665.5,605931,8054,7605,449,-316478,0.5
1900-01-24 03:00:15,7663.0,114778,7663.5,1013471,10131,259778,-249647,-898693,0.5
1900-01-24 03:00:30,7663.0,117094,7663.5,1072041,135,84807,-84672,-954947,0.5
1900-01-24 03:00:45,7662.5,262334,7663.0,1046579,19,103884,-103865,-784245,0.5
1900-01-24 03:01:00,7662.0,91570,7662.5,1234192,13769,227354,-213585,-1142622,0.5
1900-01-24 03:01:15,7644.5,82922,7645.0,128000,10726,323198,-312472,-45078,0.5
1900-01-24 03:01:30,7652.0,507516,7652.5,339702,204056,128948,75108,167814,0.5
1900-01-24 03:01:45,7648.0,245344,7648.5,599709,56160,64827,-8667,-354365,0.5
1900-01-24 03:02:00,7648.0,205601,7648.5,633862,19662,71545,-51883,-428261,0.5
1900-01-24 03:02:15,7648.0,938500,7648.5,332301,25633,28767,-3134,606199,0.5
1900-01-24 03:02:30,7649.0,1325428,7649.5,718,120945,3520,117425,1324710,0.5
1900-01-24 03:02:45,7649.5,1277140,7650.0,65192,145511,11791,133720,1211948,0.5
1900-01-24 03:03:00,7651.5,763050,7652.0,256204,141595,9748,131847,506846,0.5
1900-01-24 03:03:15,7651.5,593905,7652.0,712926,16299,3700,12599,-119021,0.5
1900-01-24 03:03:30,7647.5,243195,7648.0,710628,7264,175276,-168012,-467433,0.5
1900-01-24 03:03:45,7647.5,70753,7648.0,1098002,14029,46586,-32557,-1027249,0.5
1900-01-24 03:04:00,7641.0,537680,7641.5,392973,55874,243196,-187322,144707,0.5
1900-01-24 03:04:15,7641.5,912819,7642.0,10696,47643,28805,18838,902123,0.5
1900-01-24 03:04:30,7643.0,235646,7643.5,438213,44035,50,43985,-202567,0.5
1900-01-24 03:04:45,7634.5,365570,7635.0,375107,47618,136952,-89334,-9537,0.5
1900-01-24 03:05:00,7642.0,315403,7642.5,1859,85491,31695,53796,313544,0.5
1900-01-24 03:05:15,7642.0,303488,7642.5,661688,9180,29489,-20309,-358200,0.5
1900-01-24 03:05:30,7642.0,59288,7642.5,831663,12364,3491,8873,-772375,0.5
1900-01-24 03:05:45,7639.0,167558,7639.5,747758,32606,64044,-31438,-580200,0.5
1900-01-24 03:06:00,7639.0,851003,7639.5,44446,76300,1008,75292,806557,0.5
1900-01-24 03:06:15,7639.0,1013217,7639.5,5994,114677,66484,48193,1007223,0.5
1900-01-24 03:06:30,7639.5,979162,7640.0,113467,39065,8850,30215,865695,0.5
1900-01-24 03:06:45,7644.0,685240,7644.5,20549,164043,20100,143943,664691,0.5
1900-01-24 03:07:00,7641.5,4882,7642.0,939470,21409,48898,-27489,-934588,0.5
1900-01-24 03:07:15,7640.5,1518,7641.0,1174883,22081,1868,20213,-1173365,0.5
1900-01-24 03:07:30,7639.5,746796,7640.0,200100,7465,67843,-60378,546696,0.5
1900-01-24 03:07:45,7639.5,214760,7640.0,692262,6327,3703,2624,-477502,0.5
1900-01-24 03:08:00,7639.0,15555,7639.5,1195112,5850,27660,-21810,-1179557,0.5
1900-01-24 03:08:15,7637.5,59364,7638.0,1453580,3500,20041,-16541,-1394216,0.5
1900-01-24 03:08:30,7630.0,651049,7630.5,496986,1616,164943,-163327,154063,0.5
1900-01-24 03:08:45,7629.5,40839,7630.0,934523,95951,71059,24892,-893684,0.5
1900-01-24 03:09:00,7629.5,759301,7630.0,145275,57188,40464,16724,614026,0.5
1900-01-24 03:09:15,7637.0,226896,7637.5,273604,99956,1625,98331,-46708,0.5
1900-01-24 03:09:30,7637.0,281974,7637.5,525572,37968,260102,-222134,-243598,0.5
1900-01-24 03:09:45,7637.0,480640,7637.5,88067,5693,34713,-29020,392573,0.5
1900-01-24 03:10:00,7637.0,600155,7637.5,431499,7502,16925,-9423,168656,0.5
1900-01-24 03:10:15,7637.0,429798,7637.5,282745,10507,74402,-63895,147053,0.5
1900-01-24 03:10:30,7637.5,781394,7638.0,259972,10590,74402,-63812,521422,0.5
1900-01-24 03:10:45,7637.5,1044797,7638.0,185117,74071,459,73612,859680,0.5
1900-01-24 03:11:00,7637.5,1143717,7638.0,71996,181450,5,181445,1071721,0.5
1900-01-24 03:11:15,7640.5,867615,7641.0,224985,190771,4506,186265,642630,0.5
1900-01-24 03:11:30,7640.5,1230292,7641.0,18406,145218,12305,132913,1211886,0.5
1900-01-24 03:11:45,7641.5,1194383,7642.0,109313,27722,6,27716,1085070,0.5
1900-01-24 03:12:00,7642.5,1091508,7643.0,103838,51016,7506,43510,987670,0.5
1900-01-24 03:12:15,7642.5,1255322,7643.0,10330,97419,7560,89859,1244992,0.5
1900-01-24 03:12:30,7646.5,845828,7647.0,4324,123765,7560,116205,841504,0.5
1900-01-24 03:12:45,7647.0,694469,7647.5,64625,10039,8950,1089,629844,0.5
1900-01-24 03:13:00,7647.0,808169,7647.5,29402,26900,1405,25495,778767,0.5
1900-01-24 03:13:15,7648.5,870535,7649.0,262243,53378,9587,43791,608292,0.5
1900-01-24 03:13:30,7648.5,526536,7649.0,424047,133234,2065,131169,102489,0.5
1900-01-24 03:13:45,7648.5,1046040,7649.0,24407,20334,512,19822,1021633,0.5
1900-01-24 03:14:00,7648.5,1033933,7649.0,372314,19234,3469,15765,661619,0.5
1900-01-24 03:14:15,7649.5,610530,7650.0,626111,56892,3469,53423,-15581,0.5
1900-01-24 03:14:30,7649.5,672553,7650.0,974881,27426,3155,24271,-302328,0.5
1900-01-24 03:14:45,7645.0,102473,7645.5,281847,22823,72615,-49792,-179374,0.5
1900-01-24 03:15:00,7642.5,16671,7643.0,503609,1149,34619,-33470,-486938,0.5
1900-01-24 03:15:15,7642.5,750542,7643.0,155836,1262,25670,-24408,594706,0.5
1900-01-24 03:15:30,7642.5,893423,7643.0,98599,17783,24238,-6455,794824,0.5
1900-01-24 03:15:45,7642.5,911449,7643.0,57356,18696,3392,15304,854093,0.5
1900-01-24 03:16:00,7646.5,718275,7647.0,27800,16164,1626,14538,690475,0.5
1900-01-24 03:16:15,7646.5,270025,7647.0,695561,3579,97,3482,-425536,0.5
1900-01-24 03:16:30,7646.5,759889,7647.0,276186,19439,12518,6921,483703,0.5
1900-01-24 03:16:45,7646.5,873458,7647.0,14479,47712,12518,35194,858979,0.5
1900-01-24 03:17:00,7648.0,929957,7648.5,38851,12607,900,11707,891106,0.5
1900-01-24 03:17:15,7652.0,603041,7652.5,55701,22254,5515,16739,547340,0.5
1900-01-24 03:17:30,7652.5,771588,7653.0,138394,63997,5515,58482,633194,0.5
1900-01-24 03:17:45,7652.5,641937,7653.0,62671,16392,12938,3454,579266,0.5
1900-01-24 03:18:00,7652.5,325372,7653.0,911055,19629,6498,13131,-585683,0.5
1900-01-24 03:18:15,7652.5,3393,7653.0,1230681,11346,45760,-34414,-1227288,0.5
1900-01-24 03:18:30,7652.0,795553,7652.5,613064,8113,9353,-1240,182489,0.5
1900-01-24 03:18:45,7652.0,717602,7652.5,615865,1000,724,276,101737,0.5
1900-01-24 03:19:00,7652.0,921972,7652.5,638623,11001,5039,5962,283349,0.5
1900-01-24 03:19:15,7652.0,516343,7652.5,935243,1450,30002,-28552,-418900,0.5
1900-01-24 03:19:30,7652.0,966838,7652.5,596044,10791,19458,-8667,370794,0.5
1900-01-24 03:19:45,7652.0,350106,7652.5,928534,1175,11800,-10625,-578428,0.5
1900-01-24 03:20:00,7652.0,946301,7652.5,1052961,34209,69878,-35669,-106660,0.5
1900-01-24 03:20:15,7652.5,1244232,7653.0,808939,794812,18091,776721,435293,0.5
1900-01-24 03:20:30,7652.5,1320797,7653.0,654397,130722,18091,112631,666400,0.5
1900-01-24 03:20:45,7652.5,1349625,7653.0,606102,30499,7332,23167,743523,0.5
1900-01-24 03:21:00,7652.5,1369191,7653.0,547609,78974,6580,72394,821582,0.5
1900-01-24 03:21:15,7652.5,1909486,7653.0,487886,36691,3200,33491,1421600,0.5
1900-01-24 03:21:30,7652.5,2084398,7653.0,576380,428496,3200,425296,1508018,0.5
1900-01-24 03:21:45,7652.5,2089556,7653.0,426611,594949,2451,592498,1662945,0.5
1900-01-24 03:22:00,7652.5,9528411,7653.0,1061432,75361,4441,70920,8466979,0.5
1900-01-24 03:22:15,7641.5,568095,7642.0,1296774,23746,127470,-103724,-728679,0.5
1900-01-24 03:22:30,7641.5,214602,7642.0,1385127,2750,164117,-161367,-1170525,0.5
1900-01-24 03:22:45,7641.5,4033948,7642.0,365275,44722,15358,29364,3668673,0.5
1900-01-24 03:23:00,7641.5,4064491,7642.0,913530,32884,19405,13479,3150961,0.5
1900-01-24 03:23:15,7639.5,27423,7640.0,950021,73551,85840,-12289,-922598,0.5
1900-01-24 03:23:30,7638.0,134281,7638.5,1036903,6534,118344,-111810,-902622,0.5
1900-01-24 03:23:45,7638.0,685029,7638.5,390421,3852,37877,-34025,294608,0.5
1900-01-24 03:24:00,7638.0,972648,7638.5,691991,54242,26026,28216,280657,0.5
1900-01-24 03:24:15,7638.0,1000130,7638.5,750539,26918,2010,24908,249591,0.5
1900-01-24 03:24:30,7638.0,11057985,7638.5,665400,74708,8060,66648,10392585,0.5
1900-01-24 03:24:45,7638.0,11080168,7638.5,445945,183977,51200,132777,10634223,0.5
1900-01-24 03:25:00,7638.0,11251823,7638.5,240308,201188,2020,199168,11011515,0.5
1900-01-24 03:25:15,7638.0,11515955,7638.5,286597,395257,1402,393855,11229358,0.5
1900-01-24 03:25:30,7638.0,11324879,7638.5,204320,89015,100,88915,11120559,0.5
1900-01-24 03:25:45,7638.0,11525081,7638.5,265653,94916,1,94915,11259428,0.5
1900-01-24 03:26:00,7638.0,11423901,7638.5,195209,67168,20000,47168,11228692,0.5
1900-01-24 03:26:15,7638.0,11551890,7638.5,32568,108084,30939,77145,11519322,0.5
1900-01-24 03:26:30,7638.0,11101306,7638.5,531275,78306,3750,74556,10570031,0.5
1900-01-24 03:26:45,7638.0,10794356,7638.5,994988,399626,57000,342626,9799368,0.5
1900-01-24 03:27:00,7629.5,244121,7630.0,452484,222267,180485,41782,-208363,0.5
1900-01-24 03:27:15,7615.0,546662,7615.5,712034,52345,353406,-301061,-165372,0.5
1900-01-24 03:27:30,7622.5,615222,7623.0,250964,402057,250237,151820,364258,0.5
1900-01-24 03:27:45,7622.5,570508,7623.0,141165,101129,71276,29853,429343,0.5
1900-01-24 03:28:00,7622.5,790952,7623.0,209987,34632,19805,14827,580965,0.5
1900-01-24 03:28:15,7622.5,177396,7623.0,1119174,86420,44858,41562,-941778,0.5
1900-01-24 03:28:30,7622.5,109838,7623.0,661537,8954,136470,-127516,-551699,0.5
1900-01-24 03:28:45,7621.0,38727,7621.5,706682,4860,141169,-136309,-667955,0.5
1900-01-24 03:29:00,7617.0,48818,7617.5,956178,31697,89346,-57649,-907360,0.5
1900-01-24 03:29:15,7617.0,636792,7617.5,345882,29862,30885,-1023,290910,0.5
1900-01-24 03:29:30,7622.0,39377,7622.5,7800,224458,4621,219837,31577,0.5
1900-01-24 03:29:45,7624.5,741348,7625.0,169241,81861,4730,77131,572107,0.5
1900-01-24 03:30:00,7624.5,804247,7625.0,380689,48576,22250,26326,423558,0.5
1900-01-24 03:30:15,7625.0,628848,7625.5,587668,287603,2001,285602,41180,0.5
1900-01-24 03:30:30,7625.0,941648,7625.5,114535,76204,10400,65804,827113,0.5
1900-01-24 03:30:45,7625.5,1171982,7626.0,127561,136186,5089,131097,1044421,0.5
1900-01-24 03:31:00,7626.5,1247354,7627.0,18609,61364,5452,55912,1228745,0.5
1900-01-24 03:31:15,7629.5,748394,7630.0,416637,37354,11000,26354,331757,0.5
1900-01-24 03:31:30,7629.5,1254547,7630.0,11066,21650,3001,18649,1243481,0.5
1900-01-24 03:31:45,7634.0,491450,7634.5,77637,36485,31699,4786,413813,0.5
1900-01-24 03:32:00,7634.0,583763,7634.5,667007,17173,12629,4544,-83244,0.5
1900-01-24 03:32:15,7634.5,1145688,7635.0,1372312,238458,42933,195525,-226624,0.5
1900-01-24 03:32:30,7634.5,564363,7635.0,1783797,12450,15759,-3309,-1219434,0.5
1900-01-24 03:32:45,7634.5,551556,7635.0,1632943,135436,9119,126317,-1081387,0.5
1900-01-24 03:33:00,7634.5,1064560,7635.0,1245794,24311,72,24239,-181234,0.5
1900-01-24 03:33:15,7634.5,1078333,7635.0,1207183,36972,1269,35703,-128850,0.5
1900-01-24 03:33:30,7634.5,490975,7635.0,1594860,11426,8901,2525,-1103885,0.5
1900-01-24 03:33:45,7634.5,522688,7635.0,1632309,13783,42115,-28332,-1109621,0.5
1900-01-24 03:34:00,7634.5,410897,7635.0,1626787,1265,76345,-75080,-1215890,0.5
1900-01-24 03:34:15,7632.5,15111,7633.0,692784,5011,303231,-298220,-677673,0.5
1900-01-24 03:34:30,7629.0,190689,7629.5,644685,18,31168,-31150,-453996,0.5
1900-01-24 03:34:45,7629.0,789767,7629.5,575658,300,16039,-15739,214109,0.5
1900-01-24 03:35:00,7629.0,965902,7629.5,60847,4659,11943,-7284,905055,0.5
1900-01-24 03:35:15,7629.5,1415532,7630.0,16516,13668,1,13667,1399016,0.5
1900-01-24 03:35:30,7631.5,811261,7632.0,251744,19086,90,18996,559517,0.5
1900-01-24 03:35:45,7631.5,984213,7632.0,32200,49787,5384,44403,952013,0.5
1900-01-24 03:36:00,7633.0,1031145,7633.5,29506,24173,16702,7471,1001639,0.5
1900-01-24 03:36:15,7633.0,760681,7633.5,134620,18242,350,17892,626061,0.5
1900-01-24 03:36:30,7633.0,260096,7633.5,1121050,1176,7135,-5959,-860954,0.5
1900-01-24 03:36:45,7633.0,262703,7633.5,1142991,1,14412,-14411,-880288,0.5
1900-01-24 03:37:00,7633.0,876608,7633.5,72110,21132,32416,-11284,804498,0.5
1900-01-24 03:37:15,7634.5,1045131,7635.0,84672,70789,20230,50559,960459,0.5
1900-01-24 03:37:30,7635.0,256940,7635.5,1613104,35258,294125,-258867,-1356164,0.5
1900-01-24 03:37:45,7635.0,861832,7635.5,53191,42876,13752,29124,808641,0.5
1900-01-24 03:38:00,7635.0,614520,7635.5,1154086,2028,45886,-43858,-539566,0.5
1900-01-24 03:38:15,7635.0,209047,7635.5,1400453,620,45050,-44430,-1191406,0.5
1900-01-24 03:38:30,7635.0,184573,7635.5,1354653,299,14370,-14071,-1170080,0.5
1900-01-24 03:38:45,7635.0,1043699,7635.5,525865,4626,8200,-3574,517834,0.5
1900-01-24 03:39:00,7635.0,63791,7635.5,1250562,550,60756,-60206,-1186771,0.5
1900-01-24 03:39:15,7634.5,32937,7635.0,1303862,8150,41992,-33842,-1270925,0.5
1900-01-24 03:39:30,7634.5,118514,7635.0,1283855,8518,2287,6231,-1165341,0.5
1900-01-24 03:39:45,7634.5,135243,7635.0,1635480,14,3379,-3365,-1500237,0.5
1900-01-24 03:40:00,7634.5,163104,7635.0,1621200,43,1677,-1634,-1458096,0.5
1900-01-24 03:40:15,7634.5,152154,7635.0,1704743,3172,1512,1660,-1552589,0.5
1900-01-24 03:40:30,7634.5,138041,7635.0,1868117,3172,29042,-25870,-1730076,0.5
1900-01-24 03:40:45,7633.5,103044,7634.0,1708189,6900,46215,-39315,-1605145,0.5
1900-01-24 03:41:00,7633.5,86066,7634.0,1559865,2253,27787,-25534,-1473799,0.5
1900-01-24 03:41:15,7633.5,11619,7634.0,1996779,877,18468,-17591,-1985160,0.5
1900-01-24 03:41:30,7633.5,48064,7634.0,1710392,2121,9380,-7259,-1662328,0.5
1900-01-24 03:41:45,7633.5,353503,7634.0,947110,13296,24228,-10932,-593607,0.5
1900-01-24 03:42:00,7633.5,593626,7634.0,523160,4924,1739,3185,70466,0.5
1900-01-24 03:42:15,7634.5,815084,7635.0,424921,89274,1659,87615,390163,0.5
1900-01-24 03:42:30,7634.5,880258,7635.0,47597,14478,1659,12819,832661,0.5
1900-01-24 03:42:45,7634.5,1003917,7635.0,349841,6386,120,6266,654076,0.5
1900-01-24 03:43:00,7634.5,426916,7635.0,786149,16860,80000,-63140,-359233,0.5
1900-01-24 03:43:15,7635.0,946278,7635.5,2914,32753,1588,31165,943364,0.5
1900-01-24 03:43:30,7635.5,45357,7636.0,919785,16837,11398,5439,-874428,0.5
1900-01-24 03:43:45,7635.5,665503,7636.0,743469,1001,15932,-14931,-77966,0.5
1900-01-24 03:44:00,7635.5,480594,7636.0,664129,1397,1000,397,-183535,0.5
1900-01-24 03:44:15,7635.5,3489,7636.0,1239791,2080,22363,-20283,-1236302,0.5
1900-01-24 03:44:30,7634.0,42879,7634.5,1116947,14489,56636,-42147,-1074068,0.5
1900-01-24 03:44:45,7634.0,26880,7634.5,1517194,4074,28409,-24335,-1490314,0.5
1900-01-24 03:45:00,7634.0,470618,7634.5,1652409,2101,10756,-8655,-1181791,0.5
1900-01-24 03:45:15,7634.0,420693,7634.5,1407699,4102,11920,-7818,-987006,0.5
1900-01-24 03:45:30,7631.0,293575,7631.5,740335,2660,99851,-97191,-446760,0.5
1900-01-24 03:45:45,7634.0,1196555,7634.5,23540,101965,7651,94314,1173015,0.5
1900-01-24 03:46:00,7634.0,1383243,7634.5,1641,8937,45900,-36963,1381602,0.5
1900-01-24 03:46:15,7635.0,1229948,7635.5,273402,86044,3025,83019,956546,0.5
1900-01-24 03:46:30,7635.0,1262208,7635.5,237215,60041,3025,57016,1024993,0.5
1900-01-24 03:46:45,7641.0,662816,7641.5,742094,87128,5322,81806,-79278,0.5
1900-01-24 03:47:00,7641.0,939237,7641.5,148575,83004,9777,73227,790662,0.5
1900-01-24 03:47:15,7642.5,1359183,7643.0,2956,88122,5003,83119,1356227,0.5
1900-01-24 03:47:30,7644.0,92560,7644.5,888444,22654,19966,2688,-795884,0.5
1900-01-24 03:47:45,7640.0,304363,7640.5,1040298,9624,88067,-78443,-735935,0.5
1900-01-24 03:48:00,7640.0,764458,7640.5,332970,67854,55961,11893,431488,0.5
1900-01-24 03:48:15,7640.0,882203,7640.5,255910,35826,55961,-20135,626293,0.5
1900-01-24 03:48:30,7640.0,1022303,7640.5,251051,6120,55961,-49841,771252,0.5
1900-01-24 03:48:45,7640.0,1011058,7640.5,211601,2060,9801,-7741,799457,0.5
1900-01-24 03:49:00,7640.5,1277165,7641.0,16225,6730,5510,1220,1260940,0.5
1900-01-24 03:49:15,7641.0,1455748,7641.5,3438,988,1800,-812,1452310,0.5
1900-01-24 03:49:30,7641.5,981649,7642.0,60559,19363,500,18863,921090,0.5
1900-01-24 03:49:45,7642.5,803049,7643.0,340357,2096,18652,-16556,462692,0.5
1900-01-24 03:50:00,7642.5,798664,7643.0,242861,28908,5060,23848,555803,0.5
1900-01-24 03:50:15,7642.5,766396,7643.0,151650,64701,200,64501,614746,0.5
1900-01-24 03:50:30,7642.5,665968,7643.0,51746,6883,200,6683,614222,0.5
1900-01-24 03:50:45,7642.5,741271,7643.0,95673,7638,24,7614,645598,0.5
1900-01-24 03:51:00,7642.5,775419,7643.0,202567,8134,36055,-27921,572852,0.5
1900-01-24 03:51:15,7642.5,463107,7643.0,654123,693,9327,-8634,-191016,0.5
1900-01-24 03:51:30,7642.5,481378,7643.0,744404,2136,2876,-740,-263026,0.5
1900-01-24 03:51:45,7642.5,424438,7643.0,767625,21260,14843,6417,-343187,0.5
1900-01-24 03:52:00,7642.5,763961,7643.0,247217,15978,10615,5363,516744,0.5
1900-01-24 03:52:15,7644.5,886429,7645.0,248265,161338,2,161336,638164,0.5
1900-01-24 03:52:30,7645.0,1077451,7645.5,865,144168,5279,138889,1076586,0.5
1900-01-24 03:52:45,7646.0,976411,7646.5,61706,35378,1640,33738,914705,0.5
1900-01-24 03:53:00,7646.0,1015615,7646.5,8880,16339,213,16126,1006735,0.5
1900-01-24 03:53:15,7646.5,1444204,7647.0,2388,13354,213,13141,1441816,0.5
1900-01-24 03:53:30,7648.5,1227174,7649.0,16951,23197,7020,16177,1210223,0.5
1900-01-24 03:53:45,7649.5,682811,7650.0,525421,53683,5700,47983,157390,0.5
1900-01-24 03:54:00,7649.5,1096654,7650.0,78944,5125,2571,2554,1017710,0.5
1900-01-24 03:54:15,7653.0,471076,7653.5,535154,76559,5030,71529,-64078,0.5
1900-01-24 03:54:30,7653.0,299923,7653.5,574255,154373,11141,143232,-274332,0.5
1900-01-24 03:54:45,7654.5,901514,7655.0,60680,32561,35538,-2977,840834,0.5
1900-01-24 03:55:00,7654.5,615317,7655.0,447300,24476,19549,4927,168017,0.5
1900-01-24 03:55:15,7654.5,592355,7655.0,314115,18570,6725,11845,278240,0.5
1900-01-24 03:55:30,7654.5,619859,7655.0,235884,68818,11574,57244,383975,0.5
1900-01-24 03:55:45,7654.5,641123,7655.0,35618,40524,11574,28950,605505,0.5
1900-01-24 03:56:00,7655.0,572287,7655.5,75001,25416,5383,20033,497286,0.5
1900-01-24 03:56:15,7655.0,548381,7655.5,323870,10053,5383,4670,224511,0.5
1900-01-24 03:56:30,7655.0,458544,7655.5,413695,10471,19256,-8785,44849,0.5
1900-01-24 03:56:45,7655.0,346489,7655.5,461334,17429,36090,-18661,-114845,0.5
1900-01-24 03:57:00,7655.0,46808,7655.5,676152,8991,127415,-118424,-629344,0.5
1900-01-24 03:57:15,7653.0,376529,7653.5,428393,10375,35787,-25412,-51864,0.5
1900-01-24 03:57:30,7653.0,54272,7653.5,722485,1938,87032,-85094,-668213,0.5
1900-01-24 03:57:45,7652.5,26730,7653.0,545460,1180,23724,-22544,-518730,0.5
1900-01-24 03:58:00,7650.5,1447835,7651.0,18544,2265,15761,-13496,1429291,0.5
1900-01-24 03:58:15,7650.5,781908,7651.0,25775,3039,5000,-1961,756133,0.5
1900-01-24 03:58:30,7650.5,782764,7651.0,203074,5110,1884,3226,579690,0.5
1900-01-24 03:58:45,7650.5,623098,7651.0,269552,3359,32571,-29212,353546,0.5
1900-01-24 03:59:00,7650.5,479878,7651.0,249582,1314,4001,-2687,230296,0.5
1900-01-24 03:59:15,7662.5,1169032,7663.0,16544,396600,83917,312683,1152488,0.5
1900-01-24 03:59:30,7666.5,914462,7667.0,178067,345984,115218,230766,736395,0.5
1900-01-24 03:59:45,7667.5,1219416,7668.0,10175,42493,8664,33829,1209241,0.5
1900-01-24 04:00:00,7668.0,537382,7668.5,380000,89533,24000,65533,157382,0.5
1900-01-24 04:00:15,7668.0,621150,7668.5,453666,113474,15365,98109,167484,0.5
1900-01-24 04:00:30,7669.5,1611365,7670.0,101644,118946,23648,95298,1509721,0.5
1900-01-24 04:00:45,7676.5,408542,7677.0,533220,109819,38992,70827,-124678,0.5
1900-01-24 04:01:00,7690.5,296756,7691.0,433623,734475,16803,717672,-136867,0.5
1900-01-24 04:01:15,7691.0,601077,7691.5,141281,279283,83697,195586,459796,0.5
1900-01-24 04:01:30,7691.5,485167,7692.0,391882,217544,14566,202978,93285,0.5
1900-01-24 04:01:45,7693.5,216862,7694.0,53526,101546,56118,45428,163336,0.5
1900-01-24 04:02:00,7692.5,173597,7693.0,324107,77312,632332,-555020,-150510,0.5
1900-01-24 04:02:15,7692.5,522021,7693.0,335010,98533,217491,-118958,187011,0.5
1900-01-24 04:02:30,7684.0,1071953,7684.5,53190,59175,76632,-17457,1018763,0.5
1900-01-24 04:02:45,7684.0,807397,7684.5,144458,79258,166948,-87690,662939,0.5
1900-01-24 04:03:00,7689.5,461668,7690.0,339786,42150,37413,4737,121882,0.5
1900-01-24 04:03:15,7689.5,705646,7690.0,219135,63461,15823,47638,486511,0.5
1900-01-24 04:03:30,7689.5,834124,7690.0,80884,86765,27005,59760,753240,0.5
1900-01-24 04:03:45,7684.0,86869,7684.5,511353,59525,151234,-91709,-424484,0.5
1900-01-24 04:04:00,7684.5,530864,7685.0,198780,57680,117469,-59789,332084,0.5
1900-01-24 04:04:15,7683.0,38941,7683.5,688776,21507,221659,-200152,-649835,0.5
1900-01-24 04:04:30,7680.5,608747,7681.0,45298,54818,54283,535,563449,0.5
1900-01-24 04:04:45,7685.0,653954,7685.5,672857,55167,9376,45791,-18903,0.5
1900-01-24 04:05:00,7687.0,58789,7687.5,748880,57480,202822,-145342,-690091,0.5
1900-01-24 04:05:15,7687.0,743748,7687.5,23642,213011,120444,92567,720106,0.5
1900-01-24 04:05:30,7687.0,128979,7687.5,346396,6028,26011,-19983,-217417,0.5
1900-01-24 04:05:45,7685.0,206385,7685.5,495868,28255,58161,-29906,-289483,0.5
1900-01-24 04:06:00,7685.0,252755,7685.5,484536,37276,25000,12276,-231781,0.5
1900-01-24 04:06:15,7685.0,158733,7685.5,453831,39443,111610,-72167,-295098,0.5
1900-01-24 04:06:30,7685.0,284772,7685.5,404525,6262,82390,-76128,-119753,0.5
1900-01-24 04:06:45,7685.0,220103,7685.5,595707,12949,53495,-40546,-375604,0.5
1900-01-24 04:07:00,7683.0,11028,7683.5,492527,8144,55754,-47610,-481499,0.5
1900-01-24 04:07:15,7681.0,65558,7681.5,355621,41189,34664,6525,-290063,0.5
1900-01-24 04:07:30,7680.5,10779,7681.0,432028,5096,16913,-11817,-421249,0.5
1900-01-24 04:07:45,7679.0,40211,7679.5,563883,160606,217539,-56933,-523672,0.5
1900-01-24 04:08:00,7678.5,9004,7679.0,836403,4084,169595,-165511,-827399,0.5
1900-01-24 04:08:15,7676.5,625903,7677.0,466900,8454,114018,-105564,159003,0.5
1900-01-24 04:08:30,7676.5,621528,7677.0,291667,58577,28040,30537,329861,0.5
1900-01-24 04:08:45,7676.5,592191,7677.0,365056,30256,82392,-52136,227135,0.5
1900-01-24 04:09:00,7676.5,75949,7677.0,1360161,46889,162756,-115867,-1284212,0.5
1900-01-24 04:09:15,7672.0,525960,7672.5,524846,4784,252210,-247426,1114,0.5
1900-01-24 04:09:30,7672.0,703083,7672.5,464577,4061,35302,-31241,238506,0.5
1900-01-24 04:09:45,7671.5,65871,7672.0,678341,71510,165895,-94385,-612470,0.5
1900-01-24 04:10:00,7666.5,595765,7667.0,437384,7541,281877,-274336,158381,0.5
1900-01-24 04:10:15,7666.5,529874,7667.0,269230,72076,57665,14411,260644,0.5
1900-01-24 04:10:30,7666.5,490364,7667.0,404226,7565,16454,-8889,86138,0.5
1900-01-24 04:10:45,7666.5,717252,7667.0,361077,51164,61136,-9972,356175,0.5
1900-01-24 04:11:00,7666.5,673075,7667.0,309735,14307,51765,-37458,363340,0.5
1900-01-24 04:11:15,7666.5,621549,7667.0,341584,110162,10,110152,279965,0.5
1900-01-24 04:11:30,7667.5,1031773,7668.0,208842,75995,15037,60958,822931,0.5
1900-01-24 04:11:45,7667.5,213690,7668.0,648076,35348,17896,17452,-434386,0.5
1900-01-24 04:12:00,7665.0,876847,7665.5,245064,1398,123793,-122395,631783,0.5
1900-01-24 04:12:15,7669.0,56984,7669.5,877846,12374,20335,-7961,-820862,0.5
1900-01-24 04:12:30,7669.0,43706,7669.5,1072974,31002,8084,22918,-1029268,0.5
1900-01-24 04:12:45,7669.0,20039,7669.5,1116010,14261,15583,-1322,-1095971,0.5
1900-01-24 04:13:00,7669.5,608512,7670.0,21800,20195,18208,1987,586712,0.5
1900-01-24 04:13:15,7669.5,185694,7670.0,1042590,19125,23480,-4355,-856896,0.5
1900-01-24 04:13:30,7667.5,11085,7668.0,65185,2000,150749,-148749,-54100,0.5
1900-01-24 04:13:45,7666.5,1148,7667.0,1020902,10870,10425,445,-1019754,0.5
1900-01-24 04:14:00,7666.0,130324,7666.5,977538,2201,1202,999,-847214,0.5
1900-01-24 04:14:15,7666.0,603821,7666.5,373161,52000,18646,33354,230660,0.5
1900-01-24 04:14:30,7666.0,32541,7666.5,804808,18761,8664,10097,-772267,0.5
1900-01-24 04:14:45,7666.0,178979,7666.5,801872,8554,8216,338,-622893,0.5
1900-01-24 04:15:00,7668.0,172131,7668.5,988807,41019,21315,19704,-816676,0.5
1900-01-24 04:15:15,7668.0,19781,7668.5,1141243,21668,120164,-98496,-1121462,0.5
1900-01-24 04:15:30,7668.0,42595,7668.5,1217559,350,27384,-27034,-1174964,0.5
1900-01-24 04:15:45,7668.0,132665,7668.5,1258596,4455,20402,-15947,-1125931,0.5
1900-01-24 04:16:00,7668.0,72391,7668.5,1271254,1376,11122,-9746,-1198863,0.5
1900-01-24 04:16:15,7659.0,12465,7659.5,261741,38503,251110,-212607,-249276,0.5
1900-01-24 04:16:30,7659.0,495139,7659.5,378870,15267,106013,-90746,116269,0.5
1900-01-24 04:16:45,7659.0,441,7659.5,1084712,5506,40746,-35240,-1084271,0.5
1900-01-24 04:17:00,7659.0,72789,7659.5,938942,10030,28354,-18324,-866153,0.5
1900-01-24 04:17:15,7659.0,634441,7659.5,222076,41348,63827,-22479,412365,0.5
1900-01-24 04:17:30,7658.5,2068,7659.0,1778752,1137,74925,-73788,-1776684,0.5
1900-01-24 04:17:45,7655.0,324702,7655.5,1206770,20190,122428,-102238,-882068,0.5
1900-01-24 04:18:00,7656.5,801528,7657.0,6785,37010,38045,-1035,794743,0.5
1900-01-24 04:18:15,7656.5,823414,7657.0,96753,15103,4950,10153,726661,0.5
1900-01-24 04:18:30,7656.5,736720,7657.0,258254,41895,14808,27087,478466,0.5
1900-01-24 04:18:45,7656.5,865296,7657.0,234861,76883,24522,52361,630435,0.5
1900-01-24 04:19:00,7650.0,104548,7650.5,690386,74715,88880,-14165,-585838,0.5
1900-01-24 04:19:15,7647.5,285729,7648.0,688449,7378,344797,-337419,-402720,0.5
1900-01-24 04:19:30,7650.0,264503,7650.5,1151327,26383,30889,-4506,-886824,0.5
1900-01-24 04:19:45,7649.5,38443,7650.0,1385735,7750,100263,-92513,-1347292,0.5
1900-01-24 04:20:00,7649.5,87316,7650.0,726786,7273,33484,-26211,-639470,0.5
1900-01-24 04:20:15,7649.5,606419,7650.0,150104,34058,13953,20105,456315,0.5
1900-01-24 04:20:30,7649.5,722645,7650.0,84930,22869,10,22859,637715,0.5
1900-01-24 04:20:45,7649.5,216785,7650.0,1167802,26550,20287,6263,-951017,0.5
1900-01-24 04:21:00,7651.5,843221,7652.0,391216,132010,15411,116599,452005,0.5
1900-01-24 04:21:15,7651.5,1194565,7652.0,83241,78979,17611,61368,1111324,0.5
1900-01-24 04:21:30,7651.5,1171601,7652.0,74260,89570,13000,76570,1097341,0.5
1900-01-24 04:21:45,7651.5,507614,7652.0,797268,19940,2249,17691,-289654,0.5
1900-01-24 04:22:00,7651.5,956732,7652.0,438612,3937,5956,-2019,518120,0.5
1900-01-24 04:22:15,7651.5,977499,7652.0,187788,14941,11867,3074,789711,0.5
1900-01-24 04:22:30,7651.5,388372,7652.0,654014,35424,89433,-54009,-265642,0.5
1900-01-24 04:22:45,7651.5,814454,7652.0,258647,3110,12974,-9864,555807,0.5
1900-01-24 04:23:00,7651.5,926018,7652.0,105832,19003,16790,2213,820186,0.5
1900-01-24 04:23:15,7655.0,863483,7655.5,24540,12010,9700,2310,838943,0.5
1900-01-24 04:23:30,7658.0,349816,7658.5,978034,315155,8,315147,-628218,0.5
1900-01-24 04:23:45,7658.0,334005,7658.5,614117,26628,1600,25028,-280112,0.5
1900-01-24 04:24:00,7658.0,582030,7658.5,754570,2337,230,2107,-172540,0.5
1900-01-24 04:24:15,7658.0,618172,7658.5,724444,19040,5840,13200,-106272,0.5
1900-01-24 04:24:30,7658.0,659340,7658.5,670572,20734,5537,15197,-11232,0.5
1900-01-24 04:24:45,7658.0,633285,7658.5,670846,53996,23001,30995,-37561,0.5
1900-01-24 04:25:00,7658.0,617371,7658.5,782683,13104,7433,5671,-165312,0.5
1900-01-24 04:25:15,7658.0,626776,7658.5,630123,22440,23000,-560,-3347,0.5
1900-01-24 04:25:30,7658.0,617781,7658.5,673769,57060,28150,28910,-55988,0.5
1900-01-24 04:25:45,7658.0,288569,7658.5,1421369,57060,45876,11184,-1132800,0.5
1900-01-24 04:26:00,7653.0,32243,7653.5,1374324,9838,94342,-84504,-1342081,0.5
1900-01-24 04:26:15,7653.0,886300,7653.5,403265,570,9435,-8865,483035,0.5
1900-01-24 04:26:30,7653.0,107211,7653.5,965109,14582,11163,3419,-857898,0.5
1900-01-24 04:26:45,7653.0,97598,7653.5,915658,1900,29204,-27304,-818060,0.5
1900-01-24 04:27:00,7652.5,110243,7653.0,795459,9776,9595,181,-685216,0.5
1900-01-24 04:27:15,7651.5,33049,7652.0,1659490,32847,90631,-57784,-1626441,0.5
1900-01-24 04:27:30,7648.0,18285,7648.5,1414702,18641,47996,-29355,-1396417,0.5
1900-01-24 04:27:45,7648.0,162742,7648.5,764877,37438,78209,-40771,-602135,0.5
1900-01-24 04:28:00,7648.0,649627,7648.5,542519,1621,15216,-13595,107108,0.5
1900-01-24 04:28:15,7648.0,86143,7648.5,1298550,13094,20760,-7666,-1212407,0.5
1900-01-24 04:28:30,7648.0,624354,7648.5,270731,13094,102731,-89637,353623,0.5
1900-01-24 04:28:45,7649.0,202619,7649.5,1080010,61528,9921,51607,-877391,0.5
1900-01-24 04:29:00,7649.5,749002,7650.0,24021,15556,7932,7624,724981,0.5
1900-01-24 04:29:15,7649.5,69555,7650.0,461611,9322,173466,-164144,-392056,0.5
1900-01-24 04:29:30,7649.5,612883,7650.0,514451,18051,12152,5899,98432,0.5
1900-01-24 04:29:45,7649.5,23265,7650.0,1533237,24000,83029,-59029,-1509972,0.5
1900-01-24 04:30:00,7646.0,56463,7646.5,852988,13571,30981,-17410,-796525,0.5
1900-01-24 04:30:15,7646.0,431838,7646.5,1013724,5220,8454,-3234,-581886,0.5
1900-01-24 04:30:30,7646.0,1000229,7646.5,384905,3723,26629,-22906,615324,0.5
1900-01-24 04:30:45,7646.0,960045,7646.5,400762,58420,8672,49748,559283,0.5
1900-01-24 04:31:00,7646.5,1049290,7647.0,22208,66867,6753,60114,1027082,0.5
1900-01-24 04:31:15,7648.5,786219,7649.0,21567,124542,1235,123307,764652,0.5
1900-01-24 04:31:30,7649.0,822944,7649.5,299681,2801,1,2800,523263,0.5
1900-01-24 04:31:45,7649.0,205008,7649.5,1413236,19129,31466,-12337,-1208228,0.5
1900-01-24 04:32:00,7649.0,291466,7649.5,737454,6692,216840,-210148,-445988,0.5
1900-01-24 04:32:15,7649.0,443827,7649.5,866770,21470,11000,10470,-422943,0.5
1900-01-24 04:32:30,7649.0,247231,7649.5,1103539,50640,12500,38140,-856308,0.5
1900-01-24 04:32:45,7646.5,406017,7647.0,892227,1665,173411,-171746,-486210,0.5
1900-01-24 04:33:00,7645.5,8235,7646.0,1753957,8628,374887,-366259,-1745722,0.5
1900-01-24 04:33:15,7645.0,190219,7645.5,1302390,3010,118605,-115595,-1112171,0.5
1900-01-24 04:33:30,7640.5,304306,7641.0,730967,1946,64685,-62739,-426661,0.5
1900-01-24 04:33:45,7640.5,233056,7641.0,598361,3707,30680,-26973,-365305,0.5
1900-01-24 04:34:00,7640.5,73011,7641.0,516642,112081,197355,-85274,-443631,0.5
1900-01-24 04:34:15,7640.5,89794,7641.0,661411,3502,12794,-9292,-571617,0.5
1900-01-24 04:34:30,7640.5,582774,7641.0,57655,89228,28765,60463,525119,0.5
1900-01-24 04:34:45,7640.0,921865,7640.5,396161,25683,49453,-23770,525704,0.5
1900-01-24 04:35:00,7640.0,951963,7640.5,85474,125876,255158,-129282,866489,0.5
1900-01-24 04:35:15,7642.0,613609,7642.5,73739,64849,4,64845,539870,0.5
1900-01-24 04:35:30,7645.0,783383,7645.5,67637,118276,1626,116650,715746,0.5
1900-01-24 04:35:45,7646.5,552162,7647.0,4528,5443,1626,3817,547634,0.5
1900-01-24 04:36:00,7647.5,831534,7648.0,79584,45382,1626,43756,751950,0.5
1900-01-24 04:36:15,7654.5,440651,7655.0,855567,101409,2552,98857,-414916,0.5
1900-01-24 04:36:30,7654.5,498205,7655.0,207192,42914,16379,26535,291013,0.5
1900-01-24 04:36:45,7654.5,538214,7655.0,109295,11068,10000,1068,428919,0.5
1900-01-24 04:37:00,7656.0,489688,7656.5,219627,30131,12552,17579,270061,0.5
1900-01-24 04:37:15,7656.5,612067,7657.0,169897,93540,21001,72539,442170,0.5
1900-01-24 04:37:30,7656.5,897760,7657.0,239372,54857,100,54757,658388,0.5
1900-01-24 04:37:45,7656.5,1009862,7657.0,118750,25103,35126,-10023,891112,0.5
1900-01-24 04:38:00,7656.5,705716,7657.0,391087,16553,60216,-43663,314629,0.5
1900-01-24 04:38:15,7658.0,522255,7658.5,341670,21975,1,21974,180585,0.5
1900-01-24 04:38:30,7658.0,383913,7658.5,1131614,11542,101679,-90137,-747701,0.5
1900-01-24 04:38:45,7658.0,765837,7658.5,969081,5038,79872,-74834,-203244,0.5
1900-01-24 04:39:00,7658.0,340078,7658.5,1341518,3540,31145,-27605,-1001440,0.5
1900-01-24 04:39:15,7658.0,317930,7658.5,1124347,24202,22052,2150,-806417,0.5
1900-01-24 04:39:30,7658.0,373409,7658.5,1156576,7398,9320,-1922,-783167,0.5
1900-01-24 04:39:45,7658.0,246565,7658.5,1089182,9,127470,-127461,-842617,0.5
1900-01-24 04:40:00,7658.0,406568,7658.5,838176,18360,56843,-38483,-431608,0.5
1900-01-24 04:40:15,7658.0,574652,7658.5,150942,11278,25580,-14302,423710,0.5
1900-01-24 04:40:30,7658.5,606457,7659.0,289529,53759,4395,49364,316928,0.5
1900-01-24 04:40:45,7659.5,640638,7660.0,2024,126321,50030,76291,638614,0.5
1900-01-24 04:41:00,7661.0,507841,7661.5,1002740,18022,11848,6174,-494899,0.5
1900-01-24 04:41:15,7661.0,511069,7661.5,987018,53107,9116,43991,-475949,0.5
1900-01-24 04:41:30,7661.0,504586,7661.5,980869,10640,28392,-17752,-476283,0.5
1900-01-24 04:41:45,7661.0,534807,7661.5,1279172,2360,10930,-8570,-744365,0.5
1900-01-24 04:42:00,7661.0,256983,7661.5,1311319,217,7502,-7285,-1054336,0.5
1900-01-24 04:42:15,7660.0,93562,7660.5,144287,217,100119,-99902,-50725,0.5
1900-01-24 04:42:30,7660.0,90442,7660.5,1614377,11400,16100,-4700,-1523935,0.5
1900-01-24 04:42:45,7660.0,33178,7660.5,1439573,750,30506,-29756,-1406395,0.5
1900-01-24 04:43:00,7658.0,166973,7658.5,1367388,2040,408796,-406756,-1200415,0.5
1900-01-24 04:43:15,7656.5,10173,7657.0,932222,2040,80680,-78640,-922049,0.5
1900-01-24 04:43:30,7656.0,47300,7656.5,1290260,1779,20151,-18372,-1242960,0.5
1900-01-24 04:43:45,7655.5,94649,7656.0,1153011,4191,39842,-35651,-1058362,0.5
1900-01-24 04:44:00,7655.0,694725,7655.5,459237,5653,28393,-22740,235488,0.5
1900-01-24 04:44:15,7655.0,68454,7655.5,1058417,1112,2112,-1000,-989963,0.5
1900-01-24 04:44:30,7655.0,213991,7655.5,1173474,2332,4975,-2643,-959483,0.5
1900-01-24 04:44:45,7655.0,88946,7655.5,1643670,15659,15336,323,-1554724,0.5
1900-01-24 04:45:00,7651.5,317045,7652.0,996004,13551,64720,-51169,-678959,0.5
1900-01-24 04:45:15,7651.5,342994,7652.0,1357238,16697,17451,-754,-1014244,0.5
1900-01-24 04:45:30,7651.5,292220,7652.0,1387843,612,24640,-24028,-1095623,0.5
1900-01-24 04:45:45,7651.5,231822,7652.0,1264825,1009,79460,-78451,-1033003,0.5
1900-01-24 04:46:00,7651.5,195322,7652.0,1588119,684,29875,-29191,-1392797,0.5
1900-01-24 04:46:15,7651.5,136110,7652.0,1506093,1543,62077,-60534,-1369983,0.5
1900-01-24 04:46:30,7651.5,165598,7652.0,1148505,549,904,-355,-982907,0.5
1900-01-24 04:46:45,7651.5,781810,7652.0,305428,18603,2515,16088,476382,0.5
1900-01-24 04:47:00,7651.5,833466,7652.0,237237,35761,8520,27241,596229,0.5
1900-01-24 04:47:15,7651.5,1016152,7652.0,44589,165449,100,165349,971563,0.5
1900-01-24 04:47:30,7651.5,995737,7652.0,6993,36394,2150,34244,988744,0.5
1900-01-24 04:47:45,7654.0,590944,7654.5,697726,24148,45,24103,-106782,0.5
1900-01-24 04:48:00,7654.0,831796,7654.5,13124,61219,2446,58773,818672,0.5
1900-01-24 04:48:15,7654.5,827697,7655.0,56225,5236,121,5115,771472,0.5
1900-01-24 04:48:30,7654.5,663278,7655.0,448467,1817,6001,-4184,214811,0.5
1900-01-24 04:48:45,7654.5,697165,7655.0,732164,4622,6001,-1379,-34999,0.5
1900-01-24 04:49:00,7655.0,756419,7655.5,210665,49301,25,49276,545754,0.5
1900-01-24 04:49:15,7655.5,599997,7656.0,426717,25000,4002,20998,173280,0.5
1900-01-24 04:49:30,7655.5,645777,7656.0,398554,9074,102309,-93235,247223,0.5
1900-01-24 04:49:45,7655.5,692915,7656.0,524818,12102,60,12042,168097,0.5
1900-01-24 04:50:00,7655.5,683181,7656.0,331486,6570,25825,-19255,351695,0.5
1900-01-24 04:50:15,7655.5,767981,7656.0,122797,29963,7118,22845,645184,0.5
1900-01-24 04:50:30,7655.5,713688,7656.0,379025,22001,5500,16501,334663,0.5
1900-01-24 04:50:45,7655.5,731930,7656.0,153949,14350,5500,8850,577981,0.5
1900-01-24 04:51:00,7656.5,889986,7657.0,428335,23160,37086,-13926,461651,0.5
1900-01-24 04:51:15,7658.5,720678,7659.0,348799,21731,436,21295,371879,0.5
1900-01-24 04:51:30,7659.0,761203,7659.5,888907,4865,10157,-5292,-127704,0.5
1900-01-24 04:51:45,7659.0,921965,7659.5,302841,45953,11925,34028,619124,0.5
1900-01-24 04:52:00,7659.5,1228602,7660.0,161745,43712,10021,33691,1066857,0.5
1900-01-24 04:52:15,7659.5,943741,7660.0,341989,12074,30,12044,601752,0.5
1900-01-24 04:52:30,7661.0,743514,7661.5,477784,49375,1,49374,265730,0.5
1900-01-24 04:52:45,7661.0,978226,7661.5,449309,35411,8120,27291,528917,0.5
1900-01-24 04:53:00,7661.0,1009378,7661.5,567661,3284,14153,-10869,441717,0.5
1900-01-24 04:53:15,7661.0,996060,7661.5,420219,31765,5279,26486,575841,0.5
1900-01-24 04:53:30,7661.0,542857,7661.5,1070887,53306,53763,-457,-528030,0.5
1900-01-24 04:53:45,7661.0,619355,7661.5,1049028,627,4090,-3463,-429673,0.5
1900-01-24 04:54:00,7661.0,774508,7661.5,621611,27291,13452,13839,152897,0.5
1900-01-24 04:54:15,7661.0,1003896,7661.5,353614,13980,62,13918,650282,0.5
1900-01-24 04:54:30,7661.0,774425,7661.5,293037,16696,4000,12696,481388,0.5
1900-01-24 04:54:45,7661.0,784451,7661.5,740921,108114,2000,106114,43530,0.5
1900-01-24 04:55:00,7661.0,191171,7661.5,982796,4355,81774,-77419,-791625,0.5
1900-01-24 04:55:15,7661.0,120566,7661.5,1065962,5300,25065,-19765,-945396,0.5
1900-01-24 04:55:30,7661.0,348752,7661.5,1029473,550,3000,-2450,-680721,0.5
1900-01-24 04:55:45,7661.0,189249,7661.5,1034878,1001,44639,-43638,-845629,0.5
1900-01-24 04:56:00,7661.0,333676,7661.5,1054967,40,759,-719,-721291,0.5
1900-01-24 04:56:15,7661.0,112226,7661.5,1041131,27425,4909,22516,-928905,0.5
1900-01-24 04:56:30,7660.0,190003,7660.5,720385,27425,57579,-30154,-530382,0.5
1900-01-24 04:56:45,7660.0,213309,7660.5,1100290,11,7979,-7968,-886981,0.5
1900-01-24 04:57:00,7660.0,216644,7660.5,1061890,5000,31700,-26700,-845246,0.5
1900-01-24 04:57:15,7660.0,252611,7660.5,1192248,2006,25000,-22994,-939637,0.5
1900-01-24 04:57:30,7660.0,348367,7660.5,1101150,40,13524,-13484,-752783,0.5
1900-01-24 04:57:45,7660.0,609697,7660.5,391692,16524,53040,-36516,218005,0.5
1900-01-24 04:58:00,7660.0,730809,7660.5,351746,11679,73,11606,379063,0.5
1900-01-24 04:58:15,7660.0,528757,7660.5,535472,5000,7175,-2175,-6715,0.5
1900-01-24 04:58:30,7660.0,917945,7660.5,334505,30400,1317,29083,583440,0.5
1900-01-24 04:58:45,7660.5,830852,7661.0,142057,151917,4049,147868,688795,0.5
1900-01-24 04:59:00,7660.5,895301,7661.0,153006,58301,4049,54252,742295,0.5
1900-01-24 04:59:15,7661.0,762069,7661.5,355165,53615,3613,50002,406904,0.5
1900-01-24 04:59:30,7661.0,935785,7661.5,254132,2685,1020,1665,681653,0.5
1900-01-24 04:59:45,7661.5,787763,7662.0,13795,37316,3007,34309,773968,0.5
1900-01-24 05:00:00,7662.0,939200,7662.5,115798,30535,48717,-18182,823402,0.5
1900-01-24 05:00:15,7662.0,368034,7662.5,701831,7726,2047,5679,-333797,0.5
1900-01-24 05:00:30,7662.0,1072256,7662.5,183861,6717,1430,5287,888395,0.5
1900-01-24 05:00:45,7662.5,565626,7663.0,1274766,161649,20088,141561,-709140,0.5
1900-01-24 05:01:00,7662.5,1243786,7663.0,1220206,106042,4246,101796,23580,0.5
1900-01-24 05:01:15,7662.5,759380,7663.0,1230437,23245,57601,-34356,-471057,0.5
1900-01-24 05:01:30,7662.5,868239,7663.0,1182176,58558,59685,-1127,-313937,0.5
1900-01-24 05:01:45,7662.5,1269214,7663.0,1143697,27774,27876,-102,125517,0.5
1900-01-24 05:02:00,7662.5,1090274,7663.0,1133756,14641,14157,484,-43482,0.5
1900-01-24 05:02:15,7662.5,1302439,7663.0,459084,708306,476,707830,843355,0.5
1900-01-24 05:02:30,7662.5,1217729,7663.0,397843,61187,31277,29910,819886,0.5
1900-01-24 05:02:45,7664.0,1132561,7664.5,27350,60628,108228,-47600,1105211,0.5
1900-01-24 05:03:00,7664.0,1258717,7664.5,2321,33105,1541,31564,1256396,0.5
1900-01-24 05:03:15,7664.0,172888,7664.5,666707,11970,34223,-22253,-493819,0.5
1900-01-24 05:03:30,7664.0,239746,7664.5,660265,3116,2904,212,-420519,0.5
1900-01-24 05:03:45,7664.0,284495,7664.5,717879,3420,8715,-5295,-433384,0.5
1900-01-24 05:04:00,7664.0,321402,7664.5,748322,12623,11219,1404,-426920,0.5
1900-01-24 05:04:15,7664.0,449872,7664.5,740601,1800,16912,-15112,-290729,0.5
1900-01-24 05:04:30,7664.0,353718,7664.5,777641,2019,53201,-51182,-423923,0.5
1900-01-24 05:04:45,7664.0,332108,7664.5,925879,9300,77454,-68154,-593771,0.5
1900-01-24 05:05:00,7664.0,156626,7664.5,856668,1219,164935,-163716,-700042,0.5
1900-01-24 05:05:15,7663.5,5984,7664.0,1002722,3874,46299,-42425,-996738,0.5
1900-01-24 05:05:30,7661.5,64141,7662.0,1060927,5475,39613,-34138,-996786,0.5
1900-01-24 05:05:45,7659.5,91280,7660.0,2109085,666,7034,-6368,-2017805,0.5
1900-01-24 05:06:00,7659.5,108398,7660.0,2108641,4048,31820,-27772,-2000243,0.5
1900-01-24 05:06:15,7659.5,133272,7660.0,2064728,35638,37925,-2287,-1931456,0.5
1900-01-24 05:06:30,7659.5,76658,7660.0,2279872,76734,34832,41902,-2203214,0.5
1900-01-24 05:06:45,7658.0,209570,7658.5,545513,636,113245,-112609,-335943,0.5
1900-01-24 05:07:00,7658.0,199493,7658.5,848632,411,57096,-56685,-649139,0.5
1900-01-24 05:07:15,7658.0,164124,7658.5,750790,63774,20662,43112,-586666,0.5
1900-01-24 05:07:30,7658.0,168918,7658.5,976987,21600,13379,8221,-808069,0.5
1900-01-24 05:07:45,7658.0,21571,7658.5,1095482,17000,82523,-65523,-1073911,0.5
1900-01-24 05:08:00,7658.0,5330,7658.5,1022213,5350,8923,-3573,-1016883,0.5
1900-01-24 05:08:15,7657.5,771898,7658.0,1253504,7001,168258,-161257,-481606,0.5
1900-01-24 05:08:30,7657.5,731486,7658.0,1375578,36161,45730,-9569,-644092,0.5
1900-01-24 05:08:45,7656.0,93118,7656.5,1056422,620,54870,-54250,-963304,0.5
1900-01-24 05:09:00,7655.5,539654,7656.0,1305843,150,35775,-35625,-766189,0.5
1900-01-24 05:09:15,7654.5,70948,7655.0,1738479,1121,355370,-354249,-1667531,0.5
1900-01-24 05:09:30,7654.5,12902,7655.0,2049999,47,45177,-45130,-2037097,0.5
1900-01-24 05:09:45,7652.0,27727,7652.5,1139635,16545,80075,-63530,-1111908,0.5
1900-01-24 05:10:00,7652.0,61598,7652.5,1535435,26447,70671,-44224,-1473837,0.5
1900-01-24 05:10:15,7652.0,90504,7652.5,1337515,1801,39725,-37924,-1247011,0.5
1900-01-24 05:10:30,7651.5,106872,7652.0,1569258,2545,24074,-21529,-1462386,0.5
1900-01-24 05:10:45,7651.0,2146,7651.5,1268029,26900,54954,-28054,-1265883,0.5
1900-01-24 05:11:00,7650.5,812914,7651.0,876542,15898,3983,11915,-63628,0.5
1900-01-24 05:11:15,7650.5,254530,7651.0,1320238,6060,165677,-159617,-1065708,0.5
1900-01-24 05:11:30,7650.5,438091,7651.0,1219858,7020,27116,-20096,-781767,0.5
1900-01-24 05:11:45,7650.5,452283,7651.0,1105754,5800,4578,1222,-653471,0.5
1900-01-24 05:12:00,7650.5,226771,7651.0,1579421,136,14093,-13957,-1352650,0.5
1900-01-24 05:12:15,7650.5,121660,7651.0,1734149,5,50967,-50962,-1612489,0.5
1900-01-24 05:12:30,7649.0,47658,7649.5,1645626,5100,113213,-108113,-1597968,0.5
1900-01-24 05:12:45,7645.0,214917,7645.5,999511,1273,194307,-193034,-784594,0.5
1900-01-24 05:13:00,7645.0,112026,7645.5,2066112,8022,174844,-166822,-1954086,0.5
1900-01-24 05:13:15,7643.0,13638,7643.5,1354545,1824,97376,-95552,-1340907,0.5
1900-01-24 05:13:30,7639.5,23924,7640.0,1087478,238,54879,-54641,-1063554,0.5
1900-01-24 05:13:45,7636.0,347285,7636.5,1289418,15389,279630,-264241,-942133,0.5
1900-01-24 05:14:00,7636.5,940820,7637.0,175276,127799,147941,-20142,765544,0.5
1900-01-24 05:14:15,7638.0,1031678,7638.5,57805,166112,10410,155702,973873,0.5
1900-01-24 05:14:30,7644.0,678254,7644.5,436023,74567,52810,21757,242231,0.5
1900-01-24 05:14:45,7644.0,115243,7644.5,1420050,14542,109878,-95336,-1304807,0.5
1900-01-24 05:15:00,7642.0,769061,7642.5,449624,15700,103305,-87605,319437,0.5
1900-01-24 05:15:15,7641.5,166370,7642.0,1113192,28250,152287,-124037,-946822,0.5
1900-01-24 05:15:30,7641.0,45196,7641.5,1351157,5766,174390,-168624,-1305961,0.5
1900-01-24 05:15:45,7641.0,546371,7641.5,574287,7945,30656,-22711,-27916,0.5
1900-01-24 05:16:00,7641.0,676471,7641.5,479331,3736,1138,2598,197140,0.5
1900-01-24 05:16:15,7641.0,585466,7641.5,800435,3256,11196,-7940,-214969,0.5
1900-01-24 05:16:30,7640.0,6232,7640.5,1553121,2000,112490,-110490,-1546889,0.5
1900-01-24 05:16:45,7633.5,28670,7634.0,917658,3718,150811,-147093,-888988,0.5
1900-01-24 05:17:00,7632.0,97223,7632.5,868813,11053,77208,-66155,-771590,0.5
1900-01-24 05:17:15,7632.0,41177,7632.5,1021235,38282,65227,-26945,-980058,0.5
1900-01-24 05:17:30,7638.5,196176,7639.0,311899,290551,22751,267800,-115723,0.5
1900-01-24 05:17:45,7638.5,373827,7639.0,405204,47949,7360,40589,-31377,0.5
1900-01-24 05:18:00,7638.5,546960,7639.0,420309,46188,9738,36450,126651,0.5
1900-01-24 05:18:15,7641.0,398041,7641.5,78242,304475,15125,289350,319799,0.5
1900-01-24 05:18:30,7640.5,13638,7641.0,1257487,14848,12657,2191,-1243849,0.5
1900-01-24 05:18:45,7637.5,497,7638.0,1288368,10986,54836,-43850,-1287871,0.5
1900-01-24 05:19:00,7633.0,29303,7633.5,1200180,571,37133,-36562,-1170877,0.5
1900-01-24 05:19:15,7631.5,455581,7632.0,640438,19072,70445,-51373,-184857,0.5
1900-01-24 05:19:30,7631.5,125240,7632.0,720535,48481,93914,-45433,-595295,0.5
1900-01-24 05:19:45,7631.5,550867,7632.0,1250567,14803,203333,-188530,-699700,0.5
1900-01-24 05:20:00,7631.5,93671,7632.0,865576,35432,25984,9448,-771905,0.5
1900-01-24 05:20:15,7631.5,62189,7632.0,829013,35432,41149,-5717,-766824,0.5
1900-01-24 05:20:30,7630.0,264106,7630.5,1328147,6678,744079,-737401,-1064041,0.5
1900-01-24 05:20:45,7627.5,43582,7628.0,922451,11393,169964,-158571,-878869,0.5
1900-01-24 05:21:00,7625.5,64542,7626.0,960271,19445,205889,-186444,-895729,0.5
1900-01-24 05:21:15,7633.0,46646,7633.5,1058415,235764,38120,197644,-1011769,0.5
1900-01-24 05:21:30,7635.5,331324,7636.0,495502,93123,53959,39164,-164178,0.5
1900-01-24 05:21:45,7635.5,85513,7636.0,1391335,104201,52328,51873,-1305822,0.5
1900-01-24 05:22:00,7634.5,5807,7635.0,1403709,38387,38172,215,-1397902,0.5
1900-01-24 05:22:15,7633.0,2363,7633.5,1000784,1979,25810,-23831,-998421,0.5
1900-01-24 05:22:30,7632.0,197406,7632.5,920067,8685,38172,-29487,-722661,0.5
1900-01-24 05:22:45,7627.5,550033,7628.0,38172,20617,151885,-131268,511861,0.5
1900-01-24 05:23:00,7626.5,871,7627.0,1144855,9195,96422,-87227,-1143984,0.5
1900-01-24 05:23:15,7625.0,16829,7625.5,1372298,244,55878,-55634,-1355469,0.5
1900-01-24 05:23:30,7624.0,880476,7624.5,374880,14853,26491,-11638,505596,0.5
1900-01-24 05:23:45,7624.0,816084,7624.5,29881,124875,2340,122535,786203,0.5
1900-01-24 05:24:00,7625.0,47750,7625.5,898097,25496,67195,-41699,-850347,0.5
1900-01-24 05:24:15,7623.0,83204,7623.5,130346,14364,116252,-101888,-47142,0.5
1900-01-24 05:24:30,7622.0,766203,7622.5,56800,35933,76772,-40839,709403,0.5
1900-01-24 05:24:45,7626.0,61466,7626.5,910552,36382,48885,-12503,-849086,0.5
1900-01-24 05:25:00,7621.5,392510,7622.0,645802,14197,52700,-38503,-253292,0.5
1900-01-24 05:25:15,7615.0,458710,7615.5,507807,31566,542920,-511354,-49097,0.5
1900-01-24 05:25:30,7608.5,2050,7609.0,1044569,101737,314583,-212846,-1042519,0.5
1900-01-24 05:25:45,7621.0,6364,7621.5,27476,1042247,509728,532519,-21112,0.5
1900-01-24 05:26:00,7616.0,348980,7616.5,437813,96497,119263,-22766,-88833,0.5
1900-01-24 05:26:15,7619.0,355314,7619.5,10824,42915,19472,23443,344490,0.5
1900-01-24 05:26:30,7619.5,851381,7620.0,52807,128250,16784,111466,798574,0.5
1900-01-24 05:26:45,7621.5,938370,7622.0,311931,190901,5374,185527,626439,0.5
1900-01-24 05:27:00,7621.5,1237055,7622.0,83427,212925,56748,156177,1153628,0.5
1900-01-24 05:27:15,7625.0,936338,7625.5,59228,122058,11279,110779,877110,0.5
1900-01-24 05:27:30,7631.5,489826,7632.0,468536,478672,17764,460908,21290,0.5
1900-01-24 05:27:45,7636.0,501694,7636.5,699027,276596,65765,210831,-197333,0.5
1900-01-24 05:28:00,7631.0,7722,7631.5,1555138,106146,98134,8012,-1547416,0.5
1900-01-24 05:28:15,7630.0,508852,7630.5,294636,31823,65734,-33911,214216,0.5
1900-01-24 05:28:30,7628.5,739539,7629.0,65035,35987,70707,-34720,674504,0.5
1900-01-24 05:28:45,7635.0,618698,7635.5,312194,103524,16439,87085,306504,0.5
1900-01-24 05:29:00,7635.5,775621,7636.0,421296,70506,10387,60119,354325,0.5
1900-01-24 05:29:15,7638.5,686633,7639.0,345,166587,5650,160937,686288,0.5
1900-01-24 05:29:30,7636.0,15587,7636.5,944956,398925,106430,292495,-929369,0.5
1900-01-24 05:29:45,7632.0,52219,7632.5,820137,1076,33780,-32704,-767918,0.5
1900-01-24 05:30:00,7632.0,92421,7632.5,808783,14240,37520,-23280,-716362,0.5
1900-01-24 05:30:15,7632.0,22435,7632.5,1096932,10224,25673,-15449,-1074497,0.5
1900-01-24 05:30:30,7632.0,1018228,7632.5,29459,17745,17383,362,988769,0.5
1900-01-24 05:30:45,7634.5,899491,7635.0,18234,60288,2866,57422,881257,0.5
1900-01-24 05:31:00,7635.0,50819,7635.5,914719,40302,10784,29518,-863900,0.5
1900-01-24 05:31:15,7631.0,33554,7631.5,1042256,600,46942,-46342,-1008702,0.5
1900-01-24 05:31:30,7629.5,66050,7630.0,870390,5100,83088,-77988,-804340,0.5
1900-01-24 05:31:45,7629.0,46610,7629.5,1088054,12471,19676,-7205,-1041444,0.5
1900-01-24 05:32:00,7628.0,81,7628.5,1241036,4043,28107,-24064,-1240955,0.5
1900-01-24 05:32:15,7618.5,255811,7619.0,1890,65996,129300,-63304,253921,0.5
1900-01-24 05:32:30,7617.5,2098,7618.0,305128,8876,45437,-36561,-303030,0.5
1900-01-24 05:32:45,7616.5,411662,7617.0,444883,111449,291754,-180305,-33221,0.5
1900-01-24 05:33:00,7616.5,897259,7617.0,88669,85380,389,84991,808590,0.5
1900-01-24 05:33:15,7621.0,561814,7621.5,256373,106461,4763,101698,305441,0.5
1900-01-24 05:33:30,7621.0,82000,7621.5,890278,9528,8681,847,-808278,0.5
1900-01-24 05:33:45,7618.0,319518,7618.5,1283346,6511,60104,-53593,-963828,0.5
1900-01-24 05:34:00,7618.0,890480,7618.5,480177,27795,30229,-2434,410303,0.5
1900-01-24 05:34:15,7618.0,517637,7618.5,450842,16077,70993,-54916,66795,0.5
1900-01-24 05:34:30,7618.0,553531,7618.5,435976,9771,39631,-29860,117555,0.5
1900-01-24 05:34:45,7618.0,163521,7618.5,715993,15804,12312,3492,-552472,0.5
1900-01-24 05:35:00,7615.5,48155,7616.0,415483,15332,109590,-94258,-367328,0.5
1900-01-24 05:35:15,7603.0,757335,7603.5,1008150,16013,754101,-738088,-250815,0.5
1900-01-24 05:35:30,7601.5,66924,7602.0,32501,68375,479706,-411331,34423,0.5
1900-01-24 05:35:45,7585.0,314985,7585.5,18751,29135,916976,-887841,296234,0.5
1900-01-24 05:36:00,7594.0,28000,7594.5,34395,287051,480752,-193701,-6395,0.5
1900-01-24 05:36:15,7598.5,183954,7599.0,515747,372946,343592,29354,-331793,0.5
1900-01-24 05:36:30,7601.0,690243,7601.5,76416,273485,59271,214214,613827,0.5
1900-01-24 05:36:45,7599.0,147733,7599.5,309464,417823,140647,277176,-161731,0.5
1900-01-24 05:37:00,7601.5,908889,7602.0,162204,412088,68980,343108,746685,0.5
1900-01-24 05:37:15,7601.5,771025,7602.0,1030863,139015,17023,121992,-259838,0.5
1900-01-24 05:37:30,7601.5,144801,7602.0,1307491,316044,48597,267447,-1162690,0.5
1900-01-24 05:37:45,7601.5,329909,7602.0,787105,42462,124891,-82429,-457196,0.5
1900-01-24 05:38:00,7601.5,236739,7602.0,681432,536833,17004,519829,-444693,0.5
1900-01-24 05:38:15,7597.5,29918,7598.0,1451575,48784,143280,-94496,-1421657,0.5
1900-01-24 05:38:30,7594.5,535372,7595.0,21,707963,47790,660173,535351,0.5
1900-01-24 05:38:45,7594.5,232744,7595.0,620540,301301,73510,227791,-387796,0.5
1900-01-24 05:39:00,7592.0,30946,7592.5,951771,33647,100019,-66372,-920825,0.5
1900-01-24 05:39:15,7591.5,24668,7592.0,965308,5406,47788,-42382,-940640,0.5
1900-01-24 05:39:30,7594.5,240966,7595.0,1204788,286579,130530,156049,-963822,0.5
1900-01-24 05:39:45,7589.0,30655,7589.5,1010058,162000,68022,93978,-979403,0.5
1900-01-24 05:40:00,7580.0,186884,7580.5,555642,23769,434259,-410490,-368758,0.5
1900-01-24 05:40:15,7575.0,826707,7575.5,201508,61944,1131552,-1069608,625199,0.5
1900-01-24 05:40:30,7587.0,428690,7587.5,1572,463961,232138,231823,427118,0.5
1900-01-24 05:40:45,7593.5,127956,7594.0,27828,554225,27233,526992,100128,0.5
1900-01-24 05:41:00,7595.5,222277,7596.0,1029766,685568,34268,651300,-807489,0.5
1900-01-24 05:41:15,7599.0,286782,7599.5,127423,139107,38370,100737,159359,0.5
1900-01-24 05:41:30,7597.5,656474,7598.0,200372,94464,90404,4060,456102,0.5
1900-01-24 05:41:45,7602.5,591469,7603.0,83825,111165,11244,99921,507644,0.5
1900-01-24 05:42:00,7604.5,795283,7605.0,200106,270850,7803,263047,595177,0.5
1900-01-24 05:42:15,7604.5,220205,7605.0,1213720,58366,34568,23798,-993515,0.5
1900-01-24 05:42:30,7604.5,893334,7605.0,1262097,45228,11248,33980,-368763,0.5
1900-01-24 05:42:45,7604.5,738969,7605.0,737569,900960,122048,778912,1400,0.5
1900-01-24 05:43:00,7604.5,244448,7605.0,1212527,131612,22870,108742,-968079,0.5
1900-01-24 05:43:15,7604.5,735439,7605.0,249615,31915,42695,-10780,485824,0.5
1900-01-24 05:43:30,7604.5,765188,7605.0,181847,42168,15752,26416,583341,0.5
1900-01-24 05:43:45,7606.0,984362,7606.5,122952,100095,12063,88032,861410,0.5
1900-01-24 05:44:00,7606.5,949904,7607.0,259098,293299,10070,283229,690806,0.5
1900-01-24 05:44:15,7606.5,719140,7607.0,810136,20719,61501,-40782,-90996,0.5
1900-01-24 05:44:30,7606.5,240182,7607.0,1313492,22977,11703,11274,-1073310,0.5
1900-01-24 05:44:45,7601.0,596602,7601.5,650066,3340,132655,-129315,-53464,0.5
1900-01-24 05:45:00,7601.0,502662,7601.5,982837,19666,51173,-31507,-480175,0.5
1900-01-24 05:45:15,7605.5,368826,7606.0,736193,110388,90544,19844,-367367,0.5
1900-01-24 05:45:30,7607.5,819413,7608.0,278154,74547,3300,71247,541259,0.5
1900-01-24 05:45:45,7608.0,910716,7608.5,318174,106875,3840,103035,592542,0.5
1900-01-24 05:46:00,7608.0,371684,7608.5,782619,118280,58529,59751,-410935,0.5
1900-01-24 05:46:15,7608.5,800191,7609.0,365498,81070,21712,59358,434693,0.5
1900-01-24 05:46:30,7609.5,605339,7610.0,101546,984754,8840,975914,503793,0.5
1900-01-24 05:46:45,7610.0,494283,7610.5,632547,103931,11085,92846,-138264,0.5
1900-01-24 05:47:00,7611.5,992739,7612.0,147665,490114,3765,486349,845074,0.5
1900-01-24 05:47:15,7611.5,1276596,7612.0,40294,215666,2943,212723,1236302,0.5
1900-01-24 05:47:30,7607.5,203003,7608.0,553651,31865,3416,28449,-350648,0.5
1900-01-24 05:47:45,7607.5,1120791,7608.0,65230,62388,49960,12428,1055561,0.5
1900-01-24 05:48:00,7609.0,137613,7609.5,783321,36193,35403,790,-645708,0.5
1900-01-24 05:48:15,7607.5,73595,7608.0,712692,34075,137457,-103382,-639097,0.5
1900-01-24 05:48:30,7607.5,189593,7608.0,899931,14864,39961,-25097,-710338,0.5
1900-01-24 05:48:45,7605.0,480701,7605.5,903894,220,419530,-419310,-423193,0.5
1900-01-24 05:49:00,7605.0,198775,7605.5,1015013,14834,266755,-251921,-816238,0.5
1900-01-24 05:49:15,7603.0,20862,7603.5,1395970,53628,1210671,-1157043,-1375108,0.5
1900-01-24 05:49:30,7601.5,12979,7602.0,853167,2851,58385,-55534,-840188,0.5
1900-01-24 05:49:45,7609.0,329522,7609.5,164827,71531,26495,45036,164695,0.5
1900-01-24 05:50:00,7609.0,689354,7609.5,424642,27556,217,27339,264712,0.5
1900-01-24 05:50:15,7609.0,35263,7609.5,904605,14410,8954,5456,-869342,0.5
1900-01-24 05:50:30,7609.0,6045,7609.5,1371658,2580,7345,-4765,-1365613,0.5
1900-01-24 05:50:45,7608.0,329473,7608.5,846861,11962,168025,-156063,-517388,0.5
1900-01-24 05:51:00,7608.0,219754,7608.5,1189634,684,58850,-58166,-969880,0.5
1900-01-24 05:51:15,7608.0,321565,7608.5,876938,1874,33878,-32004,-555373,0.5
1900-01-24 05:51:30,7608.0,300336,7608.5,1011701,3469,50825,-47356,-711365,0.5
1900-01-24 05:51:45,7608.0,976907,7608.5,219151,40962,8950,32012,757756,0.5
1900-01-24 05:52:00,7608.5,1203739,7609.0,110425,98290,2425,95865,1093314,0.5
1900-01-24 05:52:15,7620.5,41938,7621.0,141204,351656,2157,349499,-99266,0.5
1900-01-24 05:52:30,7619.0,38153,7619.5,990446,16339,71355,-55016,-952293,0.5
1900-01-24 05:52:45,7619.0,700037,7619.5,251575,67311,37886,29425,448462,0.5
1900-01-24 05:53:00,7615.0,10715,7615.5,194455,21040,58837,-37797,-183740,0.5
1900-01-24 05:53:15,7617.0,914674,7617.5,23656,129516,51980,77536,891018,0.5
1900-01-24 05:53:30,7617.0,192734,7617.5,621924,9850,12086,-2236,-429190,0.5
1900-01-24 05:53:45,7617.0,72279,7617.5,581727,14397,132613,-118216,-509448,0.5
1900-01-24 05:54:00,7617.0,963600,7617.5,78979,14459,15938,-1479,884621,0.5
1900-01-24 05:54:15,7620.0,1067420,7620.5,45055,117590,213,117377,1022365,0.5
1900-01-24 05:54:30,7623.5,1336494,7624.0,291019,198225,3478,194747,1045475,0.5
1900-01-24 05:54:45,7626.5,813362,7627.0,212814,137434,2267,135167,600548,0.5
1900-01-24 05:55:00,7631.0,664290,7631.5,797968,135158,8006,127152,-133678,0.5
1900-01-24 05:55:15,7631.0,377193,7631.5,601372,93458,14422,79036,-224179,0.5
1900-01-24 05:55:30,7631.0,984839,7631.5,259656,29929,70775,-40846,725183,0.5
1900-01-24 05:55:45,7631.0,301250,7631.5,762139,23075,18023,5052,-460889,0.5
1900-01-24 05:56:00,7631.0,367123,7631.5,875773,7917,60276,-52359,-508650,0.5
1900-01-24 05:56:15,7625.0,45780,7625.5,322991,12153,146641,-134488,-277211,0.5
1900-01-24 05:56:30,7625.0,28506,7625.5,1077944,6447,110151,-103704,-1049438,0.5
1900-01-24 05:56:45,7624.5,9520,7625.0,1176082,50610,47647,2963,-1166562,0.5
1900-01-24 05:57:00,7624.0,644105,7624.5,37524,2653,34038,-31385,606581,0.5
1900-01-24 05:57:15,7624.0,129617,7624.5,571658,8922,37617,-28695,-442041,0.5
1900-01-24 05:57:30,7626.5,1108296,7627.0,57079,14706,57757,-43051,1051217,0.5
1900-01-24 05:57:45,7627.0,248675,7627.5,644918,43942,4287,39655,-396243,0.5
1900-01-24 05:58:00,7627.0,107509,7627.5,835374,19340,56280,-36940,-727865,0.5
1900-01-24 05:58:15,7627.0,103613,7627.5,883680,15065,26862,-11797,-780067,0.5
1900-01-24 05:58:30,7627.0,722514,7627.5,321153,9000,3649,5351,401361,0.5
1900-01-24 05:58:45,7627.0,63133,7627.5,756589,1833,28284,-26451,-693456,0.5
1900-01-24 05:59:00,7627.0,85077,7627.5,910116,6201,9791,-3590,-825039,0.5
1900-01-24 05:59:15,7624.0,23650,7624.5,527874,1282,80839,-79557,-504224,0.5
1900-01-24 05:59:30,7623.0,98733,7623.5,1260539,3701,40585,-36884,-1161806,0.5
1900-01-24 05:59:45,7623.0,27951,7623.5,1183040,210,72203,-71993,-1155089,0.5
1900-01-24 06:00:00,7620.5,14510,7623.5,520160,65686,43625,22061,-505650,3.0
1900-01-24 06:00:15,7617.5,1850,7618.0,3828118,42156,104532,-62376,-3826268,0.5
1900-01-24 06:00:30,7611.0,558228,7611.5,479068,1678,142448,-140770,79160,0.5
1900-01-24 06:00:45,7611.0,551719,7611.5,508796,17872,228651,-210779,42923,0.5
1900-01-24 06:01:00,7611.0,667537,7611.5,399160,38159,31681,6478,268377,0.5
1900-01-24 06:01:15,7611.0,939227,7611.5,366444,59048,18654,40394,572783,0.5
1900-01-24 06:01:30,7611.0,533324,7611.5,403727,11675,103705,-92030,129597,0.5
1900-01-24 06:01:45,7609.5,12649,7610.0,1148029,6400,150999,-144599,-1135380,0.5
1900-01-24 06:02:00,7609.5,29828,7610.0,1326700,7553,56307,-48754,-1296872,0.5
1900-01-24 06:02:15,7609.0,62048,7609.5,836466,8190,73822,-65632,-774418,0.5
1900-01-24 06:02:30,7610.5,1217352,7611.0,158,107199,32209,74990,1217194,0.5
1900-01-24 06:02:45,7615.5,504780,7616.0,3363163,78646,7501,71145,-2858383,0.5
1900-01-24 06:03:00,7615.5,194284,7616.0,3717561,32970,43499,-10529,-3523277,0.5
1900-01-24 06:03:15,7614.5,5735,7615.0,4213585,6921,18468,-11547,-4207850,0.5
1900-01-24 06:03:30,7611.5,12444,7612.0,762124,1223,232425,-231202,-749680,0.5
1900-01-24 06:03:45,7608.0,100857,7608.5,1014905,70589,140245,-69656,-914048,0.5
1900-01-24 06:04:00,7604.0,32848,7604.5,948158,12500,76334,-63834,-915310,0.5
1900-01-24 06:04:15,7603.0,183118,7603.5,1073402,16937,29311,-12374,-890284,0.5
1900-01-24 06:04:30,7600.0,46856,7600.5,1181568,58874,208402,-149528,-1134712,0.5
1900-01-24 06:04:45,7598.5,430719,7599.0,682442,4443,189364,-184921,-251723,0.5
1900-01-24 06:05:00,7598.0,36392,7598.5,726836,9796,152045,-142249,-690444,0.5
1900-01-24 06:05:15,7596.5,235893,7597.0,550743,6745,114132,-107387,-314850,0.5
1900-01-24 06:05:30,7596.0,31836,7596.5,1451747,48826,23023,25803,-1419911,0.5
1900-01-24 06:05:45,7594.0,40470,7594.5,1250699,11836,72891,-61055,-1210229,0.5
1900-01-24 06:06:00,7593.5,46532,7594.0,1729016,10063,40913,-30850,-1682484,0.5
1900-01-24 06:06:15,7592.5,101967,7593.0,584892,4980,100626,-95646,-482925,0.5
1900-01-24 06:06:30,7598.5,180079,7599.0,289754,170106,158634,11472,-109675,0.5
1900-01-24 06:06:45,7598.0,90669,7598.5,1726132,130641,14110,116531,-1635463,0.5
1900-01-24 06:07:00,7598.0,30219,7598.5,1215796,21821,42504,-20683,-1185577,0.5
1900-01-24 06:07:15,7593.0,135640,7593.5,713688,5415,27469,-22054,-578048,0.5
1900-01-24 06:07:30,7585.5,124400,7586.0,944354,5037,326662,-321625,-819954,0.5
1900-01-24 06:07:45,7584.5,72492,7585.0,1219393,95723,215041,-119318,-1146901,0.5
1900-01-24 06:08:00,7583.5,223602,7584.0,509031,90308,50824,39484,-285429,0.5
1900-01-24 06:08:15,7581.5,67980,7582.0,1472507,18838,115042,-96204,-1404527,0.5
1900-01-24 06:08:30,7576.0,14627,7576.5,7643,90176,218782,-128606,6984,0.5
1900-01-24 06:08:45,7587.0,136079,7587.5,971435,201193,26978,174215,-835356,0.5
1900-01-24 06:09:00,7589.5,371603,7590.0,264854,358046,66762,291284,106749,0.5
1900-01-24 06:09:15,7589.5,76351,7590.0,720520,43671,10023,33648,-644169,0.5
1900-01-24 06:09:30,7588.0,201084,7588.5,1463969,53322,123317,-69995,-1262885,0.5
1900-01-24 06:09:45,7583.5,6023,7584.0,1294578,45142,166282,-121140,-1288555,0.5
1900-01-24 06:10:00,7581.5,586249,7582.0,160214,80269,22569,57700,426035,0.5
1900-01-24 06:10:15,7584.0,137048,7584.5,1065241,102676,58528,44148,-928193,0.5
1900-01-24 06:10:30,7584.0,503786,7584.5,326534,25388,58179,-32791,177252,0.5
1900-01-24 06:10:45,7584.0,83752,7584.5,1385448,32032,56124,-24092,-1301696,0.5
1900-01-24 06:11:00,7577.0,908327,7577.5,24152,93993,86773,7220,884175,0.5
1900-01-24 06:11:15,7578.5,4535,7579.0,1036805,126292,75766,50526,-1032270,0.5
1900-01-24 06:11:30,7572.5,275833,7573.0,651012,22359,143417,-121058,-375179,0.5
1900-01-24 06:11:45,7579.5,130950,7580.0,197732,135027,79566,55461,-66782,0.5
1900-01-24 06:12:00,7582.5,278398,7583.0,40572,37876,39247,-1371,237826,0.5
1900-01-24 06:12:15,7586.5,464172,7587.0,859405,84292,20760,63532,-395233,0.5
1900-01-24 06:12:30,7579.0,225351,7579.5,754649,24363,255941,-231578,-529298,0.5
1900-01-24 06:12:45,7577.5,114430,7578.0,535470,26218,78331,-52113,-421040,0.5
1900-01-24 06:13:00,7577.5,643560,7578.0,311699,122439,31691,90748,331861,0.5
1900-01-24 06:13:15,7576.0,10765,7576.5,997974,8455,295663,-287208,-987209,0.5
1900-01-24 06:13:30,7566.0,32640,7566.5,23549,108958,560334,-451376,9091,0.5
1900-01-24 06:13:45,7569.0,27396,7569.5,253762,35680,239501,-203821,-226366,0.5
1900-01-24 06:14:00,7567.5,214842,7568.0,437731,12289,130496,-118207,-222889,0.5
1900-01-24 06:14:15,7571.5,844629,7572.0,126127,655268,107343,547925,718502,0.5
1900-01-24 06:14:30,7571.5,888371,7572.0,321987,706226,5751,700475,566384,0.5
1900-01-24 06:14:45,7571.5,126578,7572.0,728464,47403,61114,-13711,-601886,0.5
1900-01-24 06:15:00,7567.5,19367,7568.0,342084,9877,130667,-120790,-322717,0.5
1900-01-24 06:15:15,7571.5,171260,7572.0,136985,92382,195742,-103360,34275,0.5
1900-01-24 06:15:30,7571.5,71935,7572.0,932222,274707,59800,214907,-860287,0.5
1900-01-24 06:15:45,7568.0,2750,7568.5,1249096,2594,67712,-65118,-1246346,0.5
1900-01-24 06:16:00,7567.5,15085,7568.0,1327361,34650,23887,10763,-1312276,0.5
1900-01-24 06:16:15,7563.5,173039,7564.0,578791,10758,77908,-67150,-405752,0.5
1900-01-24 06:16:30,7568.5,493359,7569.0,8688,171464,180484,-9020,484671,0.5
1900-01-24 06:16:45,7571.5,536203,7572.0,76391,362107,30318,331789,459812,0.5
1900-01-24 06:17:00,7572.0,653385,7572.5,17406,755983,47206,708777,635979,0.5
1900-01-24 06:17:15,7577.0,792599,7577.5,657429,218017,12781,205236,135170,0.5
1900-01-24 06:17:30,7581.0,294220,7581.5,24672,317246,9006,308240,269548,0.5
1900-01-24 06:17:45,7584.5,835511,7585.0,151523,229433,31387,198046,683988,0.5
1900-01-24 06:18:00,7582.0,116812,7582.5,728001,43901,161015,-117114,-611189,0.5
1900-01-24 06:18:15,7587.0,228940,7587.5,1330302,265262,24900,240362,-1101362,0.5
1900-01-24 06:18:30,7620.0,3899830,7620.5,214385,832424,1085323,-252899,3685445,0.5
1900-01-24 06:18:45,7613.5,136036,7614.0,49840,2551819,1342468,1209351,86196,0.5
1900-01-24 06:19:00,7627.5,18000,7629.0,72810,1858628,272607,1586021,-54810,1.5
1900-01-24 06:19:15,7651.5,1056809,7652.0,183263,1006477,100510,905967,873546,0.5
1900-01-24 06:19:30,7632.0,27,7635.5,25,431199,651282,-220083,2,3.5
1900-01-24 06:19:45,7631.0,262469,7631.5,714889,180968,609512,-428544,-452420,0.5
1900-01-24 06:20:00,7631.0,161161,7631.5,500849,17703,344068,-326365,-339688,0.5
1900-01-24 06:20:15,7630.0,458981,7630.5,374887,43598,249476,-205878,84094,0.5
1900-01-24 06:20:30,7638.0,522227,7638.5,55547,309156,107506,201650,466680,0.5
1900-01-24 06:20:45,7641.0,28495,7641.5,145900,445068,135560,309508,-117405,0.5
1900-01-24 06:21:00,7641.0,1148523,7641.5,138038,197719,142408,55311,1010485,0.5
1900-01-24 06:21:15,7637.5,450726,7638.0,310091,36182,100877,-64695,140635,0.5
1900-01-24 06:21:30,7630.0,251377,7630.5,681934,15229,262029,-246800,-430557,0.5
1900-01-24 06:21:45,7627.0,3372,7627.5,3574564,25688,295436,-269748,-3571192,0.5
1900-01-24 06:22:00,7627.0,360777,7627.5,549155,55214,121582,-66368,-188378,0.5
1900-01-24 06:22:15,7627.0,507549,7627.5,456473,26526,95036,-68510,51076,0.5
1900-01-24 06:22:30,7620.5,376679,7621.0,88257,4030,198407,-194377,288422,0.5
1900-01-24 06:22:45,7615.0,404137,7615.5,363690,22325,311717,-289392,40447,0.5
1900-01-24 06:23:00,7613.0,487246,7613.5,415770,12152,86796,-74644,71476,0.5
1900-01-24 06:23:15,7628.0,461786,7628.5,23226,121520,233240,-111720,438560,0.5
1900-01-24 06:23:30,7616.0,1057949,7616.5,279977,48834,122014,-73180,777972,0.5
1900-01-24 06:23:45,7625.0,9332,7625.5,111110,238482,124342,114140,-101778,0.5
1900-01-24 06:24:00,7625.5,1107134,7626.0,58145,42487,38464,4023,1048989,0.5
1900-01-24 06:24:15,7625.5,522183,7626.0,111591,49358,15457,33901,410592,0.5
1900-01-24 06:24:30,7623.5,226,7624.0,750539,43505,28662,14843,-750313,0.5
1900-01-24 06:24:45,7622.5,75,7623.0,1002806,18395,56773,-38378,-1002731,0.5
1900-01-24 06:25:00,7621.0,1076673,7621.5,360135,11924,28593,-16669,716538,0.5
1900-01-24 06:25:15,7618.0,109167,7618.5,930008,137993,39098,98895,-820841,0.5
1900-01-24 06:25:30,7618.0,117511,7618.5,3786046,147304,27424,119880,-3668535,0.5
1900-01-24 06:25:45,7616.5,13869,7617.0,992572,12464,77868,-65404,-978703,0.5
1900-01-24 06:26:00,7616.5,445306,7617.0,596078,143221,62959,80262,-150772,0.5
1900-01-24 06:26:15,7620.0,129915,7620.5,15,271634,16867,254767,129900,0.5
1900-01-24 06:26:30,7625.0,463237,7625.5,63,115488,1700,113788,463174,0.5
1900-01-24 06:26:45,7626.0,1216707,7626.5,38661,218389,55205,163184,1178046,0.5
1900-01-24 06:27:00,7626.0,934604,7626.5,210055,63955,66997,-3042,724549,0.5
1900-01-24 06:27:15,7629.5,751196,7630.0,454718,102073,22271,79802,296478,0.5
1900-01-24 06:27:30,7629.5,563678,7630.0,310802,163950,37162,126788,252876,0.5
1900-01-24 06:27:45,7629.5,939943,7630.0,101690,96941,15238,81703,838253,0.5
1900-01-24 06:28:00,7631.5,1308187,7632.0,447296,185228,67470,117758,860891,0.5
1900-01-24 06:28:15,7631.5,1433552,7632.0,261478,233783,5235,228548,1172074,0.5
1900-01-24 06:28:30,7632.0,1493575,7632.5,11752,195463,1660,193803,1481823,0.5
1900-01-24 06:28:45,7633.5,1770901,7634.0,722359,117771,41901,75870,1048542,0.5
1900-01-24 06:29:00,7633.5,1782294,7634.0,911635,86256,27616,58640,870659,0.5
1900-01-24 06:29:15,7633.5,1721734,7634.0,7347430,37315,55638,-18323,-5625696,0.5
1900-01-24 06:29:30,7613.0,16676,7613.5,535843,87506,3547790,-3460284,-519167,0.5
1900-01-24 06:29:45,7615.0,318085,7615.5,403039,28053,125001,-96948,-84954,0.5
1900-01-24 06:30:00,7606.5,1693252,7607.0,164703,28894,230824,-201930,1528549,0.5
1900-01-24 06:30:15,7607.0,704926,7607.5,482572,58770,291208,-232438,222354,0.5
1900-01-24 06:30:30,7607.5,1197027,7608.0,392062,113978,15410,98568,804965,0.5
1900-01-24 06:30:45,7606.5,418987,7607.0,887333,37536,227848,-190312,-468346,0.5
1900-01-24 06:31:00,7603.0,34,7603.5,1035204,61538,151427,-89889,-1035170,0.5
1900-01-24 06:31:15,7595.5,206211,7596.0,499338,62750,263267,-200517,-293127,0.5
1900-01-24 06:31:30,7601.5,807027,7602.0,46551,374610,219766,154844,760476,0.5
1900-01-24 06:31:45,7599.0,1569889,7599.5,19602,104155,216468,-112313,1550287,0.5
1900-01-24 06:32:00,7599.5,272894,7600.0,370154,293100,70146,222954,-97260,0.5
1900-01-24 06:32:15,7599.0,553409,7599.5,1241178,31508,76067,-44559,-687769,0.5
1900-01-24 06:32:30,7599.0,393,7599.5,1997994,7002,526921,-519919,-1997601,0.5
1900-01-24 06:32:45,7598.0,196648,7598.5,1281670,34648,198439,-163791,-1085022,0.5
1900-01-24 06:33:00,7598.0,735043,7598.5,985415,3550,19260,-15710,-250372,0.5
1900-01-24 06:33:15,7598.0,79530,7598.5,1209161,7288,163863,-156575,-1129631,0.5
1900-01-24 06:33:30,7598.0,442908,7598.5,469459,19500,19399,101,-26551,0.5
1900-01-24 06:33:45,7604.0,619819,7604.5,213741,400366,13855,386511,406078,0.5
1900-01-24 06:34:00,7610.5,2738,7612.5,82942,445514,17000,428514,-80204,2.0
1900-01-24 06:34:15,7606.5,811285,7607.0,51852,141765,83992,57773,759433,0.5
1900-01-24 06:34:30,7605.0,4104,7605.5,105373,68349,93881,-25532,-101269,0.5
1900-01-24 06:34:45,7605.0,306031,7605.5,691186,17394,16354,1040,-385155,0.5
1900-01-24 06:35:00,7605.0,2095534,7605.5,30343,42911,47673,-4762,2065191,0.5
1900-01-24 06:35:15,7616.0,562594,7616.5,38627,83926,16833,67093,523967,0.5
1900-01-24 06:35:30,7619.5,260144,7620.0,183034,63240,26942,36298,77110,0.5
1900-01-24 06:35:45,7619.5,640466,7620.0,793111,117990,3966,114024,-152645,0.5
1900-01-24 06:36:00,7619.5,1359506,7620.0,81081,275723,28509,247214,1278425,0.5
1900-01-24 06:36:15,7619.5,1656178,7620.0,40240,25534,59113,-33579,1615938,0.5
1900-01-24 06:36:30,7620.5,504786,7621.0,657804,80304,52274,28030,-153018,0.5
1900-01-24 06:36:45,7615.0,294498,7615.5,532036,21821,212727,-190906,-237538,0.5
1900-01-24 06:37:00,7614.0,1316547,7614.5,125328,215955,62546,153409,1191219,0.5
1900-01-24 06:37:15,7614.5,349004,7615.0,660374,22276,3150,19126,-311370,0.5
1900-01-24 06:37:30,7607.0,67300,7607.5,1025814,5507,1140366,-1134859,-958514,0.5
1900-01-24 06:37:45,7607.0,70502,7607.5,986623,34557,264046,-229489,-916121,0.5
1900-01-24 06:38:00,7606.0,554339,7606.5,583860,10679,226772,-216093,-29521,0.5
1900-01-24 06:38:15,7607.5,280647,7608.0,843953,63364,64406,-1042,-563306,0.5
1900-01-24 06:38:30,7610.0,140259,7610.5,1960743,34347,39306,-4959,-1820484,0.5
1900-01-24 06:38:45,7610.5,900744,7611.0,5224,17263,650,16613,895520,0.5
1900-01-24 06:39:00,7613.0,744119,7613.5,13327,23854,1477,22377,730792,0.5
1900-01-24 06:39:15,7614.0,24455,7614.5,1212491,31604,8867,22737,-1188036,0.5
1900-01-24 06:39:30,7614.0,508460,7614.5,777237,3151,158800,-155649,-268777,0.5
1900-01-24 06:39:45,7609.5,27893,7610.0,1276212,1156,17088,-15932,-1248319,0.5
1900-01-24 06:40:00,7609.0,31069,7609.5,1600963,5505,13981,-8476,-1569894,0.5
1900-01-24 06:40:15,7609.0,475071,7609.5,249359,18135,113863,-95728,225712,0.5
1900-01-24 06:40:30,7608.5,27981,7609.0,1425818,1786,49749,-47963,-1397837,0.5
1900-01-24 06:40:45,7605.0,17902,7605.5,1189209,648,52016,-51368,-1171307,0.5
1900-01-24 06:41:00,7604.5,5642329,7605.0,230166,3296,207177,-203881,5412163,0.5
1900-01-24 06:41:15,7606.5,602006,7607.0,196018,155092,17374,137718,405988,0.5
1900-01-24 06:41:30,7606.5,501782,7607.0,275642,84927,48044,36883,226140,0.5
1900-01-24 06:41:45,7605.0,17261,7605.5,1504802,156881,19227,137654,-1487541,0.5
1900-01-24 06:42:00,7602.5,311170,7603.0,2198413,23713,80595,-56882,-1887243,0.5
1900-01-24 06:42:15,7602.5,557094,7603.0,380048,23713,181991,-158278,177046,0.5
1900-01-24 06:42:30,7602.5,862684,7603.0,60220,10805,8570,2235,802464,0.5
1900-01-24 06:42:45,7608.5,745754,7609.0,2970,31571,11339,20232,742784,0.5
1900-01-24 06:43:00,7609.5,413798,7610.0,840026,279438,29,279409,-426228,0.5
1900-01-24 06:43:15,7609.5,455975,7610.0,1058447,51222,15021,36201,-602472,0.5
1900-01-24 06:43:30,7609.5,187845,7610.0,6530666,73260,43188,30072,-6342821,0.5
1900-01-24 06:43:45,7608.0,94455,7608.5,1626962,5600,96839,-91239,-1532507,0.5
1900-01-24 06:44:00,7606.5,308429,7607.0,1404361,10001,27148,-17147,-1095932,0.5
1900-01-24 06:44:15,7608.5,1090819,7609.5,16832,105891,25100,80791,1073987,1.0
1900-01-24 06:44:30,7621.5,974775,7622.0,147430,104217,2018,102199,827345,0.5
1900-01-24 06:44:45,7625.5,227775,7626.0,636608,487221,153348,333873,-408833,0.5
1900-01-24 06:45:00,7625.5,16969,7626.0,1153908,49997,149637,-99640,-1136939,0.5
1900-01-24 06:45:15,7631.0,1475339,7631.5,81810,142716,102065,40651,1393529,0.5
1900-01-24 06:45:30,7633.5,265620,7634.0,21483,108099,23107,84992,244137,0.5
1900-01-24 06:45:45,7634.5,201398,7635.0,840341,222532,65083,157449,-638943,0.5
1900-01-24 06:46:00,7626.5,108542,7627.0,923098,8502,219835,-211333,-814556,0.5
1900-01-24 06:46:15,7626.5,1052062,7627.0,371403,8919,22220,-13301,680659,0.5
1900-01-24 06:46:30,7626.5,1035759,7627.0,265433,153642,13532,140110,770326,0.5
1900-01-24 06:46:45,7625.0,28815,7625.5,768980,27061,51481,-24420,-740165,0.5
1900-01-24 06:47:00,7629.5,1284725,7630.0,22243,123500,16794,106706,1262482,0.5
1900-01-24 06:47:15,7634.5,1308323,7635.0,29211,58625,200,58425,1279112,0.5
1900-01-24 06:47:30,7636.0,383842,7636.5,625381,47569,68091,-20522,-241539,0.5
1900-01-24 06:47:45,7636.0,211539,7636.5,776231,5085,116224,-111139,-564692,0.5
1900-01-24 06:48:00,7636.0,420238,7636.5,1041543,979,92171,-91192,-621305,0.5
1900-01-24 06:48:15,7637.5,1229139,7638.0,13444,209782,21280,188502,1215695,0.5
1900-01-24 06:48:30,7638.5,826379,7639.0,106100,24607,3436,21171,720279,0.5
1900-01-24 06:48:45,7639.5,563103,7640.0,783237,149969,55571,94398,-220134,0.5
1900-01-24 06:49:00,7638.0,1100,7638.5,592258,75451,148282,-72831,-591158,0.5
1900-01-24 06:49:15,7636.5,687849,7637.0,51506,67126,92433,-25307,636343,0.5
1900-01-24 06:49:30,7645.0,716328,7645.5,230588,280514,23749,256765,485740,0.5
1900-01-24 06:49:45,7646.5,290799,7647.0,233477,121901,17565,104336,57322,0.5
1900-01-24 06:50:00,7651.5,487338,7652.0,229783,453889,80435,373454,257555,0.5
1900-01-24 06:50:15,7651.5,419558,7652.0,458613,256280,74386,181894,-39055,0.5
1900-01-24 06:50:30,7647.5,231078,7648.0,44035,38650,218201,-179551,187043,0.5
1900-01-24 06:50:45,7644.0,499796,7644.5,305025,105547,136328,-30781,194771,0.5
1900-01-24 06:51:00,7641.0,248822,7641.5,489675,50296,130401,-80105,-240853,0.5
1900-01-24 06:51:15,7639.0,4708,7639.5,664253,88166,164763,-76597,-659545,0.5
1900-01-24 06:51:30,7638.5,144915,7639.0,636796,79346,174272,-94926,-491881,0.5
1900-01-24 06:51:45,7638.5,52203,7639.0,829718,8246,93044,-84798,-777515,0.5
1900-01-24 06:52:00,7637.0,202964,7637.5,796313,2470,66376,-63906,-593349,0.5
1900-01-24 06:52:15,7637.0,32852,7637.5,1085683,2745,57961,-55216,-1052831,0.5
1900-01-24 06:52:30,7635.5,252196,7636.0,608286,14014,27111,-13097,-356090,0.5
1900-01-24 06:52:45,7635.5,36060,7636.0,1102090,4065,52077,-48012,-1066030,0.5
1900-01-24 06:53:00,7635.0,634929,7635.5,61017,44473,27589,16884,573912,0.5
1900-01-24 06:53:15,7636.5,741019,7637.0,407174,275257,5800,269457,333845,0.5
1900-01-24 06:53:30,7636.5,818101,7637.0,333541,51600,78386,-26786,484560,0.5
1900-01-24 06:53:45,7636.5,1273441,7637.0,133397,85975,5981,79994,1140044,0.5
1900-01-24 06:54:00,7636.5,723110,7637.0,123823,20598,6352,14246,599287,0.5
1900-01-24 06:54:15,7638.0,1529676,7638.5,14519,96157,6711,89446,1515157,0.5
1900-01-24 06:54:30,7638.5,1169835,7639.0,12024,76612,6019,70593,1157811,0.5
1900-01-24 06:54:45,7639.5,1375739,7640.0,128506,34233,3001,31232,1247233,0.5
1900-01-24 06:55:00,7639.5,371511,7640.0,549505,65309,23030,42279,-177994,0.5
1900-01-24 06:55:15,7639.5,1281731,7640.0,121547,7628,24199,-16571,1160184,0.5
1900-01-24 06:55:30,7639.5,1195284,7640.0,149788,14863,2795,12068,1045496,0.5
1900-01-24 06:55:45,7640.0,1279209,7640.5,2577,36079,3382,32697,1276632,0.5
1900-01-24 06:56:00,7643.5,1128261,7644.0,149591,24991,8982,16009,978670,0.5
1900-01-24 06:56:15,7643.5,350,7644.0,1133640,39865,111010,-71145,-1133290,0.5
1900-01-24 06:56:30,7639.0,96168,7639.5,582234,6337,41440,-35103,-486066,0.5
1900-01-24 06:56:45,7639.0,938952,7639.5,89064,24021,28796,-4775,849888,0.5
1900-01-24 06:57:00,7638.5,5624,7639.0,936025,23542,13531,10011,-930401,0.5
1900-01-24 06:57:15,7638.5,1072516,7639.0,247987,19601,21774,-2173,824529,0.5
1900-01-24 06:57:30,7638.5,1068102,7639.0,271857,10184,42,10142,796245,0.5
1900-01-24 06:57:45,7638.5,1068639,7639.0,277133,14850,4022,10828,791506,0.5
1900-01-24 06:58:00,7638.5,6000,7639.0,782476,5381,17617,-12236,-776476,0.5
1900-01-24 06:58:15,7638.5,1146910,7639.0,326794,1813,3425,-1612,820116,0.5
1900-01-24 06:58:30,7638.5,1284805,7639.0,70594,131488,5641,125847,1214211,0.5
1900-01-24 06:58:45,7643.0,534815,7643.5,61203,56803,2986,53817,473612,0.5
1900-01-24 06:59:00,7643.5,1359725,7644.0,50069,27669,2986,24683,1309656,0.5
1900-01-24 06:59:15,7644.5,3429701,7645.0,129797,189933,7618,182315,3299904,0.5
1900-01-24 06:59:30,7649.0,298669,7649.5,309624,74131,1024,73107,-10955,0.5
1900-01-24 06:59:45,7649.0,121284,7649.5,764668,12239,10863,1376,-643384,0.5
1900-01-24 07:00:00,7649.0,1161116,7649.5,544359,13556,14300,-744,616757,0.5
1900-01-24 07:00:15,7649.5,489982,7650.0,930655,95331,11275,84056,-440673,0.5
1900-01-24 07:00:30,7650.0,876949,7650.5,57753,139817,14173,125644,819196,0.5
1900-01-24 07:00:45,7652.0,1266042,7652.5,164682,83232,59656,23576,1101360,0.5
1900-01-24 07:01:00,7652.0,94595,7652.5,447452,137596,69915,67681,-352857,0.5
1900-01-24 07:01:15,7649.5,37937,7650.0,688538,1205,177101,-175896,-650601,0.5
1900-01-24 07:01:30,7646.0,558762,7646.5,375459,11607,91101,-79494,183303,0.5
1900-01-24 07:01:45,7645.0,40821,7645.5,523809,36687,18212,18475,-482988,0.5
1900-01-24 07:02:00,7643.5,41283,7644.0,963549,23260,57503,-34243,-922266,0.5
1900-01-24 07:02:15,7641.5,313893,7642.0,640201,829,37107,-36278,-326308,0.5
1900-01-24 07:02:30,7640.5,157265,7641.0,620067,30679,116560,-85881,-462802,0.5
1900-01-24 07:02:45,7640.5,1002619,7641.0,117961,223636,31766,191870,884658,0.5
1900-01-24 07:03:00,7640.5,1189935,7641.0,229580,96696,14430,82266,960355,0.5
1900-01-24 07:03:15,7640.5,1146507,7641.0,416525,42000,54250,-12250,729982,0.5
1900-01-24 07:03:30,7640.5,1174129,7641.0,115924,14318,37867,-23549,1058205,0.5
1900-01-24 07:03:45,7635.5,16372,7636.0,79756,18126,221437,-203311,-63384,0.5
1900-01-24 07:04:00,7634.5,1040050,7635.0,300,44408,65832,-21424,1039750,0.5
1900-01-24 07:04:15,7632.0,56472,7632.5,819400,7614,63332,-55718,-762928,0.5
1900-01-24 07:04:30,7632.0,161986,7632.5,827086,3436,33713,-30277,-665100,0.5
1900-01-24 07:04:45,7630.5,486034,7631.0,710695,307,70073,-69766,-224661,0.5
1900-01-24 07:05:00,7630.0,50169,7630.5,1463542,1846,415761,-413915,-1413373,0.5
1900-01-24 07:05:15,7627.0,265966,7627.5,1124380,19447,420093,-400646,-858414,0.5
1900-01-24 07:05:30,7626.5,6076,7627.0,1487552,4749,187626,-182877,-1481476,0.5
1900-01-24 07:05:45,7624.0,569349,7624.5,332400,89656,141550,-51894,236949,0.5
1900-01-24 07:06:00,7628.5,667200,7629.0,24176,267651,14303,253348,643024,0.5
1900-01-24 07:06:15,7632.0,404629,7632.5,514382,81425,9460,71965,-109753,0.5
1900-01-24 07:06:30,7632.0,655450,7632.5,202448,16594,111015,-94421,453002,0.5
1900-01-24 07:06:45,7632.0,1052418,7632.5,152186,76081,9055,67026,900232,0.5
1900-01-24 07:07:00,7632.0,183480,7632.5,1169257,22826,117284,-94458,-985777,0.5
1900-01-24 07:07:15,7632.0,138899,7632.5,1059557,168581,20478,148103,-920658,0.5
1900-01-24 07:07:30,7635.5,682056,7636.0,202750,129526,56600,72926,479306,0.5
1900-01-24 07:07:45,7640.0,102811,7640.5,976591,274511,16955,257556,-873780,0.5
1900-01-24 07:08:00,7640.0,697940,7640.5,941639,1208,12455,-11247,-243699,0.5
1900-01-24 07:08:15,7640.0,889866,7640.5,134559,14212,63718,-49506,755307,0.5
1900-01-24 07:08:30,7640.0,327,7640.5,1071088,45065,34957,10108,-1070761,0.5
1900-01-24 07:08:45,7635.0,972112,7635.5,312933,10436,11392,-956,659179,0.5
1900-01-24 07:09:00,7635.0,862210,7635.5,246602,15340,35195,-19855,615608,0.5
1900-01-24 07:09:15,7635.0,814577,7635.5,338807,3561,4000,-439,475770,0.5
1900-01-24 07:09:30,7635.0,52878,7635.5,827871,94903,33418,61485,-774993,0.5
1900-01-24 07:09:45,7634.0,254049,7634.5,977469,37270,31262,6008,-723420,0.5
1900-01-24 07:10:00,7634.0,683028,7634.5,927552,22223,6915,15308,-244524,0.5
1900-01-24 07:10:15,7634.0,824632,7634.5,438957,15992,6786,9206,385675,0.5
1900-01-24 07:10:30,7634.0,896879,7634.5,441663,11507,5000,6507,455216,0.5
1900-01-24 07:10:45,7634.0,790346,7634.5,431291,3664,53276,-49612,359055,0.5
1900-01-24 07:11:00,7628.5,723046,7629.0,385872,3638,44366,-40728,337174,0.5
1900-01-24 07:11:15,7626.5,12407,7627.0,1029442,3638,69031,-65393,-1017035,0.5
1900-01-24 07:11:30,7626.5,4894,7627.0,1385313,1252,113211,-111959,-1380419,0.5
1900-01-24 07:11:45,7626.0,636046,7626.5,442154,21112,7807,13305,193892,0.5
1900-01-24 07:12:00,7626.0,33402,7626.5,1411773,4133,60807,-56674,-1378371,0.5
1900-01-24 07:12:15,7624.5,599548,7625.0,741182,4345,56784,-52439,-141634,0.5
1900-01-24 07:12:30,7624.0,42329,7624.5,1087519,5516,91736,-86220,-1045190,0.5
1900-01-24 07:12:45,7621.5,565352,7622.0,366904,11565,90822,-79257,198448,0.5
1900-01-24 07:13:00,7621.5,627553,7622.0,265779,71625,60700,10925,361774,0.5
1900-01-24 07:13:15,7622.5,637088,7623.0,190333,137532,82455,55077,446755,0.5
1900-01-24 07:13:30,7623.0,554217,7623.5,259208,29787,23265,6522,295009,0.5
1900-01-24 07:13:45,7624.0,751638,7624.5,56534,123509,7811,115698,695104,0.5
1900-01-24 07:14:00,7624.5,611793,7625.0,54077,46681,11,46670,557716,0.5
1900-01-24 07:14:15,7626.5,995028,7627.0,701,20898,22124,-1226,994327,0.5
1900-01-24 07:14:30,7629.5,452048,7630.0,31779,17186,79,17107,420269,0.5
1900-01-24 07:14:45,7630.5,765441,7631.0,39975,28085,15,28070,725466,0.5
1900-01-24 07:15:00,7630.5,509504,7631.0,595406,14836,829,14007,-85902,0.5
1900-01-24 07:15:15,7630.0,34951,7630.5,1449196,52489,76908,-24419,-1414245,0.5
1900-01-24 07:15:30,7630.0,53018,7630.5,1536966,16212,22078,-5866,-1483948,0.5
1900-01-24 07:15:45,7630.0,491378,7630.5,845479,1988,41310,-39322,-354101,0.5
1900-01-24 07:16:00,7630.0,567412,7630.5,456486,13489,70,13419,110926,0.5
1900-01-24 07:16:15,7630.0,694285,7630.5,136237,14203,95,14108,558048,0.5
1900-01-24 07:16:30,7630.0,171092,7630.5,1124422,5580,135658,-130078,-953330,0.5
1900-01-24 07:16:45,7630.0,246354,7630.5,782352,1301,21687,-20386,-535998,0.5
1900-01-24 07:17:00,7628.0,121188,7628.5,1282246,370,45865,-45495,-1161058,0.5
1900-01-24 07:17:15,7625.0,220468,7625.5,804955,10502,93701,-83199,-584487,0.5
1900-01-24 07:17:30,7623.5,104070,7624.0,1374041,4540,105333,-100793,-1269971,0.5
1900-01-24 07:17:45,7623.5,683912,7624.0,428214,222,15300,-15078,255698,0.5
1900-01-24 07:18:00,7625.0,705266,7625.5,513473,20850,1138,19712,191793,0.5
1900-01-24 07:18:15,7625.5,824504,7626.0,50621,142135,1352,140783,773883,0.5
1900-01-24 07:18:30,7625.5,850776,7626.0,17299,45741,1172,44569,833477,0.5
1900-01-24 07:18:45,7626.0,155562,7626.5,41457,28795,19788,9007,114105,0.5
1900-01-24 07:19:00,7626.0,405164,7626.5,897264,4871,19788,-14917,-492100,0.5
1900-01-24 07:19:15,7626.0,871764,7626.5,57807,22526,9692,12834,813957,0.5
1900-01-24 07:19:30,7628.0,740592,7628.5,65810,16914,3369,13545,674782,0.5
1900-01-24 07:19:45,7628.0,20195,7628.5,1299098,1935,12885,-10950,-1278903,0.5
1900-01-24 07:20:00,7627.5,71222,7628.0,1282013,47,13119,-13072,-1210791,0.5
1900-01-24 07:20:15,7627.5,70553,7628.0,1333356,900,301942,-301042,-1262803,0.5
1900-01-24 07:20:30,7626.0,842565,7626.5,96397,31989,32777,-788,746168,0.5
1900-01-24 07:20:45,7626.0,53027,7626.5,1003127,12353,28030,-15677,-950100,0.5
1900-01-24 07:21:00,7625.5,106238,7626.0,1272845,1436,4291,-2855,-1166607,0.5
1900-01-24 07:21:15,7625.5,554312,7626.0,463189,5300,29308,-24008,91123,0.5
1900-01-24 07:21:30,7625.5,316727,7626.0,1071861,859,148508,-147649,-755134,0.5
1900-01-24 07:21:45,7625.5,768029,7626.0,473381,6721,29970,-23249,294648,0.5
1900-01-24 07:22:00,7625.0,34941,7625.5,1385707,7227,55200,-47973,-1350766,0.5
1900-01-24 07:22:15,7623.5,120871,7624.0,1269085,3705,11639,-7934,-1148214,0.5
1900-01-24 07:22:30,7623.5,739869,7624.0,218747,17787,6610,11177,521122,0.5
1900-01-24 07:22:45,7623.5,884391,7624.0,49497,33232,10,33222,834894,0.5
1900-01-24 07:23:00,7625.0,549192,7625.5,443334,148886,2210,146676,105858,0.5
1900-01-24 07:23:15,7625.0,692233,7625.5,460883,22724,1500,21224,231350,0.5
1900-01-24 07:23:30,7625.0,662293,7625.5,1624743,12599,2500,10099,-962450,0.5
1900-01-24 07:23:45,7625.0,855941,7625.5,2377280,4674,11000,-6326,-1521339,0.5
1900-01-24 07:24:00,7625.0,1234096,7625.5,2216492,1982,4080,-2098,-982396,0.5
1900-01-24 07:24:15,7625.0,1940428,7625.5,1779526,199650,6008,193642,160902,0.5
1900-01-24 07:24:30,7625.0,847811,7625.5,1895080,17860,22838,-4978,-1047269,0.5
1900-01-24 07:24:45,7625.0,793414,7625.5,2248362,19497,26120,-6623,-1454948,0.5
1900-01-24 07:25:00,7625.0,562101,7625.5,2226136,29272,4075,25197,-1664035,0.5
1900-01-24 07:25:15,7625.0,210646,7625.5,4555569,31965,22433,9532,-4344923,0.5
1900-01-24 07:25:30,7622.5,87516,7623.0,756081,8951,102255,-93304,-668565,0.5
1900-01-24 07:25:45,7617.0,335806,7617.5,1157617,2117,188836,-186719,-821811,0.5
1900-01-24 07:26:00,7615.0,516634,7615.5,1030300,89863,394427,-304564,-513666,0.5
1900-01-24 07:26:15,7614.5,49622,7615.0,1459368,17000,42319,-25319,-1409746,0.5
1900-01-24 07:26:30,7614.5,45832,7615.0,1523598,5026,49083,-44057,-1477766,0.5
1900-01-24 07:26:45,7613.0,11046,7613.5,220155,20896,191444,-170548,-209109,0.5
1900-01-24 07:27:00,7610.0,237819,7610.5,2144021,26220,196078,-169858,-1906202,0.5
1900-01-24 07:27:15,7609.5,52773,7610.0,889097,11063,68363,-57300,-836324,0.5
1900-01-24 07:27:30,7608.5,51647,7609.0,901396,10172,42727,-32555,-849749,0.5
1900-01-24 07:27:45,7607.5,759984,7608.0,804549,33607,46133,-12526,-44565,0.5
1900-01-24 07:28:00,7606.0,7587,7606.5,2204735,177789,90187,87602,-2197148,0.5
1900-01-24 07:28:15,7605.5,42228,7606.0,2872730,57302,58824,-1522,-2830502,0.5
1900-01-24 07:28:30,7600.0,1114928,7600.5,2707112,40697,305512,-264815,-1592184,0.5
1900-01-24 07:28:45,7600.0,1135699,7600.5,2452655,158000,87809,70191,-1316956,0.5
1900-01-24 07:29:00,7600.0,1637900,7600.5,502379,1152121,5919,1146202,1135521,0.5
1900-01-24 07:29:15,7606.5,793548,7607.0,18355,889858,15859,873999,775193,0.5
1900-01-24 07:29:30,7608.5,361805,7609.0,100745,450253,53817,396436,261060,0.5
1900-01-24 07:29:45,7608.5,1134653,7609.0,1814,140873,7835,133038,1132839,0.5
1900-01-24 07:30:00,7610.0,217071,7610.5,381901,450527,116542,333985,-164830,0.5
1900-01-24 07:30:15,7610.0,65245,7610.5,1156552,17867,139830,-121963,-1091307,0.5
1900-01-24 07:30:30,7609.5,51060,7610.0,1321332,4088,53182,-49094,-1270272,0.5
1900-01-24 07:30:45,7604.0,48230,7604.5,867933,45669,42757,2912,-819703,0.5
1900-01-24 07:31:00,7594.0,508685,7594.5,635275,29610,246377,-216767,-126590,0.5
1900-01-24 07:31:15,7598.0,1126973,7598.5,124423,100743,62206,38537,1002550,0.5
1900-01-24 07:31:30,7600.0,5616,7600.5,348731,122968,93858,29110,-343115,0.5
1900-01-24 07:31:45,7601.0,715459,7601.5,34829,27772,160228,-132456,680630,0.5
1900-01-24 07:32:00,7603.5,699594,7604.0,16619,38341,12802,25539,682975,0.5
1900-01-24 07:32:15,7602.0,127392,7602.5,1146377,15770,214507,-198737,-1018985,0.5
1900-01-24 07:32:30,7604.5,33540,7605.0,1385761,94309,97172,-2863,-1352221,0.5
1900-01-24 07:32:45,7606.5,201606,7607.0,1073125,56207,53768,2439,-871519,0.5
1900-01-24 07:33:00,7606.0,4334,7606.5,1509427,9100,208896,-199796,-1505093,0.5
1900-01-24 07:33:15,7605.0,61775,7605.5,1177067,538,20442,-19904,-1115292,0.5
1900-01-24 07:33:30,7601.0,393650,7601.5,609019,7351,71908,-64557,-215369,0.5
1900-01-24 07:33:45,7601.5,28269,7602.0,1070152,26969,28943,-1974,-1041883,0.5
1900-01-24 07:34:00,7604.5,619276,7605.0,20454,60042,1321,58721,598822,0.5
1900-01-24 07:34:15,7610.0,905035,7610.5,6679,116796,22300,94496,898356,0.5
1900-01-24 07:34:30,7612.0,157244,7612.5,179973,41935,122554,-80619,-22729,0.5
1900-01-24 07:34:45,7613.5,1032348,7614.0,5586,234578,53126,181452,1026762,0.5
1900-01-24 07:35:00,7618.0,888693,7618.5,27765,79060,70652,8408,860928,0.5
1900-01-24 07:35:15,7618.5,978335,7619.0,122643,28117,94211,-66094,855692,0.5
1900-01-24 07:35:30,7618.5,193743,7619.0,888707,86285,16446,69839,-694964,0.5
1900-01-24 07:35:45,7618.5,538339,7619.0,464761,103858,11647,92211,73578,0.5
1900-01-24 07:36:00,7616.5,93345,7617.0,1164460,27240,20010,7230,-1071115,0.5
1900-01-24 07:36:15,7616.0,403983,7616.5,282311,87357,38403,48954,121672,0.5
1900-01-24 07:36:30,7616.0,131341,7616.5,1580627,17750,146920,-129170,-1449286,0.5
1900-01-24 07:36:45,7613.5,670787,7614.0,369739,13371,47658,-34287,301048,0.5
1900-01-24 07:37:00,7613.5,1127831,7614.0,40682,21413,31512,-10099,1087149,0.5
1900-01-24 07:37:15,7613.5,1207077,7614.0,94398,22421,2001,20420,1112679,0.5
1900-01-24 07:37:30,7616.0,789711,7616.5,143997,103981,11100,92881,645714,0.5
1900-01-24 07:37:45,7616.0,989003,7616.5,114330,37010,6220,30790,874673,0.5
1900-01-24 07:38:00,7616.0,1219711,7616.5,66829,53702,6009,47693,1152882,0.5
1900-01-24 07:38:15,7618.5,120563,7619.0,960964,59986,64309,-4323,-840401,0.5
1900-01-24 07:38:30,7620.0,519472,7620.5,442100,170537,138274,32263,77372,0.5
1900-01-24 07:38:45,7618.5,7143,7619.0,583616,32823,36143,-3320,-576473,0.5
1900-01-24 07:39:00,7614.0,11309,7614.5,310452,10912,163623,-152711,-299143,0.5
1900-01-24 07:39:15,7613.5,477842,7614.0,1928433,13263,25087,-11824,-1450591,0.5
1900-01-24 07:39:30,7613.5,486749,7614.0,1584190,15806,9549,6257,-1097441,0.5
1900-01-24 07:39:45,7613.0,39232,7613.5,1790898,15351,365189,-349838,-1751666,0.5
1900-01-24 07:40:00,7612.0,2499,7612.5,1726399,2530,10039,-7509,-1723900,0.5
1900-01-24 07:40:15,7610.5,6970,7611.0,1304180,1827,19074,-17247,-1297210,0.5
1900-01-24 07:40:30,7610.0,573448,7610.5,1610297,560,13023,-12463,-1036849,0.5
1900-01-24 07:40:45,7610.0,1084279,7610.5,79797,2930,10100,-7170,1004482,0.5
1900-01-24 07:41:00,7611.0,673224,7611.5,416032,49257,5030,44227,257192,0.5
1900-01-24 07:41:15,7611.0,402210,7611.5,1127859,40234,5137,35097,-725649,0.5
1900-01-24 07:41:30,7610.0,213566,7610.5,1728212,40300,444048,-403748,-1514646,0.5
1900-01-24 07:41:45,7610.0,432103,7610.5,613138,11350,163150,-151800,-181035,0.5
1900-01-24 07:42:00,7610.0,484214,7610.5,402448,131226,1100,130126,81766,0.5
1900-01-24 07:42:15,7610.0,180396,7610.5,1182343,17469,6366,11103,-1001947,0.5
1900-01-24 07:42:30,7610.0,104936,7610.5,1152605,28229,26961,1268,-1047669,0.5
1900-01-24 07:42:45,7610.0,62518,7610.5,1270675,5073,21790,-16717,-1208157,0.5
1900-01-24 07:43:00,7609.0,124122,7609.5,1227200,11925,31850,-19925,-1103078,0.5
1900-01-24 07:43:15,7612.5,445812,7613.0,33613,24886,56325,-31439,412199,0.5
1900-01-24 07:43:30,7612.5,90763,7613.0,1568426,14337,1738,12599,-1477663,0.5
1900-01-24 07:43:45,7613.5,497611,7614.0,162025,20770,1738,19032,335586,0.5
1900-01-24 07:44:00,7614.0,482265,7614.5,2093,99247,55,99192,480172,0.5
1900-01-24 07:44:15,7616.5,5565164,7617.0,38597,36392,26001,10391,5526567,0.5
1900-01-24 07:44:30,7621.0,446833,7621.5,40981,168653,5043,163610,405852,0.5
1900-01-24 07:44:45,7622.5,383442,7623.0,1497105,57123,5090,52033,-1113663,0.5
1900-01-24 07:45:00,7622.5,153283,7623.0,1638956,7910,17028,-9118,-1485673,0.5
1900-01-24 07:45:15,7619.5,28226,7620.0,1479892,46238,60718,-14480,-1451666,0.5
1900-01-24 07:45:30,7618.0,225555,7618.5,1408070,46238,22542,23696,-1182515,0.5
1900-01-24 07:45:45,7618.0,421042,7618.5,1508390,6004,31300,-25296,-1087348,0.5
1900-01-24 07:46:00,7618.0,38943,7618.5,1831181,6352,116210,-109858,-1792238,0.5
1900-01-24 07:46:15,7617.5,74037,7618.0,1714148,1840,20974,-19134,-1640111,0.5
1900-01-24 07:46:30,7617.5,130720,7618.0,1662472,600,223443,-222843,-1531752,0.5
1900-01-24 07:46:45,7617.5,159998,7618.0,1583847,320,9000,-8680,-1423849,0.5
1900-01-24 07:47:00,7617.5,7516,7618.0,1425409,17922,39954,-22032,-1417893,0.5
1900-01-24 07:47:15,7617.5,2227,7618.0,1541901,12720,2057,10663,-1539674,0.5
1900-01-24 07:47:30,7609.0,9564,7609.5,1686759,25076,116030,-90954,-1677195,0.5
1900-01-24 07:47:45,7603.0,682027,7603.5,321401,3696,124068,-120372,360626,0.5
1900-01-24 07:48:00,7602.0,12328,7602.5,968713,23365,126499,-103134,-956385,0.5
1900-01-24 07:48:15,7594.5,299638,7595.0,1084543,102192,235788,-133596,-784905,0.5
1900-01-24 07:48:30,7594.5,618246,7595.0,607456,39570,197149,-157579,10790,0.5
1900-01-24 07:48:45,7596.0,366647,7596.5,1045424,168399,103553,64846,-678777,0.5
1900-01-24 07:49:00,7596.0,255545,7596.5,1239623,38015,67699,-29684,-984078,0.5
1900-01-24 07:49:15,7591.5,325,7592.0,418606,69264,386076,-316812,-418281,0.5
1900-01-24 07:49:30,7580.0,663951,7582.5,107451,365319,282603,82716,556500,2.5
1900-01-24 07:49:45,7594.5,830545,7595.0,472169,763550,70274,693276,358376,0.5
1900-01-24 07:50:00,7596.5,105201,7597.0,1054,315847,31954,283893,104147,0.5
1900-01-24 07:50:15,7594.0,686972,7594.5,228358,75899,151026,-75127,458614,0.5
1900-01-24 07:50:30,7592.5,685493,7593.0,505016,31118,222735,-191617,180477,0.5
1900-01-24 07:50:45,7592.5,214415,7593.0,830774,2150,52256,-50106,-616359,0.5
1900-01-24 07:51:00,7589.0,1032381,7589.5,265645,94673,138664,-43991,766736,0.5
1900-01-24 07:51:15,7589.0,641949,7589.5,29412,45062,178809,-133747,612537,0.5
1900-01-24 07:51:30,7592.0,503442,7592.5,93817,43758,26037,17721,409625,0.5
1900-01-24 07:51:45,7596.5,693769,7597.0,3868,162489,14761,147728,689901,0.5
1900-01-24 07:52:00,7599.5,133836,7600.0,1131840,162541,16649,145892,-998004,0.5
1900-01-24 07:52:15,7597.0,28182,7597.5,1180763,1986,60280,-58294,-1152581,0.5
1900-01-24 07:52:30,7596.5,753610,7597.0,40368,39671,34828,4843,713242,0.5
1900-01-24 07:52:45,7598.5,68811,7599.0,1039125,53376,27312,26064,-970314,0.5
1900-01-24 07:53:00,7595.5,1790,7596.0,1027994,10610,75755,-65145,-1026204,0.5
1900-01-24 07:53:15,7594.0,91400,7594.5,975352,1368,29670,-28302,-883952,0.5
1900-01-24 07:53:30,7594.0,262803,7594.5,1126892,1500,129495,-127995,-864089,0.5
1900-01-24 07:53:45,7590.5,18297,7591.0,1120242,5281,261030,-255749,-1101945,0.5
1900-01-24 07:54:00,7589.5,244644,7590.0,1177040,15564,93459,-77895,-932396,0.5
1900-01-24 07:54:15,7594.5,411211,7595.0,12757,105960,20489,85471,398454,0.5
1900-01-24 07:54:30,7597.5,375277,7598.0,764425,125068,22599,102469,-389148,0.5
1900-01-24 07:54:45,7597.5,638654,7598.0,59578,30471,6040,24431,579076,0.5
1900-01-24 07:55:00,7597.5,9870,7598.0,1381579,10926,138887,-127961,-1371709,0.5
1900-01-24 07:55:15,7597.5,608362,7598.0,396453,22839,26287,-3448,211909,0.5
1900-01-24 07:55:30,7594.0,353068,7594.5,660589,754,53344,-52590,-307521,0.5
1900-01-24 07:55:45,7593.0,605116,7593.5,379514,318,34062,-33744,225602,0.5
1900-01-24 07:56:00,7596.0,652679,7596.5,81134,72101,15820,56281,571545,0.5
1900-01-24 07:56:15,7596.0,776865,7596.5,17636,98743,1440,97303,759229,0.5
1900-01-24 07:56:30,7597.0,721722,7597.5,221253,16021,10000,6021,500469,0.5
1900-01-24 07:56:45,7597.0,773851,7597.5,215581,49817,50000,-183,558270,0.5
1900-01-24 07:57:00,7597.0,751014,7597.5,195321,24329,7834,16495,555693,0.5
1900-01-24 07:57:15,7597.0,218876,7597.5,799941,2025,3842,-1817,-581065,0.5
1900-01-24 07:57:30,7597.0,384305,7597.5,727069,1100,186160,-185060,-342764,0.5
1900-01-24 07:57:45,7593.0,459056,7593.5,914592,5000,33073,-28073,-455536,0.5
1900-01-24 07:58:00,7593.0,1180315,7593.5,28968,38846,4174,34672,1151347,0.5
1900-01-24 07:58:15,7593.5,331447,7594.0,894649,37337,16725,20612,-563202,0.5
1900-01-24 07:58:30,7591.0,2643,7592.0,1041273,7330,350409,-343079,-1038630,1.0
1900-01-24 07:58:45,7590.0,88122,7590.5,951368,4224,81679,-77455,-863246,0.5
1900-01-24 07:59:00,7590.0,87055,7590.5,1145686,3900,30471,-26571,-1058631,0.5
1900-01-24 07:59:15,7593.0,548824,7593.5,116472,6074,114671,-108597,432352,0.5
1900-01-24 07:59:30,7594.5,448129,7595.0,278881,21733,2046,19687,169248,0.5
1900-01-24 07:59:45,7594.5,767058,7595.0,677020,60078,15269,44809,90038,0.5
1900-01-24 08:00:00,7594.5,701086,7595.0,246266,83745,169770,-86025,454820,0.5
1900-01-24 08:00:15,7594.5,471194,7595.0,913918,51833,40009,11824,-442724,0.5
1900-01-24 08:00:30,7594.5,468276,7595.0,974416,18080,8702,9378,-506140,0.5
1900-01-24 08:00:45,7594.5,329404,7595.0,1758517,7769,111089,-103320,-1429113,0.5
1900-01-24 08:01:00,7591.0,290641,7591.5,1521975,19284,61695,-42411,-1231334,0.5
1900-01-24 08:01:15,7588.0,46502,7588.5,311152,33544,100198,-66654,-264650,0.5
1900-01-24 08:01:30,7588.0,489261,7588.5,287941,71911,47253,24658,201320,0.5
1900-01-24 08:01:45,7591.5,223694,7592.0,7833,50589,4767,45822,215861,0.5
1900-01-24 08:02:00,7592.5,5221,7593.0,1028216,49820,22046,27774,-1022995,0.5
1900-01-24 08:02:15,7591.0,100438,7591.5,1426744,3177,22078,-18901,-1326306,0.5
1900-01-24 08:02:30,7588.0,31928,7588.5,812745,7334,68346,-61012,-780817,0.5
1900-01-24 08:02:45,7586.5,491928,7587.0,920347,4225,44268,-40043,-428419,0.5
1900-01-24 08:03:00,7586.5,7045,7587.0,1466234,48505,14536,33969,-1459189,0.5
1900-01-24 08:03:15,7583.5,151951,7584.0,1287873,55900,210407,-154507,-1135922,0.5
1900-01-24 08:03:30,7582.0,294927,7582.5,910128,15879,218232,-202353,-615201,0.5
1900-01-24 08:03:45,7575.5,305032,7576.0,670675,185176,52273,132903,-365643,0.5
1900-01-24 08:04:00,7581.5,97038,7582.0,1050960,184766,100870,83896,-953922,0.5
1900-01-24 08:04:15,7574.5,682890,7575.0,59402,52624,62629,-10005,623488,0.5
1900-01-24 08:04:30,7580.0,199777,7580.5,495568,63420,71333,-7913,-295791,0.5
1900-01-24 08:04:45,7586.5,551514,7587.0,76288,247403,50849,196554,475226,0.5
1900-01-24 08:05:00,7587.0,600752,7587.5,294,199767,58343,141424,600458,0.5
1900-01-24 08:05:15,7587.0,1078845,7587.5,36871,206561,8318,198243,1041974,0.5
1900-01-24 08:05:30,7587.0,69760,7587.5,1325775,160820,271233,-110413,-1256015,0.5
1900-01-24 08:05:45,7581.0,9192,7581.5,1392375,5272,83488,-78216,-1383183,0.5
1900-01-24 08:06:00,7582.0,50405,7582.5,1416640,24625,42750,-18125,-1366235,0.5
1900-01-24 08:06:15,7582.0,1137451,7582.5,724962,157277,12258,145019,412489,0.5
1900-01-24 08:06:30,7581.5,43076,7582.0,813844,7620,38294,-30674,-770768,0.5
1900-01-24 08:06:45,7578.0,1483080,7578.5,798,27579,54903,-27324,1482282,0.5
1900-01-24 08:07:00,7579.5,217,7580.0,737162,29410,282074,-252664,-736945,0.5
1900-01-24 08:07:15,7574.0,475264,7574.5,608507,58207,110810,-52603,-133243,0.5
1900-01-24 08:07:30,7572.0,603433,7572.5,847388,81768,172596,-90828,-243955,0.5
1900-01-24 08:07:45,7574.0,752501,7574.5,48105,432725,59777,372948,704396,0.5
1900-01-24 08:08:00,7577.5,661858,7578.0,451677,108075,26642,81433,210181,0.5
1900-01-24 08:08:15,7580.5,595094,7581.0,363740,175782,41166,134616,231354,0.5
1900-01-24 08:08:30,7580.0,6130,7580.5,744639,205206,85664,119542,-738509,0.5
1900-01-24 08:08:45,7577.5,72872,7578.0,1407435,15740,20508,-4768,-1334563,0.5
1900-01-24 08:09:00,7575.5,14937,7576.0,212243,65867,41395,24472,-197306,0.5
1900-01-24 08:09:15,7574.0,1033890,7574.5,1037227,315982,48704,267278,-3337,0.5
1900-01-24 08:09:30,7579.0,839753,7579.5,441731,237954,45023,192931,398022,0.5
1900-01-24 08:09:45,7579.0,813128,7579.5,516074,58261,11641,46620,297054,0.5
1900-01-24 08:10:00,7580.0,1179972,7580.5,69244,598342,26770,571572,1110728,0.5
1900-01-24 08:10:15,7584.5,870893,7585.0,406691,82513,1605,80908,464202,0.5
1900-01-24 08:10:30,7590.0,383059,7590.5,55596,410555,25207,385348,327463,0.5
1900-01-24 08:10:45,7593.0,927501,7593.5,184829,434817,19884,414933,742672,0.5
1900-01-24 08:11:00,7592.5,71958,7593.0,547624,223550,150434,73116,-475666,0.5
1900-01-24 08:11:15,7592.5,142181,7593.0,1029472,92927,85849,7078,-887291,0.5
1900-01-24 08:11:30,7588.5,1095076,7589.0,181847,42901,18212,24689,913229,0.5
1900-01-24 08:11:45,7585.0,1134640,7585.5,209700,24347,64770,-40423,924940,0.5
1900-01-24 08:12:00,7585.5,142192,7586.0,603735,91881,133547,-41666,-461543,0.5
1900-01-24 08:12:15,7585.5,18627,7586.0,496345,46306,81074,-34768,-477718,0.5
1900-01-24 08:12:30,7586.0,1214956,7586.5,56520,2712,1282,1430,1158436,0.5
1900-01-24 08:12:45,7589.0,837129,7589.5,119818,314903,500,314403,717311,0.5
1900-01-24 08:13:00,7589.0,1242545,7589.5,1101644,35520,7149,28371,140901,0.5
1900-01-24 08:13:15,7589.0,814029,7589.5,1129372,23573,30494,-6921,-315343,0.5
1900-01-24 08:13:30,7583.0,982519,7583.5,121865,16090,56624,-40534,860654,0.5
1900-01-24 08:13:45,7587.0,142011,7587.5,463558,197631,5640,191991,-321547,0.5
1900-01-24 08:14:00,7587.0,577140,7587.5,361736,16418,17678,-1260,215404,0.5
1900-01-24 08:14:15,7588.0,530456,7588.5,596531,10344,2011,8333,-66075,0.5
1900-01-24 08:14:30,7588.0,317435,7588.5,1027525,11987,8840,3147,-710090,0.5
1900-01-24 08:14:45,7588.0,47598,7588.5,1250783,31309,31265,44,-1203185,0.5
1900-01-24 08:15:00,7586.0,29020,7586.5,604742,3844,17822,-13978,-575722,0.5
1900-01-24 08:15:15,7585.0,12266,7585.5,619605,15729,16039,-310,-607339,0.5
1900-01-24 08:15:30,7581.0,7117,7581.5,191993,8036,353143,-345107,-184876,0.5
1900-01-24 08:15:45,7579.0,143512,7579.5,503615,38980,170998,-132018,-360103,0.5
1900-01-24 08:16:00,7579.0,1073112,7579.5,260283,27567,66885,-39318,812829,0.5
1900-01-24 08:16:15,7579.0,1223189,7579.5,169290,88689,25192,63497,1053899,0.5
1900-01-24 08:16:30,7579.5,310000,7580.0,125705,85074,1554,83520,184295,0.5
1900-01-24 08:16:45,7577.0,871593,7577.5,524961,57001,205316,-148315,346632,0.5
1900-01-24 08:17:00,7577.0,489952,7577.5,979090,15013,189818,-174805,-489138,0.5
1900-01-24 08:17:15,7569.0,259786,7569.5,569830,211286,1113678,-902392,-310044,0.5
1900-01-24 08:17:30,7568.0,381540,7568.5,1181534,153887,432232,-278345,-799994,0.5
1900-01-24 08:17:45,7571.5,69955,7574.0,97807,388108,168048,220060,-27852,2.5
1900-01-24 08:18:00,7577.0,318853,7577.5,3240,82671,38914,43757,315613,0.5
1900-01-24 08:18:15,7578.0,455700,7578.5,614280,205852,65316,140536,-158580,0.5
1900-01-24 08:18:30,7579.5,372621,7580.0,685841,26544,8347,18197,-313220,0.5
1900-01-24 08:18:45,7580.5,690341,7581.0,146728,878812,6464,872348,543613,0.5
1900-01-24 08:19:00,7590.5,263093,7591.0,1001881,407723,5475,402248,-738788,0.5
1900-01-24 08:19:15,7593.0,721700,7593.5,49680,435140,51063,384077,672020,0.5
1900-01-24 08:19:30,7596.5,152189,7597.0,1024965,149746,52668,97078,-872776,0.5
1900-01-24 08:19:45,7596.5,81965,7597.0,1311373,108729,170880,-62151,-1229408,0.5
1900-01-24 08:20:00,7592.0,52994,7592.5,1249048,15998,55085,-39087,-1196054,0.5
1900-01-24 08:20:15,7592.0,6394,7592.5,106448,50612,141296,-90684,-100054,0.5
1900-01-24 08:20:30,7587.5,455716,7588.0,1125220,30900,41527,-10627,-669504,0.5
1900-01-24 08:20:45,7584.0,30996,7584.5,579757,36296,172995,-136699,-548761,0.5
1900-01-24 08:21:00,7581.5,627496,7582.0,294106,10188,66455,-56267,333390,0.5
1900-01-24 08:21:15,7584.0,681079,7584.5,400018,232426,10499,221927,281061,0.5
1900-01-24 08:21:30,7584.5,356575,7585.0,284435,3897,6708,-2811,72140,0.5
1900-01-24 08:21:45,7581.0,723869,7581.5,811218,30348,304434,-274086,-87349,0.5
1900-01-24 08:22:00,7575.0,572411,7575.5,721662,59397,664052,-604655,-149251,0.5
1900-01-24 08:22:15,7575.0,345555,7575.5,717609,190400,51958,138442,-372054,0.5
1900-01-24 08:22:30,7580.0,532998,7580.5,845233,55488,37900,17588,-312235,0.5
1900-01-24 08:22:45,7580.0,263593,7580.5,844930,101150,7445,93705,-581337,0.5
1900-01-24 08:23:00,7578.5,553573,7579.0,310978,26170,93608,-67438,242595,0.5
1900-01-24 08:23:15,7572.5,696206,7573.0,369481,36078,197647,-161569,326725,0.5
1900-01-24 08:23:30,7583.5,86847,7584.0,978855,290746,27397,263349,-892008,0.5
1900-01-24 08:23:45,7577.0,8081,7577.5,974916,1143,26301,-25158,-966835,0.5
1900-01-24 08:24:00,7576.0,24959,7576.5,6004182,4850,23063,-18213,-5979223,0.5
1900-01-24 08:24:15,7572.0,27765,7572.5,1019037,4008,253571,-249563,-991272,0.5
1900-01-24 08:24:30,7572.0,652450,7572.5,734016,19546,114857,-95311,-81566,0.5
1900-01-24 08:24:45,7572.0,28714,7572.5,1306605,21150,203533,-182383,-1277891,0.5
1900-01-24 08:25:00,7575.5,3600,7576.0,539,61792,87552,-25760,3061,0.5
1900-01-24 08:25:15,7580.0,537104,7580.5,623808,105772,36003,69769,-86704,0.5
1900-01-24 08:25:30,7584.5,29608,7585.0,1482005,63816,80464,-16648,-1452397,0.5
1900-01-24 08:25:45,7577.0,810548,7577.5,173893,135536,31049,104487,636655,0.5
1900-01-24 08:26:00,7582.0,259099,7582.5,595856,134979,8351,126628,-336757,0.5
1900-01-24 08:26:15,7586.0,696840,7586.5,496478,120268,11168,109100,200362,0.5
1900-01-24 08:26:30,7586.0,660898,7586.5,274091,44840,42234,2606,386807,0.5
1900-01-24 08:26:45,7588.5,571679,7589.0,597640,296614,215492,81122,-25961,0.5
1900-01-24 08:27:00,7588.5,1155426,7589.0,77036,123818,59507,64311,1078390,0.5
1900-01-24 08:27:15,7589.5,358410,7590.0,307806,98500,158539,-60039,50604,0.5
1900-01-24 08:27:30,7587.0,195541,7587.5,738441,8425,40647,-32222,-542900,0.5
1900-01-24 08:27:45,7587.0,219807,7587.5,927894,6202,59604,-53402,-708087,0.5
1900-01-24 08:28:00,7586.0,132243,7586.5,450354,18262,662442,-644180,-318111,0.5
1900-01-24 08:28:15,7583.5,328012,7584.0,942490,17419,11699,5720,-614478,0.5
1900-01-24 08:28:30,7577.5,9816,7578.0,1118500,5290,54885,-49595,-1108684,0.5
1900-01-24 08:28:45,7577.0,32389,7577.5,1253097,65243,18660,46583,-1220708,0.5
1900-01-24 08:29:00,7576.0,405052,7576.5,336104,224505,115923,108582,68948,0.5
1900-01-24 08:29:15,7568.0,4321,7568.5,194837,143531,300494,-156963,-190516,0.5
1900-01-24 08:29:30,7575.0,160100,7575.5,971893,294040,335079,-41039,-811793,0.5
1900-01-24 08:29:45,7570.0,757908,7570.5,507842,72878,119472,-46594,250066,0.5
1900-01-24 08:30:00,7573.0,322212,7573.5,264956,82343,33685,48658,57256,0.5
1900-01-24 08:30:15,7573.5,824125,7574.0,179337,37618,13626,23992,644788,0.5
1900-01-24 08:30:30,7567.0,3828382,7567.5,335649,21388,203379,-181991,3492733,0.5
1900-01-24 08:30:45,7566.0,552772,7566.5,43039,128762,187530,-58768,509733,0.5
1900-01-24 08:31:00,7572.0,192442,7572.5,502388,241265,67076,174189,-309946,0.5
1900-01-24 08:31:15,7577.5,544990,7578.0,705590,106586,38932,67654,-160600,0.5
1900-01-24 08:31:30,7577.0,412700,7577.5,782693,18855,136757,-117902,-369993,0.5
1900-01-24 08:31:45,7576.5,378775,7577.0,361707,7624,29058,-21434,17068,0.5
1900-01-24 08:32:00,7576.5,350000,7577.0,248675,60706,21153,39553,101325,0.5
1900-01-24 08:32:15,7578.0,726336,7578.5,55300,24812,8581,16231,671036,0.5
1900-01-24 08:32:30,7578.5,562494,7579.0,405508,50555,36409,14146,156986,0.5
1900-01-24 08:32:45,7574.5,509121,7575.0,633281,250932,33383,217549,-124160,0.5
1900-01-24 08:33:00,7574.5,612193,7575.0,93602,71228,3411,67817,518591,0.5
1900-01-24 08:33:15,7577.5,455911,7578.0,570649,62977,3841,59136,-114738,0.5
1900-01-24 08:33:30,7574.0,54864,7574.5,1494853,17018,14731,2287,-1439989,0.5
1900-01-24 08:33:45,7570.5,413673,7571.0,248553,82127,39710,42417,165120,0.5
1900-01-24 08:34:00,7570.0,95041,7570.5,1014119,14038,93023,-78985,-919078,0.5
1900-01-24 08:34:15,7537.0,112267,7547.0,10833,141407,1223290,-1081883,101434,10.0
1900-01-24 08:34:30,7552.0,386993,7552.5,165556,379975,554718,-174743,221437,0.5
1900-01-24 08:34:45,7552.5,20112,7553.0,529021,327442,197157,130285,-508909,0.5
1900-01-24 08:35:00,7560.5,75951,7561.0,954923,225059,88092,136967,-878972,0.5
1900-01-24 08:35:15,7561.0,271820,7561.5,1004793,74818,100089,-25271,-732973,0.5
1900-01-24 08:35:30,7558.0,811634,7558.5,237179,503800,178674,325126,574455,0.5
1900-01-24 08:35:45,7560.0,780969,7560.5,151857,192315,25491,166824,629112,0.5
1900-01-24 08:36:00,7562.5,1180517,7563.0,19574,97740,21950,75790,1160943,0.5
1900-01-24 08:36:15,7562.5,962933,7563.0,37510,362988,9459,353529,925423,0.5
1900-01-24 08:36:30,7567.0,1054693,7567.5,358974,405989,45755,360234,695719,0.5
1900-01-24 08:36:45,7567.0,145697,7567.5,1056728,166132,157001,9131,-911031,0.5
1900-01-24 08:37:00,7564.5,733123,7565.0,776306,26252,119529,-93277,-43183,0.5
1900-01-24 08:37:15,7561.0,660880,7561.5,390541,7906,206316,-198410,270339,0.5
1900-01-24 08:37:30,7561.5,873382,7562.0,572263,20084,20616,-532,301119,0.5
1900-01-24 08:37:45,7561.5,383397,7562.0,855347,15734,31995,-16261,-471950,0.5
1900-01-24 08:38:00,7567.5,1099824,7568.0,256634,332152,2529,329623,843190,0.5
1900-01-24 08:38:15,7571.5,1097656,7572.0,356752,441854,21476,420378,740904,0.5
1900-01-24 08:38:30,7573.0,1685150,7573.5,49725,206897,9800,197097,1635425,0.5
1900-01-24 08:38:45,7575.5,252438,7576.0,771531,206241,232134,-25893,-519093,0.5
1900-01-24 08:39:00,7574.5,722662,7575.0,767405,58090,162389,-104299,-44743,0.5
1900-01-24 08:39:15,7580.5,1040453,7581.0,63402,183085,113319,69766,977051,0.5
1900-01-24 08:39:30,7584.0,60468,7584.5,343317,284677,75443,209234,-282849,0.5
1900-01-24 08:39:45,7581.5,172734,7582.0,510754,47870,179483,-131613,-338020,0.5
1900-01-24 08:40:00,7581.5,219938,7582.0,839710,32303,49250,-16947,-619772,0.5
1900-01-24 08:40:15,7577.5,1144248,7578.0,172576,33233,71185,-37952,971672,0.5
1900-01-24 08:40:30,7581.5,991441,7582.0,207968,44944,21687,23257,783473,0.5
1900-01-24 08:40:45,7586.0,313777,7586.5,652287,33810,37386,-3576,-338510,0.5
1900-01-24 08:41:00,7586.0,47054,7586.5,985607,20820,33159,-12339,-938553,0.5
1900-01-24 08:41:15,7580.5,857782,7581.0,164847,13107,85522,-72415,692935,0.5
1900-01-24 08:41:30,7582.0,1327852,7582.5,21341,27002,38800,-11798,1306511,0.5
1900-01-24 08:41:45,7586.0,685289,7586.5,391359,23258,189704,-166446,293930,0.5
1900-01-24 08:42:00,7586.0,438692,7586.5,948715,65489,24098,41391,-510023,0.5
1900-01-24 08:42:15,7585.0,802335,7585.5,470082,27450,221884,-194434,332253,0.5
1900-01-24 08:42:30,7585.0,933114,7585.5,416338,109333,9564,99769,516776,0.5
1900-01-24 08:42:45,7589.0,265621,7589.5,18111,129243,11863,117380,247510,0.5
1900-01-24 08:43:00,7589.0,26876,7589.5,883537,75384,53213,22171,-856661,0.5
1900-01-24 08:43:15,7589.0,1057824,7589.5,43636,88719,142704,-53985,1014188,0.5
1900-01-24 08:43:30,7589.5,1399853,7590.0,335267,31962,6854,25108,1064586,0.5
1900-01-24 08:43:45,7591.0,209746,7591.5,169988,179963,19730,160233,39758,0.5
1900-01-24 08:44:00,7591.5,987854,7592.0,34464,134466,5195,129271,953390,0.5
1900-01-24 08:44:15,7592.5,295900,7593.0,295543,301365,87777,213588,357,0.5
1900-01-24 08:44:30,7591.5,34729,7592.0,732647,10844,65286,-54442,-697918,0.5
1900-01-24 08:44:45,7590.0,126188,7590.5,663497,11100,126399,-115299,-537309,0.5
1900-01-24 08:45:00,7585.5,162845,7586.0,623228,8945,154703,-145758,-460383,0.5
1900-01-24 08:45:15,7582.0,1844832,7582.5,40987,151572,127475,24097,1803845,0.5
1900-01-24 08:45:30,7582.0,107586,7582.5,614046,53444,124475,-71031,-506460,0.5
1900-01-24 08:45:45,7584.5,986432,7585.0,388145,60807,73471,-12664,598287,0.5
1900-01-24 08:46:00,7585.5,1053392,7586.0,34157,115319,6222,109097,1019235,0.5
1900-01-24 08:46:15,7585.5,1441820,7586.0,119682,59340,20018,39322,1322138,0.5
1900-01-24 08:46:30,7585.5,1838705,7586.0,57932,18033,3000,15033,1780773,0.5
1900-01-24 08:46:45,7587.5,1537060,7588.0,23548,155011,15000,140011,1513512,0.5
1900-01-24 08:47:00,7588.5,66037,7589.0,733347,116297,12724,103573,-667310,0.5
1900-01-24 08:47:15,7588.5,78786,7589.0,746754,1160,21790,-20630,-667968,0.5
1900-01-24 08:47:30,7586.5,2755,7587.0,722931,20193,59919,-39726,-720176,0.5
1900-01-24 08:47:45,7582.0,181203,7582.5,541529,8699,125867,-117168,-360326,0.5
1900-01-24 08:48:00,7582.0,678154,7582.5,287335,4000,120726,-116726,390819,0.5
1900-01-24 08:48:15,7582.0,165656,7582.5,795580,5692,66063,-60371,-629924,0.5
1900-01-24 08:48:30,7579.0,173697,7579.5,959467,6200,118354,-112154,-785770,0.5
1900-01-24 08:48:45,7578.0,365025,7578.5,616505,6160,22620,-16460,-251480,0.5
1900-01-24 08:49:00,7578.0,588259,7578.5,603984,7703,2950,4753,-15725,0.5
1900-01-24 08:49:15,7577.0,541453,7577.5,646232,4520,53932,-49412,-104779,0.5
1900-01-24 08:49:30,7577.0,827706,7577.5,224222,95079,13828,81251,603484,0.5
1900-01-24 08:49:45,7577.0,715977,7577.5,374935,23363,26364,-3001,341042,0.5
1900-01-24 08:50:00,7577.0,894143,7577.5,375162,69523,28121,41402,518981,0.5
1900-01-24 08:50:15,7577.0,907671,7577.5,262493,18081,1420,16661,645178,0.5
1900-01-24 08:50:30,7580.5,583363,7581.0,305041,19646,12194,7452,278322,0.5
1900-01-24 08:50:45,7580.5,912663,7581.0,286682,1212,27652,-26440,625981,0.5
1900-01-24 08:51:00,7580.5,1151106,7581.0,67712,27317,11050,16267,1083394,0.5
1900-01-24 08:51:15,7584.0,477072,7584.5,645381,47524,16272,31252,-168309,0.5
1900-01-24 08:51:30,7584.0,292920,7584.5,505902,113115,62061,51054,-212982,0.5
1900-01-24 08:51:45,7585.5,1376598,7586.0,5153,29866,14642,15224,1371445,0.5
1900-01-24 08:52:00,7587.0,1072104,7587.5,30256,7776,113,7663,1041848,0.5
1900-01-24 08:52:15,7590.5,246319,7591.0,638223,84455,25841,58614,-391904,0.5
1900-01-24 08:52:30,7590.5,569227,7591.0,164458,204370,1130,203240,404769,0.5
1900-01-24 08:52:45,7592.0,1290845,7592.5,10196,56507,11655,44852,1280649,0.5
1900-01-24 08:53:00,7592.0,256461,7592.5,768831,41168,11945,29223,-512370,0.5
1900-01-24 08:53:15,7590.5,428121,7591.0,612089,13927,182059,-168132,-183968,0.5
1900-01-24 08:53:30,7590.5,225014,7591.0,965586,11100,180429,-169329,-740572,0.5
1900-01-24 08:53:45,7582.0,109376,7582.5,429336,28059,274319,-246260,-319960,0.5
1900-01-24 08:54:00,7582.0,669212,7582.5,311540,96154,31145,65009,357672,0.5
1900-01-24 08:54:15,7582.0,356762,7582.5,751301,7650,12668,-5018,-394539,0.5
1900-01-24 08:54:30,7582.0,379298,7582.5,560890,137511,3063,134448,-181592,0.5
1900-01-24 08:54:45,7582.5,1378120,7583.0,3724,30076,22848,7228,1374396,0.5
1900-01-24 08:55:00,7583.5,1242701,7584.0,29554,42337,2368,39969,1213147,0.5
1900-01-24 08:55:15,7583.5,10675,7584.0,511757,40177,86396,-46219,-501082,0.5
1900-01-24 08:55:30,7585.0,574050,7585.5,479264,13520,24086,-10566,94786,0.5
1900-01-24 08:55:45,7583.5,842563,7584.0,993558,270,154979,-154709,-150995,0.5
1900-01-24 08:56:00,7583.5,824603,7584.0,974836,6844,40000,-33156,-150233,0.5
1900-01-24 08:56:15,7583.5,804903,7584.0,925076,53200,16500,36700,-120173,0.5
1900-01-24 08:56:30,7583.5,956099,7584.0,656403,65530,10804,54726,299696,0.5
1900-01-24 08:56:45,7585.0,1280342,7585.5,15764,50798,6720,44078,1264578,0.5
1900-01-24 08:57:00,7588.0,671355,7588.5,75063,9015,15500,-6485,596292,0.5
1900-01-24 08:57:15,7584.5,340163,7585.0,672053,911,283273,-282362,-331890,0.5
1900-01-24 08:57:30,7582.0,1925,7582.5,63481,8350,165216,-156866,-61556,0.5
1900-01-24 08:57:45,7570.5,252468,7571.0,11044,61167,388979,-327812,241424,0.5
1900-01-24 08:58:00,7574.5,1626,7575.0,572755,138282,32468,105814,-571129,0.5
1900-01-24 08:58:15,7572.5,891893,7573.0,305672,26260,261861,-235601,586221,0.5
1900-01-24 08:58:30,7572.5,880202,7573.0,273833,28460,4550,23910,606369,0.5
1900-01-24 08:58:45,7572.5,50491,7573.0,828206,137782,70664,67118,-777715,0.5
1900-01-24 08:59:00,7568.0,35156,7568.5,1094229,4160,162115,-157955,-1059073,0.5
1900-01-24 08:59:15,7565.0,139299,7565.5,1164623,9100,154120,-145020,-1025324,0.5
1900-01-24 08:59:30,7565.5,968527,7566.0,697596,489747,123135,366612,270931,0.5
1900-01-24 08:59:45,7566.5,205077,7567.0,796104,101949,23410,78539,-591027,0.5
1900-01-24 09:00:00,7566.5,791485,7567.0,435967,74386,59980,14406,355518,0.5
1900-01-24 09:00:15,7564.0,71728,7564.5,1150186,38860,223763,-184903,-1078458,0.5
1900-01-24 09:00:30,7562.0,1272,7562.5,1404636,9764,160387,-150623,-1403364,0.5
1900-01-24 09:00:45,7561.5,75046,7562.0,1340941,53945,118807,-64862,-1265895,0.5
1900-01-24 09:01:00,7560.0,631627,7560.5,230196,12397,67309,-54912,401431,0.5
1900-01-24 09:01:15,7561.0,43768,7561.5,885948,104946,144514,-39568,-842180,0.5
1900-01-24 09:01:30,7560.5,270311,7561.0,853211,58293,145827,-87534,-582900,0.5
1900-01-24 09:01:45,7557.5,12439,7558.0,1300056,23236,61016,-37780,-1287617,0.5
1900-01-24 09:02:00,7555.0,382722,7555.5,369105,75585,916639,-841054,13617,0.5
1900-01-24 09:02:15,7554.5,514983,7555.0,270352,74652,162656,-88004,244631,0.5
1900-01-24 09:02:30,7551.0,594193,7551.5,213563,38193,180620,-142427,380630,0.5
1900-01-24 09:02:45,7559.0,405122,7559.5,1214361,213852,139765,74087,-809239,0.5
1900-01-24 09:03:00,7562.5,256895,7563.0,33719,188256,7814,180442,223176,0.5
1900-01-24 09:03:15,7560.5,82661,7561.0,1193265,118723,39825,78898,-1110604,0.5
1900-01-24 09:03:30,7560.5,324785,7561.0,937608,12316,57888,-45572,-612823,0.5
1900-01-24 09:03:45,7559.5,10520,7560.0,1032323,13535,158467,-144932,-1021803,0.5
1900-01-24 09:04:00,7555.5,76873,7556.0,448566,32930,268139,-235209,-371693,0.5
1900-01-24 09:04:15,7555.0,76634,7555.5,869273,18571,81324,-62753,-792639,0.5
1900-01-24 09:04:30,7554.5,456542,7555.0,135806,13915,46386,-32471,320736,0.5
1900-01-24 09:04:45,7556.0,564758,7556.5,83437,40267,14525,25742,481321,0.5
1900-01-24 09:05:00,7550.0,678191,7550.5,449623,108564,333642,-225078,228568,0.5
1900-01-24 09:05:15,7553.5,502918,7554.0,239484,175937,25167,150770,263434,0.5
1900-01-24 09:05:30,7552.5,212017,7553.0,1137929,18846,114214,-95368,-925912,0.5
1900-01-24 09:05:45,7553.5,595442,7554.0,148684,34768,56236,-21468,446758,0.5
1900-01-24 09:06:00,7554.5,566281,7555.0,150415,223211,16553,206658,415866,0.5
1900-01-24 09:06:15,7561.5,114370,7562.0,870458,435558,16746,418812,-756088,0.5
1900-01-24 09:06:30,7562.0,813673,7562.5,9997,71430,40950,30480,803676,0.5
1900-01-24 09:06:45,7564.0,874768,7564.5,188784,260975,45215,215760,685984,0.5
1900-01-24 09:07:00,7564.0,956064,7564.5,164042,23188,7153,16035,792022,0.5
1900-01-24 09:07:15,7564.0,893825,7564.5,56457,15040,73005,-57965,837368,0.5
1900-01-24 09:07:30,7564.5,443449,7565.0,629797,99973,4837,95136,-186348,0.5
1900-01-24 09:07:45,7566.0,815500,7566.5,523476,29217,38683,-9466,292024,0.5
1900-01-24 09:08:00,7566.0,821270,7566.5,559304,77150,8450,68700,261966,0.5
1900-01-24 09:08:15,7565.0,1143322,7565.5,826947,7398,341790,-334392,316375,0.5
1900-01-24 09:08:30,7561.0,7659,7561.5,842725,2450,70529,-68079,-835066,0.5
1900-01-24 09:08:45,7552.5,907021,7553.0,249756,59216,344100,-284884,657265,0.5
1900-01-24 09:09:00,7554.5,686344,7555.0,546792,81430,71834,9596,139552,0.5
1900-01-24 09:09:15,7554.5,912345,7555.0,40794,149549,34154,115395,871551,0.5
1900-01-24 09:09:30,7550.0,449428,7550.5,672793,34703,381915,-347212,-223365,0.5
1900-01-24 09:09:45,7546.5,642217,7547.0,1500,49651,216070,-166419,640717,0.5
1900-01-24 09:10:00,7534.0,8802,7534.5,391939,50251,482623,-432372,-383137,0.5
1900-01-24 09:10:15,7517.5,156539,7518.0,19683,433912,4035844,-3601932,136856,0.5
1900-01-24 09:10:30,7529.5,520284,7530.0,66342,699894,340454,359440,453942,0.5
1900-01-24 09:10:45,7532.5,10938,7533.0,317992,151553,64547,87006,-307054,0.5
1900-01-24 09:11:00,7521.5,206200,7526.5,53108,232278,214887,17391,153092,5.0
1900-01-24 09:11:15,7526.0,791881,7526.5,462697,140269,172612,-32343,329184,0.5
1900-01-24 09:11:30,7527.0,1002867,7527.5,519057,235129,34430,200699,483810,0.5
1900-01-24 09:11:45,7521.0,12612,7521.5,715964,182528,569267,-386739,-703352,0.5
1900-01-24 09:12:00,7507.5,144661,7508.0,588193,78413,775193,-696780,-443532,0.5
1900-01-24 09:12:15,7511.5,47100,7512.0,257576,418572,567708,-149136,-210476,0.5
1900-01-24 09:12:30,7521.5,40000,7522.0,10515,847548,260601,586947,29485,0.5
1900-01-24 09:12:45,7525.5,80979,7526.0,118591,554380,194998,359382,-37612,0.5
1900-01-24 09:13:00,7515.0,200,7515.5,86163,68786,247116,-178330,-85963,0.5
1900-01-24 09:13:15,7512.0,116649,7512.5,73767,63301,118975,-55674,42882,0.5
1900-01-24 09:13:30,7501.0,390544,7501.5,380186,138032,631941,-493909,10358,0.5
1900-01-24 09:13:45,7485.5,220743,7486.5,1079304,309768,6254687,-5944919,-858561,1.0
1900-01-24 09:14:00,7460.0,320441,7470.0,7289,2526889,2918420,-391531,313152,10.0
1900-01-24 09:14:15,7488.5,34361,7489.0,4000,2396842,1391015,1005827,30361,0.5
1900-01-24 09:14:30,7500.0,817786,7500.5,435779,563637,788744,-225107,382007,0.5
1900-01-24 09:14:45,7509.0,80368,7510.0,152227,300232,2051199,-1750967,-71859,1.0
1900-01-24 09:15:00,7500.0,508173,7500.5,38500,258883,735689,-476806,469673,0.5
1900-01-24 09:15:15,7500.0,258767,7500.5,36142,256848,728118,-471270,222625,0.5
1900-01-24 09:15:30,7513.0,19235,7513.5,156700,425021,314360,110661,-137465,0.5
1900-01-24 09:15:45,7522.0,178240,7522.5,165831,233504,136297,97207,12409,0.5
1900-01-24 09:16:00,7512.0,28711,7514.0,101860,243552,634167,-390615,-73149,2.0
1900-01-24 09:16:15,7525.0,21661,7525.5,970,376734,317981,58753,20691,0.5
1900-01-24 09:16:30,7529.5,63700,7530.0,38331,186155,170540,15615,25369,0.5
1900-01-24 09:16:45,7542.5,442384,7543.0,902724,756003,326889,429114,-460340,0.5
1900-01-24 09:17:00,7539.0,60717,7540.0,92176,438003,196096,241907,-31459,1.0
1900-01-24 09:17:15,7536.5,359011,7537.0,240732,241199,205479,35720,118279,0.5
1900-01-24 09:17:30,7541.0,507434,7541.5,127288,117260,60681,56579,380146,0.5
1900-01-24 09:17:45,7540.0,264091,7540.5,434005,149910,109378,40532,-169914,0.5
1900-01-24 09:18:00,7533.5,416339,7534.0,6633,90515,128695,-38180,409706,0.5
1900-01-24 09:18:15,7528.5,105497,7529.0,428996,61680,448926,-387246,-323499,0.5
1900-01-24 09:18:30,7523.5,601978,7524.0,924841,58736,183696,-124960,-322863,0.5
1900-01-24 09:18:45,7517.5,915241,7518.0,285838,47042,187711,-140669,629403,0.5
1900-01-24 09:19:00,7530.0,497427,7530.5,530185,304733,212925,91808,-32758,0.5
1900-01-24 09:19:15,7530.0,957874,7530.5,216152,133243,209216,-75973,741722,0.5
1900-01-24 09:19:30,7533.0,789489,7533.5,175809,311777,104869,206908,613680,0.5
1900-01-24 09:19:45,7534.5,1181538,7535.0,1592142,260327,32437,227890,-410604,0.5
1900-01-24 09:20:00,7535.5,913492,7536.0,365358,1736158,16092,1720066,548134,0.5
1900-01-24 09:20:15,7531.0,351315,7531.5,424354,271784,178508,93276,-73039,0.5
1900-01-24 09:20:30,7531.0,24590,7531.5,1108079,27365,384435,-357070,-1083489,0.5
1900-01-24 09:20:45,7528.5,8959,7529.0,1327265,7690,34586,-26896,-1318306,0.5
1900-01-24 09:21:00,7528.5,12674,7529.0,1442747,13800,60492,-46692,-1430073,0.5
1900-01-24 09:21:15,7528.0,45929,7528.5,1306383,97749,32384,65365,-1260454,0.5
1900-01-24 09:21:30,7521.0,8499,7521.5,385480,2001,548123,-546122,-376981,0.5
1900-01-24 09:21:45,7519.5,705995,7520.0,125353,313035,135716,177319,580642,0.5
1900-01-24 09:22:00,7515.5,3041,7516.0,7560,88399,92467,-4068,-4519,0.5
1900-01-24 09:22:15,7516.5,595277,7517.0,310074,350359,119394,230965,285203,0.5
1900-01-24 09:22:30,7516.5,847441,7517.0,73479,290644,47750,242894,773962,0.5
1900-01-24 09:22:45,7515.0,27085,7515.5,1302080,277478,65256,212222,-1274995,0.5
1900-01-24 09:23:00,7514.5,620778,7515.0,220644,110405,142507,-32102,400134,0.5
1900-01-24 09:23:15,7514.5,36351,7515.0,1151875,42058,107179,-65121,-1115524,0.5
1900-01-24 09:23:30,7512.5,25903,7513.0,1450961,6605,166227,-159622,-1425058,0.5
1900-01-24 09:23:45,7510.0,82852,7510.5,1238079,55476,1085394,-1029918,-1155227,0.5
1900-01-24 09:24:00,7519.5,693877,7520.0,185060,165739,133080,32659,508817,0.5
1900-01-24 09:24:15,7521.5,426788,7522.0,327774,142978,13159,129819,99014,0.5
1900-01-24 09:24:30,7517.5,603441,7518.0,53481,69022,121242,-52220,549960,0.5
1900-01-24 09:24:45,7521.5,645284,7522.0,5766,73273,6722,66551,639518,0.5
1900-01-24 09:25:00,7523.0,190110,7523.5,989284,32086,87153,-55067,-799174,0.5
1900-01-24 09:25:15,7523.0,2334561,7523.5,39587,18267,79256,-60989,2294974,0.5
1900-01-24 09:25:30,7526.5,398,7527.0,799153,151236,188513,-37277,-798755,0.5
1900-01-24 09:25:45,7528.5,905145,7529.0,743137,79777,24846,54931,162008,0.5
1900-01-24 09:26:00,7528.5,23840,7529.0,1493353,31412,135126,-103714,-1469513,0.5
1900-01-24 09:26:15,7528.5,662591,7529.0,280223,39277,93717,-54440,382368,0.5
1900-01-24 09:26:30,7525.0,71553,7525.5,768235,19172,12928,6244,-696682,0.5
1900-01-24 09:26:45,7528.5,1335994,7529.0,153922,346128,113849,232279,1182072,0.5
1900-01-24 09:27:00,7528.5,423281,7529.0,585655,69873,48803,21070,-162374,0.5
1900-01-24 09:27:15,7526.0,5230,7526.5,588361,12821,147950,-135129,-583131,0.5
1900-01-24 09:27:30,7521.5,491349,7522.0,740639,7490,137665,-130175,-249290,0.5
1900-01-24 09:27:45,7517.5,19094,7518.0,177610,35836,81444,-45608,-158516,0.5
1900-01-24 09:28:00,7515.5,837134,7516.0,231414,37418,42569,-5151,605720,0.5
1900-01-24 09:28:15,7515.5,997875,7516.0,400685,265331,25226,240105,597190,0.5
1900-01-24 09:28:30,7515.5,870599,7516.0,485635,84195,3098,81097,384964,0.5
1900-01-24 09:28:45,7520.5,244,7521.0,306397,80932,52381,28551,-306153,0.5
1900-01-24 09:29:00,7518.5,582277,7519.0,293531,25060,62544,-37484,288746,0.5
1900-01-24 09:29:15,7518.5,1214278,7519.0,58479,74749,102735,-27986,1155799,0.5
1900-01-24 09:29:30,7520.5,1192253,7521.0,10679,131385,3521,127864,1181574,0.5
1900-01-24 09:29:45,7527.0,426793,7527.5,41439,42779,93084,-50305,385354,0.5
1900-01-24 09:30:00,7524.5,307,7525.0,669773,26698,73445,-46747,-669466,0.5
1900-01-24 09:30:15,7523.5,3192,7524.0,258974,87383,23448,63935,-255782,0.5
1900-01-24 09:30:30,7527.0,930698,7527.5,47808,31717,20485,11232,882890,0.5
1900-01-24 09:30:45,7523.0,1066226,7523.5,375832,16394,121098,-104704,690394,0.5
1900-01-24 09:31:00,7523.0,1088363,7523.5,311236,68840,10515,58325,777127,0.5
1900-01-24 09:31:15,7523.0,1085394,7523.5,193602,168822,14220,154602,891792,0.5
1900-01-24 09:31:30,7527.0,696140,7527.5,222598,25189,7536,17653,473542,0.5
1900-01-24 09:31:45,7529.5,982248,7530.0,262087,91189,84483,6706,720161,0.5
1900-01-24 09:32:00,7539.5,504982,7540.0,515821,446337,40835,405502,-10839,0.5
1900-01-24 09:32:15,7542.0,545294,7542.5,565016,191794,172461,19333,-19722,0.5
1900-01-24 09:32:30,7541.0,736561,7541.5,19,129814,54861,74953,736542,0.5
1900-01-24 09:32:45,7547.0,146461,7547.5,587776,197984,25977,172007,-441315,0.5
1900-01-24 09:33:00,7540.0,887153,7540.5,34411,130694,163556,-32862,852742,0.5
1900-01-24 09:33:15,7539.5,3217,7540.0,665845,154152,161105,-6953,-662628,0.5
1900-01-24 09:33:30,7540.0,903826,7540.5,12072,107674,2657,105017,891754,0.5
1900-01-24 09:33:45,7540.0,666433,7540.5,141167,25389,88084,-62695,525266,0.5
1900-01-24 09:34:00,7543.0,971998,7543.5,28397,30896,44823,-13927,943601,0.5
1900-01-24 09:34:15,7546.0,509342,7546.5,25425,82951,10871,72080,483917,0.5
1900-01-24 09:34:30,7546.5,1349494,7547.0,198020,169489,275,169214,1151474,0.5
1900-01-24 09:34:45,7546.5,622554,7547.0,533215,138950,73621,65329,89339,0.5
1900-01-24 09:35:00,7554.5,514504,7555.0,699075,379683,12201,367482,-184571,0.5
1900-01-24 09:35:15,7554.5,807088,7555.0,2070350,303099,136311,166788,-1263262,0.5
1900-01-24 09:35:30,7554.5,116112,7555.0,2626842,90662,279833,-189171,-2510730,0.5
1900-01-24 09:35:45,7553.0,19058,7553.5,346789,42320,399395,-357075,-327731,0.5
1900-01-24 09:36:00,7550.5,410915,7551.0,1675244,6681,114078,-107397,-1264329,0.5
1900-01-24 09:36:15,7550.5,817599,7551.0,29607,239698,206867,32831,787992,0.5
1900-01-24 09:36:30,7551.5,380235,7552.0,869643,143987,89921,54066,-489408,0.5
1900-01-24 09:36:45,7551.0,19522,7551.5,1478436,27299,65250,-37951,-1458914,0.5
1900-01-24 09:37:00,7547.0,1111788,7547.5,69289,33515,172900,-139385,1042499,0.5
1900-01-24 09:37:15,7546.5,62868,7547.0,336232,14513,16259,-1746,-273364,0.5
1900-01-24 09:37:30,7544.5,274818,7545.0,72466,21005,129295,-108290,202352,0.5
1900-01-24 09:37:45,7542.5,723596,7543.0,316125,6670,542035,-535365,407471,0.5
1900-01-24 09:38:00,7542.0,149212,7542.5,635902,11037,62674,-51637,-486690,0.5
1900-01-24 09:38:15,7542.0,1599394,7542.5,49173,45182,20772,24410,1550221,0.5
1900-01-24 09:38:30,7547.5,20737,7548.0,3081,97444,10040,87404,17656,0.5
1900-01-24 09:38:45,7549.5,372621,7550.0,586189,38737,57821,-19084,-213568,0.5
1900-01-24 09:39:00,7550.0,1195848,7550.5,40542,46606,38640,7966,1155306,0.5
1900-01-24 09:39:15,7550.5,1339213,7551.0,38458,114889,14343,100546,1300755,0.5
1900-01-24 09:39:30,7552.0,608182,7552.5,503206,59164,1059,58105,104976,0.5
1900-01-24 09:39:45,7552.0,83618,7552.5,1508218,36829,72284,-35455,-1424600,0.5
1900-01-24 09:40:00,7550.0,114959,7550.5,738325,43642,112581,-68939,-623366,0.5
1900-01-24 09:40:15,7544.0,75565,7544.5,769484,23940,14880,9060,-693919,0.5
1900-01-24 09:40:30,7545.5,269226,7546.0,616758,29379,9271,20108,-347532,0.5
1900-01-24 09:40:45,7545.5,657542,7546.0,187091,235601,215593,20008,470451,0.5
1900-01-24 09:41:00,7545.5,638156,7546.0,1069928,7540,42073,-34533,-431772,0.5
1900-01-24 09:41:15,7544.5,32735,7545.0,655538,70,50016,-49946,-622803,0.5
1900-01-24 09:41:30,7543.0,9575,7543.5,1112888,21552,15956,5596,-1103313,0.5
1900-01-24 09:41:45,7540.0,325337,7540.5,966311,1451,42907,-41456,-640974,0.5
1900-01-24 09:42:00,7533.5,188892,7534.0,404631,9893,76509,-66616,-215739,0.5
1900-01-24 09:42:15,7534.5,1144763,7535.0,164835,35436,79509,-44073,979928,0.5
1900-01-24 09:42:30,7534.0,736821,7534.5,713645,5359,30531,-25172,23176,0.5
1900-01-24 09:42:45,7534.0,715988,7534.5,628642,24573,25087,-514,87346,0.5
1900-01-24 09:43:00,7534.0,748184,7534.5,704954,5251,69737,-64486,43230,0.5
1900-01-24 09:43:15,7533.0,1062115,7533.5,120594,71740,111621,-39881,941521,0.5
1900-01-24 09:43:30,7534.5,1298971,7535.0,135850,156556,25062,131494,1163121,0.5
1900-01-24 09:43:45,7539.5,1047435,7540.0,436241,186261,30373,155888,611194,0.5
1900-01-24 09:44:00,7539.5,1041409,7540.0,86636,50853,21400,29453,954773,0.5
1900-01-24 09:44:15,7539.5,1394819,7540.0,74113,18030,7296,10734,1320706,0.5
1900-01-24 09:44:30,7539.5,934734,7540.0,672868,34237,14809,19428,261866,0.5
1900-01-24 09:44:45,7539.5,1501900,7540.0,41199,12135,12774,-639,1460701,0.5
1900-01-24 09:45:00,7546.0,640838,7546.5,350430,117477,17035,100442,290408,0.5
1900-01-24 09:45:15,7546.0,1806340,7546.5,70557,211908,14148,197760,1735783,0.5
1900-01-24 09:45:30,7547.5,1550269,7548.0,16752,106519,2120,104399,1533517,0.5
1900-01-24 09:45:45,7547.5,1888157,7548.0,804629,181953,2576,179377,1083528,0.5
1900-01-24 09:46:00,7547.5,2067141,7548.0,704924,101261,1910,99351,1362217,0.5
1900-01-24 09:46:15,7549.5,2089373,7550.0,85800,190761,3969,186792,2003573,0.5
1900-01-24 09:46:30,7552.5,1473098,7553.0,492548,131219,51006,80213,980550,0.5
1900-01-24 09:46:45,7553.5,1034264,7554.0,31777,100663,6361,94302,1002487,0.5
1900-01-24 09:47:00,7557.0,1214831,7557.5,949763,231043,16828,214215,265068,0.5
1900-01-24 09:47:15,7556.5,1516624,7557.0,79121,169296,99423,69873,1437503,0.5
1900-01-24 09:47:30,7556.5,1771774,7557.0,214972,58405,3000,55405,1556802,0.5
1900-01-24 09:47:45,7556.5,1912692,7557.0,155782,69164,38900,30264,1756910,0.5
1900-01-24 09:48:00,7558.5,800118,7559.0,24101,102424,22000,80424,776017,0.5
1900-01-24 09:48:15,7564.0,688751,7564.5,252498,554985,15616,539369,436253,0.5
1900-01-24 09:48:30,7569.0,1115377,7569.5,52122,384511,33609,350902,1063255,0.5
1900-01-24 09:48:45,7571.5,6315,7572.0,12150,381117,165174,215943,-5835,0.5
1900-01-24 09:49:00,7566.0,2401,7569.5,606358,87295,171479,-84184,-603957,3.5
1900-01-24 09:49:15,7566.0,613942,7566.5,437161,83922,158862,-74940,176781,0.5
1900-01-24 09:49:30,7567.0,65910,7567.5,880730,58287,47688,10599,-814820,0.5
1900-01-24 09:49:45,7564.0,382199,7564.5,966824,9500,123448,-113948,-584625,0.5
1900-01-24 09:50:00,7564.0,206169,7564.5,1264778,1247,54994,-53747,-1058609,0.5
1900-01-24 09:50:15,7559.0,142120,7559.5,955777,33799,190618,-156819,-813657,0.5
1900-01-24 09:50:30,7559.0,678333,7559.5,639681,20832,113570,-92738,38652,0.5
1900-01-24 09:50:45,7559.0,940183,7559.5,511084,33548,8573,24975,429099,0.5
1900-01-24 09:51:00,7561.5,1019050,7562.0,28097,206848,41780,165068,990953,0.5
1900-01-24 09:51:15,7564.5,1605280,7565.0,15148,108121,38027,70094,1590132,0.5
1900-01-24 09:51:30,7566.5,461472,7567.0,324950,12058,22883,-10825,136522,0.5
1900-01-24 09:51:45,7566.5,1361056,7567.0,55663,62721,46800,15921,1305393,0.5
1900-01-24 09:52:00,7569.0,952392,7569.5,65275,59554,97521,-37967,887117,0.5
1900-01-24 09:52:15,7569.5,1672879,7570.0,140912,200805,25000,175805,1531967,0.5
1900-01-24 09:52:30,7574.5,579239,7575.0,276930,258177,990,257187,302309,0.5
1900-01-24 09:52:45,7574.5,614261,7575.0,513187,152228,27787,124441,101074,0.5
1900-01-24 09:53:00,7574.5,582090,7575.0,586857,45188,50528,-5340,-4767,0.5
1900-01-24 09:53:15,7571.0,6293,7571.5,508328,42222,757591,-715369,-502035,0.5
1900-01-24 09:53:30,7569.0,104180,7569.5,896698,18783,67932,-49149,-792518,0.5
1900-01-24 09:53:45,7569.0,159674,7569.5,791049,53803,66401,-12598,-631375,0.5
1900-01-24 09:54:00,7567.0,1341758,7567.5,128157,32676,28864,3812,1213601,0.5
1900-01-24 09:54:15,7567.0,103300,7567.5,988524,239995,54141,185854,-885224,0.5
1900-01-24 09:54:30,7565.5,241666,7566.0,716205,8771,176400,-167629,-474539,0.5
1900-01-24 09:54:45,7565.5,964175,7566.0,112229,25137,23053,2084,851946,0.5
1900-01-24 09:55:00,7565.0,1054967,7565.5,788045,33184,164312,-131128,266922,0.5
1900-01-24 09:55:15,7560.5,1359,7561.0,297214,33739,69564,-35825,-295855,0.5
1900-01-24 09:55:30,7560.5,420974,7561.0,774038,34183,61976,-27793,-353064,0.5
1900-01-24 09:55:45,7560.5,445675,7561.0,999900,56365,33589,22776,-554225,0.5
1900-01-24 09:56:00,7560.5,4894,7561.0,1073077,18459,80427,-61968,-1068183,0.5
1900-01-24 09:56:15,7560.5,1085292,7561.0,62457,133853,61776,72077,1022835,0.5
1900-01-24 09:56:30,7561.5,1045314,7562.0,38458,95163,37329,57834,1006856,0.5
1900-01-24 09:56:45,7563.5,385157,7564.0,1065057,40286,32660,7626,-679900,0.5
1900-01-24 09:57:00,7564.0,1305719,7564.5,48417,146903,15510,131393,1257302,0.5
1900-01-24 09:57:15,7564.5,1444437,7565.0,311551,163899,1411,162488,1132886,0.5
1900-01-24 09:57:30,7568.5,246506,7569.0,320323,218074,1703,216371,-73817,0.5
1900-01-24 09:57:45,7574.5,360482,7575.0,70690,130110,5599,124511,289792,0.5
1900-01-24 09:58:00,7578.0,640718,7578.5,466948,125167,33747,91420,173770,0.5
1900-01-24 09:58:15,7579.5,428541,7580.0,677106,445919,5711,440208,-248565,0.5
1900-01-24 09:58:30,7579.5,1070750,7580.0,13141,102233,11171,91062,1057609,0.5
1900-01-24 09:58:45,7582.0,414954,7582.5,352858,265592,19369,246223,62096,0.5
1900-01-24 09:59:00,7582.0,75637,7582.5,598579,36753,187648,-150895,-522942,0.5
1900-01-24 09:59:15,7580.0,1228122,7580.5,495726,8848,113268,-104420,732396,0.5
1900-01-24 09:59:30,7584.5,460806,7585.0,214498,316773,195714,121059,246308,0.5
1900-01-24 09:59:45,7583.0,943846,7583.5,71318,155987,20736,135251,872528,0.5
1900-01-24 10:00:00,7583.5,93576,7584.0,31171,55506,11416,44090,62405,0.5
1900-01-24 10:00:15,7585.0,347439,7585.5,603939,215566,32115,183451,-256500,0.5
1900-01-24 10:00:30,7584.5,365031,7585.0,172062,88188,453751,-365563,192969,0.5
1900-01-24 10:00:45,7586.0,1291613,7586.5,62463,86181,88246,-2065,1229150,0.5
1900-01-24 10:01:00,7587.5,1464422,7588.0,275065,708773,48846,659927,1189357,0.5
1900-01-24 10:01:15,7602.5,757087,7603.0,494060,2139989,23205,2116784,263027,0.5
1900-01-24 10:01:30,7602.5,803333,7603.0,22972,356261,199915,156346,780361,0.5
1900-01-24 10:01:45,7592.0,33432,7592.5,1262591,103280,225955,-122675,-1229159,0.5
1900-01-24 10:02:00,7594.0,1368495,7594.5,247212,126187,173040,-46853,1121283,0.5
1900-01-24 10:02:15,7590.0,183406,7590.5,311531,137577,366755,-229178,-128125,0.5
1900-01-24 10:02:30,7589.0,114273,7589.5,678506,17955,222259,-204304,-564233,0.5
1900-01-24 10:02:45,7587.0,7094,7587.5,606475,26357,137854,-111497,-599381,0.5
1900-01-24 10:03:00,7582.5,1836982,7583.0,51118,31627,133245,-101618,1785864,0.5
1900-01-24 10:03:15,7583.5,795615,7584.0,194893,71700,24929,46771,600722,0.5
1900-01-24 10:03:30,7586.0,1594059,7586.5,9426,178964,18234,160730,1584633,0.5
1900-01-24 10:03:45,7589.5,1257096,7590.0,144522,84859,19503,65356,1112574,0.5
1900-01-24 10:04:00,7589.5,1432841,7590.0,46163,264496,43880,220616,1386678,0.5
1900-01-24 10:04:15,7589.5,320130,7590.0,328007,256500,36830,219670,-7877,0.5
1900-01-24 10:04:30,7583.0,88917,7583.5,610760,136803,71090,65713,-521843,0.5
1900-01-24 10:04:45,7583.0,58644,7583.5,599154,105485,119957,-14472,-540510,0.5
1900-01-24 10:05:00,7583.0,1080684,7583.5,208145,42088,133317,-91229,872539,0.5
1900-01-24 10:05:15,7588.0,585,7588.5,644754,130074,126521,3553,-644169,0.5
1900-01-24 10:05:30,7582.5,214943,7583.0,917480,21015,110181,-89166,-702537,0.5
1900-01-24 10:05:45,7580.5,198036,7581.0,1050433,1791,143361,-141570,-852397,0.5
1900-01-24 10:06:00,7575.0,1530926,7575.5,50484,27316,198609,-171293,1480442,0.5
1900-01-24 10:06:15,7575.0,1262943,7575.5,270363,101711,202122,-100411,992580,0.5
1900-01-24 10:06:30,7575.0,2019262,7575.5,103942,42617,34284,8333,1915320,0.5
1900-01-24 10:06:45,7575.0,2158138,7575.5,21656,38166,80361,-42195,2136482,0.5
1900-01-24 10:07:00,7575.5,1396414,7576.0,118712,88903,26014,62889,1277702,0.5
1900-01-24 10:07:15,7575.5,1700706,7576.0,142462,49661,10,49651,1558244,0.5
1900-01-24 10:07:30,7581.0,1749546,7581.5,27726,33124,6229,26895,1721820,0.5
1900-01-24 10:07:45,7584.5,638713,7585.0,580020,196522,16692,179830,58693,0.5
1900-01-24 10:08:00,7585.0,828670,7585.5,382126,7476,45442,-37966,446544,0.5
1900-01-24 10:08:15,7585.0,474314,7585.5,1057846,59826,107759,-47933,-583532,0.5
1900-01-24 10:08:30,7577.0,1851326,7577.5,427984,827,179362,-178535,1423342,0.5
1900-01-24 10:08:45,7577.0,2066933,7577.5,140055,11002,91569,-80567,1926878,0.5
1900-01-24 10:09:00,7578.0,1417979,7578.5,170422,56757,35940,20817,1247557,0.5
1900-01-24 10:09:15,7578.5,767293,7579.0,263382,78482,6706,71776,503911,0.5
1900-01-24 10:09:30,7583.5,526326,7584.0,389426,65763,81679,-15916,136900,0.5
1900-01-24 10:09:45,7583.5,820925,7584.0,933997,14302,281549,-267247,-113072,0.5
1900-01-24 10:10:00,7585.0,1572040,7585.5,12100,74300,7033,67267,1559940,0.5
1900-01-24 10:10:15,7587.0,373314,7587.5,106483,204761,21700,183061,266831,0.5
1900-01-24 10:10:30,7587.0,133908,7587.5,549740,113711,58587,55124,-415832,0.5
1900-01-24 10:10:45,7587.0,390848,7587.5,415465,8811,46999,-38188,-24617,0.5
1900-01-24 10:11:00,7587.0,802305,7587.5,73542,12443,33100,-20657,728763,0.5
1900-01-24 10:11:15,7587.0,560794,7587.5,72970,4765,80151,-75386,487824,0.5
1900-01-24 10:11:30,7587.0,255636,7587.5,622089,19500,19350,150,-366453,0.5
1900-01-24 10:11:45,7589.5,1479135,7590.0,3247,135894,75096,60798,1475888,0.5
1900-01-24 10:12:00,7593.5,549769,7594.0,154765,62601,4380,58221,395004,0.5
1900-01-24 10:12:15,7593.5,965820,7594.0,59291,64882,30269,34613,906529,0.5
1900-01-24 10:12:30,7593.5,848159,7594.0,269085,10993,31735,-20742,579074,0.5
1900-01-24 10:12:45,7593.5,770962,7594.0,574861,5912,16825,-10913,196101,0.5
1900-01-24 10:13:00,7590.0,989942,7590.5,404091,7968,296378,-288410,585851,0.5
1900-01-24 10:13:15,7590.0,1006087,7590.5,27380,81147,143877,-62730,978707,0.5
1900-01-24 10:13:30,7590.0,1357249,7590.5,99504,18556,89500,-70944,1257745,0.5
1900-01-24 10:13:45,7590.5,1278478,7591.0,9996,92916,12297,80619,1268482,0.5
1900-01-24 10:14:00,7591.5,2099677,7592.0,12624,32169,57010,-24841,2087053,0.5
1900-01-24 10:14:15,7594.0,284840,7594.5,493105,417288,28232,389056,-208265,0.5
1900-01-24 10:14:30,7594.0,1319490,7594.5,114316,98095,31913,66182,1205174,0.5
1900-01-24 10:14:45,7594.5,1354795,7595.0,423919,1076454,1500,1074954,930876,0.5
1900-01-24 10:15:00,7601.5,881445,7602.0,92413,515688,10578,505110,789032,0.5
1900-01-24 10:15:15,7603.0,21619,7603.5,540462,514811,70729,444082,-518843,0.5
1900-01-24 10:15:30,7600.5,1395065,7601.0,157114,149194,235824,-86630,1237951,0.5
1900-01-24 10:15:45,7608.5,1156357,7609.0,56200,223035,65935,157100,1100157,0.5
1900-01-24 10:16:00,7629.5,9500,7630.0,227907,1698562,31148,1667414,-218407,0.5
1900-01-24 10:16:15,7623.5,57038,7624.0,891844,311102,214917,96185,-834806,0.5
1900-01-24 10:16:30,7617.5,1042388,7618.0,287104,242664,352220,-109556,755284,0.5
1900-01-24 10:16:45,7616.0,88042,7616.5,853813,88238,164271,-76033,-765771,0.5
1900-01-24 10:17:00,7616.0,457310,7616.5,614112,142515,202242,-59727,-156802,0.5
1900-01-24 10:17:15,7615.0,1101823,7615.5,341244,107630,337574,-229944,760579,0.5
1900-01-24 10:17:30,7615.0,710646,7615.5,716194,172095,176537,-4442,-5548,0.5
1900-01-24 10:17:45,7615.0,547175,7615.5,537488,24481,319910,-295429,9687,0.5
1900-01-24 10:18:00,7611.5,3963,7612.0,800690,28506,496636,-468130,-796727,0.5
1900-01-24 10:18:15,7607.5,26243,7608.0,1001920,63598,99903,-36305,-975677,0.5
1900-01-24 10:18:30,7603.5,4283,7604.0,572713,21740,278407,-256667,-568430,0.5
1900-01-24 10:18:45,7601.0,968933,7601.5,535504,5756,201578,-195822,433429,0.5
1900-01-24 10:19:00,7600.0,631976,7600.5,816107,16646,171727,-155081,-184131,0.5
1900-01-24 10:19:15,7598.5,158288,7599.0,1250993,11428,655351,-643923,-1092705,0.5
1900-01-24 10:19:30,7597.5,333453,7598.0,1200932,2631,255115,-252484,-867479,0.5
1900-01-24 10:19:45,7597.5,287174,7598.0,1362548,51440,26433,25007,-1075374,0.5
1900-01-24 10:20:00,7586.5,73009,7587.0,226619,4537,480391,-475854,-153610,0.5
1900-01-24 10:20:15,7588.5,877036,7589.0,210098,186819,403536,-216717,666938,0.5
1900-01-24 10:20:30,7588.0,22755,7588.5,1269055,51599,53186,-1587,-1246300,0.5
1900-01-24 10:20:45,7586.0,6727,7586.5,1555986,15163,93032,-77869,-1549259,0.5
1900-01-24 10:21:00,7586.0,359933,7586.5,578737,36688,11862,24826,-218804,0.5
1900-01-24 10:21:15,7587.0,789031,7587.5,380902,115430,16460,98970,408129,0.5
1900-01-24 10:21:30,7587.0,833890,7587.5,126724,110031,115831,-5800,707166,0.5
1900-01-24 10:21:45,7587.0,942166,7587.5,147642,204188,9379,194809,794524,0.5
1900-01-24 10:22:00,7588.5,689801,7589.0,292242,76885,5590,71295,397559,0.5
1900-01-24 10:22:15,7588.5,394372,7589.0,318892,24651,260787,-236136,75480,0.5
1900-01-24 10:22:30,7588.5,916380,7589.0,82173,66208,11896,54312,834207,0.5
1900-01-24 10:22:45,7588.5,726064,7589.0,270808,186736,8551,178185,455256,0.5
1900-01-24 10:23:00,7588.5,334842,7589.0,775623,15251,1793,13458,-440781,0.5
1900-01-24 10:23:15,7587.0,80007,7587.5,691202,17453,175392,-157939,-611195,0.5
1900-01-24 10:23:30,7586.0,499178,7586.5,227896,24001,36838,-12837,271282,0.5
1900-01-24 10:23:45,7586.0,29627,7586.5,748022,12739,59863,-47124,-718395,0.5
1900-01-24 10:24:00,7588.5,471039,7589.0,357264,120832,22085,98747,113775,0.5
1900-01-24 10:24:15,7588.5,866310,7589.0,106503,60146,24083,36063,759807,0.5
1900-01-24 10:24:30,7589.5,1163957,7590.0,147733,118126,248,117878,1016224,0.5
1900-01-24 10:24:45,7590.5,1220152,7591.0,98342,77755,11230,66525,1121810,0.5
1900-01-24 10:25:00,7592.0,1205769,7592.5,127766,102657,214,102443,1078003,0.5
1900-01-24 10:25:15,7593.0,1100388,7593.5,115261,218893,8642,210251,985127,0.5
1900-01-24 10:25:30,7593.0,236620,7593.5,609134,76960,11307,65653,-372514,0.5
1900-01-24 10:25:45,7591.5,48139,7592.0,1402909,1545,51348,-49803,-1354770,0.5
1900-01-24 10:26:00,7588.5,270485,7589.0,601832,17461,83560,-66099,-331347,0.5
1900-01-24 10:26:15,7588.5,622701,7589.0,473424,22623,11430,11193,149277,0.5
1900-01-24 10:26:30,7586.5,73328,7587.0,723874,82547,152827,-70280,-650546,0.5
1900-01-24 10:26:45,7584.5,19374,7585.0,467929,4545,555899,-551354,-448555,0.5
1900-01-24 10:27:00,7582.5,568167,7583.0,410414,24692,84407,-59715,157753,0.5
1900-01-24 10:27:15,7582.5,1043222,7583.0,184401,44292,37137,7155,858821,0.5
1900-01-24 10:27:30,7584.5,824112,7585.0,4024,141118,2071,139047,820088,0.5
1900-01-24 10:27:45,7584.5,735871,7585.0,72933,14170,3821,10349,662938,0.5
1900-01-24 10:28:00,7584.5,603421,7585.0,706497,11000,55250,-44250,-103076,0.5
1900-01-24 10:28:15,7584.5,255981,7585.0,588638,53922,21682,32240,-332657,0.5
1900-01-24 10:28:30,7587.0,756803,7587.5,76811,46048,101728,-55680,679992,0.5
1900-01-24 10:28:45,7588.0,695821,7588.5,13705,30508,33834,-3326,682116,0.5
1900-01-24 10:29:00,7589.5,506439,7590.0,674055,12734,3130,9604,-167616,0.5
1900-01-24 10:29:15,7589.5,616031,7590.0,772315,1004,55903,-54899,-156284,0.5
1900-01-24 10:29:30,7594.5,197609,7595.0,86487,249119,99,249020,111122,0.5
1900-01-24 10:29:45,7595.5,359650,7596.0,893160,80232,1794,78438,-533510,0.5
1900-01-24 10:30:00,7598.5,1412891,7599.0,447581,199248,4825,194423,965310,0.5
1900-01-24 10:30:15,7601.0,683490,7601.5,576692,195880,15201,180679,106798,0.5
1900-01-24 10:30:30,7604.0,319382,7604.5,69406,230177,23172,207005,249976,0.5
1900-01-24 10:30:45,7601.0,24608,7601.5,503627,55729,44634,11095,-479019,0.5
1900-01-24 10:31:00,7601.0,83971,7601.5,1080352,9842,161208,-151366,-996381,0.5
1900-01-24 10:31:15,7596.5,371854,7597.0,9117,46737,195377,-148640,362737,0.5
1900-01-24 10:31:30,7598.0,1152913,7598.5,27761,22437,28326,-5889,1125152,0.5
1900-01-24 10:31:45,7598.0,1180060,7598.5,87815,49852,1411,48441,1092245,0.5
1900-01-24 10:32:00,7601.5,1307453,7602.0,138536,91922,7033,84889,1168917,0.5
1900-01-24 10:32:15,7602.0,1149570,7602.5,32283,98868,6594,92274,1117287,0.5
1900-01-24 10:32:30,7602.5,1155505,7603.0,214519,77664,2947,74717,940986,0.5
1900-01-24 10:32:45,7606.5,6348,7607.0,185670,124689,938,123751,-179322,0.5
1900-01-24 10:33:00,7606.5,292090,7607.0,564610,332201,5700,326501,-272520,0.5
1900-01-24 10:33:15,7606.5,367196,7607.0,546916,159565,21752,137813,-179720,0.5
1900-01-24 10:33:30,7606.5,240967,7607.0,584700,14841,101559,-86718,-343733,0.5
1900-01-24 10:33:45,7604.0,139,7604.5,838195,35020,65681,-30661,-838056,0.5
1900-01-24 10:34:00,7603.0,11054,7603.5,908433,6777,135440,-128663,-897379,0.5
1900-01-24 10:34:15,7602.5,35073,7603.0,1453874,1638,42861,-41223,-1418801,0.5
1900-01-24 10:34:30,7600.0,597362,7600.5,943649,1110,109009,-107899,-346287,0.5
1900-01-24 10:34:45,7600.0,1160870,7600.5,331602,103199,76981,26218,829268,0.5
1900-01-24 10:35:00,7600.0,981818,7600.5,215797,166994,26848,140146,766021,0.5
1900-01-24 10:35:15,7599.5,28360,7600.0,1258348,29445,132485,-103040,-1229988,0.5
1900-01-24 10:35:30,7594.5,161273,7595.0,1244871,15741,167512,-151771,-1083598,0.5
1900-01-24 10:35:45,7591.5,35531,7592.0,27792,10760,80423,-69663,7739,0.5
1900-01-24 10:36:00,7590.5,287746,7591.0,1042062,1020,247886,-246866,-754316,0.5
1900-01-24 10:36:15,7590.0,116918,7590.5,992627,11600,281637,-270037,-875709,0.5
1900-01-24 10:36:30,7588.0,741460,7588.5,50873,21018,120141,-99123,690587,0.5
1900-01-24 10:36:45,7588.0,1502156,7588.5,224,64048,136112,-72064,1501932,0.5
1900-01-24 10:37:00,7589.5,504927,7590.0,275252,57905,80731,-22826,229675,0.5
1900-01-24 10:37:15,7590.0,1303554,7590.5,2879,47219,135080,-87861,1300675,0.5
1900-01-24 10:37:30,7591.5,359566,7592.0,549277,8832,95671,-86839,-189711,0.5
1900-01-24 10:37:45,7591.0,82119,7591.5,1619903,35410,33702,1708,-1537784,0.5
1900-01-24 10:38:00,7590.5,44296,7591.0,1358501,22762,9812,12950,-1314205,0.5
1900-01-24 10:38:15,7590.5,227519,7591.0,1103228,54934,14383,40551,-875709,0.5
1900-01-24 10:38:30,7590.5,884356,7591.0,118927,17465,6,17459,765429,0.5
1900-01-24 10:38:45,7590.5,1077944,7591.0,97785,24559,5902,18657,980159,0.5
1900-01-24 10:39:00,7590.5,1568642,7591.0,48159,15936,5162,10774,1520483,0.5
1900-01-24 10:39:15,7591.0,1390479,7591.5,70616,107413,9232,98181,1319863,0.5
1900-01-24 10:39:30,7592.0,30900,7592.5,1216893,29147,1035,28112,-1185993,0.5
1900-01-24 10:39:45,7591.0,49034,7591.5,1334388,14026,42694,-28668,-1285354,0.5
1900-01-24 10:40:00,7589.5,698488,7590.0,1171505,116,162037,-161921,-473017,0.5
1900-01-24 10:40:15,7589.5,1989042,7590.0,1122020,2017,118071,-116054,867022,0.5
1900-01-24 10:40:30,7589.5,2004977,7590.0,747277,3780,6024,-2244,1257700,0.5
1900-01-24 10:40:45,7589.5,2005182,7590.0,906317,3101,1134,1967,1098865,0.5
1900-01-24 10:41:00,7589.5,2005542,7590.0,853169,3673,4014,-341,1152373,0.5
1900-01-24 10:41:15,7591.0,754730,7591.5,119798,169626,11033,158593,634932,0.5
1900-01-24 10:41:30,7594.0,151433,7594.5,1182983,49125,24503,24622,-1031550,0.5
1900-01-24 10:41:45,7594.0,40982,7594.5,1346353,7322,163736,-156414,-1305371,0.5
1900-01-24 10:42:00,7591.5,1616302,7592.0,1153777,1205,10859,-9654,462525,0.5
1900-01-24 10:42:15,7591.5,1431620,7592.0,1225873,39041,13620,25421,205747,0.5
1900-01-24 10:42:30,7591.5,2127177,7592.0,1081814,18317,10267,8050,1045363,0.5
1900-01-24 10:42:45,7591.5,2312311,7592.0,1097061,27529,111,27418,1215250,0.5
1900-01-24 10:43:00,7591.5,2885516,7592.0,852444,2871,20048,-17177,2033072,0.5
1900-01-24 10:43:15,7591.5,2978958,7592.0,594211,11154,6207,4947,2384747,0.5
1900-01-24 10:43:30,7596.0,1019567,7596.5,46405,432554,14646,417908,973162,0.5
1900-01-24 10:43:45,7602.0,1301143,7602.5,55517,117436,3479,113957,1245626,0.5
1900-01-24 10:44:00,7605.5,64205,7606.0,1357929,460373,1634,458739,-1293724,0.5
1900-01-24 10:44:15,7605.5,267636,7606.0,1183423,120015,48478,71537,-915787,0.5
1900-01-24 10:44:30,7603.5,231,7604.0,826638,50510,63996,-13486,-826407,0.5
1900-01-24 10:44:45,7607.5,863213,7608.0,97319,132399,60267,72132,765894,0.5
1900-01-24 10:45:00,7607.5,653569,7608.0,338962,60892,51315,9577,314607,0.5
1900-01-24 10:45:15,7610.5,517161,7611.0,161309,141151,60,141091,355852,0.5
1900-01-24 10:45:30,7614.0,298236,7614.5,1047005,162264,32628,129636,-748769,0.5
1900-01-24 10:45:45,7614.0,274638,7614.5,1146628,40428,57806,-17378,-871990,0.5
1900-01-24 10:46:00,7614.0,180014,7614.5,1074244,35610,60100,-24490,-894230,0.5
1900-01-24 10:46:15,7614.0,81247,7614.5,1093616,61599,122286,-60687,-1012369,0.5
1900-01-24 10:46:30,7614.0,550002,7614.5,703852,19374,37144,-17770,-153850,0.5
1900-01-24 10:46:45,7611.5,1222671,7612.0,437034,27726,75858,-48132,785637,0.5
1900-01-24 10:47:00,7611.5,1365457,7612.0,403129,51019,17361,33658,962328,0.5
1900-01-24 10:47:15,7611.5,129549,7612.0,1116589,108800,7870,100930,-987040,0.5
1900-01-24 10:47:30,7611.5,48738,7612.0,1160835,21436,58132,-36696,-1112097,0.5
1900-01-24 10:47:45,7611.0,503711,7611.5,812302,3791,39853,-36062,-308591,0.5
1900-01-24 10:48:00,7611.0,661348,7611.5,434416,2013,317719,-315706,226932,0.5
1900-01-24 10:48:15,7610.5,14881,7611.0,831852,24244,119698,-95454,-816971,0.5
1900-01-24 10:48:30,7610.0,489489,7610.5,807923,71539,39739,31800,-318434,0.5
1900-01-24 10:48:45,7608.0,512592,7608.5,798364,44511,48236,-3725,-285772,0.5
1900-01-24 10:49:00,7604.0,62515,7604.5,622148,23166,73530,-50364,-559633,0.5
1900-01-24 10:49:15,7604.0,410400,7604.5,821377,47638,41827,5811,-410977,0.5
1900-01-24 10:49:30,7604.0,1001392,7604.5,418058,23437,45847,-22410,583334,0.5
1900-01-24 10:49:45,7604.0,1857300,7604.5,74203,41671,24532,17139,1783097,0.5
1900-01-24 10:50:00,7609.0,928315,7609.5,392613,86488,1357,85131,535702,0.5
1900-01-24 10:50:15,7609.0,1217219,7609.5,448535,63828,11380,52448,768684,0.5
1900-01-24 10:50:30,7609.0,1809651,7609.5,77750,14043,6517,7526,1731901,0.5
1900-01-24 10:50:45,7611.0,1959695,7611.5,65222,203242,1599,201643,1894473,0.5
1900-01-24 10:51:00,7614.5,1045372,7615.0,125171,96687,3247,93440,920201,0.5
1900-01-24 10:51:15,7615.0,1719433,7615.5,107196,78669,45996,32673,1612237,0.5
1900-01-24 10:51:30,7611.0,592175,7611.5,133241,78802,30957,47845,458934,0.5
1900-01-24 10:51:45,7611.0,1575831,7611.5,23413,76586,36517,40069,1552418,0.5
1900-01-24 10:52:00,7617.0,955757,7617.5,851772,17146,34354,-17208,103985,0.5
1900-01-24 10:52:15,7617.5,1306351,7618.0,57654,207666,24168,183498,1248697,0.5
1900-01-24 10:52:30,7617.5,1507559,7618.0,29694,32931,42091,-9160,1477865,0.5
1900-01-24 10:52:45,7619.5,2233503,7620.0,21431,890624,30008,860616,2212072,0.5
1900-01-24 10:53:00,7629.5,758280,7630.0,336208,493189,22921,470268,422072,0.5
1900-01-24 10:53:15,7621.0,1049200,7621.5,56114,165517,247474,-81957,993086,0.5
1900-01-24 10:53:30,7637.5,176093,7638.0,378452,1136565,182880,953685,-202359,0.5
1900-01-24 10:53:45,7644.5,428183,7645.0,222200,1263230,76935,1186295,205983,0.5
1900-01-24 10:54:00,7635.0,1105965,7635.5,349936,318487,529130,-210643,756029,0.5
1900-01-24 10:54:15,7633.0,19483,7633.5,659487,65519,338973,-273454,-640004,0.5
1900-01-24 10:54:30,7631.5,931747,7632.0,619714,43630,245341,-201711,312033,0.5
1900-01-24 10:54:45,7631.5,2140968,7632.0,15416,268144,58489,209655,2125552,0.5
1900-01-24 10:55:00,7633.5,1652399,7634.0,129895,191915,94773,97142,1522504,0.5
1900-01-24 10:55:15,7634.0,1332454,7634.5,141209,29348,8789,20559,1191245,0.5
1900-01-24 10:55:30,7634.5,1035826,7635.0,301048,149644,69979,79665,734778,0.5
1900-01-24 10:55:45,7630.0,1365728,7630.5,238665,60520,117036,-56516,1127063,0.5
1900-01-24 10:56:00,7630.0,133469,7630.5,852773,13250,444351,-431101,-719304,0.5
1900-01-24 10:56:15,7627.0,2079574,7627.5,82,116805,107576,9229,2079492,0.5
1900-01-24 10:56:30,7630.5,1532560,7631.0,36733,275364,18405,256959,1495827,0.5
1900-01-24 10:56:45,7634.5,1305042,7635.0,71913,119565,106376,13189,1233129,0.5
1900-01-24 10:57:00,7635.5,2065403,7636.0,14099,82305,293,82012,2051304,0.5
1900-01-24 10:57:15,7643.0,1305890,7643.5,198956,553230,43994,509236,1106934,0.5
1900-01-24 10:57:30,7644.5,424801,7645.0,515118,378925,80754,298171,-90317,0.5
1900-01-24 10:57:45,7644.0,478572,7644.5,394622,100772,541590,-440818,83950,0.5
1900-01-24 10:58:00,7642.0,131649,7642.5,534396,22411,376185,-353774,-402747,0.5
1900-01-24 10:58:15,7639.5,8000,7640.0,44740,41296,114919,-73623,-36740,0.5
1900-01-24 10:58:30,7638.0,176025,7638.5,160551,8219,97497,-89278,15474,0.5
1900-01-24 10:58:45,7635.5,9397,7636.0,304701,28644,67905,-39261,-295304,0.5
1900-01-24 10:59:00,7631.0,285564,7631.5,431964,16571,237837,-221266,-146400,0.5
1900-01-24 10:59:15,7629.0,1029667,7629.5,395767,21302,221970,-200668,633900,0.5
1900-01-24 10:59:30,7625.0,56849,7625.5,607196,33826,101917,-68091,-550347,0.5
1900-01-24 10:59:45,7630.5,345187,7631.0,19893,93917,126793,-32876,325294,0.5
1900-01-24 11:00:00,7630.5,868112,7631.0,307379,26230,17127,9103,560733,0.5
1900-01-24 11:00:15,7632.0,1853361,7632.5,99679,100351,9226,91125,1753682,0.5
1900-01-24 11:00:30,7637.5,348436,7638.0,243240,115961,12372,103589,105196,0.5
1900-01-24 11:00:45,7642.0,447835,7642.5,126219,310183,38702,271481,321616,0.5
1900-01-24 11:01:00,7647.5,2875,7648.0,1087909,722173,123680,598493,-1085034,0.5
1900-01-24 11:01:15,7643.5,995744,7644.0,210789,66073,227906,-161833,784955,0.5
1900-01-24 11:01:30,7643.5,220708,7644.0,548746,77835,229078,-151243,-328038,0.5
1900-01-24 11:01:45,7643.0,1187525,7643.5,18646,14117,62461,-48344,1168879,0.5
1900-01-24 11:02:00,7644.5,17517,7645.0,845525,55268,83026,-27758,-828008,0.5
1900-01-24 11:02:15,7642.0,367577,7642.5,528719,17878,27011,-9133,-161142,0.5
1900-01-24 11:02:30,7636.0,6835,7636.5,225071,69138,489844,-420706,-218236,0.5
1900-01-24 11:02:45,7631.0,65442,7631.5,309408,48421,352444,-304023,-243966,0.5
1900-01-24 11:03:00,7629.0,18609,7629.5,1178117,36309,310181,-273872,-1159508,0.5
1900-01-24 11:03:15,7625.5,849,7626.0,1410841,15230,224406,-209176,-1409992,0.5
1900-01-24 11:03:30,7625.0,676076,7625.5,360108,9035,188694,-179659,315968,0.5
1900-01-24 11:03:45,7627.0,276182,7627.5,1397929,135385,111121,24264,-1121747,0.5
1900-01-24 11:04:00,7624.5,147111,7625.0,1037400,61940,150369,-88429,-890289,0.5
1900-01-24 11:04:15,7624.5,449582,7625.0,1390715,17451,47349,-29898,-941133,0.5
1900-01-24 11:04:30,7624.5,140989,7625.0,1681854,11305,87633,-76328,-1540865,0.5
1900-01-24 11:04:45,7622.0,413165,7622.5,618566,20482,113775,-93293,-205401,0.5
1900-01-24 11:05:00,7615.0,293857,7615.5,906172,21254,272547,-251293,-612315,0.5
1900-01-24 11:05:15,7616.0,528191,7616.5,676357,58354,100196,-41842,-148166,0.5
1900-01-24 11:05:30,7616.0,139227,7616.5,1084571,42521,144917,-102396,-945344,0.5
1900-01-24 11:05:45,7616.0,714615,7616.5,160488,33167,91660,-58493,554127,0.5
1900-01-24 11:06:00,7616.0,526726,7616.5,1256484,48777,12286,36491,-729758,0.5
1900-01-24 11:06:15,7616.0,161336,7616.5,1591979,50900,187387,-136487,-1430643,0.5
1900-01-24 11:06:30,7614.5,91684,7615.0,709674,18775,148852,-130077,-617990,0.5
1900-01-24 11:06:45,7614.0,50071,7614.5,1513906,11816,103496,-91680,-1463835,0.5
1900-01-24 11:07:00,7613.0,740667,7613.5,141539,30057,43399,-13342,599128,0.5
1900-01-24 11:07:15,7612.5,162715,7613.0,492913,25123,94827,-69704,-330198,0.5
1900-01-24 11:07:30,7613.0,909464,7613.5,61042,136936,7937,128999,848422,0.5
1900-01-24 11:07:45,7621.0,509734,7621.5,401743,216144,34228,181916,107991,0.5
1900-01-24 11:08:00,7621.0,727419,7621.5,115895,114773,30555,84218,611524,0.5
1900-01-24 11:08:15,7621.0,754688,7621.5,74921,79733,30516,49217,679767,0.5
1900-01-24 11:08:30,7623.0,805123,7623.5,3883,94276,2030,92246,801240,0.5
1900-01-24 11:08:45,7623.0,35340,7623.5,1418428,52684,40263,12421,-1383088,0.5
1900-01-24 11:09:00,7618.5,13013,7619.0,907480,78040,122770,-44730,-894467,0.5
1900-01-24 11:09:15,7618.5,329408,7619.0,452966,3511,47905,-44394,-123558,0.5
1900-01-24 11:09:30,7616.5,1921,7617.0,699815,9090,52313,-43223,-697894,0.5
1900-01-24 11:09:45,7615.0,713703,7615.5,28554,1021,43426,-42405,685149,0.5
1900-01-24 11:10:00,7615.0,1418939,7615.5,178587,134057,41778,92279,1240352,0.5
1900-01-24 11:10:15,7615.0,1590621,7615.5,37034,100234,166325,-66091,1553587,0.5
1900-01-24 11:10:30,7619.5,982406,7620.0,22750,78225,22020,56205,959656,0.5
1900-01-24 11:10:45,7618.5,3879,7619.0,1320907,112337,108578,3759,-1317028,0.5
1900-01-24 11:11:00,7615.0,722728,7615.5,735077,31293,289350,-258057,-12349,0.5
1900-01-24 11:11:15,7615.0,1032080,7615.5,366184,49906,103000,-53094,665896,0.5
1900-01-24 11:11:30,7615.0,1252016,7615.5,332637,7884,15000,-7116,919379,0.5
1900-01-24 11:11:45,7615.0,1198308,7615.5,328439,94946,56001,38945,869869,0.5
1900-01-24 11:12:00,7615.0,1910144,7615.5,35515,52459,10507,41952,1874629,0.5
1900-01-24 11:12:15,7615.0,1423016,7615.5,1299028,26201,20168,6033,123988,0.5
1900-01-24 11:12:30,7615.0,332432,7615.5,1751972,12948,565713,-552765,-1419540,0.5
1900-01-24 11:12:45,7614.0,67517,7614.5,1232891,13880,166613,-152733,-1165374,0.5
1900-01-24 11:13:00,7610.5,870636,7611.0,1031395,42040,278021,-235981,-160759,0.5
1900-01-24 11:13:15,7610.5,470659,7611.0,626112,12751,138641,-125890,-155453,0.5
1900-01-24 11:13:30,7610.0,1311845,7610.5,17082,40892,144313,-103421,1294763,0.5
1900-01-24 11:13:45,7610.0,1262809,7610.5,898650,11890,82001,-70111,364159,0.5
1900-01-24 11:14:00,7610.0,1253163,7610.5,978931,30,39709,-39679,274232,0.5
1900-01-24 11:14:15,7610.0,1261396,7610.5,685501,330,30068,-29738,575895,0.5
1900-01-24 11:14:30,7610.0,1110881,7610.5,1578063,22016,137018,-115002,-467182,0.5
1900-01-24 11:14:45,7610.0,1367788,7610.5,1760818,4427,43960,-39533,-393030,0.5
1900-01-24 11:15:00,7610.0,1037670,7610.5,3152039,7987,284032,-276045,-2114369,0.5
1900-01-24 11:15:15,7609.5,107170,7610.0,1946614,4991,810234,-805243,-1839444,0.5
1900-01-24 11:15:30,7604.5,72850,7605.0,348361,5858,484326,-478468,-275511,0.5
1900-01-24 11:15:45,7602.5,243419,7603.0,896164,10271,189882,-179611,-652745,0.5
1900-01-24 11:16:00,7602.5,46842,7603.0,982005,167091,182600,-15509,-935163,0.5
1900-01-24 11:16:15,7602.5,4949,7603.0,1351412,197390,584405,-387015,-1346463,0.5
1900-01-24 11:16:30,7602.0,557198,7602.5,306450,91899,72957,18942,250748,0.5
1900-01-24 11:16:45,7602.0,115853,7602.5,1251593,74118,66033,8085,-1135740,0.5
1900-01-24 11:17:00,7602.0,18781,7602.5,2012985,64631,60129,4502,-1994204,0.5
1900-01-24 11:17:15,7601.5,306738,7602.0,1592126,8269,35014,-26745,-1285388,0.5
1900-01-24 11:17:30,7601.5,333702,7602.0,1155416,2668,79389,-76721,-821714,0.5
1900-01-24 11:17:45,7601.5,79754,7602.0,1975075,16127,130092,-113965,-1895321,0.5
1900-01-24 11:18:00,7601.5,105410,7602.0,1541169,15530,14009,1521,-1435759,0.5
1900-01-24 11:18:15,7601.5,401532,7602.0,881708,7608,3100,4508,-480176,0.5
1900-01-24 11:18:30,7605.5,972,7606.0,296460,698377,12086,686291,-295488,0.5
1900-01-24 11:18:45,7606.5,629161,7607.0,75119,108404,36833,71571,554042,0.5
1900-01-24 11:19:00,7606.5,575888,7607.0,312315,63234,30508,32726,263573,0.5
1900-01-24 11:19:15,7606.5,668803,7607.0,95672,108076,19175,88901,573131,0.5
1900-01-24 11:19:30,7609.5,519014,7610.0,999508,47474,21576,25898,-480494,0.5
1900-01-24 11:19:45,7609.5,817757,7610.0,51826,72279,18526,53753,765931,0.5
1900-01-24 11:20:00,7609.5,838441,7610.0,104283,31848,6086,25762,734158,0.5
1900-01-24 11:20:15,7614.0,674970,7614.5,13453,57986,14689,43297,661517,0.5
1900-01-24 11:20:30,7617.0,647595,7617.5,164668,106758,9532,97226,482927,0.5
1900-01-24 11:20:45,7617.0,775024,7617.5,17394,32644,2604,30040,757630,0.5
1900-01-24 11:21:00,7617.5,557004,7618.0,1624768,76930,7993,68937,-1067764,0.5
1900-01-24 11:21:15,7617.5,657759,7618.0,1884739,119689,16955,102734,-1226980,0.5
1900-01-24 11:21:30,7617.5,822811,7618.0,1275782,92089,300,91789,-452971,0.5
1900-01-24 11:21:45,7617.5,920785,7618.0,1034787,218713,11053,207660,-114002,0.5
1900-01-24 11:22:00,7617.5,546064,7618.0,1735824,24733,46161,-21428,-1189760,0.5
1900-01-24 11:22:15,7617.5,164664,7618.0,2244289,27321,416330,-389009,-2079625,0.5
1900-01-24 11:22:30,7613.0,477479,7613.5,233707,34203,125652,-91449,243772,0.5
1900-01-24 11:22:45,7614.5,796931,7615.0,657178,129959,6405,123554,139753,0.5
1900-01-24 11:23:00,7614.5,795768,7615.0,779964,7477,8100,-623,15804,0.5
1900-01-24 11:23:15,7614.5,1064252,7615.0,137097,493905,300,493605,927155,0.5
1900-01-24 11:23:30,7614.5,940653,7615.0,203464,146875,550,146325,737189,0.5
1900-01-24 11:23:45,7616.5,669529,7617.0,1071458,39626,8084,31542,-401929,0.5
1900-01-24 11:24:00,7616.5,766118,7617.0,120521,41075,755,40320,645597,0.5
1900-01-24 11:24:15,7617.0,808622,7617.5,54561,88855,755,88100,754061,0.5
1900-01-24 11:24:30,7617.5,998544,7618.0,35506,40659,6018,34641,963038,0.5
1900-01-24 11:24:45,7617.5,753334,7618.0,737714,3329,24,3305,15620,0.5
1900-01-24 11:25:00,7617.5,1655016,7618.0,142036,34566,8702,25864,1512980,0.5
1900-01-24 11:25:15,7618.0,1253083,7618.5,61516,116229,4540,111689,1191567,0.5
1900-01-24 11:25:30,7618.0,1275436,7618.5,19012,22514,10011,12503,1256424,0.5
1900-01-24 11:25:45,7619.5,616753,7620.0,655531,93077,86,92991,-38778,0.5
1900-01-24 11:26:00,7619.5,848464,7620.0,177017,6666,37104,-30438,671447,0.5
1900-01-24 11:26:15,7619.5,691887,7620.0,895327,22270,26859,-4589,-203440,0.5
1900-01-24 11:26:30,7619.5,564842,7620.0,845847,2000,1856,144,-281005,0.5
1900-01-24 11:26:45,7619.0,293090,7619.5,991085,4448,208939,-204491,-697995,0.5
1900-01-24 11:27:00,7618.0,255778,7618.5,1055482,44,21377,-21333,-799704,0.5
1900-01-24 11:27:15,7618.0,517242,7618.5,975418,46949,15378,31571,-458176,0.5
1900-01-24 11:27:30,7618.0,28467,7618.5,1365676,14290,48800,-34510,-1337209,0.5
1900-01-24 11:27:45,7617.5,81819,7618.0,1015815,6016,85862,-79846,-933996,0.5
1900-01-24 11:28:00,7616.0,445936,7616.5,900733,6740,59874,-53134,-454797,0.5
1900-01-24 11:28:15,7612.5,99490,7613.0,1112024,1541,28587,-27046,-1012534,0.5
1900-01-24 11:28:30,7610.0,21994,7610.5,320634,100,88585,-88485,-298640,0.5
1900-01-24 11:28:45,7610.0,638003,7610.5,245532,19314,7161,12153,392471,0.5
1900-01-24 11:29:00,7610.0,693384,7610.5,111723,93351,41238,52113,581661,0.5
1900-01-24 11:29:15,7610.5,496167,7611.0,24660,30231,24174,6057,471507,0.5
1900-01-24 11:29:30,7610.5,126299,7611.0,1045821,30231,115122,-84891,-919522,0.5
1900-01-24 11:29:45,7605.0,314535,7605.5,798088,7025,84479,-77454,-483553,0.5
1900-01-24 11:30:00,7605.0,503252,7605.5,379008,44988,98492,-53504,124244,0.5
1900-01-24 11:30:15,7606.5,459269,7607.0,523297,28835,64530,-35695,-64028,0.5
1900-01-24 11:30:30,7606.5,617454,7607.0,219050,125805,11155,114650,398404,0.5
1900-01-24 11:30:45,7607.0,765330,7607.5,9546,26603,4003,22600,755784,0.5
1900-01-24 11:31:00,7608.0,802920,7608.5,11722,18586,850,17736,791198,0.5
1900-01-24 11:31:15,7608.5,1101761,7609.0,61136,26854,1772,25082,1040625,0.5
1900-01-24 11:31:30,7609.5,729009,7610.0,95590,52133,6515,45618,633419,0.5
1900-01-24 11:31:45,7610.0,665419,7610.5,892,39525,400,39125,664527,0.5
1900-01-24 11:32:00,7612.5,171379,7613.0,4888,104828,121,104707,166491,0.5
1900-01-24 11:32:15,7612.5,725293,7613.0,4716,23522,116,23406,720577,0.5
1900-01-24 11:32:30,7614.0,661714,7614.5,40063,15082,55711,-40629,621651,0.5
1900-01-24 11:32:45,7614.0,1300679,7614.5,66551,11170,82032,-70862,1234128,0.5
1900-01-24 11:33:00,7614.5,1275200,7615.0,29006,30020,18070,11950,1246194,0.5
1900-01-24 11:33:15,7614.5,1307507,7615.0,39709,22361,10,22351,1267798,0.5
1900-01-24 11:33:30,7615.5,1283622,7616.0,65841,7492,22,7470,1217781,0.5
1900-01-24 11:33:45,7615.5,1372886,7616.0,57526,48084,22,48062,1315360,0.5
1900-01-24 11:34:00,7619.5,879963,7620.0,706732,142994,18025,124969,173231,0.5
1900-01-24 11:34:15,7621.5,1479803,7622.0,56859,283930,4021,279909,1422944,0.5
1900-01-24 11:34:30,7622.5,1414840,7623.0,14446,75674,15752,59922,1400394,0.5
1900-01-24 11:34:45,7624.5,827938,7625.0,467947,45590,3640,41950,359991,0.5
1900-01-24 11:35:00,7624.5,1286945,7625.0,41225,5812,5085,727,1245720,0.5
1900-01-24 11:35:15,7625.0,1564643,7625.5,6409,33019,4524,28495,1558234,0.5
1900-01-24 11:35:30,7627.0,416151,7627.5,543737,235669,47603,188066,-127586,0.5
1900-01-24 11:35:45,7627.0,1556324,7627.5,40038,43439,6002,37437,1516286,0.5
1900-01-24 11:36:00,7638.5,89720,7639.0,60117,291064,15241,275823,29603,0.5
1900-01-24 11:36:15,7652.0,80078,7652.5,341263,1669325,215559,1453766,-261185,0.5
1900-01-24 11:36:30,7643.0,2187,7643.5,310261,235441,438156,-202715,-308074,0.5
1900-01-24 11:36:45,7637.0,701215,7637.5,16930,77930,228246,-150316,684285,0.5
1900-01-24 11:37:00,7638.0,710997,7638.5,292065,163300,52542,110758,418932,0.5
1900-01-24 11:37:15,7637.0,204013,7637.5,194321,244281,211254,33027,9692,0.5
1900-01-24 11:37:30,7637.0,2325223,7637.5,919421,15499,44966,-29467,1405802,0.5
1900-01-24 11:37:45,7636.0,301836,7636.5,368748,322391,1721445,-1399054,-66912,0.5
1900-01-24 11:38:00,7635.5,179486,7636.0,549610,62202,105439,-43237,-370124,0.5
1900-01-24 11:38:15,7635.0,1401091,7635.5,76406,6743,33162,-26419,1324685,0.5
1900-01-24 11:38:30,7635.0,253679,7635.5,709765,11284,32452,-21168,-456086,0.5
1900-01-24 11:38:45,7629.5,2440920,7630.0,1795249,18591,227442,-208851,645671,0.5
1900-01-24 11:39:00,7630.0,797228,7630.5,77110,153310,241530,-88220,720118,0.5
1900-01-24 11:39:15,7632.5,284633,7633.0,763766,108760,4454,104306,-479133,0.5
1900-01-24 11:39:30,7630.0,154983,7630.5,1071874,2850,15266,-12416,-916891,0.5
1900-01-24 11:39:45,7630.0,101393,7630.5,1091114,94040,24322,69718,-989721,0.5
1900-01-24 11:40:00,7630.0,1302524,7630.5,109566,134156,10955,123201,1192958,0.5
1900-01-24 11:40:15,7630.0,886471,7630.5,420632,149490,7527,141963,465839,0.5
1900-01-24 11:40:30,7630.0,252885,7630.5,668834,24489,213575,-189086,-415949,0.5
1900-01-24 11:40:45,7630.5,1297616,7631.0,90092,140207,5100,135107,1207524,0.5
1900-01-24 11:41:00,7632.5,547021,7633.0,896141,21953,2744,19209,-349120,0.5
1900-01-24 11:41:15,7633.5,945413,7634.0,26681,48155,5395,42760,918732,0.5
1900-01-24 11:41:30,7633.5,857154,7634.0,62658,49050,585,48465,794496,0.5
1900-01-24 11:41:45,7633.5,1188094,7634.0,35628,30049,14804,15245,1152466,0.5
1900-01-24 11:42:00,7635.0,831377,7635.5,27161,35344,5,35339,804216,0.5
1900-01-24 11:42:15,7636.0,865153,7636.5,59145,65564,8004,57560,806008,0.5
1900-01-24 11:42:30,7636.0,64271,7636.5,1004730,51771,17101,34670,-940459,0.5
1900-01-24 11:42:45,7636.0,6639,7636.5,1312693,413,63570,-63157,-1306054,0.5
1900-01-24 11:43:00,7631.5,1493399,7632.0,672215,40424,804797,-764373,821184,0.5
1900-01-24 11:43:15,7627.5,8536,7628.0,895070,7911,341036,-333125,-886534,0.5
1900-01-24 11:43:30,7622.5,845701,7623.0,984391,62,216632,-216570,-138690,0.5
1900-01-24 11:43:45,7622.5,628175,7623.0,913573,68921,42374,26547,-285398,0.5
1900-01-24 11:44:00,7622.5,402405,7623.0,1041026,145511,66040,79471,-638621,0.5
1900-01-24 11:44:15,7622.5,128541,7623.0,1361899,21979,131921,-109942,-1233358,0.5
1900-01-24 11:44:30,7620.0,3,7620.5,1407417,10525,179516,-168991,-1407414,0.5
1900-01-24 11:44:45,7618.0,59326,7618.5,1445173,8061,60091,-52030,-1385847,0.5
1900-01-24 11:45:00,7611.5,666376,7612.0,330556,11227,215973,-204746,335820,0.5
1900-01-24 11:45:15,7618.0,608851,7618.5,1196761,271693,39528,232165,-587910,0.5
1900-01-24 11:45:30,7618.0,1194158,7618.5,686224,22115,3500,18615,507934,0.5
1900-01-24 11:45:45,7618.0,663995,7618.5,1138339,80730,13001,67729,-474344,0.5
1900-01-24 11:46:00,7618.0,959778,7618.5,711712,68329,26159,42170,248066,0.5
1900-01-24 11:46:15,7618.0,293457,7618.5,1267958,78500,14179,64321,-974501,0.5
1900-01-24 11:46:30,7618.0,832137,7618.5,645384,51200,14048,37152,186753,0.5
1900-01-24 11:46:45,7618.0,1189348,7618.5,642612,63121,27094,36027,546736,0.5
1900-01-24 11:47:00,7627.0,378900,7627.5,1010744,156677,11476,145201,-631844,0.5
1900-01-24 11:47:15,7627.0,200166,7627.5,1397670,109003,13496,95507,-1197504,0.5
1900-01-24 11:47:30,7627.0,20158,7627.5,1713411,112308,121545,-9237,-1693253,0.5
1900-01-24 11:47:45,7627.0,73485,7627.5,1825224,1520,32823,-31303,-1751739,0.5
1900-01-24 11:48:00,7622.0,18582,7622.5,1507026,5699,116617,-110918,-1488444,0.5
1900-01-24 11:48:15,7620.0,923608,7620.5,155599,5186,9885,-4699,768009,0.5
1900-01-24 11:48:30,7620.0,963920,7620.5,610918,30341,4936,25405,353002,0.5
1900-01-24 11:48:45,7620.0,149818,7620.5,1103303,57170,9813,47357,-953485,0.5
1900-01-24 11:49:00,7620.0,117554,7620.5,1293955,6490,8464,-1974,-1176401,0.5
1900-01-24 11:49:15,7614.5,321145,7615.0,998182,28444,83758,-55314,-677037,0.5
1900-01-24 11:49:30,7611.5,849480,7612.0,272441,7999,156901,-148902,577039,0.5
1900-01-24 11:49:45,7611.5,2224065,7612.0,320562,101222,201313,-100091,1903503,0.5
1900-01-24 11:50:00,7611.5,837837,7612.0,114373,94138,41022,53116,723464,0.5
1900-01-24 11:50:15,7615.5,696537,7616.0,842381,93122,34754,58368,-145844,0.5
1900-01-24 11:50:30,7615.5,344895,7616.0,923131,15533,65750,-50217,-578236,0.5
1900-01-24 11:50:45,7615.5,368278,7616.0,1196022,19232,6501,12731,-827744,0.5
1900-01-24 11:51:00,7615.5,59050,7616.0,1674054,76572,73380,3192,-1615004,0.5
1900-01-24 11:51:15,7615.0,525259,7615.5,237362,551,46197,-45646,287897,0.5
1900-01-24 11:51:30,7615.0,1318261,7615.5,76552,21352,17613,3739,1241709,0.5
1900-01-24 11:51:45,7618.5,951151,7619.0,399761,70603,4831,65772,551390,0.5
1900-01-24 11:52:00,7618.5,803674,7619.0,489526,27306,4831,22475,314148,0.5
1900-01-24 11:52:15,7619.5,931733,7620.0,304289,118022,26,117996,627444,0.5
1900-01-24 11:52:30,7614.5,495119,7615.0,490022,20249,48726,-28477,5097,0.5
1900-01-24 11:52:45,7614.5,1227683,7615.0,12134,32181,10500,21681,1215549,0.5
1900-01-24 11:53:00,7616.0,1172710,7616.5,62540,14532,41,14491,1110170,0.5
1900-01-24 11:53:15,7616.5,669426,7617.0,584790,5981,1000,4981,84636,0.5
1900-01-24 11:53:30,7617.0,134452,7617.5,1264798,27241,53270,-26029,-1130346,0.5
1900-01-24 11:53:45,7617.0,25748,7617.5,1136050,4511,54235,-49724,-1110302,0.5
1900-01-24 11:54:00,7616.5,6602,7617.0,1592165,1121,15889,-14768,-1585563,0.5
1900-01-24 11:54:15,7615.5,707111,7616.0,971973,1121,58006,-56885,-264862,0.5
1900-01-24 11:54:30,7615.5,1020682,7616.0,327139,23290,44737,-21447,693543,0.5
1900-01-24 11:54:45,7615.5,1378937,7616.0,49079,3535,1100,2435,1329858,0.5
1900-01-24 11:55:00,7615.5,676352,7616.0,322913,10238,300,9938,353439,0.5
1900-01-24 11:55:15,7616.0,504082,7616.5,40231,34152,1079,33073,463851,0.5
1900-01-24 11:55:30,7615.0,78028,7615.5,418569,24001,6298,17703,-340541,0.5
1900-01-24 11:55:45,7612.5,324605,7613.0,444359,202,23169,-22967,-119754,0.5
1900-01-24 11:56:00,7611.5,44735,7612.0,1302570,26168,186098,-159930,-1257835,0.5
1900-01-24 11:56:15,7606.0,111492,7606.5,634998,53754,522493,-468739,-523506,0.5
1900-01-24 11:56:30,7606.0,50620,7606.5,1244655,14100,117640,-103540,-1194035,0.5
1900-01-24 11:56:45,7605.0,161367,7605.5,741029,11221,113250,-102029,-579662,0.5
1900-01-24 11:57:00,7602.5,14958,7603.0,477579,49879,419335,-369456,-462621,0.5
1900-01-24 11:57:15,7602.5,199277,7603.0,970155,6521,63526,-57005,-770878,0.5
1900-01-24 11:57:30,7602.5,170448,7603.0,658519,104883,95034,9849,-488071,0.5
1900-01-24 11:57:45,7602.5,537636,7603.0,58964,121357,10300,111057,478672,0.5
1900-01-24 11:58:00,7604.5,340637,7605.0,266361,126817,43278,83539,74276,0.5
1900-01-24 11:58:15,7602.0,577428,7602.5,345196,161420,46805,114615,232232,0.5
1900-01-24 11:58:30,7602.0,330657,7602.5,801196,16500,100230,-83730,-470539,0.5
1900-01-24 11:58:45,7602.0,138303,7602.5,738943,15535,115802,-100267,-600640,0.5
1900-01-24 11:59:00,7592.0,32165,7592.5,80045,5612,1223603,-1217991,-47880,0.5
1900-01-24 11:59:15,7598.5,8370,7599.0,1280279,116004,329143,-213139,-1271909,0.5
1900-01-24 11:59:30,7593.5,392355,7594.0,234780,17783,362469,-344686,157575,0.5
1900-01-24 11:59:45,7593.5,221972,7594.0,186398,347011,171817,175194,35574,0.5
1900-01-24 12:00:00,7593.5,235162,7594.0,127852,74729,75384,-655,107310,0.5
1900-01-24 12:00:15,7592.0,182100,7592.5,38217,27479,60434,-32955,143883,0.5
1900-01-24 12:00:30,7594.0,243224,7594.5,531940,81047,46601,34446,-288716,0.5
1900-01-24 12:00:45,7595.0,608009,7595.5,99378,158132,29830,128302,508631,0.5
1900-01-24 12:01:00,7596.0,86038,7596.5,1421504,164816,86225,78591,-1335466,0.5
1900-01-24 12:01:15,7578.0,38904,7578.5,1088166,358790,681417,-322627,-1049262,0.5
1900-01-24 12:01:30,7582.0,292538,7582.5,849073,496600,355464,141136,-556535,0.5
1900-01-24 12:01:45,7578.0,642031,7578.5,10735,90737,218714,-127977,631296,0.5
1900-01-24 12:02:00,7586.0,899993,7586.5,217485,527936,46710,481226,682508,0.5
1900-01-24 12:02:15,7586.0,3313061,7586.5,774032,690832,24059,666773,2539029,0.5
1900-01-24 12:02:30,7586.0,5548614,7586.5,573985,252584,10570,242014,4974629,0.5
1900-01-24 12:02:45,7579.0,7355,7579.5,330395,172080,127713,44367,-323040,0.5
1900-01-24 12:03:00,7586.0,929046,7586.5,132134,166488,134465,32023,796912,0.5
1900-01-24 12:03:15,7585.5,318852,7586.0,466948,67514,185034,-117520,-148096,0.5
1900-01-24 12:03:30,7585.5,663005,7586.0,973421,150995,7046,143949,-310416,0.5
1900-01-24 12:03:45,7586.0,1063141,7586.5,98687,73756,5785,67971,964454,0.5
1900-01-24 12:04:00,7589.0,1155016,7589.5,540710,160963,47180,113783,614306,0.5
1900-01-24 12:04:15,7589.0,963895,7589.5,534030,733170,57739,675431,429865,0.5
1900-01-24 12:04:30,7589.5,809745,7590.0,600451,345109,5289,339820,209294,0.5
1900-01-24 12:04:45,7591.5,895727,7592.0,346712,317494,164,317330,549015,0.5
1900-01-24 12:05:00,7592.0,1147819,7592.5,548984,272985,32509,240476,598835,0.5
1900-01-24 12:05:15,7590.0,4207,7590.5,197446,88709,250960,-162251,-193239,0.5
1900-01-24 12:05:30,7586.5,26530,7587.0,1580347,20502,312265,-291763,-1553817,0.5
1900-01-24 12:05:45,7580.0,1466,7580.5,852759,85890,429522,-343632,-851293,0.5
1900-01-24 12:06:00,7577.0,850044,7577.5,147890,94046,56711,37335,702154,0.5
1900-01-24 12:06:15,7577.0,275786,7577.5,633039,64907,99483,-34576,-357253,0.5
1900-01-24 12:06:30,7575.0,51814,7575.5,849611,30883,134026,-103143,-797797,0.5
1900-01-24 12:06:45,7563.0,60,7563.5,1238611,219721,916558,-696837,-1238551,0.5
1900-01-24 12:07:00,7567.0,505917,7567.5,132974,411255,227684,183571,372943,0.5
1900-01-24 12:07:15,7568.0,133939,7568.5,985307,358690,89073,269617,-851368,0.5
1900-01-24 12:07:30,7566.5,526217,7567.0,39402,117323,287861,-170538,486815,0.5
1900-01-24 12:07:45,7567.0,4110,7567.5,737560,87432,106944,-19512,-733450,0.5
1900-01-24 12:08:00,7563.0,1697662,7563.5,39511,154305,63703,90602,1658151,0.5
1900-01-24 12:08:15,7567.5,336710,7568.0,956611,171578,42667,128911,-619901,0.5
1900-01-24 12:08:30,7565.0,607765,7565.5,364347,66260,176710,-110450,243418,0.5
1900-01-24 12:08:45,7567.5,489988,7568.0,508392,33203,15176,18027,-18404,0.5
1900-01-24 12:09:00,7570.0,549741,7570.5,712059,254606,19566,235040,-162318,0.5
1900-01-24 12:09:15,7569.0,752087,7569.5,205086,55225,242964,-187739,547001,0.5
1900-01-24 12:09:30,7570.0,1142722,7570.5,81675,120813,2206,118607,1061047,0.5
1900-01-24 12:09:45,7566.0,687741,7566.5,362651,87691,77481,10210,325090,0.5
1900-01-24 12:10:00,7567.0,318049,7567.5,1033382,344676,256986,87690,-715333,0.5
1900-01-24 12:10:15,7566.5,880248,7567.0,426447,9147,109187,-100040,453801,0.5
1900-01-24 12:10:30,7568.5,16811,7569.0,2208787,363147,26208,336939,-2191976,0.5
1900-01-24 12:10:45,7568.5,10484,7569.0,2284714,16042,45148,-29106,-2274230,0.5
1900-01-24 12:11:00,7567.5,259242,7568.0,607923,15850,267710,-251860,-348681,0.5
1900-01-24 12:11:15,7567.5,950823,7568.0,462187,19944,4310,15634,488636,0.5
1900-01-24 12:11:30,7575.0,455663,7575.5,333040,570499,1600,568899,122623,0.5
1900-01-24 12:11:45,7575.5,1002486,7576.0,21836,209397,7010,202387,980650,0.5
1900-01-24 12:12:00,7576.5,591236,7577.0,265214,143223,86999,56224,326022,0.5
1900-01-24 12:12:15,7577.0,875192,7577.5,70972,190026,4818,185208,804220,0.5
1900-01-24 12:12:30,7577.0,848166,7577.5,622646,55636,4460,51176,225520,0.5
1900-01-24 12:12:45,7578.0,985236,7578.5,243943,202147,10214,191933,741293,0.5
1900-01-24 12:13:00,7578.0,1257416,7578.5,119625,68981,20075,48906,1137791,0.5
1900-01-24 12:13:15,7579.0,919184,7579.5,570424,96849,16745,80104,348760,0.5
1900-01-24 12:13:30,7579.0,1027680,7579.5,275729,144211,32397,111814,751951,0.5
1900-01-24 12:13:45,7579.5,686700,7580.0,716840,322129,2383,319746,-30140,0.5
1900-01-24 12:14:00,7579.5,1626623,7580.0,319085,84204,10500,73704,1307538,0.5
1900-01-24 12:14:15,7580.5,1092748,7581.0,324420,193873,2234,191639,768328,0.5
1900-01-24 12:14:30,7580.5,1604282,7581.0,121659,233240,20,233220,1482623,0.5
1900-01-24 12:14:45,7580.5,1295041,7581.0,291290,115533,13434,102099,1003751,0.5
1900-01-24 12:15:00,7580.5,1735072,7581.0,38046,94642,2626,92016,1697026,0.5
1900-01-24 12:15:15,7582.0,508304,7582.5,552750,214265,14864,199401,-44446,0.5
1900-01-24 12:15:30,7578.5,186867,7579.0,745395,131541,78994,52547,-558528,0.5
1900-01-24 12:15:45,7578.5,1251707,7579.0,198245,4544,97199,-92655,1053462,0.5
1900-01-24 12:16:00,7582.5,538803,7583.0,633038,8277,11450,-3173,-94235,0.5
1900-01-24 12:16:15,7582.5,598940,7583.0,1041804,15495,19209,-3714,-442864,0.5
1900-01-24 12:16:30,7582.5,647189,7583.0,836394,110692,3825,106867,-189205,0.5
1900-01-24 12:16:45,7582.5,1156258,7583.0,339833,124473,12113,112360,816425,0.5
1900-01-24 12:17:00,7582.5,672357,7583.0,541777,39851,8091,31760,130580,0.5
1900-01-24 12:17:15,7583.0,1240771,7583.5,29661,89494,27166,62328,1211110,0.5
1900-01-24 12:17:30,7583.5,1528016,7584.0,151067,56517,7992,48525,1376949,0.5
1900-01-24 12:17:45,7583.5,1313002,7584.0,347443,35003,2661,32342,965559,0.5
1900-01-24 12:18:00,7584.5,1111872,7585.0,102260,127784,21129,106655,1009612,0.5
1900-01-24 12:18:15,7585.0,1424925,7585.5,80009,94866,3001,91865,1344916,0.5
1900-01-24 12:18:30,7585.5,227248,7586.0,880790,60844,4352,56492,-653542,0.5
1900-01-24 12:18:45,7585.5,243160,7586.0,837773,32614,99127,-66513,-594613,0.5
1900-01-24 12:19:00,7585.5,179709,7586.0,1020517,30131,35442,-5311,-840808,0.5
1900-01-24 12:19:15,7583.5,28940,7584.0,874152,800,225658,-224858,-845212,0.5
1900-01-24 12:19:30,7578.0,750363,7578.5,792579,3425,111349,-107924,-42216,0.5
1900-01-24 12:19:45,7577.5,459761,7578.0,1340440,10,403503,-403493,-880679,0.5
1900-01-24 12:20:00,7576.5,905006,7577.0,261698,1813,395123,-393310,643308,0.5
1900-01-24 12:20:15,7576.5,1109447,7577.0,141636,38849,44346,-5497,967811,0.5
1900-01-24 12:20:30,7576.5,783585,7577.0,726714,25509,17351,8158,56871,0.5
1900-01-24 12:20:45,7575.5,187456,7576.0,1339258,13663,31995,-18332,-1151802,0.5
1900-01-24 12:21:00,7575.5,811399,7576.0,378344,23502,74976,-51474,433055,0.5
1900-01-24 12:21:15,7575.5,601761,7576.0,665498,8601,50047,-41446,-63737,0.5
1900-01-24 12:21:30,7575.5,946423,7576.0,182042,34040,84183,-50143,764381,0.5
1900-01-24 12:21:45,7575.5,97474,7576.0,1854244,40644,46022,-5378,-1756770,0.5
1900-01-24 12:22:00,7574.5,82354,7575.0,1831022,53931,106964,-53033,-1748668,0.5
1900-01-24 12:22:15,7570.5,74543,7571.0,1497341,56612,112043,-55431,-1422798,0.5
1900-01-24 12:22:30,7570.0,113650,7570.5,1431351,2001,187110,-185109,-1317701,0.5
1900-01-24 12:22:45,7566.0,28019,7566.5,15582,20502,210439,-189937,12437,0.5
1900-01-24 12:23:00,7565.5,677616,7566.0,158370,96642,313804,-217162,519246,0.5
1900-01-24 12:23:15,7566.0,442071,7566.5,591323,1666,27509,-25843,-149252,0.5
1900-01-24 12:23:30,7569.5,71798,7570.0,1243697,32261,187543,-155282,-1171899,0.5
1900-01-24 12:23:45,7566.5,626452,7567.0,368789,45270,59469,-14199,257663,0.5
1900-01-24 12:24:00,7566.5,573803,7567.0,463593,75373,57712,17661,110210,0.5
1900-01-24 12:24:15,7565.0,18358,7565.5,957130,29525,180482,-150957,-938772,0.5
1900-01-24 12:24:30,7563.0,92691,7563.5,849923,18782,122255,-103473,-757232,0.5
1900-01-24 12:24:45,7562.5,5703,7563.0,1427804,12657,29737,-17080,-1422101,0.5
1900-01-24 12:25:00,7562.0,947473,7562.5,875628,2052,143256,-141204,71845,0.5
1900-01-24 12:25:15,7560.5,133710,7561.0,1438847,6515,137637,-131122,-1305137,0.5
1900-01-24 12:25:30,7562.0,312479,7562.5,39909,44608,422411,-377803,272570,0.5
1900-01-24 12:25:45,7559.5,448185,7560.0,236248,479095,30152,448943,211937,0.5
1900-01-24 12:26:00,7568.5,60561,7569.0,41508,511181,72476,438705,19053,0.5
1900-01-24 12:26:15,7572.5,239590,7573.0,1142305,249394,28515,220879,-902715,0.5
1900-01-24 12:26:30,7572.5,69243,7573.0,1445011,72112,41724,30388,-1375768,0.5
1900-01-24 12:26:45,7571.0,146678,7571.5,1482940,25763,61524,-35761,-1336262,0.5
1900-01-24 12:27:00,7569.0,453506,7569.5,923881,91569,25917,65652,-470375,0.5
1900-01-24 12:27:15,7569.0,519268,7569.5,569215,13100,30087,-16987,-49947,0.5
1900-01-24 12:27:30,7566.5,2378,7567.0,608812,23150,134384,-111234,-606434,0.5
1900-01-24 12:27:45,7566.5,419396,7567.0,602817,6324,20600,-14276,-183421,0.5
1900-01-24 12:28:00,7566.5,70048,7567.0,1451075,19586,35666,-16080,-1381027,0.5
1900-01-24 12:28:15,7568.0,664582,7568.5,94455,94088,17286,76802,570127,0.5
1900-01-24 12:28:30,7569.5,622124,7570.0,884871,76899,40402,36497,-262747,0.5
1900-01-24 12:28:45,7571.0,361902,7571.5,1025417,76268,13568,62700,-663515,0.5
1900-01-24 12:29:00,7571.0,551649,7571.5,401105,235685,24916,210769,150544,0.5
1900-01-24 12:29:15,7571.0,762841,7571.5,428340,113918,1001,112917,334501,0.5
1900-01-24 12:29:30,7565.5,61520,7566.0,1267208,82542,64820,17722,-1205688,0.5
1900-01-24 12:29:45,7562.0,75499,7562.5,317569,18350,32796,-14446,-242070,0.5
1900-01-24 12:30:00,7562.0,189272,7562.5,862091,3150,56603,-53453,-672819,0.5
1900-01-24 12:30:15,7562.0,459191,7562.5,681227,25755,23535,2220,-222036,0.5
1900-01-24 12:30:30,7562.0,331858,7562.5,757625,35064,55937,-20873,-425767,0.5
1900-01-24 12:30:45,7562.0,730135,7562.5,6334,136152,26713,109439,723801,0.5
1900-01-24 12:31:00,7565.5,343371,7566.0,207065,521825,17499,504326,136306,0.5
1900-01-24 12:31:15,7565.5,385017,7566.0,823520,156043,17499,138544,-438503,0.5
1900-01-24 12:31:30,7565.5,682101,7566.0,233938,183641,8047,175594,448163,0.5
1900-01-24 12:31:45,7567.5,319447,7568.0,37823,69729,6000,63729,281624,0.5
1900-01-24 12:32:00,7571.5,475219,7572.0,79544,30901,19966,10935,395675,0.5
1900-01-24 12:32:15,7572.5,533522,7573.0,860473,106777,12050,94727,-326951,0.5
1900-01-24 12:32:30,7574.5,681948,7575.0,30142,104667,6519,98148,651806,0.5
1900-01-24 12:32:45,7574.5,722789,7575.0,624663,65307,447,64860,98126,0.5
1900-01-24 12:33:00,7574.5,1148874,7575.0,69150,136077,3356,132721,1079724,0.5
1900-01-24 12:33:15,7574.5,1076495,7575.0,318105,77717,3688,74029,758390,0.5
1900-01-24 12:33:30,7576.0,1103220,7576.5,9469,30037,8800,21237,1093751,0.5
1900-01-24 12:33:45,7577.0,1902957,7577.5,109369,241797,7860,233937,1793588,0.5
1900-01-24 12:34:00,7582.0,1138503,7582.5,108717,282727,3362,279365,1029786,0.5
1900-01-24 12:34:15,7582.5,10614,7583.0,896195,215571,146226,69345,-885581,0.5
1900-01-24 12:34:30,7582.5,897181,7583.0,149992,11170,21362,-10192,747189,0.5
1900-01-24 12:34:45,7583.0,1145892,7583.5,526076,91486,12841,78645,619816,0.5
1900-01-24 12:35:00,7583.0,1225681,7583.5,1783113,35980,35532,448,-557432,0.5
1900-01-24 12:35:15,7583.0,1485893,7583.5,1126747,322494,17930,304564,359146,0.5
1900-01-24 12:35:30,7583.0,2435987,7583.5,759356,381273,6369,374904,1676631,0.5
1900-01-24 12:35:45,7584.5,584098,7585.0,548327,695376,3465,691911,35771,0.5
1900-01-24 12:36:00,7584.5,1315922,7585.0,1266087,80900,148,80752,49835,0.5
1900-01-24 12:36:15,7584.5,1533753,7585.0,423326,75791,16006,59785,1110427,0.5
1900-01-24 12:36:30,7584.5,1304096,7585.0,253698,212608,2393,210215,1050398,0.5
1900-01-24 12:36:45,7584.5,1568667,7585.0,43279,58415,60469,-2054,1525388,0.5
1900-01-24 12:37:00,7586.0,1400370,7586.5,505153,123336,7611,115725,895217,0.5
1900-01-24 12:37:15,7586.0,2163898,7586.5,662267,160603,7611,152992,1501631,0.5
1900-01-24 12:37:30,7586.0,2374476,7586.5,434195,152012,12601,139411,1940281,0.5
1900-01-24 12:37:45,7586.0,2331253,7586.5,110753,333870,5224,328646,2220500,0.5
1900-01-24 12:38:00,7587.0,1312473,7587.5,352156,96884,68056,28828,960317,0.5
1900-01-24 12:38:15,7587.0,1594707,7587.5,415744,90288,88802,1486,1178963,0.5
1900-01-24 12:38:30,7587.0,1835445,7587.5,337275,76422,88802,-12380,1498170,0.5
1900-01-24 12:38:45,7596.5,988240,7597.0,121848,3469399,8077,3461322,866392,0.5
1900-01-24 12:39:00,7598.5,1103948,7599.0,167838,244056,115195,128861,936110,0.5
1900-01-24 12:39:15,7609.0,15000,7609.5,169377,661375,17564,643811,-154377,0.5
1900-01-24 12:39:30,7605.0,246022,7605.5,118266,396972,379417,17555,127756,0.5
1900-01-24 12:39:45,7604.5,971102,7605.0,158864,71036,238474,-167438,812238,0.5
1900-01-24 12:40:00,7605.0,985372,7605.5,29506,90169,248371,-158202,955866,0.5
1900-01-24 12:40:15,7607.5,1308094,7608.0,50843,170360,5785,164575,1257251,0.5
1900-01-24 12:40:30,7609.5,1579034,7610.0,38095,180801,22450,158351,1540939,0.5
1900-01-24 12:40:45,7608.5,368075,7609.0,758850,188813,275458,-86645,-390775,0.5
1900-01-24 12:41:00,7608.5,101247,7609.0,697683,129729,162453,-32724,-596436,0.5
1900-01-24 12:41:15,7606.5,1296773,7607.0,225140,45957,138085,-92128,1071633,0.5
1900-01-24 12:41:30,7607.0,609711,7607.5,1341,106073,105782,291,608370,0.5
1900-01-24 12:41:45,7607.5,1493785,7608.0,272006,34256,45345,-11089,1221779,0.5
1900-01-24 12:42:00,7610.5,595369,7611.0,240567,211116,40541,170575,354802,0.5
1900-01-24 12:42:15,7608.0,1771495,7608.5,21688,114099,64025,50074,1749807,0.5
1900-01-24 12:42:30,7611.0,862693,7611.5,257127,166502,88647,77855,605566,0.5
1900-01-24 12:42:45,7611.0,946195,7611.5,57686,199672,30662,169010,888509,0.5
1900-01-24 12:43:00,7611.0,940330,7611.5,122485,26999,104090,-77091,817845,0.5
1900-01-24 12:43:15,7611.0,484979,7611.5,620077,57704,12399,45305,-135098,0.5
1900-01-24 12:43:30,7611.0,832169,7611.5,887271,5574,30399,-24825,-55102,0.5
1900-01-24 12:43:45,7610.0,222277,7610.5,1045834,7255,827204,-819949,-823557,0.5
1900-01-24 12:44:00,7606.5,52255,7607.0,937049,10815,370916,-360101,-884794,0.5
1900-01-24 12:44:15,7604.0,915561,7604.5,527755,2,316464,-316462,387806,0.5
1900-01-24 12:44:30,7605.5,626235,7606.0,733197,81659,174327,-92668,-106962,0.5
1900-01-24 12:44:45,7607.5,550921,7608.0,1320,58450,25256,33194,549601,0.5
1900-01-24 12:45:00,7605.0,24013,7605.5,793725,29560,53849,-24289,-769712,0.5
1900-01-24 12:45:15,7604.5,7539,7605.0,831421,13969,60151,-46182,-823882,0.5
1900-01-24 12:45:30,7604.0,919510,7604.5,1827282,754,112484,-111730,-907772,0.5
1900-01-24 12:45:45,7604.0,860431,7604.5,1737325,4619,60451,-55832,-876894,0.5
1900-01-24 12:46:00,7604.0,833956,7604.5,1679368,2292,34481,-32189,-845412,0.5
1900-01-24 12:46:15,7604.0,664581,7604.5,1757383,411,186970,-186559,-1092802,0.5
1900-01-24 12:46:30,7600.0,709052,7600.5,510233,7895,593043,-585148,198819,0.5
1900-01-24 12:46:45,7600.0,1596534,7600.5,370515,125094,130875,-5781,1226019,0.5
1900-01-24 12:47:00,7599.0,1127910,7599.5,235951,81854,134443,-52589,891959,0.5
1900-01-24 12:47:15,7599.0,912921,7599.5,1217532,19442,72537,-53095,-304611,0.5
1900-01-24 12:47:30,7599.0,1086940,7599.5,1437628,2407,70367,-67960,-350688,0.5
1900-01-24 12:47:45,7599.0,20511,7599.5,2027903,13428,372478,-359050,-2007392,0.5
1900-01-24 12:48:00,7595.5,413293,7596.0,769647,7188,148320,-141132,-356354,0.5
1900-01-24 12:48:15,7595.5,880151,7596.0,806357,15770,22400,-6630,73794,0.5
1900-01-24 12:48:30,7595.5,1192268,7596.0,333149,41740,7150,34590,859119,0.5
1900-01-24 12:48:45,7597.0,1230564,7597.5,39638,217734,965,216769,1190926,0.5
1900-01-24 12:49:00,7598.5,1094667,7599.0,723619,293072,2953,290119,371048,0.5
1900-01-24 12:49:15,7598.5,1087878,7599.0,840919,10901,2688,8213,246959,0.5
1900-01-24 12:49:30,7595.5,346357,7596.0,1084141,2100,324696,-322596,-737784,0.5
1900-01-24 12:49:45,7595.5,1126511,7596.0,526920,4100,19596,-15496,599591,0.5
1900-01-24 12:50:00,7596.0,1226593,7596.5,1041376,275132,24904,250228,185217,0.5
1900-01-24 12:50:15,7596.0,999709,7596.5,964189,73060,39554,33506,35520,0.5
1900-01-24 12:50:30,7596.0,1430584,7596.5,874239,100200,3111,97089,556345,0.5
1900-01-24 12:50:45,7596.0,1300167,7596.5,693293,175930,16675,159255,606874,0.5
1900-01-24 12:51:00,7596.0,1663059,7596.5,669505,78020,230,77790,993554,0.5
1900-01-24 12:51:15,7596.5,1611276,7597.0,101689,568492,1671,566821,1509587,0.5
1900-01-24 12:51:30,7596.5,1931741,7597.0,42463,299873,900,298973,1889278,0.5
1900-01-24 12:51:45,7599.5,1387901,7600.0,395228,210441,506,209935,992673,0.5
1900-01-24 12:52:00,7606.5,1081324,7607.0,87590,615653,6831,608822,993734,0.5
1900-01-24 12:52:15,7609.0,1547998,7609.5,22768,128974,2103,126871,1525230,0.5
1900-01-24 12:52:30,7609.0,302723,7609.5,648848,140857,84147,56710,-346125,0.5
1900-01-24 12:52:45,7609.0,33320,7609.5,603312,60400,146945,-86545,-569992,0.5
1900-01-24 12:53:00,7613.0,773734,7613.5,615168,402699,87491,315208,158566,0.5
1900-01-24 12:53:15,7613.0,316190,7613.5,723341,123683,39355,84328,-407151,0.5
1900-01-24 12:53:30,7613.5,1076954,7614.0,11740,222036,36305,185731,1065214,0.5
1900-01-24 12:53:45,7616.0,1619931,7616.5,45120,249031,30319,218712,1574811,0.5
1900-01-24 12:54:00,7616.5,2029267,7617.0,328611,280151,14715,265436,1700656,0.5
1900-01-24 12:54:15,7616.5,229611,7617.0,1289540,105155,457567,-352412,-1059929,0.5
1900-01-24 12:54:30,7616.5,1066970,7617.0,980193,4870,28494,-23624,86777,0.5
1900-01-24 12:54:45,7616.5,1025272,7617.0,1172007,23353,10835,12518,-146735,0.5
1900-01-24 12:55:00,7616.5,1604102,7617.0,68014,22777,152631,-129854,1536088,0.5
1900-01-24 12:55:15,7617.5,1256827,7618.0,901182,247742,6172,241570,355645,0.5
1900-01-24 12:55:30,7616.5,1345574,7617.0,510615,27443,142255,-114812,834959,0.5
1900-01-24 12:55:45,7616.0,253392,7616.5,741601,40507,85049,-44542,-488209,0.5
1900-01-24 12:56:00,7615.5,277913,7616.0,1000072,10012,182505,-172493,-722159,0.5
1900-01-24 12:56:15,7613.5,862250,7614.0,863497,10047,200294,-190247,-1247,0.5
1900-01-24 12:56:30,7613.5,286664,7614.0,818809,3797,223686,-219889,-532145,0.5
1900-01-24 12:56:45,7613.5,547012,7614.0,1187242,16209,176033,-159824,-640230,0.5
1900-01-24 12:57:00,7613.5,1558174,7614.0,926738,2195,161367,-159172,631436,0.5
1900-01-24 12:57:15,7616.5,1012595,7617.0,33669,152538,5076,147462,978926,0.5
1900-01-24 12:57:30,7618.0,451622,7618.5,549925,160553,3476,157077,-98303,0.5
1900-01-24 12:57:45,7618.0,604775,7618.5,603175,43308,46843,-3535,1600,0.5
1900-01-24 12:58:00,7620.5,904436,7621.0,73879,96091,5892,90199,830557,0.5
1900-01-24 12:58:15,7621.0,457520,7621.5,684574,399150,8060,391090,-227054,0.5
1900-01-24 12:58:30,7640.0,846252,7640.5,403287,373094,456901,-83807,442965,0.5
1900-01-24 12:58:45,7629.0,53104,7629.5,165944,512750,667435,-154685,-112840,0.5
1900-01-24 12:59:00,7635.5,318520,7636.0,457531,253997,21831,232166,-139011,0.5
1900-01-24 12:59:15,7633.0,391111,7633.5,1018833,45470,258546,-213076,-627722,0.5
1900-01-24 12:59:30,7633.0,397628,7633.5,470935,202673,47498,155175,-73307,0.5
1900-01-24 12:59:45,7632.5,8699,7633.0,575959,13978,379537,-365559,-567260,0.5
1900-01-24 13:00:00,7631.5,445398,7632.0,416853,14001,192889,-178888,28545,0.5
1900-01-24 13:00:15,7631.5,59292,7632.0,1218507,23398,131228,-107830,-1159215,0.5
1900-01-24 13:00:30,7622.0,831423,7622.5,545439,42211,216243,-174032,285984,0.5
1900-01-24 13:00:45,7622.0,1027325,7622.5,676984,30858,99778,-68920,350341,0.5
1900-01-24 13:01:00,7624.5,276057,7625.0,587966,307635,71313,236322,-311909,0.5
1900-01-24 13:01:15,7625.0,1131013,7625.5,111549,221194,2285,218909,1019464,0.5
1900-01-24 13:01:30,7625.0,1407774,7625.5,741964,101828,31852,69976,665810,0.5
1900-01-24 13:01:45,7625.0,763201,7625.5,824894,27500,14079,13421,-61693,0.5
1900-01-24 13:02:00,7625.0,789180,7625.5,401667,92988,62678,30310,387513,0.5
1900-01-24 13:02:15,7625.0,1035968,7625.5,258200,4823,13900,-9077,777768,0.5
1900-01-24 13:02:30,7625.0,757896,7625.5,591812,7278,37273,-29995,166084,0.5
1900-01-24 13:02:45,7625.0,420573,7625.5,550930,12263,75805,-63542,-130357,0.5
1900-01-24 13:03:00,7624.0,773945,7624.5,609937,4401,241307,-236906,164008,0.5
1900-01-24 13:03:15,7624.0,1068492,7624.5,372092,2641,79150,-76509,696400,0.5
1900-01-24 13:03:30,7624.0,1936821,7624.5,156071,77014,3333,73681,1780750,0.5
1900-01-24 13:03:45,7631.5,1206729,7632.0,307832,302048,23388,278660,898897,0.5
1900-01-24 13:04:00,7631.5,329769,7632.0,755840,95907,9230,86677,-426071,0.5
1900-01-24 13:04:15,7639.5,320959,7640.0,516646,178919,29490,149429,-195687,0.5
1900-01-24 13:04:30,7640.0,1123964,7640.5,195315,386004,11999,374005,928649,0.5
1900-01-24 13:04:45,7642.0,2327884,7642.5,148039,156679,13479,143200,2179845,0.5
1900-01-24 13:05:00,7644.5,300095,7645.0,656906,160526,25257,135269,-356811,0.5
1900-01-24 13:05:15,7644.5,2584263,7645.0,689560,40981,79503,-38522,1894703,0.5
1900-01-24 13:05:30,7644.5,2013289,7645.0,570309,110850,395806,-284956,1442980,0.5
1900-01-24 13:05:45,7644.5,2324555,7645.0,552422,195216,258154,-62938,1772133,0.5
1900-01-24 13:06:00,7644.5,2350339,7645.0,534462,83672,127044,-43372,1815877,0.5
1900-01-24 13:06:15,7644.5,2425634,7645.0,350499,128942,6892,122050,2075135,0.5
1900-01-24 13:06:30,7648.0,745880,7648.5,47664,227424,12885,214539,698216,0.5
1900-01-24 13:06:45,7649.0,860154,7649.5,188374,251367,26089,225278,671780,0.5
1900-01-24 13:07:00,7649.5,1153117,7650.0,1028320,279027,61055,217972,124797,0.5
1900-01-24 13:07:15,7649.5,2313769,7650.0,606136,338347,8525,329822,1707633,0.5
1900-01-24 13:07:30,7655.5,367836,7656.0,109695,405485,70118,335367,258141,0.5
1900-01-24 13:07:45,7659.0,117747,7659.5,28414,530871,291415,239456,89333,0.5
1900-01-24 13:08:00,7655.5,355103,7656.0,982456,1271245,1347739,-76494,-627353,0.5
1900-01-24 13:08:15,7651.0,831858,7651.5,56168,361652,857304,-495652,775690,0.5
1900-01-24 13:08:30,7647.5,708573,7648.0,500683,132351,397725,-265374,207890,0.5
1900-01-24 13:08:45,7647.5,1587545,7648.0,1545634,8239,245098,-236859,41911,0.5
1900-01-24 13:09:00,7654.5,43236,7655.0,40724,313555,42351,271204,2512,0.5
1900-01-24 13:09:15,7674.5,16771,7675.0,178737,1194123,83822,1110301,-161966,0.5
1900-01-24 13:09:30,7665.5,917861,7666.0,579968,570922,761624,-190702,337893,0.5
1900-01-24 13:09:45,7662.0,210191,7662.5,924640,114161,450973,-336812,-714449,0.5
1900-01-24 13:10:00,7662.5,934447,7663.0,38363,192346,105722,86624,896084,0.5
1900-01-24 13:10:15,7666.0,576323,7666.5,897418,370313,80884,289429,-321095,0.5
1900-01-24 13:10:30,7667.5,676428,7668.0,360507,312194,82371,229823,315921,0.5
1900-01-24 13:10:45,7671.0,1198695,7671.5,54059,379605,2872,376733,1144636,0.5
1900-01-24 13:11:00,7672.0,577804,7672.5,325549,243744,106936,136808,252255,0.5
1900-01-24 13:11:15,7672.0,2507653,7672.5,127125,216671,107875,108796,2380528,0.5
1900-01-24 13:11:30,7672.0,2134001,7672.5,775870,159065,24895,134170,1358131,0.5
1900-01-24 13:11:45,7657.5,196129,7658.0,31675,65460,2885752,-2820292,164454,0.5
1900-01-24 13:12:00,7660.0,1012113,7660.5,74376,158632,107434,51198,937737,0.5
1900-01-24 13:12:15,7663.0,292789,7663.5,276791,68421,118331,-49910,15998,0.5
1900-01-24 13:12:30,7667.0,912785,7667.5,85679,129021,104279,24742,827106,0.5
1900-01-24 13:12:45,7667.5,150382,7668.0,711,42523,65209,-22686,149671,0.5
1900-01-24 13:13:00,7669.5,302914,7670.0,542400,23442,30058,-6616,-239486,0.5
1900-01-24 13:13:15,7671.5,656491,7672.0,338793,128343,45340,83003,317698,0.5
1900-01-24 13:13:30,7673.0,1060503,7673.5,2355,41300,37933,3367,1058148,0.5
1900-01-24 13:13:45,7674.0,666144,7674.5,117125,113515,7544,105971,549019,0.5
1900-01-24 13:14:00,7668.5,1069448,7669.0,134225,64966,665629,-600663,935223,0.5
1900-01-24 13:14:15,7674.5,557966,7675.0,146319,97422,23347,74075,411647,0.5
1900-01-24 13:14:30,7675.5,2272941,7676.0,52734,258538,72589,185949,2220207,0.5
1900-01-24 13:14:45,7679.5,625459,7680.0,1531549,479130,12926,466204,-906090,0.5
1900-01-24 13:15:00,7687.5,33829,7688.0,8450,1945036,84148,1860888,25379,0.5
1900-01-24 13:15:15,7679.5,1337865,7680.0,110332,202080,203503,-1423,1227533,0.5
1900-01-24 13:15:30,7687.0,7403,7687.5,49803,285098,58116,226982,-42400,0.5
1900-01-24 13:15:45,7684.0,437512,7684.5,7758,190065,113591,76474,429754,0.5
1900-01-24 13:16:00,7684.0,48819,7684.5,722975,115030,53869,61161,-674156,0.5
1900-01-24 13:16:15,7674.5,325429,7675.0,355815,107164,531624,-424460,-30386,0.5
1900-01-24 13:16:30,7674.5,853670,7675.0,423194,170037,122017,48020,430476,0.5
1900-01-24 13:16:45,7668.0,1281963,7668.5,365609,27952,296165,-268213,916354,0.5
1900-01-24 13:17:00,7667.0,11395,7667.5,600669,53530,113847,-60317,-589274,0.5
1900-01-24 13:17:15,7661.0,569140,7661.5,485036,22434,435690,-413256,84104,0.5
1900-01-24 13:17:30,7666.0,142,7666.5,801858,245713,73246,172467,-801716,0.5
1900-01-24 13:17:45,7665.0,236939,7665.5,1210780,14323,227160,-212837,-973841,0.5
1900-01-24 13:18:00,7661.0,105348,7661.5,1273541,17415,718382,-700967,-1168193,0.5
1900-01-24 13:18:15,7657.5,353729,7658.0,1034005,4426,411641,-407215,-680276,0.5
1900-01-24 13:18:30,7657.5,435683,7658.0,1212750,13401,340330,-326929,-777067,0.5
1900-01-24 13:18:45,7657.5,758941,7658.0,329983,148071,233034,-84963,428958,0.5
1900-01-24 13:19:00,7658.5,1195041,7659.0,3973,232975,21416,211559,1191068,0.5
1900-01-24 13:19:15,7660.5,940429,7661.0,773594,678689,46529,632160,166835,0.5
1900-01-24 13:19:30,7660.0,100787,7660.5,1163182,55596,75280,-19684,-1062395,0.5
1900-01-24 13:19:45,7661.5,1003416,7662.0,26249,101787,24398,77389,977167,0.5
1900-01-24 13:20:00,7663.0,686719,7663.5,4190,40135,9153,30982,682529,0.5
1900-01-24 13:20:15,7664.5,1404175,7665.0,232272,78913,41852,37061,1171903,0.5
1900-01-24 13:20:30,7668.5,371882,7669.0,64798,89466,4751,84715,307084,0.5
1900-01-24 13:20:45,7668.5,1126320,7669.0,448823,151578,2984,148594,677497,0.5
1900-01-24 13:21:00,7674.5,1257947,7675.0,423119,311235,45390,265845,834828,0.5
1900-01-24 13:21:15,7665.0,249095,7665.5,6905,92391,222307,-129916,242190,0.5
1900-01-24 13:21:30,7669.0,1374065,7669.5,127195,16631,54575,-37944,1246870,0.5
1900-01-24 13:21:45,7674.5,247370,7675.0,857949,179342,141202,38140,-610579,0.5
1900-01-24 13:22:00,7664.5,522657,7665.0,458708,30097,296880,-266783,63949,0.5
1900-01-24 13:22:15,7664.5,998211,7665.0,243224,93133,20229,72904,754987,0.5
1900-01-24 13:22:30,7665.0,994113,7665.5,570,26514,9861,16653,993543,0.5
1900-01-24 13:22:45,7664.0,754460,7664.5,510194,82322,43988,38334,244266,0.5
1900-01-24 13:23:00,7661.5,2013877,7662.0,172841,58662,250471,-191809,1841036,0.5
1900-01-24 13:23:15,7661.5,1982911,7662.0,343330,13476,102691,-89215,1639581,0.5
1900-01-24 13:23:30,7661.5,2323579,7662.0,114743,55029,6544,48485,2208836,0.5
1900-01-24 13:23:45,7661.5,2260168,7662.0,89171,96491,5550,90941,2170997,0.5
1900-01-24 13:24:00,7655.0,475891,7655.5,1007405,25711,242137,-216426,-531514,0.5
1900-01-24 13:24:15,7650.0,252581,7650.5,148715,42227,390081,-347854,103866,0.5
1900-01-24 13:24:30,7649.0,386772,7649.5,549126,72634,157989,-85355,-162354,0.5
1900-01-24 13:24:45,7645.5,383287,7646.0,446451,84479,390812,-306333,-63164,0.5
1900-01-24 13:25:00,7648.5,598588,7649.0,170600,213588,200176,13412,427988,0.5
1900-01-24 13:25:15,7649.0,406066,7649.5,188066,167381,36276,131105,218000,0.5
1900-01-24 13:25:30,7649.0,419859,7649.5,175787,41575,96212,-54637,244072,0.5
1900-01-24 13:25:45,7649.0,384857,7649.5,225033,140841,17399,123442,159824,0.5
1900-01-24 13:26:00,7649.0,560884,7649.5,51793,58667,33194,25473,509091,0.5
1900-01-24 13:26:15,7651.0,256250,7651.5,1002840,123581,4696,118885,-746590,0.5
1900-01-24 13:26:30,7653.5,341329,7654.0,550084,84970,27164,57806,-208755,0.5
1900-01-24 13:26:45,7653.5,422680,7654.0,662816,8599,14826,-6227,-240136,0.5
1900-01-24 13:27:00,7654.5,958798,7655.0,18306,291379,8117,283262,940492,0.5
1900-01-24 13:27:15,7655.5,555527,7656.0,941433,29170,34891,-5721,-385906,0.5
1900-01-24 13:27:30,7658.0,221081,7658.5,555369,219976,14292,205684,-334288,0.5
1900-01-24 13:27:45,7658.0,11659,7658.5,781697,89689,143450,-53761,-770038,0.5
1900-01-24 13:28:00,7658.0,952118,7658.5,498310,62248,45809,16439,453808,0.5
1900-01-24 13:28:15,7658.0,1206216,7658.5,114432,13310,27110,-13800,1091784,0.5
1900-01-24 13:28:30,7659.0,1113662,7659.5,183180,85308,5246,80062,930482,0.5
1900-01-24 13:28:45,7659.0,165817,7659.5,550925,32341,4102,28239,-385108,0.5
1900-01-24 13:29:00,7659.0,57895,7659.5,865476,19003,61924,-42921,-807581,0.5
1900-01-24 13:29:15,7659.0,1072834,7659.5,916496,718,59210,-58492,156338,0.5
1900-01-24 13:29:30,7659.0,1015041,7659.5,980510,18302,51500,-33198,34531,0.5
1900-01-24 13:29:45,7659.0,973549,7659.5,778983,117275,235198,-117923,194566,0.5
1900-01-24 13:30:00,7659.0,889653,7659.5,1012470,102490,46873,55617,-122817,0.5
1900-01-24 13:30:15,7655.0,453766,7655.5,349072,86853,715524,-628671,104694,0.5
1900-01-24 13:30:30,7654.0,47021,7654.5,1255616,8580,176316,-167736,-1208595,0.5
1900-01-24 13:30:45,7654.0,12318,7654.5,1185692,11700,45150,-33450,-1173374,0.5
1900-01-24 13:31:00,7650.0,915400,7650.5,706951,47721,289110,-241389,208449,0.5
1900-01-24 13:31:15,7650.0,948767,7650.5,705123,17568,95326,-77758,243644,0.5
1900-01-24 13:31:30,7650.0,69719,7650.5,1612772,3484,350468,-346984,-1543053,0.5
1900-01-24 13:31:45,7649.0,228672,7649.5,1200453,50,57781,-57731,-971781,0.5
1900-01-24 13:32:00,7648.0,616613,7648.5,325975,640,114162,-113522,290638,0.5
1900-01-24 13:32:15,7647.5,20410,7648.0,1373428,10563,50291,-39728,-1353018,0.5
1900-01-24 13:32:30,7646.0,20745,7646.5,1140688,20794,351197,-330403,-1119943,0.5
1900-01-24 13:32:45,7645.0,623683,7645.5,481536,45081,263357,-218276,142147,0.5
1900-01-24 13:33:00,7649.0,1428533,7649.5,85596,125167,10959,114208,1342937,0.5
1900-01-24 13:33:15,7650.5,296137,7651.0,1066460,142418,553,141865,-770323,0.5
1900-01-24 13:33:30,7647.0,583444,7647.5,197642,37356,195858,-158502,385802,0.5
1900-01-24 13:33:45,7644.0,622409,7644.5,670320,11947,241335,-229388,-47911,0.5
1900-01-24 13:34:00,7644.5,806887,7645.0,31345,22422,123451,-101029,775542,0.5
1900-01-24 13:34:15,7647.0,257479,7647.5,959447,39887,20062,19825,-701968,0.5
1900-01-24 13:34:30,7644.5,57184,7645.0,1397471,2527,96731,-94204,-1340287,0.5
1900-01-24 13:34:45,7644.0,752313,7644.5,127380,70084,134944,-64860,624933,0.5
1900-01-24 13:35:00,7646.5,193374,7647.0,1035862,107887,7148,100739,-842488,0.5
1900-01-24 13:35:15,7646.5,1061220,7647.0,737926,55396,24829,30567,323294,0.5
1900-01-24 13:35:30,7648.0,854069,7648.5,121982,24163,14020,10143,732087,0.5
1900-01-24 13:35:45,7649.5,917643,7650.0,846684,216259,12664,203595,70959,0.5
1900-01-24 13:36:00,7649.5,901043,7650.0,783232,153562,73846,79716,117811,0.5
1900-01-24 13:36:15,7653.5,961799,7654.0,53530,704464,462,704002,908269,0.5
1900-01-24 13:36:30,7653.5,420460,7654.0,845081,177143,81333,95810,-424621,0.5
1900-01-24 13:36:45,7653.5,636038,7654.0,923564,58612,91375,-32763,-287526,0.5
1900-01-24 13:37:00,7653.5,250492,7654.0,1387928,20790,39445,-18655,-1137436,0.5
1900-01-24 13:37:15,7644.5,78306,7645.0,1308634,24930,166788,-141858,-1230328,0.5
1900-01-24 13:37:30,7643.5,6552,7644.0,1482333,20410,63018,-42608,-1475781,0.5
1900-01-24 13:37:45,7643.5,1350683,7644.0,418107,68996,114492,-45496,932576,0.5
1900-01-24 13:38:00,7646.5,695862,7647.0,3215,75858,3623,72235,692647,0.5
1900-01-24 13:38:15,7648.0,158114,7648.5,1030551,100666,1447,99219,-872437,0.5
1900-01-24 13:38:30,7645.0,525826,7645.5,218068,1438,122824,-121386,307758,0.5
1900-01-24 13:38:45,7648.0,130036,7648.5,1230057,7796,41921,-34125,-1100021,0.5
1900-01-24 13:39:00,7647.0,4628,7647.5,821383,1383,46392,-45009,-816755,0.5
1900-01-24 13:39:15,7645.0,560927,7645.5,1215337,7200,16566,-9366,-654410,0.5
1900-01-24 13:39:30,7645.0,1126040,7645.5,227538,40561,9638,30923,898502,0.5
1900-01-24 13:39:45,7645.0,1191147,7645.5,99972,87591,50979,36612,1091175,0.5
1900-01-24 13:40:00,7647.5,1187441,7648.0,37415,20210,1238,18972,1150026,0.5
1900-01-24 13:40:15,7648.5,631207,7649.0,416172,93144,20,93124,215035,0.5
1900-01-24 13:40:30,7649.5,614768,7650.0,89984,155892,5513,150379,524784,0.5
1900-01-24 13:40:45,7652.5,740311,7653.0,151297,332342,5893,326449,589014,0.5
1900-01-24 13:41:00,7658.5,905767,7659.0,380490,451255,684,450571,525277,0.5
1900-01-24 13:41:15,7659.0,1728104,7659.5,68764,79394,33958,45436,1659340,0.5
1900-01-24 13:41:30,7659.0,1245563,7659.5,381377,98827,16845,81982,864186,0.5
1900-01-24 13:41:45,7658.5,726822,7659.0,1227096,47462,106572,-59110,-500274,0.5
1900-01-24 13:42:00,7657.5,36281,7658.0,737702,30365,488096,-457731,-701421,0.5
1900-01-24 13:42:15,7657.5,306338,7658.0,811379,4722,7681,-2959,-505041,0.5
1900-01-24 13:42:30,7657.0,1216428,7657.5,100481,6898,102354,-95456,1115947,0.5
1900-01-24 13:42:45,7659.0,754496,7659.5,277125,197556,50145,147411,477371,0.5
1900-01-24 13:43:00,7659.0,803958,7659.5,275844,111825,13222,98603,528114,0.5
1900-01-24 13:43:15,7659.0,744716,7659.5,855235,24722,8250,16472,-110519,0.5
1900-01-24 13:43:30,7659.0,779468,7659.5,1608162,1,2502,-2501,-828694,0.5
1900-01-24 13:43:45,7659.0,1505219,7659.5,756983,44338,17609,26729,748236,0.5
1900-01-24 13:44:00,7659.5,819684,7660.0,862166,240374,3261,237113,-42482,0.5
1900-01-24 13:44:15,7659.5,1171514,7660.0,949364,55352,10981,44371,222150,0.5
1900-01-24 13:44:30,7659.5,1491283,7660.0,1545487,11976,10981,995,-54204,0.5
1900-01-24 13:44:45,7659.5,1312344,7660.0,1759160,21744,1016,20728,-446816,0.5
1900-01-24 13:45:00,7662.0,487605,7662.5,584325,511759,10152,501607,-96720,0.5
1900-01-24 13:45:15,7662.0,1372396,7662.5,148417,92972,11000,81972,1223979,0.5
1900-01-24 13:45:30,7665.5,640862,7666.0,184599,150130,24964,125166,456263,0.5
1900-01-24 13:45:45,7665.5,758650,7666.0,557952,162188,7020,155168,200698,0.5
1900-01-24 13:46:00,7665.5,1273726,7666.0,184771,16170,5106,11064,1088955,0.5
1900-01-24 13:46:15,7665.5,1838606,7666.0,81594,11444,25091,-13647,1757012,0.5
1900-01-24 13:46:30,7663.0,304354,7663.5,759062,11991,126634,-114643,-454708,0.5
1900-01-24 13:46:45,7663.0,92107,7663.5,1707923,14110,59686,-45576,-1615816,0.5
1900-01-24 13:47:00,7663.0,1057660,7663.5,507907,26773,37299,-10526,549753,0.5
1900-01-24 13:47:15,7663.0,104731,7663.5,1780247,12520,13280,-760,-1675516,0.5
1900-01-24 13:47:30,7663.0,1828140,7663.5,172868,13305,16943,-3638,1655272,0.5
1900-01-24 13:47:45,7663.0,1880875,7663.5,178125,50043,133221,-83178,1702750,0.5
1900-01-24 13:48:00,7665.0,1331050,7665.5,55372,124699,57688,67011,1275678,0.5
1900-01-24 13:48:15,7667.5,1242139,7668.0,363161,863201,889,862312,878978,0.5
1900-01-24 13:48:30,7672.5,1045884,7673.0,432785,120394,3412,116982,613099,0.5
1900-01-24 13:48:45,7674.0,748978,7674.5,65179,261129,64675,196454,683799,0.5
1900-01-24 13:49:00,7677.5,21823,7678.0,277069,92948,56949,35999,-255246,0.5
1900-01-24 13:49:15,7678.0,1207908,7678.5,56326,148030,67107,80923,1151582,0.5
1900-01-24 13:49:30,7673.0,333352,7673.5,84,69181,352601,-283420,333268,0.5
1900-01-24 13:49:45,7670.0,18934,7670.5,81071,133707,379356,-245649,-62137,0.5
1900-01-24 13:50:00,7670.0,117062,7670.5,13135,23488,89487,-65999,103927,0.5
1900-01-24 13:50:15,7672.5,896499,7673.0,23224,38092,15674,22418,873275,0.5
1900-01-24 13:50:30,7673.5,1114474,7674.0,254013,65049,13586,51463,860461,0.5
1900-01-24 13:50:45,7673.5,511419,7674.0,625268,140970,118082,22888,-113849,0.5
1900-01-24 13:51:00,7673.5,901023,7674.0,517582,72039,172577,-100538,383441,0.5
1900-01-24 13:51:15,7673.5,1141100,7674.0,214352,107821,31140,76681,926748,0.5
1900-01-24 13:51:30,7674.0,1407024,7674.5,151187,48789,131475,-82686,1255837,0.5
1900-01-24 13:51:45,7674.0,1454127,7674.5,545617,49022,30481,18541,908510,0.5
1900-01-24 13:52:00,7674.0,1451773,7674.5,553372,29930,7158,22772,898401,0.5
1900-01-24 13:52:15,7674.0,1971370,7674.5,107991,126883,12800,114083,1863379,0.5
1900-01-24 13:52:30,7675.0,1204744,7675.5,264431,59870,18752,41118,940313,0.5
1900-01-24 13:52:45,7675.0,1868463,7675.5,17094,78781,37670,41111,1851369,0.5
1900-01-24 13:53:00,7676.0,836299,7676.5,1462,25471,22797,2674,834837,0.5
1900-01-24 13:53:15,7677.5,1712459,7678.0,133878,106236,8221,98015,1578581,0.5
1900-01-24 13:53:30,7679.0,1679332,7679.5,9519,14843,54795,-39952,1669813,0.5
1900-01-24 13:53:45,7679.0,134978,7679.5,437475,19362,11260,8102,-302497,0.5
1900-01-24 13:54:00,7668.5,698434,7669.0,169746,21404,667216,-645812,528688,0.5
1900-01-24 13:54:15,7668.5,1661197,7669.0,366888,11927,87937,-76010,1294309,0.5
1900-01-24 13:54:30,7668.5,1514543,7669.0,56772,42694,296534,-253840,1457771,0.5
1900-01-24 13:54:45,7670.0,1292423,7670.5,460468,9979,32424,-22445,831955,0.5
1900-01-24 13:55:00,7668.5,133016,7669.0,682102,70246,76010,-5764,-549086,0.5
1900-01-24 13:55:15,7668.0,108651,7668.5,1250663,91220,1000327,-909107,-1142012,0.5
1900-01-24 13:55:30,7665.0,132072,7665.5,897077,3330,182499,-179169,-765005,0.5
1900-01-24 13:55:45,7665.0,926791,7665.5,503089,14524,80373,-65849,423702,0.5
1900-01-24 13:56:00,7665.0,932497,7665.5,699976,15000,252615,-237615,232521,0.5
1900-01-24 13:56:15,7665.0,622931,7665.5,1034498,13281,49098,-35817,-411567,0.5
1900-01-24 13:56:30,7665.0,104626,7665.5,2084990,136,342996,-342860,-1980364,0.5
1900-01-24 13:56:45,7662.5,202411,7663.0,1077324,30692,301390,-270698,-874913,0.5
1900-01-24 13:57:00,7662.5,303453,7663.0,1748287,10556,145694,-135138,-1444834,0.5
1900-01-24 13:57:15,7659.5,65452,7660.0,1976313,3241,220948,-217707,-1910861,0.5
1900-01-24 13:57:30,7658.5,60394,7659.0,1740085,15900,114637,-98737,-1679691,0.5
1900-01-24 13:57:45,7658.0,647357,7658.5,917730,47105,56461,-9356,-270373,0.5
1900-01-24 13:58:00,7658.0,18998,7658.5,1840918,2471,701948,-699477,-1821920,0.5
1900-01-24 13:58:15,7658.0,723151,7658.5,824788,2226,128404,-126178,-101637,0.5
1900-01-24 13:58:30,7658.0,699742,7658.5,883284,26122,88412,-62290,-183542,0.5
1900-01-24 13:58:45,7658.0,813234,7658.5,894760,14461,4002,10459,-81526,0.5
1900-01-24 13:59:00,7658.0,905222,7658.5,890956,11673,4211,7462,14266,0.5
1900-01-24 13:59:15,7658.0,955123,7658.5,747478,7322,6757,565,207645,0.5
1900-01-24 13:59:30,7658.0,852798,7658.5,948945,3431,143734,-140303,-96147,0.5
1900-01-24 13:59:45,7658.0,1109898,7658.5,732231,93898,2275,91623,377667,0.5
1900-01-24 14:00:00,7658.0,222522,7658.5,254357,87046,436082,-349036,-31835,0.5
1900-01-24 14:00:15,7658.5,891243,7659.0,273207,10224,133681,-123457,618036,0.5
1900-01-24 14:00:30,7658.5,838007,7659.0,402522,60515,18773,41742,435485,0.5
1900-01-24 14:00:45,7658.5,887603,7659.0,670010,30413,4000,26413,217593,0.5
1900-01-24 14:01:00,7662.5,171819,7663.0,50594,502165,1830,500335,121225,0.5
1900-01-24 14:01:15,7663.5,920342,7664.0,144569,77918,4020,73898,775773,0.5
1900-01-24 14:01:30,7669.5,331330,7670.0,583633,140587,20941,119646,-252303,0.5
1900-01-24 14:01:45,7671.5,790556,7672.0,559,623704,3916,619788,789997,0.5
1900-01-24 14:02:00,7679.5,543149,7680.0,687423,151016,10864,140152,-144274,0.5
1900-01-24 14:02:15,7678.5,127530,7679.0,1252674,88811,273975,-185164,-1125144,0.5
1900-01-24 14:02:30,7678.5,807820,7679.0,519468,24583,176638,-152055,288352,0.5
1900-01-24 14:02:45,7678.5,1392517,7679.0,7780,221199,20839,200360,1384737,0.5
1900-01-24 14:03:00,7690.0,376833,7690.5,18813,496418,17161,479257,358020,0.5
1900-01-24 14:03:15,7691.0,6970,7691.5,54329,1889556,318248,1571308,-47359,0.5
1900-01-24 14:03:30,7694.5,1149945,7695.0,73367,328785,94803,233982,1076578,0.5
1900-01-24 14:03:45,7687.0,128603,7687.5,284972,195496,568238,-372742,-156369,0.5
1900-01-24 14:04:00,7693.0,271302,7693.5,61488,134994,110994,24000,209814,0.5
1900-01-24 14:04:15,7700.5,73005,7701.0,340356,558776,99452,459324,-267351,0.5
1900-01-24 14:04:30,7706.5,80511,7707.0,579207,1642405,55585,1586820,-498696,0.5
1900-01-24 14:04:45,7709.5,112440,7710.0,719884,324042,270537,53505,-607444,0.5
1900-01-24 14:05:00,7713.0,570766,7713.5,16249,595128,336883,258245,554517,0.5
1900-01-24 14:05:15,7707.0,116541,7707.5,14496,393326,921475,-528149,102045,0.5
1900-01-24 14:05:30,7705.0,174163,7705.5,639418,242604,198842,43762,-465255,0.5
1900-01-24 14:05:45,7705.0,218885,7705.5,458524,147223,87610,59613,-239639,0.5
1900-01-24 14:06:00,7704.0,631079,7704.5,437593,300784,542430,-241646,193486,0.5
1900-01-24 14:06:15,7703.5,408194,7704.0,976296,22776,997541,-974765,-568102,0.5
1900-01-24 14:06:30,7697.5,986541,7698.0,227358,26060,764004,-737944,759183,0.5
1900-01-24 14:06:45,7697.5,118899,7698.0,872691,18327,332670,-314343,-753792,0.5
1900-01-24 14:07:00,7697.5,975350,7698.0,343929,135879,198696,-62817,631421,0.5
1900-01-24 14:07:15,7699.5,1321783,7700.0,508359,175570,38665,136905,813424,0.5
1900-01-24 14:07:30,7703.5,886179,7704.0,3039,433171,3121,430050,883140,0.5
1900-01-24 14:07:45,7708.0,1704892,7708.5,11342,172418,27404,145014,1693550,0.5
1900-01-24 14:08:00,7715.0,545886,7715.5,139974,309876,72070,237806,405912,0.5
1900-01-24 14:08:15,7715.0,859785,7715.5,295867,555539,483240,72299,563918,0.5
1900-01-24 14:08:30,7720.0,80953,7720.5,26374,1091969,277198,814771,54579,0.5
1900-01-24 14:08:45,7724.0,1467,7726.5,135119,1662595,103939,1558656,-133652,2.5
1900-01-24 14:09:00,7721.0,509148,7721.5,451689,306221,631435,-325214,57459,0.5
1900-01-24 14:09:15,7721.0,844551,7721.5,93604,228495,657914,-429419,750947,0.5
1900-01-24 14:09:30,7720.0,150654,7720.5,569459,102272,316121,-213849,-418805,0.5
1900-01-24 14:09:45,7715.0,894942,7715.5,745663,75653,357150,-281497,149279,0.5
1900-01-24 14:10:00,7715.0,1986870,7715.5,111131,181292,60679,120613,1875739,0.5
1900-01-24 14:10:15,7717.5,1613260,7718.0,44053,270998,213290,57708,1569207,0.5
1900-01-24 14:10:30,7724.5,531688,7725.0,230870,115223,36903,78320,300818,0.5
1900-01-24 14:10:45,7724.5,652811,7725.0,450598,82544,169263,-86719,202213,0.5
1900-01-24 14:11:00,7724.5,1119550,7725.0,499618,197178,500644,-303466,619932,0.5
1900-01-24 14:11:15,7724.5,164019,7725.0,654259,106967,224380,-117413,-490240,0.5
1900-01-24 14:11:30,7720.0,1187619,7720.5,510921,38664,154738,-116074,676698,0.5
1900-01-24 14:11:45,7724.5,1005193,7725.0,448422,303266,145503,157763,556771,0.5
1900-01-24 14:12:00,7724.0,1380781,7724.5,71876,34015,604216,-570201,1308905,0.5
1900-01-24 14:12:15,7722.0,997292,7722.5,122499,77714,396059,-318345,874793,0.5
1900-01-24 14:12:30,7722.0,1419206,7722.5,400402,32473,37306,-4833,1018804,0.5
1900-01-24 14:12:45,7729.5,455055,7730.0,68148,937592,64358,873234,386907,0.5
1900-01-24 14:13:00,7732.5,786990,7733.0,482256,794445,111950,682495,304734,0.5
1900-01-24 14:13:15,7734.5,216984,7735.0,266654,1547212,136077,1411135,-49670,0.5
1900-01-24 14:13:30,7738.5,693348,7739.0,526895,638261,92396,545865,166453,0.5
1900-01-24 14:13:45,7734.0,477603,7734.5,221707,364699,606216,-241517,255896,0.5
1900-01-24 14:14:00,7732.5,1281399,7733.0,137514,288530,515857,-227327,1143885,0.5
1900-01-24 14:14:15,7738.5,94605,7739.0,28839,101539,36854,64685,65766,0.5
1900-01-24 14:14:30,7728.5,198237,7729.0,1050020,210971,382513,-171542,-851783,0.5
1900-01-24 14:14:45,7733.0,310754,7733.5,31899,835734,242304,593430,278855,0.5
1900-01-24 14:15:00,7734.0,262921,7734.5,343217,620604,294955,325649,-80296,0.5
1900-01-24 14:15:15,7736.5,1436976,7737.0,504816,799795,98247,701548,932160,0.5
1900-01-24 14:15:30,7735.5,265492,7736.0,465478,255917,272654,-16737,-199986,0.5
1900-01-24 14:15:45,7725.0,268622,7725.5,919787,42299,455906,-413607,-651165,0.5
1900-01-24 14:16:00,7724.0,148655,7724.5,1092732,37250,279696,-242446,-944077,0.5
1900-01-24 14:16:15,7720.5,274494,7721.0,832251,136345,840195,-703850,-557757,0.5
1900-01-24 14:16:30,7720.5,709844,7721.0,567967,393338,80895,312443,141877,0.5
1900-01-24 14:16:45,7720.5,480235,7721.0,812488,47649,129072,-81423,-332253,0.5
1900-01-24 14:17:00,7720.5,686961,7721.0,628670,90461,107196,-16735,58291,0.5
1900-01-24 14:17:15,7720.0,297499,7720.5,1140472,48892,287386,-238494,-842973,0.5
1900-01-24 14:17:30,7717.0,706136,7717.5,588764,23721,517893,-494172,117372,0.5
1900-01-24 14:17:45,7717.0,665298,7717.5,974511,23191,290972,-267781,-309213,0.5
1900-01-24 14:18:00,7717.0,655789,7717.5,690049,10017,125219,-115202,-34260,0.5
1900-01-24 14:18:15,7716.0,292628,7716.5,1045619,85742,280493,-194751,-752991,0.5
1900-01-24 14:18:30,7716.0,1235368,7716.5,200238,195798,194210,1588,1035130,0.5
1900-01-24 14:18:45,7719.5,181334,7720.0,1105242,216940,60481,156459,-923908,0.5
1900-01-24 14:19:00,7719.5,159476,7720.0,1245906,68669,43388,25281,-1086430,0.5
1900-01-24 14:19:15,7719.5,1187934,7720.0,250671,234516,32864,201652,937263,0.5
1900-01-24 14:19:30,7725.5,279563,7726.0,66955,102390,42978,59412,212608,0.5
1900-01-24 14:19:45,7726.5,407240,7727.0,7961,94069,18599,75470,399279,0.5
1900-01-24 14:20:00,7732.5,1357393,7733.0,494670,268405,6889,261516,862723,0.5
1900-01-24 14:20:15,7732.5,253210,7733.0,1214641,296521,61446,235075,-961431,0.5
1900-01-24 14:20:30,7726.0,135286,7726.5,955865,131446,310510,-179064,-820579,0.5
1900-01-24 14:20:45,7718.0,948805,7718.5,412775,27790,268794,-241004,536030,0.5
1900-01-24 14:21:00,7718.0,1392991,7718.5,368266,18644,67534,-48890,1024725,0.5
1900-01-24 14:21:15,7720.0,1055267,7720.5,318180,251450,27166,224284,737087,0.5
1900-01-24 14:21:30,7720.0,1176281,7720.5,999282,7380,30840,-23460,176999,0.5
1900-01-24 14:21:45,7717.0,36181,7717.5,1186209,13263,313871,-300608,-1150028,0.5
1900-01-24 14:22:00,7711.0,99419,7711.5,872035,48140,387898,-339758,-772616,0.5
1900-01-24 14:22:15,7706.5,679470,7707.0,738221,4448,431340,-426892,-58751,0.5
1900-01-24 14:22:30,7706.5,151749,7707.0,1209867,29139,156303,-127164,-1058118,0.5
1900-01-24 14:22:45,7707.5,1376690,7708.0,43130,180031,30796,149235,1333560,0.5
1900-01-24 14:23:00,7714.0,235704,7714.5,994031,151523,25264,126259,-758327,0.5
1900-01-24 14:23:15,7714.0,296113,7714.5,952488,180991,76437,104554,-656375,0.5
1900-01-24 14:23:30,7712.5,72179,7713.0,1392556,24520,249335,-224815,-1320377,0.5
1900-01-24 14:23:45,7712.5,265717,7713.0,931399,12109,70556,-58447,-665682,0.5
1900-01-24 14:24:00,7712.5,508855,7713.0,932941,34160,35723,-1563,-424086,0.5
1900-01-24 14:24:15,7712.5,1603675,7713.0,199702,123324,39485,83839,1403973,0.5
1900-01-24 14:24:30,7712.5,1562809,7713.0,37228,81197,33571,47626,1525581,0.5
1900-01-24 14:24:45,7713.5,313554,7714.0,533699,30448,2687,27761,-220145,0.5
1900-01-24 14:25:00,7714.5,1049573,7715.0,745417,16786,49075,-32289,304156,0.5
1900-01-24 14:25:15,7714.5,1244630,7715.0,369609,4882,31398,-26516,875021,0.5
1900-01-24 14:25:30,7714.5,622911,7715.0,883433,11071,19251,-8180,-260522,0.5
1900-01-24 14:25:45,7714.5,9793,7715.0,1174154,27564,77847,-50283,-1164361,0.5
1900-01-24 14:26:00,7714.5,1056289,7715.0,659642,6824,116866,-110042,396647,0.5
1900-01-24 14:26:15,7717.0,1548059,7717.5,15139,177809,23411,154398,1532920,0.5
1900-01-24 14:26:30,7717.5,1679257,7718.0,86624,68422,7901,60521,1592633,0.5
1900-01-24 14:26:45,7719.5,407949,7720.0,787963,166876,20198,146678,-380014,0.5
1900-01-24 14:27:00,7717.0,973916,7717.5,445861,25493,82284,-56791,528055,0.5
1900-01-24 14:27:15,7718.0,554934,7718.5,9493,399434,29482,369952,545441,0.5
1900-01-24 14:27:30,7715.5,397371,7716.0,914962,13270,249976,-236706,-517591,0.5
1900-01-24 14:27:45,7715.0,922567,7715.5,1150451,42690,173351,-130661,-227884,0.5
1900-01-24 14:28:00,7715.0,655144,7715.5,1342687,1962,295938,-293976,-687543,0.5
1900-01-24 14:28:15,7713.0,99914,7713.5,1237887,2821,773316,-770495,-1137973,0.5
1900-01-24 14:28:30,7712.5,227755,7713.0,1252634,260700,122478,138222,-1024879,0.5
1900-01-24 14:28:45,7712.0,13991,7712.5,1658271,2270,459048,-456778,-1644280,0.5
1900-01-24 14:29:00,7711.5,753291,7712.0,208061,17712,33463,-15751,545230,0.5
1900-01-24 14:29:15,7711.5,921419,7712.0,1124546,11987,17591,-5604,-203127,0.5
1900-01-24 14:29:30,7711.5,1188196,7712.0,749833,69317,13138,56179,438363,0.5
1900-01-24 14:29:45,7711.5,85600,7712.0,1565265,32946,19366,13580,-1479665,0.5
1900-01-24 14:30:00,7711.5,488302,7712.0,355557,24921,33522,-8601,132745,0.5
1900-01-24 14:30:15,7711.5,682183,7712.0,767847,36467,42187,-5720,-85664,0.5
1900-01-24 14:30:30,7711.5,1004831,7712.0,44837,36582,17637,18945,959994,0.5
1900-01-24 14:30:45,7712.5,1133700,7713.0,389092,190900,560,190340,744608,0.5
1900-01-24 14:31:00,7714.0,989069,7714.5,43826,268009,20010,247999,945243,0.5
1900-01-24 14:31:15,7714.5,482044,7715.0,1000695,149826,13320,136506,-518651,0.5
1900-01-24 14:31:30,7714.5,528070,7715.0,852281,29381,17268,12113,-324211,0.5
1900-01-24 14:31:45,7714.5,607196,7715.0,969367,74994,14845,60149,-362171,0.5
1900-01-24 14:32:00,7714.5,1279423,7715.0,3457,67475,11909,55566,1275966,0.5
1900-01-24 14:32:15,7717.5,601847,7718.0,390246,141772,1812,139960,211601,0.5
1900-01-24 14:32:30,7720.0,1467267,7720.5,10278,481717,8347,473370,1456989,0.5
1900-01-24 14:32:45,7727.5,1028,7728.0,402716,264429,121401,143028,-401688,0.5
1900-01-24 14:33:00,7727.0,731077,7727.5,510894,229100,101762,127338,220183,0.5
1900-01-24 14:33:15,7729.5,1146708,7730.0,808046,70276,60869,9407,338662,0.5
1900-01-24 14:33:30,7732.0,245475,7732.5,431282,349400,58838,290562,-185807,0.5
1900-01-24 14:33:45,7731.0,1365679,7731.5,519548,60103,141957,-81854,846131,0.5
1900-01-24 14:34:00,7731.0,401759,7731.5,970737,23905,52592,-28687,-568978,0.5
1900-01-24 14:34:15,7731.0,1642794,7731.5,508434,87632,118480,-30848,1134360,0.5
1900-01-24 14:34:30,7730.0,188714,7730.5,1019051,10770,246054,-235284,-830337,0.5
1900-01-24 14:34:45,7726.5,537083,7727.0,887345,21186,128452,-107266,-350262,0.5
1900-01-24 14:35:00,7724.0,1209553,7724.5,431477,8101,149285,-141184,778076,0.5
1900-01-24 14:35:15,7720.0,31430,7721.5,758612,7221,38488,-31267,-727182,1.5
1900-01-24 14:35:30,7712.5,1158231,7713.0,488948,35858,105243,-69385,669283,0.5
1900-01-24 14:35:45,7712.5,950574,7713.0,246340,42603,90899,-48296,704234,0.5
1900-01-24 14:36:00,7715.5,300424,7716.0,1277854,76617,198182,-121565,-977430,0.5
1900-01-24 14:36:15,7713.5,28329,7714.0,1451076,33202,165197,-131995,-1422747,0.5
1900-01-24 14:36:30,7710.5,101679,7711.0,820534,37557,137358,-99801,-718855,0.5
1900-01-24 14:36:45,7710.0,136622,7710.5,1514359,207337,316894,-109557,-1377737,0.5
1900-01-24 14:37:00,7710.0,17964,7710.5,1768647,14005,168517,-154512,-1750683,0.5
1900-01-24 14:37:15,7707.0,741023,7707.5,347781,23730,136122,-112392,393242,0.5
1900-01-24 14:37:30,7707.0,566300,7707.5,645608,42475,170489,-128014,-79308,0.5
1900-01-24 14:37:45,7707.0,16932,7707.5,1690375,3873,144178,-140305,-1673443,0.5
1900-01-24 14:38:00,7705.0,1358638,7705.5,958181,67555,97749,-30194,400457,0.5
1900-01-24 14:38:15,7705.0,1612813,7705.5,1464384,93255,31194,62061,148429,0.5
1900-01-24 14:38:30,7700.0,45313,7700.5,1450480,20197,1104910,-1084713,-1405167,0.5
1900-01-24 14:38:45,7699.5,299348,7700.0,382759,174996,612959,-437963,-83411,0.5
1900-01-24 14:39:00,7700.0,650597,7700.5,5255,332445,93703,238742,645342,0.5
1900-01-24 14:39:15,7698.5,33497,7699.0,1477304,48441,90026,-41585,-1443807,0.5
1900-01-24 14:39:30,7695.5,12681,7696.0,1531639,6988,130224,-123236,-1518958,0.5
1900-01-24 14:39:45,7695.0,1474999,7695.5,1253183,41315,817556,-776241,221816,0.5
1900-01-24 14:40:00,7695.5,846827,7696.0,693544,156343,8479,147864,153283,0.5
1900-01-24 14:40:15,7696.0,1259974,7696.5,23076,415075,53133,361942,1236898,0.5
1900-01-24 14:40:30,7697.0,916321,7697.5,82097,159594,87554,72040,834224,0.5
1900-01-24 14:40:45,7697.0,1011314,7697.5,59700,49133,42714,6419,951614,0.5
1900-01-24 14:41:00,7697.5,1129864,7698.0,601641,93195,4092,89103,528223,0.5
1900-01-24 14:41:15,7697.5,434297,7698.0,1163844,243201,800,242401,-729547,0.5
1900-01-24 14:41:30,7697.5,1185509,7698.0,1093790,28786,56168,-27382,91719,0.5
1900-01-24 14:41:45,7697.5,609532,7698.0,1160265,111740,94865,16875,-550733,0.5
1900-01-24 14:42:00,7697.5,801841,7698.0,1197626,3210,24314,-21104,-395785,0.5
1900-01-24 14:42:15,7695.0,1231817,7695.5,547921,205736,711739,-506003,683896,0.5
1900-01-24 14:42:30,7690.0,99963,7690.5,555361,15408,1327221,-1311813,-455398,0.5
1900-01-24 14:42:45,7690.0,737469,7690.5,767387,10612,758518,-747906,-29918,0.5
1900-01-24 14:43:00,7690.0,766749,7690.5,654959,39773,144061,-104288,111790,0.5
1900-01-24 14:43:15,7690.0,711250,7690.5,324330,7226,104399,-97173,386920,0.5
1900-01-24 14:43:30,7691.5,637279,7692.0,134067,241397,110189,131208,503212,0.5
1900-01-24 14:43:45,7691.5,770099,7692.0,15761,199021,94505,104516,754338,0.5
1900-01-24 14:44:00,7692.5,173374,7693.0,1230840,42129,83656,-41527,-1057466,0.5
1900-01-24 14:44:15,7692.5,70568,7693.0,1433555,24345,72998,-48653,-1362987,0.5
1900-01-24 14:44:30,7691.0,210472,7691.5,413462,2000,68238,-66238,-202990,0.5
1900-01-24 14:44:45,7690.5,788717,7691.0,369107,16381,99471,-83090,419610,0.5
1900-01-24 14:45:00,7698.0,553355,7698.5,32172,736019,23605,712414,521183,0.5
1900-01-24 14:45:15,7704.5,128675,7705.0,1091344,464434,7242,457192,-962669,0.5
1900-01-24 14:45:30,7704.5,606901,7705.0,1086261,120514,63274,57240,-479360,0.5
1900-01-24 14:45:45,7705.5,1214062,7706.0,25982,289581,56110,233471,1188080,0.5
1900-01-24 14:46:00,7706.5,1169055,7707.0,225752,94518,18827,75691,943303,0.5
1900-01-24 14:46:15,7706.5,1246346,7707.0,37533,111592,39522,72070,1208813,0.5
1900-01-24 14:46:30,7708.0,1429083,7708.5,3211,69364,5241,64123,1425872,0.5
1900-01-24 14:46:45,7709.5,1306803,7710.0,110707,42226,47900,-5674,1196096,0.5
1900-01-24 14:47:00,7709.5,364433,7710.0,667320,91798,20440,71358,-302887,0.5
1900-01-24 14:47:15,7709.5,920847,7710.0,387541,8173,48320,-40147,533306,0.5
1900-01-24 14:47:30,7710.5,1456845,7711.0,118990,11851,10942,909,1337855,0.5
1900-01-24 14:47:45,7712.5,1423549,7713.0,29304,102924,9219,93705,1394245,0.5
1900-01-24 14:48:00,7714.0,879759,7714.5,412269,166541,14412,152129,467490,0.5
1900-01-24 14:48:15,7714.5,1867868,7715.0,181325,9314,33311,-23997,1686543,0.5
1900-01-24 14:48:30,7714.5,986694,7715.0,404259,99036,4811,94225,582435,0.5
1900-01-24 14:48:45,7714.5,937903,7715.0,598338,22744,76021,-53277,339565,0.5
1900-01-24 14:49:00,7714.5,912486,7715.0,765253,48465,42271,6194,147233,0.5
1900-01-24 14:49:15,7714.5,1213833,7715.0,359622,70542,15875,54667,854211,0.5
1900-01-24 14:49:30,7714.5,1491471,7715.0,371875,46556,84941,-38385,1119596,0.5
1900-01-24 14:49:45,7719.0,952054,7719.5,61057,305928,17051,288877,890997,0.5
1900-01-24 14:50:00,7719.0,1130409,7719.5,318803,56814,26663,30151,811606,0.5
1900-01-24 14:50:15,7720.0,1163539,7720.5,82380,76609,28703,47906,1081159,0.5
1900-01-24 14:50:30,7720.5,799564,7721.0,238849,41990,13000,28990,560715,0.5
1900-01-24 14:50:45,7720.5,1913368,7721.0,16621,200981,4905,196076,1896747,0.5
1900-01-24 14:51:00,7721.5,1578756,7722.0,6211,34530,8538,25992,1572545,0.5
1900-01-24 14:51:15,7722.0,1672997,7722.5,83499,39193,15057,24136,1589498,0.5
1900-01-24 14:51:30,7727.0,1633706,7727.5,4082,421813,13890,407923,1629624,0.5
1900-01-24 14:51:45,7728.5,114454,7729.0,538074,143899,41118,102781,-423620,0.5
1900-01-24 14:52:00,7728.0,167412,7728.5,1309277,95351,311689,-216338,-1141865,0.5
1900-01-24 14:52:15,7724.5,6817,7725.0,537525,34010,302196,-268186,-530708,0.5
1900-01-24 14:52:30,7716.5,2629,7717.0,64578,11578,216342,-204764,-61949,0.5
1900-01-24 14:52:45,7716.5,1082238,7717.0,218378,117705,167507,-49802,863860,0.5
1900-01-24 14:53:00,7716.5,386726,7717.0,729079,30238,61547,-31309,-342353,0.5
1900-01-24 14:53:15,7719.5,671968,7720.0,605648,53036,30157,22879,66320,0.5
1900-01-24 14:53:30,7719.5,664712,7720.0,779061,3504,9628,-6124,-114349,0.5
1900-01-24 14:53:45,7718.5,417447,7719.0,1076179,16270,129878,-113608,-658732,0.5
1900-01-24 14:54:00,7717.0,9401,7717.5,994187,11232,33319,-22087,-984786,0.5
1900-01-24 14:54:15,7715.5,382660,7716.0,961326,6267,45509,-39242,-578666,0.5
1900-01-24 14:54:30,7715.5,216360,7716.0,1400920,6655,144281,-137626,-1184560,0.5
1900-01-24 14:54:45,7715.0,318615,7715.5,1087562,3902,72844,-68942,-768947,0.5
1900-01-24 14:55:00,7709.0,285004,7709.5,245504,8702,246501,-237799,39500,0.5
1900-01-24 14:55:15,7708.0,228624,7708.5,1270903,6414,224948,-218534,-1042279,0.5
1900-01-24 14:55:30,7708.0,214092,7708.5,1324582,3021,37597,-34576,-1110490,0.5
1900-01-24 14:55:45,7708.0,701469,7708.5,597176,8700,55027,-46327,104293,0.5
1900-01-24 14:56:00,7708.0,867615,7708.5,319036,83502,9132,74370,548579,0.5
1900-01-24 14:56:15,7708.5,741539,7709.0,68116,133423,5100,128323,673423,0.5
1900-01-24 14:56:30,7709.0,819534,7709.5,2058,96209,98758,-2549,817476,0.5
1900-01-24 14:56:45,7710.0,2118865,7710.5,25720,53447,24720,28727,2093145,0.5
1900-01-24 14:57:00,7717.5,433747,7718.0,1106704,33473,9505,23968,-672957,0.5
1900-01-24 14:57:15,7722.0,524347,7722.5,2550,75759,99601,-23842,521797,0.5
1900-01-24 14:57:30,7722.5,401910,7723.0,1593243,168213,14727,153486,-1191333,0.5
1900-01-24 14:57:45,7718.0,343540,7718.5,908132,118753,221850,-103097,-564592,0.5
1900-01-24 14:58:00,7718.0,9468,7718.5,1744416,3153,38694,-35541,-1734948,0.5
1900-01-24 14:58:15,7717.0,1510040,7717.5,193941,42921,73691,-30770,1316099,0.5
1900-01-24 14:58:30,7720.0,1251141,7720.5,108126,146909,13713,133196,1143015,0.5
1900-01-24 14:58:45,7720.0,1765104,7720.5,51099,84455,12044,72411,1714005,0.5
1900-01-24 14:59:00,7721.0,1421741,7721.5,59303,30776,19500,11276,1362438,0.5
1900-01-24 14:59:15,7726.0,387141,7726.5,30831,83303,2773,80530,356310,0.5
1900-01-24 14:59:30,7729.0,1169287,7729.5,676122,153064,15869,137195,493165,0.5
1900-01-24 14:59:45,7729.5,1346632,7730.0,166345,107781,48740,59041,1180287,0.5
1900-01-24 15:00:00,7739.5,115876,7740.0,718035,265082,25689,239393,-602159,0.5
1900-01-24 15:00:15,7739.5,866692,7740.0,182370,911220,45247,865973,684322,0.5
1900-01-24 15:00:30,7747.5,89225,7748.0,866239,723552,176210,547342,-777014,0.5
1900-01-24 15:00:45,7739.5,184643,7740.0,297092,203789,132139,71650,-112449,0.5
1900-01-24 15:01:00,7744.5,5094,7745.0,456209,206007,41138,164869,-451115,0.5
1900-01-24 15:01:15,7745.5,1085934,7746.0,226176,250915,84180,166735,859758,0.5
1900-01-24 15:01:30,7745.5,562842,7746.0,77537,313295,56667,256628,485305,0.5
1900-01-24 15:01:45,7746.0,634290,7746.5,51091,115099,42821,72278,583199,0.5
1900-01-24 15:02:00,7753.5,98624,7754.0,167327,1354705,151054,1203651,-68703,0.5
1900-01-24 15:02:15,7761.5,12898,7762.0,349248,859323,119344,739979,-336350,0.5
1900-01-24 15:02:30,7768.5,31431,7769.0,193445,1332727,95214,1237513,-162014,0.5
1900-01-24 15:02:45,7760.5,309693,7761.0,406719,480164,450567,29597,-97026,0.5
1900-01-24 15:03:00,7758.0,447457,7758.5,95919,261984,348817,-86833,351538,0.5
1900-01-24 15:03:15,7757.0,752950,7757.5,108382,317941,373004,-55063,644568,0.5
1900-01-24 15:03:30,7760.0,293644,7760.5,229931,186880,86077,100803,63713,0.5
1900-01-24 15:03:45,7760.0,275160,7760.5,436392,67978,565650,-497672,-161232,0.5
1900-01-24 15:04:00,7743.0,726313,7743.5,392416,44697,318976,-274279,333897,0.5
1900-01-24 15:04:15,7754.5,182006,7755.0,505431,199033,145084,53949,-323425,0.5
1900-01-24 15:04:30,7749.5,1278213,7750.0,48269,203010,185985,17025,1229944,0.5
1900-01-24 15:04:45,7751.5,594560,7752.0,39634,68943,121672,-52729,554926,0.5
1900-01-24 15:05:00,7748.0,30831,7748.5,122266,151454,137372,14082,-91435,0.5
1900-01-24 15:05:15,7750.5,365555,7751.0,536138,61388,135490,-74102,-170583,0.5
1900-01-24 15:05:30,7750.0,387127,7750.5,389266,178345,172966,5379,-2139,0.5
1900-01-24 15:05:45,7751.5,1172838,7752.0,152712,182000,48100,133900,1020126,0.5
1900-01-24 15:06:00,7750.0,29183,7750.5,357911,52371,249029,-196658,-328728,0.5
1900-01-24 15:06:15,7744.0,865745,7744.5,451075,24297,158106,-133809,414670,0.5
1900-01-24 15:06:30,7744.0,186870,7744.5,663923,109884,93579,16305,-477053,0.5
1900-01-24 15:06:45,7742.0,647605,7742.5,563559,9925,212480,-202555,84046,0.5
1900-01-24 15:07:00,7741.0,315,7742.0,846927,15652,54896,-39244,-846612,1.0
1900-01-24 15:07:15,7745.0,243729,7745.5,491916,302170,132686,169484,-248187,0.5
1900-01-24 15:07:30,7744.0,1213054,7744.5,46101,53744,91319,-37575,1166953,0.5
1900-01-24 15:07:45,7746.0,917710,7746.5,27193,178617,51286,127331,890517,0.5
1900-01-24 15:08:00,7750.5,813855,7751.0,132559,79287,20970,58317,681296,0.5
1900-01-24 15:08:15,7754.5,875455,7755.0,27151,147098,2082,145016,848304,0.5
1900-01-24 15:08:30,7755.0,1447894,7755.5,223145,88245,8365,79880,1224749,0.5
1900-01-24 15:08:45,7757.5,1310291,7758.0,129842,554452,28576,525876,1180449,0.5
1900-01-24 15:09:00,7760.0,104857,7760.5,630165,85002,17593,67409,-525308,0.5
1900-01-24 15:09:15,7759.0,644442,7759.5,85781,113919,416353,-302434,558661,0.5
1900-01-24 15:09:30,7751.0,493112,7751.5,306020,22446,123438,-100992,187092,0.5
1900-01-24 15:09:45,7751.0,474103,7751.5,412706,23440,154122,-130682,61397,0.5
1900-01-24 15:10:00,7751.0,312807,7751.5,184377,69139,42924,26215,128430,0.5
1900-01-24 15:10:15,7753.5,470822,7754.0,104186,40776,26787,13989,366636,0.5
1900-01-24 15:10:30,7753.5,284501,7754.0,235066,11066,32261,-21195,49435,0.5
1900-01-24 15:10:45,7755.0,1186616,7755.5,169541,146308,77852,68456,1017075,0.5
1900-01-24 15:11:00,7761.0,731917,7761.5,80417,72876,15822,57054,651500,0.5
1900-01-24 15:11:15,7765.0,536238,7765.5,250644,283930,26080,257850,285594,0.5
1900-01-24 15:11:30,7759.0,21363,7759.5,225189,78992,332287,-253295,-203826,0.5
1900-01-24 15:11:45,7760.0,1294402,7760.5,99156,2955,257298,-254343,1195246,0.5
1900-01-24 15:12:00,7763.5,1104156,7764.0,51319,86624,50749,35875,1052837,0.5
1900-01-24 15:12:15,7772.0,1198900,7772.5,81832,373207,101330,271877,1117068,0.5
1900-01-24 15:12:30,7764.0,120757,7764.5,493626,257613,234403,23210,-372869,0.5
1900-01-24 15:12:45,7771.5,279708,7772.0,72999,480648,196386,284262,206709,0.5
1900-01-24 15:13:00,7771.5,1164357,7772.0,524760,62223,27940,34283,639597,0.5
1900-01-24 15:13:15,7771.5,1252024,7772.0,80752,341803,85133,256670,1171272,0.5
1900-01-24 15:13:30,7777.0,339876,7777.5,735065,790268,384262,406006,-395189,0.5
1900-01-24 15:13:45,7775.0,15594,7775.5,150649,261529,324513,-62984,-135055,0.5
1900-01-24 15:14:00,7775.0,801538,7775.5,85355,29751,202987,-173236,716183,0.5
1900-01-24 15:14:15,7775.0,194250,7775.5,688845,36676,332907,-296231,-494595,0.5
1900-01-24 15:14:30,7777.5,914243,7778.0,120254,216251,101192,115059,793989,0.5
1900-01-24 15:14:45,7778.0,266056,7778.5,359225,15571,102621,-87050,-93169,0.5
1900-01-24 15:15:00,7784.0,337374,7784.5,326837,676429,78790,597639,10537,0.5
1900-01-24 15:15:15,7782.5,359777,7783.0,346813,106856,308410,-201554,12964,0.5
1900-01-24 15:15:30,7784.5,919388,7785.0,167637,186986,110132,76854,751751,0.5
1900-01-24 15:15:45,7785.0,990892,7785.5,228923,206552,18157,188395,761969,0.5
1900-01-24 15:16:00,7789.5,492426,7791.0,15128,851326,470128,381198,477298,1.5
1900-01-24 15:16:15,7790.5,694761,7791.0,40160,782262,59190,723072,654601,0.5
1900-01-24 15:16:30,7795.0,363182,7795.5,428204,837644,192667,644977,-65022,0.5
1900-01-24 15:16:45,7793.0,211993,7793.5,260247,227048,391469,-164421,-48254,0.5
1900-01-24 15:17:00,7790.5,891506,7791.0,201402,111458,468207,-356749,690104,0.5
1900-01-24 15:17:15,7787.5,1001842,7788.0,207096,47455,584461,-537006,794746,0.5
1900-01-24 15:17:30,7780.5,114154,7781.0,276171,108810,730858,-622048,-162017,0.5
1900-01-24 15:17:45,7781.5,829066,7782.0,412299,438979,262724,176255,416767,0.5
1900-01-24 15:18:00,7780.0,506491,7780.5,949257,166633,848479,-681846,-442766,0.5
1900-01-24 15:18:15,7784.0,451989,7784.5,11522,191436,232465,-41029,440467,0.5
1900-01-24 15:18:30,7786.5,864399,7787.0,4176,182626,67446,115180,860223,0.5
1900-01-24 15:18:45,7790.0,573092,7790.5,909400,125117,670923,-545806,-336308,0.5
1900-01-24 15:19:00,7793.0,666724,7795.0,59263,314587,202740,111847,607461,2.0
1900-01-24 15:19:15,7808.0,5000,7808.5,219755,1600951,58831,1542120,-214755,0.5
1900-01-24 15:19:30,7802.0,18380,7802.5,872709,1094825,271659,823166,-854329,0.5
1900-01-24 15:19:45,7798.5,255816,7799.0,343858,138899,568295,-429396,-88042,0.5
1900-01-24 15:20:00,7798.0,186659,7798.5,614778,40631,639719,-599088,-428119,0.5
1900-01-24 15:20:15,7791.5,240723,7792.0,415279,110755,348924,-238169,-174556,0.5
1900-01-24 15:20:30,7791.0,501283,7791.5,18993,817745,394444,423301,482290,0.5
1900-01-24 15:20:45,7796.5,135424,7797.0,650999,102157,124807,-22650,-515575,0.5
1900-01-24 15:21:00,7796.0,732804,7796.5,2696,229378,219113,10265,730108,0.5
1900-01-24 15:21:15,7795.0,628019,7795.5,20,225730,51607,174123,627999,0.5
1900-01-24 15:21:30,7795.0,13430,7795.5,59336,214206,143485,70721,-45906,0.5
1900-01-24 15:21:45,7793.0,221778,7793.5,594006,23406,192317,-168911,-372228,0.5
1900-01-24 15:22:00,7785.0,689608,7785.5,99605,49160,127515,-78355,590003,0.5
1900-01-24 15:22:15,7785.0,1173231,7785.5,113758,172309,542924,-370615,1059473,0.5
1900-01-24 15:22:30,7787.0,5800,7787.5,491342,218303,65360,152943,-485542,0.5
1900-01-24 15:22:45,7785.0,976174,7785.5,294579,14734,228071,-213337,681595,0.5
1900-01-24 15:23:00,7786.0,1389440,7786.5,5050,118489,24337,94152,1384390,0.5
1900-01-24 15:23:15,7786.0,531287,7786.5,510286,129148,91017,38131,21001,0.5
1900-01-24 15:23:30,7786.0,1324183,7786.5,69327,26492,115637,-89145,1254856,0.5
1900-01-24 15:23:45,7786.5,1315740,7787.0,214373,158861,16900,141961,1101367,0.5
1900-01-24 15:24:00,7788.0,1136605,7788.5,2929,280150,19579,260571,1133676,0.5
1900-01-24 15:24:15,7794.5,929572,7795.0,603072,437241,122734,314507,326500,0.5
1900-01-24 15:24:30,7794.5,1941793,7795.0,6931,223924,8634,215290,1934862,0.5
1900-01-24 15:24:45,7795.0,1502781,7795.5,10719,51618,11380,40238,1492062,0.5
1900-01-24 15:25:00,7798.0,896130,7798.5,347994,389971,10082,379889,548136,0.5
1900-01-24 15:25:15,7808.5,80635,7809.0,54947,723396,50653,672743,25688,0.5
1900-01-24 15:25:30,7805.5,67778,7806.0,907212,308348,263587,44761,-839434,0.5
1900-01-24 15:25:45,7807.5,1378637,7808.0,9908,89013,46747,42266,1368729,0.5
1900-01-24 15:26:00,7817.5,482174,7818.0,331643,1345672,69409,1276263,150531,0.5
1900-01-24 15:26:15,7814.5,35386,7815.0,924716,565979,85466,480513,-889330,0.5
1900-01-24 15:26:30,7812.0,120044,7812.5,18120,74208,388062,-313854,101924,0.5
1900-01-24 15:26:45,7811.5,105671,7812.0,963673,113632,185960,-72328,-858002,0.5
1900-01-24 15:27:00,7814.5,239204,7815.0,656168,109758,213138,-103380,-416964,0.5
1900-01-24 15:27:15,7812.5,4526,7813.0,952734,474958,188775,286183,-948208,0.5
1900-01-24 15:27:30,7814.5,763254,7815.0,250115,336512,46301,290211,513139,0.5
1900-01-24 15:27:45,7818.0,829605,7818.5,213204,243327,40017,203310,616401,0.5
1900-01-24 15:28:00,7809.0,79341,7809.5,273810,208807,127877,80930,-194469,0.5
1900-01-24 15:28:15,7800.5,152074,7801.0,444813,45647,566533,-520886,-292739,0.5
1900-01-24 15:28:30,7800.5,92839,7801.0,1053918,240908,214292,26616,-961079,0.5
1900-01-24 15:28:45,7792.0,156336,7792.5,758022,19966,442796,-422830,-601686,0.5
1900-01-24 15:29:00,7791.0,166725,7791.5,1047995,34431,447595,-413164,-881270,0.5
1900-01-24 15:29:15,7785.0,224441,7785.5,396637,48398,856196,-807798,-172196,0.5
1900-01-24 15:29:30,7785.0,662069,7785.5,228585,161344,164394,-3050,433484,0.5
1900-01-24 15:29:45,7787.0,673684,7787.5,165327,288016,143888,144128,508357,0.5
1900-01-24 15:30:00,7789.5,177458,7790.0,646937,192715,155993,36722,-469479,0.5
1900-01-24 15:30:15,7791.0,279286,7791.5,213227,87118,236813,-149695,66059,0.5
1900-01-24 15:30:30,7792.5,121163,7793.0,1117633,177272,31694,145578,-996470,0.5
1900-01-24 15:30:45,7789.5,10261,7790.0,1093770,109230,142222,-32992,-1083509,0.5
1900-01-24 15:31:00,7786.0,76493,7786.5,1091357,109969,50958,59011,-1014864,0.5
1900-01-24 15:31:15,7782.0,323524,7782.5,609802,62975,217499,-154524,-286278,0.5
1900-01-24 15:31:30,7782.0,463339,7782.5,1081593,40772,255480,-214708,-618254,0.5
1900-01-24 15:31:45,7780.0,339587,7780.5,140963,3983,625088,-621105,198624,0.5
1900-01-24 15:32:00,7781.5,9736,7782.0,809310,65921,105186,-39265,-799574,0.5
1900-01-24 15:32:15,7779.0,420820,7779.5,1132049,23916,800282,-776366,-711229,0.5
1900-01-24 15:32:30,7778.5,513656,7779.0,544794,8524,599080,-590556,-31138,0.5
1900-01-24 15:32:45,7777.5,86663,7778.0,173408,139233,112294,26939,-86745,0.5
1900-01-24 15:33:00,7779.0,212692,7779.5,1109128,111849,290671,-178822,-896436,0.5
1900-01-24 15:33:15,7779.0,281494,7779.5,262002,115948,127562,-11614,19492,0.5
1900-01-24 15:33:30,7781.5,478023,7782.0,11900,174503,53100,121403,466123,0.5
1900-01-24 15:33:45,7782.5,427366,7783.0,248581,102142,18214,83928,178785,0.5
1900-01-24 15:34:00,7782.5,660030,7783.0,1248829,117441,46250,71191,-588799,0.5
1900-01-24 15:34:15,7782.5,61928,7783.0,787807,16779,317039,-300260,-725879,0.5
1900-01-24 15:34:30,7782.5,40897,7783.0,759606,19428,57540,-38112,-718709,0.5
1900-01-24 15:34:45,7782.5,1347813,7783.0,77215,26960,23516,3444,1270598,0.5
1900-01-24 15:35:00,7783.0,45109,7783.5,1040187,103188,38882,64306,-995078,0.5
1900-01-24 15:35:15,7782.5,85418,7783.0,1405589,2998,153924,-150926,-1320171,0.5
1900-01-24 15:35:30,7781.5,310885,7782.0,217473,2562,74859,-72297,93412,0.5
1900-01-24 15:35:45,7781.5,349649,7782.0,281845,36437,104223,-67786,67804,0.5
1900-01-24 15:36:00,7781.5,165892,7782.0,1217115,41948,108270,-66322,-1051223,0.5
1900-01-24 15:36:15,7777.5,113673,7778.0,745094,6590,204256,-197666,-631421,0.5
1900-01-24 15:36:30,7777.0,1202219,7777.5,1299751,15458,107194,-91736,-97532,0.5
1900-01-24 15:36:45,7777.0,1078680,7777.5,1202186,52121,167238,-115117,-123506,0.5
1900-01-24 15:37:00,7777.0,1294148,7777.5,288005,143529,113057,30472,1006143,0.5
1900-01-24 15:37:15,7779.5,65131,7780.0,1327234,95986,75280,20706,-1262103,0.5
1900-01-24 15:37:30,7779.5,13806,7780.0,1290010,14201,66559,-52358,-1276204,0.5
1900-01-24 15:37:45,7779.5,1801378,7780.0,101631,46482,185038,-138556,1699747,0.5
1900-01-24 15:38:00,7780.5,37923,7781.0,1235422,106452,29818,76634,-1197499,0.5
1900-01-24 15:38:15,7780.5,562742,7781.0,1396000,34907,15819,19088,-833258,0.5
1900-01-24 15:38:30,7780.5,856561,7781.0,1420710,54250,14990,39260,-564149,0.5
1900-01-24 15:38:45,7780.5,533477,7781.0,1395856,34059,69241,-35182,-862379,0.5
1900-01-24 15:39:00,7780.5,899390,7781.0,1156227,126854,85155,41699,-256837,0.5
1900-01-24 15:39:15,7780.5,737240,7781.0,1356072,6600,31216,-24616,-618832,0.5
1900-01-24 15:39:30,7779.0,3421,7779.5,485185,12343,402697,-390354,-481764,0.5
1900-01-24 15:39:45,7773.5,197000,7774.0,891080,5270,180116,-174846,-694080,0.5
1900-01-24 15:40:00,7773.5,141731,7774.0,1475301,23800,276456,-252656,-1333570,0.5
1900-01-24 15:40:15,7772.5,241244,7773.0,1011671,50868,476564,-425696,-770427,0.5
1900-01-24 15:40:30,7772.5,307277,7773.0,1541704,10000,204722,-194722,-1234427,0.5
1900-01-24 15:40:45,7771.0,208427,7771.5,676929,3440,292503,-289063,-468502,0.5
1900-01-24 15:41:00,7770.0,333027,7770.5,1256598,4251,232893,-228642,-923571,0.5
1900-01-24 15:41:15,7770.0,106314,7770.5,2003406,15664,121627,-105963,-1897092,0.5
1900-01-24 15:41:30,7768.0,180160,7768.5,1584895,12209,399016,-386807,-1404735,0.5
1900-01-24 15:41:45,7767.5,123935,7768.0,2352582,24659,317365,-292706,-2228647,0.5
1900-01-24 15:42:00,7767.0,747634,7767.5,1467024,8250,109859,-101609,-719390,0.5
1900-01-24 15:42:15,7767.0,1122793,7767.5,441854,81851,55335,26516,680939,0.5
1900-01-24 15:42:30,7771.5,227874,7772.0,1044300,232476,17128,215348,-816426,0.5
1900-01-24 15:42:45,7771.0,665805,7771.5,409379,20439,71270,-50831,256426,0.5
1900-01-24 15:43:00,7773.5,931412,7774.0,213044,134579,85012,49567,718368,0.5
1900-01-24 15:43:15,7776.5,511561,7777.0,4356,243310,20335,222975,507205,0.5
1900-01-24 15:43:30,7784.5,198502,7785.0,1341310,251065,15806,235259,-1142808,0.5
1900-01-24 15:43:45,7792.0,409982,7792.5,27964,536308,36657,499651,382018,0.5
1900-01-24 15:44:00,7790.0,2179,7790.5,1104411,257659,154822,102837,-1102232,0.5
1900-01-24 15:44:15,7792.0,31919,7792.5,128907,58254,170668,-112414,-96988,0.5
1900-01-24 15:44:30,7792.0,714493,7792.5,742288,183254,204835,-21581,-27795,0.5
1900-01-24 15:44:45,7797.5,501033,7798.0,645701,553087,67073,486014,-144668,0.5
1900-01-24 15:45:00,7794.0,1044407,7794.5,204646,136307,74725,61582,839761,0.5
1900-01-24 15:45:15,7796.5,213088,7797.0,298620,218030,56887,161143,-85532,0.5
1900-01-24 15:45:30,7796.5,1054340,7797.0,301075,20618,121231,-100613,753265,0.5
1900-01-24 15:45:45,7796.5,220878,7797.0,612527,60435,8039,52396,-391649,0.5
1900-01-24 15:46:00,7796.5,448440,7797.0,726910,15908,65002,-49094,-278470,0.5
1900-01-24 15:46:15,7793.0,103890,7793.5,207414,109697,43704,65993,-103524,0.5
1900-01-24 15:46:30,7789.5,241740,7790.0,723262,10274,608856,-598582,-481522,0.5
1900-01-24 15:46:45,7790.0,984482,7790.5,6221,44247,53265,-9018,978261,0.5
1900-01-24 15:47:00,7790.5,1305648,7791.0,26163,27189,25292,1897,1279485,0.5
1900-01-24 15:47:15,7789.0,93179,7789.5,611686,26375,29807,-3432,-518507,0.5
1900-01-24 15:47:30,7783.5,478524,7784.0,314125,10191,129479,-119288,164399,0.5
1900-01-24 15:47:45,7780.0,840231,7780.5,1014846,23199,116234,-93035,-174615,0.5
1900-01-24 15:48:00,7778.0,21514,7778.5,869105,25572,126857,-101285,-847591,0.5
1900-01-24 15:48:15,7783.5,388477,7784.0,873227,126208,339105,-212897,-484750,0.5
1900-01-24 15:48:30,7780.5,96888,7781.0,419,79395,77972,1423,96469,0.5
1900-01-24 15:48:45,7783.5,123637,7784.0,1066587,90719,13492,77227,-942950,0.5
1900-01-24 15:49:00,7783.5,1135178,7784.0,415638,140813,33519,107294,719540,0.5
1900-01-24 15:49:15,7783.5,1273006,7784.0,111032,49042,16127,32915,1161974,0.5
1900-01-24 15:49:30,7783.5,52106,7784.0,1201529,43924,316985,-273061,-1149423,0.5
1900-01-24 15:49:45,7782.5,466871,7783.0,931053,12711,81467,-68756,-464182,0.5
1900-01-24 15:50:00,7780.5,174590,7781.0,1239114,9090,311480,-302390,-1064524,0.5
1900-01-24 15:50:15,7780.0,260895,7780.5,1252771,1036,65019,-63983,-991876,0.5
1900-01-24 15:50:30,7780.0,115492,7780.5,1434515,3314,64062,-60748,-1319023,0.5
1900-01-24 15:50:45,7780.0,52517,7780.5,1448660,3348,26695,-23347,-1396143,0.5
1900-01-24 15:51:00,7777.5,1078171,7778.0,108347,15302,84826,-69524,969824,0.5
1900-01-24 15:51:15,7778.0,1909681,7778.5,37994,36431,79727,-43296,1871687,0.5
1900-01-24 15:51:30,7778.5,1631247,7779.0,143754,89846,78751,11095,1487493,0.5
1900-01-24 15:51:45,7778.5,583846,7779.0,1135414,77637,6101,71536,-551568,0.5
1900-01-24 15:52:00,7777.0,96210,7777.5,1476941,20032,60569,-40537,-1380731,0.5
1900-01-24 15:52:15,7777.0,92908,7777.5,1396543,22746,67987,-45241,-1303635,0.5
1900-01-24 15:52:30,7776.0,4574,7776.5,888448,19825,52220,-32395,-883874,0.5
1900-01-24 15:52:45,7773.5,21836,7774.0,1699018,12169,167172,-155003,-1677182,0.5
1900-01-24 15:53:00,7771.0,24559,7771.5,1401576,1187,55146,-53959,-1377017,0.5
1900-01-24 15:53:15,7769.0,395667,7769.5,1181629,22267,89966,-67699,-785962,0.5
1900-01-24 15:53:30,7768.5,62736,7769.0,1331594,23769,210660,-186891,-1268858,0.5
1900-01-24 15:53:45,7767.5,1037406,7768.0,46718,46038,76862,-30824,990688,0.5
1900-01-24 15:54:00,7768.5,1041888,7769.0,65810,58978,21927,37051,976078,0.5
1900-01-24 15:54:15,7771.0,858363,7771.5,20969,141452,26195,115257,837394,0.5
1900-01-24 15:54:30,7771.0,621339,7771.5,393538,173913,14043,159870,227801,0.5
1900-01-24 15:54:45,7771.0,992855,7771.5,263428,31715,12583,19132,729427,0.5
1900-01-24 15:55:00,7771.0,841429,7771.5,751244,13962,32411,-18449,90185,0.5
1900-01-24 15:55:15,7771.5,1153169,7772.0,86712,98344,17026,81318,1066457,0.5
1900-01-24 15:55:30,7771.5,1869340,7772.0,320920,170979,30517,140462,1548420,0.5
1900-01-24 15:55:45,7771.5,903297,7772.0,894262,58943,204315,-145372,9035,0.5
1900-01-24 15:56:00,7771.5,1613494,7772.0,378054,110733,4255,106478,1235440,0.5
1900-01-24 15:56:15,7771.5,1319470,7772.0,349413,35217,48761,-13544,970057,0.5
1900-01-24 15:56:30,7771.5,1409182,7772.0,25989,87425,61601,25824,1383193,0.5
1900-01-24 15:56:45,7772.5,1673854,7773.0,63279,66051,812,65239,1610575,0.5
1900-01-24 15:57:00,7775.0,1347641,7775.5,30736,78909,1870,77039,1316905,0.5
1900-01-24 15:57:15,7776.0,1009800,7776.5,48319,212951,9747,203204,961481,0.5
1900-01-24 15:57:30,7776.5,1652412,7777.0,224355,93663,414,93249,1428057,0.5
1900-01-24 15:57:45,7776.5,1243522,7777.0,203420,18889,3355,15534,1040102,0.5
1900-01-24 15:58:00,7776.5,1147336,7777.0,513852,79125,47867,31258,633484,0.5
1900-01-24 15:58:15,7777.5,1178947,7778.0,180420,90080,9950,80130,998527,0.5
1900-01-24 15:58:30,7777.5,1138576,7778.0,704304,36461,113423,-76962,434272,0.5
1900-01-24 15:58:45,7777.5,950045,7778.0,1130869,35528,2593,32935,-180824,0.5
1900-01-24 15:59:00,7777.5,785117,7778.0,1309188,28604,67681,-39077,-524071,0.5
1900-01-24 15:59:15,7773.5,52722,7774.0,1501293,9702,119369,-109667,-1448571,0.5
1900-01-24 15:59:30,7773.5,74898,7774.0,1363794,12846,75223,-62377,-1288896,0.5
1900-01-24 15:59:45,7773.0,106861,7773.5,1485997,11502,65943,-54441,-1379136,0.5
1900-01-24 16:00:00,7773.0,586041,7773.5,172300,756442,40603,715839,413741,0.5
1900-01-24 16:00:15,7773.5,1666051,7776.5,26774,265145,90688,174457,1639277,3.0
1900-01-24 16:00:30,7778.0,1851008,7778.5,6565,118889,30224,88665,1844443,0.5
1900-01-24 16:00:45,7782.0,1689928,7782.5,53807,117039,2307,114732,1636121,0.5
1900-01-24 16:01:00,7788.5,495767,7789.5,47232,205198,7022,198176,448535,1.0
1900-01-24 16:01:15,7792.5,752213,7793.0,405309,519395,5975,513420,346904,0.5
1900-01-24 16:01:30,7796.0,1524372,7796.5,4347,215741,39326,176415,1520025,0.5
1900-01-24 16:01:45,7797.5,444795,7798.0,337813,111717,183951,-72234,106982,0.5
1900-01-24 16:02:00,7799.5,1347794,7800.0,232766,119648,104157,15491,1115028,0.5
1900-01-24 16:02:15,7799.5,613420,7800.0,437634,122954,23579,99375,175786,0.5
1900-01-24 16:02:30,7799.5,472590,7800.0,866427,60637,90120,-29483,-393837,0.5
1900-01-24 16:02:45,7799.5,399966,7800.0,683165,132725,61848,70877,-283199,0.5
1900-01-24 16:03:00,7799.0,241669,7799.5,664981,32500,107337,-74837,-423312,0.5
1900-01-24 16:03:15,7796.0,88074,7796.5,770717,18705,281043,-262338,-682643,0.5
1900-01-24 16:03:30,7795.0,6387,7795.5,944232,10212,176953,-166741,-937845,0.5
1900-01-24 16:03:45,7787.0,976060,7787.5,402910,20323,258569,-238246,573150,0.5
1900-01-24 16:04:00,7787.0,1020375,7787.5,334872,53967,37750,16217,685503,0.5
1900-01-24 16:04:15,7782.0,1040618,7782.5,283180,25087,249868,-224781,757438,0.5
1900-01-24 16:04:30,7782.0,872871,7782.5,315157,29445,193461,-164016,557714,0.5
1900-01-24 16:04:45,7782.0,857559,7782.5,289042,48131,53066,-4935,568517,0.5
1900-01-24 16:05:00,7782.0,1036455,7782.5,243223,77357,2877,74480,793232,0.5
1900-01-24 16:05:15,7782.5,1227847,7783.0,273880,233390,63730,169660,953967,0.5
1900-01-24 16:05:30,7784.5,1052387,7785.0,58934,88691,2798,85893,993453,0.5
1900-01-24 16:05:45,7782.0,1406141,7782.5,67330,27849,12359,15490,1338811,0.5
1900-01-24 16:06:00,7782.0,1669477,7782.5,256974,4743,11297,-6554,1412503,0.5
1900-01-24 16:06:15,7782.5,1638703,7783.0,12451,41326,54,41272,1626252,0.5
1900-01-24 16:06:30,7785.5,1222715,7786.0,350,42757,63,42694,1222365,0.5
1900-01-24 16:06:45,7787.0,177937,7787.5,717881,14967,5136,9831,-539944,0.5
1900-01-24 16:07:00,7787.0,1446974,7787.5,44490,23597,29558,-5961,1402484,0.5
1900-01-24 16:07:15,7789.5,280371,7790.0,619134,89466,2219,87247,-338763,0.5
1900-01-24 16:07:30,7789.5,576353,7790.0,402326,88525,145602,-57077,174027,0.5
1900-01-24 16:07:45,7789.5,1123346,7790.0,315723,3808,10139,-6331,807623,0.5
1900-01-24 16:08:00,7789.5,1232875,7790.0,272009,66915,12009,54906,960866,0.5
1900-01-24 16:08:15,7789.5,2073642,7790.0,263295,30051,2010,28041,1810347,0.5
1900-01-24 16:08:30,7792.0,1827868,7792.5,5347,31111,97207,-66096,1822521,0.5
1900-01-24 16:08:45,7794.0,1765311,7794.5,30093,399651,60346,339305,1735218,0.5
1900-01-24 16:09:00,7806.5,17701,7807.0,942923,628344,41409,586935,-925222,0.5
1900-01-24 16:09:15,7806.0,55516,7806.5,576407,97090,98542,-1452,-520891,0.5
1900-01-24 16:09:30,7812.0,1094834,7812.5,23522,392318,111444,280874,1071312,0.5
1900-01-24 16:09:45,7834.5,9160,7835.0,297822,2474899,53966,2420933,-288662,0.5
1900-01-24 16:10:00,7834.5,11022,7836.5,5133,1970230,375374,1594856,5889,2.0
1900-01-24 16:10:15,7831.0,551895,7831.5,1015793,456595,656107,-199512,-463898,0.5
1900-01-24 16:10:30,7831.0,1574796,7831.5,296373,829827,1246901,-417074,1278423,0.5
1900-01-24 16:10:45,7831.0,838953,7831.5,661126,165511,299791,-134280,177827,0.5
1900-01-24 16:11:00,7824.0,258124,7824.5,326066,130798,866558,-735760,-67942,0.5
1900-01-24 16:11:15,7830.5,1271754,7831.0,116596,429045,239517,189528,1155158,0.5
1900-01-24 16:11:30,7822.5,64937,7823.0,116821,210994,140450,70544,-51884,0.5
1900-01-24 16:11:45,7827.0,2002,7827.5,1154016,80144,136109,-55965,-1152014,0.5
1900-01-24 16:12:00,7823.0,147731,7823.5,375481,89948,148298,-58350,-227750,0.5
1900-01-24 16:12:15,7823.0,185959,7823.5,454661,42797,128688,-85891,-268702,0.5
1900-01-24 16:12:30,7827.5,1163581,7828.0,39734,122738,77573,45165,1123847,0.5
1900-01-24 16:12:45,7835.0,20000,7835.5,4920,112463,169845,-57382,15080,0.5
1900-01-24 16:13:00,7835.0,248170,7835.5,433274,278773,14720,264053,-185104,0.5
1900-01-24 16:13:15,7838.5,549029,7839.0,17215,336184,200921,135263,531814,0.5
1900-01-24 16:13:30,7843.0,264967,7843.5,155974,834098,18842,815256,108993,0.5
1900-01-24 16:13:45,7843.5,346634,7844.0,114187,463199,71505,391694,232447,0.5
1900-01-24 16:14:00,7846.5,14907,7847.0,700622,417698,151299,266399,-685715,0.5
1900-01-24 16:14:15,7842.5,379126,7843.5,24534,130136,242011,-111875,354592,1.0
1900-01-24 16:14:30,7844.5,27459,7845.0,267195,162712,152364,10348,-239736,0.5
1900-01-24 16:14:45,7846.0,263221,7846.5,515307,250242,318069,-67827,-252086,0.5
1900-01-24 16:15:00,7838.5,2082,7839.0,491874,86869,373139,-286270,-489792,0.5
1900-01-24 16:15:15,7835.0,371592,7835.5,389405,89366,446124,-356758,-17813,0.5
1900-01-24 16:15:30,7835.0,63757,7835.5,494905,256053,238137,17916,-431148,0.5
1900-01-24 16:15:45,7833.5,746219,7834.0,325347,41311,367919,-326608,420872,0.5
1900-01-24 16:16:00,7835.5,556521,7836.0,19506,86700,52948,33752,537015,0.5
1900-01-24 16:16:15,7837.5,3267422,7838.0,39349,178871,48280,130591,3228073,0.5
1900-01-24 16:16:30,7843.5,563,7844.0,719521,388023,143633,244390,-718958,0.5
1900-01-24 16:16:45,7844.5,468552,7845.0,109789,132335,192135,-59800,358763,0.5
1900-01-24 16:17:00,7840.0,10024,7840.5,290510,55372,153068,-97696,-280486,0.5
1900-01-24 16:17:15,7839.0,113046,7839.5,741714,23469,117750,-94281,-628668,0.5
1900-01-24 16:17:30,7839.5,1051346,7840.0,188138,148271,22111,126160,863208,0.5
1900-01-24 16:17:45,7841.5,62946,7842.0,94976,189463,38534,150929,-32030,0.5
1900-01-24 16:18:00,7844.0,1460018,7844.5,292034,42061,178389,-136328,1167984,0.5
1900-01-24 16:18:15,7844.0,1807280,7844.5,107161,229351,139760,89591,1700119,0.5
1900-01-24 16:18:30,7858.5,561092,7859.0,414314,1266778,12406,1254372,146778,0.5
1900-01-24 16:18:45,7858.5,441954,7859.0,193865,1272178,81085,1191093,248089,0.5
1900-01-24 16:19:00,7850.5,40393,7851.0,390647,512161,474077,38084,-350254,0.5
1900-01-24 16:19:15,7843.5,102670,7845.0,17726,188875,482027,-293152,84944,1.5
1900-01-24 16:19:30,7847.5,105074,7848.0,633413,417184,116391,300793,-528339,0.5
1900-01-24 16:19:45,7847.5,330340,7848.0,748079,90300,313599,-223299,-417739,0.5
1900-01-24 16:20:00,7844.0,308552,7844.5,946688,168052,169553,-1501,-638136,0.5
1900-01-24 16:20:15,7841.0,96497,7841.5,179107,43453,202647,-159194,-82610,0.5
1900-01-24 16:20:30,7841.0,477830,7841.5,803832,183050,148350,34700,-326002,0.5
1900-01-24 16:20:45,7840.0,13740,7840.5,1449711,103327,206936,-103609,-1435971,0.5
1900-01-24 16:21:00,7835.0,787031,7835.5,1826,182417,428701,-246284,785205,0.5
1900-01-24 16:21:15,7835.0,1085387,7835.5,198126,114525,142486,-27961,887261,0.5
1900-01-24 16:21:30,7839.5,342637,7840.0,1002488,126987,39729,87258,-659851,0.5
1900-01-24 16:21:45,7836.5,50034,7837.0,434606,14777,103011,-88234,-384572,0.5
1900-01-24 16:22:00,7836.5,18769,7837.0,1382049,7768,84351,-76583,-1363280,0.5
1900-01-24 16:22:15,7834.5,16578,7835.0,1715786,14855,55805,-40950,-1699208,0.5
1900-01-24 16:22:30,7833.0,199903,7833.5,1613656,7277,439040,-431763,-1413753,0.5
1900-01-24 16:22:45,7825.5,110340,7826.0,525069,27381,644361,-616980,-414729,0.5
1900-01-24 16:23:00,7828.5,90486,7829.0,292044,69278,376486,-307208,-201558,0.5
1900-01-24 16:23:15,7823.5,1250642,7824.0,118016,215203,23217,191986,1132626,0.5
1900-01-24 16:23:30,7824.0,561994,7824.5,220941,255841,88591,167250,341053,0.5
1900-01-24 16:23:45,7824.0,60883,7824.5,1555334,37350,130527,-93177,-1494451,0.5
1900-01-24 16:24:00,7820.0,161441,7820.5,799387,47275,346258,-298983,-637946,0.5
1900-01-24 16:24:15,7830.0,257830,7830.5,72258,147122,82148,64974,185572,0.5
1900-01-24 16:24:30,7830.5,743764,7831.0,835760,245981,26694,219287,-91996,0.5
1900-01-24 16:24:45,7830.5,800618,7831.0,18670,123392,27327,96065,781948,0.5
1900-01-24 16:25:00,7830.5,239940,7831.0,1145800,117814,21810,96004,-905860,0.5
1900-01-24 16:25:15,7830.5,321503,7831.0,1149393,55633,16789,38844,-827890,0.5
1900-01-24 16:25:30,7834.5,437289,7835.0,741781,239247,34941,204306,-304492,0.5
1900-01-24 16:25:45,7841.5,1150852,7842.0,38269,249328,320,249008,1112583,0.5
1900-01-24 16:26:00,7846.5,32188,7847.0,821246,90611,115068,-24457,-789058,0.5
1900-01-24 16:26:15,7845.5,576089,7846.0,286762,180429,110309,70120,289327,0.5
1900-01-24 16:26:30,7845.5,766431,7846.0,545716,103660,48724,54936,220715,0.5
1900-01-24 16:26:45,7839.0,315916,7839.5,447355,42559,157110,-114551,-131439,0.5
1900-01-24 16:27:00,7844.5,373154,7845.0,57764,29886,19922,9964,315390,0.5
1900-01-24 16:27:15,7839.0,1307467,7839.5,149991,17501,34623,-17122,1157476,0.5
1900-01-24 16:27:30,7838.0,3604,7838.5,506290,30449,21974,8475,-502686,0.5
1900-01-24 16:27:45,7833.5,916341,7834.0,671694,17528,188568,-171040,244647,0.5
1900-01-24 16:28:00,7833.5,974016,7834.0,576101,69070,63220,5850,397915,0.5
1900-01-24 16:28:15,7833.5,948329,7834.0,298181,59443,40662,18781,650148,0.5
1900-01-24 16:28:30,7834.0,508642,7834.5,17354,63217,42072,21145,491288,0.5
1900-01-24 16:28:45,7838.0,626138,7838.5,16179,87082,8641,78441,609959,0.5
1900-01-24 16:29:00,7840.5,488243,7841.0,449955,17806,19854,-2048,38288,0.5
1900-01-24 16:29:15,7837.0,144277,7837.5,686418,19881,87624,-67743,-542141,0.5
1900-01-24 16:29:30,7837.0,334423,7837.5,563401,28811,152236,-123425,-228978,0.5
1900-01-24 16:29:45,7836.0,438026,7836.5,616071,7850,60806,-52956,-178045,0.5
1900-01-24 16:30:00,7836.0,984191,7836.5,167668,4622,59778,-55156,816523,0.5
1900-01-24 16:30:15,7834.5,15747,7835.0,955842,27725,111036,-83311,-940095,0.5
1900-01-24 16:30:30,7832.5,83658,7833.0,978283,64801,91082,-26281,-894625,0.5
1900-01-24 16:30:45,7831.0,7105,7831.5,961564,5920,33309,-27389,-954459,0.5
1900-01-24 16:31:00,7830.0,578514,7830.5,297624,42225,192574,-150349,280890,0.5
1900-01-24 16:31:15,7832.0,3087,7832.5,363988,32457,216079,-183622,-360901,0.5
1900-01-24 16:31:30,7829.5,227540,7830.0,923143,18534,96689,-78155,-695603,0.5
1900-01-24 16:31:45,7826.5,160343,7827.0,836887,32430,232150,-199720,-676544,0.5
1900-01-24 16:32:00,7826.0,339289,7826.5,1220255,45714,48111,-2397,-880966,0.5
1900-01-24 16:32:15,7826.0,708474,7826.5,287622,90795,96828,-6033,420852,0.5
1900-01-24 16:32:30,7826.5,778899,7827.0,569746,57553,16392,41161,209153,0.5
1900-01-24 16:32:45,7826.5,242735,7827.0,1055963,9389,43044,-33655,-813228,0.5
1900-01-24 16:33:00,7823.5,127949,7824.0,1301957,2670,84693,-82023,-1174008,0.5
1900-01-24 16:33:15,7825.5,675227,7826.0,175451,35265,110711,-75446,499776,0.5
1900-01-24 16:33:30,7825.5,1050615,7826.0,33682,50864,52890,-2026,1016933,0.5
1900-01-24 16:33:45,7829.5,206420,7830.0,1489648,88482,23508,64974,-1283228,0.5
1900-01-24 16:34:00,7826.5,583371,7827.0,478042,124997,18234,106763,105329,0.5
1900-01-24 16:34:15,7826.5,584459,7827.0,424307,31895,19028,12867,160152,0.5
1900-01-24 16:34:30,7826.5,56336,7827.0,1470415,6595,60572,-53977,-1414079,0.5
1900-01-24 16:34:45,7826.0,22171,7826.5,1369263,8,60354,-60346,-1347092,0.5
1900-01-24 16:35:00,7826.0,6144,7826.5,1430548,187,68226,-68039,-1424404,0.5
1900-01-24 16:35:15,7824.5,4214,7825.0,1563283,20174,65229,-45055,-1559069,0.5
1900-01-24 16:35:30,7822.5,942507,7823.0,668198,1138,33191,-32053,274309,0.5
1900-01-24 16:35:45,7822.5,255551,7823.0,988603,1138,4698,-3560,-733052,0.5
1900-01-24 16:36:00,7822.5,584840,7823.0,1017099,24578,400,24178,-432259,0.5
1900-01-24 16:36:15,7822.5,710494,7823.0,828907,92315,2852,89463,-118413,0.5
1900-01-24 16:36:30,7822.5,782212,7823.0,703659,113346,9973,103373,78553,0.5
1900-01-24 16:36:45,7822.5,948020,7823.0,430202,43288,43270,18,517818,0.5
1900-01-24 16:37:00,7822.5,127133,7823.0,1849372,38982,71347,-32365,-1722239,0.5
1900-01-24 16:37:15,7817.5,173531,7818.0,621615,50503,487858,-437355,-448084,0.5
1900-01-24 16:37:30,7820.0,294341,7820.5,833678,59898,98145,-38247,-539337,0.5
1900-01-24 16:37:45,7818.0,173802,7818.5,1085339,21221,260260,-239039,-911537,0.5
1900-01-24 16:38:00,7816.5,953900,7817.0,372246,1361,316230,-314869,581654,0.5
1900-01-24 16:38:15,7814.0,97265,7814.5,973143,28838,325542,-296704,-875878,0.5
1900-01-24 16:38:30,7811.0,277244,7811.5,1166064,213611,143625,69986,-888820,0.5
1900-01-24 16:38:45,7810.5,1056388,7811.0,2644998,14201,267601,-253400,-1588610,0.5
1900-01-24 16:39:00,7810.5,445636,7811.0,2742602,81902,31821,50081,-2296966,0.5
1900-01-24 16:39:15,7810.5,743110,7811.0,2620954,86750,142487,-55737,-1877844,0.5
1900-01-24 16:39:30,7810.5,1094350,7811.0,2745385,26877,60356,-33479,-1651035,0.5
1900-01-24 16:39:45,7809.0,75199,7809.5,1375853,173876,247477,-73601,-1300654,0.5
1900-01-24 16:40:00,7807.5,983265,7808.0,1112625,145821,240477,-94656,-129360,0.5
1900-01-24 16:40:15,7816.5,404301,7817.0,49309,797824,17521,780303,354992,0.5
1900-01-24 16:40:30,7815.5,5070,7816.0,1241135,136218,22406,113812,-1236065,0.5
1900-01-24 16:40:45,7815.5,525970,7816.0,558049,21467,143165,-121698,-32079,0.5
1900-01-24 16:41:00,7818.5,478168,7819.0,247255,82888,6101,76787,230913,0.5
1900-01-24 16:41:15,7818.5,980084,7819.0,387235,209222,2213,207009,592849,0.5
1900-01-24 16:41:30,7815.5,721037,7816.0,245521,81474,15971,65503,475516,0.5
1900-01-24 16:41:45,7815.5,315954,7816.0,412740,23800,41255,-17455,-96786,0.5
1900-01-24 16:42:00,7815.5,10277,7816.0,1470406,3569,101775,-98206,-1460129,0.5
1900-01-24 16:42:15,7814.5,371737,7815.0,234344,56392,20480,35912,137393,0.5
1900-01-24 16:42:30,7814.5,987558,7815.0,340385,23558,150,23408,647173,0.5
1900-01-24 16:42:45,7814.5,915498,7815.0,607949,128124,1521,126603,307549,0.5
1900-01-24 16:43:00,7817.0,798694,7817.5,9775,100867,5270,95597,788919,0.5
1900-01-24 16:43:15,7822.5,484514,7823.0,25758,195132,7021,188111,458756,0.5
1900-01-24 16:43:30,7824.5,765725,7825.0,24415,284404,73287,211117,741310,0.5
1900-01-24 16:43:45,7823.0,4920,7823.5,754142,250640,27714,222926,-749222,0.5
1900-01-24 16:44:00,7823.0,2749,7823.5,1329470,30540,25197,5343,-1326721,0.5
1900-01-24 16:44:15,7822.0,416939,7822.5,1072770,11727,6939,4788,-655831,0.5
1900-01-24 16:44:30,7823.5,592723,7824.0,970297,9970,109931,-99961,-377574,0.5
1900-01-24 16:44:45,7828.5,324474,7829.0,28496,259434,23923,235511,295978,0.5
1900-01-24 16:45:00,7831.0,582612,7831.5,524747,62763,4923,57840,57865,0.5
1900-01-24 16:45:15,7831.0,454114,7831.5,759081,63352,42428,20924,-304967,0.5
1900-01-24 16:45:30,7830.5,806916,7831.0,238419,120696,269573,-148877,568497,0.5
1900-01-24 16:45:45,7830.5,1290534,7831.0,149790,88483,11556,76927,1140744,0.5
1900-01-24 16:46:00,7830.5,805915,7831.0,248825,102167,7245,94922,557090,0.5
1900-01-24 16:46:15,7832.0,1503349,7832.5,32780,234399,43130,191269,1470569,0.5
1900-01-24 16:46:30,7832.5,1453330,7833.0,33024,235125,9390,225735,1420306,0.5
1900-01-24 16:46:45,7832.5,449484,7833.0,499557,93745,12523,81222,-50073,0.5
1900-01-24 16:47:00,7832.5,1650607,7833.0,99284,40955,25524,15431,1551323,0.5
1900-01-24 16:47:15,7827.0,1365514,7827.5,163335,74898,39426,35472,1202179,0.5
1900-01-24 16:47:30,7829.0,202312,7829.5,510331,95006,42020,52986,-308019,0.5
1900-01-24 16:47:45,7825.0,475524,7825.5,774697,28790,156696,-127906,-299173,0.5
1900-01-24 16:48:00,7822.0,79334,7822.5,551113,22237,139931,-117694,-471779,0.5
1900-01-24 16:48:15,7820.0,2032,7820.5,1258012,10526,213702,-203176,-1255980,0.5
1900-01-24 16:48:30,7816.5,334314,7817.0,2180205,39393,83931,-44538,-1845891,0.5
1900-01-24 16:48:45,7816.5,588014,7817.0,1864226,4600,32447,-27847,-1276212,0.5
1900-01-24 16:49:00,7816.5,920348,7817.0,1497489,4217,15154,-10937,-577141,0.5
1900-01-24 16:49:15,7816.5,1071076,7817.0,1279756,152027,6361,145666,-208680,0.5
1900-01-24 16:49:30,7816.5,1073305,7817.0,1044489,179116,20432,158684,28816,0.5
1900-01-24 16:49:45,7816.5,80380,7817.0,1928112,5017,11182,-6165,-1847732,0.5
1900-01-24 16:50:00,7816.0,63825,7816.5,1298619,39543,12213,27330,-1234794,0.5
1900-01-24 16:50:15,7816.0,580853,7816.5,966104,2767,65929,-63162,-385251,0.5
1900-01-24 16:50:30,7816.0,567191,7816.5,537172,1000,70107,-69107,30019,0.5
1900-01-24 16:50:45,7816.0,813483,7816.5,355878,1500,10387,-8887,457605,0.5
1900-01-24 16:51:00,7816.0,1829617,7816.5,154059,10617,3100,7517,1675558,0.5
1900-01-24 16:51:15,7816.5,1445708,7817.0,922994,264875,6283,258592,522714,0.5
1900-01-24 16:51:30,7816.5,1341920,7817.0,661026,282159,1500,280659,680894,0.5
1900-01-24 16:51:45,7816.5,928086,7817.0,1202430,11500,2834,8666,-274344,0.5
1900-01-24 16:52:00,7816.5,139302,7817.0,1311198,56700,16419,40281,-1171896,0.5
1900-01-24 16:52:15,7816.5,356645,7817.0,1361215,128020,41764,86256,-1004570,0.5
1900-01-24 16:52:30,7816.5,1119955,7817.0,25602,47112,7776,39336,1094353,0.5
1900-01-24 16:52:45,7819.5,724761,7820.0,51398,545891,2090,543801,673363,0.5
1900-01-24 16:53:00,7820.0,1131856,7820.5,58365,14933,500,14433,1073491,0.5
1900-01-24 16:53:15,7822.5,274289,7823.0,1084916,17042,105,16937,-810627,0.5
1900-01-24 16:53:30,7822.0,3624,7822.5,1509802,9376,176331,-166955,-1506178,0.5
1900-01-24 16:53:45,7821.0,985233,7821.5,1101983,2634,35937,-33303,-116750,0.5
1900-01-24 16:54:00,7821.0,1256164,7821.5,268025,8390,15680,-7290,988139,0.5
1900-01-24 16:54:15,7821.0,1591274,7821.5,188350,38366,48,38318,1402924,0.5
1900-01-24 16:54:30,7821.0,789293,7821.5,1156106,6836,23660,-16824,-366813,0.5
1900-01-24 16:54:45,7821.0,805362,7821.5,1227664,3547,38461,-34914,-422302,0.5
1900-01-24 16:55:00,7821.0,678744,7821.5,1404862,1633,139885,-138252,-726118,0.5
1900-01-24 16:55:15,7821.0,536418,7821.5,1264431,34393,113238,-78845,-728013,0.5
1900-01-24 16:55:30,7821.0,767766,7821.5,269653,6671,275533,-268862,498113,0.5
1900-01-24 16:55:45,7821.0,396060,7821.5,1350223,11041,12050,-1009,-954163,0.5
1900-01-24 16:56:00,7821.0,999029,7821.5,192524,40030,34510,5520,806505,0.5
1900-01-24 16:56:15,7824.5,906073,7825.0,30062,356003,6684,349319,876011,0.5
1900-01-24 16:56:30,7825.0,1210467,7825.5,58823,69651,1042,68609,1151644,0.5
1900-01-24 16:56:45,7825.0,795444,7825.5,697048,26803,5503,21300,98396,0.5
1900-01-24 16:57:00,7825.0,1412854,7825.5,836,76419,12677,63742,1412018,0.5
1900-01-24 16:57:15,7825.5,247842,7826.0,834820,161914,6746,155168,-586978,0.5
1900-01-24 16:57:30,7825.5,605540,7826.0,866548,3180,3897,-717,-261008,0.5
1900-01-24 16:57:45,7829.0,946056,7829.5,182568,219300,1435,217865,763488,0.5
1900-01-24 16:58:00,7829.0,1003208,7829.5,726487,94891,6990,87901,276721,0.5
1900-01-24 16:58:15,7829.0,72684,7829.5,1167485,71314,25583,45731,-1094801,0.5
1900-01-24 16:58:30,7829.0,14578,7829.5,1606043,15569,17656,-2087,-1591465,0.5
1900-01-24 17:01:00,7831.0,1774683,7831.5,55292,81314,20,81294,1719391,0.5
1900-01-24 17:01:15,7837.0,671077,7837.5,89222,203352,11702,191650,581855,0.5
1900-01-24 17:01:30,7833.5,35683,7834.0,956163,420394,206069,214325,-920480,0.5
1900-01-24 17:01:45,7835.5,1395985,7836.0,112513,27412,25428,1984,1283472,0.5
1900-01-24 17:03:15,7837.5,121638,7838.0,657457,11000,26700,-15700,-535819,0.5
1900-01-24 17:03:30,7836.5,989573,7837.0,244249,40121,107687,-67566,745324,0.5
1900-01-24 17:03:45,7842.0,1199191,7842.5,61527,231139,15026,216113,1137664,0.5
1900-01-24 17:04:00,7843.5,144655,7844.0,445753,263611,113728,149883,-301098,0.5
1900-01-24 17:04:15,7854.5,49007,7855.0,1269345,214205,130689,83516,-1220338,0.5
1900-01-24 17:04:30,7857.5,318882,7858.0,104068,300082,49550,250532,214814,0.5
1900-01-24 17:04:45,7861.5,378510,7862.0,38932,441648,44266,397382,339578,0.5
1900-01-24 17:05:00,7869.5,135149,7870.0,24500,1823850,64486,1759364,110649,0.5
1900-01-24 17:05:15,7881.5,2966,7882.0,77975,973748,322181,651567,-75009,0.5
1900-01-24 17:05:30,7872.5,1006,7873.0,553309,544652,336303,208349,-552303,0.5
1900-01-24 17:05:45,7863.5,611873,7864.0,221850,80465,234133,-153668,390023,0.5
1900-01-24 17:06:00,7865.0,898524,7865.5,111437,237992,68081,169911,787087,0.5
1900-01-24 17:06:15,7865.0,910348,7865.5,420473,86054,127336,-41282,489875,0.5
1900-01-24 17:06:30,7867.5,316434,7868.0,692355,260187,84137,176050,-375921,0.5
1900-01-24 17:06:45,7853.5,169045,7854.0,156088,13295,482922,-469627,12957,0.5
1900-01-24 17:07:00,7843.0,138995,7844.5,609854,39147,708948,-669801,-470859,1.5
1900-01-24 17:07:15,7842.0,574186,7842.5,605750,140995,566177,-425182,-31564,0.5
1900-01-24 17:07:30,7848.5,71428,7849.0,1337858,358356,60168,298188,-1266430,0.5
1900-01-24 17:07:45,7849.0,1137554,7849.5,82662,272275,38613,233662,1054892,0.5
1900-01-24 17:08:00,7846.0,4886,7846.5,1019923,46854,438312,-391458,-1015037,0.5
1900-01-24 17:08:15,7844.0,1071531,7844.5,1035,54653,402843,-348190,1070496,0.5
1900-01-24 17:08:30,7844.0,149051,7844.5,1087646,48578,162936,-114358,-938595,0.5
1900-01-24 17:08:45,7835.5,525287,7836.0,1398342,36525,859277,-822752,-873055,0.5
1900-01-24 17:09:00,7835.5,1625750,7836.0,100650,64702,161265,-96563,1525100,0.5
1900-01-24 17:09:15,7832.5,1131695,7833.0,16805,442342,110126,332216,1114890,0.5
1900-01-24 17:09:30,7845.5,219615,7846.0,7638,114596,63981,50615,211977,0.5
1900-01-24 17:09:45,7848.5,1005010,7849.0,172231,123521,22688,100833,832779,0.5
1900-01-24 17:10:00,7850.0,1210951,7850.5,108536,53412,9811,43601,1102415,0.5
1900-01-24 17:11:15,7847.5,1286140,7848.0,81580,15560,32527,-16967,1204560,0.5
1900-01-24 17:11:30,7844.0,1074736,7844.5,1325016,1156377,42333,1114044,-250280,0.5
1900-01-24 17:11:45,7839.5,1695,7840.0,634413,15751,128549,-112798,-632718,0.5
1900-01-24 17:12:00,7821.5,275331,7822.0,179163,32782,981086,-948304,96168,0.5
1900-01-24 17:12:15,7824.5,600,7826.5,10000,130756,570558,-439802,-9400,2.0
1900-01-24 17:12:30,7820.0,784625,7820.5,6076,174438,204783,-30345,778549,0.5
1900-01-24 17:12:45,7820.0,174054,7820.5,1604536,98690,72651,26039,-1430482,0.5
1900-01-24 17:13:00,7820.0,231857,7820.5,1673121,116481,91612,24869,-1441264,0.5
1900-01-24 17:13:15,7813.5,13456,7814.0,631394,6190,379406,-373216,-617938,0.5
1900-01-24 17:13:30,7807.0,504652,7807.5,149226,239328,537879,-298551,355426,0.5
1900-01-24 17:13:45,7807.0,824819,7807.5,399552,132034,74516,57518,425267,0.5
1900-01-24 17:14:00,7808.0,213809,7808.5,932304,88412,219010,-130598,-718495,0.5
1900-01-24 17:14:15,7789.5,9540,7790.5,20000,138227,1239162,-1100935,-10460,1.0
1900-01-24 17:14:30,7790.5,128437,7791.5,591392,243941,1271311,-1027370,-462955,1.0
1900-01-24 17:14:45,7791.0,546282,7791.5,234069,394412,177482,216930,312213,0.5
1900-01-24 17:15:00,7792.0,752656,7792.5,361046,491317,152268,339049,391610,0.5
1900-01-24 17:15:15,7784.0,304857,7784.5,948235,122268,398253,-275985,-643378,0.5
1900-01-24 17:15:30,7772.0,32005,7772.5,1562627,48385,1259503,-1211118,-1530622,0.5
1900-01-24 17:15:45,7769.0,17600,7769.5,19800,322045,909910,-587865,-2200,0.5
1900-01-24 17:16:00,7791.5,65797,7792.0,26099,973556,408971,564585,39698,0.5
1900-01-24 17:16:15,7782.5,6260,7783.0,557543,65805,93533,-27728,-551283,0.5
1900-01-24 17:17:45,7789.0,112898,7789.5,1198649,50935,75197,-24262,-1085751,0.5
1900-01-24 17:18:00,7778.5,78409,7779.0,490568,53592,871659,-818067,-412159,0.5
1900-01-24 17:18:15,7775.0,5968,7775.5,1401328,39383,511654,-472271,-1395360,0.5
1900-01-24 17:18:30,7766.5,678978,7767.0,581875,30018,461596,-431578,97103,0.5
1900-01-24 17:18:45,7779.5,261147,7780.0,933189,1174811,146281,1028530,-672042,0.5
1900-01-24 17:19:00,7779.0,50700,7779.5,1042175,68365,130426,-62061,-991475,0.5
1900-01-24 17:19:15,7777.5,2665596,7778.0,93898,132202,93213,38989,2571698,0.5
1900-01-24 17:19:30,7779.5,322610,7780.0,1122227,353902,13609,340293,-799617,0.5
1900-01-24 17:19:45,7792.5,589223,7793.0,885624,385798,48683,337115,-296401,0.5
1900-01-24 17:20:00,7792.0,302471,7792.5,434560,60344,42144,18200,-132089,0.5
1900-01-24 17:20:15,7792.0,256693,7792.5,1235136,37573,73140,-35567,-978443,0.5
1900-01-24 17:20:30,7788.0,75959,7788.5,1012122,6565,340931,-334366,-936163,0.5
1900-01-24 17:20:45,7783.0,116965,7783.5,795067,4342,82884,-78542,-678102,0.5
1900-01-24 17:21:00,7785.0,720187,7785.5,38671,2293847,132333,2161514,681516,0.5
1900-01-24 17:21:15,7787.0,182409,7787.5,480767,138891,98677,40214,-298358,0.5
1900-01-24 17:21:30,7788.0,1430931,7788.5,36580,70465,73247,-2782,1394351,0.5
1900-01-24 17:21:45,7788.0,1477929,7788.5,60519,191882,28367,163515,1417410,0.5
1900-01-24 17:22:00,7789.5,1081664,7790.0,289765,472239,14917,457322,791899,0.5
1900-01-24 17:22:15,7789.5,1467795,7790.0,135654,141096,805,140291,1332141,0.5
1900-01-24 17:22:30,7794.5,254883,7795.0,108878,124823,3605,121218,146005,0.5
1900-01-24 17:22:45,7796.5,1335563,7797.0,84768,304932,12381,292551,1250795,0.5
1900-01-24 17:23:00,7797.0,4421049,7797.5,544915,328146,1201,326945,3876134,0.5
1900-01-24 17:23:15,7797.5,1318943,7798.0,570134,116210,5351,110859,748809,0.5
1900-01-24 17:23:30,7797.5,1081946,7798.0,797144,56223,1100,55123,284802,0.5
1900-01-24 17:23:45,7797.5,1644201,7798.0,66856,179142,30542,148600,1577345,0.5
1900-01-24 17:24:00,7798.0,4741405,7798.5,407739,42998,27123,15875,4333666,0.5
1900-01-24 17:24:15,7798.0,4038236,7798.5,460392,75700,44222,31478,3577844,0.5
1900-01-24 17:24:30,7798.0,4078009,7798.5,661615,75921,17309,58612,3416394,0.5
1900-01-24 17:24:45,7798.0,3954669,7798.5,692868,36149,9931,26218,3261801,0.5
1900-01-24 17:25:00,7798.0,3915998,7798.5,718838,66358,8952,57406,3197160,0.5
1900-01-24 17:25:15,7798.0,3522427,7798.5,5374096,40204,181659,-141455,-1851669,0.5
1900-01-24 17:25:30,7780.0,262613,7780.5,32000,95803,3835029,-3739226,230613,0.5
1900-01-24 17:25:45,7786.0,875033,7786.5,471958,56298,565366,-509068,403075,0.5
1900-01-24 17:26:00,7780.5,822968,7781.0,687526,16090,276213,-260123,135442,0.5
1900-01-24 17:26:15,7768.5,195489,7769.0,191392,30532,457378,-426846,4097,0.5
1900-01-24 17:26:30,7773.5,540536,7774.0,682927,176626,128680,47946,-142391,0.5
1900-01-24 17:26:45,7773.5,1136723,7774.0,159605,55114,48257,6857,977118,0.5
1900-01-24 17:27:00,7775.0,381076,7775.5,936889,102086,139820,-37734,-555813,0.5
1900-01-24 17:27:15,7775.0,827995,7775.5,205330,11254,205476,-194222,622665,0.5
1900-01-24 17:27:30,7773.5,1658359,7774.0,57797,102152,46468,55684,1600562,0.5
1900-01-24 17:27:45,7774.5,896403,7775.0,702553,30825,74975,-44150,193850,0.5
1900-01-24 17:28:00,7774.5,223745,7775.0,1199651,10194,298856,-288662,-975906,0.5
1900-01-24 17:28:15,7769.5,10246,7770.0,917395,37943,210329,-172386,-907149,0.5
1900-01-24 17:28:30,7766.0,618750,7766.5,721597,4020,149749,-145729,-102847,0.5
1900-01-24 17:28:45,7765.0,153120,7765.5,804806,3941,699525,-695584,-651686,0.5
1900-01-24 17:29:00,7753.5,126026,7754.0,91243,14210,1116879,-1102669,34783,0.5
1900-01-24 17:29:15,7765.0,151756,7765.5,55987,347366,301493,45873,95769,0.5
1900-01-24 17:29:30,7766.5,827098,7767.0,10594,142055,270352,-128297,816504,0.5
1900-01-24 17:29:45,7779.0,632605,7779.5,1013665,211777,43209,168568,-381060,0.5
1900-01-24 17:30:00,7779.0,743281,7779.5,941366,137023,180045,-43022,-198085,0.5
1900-01-24 17:30:15,7779.0,707324,7779.5,1299031,103088,497607,-394519,-591707,0.5
1900-01-24 17:30:30,7775.0,102491,7775.5,1484279,1070,653273,-652203,-1381788,0.5
1900-01-24 17:30:45,7770.0,567855,7770.5,819686,23093,529527,-506434,-251831,0.5
1900-01-24 17:31:00,7767.5,32887,7768.0,1268065,18139,119749,-101610,-1235178,0.5
1900-01-24 17:31:15,7769.0,184184,7769.5,473,78285,78778,-493,183711,0.5
1900-01-24 17:31:30,7769.5,682869,7770.0,369285,56694,28553,28141,313584,0.5
1900-01-24 17:31:45,7777.5,11595,7778.0,1236298,90914,171018,-80104,-1224703,0.5
1900-01-24 17:32:00,7779.0,73244,7779.5,19664,168338,11154,157184,53580,0.5
1900-01-24 17:32:15,7780.5,1122,7781.0,302439,127423,500423,-373000,-301317,0.5
1900-01-24 17:32:30,7777.5,141657,7778.0,1097947,115336,54869,60467,-956290,0.5
1900-01-24 17:32:45,7777.5,31611,7778.0,1113529,8075,73939,-65864,-1081918,0.5
1900-01-24 17:33:00,7777.5,410277,7778.0,1022835,200,17832,-17632,-612558,0.5
1900-01-24 17:33:15,7777.5,701281,7778.0,709641,6614,14102,-7488,-8360,0.5
1900-01-24 17:33:30,7777.5,48386,7778.0,1864485,11640,97464,-85824,-1816099,0.5
1900-01-24 17:33:45,7770.0,92708,7772.0,1752376,930,82130,-81200,-1659668,2.0
1900-01-24 17:34:00,7769.5,87085,7770.0,1556526,26751,95729,-68978,-1469441,0.5
1900-01-24 17:34:15,7769.0,472582,7769.5,862678,49240,20594,28646,-390096,0.5
1900-01-24 17:34:30,7766.0,13659,7766.5,1367378,1224,288963,-287739,-1353719,0.5
1900-01-24 17:34:45,7762.0,553306,7762.5,161402,56934,178981,-122047,391904,0.5
1900-01-24 17:35:00,7762.0,569519,7762.5,146546,71150,46199,24951,422973,0.5
1900-01-24 17:35:15,7766.5,607446,7767.0,500592,364370,17719,346651,106854,0.5
1900-01-24 17:35:30,7766.5,772655,7767.0,26442,50155,24662,25493,746213,0.5
1900-01-24 17:35:45,7766.5,839634,7767.0,555679,44473,42729,1744,283955,0.5
1900-01-24 17:36:00,7765.0,131941,7765.5,1216299,27755,63407,-35652,-1084358,0.5
1900-01-24 17:36:15,7762.5,196481,7763.0,1157466,16581,42809,-26228,-960985,0.5
1900-01-24 17:36:30,7762.0,251365,7762.5,1221120,2300,57769,-55469,-969755,0.5
1900-01-24 17:36:45,7762.0,304300,7762.5,798713,209065,45227,163838,-494413,0.5
1900-01-24 17:37:00,7763.5,435444,7764.0,566883,242289,360635,-118346,-131439,0.5
1900-01-24 17:37:15,7765.5,248113,7766.0,959289,82336,75355,6981,-711176,0.5
1900-01-24 17:37:30,7765.5,1030056,7766.0,59095,31197,48306,-17109,970961,0.5
1900-01-24 17:37:45,7767.0,1052210,7767.5,96619,30181,94850,-64669,955591,0.5
1900-01-24 17:38:00,7772.5,259656,7773.0,39182,102670,1180,101490,220474,0.5
1900-01-24 17:38:15,7774.5,775476,7775.0,442855,168568,17788,150780,332621,0.5
1900-01-24 17:38:30,7769.0,130327,7769.5,333013,71368,138955,-67587,-202686,0.5
1900-01-24 17:38:45,7769.0,588098,7769.5,682950,62860,64911,-2051,-94852,0.5
1900-01-24 17:39:00,7771.5,869976,7772.0,2293,35617,21597,14020,867683,0.5
1900-01-24 17:39:15,7773.5,446676,7774.0,1007963,12549,22371,-9822,-561287,0.5
1900-01-24 17:39:30,7773.5,579621,7774.0,1060626,87022,20478,66544,-481005,0.5
1900-01-24 17:39:45,7776.5,1077820,7777.0,174365,174483,4731,169752,903455,0.5
1900-01-24 17:40:00,7776.5,2029407,7777.0,65606,84013,98,83915,1963801,0.5
1900-01-24 17:40:15,7783.0,713597,7783.5,146041,451369,34488,416881,567556,0.5
1900-01-24 17:40:30,7786.0,953231,7786.5,231532,381014,12275,368739,721699,0.5
1900-01-24 17:40:45,7786.0,1551345,7786.5,382831,79331,11579,67752,1168514,0.5
1900-01-24 17:41:00,7786.0,527489,7786.5,1055372,136451,1096,135355,-527883,0.5
1900-01-24 17:41:15,7781.0,1545025,7781.5,68632,19633,237788,-218155,1476393,0.5
1900-01-24 17:41:30,7781.0,315,7781.5,1059914,7286,135054,-127768,-1059599,0.5
1900-01-24 17:41:45,7779.5,29593,7780.0,1043500,88352,124956,-36604,-1013907,0.5
1900-01-24 17:42:00,7779.5,15330,7780.0,1893615,2482,315285,-312803,-1878285,0.5
1900-01-24 17:42:15,7774.0,1362589,7774.5,94012,86613,52770,33843,1268577,0.5
1900-01-24 17:42:30,7781.0,133601,7781.5,799411,119124,15464,103660,-665810,0.5
1900-01-24 17:42:45,7781.0,87087,7781.5,1333496,6445,15080,-8635,-1246409,0.5
1900-01-24 17:43:00,7781.0,68761,7781.5,2610115,11101,15154,-4053,-2541354,0.5
1900-01-24 17:43:15,7774.5,7131,7775.0,470366,1270,58215,-56945,-463235,0.5
1900-01-24 17:43:30,7774.5,2643,7775.0,1083986,3121,3598,-477,-1081343,0.5
1900-01-24 17:43:45,7770.5,139717,7771.0,947310,2590,66299,-63709,-807593,0.5
1900-01-24 17:44:00,7770.5,40923,7771.0,1031025,5625,1222,4403,-990102,0.5
1900-01-24 17:44:30,7769.0,74728,7769.5,1340147,111325,34478,76847,-1265419,0.5
1900-01-24 17:44:45,7768.0,16349,7768.5,1675430,2321,50126,-47805,-1659081,0.5
1900-01-24 17:45:00,7768.0,367373,7768.5,659907,9093,29353,-20260,-292534,0.5
1900-01-24 17:45:15,7768.0,558290,7768.5,607209,66923,2739,64184,-48919,0.5
1900-01-24 17:45:30,7768.0,680406,7768.5,95983,20500,165400,-144900,584423,0.5
1900-01-24 17:45:45,7778.5,430049,7779.0,63916,333550,4833,328717,366133,0.5
1900-01-24 17:46:00,7774.0,30219,7774.5,499244,15777,14696,1081,-469025,0.5
1900-01-24 17:46:15,7774.0,14681,7774.5,1293629,49707,16835,32872,-1278948,0.5
1900-01-24 17:46:30,7773.0,45799,7773.5,1523054,2337,9268,-6931,-1477255,0.5
1900-01-24 17:46:45,7771.0,1073662,7771.5,86239,103752,5620,98132,987423,0.5
1900-01-24 17:47:00,7771.5,1282320,7772.0,70982,38586,621,37965,1211338,0.5
1900-01-24 17:47:15,7772.5,242703,7773.0,1110557,22529,312,22217,-867854,0.5
1900-01-24 17:47:30,7773.5,992384,7774.0,4048,40262,91,40171,988336,0.5
1900-01-24 17:47:45,7778.5,52609,7779.0,1083053,81872,3884,77988,-1030444,0.5
1900-01-24 17:48:00,7778.5,744096,7779.0,628595,114943,19717,95226,115501,0.5
1900-01-24 17:48:15,7781.0,1534508,7781.5,32867,67393,3412,63981,1501641,0.5
1900-01-24 17:48:30,7782.0,1633930,7782.5,38826,58630,26742,31888,1595104,0.5
1900-01-24 17:48:45,7783.0,648953,7783.5,636558,68986,50017,18969,12395,0.5
1900-01-24 17:49:00,7783.0,291284,7783.5,471386,121141,103915,17226,-180102,0.5
1900-01-24 17:49:15,7789.5,436274,7790.0,30104,405029,36071,368958,406170,0.5
1900-01-24 17:49:30,7789.5,400661,7790.0,1256529,178580,21511,157069,-855868,0.5
1900-01-24 17:49:45,7789.5,1258490,7790.0,128829,35076,58340,-23264,1129661,0.5
1900-01-24 17:50:00,7789.5,566074,7790.0,812577,38254,7527,30727,-246503,0.5
1900-01-24 17:50:15,7789.5,1081898,7790.0,142762,164454,29696,134758,939136,0.5
1900-01-24 17:50:30,7789.5,1235602,7790.0,194382,63240,23200,40040,1041220,0.5
1900-01-24 17:50:45,7790.0,1107275,7790.5,643863,180468,27359,153109,463412,0.5
1900-01-24 17:51:00,7790.0,1666949,7790.5,423000,310335,340,309995,1243949,0.5
1900-01-24 17:51:15,7790.0,371186,7790.5,1110861,23878,22036,1842,-739675,0.5
1900-01-24 17:51:30,7790.0,421386,7790.5,1074228,171000,27140,143860,-652842,0.5
1900-01-24 17:51:45,7790.0,1822145,7790.5,5952,7057,26857,-19800,1816193,0.5
1900-01-24 17:52:00,7792.5,1676405,7793.0,156412,68011,9807,58204,1519993,0.5
1900-01-24 17:52:15,7799.5,521517,7800.0,184551,173203,12960,160243,336966,0.5
1900-01-24 17:52:30,7803.0,27174,7803.5,651549,638216,57693,580523,-624375,0.5
1900-01-24 17:52:45,7801.0,801440,7801.5,290705,147753,299929,-152176,510735,0.5
1900-01-24 17:53:00,7799.5,1055864,7800.0,876854,68118,109544,-41426,179010,0.5
1900-01-24 17:53:15,7799.5,566573,7800.0,1002079,5168,107337,-102169,-435506,0.5
1900-01-24 17:53:30,7797.5,148524,7798.0,976035,3704,131805,-128101,-827511,0.5
1900-01-24 17:53:45,7795.0,885929,7795.5,723799,5997,119645,-113648,162130,0.5
1900-01-24 17:54:00,7793.0,75204,7793.5,1180226,39993,71605,-31612,-1105022,0.5
1900-01-24 17:54:15,7793.0,434700,7793.5,929905,4539,41028,-36489,-495205,0.5
1900-01-24 17:54:30,7789.0,49857,7789.5,727235,301,171255,-170954,-677378,0.5
1900-01-24 17:54:45,7785.0,219230,7785.5,1284651,7832,85831,-77999,-1065421,0.5
1900-01-24 17:55:00,7785.0,783917,7785.5,1253915,18637,33277,-14640,-469998,0.5
1900-01-24 17:55:15,7785.0,925401,7785.5,621366,44463,11124,33339,304035,0.5
1900-01-24 17:55:30,7785.0,10776,7785.5,1138138,37300,73433,-36133,-1127362,0.5
1900-01-24 17:55:45,7781.5,11746,7782.0,721236,19391,32900,-13509,-709490,0.5
1900-01-24 17:56:00,7781.5,147501,7782.0,1412879,593,97752,-97159,-1265378,0.5
1900-01-24 17:56:15,7781.5,926250,7782.0,231292,76844,68110,8734,694958,0.5
1900-01-24 17:56:30,7781.5,1360772,7782.0,294937,33881,26954,6927,1065835,0.5
1900-01-24 17:56:45,7786.0,906362,7786.5,467517,188074,31020,157054,438845,0.5
1900-01-24 17:57:00,7789.5,498124,7790.0,896845,50178,5106,45072,-398721,0.5
1900-01-24 17:57:15,7789.5,868542,7790.0,664177,199766,3407,196359,204365,0.5
1900-01-24 17:57:30,7789.5,1289952,7790.0,214003,30075,10787,19288,1075949,0.5
1900-01-24 17:57:45,7790.0,1406046,7790.5,197693,29120,1050,28070,1208353,0.5
1900-01-24 17:58:00,7790.0,1071778,7790.5,353250,33872,2325,31547,718528,0.5
1900-01-24 17:58:15,7790.0,205011,7790.5,1189931,3294,6688,-3394,-984920,0.5
1900-01-24 17:58:30,7787.5,19007,7788.0,990176,10571,79756,-69185,-971169,0.5
1900-01-24 17:58:45,7783.5,5151,7784.0,1518951,2274,27088,-24814,-1513800,0.5
1900-01-24 17:59:00,7783.5,25990,7784.0,1589303,3321,131857,-128536,-1563313,0.5
1900-01-24 17:59:15,7778.0,258744,7778.5,952727,180,25208,-25028,-693983,0.5
1900-01-24 17:59:30,7778.0,688431,7778.5,806145,135200,6865,128335,-117714,0.5
1900-01-24 17:59:45,7777.5,769423,7778.0,830826,1286,26121,-24835,-61403,0.5
1900-01-24 18:00:00,7778.5,17363,7780.0,133,78717,29918,48799,17230,1.5
1900-01-24 18:00:15,7781.5,701982,7782.0,230895,47652,2781,44871,471087,0.5
1900-01-24 18:00:30,7782.5,540778,7783.0,648103,49628,3388,46240,-107325,0.5
1900-01-24 18:00:45,7782.5,439825,7783.0,843757,10216,6825,3391,-403932,0.5
1900-01-24 18:01:00,7782.5,994832,7783.0,59435,30469,6576,23893,935397,0.5
1900-01-24 18:01:15,7786.5,1212638,7787.0,3000,23237,25809,-2572,1209638,0.5
1900-01-24 18:01:30,7787.5,1093300,7788.0,6979,26680,9207,17473,1086321,0.5
1900-01-24 18:01:45,7789.0,347359,7789.5,906060,35793,231,35562,-558701,0.5
1900-01-24 18:02:00,7789.0,668303,7789.5,1262289,56618,73430,-16812,-593986,0.5
1900-01-24 18:02:15,7788.0,30420,7788.5,953842,113001,117123,-4122,-923422,0.5
1900-01-24 18:02:30,7786.5,64151,7787.0,1057181,14360,39942,-25582,-993030,0.5
1900-01-24 18:02:45,7784.0,697602,7784.5,630604,8859,34539,-25680,66998,0.5
1900-01-24 18:03:00,7788.0,1071720,7788.5,17230,4020,1512,2508,1054490,0.5
1900-01-24 18:03:15,7788.5,1061047,7789.0,1154,6728,372,6356,1059893,0.5
1900-01-24 18:03:30,7789.0,900960,7789.5,388535,104514,210,104304,512425,0.5
1900-01-24 18:03:45,7786.5,1381,7787.0,950405,9789,71087,-61298,-949024,0.5
1900-01-24 18:04:00,7786.5,5148,7787.0,1303126,6671,10282,-3611,-1297978,0.5
1900-01-24 18:04:15,7786.5,1109136,7787.0,162907,38166,6353,31813,946229,0.5
1900-01-24 18:04:30,7787.5,1695404,7788.0,2794,18671,3428,15243,1692610,0.5
1900-01-24 18:04:45,7787.0,14492,7787.5,975834,140030,62233,77797,-961342,0.5
1900-01-24 18:05:00,7787.0,54187,7787.5,1150682,643,13901,-13258,-1096495,0.5
1900-01-24 18:05:15,7786.0,12885,7786.5,1065620,10787,27852,-17065,-1052735,0.5
1900-01-24 18:05:30,7781.5,29354,7782.0,1128368,580,136791,-136211,-1099014,0.5
1900-01-24 18:05:45,7781.5,75504,7782.0,1239256,32100,704763,-672663,-1163752,0.5
1900-01-24 18:06:00,7780.5,1263138,7781.0,351638,6416,78845,-72429,911500,0.5
1900-01-24 18:06:15,7780.5,1267730,7781.0,568527,168746,28309,140437,699203,0.5
1900-01-24 18:06:30,7780.5,1480661,7781.0,483527,64795,186,64609,997134,0.5
1900-01-24 18:06:45,7784.5,512705,7785.0,713368,270233,7931,262302,-200663,0.5
1900-01-24 18:07:00,7781.5,192,7782.0,426899,2148,72478,-70330,-426707,0.5
1900-01-24 18:07:15,7778.5,11900,7779.0,972702,2140,110637,-108497,-960802,0.5
1900-01-24 18:07:30,7778.5,17320,7779.0,828012,3170,61043,-57873,-810692,0.5
1900-01-24 18:07:45,7777.5,3242,7778.0,1571978,1057,200263,-199206,-1568736,0.5
1900-01-24 18:08:00,7772.5,34525,7773.0,965714,96435,429750,-333315,-931189,0.5
1900-01-24 18:08:15,7771.5,786620,7772.0,79409,23557,31927,-8370,707211,0.5
1900-01-24 18:08:30,7771.5,380316,7772.0,711124,13618,113990,-100372,-330808,0.5
1900-01-24 18:08:45,7771.5,5001,7772.0,1388671,7245,46586,-39341,-1383670,0.5
1900-01-24 18:09:00,7770.0,12,7770.5,1481680,103289,219655,-116366,-1481668,0.5
1900-01-24 18:09:15,7769.0,777153,7769.5,132122,57263,12896,44367,645031,0.5
1900-01-24 18:09:30,7770.5,989176,7771.0,838,65586,12597,52989,988338,0.5
1900-01-24 18:09:45,7772.0,911518,7772.5,106687,34613,4363,30250,804831,0.5
1900-01-24 18:10:00,7772.0,1105548,7772.5,18799,24020,1977,22043,1086749,0.5
1900-01-24 18:10:15,7774.5,907810,7775.0,80326,41487,1030,40457,827484,0.5
1900-01-24 18:10:30,7775.5,1069900,7776.0,36055,40982,20723,20259,1033845,0.5
1900-01-24 18:10:45,7775.5,417684,7776.0,1120961,8269,1195,7074,-703277,0.5
1900-01-24 18:11:00,7775.5,199753,7776.0,1187737,5948,59645,-53697,-987984,0.5
1900-01-24 18:11:15,7775.5,874368,7776.0,113312,10376,35964,-25588,761056,0.5
1900-01-24 18:11:30,7775.5,636476,7776.0,953317,16363,27271,-10908,-316841,0.5
1900-01-24 18:11:45,7775.5,772086,7776.0,190385,1,53838,-53837,581701,0.5
1900-01-24 18:12:00,7775.5,992550,7776.0,153893,27165,300,26865,838657,0.5
1900-01-24 18:12:15,7775.5,1036043,7776.0,31576,16901,300,16601,1004467,0.5
1900-01-24 18:12:30,7776.5,1396989,7777.0,33606,50106,1912,48194,1363383,0.5
1900-01-24 18:12:45,7783.5,545163,7784.0,309456,115788,4973,110815,235707,0.5
1900-01-24 18:13:00,7783.5,389492,7784.0,1302265,10740,13867,-3127,-912773,0.5
1900-01-24 18:13:15,7783.0,106373,7783.5,1509180,196896,2450,194446,-1402807,0.5
1900-01-24 18:13:30,7782.5,2737,7783.0,1301435,6474,15325,-8851,-1298698,0.5
1900-01-24 18:13:45,7780.0,1049010,7780.5,58003,466,32448,-31982,991007,0.5
1900-01-24 18:14:00,7780.0,1100363,7780.5,8410,5593,6285,-692,1091953,0.5
1900-01-24 18:14:15,7780.5,272528,7781.0,1070802,19699,640,19059,-798274,0.5
1900-01-24 18:14:30,7780.5,169785,7781.0,1098514,8674,7757,917,-928729,0.5
1900-01-24 18:14:45,7775.5,1782,7776.0,1395975,2187,15904,-13717,-1394193,0.5
1900-01-24 18:15:00,7775.0,2857,7775.5,1403665,1687,18706,-17019,-1400808,0.5
1900-01-24 18:15:15,7774.0,827731,7774.5,78681,14021,94991,-80970,749050,0.5
1900-01-24 18:15:30,7777.5,612730,7778.0,541415,38799,8787,30012,71315,0.5
1900-01-24 18:15:45,7777.5,558665,7778.0,836239,15112,475,14637,-277574,0.5
1900-01-24 18:16:00,7777.5,32411,7778.0,1497271,17615,24166,-6551,-1464860,0.5
1900-01-24 18:16:15,7775.5,25075,7776.0,1267873,157021,11597,145424,-1242798,0.5
1900-01-24 18:16:30,7775.5,44780,7776.0,1478776,11889,13098,-1209,-1433996,0.5
1900-01-24 18:16:45,7775.5,1088851,7776.0,275591,1962,23334,-21372,813260,0.5
1900-01-24 18:17:00,7775.5,1218337,7776.0,354018,164794,750,164044,864319,0.5
1900-01-24 18:17:15,7775.5,122610,7776.0,1356323,11500,29534,-18034,-1233713,0.5
1900-01-24 18:17:30,7775.5,247294,7776.0,1223303,3010,12249,-9239,-976009,0.5
1900-01-24 18:17:45,7775.5,111590,7776.0,1197507,15030,9650,5380,-1085917,0.5
1900-01-24 18:18:00,7773.5,9773,7774.0,276941,3005,77461,-74456,-267168,0.5
1900-01-24 18:18:15,7769.5,167967,7770.0,1081091,11116,271190,-260074,-913124,0.5
1900-01-24 18:18:30,7767.0,1176576,7767.5,162272,177,60967,-60790,1014304,0.5
1900-01-24 18:18:45,7769.0,868714,7769.5,606465,24927,24251,676,262249,0.5
1900-01-24 18:19:00,7769.0,320774,7769.5,1055179,20353,8673,11680,-734405,0.5
1900-01-24 18:19:15,7769.0,1139667,7769.5,253718,169559,166876,2683,885949,0.5
1900-01-24 18:19:30,7769.0,1136528,7769.5,514662,133808,138,133670,621866,0.5
1900-01-24 18:19:45,7773.0,1339911,7773.5,59364,335499,5970,329529,1280547,0.5
1900-01-24 18:20:00,7773.0,1485292,7773.5,51519,36736,2463,34273,1433773,0.5
1900-01-24 18:20:15,7773.0,593960,7773.5,717615,1756,8743,-6987,-123655,0.5
1900-01-24 18:20:30,7771.5,46399,7772.0,750871,45940,28638,17302,-704472,0.5
1900-01-24 18:20:45,7771.5,179189,7772.0,1188839,5830,411202,-405372,-1009650,0.5
1900-01-24 18:21:00,7771.5,130485,7772.0,1445799,3792,104189,-100397,-1315314,0.5
1900-01-24 18:21:15,7768.0,371234,7768.5,981243,20,22056,-22036,-610009,0.5
1900-01-24 18:21:30,7768.0,269164,7768.5,1096097,1350,35290,-33940,-826933,0.5
1900-01-24 18:21:45,7768.0,222009,7768.5,1065143,4363,55276,-50913,-843134,0.5
1900-01-24 18:22:00,7768.0,242090,7768.5,1124182,651,17699,-17048,-882092,0.5
1900-01-24 18:22:15,7767.5,6281,7768.0,314176,20,75944,-75924,-307895,0.5
1900-01-24 18:22:30,7762.5,32825,7763.0,745428,11071,106262,-95191,-712603,0.5
1900-01-24 18:22:45,7759.5,1653,7760.0,1344559,2378,177714,-175336,-1342906,0.5
1900-01-24 18:23:00,7758.0,686182,7758.5,76708,38352,112903,-74551,609474,0.5
1900-01-24 18:23:15,7763.5,81443,7764.0,377688,33455,28378,5077,-296245,0.5
1900-01-24 18:23:30,7759.0,938364,7759.5,419251,19522,101588,-82066,519113,0.5
1900-01-24 18:23:45,7759.0,825076,7759.5,389520,37154,16392,20762,435556,0.5
1900-01-24 18:24:00,7759.0,1127616,7759.5,70294,127101,125454,1647,1057322,0.5
1900-01-24 18:24:15,7762.0,705829,7762.5,169424,48694,69750,-21056,536405,0.5
1900-01-24 18:24:30,7763.0,913898,7763.5,123,6205,2490,3715,913775,0.5
1900-01-24 18:24:45,7763.5,790451,7764.0,46694,5464,200,5264,743757,0.5
1900-01-24 18:25:00,7767.0,73742,7767.5,6000,50656,4821,45835,67742,0.5
1900-01-24 18:25:15,7768.5,747709,7769.0,37208,31647,7862,23785,710501,0.5
1900-01-24 18:25:30,7768.5,82964,7769.0,1132007,22159,7198,14961,-1049043,0.5
1900-01-24 18:25:45,7767.0,263466,7767.5,1250050,6219,76054,-69835,-986584,0.5
1900-01-24 18:26:00,7762.0,451518,7762.5,697361,1835,281690,-279855,-245843,0.5
1900-01-24 18:26:15,7762.0,1333282,7762.5,36378,8496,3226,5270,1296904,0.5
1900-01-24 18:26:30,7765.0,925429,7765.5,48490,26909,39155,-12246,876939,0.5
1900-01-24 18:26:45,7765.0,1270215,7765.5,11112,12116,1509,10607,1259103,0.5
1900-01-24 18:27:00,7765.5,606753,7766.0,281706,15616,4263,11353,325047,0.5
1900-01-24 18:27:15,7765.5,148516,7766.0,1449631,4895,16626,-11731,-1301115,0.5
1900-01-24 18:27:30,7765.5,131945,7766.0,1568095,201,14813,-14612,-1436150,0.5
1900-01-24 18:27:45,7765.5,680559,7766.0,500654,8322,3914,4408,179905,0.5
1900-01-24 18:28:00,7765.5,1077009,7766.0,554307,3691,7158,-3467,522702,0.5
1900-01-24 18:28:15,7766.0,1611762,7766.5,86462,468804,9891,458913,1525300,0.5
1900-01-24 18:28:30,7772.0,1281489,7772.5,37246,134496,260,134236,1244243,0.5
1900-01-24 18:28:45,7773.0,787242,7773.5,7717,71504,220,71284,779525,0.5
1900-01-24 18:29:00,7773.0,413371,7773.5,848591,103330,525,102805,-435220,0.5
1900-01-24 18:29:15,7773.0,416346,7773.5,859129,1800,10545,-8745,-442783,0.5
1900-01-24 18:29:30,7773.0,129518,7773.5,921741,11366,22426,-11060,-792223,0.5
1900-01-24 18:29:45,7774.0,726191,7774.5,71619,74083,18063,56020,654572,0.5
1900-01-24 18:30:00,7774.5,1209946,7775.0,142330,67263,16067,51196,1067616,0.5
1900-01-24 18:30:15,7774.5,1667925,7775.0,141838,5151,3407,1744,1526087,0.5
1900-01-24 18:30:30,7777.0,1420782,7777.5,22088,179392,5385,174007,1398694,0.5
1900-01-24 18:30:45,7777.0,1781438,7777.5,9801,305237,1000,304237,1771637,0.5
1900-01-24 18:31:00,7777.5,1629233,7778.0,308732,166178,48323,117855,1320501,0.5
1900-01-24 18:31:15,7783.0,1340142,7783.5,20471,99181,5501,93680,1319671,0.5
1900-01-24 18:31:30,7784.5,1020197,7785.0,99896,41627,13536,28091,920301,0.5
1900-01-24 18:31:45,7787.0,1397701,7787.5,143491,21314,880,20434,1254210,0.5
1900-01-24 18:32:00,7787.0,1492276,7787.5,56543,50477,64956,-14479,1435733,0.5
1900-01-24 18:32:15,7788.5,1092131,7789.0,56838,60488,3140,57348,1035293,0.5
1900-01-24 18:32:30,7795.0,745750,7795.5,7843,317977,97114,220863,737907,0.5
1900-01-24 18:32:45,7795.5,1233092,7796.0,157465,72333,27429,44904,1075627,0.5
1900-01-24 18:33:00,7794.5,30660,7795.0,879293,72955,70475,2480,-848633,0.5
1900-01-24 18:33:15,7791.0,60415,7791.5,693524,6537,136760,-130223,-633109,0.5
1900-01-24 18:33:30,7791.0,619881,7791.5,630201,803,52393,-51590,-10320,0.5
1900-01-24 18:33:45,7793.5,953440,7794.0,148193,59675,14141,45534,805247,0.5
1900-01-24 18:34:00,7793.5,1240442,7794.0,50317,55939,2055,53884,1190125,0.5
1900-01-24 18:34:15,7796.5,533463,7797.0,26510,30169,300,29869,506953,0.5
1900-01-24 18:34:30,7797.0,450129,7797.5,400695,166123,25319,140804,49434,0.5
1900-01-24 18:34:45,7797.0,366244,7797.5,721155,28258,41954,-13696,-354911,0.5
1900-01-24 18:35:00,7797.0,1335041,7797.5,405181,15775,30561,-14786,929860,0.5
1900-01-24 18:35:15,7797.0,1308055,7797.5,286804,53829,211487,-157658,1021251,0.5
1900-01-24 18:35:30,7797.5,1569477,7798.0,13411,43818,2000,41818,1556066,0.5
1900-01-24 18:35:45,7799.0,1545870,7799.5,1043110,363210,3362,359848,502760,0.5
1900-01-24 18:36:00,7799.5,1668217,7800.0,95549,976387,6200,970187,1572668,0.5
1900-01-24 18:36:15,7809.5,219976,7810.0,165307,351055,14380,336675,54669,0.5
1900-01-24 18:36:30,7804.0,652127,7804.5,126384,1128417,172352,956065,525743,0.5
1900-01-24 18:36:45,7804.5,1488229,7805.0,604,196104,25795,170309,1487625,0.5
1900-01-24 18:37:00,7803.5,33693,7804.0,388441,99946,95000,4946,-354748,0.5
1900-01-24 18:37:15,7803.5,65392,7804.0,371838,34232,193542,-159310,-306446,0.5
1900-01-24 18:37:30,7803.5,727236,7804.0,517825,15928,144842,-128914,209411,0.5
1900-01-24 18:37:45,7802.0,10967,7802.5,607048,12525,123507,-110982,-596081,0.5
1900-01-24 18:38:00,7800.0,670095,7800.5,663077,15285,166930,-151645,7018,0.5
1900-01-24 18:38:15,7800.0,533623,7800.5,850869,1740,78309,-76569,-317246,0.5
1900-01-24 18:38:30,7797.0,66813,7797.5,947079,111841,348429,-236588,-880266,0.5
1900-01-24 18:38:45,7797.0,788590,7797.5,53837,5144,144811,-139667,734753,0.5
1900-01-24 18:39:00,7798.0,678259,7798.5,522844,86024,9067,76957,155415,0.5
1900-01-24 18:39:15,7798.0,150495,7798.5,882929,71102,54030,17072,-732434,0.5
1900-01-24 18:39:30,7796.0,18761,7796.5,886493,8020,49157,-41137,-867732,0.5
1900-01-24 18:39:45,7793.0,76272,7793.5,1269538,5327,128576,-123249,-1193266,0.5
1900-01-24 18:40:00,7791.5,488978,7792.0,471290,11831,71527,-59696,17688,0.5
1900-01-24 18:40:15,7794.5,1011131,7795.0,377654,35581,27554,8027,633477,0.5
1900-01-24 18:40:30,7794.5,1155848,7795.0,17860,100340,15700,84640,1137988,0.5
1900-01-24 18:40:45,7793.0,5022,7793.5,501780,63598,39697,23901,-496758,0.5
1900-01-24 18:41:00,7792.0,292854,7792.5,1075801,11341,85465,-74124,-782947,0.5
1900-01-24 18:41:15,7791.0,34532,7791.5,1351062,2163,607351,-605188,-1316530,0.5
1900-01-24 18:41:30,7778.5,327283,7779.0,413617,18240,179092,-160852,-86334,0.5
1900-01-24 18:41:45,7778.5,335908,7779.0,1052406,3784,153101,-149317,-716498,0.5
1900-01-24 18:42:00,7781.5,691702,7782.0,126516,249798,32813,216985,565186,0.5
1900-01-24 18:42:15,7782.0,786293,7782.5,20000,50533,9747,40786,766293,0.5
1900-01-24 18:42:30,7782.5,812942,7783.0,354723,142764,12363,130401,458219,0.5
1900-01-24 18:42:45,7782.5,224386,7783.0,1184592,120996,12030,108966,-960206,0.5
1900-01-24 18:43:00,7782.5,228475,7783.0,1074024,13955,14485,-530,-845549,0.5
1900-01-24 18:43:15,7782.5,271070,7783.0,1101490,14532,2060,12472,-830420,0.5
1900-01-24 18:43:30,7782.5,333355,7783.0,1026118,2473,6381,-3908,-692763,0.5
1900-01-24 18:43:45,7782.5,1041361,7783.0,42038,28287,3900,24387,999323,0.5
1900-01-24 18:44:00,7783.0,274436,7783.5,901237,89958,47,89911,-626801,0.5
1900-01-24 18:44:15,7783.5,215836,7784.0,692220,28649,500,28149,-476384,0.5
1900-01-24 18:44:30,7783.5,859538,7784.0,186387,5484,12759,-7275,673151,0.5
1900-01-24 18:44:45,7784.5,166797,7785.0,1370183,18406,9342,9064,-1203386,0.5
1900-01-24 18:45:00,7784.5,729215,7785.0,244099,80687,33,80654,485116,0.5
1900-01-24 18:45:15,7784.5,695279,7785.0,360028,6943,2100,4843,335251,0.5
1900-01-24 18:45:30,7784.5,117718,7785.0,1402180,7564,11532,-3968,-1284462,0.5
1900-01-24 18:45:45,7784.5,108728,7785.0,1477718,900,36842,-35942,-1368990,0.5
1900-01-24 18:46:00,7784.5,702275,7785.0,566190,3872,7100,-3228,136085,0.5
1900-01-24 18:46:15,7784.5,794339,7785.0,547833,50141,12952,37189,246506,0.5
1900-01-24 18:46:30,7784.5,77204,7785.0,1780280,59,2470,-2411,-1703076,0.5
1900-01-24 18:46:45,7784.0,2547,7784.5,1581020,3171,7583,-4412,-1578473,0.5
1900-01-24 18:47:00,7782.5,15748,7783.0,1568291,520,30975,-30455,-1552543,0.5
1900-01-24 18:47:15,7782.0,25466,7782.5,1692592,35000,17681,17319,-1667126,0.5
1900-01-24 18:47:30,7780.5,34606,7781.0,2112638,1618,81873,-80255,-2078032,0.5
1900-01-24 18:47:45,7779.5,300027,7780.0,1702141,17500,72142,-54642,-1402114,0.5
1900-01-24 18:48:00,7779.5,185691,7780.0,4955260,10746,13623,-2877,-4769569,0.5
1900-01-24 18:48:15,7779.0,30730,7779.5,770023,31,56777,-56746,-739293,0.5
1900-01-24 18:48:30,7778.5,27371,7779.0,1843050,7144,13949,-6805,-1815679,0.5
1900-01-24 18:48:45,7777.0,78309,7778.5,1581522,21,12804,-12783,-1503213,1.5
1900-01-24 18:49:00,7773.5,1923,7774.0,1442122,6438,132456,-126018,-1440199,0.5
1900-01-24 18:49:15,7769.5,285958,7770.0,993726,5228,333602,-328374,-707768,0.5
1900-01-24 18:49:30,7770.0,791389,7770.5,8829,116607,445374,-328767,782560,0.5
1900-01-24 18:49:45,7770.0,801855,7770.5,157354,39767,9205,30562,644501,0.5
1900-01-24 18:50:00,7771.0,81757,7771.5,1307146,106094,18330,87764,-1225389,0.5
1900-01-24 18:50:15,7771.0,411130,7771.5,1403525,6816,59510,-52694,-992395,0.5
1900-01-24 18:50:30,7771.0,952014,7771.5,273703,133266,25873,107393,678311,0.5
1900-01-24 18:50:45,7771.0,792380,7771.5,250356,30030,79290,-49260,542024,0.5
1900-01-24 18:51:00,7771.5,1009452,7772.0,2325939,94521,12009,82512,-1316487,0.5
1900-01-24 18:51:15,7771.5,547497,7772.0,2709189,2653,3100,-447,-2161692,0.5
1900-01-24 18:51:30,7767.5,55551,7768.0,1425835,1553,211164,-209611,-1370284,0.5
1900-01-24 18:51:45,7767.5,142651,7768.0,3927331,16227,20898,-4671,-3784680,0.5
1900-01-24 18:52:00,7767.5,144329,7768.0,4786321,2448,25482,-23034,-4641992,0.5
1900-01-24 18:52:15,7767.0,49020,7767.5,1460617,2578,59627,-57049,-1411597,0.5
1900-01-24 18:52:30,7765.0,168711,7765.5,1299916,1871,85201,-83330,-1131205,0.5
1900-01-24 18:52:45,7765.5,971096,7766.0,3368700,17913,39451,-21538,-2397604,0.5
1900-01-24 18:53:00,7765.5,1343219,7766.0,3249133,136849,16493,120356,-1905914,0.5
1900-01-24 18:53:15,7765.5,862522,7766.0,2773222,445480,24316,421164,-1910700,0.5
1900-01-24 18:53:30,7765.5,697192,7766.0,2758084,18004,64698,-46694,-2060892,0.5
1900-01-24 18:53:45,7765.5,376406,7766.0,2804761,295,143265,-142970,-2428355,0.5
1900-01-24 18:54:00,7765.5,457721,7766.0,2804785,24025,37920,-13895,-2347064,0.5
1900-01-24 18:54:15,7765.5,237299,7766.0,3037150,112000,20165,91835,-2799851,0.5
1900-01-24 18:54:30,7765.5,753087,7766.0,2649167,2021,78497,-76476,-1896080,0.5
1900-01-24 18:54:45,7765.0,142095,7765.5,1504171,5347,39106,-33759,-1362076,0.5
1900-01-24 18:55:00,7765.0,183027,7765.5,1195306,139,26550,-26411,-1012279,0.5
1900-01-24 18:55:15,7765.0,689872,7765.5,852150,105233,53638,51595,-162278,0.5
1900-01-24 18:55:30,7765.0,646161,7765.5,846447,3101,21183,-18082,-200286,0.5
1900-01-24 18:55:45,7765.0,1035464,7765.5,507023,4200,35422,-31222,528441,0.5
1900-01-24 18:56:00,7765.0,1488307,7765.5,241257,19182,200,18982,1247050,0.5
1900-01-24 18:56:15,7765.0,1478637,7765.5,188407,52141,50,52091,1290230,0.5
1900-01-24 18:56:30,7765.5,1951698,7766.0,1610653,1030650,2280,1028370,341045,0.5
1900-01-24 18:56:45,7765.5,2080465,7766.0,617059,1004549,1013,1003536,1463406,0.5
1900-01-24 18:57:00,7767.0,1677096,7767.5,207909,812205,220,811985,1469187,0.5
1900-01-24 18:57:15,7773.0,1194722,7773.5,182355,166155,3020,163135,1012367,0.5
1900-01-24 18:57:30,7774.0,579594,7774.5,905921,88415,5374,83041,-326327,0.5
1900-01-24 18:57:45,7774.0,676675,7774.5,886520,154182,31054,123128,-209845,0.5
1900-01-24 18:58:00,7774.0,940260,7774.5,588258,6716,1260,5456,352002,0.5
1900-01-24 18:58:15,7774.0,763699,7774.5,893206,4079,1300,2779,-129507,0.5
1900-01-24 18:58:30,7774.0,326937,7774.5,1123545,301,14630,-14329,-796608,0.5
1900-01-24 18:58:45,7774.0,598295,7774.5,878729,12582,26729,-14147,-280434,0.5
1900-01-24 18:59:00,7774.0,296100,7774.5,1010686,13461,30741,-17280,-714586,0.5
1900-01-24 18:59:15,7774.0,618263,7774.5,933989,71,29988,-29917,-315726,0.5
1900-01-24 18:59:30,7774.0,1053857,7774.5,524882,24071,14110,9961,528975,0.5
1900-01-24 18:59:45,7774.0,409510,7774.5,1033176,235,10607,-10372,-623666,0.5
1900-01-24 19:00:00,7774.0,439140,7774.5,1035976,2718,21876,-19158,-596836,0.5
1900-01-24 19:00:15,7774.0,1307782,7774.5,249625,244255,12064,232191,1058157,0.5
1900-01-24 19:00:30,7774.5,1418170,7775.0,62381,59485,20,59465,1355789,0.5
1900-01-24 19:00:45,7781.5,1460783,7782.0,97992,109491,171,109320,1362791,0.5
1900-01-24 19:01:00,7781.5,1944776,7782.0,54026,54856,40,54816,1890750,0.5
1900-01-24 19:01:15,7782.0,770645,7782.5,532374,76766,75509,1257,238271,0.5
1900-01-24 19:01:30,7782.0,824903,7782.5,556690,63554,100,63454,268213,0.5
1900-01-24 19:01:45,7784.5,1052891,7785.0,407856,10299,2891,7408,645035,0.5
1900-01-24 19:02:00,7784.5,1237980,7785.0,582280,46429,51930,-5501,655700,0.5
1900-01-24 19:02:15,7784.5,1533568,7785.0,233998,66405,14102,52303,1299570,0.5
1900-01-24 19:02:30,7786.0,1424037,7786.5,5501,8017,3380,4637,1418536,0.5
1900-01-24 19:02:45,7789.5,1494136,7790.0,1418704,167888,258,167630,75432,0.5
1900-01-24 19:03:00,7787.0,13727,7789.5,965568,91205,156243,-65038,-951841,2.5
1900-01-24 19:03:15,7775.0,1012343,7775.5,268092,30585,99839,-69254,744251,0.5
1900-01-24 19:03:30,7775.0,1153691,7775.5,156492,36698,2071,34627,997199,0.5
1900-01-24 19:03:45,7775.5,1189191,7776.0,224666,175112,4612,170500,964525,0.5
1900-01-24 19:04:00,7775.5,1161568,7776.0,273221,21150,291,20859,888347,0.5
1900-01-24 19:04:15,7775.5,1203277,7776.0,394759,3700,11,3689,808518,0.5
1900-01-24 19:04:30,7775.5,69839,7776.0,728458,24441,65486,-41045,-658619,0.5
1900-01-24 19:04:45,7775.0,11077,7775.5,827411,1093,47661,-46568,-816334,0.5
1900-01-24 19:05:00,7770.0,1270650,7770.5,600368,12561,104010,-91449,670282,0.5
1900-01-24 19:05:15,7770.0,730945,7770.5,860685,7717,36675,-28958,-129740,0.5
1900-01-24 19:05:30,7770.0,1303103,7770.5,613028,6975,42100,-35125,690075,0.5
1900-01-24 19:05:45,7770.0,827842,7770.5,694463,8001,1737,6264,133379,0.5
1900-01-24 19:06:00,7767.5,23663,7768.0,276268,2017,330103,-328086,-252605,0.5
1900-01-24 19:06:15,7762.5,1324056,7763.0,161877,3998,85193,-81195,1162179,0.5
1900-01-24 19:06:30,7762.5,925183,7763.0,544699,20682,245280,-224598,380484,0.5
1900-01-24 19:06:45,7762.5,442642,7763.0,646411,128438,146077,-17639,-203769,0.5
1900-01-24 19:07:00,7762.5,84483,7763.0,739135,10798,131834,-121036,-654652,0.5
1900-01-24 19:07:15,7762.5,626909,7763.0,183849,1939,20230,-18291,443060,0.5
1900-01-24 19:07:30,7759.0,19959,7759.5,1520849,356,302786,-302430,-1500890,0.5
1900-01-24 19:07:45,7757.5,215810,7758.0,651235,11120,109428,-98308,-435425,0.5
1900-01-24 19:08:00,7758.0,811983,7758.5,6473,58170,81388,-23218,805510,0.5
1900-01-24 19:08:15,7758.5,674988,7759.0,98497,72679,31703,40976,576491,0.5
1900-01-24 19:08:30,7760.5,649208,7761.0,16653,34282,8385,25897,632555,0.5
1900-01-24 19:08:45,7766.5,640651,7767.0,72234,86095,23205,62890,568417,0.5
1900-01-24 19:09:00,7766.5,756179,7767.0,19544,11875,59658,-47783,736635,0.5
1900-01-24 19:09:15,7766.5,106918,7767.0,1250122,10359,7242,3117,-1143204,0.5
1900-01-24 19:09:30,7766.5,24056,7767.0,1482409,3266,58172,-54906,-1458353,0.5
1900-01-24 19:09:45,7760.0,47350,7760.5,1082049,4257,91587,-87330,-1034699,0.5
1900-01-24 19:10:00,7758.0,262658,7758.5,654222,1189,18443,-17254,-391564,0.5
1900-01-24 19:10:15,7758.0,986675,7758.5,179594,7420,80836,-73416,807081,0.5
1900-01-24 19:10:30,7758.0,708584,7758.5,747790,1769,102224,-100455,-39206,0.5
1900-01-24 19:10:45,7758.0,221489,7758.5,524423,16302,130654,-114352,-302934,0.5
1900-01-24 19:11:00,7758.0,36933,7758.5,1028353,745,30673,-29928,-991420,0.5
1900-01-24 19:11:15,7756.0,135328,7756.5,1035038,2070,97030,-94960,-899710,0.5
1900-01-24 19:11:30,7758.5,406958,7759.0,91307,50832,73454,-22622,315651,0.5
1900-01-24 19:11:45,7759.5,922573,7760.0,7202,86520,4100,82420,915371,0.5
1900-01-24 19:12:00,7759.5,707833,7760.0,94854,22252,5504,16748,612979,0.5
1900-01-24 19:12:15,7763.5,249694,7764.0,1161728,21988,33336,-11348,-912034,0.5
1900-01-24 19:12:30,7763.5,139188,7764.0,1248026,9043,15127,-6084,-1108838,0.5
1900-01-24 19:12:45,7764.5,960784,7765.0,7180,27341,34096,-6755,953604,0.5
1900-01-24 19:13:00,7766.0,1156959,7766.5,103465,32372,1103,31269,1053494,0.5
1900-01-24 19:13:15,7766.0,503242,7766.5,1073865,30818,14509,16309,-570623,0.5
1900-01-24 19:13:30,7766.0,368649,7766.5,1084192,43000,149805,-106805,-715543,0.5
1900-01-24 19:13:45,7766.0,339457,7766.5,1143013,1638,24972,-23334,-803556,0.5
1900-01-24 19:14:00,7766.0,362865,7766.5,1118677,9892,1734,8158,-755812,0.5
1900-01-24 19:14:15,7766.0,1002026,7766.5,33203,36246,900,35346,968823,0.5
1900-01-24 19:14:30,7766.0,1115884,7766.5,21574,957,2977,-2020,1094310,0.5
1900-01-24 19:14:45,7767.5,944205,7768.0,183705,18046,1284,16762,760500,0.5
1900-01-24 19:15:00,7767.5,277753,7768.0,1188630,130270,116053,14217,-910877,0.5
1900-01-24 19:15:15,7767.5,17886,7768.0,1436965,131,76123,-75992,-1419079,0.5
1900-01-24 19:15:30,7766.0,49448,7766.5,1207173,20,170415,-170395,-1157725,0.5
1900-01-24 19:15:45,7766.0,539137,7766.5,1114938,30,36367,-36337,-575801,0.5
1900-01-24 19:16:00,7766.0,385666,7766.5,1217592,2020,85650,-83630,-831926,0.5
1900-01-24 19:16:15,7766.0,175005,7766.5,1400822,2020,28522,-26502,-1225817,0.5
1900-01-24 19:16:30,7765.5,9231,7766.0,1444113,10000,118997,-108997,-1434882,0.5
1900-01-24 19:16:45,7765.5,349771,7766.0,1444474,8050,168026,-159976,-1094703,0.5
1900-01-24 19:17:00,7765.5,299940,7766.0,1405672,1540,1523,17,-1105732,0.5
1900-01-24 19:17:15,7765.5,993841,7766.0,539931,1540,27209,-25669,453910,0.5
1900-01-24 19:17:30,7765.5,968784,7766.0,326551,32703,6211,26492,642233,0.5
1900-01-24 19:17:45,7765.0,13071,7765.5,1549052,3217,56330,-53113,-1535981,0.5
1900-01-24 19:18:00,7761.0,86830,7761.5,948504,60,57748,-57688,-861674,0.5
1900-01-24 19:18:15,7761.0,75769,7761.5,1372072,60,113627,-113567,-1296303,0.5
1900-01-24 19:18:30,7758.0,438312,7758.5,1116948,7486,59236,-51750,-678636,0.5
1900-01-24 19:18:45,7758.0,144089,7758.5,1333201,1,98982,-98981,-1189112,0.5
1900-01-24 19:19:00,7756.5,109236,7757.0,1356335,42230,42430,-200,-1247099,0.5
1900-01-24 19:19:15,7754.0,59590,7754.5,1283769,9272,340733,-331461,-1224179,0.5
1900-01-24 19:19:30,7742.0,183414,7743.0,63895,15756,1343467,-1327711,119519,1.0
1900-01-24 19:19:45,7749.0,5000,7749.5,114056,504426,516471,-12045,-109056,0.5
1900-01-24 19:20:00,7749.0,121446,7749.5,908821,125687,69105,56582,-787375,0.5
1900-01-24 19:20:15,7745.0,431,7745.5,995685,24176,111263,-87087,-995254,0.5
1900-01-24 19:20:30,7744.0,49553,7744.5,638850,52638,144107,-91469,-589297,0.5
1900-01-24 19:20:45,7742.5,584271,7743.0,495993,26994,131674,-104680,88278,0.5
1900-01-24 19:21:00,7746.5,336828,7747.0,536934,123093,28074,95019,-200106,0.5
1900-01-24 19:21:15,7744.5,662748,7745.0,4131,47325,93743,-46418,658617,0.5
1900-01-24 19:21:30,7745.0,78185,7745.5,1250561,19658,101593,-81935,-1172376,0.5
1900-01-24 19:21:45,7744.0,421387,7744.5,545047,10806,48763,-37957,-123660,0.5
1900-01-24 19:22:00,7744.0,398698,7744.5,414804,94262,125941,-31679,-16106,0.5
1900-01-24 19:22:15,7744.0,30219,7744.5,1780179,13859,26628,-12769,-1749960,0.5
1900-01-24 19:22:30,7743.0,124504,7743.5,427030,33100,30181,2919,-302526,0.5
1900-01-24 19:22:45,7742.5,337703,7743.0,432302,246854,4247,242607,-94599,0.5
1900-01-24 19:23:00,7741.5,71080,7742.0,434523,26095,86194,-60099,-363443,0.5
1900-01-24 19:23:15,7741.5,175422,7742.0,762586,33850,15740,18110,-587164,0.5
1900-01-24 19:23:30,7741.5,120560,7742.0,1827655,45750,16064,29686,-1707095,0.5
1900-01-24 19:23:45,7741.0,2663143,7741.5,1296454,4019,426109,-422090,1366689,0.5
1900-01-24 19:24:00,7741.0,1086030,7741.5,1327568,42769,1483741,-1440972,-241538,0.5
1900-01-24 19:24:15,7735.0,131144,7735.5,789874,113588,1856032,-1742444,-658730,0.5
1900-01-24 19:24:30,7725.5,95308,7726.0,120021,26246,718716,-692470,-24713,0.5
1900-01-24 19:24:45,7729.0,408940,7729.5,76270,210317,181490,28827,332670,0.5
1900-01-24 19:25:00,7733.5,8375,7734.0,443653,105387,27304,78083,-435278,0.5
1900-01-24 19:25:15,7731.0,309395,7731.5,111717,272023,31004,241019,197678,0.5
1900-01-24 19:25:30,7729.0,1753,7729.5,1307919,73801,217834,-144033,-1306166,0.5
1900-01-24 19:25:45,7725.5,2746,7726.0,577524,94688,440991,-346303,-574778,0.5
1900-01-24 19:26:00,7722.5,54851,7723.0,1280037,93824,513703,-419879,-1225186,0.5
1900-01-24 19:26:15,7730.5,163746,7731.0,1045507,433835,44357,389478,-881761,0.5
1900-01-24 19:26:30,7730.5,1141163,7731.0,47764,147561,45536,102025,1093399,0.5
1900-01-24 19:26:45,7734.5,1081871,7735.0,209239,355666,2969,352697,872632,0.5
1900-01-24 19:27:00,7735.5,1084667,7736.0,178000,150395,10000,140395,906667,0.5
1900-01-24 19:27:15,7735.5,661072,7736.0,719585,102230,7348,94882,-58513,0.5
1900-01-24 19:27:30,7735.5,1052582,7736.0,473566,12010,8442,3568,579016,0.5
1900-01-24 19:27:45,7735.5,1194640,7736.0,23288,80600,5906,74694,1171352,0.5
1900-01-24 19:28:00,7738.0,1307466,7738.5,57621,44269,24775,19494,1249845,0.5
1900-01-24 19:28:15,7743.5,1510568,7744.0,130062,187522,7659,179863,1380506,0.5
1900-01-24 19:28:30,7741.0,398412,7741.5,573828,237789,37786,200003,-175416,0.5
1900-01-24 19:28:45,7742.5,1132614,7743.0,2097,73029,7352,65677,1130517,0.5
1900-01-24 19:29:00,7745.0,1302363,7745.5,2259,51205,26243,24962,1300104,0.5
1900-01-24 19:29:15,7749.5,1128127,7750.0,135128,97254,9280,87974,992999,0.5
1900-01-24 19:29:30,7752.0,849907,7752.5,340712,252898,710,252188,509195,0.5
1900-01-24 19:29:45,7752.0,826642,7752.5,650407,179411,48871,130540,176235,0.5
1900-01-24 19:30:00,7754.5,1211417,7755.0,147941,194544,8972,185572,1063476,0.5
1900-01-24 19:30:15,7757.0,1143170,7757.5,129724,126420,5167,121253,1013446,0.5
1900-01-24 19:30:30,7757.0,1385496,7757.5,144488,35982,71078,-35096,1241008,0.5
1900-01-24 19:30:45,7756.0,161694,7756.5,802976,48513,141037,-92524,-641282,0.5
1900-01-24 19:31:00,7756.0,14784,7756.5,787746,2500,137845,-135345,-772962,0.5
1900-01-24 19:31:15,7755.0,53883,7755.5,803990,11085,64638,-53553,-750107,0.5
1900-01-24 19:31:30,7755.0,1146478,7755.5,160635,15544,20565,-5021,985843,0.5
1900-01-24 19:31:45,7752.5,26258,7753.0,401641,4662,172519,-167857,-375383,0.5
1900-01-24 19:32:00,7749.5,181404,7750.0,886411,8714,60288,-51574,-705007,0.5
1900-01-24 19:32:15,7748.5,1024542,7749.0,270379,11311,163684,-152373,754163,0.5
1900-01-24 19:32:30,7748.5,310695,7749.0,648944,7335,19358,-12023,-338249,0.5
1900-01-24 19:32:45,7748.5,1098661,7749.0,10291,100654,10971,89683,1088370,0.5
1900-01-24 19:33:00,7749.0,246014,7749.5,603428,6299,6853,-554,-357414,0.5
1900-01-24 19:33:15,7749.5,1246232,7750.0,543750,59240,8482,50758,702482,0.5
1900-01-24 19:33:30,7749.5,1317631,7750.0,516983,38978,27850,11128,800648,0.5
1900-01-24 19:33:45,7749.5,182853,7750.0,1053749,54043,95510,-41467,-870896,0.5
1900-01-24 19:34:00,7747.5,120967,7748.0,328278,9332,23883,-14551,-207311,0.5
1900-01-24 19:34:15,7747.5,41284,7748.0,815524,6520,133781,-127261,-774240,0.5
1900-01-24 19:34:30,7745.5,706095,7746.0,583019,447,76092,-75645,123076,0.5
1900-01-24 19:34:45,7745.5,182017,7746.0,804142,7421,30173,-22752,-622125,0.5
1900-01-24 19:35:00,7745.0,766587,7745.5,499371,10086,8903,1183,267216,0.5
1900-01-24 19:35:15,7745.0,838377,7745.5,618319,5250,40165,-34915,220058,0.5
1900-01-24 19:35:30,7745.0,1380304,7745.5,34150,37434,87526,-50092,1346154,0.5
1900-01-24 19:35:45,7747.0,394079,7747.5,1161205,14587,2121,12466,-767126,0.5
1900-01-24 19:36:00,7747.0,62336,7747.5,1327980,8432,9469,-1037,-1265644,0.5
1900-01-24 19:36:15,7747.0,102718,7747.5,1312050,400,20365,-19965,-1209332,0.5
1900-01-24 19:36:30,7745.0,382617,7745.5,1056412,4067,57493,-53426,-673795,0.5
1900-01-24 19:36:45,7745.0,532320,7745.5,977712,6020,45874,-39854,-445392,0.5
1900-01-24 19:37:00,7745.0,41003,7745.5,1320867,3594,37579,-33985,-1279864,0.5
1900-01-24 19:37:15,7743.0,220163,7743.5,1231658,2000,79496,-77496,-1011495,0.5
1900-01-24 19:37:30,7743.0,491796,7743.5,1514839,834,4399,-3565,-1023043,0.5
1900-01-24 19:37:45,7743.0,106353,7743.5,1427600,67584,73078,-5494,-1321247,0.5
1900-01-24 19:38:00,7743.0,43732,7743.5,1612697,1861,15205,-13344,-1568965,0.5
1900-01-24 19:38:15,7742.5,286420,7743.0,1118846,7882,21695,-13813,-832426,0.5
1900-01-24 19:38:30,7742.5,215271,7743.0,1201090,11078,70500,-59422,-985819,0.5
1900-01-24 19:38:45,7742.5,146165,7743.0,1182376,2506,79866,-77360,-1036211,0.5
1900-01-24 19:39:00,7742.5,157174,7743.0,1238754,3005,8159,-5154,-1081580,0.5
1900-01-24 19:39:15,7747.5,651171,7748.0,369912,118083,10000,108083,281259,0.5
1900-01-24 19:39:30,7749.0,696779,7749.5,11777,129084,2001,127083,685002,0.5
1900-01-24 19:39:45,7749.5,734220,7750.0,119312,89243,142,89101,614908,0.5
1900-01-24 19:40:00,7749.5,238474,7750.0,970980,29000,4120,24880,-732506,0.5
1900-01-24 19:40:15,7749.5,863908,7750.0,511065,5862,3201,2661,352843,0.5
1900-01-24 19:40:30,7749.5,217944,7750.0,1115109,209,66299,-66090,-897165,0.5
1900-01-24 19:40:45,7749.5,788867,7750.0,211480,1840,4969,-3129,577387,0.5
1900-01-24 19:41:00,7749.5,359207,7750.0,966910,5080,540,4540,-607703,0.5
1900-01-24 19:41:15,7749.5,941591,7750.0,915868,22599,3534,19065,25723,0.5
1900-01-24 19:41:30,7749.5,1374208,7750.0,52227,31310,4025,27285,1321981,0.5
1900-01-24 19:41:45,7750.5,919880,7751.0,60045,62171,26550,35621,859835,0.5
1900-01-24 19:42:00,7753.5,759593,7754.0,430049,27015,520,26495,329544,0.5
1900-01-24 19:42:15,7754.5,838097,7755.0,430974,23659,20,23639,407123,0.5
1900-01-24 19:42:30,7754.5,988335,7755.0,22893,136577,260,136317,965442,0.5
1900-01-24 19:42:45,7755.5,1326114,7756.0,73593,9895,260,9635,1252521,0.5
1900-01-24 19:43:00,7755.5,48169,7756.0,1211387,1951,110914,-108963,-1163218,0.5
1900-01-24 19:43:15,7753.5,1771906,7754.0,914,107224,44224,63000,1770992,0.5
1900-01-24 19:43:30,7754.0,1211092,7754.5,18356,2132,3910,-1778,1192736,0.5
1900-01-24 19:43:45,7755.5,1042646,7756.0,249623,141033,548,140485,793023,0.5
1900-01-24 19:44:00,7757.5,534799,7758.0,27462,93109,1497,91612,507337,0.5
1900-01-24 19:44:15,7757.5,1751676,7758.0,392914,22436,944,21492,1358762,0.5
1900-01-24 19:44:30,7759.0,1680867,7759.5,462460,360341,60270,300071,1218407,0.5
1900-01-24 19:44:45,7759.0,1776831,7759.5,95357,47011,200,46811,1681474,0.5
1900-01-24 19:45:00,7759.0,1367542,7759.5,397648,39389,27782,11607,969894,0.5
1900-01-24 19:45:15,7758.5,33337,7759.0,850338,42046,13929,28117,-817001,0.5
1900-01-24 19:45:30,7753.5,1515177,7754.0,153640,23670,42241,-18571,1361537,0.5
1900-01-24 19:45:45,7753.5,1735644,7754.0,161276,16288,8897,7391,1574368,0.5
1900-01-24 19:46:00,7753.5,814390,7754.0,700873,15579,457,15122,113517,0.5
1900-01-24 19:46:15,7751.5,219905,7752.0,725766,9606,8307,1299,-505861,0.5
1900-01-24 19:46:30,7750.0,935116,7750.5,526384,4383,61265,-56882,408732,0.5
1900-01-24 19:46:45,7750.0,1814530,7750.5,40109,6994,22906,-15912,1774421,0.5
1900-01-24 19:47:00,7751.0,1513821,7751.5,36621,14481,3020,11461,1477200,0.5
1900-01-24 19:47:15,7753.5,1297911,7754.0,202476,19863,560,19303,1095435,0.5
1900-01-24 19:47:30,7754.0,120190,7754.5,829427,38273,1837,36436,-709237,0.5
1900-01-24 19:47:45,7752.5,10559,7753.0,865806,284,1545,-1261,-855247,0.5
1900-01-24 19:48:00,7749.5,1175704,7750.0,445094,520,14876,-14356,730610,0.5
1900-01-24 19:48:15,7749.5,2656319,7750.0,210341,17565,24567,-7002,2445978,0.5
1900-01-24 19:48:30,7749.5,2669891,7750.0,152095,69796,1061,68735,2517796,0.5
1900-01-24 19:48:45,7749.5,1021557,7750.0,698397,8295,3371,4924,323160,0.5
1900-01-24 19:49:00,7749.5,1021158,7750.0,843262,1855,11772,-9917,177896,0.5
1900-01-24 19:49:15,7749.5,1104509,7750.0,733779,1,43073,-43072,370730,0.5
1900-01-24 19:49:30,7750.5,1822712,7751.0,2025,1279,1162,117,1820687,0.5
1900-01-24 19:49:45,7753.0,861654,7753.5,9751,17226,80,17146,851903,0.5
1900-01-24 19:50:00,7754.5,839443,7755.0,5363,38556,1303,37253,834080,0.5
1900-01-24 19:50:15,7757.0,1159423,7757.5,8546,15190,962,14228,1150877,0.5
1900-01-24 19:50:30,7758.5,1357097,7759.0,31057,41130,1460,39670,1326040,0.5
1900-01-24 19:50:45,7759.0,1079079,7759.5,41691,17277,4501,12776,1037388,0.5
1900-01-24 19:51:00,7759.0,1677998,7759.5,38522,4139,83402,-79263,1639476,0.5
1900-01-24 19:51:15,7761.0,1176926,7761.5,16255,93636,1063,92573,1160671,0.5
1900-01-24 19:51:30,7762.0,1102710,7762.5,26653,143463,115,143348,1076057,0.5
1900-01-24 19:51:45,7764.5,1175221,7765.0,748593,207608,546,207062,426628,0.5
1900-01-24 19:52:00,7765.0,1668117,7765.5,33849,282842,1812,281030,1634268,0.5
1900-01-24 19:52:15,7767.0,1740322,7767.5,22229,90534,3518,87016,1718093,0.5
1900-01-24 19:52:30,7771.5,477454,7772.0,152083,187274,8720,178554,325371,0.5
1900-01-24 19:52:45,7774.5,310020,7775.0,603789,214193,1262,212931,-293769,0.5
1900-01-24 19:53:00,7774.5,842897,7775.0,779392,103110,20768,82342,63505,0.5
1900-01-24 19:53:15,7774.5,1530334,7775.0,228698,182889,58210,124679,1301636,0.5
1900-01-24 19:53:30,7774.5,2124924,7775.0,389926,66546,250,66296,1734998,0.5
1900-01-24 19:53:45,7774.5,588741,7775.0,1127652,1267,192103,-190836,-538911,0.5
1900-01-24 19:54:00,7774.5,593546,7775.0,1091173,721,184022,-183301,-497627,0.5
1900-01-24 19:54:15,7774.5,866839,7775.0,1191727,74343,62946,11397,-324888,0.5
1900-01-24 19:54:30,7774.5,1208799,7775.0,1226536,71,60500,-60429,-17737,0.5
1900-01-24 19:54:45,7774.5,1383963,7775.0,979823,18298,34711,-16413,404140,0.5
1900-01-24 19:55:00,7787.5,391901,7788.0,103456,476506,1841,474665,288445,0.5
1900-01-24 19:55:15,7783.5,128119,7784.0,825024,103109,91819,11290,-696905,0.5
1900-01-24 19:55:30,7781.5,931609,7782.0,520494,18741,135465,-116724,411115,0.5
1900-01-24 19:55:45,7782.0,1213540,7782.5,25559,180311,11570,168741,1187981,0.5
1900-01-24 19:56:00,7787.0,726251,7787.5,541299,272162,2305,269857,184952,0.5
1900-01-24 19:56:15,7784.5,39,7785.0,668012,10942,112183,-101241,-667973,0.5
1900-01-24 19:56:30,7782.5,1361895,7783.0,258986,13509,48221,-34712,1102909,0.5
1900-01-24 19:56:45,7784.0,1691253,7784.5,216931,102790,2485,100305,1474322,0.5
1900-01-24 19:57:00,7786.0,1280481,7786.5,30095,73988,3300,70688,1250386,0.5
1900-01-24 19:57:15,7789.5,1611656,7790.0,705521,481656,3235,478421,906135,0.5
1900-01-24 19:57:30,7789.5,1371885,7790.0,441377,142276,21584,120692,930508,0.5
1900-01-24 19:57:45,7789.5,483,7790.0,659050,117386,66528,50858,-658567,0.5
1900-01-24 19:58:00,7787.0,1482365,7787.5,127269,61596,33956,27640,1355096,0.5
1900-01-24 19:58:15,7787.5,1683927,7788.0,26489,27663,18271,9392,1657438,0.5
1900-01-24 19:58:30,7789.5,1112748,7790.0,3454,26577,27955,-1378,1109294,0.5
1900-01-24 19:58:45,7792.5,1504401,7793.0,99971,117936,1905,116031,1404430,0.5
1900-01-24 19:59:00,7793.0,1659386,7793.5,47957,82624,6190,76434,1611429,0.5
1900-01-24 19:59:15,7790.5,2164,7791.0,633523,67445,109586,-42141,-631359,0.5
1900-01-24 19:59:30,7785.0,125234,7785.5,852145,48112,299164,-251052,-726911,0.5
1900-01-24 19:59:45,7785.5,825052,7786.0,335818,62937,47089,15848,489234,0.5
1900-01-24 20:00:00,7785.5,79511,7786.0,496714,16809,18619,-1810,-417203,0.5
1900-01-24 20:00:15,7785.0,732703,7785.5,681755,57870,62798,-4928,50948,0.5
1900-01-24 20:00:30,7785.0,425701,7785.5,613032,44858,152010,-107152,-187331,0.5
1900-01-24 20:00:45,7781.5,101992,7782.0,867583,60382,109526,-49144,-765591,0.5
1900-01-24 20:01:00,7781.5,920578,7782.0,675996,40483,121110,-80627,244582,0.5
1900-01-24 20:01:15,7784.0,1124561,7784.5,217,23853,1911,21942,1124344,0.5
1900-01-24 20:01:30,7787.5,1543965,7788.0,37857,28778,12627,16151,1506108,0.5
1900-01-24 20:01:45,7788.5,1353841,7789.0,8280,39060,1044,38016,1345561,0.5
1900-01-24 20:02:00,7792.5,1358378,7793.0,24018,142839,6398,136441,1334360,0.5
1900-01-24 20:02:15,7796.5,212107,7797.0,34242,150989,46874,104115,177865,0.5
1900-01-24 20:02:30,7796.5,1199749,7797.0,257540,103375,25136,78239,942209,0.5
1900-01-24 20:02:45,7799.5,459160,7800.0,48229,517378,68043,449335,410931,0.5
1900-01-24 20:03:00,7808.0,167758,7808.5,35051,542785,5892,536893,132707,0.5
1900-01-24 20:03:15,7791.5,511967,7792.0,255747,139039,1144364,-1005325,256220,0.5
1900-01-24 20:03:30,7791.5,590600,7792.0,716291,45488,137145,-91657,-125691,0.5
1900-01-24 20:03:45,7798.0,845786,7798.5,21907,355982,7796,348186,823879,0.5
1900-01-24 20:04:00,7805.0,11866,7805.5,650,215275,4639,210636,11216,0.5
1900-01-24 20:04:15,7809.5,728820,7810.0,70708,394239,35961,358278,658112,0.5
1900-01-24 20:04:30,7810.5,36993,7811.0,489430,305048,34796,270252,-452437,0.5
1900-01-24 20:04:45,7819.0,105230,7819.5,289859,703650,35529,668121,-184629,0.5
1900-01-24 20:05:00,7824.5,469542,7825.0,140728,518023,74594,443429,328814,0.5
1900-01-24 20:05:15,7844.0,2530,7845.0,37181,1234880,73493,1161387,-34651,1.0
1900-01-24 20:05:30,7840.5,16690,7841.5,6000,410176,451676,-41500,10690,1.0
1900-01-24 20:05:45,7844.0,220786,7844.5,44178,168057,396601,-228544,176608,0.5
1900-01-24 20:06:00,7848.0,530312,7848.5,33290,228095,31286,196809,497022,0.5
1900-01-24 20:06:15,7856.5,560246,7857.0,458045,507979,60725,447254,102201,0.5
1900-01-24 20:06:30,7856.5,678584,7857.0,98601,337381,103324,234057,579983,0.5
1900-01-24 20:06:45,7843.5,1360176,7844.0,324611,30815,558337,-527522,1035565,0.5
1900-01-24 20:07:00,7847.0,530525,7847.5,179804,177445,249268,-71823,350721,0.5
1900-01-24 20:07:15,7849.5,724032,7850.0,139325,201042,242108,-41066,584707,0.5
1900-01-24 20:07:30,7845.0,271094,7845.5,982296,100490,235475,-134985,-711202,0.5
1900-01-24 20:07:45,7836.5,724558,7837.0,692003,97268,270056,-172788,32555,0.5
1900-01-24 20:08:00,7836.5,484614,7837.0,1074104,28194,95071,-66877,-589490,0.5
1900-01-24 20:08:15,7834.0,35451,7834.5,1116152,23352,241593,-218241,-1080701,0.5
1900-01-24 20:08:30,7831.5,478629,7832.0,616319,9390,73387,-63997,-137690,0.5
1900-01-24 20:08:45,7826.5,343524,7827.0,727541,157824,512180,-354356,-384017,0.5
1900-01-24 20:09:00,7821.0,107177,7821.5,1148024,20311,1038335,-1018024,-1040847,0.5
1900-01-24 20:09:15,7821.0,281747,7821.5,1664120,21201,206319,-185118,-1382373,0.5
1900-01-24 20:09:30,7820.5,366509,7821.0,848120,50408,344814,-294406,-481611,0.5
1900-01-24 20:09:45,7818.5,56582,7819.0,1219852,33066,252762,-219696,-1163270,0.5
1900-01-24 20:10:00,7817.5,15666,7818.0,1174022,77353,76782,571,-1158356,0.5
1900-01-24 20:10:15,7817.5,486411,7818.0,2304206,52246,230029,-177783,-1817795,0.5
1900-01-24 20:10:30,7815.5,536091,7816.0,1002729,22550,62350,-39800,-466638,0.5
1900-01-24 20:10:45,7815.5,77125,7816.0,3960824,6542,164466,-157924,-3883699,0.5
1900-01-24 20:11:00,7810.5,338893,7811.0,857069,24240,225093,-200853,-518176,0.5
1900-01-24 20:11:15,7810.5,703749,7811.0,44611,29390,273594,-244204,659138,0.5
1900-01-24 20:11:30,7824.0,403931,7824.5,429255,362581,37422,325159,-25324,0.5
1900-01-24 20:11:45,7824.0,882776,7824.5,343193,64118,117083,-52965,539583,0.5
1900-01-24 20:12:00,7820.0,151755,7820.5,794847,49694,248605,-198911,-643092,0.5
1900-01-24 20:12:15,7819.0,8158,7819.5,960089,14813,87635,-72822,-951931,0.5
1900-01-24 20:12:30,7818.0,627556,7818.5,440112,67605,53532,14073,187444,0.5
1900-01-24 20:12:45,7818.0,721072,7818.5,567131,38407,2882,35525,153941,0.5
1900-01-24 20:13:00,7820.0,897856,7820.5,47527,82659,29508,53151,850329,0.5
1900-01-24 20:13:15,7820.0,575489,7820.5,376576,34005,26301,7704,198913,0.5
1900-01-24 20:13:30,7820.0,473807,7820.5,713076,12106,29950,-17844,-239269,0.5
1900-01-24 20:13:45,7820.0,128731,7820.5,1098043,4143,48476,-44333,-969312,0.5
1900-01-24 20:14:00,7818.0,161425,7818.5,1215749,535,80278,-79743,-1054324,0.5
1900-01-24 20:14:15,7817.0,59711,7817.5,1128637,50195,177124,-126929,-1068926,0.5
1900-01-24 20:14:30,7817.0,535668,7817.5,195648,11374,11876,-502,340020,0.5
1900-01-24 20:14:45,7820.5,1496980,7821.0,1944068,317904,10606,307298,-447088,0.5
1900-01-24 20:15:00,7820.5,1626862,7821.0,1858646,170075,1174,168901,-231784,0.5
1900-01-24 20:15:15,7820.0,5829,7820.5,506221,225175,135262,89913,-500392,0.5
1900-01-24 20:15:30,7810.5,7646,7811.0,1413783,9605,344124,-334519,-1406137,0.5
1900-01-24 20:15:45,7806.0,124759,7806.5,865890,35868,150309,-114441,-741131,0.5
1900-01-24 20:16:00,7803.0,42502,7803.5,1408291,7835,358683,-350848,-1365789,0.5
1900-01-24 20:16:15,7802.5,408684,7803.0,275429,175473,247306,-71833,133255,0.5
1900-01-24 20:16:30,7802.5,349252,7803.0,1655480,195557,58429,137128,-1306228,0.5
1900-01-24 20:16:45,7802.5,588141,7803.0,1725940,17079,9318,7761,-1137799,0.5
1900-01-24 20:17:00,7802.5,135395,7803.0,2539271,126817,30082,96735,-2403876,0.5
1900-01-24 20:17:15,7787.5,113288,7788.0,800769,16012,192827,-176815,-687481,0.5
1900-01-24 20:17:30,7788.0,314359,7788.5,22885,88081,358837,-270756,291474,0.5
1900-01-24 20:17:45,7791.0,498292,7791.5,816065,203070,54564,148506,-317773,0.5
1900-01-24 20:18:00,7785.5,27619,7786.0,931864,22347,210023,-187676,-904245,0.5
1900-01-24 20:18:15,7783.5,488148,7784.0,112944,32184,130822,-98638,375204,0.5
1900-01-24 20:18:30,7786.5,100453,7787.0,1179607,139108,66813,72295,-1079154,0.5
1900-01-24 20:18:45,7786.5,404454,7787.0,896079,97137,7038,90099,-491625,0.5
1900-01-24 20:19:00,7788.5,404913,7789.0,1159792,241418,8445,232973,-754879,0.5
1900-01-24 20:19:15,7790.5,780326,7791.0,28230,176643,8352,168291,752096,0.5
1900-01-24 20:19:30,7788.0,1541,7788.5,1298558,389878,14439,375439,-1297017,0.5
1900-01-24 20:19:45,7785.0,11364,7785.5,1119691,25395,55970,-30575,-1108327,0.5
1900-01-24 20:20:00,7776.0,2068,7776.5,252002,64469,140478,-76009,-249934,0.5
1900-01-24 20:20:15,7779.0,557140,7779.5,65379,119675,384068,-264393,491761,0.5
1900-01-24 20:20:30,7779.5,555277,7780.0,11119,326244,86872,239372,544158,0.5
1900-01-24 20:20:45,7780.5,527298,7781.0,157517,200834,26068,174766,369781,0.5
1900-01-24 20:21:00,7780.5,561651,7781.0,134237,76747,7763,68984,427414,0.5
1900-01-24 20:21:15,7780.0,1439391,7780.5,1252632,34456,72989,-38533,186759,0.5
1900-01-24 20:21:30,7780.0,1480532,7780.5,1044675,13858,13829,29,435857,0.5
1900-01-24 20:21:45,7780.0,1442077,7780.5,673995,29536,44409,-14873,768082,0.5
1900-01-24 20:22:00,7780.0,1487206,7780.5,423367,32280,500,31780,1063839,0.5
1900-01-24 20:22:15,7780.0,1414620,7780.5,1229810,19404,77584,-58180,184810,0.5
1900-01-24 20:22:30,7784.5,197701,7785.0,1221718,71779,7351,64428,-1024017,0.5
1900-01-24 20:22:45,7788.5,604780,7789.0,155480,129720,11184,118536,449300,0.5
1900-01-24 20:23:00,7791.5,707225,7792.0,643759,385707,20593,365114,63466,0.5
1900-01-24 20:23:15,7792.0,96018,7792.5,11150,109667,10671,98996,84868,0.5
1900-01-24 20:23:30,7793.5,1050629,7794.0,288959,204668,52788,151880,761670,0.5
1900-01-24 20:23:45,7791.5,191072,7792.0,1041687,47937,297151,-249214,-850615,0.5
1900-01-24 20:24:00,7791.5,873277,7792.0,60983,16667,110830,-94163,812294,0.5
1900-01-24 20:24:15,7788.5,1092303,7791.5,40219,77947,34239,43708,1052084,3.0
1900-01-24 20:24:30,7790.0,586902,7790.5,898807,46151,23869,22282,-311905,0.5
1900-01-24 20:24:45,7794.5,511742,7795.0,100560,36705,18024,18681,411182,0.5
1900-01-24 20:25:00,7794.5,1167153,7795.0,54964,52019,2394,49625,1112189,0.5
1900-01-24 20:25:15,7798.0,187073,7798.5,1155448,61107,12038,49069,-968375,0.5
1900-01-24 20:25:30,7799.0,1197858,7799.5,33425,214139,3926,210213,1164433,0.5
1900-01-24 20:25:45,7799.5,977034,7800.0,449005,178119,3774,174345,528029,0.5
1900-01-24 20:26:00,7802.5,1236232,7803.0,23247,39425,4198,35227,1212985,0.5
1900-01-24 20:26:15,7805.0,1374242,7805.5,44275,212651,85145,127506,1329967,0.5
1900-01-24 20:26:30,7805.5,439853,7806.0,723003,109916,35054,74862,-283150,0.5
1900-01-24 20:26:45,7805.5,214611,7806.0,839221,15524,62352,-46828,-624610,0.5
1900-01-24 20:27:00,7805.5,1007748,7806.0,176455,120442,14973,105469,831293,0.5
1900-01-24 20:27:15,7806.0,41922,7806.5,17894,44304,28141,16163,24028,0.5
1900-01-24 20:27:30,7806.5,16020,7807.0,1020530,127326,109935,17391,-1004510,0.5
1900-01-24 20:27:45,7801.0,720,7801.5,386854,29571,132882,-103311,-386134,0.5
1900-01-24 20:28:00,7794.5,454468,7795.0,653707,24760,226943,-202183,-199239,0.5
1900-01-24 20:28:15,7792.0,703860,7792.5,653285,2350,71119,-68769,50575,0.5
1900-01-24 20:28:30,7792.0,2276294,7792.5,11587,50144,138600,-88456,2264707,0.5
1900-01-24 20:28:45,7792.0,907963,7792.5,581821,31522,411162,-379640,326142,0.5
1900-01-24 20:29:00,7792.0,64032,7792.5,1189666,2308,778214,-775906,-1125634,0.5
1900-01-24 20:29:15,7791.0,150428,7791.5,1257733,7520,56760,-49240,-1107305,0.5
1900-01-24 20:29:30,7791.0,108771,7791.5,1549602,11739,43701,-31962,-1440831,0.5
1900-01-24 20:29:45,7782.5,676641,7783.0,297752,3284,139514,-136230,378889,0.5
1900-01-24 20:30:00,7792.0,805198,7792.5,4681,47784,5518,42266,800517,0.5
1900-01-24 20:30:15,7794.5,1124444,7795.0,49085,45111,2136,42975,1075359,0.5
1900-01-24 20:30:30,7794.5,127248,7795.0,1053777,15297,29115,-13818,-926529,0.5
1900-01-24 20:30:45,7794.5,129031,7795.0,1160467,5437,18127,-12690,-1031436,0.5
1900-01-24 20:31:00,7790.0,22030,7790.5,814968,13620,30193,-16573,-792938,0.5
1900-01-24 20:31:15,7790.0,1714,7790.5,1081876,1,21014,-21013,-1080162,0.5
1900-01-24 20:31:30,7787.0,6060,7787.5,1298290,4741,72546,-67805,-1292230,0.5
1900-01-24 20:31:45,7787.0,2025,7787.5,1133251,4510,7542,-3032,-1131226,0.5
1900-01-24 20:32:00,7785.0,48316,7785.5,956236,11260,75572,-64312,-907920,0.5
1900-01-24 20:32:15,7785.0,1290651,7785.5,15062,60445,13144,47301,1275589,0.5
1900-01-24 20:32:30,7791.0,822422,7791.5,27912,14870,310,14560,794510,0.5
1900-01-24 20:32:45,7795.0,810223,7795.5,276599,26216,21854,4362,533624,0.5
1900-01-24 20:33:00,7795.0,86182,7795.5,881940,5804,50358,-44554,-795758,0.5
1900-01-24 20:33:15,7792.5,638576,7793.0,655143,5976,14523,-8547,-16567,0.5
1900-01-24 20:33:30,7791.5,364878,7792.0,660456,146992,17150,129842,-295578,0.5
1900-01-24 20:33:45,7791.5,1630911,7792.0,586392,59929,4118,55811,1044519,0.5
1900-01-24 20:34:00,7791.5,1756572,7792.0,392138,15083,2012,13071,1364434,0.5
1900-01-24 20:34:15,7791.5,1942466,7792.0,205231,117586,765,116821,1737235,0.5
1900-01-24 20:34:30,7791.5,1935559,7792.0,906247,285022,200,284822,1029312,0.5
1900-01-24 20:34:45,7791.5,1675697,7792.0,903035,74744,200,74544,772662,0.5
1900-01-24 20:35:00,7791.5,1231346,7792.0,770182,78376,259,78117,461164,0.5
1900-01-24 20:35:15,7791.5,1223242,7792.0,806468,10000,3,9997,416774,0.5
1900-01-24 20:35:30,7788.0,15993,7788.5,751692,14564,225556,-210992,-735699,0.5
1900-01-24 20:35:45,7786.0,869974,7786.5,632947,2100,39009,-36909,237027,0.5
1900-01-24 20:36:00,7786.0,795392,7786.5,189519,1035,2267,-1232,605873,0.5
1900-01-24 20:36:15,7791.0,749643,7791.5,56562,26194,1852,24342,693081,0.5
1900-01-24 20:36:30,7792.5,893529,7793.0,71989,15789,2395,13394,821540,0.5
1900-01-24 20:36:45,7792.5,779920,7793.0,547438,26220,25490,730,232482,0.5
1900-01-24 20:37:00,7795.5,848314,7796.0,16847,50960,3559,47401,831467,0.5
1900-01-24 20:37:15,7796.0,821669,7796.5,327500,13134,3559,9575,494169,0.5
1900-01-24 20:37:30,7796.0,1263889,7796.5,7367,53550,61,53489,1256522,0.5
1900-01-24 20:37:45,7799.5,1030376,7800.0,3407,86856,50,86806,1026969,0.5
1900-01-24 20:38:00,7800.5,33498,7801.0,998677,16237,37595,-21358,-965179,0.5
1900-01-24 20:38:15,7798.0,559723,7798.5,913321,2867,13549,-10682,-353598,0.5
1900-01-24 20:38:30,7798.0,1572841,7798.5,33354,2353,5001,-2648,1539487,0.5
1900-01-24 20:38:45,7801.5,1332264,7802.0,13744,84234,1140,83094,1318520,0.5
1900-01-24 20:39:00,7802.5,1188601,7803.0,33656,91457,110,91347,1154945,0.5
1900-01-24 20:39:15,7806.5,564648,7807.0,855104,36276,10330,25946,-290456,0.5
1900-01-24 20:39:30,7806.5,728940,7807.0,823779,72155,10330,61825,-94839,0.5
1900-01-24 20:39:45,7807.5,1199719,7808.0,2974,164043,59064,104979,1196745,0.5
1900-01-24 20:40:00,7809.0,409919,7809.5,540992,38363,1119,37244,-131073,0.5
1900-01-24 20:40:15,7809.0,687901,7809.5,546876,103761,7850,95911,141025,0.5
1900-01-24 20:40:30,7809.0,244801,7809.5,748551,24401,12476,11925,-503750,0.5
1900-01-24 20:40:45,7811.5,2078098,7812.0,541,84634,17170,67464,2077557,0.5
1900-01-24 20:41:00,7811.5,247955,7812.0,845761,6729,51916,-45187,-597806,0.5
1900-01-24 20:41:15,7809.5,89742,7810.0,929838,9146,234769,-225623,-840096,0.5
1900-01-24 20:41:30,7809.0,350946,7809.5,743406,239,99381,-99142,-392460,0.5
1900-01-24 20:41:45,7809.0,1460531,7809.5,67697,30543,18269,12274,1392834,0.5
1900-01-24 20:42:00,7809.0,1671357,7809.5,57511,11523,6832,4691,1613846,0.5
1900-01-24 20:42:15,7811.5,1531056,7812.0,7383,23552,91,23461,1523673,0.5
1900-01-24 20:42:30,7812.0,513106,7812.5,550419,33201,4510,28691,-37313,0.5
1900-01-24 20:42:45,7812.0,662894,7812.5,542918,6180,5560,620,119976,0.5
1900-01-24 20:43:00,7812.0,211781,7812.5,690029,2190,46047,-43857,-478248,0.5
1900-01-24 20:43:15,7812.0,432454,7812.5,600332,3682,31390,-27708,-167878,0.5
1900-01-24 20:43:30,7812.0,1269666,7812.5,125276,34517,15961,18556,1144390,0.5
1900-01-24 20:43:45,7812.0,833210,7812.5,558431,16884,6860,10024,274779,0.5
1900-01-24 20:44:00,7812.0,182480,7812.5,780104,10436,70950,-60514,-597624,0.5
1900-01-24 20:44:15,7810.5,36734,7811.0,904656,1020,108399,-107379,-867922,0.5
1900-01-24 20:44:30,7801.0,425747,7801.5,398984,3046,206881,-203835,26763,0.5
1900-01-24 20:44:45,7800.0,975302,7800.5,414881,2983,70436,-67453,560421,0.5
1900-01-24 20:45:00,7800.0,1666398,7800.5,63793,40101,4756,35345,1602605,0.5
1900-01-24 20:45:15,7803.5,1401862,7804.0,64360,13897,483,13414,1337502,0.5
1900-01-24 20:45:30,7810.5,320042,7811.0,695164,194755,17207,177548,-375122,0.5
1900-01-24 20:45:45,7810.0,17431,7810.5,891088,181339,128578,52761,-873657,0.5
1900-01-24 20:46:00,7808.0,1053854,7808.5,224871,28624,18047,10577,828983,0.5
1900-01-24 20:46:15,7808.0,1705423,7808.5,164431,4162,26105,-21943,1540992,0.5
1900-01-24 20:46:30,7808.0,1654568,7808.5,97191,70680,7550,63130,1557377,0.5
1900-01-24 20:46:45,7808.0,1618831,7808.5,56339,13751,3058,10693,1562492,0.5
1900-01-24 20:47:00,7811.0,498178,7811.5,472075,36722,3175,33547,26103,0.5
1900-01-24 20:47:15,7811.0,604775,7811.5,594456,12658,25916,-13258,10319,0.5
1900-01-24 20:47:30,7807.0,83841,7807.5,654699,114783,66676,48107,-570858,0.5
1900-01-24 20:47:45,7805.5,349511,7806.0,606699,1970,43955,-41985,-257188,0.5
1900-01-24 20:48:00,7810.5,131677,7811.0,790291,89590,6965,82625,-658614,0.5
1900-01-24 20:48:15,7808.5,16761,7809.0,586302,12900,12798,102,-569541,0.5
1900-01-24 20:48:30,7808.5,1249273,7809.0,40795,19273,12558,6715,1208478,0.5
1900-01-24 20:48:45,7809.5,1246452,7810.0,175345,311065,140,310925,1071107,0.5
1900-01-24 20:49:00,7822.5,244483,7823.0,60446,110366,11712,98654,184037,0.5
1900-01-24 20:49:15,7824.5,289173,7825.0,575104,208193,449318,-241125,-285931,0.5
1900-01-24 20:49:30,7828.5,1063175,7829.0,110060,228226,10631,217595,953115,0.5
1900-01-24 20:49:45,7837.5,538254,7838.0,146875,303561,37779,265782,391379,0.5
1900-01-24 20:50:00,7857.0,20486,7857.5,13989,1548119,99944,1448175,6497,0.5
1900-01-24 20:50:15,7849.0,163612,7849.5,546977,161042,472393,-311351,-383365,0.5
1900-01-24 20:50:30,7840.5,554082,7841.0,343668,48111,312329,-264218,210414,0.5
1900-01-24 20:50:45,7844.0,681634,7844.5,438268,110651,74818,35833,243366,0.5
1900-01-24 20:51:00,7840.0,139566,7840.5,914035,42792,95617,-52825,-774469,0.5
1900-01-24 20:51:15,7836.0,767922,7836.5,25616,86259,256138,-169879,742306,0.5
1900-01-24 20:51:30,7835.0,785737,7835.5,269207,7582,38946,-31364,516530,0.5
1900-01-24 20:51:45,7835.0,756868,7835.5,144605,13404,63525,-50121,612263,0.5
1900-01-24 20:52:00,7843.5,326666,7844.0,9517,51429,16737,34692,317149,0.5
1900-01-24 20:52:15,7845.5,766110,7846.0,247239,232158,59321,172837,518871,0.5
1900-01-24 20:52:30,7845.5,267728,7846.0,652726,42960,96642,-53682,-384998,0.5
1900-01-24 20:52:45,7845.5,1002593,7846.0,659109,87062,60091,26971,343484,0.5
1900-01-24 20:53:00,7845.5,1228358,7846.0,458018,82236,68724,13512,770340,0.5
1900-01-24 20:53:15,7845.5,1209921,7846.0,499521,79526,2160,77366,710400,0.5
1900-01-24 20:53:30,7852.0,603321,7852.5,6649,283004,7920,275084,596672,0.5
1900-01-24 20:53:45,7851.5,1055991,7852.0,207802,90365,206590,-116225,848189,0.5
1900-01-24 20:54:00,7858.5,19361,7859.0,372467,90099,80254,9845,-353106,0.5
1900-01-24 20:54:15,7874.0,779655,7874.5,36494,533127,77581,455546,743161,0.5
1900-01-24 20:54:30,7874.0,910680,7874.5,120774,632182,179526,452656,789906,0.5
1900-01-24 20:54:45,7874.5,401716,7875.0,837028,718101,407096,311005,-435312,0.5
1900-01-24 20:55:00,7868.5,46805,7869.0,327052,56658,142569,-85911,-280247,0.5
1900-01-24 20:55:15,7860.5,767214,7861.0,361149,40112,277584,-237472,406065,0.5
1900-01-24 20:55:30,7857.0,920533,7857.5,203028,159587,281219,-121632,717505,0.5
1900-01-24 20:55:45,7857.0,908171,7857.5,553393,30726,78849,-48123,354778,0.5
1900-01-24 20:56:00,7857.0,116289,7857.5,801823,22512,229265,-206753,-685534,0.5
1900-01-24 20:56:15,7856.5,64594,7857.0,1053758,14058,194066,-180008,-989164,0.5
1900-01-24 20:56:30,7855.5,9781,7856.0,1286043,17556,142431,-124875,-1276262,0.5
1900-01-24 20:56:45,7850.0,21449,7850.5,148267,143,77906,-77763,-126818,0.5
1900-01-24 20:57:00,7845.0,5583,7845.5,438674,6471,206660,-200189,-433091,0.5
1900-01-24 20:57:15,7849.5,618174,7850.0,780486,114359,207737,-93378,-162312,0.5
1900-01-24 20:57:30,7852.0,1050631,7852.5,13215,93419,66459,26960,1037416,0.5
1900-01-24 20:57:45,7859.5,512978,7860.0,692572,554748,20108,534640,-179594,0.5
1900-01-24 20:58:00,7858.5,314689,7859.0,26265,131788,57511,74277,288424,0.5
1900-01-24 20:58:15,7850.0,788673,7850.5,224559,83458,42446,41012,564114,0.5
1900-01-24 20:58:30,7857.5,797065,7858.0,147594,185556,7212,178344,649471,0.5
1900-01-24 20:58:45,7864.0,133734,7864.5,388469,103167,9243,93924,-254735,0.5
1900-01-24 20:59:00,7868.5,948116,7869.0,18628,70799,26866,43933,929488,0.5
1900-01-24 20:59:15,7875.5,14004,7876.0,617588,203861,38540,165321,-603584,0.5
1900-01-24 20:59:30,7880.5,551251,7881.0,111877,404677,32342,372335,439374,0.5
1900-01-24 20:59:45,7886.5,10252,7887.0,163621,748447,401368,347079,-153369,0.5
1900-01-24 21:00:00,7875.5,77992,7876.0,183510,176738,198569,-21831,-105518,0.5
1900-01-24 21:00:15,7868.0,258753,7868.5,70985,94665,475681,-381016,187768,0.5
1900-01-24 21:00:30,7868.0,196707,7868.5,939587,100567,333562,-232995,-742880,0.5
1900-01-24 21:00:45,7868.0,351577,7868.5,750413,101251,268131,-166880,-398836,0.5
1900-01-24 21:01:00,7876.0,629489,7876.5,303590,157640,63198,94442,325899,0.5
1900-01-24 21:01:15,7868.0,1090852,7868.5,288990,207617,51497,156120,801862,0.5
1900-01-24 21:01:30,7865.0,325078,7865.5,584298,188236,353437,-165201,-259220,0.5
1900-01-24 21:01:45,7862.0,262105,7862.5,646190,20088,68466,-48378,-384085,0.5
1900-01-24 21:02:00,7868.0,249032,7868.5,591687,62670,37093,25577,-342655,0.5
1900-01-24 21:02:15,7865.5,1148,7866.0,933732,47828,128943,-81115,-932584,0.5
1900-01-24 21:02:30,7862.0,828275,7862.5,351653,18788,72553,-53765,476622,0.5
1900-01-24 21:02:45,7862.0,701504,7862.5,268165,200587,31364,169223,433339,0.5
1900-01-24 21:03:00,7855.0,172893,7855.5,795200,38240,84939,-46699,-622307,0.5
1900-01-24 21:03:15,7857.0,802120,7857.5,222020,48795,64879,-16084,580100,0.5
1900-01-24 21:03:30,7856.0,16125,7856.5,1195074,18414,140489,-122075,-1178949,0.5
1900-01-24 21:03:45,7854.0,602188,7854.5,332149,10940,32769,-21829,270039,0.5
1900-01-24 21:04:00,7854.0,951989,7854.5,241302,14162,117488,-103326,710687,0.5
1900-01-24 21:04:15,7856.5,1033156,7857.0,18503,163797,1240,162557,1014653,0.5
1900-01-24 21:04:30,7859.0,817299,7859.5,11288,53902,12266,41636,806011,0.5
1900-01-24 21:04:45,7860.0,174933,7860.5,1005625,14825,11862,2963,-830692,0.5
1900-01-24 21:05:00,7860.0,1135176,7860.5,18491,10396,15730,-5334,1116685,0.5
1900-01-24 21:05:15,7864.5,556678,7865.0,491672,180304,17650,162654,65006,0.5
1900-01-24 21:05:30,7860.0,593121,7860.5,788164,14691,60999,-46308,-195043,0.5
1900-01-24 21:05:45,7860.0,672020,7860.5,628141,171368,200835,-29467,43879,0.5
1900-01-24 21:06:00,7868.5,319735,7869.0,667839,99367,30007,69360,-348104,0.5
1900-01-24 21:06:15,7870.0,1404421,7870.5,21988,180182,207551,-27369,1382433,0.5
1900-01-24 21:06:30,7866.5,23500,7867.0,83361,188523,52462,136061,-59861,0.5
1900-01-24 21:06:45,7868.5,1400155,7869.0,6062,55142,51276,3866,1394093,0.5
1900-01-24 21:07:00,7870.5,25150,7871.0,733109,23605,27633,-4028,-707959,0.5
1900-01-24 21:07:15,7868.5,28495,7869.0,875618,65296,28487,36809,-847123,0.5
1900-01-24 21:07:30,7868.5,24396,7869.0,824860,8100,11138,-3038,-800464,0.5
1900-01-24 21:07:45,7860.5,1011131,7861.0,179802,4302,223950,-219648,831329,0.5
1900-01-24 21:08:00,7855.0,2802,7855.5,1174998,95486,76463,19023,-1172196,0.5
1900-01-24 21:08:15,7852.0,494558,7852.5,460279,30834,82194,-51360,34279,0.5
1900-01-24 21:08:30,7849.0,11333,7849.5,1566807,7653,82913,-75260,-1555474,0.5
1900-01-24 21:08:45,7846.5,149535,7847.0,98472,80958,344261,-263303,51063,0.5
1900-01-24 21:09:00,7845.5,78511,7846.0,1047278,67449,229942,-162493,-968767,0.5
1900-01-24 21:09:15,7843.0,532346,7843.5,474059,22885,188736,-165851,58287,0.5
1900-01-24 21:09:30,7838.0,543117,7838.5,257596,40749,236935,-196186,285521,0.5
1900-01-24 21:09:45,7830.5,608455,7831.0,300810,88205,268085,-179880,307645,0.5
1900-01-24 21:10:00,7834.0,372901,7834.5,997356,175641,324132,-148491,-624455,0.5
1900-01-24 21:10:15,7840.5,181558,7841.0,394770,142802,455929,-313127,-213212,0.5
1900-01-24 21:10:30,7841.0,409909,7841.5,3944,52786,122171,-69385,405965,0.5
1900-01-24 21:10:45,7843.0,96600,7843.5,423098,70179,20544,49635,-326498,0.5
1900-01-24 21:11:00,7843.0,444242,7843.5,136553,67420,7796,59624,307689,0.5
1900-01-24 21:11:15,7846.5,396417,7847.0,67582,73840,5189,68651,328835,0.5
1900-01-24 21:11:30,7846.5,888445,7847.0,166069,96062,5503,90559,722376,0.5
1900-01-24 21:11:45,7847.0,814215,7847.5,180135,201137,5460,195677,634080,0.5
1900-01-24 21:12:00,7847.5,668852,7848.0,121991,110307,8000,102307,546861,0.5
1900-01-24 21:12:15,7845.0,18332,7845.5,603163,48992,146752,-97760,-584831,0.5
1900-01-24 21:12:30,7835.5,348027,7836.0,255779,65826,170620,-104794,92248,0.5
1900-01-24 21:12:45,7835.5,68328,7836.0,461024,27330,102578,-75248,-392696,0.5
1900-01-24 21:13:00,7838.5,327096,7839.0,602757,54103,32031,22072,-275661,0.5
1900-01-24 21:13:15,7839.5,666068,7840.0,98128,17947,5933,12014,567940,0.5
1900-01-24 21:13:30,7846.0,460688,7846.5,535312,57232,7121,50111,-74624,0.5
1900-01-24 21:13:45,7846.0,511233,7846.5,122287,4172,20502,-16330,388946,0.5
1900-01-24 21:14:00,7841.5,6728,7842.0,590435,7067,58980,-51913,-583707,0.5
1900-01-24 21:14:15,7845.0,19114,7845.5,700164,56659,10465,46194,-681050,0.5
1900-01-24 21:14:30,7845.0,255832,7845.5,601012,62769,11248,51521,-345180,0.5
1900-01-24 21:14:45,7845.0,235296,7845.5,679263,21167,17014,4153,-443967,0.5
1900-01-24 21:15:00,7845.0,126218,7845.5,104099,7016,877,6139,22119,0.5
1900-01-24 21:15:15,7845.0,184428,7845.5,50010,11534,5209,6325,134418,0.5
1900-01-24 21:15:30,7845.0,216351,7845.5,75994,12156,16310,-4154,140357,0.5
1900-01-24 21:15:45,7845.5,556644,7846.0,146539,29261,3982,25279,410105,0.5
1900-01-24 21:16:00,7843.5,252504,7844.0,588392,166449,303632,-137183,-335888,0.5
1900-01-24 21:16:15,7843.5,11211,7844.0,552164,33215,47365,-14150,-540953,0.5
1900-01-24 21:16:30,7840.0,24586,7840.5,684827,12320,27841,-15521,-660241,0.5
1900-01-24 21:16:45,7837.0,25111,7837.5,764130,5571,34243,-28672,-739019,0.5
1900-01-24 21:17:00,7837.0,779065,7837.5,431968,20860,174313,-153453,347097,0.5
1900-01-24 21:17:15,7837.0,757237,7837.5,314084,39031,122626,-83595,443153,0.5
1900-01-24 21:17:30,7837.0,875446,7837.5,808355,18181,26240,-8059,67091,0.5
1900-01-24 21:17:45,7837.0,824399,7837.5,915938,950,3735,-2785,-91539,0.5
1900-01-24 21:18:00,7839.5,289270,7840.0,415032,228540,47026,181514,-125762,0.5
1900-01-24 21:18:15,7839.5,216297,7840.0,1305022,21742,42697,-20955,-1088725,0.5
1900-01-24 21:18:30,7839.0,1053465,7839.5,261718,40495,25938,14557,791747,0.5
1900-01-24 21:18:45,7839.0,1001444,7839.5,391951,4818,6417,-1599,609493,0.5
1900-01-24 21:19:00,7839.0,603297,7839.5,4483394,66582,350790,-284208,-3880097,0.5
1900-01-24 21:19:15,7839.0,273601,7839.5,417024,49357,135082,-85725,-143423,0.5
1900-01-24 21:19:30,7839.0,167010,7839.5,1143997,131477,18708,112769,-976987,0.5
1900-01-24 21:19:45,7839.0,130952,7839.5,1383692,18667,25904,-7237,-1252740,0.5
1900-01-24 21:20:00,7839.0,124601,7839.5,1441974,7845,16613,-8768,-1317373,0.5
1900-01-24 21:20:15,7839.0,1010044,7839.5,1546657,14909,77236,-62327,-536613,0.5
1900-01-24 21:20:30,7839.0,28894,7839.5,1782078,8550,533804,-525254,-1753184,0.5
1900-01-24 21:20:45,7835.5,544941,7836.0,582700,10087,33477,-23390,-37759,0.5
1900-01-24 21:21:00,7835.5,392535,7836.0,696225,10140,183174,-173034,-303690,0.5
1900-01-24 21:21:15,7835.5,361818,7836.0,643477,17204,50855,-33651,-281659,0.5
1900-01-24 21:21:30,7832.0,44806,7832.5,567635,6862,99975,-93113,-522829,0.5
1900-01-24 21:21:45,7830.0,30393,7830.5,1011524,1624,103673,-102049,-981131,0.5
1900-01-24 21:22:00,7818.0,748085,7818.5,62986,26231,454374,-428143,685099,0.5
1900-01-24 21:22:15,7823.5,17587,7824.0,932964,98199,92390,5809,-915377,0.5
1900-01-24 21:22:30,7818.5,545672,7819.0,61234,44418,49483,-5065,484438,0.5
1900-01-24 21:22:45,7821.0,426854,7821.5,159564,45494,26960,18534,267290,0.5
1900-01-24 21:23:00,7822.5,509191,7823.0,42550,69237,5452,63785,466641,0.5
1900-01-24 21:23:15,7823.0,521489,7823.5,60542,48390,16024,32366,460947,0.5
1900-01-24 21:23:30,7823.5,791279,7824.0,60957,11572,12420,-848,730322,0.5
1900-01-24 21:23:45,7834.0,590979,7834.5,173392,91559,71928,19631,417587,0.5
1900-01-24 21:24:00,7834.5,493989,7835.0,639717,41440,17905,23535,-145728,0.5
1900-01-24 21:24:15,7835.0,885000,7835.5,664,10049,7050,2999,884336,0.5
1900-01-24 21:24:30,7839.5,431004,7840.0,420366,51578,311301,-259723,10638,0.5
1900-01-24 21:24:45,7839.5,877305,7840.0,15369,54351,103744,-49393,861936,0.5
1900-01-24 21:25:00,7844.5,303531,7845.0,299482,68026,170584,-102558,4049,0.5
1900-01-24 21:25:15,7846.0,358929,7846.5,57419,69544,183392,-113848,301510,0.5
1900-01-24 21:25:30,7846.0,556387,7846.5,49278,32090,2050,30040,507109,0.5
1900-01-24 21:25:45,7849.5,371444,7850.0,407864,125816,13743,112073,-36420,0.5
1900-01-24 21:26:00,7850.0,553669,7850.5,45982,153402,170087,-16685,507687,0.5
1900-01-24 21:26:15,7850.5,491137,7851.0,50872,27282,10004,17278,440265,0.5
1900-01-24 21:26:30,7851.5,362673,7852.0,57392,49592,91595,-42003,305281,0.5
1900-01-24 21:26:45,7855.0,491355,7855.5,7844,56986,3588,53398,483511,0.5
1900-01-24 21:27:00,7856.5,567441,7857.0,30681,69231,5603,63628,536760,0.5
1900-01-24 21:27:15,7856.5,395881,7857.0,317032,82771,11115,71656,78849,0.5
1900-01-24 21:27:30,7857.0,523009,7857.5,44868,21982,65290,-43308,478141,0.5
1900-01-24 21:27:45,7858.0,463026,7858.5,60628,132536,18573,113963,402398,0.5
1900-01-24 21:28:00,7858.0,380522,7858.5,78509,11141,50986,-39845,302013,0.5
1900-01-24 21:28:15,7858.0,332733,7858.5,72259,38267,92642,-54375,260474,0.5
1900-01-24 21:28:30,7858.5,549546,7859.0,28706,30939,13033,17906,520840,0.5
1900-01-24 21:28:45,7858.5,512921,7859.0,48779,152889,19516,133373,464142,0.5
1900-01-24 21:29:00,7855.5,66241,7856.0,608094,39305,262900,-223595,-541853,0.5
1900-01-24 21:29:15,7855.5,585183,7856.0,228242,33556,34963,-1407,356941,0.5
1900-01-24 21:29:30,7858.0,376447,7858.5,63024,80589,52500,28089,313423,0.5
1900-01-24 21:29:45,7858.0,260233,7858.5,320014,100797,9126,91671,-59781,0.5
1900-01-24 21:30:00,7858.0,525303,7858.5,81995,161150,13641,147509,443308,0.5
1900-01-24 21:30:15,7858.0,335352,7858.5,316078,8213,9100,-887,19274,0.5
1900-01-24 21:30:30,7858.0,289340,7858.5,244783,22293,5481,16812,44557,0.5
1900-01-24 21:30:45,7858.0,442806,7858.5,235463,35671,5504,30167,207343,0.5
1900-01-24 21:31:00,7859.5,374233,7860.0,26459,16065,98388,-82323,347774,0.5
1900-01-24 21:31:15,7860.5,328081,7861.0,82886,38676,20930,17746,245195,0.5
1900-01-24 21:31:30,7863.0,544967,7863.5,11138,41924,110,41814,533829,0.5
1900-01-24 21:31:45,7866.5,286318,7867.0,255229,376769,10695,366074,31089,0.5
1900-01-24 21:32:00,7863.5,47748,7864.0,736696,125786,254996,-129210,-688948,0.5
1900-01-24 21:32:15,7856.5,337214,7857.0,619503,38854,135319,-96465,-282289,0.5
1900-01-24 21:32:30,7856.5,212991,7857.0,739303,11542,31653,-20111,-526312,0.5
1900-01-24 21:32:45,7856.5,72327,7857.0,688386,11094,91655,-80561,-616059,0.5
1900-01-24 21:33:00,7860.5,591938,7861.0,30243,61490,242470,-180980,561695,0.5
1900-01-24 21:33:15,7860.5,885681,7861.0,1448,33516,2825,30691,884233,0.5
1900-01-24 21:33:30,7862.0,357471,7862.5,218954,9196,85610,-76414,138517,0.5
1900-01-24 21:33:45,7862.0,862756,7862.5,23720,18060,17152,908,839036,0.5
1900-01-24 21:34:00,7864.0,486745,7864.5,275552,57687,29082,28605,211193,0.5
1900-01-24 21:34:15,7864.0,805524,7864.5,455815,19701,13876,5825,349709,0.5
1900-01-24 21:34:30,7864.0,1024240,7864.5,358509,47221,3940,43281,665731,0.5
1900-01-24 21:34:45,7864.0,1155626,7864.5,255173,79992,1706,78286,900453,0.5
1900-01-24 21:35:00,7867.5,482477,7868.0,46686,198839,195577,3262,435791,0.5
1900-01-24 21:35:15,7869.0,462951,7869.5,579680,237598,24897,212701,-116729,0.5
1900-01-24 21:35:30,7869.0,435735,7869.5,381018,143185,9644,133541,54717,0.5
1900-01-24 21:35:45,7870.0,1212253,7870.5,31616,59939,46064,13875,1180637,0.5
1900-01-24 21:36:00,7873.5,906030,7874.0,87347,100907,129248,-28341,818683,0.5
1900-01-24 21:36:15,7875.0,2303903,7875.5,67001,107441,14838,92603,2236902,0.5
1900-01-24 21:36:30,7875.5,867487,7876.0,17419,70994,10703,60291,850068,0.5
1900-01-24 21:36:45,7876.5,1185112,7877.0,17592,43179,1784,41395,1167520,0.5
1900-01-24 21:37:00,7876.5,1506585,7877.0,49500,276513,298838,-22325,1457085,0.5
1900-01-24 21:37:15,7877.5,1557959,7878.0,97395,66631,53104,13527,1460564,0.5
1900-01-24 21:37:30,7879.0,750968,7879.5,10677,96033,13184,82849,740291,0.5
1900-01-24 21:37:45,7879.5,1179620,7880.0,555700,27699,10089,17610,623920,0.5
1900-01-24 21:38:00,7888.5,318883,7889.0,1368402,418108,157676,260432,-1049519,0.5
1900-01-24 21:38:15,7888.5,915315,7889.0,574593,405782,21950,383832,340722,0.5
1900-01-24 21:38:30,7894.0,9800,7894.5,115071,1658141,103941,1554200,-105271,0.5
1900-01-24 21:38:45,7909.5,19651,7910.0,1086797,2859173,38373,2820800,-1067146,0.5
1900-01-24 21:39:00,7906.0,8111,7906.5,18847,1552615,115344,1437271,-10736,0.5
1900-01-24 21:39:15,7911.5,167091,7912.0,347615,497676,426828,70848,-180524,0.5
1900-01-24 21:39:30,7913.5,537658,7914.0,383132,260838,186308,74530,154526,0.5
1900-01-24 21:39:45,7922.5,24665,7923.0,231830,775952,88361,687591,-207165,0.5
1900-01-24 21:40:00,7927.5,7985,7928.0,318754,413448,107360,306088,-310769,0.5
1900-01-24 21:40:15,7923.0,23898,7923.5,349016,208013,253589,-45576,-325118,0.5
1900-01-24 21:40:30,7913.5,707175,7914.0,368178,90364,437416,-347052,338997,0.5
1900-01-24 21:40:45,7917.0,854349,7917.5,40551,277680,179802,97878,813798,0.5
1900-01-24 21:41:00,7918.0,599677,7918.5,469074,333926,186086,147840,130603,0.5
1900-01-24 21:41:15,7918.0,238230,7918.5,417350,19292,419233,-399941,-179120,0.5
1900-01-24 21:41:30,7914.5,890035,7915.0,676744,16930,202175,-185245,213291,0.5
1900-01-24 21:41:45,7912.5,242483,7913.0,1147751,3922,359777,-355855,-905268,0.5
1900-01-24 21:42:00,7911.0,82344,7911.5,1346260,100620,501353,-400733,-1263916,0.5
1900-01-24 21:42:15,7908.0,375440,7908.5,943684,31423,577718,-546295,-568244,0.5
1900-01-24 21:42:30,7905.5,267698,7906.0,1008936,28035,215942,-187907,-741238,0.5
1900-01-24 21:42:45,7905.5,651516,7906.0,66433,75501,181783,-106282,585083,0.5
1900-01-24 21:43:00,7906.0,1042446,7906.5,5565,127992,201367,-73375,1036881,0.5
1900-01-24 21:43:15,7914.0,627144,7914.5,594046,145953,13721,132232,33098,0.5
1900-01-24 21:43:30,7915.5,741425,7916.0,380189,333270,36772,296498,361236,0.5
1900-01-24 21:43:45,7915.5,1031458,7916.0,358413,104100,13501,90599,673045,0.5
1900-01-24 21:44:00,7915.5,920444,7916.0,251303,72608,30637,41971,669141,0.5
1900-01-24 21:44:15,7919.5,774656,7920.0,55877,202249,12614,189635,718779,0.5
1900-01-24 21:44:30,7921.0,171106,7921.5,721017,57574,68996,-11422,-549911,0.5
1900-01-24 21:44:45,7919.5,22705,7920.0,820774,163347,105618,57729,-798069,0.5
1900-01-24 21:45:00,7923.5,492272,7924.0,303549,287127,26017,261110,188723,0.5
1900-01-24 21:45:15,7927.5,386928,7928.0,223569,463182,41929,421253,163359,0.5
1900-01-24 21:45:30,7927.5,1786031,7928.0,15172,208528,62042,146486,1770859,0.5
1900-01-24 21:45:45,7934.5,276750,7935.0,19145,838393,70833,767560,257605,0.5
1900-01-24 21:46:00,7935.5,1374687,7936.0,352422,1233276,34023,1199253,1022265,0.5
1900-01-24 21:46:15,7936.0,841182,7936.5,619108,473145,2592,470553,222074,0.5
1900-01-24 21:46:30,7936.0,5937506,7936.5,298133,314688,111509,203179,5639373,0.5
1900-01-24 21:46:45,7936.5,2130322,7937.0,191134,315895,129404,186491,1939188,0.5
1900-01-24 21:47:00,7938.0,1541096,7938.5,20078,249109,42878,206231,1521018,0.5
1900-01-24 21:47:15,7943.5,188808,7944.0,199811,613302,362872,250430,-11003,0.5
1900-01-24 21:47:30,7943.0,940983,7943.5,694748,359067,3069572,-2710505,246235,0.5
1900-01-24 21:47:45,7932.0,563643,7932.5,306971,32832,988323,-955491,256672,0.5
1900-01-24 21:48:00,7932.5,749520,7933.0,106537,53087,322824,-269737,642983,0.5
1900-01-24 21:48:15,7941.0,788458,7941.5,113401,291361,26610,264751,675057,0.5
1900-01-24 21:48:30,7942.5,976998,7943.0,454384,142603,189467,-46864,522614,0.5
1900-01-24 21:48:45,7942.5,550352,7943.0,370276,133142,607392,-474250,180076,0.5
1900-01-24 21:49:00,7943.0,1300025,7943.5,65311,78020,83686,-5666,1234714,0.5
1900-01-24 21:49:15,7944.0,603195,7944.5,75430,59541,95866,-36325,527765,0.5
1900-01-24 21:49:30,7945.5,15901,7946.0,730507,355115,39012,316103,-714606,0.5
1900-01-24 21:49:45,7945.0,1240192,7945.5,350650,38906,260853,-221947,889542,0.5
1900-01-24 21:50:00,7947.5,633867,7948.0,56574,111318,91798,19520,577293,0.5
1900-01-24 21:50:15,7937.0,51470,7937.5,52253,61860,329766,-267906,-783,0.5
1900-01-24 21:50:30,7939.5,233128,7940.0,175442,196261,176617,19644,57686,0.5
1900-01-24 21:50:45,7933.0,914094,7933.5,363091,17320,177851,-160531,551003,0.5
1900-01-24 21:51:00,7935.0,628983,7935.5,3732,84667,104248,-19581,625251,0.5
1900-01-24 21:51:15,7935.5,1123157,7936.0,103272,236218,42284,193934,1019885,0.5
1900-01-24 21:51:30,7939.5,1118710,7940.0,94514,61642,36435,25207,1024196,0.5
1900-01-24 21:51:45,7937.5,337459,7938.0,38237,98442,172733,-74291,299222,0.5
1900-01-24 21:52:00,7944.0,513645,7944.5,54964,22658,74702,-52044,458681,0.5
1900-01-24 21:52:15,7948.5,737805,7949.0,65947,58725,136470,-77745,671858,0.5
1900-01-24 21:52:30,7951.5,498956,7952.0,10,1682125,115639,1566486,498946,0.5
1900-01-24 21:52:45,7950.5,109507,7951.0,15041,379578,113932,265646,94466,0.5
1900-01-24 21:53:00,7954.0,1169071,7954.5,49068,194542,15521,179021,1120003,0.5
1900-01-24 21:53:15,7962.0,140382,7962.5,327744,1064519,48678,1015841,-187362,0.5
1900-01-24 21:53:30,7955.5,312806,7956.0,106359,154993,148039,6954,206447,0.5
1900-01-24 21:53:45,7957.5,629753,7958.0,216877,121451,53115,68336,412876,0.5
1900-01-24 21:54:00,7959.0,521104,7959.5,60691,369652,133120,236532,460413,0.5
1900-01-24 21:54:15,7959.0,1674,7959.5,556050,73155,109687,-36532,-554376,0.5
1900-01-24 21:54:30,7958.0,82021,7958.5,113240,12685,508958,-496273,-31219,0.5
1900-01-24 21:54:45,7953.0,10685,7953.5,864970,61496,72731,-11235,-854285,0.5
1900-01-24 21:55:00,7951.5,547192,7952.0,589913,21892,66688,-44796,-42721,0.5
1900-01-24 21:55:15,7939.0,2790,7939.5,443934,42652,370294,-327642,-441144,0.5
1900-01-24 21:55:30,7944.0,280166,7944.5,1076492,162004,402081,-240077,-796326,0.5
1900-01-24 21:55:45,7944.0,633391,7944.5,332604,443068,53600,389468,300787,0.5
1900-01-24 21:56:00,7939.5,231738,7940.0,25513,58366,331995,-273629,206225,0.5
1900-01-24 21:56:15,7935.0,527429,7935.5,1104092,30209,802283,-772074,-576663,0.5
1900-01-24 21:56:30,7928.0,229990,7928.5,35132,59434,766300,-706866,194858,0.5
1900-01-24 21:56:45,7920.0,236820,7920.5,14202,61155,163415,-102260,222618,0.5
1900-01-24 21:57:00,7914.0,141090,7914.5,165876,105320,464644,-359324,-24786,0.5
1900-01-24 21:57:15,7916.0,272176,7916.5,249241,114942,239596,-124654,22935,0.5
1900-01-24 21:57:30,7916.0,412667,7916.5,293554,168638,189370,-20732,119113,0.5
1900-01-24 21:57:45,7916.0,544594,7916.5,272098,193033,64625,128408,272496,0.5
1900-01-24 21:58:00,7916.0,785530,7916.5,88008,289319,7741,281578,697522,0.5
1900-01-24 21:58:15,7915.0,745154,7915.5,1149658,158635,35703,122932,-404504,0.5
1900-01-24 21:58:30,7914.0,604878,7914.5,295708,8620,78157,-69537,309170,0.5
1900-01-24 21:58:45,7914.5,843274,7915.0,17676,167610,267476,-99866,825598,0.5
1900-01-24 21:59:00,7921.5,107670,7922.0,1228778,195231,13214,182017,-1121108,0.5
1900-01-24 21:59:15,7921.5,763261,7922.0,662369,144690,25470,119220,100892,0.5
1900-01-24 21:59:30,7922.5,376809,7923.0,1131924,103440,68695,34745,-755115,0.5
1900-01-24 21:59:45,7922.0,487505,7922.5,733728,153820,64776,89044,-246223,0.5
1900-01-24 22:00:00,7922.0,676835,7922.5,247982,43719,38671,5048,428853,0.5
1900-01-24 22:00:15,7923.0,280711,7923.5,6335,179862,62000,117862,274376,0.5
1900-01-24 22:00:30,7931.0,386275,7931.5,23459,305614,32930,272684,362816,0.5
1900-01-24 22:00:45,7930.0,37311,7930.5,1194908,169665,51238,118427,-1157597,0.5
1900-01-24 22:01:00,7930.0,581215,7930.5,840389,57275,217883,-160608,-259174,0.5
1900-01-24 22:01:15,7921.5,41118,7922.0,769739,13132,120732,-107600,-728621,0.5
1900-01-24 22:01:30,7919.0,377298,7919.5,232213,20751,159438,-138687,145085,0.5
1900-01-24 22:01:45,7921.5,154287,7922.0,565172,178609,49004,129605,-410885,0.5
1900-01-24 22:02:00,7927.0,33539,7927.5,1081793,41176,36729,4447,-1048254,0.5
1900-01-24 22:02:15,7925.0,7004,7927.0,793457,15272,29664,-14392,-786453,2.0
1900-01-24 22:02:30,7924.0,425222,7924.5,245439,74993,92499,-17506,179783,0.5
1900-01-24 22:02:45,7924.5,859556,7925.0,9671,66448,51655,14793,849885,0.5
1900-01-24 22:03:00,7928.5,243085,7929.0,843214,56850,71292,-14442,-600129,0.5
1900-01-24 22:03:15,7928.5,219459,7929.0,872449,28785,19299,9486,-652990,0.5
1900-01-24 22:03:30,7921.5,20567,7922.0,1085096,1070,953344,-952274,-1064529,0.5
1900-01-24 22:03:45,7913.0,51167,7913.5,942682,11586,140944,-129358,-891515,0.5
1900-01-24 22:04:00,7910.0,120388,7910.5,924526,11721,182849,-171128,-804138,0.5
1900-01-24 22:04:15,7880.5,73700,7881.0,12584,147326,2032129,-1884803,61116,0.5
1900-01-24 22:04:30,7892.0,202685,7892.5,1042146,214706,444467,-229761,-839461,0.5
1900-01-24 22:04:45,7888.5,47817,7889.0,15822,335894,237270,98624,31995,0.5
1900-01-24 22:05:00,7882.5,141559,7883.0,737706,40154,240026,-199872,-596147,0.5
1900-01-24 22:05:15,7891.0,240546,7891.5,382954,232461,513136,-280675,-142408,0.5
1900-01-24 22:05:30,7894.5,683580,7895.0,48878,335638,28134,307504,634702,0.5
1900-01-24 22:05:45,7891.0,3949,7891.5,695134,325672,90775,234897,-691185,0.5
1900-01-24 22:06:00,7894.5,566401,7895.0,129382,94986,82321,12665,437019,0.5
1900-01-24 22:06:15,7896.0,488297,7896.5,832420,97210,14433,82777,-344123,0.5
1900-01-24 22:06:30,7901.0,153157,7901.5,1261942,177346,40335,137011,-1108785,0.5
1900-01-24 22:06:45,7896.5,346314,7897.0,661630,86702,61784,24918,-315316,0.5
1900-01-24 22:07:00,7898.5,916167,7899.0,72586,70105,11934,58171,843581,0.5
1900-01-24 22:07:15,7902.0,731177,7902.5,20560,188824,7051,181773,710617,0.5
1900-01-24 22:07:30,7904.5,1411152,7905.0,222886,250688,22949,227739,1188266,0.5
1900-01-24 22:07:45,7904.5,1490750,7905.0,259552,40441,623,39818,1231198,0.5
1900-01-24 22:08:00,7906.0,936929,7906.5,24394,148545,20695,127850,912535,0.5
1900-01-24 22:08:15,7907.5,836931,7908.0,255992,77883,5355,72528,580939,0.5
1900-01-24 22:08:30,7907.5,1461612,7908.0,109034,82206,13748,68458,1352578,0.5
1900-01-24 22:08:45,7908.0,285983,7908.5,379315,221901,46420,175481,-93332,0.5
1900-01-24 22:09:00,7908.0,603618,7908.5,704865,81339,23216,58123,-101247,0.5
1900-01-24 22:09:15,7908.0,1288958,7908.5,43691,23688,17491,6197,1245267,0.5
1900-01-24 22:09:30,7909.5,91086,7910.0,57899,42653,8992,33661,33187,0.5
1900-01-24 22:09:45,7914.0,887466,7914.5,44578,106969,5332,101637,842888,0.5
1900-01-24 22:10:00,7914.5,1141856,7915.0,3354,192521,2808,189713,1138502,0.5
1900-01-24 22:10:15,7910.5,340334,7911.0,656018,97063,168250,-71187,-315684,0.5
1900-01-24 22:10:30,7910.5,166473,7911.0,830750,60896,53045,7851,-664277,0.5
1900-01-24 22:10:45,7909.5,654880,7910.0,485064,94544,112525,-17981,169816,0.5
1900-01-24 22:11:00,7908.5,18826,7909.0,805316,1856,102179,-100323,-786490,0.5
1900-01-24 22:11:15,7907.5,747671,7908.0,1021071,16437,62989,-46552,-273400,0.5
1900-01-24 22:11:30,7904.0,21169,7904.5,857310,2251,567243,-564992,-836141,0.5
1900-01-24 22:11:45,7898.0,277944,7898.5,638172,8707,95549,-86842,-360228,0.5
1900-01-24 22:12:00,7895.5,149391,7896.0,1061762,1582,140878,-139296,-912371,0.5
1900-01-24 22:12:15,7887.0,734538,7887.5,112744,118634,202199,-83565,621794,0.5
1900-01-24 22:12:30,7890.5,577710,7891.0,183026,152170,104170,48000,394684,0.5
1900-01-24 22:12:45,7895.5,501696,7896.0,410574,269059,13401,255658,91122,0.5
1900-01-24 22:13:00,7895.5,78208,7896.0,1008406,71428,17279,54149,-930198,0.5
1900-01-24 22:13:15,7895.5,1068815,7896.0,123146,143523,39692,103831,945669,0.5
1900-01-24 22:13:30,7895.5,973395,7896.0,76989,57705,4483,53222,896406,0.5
1900-01-24 22:13:45,7896.5,1365609,7897.0,9769,45529,1530,43999,1355840,0.5
1900-01-24 22:14:00,7899.5,357371,7900.0,542097,268017,13403,254614,-184726,0.5
1900-01-24 22:14:15,7892.5,313740,7893.0,155728,134250,26276,107974,158012,0.5
1900-01-24 22:14:30,7890.5,1555,7891.0,1061632,13103,19419,-6316,-1060077,0.5
1900-01-24 22:14:45,7890.0,287975,7890.5,1036124,10586,138507,-127921,-748149,0.5
1900-01-24 22:15:00,7887.0,398478,7887.5,287554,14404,190393,-175989,110924,0.5
1900-01-24 22:15:15,7888.5,792972,7889.0,29707,190096,15032,175064,763265,0.5
1900-01-24 22:15:30,7889.5,918615,7890.0,56283,67718,15042,52676,862332,0.5
1900-01-24 22:15:45,7896.5,665320,7897.0,227958,68135,42935,25200,437362,0.5
1900-01-24 22:16:00,7896.5,1872755,7897.0,208564,78138,12460,65678,1664191,0.5
1900-01-24 22:16:15,7899.0,672322,7899.5,47601,47625,3592,44033,624721,0.5
1900-01-24 22:16:30,7899.0,1116423,7899.5,18087,32128,7717,24411,1098336,0.5
1900-01-24 22:16:45,7904.0,726565,7904.5,97830,68345,2967,65378,628735,0.5
1900-01-24 22:17:00,7914.0,488431,7914.5,41167,206074,25258,180816,447264,0.5
1900-01-24 22:17:15,7906.0,13146,7906.5,132782,223345,81352,141993,-119636,0.5
1900-01-24 22:17:30,7907.0,773893,7907.5,49545,69931,74002,-4071,724348,0.5
1900-01-24 22:17:45,7913.5,176962,7914.0,442497,63160,81828,-18668,-265535,0.5
1900-01-24 22:18:00,7913.5,713570,7914.0,417675,181650,86178,95472,295895,0.5
1900-01-24 22:18:15,7913.5,1206656,7914.0,686375,46464,34371,12093,520281,0.5
1900-01-24 22:18:30,7913.5,1661525,7914.0,162447,185265,8803,176462,1499078,0.5
1900-01-24 22:18:45,7919.0,835395,7919.5,82694,166612,18666,147946,752701,0.5
1900-01-24 22:19:00,7924.0,347654,7924.5,589422,118458,63890,54568,-241768,0.5
1900-01-24 22:19:15,7920.5,220482,7921.0,598336,50213,92877,-42664,-377854,0.5
1900-01-24 22:19:30,7918.5,238700,7919.0,5826,33396,94989,-61593,232874,0.5
1900-01-24 22:19:45,7918.5,1105859,7919.0,204943,82879,15202,67677,900916,0.5
1900-01-24 22:20:00,7926.5,696436,7927.0,76453,395406,266641,128765,619983,0.5
1900-01-24 22:20:15,7922.5,13089,7923.0,633177,551298,197066,354232,-620088,0.5
1900-01-24 22:20:30,7918.5,12205,7919.0,479506,14468,152161,-137693,-467301,0.5
1900-01-24 22:20:45,7915.0,1135696,7915.5,169799,15740,15552,188,965897,0.5
1900-01-24 22:21:00,7918.0,1084082,7918.5,1850,124499,187092,-62593,1082232,0.5
1900-01-24 22:21:15,7923.5,738966,7924.0,59933,227000,21022,205978,679033,0.5
1900-01-24 22:21:30,7923.5,1234642,7924.0,43763,196669,17762,178907,1190879,0.5
1900-01-24 22:21:45,7925.5,1330540,7926.0,157130,106105,4507,101598,1173410,0.5
1900-01-24 22:22:00,7934.5,615639,7935.0,6500,385831,13607,372224,609139,0.5
1900-01-24 22:22:15,7942.5,19266,7943.0,218413,330726,86885,243841,-199147,0.5
1900-01-24 22:22:30,7937.0,684675,7937.5,558947,81084,408263,-327179,125728,0.5
1900-01-24 22:22:45,7942.5,511413,7943.0,220927,292837,106245,186592,290486,0.5
1900-01-24 22:23:00,7937.5,1519203,7938.0,41023,199345,116578,82767,1478180,0.5
1900-01-24 22:23:15,7941.5,45796,7942.0,809516,108902,76372,32530,-763720,0.5
1900-01-24 22:23:30,7937.5,461843,7938.0,426524,29994,317249,-287255,35319,0.5
1900-01-24 22:23:45,7937.5,391293,7938.0,478002,47587,50932,-3345,-86709,0.5
1900-01-24 22:24:00,7937.5,444871,7938.0,556266,50989,15112,35877,-111395,0.5
1900-01-24 22:24:15,7936.0,519366,7936.5,926372,99,208474,-208375,-407006,0.5
1900-01-24 22:24:30,7935.0,83954,7935.5,869015,85834,385117,-299283,-785061,0.5
1900-01-24 22:24:45,7932.0,953148,7932.5,102699,174073,350625,-176552,850449,0.5
1900-01-24 22:25:00,7939.5,886601,7940.0,16281,315582,97608,217974,870320,0.5
1900-01-24 22:25:15,7941.5,1123888,7942.0,192796,107379,8215,99164,931092,0.5
1900-01-24 22:25:30,7954.5,543378,7955.0,194097,601855,33076,568779,349281,0.5
1900-01-24 22:25:45,7954.5,16932,7955.0,8461,230903,85789,145114,8471,0.5
1900-01-24 22:26:00,7948.5,1410470,7949.0,14720,181425,258766,-77341,1395750,0.5
1900-01-24 22:26:15,7958.5,412079,7959.0,209387,367078,32234,334844,202692,0.5
1900-01-24 22:26:30,7963.5,447252,7964.0,9698,453320,64875,388445,437554,0.5
1900-01-24 22:26:45,7980.0,41719,7980.5,213319,760911,41916,718995,-171600,0.5
1900-01-24 22:27:00,7979.0,10275,7979.5,1091935,641334,167352,473982,-1081660,0.5
1900-01-24 22:27:15,7969.0,385364,7969.5,81902,125752,300522,-174770,303462,0.5
1900-01-24 22:27:30,7973.0,1092099,7973.5,502400,159227,137117,22110,589699,0.5
1900-01-24 22:27:45,7979.5,371317,7980.0,398263,485418,40843,444575,-26946,0.5
1900-01-24 22:28:00,7973.0,1635277,7973.5,420938,252098,87012,165086,1214339,0.5
1900-01-24 22:28:15,7973.0,2107508,7973.5,601124,117631,191298,-73667,1506384,0.5
1900-01-24 22:28:30,7968.5,2175,7969.0,446609,81378,2084000,-2002622,-444434,0.5
1900-01-24 22:28:45,7963.0,263067,7963.5,6583,35049,390750,-355701,256484,0.5
1900-01-24 22:29:00,7970.0,594429,7970.5,1975,270801,35274,235527,592454,0.5
1900-01-24 22:29:15,7965.5,155648,7966.0,416887,52701,509455,-456754,-261239,0.5
1900-01-24 22:29:30,7960.0,9041,7960.5,16609,40614,423544,-382930,-7568,0.5
1900-01-24 22:29:45,7956.5,303568,7957.0,531790,72928,251099,-178171,-228222,0.5
1900-01-24 22:30:00,7952.0,54155,7952.5,567225,29708,443914,-414206,-513070,0.5
1900-01-24 22:30:15,7956.0,646648,7956.5,242909,78650,561945,-483295,403739,0.5
1900-01-24 22:30:30,7963.0,1065849,7963.5,69884,198723,32206,166517,995965,0.5
1900-01-24 22:30:45,7964.5,184489,7965.0,457287,297003,37623,259380,-272798,0.5
1900-01-24 22:31:00,7964.0,681801,7964.5,328762,159712,269728,-110016,353039,0.5
1900-01-24 22:31:15,7964.0,371652,7964.5,605180,99641,35171,64470,-233528,0.5
1900-01-24 22:31:30,7964.0,471357,7964.5,773397,10274,133497,-123223,-302040,0.5
1900-01-24 22:31:45,7963.5,113161,7964.0,1138128,30222,523839,-493617,-1024967,0.5
1900-01-24 22:32:00,7953.0,1056636,7953.5,223993,26802,477584,-450782,832643,0.5
1900-01-24 22:32:15,7953.5,978105,7954.0,49035,102096,459372,-357276,929070,0.5
1900-01-24 22:32:30,7959.5,468978,7960.0,1287774,55047,46090,8957,-818796,0.5
1900-01-24 22:32:45,7959.5,950934,7960.0,1051436,254896,47056,207840,-100502,0.5
1900-01-24 22:33:00,7964.5,72432,7965.0,1781836,141315,118866,22449,-1709404,0.5
1900-01-24 22:33:15,7964.5,30123,7965.0,612367,1288665,28511,1260154,-582244,0.5
1900-01-24 22:33:30,7964.5,68488,7965.0,849845,290526,286320,4206,-781357,0.5
1900-01-24 22:33:45,7958.5,1991,7959.0,1124030,33550,38530,-4980,-1122039,0.5
1900-01-24 22:34:00,7964.5,790509,7965.0,340498,143293,45909,97384,450011,0.5
1900-01-24 22:34:15,7967.0,840097,7967.5,13868,205187,4450,200737,826229,0.5
1900-01-24 22:34:30,7970.5,168136,7971.0,875297,348666,32108,316558,-707161,0.5
1900-01-24 22:34:45,7970.0,558375,7970.5,267286,127177,121379,5798,291089,0.5
1900-01-24 22:35:00,7975.5,1052,7976.0,357094,187917,27740,160177,-356042,0.5
1900-01-24 22:35:15,7976.5,201765,7977.0,1006323,130268,35065,95203,-804558,0.5
1900-01-24 22:35:30,7975.0,1221794,7975.5,345734,177636,168952,8684,876060,0.5
1900-01-24 22:35:45,7977.5,1130597,7978.0,195617,257278,13865,243413,934980,0.5
1900-01-24 22:36:00,7977.5,237350,7978.0,797093,145687,100833,44854,-559743,0.5
1900-01-24 22:36:15,7980.0,1048344,7980.5,11555,117970,11831,106139,1036789,0.5
1900-01-24 22:36:30,7972.0,17743,7972.5,897645,441178,109834,331344,-879902,0.5
1900-01-24 22:36:45,7964.5,216738,7965.0,167944,169659,204480,-34821,48794,0.5
1900-01-24 22:37:00,7966.0,65524,7966.5,900609,322558,50452,272106,-835085,0.5
1900-01-24 22:37:15,7966.0,440343,7966.5,877603,8707,104032,-95325,-437260,0.5
1900-01-24 22:37:30,7964.5,139331,7965.0,953669,52090,231528,-179438,-814338,0.5
1900-01-24 22:37:45,7965.5,724808,7966.0,189348,104078,230850,-126772,535460,0.5
1900-01-24 22:38:00,7965.5,666218,7966.0,550975,90016,7401,82615,115243,0.5
1900-01-24 22:38:15,7965.5,1401907,7966.0,30711,167247,56816,110431,1371196,0.5
1900-01-24 22:38:30,7962.5,91777,7963.0,1310955,55340,22383,32957,-1219178,0.5
1900-01-24 22:38:45,7960.0,52714,7960.5,1659688,43832,462864,-419032,-1606974,0.5
1900-01-24 22:39:00,7949.5,9008,7950.0,36216,21238,583015,-561777,-27208,0.5
1900-01-24 22:39:15,7946.5,72822,7947.0,610685,63327,214072,-150745,-537863,0.5
1900-01-24 22:39:30,7945.5,163225,7946.0,317709,62100,106383,-44283,-154484,0.5
1900-01-24 22:39:45,7950.0,351326,7950.5,208332,154422,34402,120020,142994,0.5
1900-01-24 22:40:00,7952.5,380607,7953.0,588288,121883,16657,105226,-207681,0.5
1900-01-24 22:40:15,7956.5,539235,7957.0,439177,267240,2354,264886,100058,0.5
1900-01-24 22:40:30,7956.5,321865,7957.0,607638,97967,153439,-55472,-285773,0.5
1900-01-24 22:40:45,7956.5,793444,7957.0,254388,80458,46869,33589,539056,0.5
1900-01-24 22:41:00,7956.5,1133558,7957.0,107654,92087,9427,82660,1025904,0.5
1900-01-24 22:41:15,7960.0,828253,7960.5,28899,84259,11110,73149,799354,0.5
1900-01-24 22:41:30,7961.5,432895,7962.0,1055,70196,1047,69149,431840,0.5
1900-01-24 22:41:45,7966.0,368910,7966.5,876299,214278,19820,194458,-507389,0.5
1900-01-24 22:42:00,7961.5,16097,7962.0,1262261,20687,351906,-331219,-1246164,0.5
1900-01-24 22:42:15,7960.5,109,7961.0,1549625,62050,313049,-250999,-1549516,0.5
1900-01-24 22:42:30,7953.0,2929,7953.5,1370739,11510,197497,-185987,-1367810,0.5
1900-01-24 22:42:45,7951.5,36169,7952.0,959773,92318,39481,52837,-923604,0.5
1900-01-24 22:43:00,7947.5,14375,7948.0,1026291,11395,117292,-105897,-1011916,0.5
1900-01-24 22:43:15,7942.0,57992,7942.5,669469,7389,423613,-416224,-611477,0.5
1900-01-24 22:43:30,7941.0,294622,7941.5,559857,90845,90589,256,-265235,0.5
1900-01-24 22:43:45,7942.0,492344,7942.5,583,192200,64893,127307,491761,0.5
1900-01-24 22:44:00,7948.0,181840,7948.5,247587,191301,19367,171934,-65747,0.5
1900-01-24 22:44:15,7951.0,511995,7951.5,19815,154260,7918,146342,492180,0.5
1900-01-24 22:44:30,7956.0,111872,7956.5,1096939,18165,2639,15526,-985067,0.5
1900-01-24 22:44:45,7951.5,1201579,7952.0,131090,27382,124090,-96708,1070489,0.5
1900-01-24 22:45:00,7953.0,526395,7953.5,90,49241,69565,-20324,526305,0.5
1900-01-24 22:45:15,7955.5,134680,7956.0,1305270,88376,57074,31302,-1170590,0.5
1900-01-24 22:45:30,7955.0,40683,7955.5,976036,110851,63565,47286,-935353,0.5
1900-01-24 22:45:45,7939.5,1675892,7940.0,120601,26048,223439,-197391,1555291,0.5
1900-01-24 22:46:00,7943.0,104461,7943.5,1240341,42124,34986,7138,-1135880,0.5
1900-01-24 22:46:15,7933.0,68027,7933.5,54538,77590,176686,-99096,13489,0.5
1900-01-24 22:46:30,7931.5,184896,7932.0,798508,26191,401584,-375393,-613612,0.5
1900-01-24 22:46:45,7930.0,1124624,7930.5,1927508,14425,871677,-857252,-802884,0.5
1900-01-24 22:47:00,7930.0,1213088,7930.5,688152,154254,257938,-103684,524936,0.5
1900-01-24 22:47:15,7930.5,703725,7931.0,341715,381815,639010,-257195,362010,0.5
1900-01-24 22:47:30,7934.5,627594,7935.0,128234,518420,26634,491786,499360,0.5
1900-01-24 22:47:45,7938.5,180916,7939.0,751098,135505,5115,130390,-570182,0.5
1900-01-24 22:48:00,7938.5,336164,7939.0,550181,59901,18306,41595,-214017,0.5
1900-01-24 22:48:15,7937.0,20402,7937.5,230574,39414,61539,-22125,-210172,0.5
1900-01-24 22:48:30,7915.0,71722,7915.5,569996,11500,436055,-424555,-498274,0.5
1900-01-24 22:48:45,7906.5,485267,7907.0,501359,57012,634255,-577243,-16092,0.5
1900-01-24 22:49:00,7919.5,115957,7920.0,1009256,736642,58130,678512,-893299,0.5
1900-01-24 22:49:15,7909.0,83943,7909.5,36483,77766,117098,-39332,47460,0.5
1900-01-24 22:49:30,7912.5,497285,7913.0,663345,319717,35932,283785,-166060,0.5
1900-01-24 22:49:45,7918.0,618853,7918.5,218836,185481,106966,78515,400017,0.5
1900-01-24 22:50:00,7913.0,86593,7913.5,1050551,98662,553957,-455295,-963958,0.5
1900-01-24 22:50:15,7900.0,213411,7900.5,200151,10189,372763,-362574,13260,0.5
1900-01-24 22:50:30,7894.5,209558,7895.0,1209875,221612,1206230,-984618,-1000317,0.5
1900-01-24 22:50:45,7898.5,686527,7899.0,200689,337704,182516,155188,485838,0.5
1900-01-24 22:51:00,7898.5,675124,7899.0,114486,288404,238306,50098,560638,0.5
1900-01-24 22:51:15,7899.5,967008,7900.0,93083,351093,32245,318848,873925,0.5
1900-01-24 22:51:30,7902.5,1785,7903.0,556225,511398,25976,485422,-554440,0.5
1900-01-24 22:51:45,7900.0,1012724,7900.5,160384,32923,313391,-280468,852340,0.5
1900-01-24 22:52:00,7900.5,588169,7901.0,282769,106720,66932,39788,305400,0.5
1900-01-24 22:52:15,7888.0,297860,7888.5,126572,121020,349421,-228401,171288,0.5
1900-01-24 22:52:30,7892.0,581454,7892.5,228792,65896,573837,-507941,352662,0.5
1900-01-24 22:52:45,7893.5,870811,7894.0,25,102585,15687,86898,870786,0.5
1900-01-24 22:53:00,7902.0,481283,7902.5,650301,218458,20504,197954,-169018,0.5
1900-01-24 22:53:15,7897.0,640016,7897.5,53789,26127,138542,-112415,586227,0.5
1900-01-24 22:53:30,7900.5,809019,7901.0,86138,124837,2835,122002,722881,0.5
1900-01-24 22:53:45,7902.0,762214,7902.5,303855,170610,1033,169577,458359,0.5
1900-01-24 22:54:00,7906.0,576900,7906.5,21113,140193,19501,120692,555787,0.5
1900-01-24 22:54:15,7912.5,546734,7913.0,132443,90035,37875,52160,414291,0.5
1900-01-24 22:54:30,7909.5,1208891,7910.0,54668,393764,166772,226992,1154223,0.5
1900-01-24 22:54:45,7913.5,333321,7914.0,763009,130848,19250,111598,-429688,0.5
1900-01-24 22:55:00,7913.5,1155955,7914.0,68343,234843,2476,232367,1087612,0.5
1900-01-24 22:55:15,7917.5,138839,7918.0,725651,108867,17468,91399,-586812,0.5
1900-01-24 22:55:30,7921.0,349088,7921.5,338174,147623,64087,83536,10914,0.5
1900-01-24 22:55:45,7921.0,185961,7921.5,556863,59110,45220,13890,-370902,0.5
1900-01-24 22:56:00,7921.5,1335739,7922.0,132370,96318,16765,79553,1203369,0.5
1900-01-24 22:56:15,7921.5,1189187,7922.0,419873,209358,1000,208358,769314,0.5
1900-01-24 22:56:30,7921.5,523634,7922.0,726279,35859,2085,33774,-202645,0.5
1900-01-24 22:56:45,7921.5,960922,7922.0,809538,10552,174042,-163490,151384,0.5
1900-01-24 22:57:00,7921.5,921481,7922.0,790845,27175,19880,7295,130636,0.5
1900-01-24 22:57:15,7915.0,534666,7915.5,504793,62793,188993,-126200,29873,0.5
1900-01-24 22:57:30,7909.0,832756,7909.5,364657,25326,190886,-165560,468099,0.5
1900-01-24 22:57:45,7905.5,28466,7906.0,605458,1235,427219,-425984,-576992,0.5
1900-01-24 22:58:00,7902.0,374727,7902.5,761339,2705,149035,-146330,-386612,0.5
1900-01-24 22:58:15,7902.0,101988,7902.5,1236047,8050,131302,-123252,-1134059,0.5
1900-01-24 22:58:30,7900.5,527669,7901.0,412922,40585,168775,-128190,114747,0.5
1900-01-24 22:58:45,7900.5,637070,7901.0,270140,23517,56059,-32542,366930,0.5
1900-01-24 22:59:00,7900.5,66720,7901.0,996383,126256,20052,106204,-929663,0.5
1900-01-24 22:59:15,7900.5,762478,7901.0,2050,160939,37891,123048,760428,0.5
1900-01-24 22:59:30,7901.5,914288,7902.0,2296,160556,5161,155395,911992,0.5
1900-01-24 22:59:45,7909.0,506515,7909.5,228600,45548,38408,7140,277915,0.5
1900-01-24 23:00:00,7915.0,331961,7915.5,4722,120868,3247,117621,327239,0.5
1900-01-24 23:00:15,7918.5,455338,7919.0,774592,114216,93186,21030,-319254,0.5
1900-01-24 23:00:30,7914.5,7152,7915.0,1648635,34400,167120,-132720,-1641483,0.5
1900-01-24 23:00:45,7913.5,367952,7914.0,1089194,39426,8970,30456,-721242,0.5
1900-01-24 23:01:00,7911.0,326649,7911.5,917554,12781,59360,-46579,-590905,0.5
1900-01-24 23:01:15,7910.5,434780,7911.0,334346,19993,111505,-91512,100434,0.5
1900-01-24 23:01:30,7902.5,158973,7903.0,886634,28500,122726,-94226,-727661,0.5
1900-01-24 23:01:45,7896.0,217329,7896.5,168477,31237,626361,-595124,48852,0.5
1900-01-24 23:02:00,7891.5,202000,7892.0,1154520,21262,107073,-85811,-952520,0.5
1900-01-24 23:02:15,7888.0,42105,7888.5,613766,64842,163433,-98591,-571661,0.5
1900-01-24 23:02:30,7888.0,448386,7888.5,220677,53643,111601,-57958,227709,0.5
1900-01-24 23:02:45,7889.5,496962,7890.0,381232,174350,35351,138999,115730,0.5
1900-01-24 23:03:00,7889.5,519600,7890.0,321613,89368,18250,71118,197987,0.5
1900-01-24 23:03:15,7897.0,536495,7897.5,202493,233136,21225,211911,334002,0.5
1900-01-24 23:03:30,7897.0,13786,7897.5,1298177,127295,88939,38356,-1284391,0.5
1900-01-24 23:03:45,7886.5,520350,7887.0,627725,81554,226902,-145348,-107375,0.5
1900-01-24 23:04:00,7886.5,286527,7887.0,484855,24496,70145,-45649,-198328,0.5
1900-01-24 23:04:15,7886.5,55898,7887.0,737608,62548,64997,-2449,-681710,0.5
1900-01-24 23:04:30,7880.5,552790,7881.0,494546,29661,367233,-337572,58244,0.5
1900-01-24 23:04:45,7881.5,520854,7882.0,459887,318405,158232,160173,60967,0.5
1900-01-24 23:05:00,7881.5,335610,7882.0,516117,22814,60770,-37956,-180507,0.5
1900-01-24 23:05:15,7880.0,393539,7880.5,1015159,106716,299744,-193028,-621620,0.5
1900-01-24 23:05:30,7881.0,552666,7881.5,220031,22114,468811,-446697,332635,0.5
1900-01-24 23:05:45,7887.5,543733,7888.0,334064,248270,167812,80458,209669,0.5
1900-01-24 23:06:00,7887.5,588977,7888.0,88688,80006,22550,57456,500289,0.5
1900-01-24 23:06:15,7887.5,633964,7888.0,7185,37375,10617,26758,626779,0.5
1900-01-24 23:06:30,7891.0,821113,7891.5,47207,34288,9511,24777,773906,0.5
1900-01-24 23:06:45,7897.5,564935,7898.0,217208,102144,47028,55116,347727,0.5
1900-01-24 23:07:00,7890.5,55178,7891.0,1004663,36406,298203,-261797,-949485,0.5
1900-01-24 23:07:15,7888.0,139654,7888.5,509354,21900,144281,-122381,-369700,0.5
1900-01-24 23:07:30,7888.0,514202,7888.5,464381,1858,26199,-24341,49821,0.5
1900-01-24 23:07:45,7886.5,496436,7887.0,337765,2465,38358,-35893,158671,0.5
1900-01-24 23:08:00,7886.5,1043091,7887.0,4000,61908,119165,-57257,1039091,0.5
1900-01-24 23:08:15,7887.0,943020,7887.5,235289,151375,8218,143157,707731,0.5
1900-01-24 23:08:30,7884.0,149502,7884.5,865324,25750,72627,-46877,-715822,0.5
1900-01-24 23:08:45,7882.5,133533,7883.0,845370,337,194981,-194644,-711837,0.5
1900-01-24 23:09:00,7887.5,475726,7888.0,75615,138480,41367,97113,400111,0.5
1900-01-24 23:09:15,7890.0,440567,7890.5,29577,114280,2967,111313,410990,0.5
1900-01-24 23:09:30,7898.5,318098,7899.0,18925,124853,1515,123338,299173,0.5
1900-01-24 23:09:45,7896.0,78629,7896.5,1126630,8927,151886,-142959,-1048001,0.5
1900-01-24 23:10:00,7898.5,1101532,7900.0,83148,71702,198419,-126717,1018384,1.5
1900-01-24 23:10:15,7904.5,462008,7905.0,575306,317126,10340,306786,-113298,0.5
1900-01-24 23:10:30,7907.0,1345484,7907.5,20874,83121,25923,57198,1324610,0.5
1900-01-24 23:10:45,7909.5,1346233,7910.0,67671,241067,3763,237304,1278562,0.5
1900-01-24 23:11:00,7914.0,1412703,7914.5,66199,105755,5293,100462,1346504,0.5
1900-01-24 23:11:15,7916.0,306204,7916.5,548544,66617,22249,44368,-242340,0.5
1900-01-24 23:11:30,7918.5,125718,7919.0,525750,300289,22465,277824,-400032,0.5
1900-01-24 23:11:45,7918.0,130541,7918.5,680781,21141,143727,-122586,-550240,0.5
1900-01-24 23:12:00,7905.0,366504,7905.5,389333,20595,271542,-250947,-22829,0.5
1900-01-24 23:12:15,7905.0,242892,7905.5,516781,27747,59078,-31331,-273889,0.5
1900-01-24 23:12:30,7905.0,1220304,7905.5,25092,89742,49054,40688,1195212,0.5
1900-01-24 23:12:45,7907.5,1347542,7908.0,371947,105133,5891,99242,975595,0.5
1900-01-24 23:13:00,7909.5,480713,7910.0,464489,54277,8149,46128,16224,0.5
1900-01-24 23:13:15,7909.5,406647,7910.0,637072,101200,3000,98200,-230425,0.5
1900-01-24 23:13:30,7905.5,3909,7906.0,330636,206734,143884,62850,-326727,0.5
1900-01-24 23:13:45,7900.5,599583,7901.0,486183,1391,166344,-164953,113400,0.5
1900-01-24 23:14:00,7900.5,228495,7901.0,828314,106030,92194,13836,-599819,0.5
1900-01-24 23:14:15,7898.5,21526,7899.0,1274860,14868,143557,-128689,-1253334,0.5
1900-01-24 23:14:30,7897.0,240630,7897.5,835501,1568,102969,-101401,-594871,0.5
1900-01-24 23:14:45,7894.0,1940,7894.5,1033865,8968,66169,-57201,-1031925,0.5
1900-01-24 23:15:00,7890.0,566859,7890.5,485499,20556,198426,-177870,81360,0.5
1900-01-24 23:15:15,7886.5,347854,7887.0,408871,5786,177774,-171988,-61017,0.5
1900-01-24 23:15:30,7889.0,355090,7889.5,148344,38152,4101,34051,206746,0.5
1900-01-24 23:15:45,7895.5,811070,7896.0,360704,300481,21200,279281,450366,0.5
1900-01-24 23:16:00,7899.0,74482,7899.5,2310,170860,162537,8323,72172,0.5
1900-01-24 23:16:15,7900.5,619475,7901.0,612909,73266,13502,59764,6566,0.5
1900-01-24 23:16:30,7901.5,1129191,7902.0,1264,103695,100,103595,1127927,0.5
1900-01-24 23:16:45,7903.5,605127,7904.0,405577,63372,88511,-25139,199550,0.5
1900-01-24 23:17:00,7903.5,572180,7904.0,840495,49524,71664,-22140,-268315,0.5
1900-01-24 23:17:15,7903.5,489931,7904.0,664577,103547,107941,-4394,-174646,0.5
1900-01-24 23:17:30,7900.5,558498,7901.0,1360231,16550,229570,-213020,-801733,0.5
1900-01-24 23:17:45,7898.0,191521,7898.5,735657,601,927132,-926531,-544136,0.5
1900-01-24 23:18:00,7902.5,274404,7903.0,440733,36879,10400,26479,-166329,0.5
1900-01-24 23:18:15,7901.0,480044,7901.5,886574,5000,27845,-22845,-406530,0.5
1900-01-24 23:18:30,7902.5,775586,7903.0,7631,58614,45453,13161,767955,0.5
1900-01-24 23:18:45,7906.5,578528,7907.0,544834,167797,10175,157622,33694,0.5
1900-01-24 23:19:00,7907.5,76664,7908.0,1039142,200748,36487,164261,-962478,0.5
1900-01-24 23:19:15,7907.0,241656,7907.5,1012540,2850,30022,-27172,-770884,0.5
1900-01-24 23:19:30,7907.0,673696,7907.5,906221,11558,4775,6783,-232525,0.5
1900-01-24 23:19:45,7907.0,1163759,7907.5,84124,118135,51736,66399,1079635,0.5
1900-01-24 23:20:00,7907.0,185358,7907.5,758916,152187,5190,146997,-573558,0.5
1900-01-24 23:20:15,7909.5,1122941,7910.0,80134,99151,33658,65493,1042807,0.5
1900-01-24 23:20:30,7910.5,1357049,7911.0,6814,80755,1814,78941,1350235,0.5
1900-01-24 23:20:45,7911.5,1219603,7912.0,195021,29606,31994,-2388,1024582,0.5
1900-01-24 23:21:00,7911.5,189966,7912.0,773404,23906,9097,14809,-583438,0.5
1900-01-24 23:21:15,7911.5,1186607,7912.0,246000,35765,16784,18981,940607,0.5
1900-01-24 23:21:30,7911.5,94240,7912.0,1026683,32800,6621,26179,-932443,0.5
1900-01-24 23:21:45,7911.0,39180,7911.5,842020,2165,75298,-73133,-802840,0.5
1900-01-24 23:22:00,7908.0,18171,7908.5,712955,728,38446,-37718,-694784,0.5
1900-01-24 23:22:15,7905.0,770888,7905.5,583943,1510,70179,-68669,186945,0.5
1900-01-24 23:22:30,7905.0,759372,7905.5,585373,3530,24297,-20767,173999,0.5
1900-01-24 23:22:45,7905.0,1089798,7905.5,146901,3101,189317,-186216,942897,0.5
1900-01-24 23:23:00,7906.0,746741,7906.5,6393,20180,5603,14577,740348,0.5
1900-01-24 23:23:15,7907.0,1214342,7907.5,12596,24300,2212,22088,1201746,0.5
1900-01-24 23:23:30,7910.0,461988,7910.5,699300,196128,1674,194454,-237312,0.5
1900-01-24 23:23:45,7910.0,389577,7910.5,1435137,50,28103,-28053,-1045560,0.5
1900-01-24 23:24:00,7908.5,3347,7909.0,770680,5100,32040,-26940,-767333,0.5
1900-01-24 23:24:15,7905.0,492801,7905.5,726380,5699,404691,-398992,-233579,0.5
1900-01-24 23:24:30,7905.0,376440,7905.5,758352,329,141189,-140860,-381912,0.5
1900-01-24 23:24:45,7904.5,37296,7905.0,534259,1572,222716,-221144,-496963,0.5
1900-01-24 23:25:00,7904.5,182176,7905.0,652673,507,27242,-26735,-470497,0.5
1900-01-24 23:25:15,7904.5,9942,7905.0,948054,8550,176677,-168127,-938112,0.5
1900-01-24 23:25:30,7904.0,721996,7904.5,326593,4762,72510,-67748,395403,0.5
1900-01-24 23:25:45,7904.0,97,7904.5,835755,14981,50602,-35621,-835658,0.5
1900-01-24 23:26:00,7900.0,38082,7900.5,527246,11480,110360,-98880,-489164,0.5
1900-01-24 23:26:15,7892.5,348531,7893.0,303543,7604,91397,-83793,44988,0.5
1900-01-24 23:26:30,7888.5,1017319,7889.0,265178,13791,49400,-35609,752141,0.5
1900-01-24 23:26:45,7888.5,834461,7889.0,256555,49021,201436,-152415,577906,0.5
1900-01-24 23:27:00,7888.5,836779,7889.0,295106,23352,140473,-117121,541673,0.5
1900-01-24 23:27:15,7888.5,1019066,7889.0,377219,71119,15327,55792,641847,0.5
1900-01-24 23:27:30,7888.5,1088537,7889.0,263027,111190,8201,102989,825510,0.5
1900-01-24 23:27:45,7894.5,1102846,7895.0,10873,100931,5171,95760,1091973,0.5
1900-01-24 23:28:00,7895.0,601978,7895.5,4338,21720,715,21005,597640,0.5
1900-01-24 23:28:15,7895.0,802515,7895.5,474067,23024,7944,15080,328448,0.5
1900-01-24 23:28:30,7895.0,1124689,7895.5,204196,12842,22464,-9622,920493,0.5
1900-01-24 23:28:45,7896.0,95396,7896.5,26051,84737,5330,79407,69345,0.5
1900-01-24 23:29:00,7895.5,644369,7896.0,649652,143403,73346,70057,-5283,0.5
1900-01-24 23:29:15,7895.5,690890,7896.0,613379,500,66887,-66387,77511,0.5
1900-01-24 23:29:30,7895.5,1175942,7896.0,132863,24,40941,-40917,1043079,0.5
1900-01-24 23:29:45,7895.5,1271829,7896.0,49297,5132,33846,-28714,1222532,0.5
1900-01-24 23:30:00,7896.5,1318708,7897.0,28684,5945,1510,4435,1290024,0.5
1900-01-24 23:30:15,7899.0,1249539,7899.5,131353,26244,1116,25128,1118186,0.5
1900-01-24 23:30:30,7899.5,1325699,7900.0,116918,52287,10710,41577,1208781,0.5
1900-01-24 23:30:45,7899.5,1319499,7900.0,122816,3630,8400,-4770,1196683,0.5
1900-01-24 23:31:00,7901.5,1255490,7902.0,21293,61392,11936,49456,1234197,0.5
1900-01-24 23:31:15,7908.5,107585,7909.0,751943,84607,8293,76314,-644358,0.5
1900-01-24 23:31:30,7909.5,1253376,7910.0,309663,87839,6930,80909,943713,0.5
1900-01-24 23:31:45,7919.5,274677,7920.0,548523,359051,6515,352536,-273846,0.5
1900-01-24 23:32:00,7917.0,345921,7917.5,606356,28679,55712,-27033,-260435,0.5
1900-01-24 23:32:15,7915.0,524498,7915.5,733932,7637,252414,-244777,-209434,0.5
1900-01-24 23:32:30,7915.0,655550,7915.5,2401,24545,61752,-37207,653149,0.5
1900-01-24 23:32:45,7921.0,325352,7921.5,850443,151901,30053,121848,-525091,0.5
1900-01-24 23:33:00,7921.5,1235680,7922.0,66190,200335,29485,170850,1169490,0.5
1900-01-24 23:33:15,7930.0,836401,7930.5,215134,380638,15642,364996,621267,0.5
1900-01-24 23:33:30,7934.5,383737,7935.0,617031,373494,12562,360932,-233294,0.5
1900-01-24 23:33:45,7934.5,887786,7935.0,525848,228128,47048,181080,361938,0.5
1900-01-24 23:34:00,7937.5,1326142,7938.0,59975,223243,16307,206936,1266167,0.5
1900-01-24 23:34:15,7926.5,2717,7927.0,330217,117489,137327,-19838,-327500,0.5
1900-01-24 23:34:30,7926.5,247423,7927.0,698495,73944,79940,-5996,-451072,0.5
1900-01-24 23:34:45,7921.0,1094218,7921.5,154269,55654,104000,-48346,939949,0.5
1900-01-24 23:35:00,7920.5,750834,7921.0,173543,14819,108527,-93708,577291,0.5
1900-01-24 23:35:15,7921.5,822561,7922.0,23555,10543,97051,-86508,799006,0.5
1900-01-24 23:35:30,7925.5,1194366,7926.0,23365,35157,42081,-6924,1171001,0.5
1900-01-24 23:35:45,7929.0,1262693,7929.5,36290,126461,1800,124661,1226403,0.5
1900-01-24 23:36:00,7931.5,302955,7932.0,757652,51712,28606,23106,-454697,0.5
1900-01-24 23:36:15,7934.5,343028,7935.0,717223,58380,84618,-26238,-374195,0.5
1900-01-24 23:36:30,7933.0,710273,7933.5,859082,64661,110326,-45665,-148809,0.5
1900-01-24 23:36:45,7929.0,5542,7929.5,194907,86604,612567,-525963,-189365,0.5
1900-01-24 23:37:00,7922.0,531139,7922.5,223899,13050,41594,-28544,307240,0.5
1900-01-24 23:37:15,7922.0,1131122,7922.5,79272,48887,20460,28427,1051850,0.5
1900-01-24 23:37:30,7923.5,1135708,7924.0,5964,20305,17831,2474,1129744,0.5
1900-01-24 23:37:45,7929.0,299263,7929.5,652314,15447,11614,3833,-353051,0.5
1900-01-24 23:38:00,7929.0,962896,7929.5,354446,38317,52385,-14068,608450,0.5
1900-01-24 23:38:15,7929.0,1427389,7929.5,348932,24252,684,23568,1078457,0.5
1900-01-24 23:38:30,7929.0,1044703,7929.5,343442,9500,15939,-6439,701261,0.5
1900-01-24 23:38:45,7929.0,1562508,7929.5,64112,233882,1000,232882,1498396,0.5
1900-01-24 23:39:00,7935.5,730366,7936.0,23,91229,1005,90224,730343,0.5
1900-01-24 23:39:15,7939.5,347352,7940.0,569018,141160,24053,117107,-221666,0.5
1900-01-24 23:39:30,7939.5,327667,7940.0,788311,143103,36045,107058,-460644,0.5
1900-01-24 23:39:45,7929.0,1100970,7929.5,232514,13599,605396,-591797,868456,0.5
1900-01-24 23:40:00,7930.5,1169106,7931.0,15026,15917,22647,-6730,1154080,0.5
1900-01-24 23:40:15,7930.5,1041933,7931.0,24801,11054,74250,-63196,1017132,0.5
1900-01-24 23:40:30,7930.5,42107,7931.0,465220,2834,14500,-11666,-423113,0.5
1900-01-24 23:40:45,7930.0,200159,7930.5,869918,5202,74390,-69188,-669759,0.5
1900-01-24 23:41:00,7923.5,312171,7924.0,324638,14586,208888,-194302,-12467,0.5
1900-01-24 23:41:15,7916.0,288044,7916.5,313723,5316,183040,-177724,-25679,0.5
1900-01-24 23:41:30,7916.0,822996,7916.5,411269,6332,47843,-41511,411727,0.5
1900-01-24 23:41:45,7916.0,1033920,7916.5,37075,16989,100250,-83261,996845,0.5
1900-01-24 23:42:00,7916.5,648165,7917.0,647312,61867,10834,51033,853,0.5
1900-01-24 23:42:15,7916.5,768639,7917.0,583966,17950,6895,11055,184673,0.5
1900-01-24 23:42:30,7916.0,845,7916.5,854061,9706,252256,-242550,-853216,0.5
1900-01-24 23:42:45,7915.0,1053983,7915.5,782929,1926,63509,-61583,271054,0.5
1900-01-24 23:43:00,7911.5,36938,7912.0,1128454,32624,698116,-665492,-1091516,0.5
1900-01-24 23:43:15,7908.5,13731,7909.0,1103725,27611,349696,-322085,-1089994,0.5
1900-01-24 23:43:30,7911.0,685637,7911.5,356859,20449,94112,-73663,328778,0.5
1900-01-24 23:43:45,7913.5,866724,7914.0,18198,180205,16568,163637,848526,0.5
1900-01-24 23:44:00,7914.0,242273,7914.5,531866,49575,36150,13425,-289593,0.5
1900-01-24 23:44:15,7914.0,376061,7914.5,843578,16700,61665,-44965,-467517,0.5
1900-01-24 23:44:30,7914.0,409184,7914.5,770556,5059,8954,-3895,-361372,0.5
1900-01-24 23:44:45,7911.5,6620,7912.0,947449,6599,257397,-250798,-940829,0.5
1900-01-24 23:45:00,7911.0,117181,7911.5,1051334,6412,157768,-151356,-934153,0.5
1900-01-24 23:45:15,7909.5,97698,7910.0,1039672,33467,38584,-5117,-941974,0.5
1900-01-24 23:45:30,7902.5,36213,7903.0,554221,2549,104562,-102013,-518008,0.5
1900-01-24 23:45:45,7904.0,457154,7904.5,156040,60729,83171,-22442,301114,0.5
1900-01-24 23:46:00,7907.5,402406,7908.0,10727,59697,55023,4674,391679,0.5
1900-01-24 23:46:15,7902.5,57191,7903.0,228966,110976,116493,-5517,-171775,0.5
1900-01-24 23:46:30,7896.0,405277,7896.5,892861,57881,128157,-70276,-487584,0.5
1900-01-24 23:46:45,7893.0,526920,7893.5,357287,34458,135389,-100931,169633,0.5
1900-01-24 23:47:00,7893.0,1247279,7893.5,11303,141759,13427,128332,1235976,0.5
1900-01-24 23:47:15,7893.0,1159711,7893.5,23374,44461,113030,-68569,1136337,0.5
1900-01-24 23:47:30,7887.5,154977,7888.0,713899,24038,257445,-233407,-558922,0.5
1900-01-24 23:47:45,7881.0,80659,7881.5,648360,2601,372205,-369604,-567701,0.5
1900-01-24 23:48:00,7884.5,811522,7885.0,18461,340655,154363,186292,793061,0.5
1900-01-24 23:48:15,7885.5,712825,7886.0,111863,87033,2360,84673,600962,0.5
1900-01-24 23:48:30,7882.5,41146,7883.0,777220,28832,164463,-135631,-736074,0.5
1900-01-24 23:48:45,7880.0,431912,7880.5,370735,6541,43061,-36520,61177,0.5
1900-01-24 23:49:00,7877.5,219621,7878.0,1226436,27702,388313,-360611,-1006815,0.5
1900-01-24 23:49:15,7854.5,386429,7855.0,36030,216545,1738595,-1522050,350399,0.5
1900-01-24 23:49:30,7879.0,106340,7879.5,186324,355867,334445,21422,-79984,0.5
1900-01-24 23:49:45,7874.5,368820,7875.0,30871,269247,127376,141871,337949,0.5
1900-01-24 23:50:00,7876.5,1026777,7877.0,927608,268511,176199,92312,99169,0.5
1900-01-24 23:50:15,7876.5,485142,7877.0,1106494,172089,62789,109300,-621352,0.5
1900-01-24 23:50:30,7869.0,353728,7869.5,304721,65051,284025,-218974,49007,0.5
1900-01-24 23:50:45,7873.0,182804,7873.5,627178,28983,45850,-16867,-444374,0.5
1900-01-24 23:51:00,7873.0,181519,7873.5,647446,91330,53716,37614,-465927,0.5
1900-01-24 23:51:15,7873.0,46355,7873.5,1360286,37033,82847,-45814,-1313931,0.5
1900-01-24 23:51:30,7863.5,26563,7864.0,494737,66112,98679,-32567,-468174,0.5
1900-01-24 23:51:45,7869.5,249579,7870.0,1421771,96308,64447,31861,-1172192,0.5
1900-01-24 23:52:00,7866.5,826387,7867.0,167068,227625,56685,170940,659319,0.5
1900-01-24 23:52:15,7866.5,1016507,7867.0,19989,98137,49115,49022,996518,0.5
1900-01-24 23:52:30,7870.0,849565,7870.5,5629,29746,1050,28696,843936,0.5
1900-01-24 23:52:45,7870.0,387472,7870.5,511420,312284,6942,305342,-123948,0.5
1900-01-24 23:53:00,7875.0,171740,7875.5,151460,158221,28353,129868,20280,0.5
1900-01-24 23:53:15,7865.0,402105,7865.5,1226053,49506,358931,-309425,-823948,0.5
1900-01-24 23:53:30,7865.0,379561,7865.5,929866,125317,84100,41217,-550305,0.5
1900-01-24 23:53:45,7865.5,652171,7866.0,207,110732,82875,27857,651964,0.5
1900-01-24 23:54:00,7868.5,421821,7869.0,5942,116924,22903,94021,415879,0.5
1900-01-24 23:54:15,7870.0,736063,7870.5,163373,1005795,3020,1002775,572690,0.5
1900-01-24 23:54:30,7874.5,328575,7875.0,194213,157009,56351,100658,134362,0.5
1900-01-24 23:54:45,7870.0,67178,7870.5,1294785,29538,27964,1574,-1227607,0.5
1900-01-24 23:55:00,7869.5,1180825,7870.0,59255,37692,8295,29397,1121570,0.5
1900-01-24 23:55:15,7869.5,1373287,7870.0,857929,266054,717,265337,515358,0.5
1900-01-24 23:55:30,7869.5,1293482,7870.0,801226,144653,199,144454,492256,0.5
1900-01-24 23:55:45,7869.5,1419464,7870.0,1109053,150728,7639,143089,310411,0.5
1900-01-24 23:56:00,7869.5,2678835,7870.0,133641,840343,56850,783493,2545194,0.5
1900-01-24 23:56:15,7879.0,208194,7879.5,565229,156670,61942,94728,-357035,0.5
1900-01-24 23:56:30,7872.0,161357,7875.0,263,213147,37207,175940,161094,3.0
1900-01-24 23:56:45,7869.5,852471,7870.0,52201,26998,145920,-118922,800270,0.5
1900-01-24 23:57:00,7872.0,413089,7872.5,1177,73409,66043,7366,411912,0.5
1900-01-24 23:57:15,7874.0,22996,7874.5,1207989,30429,2641,27788,-1184993,0.5
1900-01-24 23:57:30,7870.0,545536,7870.5,314947,3583,18680,-15097,230589,0.5
1900-01-24 23:57:45,7872.5,543788,7873.0,71619,30283,35171,-4888,472169,0.5
1900-01-24 23:58:00,7872.5,534204,7873.0,1289,36962,13901,23061,532915,0.5
1900-01-24 23:58:15,7873.0,421289,7873.5,235,23804,8655,15149,421054,0.5
1900-01-24 23:58:30,7874.0,30357,7874.5,1223567,14763,9277,5486,-1193210,0.5
1900-01-24 23:58:45,7873.0,632307,7873.5,131136,10383,22468,-12085,501171,0.5
1900-01-24 23:59:00,7872.0,24660,7872.5,1414255,32650,137770,-105120,-1389595,0.5
1900-01-24 23:59:15,7872.5,477130,7873.0,50976,114393,128526,-14133,426154,0.5
1900-01-24 23:59:30,7872.5,481300,7873.0,370887,40876,13864,27012,110413,0.5
1900-01-24 23:59:45,7875.0,351797,7875.5,224,85279,43700,41579,351573,0.5
