time,bid,bidSize,ask,askSize,buyMO,sellMO,buySellImb,orderImb
1900-01-01 00:00:00,7255.0,14392,7255.5,474703,21024,88248,-67224,-460311
1900-01-01 00:00:15,7251.0,412077,7251.5,665739,85790,229249,-143459,-253662
1900-01-01 00:00:30,7246.0,640,7246.5,684735,37898,794202,-756304,-684095
1900-01-01 00:00:45,7263.5,51137,7264.0,13058,354615,229044,125571,38079
1900-01-01 00:01:00,7262.5,78802,7263.0,1006739,316269,164057,152212,-927937
1900-01-01 00:01:15,7269.0,684600,7269.5,101442,493646,172823,320823,583158
1900-01-01 00:01:30,7270.5,665569,7271.0,5503,430802,25828,404974,660066
1900-01-01 00:01:45,7274.0,339577,7274.5,276033,109152,56347,52805,63544
1900-01-01 00:02:00,7275.5,748348,7276.0,89226,318704,19144,299560,659122
1900-01-01 00:02:15,7275.5,480707,7276.0,194925,90511,11082,79429,285782
1900-01-01 00:02:30,7276.0,1015808,7276.5,88547,41275,10215,31060,927261
1900-01-01 00:02:45,7276.0,1095482,7276.5,31543,55822,56168,-346,1063939
1900-01-01 00:03:00,7278.5,668,7279.0,423391,137767,164524,-26757,-422723
1900-01-01 00:03:15,7274.0,1012499,7274.5,12252,75421,90342,-14921,1000247
1900-01-01 00:03:30,7279.5,4991,7280.0,594921,171237,36173,135064,-589930
1900-01-01 00:03:45,7279.0,115588,7279.5,615827,92004,340038,-248034,-500239
1900-01-01 00:04:00,7279.0,1107509,7279.5,84560,74047,23891,50156,1022949
1900-01-01 00:04:15,7292.5,122350,7293.0,73010,295043,17316,277727,49340
1900-01-01 00:04:30,7288.0,31339,7288.5,120921,457234,363762,93472,-89582
1900-01-01 00:04:45,7283.5,883989,7284.0,731337,264508,66045,198463,152652
1900-01-01 00:05:00,7283.5,145386,7284.0,881753,34829,56669,-21840,-736367
1900-01-01 00:05:15,7282.5,178489,7283.0,692035,60604,33232,27372,-513546
1900-01-01 00:05:30,7280.0,122146,7280.5,882976,4460,257493,-253033,-760830
1900-01-01 00:05:45,7278.0,292729,7278.5,160147,89475,69428,20047,132582
1900-01-01 00:06:00,7278.0,193899,7278.5,411432,40131,13451,26680,-217533
1900-01-01 00:06:15,7278.0,309408,7278.5,318694,51783,2468,49315,-9286
1900-01-01 00:06:30,7278.0,128662,7278.5,965499,9567,100,9467,-836837
1900-01-01 00:06:45,7277.0,398122,7277.5,943545,11090,30826,-19736,-545423
1900-01-01 00:07:00,7277.0,358665,7277.5,336491,3882,91359,-87477,22174
1900-01-01 00:07:15,7278.5,157165,7279.0,36811,69746,19001,50745,120354
1900-01-01 00:07:30,7284.5,575416,7285.0,38254,66592,40508,26084,537162
1900-01-01 00:07:45,7284.5,181375,7285.0,490411,17273,22230,-4957,-309036
1900-01-01 00:08:00,7284.5,868803,7285.0,223744,53194,30968,22226,645059
1900-01-01 00:08:15,7285.5,462353,7286.0,10,44820,1000,43820,462343
1900-01-01 00:08:30,7291.0,153342,7291.5,726831,172061,78230,93831,-573489
1900-01-01 00:08:45,7285.0,30062,7285.5,264269,61399,211106,-149707,-234207
1900-01-01 00:09:00,7285.0,187521,7285.5,413397,17557,51187,-33630,-225876
1900-01-01 00:09:15,7286.5,529501,7287.0,14067,84880,2332,82548,515434
1900-01-01 00:09:30,7290.0,705969,7290.5,203,67160,91610,-24450,705766
1900-01-01 00:09:45,7293.5,460409,7294.0,96804,107676,29716,77960,363605
1900-01-01 00:10:00,7296.5,434826,7297.0,63788,231187,67011,164176,371038
1900-01-01 00:10:15,7296.5,31120,7297.0,397569,226008,149711,76297,-366449
1900-01-01 00:10:30,7291.0,468669,7291.5,58891,11124,21314,-10190,409778
1900-01-01 00:10:45,7291.0,607046,7291.5,675,89956,13263,76693,606371
1900-01-01 00:11:00,7291.5,148242,7292.0,601961,24642,47093,-22451,-453719
1900-01-01 00:11:15,7291.5,412139,7292.0,172069,16450,12818,3632,240070
1900-01-01 00:11:30,7291.5,587348,7292.0,222122,14853,5100,9753,365226
1900-01-01 00:11:45,7291.5,374167,7292.0,77777,174119,112600,61519,296390
1900-01-01 00:12:00,7291.5,125280,7292.0,701186,12,25191,-25179,-575906
1900-01-01 00:12:15,7289.5,277905,7290.0,887514,2663,41575,-38912,-609609
1900-01-01 00:12:30,7289.5,166391,7290.0,608988,458,64053,-63595,-442597
1900-01-01 00:12:45,7286.0,407931,7286.5,202195,64424,140573,-76149,205736
1900-01-01 00:13:00,7286.0,507863,7286.5,260340,17538,47179,-29641,247523
1900-01-01 00:13:15,7286.0,469268,7286.5,238894,23775,47179,-23404,230374
1900-01-01 00:13:30,7286.0,64517,7286.5,687777,3591,4006,-415,-623260
1900-01-01 00:13:45,7285.0,22476,7285.5,880496,508,34535,-34027,-858020
1900-01-01 00:14:00,7285.0,670548,7285.5,729201,210,97923,-97713,-58653
1900-01-01 00:14:15,7285.0,930053,7285.5,274706,32804,20400,12404,655347
1900-01-01 00:14:30,7285.0,1043615,7285.5,261883,11803,20400,-8597,781732
1900-01-01 00:14:45,7285.0,847551,7285.5,505480,168981,2,168979,342071
1900-01-01 00:15:00,7285.0,748312,7285.5,799347,9503,14864,-5361,-51035
1900-01-01 00:15:15,7285.0,695634,7285.5,779816,13094,20000,-6906,-84182
1900-01-01 00:15:30,7285.0,784661,7285.5,386014,9501,560,8941,398647
1900-01-01 00:15:45,7285.0,890675,7285.5,317739,22926,6150,16776,572936
1900-01-01 00:16:00,7285.0,1323824,7285.5,87673,24394,6150,18244,1236151
1900-01-01 00:16:15,7285.5,914046,7286.0,37518,45441,6150,39291,876528
1900-01-01 00:16:30,7287.0,717341,7287.5,33608,95973,6150,89823,683733
1900-01-01 00:16:45,7287.0,370720,7287.5,136050,20015,8366,11649,234670
1900-01-01 00:17:00,7287.0,94007,7287.5,687740,13625,2200,11425,-593733
1900-01-01 00:17:15,7287.0,171357,7287.5,747349,4,4097,-4093,-575992
1900-01-01 00:17:30,7287.0,375782,7287.5,444150,6200,20351,-14151,-68368
1900-01-01 00:17:45,7287.0,156262,7287.5,807066,15004,14000,1004,-650804
1900-01-01 00:18:00,7286.5,105635,7287.0,1081214,77,25484,-25407,-975579
1900-01-01 00:18:15,7285.5,6257,7286.0,193859,2,52985,-52983,-187602
1900-01-01 00:18:30,7285.0,150137,7285.5,1486673,11435,1296824,-1285389,-1336536
1900-01-01 00:18:45,7275.0,463795,7275.5,216990,2258,233784,-231526,246805
1900-01-01 00:19:00,7276.5,707932,7277.0,132081,34061,18441,15620,575851
1900-01-01 00:19:15,7276.5,1146693,7277.0,27999,81557,147008,-65451,1118694
1900-01-01 00:19:30,7276.5,219144,7277.0,350897,31909,101638,-69729,-131753
1900-01-01 00:19:45,7276.5,216888,7277.0,484934,1828,28347,-26519,-268046
1900-01-01 00:20:00,7276.5,163531,7277.0,748612,1828,28683,-26855,-585081
1900-01-01 00:20:15,7277.0,18322,7277.5,645339,84920,35456,49464,-627017
1900-01-01 00:20:30,7275.0,730309,7275.5,194,6044,106820,-100776,730115
1900-01-01 00:20:45,7277.5,463525,7278.0,1228,15717,52678,-36961,462297
1900-01-01 00:21:00,7278.5,333387,7279.0,3031,14080,132,13948,330356
1900-01-01 00:21:15,7279.0,365633,7279.5,890,44037,8000,36037,364743
1900-01-01 00:21:30,7280.0,138493,7280.5,432967,14948,22991,-8043,-294474
1900-01-01 00:21:45,7282.0,168934,7282.5,964190,46303,68,46235,-795256
1900-01-01 00:22:00,7282.0,13129,7282.5,1094206,16300,9934,6366,-1081077
1900-01-01 00:22:15,7280.0,3641,7280.5,984034,12002,60372,-48370,-980393
1900-01-01 00:22:30,7277.0,20026,7277.5,412261,1000,58943,-57943,-392235
1900-01-01 00:22:45,7276.5,434439,7277.0,236396,5002,132758,-127756,198043
1900-01-01 00:23:00,7277.0,895895,7277.5,6998,56872,2979,53893,888897
1900-01-01 00:23:15,7277.5,319026,7278.0,46313,6868,2238,4630,272713
1900-01-01 00:23:30,7279.5,435736,7280.0,9034,33830,1942,31888,426702
1900-01-01 00:23:45,7283.0,251194,7283.5,37691,9361,3756,5605,213503
1900-01-01 00:24:00,7283.0,566138,7283.5,7976,45451,6176,39275,558162
1900-01-01 00:24:15,7283.5,659756,7284.0,146889,38132,6176,31956,512867
1900-01-01 00:24:30,7283.5,56806,7284.0,739426,10152,18852,-8700,-682620
1900-01-01 00:24:45,7281.5,119241,7282.0,183653,1010,33080,-32070,-64412
1900-01-01 00:25:00,7281.0,1436,7281.5,540919,505,3773,-3268,-539483
1900-01-01 00:25:15,7281.0,15173,7281.5,590695,8010,1312,6698,-575522
1900-01-01 00:25:30,7281.0,12727,7281.5,599914,10,58196,-58186,-587187
1900-01-01 00:25:45,7279.0,356936,7279.5,129807,10010,23050,-13040,227129
1900-01-01 00:26:00,7279.0,484443,7279.5,138053,1558,144,1414,346390
1900-01-01 00:26:15,7279.0,237041,7279.5,176706,20000,7312,12688,60335
1900-01-01 00:26:30,7279.0,792686,7279.5,27977,19103,49617,-30514,764709
1900-01-01 00:26:45,7279.0,460462,7279.5,22450,11022,52254,-41232,438012
1900-01-01 00:27:00,7279.5,104704,7280.0,634,40038,1007,39031,104070
1900-01-01 00:27:15,7282.5,673610,7283.0,34228,14589,5,14584,639382
1900-01-01 00:27:30,7283.0,710001,7283.5,191103,125196,9310,115886,518898
1900-01-01 00:27:45,7283.0,723712,7283.5,169571,87224,1200,86024,554141
1900-01-01 00:28:00,7283.5,1550649,7284.0,265290,43612,8,43604,1285359
1900-01-01 00:28:15,7285.5,510243,7286.0,6032,67573,8,67565,504211
1900-01-01 00:28:30,7295.5,385426,7296.0,403842,97747,1930,95817,-18416
1900-01-01 00:28:45,7294.5,3867,7295.0,969118,88046,40515,47531,-965251
1900-01-01 00:29:00,7295.5,424657,7296.0,91809,239874,55556,184318,332848
1900-01-01 00:29:15,7297.0,499693,7297.5,506528,593983,47290,546693,-6835
1900-01-01 00:29:30,7299.0,430549,7299.5,167873,209762,76002,133760,262676
1900-01-01 00:29:45,7299.0,354158,7299.5,401374,11470,16660,-5190,-47216
1900-01-01 00:30:00,7299.0,258870,7299.5,788884,11916,39479,-27563,-530014
1900-01-01 00:30:15,7298.5,3335,7299.0,615066,65706,101812,-36106,-611731
1900-01-01 00:30:30,7296.5,385236,7297.0,311171,14900,22997,-8097,74065
1900-01-01 00:30:45,7296.5,209472,7297.0,164401,145424,149868,-4444,45071
1900-01-01 00:31:00,7296.5,613699,7297.0,169223,57636,65945,-8309,444476
1900-01-01 00:31:15,7296.5,581052,7297.0,111430,32132,16000,16132,469622
1900-01-01 00:31:30,7296.5,1040664,7297.0,34998,52665,13852,38813,1005666
1900-01-01 00:31:45,7297.0,984793,7297.5,52287,56286,54281,2005,932506
1900-01-01 00:32:00,7297.0,1179064,7297.5,12147,128294,105230,23064,1166917
1900-01-01 00:32:15,7299.0,357898,7299.5,383584,209805,14330,195475,-25686
1900-01-01 00:32:30,7299.0,756334,7299.5,214655,12932,47455,-34523,541679
1900-01-01 00:32:45,7302.5,486532,7303.0,372790,130852,6884,123968,113742
1900-01-01 00:33:00,7304.0,367622,7304.5,505422,16744,14630,2114,-137800
1900-01-01 00:33:15,7304.0,237989,7304.5,592953,17660,83364,-65704,-354964
1900-01-01 00:33:30,7304.0,31509,7304.5,906441,3280,54187,-50907,-874932
1900-01-01 00:33:45,7302.0,103467,7302.5,499741,5530,66610,-61080,-396274
1900-01-01 00:34:00,7302.0,70488,7302.5,540403,8726,39211,-30485,-469915
1900-01-01 00:34:15,7302.0,2010,7302.5,600513,7090,59138,-52048,-598503
1900-01-01 00:34:30,7300.0,706609,7300.5,700637,11022,60641,-49619,5972
1900-01-01 00:34:45,7300.0,1054883,7300.5,116214,48,414964,-414916,938669
1900-01-01 00:35:00,7306.0,704842,7306.5,45032,62544,25472,37072,659810
1900-01-01 00:35:15,7307.5,1000447,7308.0,56085,33239,37133,-3894,944362
1900-01-01 00:35:30,7309.0,1255751,7309.5,239647,23441,300,23141,1016104
1900-01-01 00:35:45,7309.0,1065657,7309.5,616896,38056,1512,36544,448761
1900-01-01 00:36:00,7309.0,1031925,7309.5,691918,14188,36537,-22349,340007
1900-01-01 00:36:15,7309.0,344763,7309.5,748904,50114,52603,-2489,-404141
1900-01-01 00:36:30,7304.5,24149,7305.0,753002,50114,141340,-91226,-728853
1900-01-01 00:36:45,7303.0,64,7303.5,936271,9452,13665,-4213,-936207
1900-01-01 00:37:00,7300.0,359068,7300.5,609041,42396,166850,-124454,-249973
1900-01-01 00:37:15,7297.0,44618,7297.5,628379,34084,157018,-122934,-583761
1900-01-01 00:37:30,7293.0,55828,7293.5,630884,20470,221555,-201085,-575056
1900-01-01 00:37:45,7292.0,594443,7292.5,124143,22001,215697,-193696,470300
1900-01-01 00:38:00,7293.5,243122,7294.0,259250,107507,60278,47229,-16128
1900-01-01 00:38:15,7294.5,436279,7295.0,5840,72829,4130,68699,430439
1900-01-01 00:38:30,7296.0,108972,7296.5,336168,14963,17576,-2613,-227196
1900-01-01 00:38:45,7296.0,248568,7296.5,505266,1500,8762,-7262,-256698
1900-01-01 00:39:00,7296.0,490702,7296.5,165747,10578,5295,5283,324955
1900-01-01 00:39:15,7290.5,104806,7291.0,728208,11984,230801,-218817,-623402
1900-01-01 00:39:30,7281.5,472885,7282.0,814318,8461,76666,-68205,-341433
1900-01-01 00:39:45,7283.5,682642,7284.0,1147,213557,142458,71099,681495
1900-01-01 00:40:00,7286.0,171723,7286.5,193306,38395,21190,17205,-21583
1900-01-01 00:40:15,7286.0,1042845,7286.5,91129,22440,4042,18398,951716
1900-01-01 00:40:30,7287.5,97112,7288.0,483251,40308,442,39866,-386139
1900-01-01 00:40:45,7285.0,26506,7285.5,643521,2,32143,-32141,-617015
1900-01-01 00:41:00,7285.0,10273,7285.5,928724,2,6464,-6462,-918451
1900-01-01 00:41:15,7284.5,44118,7285.0,1119292,100,7999,-7899,-1075174
1900-01-01 00:41:30,7284.0,52750,7284.5,843021,48000,18083,29917,-790271
1900-01-01 00:41:45,7284.0,161607,7284.5,493855,8410,36803,-28393,-332248
1900-01-01 00:42:00,7284.0,557447,7284.5,194740,25012,22244,2768,362707
1900-01-01 00:42:15,7284.0,500546,7284.5,349724,13678,23198,-9520,150822
1900-01-01 00:42:30,7284.0,676607,7284.5,224845,3010,41,2969,451762
1900-01-01 00:42:45,7284.0,651339,7284.5,256291,3000,24076,-21076,395048
1900-01-01 00:43:00,7284.0,816703,7284.5,109379,183142,4586,178556,707324
1900-01-01 00:43:15,7284.0,774638,7284.5,64819,6100,9996,-3896,709819
1900-01-01 00:43:30,7284.0,447183,7284.5,457103,8000,12493,-4493,-9920
1900-01-01 00:43:45,7282.0,114227,7282.5,587888,200,22994,-22794,-473661
1900-01-01 00:44:00,7281.0,6538,7281.5,641394,2,39165,-39163,-634856
1900-01-01 00:44:15,7279.0,1000625,7279.5,38131,7831,82077,-74246,962494
1900-01-01 00:44:30,7282.0,697421,7282.5,70435,221544,666142,-444598,626986
1900-01-01 00:44:45,7282.0,886299,7282.5,6124,34879,9276,25603,880175
1900-01-01 00:45:00,7281.5,133656,7282.0,180357,35053,98886,-63833,-46701
1900-01-01 00:45:15,7283.0,645603,7283.5,273,53992,23260,30732,645330
1900-01-01 00:45:30,7283.5,249943,7284.0,35329,10450,17684,-7234,214614
1900-01-01 00:45:45,7284.0,140663,7284.5,9070,43930,100,43830,131593
1900-01-01 00:46:00,7284.5,685416,7285.0,274846,15810,1034,14776,410570
1900-01-01 00:46:15,7284.5,986764,7285.0,202972,68193,32,68161,783792
1900-01-01 00:46:30,7284.5,913407,7285.0,128974,94371,828,93543,784433
1900-01-01 00:46:45,7287.0,633239,7287.5,33057,131826,4,131822,600182
1900-01-01 00:47:00,7287.5,205188,7288.0,376524,27953,5025,22928,-171336
1900-01-01 00:47:15,7288.5,308725,7289.0,30378,233674,4014,229660,278347
1900-01-01 00:47:30,7288.5,443737,7289.0,48920,2709,4014,-1305,394817
1900-01-01 00:47:45,7288.5,516637,7289.0,62950,9000,20316,-11316,453687
1900-01-01 00:48:00,7288.5,382391,7289.0,55746,16658,5014,11644,326645
1900-01-01 00:48:15,7290.5,823456,7291.0,14686,82815,5014,77801,808770
1900-01-01 00:48:30,7291.5,60907,7292.0,404497,11264,120,11144,-343590
1900-01-01 00:48:45,7292.0,360428,7292.5,14511,6382,13772,-7390,345917
1900-01-01 00:49:00,7292.5,249570,7293.0,19911,17791,4101,13690,229659
1900-01-01 00:49:15,7294.0,462565,7294.5,1254,15256,110,15146,461311
1900-01-01 00:49:30,7295.0,771234,7295.5,33104,90750,330,90420,738130
1900-01-01 00:49:45,7297.5,172280,7298.0,559814,22454,18400,4054,-387534
1900-01-01 00:50:00,7298.5,1234398,7299.0,899,35646,290,35356,1233499
1900-01-01 00:50:15,7304.0,9,7304.5,786249,155882,32795,123087,-786240
1900-01-01 00:50:30,7302.5,160924,7303.0,252000,26806,15960,10846,-91076
1900-01-01 00:50:45,7302.5,230885,7303.0,335272,11653,102390,-90737,-104387
1900-01-01 00:51:00,7302.5,83508,7303.0,622863,2428,31703,-29275,-539355
1900-01-01 00:51:15,7302.5,39159,7303.0,832949,6402,34006,-27604,-793790
1900-01-01 00:51:30,7299.5,74499,7300.0,624599,1269,25160,-23891,-550100
1900-01-01 00:51:45,7299.5,25139,7300.0,648416,56,18856,-18800,-623277
1900-01-01 00:52:00,7297.5,151170,7298.0,559589,3115,52140,-49025,-408419
1900-01-01 00:52:15,7297.5,159638,7298.0,537624,25864,11950,13914,-377986
1900-01-01 00:52:30,7297.5,85077,7298.0,708582,41,9300,-9259,-623505
1900-01-01 00:52:45,7297.0,60199,7297.5,613658,24588,13424,11164,-553459
1900-01-01 00:53:00,7293.5,5120,7294.0,482434,30326,170228,-139902,-477314
1900-01-01 00:53:15,7292.5,438858,7293.0,207757,7805,117650,-109845,231101
1900-01-01 00:53:30,7292.5,33903,7293.0,675068,5216,25200,-19984,-641165
1900-01-01 00:53:45,7292.5,27593,7293.0,652795,3359,2031,1328,-625202
1900-01-01 00:54:00,7292.5,550010,7293.0,64808,35158,1908,33250,485202
1900-01-01 00:54:15,7292.5,457387,7293.0,482640,3279,15512,-12233,-25253
1900-01-01 00:54:30,7292.5,890995,7293.0,82634,11163,11200,-37,808361
1900-01-01 00:54:45,7293.0,2910964,7293.5,6215,14888,47,14841,2904749
1900-01-01 00:55:00,7297.0,2420304,7297.5,149477,32652,2,32650,2270827
1900-01-01 00:55:15,7303.0,1927188,7303.5,74294,116297,2674,113623,1852894
1900-01-01 00:55:30,7306.0,890909,7306.5,1023207,231212,2519,228693,-132298
1900-01-01 00:55:45,7306.0,666693,7306.5,778711,201118,54664,146454,-112018
1900-01-01 00:56:00,7306.0,979852,7306.5,911264,5200,50037,-44837,68588
1900-01-01 00:56:15,7306.0,803007,7306.5,1067237,110,21930,-21820,-264230
1900-01-01 00:56:30,7306.0,801239,7306.5,1096089,4256,40941,-36685,-294850
1900-01-01 00:56:45,7306.0,937073,7306.5,1221072,6092,3895,2197,-283999
1900-01-01 00:57:00,7306.0,815179,7306.5,1278464,6092,22526,-16434,-463285
1900-01-01 00:57:15,7306.0,742195,7306.5,1103961,49642,199705,-150063,-361766
1900-01-01 00:57:30,7306.0,694367,7306.5,1089492,10078,44125,-34047,-395125
1900-01-01 00:57:45,7300.5,3568,7301.0,571961,1072,95471,-94399,-568393
1900-01-01 00:58:00,7299.0,406101,7299.5,277309,700,35923,-35223,128792
1900-01-01 00:58:15,7299.0,602193,7299.5,372080,6066,12914,-6848,230113
1900-01-01 00:58:30,7299.0,676055,7299.5,378935,660,5300,-4640,297120
1900-01-01 00:58:45,7299.0,100541,7299.5,672002,3066,10376,-7310,-571461
1900-01-01 00:59:00,7299.0,87781,7299.5,759034,3066,25944,-22878,-671253
1900-01-01 00:59:15,7295.0,123946,7295.5,539181,3052,138788,-135736,-415235
1900-01-01 00:59:30,7295.0,5373,7295.5,766009,48,25711,-25663,-760636
1900-01-01 00:59:45,7293.5,359459,7294.0,319494,450,9795,-9345,39965
1900-01-01 01:00:00,7293.5,690064,7294.0,254911,3943,1135,2808,435153
1900-01-01 01:00:15,7293.5,764535,7294.0,172349,28408,13940,14468,592186
1900-01-01 01:00:30,7299.5,888969,7300.0,59471,73685,13940,59745,829498
1900-01-01 01:00:45,7302.0,213752,7302.5,733659,62416,10002,52414,-519907
1900-01-01 01:01:00,7302.0,927074,7302.5,246262,12088,9654,2434,680812
1900-01-01 01:01:15,7302.0,1354793,7302.5,53036,85432,34680,50752,1301757
1900-01-01 01:01:30,7303.5,1148311,7304.0,2808,52771,7100,45671,1145503
1900-01-01 01:01:45,7305.5,1422730,7306.0,10174,44661,420,44241,1412556
1900-01-01 01:02:00,7310.0,2312193,7310.5,2796,213552,610,212942,2309397
1900-01-01 01:02:15,7314.0,1423004,7314.5,31124,254164,1298,252866,1391880
1900-01-01 01:02:30,7314.5,1230904,7315.0,1855563,158700,50796,107904,-624659
1900-01-01 01:02:45,7316.5,1424166,7317.0,17973,2478909,45172,2433737,1406193
1900-01-01 01:03:00,7316.5,1361043,7317.0,87165,190544,22000,168544,1273878
1900-01-01 01:03:15,7318.5,100297,7319.0,350286,239548,39855,199693,-249989
1900-01-01 01:03:30,7318.5,891603,7319.0,402251,79397,29614,49783,489352
1900-01-01 01:03:45,7318.5,312592,7319.0,504911,101816,115537,-13721,-192319
1900-01-01 01:04:00,7318.5,293057,7319.0,767457,8603,50304,-41701,-474400
1900-01-01 01:04:15,7318.5,272235,7319.0,681091,22654,99627,-76973,-408856
1900-01-01 01:04:30,7318.5,228371,7319.0,717014,402241,95481,306760,-488643
1900-01-01 01:04:45,7318.5,11957,7319.0,1425332,120782,220649,-99867,-1413375
1900-01-01 01:05:00,7316.0,49,7316.5,1476100,33874,251393,-217519,-1476051
1900-01-01 01:05:15,7314.0,11038,7314.5,1362880,464,39363,-38899,-1351842
1900-01-01 01:05:30,7312.5,23666,7313.0,1076007,10247,60108,-49861,-1052341
1900-01-01 01:05:45,7311.5,8208,7312.0,948358,10428,65817,-55389,-940150
1900-01-01 01:06:00,7311.5,461424,7312.0,888933,14022,30340,-16318,-427509
1900-01-01 01:06:15,7311.5,1045100,7312.0,213612,21784,98801,-77017,831488
1900-01-01 01:06:30,7317.5,517775,7318.0,266154,120396,8002,112394,251621
1900-01-01 01:06:45,7325.0,343871,7325.5,527497,149299,114680,34619,-183626
1900-01-01 01:07:00,7329.0,1116755,7329.5,83208,411578,108519,303059,1033547
1900-01-01 01:07:15,7332.0,1433030,7332.5,4407,669545,53018,616527,1428623
1900-01-01 01:07:30,7338.5,485484,7339.0,692290,365810,65439,300371,-206806
1900-01-01 01:07:45,7334.0,538635,7334.5,127152,125353,458733,-333380,411483
1900-01-01 01:08:00,7334.0,346633,7334.5,359123,62696,399908,-337212,-12490
1900-01-01 01:08:15,7346.5,83833,7347.0,1078909,1051940,246789,805151,-995076
1900-01-01 01:08:30,7365.0,120516,7369.5,2341,2684804,414740,2270064,118175
1900-01-01 01:08:45,7354.5,22058,7355.0,258,854268,477665,376603,21800
1900-01-01 01:09:00,7366.0,9707,7366.5,57366,517149,590117,-72968,-47659
1900-01-01 01:09:15,7364.0,616908,7364.5,80312,278844,198008,80836,536596
1900-01-01 01:09:30,7369.5,81191,7370.0,1445331,630506,178272,452234,-1364140
1900-01-01 01:09:45,7374.5,314799,7375.0,136846,1329649,355787,973862,177953
1900-01-01 01:10:00,7378.5,262842,7379.0,196044,928129,70222,857907,66798
1900-01-01 01:10:15,7386.0,103750,7386.5,40393,768706,213003,555703,63357
1900-01-01 01:10:30,7383.0,588793,7383.5,26181,689923,936009,-246086,562612
1900-01-01 01:10:45,7390.5,71383,7391.0,38940,495154,497919,-2765,32443
1900-01-01 01:11:00,7390.0,135958,7390.5,950104,239392,3137037,-2897645,-814146
1900-01-01 01:11:15,7385.0,848078,7385.5,186798,408172,978464,-570292,661280
1900-01-01 01:11:30,7384.5,39456,7385.0,297772,91574,415155,-323581,-258316
1900-01-01 01:11:45,7385.5,26417,7386.0,12042,129262,128432,830,14375
1900-01-01 01:12:00,7395.5,16895,7396.5,1600,171912,2437923,-2266011,15295
1900-01-01 01:12:15,7395.0,152273,7395.5,557250,397027,1602792,-1205765,-404977
1900-01-01 01:12:30,7398.5,641705,7399.0,220606,1237114,500974,736140,421099
1900-01-01 01:12:45,7399.5,1157298,7400.0,391337,1611249,241760,1369489,765961
1900-01-01 01:13:00,7395.5,231177,7396.0,237202,243249,143913,99336,-6025
1900-01-01 01:13:15,7395.0,525070,7395.5,563195,40399,1542557,-1502158,-38125
1900-01-01 01:13:30,7398.0,261378,7398.5,331162,212885,1368347,-1155462,-69784
1900-01-01 01:13:45,7398.5,1023529,7399.0,13581,142524,935773,-793249,1009948
1900-01-01 01:14:00,7418.5,16403,7419.0,36000,1828849,274374,1554475,-19597
1900-01-01 01:14:15,7421.5,4535,7428.5,164914,4469844,1143681,3326163,-160379
1900-01-01 01:14:30,7429.5,309965,7430.0,120211,495185,577029,-81844,189754
1900-01-01 01:14:45,7440.0,313330,7440.5,210693,361973,2328289,-1966316,102637
1900-01-01 01:15:00,7449.5,198023,7450.0,718470,1551241,259114,1292127,-520447
1900-01-01 01:15:15,7448.5,127273,7449.0,270080,398009,340375,57634,-142807
1900-01-01 01:15:30,7446.0,503941,7446.5,51731,1377039,746199,630840,452210
1900-01-01 01:15:45,7455.0,999794,7455.5,133646,813780,178558,635222,866148
1900-01-01 01:16:00,7461.5,651663,7462.0,2231,950809,132145,818664,649432
1900-01-01 01:16:15,7459.0,21935,7459.5,209508,636645,924222,-287577,-187573
1900-01-01 01:16:30,7455.0,36484,7456.5,39956,422900,1568310,-1145410,-3472
1900-01-01 01:16:45,7440.0,366221,7440.5,62933,196914,1795386,-1598472,303288
1900-01-01 01:17:00,7428.0,39312,7428.5,115635,58425,1577654,-1519229,-76323
1900-01-01 01:17:15,7436.0,58500,7436.5,10376,407149,1197187,-790038,48124
1900-01-01 01:17:30,7444.0,33943,7444.5,16000,448495,742555,-294060,17943
1900-01-01 01:17:45,7454.5,283184,7455.0,430912,648230,198574,449656,-147728
1900-01-01 01:18:00,7473.5,867418,7474.0,1316597,763502,372717,390785,-449179
1900-01-01 01:18:15,7496.0,29472,7499.0,951642,4652108,355778,4296330,-922170
1900-01-01 01:18:30,7511.5,34539,7514.0,74332,4911777,439847,4471930,-39793
1900-01-01 01:18:45,7512.5,34678,7513.0,76770,4544738,836626,3708112,-42092
1900-01-01 01:19:00,7499.0,13839,7499.5,11454,1228019,1503383,-275364,2385
1900-01-01 01:19:15,7489.5,1199281,7490.0,8029,3033449,984285,2049164,1191252
1900-01-01 01:19:30,7493.5,33862,7494.0,295634,973315,1109358,-136043,-261772
1900-01-01 01:19:45,7508.0,81899,7508.5,16739,1218701,624898,593803,65160
1900-01-01 01:20:00,7521.0,4521,7521.5,20000,1225141,460688,764453,-15479
1900-01-01 01:20:15,7554.5,3832,7555.5,3000,5748759,620413,5128346,832
1900-01-01 01:20:30,7550.0,46188,7550.5,10000,1131258,1187672,-56414,36188
1900-01-01 01:20:45,7550.0,147349,7550.5,259,428338,3807298,-3378960,147090
1900-01-01 01:21:00,7547.0,16390,7547.5,19577,333062,1232016,-898954,-3187
1900-01-01 01:21:15,7555.5,147375,7560.0,172048,1723936,582709,1141227,-24673
1900-01-01 01:21:30,7569.5,600,7571.0,79034,1120685,343770,776915,-78434
1900-01-01 01:21:45,7578.0,10000,7578.5,2000,1791236,482533,1308703,8000
1900-01-01 01:22:00,7572.0,315631,7572.5,231465,1241692,929043,312649,84166
1900-01-01 01:22:15,7559.5,173565,7560.0,81576,481145,1285573,-804428,91989
1900-01-01 01:22:30,7553.0,185009,7553.5,124813,673340,1117653,-444313,60196
1900-01-01 01:22:45,7549.5,180173,7550.0,48151,1067134,786205,280929,132022
1900-01-01 01:23:00,7559.5,428157,7560.0,46881,469470,404927,64543,381276
1900-01-01 01:23:15,7572.5,109361,7573.0,216035,2118398,314131,1804267,-106674
1900-01-01 01:23:30,7560.5,235150,7561.0,364956,751224,541816,209408,-129806
1900-01-01 01:23:45,7550.5,446591,7551.0,112313,550632,1061223,-510591,334278
1900-01-01 01:24:00,7550.0,416884,7550.5,85825,236663,573230,-336567,331059
1900-01-01 01:24:15,7540.5,2546,7541.0,312021,245226,1690469,-1445243,-309475
1900-01-01 01:24:30,7530.0,118623,7530.5,278547,93172,2802739,-2709567,-159924
1900-01-01 01:24:45,7520.0,57563,7520.5,19573,451544,1601441,-1149897,37990
1900-01-01 01:25:00,7520.0,111714,7520.5,39330,497711,3569113,-3071402,72384
1900-01-01 01:25:15,7528.0,483953,7528.5,168355,604199,1385231,-781032,315598
1900-01-01 01:25:30,7536.5,112940,7537.5,36084,935360,612336,323024,76856
1900-01-01 01:25:45,7536.0,241310,7536.5,164748,443462,247824,195638,76562
1900-01-01 01:26:00,7531.0,24988,7531.5,372759,242038,548830,-306792,-347771
1900-01-01 01:26:15,7533.5,149800,7534.0,58,687940,622816,65124,149742
1900-01-01 01:26:30,7542.5,156868,7543.0,392732,419284,574509,-155225,-235864
1900-01-01 01:26:45,7528.5,624298,7529.0,99654,303267,275619,27648,524644
1900-01-01 01:27:00,7530.5,4129,7531.0,84393,222954,403386,-180432,-80264
1900-01-01 01:27:15,7557.0,221171,7557.5,683,245558,460070,-214512,220488
1900-01-01 01:27:30,7548.5,12304,7549.0,117213,459147,764417,-305270,-104909
1900-01-01 01:27:45,7555.0,86172,7555.5,83860,330293,614902,-284609,2312
1900-01-01 01:28:00,7554.0,1473,7554.5,239850,561635,425967,135668,-238377
1900-01-01 01:28:15,7545.5,811164,7546.0,352484,248774,498953,-250179,458680
1900-01-01 01:28:30,7553.5,227403,7554.0,147363,765802,310443,455359,80040
1900-01-01 01:28:45,7550.0,93037,7550.5,8000,500312,413616,86696,85037
1900-01-01 01:29:00,7546.0,339295,7546.5,127351,563178,291528,271650,211944
1900-01-01 01:29:15,7549.5,43000,7550.0,16027,982599,226358,756241,26973
1900-01-01 01:29:30,7563.0,146332,7563.5,265877,1295170,142847,1152323,-119545
1900-01-01 01:29:45,7569.5,1863187,7570.0,23422,833154,502613,330541,1839765
1900-01-01 01:30:00,7577.0,108265,7577.5,17525,3835691,40444,3795247,90740
1900-01-01 01:30:15,7592.0,6218,7598.0,460808,3522850,382612,3140238,-454590
1900-01-01 01:30:30,7599.5,58504,7600.0,215927,2764815,829099,1935716,-157423
1900-01-01 01:30:45,7615.5,83066,7616.0,36152,4724577,238792,4485785,46914
1900-01-01 01:31:00,7600.0,514018,7600.5,14193,2106162,1096293,1009869,499825
1900-01-01 01:31:15,7588.0,29153,7588.5,482791,486437,1445203,-958766,-453638
1900-01-01 01:31:30,7589.0,27998,7589.5,3796,396756,795922,-399166,24202
1900-01-01 01:31:45,7602.0,79201,7602.5,307635,1586034,439088,1146946,-228434
1900-01-01 01:32:00,7600.5,72230,7601.0,216122,660022,603224,56798,-143892
1900-01-01 01:32:15,7608.5,14608,7609.0,58021,1031745,540792,490953,-43413
1900-01-01 01:32:30,7614.0,253435,7614.5,323958,1706586,306366,1400220,-70523
1900-01-01 01:32:45,7625.0,1236066,7625.5,234486,2194878,358125,1836753,1001580
1900-01-01 01:33:00,7629.5,88802,7630.0,465290,1658748,1955046,-296298,-376488
1900-01-01 01:33:15,7637.0,75234,7638.5,5906,961631,928391,33240,69328
1900-01-01 01:33:30,7640.5,86251,7641.0,70519,1522868,1163610,359258,15732
1900-01-01 01:33:45,7640.0,115901,7640.5,89245,802911,1706961,-904050,26656
1900-01-01 01:34:00,7617.0,6850,7617.5,74775,185124,1081893,-896769,-67925
1900-01-01 01:34:15,7610.0,1010,7612.0,84400,654041,1134704,-480663,-83390
1900-01-01 01:34:30,7585.0,56574,7585.5,154581,330528,2507068,-2176540,-98007
1900-01-01 01:34:45,7600.0,205823,7600.5,10528,807412,6030366,-5222954,195295
1900-01-01 01:35:00,7620.5,159820,7621.0,164179,955319,378208,577111,-4359
1900-01-01 01:35:15,7623.0,9545,7623.5,339496,1215162,685162,530000,-329951
1900-01-01 01:35:30,7622.5,18998,7623.0,109251,581307,601085,-19778,-90253
1900-01-01 01:35:45,7623.5,12817,7624.0,244824,733347,269498,463849,-232007
1900-01-01 01:36:00,7623.5,276968,7624.0,490717,407596,719029,-311433,-213749
1900-01-01 01:36:15,7629.0,338223,7629.5,43787,828976,279966,549010,294436
1900-01-01 01:36:30,7643.0,214099,7643.5,54615,435489,185598,249891,159484
1900-01-01 01:36:45,7633.0,69570,7637.0,1198084,631970,500123,131847,-1128514
1900-01-01 01:37:00,7621.0,41570,7621.5,921557,467053,922456,-455403,-879987
1900-01-01 01:37:15,7610.5,466321,7611.0,71798,334312,1086527,-752215,394523
1900-01-01 01:37:30,7582.0,127491,7593.5,30037,156179,1478533,-1322354,97454
1900-01-01 01:37:45,7597.5,6000,7598.0,22148,467572,1094620,-627048,-16148
1900-01-01 01:38:00,7599.5,765092,7600.0,15009,407140,374204,32936,750083
1900-01-01 01:38:15,7598.0,2170,7598.5,434738,181800,291364,-109564,-432568
1900-01-01 01:38:30,7591.0,227649,7591.5,88321,138953,713975,-575022,139328
1900-01-01 01:38:45,7576.5,86087,7577.0,11596,150580,787891,-637311,74491
1900-01-01 01:39:00,7577.5,284452,7578.0,19800,284360,1497291,-1212931,264652
1900-01-01 01:39:15,7565.0,274514,7565.5,283775,306799,3831618,-3524819,-9261
1900-01-01 01:39:30,7571.0,9749,7571.5,16062,1034836,1101243,-66407,-6313
1900-01-01 01:39:45,7578.5,235648,7579.0,32949,531784,336075,195709,202699
1900-01-01 01:40:00,7587.5,2196769,7588.0,38511,909954,502392,407562,2158258
1900-01-01 01:40:15,7590.0,154169,7590.5,5391,1431664,596375,835289,148778
1900-01-01 01:40:30,7581.5,17215,7582.0,54000,523344,673162,-149818,-36785
1900-01-01 01:40:45,7580.0,297071,7580.5,461853,195532,239308,-43776,-164782
1900-01-01 01:41:00,7570.5,456203,7571.0,247905,625356,429364,195992,208298
1900-01-01 01:41:15,7587.0,45947,7587.5,16493,1030025,121196,908829,29454
1900-01-01 01:41:30,7588.5,145976,7589.0,64938,478007,290810,187197,81038
1900-01-01 01:41:45,7596.0,50026,7596.5,349480,170594,201649,-31055,-299454
1900-01-01 01:42:00,7585.0,1328879,7585.5,82979,77216,467555,-390339,1245900
1900-01-01 01:42:15,7579.5,61318,7580.0,294706,135688,1544640,-1408952,-233388
1900-01-01 01:42:30,7587.5,703874,7588.0,101331,285372,111899,173473,602543
1900-01-01 01:42:45,7573.5,1152964,7574.0,75000,65859,611731,-545872,1077964
1900-01-01 01:43:00,7583.5,67126,7584.0,447027,350064,64732,285332,-379901
1900-01-01 01:43:15,7580.0,102981,7580.5,631496,100430,504811,-404381,-528515
1900-01-01 01:43:30,7580.0,261691,7580.5,308156,242803,309862,-67059,-46465
1900-01-01 01:43:45,7575.5,6633,7576.5,4386,82667,1255833,-1173166,2247
1900-01-01 01:44:00,7571.5,16440,7572.0,8025,193743,952635,-758892,8415
1900-01-01 01:44:15,7569.5,20,7570.0,152452,509724,1386362,-876638,-152432
1900-01-01 01:44:30,7579.5,165240,7580.0,149255,335789,302903,32886,15985
1900-01-01 01:44:45,7566.5,812299,7567.0,29841,137333,1064060,-926727,782458
1900-01-01 01:45:00,7566.5,436442,7567.0,211674,414946,118019,296927,224768
1900-01-01 01:45:15,7561.0,18770,7561.5,87228,92217,488747,-396530,-68458
1900-01-01 01:45:30,7555.0,90434,7555.5,134550,52529,328822,-276293,-44116
1900-01-01 01:45:45,7558.5,176257,7559.0,41534,1407997,608679,799318,134723
1900-01-01 01:46:00,7572.5,11172,7573.0,903788,762580,476758,285822,-892616
1900-01-01 01:46:15,7567.5,15706,7568.0,648422,50342,1540788,-1490446,-632716
1900-01-01 01:46:30,7579.5,1348446,7580.0,204607,523074,77335,445739,1143839
1900-01-01 01:46:45,7579.5,150919,7580.0,495693,501225,373447,127778,-344774
1900-01-01 01:47:00,7590.0,679315,7590.5,16412,399653,156363,243290,662903
1900-01-01 01:47:15,7589.5,1047468,7590.0,5455,317441,246137,71304,1042013
1900-01-01 01:47:30,7602.0,105512,7602.5,460480,946215,466096,480119,-354968
1900-01-01 01:47:45,7599.5,348809,7600.0,1497219,1069802,751849,317953,-1148410
1900-01-01 01:48:00,7614.0,78000,7615.0,1435055,894455,601263,293192,-1357055
1900-01-01 01:48:15,7606.0,101960,7606.5,33858,1063560,941585,121975,68102
1900-01-01 01:48:30,7602.0,368138,7602.5,2321,352966,538096,-185130,365817
1900-01-01 01:48:45,7602.5,129046,7603.0,116131,203445,288586,-85141,12915
1900-01-01 01:49:00,7609.5,219571,7610.0,411285,796812,203196,593616,-191714
1900-01-01 01:49:15,7605.0,616960,7605.5,125500,132517,295610,-163093,491460
1900-01-01 01:49:30,7596.5,121444,7597.0,405183,86970,745204,-658234,-283739
1900-01-01 01:49:45,7597.5,666471,7598.0,488913,253168,285894,-32726,177558
1900-01-01 01:50:00,7604.5,307754,7605.0,390240,631040,133858,497182,-82486
1900-01-01 01:50:15,7608.5,572939,7609.0,123625,127186,149332,-22146,449314
1900-01-01 01:50:30,7612.0,145590,7612.5,59153,455619,83442,372177,86437
1900-01-01 01:50:45,7621.5,290164,7622.0,13573,2303750,39174,2264576,276591
1900-01-01 01:51:00,7624.0,294374,7626.0,16000,1399488,319942,1079546,278374
1900-01-01 01:51:15,7636.0,43405,7636.5,26362,873778,133233,740545,17043
1900-01-01 01:51:30,7624.0,124173,7624.5,471270,161221,749530,-588309,-347097
1900-01-01 01:51:45,7599.5,275236,7600.0,2464543,1932238,907364,1024874,-2189307
1900-01-01 01:52:00,7590.5,19806,7591.0,47000,3452180,849410,2602770,-27194
1900-01-01 01:52:15,7594.5,971939,7595.0,7678,136127,633771,-497644,964261
1900-01-01 01:52:30,7594.5,99845,7595.0,580418,940965,147745,793220,-480573
1900-01-01 01:52:45,7597.5,596113,7598.0,65725,723647,114550,609097,530388
1900-01-01 01:53:00,7590.0,136267,7590.5,505660,140996,221865,-80869,-369393
1900-01-01 01:53:15,7588.5,58719,7589.0,761466,95416,225807,-130391,-702747
1900-01-01 01:53:30,7588.5,232038,7589.0,354614,309713,439280,-129567,-122576
1900-01-01 01:53:45,7584.5,641150,7585.0,203209,210726,205882,4844,437941
1900-01-01 01:54:00,7586.0,365618,7586.5,297947,383811,45634,338177,67671
1900-01-01 01:54:15,7589.0,382324,7589.5,24026,98432,51068,47364,358298
1900-01-01 01:54:30,7593.0,309008,7593.5,126996,175525,90376,85149,182012
1900-01-01 01:54:45,7591.0,8058,7591.5,463851,174174,262134,-87960,-455793
1900-01-01 01:55:00,7599.0,216371,7599.5,31444,356553,256906,99647,184927
1900-01-01 01:55:15,7600.5,327873,7601.0,5082,1954369,94641,1859728,322791
1900-01-01 01:55:30,7605.5,46760,7606.0,149162,738206,75367,662839,-102402
1900-01-01 01:55:45,7597.5,40,7598.0,27902,397103,360712,36391,-27862
1900-01-01 01:56:00,7591.0,407699,7591.5,7940,57618,253348,-195730,399759
1900-01-01 01:56:15,7586.0,18259,7586.5,442067,43230,156731,-113501,-423808
1900-01-01 01:56:30,7590.0,790570,7590.5,6925,295514,2994436,-2698922,783645
1900-01-01 01:56:45,7593.5,432845,7594.0,224487,158226,126132,32094,208358
1900-01-01 01:57:00,7599.5,52086,7600.0,117369,329749,66482,263267,-65283
1900-01-01 01:57:15,7589.5,363846,7590.0,165,576200,903160,-326960,363681
1900-01-01 01:57:30,7597.0,267792,7597.5,212766,227470,38205,189265,55026
1900-01-01 01:57:45,7593.5,540206,7594.0,5847,311873,416975,-105102,534359
1900-01-01 01:58:00,7600.0,356195,7600.5,23339,172518,29164,143354,332856
1900-01-01 01:58:15,7604.5,214300,7605.0,37883,160817,79321,81496,176417
1900-01-01 01:58:30,7612.0,180178,7612.5,110564,368475,58227,310248,69614
1900-01-01 01:58:45,7603.5,345564,7604.0,122009,239594,272912,-33318,223555
1900-01-01 01:59:00,7610.5,309665,7611.0,19043,203042,63012,140030,290622
1900-01-01 01:59:15,7607.0,485232,7607.5,225131,27485,236129,-208644,260101
1900-01-01 01:59:30,7604.0,557209,7604.5,341259,420559,261348,159211,215950
1900-01-01 01:59:45,7604.5,339943,7605.0,104273,113256,34844,78412,235670
1900-01-01 02:00:00,7604.5,921594,7605.0,25409,44663,339559,-294896,896185
1900-01-01 02:00:15,7623.5,14877,7624.0,36000,1280592,173942,1106650,-21123
1900-01-01 02:00:30,7624.5,10000,7630.0,41845,1684689,1020541,664148,-31845
1900-01-01 02:00:45,7629.5,199885,7630.0,42446,730539,80014,650525,157439
1900-01-01 02:01:00,7626.5,302053,7627.0,10000,423377,587425,-164048,292053
1900-01-01 02:01:15,7634.5,308077,7635.0,250935,1061316,203022,858294,57142
1900-01-01 02:01:30,7630.5,552042,7631.0,80972,214029,239510,-25481,471070
1900-01-01 02:01:45,7627.5,361987,7628.0,14071,645740,700894,-55154,347916
1900-01-01 02:02:00,7633.0,324671,7633.5,132764,704774,353404,351370,191907
1900-01-01 02:02:15,7622.5,897,7623.0,180101,86652,767744,-681092,-179204
1900-01-01 02:02:30,7612.5,298128,7613.0,163057,109929,713694,-603765,135071
1900-01-01 02:02:45,7620.0,678128,7620.5,213194,396096,118555,277541,464934
1900-01-01 02:03:00,7616.0,375111,7616.5,226727,312957,98890,214067,148384
1900-01-01 02:03:15,7618.0,469885,7618.5,158325,118275,85266,33009,311560
1900-01-01 02:03:30,7620.0,627710,7620.5,24205,157400,265171,-107771,603505
1900-01-01 02:03:45,7622.0,575571,7622.5,306749,188752,169834,18918,268822
1900-01-01 02:04:00,7625.5,461525,7626.0,11216,201327,117050,84277,450309
1900-01-01 02:04:15,7627.5,165017,7628.0,347802,64909,28521,36388,-182785
1900-01-01 02:04:30,7629.5,480596,7630.0,127824,286898,84862,202036,352772
1900-01-01 02:04:45,7638.5,56820,7639.0,156819,1151696,128690,1023006,-99999
1900-01-01 02:05:00,7644.5,374272,7645.0,8,2843297,48626,2794671,374264
1900-01-01 02:05:15,7653.5,501140,7654.0,813207,5769753,206602,5563151,-312067
1900-01-01 02:05:30,7677.0,8000,7677.5,165005,7984450,292044,7692406,-157005
1900-01-01 02:05:45,7730.0,2375,7765.5,19450,6842136,391944,6450192,-17075
1900-01-01 02:06:00,7753.5,1805949,7754.0,22016,3482386,1563808,1918578,1783933
1900-01-01 02:06:15,7729.0,9539,7730.0,48000,3040423,3244839,-204416,-38461
1900-01-01 02:06:30,7759.5,9679,7760.0,17963,1281378,1964171,-682793,-8284
1900-01-01 02:06:45,7763.5,200000,7764.0,10600,1930464,947374,983090,189400
1900-01-01 02:07:00,7771.0,41525,7771.5,101210,4038452,2625340,1413112,-59685
1900-01-01 02:07:15,7783.5,51159,7784.0,70136,3213657,517082,2696575,-18977
1900-01-01 02:07:30,7765.5,4093,7767.0,9439,640145,932255,-292110,-5346
1900-01-01 02:07:45,7760.5,64531,7763.5,6000,898567,727211,171356,58531
1900-01-01 02:08:00,7749.0,500490,7749.5,788553,345280,1143443,-798163,-288063
1900-01-01 02:08:15,7734.5,5000,7736.0,4200,552096,2221462,-1669366,800
1900-01-01 02:08:30,7743.0,89381,7743.5,6513,956269,1380225,-423956,82868
1900-01-01 02:08:45,7749.5,218259,7750.5,146,1375070,382691,992379,218113
1900-01-01 02:09:00,7753.0,53990,7753.5,43237,637868,704041,-66173,10753
1900-01-01 02:09:15,7760.0,51205,7760.5,71044,416063,990699,-574636,-19839
1900-01-01 02:09:30,7769.5,48992,7770.0,130236,1297722,289501,1008221,-81244
1900-01-01 02:09:45,7770.0,747014,7770.5,50,791920,684035,107885,746964
1900-01-01 02:10:00,7780.0,199681,7780.5,1000,1486514,105202,1381312,198681
1900-01-01 02:10:15,7786.5,46646,7787.0,16968,3906759,549256,3357503,29678
1900-01-01 02:10:30,7789.0,253134,7789.5,26130,1736435,4355780,-2619345,227004
1900-01-01 02:10:45,7790.5,20602,7791.0,186655,851664,395993,455671,-166053
1900-01-01 02:11:00,7771.0,2009,7771.5,32865,451149,1785090,-1333941,-30856
1900-01-01 02:11:15,7760.0,161973,7760.5,81735,206525,1086275,-879750,80238
1900-01-01 02:11:30,7751.0,264398,7751.5,86931,98384,1682591,-1584207,177467
1900-01-01 02:11:45,7767.0,181977,7767.5,757867,710192,500918,209274,-575890
1900-01-01 02:12:00,7757.5,4987,7758.0,29200,846400,914973,-68573,-24213
1900-01-01 02:12:15,7745.5,396824,7746.0,15853,133048,774961,-641913,380971
1900-01-01 02:12:30,7748.5,24072,7749.0,32245,404435,429030,-24595,-8173
1900-01-01 02:12:45,7735.5,370468,7736.0,471030,113757,694417,-580660,-100562
1900-01-01 02:13:00,7744.0,518,7757.5,3008,3534847,351394,3183453,-2490
1900-01-01 02:13:15,7768.0,11319,7768.5,4200,853089,273852,579237,7119
1900-01-01 02:13:30,7763.0,15751,7763.5,63725,504322,262488,241834,-47974
1900-01-01 02:13:45,7771.0,237521,7771.5,105226,607840,608483,-643,132295
1900-01-01 02:14:00,7782.5,6310,7783.0,8000,1199882,409610,790272,-1690
1900-01-01 02:14:15,7817.0,3062,7818.0,50543,2767537,530487,2237050,-47481
1900-01-01 02:14:30,7835.5,1663557,7836.0,26700,2787520,1568629,1218891,1636857
1900-01-01 02:14:45,7827.0,584467,7827.5,33762,3087931,2914623,173308,550705
1900-01-01 02:15:00,7830.5,276697,7831.0,149720,848542,359377,489165,126977
1900-01-01 02:15:15,7834.0,30000,7834.5,1103219,1861603,357422,1504181,-1073219
1900-01-01 02:15:30,7808.0,22808,7808.5,434108,141937,933065,-791128,-411300
1900-01-01 02:15:45,7800.0,269978,7803.0,854857,740026,1162569,-422543,-584879
1900-01-01 02:16:00,7780.0,623515,7780.5,147485,549223,1186045,-636822,476030
1900-01-01 02:16:15,7798.0,115868,7798.5,795044,892805,996239,-103434,-679176
1900-01-01 02:16:30,7785.0,59560,7785.5,286,671558,1056143,-384585,59274
1900-01-01 02:16:45,7782.0,30370,7782.5,919405,646655,455378,191277,-889035
1900-01-01 02:17:00,7787.5,12806,7788.0,575924,297568,916984,-619416,-563118
1900-01-01 02:17:15,7777.0,367814,7777.5,231712,228433,1320283,-1091850,136102
1900-01-01 02:17:30,7772.0,256714,7772.5,305304,327235,465899,-138664,-48590
1900-01-01 02:17:45,7768.0,241403,7768.5,538887,70508,2343043,-2272535,-297484
1900-01-01 02:18:00,7771.0,169650,7771.5,26566,133786,1042086,-908300,143084
1900-01-01 02:18:15,7789.0,56676,7790.0,2950,758827,284102,474725,53726
1900-01-01 02:18:30,7800.0,61157,7800.5,10000,2242587,502016,1740571,51157
1900-01-01 02:18:45,7790.5,560784,7791.0,177299,631063,589311,41752,383485
1900-01-01 02:19:00,7781.0,47743,7781.5,387156,441850,162935,278915,-339413
1900-01-01 02:19:15,7781.0,503554,7781.5,9599,112840,172233,-59393,493955
1900-01-01 02:19:30,7777.0,338894,7777.5,112819,337620,675715,-338095,226075
1900-01-01 02:19:45,7775.0,68794,7775.5,312662,11892,529878,-517986,-243868
1900-01-01 02:20:00,7770.0,735422,7770.5,254290,218732,168601,50131,481132
1900-01-01 02:20:15,7763.0,115091,7763.5,430904,489327,510823,-21496,-315813
1900-01-01 02:20:30,7779.5,161651,7780.0,585035,1109850,211266,898584,-423384
1900-01-01 02:20:45,7773.0,220205,7773.5,162568,687185,155205,531980,57637
1900-01-01 02:21:00,7770.0,480278,7770.5,106398,55703,254087,-198384,373880
1900-01-01 02:21:15,7779.5,261379,7780.0,475613,534006,105001,429005,-214234
1900-01-01 02:21:30,7786.5,144892,7787.0,59764,484220,99455,384765,85128
1900-01-01 02:21:45,7787.0,903762,7787.5,11403,603083,118071,485012,892359
1900-01-01 02:22:00,7790.0,1721,7790.5,661425,205135,183374,21761,-659704
1900-01-01 02:22:15,7777.0,45677,7777.5,405745,133258,317867,-184609,-360068
1900-01-01 02:22:30,7778.5,129126,7779.0,23248,53062,267426,-214364,105878
1900-01-01 02:22:45,7776.0,144374,7776.5,513125,201548,406957,-205409,-368751
1900-01-01 02:23:00,7775.5,6351,7776.0,560754,17060,211782,-194722,-554403
1900-01-01 02:23:15,7769.0,172931,7769.5,495597,98914,767197,-668283,-322666
1900-01-01 02:23:30,7776.5,65007,7777.0,448924,157507,106131,51376,-383917
1900-01-01 02:23:45,7773.0,1896,7773.5,57241,94102,110416,-16314,-55345
1900-01-01 02:24:00,7764.0,10232,7764.5,436367,21840,854111,-832271,-426135
1900-01-01 02:24:15,7760.0,59857,7760.5,447165,222924,917134,-694210,-387308
1900-01-01 02:24:30,7756.0,98127,7756.5,577554,155993,156513,-520,-479427
1900-01-01 02:24:45,7750.0,773687,7750.5,469985,80756,1118917,-1038161,303702
1900-01-01 02:25:00,7747.5,60931,7748.5,2710,186398,1814131,-1627733,58221
1900-01-01 02:25:15,7756.5,483869,7757.0,290229,382393,241886,140507,193640
1900-01-01 02:25:30,7762.0,642334,7762.5,309400,639498,74538,564960,332934
1900-01-01 02:25:45,7780.5,289848,7781.0,277785,720636,116378,604258,12063
1900-01-01 02:26:00,7760.0,8394,7760.5,49800,135056,996450,-861394,-41406
1900-01-01 02:26:15,7766.0,212771,7766.5,205587,434819,350761,84058,7184
1900-01-01 02:26:30,7763.0,475594,7763.5,100139,527277,119825,407452,375455
1900-01-01 02:26:45,7770.0,139094,7770.5,678472,87304,21289,66015,-539378
1900-01-01 02:27:00,7771.0,448594,7771.5,91612,280372,482805,-202433,356982
1900-01-01 02:27:15,7770.5,19919,7771.0,732377,45518,83677,-38159,-712458
1900-01-01 02:27:30,7767.0,13288,7767.5,659261,115786,95189,20597,-645973
1900-01-01 02:27:45,7762.5,735,7763.0,657356,14328,820372,-806044,-656621
1900-01-01 02:28:00,7755.0,1114202,7755.5,15192,110769,578696,-467927,1099010
1900-01-01 02:28:15,7761.5,29724,7762.0,244958,464773,240502,224271,-215234
1900-01-01 02:28:30,7765.0,137141,7765.5,444757,78616,61949,16667,-307616
1900-01-01 02:28:45,7764.5,293538,7765.0,283297,131828,129040,2788,10241
1900-01-01 02:29:00,7758.0,655803,7758.5,38817,75346,75830,-484,616986
1900-01-01 02:29:15,7763.5,50,7764.0,24432,344088,94142,249946,-24382
1900-01-01 02:29:30,7761.5,1165475,7762.0,545839,88711,772021,-683310,619636
1900-01-01 02:29:45,7765.0,578743,7765.5,3552473,1674654,185896,1488758,-2973730
1900-01-01 02:30:00,7779.5,1312050,7780.0,93788,486807,126102,360705,1218262
1900-01-01 02:30:15,7789.0,262724,7789.5,243206,730686,102478,628208,19518
1900-01-01 02:30:30,7785.0,219228,7785.5,538001,528626,195624,333002,-318773
1900-01-01 02:30:45,7796.5,513221,7797.0,231646,681533,136292,545241,281575
1900-01-01 02:31:00,7787.0,14337,7787.5,227082,663027,266012,397015,-212745
1900-01-01 02:31:15,7798.5,34000,7799.0,17406,655497,311341,344156,16594
1900-01-01 02:31:30,7811.5,105726,7812.0,344641,2419873,19212,2400661,-238915
1900-01-01 02:31:45,7801.0,14110,7803.5,2000,513906,569115,-55209,12110
1900-01-01 02:32:00,7790.5,506823,7791.0,189169,160879,1154623,-993744,317654
1900-01-01 02:32:15,7794.5,23744,7795.0,241174,547874,534858,13016,-217430
1900-01-01 02:32:30,7796.0,170560,7796.5,196479,552305,354099,198206,-25919
1900-01-01 02:32:45,7804.0,65000,7804.5,183069,261898,81453,180445,-118069
1900-01-01 02:33:00,7796.0,82124,7796.5,305503,658408,595568,62840,-223379
1900-01-01 02:33:15,7799.5,3720,7800.5,615839,70026,82203,-12177,-612119
1900-01-01 02:33:30,7788.0,3059,7788.5,722007,132824,386672,-253848,-718948
1900-01-01 02:33:45,7777.5,239079,7778.5,1685,104094,499982,-395888,237394
1900-01-01 02:34:00,7773.0,58,7773.5,216220,156080,688992,-532912,-216162
1900-01-01 02:34:15,7760.0,306023,7760.5,115403,30066,550636,-520570,190620
1900-01-01 02:34:30,7764.0,80350,7764.5,37003,389400,506801,-117401,43347
1900-01-01 02:34:45,7758.0,399056,7758.5,384602,104168,212060,-107892,14454
1900-01-01 02:35:00,7756.5,167735,7757.0,57239,484710,805364,-320654,110496
1900-01-01 02:35:15,7760.0,450011,7760.5,154859,808843,319567,489276,295152
1900-01-01 02:35:30,7773.0,169236,7773.5,149291,206600,120040,86560,19945
1900-01-01 02:35:45,7769.0,5147,7769.5,57759,374281,177047,197234,-52612
1900-01-01 02:36:00,7767.5,49931,7768.0,442310,32393,99190,-66797,-392379
1900-01-01 02:36:15,7777.0,150000,7778.0,368153,148814,66818,81996,-218153
1900-01-01 02:36:30,7769.0,512509,7769.5,205581,149411,315427,-166016,306928
1900-01-01 02:36:45,7766.0,75109,7766.5,435973,106174,198036,-91862,-360864
1900-01-01 02:37:00,7766.0,727311,7766.5,229883,145483,124415,21068,497428
1900-01-01 02:37:15,7769.0,59722,7769.5,784431,352905,200554,152351,-724709
1900-01-01 02:37:30,7772.0,33499,7772.5,15509,104548,102902,1646,17990
1900-01-01 02:37:45,7788.0,35932,7788.5,662,692973,94826,598147,35270
1900-01-01 02:38:00,7783.0,5119,7783.5,113632,750856,210825,540031,-108513
1900-01-01 02:38:15,7776.5,585388,7777.0,5000,138154,338293,-200139,580388
1900-01-01 02:38:30,7784.5,243291,7785.0,19260,721730,55943,665787,224031
1900-01-01 02:38:45,7786.0,759211,7786.5,30,216420,150800,65620,759181
1900-01-01 02:39:00,7792.0,114326,7792.5,486643,310191,46192,263999,-372317
1900-01-01 02:39:15,7796.5,397620,7798.0,82753,317679,168309,149370,314867
1900-01-01 02:39:30,7800.0,277067,7800.5,598253,555216,272784,282432,-321186
1900-01-01 02:39:45,7798.0,25794,7798.5,555980,245693,1073137,-827444,-530186
1900-01-01 02:40:00,7797.0,114084,7797.5,29658,79515,238237,-158722,84426
1900-01-01 02:40:15,7784.5,314122,7785.0,449798,107906,178433,-70527,-135676
1900-01-01 02:40:30,7782.0,524,7782.5,134275,117968,554676,-436708,-133751
1900-01-01 02:40:45,7783.0,644202,7783.5,1230,470373,24038,446335,642972
1900-01-01 02:41:00,7784.5,709736,7785.0,77506,96580,40338,56242,632230
1900-01-01 02:41:15,7795.5,432699,7796.0,101388,427589,66609,360980,331311
1900-01-01 02:41:30,7810.5,109586,7811.0,142201,2589541,209785,2379756,-32615
1900-01-01 02:41:45,7811.5,5736,7812.0,362318,449695,175593,274102,-356582
1900-01-01 02:42:00,7811.5,525513,7812.0,49579,270825,212879,57946,475934
1900-01-01 02:42:15,7819.5,424252,7820.0,73976,1179265,233017,946248,350276
1900-01-01 02:42:30,7820.0,532836,7820.5,31397,395255,313587,81668,501439
1900-01-01 02:42:45,7814.5,38584,7815.0,58662,411256,179720,231536,-20078
1900-01-01 02:43:00,7815.0,10143,7815.5,546636,499501,553547,-54046,-536493
1900-01-01 02:43:15,7806.5,704689,7807.0,158615,42109,787572,-745463,546074
1900-01-01 02:43:30,7804.5,41877,7805.0,138563,197151,643803,-446652,-96686
1900-01-01 02:43:45,7796.0,531571,7796.5,6570,226381,760555,-534174,525001
1900-01-01 02:44:00,7792.5,228850,7793.0,153888,140021,371876,-231855,74962
1900-01-01 02:44:15,7790.0,319210,7790.5,1775,57443,169213,-111770,317435
1900-01-01 02:44:30,7789.5,319760,7790.0,211802,77363,110169,-32806,107958
1900-01-01 02:44:45,7789.5,168301,7790.0,125356,144702,114952,29750,42945
1900-01-01 02:45:00,7788.0,33634,7788.5,145368,147469,110162,37307,-111734
1900-01-01 02:45:15,7785.0,215686,7785.5,460747,120676,419115,-298439,-245061
1900-01-01 02:45:30,7784.0,18061,7784.5,752939,30582,117957,-87375,-734878
1900-01-01 02:45:45,7766.0,183966,7766.5,54939,43322,1190380,-1147058,129027
1900-01-01 02:46:00,7776.0,557472,7776.5,271178,212410,157098,55312,286294
1900-01-01 02:46:15,7778.5,114874,7779.0,136405,251000,341306,-90306,-21531
1900-01-01 02:46:30,7778.5,72124,7779.0,331194,540646,154767,385879,-259070
1900-01-01 02:46:45,7781.5,89116,7782.0,416393,152888,416187,-263299,-327277
1900-01-01 02:47:00,7777.0,139808,7777.5,314737,22671,38259,-15588,-174929
1900-01-01 02:47:15,7774.0,15183,7774.5,261279,143036,151769,-8733,-246096
1900-01-01 02:47:30,7773.5,13975,7774.0,398740,98978,208259,-109281,-384765
1900-01-01 02:47:45,7775.0,176589,7775.5,7096,235835,256495,-20660,169493
1900-01-01 02:48:00,7775.0,868740,7775.5,9096,95975,170738,-74763,859644
1900-01-01 02:48:15,7774.0,149092,7774.5,640022,133690,674474,-540784,-490930
1900-01-01 02:48:30,7782.0,474261,7782.5,4648,373484,115454,258030,469613
1900-01-01 02:48:45,7785.5,36028,7786.0,904873,178757,86160,92597,-868845
1900-01-01 02:49:00,7778.5,25000,7779.0,15332,40298,381982,-341684,9668
1900-01-01 02:49:15,7771.0,600528,7771.5,20813,24395,153401,-129006,579715
1900-01-01 02:49:30,7780.0,579610,7780.5,306952,66987,156294,-89307,272658
1900-01-01 02:49:45,7780.0,487086,7780.5,508833,8870,46200,-37330,-21747
1900-01-01 02:50:00,7777.0,60390,7777.5,378950,47556,182263,-134707,-318560
1900-01-01 02:50:15,7774.5,153769,7775.0,242126,186986,102839,84147,-88357
1900-01-01 02:50:30,7765.0,740270,7765.5,326222,148178,232045,-83867,414048
1900-01-01 02:50:45,7771.5,104482,7772.0,21718,356014,905860,-549846,82764
1900-01-01 02:51:00,7763.5,7725,7764.0,1319,173795,158572,15223,6406
1900-01-01 02:51:15,7767.5,128837,7768.0,406393,248534,95244,153290,-277556
1900-01-01 02:51:30,7765.5,4350,7766.0,682960,150546,65045,85501,-678610
1900-01-01 02:51:45,7761.5,461931,7762.0,239198,12230,180857,-168627,222733
1900-01-01 02:52:00,7760.0,467171,7760.5,220388,78437,408960,-330523,246783
1900-01-01 02:52:15,7759.5,85116,7760.0,661589,184462,324407,-139945,-576473
1900-01-01 02:52:30,7757.0,537728,7757.5,370077,39916,386502,-346586,167651
1900-01-01 02:52:45,7768.0,302,7768.5,517331,310857,73202,237655,-517029
1900-01-01 02:53:00,7765.5,908512,7766.0,6220,340675,41661,299014,902292
1900-01-01 02:53:15,7776.0,123136,7776.5,13792,2125518,24185,2101333,109344
1900-01-01 02:53:30,7772.5,106046,7773.0,439259,114181,167876,-53695,-333213
1900-01-01 02:53:45,7776.5,505142,7777.0,146050,236390,83198,153192,359092
1900-01-01 02:54:00,7765.0,822228,7765.5,43773,90637,137513,-46876,778455
1900-01-01 02:54:15,7765.0,70552,7765.5,166355,13478,63721,-50243,-95803
1900-01-01 02:54:30,7767.0,622739,7767.5,46717,26958,42374,-15416,576022
1900-01-01 02:54:45,7767.5,585638,7768.0,64624,57366,52746,4620,521014
1900-01-01 02:55:00,7767.5,320426,7768.0,78764,63661,48335,15326,241662
1900-01-01 02:55:15,7760.5,58835,7761.0,248803,24720,512544,-487824,-189968
1900-01-01 02:55:30,7760.0,527901,7760.5,47361,50336,249485,-199149,480540
1900-01-01 02:55:45,7758.0,44927,7758.5,301883,16763,104571,-87808,-256956
1900-01-01 02:56:00,7756.5,284420,7757.0,344723,38001,254148,-216147,-60303
1900-01-01 02:56:15,7760.0,710678,7760.5,546240,105220,1729912,-1624692,164438
1900-01-01 02:56:30,7760.0,980188,7760.5,126110,548802,812143,-263341,854078
1900-01-01 02:56:45,7759.0,344167,7759.5,160720,281574,55284,226290,183447
1900-01-01 02:57:00,7759.0,369289,7759.5,232080,103333,32494,70839,137209
1900-01-01 02:57:15,7759.0,153864,7759.5,427946,28038,246079,-218041,-274082
1900-01-01 02:57:30,7752.5,82316,7753.0,174852,34330,116237,-81907,-92536
1900-01-01 02:57:45,7752.5,10370,7753.0,201726,31680,191821,-160141,-191356
1900-01-01 02:58:00,7750.0,2419628,7750.5,165083,52084,1302981,-1250897,2254545
1900-01-01 02:58:15,7740.0,166797,7740.5,840677,60665,3213636,-3152971,-673880
1900-01-01 02:58:30,7749.5,487113,7750.0,369627,1656106,798518,857588,117486
1900-01-01 02:58:45,7744.0,358830,7744.5,442533,1344216,638464,705752,-83703
1900-01-01 02:59:00,7752.5,47163,7753.0,449392,465032,243146,221886,-402229
1900-01-01 02:59:15,7745.0,461711,7745.5,33866,104969,972054,-867085,427845
1900-01-01 02:59:30,7738.0,95987,7738.5,482366,52169,811423,-759254,-386379
1900-01-01 02:59:45,7715.5,34637,7716.0,8500,225104,1949848,-1724744,26137
1900-01-01 03:00:00,7705.5,268878,7713.0,2863,278254,2017080,-1738826,266015
1900-01-01 03:00:15,7721.0,169439,7721.5,83334,355283,2380178,-2024895,86105
1900-01-01 03:00:30,7735.5,52136,7736.0,5254,741508,247955,493553,46882
1900-01-01 03:00:45,7751.0,10000,7752.0,730386,574880,91677,483203,-720386
1900-01-01 03:01:00,7749.5,508386,7750.0,56585,503887,639375,-135488,451801
1900-01-01 03:01:15,7749.0,11998,7749.5,331916,514236,657218,-142982,-319918
1900-01-01 03:01:30,7749.0,882799,7749.5,813841,1153135,478909,674226,68958
1900-01-01 03:01:45,7752.0,261150,7752.5,44660,771860,140538,631322,216490
1900-01-01 03:02:00,7763.5,534912,7764.0,166633,1653841,51229,1602612,368279
1900-01-01 03:02:15,7767.0,8000,7767.5,270006,608831,144983,463848,-262006
1900-01-01 03:02:30,7767.5,69532,7768.0,623681,754810,263668,491142,-554149
1900-01-01 03:02:45,7771.5,618417,7772.0,89730,471159,142614,328545,528687
1900-01-01 03:03:00,7767.5,183092,7768.0,278649,611800,59072,552728,-95557
1900-01-01 03:03:15,7767.0,110790,7767.5,580940,621314,134787,486527,-470150
1900-01-01 03:03:30,7755.5,629797,7756.0,255115,47100,882517,-835417,374682
1900-01-01 03:03:45,7761.0,93560,7761.5,389453,547548,110509,437039,-295893
1900-01-01 03:04:00,7761.0,831902,7761.5,56992,50010,97506,-47496,774910
1900-01-01 03:04:15,7761.5,662134,7762.0,260477,97593,32512,65081,401657
1900-01-01 03:04:30,7761.5,303389,7762.0,635564,250767,61786,188981,-332175
1900-01-01 03:04:45,7761.5,1010462,7762.0,322952,57194,29560,27634,687510
1900-01-01 03:05:00,7767.5,778918,7768.0,439986,235089,22302,212787,338932
1900-01-01 03:05:15,7773.5,396272,7774.0,66579,316756,34778,281978,329693
1900-01-01 03:05:30,7777.5,599145,7778.0,18815,744872,14042,730830,580330
1900-01-01 03:05:45,7777.5,750004,7778.0,181954,247186,216508,30678,568050
1900-01-01 03:06:00,7777.5,338077,7778.0,208500,80665,428072,-347407,129577
1900-01-01 03:06:15,7775.5,442035,7776.0,173273,22007,154216,-132209,268762
1900-01-01 03:06:30,7775.5,530127,7776.0,151544,48415,435399,-386984,378583
1900-01-01 03:06:45,7785.0,410016,7785.5,9636,511618,41354,470264,400380
1900-01-01 03:07:00,7785.5,273390,7786.0,714838,443669,146070,297599,-441448
1900-01-01 03:07:15,7779.5,2765,7780.0,463043,368239,184329,183910,-460278
1900-01-01 03:07:30,7780.5,4810,7781.0,208392,328219,257681,70538,-203582
1900-01-01 03:07:45,7779.5,173495,7780.0,326685,154713,82290,72423,-153190
1900-01-01 03:08:00,7779.0,109846,7779.5,425257,50830,157014,-106184,-315411
1900-01-01 03:08:15,7777.0,56400,7777.5,445278,43611,392606,-348995,-388878
1900-01-01 03:08:30,7771.5,619544,7772.0,291921,125289,260829,-135540,327623
1900-01-01 03:08:45,7771.0,1207,7771.5,994220,138086,235490,-97404,-993013
1900-01-01 03:09:00,7775.0,2378766,7775.5,617938,19090,372076,-352986,1760828
1900-01-01 03:09:15,7767.0,48892,7767.5,143910,174905,140715,34190,-95018
1900-01-01 03:09:30,7773.5,103898,7774.0,401489,67578,45312,22266,-297591
1900-01-01 03:09:45,7767.5,129966,7768.0,423019,23422,95192,-71770,-293053
1900-01-01 03:10:00,7771.5,530124,7772.0,151549,101723,24314,77409,378575
1900-01-01 03:10:15,7771.5,395736,7772.0,1274,233358,3223,230135,394462
1900-01-01 03:10:30,7778.0,123391,7778.5,941808,189499,40968,148531,-818417
1900-01-01 03:10:45,7774.5,323060,7775.0,474793,15553,167152,-151599,-151733
1900-01-01 03:11:00,7772.5,150753,7773.0,530982,124780,82002,42778,-380229
1900-01-01 03:11:15,7772.5,26263,7773.0,523488,117,77879,-77762,-497225
1900-01-01 03:11:30,7770.5,394731,7771.0,127467,22214,18750,3464,267264
1900-01-01 03:11:45,7769.5,8515,7770.0,489415,17060,310218,-293158,-480900
1900-01-01 03:12:00,7769.5,316828,7770.0,193004,37118,35116,2002,123824
1900-01-01 03:12:15,7776.5,565314,7777.0,50238,16196,32775,-16579,515076
1900-01-01 03:12:30,7780.0,572585,7780.5,323467,307401,36245,271156,249118
1900-01-01 03:12:45,7780.0,657074,7780.5,153967,230078,58644,171434,503107
1900-01-01 03:13:00,7785.0,885216,7785.5,35521,227317,74031,153286,849695
1900-01-01 03:13:15,7782.5,7110,7783.0,270095,132467,74986,57481,-262985
1900-01-01 03:13:30,7782.0,619293,7782.5,46022,57278,181361,-124083,573271
1900-01-01 03:13:45,7785.5,359529,7786.0,229766,243612,22176,221436,129763
1900-01-01 03:14:00,7785.0,62852,7785.5,501875,57271,39321,17950,-439023
1900-01-01 03:14:15,7782.5,364760,7783.0,469547,50963,98056,-47093,-104787
1900-01-01 03:14:30,7776.0,377768,7776.5,331569,185154,450150,-264996,46199
1900-01-01 03:14:45,7780.5,67960,7781.0,380899,86357,56010,30347,-312939
1900-01-01 03:15:00,7782.5,398857,7783.0,39970,144612,38719,105893,358887
1900-01-01 03:15:15,7784.5,451621,7785.0,103650,501972,15903,486069,347971
1900-01-01 03:15:30,7785.5,1071150,7786.0,109592,227190,5888,221302,961558
1900-01-01 03:15:45,7794.5,460473,7795.0,52011,1530300,12966,1517334,408462
1900-01-01 03:16:00,7799.5,1021471,7800.0,318240,718573,195543,523030,703231
1900-01-01 03:16:15,7806.5,13748,7807.0,16772,590460,119549,470911,-3024
1900-01-01 03:16:30,7801.5,1025274,7802.0,73682,329564,385723,-56159,951592
1900-01-01 03:16:45,7806.5,28541,7807.0,383222,221408,366614,-145206,-354681
1900-01-01 03:17:00,7811.0,562549,7811.5,30271,348545,292985,55560,532278
1900-01-01 03:17:15,7811.0,1034622,7811.5,278449,390995,58630,332365,756173
1900-01-01 03:17:30,7814.0,155098,7814.5,583536,314692,257791,56901,-428438
1900-01-01 03:17:45,7807.0,19841,7807.5,744535,159100,348203,-189103,-724694
1900-01-01 03:18:00,7802.0,711380,7802.5,28798,100342,581783,-481441,682582
1900-01-01 03:18:15,7799.5,683760,7800.0,48247,272375,304404,-32029,635513
1900-01-01 03:18:30,7802.0,525456,7802.5,1365,152638,329927,-177289,524091
1900-01-01 03:18:45,7797.0,411868,7797.5,94891,149857,138294,11563,316977
1900-01-01 03:19:00,7802.5,182726,7803.0,381654,60554,83129,-22575,-198928
1900-01-01 03:19:15,7799.5,269762,7800.0,1693848,316963,81404,235559,-1424086
1900-01-01 03:19:30,7801.0,383138,7801.5,94585,279929,60051,219878,288553
1900-01-01 03:19:45,7798.5,41710,7799.0,237030,81322,135012,-53690,-195320
1900-01-01 03:20:00,7793.5,387762,7794.0,42367,16523,221893,-205370,345395
1900-01-01 03:20:15,7793.5,87114,7794.0,263457,37015,80543,-43528,-176343
1900-01-01 03:20:30,7791.5,46613,7792.0,258134,166545,423977,-257432,-211521
1900-01-01 03:20:45,7790.5,10661,7791.0,434921,88542,412565,-324023,-424260
1900-01-01 03:21:00,7786.0,324678,7786.5,193361,186128,305376,-119248,131317
1900-01-01 03:21:15,7789.5,406415,7790.0,186149,113454,165921,-52467,220266
1900-01-01 03:21:30,7799.5,129472,7800.0,428220,190002,29507,160495,-298748
1900-01-01 03:21:45,7799.5,137755,7800.0,651597,31325,19613,11712,-513842
1900-01-01 03:22:00,7804.5,225266,7805.0,180701,222043,7220,214823,44565
1900-01-01 03:22:15,7804.5,54831,7805.0,182024,289492,20554,268938,-127193
1900-01-01 03:22:30,7803.5,465261,7804.0,137029,82438,34986,47452,328232
1900-01-01 03:22:45,7801.0,434424,7801.5,183539,36337,21008,15329,250885
1900-01-01 03:23:00,7803.0,493409,7803.5,76413,233646,142871,90775,416996
1900-01-01 03:23:15,7821.5,93957,7822.0,22708,384166,36785,347381,71249
1900-01-01 03:23:30,7829.5,53689,7830.0,34911,532201,84134,448067,18778
1900-01-01 03:23:45,7818.0,47689,7818.5,150211,875120,451734,423386,-102522
1900-01-01 03:24:00,7826.0,1226334,7826.5,71333,984096,181174,802922,1155001
1900-01-01 03:24:15,7841.0,136503,7841.5,119,1252678,381234,871444,136384
1900-01-01 03:24:30,7863.0,2232547,7864.0,2698,4405973,601507,3804466,2229849
1900-01-01 03:24:45,7863.5,3027,7864.0,9794,2348609,4014126,-1665517,-6767
1900-01-01 03:25:00,7849.5,8000,7850.0,520149,4682288,54065,4628223,-512149
1900-01-01 03:25:15,7864.0,30,7864.5,278833,2106534,472395,1634139,-278803
1900-01-01 03:25:30,7867.5,457968,7868.0,74229,1413106,439617,973489,383739
1900-01-01 03:25:45,7871.5,3811,7872.0,36976,517811,297330,220481,-33165
1900-01-01 03:26:00,7871.5,490607,7872.0,377890,404832,351056,53776,112717
1900-01-01 03:26:15,7852.5,14383,7853.0,25840,154868,1287330,-1132462,-11457
1900-01-01 03:26:30,7867.0,179010,7867.5,51987,521770,1023287,-501517,127023
1900-01-01 03:26:45,7856.0,1354600,7856.5,167959,229264,502590,-273326,1186641
1900-01-01 03:27:00,7860.0,174723,7860.5,13000,812174,254386,557788,161723
1900-01-01 03:27:15,7856.5,130623,7857.0,166481,99339,573108,-473769,-35858
1900-01-01 03:27:30,7857.0,171124,7857.5,231241,522324,465938,56386,-60117
1900-01-01 03:27:45,7857.0,339939,7857.5,153673,244324,86044,158280,186266
1900-01-01 03:28:00,7857.0,707194,7857.5,234420,28570,612126,-583556,472774
1900-01-01 03:28:15,7862.5,296771,7863.0,1198333,420826,208081,212745,-901562
1900-01-01 03:28:30,7869.5,1259657,7870.0,491475,915889,143212,772677,768182
1900-01-01 03:28:45,7869.0,687655,7869.5,406743,1187815,574686,613129,280912
1900-01-01 03:29:00,7870.5,1153744,7871.0,343843,1252732,156168,1096564,809901
1900-01-01 03:29:15,7866.5,310213,7867.0,51292,324575,469100,-144525,258921
1900-01-01 03:29:30,7870.5,574520,7871.0,1111278,231941,63848,168093,-536758
1900-01-01 03:29:45,7874.5,869404,7875.0,125803,605585,50150,555435,743601
1900-01-01 03:30:00,7872.5,1290,7873.0,1303055,266017,902995,-636978,-1301765
1900-01-01 03:30:15,7863.5,737250,7864.0,285517,248302,663961,-415659,451733
1900-01-01 03:30:30,7855.5,130051,7856.0,986383,83750,558915,-475165,-856332
1900-01-01 03:30:45,7857.0,334221,7857.5,488409,410614,473867,-63253,-154188
1900-01-01 03:31:00,7855.5,643118,7856.0,23486,193398,315320,-121922,619632
1900-01-01 03:31:15,7857.5,615755,7858.0,170930,686374,515143,171231,444825
1900-01-01 03:31:30,7861.0,361206,7861.5,83143,238429,39208,199221,278063
1900-01-01 03:31:45,7870.5,27165,7871.0,12464,469334,242130,227204,14701
1900-01-01 03:32:00,7883.5,128773,7884.0,65785,595964,66638,529326,62988
1900-01-01 03:32:15,7894.5,207271,7895.0,836087,3203820,120807,3083013,-628816
1900-01-01 03:32:30,7897.0,67183,7897.5,270102,4937355,475756,4461599,-202919
1900-01-01 03:32:45,7891.5,478274,7892.0,677792,574860,739682,-164822,-199518
1900-01-01 03:33:00,7879.5,1275,7880.0,278114,435986,402354,33632,-276839
1900-01-01 03:33:15,7873.5,202723,7874.0,391413,792140,982190,-190050,-188690
1900-01-01 03:33:30,7870.0,46366,7870.5,409110,423074,805836,-382762,-362744
1900-01-01 03:33:45,7863.0,732797,7863.5,1,253563,1355588,-1102025,732796
1900-01-01 03:34:00,7862.5,53631,7863.0,48471,977130,103275,873855,5160
1900-01-01 03:34:15,7869.5,4992,7870.0,323745,109652,218236,-108584,-318753
1900-01-01 03:34:30,7870.0,576716,7870.5,4723,436776,178318,258458,571993
1900-01-01 03:34:45,7868.0,19270,7868.5,516106,135797,46859,88938,-496836
1900-01-01 03:35:00,7870.0,455840,7870.5,1649,37400,79474,-42074,454191
1900-01-01 03:35:15,7870.5,281386,7871.0,41970,496819,153536,343283,239416
1900-01-01 03:35:30,7874.5,124984,7875.0,433370,423664,15996,407668,-308386
1900-01-01 03:35:45,7875.0,250262,7875.5,41166,677079,269638,407441,209096
1900-01-01 03:36:00,7881.5,36232,7882.0,21731,127382,70715,56667,14501
1900-01-01 03:36:15,7892.5,113991,7893.0,200734,524960,108374,416586,-86743
1900-01-01 03:36:30,7905.0,200000,7908.0,4041,6508072,560094,5947978,195959
1900-01-01 03:36:45,7910.5,36,7911.0,156453,1388454,1813703,-425249,-156417
1900-01-01 03:37:00,7906.5,1000,7907.0,33800,969483,434660,534823,-32800
1900-01-01 03:37:15,7906.0,42544,7906.5,109119,846302,337016,509286,-66575
1900-01-01 03:37:30,7900.0,172738,7900.5,192974,561657,506549,55108,-20236
1900-01-01 03:37:45,7893.5,196097,7894.0,152437,193872,459432,-265560,43660
1900-01-01 03:38:00,7896.5,42694,7897.0,269166,250897,227913,22984,-226472
1900-01-01 03:38:15,7896.5,5000,7897.5,4200,243542,398258,-154716,800
1900-01-01 03:38:30,7898.5,13378,7899.0,37615,153751,411859,-258108,-24237
1900-01-01 03:38:45,7905.0,126472,7905.5,197863,1069391,92411,976980,-71391
1900-01-01 03:39:00,7898.5,2011,7899.0,261747,209313,679229,-469916,-259736
1900-01-01 03:39:15,7890.5,2090,7891.0,46703,45302,1247201,-1201899,-44613
1900-01-01 03:39:30,7885.0,109918,7885.5,270618,193627,884825,-691198,-160700
1900-01-01 03:39:45,7879.0,167246,7879.5,381716,660628,1087040,-426412,-214470
1900-01-01 03:40:00,7871.0,1007,7871.5,580738,35101,751131,-716030,-579731
1900-01-01 03:40:15,7870.0,647638,7870.5,205695,162948,900194,-737246,441943
1900-01-01 03:40:30,7874.5,607789,7875.0,272785,275019,236654,38365,335004
1900-01-01 03:40:45,7877.5,545025,7878.0,2175,292721,70140,222581,542850
1900-01-01 03:41:00,7885.5,472519,7886.0,206317,393723,37300,356423,266202
1900-01-01 03:41:15,7889.0,234646,7889.5,585484,798173,244701,553472,-350838
1900-01-01 03:41:30,7881.5,8734,7886.0,447404,55704,418550,-362846,-438670
1900-01-01 03:41:45,7888.0,101329,7888.5,781094,56272,238948,-182676,-679765
1900-01-01 03:42:00,7880.0,261796,7880.5,54268,324191,205930,118261,207528
1900-01-01 03:42:15,7878.5,251,7879.0,548032,60968,124341,-63373,-547781
1900-01-01 03:42:30,7875.5,256575,7876.0,480540,30088,265418,-235330,-223965
1900-01-01 03:42:45,7876.5,3494,7877.0,258388,230814,193555,37259,-254894
1900-01-01 03:43:00,7876.0,621191,7876.5,127331,275360,26479,248881,493860
1900-01-01 03:43:15,7887.5,59359,7888.0,391808,262509,117060,145449,-332449
1900-01-01 03:43:30,7897.0,102952,7897.5,51153,646916,71317,575599,51799
1900-01-01 03:43:45,7895.5,240929,7896.0,343740,482757,391825,90932,-102811
1900-01-01 03:44:00,7906.5,1077405,7907.0,36957,329381,263965,65416,1040448
1900-01-01 03:44:15,7899.0,15672,7899.5,300853,277470,319072,-41602,-285181
1900-01-01 03:44:30,7904.5,1196364,7905.0,65689,607571,523646,83925,1130675
1900-01-01 03:44:45,7909.5,1067145,7910.0,37029,417373,113423,303950,1030116
1900-01-01 03:45:00,7920.0,197157,7920.5,9569,1316596,124914,1191682,187588
1900-01-01 03:45:15,7929.5,570225,7930.0,190899,1566347,351088,1215259,379326
1900-01-01 03:45:30,7924.0,15629,7924.5,352651,368135,1576973,-1208838,-337022
1900-01-01 03:45:45,7922.5,5133,7923.0,391706,234271,710847,-476576,-386573
1900-01-01 03:46:00,7908.0,8183,7908.5,566862,45581,1096570,-1050989,-558679
1900-01-01 03:46:15,7903.0,178720,7903.5,58528,114422,740554,-626132,120192
1900-01-01 03:46:30,7893.5,1334,7894.0,57483,931460,573310,358150,-56149
1900-01-01 03:46:45,7907.0,178887,7907.5,39535,434064,324644,109420,139352
1900-01-01 03:47:00,7894.5,332642,7895.0,84255,274767,284064,-9297,248387
1900-01-01 03:47:15,7898.5,50182,7899.0,163811,321938,157316,164622,-113629
1900-01-01 03:47:30,7897.0,647120,7897.5,34456,97233,63196,34037,612664
1900-01-01 03:47:45,7902.0,300929,7902.5,20607,411390,169586,241804,280322
1900-01-01 03:48:00,7903.0,468332,7903.5,158282,390617,266588,124029,310050
1900-01-01 03:48:15,7906.5,193939,7907.0,63077,364669,411572,-46903,130862
1900-01-01 03:48:30,7911.0,88087,7911.5,42477,510493,392993,117500,45610
1900-01-01 03:48:45,7906.5,449640,7907.0,56720,50930,296194,-245264,392920
1900-01-01 03:49:00,7914.5,162356,7915.0,325658,357563,43864,313699,-163302
1900-01-01 03:49:15,7909.5,15,7910.0,281641,37134,261115,-223981,-281626
1900-01-01 03:49:30,7908.5,534338,7909.0,53052,163329,260612,-97283,481286
1900-01-01 03:49:45,7908.5,4026711,7909.0,323062,161418,324740,-163322,3703649
1900-01-01 03:50:00,7910.5,798601,7911.0,31385,297466,170698,126768,767216
1900-01-01 03:50:15,7918.5,474111,7919.0,328252,643506,264108,379398,145859
1900-01-01 03:50:30,7915.5,69257,7916.0,305135,318479,118073,200406,-235878
1900-01-01 03:50:45,7919.5,161709,7920.0,12618,248001,87521,160480,149091
1900-01-01 03:51:00,7924.5,308494,7925.0,168680,656690,216289,440401,139814
1900-01-01 03:51:15,7925.0,1060400,7925.5,40751,445977,259308,186669,1019649
1900-01-01 03:51:30,7934.0,172952,7934.5,242257,498500,177478,321022,-69305
1900-01-01 03:51:45,7942.5,39283,7943.0,61526,1558830,375317,1183513,-22243
1900-01-01 03:52:00,7936.0,13500,7936.5,47358,776463,84252,692211,-33858
1900-01-01 03:52:15,7932.5,1039335,7933.0,6,424703,490644,-65941,1039329
1900-01-01 03:52:30,7939.5,243420,7940.0,547811,785809,429013,356796,-304391
1900-01-01 03:52:45,7934.5,6191,7935.0,747910,90075,789090,-699015,-741719
1900-01-01 03:53:00,7932.5,663573,7933.0,30058,401500,422314,-20814,633515
1900-01-01 03:53:15,7942.5,154389,7943.0,314033,347607,208209,139398,-159644
1900-01-01 03:53:30,7949.5,319633,7950.0,1748702,4106243,513885,3592358,-1429069
1900-01-01 03:53:45,7966.5,22906,7967.0,135434,2462191,124414,2337777,-112528
1900-01-01 03:54:00,7964.5,851,7965.5,29020,1516871,435947,1080924,-28169
1900-01-01 03:54:15,7955.5,20805,7956.0,159234,1704656,1033427,671229,-138429
1900-01-01 03:54:30,7949.5,307888,7950.0,419838,1028680,956404,72276,-111950
1900-01-01 03:54:45,7955.5,10670,7956.0,264020,530612,424283,106329,-253350
1900-01-01 03:55:00,7950.5,353782,7951.0,165828,168654,417479,-248825,187954
1900-01-01 03:55:15,7959.5,402656,7960.0,95675,920132,198982,721150,306981
1900-01-01 03:55:30,7957.0,86954,7957.5,289796,323262,497761,-174499,-202842
1900-01-01 03:55:45,7951.0,136975,7951.5,38888,139128,266362,-127234,98087
1900-01-01 03:56:00,7950.0,210185,7950.5,585204,578285,669199,-90914,-375019
1900-01-01 03:56:15,7941.5,470865,7942.0,94063,172574,768289,-595715,376802
1900-01-01 03:56:30,7940.0,4,7940.5,301456,154530,1764009,-1609479,-301452
1900-01-01 03:56:45,7927.5,58940,7928.0,350,41614,2313254,-2271640,58590
1900-01-01 03:57:00,7930.0,90992,7930.5,544049,390139,675967,-285828,-453057
1900-01-01 03:57:15,7925.5,80581,7926.0,455072,295882,619194,-323312,-374491
1900-01-01 03:57:30,7915.0,344426,7915.5,418672,97600,1270819,-1173219,-74246
1900-01-01 03:57:45,7917.0,226426,7917.5,233321,230090,605125,-375035,-6895
1900-01-01 03:58:00,7924.0,142428,7924.5,62336,407065,163914,243151,80092
1900-01-01 03:58:15,7934.0,470180,7934.5,285645,392423,230938,161485,184535
1900-01-01 03:58:30,7941.5,151457,7942.0,149708,335216,141683,193533,1749
1900-01-01 03:58:45,7942.5,80138,7943.0,596092,883984,59319,824665,-515954
1900-01-01 03:59:00,7940.0,3402985,7940.5,180689,647728,900805,-253077,3222296
1900-01-01 03:59:15,7949.0,116148,7949.5,462328,482601,75825,406776,-346180
1900-01-01 03:59:30,7953.0,42691,7953.5,160894,646991,41328,605663,-118203
1900-01-01 03:59:45,7949.5,23365,7950.0,154835,113044,620491,-507447,-131470
1900-01-01 04:00:00,7949.0,23756,7949.5,594089,75527,132899,-57372,-570333
1900-01-01 04:00:15,7949.0,33722,7949.5,35900,338143,1710776,-1372633,-2178
1900-01-01 04:00:30,7947.5,13118,7948.0,140548,296796,364868,-68072,-127430
1900-01-01 04:00:45,7942.0,14047,7942.5,15035,649220,338037,311183,-988
1900-01-01 04:01:00,7935.0,94523,7935.5,152299,420540,1250103,-829563,-57776
1900-01-01 04:01:15,7920.0,209233,7922.0,71359,92758,458653,-365895,137874
1900-01-01 04:01:30,7916.5,165030,7917.0,401613,492062,1107198,-615136,-236583
1900-01-01 04:01:45,7916.0,111031,7916.5,213310,315993,971729,-655736,-102279
1900-01-01 04:02:00,7928.5,8000,7929.0,781,428551,538297,-109746,7219
1900-01-01 04:02:15,7931.5,383018,7932.0,354163,412002,212165,199837,28855
1900-01-01 04:02:30,7935.5,161838,7936.0,76102,521160,105659,415501,85736
1900-01-01 04:02:45,7932.5,405128,7933.0,149652,284540,195154,89386,255476
1900-01-01 04:03:00,7932.5,3742,7933.0,126943,485533,53189,432344,-123201
1900-01-01 04:03:15,7937.5,540901,7938.0,77510,522010,128004,394006,463391
1900-01-01 04:03:30,7939.5,672580,7940.0,49491,177892,31081,146811,623089
1900-01-01 04:03:45,7939.5,619950,7940.0,184509,388899,20390,368509,435441
1900-01-01 04:04:00,7941.0,545253,7941.5,3201,307439,35454,271985,542052
1900-01-01 04:04:15,7948.0,287854,7948.5,122192,261867,43192,218675,165662
1900-01-01 04:04:30,7954.0,1037475,7954.5,31501,313913,58885,255028,1005974
1900-01-01 04:04:45,7957.5,22042,7958.0,7054,765470,147656,617814,14988
1900-01-01 04:05:00,7965.5,587996,7966.0,87696,2154739,182798,1971941,500300
1900-01-01 04:05:15,7954.0,36665,7954.5,359900,490689,306726,183963,-323235
1900-01-01 04:05:30,7953.5,97096,7954.0,337896,815686,926453,-110767,-240800
1900-01-01 04:05:45,7947.0,33343,7947.5,415228,80641,1048519,-967878,-381885
1900-01-01 04:06:00,7937.5,930,7938.0,91457,30128,594778,-564650,-90527
1900-01-01 04:06:15,7939.5,11811,7940.0,565430,165040,449329,-284289,-553619
1900-01-01 04:06:30,7932.5,487784,7933.0,22120,124212,901984,-777772,465664
1900-01-01 04:06:45,7924.0,176523,7924.5,167152,115921,1045984,-930063,9371
1900-01-01 04:07:00,7924.5,745500,7925.0,137762,527218,1608429,-1081211,607738
1900-01-01 04:07:15,7930.0,419356,7930.5,504123,496809,596483,-99674,-84767
1900-01-01 04:07:30,7930.0,229187,7930.5,461993,246888,370925,-124037,-232806
1900-01-01 04:07:45,7930.0,617342,7930.5,553360,45596,17845,27751,63982
1900-01-01 04:08:00,7930.0,519111,7930.5,355245,366418,137946,228472,163866
1900-01-01 04:08:15,7930.0,1147450,7930.5,89649,551512,115771,435741,1057801
1900-01-01 04:08:30,7937.5,281230,7938.0,194391,1275383,67098,1208285,86839
1900-01-01 04:08:45,7925.0,669161,7925.5,111361,167200,5475635,-5308435,557800
1900-01-01 04:09:00,7925.0,31597,7925.5,557160,16220,476165,-459945,-525563
1900-01-01 04:09:15,7923.0,5086,7923.5,552613,60240,579274,-519034,-547527
1900-01-01 04:09:30,7915.5,12600,7916.0,622098,119160,1514876,-1395716,-609498
1900-01-01 04:09:45,7914.5,263122,7915.0,352602,311147,1655835,-1344688,-89480
1900-01-01 04:10:00,7914.0,121235,7914.5,431323,543401,567139,-23738,-310088
1900-01-01 04:10:15,7922.0,801191,7922.5,24979,510650,198605,312045,776212
1900-01-01 04:10:30,7922.5,29896,7923.0,290567,266182,140823,125359,-260671
1900-01-01 04:10:45,7922.0,278074,7922.5,304537,12590,172960,-160370,-26463
1900-01-01 04:11:00,7930.5,577371,7931.0,337435,534708,30095,504613,239936
1900-01-01 04:11:15,7934.5,318771,7935.0,78877,822378,128008,694370,239894
1900-01-01 04:11:30,7936.0,210027,7936.5,317082,203556,307564,-104008,-107055
1900-01-01 04:11:45,7934.0,36338,7934.5,240124,924662,317293,607369,-203786
1900-01-01 04:12:00,7931.5,1100517,7932.0,1380395,37779,281016,-243237,-279878
1900-01-01 04:12:15,7924.5,59023,7925.0,261508,147460,274334,-126874,-202485
1900-01-01 04:12:30,7922.0,3400,7922.5,474972,39328,175566,-136238,-471572
1900-01-01 04:12:45,7922.0,1137841,7922.5,181162,231435,157609,73826,956679
1900-01-01 04:13:00,7925.0,551911,7925.5,65008,424562,36965,387597,486903
1900-01-01 04:13:15,7926.5,82482,7927.0,38003,117656,540398,-422742,44479
1900-01-01 04:13:30,7931.0,129890,7931.5,148337,178322,18129,160193,-18447
1900-01-01 04:13:45,7929.0,68883,7929.5,236659,58723,38204,20519,-167776
1900-01-01 04:14:00,7933.0,173404,7933.5,108738,441057,80117,360940,64666
1900-01-01 04:14:15,7934.5,467424,7935.0,93502,65304,25204,40100,373922
1900-01-01 04:14:30,7942.5,663905,7943.0,50859,2251417,36868,2214549,613046
1900-01-01 04:14:45,7946.5,231061,7947.0,113962,238176,104955,133221,117099
1900-01-01 04:15:00,7941.0,74937,7941.5,74990,219128,182351,36777,-53
1900-01-01 04:15:15,7938.0,56659,7938.5,227428,29278,500550,-471272,-170769
1900-01-01 04:15:30,7938.5,153896,7939.0,144575,7713,242973,-235260,9321
1900-01-01 04:15:45,7943.0,148488,7943.5,306144,154178,38709,115469,-157656
1900-01-01 04:16:00,7943.0,246663,7943.5,239490,159095,90469,68626,7173
1900-01-01 04:16:15,7944.0,1643357,7944.5,166123,595600,32532,563068,1477234
1900-01-01 04:16:30,7947.0,600916,7947.5,4785,603060,13883,589177,596131
1900-01-01 04:16:45,7951.5,653406,7952.0,294498,575714,191171,384543,358908
1900-01-01 04:17:00,7956.5,564433,7957.0,138135,380083,35208,344875,426298
1900-01-01 04:17:15,7959.5,423994,7960.0,130506,632222,58921,573301,293488
1900-01-01 04:17:30,7952.0,1025121,7952.5,59240,163317,793086,-629769,965881
1900-01-01 04:17:45,7950.0,572659,7950.5,473530,165651,182599,-16948,99129
1900-01-01 04:18:00,7941.0,1059726,7941.5,569,65962,1149243,-1083281,1059157
1900-01-01 04:18:15,7928.0,85514,7928.5,309352,34762,406952,-372190,-223838
1900-01-01 04:18:30,7924.0,252409,7924.5,186333,95275,480794,-385519,66076
1900-01-01 04:18:45,7927.5,502038,7928.0,370,453647,366267,87380,501668
1900-01-01 04:19:00,7923.0,65328,7923.5,477616,122839,126629,-3790,-412288
1900-01-01 04:19:15,7923.0,41658,7923.5,15946,204741,152530,52211,25712
1900-01-01 04:19:30,7916.0,5612,7916.5,325473,222274,524812,-302538,-319861
1900-01-01 04:19:45,7912.5,31632,7913.0,423667,249577,894033,-644456,-392035
1900-01-01 04:20:00,7917.5,81015,7918.0,14200,534156,577135,-42979,66815
1900-01-01 04:20:15,7920.5,9930,7921.0,600862,623515,343688,279827,-590932
1900-01-01 04:20:30,7914.0,728441,7914.5,244807,64610,253676,-189066,483634
1900-01-01 04:20:45,7919.5,61627,7920.0,367923,293809,154816,138993,-306296
1900-01-01 04:21:00,7910.0,146589,7910.5,377732,14993,848942,-833949,-231143
1900-01-01 04:21:15,7926.0,14898,7926.5,39612,968597,961716,6881,-24714
1900-01-01 04:21:30,7918.0,4317,7918.5,567324,732443,194817,537626,-563007
1900-01-01 04:21:45,7909.5,606627,7910.0,227272,1858006,286341,1571665,379355
1900-01-01 04:22:00,7907.0,646,7907.5,62348,186906,602916,-416010,-61702
1900-01-01 04:22:15,7891.0,63943,7891.5,148793,58887,888558,-829671,-84850
1900-01-01 04:22:30,7866.0,123504,7866.5,16059,442979,2142221,-1699242,107445
1900-01-01 04:22:45,7889.5,54352,7890.0,8585,1604102,12646864,-11042762,45767
1900-01-01 04:23:00,7892.5,11161,7893.0,1106989,624880,446459,178421,-1095828
1900-01-01 04:23:15,7888.0,126371,7888.5,4648,429228,832434,-403206,121723
1900-01-01 04:23:30,7903.5,710781,7904.0,115067,1897396,2473674,-576278,595714
1900-01-01 04:23:45,7903.5,425315,7904.0,142367,1337241,242100,1095141,282948
1900-01-01 04:24:00,7892.5,39824,7893.0,33342,181626,526807,-345181,6482
1900-01-01 04:24:15,7892.5,267606,7893.0,52516,421911,210840,211071,215090
1900-01-01 04:24:30,7894.5,88508,7895.0,763430,175691,112064,63627,-674922
1900-01-01 04:24:45,7891.5,480146,7892.0,423167,116976,463014,-346038,56979
1900-01-01 04:25:00,7894.5,627169,7895.0,135109,2003516,293737,1709779,492060
1900-01-01 04:25:15,7894.0,11228,7894.5,294811,292126,111464,180662,-283583
1900-01-01 04:25:30,7888.5,131363,7889.0,3423349,171004,220849,-49845,-3291986
1900-01-01 04:25:45,7888.0,8000,7888.5,2324,1560247,693128,867119,5676
1900-01-01 04:26:00,7887.5,512385,7888.0,248,380629,111819,268810,512137
1900-01-01 04:26:15,7896.5,96639,7897.0,364172,887526,39298,848228,-267533
1900-01-01 04:26:30,7896.5,743061,7897.0,7392,238823,84591,154232,735669
1900-01-01 04:26:45,7902.5,344252,7903.0,47951,256352,23225,233127,296301
1900-01-01 04:27:00,7904.5,612653,7905.0,17064,460825,33309,427516,595589
1900-01-01 04:27:15,7910.0,2030,7910.5,231971,633720,37811,595909,-229941
1900-01-01 04:27:30,7910.0,573036,7910.5,393010,490997,62068,428929,180026
1900-01-01 04:27:45,7910.0,1173381,7910.5,166424,400193,57148,343045,1006957
1900-01-01 04:28:00,7910.5,754552,7911.0,377820,147446,36194,111252,376732
1900-01-01 04:28:15,7913.0,575308,7913.5,116722,436297,37584,398713,458586
1900-01-01 04:28:30,7914.5,206334,7915.0,304291,672404,91698,580706,-97957
1900-01-01 04:28:45,7914.5,253320,7915.0,263418,104182,107278,-3096,-10098
1900-01-01 04:29:00,7916.0,1126486,7916.5,104083,638880,67716,571164,1022403
1900-01-01 04:29:15,7921.5,159197,7922.0,114270,568363,5414,562949,44927
1900-01-01 04:29:30,7919.0,111207,7919.5,570304,576407,324660,251747,-459097
1900-01-01 04:29:45,7915.0,517859,7915.5,186720,139576,377996,-238420,331139
1900-01-01 04:30:00,7915.0,308432,7915.5,338069,70762,59322,11440,-29637
1900-01-01 04:30:15,7915.0,142015,7915.5,362685,81410,361543,-280133,-220670
1900-01-01 04:30:30,7910.5,563440,7911.0,173137,32286,203267,-170981,390303
1900-01-01 04:30:45,7904.5,58030,7905.0,105299,100766,279295,-178529,-47269
1900-01-01 04:31:00,7901.5,68518,7902.0,421551,153310,3480867,-3327557,-353033
1900-01-01 04:31:15,7908.0,387841,7908.5,144868,457489,84184,373305,242973
1900-01-01 04:31:30,7905.0,112579,7905.5,445149,222466,338312,-115846,-332570
1900-01-01 04:31:45,7905.0,72890,7905.5,363880,40128,30652,9476,-290990
1900-01-01 04:32:00,7909.5,304225,7910.0,89302,375237,86860,288377,214923
1900-01-01 04:32:15,7910.0,599707,7910.5,50426,131686,43928,87758,549281
1900-01-01 04:32:30,7912.0,137204,7912.5,245940,222175,58315,163860,-108736
1900-01-01 04:32:45,7913.5,369029,7914.0,61934,46567,126374,-79807,307095
1900-01-01 04:33:00,7912.0,547230,7912.5,10491,380026,45751,334275,536739
1900-01-01 04:33:15,7915.0,389331,7915.5,205041,246275,9170,237105,184290
1900-01-01 04:33:30,7915.0,383379,7915.5,225256,40322,10840,29482,158123
1900-01-01 04:33:45,7915.5,131654,7916.0,59739,71004,113078,-42074,71915
1900-01-01 04:34:00,7921.5,948182,7922.0,27434,722675,49496,673179,920748
1900-01-01 04:34:15,7921.0,52621,7921.5,821657,253513,368052,-114539,-769036
1900-01-01 04:34:30,7915.0,218397,7915.5,225940,54283,182925,-128642,-7543
1900-01-01 04:34:45,7916.0,29721,7916.5,435338,42108,35911,6197,-405617
1900-01-01 04:35:00,7912.5,12397,7913.0,887789,20858,283053,-262195,-875392
1900-01-01 04:35:15,7909.0,1625,7909.5,1192307,356,126799,-126443,-1190682
1900-01-01 04:35:30,7908.0,320,7908.5,498332,39080,123297,-84217,-498012
1900-01-01 04:35:45,7905.5,230208,7906.0,858790,5426,159748,-154322,-628582
1900-01-01 04:36:00,7902.0,596378,7902.5,51783,356644,390082,-33438,544595
1900-01-01 04:36:15,7904.5,484286,7905.0,30582,325970,81079,244891,453704
1900-01-01 04:36:30,7904.0,19703,7904.5,295611,150397,204658,-54261,-275908
1900-01-01 04:36:45,7903.5,7476,7904.0,443371,14346,28614,-14268,-435895
1900-01-01 04:37:00,7902.0,716604,7902.5,203332,27988,50217,-22229,513272
1900-01-01 04:37:15,7903.0,256978,7903.5,176201,208390,72865,135525,80777
1900-01-01 04:37:30,7902.0,102593,7902.5,426021,26617,81819,-55202,-323428
1900-01-01 04:37:45,7896.0,22543,7896.5,156337,217956,705577,-487621,-133794
1900-01-01 04:38:00,7893.5,400800,7894.0,79400,52063,95916,-43853,321400
1900-01-01 04:38:15,7891.0,1361346,7891.5,8861,173017,132568,40449,1352485
1900-01-01 04:38:30,7894.5,1018900,7895.0,26471,167578,38684,128894,992429
1900-01-01 04:38:45,7886.5,580882,7887.0,176669,181707,314938,-133231,404213
1900-01-01 04:39:00,7887.5,7291,7888.0,1051461,143689,51254,92435,-1044170
1900-01-01 04:39:15,7889.0,159915,7889.5,1097,228792,219736,9056,158818
1900-01-01 04:39:30,7892.0,17496,7892.5,213704,358523,92144,266379,-196208
1900-01-01 04:39:45,7894.0,29577,7894.5,565612,75603,48951,26652,-536035
1900-01-01 04:40:00,7894.0,128631,7894.5,742007,14930,31533,-16603,-613376
1900-01-01 04:40:15,7891.0,80552,7891.5,577908,259965,63991,195974,-497356
1900-01-01 04:40:30,7885.0,13584,7885.5,396470,48582,228063,-179481,-382886
1900-01-01 04:40:45,7878.0,71917,7878.5,654534,156814,813584,-656770,-582617
1900-01-01 04:41:00,7866.5,566552,7867.0,182397,24485,1645788,-1621303,384155
1900-01-01 04:41:15,7874.5,359404,7875.0,354797,411933,492945,-81012,4607
1900-01-01 04:41:30,7874.0,802845,7874.5,302359,148377,112060,36317,500486
1900-01-01 04:41:45,7872.0,431096,7872.5,296666,108774,350646,-241872,134430
1900-01-01 04:42:00,7863.0,244046,7863.5,137148,349724,1169001,-819277,106898
1900-01-01 04:42:15,7860.0,1192571,7860.5,2943,404539,560906,-156367,1189628
1900-01-01 04:42:30,7866.0,20226,7866.5,613539,102340,345762,-243422,-593313
1900-01-01 04:42:45,7874.0,422425,7874.5,11982,1174800,192886,981914,410443
1900-01-01 04:43:00,7883.0,320612,7883.5,107578,594626,17833,576793,213034
1900-01-01 04:43:15,7884.0,225199,7884.5,73988,705351,144344,561007,151211
1900-01-01 04:43:30,7891.0,66142,7891.5,2,242267,400668,-158401,66140
1900-01-01 04:43:45,7891.0,326333,7891.5,73754,220657,785,219872,252579
1900-01-01 04:44:00,7897.0,383188,7897.5,273993,437600,270297,167303,109195
1900-01-01 04:44:15,7910.0,126569,7910.5,66851,3332306,131336,3200970,59718
1900-01-01 04:44:30,7901.5,307447,7902.0,213439,250636,93246,157390,94008
1900-01-01 04:44:45,7896.0,74886,7896.5,505839,107677,107922,-245,-430953
1900-01-01 04:45:00,7890.5,566580,7891.0,271915,145436,138452,6984,294665
1900-01-01 04:45:15,7890.5,1296201,7891.0,32570,269788,239206,30582,1263631
1900-01-01 04:45:30,7890.5,1502618,7891.0,1094579,26765,36590,-9825,408039
1900-01-01 04:45:45,7899.5,964829,7900.0,1199311,453163,72020,381143,-234482
1900-01-01 04:46:00,7899.5,879190,7900.0,637942,648883,368552,280331,241248
1900-01-01 04:46:15,7899.5,587351,7900.0,63714,148711,32962,115749,523637
1900-01-01 04:46:30,7900.5,125138,7901.0,389897,275814,136744,139070,-264759
1900-01-01 04:46:45,7902.5,444244,7903.0,10902,61717,49288,12429,433342
1900-01-01 04:47:00,7905.0,442323,7905.5,95941,53590,15273,38317,346382
1900-01-01 04:47:15,7906.5,792080,7907.0,162072,322336,14908,307428,630008
1900-01-01 04:47:30,7911.0,190301,7911.5,51491,212052,231414,-19362,138810
1900-01-01 04:47:45,7914.5,55946,7915.0,510413,143670,279937,-136267,-454467
1900-01-01 04:48:00,7919.5,135227,7920.0,82067,233885,71802,162083,53160
1900-01-01 04:48:15,7917.0,43,7917.5,928834,131619,93121,38498,-928791
1900-01-01 04:48:30,7919.0,66261,7919.5,494205,333293,155931,177362,-427944
1900-01-01 04:48:45,7914.0,400779,7914.5,22559,67602,106011,-38409,378220
1900-01-01 04:49:00,7914.0,617947,7914.5,80735,38864,9695,29169,537212
1900-01-01 04:49:15,7914.0,1753786,7914.5,153214,21697,3221,18476,1600572
1900-01-01 04:49:30,7914.0,2003378,7914.5,53579,101952,32497,69455,1949799
1900-01-01 04:49:45,7920.0,770209,7920.5,13308,312933,23717,289216,756901
1900-01-01 04:50:00,7923.5,1556097,7924.0,33906,209760,36546,173214,1522191
1900-01-01 04:50:15,7932.0,62587,7932.5,9506,780278,34025,746253,53081
1900-01-01 04:50:30,7944.0,564703,7944.5,635823,681369,56201,625168,-71120
1900-01-01 04:50:45,7941.0,32545,7941.5,857151,291061,305453,-14392,-824606
1900-01-01 04:51:00,7939.0,37895,7939.5,1144753,435093,644576,-209483,-1106858
1900-01-01 04:51:15,7943.5,186800,7944.0,116119,237642,146845,90797,70681
1900-01-01 04:51:30,7959.5,49622,7960.0,130802,581402,222264,359138,-81180
1900-01-01 04:51:45,7964.0,483585,7964.5,109398,2846603,373469,2473134,374187
1900-01-01 04:52:00,7978.0,600,7979.0,143967,2026012,294353,1731659,-143367
1900-01-01 04:52:15,7978.0,96992,7978.5,46051,1630792,488402,1142390,50941
1900-01-01 04:52:30,7989.0,77197,7989.5,327138,2044517,446703,1597814,-249941
1900-01-01 04:52:45,7975.0,39132,7975.5,357036,677355,661391,15964,-317904
1900-01-01 04:53:00,7981.0,245181,7981.5,4072,629336,324259,305077,241109
1900-01-01 04:53:15,7987.0,341365,7987.5,157482,1962022,625921,1336101,183883
1900-01-01 04:53:30,7998.5,162019,7999.0,215850,1162516,81291,1081225,-53831
1900-01-01 04:53:45,8004.0,89986,8005.0,183638,6976449,999407,5977042,-93652
1900-01-01 04:54:00,8029.5,35042,8030.0,22,4067013,108330,3958683,35020
1900-01-01 04:54:15,8030.5,280772,8031.0,58849,6456985,1182754,5274231,221923
1900-01-01 04:54:30,8017.0,56137,8017.5,131099,3503288,1569088,1934200,-74962
1900-01-01 04:54:45,7990.5,8956,7994.5,12000,802439,2027759,-1225320,-3044
1900-01-01 04:55:00,7988.5,142613,7989.0,536261,543062,1270717,-727655,-393648
1900-01-01 04:55:15,7998.0,300758,7998.5,309753,1012509,281156,731353,-8995
1900-01-01 04:55:30,7998.0,329927,7998.5,434931,840919,250724,590195,-105004
1900-01-01 04:55:45,7980.5,91558,7986.0,7967,286632,1765997,-1479365,83591
1900-01-01 04:56:00,7986.0,76376,7986.5,77489,232686,362763,-130077,-1113
1900-01-01 04:56:15,7990.5,332035,7991.0,129032,346759,54178,292581,203003
1900-01-01 04:56:30,7994.0,58606,7994.5,710177,637538,395588,241950,-651571
1900-01-01 04:56:45,7999.5,438652,8000.0,492222,688553,134512,554041,-53570
1900-01-01 04:57:00,7999.5,428296,8000.0,31486,421615,243382,178233,396810
1900-01-01 04:57:15,8004.5,11159,8005.0,133581,110362,68715,41647,-122422
1900-01-01 04:57:30,8009.5,63610,8010.0,601482,320542,485682,-165140,-537872
1900-01-01 04:57:45,8016.0,265024,8016.5,19566,835501,96275,739226,245458
1900-01-01 04:58:00,8013.0,305794,8013.5,467210,241649,156938,84711,-161416
1900-01-01 04:58:15,8002.5,4379,8003.0,21932,46227,2226291,-2180064,-17553
1900-01-01 04:58:30,7988.5,803671,7989.0,109045,53562,444648,-391086,694626
1900-01-01 04:58:45,7990.5,184086,7991.0,117078,294078,706985,-412907,67008
1900-01-01 04:59:00,7990.0,272802,7990.5,148888,37690,978853,-941163,123914
1900-01-01 04:59:15,7988.0,520150,7988.5,136214,45601,743192,-697591,383936
1900-01-01 04:59:30,7999.5,223863,8000.0,682302,637246,224868,412378,-458439
1900-01-01 04:59:45,7991.5,774926,7992.0,17970,158762,331564,-172802,756956
1900-01-01 05:00:00,7993.0,357926,7993.5,39261,64421,196813,-132392,318665
1900-01-01 05:00:15,7993.0,13999,7993.5,803896,576691,674934,-98243,-789897
1900-01-01 05:00:30,7985.0,95857,7987.0,7406,61384,628571,-567187,88451
1900-01-01 05:00:45,7982.0,444607,7982.5,98836,91040,972687,-881647,345771
1900-01-01 05:01:00,7980.0,151835,7980.5,438356,159885,801958,-642073,-286521
1900-01-01 05:01:15,7972.0,196461,7972.5,209712,48168,583996,-535828,-13251
1900-01-01 05:01:30,7971.0,92171,7971.5,176878,149212,922852,-773640,-84707
1900-01-01 05:01:45,7976.0,360018,7976.5,187717,967242,125379,841863,172301
1900-01-01 05:02:00,7971.5,645139,7972.0,69264,340593,131960,208633,575875
1900-01-01 05:02:15,7977.5,546017,7978.0,62075,295070,128968,166102,483942
1900-01-01 05:02:30,7976.0,6036,7976.5,662415,123143,221669,-98526,-656379
1900-01-01 05:02:45,7975.0,290072,7975.5,425457,43320,229842,-186522,-135385
1900-01-01 05:03:00,7971.0,96992,7971.5,485201,146258,220353,-74095,-388209
1900-01-01 05:03:15,7966.0,1131285,7966.5,16124,116635,432649,-316014,1115161
1900-01-01 05:03:30,7975.5,423934,7976.0,8916,1132207,188498,943709,415018
1900-01-01 05:03:45,7983.0,713956,7983.5,172821,161459,169554,-8095,541135
1900-01-01 05:04:00,7983.0,350977,7983.5,125726,287121,224826,62295,225251
1900-01-01 05:04:15,7984.5,104879,7985.0,521982,213885,109136,104749,-417103
1900-01-01 05:04:30,7980.5,296486,7981.0,1088592,80558,242720,-162162,-792106
1900-01-01 05:04:45,7980.0,970853,7980.5,323970,147681,825698,-678017,646883
1900-01-01 05:05:00,7981.5,872652,7982.0,40682,942496,264197,678299,831970
1900-01-01 05:05:15,7994.5,1924659,7995.0,116795,567911,71612,496299,1807864
1900-01-01 05:05:30,7989.5,32383,7990.0,323365,251726,246270,5456,-290982
1900-01-01 05:05:45,7998.0,12664,7998.5,467082,189335,65431,123904,-454418
1900-01-01 05:06:00,7993.0,450855,7993.5,15909,103753,166812,-63059,434946
1900-01-01 05:06:15,7990.5,45203,7991.0,411932,201561,205067,-3506,-366729
1900-01-01 05:06:30,7995.5,22525,7996.0,681148,33119,444931,-411812,-658623
1900-01-01 05:06:45,7992.0,1077997,7992.5,170,267342,46818,220524,1077827
1900-01-01 05:07:00,7996.5,512520,7997.0,276129,541701,70542,471159,236391
1900-01-01 05:07:15,7999.0,1214325,7999.5,187527,511093,24557,486536,1026798
1900-01-01 05:07:30,8008.5,501140,8009.0,267553,666627,97834,568793,233587
1900-01-01 05:07:45,8013.0,348057,8013.5,1681,407649,185321,222328,346376
1900-01-01 05:08:00,8022.5,3105,8023.0,130856,1002210,32364,969846,-127751
1900-01-01 05:08:15,8015.5,1106921,8016.0,43992,408513,342702,65811,1062929
1900-01-01 05:08:30,8023.0,1210585,8023.5,17648,331836,60468,271368,1192937
1900-01-01 05:08:45,8029.5,219815,8030.0,761030,677520,335274,342246,-541215
1900-01-01 05:09:00,8029.0,316321,8029.5,550304,406198,343765,62433,-233983
1900-01-01 05:09:15,8016.0,31424,8016.5,419094,220401,391669,-171268,-387670
1900-01-01 05:09:30,8015.5,30000,8016.0,36233,246544,235140,11404,-6233
1900-01-01 05:09:45,8014.5,314221,8015.0,577521,908304,325391,582913,-263300
1900-01-01 05:10:00,8002.0,62175,8002.5,177300,90903,517022,-426119,-115125
1900-01-01 05:10:15,8008.5,1403,8009.0,214368,98444,289718,-191274,-212965
1900-01-01 05:10:30,8001.0,13969,8001.5,287284,45602,144457,-98855,-273315
1900-01-01 05:11:45,8008.5,333176,8009.0,27602,239223,8376,230847,305574
1900-01-01 05:12:00,8012.0,609501,8012.5,69451,195791,44515,151276,540050
1900-01-01 05:12:15,8012.0,252427,8012.5,645388,35564,51893,-16329,-392961
1900-01-01 05:12:30,8010.5,17367,8011.0,867042,88504,300991,-212487,-849675
1900-01-01 05:12:45,8002.5,356866,8003.0,593589,52871,81918,-29047,-236723
1900-01-01 05:13:00,8000.0,78233,8000.5,938119,193714,498749,-305035,-859886
1900-01-01 05:13:15,8000.0,563102,8000.5,122,19358,189504,-170146,562980
1900-01-01 05:13:30,7990.0,721151,7990.5,274404,116552,708564,-592012,446747
1900-01-01 05:13:45,7993.5,67957,7994.0,497311,201769,214246,-12477,-429354
1900-01-01 05:14:00,7993.5,50536,7994.0,618199,31094,54830,-23736,-567663
1900-01-01 05:14:15,7991.0,306592,7991.5,177048,165916,136062,29854,129544
1900-01-01 05:14:30,7997.0,1240220,7997.5,22310,104482,44085,60397,1217910
1900-01-01 05:14:45,8002.5,179073,8003.0,35000,455479,43565,411914,144073
1900-01-01 05:15:00,8004.5,42409,8005.0,523767,262174,208982,53192,-481358
1900-01-01 05:15:15,8000.0,412366,8000.5,847479,117623,37496,80127,-435113
1900-01-01 05:15:30,7992.0,96886,7992.5,836425,47094,357812,-310718,-739539
1900-01-01 05:15:45,7990.0,123842,7990.5,529218,30850,101002,-70152,-405376
1900-01-01 05:16:00,7982.0,36180,7982.5,856199,6590,355682,-349092,-820019
1900-01-01 05:16:15,7976.5,102468,7977.0,410648,40954,2131785,-2090831,-308180
1900-01-01 05:16:30,7979.5,32092,7980.0,498299,85707,418359,-332652,-466207
1900-01-01 05:16:45,7992.0,152504,7992.5,5040,193842,51614,142228,147464
1900-01-01 05:17:00,7985.5,32,7986.0,35744,201984,153730,48254,-35712
1900-01-01 05:17:15,7985.0,9900,7985.5,377211,661079,405020,256059,-367311
1900-01-01 05:17:30,7975.0,1156427,7975.5,42276,75412,233295,-157883,1114151
1900-01-01 05:17:45,7975.0,490050,7975.5,369754,141901,156736,-14835,120296
1900-01-01 05:18:00,7979.5,179178,7980.0,352247,200487,94328,106159,-173069
1900-01-01 05:18:15,7976.5,232189,7977.0,438756,23706,45193,-21487,-206567
1900-01-01 05:18:30,7975.5,140525,7976.0,566614,77026,278593,-201567,-426089
1900-01-01 05:18:45,7986.5,143374,7987.0,358519,121381,233066,-111685,-215145
1900-01-01 05:19:00,7979.5,354669,7980.0,425247,595003,48526,546477,-70578
1900-01-01 05:19:15,7982.5,232808,7983.0,361072,85434,82112,3322,-128264
1900-01-01 05:19:30,7985.0,128864,7985.5,567452,104689,116327,-11638,-438588
1900-01-01 05:19:45,7983.0,475128,7983.5,812333,410,287193,-286783,-337205
1900-01-01 05:20:00,7975.0,115282,7975.5,677235,11057,221352,-210295,-561953
1900-01-01 05:20:15,7970.0,196058,7970.5,759386,38201,397219,-359018,-563328
1900-01-01 05:20:30,7967.0,45326,7967.5,735791,26503,1686752,-1660249,-690465
1900-01-01 05:20:45,7965.0,40158,7965.5,701099,27480,458705,-431225,-660941
1900-01-01 05:21:00,7969.0,211487,7969.5,13466,191649,105425,86224,198021
1900-01-01 05:21:15,7975.0,207849,7975.5,1179422,250455,273762,-23307,-971573
1900-01-01 05:21:30,7978.5,1066363,7979.0,112683,172672,377280,-204608,953680
1900-01-01 05:21:45,7981.0,495898,7981.5,502036,307921,26962,280959,-6138
1900-01-01 05:22:00,7981.0,468859,7981.5,832013,42209,71456,-29247,-363154
1900-01-01 05:22:15,7981.0,67975,7981.5,1462664,44812,189701,-144889,-1394689
1900-01-01 05:22:30,7977.5,1012016,7978.0,7288,50055,210764,-160709,1004728
1900-01-01 05:22:45,7982.0,1099954,7982.5,39117,358459,103030,255429,1060837
1900-01-01 05:23:00,7982.5,1421468,7983.0,110080,41455,43074,-1619,1311388
1900-01-01 05:23:15,7987.5,528713,7988.0,399,394689,33582,361107,528314
1900-01-01 05:23:30,7994.5,304396,7995.0,716271,362634,16888,345746,-411875
1900-01-01 05:23:45,7991.0,391061,7991.5,657776,126772,122899,3873,-266715
1900-01-01 05:24:00,7991.0,154241,7991.5,451624,75275,66562,8713,-297383
1900-01-01 05:24:15,7990.0,818069,7990.5,215211,178814,722796,-543982,602858
1900-01-01 05:24:30,7982.0,294813,7982.5,256549,25653,1897728,-1872075,38264
1900-01-01 05:24:45,7983.0,1208517,7983.5,1071,38205,66868,-28663,1207446
1900-01-01 05:25:00,7983.0,22028,7983.5,628438,51244,43524,7720,-606410
1900-01-01 05:25:15,7978.0,279918,7978.5,32666,56429,162437,-106008,247252
1900-01-01 05:25:30,7982.5,152918,7983.0,331502,131060,16010,115050,-178584
1900-01-01 05:25:45,7987.0,398708,7987.5,16648,211735,66437,145298,382060
1900-01-01 05:26:00,7978.5,500467,7979.0,155133,33821,23319,10502,345334
1900-01-01 05:26:15,7980.5,121847,7981.0,14257,71090,29907,41183,107590
1900-01-01 05:26:30,7976.0,104690,7976.5,395558,21436,58394,-36958,-290868
1900-01-01 05:26:45,7975.0,28879,7975.5,523693,19404,170081,-150677,-494814
1900-01-01 05:27:00,7977.0,468019,7977.5,13834,116356,37374,78982,454185
1900-01-01 05:27:15,7979.0,280100,7979.5,241278,114186,55080,59106,38822
1900-01-01 05:27:30,7975.5,1311568,7976.0,42081,34504,129034,-94530,1269487
1900-01-01 05:27:45,7978.5,34791,7979.0,531464,61145,40018,21127,-496673
1900-01-01 05:28:00,7978.5,73995,7979.0,745742,6000,22966,-16966,-671747
1900-01-01 05:28:15,7970.5,43002,7971.0,521183,5982,249735,-243753,-478181
1900-01-01 05:28:30,7970.0,627385,7970.5,60713,117786,285515,-167729,566672
1900-01-01 05:28:45,7979.5,68377,7980.0,923064,178332,30654,147678,-854687
1900-01-01 05:29:00,7978.5,455281,7979.0,347606,112835,47223,65612,107675
1900-01-01 05:29:15,7978.5,503310,7979.0,156460,70287,57592,12695,346850
1900-01-01 05:29:30,7978.5,832216,7979.0,183319,30704,8829,21875,648897
1900-01-01 05:29:45,7978.5,291635,7979.0,359060,148525,44260,104265,-67425
1900-01-01 05:30:00,7978.5,15186,7979.0,1968318,27123,100546,-73423,-1953132
1900-01-01 05:30:15,7970.0,143552,7970.5,695145,62151,430560,-368409,-551593
1900-01-01 05:30:30,7963.0,4216,7963.5,47748,65710,509297,-443587,-43532
1900-01-01 05:30:45,7957.0,61629,7957.5,692083,29750,939025,-909275,-630454
1900-01-01 05:31:00,7950.5,454670,7951.0,18690,350692,2743622,-2392930,435980
1900-01-01 05:31:15,7959.5,498116,7960.0,277470,1088468,219981,868487,220646
1900-01-01 05:31:30,7954.5,124170,7955.0,218174,237544,421527,-183983,-94004
1900-01-01 05:31:45,7954.5,279543,7955.0,686715,74778,171808,-97030,-407172
1900-01-01 05:32:00,7951.5,169829,7952.0,810712,39916,322658,-282742,-640883
1900-01-01 05:32:15,7942.0,489689,7942.5,688098,62411,1013650,-951239,-198409
1900-01-01 05:32:30,7942.0,708492,7942.5,452514,297558,536331,-238773,255978
1900-01-01 05:32:45,7952.0,172820,7953.0,7103,612532,179921,432611,165717
1900-01-01 05:33:00,7946.0,808393,7946.5,4469,234851,505801,-270950,803924
1900-01-01 05:33:15,7951.5,569830,7952.0,198350,743903,230005,513898,371480
1900-01-01 05:33:30,7951.5,563657,7952.0,313707,82050,137179,-55129,249950
1900-01-01 05:33:45,7961.0,120035,7967.0,75311,857019,134626,722393,44724
1900-01-01 05:34:00,7978.0,628234,7978.5,4685,571219,30099,541120,623549
1900-01-01 05:34:15,7967.5,41809,7968.0,543289,192601,323142,-130541,-501480
1900-01-01 05:34:30,7976.0,55,7976.5,75711,293870,276678,17192,-75656
1900-01-01 05:34:45,7969.5,40578,7970.0,575964,37092,53421,-16329,-535386
1900-01-01 05:35:00,7965.0,71625,7965.5,672384,39455,590587,-551132,-600759
1900-01-01 05:35:15,7963.0,103189,7963.5,1501824,3858,280896,-277038,-1398635
1900-01-01 05:35:30,7956.0,20000,7956.5,2045,41164,1924155,-1882991,17955
1900-01-01 05:35:45,7964.0,8057,7964.5,367054,478094,95520,382574,-358997
1900-01-01 05:36:00,7967.5,567671,7968.0,56951,92014,25528,66486,510720
1900-01-01 05:36:15,7971.5,614756,7975.0,14790,240662,137066,103596,599966
1900-01-01 05:36:30,7974.0,645234,7974.5,2814,82996,86182,-3186,642420
1900-01-01 05:36:45,7981.5,4164,7984.0,50000,257840,18006,239834,-45836
1900-01-01 05:37:00,7966.0,22008,7966.5,10350,248223,208432,39791,11658
1900-01-01 05:37:15,7969.5,313440,7970.0,586412,188264,117728,70536,-272972
1900-01-01 05:37:30,7963.5,363921,7964.0,25000,95218,398055,-302837,338921
1900-01-01 05:37:45,7969.5,135234,7970.0,590452,248339,24224,224115,-455218
1900-01-01 05:38:00,7972.5,1090657,7973.0,82922,398495,89229,309266,1007735
1900-01-01 05:38:15,7974.5,1394276,7975.0,101583,161687,2000,159687,1292693
1900-01-01 05:38:30,7972.0,133,7972.5,241361,436779,105250,331529,-241228
1900-01-01 05:38:45,7969.5,408798,7970.0,825,21504,247575,-226071,407973
1900-01-01 05:39:00,7968.0,315762,7968.5,315992,95145,163335,-68190,-230
1900-01-01 05:39:15,7972.0,291226,7972.5,757266,82766,13087,69679,-466040
1900-01-01 05:39:30,7973.5,752861,7974.0,60404,297650,249176,48474,692457
1900-01-01 05:39:45,7973.5,242608,7974.0,543639,12980,11412,1568,-301031
1900-01-01 05:40:00,7970.0,43099,7970.5,1353289,43026,66412,-23386,-1310190
1900-01-01 05:40:15,7968.5,10737,7969.0,465069,257957,58842,199115,-454332
1900-01-01 05:40:30,7962.5,510439,7963.0,186084,72234,115591,-43357,324355
1900-01-01 05:40:45,7964.5,303078,7965.0,309030,24719,16030,8689,-5952
1900-01-01 05:41:00,7969.5,481890,7970.0,112918,70737,27446,43291,368972
1900-01-01 05:41:15,7976.5,232341,7977.0,1160,283822,42805,241017,231181
1900-01-01 05:41:30,7968.5,604331,7969.0,77704,48043,30722,17321,526627
1900-01-01 05:41:45,7970.5,83848,7971.0,498878,304836,199988,104848,-415030
1900-01-01 05:42:00,7970.5,108642,7971.0,338433,125980,55704,70276,-229791
1900-01-01 05:42:15,7974.5,237899,7975.0,230556,187144,17208,169936,7343
1900-01-01 05:42:30,7972.5,65234,7973.0,214139,98337,148100,-49763,-148905
1900-01-01 05:42:45,7971.0,1123,7971.5,167470,12159,20786,-8627,-166347
1900-01-01 05:43:00,7968.0,48381,7968.5,644652,5948,431770,-425822,-596271
1900-01-01 05:43:15,7965.0,9856,7965.5,477076,51668,123776,-72108,-467220
1900-01-01 05:43:30,7961.0,22527,7961.5,523888,51860,118121,-66261,-501361
1900-01-01 05:43:45,7956.5,298966,7957.0,7974,44193,348706,-304513,290992
1900-01-01 05:44:00,7957.5,802237,7958.0,220528,120432,31544,88888,581709
1900-01-01 05:44:15,7960.5,2437,7961.0,291983,300830,155587,145243,-289546
1900-01-01 05:44:30,7960.0,466908,7960.5,380036,46316,161464,-115148,86872
1900-01-01 05:44:45,7958.0,3509,7958.5,833309,72365,119895,-47530,-829800
1900-01-01 05:45:00,7959.5,724147,7960.0,67750,119080,201348,-82268,656397
1900-01-01 05:45:15,7961.5,573830,7962.0,18535,144280,27222,117058,555295
1900-01-01 05:45:30,7966.0,464231,7966.5,24386,99432,9704,89728,439845
1900-01-01 05:45:45,7966.5,779607,7967.0,11176,49221,2692,46529,768431
1900-01-01 05:46:00,7970.0,495794,7970.5,1649,422232,36894,385338,494145
1900-01-01 05:46:15,7971.5,568108,7972.0,289290,272346,132184,140162,278818
1900-01-01 05:46:30,7970.0,54372,7970.5,1450362,26621,276716,-250095,-1395990
1900-01-01 05:46:45,7967.5,1112904,7968.0,77642,14410,70963,-56553,1035262
1900-01-01 05:47:00,7967.5,514135,7968.0,548894,51975,39662,12313,-34759
1900-01-01 05:47:15,7967.5,507212,7968.0,876137,26578,81595,-55017,-368925
1900-01-01 05:47:30,7962.0,50702,7963.5,227897,233608,682993,-449385,-177195
1900-01-01 05:47:45,7963.0,96819,7963.5,280580,26062,28862,-2800,-183761
1900-01-01 05:48:00,7960.0,6344,7960.5,448455,3914,118351,-114437,-442111
1900-01-01 05:48:15,7953.5,119415,7954.0,398664,31435,359151,-327716,-279249
1900-01-01 05:48:30,7958.0,174376,7958.5,78126,136492,204894,-68402,96250
1900-01-01 05:48:45,7955.5,43237,7957.0,715657,71052,79296,-8244,-672420
1900-01-01 05:49:00,7955.5,13946,7956.0,522729,25248,77909,-52661,-508783
1900-01-01 05:49:15,7954.0,78308,7954.5,695187,18592,462955,-444363,-616879
1900-01-01 05:49:30,7953.0,158668,7953.5,670194,61763,136950,-75187,-511526
1900-01-01 05:49:45,7953.0,140738,7953.5,622620,59368,175884,-116516,-481882
1900-01-01 05:50:00,7949.0,10988,7949.5,793460,151282,449740,-298458,-782472
1900-01-01 05:50:15,7937.0,240441,7937.5,118600,108972,942136,-833164,121841
1900-01-01 05:50:30,7943.5,252555,7944.0,11882,889157,544622,344535,240673
1900-01-01 05:50:45,7933.0,373204,7933.5,160655,188957,495274,-306317,212549
1900-01-01 05:51:00,7946.0,93424,7946.5,130037,664951,309052,355899,-36613
1900-01-01 05:51:15,7941.0,22651,7941.5,487347,56285,78503,-22218,-464696
1900-01-01 05:51:30,7944.0,5000,7944.5,1022912,183368,159556,23812,-1017912
1900-01-01 05:51:45,7941.0,68197,7941.5,532007,60898,85238,-24340,-463810
1900-01-01 05:52:00,7933.0,482533,7933.5,208258,102483,328026,-225543,274275
1900-01-01 05:52:15,7935.5,75022,7936.0,449268,230742,34889,195853,-374246
1900-01-01 05:52:30,7933.5,917265,7934.0,7170,91814,87093,4721,910095
1900-01-01 05:52:45,7937.5,148654,7938.0,105,143356,359,142997,148549
1900-01-01 05:53:00,7946.5,478,7947.0,1036611,424413,104486,319927,-1036133
1900-01-01 05:53:15,7945.0,455190,7945.5,58314,180703,69093,111610,396876
1900-01-01 05:53:30,7933.0,77033,7933.5,325285,60394,464916,-404522,-248252
1900-01-01 05:53:45,7927.0,145652,7927.5,247284,123984,455464,-331480,-101632
1900-01-01 05:54:00,7933.5,44946,7934.0,449925,192912,361090,-168178,-404979
1900-01-01 05:54:15,7930.0,176644,7930.5,422986,128574,638192,-509618,-246342
1900-01-01 05:54:30,7926.5,246947,7927.0,114728,132086,434375,-302289,132219
1900-01-01 05:54:45,7926.5,243830,7927.0,467639,19786,173582,-153796,-223809
1900-01-01 05:55:00,7933.5,33196,7934.0,535422,386008,74593,311415,-502226
1900-01-01 05:55:15,7934.5,153660,7935.0,435231,120472,167462,-46990,-281571
1900-01-01 05:55:30,7934.5,1062700,7935.0,85042,152100,39434,112666,977658
1900-01-01 05:55:45,7936.5,675534,7937.0,90209,217430,33731,183699,585325
1900-01-01 05:56:00,7943.5,343020,7944.0,21939,344449,34164,310285,321081
1900-01-01 05:56:15,7945.5,534648,7946.0,836734,305170,88008,217162,-302086
1900-01-01 05:56:30,7942.0,12933,7943.5,126730,102240,1478702,-1376462,-113797
1900-01-01 05:56:45,7939.0,354853,7939.5,331,275874,416586,-140712,354522
1900-01-01 05:57:00,7941.0,141840,7941.5,355780,352596,110502,242094,-213940
1900-01-01 05:57:15,7941.0,18519,7941.5,738400,36540,25230,11310,-719881
1900-01-01 05:57:30,7940.0,412178,7940.5,184282,61050,38768,22282,227896
1900-01-01 05:57:45,7943.0,278980,7943.5,568686,819340,44564,774776,-289706
1900-01-01 05:58:00,7943.0,665127,7943.5,205006,120518,1442,119076,460121
1900-01-01 05:58:15,7949.5,193255,7950.0,566787,528365,163830,364535,-373532
1900-01-01 05:58:30,7951.0,410244,7951.5,716141,541884,149216,392668,-305897
1900-01-01 05:58:45,7951.0,50675,7951.5,696564,18239,206477,-188238,-645889
1900-01-01 05:59:00,7947.5,146479,7948.0,155052,84904,164840,-79936,-8573
1900-01-01 05:59:15,7953.5,226295,7954.0,1047164,339140,137012,202128,-820869
1900-01-01 05:59:30,7953.5,672888,7954.0,627080,379951,97906,282045,45808
1900-01-01 05:59:45,7953.5,601648,7954.0,512091,423202,116643,306559,89557
1900-01-01 06:00:00,7953.5,530614,7954.0,126985,406264,120285,285979,403629
1900-01-01 06:00:15,7953.5,585146,7954.0,511439,252801,311641,-58840,73707
1900-01-01 06:00:30,7959.5,216435,7960.0,836783,688196,42600,645596,-620348
1900-01-01 06:00:45,7960.0,417142,7960.5,329,346249,34298,311951,416813
1900-01-01 06:01:00,7962.5,63522,7963.0,734492,426072,272998,153074,-670970
1900-01-01 06:01:15,7954.0,33817,7954.5,20000,150795,111414,39381,13817
1900-01-01 06:01:30,7952.0,1671598,7952.5,15000,95531,303618,-208087,1656598
1900-01-01 06:01:45,7957.5,30303,7958.0,478175,156576,88387,68189,-447872
1900-01-01 06:02:00,7956.5,176732,7957.0,567655,87505,57053,30452,-390923
1900-01-01 06:02:15,7953.5,27694,7954.0,551567,118632,757793,-639161,-523873
1900-01-01 06:02:30,7956.0,521204,7956.5,765,51408,39016,12392,520439
1900-01-01 06:02:45,7956.0,132123,7956.5,426367,57373,27294,30079,-294244
1900-01-01 06:03:00,7959.0,87975,7959.5,572299,166540,68601,97939,-484324
1900-01-01 06:03:15,7956.0,288,7956.5,508285,278418,38937,239481,-507997
1900-01-01 06:03:30,7953.0,26419,7953.5,768031,33732,45401,-11669,-741612
1900-01-01 06:03:45,7950.0,13871,7950.5,627772,7014,246098,-239084,-613901
1900-01-01 06:04:00,7949.0,233951,7949.5,655615,21358,51321,-29963,-421664
1900-01-01 06:04:15,7949.0,150665,7949.5,726991,4832,42529,-37697,-576326
1900-01-01 06:04:30,7948.0,23946,7948.5,416096,15715,109936,-94221,-392150
1900-01-01 06:04:45,7943.5,19412,7944.0,436499,7896,170841,-162945,-417087
1900-01-01 06:05:00,7945.5,9085,7946.0,7723,170037,116033,54004,1362
1900-01-01 06:05:15,7946.5,51,7947.0,261320,64340,307051,-242711,-261269
1900-01-01 06:05:30,7946.0,512713,7946.5,491953,152846,37839,115007,20760
1900-01-01 06:05:45,7949.0,607231,7949.5,76604,66861,50843,16018,530627
1900-01-01 06:06:00,7953.5,271511,7954.0,25,505389,111856,393533,271486
1900-01-01 06:06:15,7957.0,121899,7957.5,724014,72416,215398,-142982,-602115
1900-01-01 06:06:30,7959.0,600017,7959.5,419275,171976,58682,113294,180742
1900-01-01 06:06:45,7959.0,365852,7959.5,498691,58401,149206,-90805,-132839
1900-01-01 06:07:00,7959.0,99284,7959.5,529669,24225,116512,-92287,-430385
1900-01-01 06:07:15,7963.0,904121,7963.5,16360,343391,103529,239862,887761
1900-01-01 06:07:30,7967.5,323860,7968.0,1418338,514277,57692,456585,-1094478
1900-01-01 06:07:45,7967.5,519420,7968.0,953632,193650,174043,19607,-434212
1900-01-01 06:08:00,7972.5,605231,7973.0,49657,438835,80462,358373,555574
1900-01-01 06:08:15,7975.5,51271,7976.0,142026,245995,168713,77282,-90755
1900-01-01 06:08:30,7972.5,561002,7973.0,159526,116860,233350,-116490,401476
1900-01-01 06:08:45,7975.5,443512,7976.0,154817,256420,151922,104498,288695
1900-01-01 06:09:00,7975.0,521057,7975.5,73401,112984,99746,13238,447656
1900-01-01 06:09:15,7979.0,526595,7979.5,231523,432800,286694,146106,295072
1900-01-01 06:09:30,7979.0,1004586,7979.5,106432,139965,27951,112014,898154
1900-01-01 06:09:45,7988.5,1081843,7989.0,138670,731285,54718,676567,943173
1900-01-01 06:10:00,7981.5,187664,7982.0,231448,298320,66100,232220,-43784
1900-01-01 06:10:15,7981.5,108292,7982.0,269483,182223,219621,-37398,-161191
1900-01-01 06:10:30,7980.0,107804,7980.5,81118,189089,359404,-170315,26686
1900-01-01 06:10:45,7981.5,1091902,7982.0,52170,359827,92171,267656,1039732
1900-01-01 06:11:00,7982.0,1027312,7982.5,98690,299318,20604,278714,928622
1900-01-01 06:11:15,7988.5,172501,7989.0,337278,119110,24072,95038,-164777
1900-01-01 06:11:30,7985.5,368619,7986.0,220028,299319,119181,180138,148591
1900-01-01 06:11:45,7989.5,139762,7990.0,766476,250187,478842,-228655,-626714
1900-01-01 06:12:00,7995.5,397851,7996.0,39580,303109,174250,128859,358271
1900-01-01 06:12:15,7997.5,415693,7998.0,161329,371645,398897,-27252,254364
1900-01-01 06:12:30,7998.5,259113,7999.0,235354,759501,182182,577319,23759
1900-01-01 06:12:45,7999.0,176572,7999.5,135308,272206,229674,42532,41264
1900-01-01 06:13:00,7991.0,190740,7991.5,257167,13247,244882,-231635,-66427
1900-01-01 06:13:15,7982.5,460633,7983.0,165223,210740,150430,60310,295410
1900-01-01 06:13:30,7989.0,476577,7989.5,98953,153625,102857,50768,377624
1900-01-01 06:13:45,7998.5,74694,7999.0,1230997,145862,23512,122350,-1156303
1900-01-01 06:14:00,7991.0,431000,7991.5,194834,126712,67921,58791,236166
1900-01-01 06:14:15,7994.5,232045,7995.0,306116,112960,49660,63300,-74071
1900-01-01 06:14:30,7987.0,420142,7987.5,89056,38163,121686,-83523,331086
1900-01-01 06:14:45,7986.0,20374,7986.5,540194,93493,176837,-83344,-519820
1900-01-01 06:15:00,7978.5,540400,7979.0,211784,23700,427119,-403419,328616
1900-01-01 06:15:15,7978.5,123527,7979.0,307245,58858,87169,-28311,-183718
1900-01-01 06:15:30,7974.5,347100,7975.0,500,72509,331431,-258922,346600
1900-01-01 06:15:45,7978.0,553507,7978.5,339610,124756,16793,107963,213897
1900-01-01 06:16:00,7978.0,179968,7978.5,550178,46802,277166,-230364,-370210
1900-01-01 06:16:15,7975.0,47291,7975.5,383035,153584,93153,60431,-335744
1900-01-01 06:16:30,7973.0,105316,7973.5,418923,300,67697,-67397,-313607
1900-01-01 06:16:45,7971.5,1317060,7972.0,308404,13372,18584,-5212,1008656
1900-01-01 06:17:00,7975.5,834633,7976.0,88698,333831,11354,322477,745935
1900-01-01 06:17:15,7975.5,405000,7976.0,207517,165594,104040,61554,197483
1900-01-01 06:17:30,7975.5,586773,7976.0,230598,8423,61924,-53501,356175
1900-01-01 06:17:45,7973.0,528514,7973.5,130702,14375,157947,-143572,397812
1900-01-01 06:18:00,7975.5,555853,7976.0,15431,136712,88901,47811,540422
1900-01-01 06:18:15,7976.0,965205,7976.5,31873,15752,21600,-5848,933332
1900-01-01 06:18:30,7978.5,106215,7979.0,725059,81067,24054,57013,-618844
1900-01-01 06:18:45,7977.0,212,7977.5,448207,4500,48182,-43682,-447995
1900-01-01 06:19:00,7974.5,26102,7975.0,559972,1730,42424,-40694,-533870
1900-01-01 06:19:15,7973.0,64931,7973.5,656347,4204,77366,-73162,-591416
1900-01-01 06:19:30,7964.5,128310,7965.0,698791,30982,494501,-463519,-570481
1900-01-01 06:19:45,7962.0,769455,7962.5,115760,132564,610632,-478068,653695
1900-01-01 06:20:00,7956.0,199647,7957.0,35352,46376,495611,-449235,164295
1900-01-01 06:20:15,7960.0,31055,7960.5,517486,108646,898002,-789356,-486431
1900-01-01 06:20:30,7957.5,737710,7958.0,133310,147936,59166,88770,604400
1900-01-01 06:20:45,7957.5,1047563,7958.0,35188,59841,300846,-241005,1012375
1900-01-01 06:21:00,7958.5,307831,7959.0,244073,53921,83991,-30070,63758
1900-01-01 06:21:15,7955.5,9319,7956.0,758444,59391,34089,25302,-749125
1900-01-01 06:21:30,7954.0,272308,7954.5,233276,119200,128764,-9564,39032
1900-01-01 06:21:45,7954.0,702227,7954.5,44862,198217,76418,121799,657365
1900-01-01 06:22:00,7955.5,993170,7956.0,20413,113865,547,113318,972757
1900-01-01 06:22:15,7956.5,508698,7957.0,392571,114555,7938,106617,116127
1900-01-01 06:22:30,7952.0,56717,7952.5,383353,14460,211672,-197212,-326636
1900-01-01 06:22:45,7950.0,825942,7950.5,663622,19690,879835,-860145,162320
1900-01-01 06:23:00,7950.0,146920,7950.5,769458,38374,1284325,-1245951,-622538
1900-01-01 06:23:15,7945.5,65966,7946.0,548924,4926,117175,-112249,-482958
1900-01-01 06:23:30,7951.0,232274,7951.5,172,127166,208651,-81485,232102
1900-01-01 06:23:45,7953.0,446355,7953.5,6469,34310,45744,-11434,439886
1900-01-01 06:24:00,7957.5,1103042,7958.0,67021,99567,24163,75404,1036021
1900-01-01 06:24:15,7960.5,739928,7961.0,1167,28839,38833,-9994,738761
1900-01-01 06:24:30,7962.5,25600,7963.0,492973,339927,158868,181059,-467373
1900-01-01 06:24:45,7966.0,705439,7966.5,403086,363789,34264,329525,302353
1900-01-01 06:25:00,7969.5,360041,7970.0,80991,573106,3600,569506,279050
1900-01-01 06:25:15,7969.5,355901,7970.0,314424,418177,56332,361845,41477
1900-01-01 06:25:30,7969.5,184959,7970.0,725339,32600,45236,-12636,-540380
1900-01-01 06:25:45,7966.0,111399,7966.5,956020,29180,547495,-518315,-844621
1900-01-01 06:26:00,7960.0,109891,7960.5,375362,2241,978469,-976228,-265471
1900-01-01 06:26:15,7957.5,39557,7958.0,1024085,58405,33579,24826,-984528
1900-01-01 06:26:30,7959.0,555381,7959.5,24774,59425,50492,8933,530607
1900-01-01 06:26:45,7959.0,16581,7959.5,414063,12444,28652,-16208,-397482
1900-01-01 06:27:00,7956.5,3127,7957.0,1462686,24394,167573,-143179,-1459559
1900-01-01 06:27:15,7953.5,13357,7954.0,493082,68790,36189,32601,-479725
1900-01-01 06:27:30,7945.0,464314,7945.5,254468,182294,260773,-78479,209846
1900-01-01 06:27:45,7945.0,150612,7945.5,494345,116861,141981,-25120,-343733
1900-01-01 06:28:00,7942.0,511437,7942.5,11768,61914,641622,-579708,499669
1900-01-01 06:28:15,7941.0,273602,7941.5,163644,173747,433996,-260249,109958
1900-01-01 06:28:30,7942.5,547463,7943.0,132274,287981,396258,-108277,415189
1900-01-01 06:28:45,7946.5,36416,7947.0,854644,204978,629985,-425007,-818228
1900-01-01 06:29:00,7941.0,382184,7941.5,128274,202,76624,-76422,253910
1900-01-01 06:29:15,7941.5,602882,7942.0,335591,124937,171042,-46105,267291
1900-01-01 06:29:30,7946.0,936450,7946.5,20177,731358,114258,617100,916273
1900-01-01 06:29:45,7951.5,351799,7952.0,189155,242615,21862,220753,162644
1900-01-01 06:30:00,7951.5,67451,7952.0,880942,56518,1378,55140,-813491
1900-01-01 06:30:15,7951.5,46918,7952.0,984481,46526,136765,-90239,-937563
1900-01-01 06:30:30,7941.5,427941,7942.0,87416,32142,389551,-357409,340525
1900-01-01 06:30:45,7945.0,462924,7945.5,25444,35105,23850,11255,437480
1900-01-01 06:31:00,7948.5,19735,7949.0,319305,41611,54070,-12459,-299570
1900-01-01 06:31:15,7947.5,464002,7948.0,37055,42932,132264,-89332,426947
1900-01-01 06:31:30,7941.5,689501,7942.0,135605,27356,129596,-102240,553896
1900-01-01 06:31:45,7941.5,192590,7942.0,334443,39238,59201,-19963,-141853
1900-01-01 06:32:00,7942.5,50303,7943.0,1369572,42200,169160,-126960,-1319269
1900-01-01 06:32:15,7941.5,89491,7942.0,1267238,209683,94769,114914,-1177747
1900-01-01 06:32:30,7941.0,30254,7941.5,1018610,9584,145127,-135543,-988356
1900-01-01 06:32:45,7941.0,136924,7941.5,689809,79349,256928,-177579,-552885
1900-01-01 06:33:00,7941.0,229191,7941.5,686188,12038,60067,-48029,-456997
1900-01-01 06:33:15,7940.5,423722,7941.0,777747,156658,195546,-38888,-354025
1900-01-01 06:33:30,7940.5,774845,7941.0,463254,96553,72270,24283,311591
1900-01-01 06:33:45,7943.0,482525,7943.5,145938,248677,23150,225527,336587
1900-01-01 06:34:00,7943.0,594104,7943.5,36150,15453,16310,-857,557954
1900-01-01 06:34:15,7947.0,489825,7947.5,188848,140973,5948,135025,300977
1900-01-01 06:34:30,7947.0,554946,7947.5,53713,24099,36080,-11981,501233
1900-01-01 06:34:45,7947.5,750155,7948.0,91645,112968,8560,104408,658510
1900-01-01 06:35:00,7947.5,495941,7948.0,129201,29252,52691,-23439,366740
1900-01-01 06:35:15,7947.5,69552,7948.0,1147359,57718,18688,39030,-1077807
1900-01-01 06:35:30,7945.0,1685886,7945.5,217307,116628,124795,-8167,1468579
1900-01-01 06:35:45,7945.0,2052038,7945.5,108337,37364,8066,29298,1943701
1900-01-01 06:36:00,7945.0,1951464,7945.5,133234,57367,111600,-54233,1818230
1900-01-01 06:36:15,7945.0,1785060,7945.5,850321,95758,80705,15053,934739
1900-01-01 06:36:30,7946.5,393651,7947.0,452065,99900,174120,-74220,-58414
1900-01-01 06:36:45,7950.0,925696,7950.5,109532,232812,53008,179804,816164
1900-01-01 06:37:00,7954.5,393852,7955.0,100281,470909,17113,453796,293571
1900-01-01 06:37:15,7958.5,154352,7959.0,547091,568219,39553,528666,-392739
1900-01-01 06:37:30,7959.5,630674,7960.0,20719,369530,109820,259710,609955
1900-01-01 06:37:45,7961.5,1500,7962.0,971736,229639,85476,144163,-970236
1900-01-01 06:38:00,7959.5,1500552,7960.0,416,378239,92200,286039,1500136
1900-01-01 06:38:15,7963.5,609971,7964.0,31099,24032,27861,-3829,578872
1900-01-01 06:38:30,7963.0,5988,7963.5,1099282,37562,64742,-27180,-1093294
1900-01-01 06:38:45,7961.5,519353,7962.0,54290,123814,29453,94361,465063
1900-01-01 06:39:00,7961.5,582578,7962.0,148282,31911,5946,25965,434296
1900-01-01 06:39:15,7961.5,66469,7962.0,547099,11726,17680,-5954,-480630
1900-01-01 06:39:30,7961.5,77619,7962.0,512933,35340,37968,-2628,-435314
1900-01-01 06:39:45,7961.5,59692,7962.0,4278089,5200,37065,-31865,-4218397
1900-01-01 06:40:00,7960.0,278348,7960.5,753296,2920,348810,-345890,-474948
1900-01-01 06:40:15,7959.0,1518914,7959.5,25566,82711,664932,-582221,1493348
1900-01-01 06:40:30,7965.0,1346959,7965.5,2729,529233,27790,501443,1344230
1900-01-01 06:40:45,7978.5,20000,7979.0,99555,164886,35712,129174,-79555
1900-01-01 06:41:00,7974.0,383072,7974.5,258633,565654,58186,507468,124439
1900-01-01 06:41:15,7978.5,160140,7979.0,384973,50693,116771,-66078,-224833
1900-01-01 06:41:30,7976.0,619584,7976.5,55518,268999,95061,173938,564066
1900-01-01 06:41:45,7979.0,376396,7979.5,56882,50457,61606,-11149,319514
1900-01-01 06:42:00,7979.5,623826,7980.0,333,448735,105824,342911,623493
1900-01-01 06:42:15,7984.0,15216,7984.5,1480257,219325,55390,163935,-1465041
1900-01-01 06:42:30,7974.5,750791,7975.0,232716,86040,663325,-577285,518075
1900-01-01 06:42:45,7974.5,284186,7975.0,1230360,77032,124210,-47178,-946174
1900-01-01 06:43:00,7970.0,447634,7970.5,530511,36132,234208,-198076,-82877
1900-01-01 06:43:15,7965.5,415416,7966.0,96893,7400,285932,-278532,318523
1900-01-01 06:43:30,7968.0,878374,7968.5,11768,22394,132300,-109906,866606
1900-01-01 06:43:45,7972.5,163297,7973.0,653521,149981,22618,127363,-490224
1900-01-01 06:44:00,7970.5,584787,7971.0,226122,19694,43076,-23382,358665
1900-01-01 06:44:15,7970.5,700356,7971.0,37522,42416,19951,22465,662834
1900-01-01 06:44:30,7973.0,736384,7973.5,55356,59726,2422,57304,681028
1900-01-01 06:44:45,7973.0,530,7973.5,768342,161288,158402,2886,-767812
1900-01-01 06:45:00,7970.0,9100,7970.5,1530321,61562,80233,-18671,-1521221
1900-01-01 06:45:15,7966.0,43772,7966.5,633792,10842,51618,-40776,-590020
1900-01-01 06:45:30,7966.0,38183,7966.5,323086,48124,67116,-18992,-284903
1900-01-01 06:45:45,7965.5,28864,7966.0,473735,66744,80412,-13668,-444871
1900-01-01 06:46:00,7965.0,598343,7965.5,635606,578,115297,-114719,-37263
1900-01-01 06:46:15,7962.0,37881,7962.5,512088,5140,676405,-671265,-474207
1900-01-01 06:46:30,7962.0,197596,7962.5,503610,59712,67268,-7556,-306014
1900-01-01 06:46:45,7959.0,153681,7959.5,147514,4332,96198,-91866,6167
1900-01-01 06:47:00,7959.0,507892,7959.5,99907,32728,88592,-55864,407985
1900-01-01 06:47:15,7959.0,145472,7959.5,403423,32039,17424,14615,-257951
1900-01-01 06:47:30,7959.0,660724,7959.5,10025,22248,9306,12942,650699
1900-01-01 06:47:45,7960.5,43625,7961.0,1072036,128452,32853,95599,-1028411
1900-01-01 06:48:00,7959.0,576108,7959.5,121679,3468,42766,-39298,454429
1900-01-01 06:48:15,7959.0,21665,7959.5,701742,20652,100515,-79863,-680077
1900-01-01 06:48:30,7958.0,661,7958.5,1200126,10500,81443,-70943,-1199465
1900-01-01 06:48:45,7955.0,508038,7955.5,61635,20516,62710,-42194,446403
1900-01-01 06:49:00,7958.0,151515,7958.5,648245,23013,52928,-29915,-496730
1900-01-01 06:49:15,7960.5,288507,7961.0,428409,27826,142064,-114238,-139902
1900-01-01 06:49:30,7960.5,78416,7961.0,1098545,10824,34695,-23871,-1020129
1900-01-01 06:49:45,7960.5,174832,7961.0,1070552,19250,40830,-21580,-895720
1900-01-01 06:50:00,7960.5,277261,7961.0,889221,8398,27995,-19597,-611960
1900-01-01 06:50:15,7960.5,458516,7961.0,558024,516,8080,-7564,-99508
1900-01-01 06:50:30,7960.5,130518,7961.0,995117,88378,15369,73009,-864599
1900-01-01 06:50:45,7958.0,22123,7958.5,189154,400,39256,-38856,-167031
1900-01-01 06:51:00,7957.0,669750,7957.5,22140,14640,73759,-59119,647610
1900-01-01 06:51:15,7957.0,690927,7957.5,81241,16184,127302,-111118,609686
1900-01-01 06:51:30,7957.0,1030581,7957.5,79590,5022,37692,-32670,950991
1900-01-01 06:51:45,7957.5,788877,7958.0,51744,6445,11488,-5043,737133
1900-01-01 06:52:00,7959.5,583687,7960.0,457116,152554,41902,110652,126571
1900-01-01 06:52:15,7961.0,894169,7961.5,216142,377451,331942,45509,678027
1900-01-01 06:52:30,7961.0,877486,7961.5,277941,123684,2318,121366,599545
1900-01-01 06:52:45,7962.5,655233,7963.0,35092,33100,8057,25043,620141
1900-01-01 06:53:00,7963.5,923185,7964.0,39497,150026,47430,102596,883688
1900-01-01 06:53:15,7963.0,94319,7963.5,1167873,148282,221137,-72855,-1073554
1900-01-01 06:53:30,7960.0,863033,7960.5,390055,7277,356610,-349333,472978
1900-01-01 06:53:45,7960.0,634647,7960.5,264236,217456,239418,-21962,370411
1900-01-01 06:54:00,7960.0,810562,7960.5,343598,21624,10020,11604,466964
1900-01-01 06:54:15,7960.0,520366,7960.5,911811,18,9606,-9588,-391445
1900-01-01 06:54:30,7956.0,56281,7956.5,1293365,9922,1089814,-1079892,-1237084
1900-01-01 06:54:45,7955.5,323394,7956.0,750367,45000,185825,-140825,-426973
1900-01-01 06:55:00,7949.0,873517,7949.5,251413,4082,284812,-280730,622104
1900-01-01 06:55:15,7949.0,523421,7949.5,90692,38486,99090,-60604,432729
1900-01-01 06:55:30,7951.5,292555,7952.0,426342,46207,4952,41255,-133787
1900-01-01 06:55:45,7951.5,259873,7952.0,447568,4439,25429,-20990,-187695
1900-01-01 06:56:00,7948.5,248855,7949.0,441709,2356,114148,-111792,-192854
1900-01-01 06:56:15,7948.5,48715,7949.0,1058388,5000,77050,-72050,-1009673
1900-01-01 06:56:30,7946.5,425291,7947.0,92201,100,233896,-233796,333090
1900-01-01 06:56:45,7946.5,887952,7947.0,279638,11010,81499,-70489,608314
1900-01-01 06:57:00,7946.5,870379,7947.0,89264,130274,45915,84359,781115
1900-01-01 06:57:15,7946.5,952912,7947.0,37278,45993,350,45643,915634
1900-01-01 06:57:30,7947.5,714401,7948.0,17570,39406,1048,38358,696831
1900-01-01 06:57:45,7947.5,451363,7948.0,92060,38798,37724,1074,359303
1900-01-01 06:58:00,7947.5,616628,7948.0,79437,51623,4840,46783,537191
1900-01-01 06:58:15,7949.0,216002,7949.5,625816,96716,29292,67424,-409814
1900-01-01 06:58:30,7947.5,611623,7948.0,82488,52416,209347,-156931,529135
1900-01-01 06:58:45,7947.5,354981,7948.0,3007398,47929,20223,27706,-2652417
1900-01-01 06:59:00,7947.5,6308,7948.0,3057324,122500,206806,-84306,-3051016
1900-01-01 06:59:15,7946.5,221050,7947.0,658138,3078,108161,-105083,-437088
1900-01-01 06:59:30,7945.5,147095,7946.0,1606953,3078,51947,-48869,-1459858
1900-01-01 06:59:45,7945.0,70668,7945.5,1455849,33392,451298,-417906,-1385181
1900-01-01 07:00:00,7942.5,124812,7943.0,794827,52260,2421045,-2368785,-670015
1900-01-01 07:00:15,7950.5,162141,7951.0,881240,1080682,310660,770022,-719099
1900-01-01 07:00:30,7947.5,104366,7948.0,721524,638317,150719,487598,-617158
1900-01-01 07:00:45,7947.5,136708,7948.0,709614,18680,62026,-43346,-572906
1900-01-01 07:01:00,7947.0,225789,7947.5,1552812,15676,128311,-112635,-1327023
1900-01-01 07:01:15,7945.5,38547,7946.5,452432,102000,43843,58157,-413885
1900-01-01 07:01:30,7945.5,8869,7946.0,866672,3850,52231,-48381,-857803
1900-01-01 07:01:45,7942.5,42524,7943.0,751259,3070,68179,-65109,-708735
1900-01-01 07:02:00,7942.0,19477,7942.5,963032,56660,163654,-106994,-943555
1900-01-01 07:02:15,7933.0,68152,7933.5,33790,99266,660777,-561511,34362
1900-01-01 07:02:30,7933.0,1222498,7933.5,37900,299221,1228876,-929655,1184598
1900-01-01 07:02:45,7934.5,34371,7935.0,766944,46288,218151,-171863,-732573
1900-01-01 07:03:00,7932.5,600117,7933.0,158706,100664,553938,-453274,441411
1900-01-01 07:03:15,7935.0,82132,7935.5,3017,117142,13808,103334,79115
1900-01-01 07:03:30,7936.5,285295,7937.0,295111,218804,39405,179399,-9816
1900-01-01 07:03:45,7936.5,367739,7937.0,633125,505,18000,-17495,-265386
1900-01-01 07:04:00,7936.5,452301,7937.0,1170463,24527,47138,-22611,-718162
1900-01-01 07:04:15,7936.5,360523,7937.0,1136042,27070,78246,-51176,-775519
1900-01-01 07:04:30,7936.0,11252,7936.5,1266113,6650,420447,-413797,-1254861
1900-01-01 07:04:45,7934.0,26391,7934.5,911296,25724,91217,-65493,-884905
1900-01-01 07:05:00,7932.0,413,7932.5,665675,31788,33202,-1414,-665262
1900-01-01 07:05:15,7926.0,482930,7926.5,191179,9602,918507,-908905,291751
1900-01-01 07:05:30,7934.0,489388,7934.5,818596,121529,589182,-467653,-329208
1900-01-01 07:05:45,7927.0,124894,7927.5,94866,18194,1228171,-1209977,30028
1900-01-01 07:06:00,7928.0,245428,7928.5,63986,24972,68580,-43608,181442
1900-01-01 07:06:15,7926.5,183162,7927.0,554942,343009,298650,44359,-371780
1900-01-01 07:06:30,7926.5,150346,7927.0,560943,231717,68993,162724,-410597
1900-01-01 07:06:45,7926.5,861243,7927.0,136100,61169,11591,49578,725143
1900-01-01 07:07:00,7934.0,393775,7934.5,50354,194246,9571,184675,343421
1900-01-01 07:07:15,7935.5,226,7936.0,127946,233260,265800,-32540,-127720
1900-01-01 07:07:30,7935.0,522806,7935.5,179352,37480,132241,-94761,343454
1900-01-01 07:07:45,7938.5,305347,7939.0,630408,472648,6835,465813,-325061
1900-01-01 07:08:00,7942.5,384451,7943.0,97344,715622,34704,680918,287107
1900-01-01 07:08:15,7944.5,285576,7945.0,496548,48700,600,48100,-210972
1900-01-01 07:08:30,7945.0,713626,7945.5,289370,582441,23217,559224,424256
1900-01-01 07:08:45,7945.0,626016,7945.5,6199,314921,121514,193407,619817
1900-01-01 07:09:00,7947.5,479265,7948.0,309914,129762,10606,119156,169351
1900-01-01 07:09:15,7949.0,251765,7949.5,474628,149840,31144,118696,-222863
1900-01-01 07:09:30,7949.0,296929,7949.5,603415,68196,51864,16332,-306486
1900-01-01 07:09:45,7949.0,91945,7949.5,1042853,210712,41649,169063,-950908
1900-01-01 07:10:00,7947.0,2652,7947.5,641363,84192,144403,-60211,-638711
1900-01-01 07:10:15,7947.0,28418,7947.5,2433742,145756,45402,100354,-2405324
1900-01-01 07:10:30,7945.0,32924,7945.5,538139,39572,19365,20207,-505215
1900-01-01 07:10:45,7942.5,121653,7943.0,432206,7852,87070,-79218,-310553
1900-01-01 07:11:00,7942.5,52057,7943.0,463057,36670,167816,-131146,-411000
1900-01-01 07:11:15,7942.0,104363,7942.5,973528,8117,129709,-121592,-869165
1900-01-01 07:11:30,7939.5,68458,7940.0,547815,11500,108661,-97161,-479357
1900-01-01 07:11:45,7939.5,779926,7940.0,152531,81717,43578,38139,627395
1900-01-01 07:12:00,7939.5,972304,7940.0,242348,67655,3608,64047,729956
1900-01-01 07:12:15,7939.5,618316,7940.0,611273,16639,10636,6003,7043
1900-01-01 07:12:30,7944.5,758007,7945.0,64876,74697,16880,57817,693131
1900-01-01 07:12:45,7945.0,817898,7945.5,56954,85985,304,85681,760944
1900-01-01 07:13:00,7949.5,1115113,7950.0,268879,623653,34825,588828,846234
1900-01-01 07:13:15,7951.5,146802,7952.0,817321,336441,9488,326953,-670519
1900-01-01 07:13:30,7954.0,233820,7954.5,388396,68862,53568,15294,-154576
1900-01-01 07:13:45,7954.0,258132,7954.5,410050,127404,41113,86291,-151918
1900-01-01 07:14:00,7954.0,281613,7954.5,434950,17286,3394,13892,-153337
1900-01-01 07:14:15,7954.0,253734,7954.5,455508,24315,12164,12151,-201774
1900-01-01 07:14:30,7954.0,127847,7954.5,2291133,25000,58686,-33686,-2163286
1900-01-01 07:14:45,7954.5,576704,7955.0,249282,22489,15009,7480,327422
1900-01-01 07:15:00,7954.5,1035713,7955.0,167143,172220,4210,168010,868570
1900-01-01 07:15:15,7956.0,512881,7956.5,307197,134007,10778,123229,205684
1900-01-01 07:15:30,7956.5,319232,7957.0,335757,28461,842,27619,-16525
1900-01-01 07:15:45,7956.5,790536,7957.0,119430,35482,104425,-68943,671106
1900-01-01 07:16:00,7956.5,233607,7957.0,336331,46757,38650,8107,-102724
1900-01-01 07:16:15,7956.5,333214,7957.0,300808,190994,33183,157811,32406
1900-01-01 07:16:30,7956.5,267769,7957.0,305299,26700,37975,-11275,-37530
1900-01-01 07:16:45,7956.5,200518,7957.0,299406,2040,178095,-176055,-98888
1900-01-01 07:17:00,7956.5,300302,7957.0,353781,84079,80698,3381,-53479
1900-01-01 07:17:15,7958.0,344135,7958.5,172203,341736,26235,315501,171932
1900-01-01 07:17:30,7958.5,213983,7959.0,294926,184514,42773,141741,-80943
1900-01-01 07:17:45,7965.0,231179,7965.5,16199,69916,9768,60148,214980
1900-01-01 07:18:00,7968.0,124117,7968.5,624574,403827,113938,289889,-500457
1900-01-01 07:18:15,7975.5,2705365,7976.0,10,596890,249881,347009,2705355
1900-01-01 07:18:30,7978.0,114000,7978.5,1710436,791262,162086,629176,-1596436
1900-01-01 07:18:45,7978.0,390629,7978.5,402466,394018,198245,195773,-11837
1900-01-01 07:19:00,7979.5,1498966,7980.0,16979,481480,34912,446568,1481987
1900-01-01 07:19:15,7992.0,446486,7992.5,14665,1429878,48492,1381386,431821
1900-01-01 07:19:30,7992.5,448746,7993.0,540695,362260,266363,95897,-91949
1900-01-01 07:19:45,7990.5,55562,7991.0,215655,264914,577381,-312467,-160093
1900-01-01 07:20:00,7988.0,1257918,7988.5,119555,263043,466173,-203130,1138363
1900-01-01 07:20:15,7988.5,946420,7989.0,126729,191053,260860,-69807,819691
1900-01-01 07:20:30,7992.5,308745,7993.0,25594,476591,117312,359279,283151
1900-01-01 07:20:45,8006.5,8963,8007.0,10555,1179107,287322,891785,-1592
1900-01-01 07:21:00,8008.5,381429,8009.5,215848,1226228,150901,1075327,165581
1900-01-01 07:21:15,8008.0,230240,8008.5,111217,2133302,147016,1986286,119023
1900-01-01 07:21:30,8002.5,734,8003.0,321650,260197,1389830,-1129633,-320916
1900-01-01 07:21:45,7995.0,218850,7995.5,271727,888716,1095637,-206921,-52877
1900-01-01 07:22:00,8000.5,1870257,8001.0,487751,298048,502273,-204225,1382506
1900-01-01 07:22:15,8000.5,2300583,8001.0,231713,130306,104267,26039,2068870
1900-01-01 07:22:30,8000.5,4146285,8001.0,240420,91185,41391,49794,3905865
1900-01-01 07:22:45,8005.5,312451,8006.0,87905,1096955,55244,1041711,224546
1900-01-01 07:23:00,7991.5,716065,7992.0,136325,138201,476809,-338608,579740
1900-01-01 07:23:15,7991.0,1342,7991.5,975135,274375,170925,103450,-973793
1900-01-01 07:23:30,7985.0,340338,7985.5,242608,92472,284690,-192218,97730
1900-01-01 07:23:45,7985.0,517346,7985.5,474040,44326,219728,-175402,43306
1900-01-01 07:24:00,7988.5,1100708,7989.0,126237,483735,142244,341491,974471
1900-01-01 07:24:15,7986.0,642035,7986.5,268398,94890,126333,-31443,373637
1900-01-01 07:24:30,7986.0,389307,7986.5,330498,28425,255623,-227198,58809
1900-01-01 07:24:45,7986.0,195953,7986.5,134312,46416,87602,-41186,61641
1900-01-01 07:25:00,7982.5,374354,7983.0,227153,26960,148593,-121633,147201
1900-01-01 07:25:15,7979.0,13418,7980.0,519682,36504,559962,-523458,-506264
1900-01-01 07:25:30,7971.0,935086,7971.5,605022,15650,636712,-621062,330064
1900-01-01 07:25:45,7971.0,608119,7971.5,695173,63559,540917,-477358,-87054
1900-01-01 07:26:00,7971.5,38106,7972.0,10926,160017,109313,50704,27180
1900-01-01 07:26:15,7974.5,295453,7975.0,273108,342856,19614,323242,22345
1900-01-01 07:26:30,7974.5,166567,7975.0,408163,55890,178006,-122116,-241596
1900-01-01 07:26:45,7967.0,358453,7967.5,228349,183206,339480,-156274,130104
1900-01-01 07:27:00,7966.5,33161,7967.0,776002,125762,177896,-52134,-742841
1900-01-01 07:27:15,7967.5,543596,7968.0,148447,234566,48811,185755,395149
1900-01-01 07:27:30,7974.5,95842,7975.0,401168,179981,33139,146842,-305326
1900-01-01 07:27:45,7972.5,8167,7973.0,596514,20106,76263,-56157,-588347
1900-01-01 07:28:00,7971.0,67313,7971.5,306618,32456,17568,14888,-239305
1900-01-01 07:28:15,7970.5,124149,7971.0,381025,28322,56102,-27780,-256876
1900-01-01 07:28:30,7970.5,52544,7971.0,516702,57508,4568,52940,-464158
1900-01-01 07:28:45,7966.0,722196,7966.5,366382,20564,413404,-392840,355814
1900-01-01 07:29:00,7966.0,46795,7966.5,627563,67045,908949,-841904,-580768
1900-01-01 07:29:15,7966.0,634418,7966.5,58682,83076,167008,-83932,575736
1900-01-01 07:29:30,7969.5,649567,7970.0,241706,89054,45708,43346,407861
1900-01-01 07:29:45,7974.0,533409,7974.5,114318,300317,3132,297185,419091
1900-01-01 07:30:00,7974.0,546592,7974.5,188611,197631,164857,32774,357981
1900-01-01 07:30:15,7975.5,832478,7976.0,130678,845856,23204,822652,701800
1900-01-01 07:30:30,7978.5,712458,7979.0,120,375197,22978,352219,712338
1900-01-01 07:30:45,7981.5,160593,7982.0,1122155,266649,52828,213821,-961562
1900-01-01 07:31:00,7981.0,3032,7981.5,1137202,69825,76494,-6669,-1134170
1900-01-01 07:31:15,7980.0,811088,7980.5,83079,38297,41676,-3379,728009
1900-01-01 07:31:30,7980.0,784117,7980.5,36930,46202,22302,23900,747187
1900-01-01 07:31:45,7980.5,262783,7981.0,61879,39984,34510,5474,200904
1900-01-01 07:32:00,7981.5,68835,7982.0,124046,55401,141814,-86413,-55211
1900-01-01 07:32:15,7984.0,227862,7984.5,38444,182991,10180,172811,189418
1900-01-01 07:32:30,7984.0,108179,7984.5,211539,53650,283899,-230249,-103360
1900-01-01 07:32:45,7984.0,1111876,7984.5,13284,76905,31952,44953,1098592
1900-01-01 07:33:00,7989.5,326605,7990.0,284937,574004,6466,567538,41668
1900-01-01 07:33:15,7991.5,711386,7992.0,181093,168693,54008,114685,530293
1900-01-01 07:33:30,7994.0,218883,7994.5,9883,156882,24990,131892,209000
1900-01-01 07:33:45,7989.5,478772,7990.0,885863,46965,222422,-175457,-407091
1900-01-01 07:34:00,7988.0,34949,7988.5,1149467,131601,139027,-7426,-1114518
1900-01-01 07:34:15,7984.0,74966,7984.5,401827,20954,259013,-238059,-326861
1900-01-01 07:34:30,7984.5,2726,7985.0,387244,77107,99867,-22760,-384518
1900-01-01 07:34:45,7986.0,182873,7986.5,438555,30354,11242,19112,-255682
1900-01-01 07:35:00,7984.5,445530,7985.0,360924,13125,84094,-70969,84606
1900-01-01 07:35:15,7984.5,202970,7985.0,599581,15923,42040,-26117,-396611
1900-01-01 07:35:30,7984.5,33179,7985.0,688920,1800,22217,-20417,-655741
1900-01-01 07:35:45,7984.0,567435,7984.5,89974,48624,145530,-96906,477461
1900-01-01 07:36:00,7984.0,807824,7984.5,95133,43108,10927,32181,712691
1900-01-01 07:36:15,7993.0,190555,7993.5,387384,588684,201486,387198,-196829
1900-01-01 07:36:30,8000.0,22774,8000.5,36697,1109280,37890,1071390,-13923
1900-01-01 07:36:45,7994.0,85482,7994.5,300573,191516,341598,-150082,-215091
1900-01-01 07:37:00,7975.5,818289,7976.0,122599,48183,428836,-380653,695690
1900-01-01 07:37:15,7985.0,2151,7985.5,440468,153930,158805,-4875,-438317
1900-01-01 07:37:30,7982.0,62064,7982.5,571519,47750,10352,37398,-509455
1900-01-01 07:37:45,7981.5,175089,7982.0,528675,10649,114568,-103919,-353586
1900-01-01 07:38:00,7981.5,808026,7982.0,346867,199126,33742,165384,461159
1900-01-01 07:38:15,7985.0,768401,7985.5,20730,120269,1164,119105,747671
1900-01-01 07:38:30,7986.5,428052,7987.0,470703,128650,9152,119498,-42651
1900-01-01 07:38:45,7987.0,151430,7987.5,463786,133539,34587,98952,-312356
1900-01-01 07:39:00,7987.0,96261,7987.5,711269,23914,133707,-109793,-615008
1900-01-01 07:39:15,7982.5,50331,7983.0,894144,2501,198614,-196113,-843813
1900-01-01 07:39:30,7979.5,35754,7980.0,1143833,9905,360506,-350601,-1108079
1900-01-01 07:39:45,7976.5,571135,7977.0,726965,11600,61050,-49450,-155830
1900-01-01 07:40:00,7976.5,439453,7977.0,313091,65100,138226,-73126,126362
1900-01-01 07:40:15,7976.0,24765,7976.5,1170041,245432,78534,166898,-1145276
1900-01-01 07:40:30,7969.5,61615,7970.0,872936,47136,480873,-433737,-811321
1900-01-01 07:40:45,7968.0,6480,7968.5,625698,85428,127089,-41661,-619218
1900-01-01 07:41:00,7965.0,1742295,7965.5,162231,74479,137480,-63001,1580064
1900-01-01 07:41:15,7965.0,1520921,7965.5,124422,99147,620076,-520929,1396499
1900-01-01 07:41:30,7974.0,138405,7974.5,979117,239323,50111,189212,-840712
1900-01-01 07:41:45,7974.0,226434,7974.5,412768,142734,26546,116188,-186334
1900-01-01 07:42:00,7974.5,1164674,7975.0,25550,163405,7128,156277,1139124
1900-01-01 07:42:15,7979.5,187787,7980.0,438475,236085,12966,223119,-250688
1900-01-01 07:42:30,7977.0,23595,7977.5,473758,145430,101751,43679,-450163
1900-01-01 07:42:45,7976.5,93998,7977.0,333817,27576,11652,15924,-239819
1900-01-01 07:43:00,7976.5,48667,7977.0,372361,18931,3780,15151,-323694
1900-01-01 07:43:15,7976.5,801348,7977.0,138586,11406,47228,-35822,662762
1900-01-01 07:43:30,7979.5,443545,7980.0,22256,162230,69740,92490,421289
1900-01-01 07:43:45,7979.5,88076,7980.0,632909,17220,44955,-27735,-544833
1900-01-01 07:44:00,7978.5,63568,7979.0,1343692,53412,83172,-29760,-1280124
1900-01-01 07:44:15,7978.5,21793,7979.0,1379627,12964,35362,-22398,-1357834
1900-01-01 07:44:30,7977.5,252186,7978.0,705710,29484,82900,-53416,-453524
1900-01-01 07:44:45,7977.0,5831,7977.5,1218759,36978,69319,-32341,-1212928
1900-01-01 07:45:00,7977.0,20252,7977.5,1430581,20002,103165,-83163,-1410329
1900-01-01 07:45:15,7976.5,529960,7977.0,484501,106454,122683,-16229,45459
1900-01-01 07:45:30,7976.5,884266,7977.0,232366,106181,40300,65881,651900
1900-01-01 07:45:45,7979.5,562467,7980.0,53462,302321,33708,268613,509005
1900-01-01 07:46:00,7986.5,262873,7987.0,21013,192760,1520,191240,241860
1900-01-01 07:46:15,7991.5,353966,7992.0,261824,1022565,66912,955653,92142
1900-01-01 07:46:30,7999.5,518818,8000.0,118498,437996,402356,35640,400320
1900-01-01 07:46:45,8004.5,33843,8005.0,449305,440306,176442,263864,-415462
1900-01-01 07:47:00,8001.5,833378,8002.0,304412,194260,241450,-47190,528966
1900-01-01 07:47:15,8004.0,100,8004.5,702984,407095,838999,-431904,-702884
1900-01-01 07:47:30,8002.5,770066,8003.0,616583,218986,391264,-172278,153483
1900-01-01 07:47:45,8004.5,526299,8005.0,387502,215437,166434,49003,138797
1900-01-01 07:48:00,8004.5,522387,8005.0,1126774,700075,87485,612590,-604387
1900-01-01 07:48:15,8000.0,352476,8000.5,1569338,10592,328214,-317622,-1216862
1900-01-01 07:48:30,7999.5,947987,8000.0,311256,9324,531635,-522311,636731
1900-01-01 07:48:45,8000.0,71370,8000.5,779518,53157,156027,-102870,-708148
1900-01-01 07:49:00,8001.5,1196307,8002.0,70755,200594,88776,111818,1125552
1900-01-01 07:49:15,8005.0,491497,8005.5,90,406138,118739,287399,491407
1900-01-01 07:49:30,8016.0,284436,8016.5,473609,1139490,61431,1078059,-189173
1900-01-01 07:49:45,8029.0,94973,8030.0,249855,1684994,228248,1456746,-154882
1900-01-01 07:50:00,8025.0,1334,8025.5,233462,2228802,428345,1800457,-232128
1900-01-01 07:50:15,8011.0,595385,8011.5,256246,515947,424495,91452,339139
1900-01-01 07:50:30,8015.5,56431,8016.0,982181,384555,258578,125977,-925750
1900-01-01 07:50:45,8011.0,232061,8011.5,421997,119454,258905,-139451,-189936
1900-01-01 07:51:00,8011.0,818189,8011.5,482064,50483,257882,-207399,336125
1900-01-01 07:51:15,8011.0,1236427,8011.5,134275,174600,543604,-369004,1102152
1900-01-01 07:51:30,8022.0,48000,8022.5,18249,385231,279238,105993,29751
1900-01-01 07:51:45,8020.0,22625,8020.5,390104,459099,214061,245038,-367479
1900-01-01 07:52:00,8019.5,383127,8020.0,1100193,197325,250111,-52786,-717066
1900-01-01 07:52:15,8016.0,71009,8016.5,1128203,130232,151469,-21237,-1057194
1900-01-01 07:52:30,8011.0,37150,8011.5,1089325,220916,163583,57333,-1052175
1900-01-01 07:52:45,8011.0,352164,8011.5,17472,150482,394473,-243991,334692
1900-01-01 07:53:00,8011.0,9736,8011.5,779603,195741,321015,-125274,-769867
1900-01-01 07:53:15,8011.0,1618293,8011.5,107818,106606,188341,-81735,1510475
1900-01-01 07:53:30,8019.0,322176,8019.5,13033,962243,246463,715780,309143
1900-01-01 07:53:45,8019.0,37791,8019.5,601804,121893,103179,18714,-564013
1900-01-01 07:54:00,8019.0,205034,8019.5,577084,184141,41589,142552,-372050
1900-01-01 07:54:15,8019.0,57404,8019.5,972168,134536,318722,-184186,-914764
1900-01-01 07:54:30,8014.5,40000,8015.0,983677,209084,210208,-1124,-943677
1900-01-01 07:54:45,8012.0,1480159,8012.5,280845,125004,71223,53781,1199314
1900-01-01 07:55:00,8014.0,176710,8014.5,297707,243332,31425,211907,-120997
1900-01-01 07:55:15,8016.0,263829,8016.5,123234,70661,363151,-292490,140595
1900-01-01 07:55:30,8012.0,1507,8012.5,185507,91011,267543,-176532,-184000
1900-01-01 07:55:45,8001.5,627458,8002.0,325583,55414,220585,-165171,301875
1900-01-01 07:56:00,7996.5,452891,7997.0,203020,72468,477952,-405484,249871
1900-01-01 07:56:15,7990.0,59931,7990.5,304884,116260,757472,-641212,-244953
1900-01-01 07:56:30,7985.0,1323985,7985.5,50754,29279,387143,-357864,1273231
1900-01-01 07:56:45,7992.5,604795,7993.0,394650,207059,523866,-316807,210145
1900-01-01 07:57:00,7990.0,368748,7990.5,117820,235206,201835,33371,250928
1900-01-01 07:57:15,7986.0,16195,7986.5,754496,108720,163976,-55256,-738301
1900-01-01 07:57:30,7982.5,335052,7983.0,1046140,16040,293128,-277088,-711088
1900-01-01 07:57:45,7978.5,7570,7979.0,1398194,287036,873900,-586864,-1390624
1900-01-01 07:58:00,7982.5,815179,7983.0,18332,168399,249944,-81545,796847
1900-01-01 07:58:15,7979.5,443526,7980.0,187648,284412,260199,24213,255878
1900-01-01 07:58:30,7985.0,205096,7985.5,9460,194160,415084,-220924,195636
1900-01-01 07:58:45,7985.5,1889279,7986.0,92894,104774,334664,-229890,1796385
1900-01-01 07:59:00,7985.5,1024417,7986.0,994529,113674,105094,8580,29888
1900-01-01 07:59:15,7985.5,1016914,7986.0,1739664,137439,302016,-164577,-722750
1900-01-01 07:59:30,7984.5,15481,7985.0,643737,58288,332560,-274272,-628256
1900-01-01 07:59:45,7981.0,392435,7981.5,302120,143279,632105,-488826,90315
1900-01-01 08:00:00,7981.0,197564,7981.5,587781,193354,53010,140344,-390217
1900-01-01 08:00:15,7981.0,268049,7981.5,1219898,149053,71910,77143,-951849
1900-01-01 08:00:30,7981.0,103626,7981.5,1543633,96891,69618,27273,-1440007
1900-01-01 08:00:45,7978.0,35035,7978.5,1218017,33224,945830,-912606,-1182982
1900-01-01 08:01:00,7974.0,44517,7974.5,721948,44619,1022792,-978173,-677431
1900-01-01 08:01:15,7970.0,372731,7970.5,1262766,12733,1232752,-1220019,-890035
1900-01-01 08:01:30,7963.5,1060160,7964.0,1250818,44332,589168,-544836,-190658
1900-01-01 08:01:45,7964.5,837094,7965.0,92976,840126,415472,424654,744118
1900-01-01 08:02:00,7966.5,109487,7967.0,720254,147425,275534,-128109,-610767
1900-01-01 08:02:15,7960.0,103530,7960.5,748312,272693,1485089,-1212396,-644782
1900-01-01 08:02:30,7956.5,95888,7957.0,402013,87276,802021,-714745,-306125
1900-01-01 08:02:45,7941.5,9943,7942.0,80477,340374,1437740,-1097366,-70534
1900-01-01 08:03:00,7956.5,303303,7957.0,353078,767521,792992,-25471,-49775
1900-01-01 08:03:15,7956.5,108268,7957.0,1112544,434174,524664,-90490,-1004276
1900-01-01 08:03:30,7956.5,517288,7957.0,66115,170849,136723,34126,451173
1900-01-01 08:03:45,7956.5,311158,7957.0,697182,142683,108359,34324,-386024
1900-01-01 08:04:00,7955.0,50625,7955.5,1585299,77696,487459,-409763,-1534674
1900-01-01 08:04:15,7952.0,418980,7952.5,1011343,25424,868319,-842895,-592363
1900-01-01 08:04:30,7954.0,721814,7954.5,20194,243028,290031,-47003,701620
1900-01-01 08:04:45,7951.5,16469,7952.0,338700,330664,251336,79328,-322231
1900-01-01 08:05:00,7951.5,321652,7952.0,372302,211783,80481,131302,-50650
1900-01-01 08:05:15,7952.5,548992,7953.0,225,253216,116035,137181,548767
1900-01-01 08:05:30,7958.0,317131,7958.5,402061,322744,167539,155205,-84930
1900-01-01 08:05:45,7958.0,819972,7958.5,141412,273388,22990,250398,678560
1900-01-01 08:06:00,7962.0,1010306,7962.5,69339,283584,34313,249271,940967
1900-01-01 08:06:15,7964.0,822771,7964.5,417744,547198,76438,470760,405027
1900-01-01 08:06:30,7964.0,1214787,7964.5,106178,359163,96003,263160,1108609
1900-01-01 08:06:45,7973.0,107108,7973.5,863583,146929,95970,50959,-756475
1900-01-01 08:07:00,7969.5,97410,7970.0,1119636,74078,226199,-152121,-1022226
1900-01-01 08:07:15,7965.0,583201,7965.5,462298,122434,109260,13174,120903
1900-01-01 08:07:30,7963.5,46805,7964.0,1216793,16348,207724,-191376,-1169988
1900-01-01 08:07:45,7963.5,334792,7964.0,498517,283204,195350,87854,-163725
1900-01-01 08:08:00,7963.5,300225,7964.0,721896,24066,25157,-1091,-421671
1900-01-01 08:08:15,7963.5,651316,7964.0,282963,37610,102888,-65278,368353
1900-01-01 08:08:30,7968.5,428122,7969.0,276687,335152,42198,292954,151435
1900-01-01 08:08:45,7970.0,991368,7970.5,52,609365,26409,582956,991316
1900-01-01 08:09:00,7973.5,956148,7974.0,505098,191981,13506,178475,451050
1900-01-01 08:09:15,7973.5,264245,7974.0,890262,90476,134504,-44028,-626017
1900-01-01 08:09:30,7973.5,238554,7974.0,1183860,123447,29475,93972,-945306
1900-01-01 08:09:45,7973.5,169194,7974.0,1403878,32278,141504,-109226,-1234684
1900-01-01 08:10:00,7973.5,184919,7974.0,729066,17595,137814,-120219,-544147
1900-01-01 08:10:15,7973.5,554406,7974.0,227732,99757,24330,75427,326674
1900-01-01 08:10:30,7970.0,303632,7970.5,1180925,30724,135561,-104837,-877293
1900-01-01 08:10:45,7964.0,405997,7964.5,353693,4512,49745,-45233,52304
1900-01-01 08:11:00,7964.0,514092,7964.5,326605,57818,26722,31096,187487
1900-01-01 08:11:15,7964.0,135503,7964.5,893047,11775,24318,-12543,-757544
1900-01-01 08:11:30,7964.0,129106,7964.5,956622,9927,19870,-9943,-827516
1900-01-01 08:11:45,7964.0,178349,7964.5,1018405,20996,47667,-26671,-840056
1900-01-01 08:12:00,7964.0,115998,7964.5,737957,5634,27695,-22061,-621959
1900-01-01 08:12:15,7964.0,1403595,7964.5,32622,109251,29340,79911,1370973
1900-01-01 08:12:30,7964.5,1397248,7965.0,52542,90884,16170,74714,1344706
1900-01-01 08:12:45,7965.0,405397,7965.5,417531,28892,24711,4181,-12134
1900-01-01 08:13:00,7965.0,186521,7965.5,495959,24758,26877,-2119,-309438
1900-01-01 08:13:15,7965.0,342825,7965.5,476536,14188,10954,3234,-133711
1900-01-01 08:13:30,7965.0,555918,7965.5,226208,19205,182718,-163513,329710
1900-01-01 08:13:45,7965.0,1359998,7965.5,12644,49712,9120,40592,1347354
1900-01-01 08:14:00,7972.0,546885,7972.5,190846,208921,105488,103433,356039
1900-01-01 08:14:15,7972.0,222210,7972.5,636444,72576,94082,-21506,-414234
1900-01-01 08:14:30,7972.0,907116,7972.5,560210,8482,60976,-52494,346906
1900-01-01 08:14:45,7972.0,1359243,7972.5,77274,35264,42145,-6881,1281969
1900-01-01 08:15:00,7974.5,1178536,7975.0,57275,140063,28140,111923,1121261
1900-01-01 08:15:15,7977.0,42766,7977.5,1468044,162723,98423,64300,-1425278
1900-01-01 08:15:30,7977.0,509427,7977.5,1699749,130652,70903,59749,-1190322
1900-01-01 08:15:45,7977.0,675882,7977.5,1392888,32378,29100,3278,-717006
1900-01-01 08:16:00,7977.0,940101,7977.5,950710,1844,30179,-28335,-10609
1900-01-01 08:16:15,7983.5,569725,7984.0,40212,245469,107500,137969,529513
1900-01-01 08:16:30,7983.5,160260,7984.0,496533,88824,83331,5493,-336273
1900-01-01 08:16:45,7984.0,1294,7984.5,908668,49892,87825,-37933,-907374
1900-01-01 08:17:00,7975.0,100224,7975.5,1335838,62898,91738,-28840,-1235614
1900-01-01 08:17:15,7975.0,129939,7975.5,482223,46830,65814,-18984,-352284
1900-01-01 08:17:30,7973.5,384916,7974.0,412421,53400,81016,-27616,-27505
1900-01-01 08:17:45,7966.0,6100,7966.5,586950,15758,804995,-789237,-580850
1900-01-01 08:18:00,7966.0,942304,7966.5,498534,17753,38868,-21115,443770
1900-01-01 08:18:15,7966.0,790251,7966.5,422878,8096,43160,-35064,367373
1900-01-01 08:18:30,7966.0,1391954,7966.5,262327,46135,132853,-86718,1129627
1900-01-01 08:18:45,7966.0,1044451,7966.5,341862,59375,232630,-173255,702589
1900-01-01 08:19:00,7964.0,232105,7964.5,734512,72342,438537,-366195,-502407
1900-01-01 08:19:15,7964.0,233523,7964.5,600256,33986,62745,-28759,-366733
1900-01-01 08:19:30,7964.0,120011,7964.5,655876,124736,135410,-10674,-535865
1900-01-01 08:19:45,7962.0,699990,7962.5,633728,17244,58617,-41373,66262
1900-01-01 08:20:00,7962.0,9734,7962.5,1286747,8287,53362,-45075,-1277013
1900-01-01 08:20:15,7962.0,3153,7962.5,1385663,36338,10873,25465,-1382510
1900-01-01 08:20:30,7962.0,89130,7962.5,1489918,12327,25981,-13654,-1400788
1900-01-01 08:20:45,7962.0,423459,7962.5,717869,26815,36558,-9743,-294410
1900-01-01 08:21:00,7962.0,829206,7962.5,243882,249668,13574,236094,585324
1900-01-01 08:21:15,7962.0,1083430,7962.5,167460,104469,1182,103287,915970
1900-01-01 08:21:30,7962.0,1171685,7962.5,82117,82961,14780,68181,1089568
1900-01-01 08:21:45,7962.0,1364830,7962.5,58471,40086,2661,37425,1306359
1900-01-01 08:22:00,7962.0,1077596,7962.5,151296,8499,21736,-13237,926300
1900-01-01 08:22:15,7962.0,1045272,7962.5,105765,17706,70600,-52894,939507
1900-01-01 08:22:30,7962.0,1192937,7962.5,21822,13123,884,12239,1171115
1900-01-01 08:22:45,7963.5,702804,7964.0,133647,62229,88047,-25818,569157
1900-01-01 08:23:00,7963.5,1136268,7964.0,71684,53893,13800,40093,1064584
1900-01-01 08:23:15,7964.5,976810,7965.0,54916,40506,22918,17588,921894
1900-01-01 08:23:30,7964.5,1413879,7965.0,102320,39996,2002,37994,1311559
1900-01-01 08:23:45,7967.5,734973,7968.0,5020,31529,32350,-821,729953
1900-01-01 08:24:00,7969.5,1387498,7970.0,6588,50411,1562,48849,1380910
1900-01-01 08:24:15,7971.0,95053,7971.5,1132980,164258,86422,77836,-1037927
1900-01-01 08:24:30,7977.0,325557,7977.5,7574,88778,112696,-23918,317983
1900-01-01 08:24:45,7984.0,668532,7984.5,565710,102827,30507,72320,102822
1900-01-01 08:25:00,7984.0,802125,7984.5,712272,139131,23437,115694,89853
1900-01-01 08:25:15,7984.0,952685,7984.5,680257,330075,128835,201240,272428
1900-01-01 08:25:30,7984.0,103695,7984.5,820279,79623,42775,36848,-716584
1900-01-01 08:25:45,7984.0,607185,7984.5,879968,50588,17043,33545,-272783
1900-01-01 08:26:00,7979.0,397450,7979.5,237858,151124,398148,-247024,159592
1900-01-01 08:26:15,7979.0,1067203,7979.5,144851,48372,76771,-28399,922352
1900-01-01 08:26:30,7984.0,1119618,7984.5,84522,89367,22298,67069,1035096
1900-01-01 08:26:45,7987.5,1329878,7988.0,155921,123107,9160,113947,1173957
1900-01-01 08:27:00,7990.5,852288,7991.0,243738,488355,7682,480673,608550
1900-01-01 08:27:15,7990.5,490961,7991.0,57035,362274,106086,256188,433926
1900-01-01 08:27:30,7986.5,62047,7987.0,537263,5782,261612,-255830,-475216
1900-01-01 08:27:45,7985.5,314943,7986.0,281642,78331,203291,-124960,33301
1900-01-01 08:28:00,7985.5,30595,7986.0,731837,35040,21639,13401,-701242
1900-01-01 08:28:15,7988.5,172366,7989.0,589905,156502,11400,145102,-417539
1900-01-01 08:28:30,7988.0,344931,7988.5,277856,180000,37627,142373,67075
1900-01-01 08:28:45,7988.0,132387,7988.5,247685,152624,52503,100121,-115298
1900-01-01 08:29:00,7988.0,432001,7988.5,578022,51670,13768,37902,-146021
1900-01-01 08:29:15,7988.0,90764,7988.5,1585314,32635,32519,116,-1494550
1900-01-01 08:29:30,7988.0,110345,7988.5,1574212,17558,35310,-17752,-1463867
1900-01-01 08:29:45,7985.0,1001088,7985.5,314400,11902,36889,-24987,686688
1900-01-01 08:30:00,7985.0,657867,7985.5,701188,55000,58005,-3005,-43321
1900-01-01 08:30:15,7985.0,49092,7985.5,1620032,14813,16808,-1995,-1570940
1900-01-01 08:30:30,7985.0,485753,7985.5,758139,36248,30016,6232,-272386
1900-01-01 08:30:45,7985.0,339995,7985.5,1227030,13539,59472,-45933,-887035
1900-01-01 08:31:00,7983.0,44245,7983.5,1104969,8706,410599,-401893,-1060724
1900-01-01 08:31:15,7983.0,691557,7983.5,536049,19734,28505,-8771,155508
1900-01-01 08:31:30,7983.0,48925,7983.5,1250813,10984,28353,-17369,-1201888
1900-01-01 08:31:45,7980.5,6948,7981.0,745127,8160,54146,-45986,-738179
1900-01-01 08:32:00,7975.0,457661,7975.5,403250,2361,131339,-128978,54411
1900-01-01 08:32:15,7973.0,290578,7973.5,435637,69940,486243,-416303,-145059
1900-01-01 08:32:30,7973.0,737263,7973.5,267522,63414,26972,36442,469741
1900-01-01 08:32:45,7973.0,1069204,7973.5,114615,119265,22025,97240,954589
1900-01-01 08:33:00,7971.5,5538,7972.0,811947,144391,456261,-311870,-806409
1900-01-01 08:33:15,7958.0,12448,7958.5,1258792,69266,229071,-159805,-1246344
1900-01-01 08:33:30,7956.5,240385,7957.0,4003,175778,112102,63676,236382
1900-01-01 08:33:45,7961.5,184172,7962.0,1086964,139215,40290,98925,-902792
1900-01-01 08:34:00,7961.5,129971,7962.0,995628,154897,132099,22798,-865657
1900-01-01 08:34:15,7958.5,137241,7959.0,670602,8872,153842,-144970,-533361
1900-01-01 08:34:30,7953.5,23220,7954.0,868200,9000,128534,-119534,-844980
1900-01-01 08:34:45,7947.5,943008,7948.0,114878,156542,826773,-670231,828130
1900-01-01 08:35:00,7958.0,48118,7958.5,14022,478144,113938,364206,34096
1900-01-01 08:35:15,7964.0,465602,7964.5,750464,315775,34324,281451,-284862
1900-01-01 08:35:30,7964.0,1148417,7964.5,281399,186328,24002,162326,867018
1900-01-01 08:35:45,7964.0,873022,7964.5,107490,126564,32634,93930,765532
1900-01-01 08:36:00,7964.5,1334072,7965.0,52502,165315,109060,56255,1281570
1900-01-01 08:36:15,7964.5,1192164,7965.0,29897,36221,1860,34361,1162267
1900-01-01 08:36:30,7965.5,447902,7966.0,407175,73509,29791,43718,40727
1900-01-01 08:36:45,7965.5,563141,7966.0,558686,55106,4604,50502,4455
1900-01-01 08:37:00,7965.5,938334,7966.0,529271,103012,1200,101812,409063
1900-01-01 08:37:15,7966.5,1383532,7967.0,40964,44322,8320,36002,1342568
1900-01-01 08:37:30,7969.5,410538,7970.0,380704,31394,14410,16984,29834
1900-01-01 08:37:45,7969.5,575081,7970.0,103647,158700,15849,142851,471434
1900-01-01 08:38:00,7969.5,579484,7970.0,377956,40847,7784,33063,201528
1900-01-01 08:38:15,7965.5,168060,7967.5,581287,56896,338651,-281755,-413227
1900-01-01 08:38:30,7965.5,122252,7966.0,695152,11754,94818,-83064,-572900
1900-01-01 08:38:45,7965.0,24626,7965.5,867057,9014,118641,-109627,-842431
1900-01-01 08:39:00,7962.0,1089529,7962.5,655,25444,293673,-268229,1088874
1900-01-01 08:39:15,7962.0,1113312,7962.5,46489,31050,2192,28858,1066823
1900-01-01 08:39:30,7970.0,680391,7970.5,77524,78784,6806,71978,602867
1900-01-01 08:39:45,7970.0,105694,7970.5,1257896,56637,15013,41624,-1152202
1900-01-01 08:40:00,7970.0,53624,7970.5,565851,22111,18661,3450,-512227
1900-01-01 08:40:15,7965.5,562722,7966.0,224376,13507,112867,-99360,338346
1900-01-01 08:40:30,7965.5,37073,7966.0,1048191,3467,9018,-5551,-1011118
1900-01-01 08:40:45,7965.5,6335,7966.0,1379407,124,33927,-33803,-1373072
1900-01-01 08:41:00,7964.0,379934,7964.5,223827,18000,21875,-3875,156107
1900-01-01 08:41:15,7960.0,1108391,7960.5,72703,12600,272446,-259846,1035688
1900-01-01 08:41:30,7963.0,828208,7963.5,50670,19562,20682,-1120,777538
1900-01-01 08:41:45,7962.0,12204,7962.5,549326,3017,51338,-48321,-537122
1900-01-01 08:42:00,7962.0,143586,7962.5,627932,4426,1013,3413,-484346
1900-01-01 08:42:15,7962.0,49889,7962.5,1697650,7944,112589,-104645,-1647761
1900-01-01 08:42:30,7957.5,50336,7958.0,187375,4000,76089,-72089,-137039
1900-01-01 08:42:45,7957.5,1077697,7958.0,54075,139610,23889,115721,1023622
1900-01-01 08:43:00,7957.5,861744,7958.0,204054,40715,1500,39215,657690
1900-01-01 08:43:15,7957.5,783995,7958.0,147040,74938,10020,64918,636955
1900-01-01 08:43:30,7957.5,1163643,7958.0,47003,69366,1710,67656,1116640
1900-01-01 08:43:45,7957.5,1238406,7958.0,60223,46131,17486,28645,1178183
1900-01-01 08:44:00,7958.0,1058947,7958.5,28768,50949,63990,-13041,1030179
1900-01-01 08:44:15,7958.5,384144,7959.0,138947,10475,41881,-31406,245197
1900-01-01 08:44:30,7959.0,127622,7959.5,536810,174429,56136,118293,-409188
1900-01-01 08:44:45,7959.0,226331,7959.5,413808,77236,15946,61290,-187477
1900-01-01 08:45:00,7958.0,5732,7958.5,1869344,9590,167018,-157428,-1863612
1900-01-01 08:45:15,7957.0,203957,7957.5,1637517,1510,65544,-64034,-1433560
1900-01-01 08:45:30,7957.0,144767,7957.5,1321876,1360,160187,-158827,-1177109
1900-01-01 08:45:45,7957.0,628968,7957.5,335558,15704,41300,-25596,293410
1900-01-01 08:46:00,7957.0,533120,7957.5,504709,24005,24477,-472,28411
1900-01-01 08:46:15,7958.5,721649,7959.0,18946,94350,52000,42350,702703
1900-01-01 08:46:30,7960.0,745660,7960.5,217,85042,13200,71842,745443
1900-01-01 08:46:45,7963.5,254711,7964.0,27169,61604,2102,59502,227542
1900-01-01 08:47:00,7964.5,533188,7965.0,526449,258639,8700,249939,6739
1900-01-01 08:47:15,7962.5,347,7963.0,1743033,28962,191317,-162355,-1742686
1900-01-01 08:47:30,7962.5,37001,7963.0,1647876,9256,1506,7750,-1610875
1900-01-01 08:47:45,7957.0,624998,7957.5,1078489,3202,81696,-78494,-453491
1900-01-01 08:48:00,7957.0,869826,7957.5,714269,184184,168488,15696,155557
1900-01-01 08:48:15,7957.0,930802,7957.5,539811,16522,7332,9190,390991
1900-01-01 08:48:30,7957.0,1001899,7957.5,410380,23665,8120,15545,591519
1900-01-01 08:48:45,7957.0,1166391,7957.5,163800,190058,100,189958,1002591
1900-01-01 08:49:00,7957.5,802226,7958.0,1953,46339,4147,42192,800273
1900-01-01 08:49:15,7958.0,928938,7958.5,27086,61859,2900,58959,901852
1900-01-01 08:49:30,7960.0,23315,7960.5,393231,215732,31709,184023,-369916
1900-01-01 08:49:45,7959.5,2853,7960.0,664611,20536,27234,-6698,-661758
1900-01-01 08:50:00,7957.0,572811,7957.5,427395,50662,152157,-101495,145416
1900-01-01 08:50:15,7957.0,599018,7957.5,648291,6443,47840,-41397,-49273
1900-01-01 08:50:30,7957.0,716361,7957.5,618864,13531,32200,-18669,97497
1900-01-01 08:50:45,7957.0,630876,7957.5,643970,1048,6979,-5931,-13094
1900-01-01 08:51:00,7957.0,658272,7957.5,586585,2418,118892,-116474,71687
1900-01-01 08:51:15,7957.0,1019178,7957.5,202838,8200,38822,-30622,816340
1900-01-01 08:51:30,7959.5,785169,7960.0,27744,165388,31566,133822,757425
1900-01-01 08:51:45,7959.5,1135076,7960.0,2141,25701,14285,11416,1132935
1900-01-01 08:52:00,7963.0,675193,7963.5,34201,56908,4385,52523,640992
1900-01-01 08:52:15,7961.0,469707,7961.5,6393,35865,37741,-1876,463314
1900-01-01 08:52:30,7961.0,68941,7961.5,674802,9051,20757,-11706,-605861
1900-01-01 08:52:45,7959.0,343337,7959.5,411659,31624,61494,-29870,-68322
1900-01-01 08:53:00,7959.0,373997,7959.5,597450,5714,32174,-26460,-223453
1900-01-01 08:53:15,7959.0,373185,7959.5,516598,5402,27699,-22297,-143413
1900-01-01 08:53:30,7959.0,909602,7959.5,48948,10186,25720,-15534,860654
1900-01-01 08:53:45,7961.0,580250,7961.5,388252,223717,16017,207700,191998
1900-01-01 08:54:00,7963.0,1220934,7963.5,2314,134310,9100,125210,1218620
1900-01-01 08:54:15,7968.5,643344,7969.0,13852,359199,16754,342445,629492
1900-01-01 08:54:30,7968.5,370045,7969.0,598481,7648,41096,-33448,-228436
1900-01-01 08:54:45,7968.5,398359,7969.0,607685,30471,14116,16355,-209326
1900-01-01 08:55:00,7968.5,408950,7969.0,1097677,10803,93628,-82825,-688727
1900-01-01 08:55:15,7968.5,494981,7969.0,706854,103438,46100,57338,-211873
1900-01-01 08:55:30,7969.0,1517586,7969.5,58354,156482,8010,148472,1459232
1900-01-01 08:55:45,7973.5,1105333,7974.0,22394,500232,264,499968,1082939
1900-01-01 08:56:00,7974.0,996277,7974.5,73595,118213,42975,75238,922682
1900-01-01 08:56:15,7974.0,612603,7974.5,408947,40271,13652,26619,203656
1900-01-01 08:56:30,7974.0,14559,7974.5,1308584,114674,60701,53973,-1294025
1900-01-01 08:56:45,7974.5,867132,7975.0,175395,240451,122842,117609,691737
1900-01-01 08:57:00,7979.5,467847,7980.0,937434,267546,31706,235840,-469587
1900-01-01 08:57:15,7979.5,789472,7980.0,184245,504518,1018,503500,605227
1900-01-01 08:57:30,7999.0,61848,7999.5,434056,959243,451869,507374,-372208
1900-01-01 08:57:45,8006.0,459309,8006.5,58506,809804,187991,621813,400803
1900-01-01 08:58:00,8003.5,240583,8004.0,344538,630699,150756,479943,-103955
1900-01-01 08:58:15,7998.0,5867,7998.5,736575,67663,719750,-652087,-730708
1900-01-01 08:58:30,7991.0,947618,7991.5,25518,143531,764815,-621284,922100
1900-01-01 08:58:45,7994.5,143561,7995.0,312719,149327,205138,-55811,-169158
1900-01-01 08:59:00,7994.5,143431,7995.0,362300,117352,84381,32971,-218869
1900-01-01 08:59:15,7994.5,185664,7995.0,316260,47612,101502,-53890,-130596
1900-01-01 08:59:30,7994.0,67448,7994.5,665928,47892,107692,-59800,-598480
1900-01-01 08:59:45,7991.0,44645,7991.5,619032,119996,157853,-37857,-574387
1900-01-01 09:00:00,7990.0,211376,7990.5,420905,6617,156359,-149742,-209529
1900-01-01 09:00:15,7988.5,25066,7989.0,42557,133029,572054,-439025,-17491
1900-01-01 09:00:30,7987.5,548740,7988.0,369958,58784,294375,-235591,178782
1900-01-01 09:00:45,7988.0,943153,7988.5,24213,38410,24983,13427,918940
1900-01-01 09:01:00,7988.0,199556,7988.5,91487,15126,154547,-139421,108069
1900-01-01 09:01:15,7988.5,551867,7989.0,78911,51177,51518,-341,472956
1900-01-01 09:01:30,7990.0,455511,7990.5,5100,600557,10208,590349,450411
1900-01-01 09:01:45,7997.5,262493,7998.0,238082,347211,43735,303476,24411
1900-01-01 09:02:00,8000.0,3565572,8000.5,92886,417034,124166,292868,3472686
1900-01-01 09:02:15,8007.5,497301,8008.0,152545,653974,145503,508471,344756
1900-01-01 09:02:30,8007.5,10875,8008.0,287951,199026,166617,32409,-277076
1900-01-01 09:02:45,8004.5,1273655,8005.0,65054,209928,399639,-189711,1208601
1900-01-01 09:03:00,8012.5,833864,8013.0,28531,308666,90425,218241,805333
1900-01-01 09:03:15,8004.5,86933,8005.0,164156,252352,342880,-90528,-77223
1900-01-01 09:03:30,8000.0,242785,8000.5,781890,63857,252376,-188519,-539105
1900-01-01 09:03:45,8006.0,457061,8006.5,25000,514096,366072,148024,432061
1900-01-01 09:04:00,8006.0,452344,8006.5,418745,47455,20124,27331,33599
1900-01-01 09:04:15,8006.0,101935,8006.5,489366,185892,185388,504,-387431
1900-01-01 09:04:30,8003.5,40471,8004.0,475434,263736,160432,103304,-434963
1900-01-01 09:04:45,8003.0,560486,8003.5,260302,68182,162078,-93896,300184
1900-01-01 09:05:00,8006.0,522068,8006.5,361332,220853,75672,145181,160736
1900-01-01 09:05:15,8015.5,1246342,8016.0,37369,368871,117354,251517,1208973
1900-01-01 09:05:30,8021.5,116996,8022.0,654956,457950,243087,214863,-537960
1900-01-01 09:05:45,8000.0,62121,8000.5,239735,132837,368895,-236058,-177614
1900-01-01 09:06:00,8004.0,1001242,8004.5,74495,301731,228174,73557,926747
1900-01-01 09:06:15,8007.5,92191,8008.0,374909,132501,90915,41586,-282718
1900-01-01 09:06:30,8001.0,62780,8001.5,507894,59989,123583,-63594,-445114
1900-01-01 09:06:45,7996.0,468814,7996.5,13835,87631,272371,-184740,454979
1900-01-01 09:07:00,8000.5,306797,8001.0,126784,190791,34130,156661,180013
1900-01-01 09:07:15,8000.0,462759,8000.5,283638,42183,29169,13014,179121
1900-01-01 09:07:30,8000.0,29599,8000.5,262035,151433,98988,52445,-232436
1900-01-01 09:07:45,7993.0,92356,7993.5,776220,220048,84695,135353,-683864
1900-01-01 09:08:00,7985.5,629558,7986.0,39645,291256,1164523,-873267,589913
1900-01-01 09:08:15,7986.0,21506,7986.5,443279,342480,196541,145939,-421773
1900-01-01 09:08:30,7986.0,9942,7986.5,645196,39452,26345,13107,-635254
1900-01-01 09:08:45,7983.0,592910,7983.5,52540,327118,88800,238318,540370
1900-01-01 09:09:00,7985.5,611244,7986.0,110726,226138,26449,199689,500518
1900-01-01 09:09:15,7986.0,136052,7986.5,266540,167835,97129,70706,-130488
1900-01-01 09:09:30,7985.5,104093,7986.0,82273,34970,110680,-75710,21820
1900-01-01 09:09:45,7984.5,714,7985.0,264589,35306,39937,-4631,-263875
1900-01-01 09:10:00,7985.5,314077,7986.0,55664,150528,28243,122285,258413
1900-01-01 09:10:15,7993.5,91207,7994.0,25797,253050,70880,182170,65410
1900-01-01 09:10:30,7988.0,414759,7988.5,252864,101254,86406,14848,161895
1900-01-01 09:10:45,7988.0,321645,7988.5,287560,172844,195346,-22502,34085
1900-01-01 09:11:00,7985.5,909480,7986.0,213868,48003,320825,-272822,695612
1900-01-01 09:11:15,7985.0,48222,7985.5,637789,156026,84912,71114,-589567
1900-01-01 09:11:30,7984.5,91156,7985.0,403902,27414,75095,-47681,-312746
1900-01-01 09:11:45,7984.5,444263,7985.0,199802,27960,37027,-9067,244461
1900-01-01 09:12:00,7984.5,994731,7985.0,188004,78363,40237,38126,806727
1900-01-01 09:12:15,7984.5,624053,7985.0,257057,59371,95205,-35834,366996
1900-01-01 09:12:30,7984.5,1191537,7985.0,148725,88,8728,-8640,1042812
1900-01-01 09:12:45,7988.0,882330,7988.5,348385,118203,24298,93905,533945
1900-01-01 09:13:00,7988.0,1091077,7988.5,183379,59444,12954,46490,907698
1900-01-01 09:13:15,7989.5,25312,7990.0,37156,98500,156381,-57881,-11844
1900-01-01 09:13:30,7991.0,987057,7991.5,17694,127220,6836,120384,969363
1900-01-01 09:13:45,7993.0,252093,7993.5,50011,84305,8001,76304,202082
1900-01-01 09:14:00,7993.0,8416,7993.5,434626,46582,103244,-56662,-426210
1900-01-01 09:14:15,7991.0,768256,7991.5,119909,50536,40165,10371,648347
1900-01-01 09:14:30,7993.5,494713,7994.0,175859,75028,5005,70023,318854
1900-01-01 09:14:45,7993.5,203176,7994.0,234898,28528,291,28237,-31722
1900-01-01 09:15:00,7993.5,171877,7994.0,422607,24261,28047,-3786,-250730
1900-01-01 09:15:15,7992.5,20809,7993.0,298097,9390,41528,-32138,-277288
1900-01-01 09:15:30,7992.0,7862,7992.5,655863,17620,26224,-8604,-648001
1900-01-01 09:15:45,7990.0,210866,7990.5,480170,13404,50685,-37281,-269304
1900-01-01 09:16:00,7990.0,314980,7990.5,347657,18808,63023,-44215,-32677
1900-01-01 09:16:15,7987.5,754,7988.0,681791,2140,172107,-169967,-681037
1900-01-01 09:16:30,7985.5,10880,7986.0,311344,30232,22813,7419,-300464
1900-01-01 09:16:45,7985.5,779920,7986.0,172903,21726,12997,8729,607017
1900-01-01 09:17:00,7985.5,457517,7986.0,452708,21726,31076,-9350,4809
1900-01-01 09:17:15,7985.5,651121,7986.0,428895,46721,8551,38170,222226
1900-01-01 09:17:30,7985.5,955285,7986.0,22974,44065,39096,4969,932311
1900-01-01 09:17:45,7987.5,202818,7988.0,224017,25526,76446,-50920,-21199
1900-01-01 09:18:00,7986.0,36111,7986.5,622233,12371,57188,-44817,-586122
1900-01-01 09:18:15,7986.0,43396,7986.5,890617,229025,13565,215460,-847221
1900-01-01 09:18:30,7982.5,8913,7983.0,493089,20534,168187,-147653,-484176
1900-01-01 09:18:45,7975.0,464370,7975.5,838063,77992,757040,-679048,-373693
1900-01-01 09:19:00,7983.0,122577,7983.5,528706,160289,128228,32061,-406129
1900-01-01 09:19:15,7983.0,925654,7983.5,69735,72466,95769,-23303,855919
1900-01-01 09:19:30,7985.5,182506,7986.0,674964,183396,162572,20824,-492458
1900-01-01 09:19:45,7975.0,7301,7980.0,610902,6728,377249,-370521,-603601
1900-01-01 09:20:00,7980.0,862890,7980.5,29572,90398,124958,-34560,833318
1900-01-01 09:20:15,7980.0,752467,7980.5,63057,8711,16246,-7535,689410
1900-01-01 09:20:30,7982.0,206383,7982.5,244865,88801,22800,66001,-38482
1900-01-01 09:20:45,7982.0,427491,7982.5,366862,71946,149318,-77372,60629
1900-01-01 09:21:00,7981.5,46386,7982.0,792679,127845,60377,67468,-746293
1900-01-01 09:21:15,7981.0,13123,7981.5,1190910,12254,17395,-5141,-1177787
1900-01-01 09:21:30,7980.0,5791,7980.5,1801100,7358,26594,-19236,-1795309
1900-01-01 09:21:45,7974.5,4994,7975.0,727746,10432,668388,-657956,-722752
1900-01-01 09:22:00,7972.5,575737,7973.0,89290,39475,117429,-77954,486447
1900-01-01 09:22:15,7972.5,373498,7973.0,615976,60544,174588,-114044,-242478
1900-01-01 09:22:30,7972.5,647980,7973.0,745093,44336,34200,10136,-97113
1900-01-01 09:22:45,7972.5,759906,7973.0,589231,184300,6002,178298,170675
1900-01-01 09:23:00,7972.5,1006568,7973.0,574250,120312,8160,112152,432318
1900-01-01 09:23:15,7978.5,146310,7979.0,404645,312599,2216,310383,-258335
1900-01-01 09:23:30,7978.5,592223,7979.0,94453,33827,102676,-68849,497770
1900-01-01 09:23:45,7977.0,16812,7977.5,1151649,37702,92797,-55095,-1134837
1900-01-01 09:24:00,7976.5,158333,7977.0,177296,18472,42926,-24454,-18963
1900-01-01 09:24:15,7974.0,803970,7974.5,538,25169,7102,18067,803432
1900-01-01 09:24:30,7978.5,754651,7979.0,41654,121717,42000,79717,712997
1900-01-01 09:24:45,7979.5,667777,7980.0,115454,47788,4002,43786,552323
1900-01-01 09:25:00,7982.5,825104,7983.0,223067,110084,6612,103472,602037
1900-01-01 09:25:15,7984.5,542204,7985.0,342668,190051,5304,184747,199536
1900-01-01 09:25:30,7984.5,90447,7985.0,1005504,450166,51008,399158,-915057
1900-01-01 09:25:45,7982.0,40135,7982.5,764158,12900,50626,-37726,-724023
1900-01-01 09:26:00,7978.0,63677,7978.5,823119,15890,74708,-58818,-759442
1900-01-01 09:26:15,7976.5,100524,7977.0,525833,4592,68140,-63548,-425309
1900-01-01 09:26:30,7976.5,68586,7977.0,479519,7992,107506,-99514,-410933
1900-01-01 09:26:45,7975.0,68693,7975.5,474748,15304,145742,-130438,-406055
1900-01-01 09:27:00,7973.0,286719,7973.5,474704,85184,74227,10957,-187985
1900-01-01 09:27:15,7971.5,43700,7972.0,695978,22184,357970,-335786,-652278
1900-01-01 09:27:30,7970.5,97521,7971.0,655220,37320,94267,-56947,-557699
1900-01-01 09:27:45,7970.0,1189735,7970.5,25962,31879,97848,-65969,1163773
1900-01-01 09:28:00,7973.0,2250,7973.5,505018,46933,53213,-6280,-502768
1900-01-01 09:28:15,7972.5,196857,7973.0,280932,128564,8362,120202,-84075
1900-01-01 09:28:30,7972.5,164505,7973.0,457564,45414,87425,-42011,-293059
1900-01-01 09:28:45,7972.5,252157,7973.0,479435,77598,65659,11939,-227278
1900-01-01 09:29:00,7972.5,109280,7973.0,662298,111920,81257,30663,-553018
1900-01-01 09:29:15,7971.0,171600,7971.5,176750,600,58434,-57834,-5150
1900-01-01 09:29:30,7971.0,332854,7971.5,315625,31006,32059,-1053,17229
1900-01-01 09:29:45,7971.0,685525,7971.5,313328,34497,29196,5301,372197
1900-01-01 09:30:00,7971.0,368385,7971.5,264150,56482,41081,15401,104235
1900-01-01 09:30:15,7971.0,1154400,7971.5,38382,106370,1592,104778,1116018
1900-01-01 09:30:30,7971.5,921162,7972.0,72238,62196,20684,41512,848924
1900-01-01 09:30:45,7971.5,980078,7972.0,2781,112751,26374,86377,977297
1900-01-01 09:31:00,7979.5,494310,7980.0,146470,334123,63766,270357,347840
1900-01-01 09:31:15,7979.5,739051,7980.0,235731,182913,47250,135663,503320
1900-01-01 09:31:30,7979.5,846852,7980.0,201094,44072,72,44000,645758
1900-01-01 09:31:45,7979.5,716237,7980.0,141659,34348,2,34346,574578
1900-01-01 09:32:00,7980.0,1146781,7980.5,10033,43697,906,42791,1136748
1900-01-01 09:32:15,7980.5,893941,7981.0,34653,101875,106856,-4981,859288
1900-01-01 09:32:30,7981.5,1271551,7982.0,213799,7986,48730,-40744,1057752
1900-01-01 09:32:45,7981.5,1104875,7982.0,195374,63346,40164,23182,909501
1900-01-01 09:33:00,7981.5,540619,7982.0,272940,47577,6030,41547,267679
1900-01-01 09:33:15,7983.5,1387541,7984.0,1852,58004,282,57722,1385689
1900-01-01 09:33:30,7985.5,279192,7986.0,206416,66039,49328,16711,72776
1900-01-01 09:33:45,7985.5,1054934,7986.0,139492,23295,414,22881,915442
1900-01-01 09:34:00,7987.0,1022183,7987.5,9275,70363,6604,63759,1012908
1900-01-01 09:34:15,7988.5,911399,7989.0,23928,77275,2240,75035,887471
1900-01-01 09:34:30,7991.5,124674,7992.0,262197,176949,11416,165533,-137523
1900-01-01 09:34:45,7989.0,16864,7989.5,167696,219580,52987,166593,-150832
1900-01-01 09:35:00,7989.0,616797,7989.5,185509,40251,203677,-163426,431288
1900-01-01 09:35:15,7989.5,1028163,7990.0,84955,107983,5336,102647,943208
1900-01-01 09:35:30,7990.5,983270,7991.0,15309,70143,7257,62886,967961
1900-01-01 09:35:45,7992.5,723950,7993.0,178978,54669,45937,8732,544972
1900-01-01 09:36:00,7993.5,994048,7994.0,75700,278919,50126,228793,918348
1900-01-01 09:36:15,7994.5,488762,7995.0,663296,107512,23446,84066,-174534
1900-01-01 09:36:30,7991.0,104698,7991.5,179698,15438,498146,-482708,-75000
1900-01-01 09:36:45,7990.0,117837,7990.5,1134186,48780,307639,-258859,-1016349
1900-01-01 09:37:00,7990.0,253642,7990.5,1060237,2000,118544,-116544,-806595
1900-01-01 09:37:15,7991.0,718930,7991.5,72461,300336,28776,271560,646469
1900-01-01 09:37:30,7992.5,1243372,7999.0,47368,25344,6000,19344,1196004
1900-01-01 09:37:45,7999.5,520108,8000.0,1213703,832118,251001,581117,-693595
1900-01-01 09:38:00,8002.5,632958,8003.0,264344,631225,200136,431089,368614
1900-01-01 09:38:15,8000.0,853760,8000.5,30127,107080,86090,20990,823633
1900-01-01 09:38:30,8003.5,574662,8004.0,56560,422600,287188,135412,518102
1900-01-01 09:38:45,8003.5,234672,8004.0,562327,82034,71528,10506,-327655
1900-01-01 09:39:00,7999.5,459603,8000.0,291529,18652,84974,-66322,168074
1900-01-01 09:39:15,7999.0,88078,7999.5,241520,55529,113362,-57833,-153442
1900-01-01 09:39:30,7999.0,565704,7999.5,339356,143512,105566,37946,226348
1900-01-01 09:39:45,7999.0,275217,7999.5,500040,34756,15810,18946,-224823
1900-01-01 09:40:00,7998.0,108841,7998.5,657562,95583,190718,-95135,-548721
1900-01-01 09:40:15,7992.5,385393,7993.0,320100,9972,134206,-124234,65293
1900-01-01 09:40:30,7991.5,574195,7992.0,169239,136476,110810,25666,404956
1900-01-01 09:40:45,7992.5,858280,7993.0,177,150762,124902,25860,858103
1900-01-01 09:41:00,7994.5,882307,7995.0,240170,89753,6330,83423,642137
1900-01-01 09:41:15,7996.5,967165,7997.0,54780,152570,9248,143322,912385
1900-01-01 09:41:30,7999.0,954671,7999.5,1081,30447,2276,28171,953590
1900-01-01 09:41:45,7999.5,150922,8000.0,215101,151210,45397,105813,-64179
1900-01-01 09:42:00,7999.0,60621,7999.5,639502,5080,159466,-154386,-578881
1900-01-01 09:42:15,7996.0,83966,7996.5,916285,13533,96102,-82569,-832319
1900-01-01 09:42:30,7995.0,39340,7995.5,1360582,202,52211,-52009,-1321242
1900-01-01 09:42:45,7995.0,647446,7995.5,374323,229695,36281,193414,273123
1900-01-01 09:43:00,7995.0,1454616,7995.5,63548,59762,15396,44366,1391068
1900-01-01 09:43:15,7999.5,428862,8000.0,238377,100821,44552,56269,190485
1900-01-01 09:43:30,8009.5,259391,8010.5,205183,593506,28024,565482,54208
1900-01-01 09:43:45,8010.5,242992,8011.0,3000,499554,172524,327030,239992
1900-01-01 09:44:00,8011.5,950760,8012.0,14460,370724,324488,46236,936300
1900-01-01 09:44:15,8011.0,25304,8011.5,1478375,186421,299866,-113445,-1453071
1900-01-01 09:44:30,8004.0,486084,8004.5,241256,33258,170674,-137416,244828
1900-01-01 09:44:45,8003.5,101272,8004.0,2316903,84978,135962,-50984,-2215631
1900-01-01 09:45:00,8003.5,435871,8004.0,2273740,26990,189766,-162776,-1837869
1900-01-01 09:45:15,8003.5,1607025,8004.0,1700496,1025508,90871,934637,-93471
1900-01-01 09:45:30,8003.5,1645680,8004.0,1522032,216681,12830,203851,123648
1900-01-01 09:45:45,8003.5,1739670,8004.0,1407437,740119,107607,632512,332233
1900-01-01 09:46:00,8001.5,2989,8002.0,644033,432011,238279,193732,-641044
1900-01-01 09:46:15,8001.0,25230,8001.5,548854,31150,231134,-199984,-523624
1900-01-01 09:46:30,7994.0,46798,7994.5,1255060,30273,204118,-173845,-1208262
1900-01-01 09:46:45,7994.0,480294,7994.5,186611,42238,185441,-143203,293683
1900-01-01 09:47:00,7998.5,794773,7999.0,227846,102833,88915,13918,566927
1900-01-01 09:47:15,7999.5,746193,8000.0,95554,96467,10502,85965,650639
1900-01-01 09:47:30,8001.5,770263,8002.0,29302,70095,22250,47845,740961
1900-01-01 09:47:45,8003.5,671766,8004.0,801158,258910,751,258159,-129392
1900-01-01 09:48:00,8000.0,7937,8000.5,979470,62288,317633,-255345,-971533
1900-01-01 09:48:15,7999.0,123025,7999.5,627671,27730,37363,-9633,-504646
1900-01-01 09:48:30,7999.0,51739,7999.5,724882,87551,66664,20887,-673143
1900-01-01 09:48:45,7998.0,9527,7998.5,948246,2130,27729,-25599,-938719
1900-01-01 09:49:00,7996.5,1729355,7997.0,34992,134554,63546,71008,1694363
1900-01-01 09:49:15,8002.0,15000,8003.5,238,926182,115036,811146,14762
1900-01-01 09:49:30,8003.5,714324,8004.0,37971,104377,47140,57237,676353
1900-01-01 09:49:45,8005.5,363233,8006.0,93437,135408,425252,-289844,269796
1900-01-01 09:50:00,8012.5,73097,8013.0,367326,166831,102510,64321,-294229
1900-01-01 09:50:15,8012.5,735679,8013.0,117676,88523,44507,44016,618003
1900-01-01 09:50:30,8014.0,25622,8014.5,353269,148549,38538,110011,-327647
1900-01-01 09:50:45,8014.5,1637355,8015.0,5021,347260,34984,312276,1632334
1900-01-01 09:51:00,8024.5,161062,8025.0,620884,3813148,428091,3385057,-459822
1900-01-01 09:51:15,8043.5,22937,8044.0,63670,4808170,426708,4381462,-40733
1900-01-01 09:51:30,8049.5,106998,8050.0,1926391,39021890,332077,38689813,-1819393
1900-01-01 09:51:45,8092.0,5000,8100.0,299261,4858630,375944,4482686,-294261
1900-01-01 09:52:00,8115.5,97450,8116.0,74734,5728226,2335964,3392262,22716
1900-01-01 09:52:15,8076.5,21192,8077.0,3885,1969838,3661772,-1691934,17307
1900-01-01 09:52:30,8068.5,12576,8069.0,75753,847233,1086629,-239396,-63177
1900-01-01 09:52:45,8079.5,101795,8080.0,1020549,368048,510291,-142243,-918754
1900-01-01 09:53:00,8082.0,80215,8082.5,10503,793669,491899,301770,69712
1900-01-01 09:53:15,8084.0,2962,8084.5,237188,932820,724426,208394,-234226
1900-01-01 09:53:30,8084.0,1205166,8084.5,143942,972482,308239,664243,1061224
1900-01-01 09:53:45,8089.5,408480,8090.0,569374,673069,163860,509209,-160894
1900-01-01 09:54:00,8095.0,45378,8095.5,480746,1456655,751887,704768,-435368
1900-01-01 09:54:15,8076.0,67196,8076.5,87374,780419,1466242,-685823,-20178
1900-01-01 09:54:30,8072.5,200168,8073.0,750611,370105,738774,-368669,-550443
1900-01-01 09:54:45,8081.0,504390,8081.5,13000,242990,500432,-257442,491390
1900-01-01 09:55:00,8089.5,657652,8090.0,35078,424357,108642,315715,622574
1900-01-01 09:55:15,8099.5,318696,8100.0,598214,1369731,80748,1288983,-279518
1900-01-01 09:55:30,8100.5,21736,8101.0,24508,607283,417511,189772,-2772
1900-01-01 09:55:45,8072.5,18958,8073.0,40750,667601,454927,212674,-21792
1900-01-01 09:56:00,8085.0,37499,8085.5,247878,541150,310908,230242,-210379
1900-01-01 09:56:15,8093.0,937605,8093.5,351366,435290,198883,236407,586239
1900-01-01 09:56:30,8099.5,786868,8100.0,151881,589722,351795,237927,634987
1900-01-01 09:56:45,8099.5,1271629,8100.0,70019,1983635,369642,1613993,1201610
1900-01-01 09:57:00,8090.0,305580,8090.5,312318,1196157,2553078,-1356921,-6738
1900-01-01 09:57:15,8083.5,719250,8084.0,247631,261223,603662,-342439,471619
1900-01-01 09:57:30,8083.5,538413,8084.0,60123,247377,543890,-296513,478290
1900-01-01 09:57:45,8091.5,294032,8092.0,433644,568302,108623,459679,-139612
1900-01-01 09:58:00,8085.0,608308,8085.5,167401,127193,147896,-20703,440907
1900-01-01 09:58:15,8085.5,445896,8086.0,74076,181658,405753,-224095,371820
1900-01-01 09:58:30,8086.5,387257,8087.0,142563,174971,123750,51221,244694
1900-01-01 09:58:45,8090.5,528521,8091.0,51139,492243,169168,323075,477382
1900-01-01 09:59:00,8090.5,512263,8091.0,91343,540294,341205,199089,420920
1900-01-01 09:59:15,8094.0,611453,8094.5,115587,91203,263420,-172217,495866
1900-01-01 09:59:30,8099.5,219561,8100.0,5724239,1078061,66750,1011311,-5504678
1900-01-01 09:59:45,8109.5,262360,8110.0,401990,1078906,175428,903478,-139630
1900-01-01 10:00:00,8115.0,19788,8115.5,104763,967125,211159,755966,-84975
1900-01-01 10:00:15,8111.0,88727,8111.5,197758,1018672,1459221,-440549,-109031
1900-01-01 10:00:30,8109.5,25585,8110.0,549292,463365,515709,-52344,-523707
1900-01-01 10:00:45,8100.0,131472,8100.5,113297,111450,560050,-448600,18175
1900-01-01 10:01:00,8102.0,135118,8102.5,533590,262284,903458,-641174,-398472
1900-01-01 10:01:15,8090.5,972973,8091.0,228911,106843,734780,-627937,744062
1900-01-01 10:01:30,8096.5,621120,8097.0,1160152,226530,442493,-215963,-539032
1900-01-01 10:01:45,8096.5,713440,8097.0,362749,1279470,181504,1097966,350691
1900-01-01 10:02:00,8096.5,369575,8097.0,320687,350923,187147,163776,48888
1900-01-01 10:02:15,8083.0,745445,8083.5,243208,228622,523928,-295306,502237
1900-01-01 10:02:30,8092.5,114395,8093.0,651864,245047,206609,38438,-537469
1900-01-01 10:02:45,8084.5,275036,8085.0,409781,143203,514904,-371701,-134745
1900-01-01 10:03:00,8084.5,503050,8085.0,51678,122686,83444,39242,451372
1900-01-01 10:03:15,8075.0,177959,8075.5,243589,110934,575279,-464345,-65630
1900-01-01 10:03:30,8073.0,19601,8073.5,371638,111594,814491,-702897,-352037
1900-01-01 10:03:45,8062.0,227931,8062.5,7503,794723,1176976,-382253,220428
1900-01-01 10:04:00,8060.5,4803,8061.0,196375,599154,701000,-101846,-191572
1900-01-01 10:04:15,8052.0,413829,8052.5,693983,409253,1059766,-650513,-280154
1900-01-01 10:04:30,8055.5,256483,8056.0,171133,1350413,303504,1046909,85350
1900-01-01 10:04:45,8070.5,161999,8071.0,815849,398453,207932,190521,-653850
1900-01-01 10:05:00,8066.5,59613,8067.0,1577475,247228,202292,44936,-1517862
1900-01-01 10:05:15,8057.0,32297,8060.0,1408714,359376,280678,78698,-1376417
1900-01-01 10:05:30,8055.0,258203,8055.5,208628,600428,611025,-10597,49575
1900-01-01 10:05:45,8060.0,116985,8060.5,820968,522745,176185,346560,-703983
1900-01-01 10:06:00,8057.5,10103,8058.0,950146,276144,63668,212476,-940043
1900-01-01 10:06:15,8056.0,341260,8056.5,810057,54420,132753,-78333,-468797
1900-01-01 10:06:30,8050.5,13338,8051.0,819846,69476,892666,-823190,-806508
1900-01-01 10:06:45,8045.0,124962,8045.5,535714,232369,466099,-233730,-410752
1900-01-01 10:07:00,8052.0,160688,8052.5,129382,972612,1150053,-177441,31306
1900-01-01 10:07:15,8059.5,1004140,8060.0,129769,428856,44300,384556,874371
1900-01-01 10:07:30,8069.5,72072,8070.0,355595,525568,185467,340101,-283523
1900-01-01 10:07:45,8067.5,575088,8068.0,24299,235966,174381,61585,550789
1900-01-01 10:08:00,8071.5,241675,8072.0,64850,142734,27006,115728,176825
1900-01-01 10:08:15,8074.5,741177,8075.0,238319,607479,35142,572337,502858
1900-01-01 10:08:30,8075.5,591752,8076.0,303297,448933,134692,314241,288455
1900-01-01 10:08:45,8082.0,1542066,8082.5,230723,992891,19176,973715,1311343
1900-01-01 10:09:00,8077.0,2607,8077.5,614744,441626,173230,268396,-612137
1900-01-01 10:09:15,8074.5,1208628,8075.0,81872,102349,213823,-111474,1126756
1900-01-01 10:09:30,8079.0,788590,8079.5,322000,120368,73358,47010,466590
1900-01-01 10:09:45,8079.0,144379,8079.5,407112,86749,142990,-56241,-262733
1900-01-01 10:10:00,8076.5,354000,8077.0,327181,77334,239905,-162571,26819
1900-01-01 10:10:15,8077.5,59525,8078.0,417655,23189,85814,-62625,-358130
1900-01-01 10:10:30,8077.5,30932,8078.0,528036,18950,20868,-1918,-497104
1900-01-01 10:10:45,8079.0,468067,8079.5,47905,101558,283438,-181880,420162
1900-01-01 10:11:00,8085.0,938333,8085.5,233018,121055,44406,76649,705315
1900-01-01 10:11:15,8083.0,274672,8083.5,287270,476028,70043,405985,-12598
1900-01-01 10:11:30,8088.5,2306,8089.0,229959,197964,137774,60190,-227653
1900-01-01 10:11:45,8088.5,915738,8089.0,398213,482656,37072,445584,517525
1900-01-01 10:12:00,8091.5,835414,8092.0,79050,248633,208540,40093,756364
1900-01-01 10:12:15,8092.0,363665,8092.5,460177,49548,95726,-46178,-96512
1900-01-01 10:12:30,8094.5,817606,8095.0,128711,16121,79492,-63371,688895
1900-01-01 10:12:45,8095.0,470167,8095.5,236036,93010,59195,33815,234131
1900-01-01 10:13:00,8091.5,17582,8092.0,622574,165640,216570,-50930,-604992
1900-01-01 10:13:15,8085.5,488804,8086.0,38985,259805,1254803,-994998,449819
1900-01-01 10:13:30,8089.5,172889,8090.0,236441,332682,90906,241776,-63552
1900-01-01 10:13:45,8093.5,568532,8094.0,135064,215654,131924,83730,433468
1900-01-01 10:14:00,8118.0,36092,8118.5,88083,885790,167384,718406,-51991
1900-01-01 10:14:15,8103.0,23857,8103.5,299152,156854,1164675,-1007821,-275295
1900-01-01 10:14:30,8099.5,297200,8100.0,845966,310188,245221,64967,-548766
1900-01-01 10:14:45,8104.5,336148,8105.0,238444,422095,212158,209937,97704
1900-01-01 10:15:00,8109.5,809666,8110.0,24597,1252047,165523,1086524,785069
1900-01-01 10:15:15,8134.5,11998,8136.5,5744,3665440,186455,3478985,6254
1900-01-01 10:15:30,8145.5,7100,8146.0,192641,2974218,263576,2710642,-185541
1900-01-01 10:15:45,8140.5,109215,8146.0,117472,1744619,3528520,-1783901,-8257
1900-01-01 10:16:00,8123.5,169027,8124.0,78610,1105790,2979465,-1873675,90417
1900-01-01 10:16:15,8131.5,117828,8133.0,18220,300483,437285,-136802,99608
1900-01-01 10:16:30,8119.5,286136,8120.0,1316555,619161,352373,266788,-1030419
1900-01-01 10:16:45,8120.0,986090,8120.5,83143,1424326,539089,885237,902947
1900-01-01 10:17:00,8129.5,102216,8130.0,305285,3348071,264406,3083665,-203069
1900-01-01 10:17:15,8118.0,29358,8118.5,135312,221624,459914,-238290,-105954
1900-01-01 10:17:30,8107.0,22522,8107.5,172762,135144,1405718,-1270574,-150240
1900-01-01 10:17:45,8091.5,308284,8092.0,208025,381572,1463999,-1082427,100259
1900-01-01 10:18:00,8095.0,813567,8095.5,139603,594819,491479,103340,673964
1900-01-01 10:18:15,8107.0,594964,8107.5,27435,1143147,166743,976404,567529
1900-01-01 10:18:30,8104.0,238800,8104.5,449913,724577,366172,358405,-211113
1900-01-01 10:18:45,8108.5,265134,8109.0,63577,427341,2554216,-2126875,201557
1900-01-01 10:19:00,8106.5,156949,8107.0,251443,165995,876531,-710536,-94494
1900-01-01 10:19:15,8102.5,45684,8103.0,1083616,67986,655246,-587260,-1037932
1900-01-01 10:19:30,8093.0,183540,8095.0,243858,1323156,378512,944644,-60318
1900-01-01 10:19:45,8106.0,291781,8106.5,1518000,422594,343596,78998,-1226219
1900-01-01 10:20:00,8105.0,484557,8105.5,20985,150722,243365,-92643,463572
1900-01-01 10:20:15,8113.5,272009,8114.0,70,2131066,98914,2032152,271939
1900-01-01 10:20:30,8131.0,37682,8131.5,50115,589022,117954,471068,-12433
1900-01-01 10:20:45,8115.0,173440,8115.5,141332,448434,222850,225584,32108
1900-01-01 10:21:00,8115.0,571604,8115.5,55836,300461,194314,106147,515768
1900-01-01 10:21:15,8118.5,68886,8119.0,167782,423462,87879,335583,-98896
1900-01-01 10:21:30,8118.5,95762,8119.0,1174965,667822,233899,433923,-1079203
1900-01-01 10:21:45,8129.5,501417,8130.0,120569,183208,103804,79404,380848
1900-01-01 10:22:00,8129.0,23142,8129.5,345295,367518,73616,293902,-322153
1900-01-01 10:22:15,8121.5,1041606,8122.0,142110,259388,614461,-355073,899496
1900-01-01 10:22:30,8122.5,914275,8123.0,60810,329471,186564,142907,853465
1900-01-01 10:22:45,8129.5,541817,8130.0,199095,221858,538371,-316513,342722
1900-01-01 10:23:00,8131.5,1073034,8132.0,15076,223041,65989,157052,1057958
1900-01-01 10:23:15,8133.5,401190,8134.0,98842,405432,103454,301978,302348
1900-01-01 10:23:30,8131.0,62832,8131.5,443391,489744,901286,-411542,-380559
1900-01-01 10:23:45,8127.0,337691,8127.5,255029,88206,83729,4477,82662
1900-01-01 10:24:00,8115.0,167178,8115.5,63685,38499,485958,-447459,103493
1900-01-01 10:24:15,8111.0,197845,8111.5,626473,29947,177606,-147659,-428628
1900-01-01 10:24:30,8128.5,10000,8129.0,21,444151,162635,281516,9979
1900-01-01 10:24:45,8122.5,219770,8123.0,753800,49586,65278,-15692,-534030
1900-01-01 10:25:00,8119.5,301752,8120.0,470407,38343,109118,-70775,-168655
1900-01-01 10:25:15,8122.0,503678,8122.5,800,313708,149976,163732,502878
1900-01-01 10:25:30,8119.5,11283,8120.0,528619,35022,62032,-27010,-517336
1900-01-01 10:25:45,8116.0,247634,8116.5,14230,531563,349320,182243,233404
1900-01-01 10:26:00,8113.0,374658,8113.5,49477,57951,192062,-134111,325181
1900-01-01 10:26:15,8107.5,42354,8108.0,142083,78170,273792,-195622,-99729
1900-01-01 10:26:30,8110.0,166904,8110.5,481513,190978,199842,-8864,-314609
1900-01-01 10:26:45,8104.0,482537,8104.5,173073,206786,209998,-3212,309464
1900-01-01 10:27:00,8110.0,42470,8110.5,275956,233292,115320,117972,-233486
1900-01-01 10:27:15,8109.0,5142,8109.5,544932,159893,35070,124823,-539790
1900-01-01 10:27:30,8102.0,38246,8102.5,199274,116503,90402,26101,-161028
1900-01-01 10:27:45,8096.5,34179,8097.0,712943,43361,494132,-450771,-678764
1900-01-01 10:28:00,8096.5,511577,8097.0,77269,385190,435605,-50415,434308
1900-01-01 10:28:15,8089.5,14390,8090.0,290316,296552,582668,-286116,-275926
1900-01-01 10:28:30,8084.5,1253446,8085.0,74900,504111,587229,-83118,1178546
1900-01-01 10:28:45,8089.5,631364,8090.0,157086,249997,211845,38152,474278
1900-01-01 10:29:00,8093.5,574961,8094.0,24925,652436,25258,627178,550036
1900-01-01 10:29:15,8096.5,56186,8097.0,1067831,199614,79710,119904,-1011645
1900-01-01 10:29:30,8096.0,443020,8096.5,740327,218174,202311,15863,-297307
1900-01-01 10:29:45,8102.5,98601,8103.0,431062,581974,70282,511692,-332461
1900-01-01 10:30:00,8102.5,141623,8103.0,703049,281201,71011,210190,-561426
1900-01-01 10:30:15,8100.0,169105,8100.5,306768,66305,348005,-281700,-137663
1900-01-01 10:30:30,8100.0,957348,8100.5,56941,52932,134952,-82020,900407
1900-01-01 10:30:45,8106.0,472840,8106.5,27855,282218,33995,248223,444985
1900-01-01 10:31:00,8103.0,817928,8103.5,31984,455565,136958,318607,785944
1900-01-01 10:31:15,8103.0,534709,8103.5,349143,70641,256311,-185670,185566
1900-01-01 10:31:30,8104.5,651058,8105.0,153832,164769,116570,48199,497226
1900-01-01 10:31:45,8108.5,460739,8109.0,303419,130282,68049,62233,157320
1900-01-01 10:32:00,8114.5,399048,8115.0,50075,798064,23354,774710,348973
1900-01-01 10:32:15,8115.5,563187,8116.0,33199,255907,110653,145254,529988
1900-01-01 10:32:30,8115.0,598119,8115.5,102106,100660,243980,-143320,496013
1900-01-01 10:32:45,8123.5,108282,8124.0,475387,410740,64550,346190,-367105
1900-01-01 10:33:00,8123.5,125950,8124.0,894096,300019,211526,88493,-768146
1900-01-01 10:33:15,8118.0,239297,8118.5,378645,196958,184083,12875,-139348
1900-01-01 10:33:30,8122.0,466530,8122.5,38378,95934,99017,-3083,428152
1900-01-01 10:33:45,8120.5,6723,8121.0,195010,289865,103846,186019,-188287
1900-01-01 10:34:00,8119.5,626570,8120.0,106928,29935,166491,-136556,519642
1900-01-01 10:34:15,8119.5,127899,8120.0,1257067,135187,308301,-173114,-1129168
1900-01-01 10:34:30,8115.0,296240,8115.5,204979,64241,143149,-78908,91261
1900-01-01 10:34:45,8112.5,46303,8113.0,543887,28121,365393,-337272,-497584
1900-01-01 10:35:00,8112.0,358607,8112.5,118083,44028,411430,-367402,240524
1900-01-01 10:35:15,8121.5,416227,8122.0,68053,319067,130770,188297,348174
1900-01-01 10:35:30,8133.0,5475,8134.0,100,536256,328777,207479,5375
1900-01-01 10:35:45,8129.5,78406,8130.0,241256,613375,224838,388537,-162850
1900-01-01 10:36:00,8134.5,407717,8135.0,469997,245738,251196,-5458,-62280
1900-01-01 10:36:15,8125.0,2404,8125.5,96233,444032,119972,324060,-93829
1900-01-01 10:36:30,8125.0,95706,8125.5,626021,63118,655032,-591914,-530315
1900-01-01 10:36:45,8130.5,159342,8131.0,45671,250685,186109,64576,113671
1900-01-01 10:37:00,8136.5,441510,8137.0,450458,294065,97164,196901,-8948
1900-01-01 10:37:15,8141.5,203271,8142.0,198724,576641,414656,161985,4547
1900-01-01 10:37:30,8137.0,20953,8137.5,608528,99763,369492,-269729,-587575
1900-01-01 10:37:45,8134.0,310947,8134.5,202353,170610,191474,-20864,108594
1900-01-01 10:38:00,8144.5,326244,8145.0,588813,1065585,105174,960411,-262569
1900-01-01 10:38:15,8141.0,502886,8141.5,132381,556094,177634,378460,370505
1900-01-01 10:38:30,8144.0,1061864,8144.5,25619,1477371,63636,1413735,1036245
1900-01-01 10:38:45,8145.5,322373,8146.0,180591,341522,239091,102431,141782
1900-01-01 10:39:00,8144.0,649834,8144.5,486832,70166,588892,-518726,163002
1900-01-01 10:39:15,8140.0,2090172,8140.5,899891,585139,1684166,-1099027,1190281
1900-01-01 10:39:30,8128.0,303388,8128.5,125931,154110,3203835,-3049725,177457
1900-01-01 10:39:45,8139.5,815982,8140.0,20125,630011,450708,179303,795857
1900-01-01 10:40:00,8133.0,96863,8133.5,25,241159,263361,-22202,96838
1900-01-01 10:40:15,8130.5,671256,8131.0,425620,300836,105168,195668,245636
1900-01-01 10:40:30,8122.0,180354,8122.5,89843,34629,554674,-520045,90511
1900-01-01 10:40:45,8127.0,1496326,8127.5,45936,486408,150554,335854,1450390
1900-01-01 10:41:00,8119.5,122767,8120.0,124560,1023569,363899,659670,-1793
1900-01-01 10:41:15,8115.0,351438,8115.5,139394,213722,193523,20199,212044
1900-01-01 10:41:30,8123.0,41888,8123.5,99854,412002,196993,215009,-57966
1900-01-01 10:41:45,8127.5,181175,8128.0,522075,149099,9913,139186,-340900
1900-01-01 10:42:00,8136.5,225117,8137.0,300533,606201,197294,408907,-75416
1900-01-01 10:42:15,8136.5,116923,8137.0,547629,158591,72653,85938,-430706
1900-01-01 10:42:30,8127.5,618924,8128.0,180268,142364,259122,-116758,438656
1900-01-01 10:42:45,8134.0,504745,8134.5,137446,65557,33823,31734,367299
1900-01-01 10:43:00,8139.5,129898,8140.0,189584,76535,48295,28240,-59686
1900-01-01 10:43:15,8140.0,301979,8140.5,243394,786585,186802,599783,58585
1900-01-01 10:43:30,8146.0,162364,8146.5,228117,315076,174468,140608,-65753
1900-01-01 10:43:45,8140.5,541738,8141.0,38714,244468,1235219,-990751,503024
1900-01-01 10:44:00,8143.0,106255,8143.5,433000,327456,53636,273820,-326745
1900-01-01 10:44:15,8150.0,531614,8150.5,3229,1560576,159764,1400812,528385
1900-01-01 10:44:30,8159.5,516692,8160.0,167783,2308431,904611,1403820,348909
1900-01-01 10:44:45,8147.0,604666,8147.5,78394,496349,1145415,-649066,526272
1900-01-01 10:45:00,8151.5,947126,8152.0,71363,230265,63056,167209,875763
1900-01-01 10:45:15,8141.0,42898,8141.5,991819,433809,799049,-365240,-948921
1900-01-01 10:45:30,8137.5,131212,8138.0,548215,290540,396081,-105541,-417003
1900-01-01 10:45:45,8131.0,565616,8131.5,435270,132337,591796,-459459,130346
1900-01-01 10:46:00,8129.0,10,8129.5,9215,815139,77002,738137,-9205
1900-01-01 10:46:15,8117.0,971464,8117.5,43491,444123,829069,-384946,927973
1900-01-01 10:46:30,8117.0,1061402,8117.5,153717,227450,1859048,-1631598,907685
1900-01-01 10:46:45,8127.0,2599068,8127.5,48007,1083529,214998,868531,2551061
1900-01-01 10:47:00,8134.0,4000,8135.0,38380,398607,652828,-254221,-34380
1900-01-01 10:47:15,8134.0,26264,8134.5,810433,179838,122701,57137,-784169
1900-01-01 10:47:30,8127.0,737846,8127.5,287810,215152,84900,130252,450036
1900-01-01 10:47:45,8132.0,1420324,8132.5,285581,202037,156719,45318,1134743
1900-01-01 10:48:00,8133.0,986189,8133.5,483221,131370,9418,121952,502968
1900-01-01 10:48:15,8138.0,1446255,8138.5,74318,819581,30340,789241,1371937
1900-01-01 10:48:30,8140.5,79284,8141.0,425430,619098,4004,615094,-346146
1900-01-01 10:48:45,8135.5,582531,8136.0,131874,226411,617568,-391157,450657
1900-01-01 10:49:00,8130.0,318176,8130.5,594778,35550,783217,-747667,-276602
1900-01-01 10:49:15,8125.5,67512,8126.0,166201,4532,505090,-500558,-98689
1900-01-01 10:49:30,8120.0,1015403,8120.5,501086,25696,584397,-558701,514317
1900-01-01 10:49:45,8124.5,597809,8125.0,13348,210994,708113,-497119,584461
1900-01-01 10:50:00,8128.0,1713687,8128.5,28390,100211,58980,41231,1685297
1900-01-01 10:50:15,8133.0,1094410,8133.5,26396,153997,16363,137634,1068014
1900-01-01 10:50:30,8133.0,257892,8133.5,455060,20178,28346,-8168,-197168
1900-01-01 10:50:45,8124.5,10734,8125.0,233604,18318,58755,-40437,-222870
1900-01-01 10:51:00,8120.0,883530,8120.5,525256,12316,558825,-546509,358274
1900-01-01 10:51:15,8118.5,375036,8119.0,497923,67334,318035,-250701,-122887
1900-01-01 10:51:30,8118.5,3104339,8119.0,41582,86542,230837,-144295,3062757
1900-01-01 10:51:45,8123.5,331015,8124.0,288363,197877,9828,188049,42652
1900-01-01 10:52:00,8125.5,954840,8127.0,4815,114047,25400,88647,950025
1900-01-01 10:52:15,8129.5,41222,8130.0,1159372,153949,92870,61079,-1118150
1900-01-01 10:52:30,8126.5,215400,8127.0,74400,51161,63782,-12621,141000
1900-01-01 10:52:45,8129.0,56592,8129.5,965006,165816,98576,67240,-908414
1900-01-01 10:53:00,8124.5,329370,8125.0,77306,589598,304909,284689,252064
1900-01-01 10:53:15,8129.0,8444,8129.5,525473,83423,55715,27708,-517029
1900-01-01 10:53:30,8122.5,548200,8123.0,12544,119495,34770,84725,535656
1900-01-01 10:53:45,8128.5,253783,8129.0,438448,185594,58098,127496,-184665
1900-01-01 10:54:00,8130.0,112527,8130.5,422108,83491,61858,21633,-309581
1900-01-01 10:54:15,8131.0,759860,8131.5,10870,66646,74400,-7754,748990
1900-01-01 10:54:30,8131.5,267690,8132.0,446404,72286,53304,18982,-178714
1900-01-01 10:54:45,8131.5,229234,8132.0,582688,6710,144347,-137637,-353454
1900-01-01 10:55:00,8131.5,169813,8132.0,861550,161225,134093,27132,-691737
1900-01-01 10:55:15,8132.0,1101353,8132.5,5379,234568,360879,-126311,1095974
1900-01-01 10:55:30,8130.5,1741,8131.0,707298,121839,108928,12911,-705557
1900-01-01 10:55:45,8121.0,42165,8121.5,279089,17750,333000,-315250,-236924
1900-01-01 10:56:00,8114.0,88961,8114.5,647740,60784,516912,-456128,-558779
1900-01-01 10:56:15,8100.5,4528,8101.0,10000,88133,4061210,-3973077,-5472
1900-01-01 10:56:30,8097.5,131741,8098.0,13587,294820,1057280,-762460,118154
1900-01-01 10:56:45,8098.0,81660,8098.5,318091,535575,280474,255101,-236431
1900-01-01 10:57:00,8098.0,853596,8098.5,631100,142338,367505,-225167,222496
1900-01-01 10:57:15,8095.0,378602,8095.5,569973,158580,648075,-489495,-191371
1900-01-01 10:57:30,8090.0,478545,8090.5,543415,195002,545833,-350831,-64870
1900-01-01 10:57:45,8088.0,652476,8088.5,945127,156248,1049619,-893371,-292651
1900-01-01 10:58:00,8091.5,991641,8092.0,98005,262872,780268,-517396,893636
1900-01-01 10:58:15,8097.0,888118,8097.5,132666,762897,43204,719693,755452
1900-01-01 10:58:30,8097.0,573824,8097.5,315861,343579,46123,297456,257963
1900-01-01 10:58:45,8105.0,836748,8105.5,42927,698856,28584,670272,793821
1900-01-01 10:59:00,8103.0,4013,8103.5,153063,442853,164258,278595,-149050
1900-01-01 10:59:15,8092.5,1413512,8093.0,82943,37311,198522,-161211,1330569
1900-01-01 10:59:30,8094.0,1053061,8094.5,217246,260675,115354,145321,835815
1900-01-01 10:59:45,8092.5,4374,8093.0,380621,47630,231978,-184348,-376247
1900-01-01 11:00:00,8089.0,3597,8089.5,1659172,73105,113046,-39941,-1655575
1900-01-01 11:00:15,8087.5,35271,8088.0,360713,173234,876538,-703304,-325442
1900-01-01 11:00:30,8077.0,7277,8079.5,91454,173777,1839190,-1665413,-84177
1900-01-01 11:00:45,8065.5,247778,8066.0,137940,140304,2203805,-2063501,109838
1900-01-01 11:01:00,8075.5,171038,8076.0,29130,646239,593012,53227,141908
1900-01-01 11:01:15,8073.0,23837,8073.5,1363577,1242042,445186,796856,-1339740
1900-01-01 11:01:30,8063.0,92175,8063.5,332617,170976,1602260,-1431284,-240442
1900-01-01 11:01:45,8058.0,151447,8060.0,104000,127136,1816812,-1689676,47447
1900-01-01 11:02:00,8050.5,516409,8051.0,3266,295253,1327682,-1032429,513143
1900-01-01 11:02:15,8061.5,521983,8062.0,209783,1252624,940815,311809,312200
1900-01-01 11:02:30,8069.5,28400,8070.0,18639,1070535,503860,566675,9761
1900-01-01 11:02:45,8066.0,18564,8066.5,209409,1070902,465638,605264,-190845
1900-01-01 11:03:00,8069.5,608918,8070.0,50635,164886,285713,-120827,558283
1900-01-01 11:03:15,8078.5,628018,8079.0,17191,452622,51070,401552,610827
1900-01-01 11:03:30,8085.0,861662,8085.5,9510,225412,81718,143694,852152
1900-01-01 11:03:45,8080.0,9967,8081.0,978948,248091,276332,-28241,-968981
1900-01-01 11:04:00,8078.0,322059,8078.5,911691,114869,657631,-542762,-589632
1900-01-01 11:04:15,8078.0,718125,8078.5,537908,61813,70302,-8489,180217
1900-01-01 11:04:30,8078.0,383108,8078.5,1029318,73551,114065,-40514,-646210
1900-01-01 11:04:45,8080.0,1134674,8080.5,135090,796934,117934,679000,999584
1900-01-01 11:05:00,8081.5,535979,8082.0,142505,232329,70152,162177,393474
1900-01-01 11:05:15,8085.0,370941,8085.5,624542,249809,57300,192509,-253601
1900-01-01 11:05:30,8084.0,3748,8084.5,935211,248652,262536,-13884,-931463
1900-01-01 11:05:45,8082.0,15541,8082.5,1371472,20453,53684,-33231,-1355931
1900-01-01 11:06:00,8080.0,225332,8080.5,1036852,38600,76608,-38008,-811520
1900-01-01 11:06:15,8075.5,26499,8076.0,1000814,111720,321875,-210155,-974315
1900-01-01 11:06:30,8070.0,111947,8070.5,223483,70686,144487,-73801,-111536
1900-01-01 11:06:45,8067.0,958737,8067.5,268295,166718,338490,-171772,690442
1900-01-01 11:07:00,8070.0,571778,8070.5,34642,314117,952530,-638413,537136
1900-01-01 11:07:15,8075.0,891640,8075.5,95725,194147,111800,82347,795915
1900-01-01 11:07:30,8079.5,473658,8080.0,57138,223347,27186,196161,416520
1900-01-01 11:07:45,8084.0,447866,8084.5,106239,185042,109768,75274,341627
1900-01-01 11:08:00,8082.0,162954,8082.5,800576,45501,253011,-207510,-637622
1900-01-01 11:08:15,8079.0,1845,8079.5,1239157,46474,168953,-122479,-1237312
1900-01-01 11:08:30,8079.0,37032,8079.5,1448439,63616,122931,-59315,-1411407
1900-01-01 11:08:45,8078.0,670236,8078.5,194044,92819,11138,81681,476192
1900-01-01 11:09:00,8078.5,594065,8079.0,109837,114316,49220,65096,484228
1900-01-01 11:09:15,8082.5,65,8083.0,1071950,75246,181294,-106048,-1071885
1900-01-01 11:09:30,8081.0,483871,8081.5,169079,95960,32900,63060,314792
1900-01-01 11:09:45,8080.0,90244,8080.5,1673270,54097,113374,-59277,-1583026
1900-01-01 11:10:00,8074.5,61,8075.0,1356513,28639,343289,-314650,-1356452
1900-01-01 11:10:15,8072.5,607175,8073.0,105389,53901,203116,-149215,501786
1900-01-01 11:10:30,8075.5,726191,8076.0,168932,46895,50816,-3921,557259
1900-01-01 11:10:45,8072.5,96485,8073.0,438155,24076,78286,-54210,-341670
1900-01-01 11:11:00,8070.0,34030,8070.5,943899,167612,208786,-41174,-909869
1900-01-01 11:11:15,8067.5,268726,8068.0,235702,52880,71334,-18454,33024
1900-01-01 11:11:30,8068.0,905335,8068.5,22458,153005,20627,132378,882877
1900-01-01 11:11:45,8072.0,527156,8072.5,6460,249247,277550,-28303,520696
1900-01-01 11:12:00,8072.0,6181684,8072.5,43139,91290,10786,80504,6138545
1900-01-01 11:12:15,8081.5,169556,8082.0,1637840,140453,107406,33047,-1468284
1900-01-01 11:12:30,8085.0,584426,8085.5,457765,247732,172845,74887,126661
1900-01-01 11:12:45,8082.5,706616,8083.0,151750,297556,123777,173779,554866
1900-01-01 11:13:00,8084.0,42367,8084.5,1233453,154708,46514,108194,-1191086
1900-01-01 11:13:15,8082.5,6383,8083.0,514799,29758,102172,-72414,-508416
1900-01-01 11:13:30,8081.5,493046,8082.0,198575,77870,37792,40078,294471
1900-01-01 11:13:45,8081.0,567649,8081.5,265841,29267,68724,-39457,301808
1900-01-01 11:14:00,8081.5,547477,8082.0,97521,38535,31260,7275,449956
1900-01-01 11:14:15,8087.0,661313,8087.5,110367,219808,9252,210556,550946
1900-01-01 11:14:30,8099.5,454029,8100.0,47998,905497,122090,783407,406031
1900-01-01 11:14:45,8102.5,561429,8103.0,134,1919914,268518,1651396,561295
1900-01-01 11:15:00,8097.0,390130,8097.5,1142396,697621,459272,238349,-752266
1900-01-01 11:15:15,8092.0,13447,8092.5,135863,57498,260851,-203353,-122416
1900-01-01 11:15:30,8087.0,119296,8087.5,1147834,29538,483598,-454060,-1028538
1900-01-01 11:15:45,8081.5,1774254,8082.0,60327,278481,223788,54693,1713927
1900-01-01 11:16:00,8081.5,1734019,8082.0,2640,156934,9640,147294,1731379
1900-01-01 11:16:15,8081.5,247974,8082.0,317605,76061,432494,-356433,-69631
1900-01-01 11:16:30,8081.5,396826,8082.0,375159,105518,46896,58622,21667
1900-01-01 11:16:45,8080.0,676169,8080.5,22638,359896,460451,-100555,653531
1900-01-01 11:17:00,8092.5,82444,8093.0,531517,252540,78143,174397,-449073
1900-01-01 11:17:15,8091.0,124789,8091.5,360306,118218,31029,87189,-235517
1900-01-01 11:17:30,8086.0,515,8086.5,1167947,26470,104639,-78169,-1167432
1900-01-01 11:17:45,8086.0,6027220,8086.5,117250,312783,53041,259742,5909970
1900-01-01 11:18:00,8090.0,1104018,8090.5,145234,111888,9784,102104,958784
1900-01-01 11:18:15,8094.5,1045866,8095.0,12861,99543,4418,95125,1033005
1900-01-01 11:18:30,8094.5,437954,8095.0,511061,11175,69867,-58692,-73107
1900-01-01 11:18:45,8094.5,183552,8095.0,462539,73116,102357,-29241,-278987
1900-01-01 11:19:00,8087.0,599910,8087.5,186572,22846,146835,-123989,413338
1900-01-01 11:19:15,8087.0,102259,8087.5,297951,32818,107698,-74880,-195692
1900-01-01 11:19:30,8087.0,717924,8087.5,318734,62683,20458,42225,399190
1900-01-01 11:19:45,8087.0,803533,8087.5,304623,1590,25209,-23619,498910
1900-01-01 11:20:00,8089.5,993769,8090.0,42647,215043,100796,114247,951122
1900-01-01 11:20:15,8092.5,2078486,8093.0,102072,62573,23754,38819,1976414
1900-01-01 11:20:30,8093.0,1157911,8093.5,445,62108,148,61960,1157466
1900-01-01 11:20:45,8096.5,267761,8097.0,184948,39836,61504,-21668,82813
1900-01-01 11:21:00,8101.0,695440,8101.5,168711,231678,59374,172304,526729
1900-01-01 11:21:15,8101.5,487171,8102.0,581244,89310,17953,71357,-94073
1900-01-01 11:21:30,8103.0,923845,8103.5,374801,501578,97022,404556,549044
1900-01-01 11:21:45,8103.0,754325,8103.5,336261,440066,46752,393314,418064
1900-01-01 11:22:00,8108.5,232536,8109.0,232577,1030367,47376,982991,-41
1900-01-01 11:22:15,8104.0,365335,8104.5,262509,59324,466781,-407457,102826
1900-01-01 11:22:30,8105.5,222574,8106.0,624157,237132,58797,178335,-401583
1900-01-01 11:22:45,8102.5,255244,8103.0,643540,86039,162357,-76318,-388296
1900-01-01 11:23:00,8102.5,693104,8103.0,190364,48793,247980,-199187,502740
1900-01-01 11:23:15,8107.0,513218,8107.5,52016,86453,5460,80993,461202
1900-01-01 11:23:30,8111.0,1254472,8111.5,243792,677052,132261,544791,1010680
1900-01-01 11:23:45,8121.5,283533,8122.0,428780,185698,99533,86165,-145247
1900-01-01 11:24:00,8106.5,17233,8107.0,263116,118300,485907,-367607,-245883
1900-01-01 11:24:15,8106.5,116804,8107.0,652333,82254,152015,-69761,-535529
1900-01-01 11:24:30,8106.5,893105,8107.0,530364,44652,155950,-111298,362741
1900-01-01 11:24:45,8114.5,62371,8115.0,577818,228356,37269,191087,-515447
1900-01-01 11:25:00,8110.5,14444,8111.0,1065234,144226,128008,16218,-1050790
1900-01-01 11:25:15,8107.0,267192,8107.5,485017,45798,439098,-393300,-217825
1900-01-01 11:25:30,8106.0,24981,8106.5,715706,82917,257641,-174724,-690725
1900-01-01 11:25:45,8104.0,51148,8104.5,1532506,27188,194592,-167404,-1481358
1900-01-01 11:26:00,8098.0,54810,8098.5,18773,16704,186062,-169358,36037
1900-01-01 11:26:15,8093.0,215553,8093.5,389071,13586,496191,-482605,-173518
1900-01-01 11:26:30,8094.5,360871,8095.0,231522,81406,210180,-128774,129349
1900-01-01 11:26:45,8094.5,445839,8095.0,321296,151004,35408,115596,124543
1900-01-01 11:27:00,8092.5,63820,8093.0,722901,130619,107529,23090,-659081
1900-01-01 11:27:15,8091.5,479497,8092.0,211203,73952,292068,-218116,268294
1900-01-01 11:27:30,8098.0,377662,8098.5,345021,200212,10763,189449,32641
1900-01-01 11:27:45,8098.0,1125246,8098.5,71752,28888,127963,-99075,1053494
1900-01-01 11:28:00,8099.5,604961,8100.0,751656,401412,66556,334856,-146695
1900-01-01 11:28:15,8112.0,901685,8112.5,71297,229302,11170,218132,830388
1900-01-01 11:28:30,8103.0,43475,8104.0,89313,263649,277756,-14107,-45838
1900-01-01 11:28:45,8105.5,71391,8106.0,1375976,15374,68061,-52687,-1304585
1900-01-01 11:29:00,8103.5,60240,8104.0,959826,119265,280333,-161068,-899586
1900-01-01 11:29:15,8109.0,352750,8109.5,516824,261272,105794,155478,-164074
1900-01-01 11:29:30,8109.0,172497,8109.5,571512,31302,99684,-68382,-399015
1900-01-01 11:29:45,8105.5,36476,8106.0,720492,8404,50483,-42079,-684016
1900-01-01 11:30:00,8103.0,98594,8103.5,844110,93020,82382,10638,-745516
1900-01-01 11:30:15,8102.5,5857,8103.0,1046950,125703,37730,87973,-1041093
1900-01-01 11:30:30,8100.5,58038,8101.0,1067721,4648,65502,-60854,-1009683
1900-01-01 11:30:45,8100.0,61317,8100.5,955289,3000,97665,-94665,-893972
1900-01-01 11:31:00,8096.5,68465,8097.0,709404,5000,79833,-74833,-640939
1900-01-01 11:31:15,8089.0,15548,8089.5,2289272,11782,302175,-290393,-2273724
1900-01-01 11:31:30,8097.0,8100,8097.5,6337,93328,403954,-310626,1763
1900-01-01 11:31:45,8095.0,5334,8095.5,889301,231178,24678,206500,-883967
1900-01-01 11:32:00,8094.5,5149,8095.0,1598535,20136,191450,-171314,-1593386
1900-01-01 11:32:15,8090.0,67326,8090.5,794849,11019,40845,-29826,-727523
1900-01-01 11:32:30,8087.5,13202,8088.0,732186,3118,49083,-45965,-718984
1900-01-01 11:32:45,8086.0,801688,8086.5,252000,41884,145445,-103561,549688
1900-01-01 11:33:00,8086.0,634460,8086.5,191960,118937,22373,96564,442500
1900-01-01 11:33:15,8086.0,203453,8086.5,785472,77948,189306,-111358,-582019
1900-01-01 11:33:30,8086.0,217933,8086.5,1109736,21826,250488,-228662,-891803
1900-01-01 11:33:45,8086.0,3358,8086.5,1679719,15100,247263,-232163,-1676361
1900-01-01 11:34:00,8085.0,150129,8085.5,758452,27000,326058,-299058,-608323
1900-01-01 11:34:15,8082.5,204219,8083.0,1934447,25811,159743,-133932,-1730228
1900-01-01 11:34:30,8080.5,105456,8081.0,687684,151740,341779,-190039,-582228
1900-01-01 11:34:45,8080.5,386948,8081.0,166249,171831,358490,-186659,220699
1900-01-01 11:35:00,8080.5,128600,8081.0,4182366,28378,23621,4757,-4053766
1900-01-01 11:35:15,8068.0,484,8068.5,102252,63848,639834,-575986,-101768
1900-01-01 11:35:30,8075.0,50554,8075.5,745821,997388,386936,610452,-695267
1900-01-01 11:35:45,8078.0,149922,8078.5,487622,352378,602970,-250592,-337700
1900-01-01 11:36:00,8078.0,92108,8078.5,4494862,123932,224118,-100186,-4402754
1900-01-01 11:36:15,8075.5,35886,8076.0,933295,10316,49337,-39021,-897409
1900-01-01 11:36:30,8075.5,312689,8076.0,592017,108082,171554,-63472,-279328
1900-01-01 11:36:45,8075.5,562855,8076.0,171799,119500,87502,31998,391056
1900-01-01 11:37:00,8079.5,336973,8080.0,240114,151731,3823,147908,96859
1900-01-01 11:37:15,8079.5,585199,8080.0,223302,152377,49124,103253,361897
1900-01-01 11:37:30,8081.5,625772,8082.0,208181,241980,9490,232490,417591
1900-01-01 11:37:45,8081.5,1054985,8082.0,67428,134241,2154,132087,987557
1900-01-01 11:38:00,8081.5,204544,8082.0,416265,481265,65106,416159,-211721
1900-01-01 11:38:15,8080.0,97755,8080.5,819646,33908,175800,-141892,-721891
1900-01-01 11:38:30,8076.5,125127,8077.0,4004705,6260,89368,-83108,-3879578
1900-01-01 11:38:45,8074.5,12348,8075.0,583852,24574,65906,-41332,-571504
1900-01-01 11:39:00,8074.5,64284,8075.0,560875,20624,78935,-58311,-496591
1900-01-01 11:39:15,8077.5,377541,8078.0,402532,415735,28410,387325,-24991
1900-01-01 11:39:30,8077.5,422408,8078.0,392237,180671,81622,99049,30171
1900-01-01 11:39:45,8077.5,73149,8078.0,429919,220516,30310,190206,-356770
1900-01-01 11:40:00,8077.5,227465,8078.0,360186,54842,49676,5166,-132721
1900-01-01 11:40:15,8077.5,105053,8078.0,1019478,18600,13351,5249,-914425
1900-01-01 11:40:30,8077.5,40053,8078.0,753338,25967,82188,-56221,-713285
1900-01-01 11:40:45,8076.0,473188,8076.5,273259,15426,51286,-35860,199929
1900-01-01 11:41:00,8077.0,165601,8077.5,636966,320758,43371,277387,-471365
1900-01-01 11:41:15,8072.5,101772,8073.0,799868,194860,632765,-437905,-698096
1900-01-01 11:41:30,8071.5,12611,8072.0,749410,4,59520,-59516,-736799
1900-01-01 11:41:45,8069.5,3211,8070.0,731627,31888,85750,-53862,-728416
1900-01-01 11:42:00,8068.0,688390,8068.5,181561,58146,70147,-12001,506829
1900-01-01 11:42:15,8068.0,277881,8068.5,543112,49169,52530,-3361,-265231
1900-01-01 11:42:30,8068.0,271352,8068.5,462951,47276,192137,-144861,-191599
1900-01-01 11:42:45,8068.0,577921,8068.5,105028,58406,23406,35000,472893
1900-01-01 11:43:00,8065.0,357690,8065.5,1107874,78732,370594,-291862,-750184
1900-01-01 11:43:15,8065.0,202598,8065.5,1119110,24080,314471,-290391,-916512
1900-01-01 11:43:30,8065.0,284835,8065.5,860315,143814,137925,5889,-575480
1900-01-01 11:43:45,8063.5,12834,8064.0,957746,36586,38556,-1970,-944912
1900-01-01 11:44:00,8061.5,1000,8062.0,373810,5324,176766,-171442,-372810
1900-01-01 11:44:15,8056.5,510644,8057.0,120452,58283,235956,-177673,390192
1900-01-01 11:44:30,8062.5,1206654,8063.0,44936,604896,191638,413258,1161718
1900-01-01 11:44:45,8067.0,339248,8067.5,40675,335481,239100,96381,298573
1900-01-01 11:45:00,8064.0,19720,8065.5,8000,827486,215188,612298,11720
1900-01-01 11:45:15,8069.5,275425,8070.0,855718,68333,36901,31432,-580293
1900-01-01 11:45:30,8069.5,108654,8070.0,1320367,43886,119564,-75678,-1211713
1900-01-01 11:45:45,8069.0,5500,8069.5,1671372,93478,88153,5325,-1665872
1900-01-01 11:46:00,8067.0,252005,8067.5,1047735,191744,86154,105590,-795730
1900-01-01 11:46:15,8067.0,113029,8067.5,1075416,251855,102337,149518,-962387
1900-01-01 11:46:30,8067.0,133260,8067.5,1135336,114266,13926,100340,-1002076
1900-01-01 11:46:45,8066.0,8504,8066.5,1174206,32004,51696,-19692,-1165702
1900-01-01 11:47:00,8063.5,35175,8064.0,487777,5268,121704,-116436,-452602
1900-01-01 11:47:15,8060.0,557538,8060.5,73515,79900,136666,-56766,484023
1900-01-01 11:47:30,8064.0,270923,8064.5,410959,114288,159875,-45587,-140036
1900-01-01 11:47:45,8060.0,227273,8060.5,186559,6466,242995,-236529,40714
1900-01-01 11:48:00,8062.0,12805,8062.5,741619,3198,50479,-47281,-728814
1900-01-01 11:48:15,8060.0,8132,8060.5,1108682,5002,114378,-109376,-1100550
1900-01-01 11:48:30,8056.0,96233,8056.5,832312,14216,164687,-150471,-736079
1900-01-01 11:48:45,8036.0,41766,8036.5,1669248,126862,1706336,-1579474,-1627482
1900-01-01 11:49:00,8019.0,124031,8020.0,116911,248586,7084601,-6836015,7120
1900-01-01 11:49:15,8038.5,27630,8039.0,960447,2867496,2630268,237228,-932817
1900-01-01 11:49:30,8035.5,4013,8038.0,8501,506191,401050,105141,-4488
1900-01-01 11:49:45,8030.5,602,8031.0,173480,781972,365137,416835,-172878
1900-01-01 11:50:00,8026.0,362293,8026.5,59735,127942,559016,-431074,302558
1900-01-01 11:50:15,8026.0,380791,8026.5,703580,513163,368059,145104,-322789
1900-01-01 11:50:30,8020.0,470376,8020.5,627191,64737,627903,-563166,-156815
1900-01-01 11:50:45,8025.0,764237,8025.5,44085,157716,821451,-663735,720152
1900-01-01 11:51:00,8031.5,1526326,8032.0,58241,3661477,209712,3451765,1468085
1900-01-01 11:51:15,8039.5,638496,8040.0,49386,1031458,147332,884126,589110
1900-01-01 11:51:30,8048.0,17594,8048.5,125013,604089,226582,377507,-107419
1900-01-01 11:51:45,8039.0,208789,8039.5,25332,240679,129524,111155,183457
1900-01-01 11:52:00,8045.0,74601,8045.5,239619,383640,294737,88903,-165018
1900-01-01 11:52:15,8037.5,366446,8038.0,258884,148840,167812,-18972,107562
1900-01-01 11:52:30,8037.5,447524,8038.0,135212,82998,67628,15370,312312
1900-01-01 11:52:45,8035.0,942704,8035.5,233128,519660,71039,448621,709576
1900-01-01 11:53:00,8035.0,1230161,8035.5,631741,63356,70448,-7092,598420
1900-01-01 11:53:15,8035.0,1026389,8035.5,637992,195075,406399,-211324,388397
1900-01-01 11:53:30,8030.0,50673,8030.5,763402,21174,934078,-912904,-712729
1900-01-01 11:53:45,8032.5,601005,8033.0,3841,378567,202117,176450,597164
1900-01-01 11:54:00,8034.5,1237977,8035.0,437802,355558,216581,138977,800175
1900-01-01 11:54:15,8034.5,496174,8035.0,390208,252218,38644,213574,105966
1900-01-01 11:54:30,8034.5,665806,8035.0,367888,65398,81070,-15672,297918
1900-01-01 11:54:45,8025.0,174288,8025.5,1121160,102807,336150,-233343,-946872
1900-01-01 11:55:00,8023.5,10000,8024.0,367290,73104,279456,-206352,-357290
1900-01-01 11:55:15,8016.5,1708754,8017.0,22050,401795,3591458,-3189663,1686704
1900-01-01 11:55:30,8027.0,419818,8027.5,2443,256029,295610,-39581,417375
1900-01-01 11:55:45,8027.0,357592,8027.5,361580,131181,127386,3795,-3988
1900-01-01 11:56:00,8032.5,57986,8033.0,210279,209530,97137,112393,-152293
1900-01-01 11:56:15,8032.5,1068530,8033.0,656394,82375,208705,-126330,412136
1900-01-01 11:56:30,8032.5,1155376,8033.0,372006,83439,72796,10643,783370
1900-01-01 11:56:45,8038.5,1622559,8039.0,279823,264658,69320,195338,1342736
1900-01-01 11:57:00,8039.0,1219763,8039.5,546261,373519,138728,234791,673502
1900-01-01 11:57:15,8039.5,308537,8040.0,141030,283283,64236,219047,167507
1900-01-01 11:57:30,8043.0,1294175,8043.5,83471,190373,37696,152677,1210704
1900-01-01 11:57:45,8042.5,245118,8043.0,318188,438231,243922,194309,-73070
1900-01-01 11:58:00,8042.5,54963,8043.0,343136,260970,17524,243446,-288173
1900-01-01 11:58:15,8043.0,916438,8043.5,48873,163053,71772,91281,867565
1900-01-01 11:58:30,8047.0,417700,8047.5,101142,1711278,117524,1593754,316558
1900-01-01 11:58:45,8047.0,272541,8047.5,238189,107430,57304,50126,34352
1900-01-01 11:59:00,8047.0,425188,8047.5,311698,69264,38142,31122,113490
1900-01-01 11:59:15,8047.0,326184,8047.5,4323699,59153,95322,-36169,-3997515
1900-01-01 11:59:30,8045.5,16144,8046.0,265604,42812,541595,-498783,-249460
1900-01-01 11:59:45,8039.5,386382,8040.0,121804,34867,546816,-511949,264578
1900-01-01 12:00:00,8042.0,23340,8046.5,4540,93980,38305,55675,18800
1900-01-01 12:00:15,8034.0,35747,8034.5,82885,425441,255400,170041,-47138
1900-01-01 12:00:30,8039.5,519558,8040.0,542718,871011,112430,758581,-23160
1900-01-01 12:00:45,8039.5,496099,8040.0,1404197,331292,78490,252802,-908098
1900-01-01 12:01:00,8031.5,569702,8032.0,66289,75141,194593,-119452,503413
1900-01-01 12:01:15,8026.0,284073,8026.5,149037,174910,358444,-183534,135036
1900-01-01 12:01:30,8029.5,235618,8030.0,140281,840740,483912,356828,95337
1900-01-01 12:01:45,8021.0,129684,8021.5,288258,76943,2063110,-1986167,-158574
1900-01-01 12:02:00,8024.5,104355,8025.0,905915,25648,3824224,-3798576,-801560
1900-01-01 12:02:15,8021.0,389333,8021.5,78490,284332,720615,-436283,310843
1900-01-01 12:02:30,8021.0,329558,8021.5,476796,169132,704190,-535058,-147238
1900-01-01 12:02:45,8018.5,563089,8019.0,568571,132503,1643605,-1511102,-5482
1900-01-01 12:03:00,8016.5,12749,8017.0,51127,156186,347562,-191376,-38378
1900-01-01 12:03:15,8038.0,1958528,8038.5,210902,790404,327948,462456,1747626
1900-01-01 12:03:30,8034.0,14700,8034.5,8263,891724,246260,645464,6437
1900-01-01 12:03:45,8039.0,120917,8039.5,195694,1163800,115440,1048360,-74777
1900-01-01 12:04:00,8044.5,2806780,8045.0,242338,156663,19442,137221,2564442
1900-01-01 12:04:15,8044.5,552633,8045.0,301329,292395,210312,82083,251304
1900-01-01 12:04:30,8046.5,1186698,8047.0,67523,352036,25872,326164,1119175
1900-01-01 12:04:45,8052.5,130364,8053.0,64441,717192,49274,667918,65923
1900-01-01 12:05:00,8050.5,378042,8051.0,574872,113830,32402,81428,-196830
1900-01-01 12:05:15,8052.0,2108854,8052.5,369363,710376,122961,587415,1739491
1900-01-01 12:05:30,8054.5,952348,8055.0,156757,454805,165188,289617,795591
1900-01-01 12:05:45,8058.0,1705989,8058.5,172505,1220064,13726,1206338,1533484
1900-01-01 12:06:00,8059.5,502901,8060.0,177599,393454,125258,268196,325302
1900-01-01 12:06:15,8061.0,909380,8061.5,34156,318029,72024,246005,875224
1900-01-01 12:06:30,8066.5,53915,8067.0,371528,741035,85269,655766,-317613
1900-01-01 12:06:45,8062.5,767538,8063.0,49419,220777,226532,-5755,718119
1900-01-01 12:07:00,8062.5,96118,8063.0,424617,191193,241758,-50565,-328499
1900-01-01 12:07:15,8055.0,7975,8055.5,574501,28001,2762137,-2734136,-566526
1900-01-01 12:07:30,8046.5,503847,8047.0,360379,26740,391545,-364805,143468
1900-01-01 12:07:45,8049.5,138911,8050.0,480307,79692,257888,-178196,-341396
1900-01-01 12:08:00,8046.5,794,8047.0,107724,30238,109046,-78808,-106930
1900-01-01 12:08:15,8045.5,80730,8046.0,460112,63459,94816,-31357,-379382
1900-01-01 12:08:30,8043.0,7520,8043.5,450232,68736,17429,51307,-442712
1900-01-01 12:08:45,8042.0,41851,8042.5,551107,22509,75110,-52601,-509256
1900-01-01 12:09:00,8037.5,22166,8038.0,618313,7763,282978,-275215,-596147
1900-01-01 12:09:15,8034.5,615846,8035.0,322022,305191,60086,245105,293824
1900-01-01 12:09:30,8038.0,1624996,8038.5,10694,202315,120208,82107,1614302
1900-01-01 12:09:45,8044.5,348819,8045.0,668243,71301,3520,67781,-319424
1900-01-01 12:10:00,8040.0,38790,8040.5,646267,80936,102104,-21168,-607477
1900-01-01 12:10:15,8036.5,76139,8037.0,1059040,7876,318544,-310668,-982901
1900-01-01 12:10:30,8031.0,4256,8031.5,310655,12640,301085,-288445,-306399
1900-01-01 12:10:45,8030.0,112427,8030.5,950154,25941,179549,-153608,-837727
1900-01-01 12:11:00,8037.5,462543,8038.0,3333,274950,124198,150752,459210
1900-01-01 12:11:15,8037.5,31,8038.0,394811,68693,55228,13465,-394780
1900-01-01 12:11:30,8032.0,305,8032.5,122759,44170,311735,-267565,-122454
1900-01-01 12:11:45,8026.5,219629,8027.0,260318,63740,159956,-96216,-40689
1900-01-01 12:12:00,8026.5,230336,8027.0,455181,39287,506569,-467282,-224845
1900-01-01 12:12:15,8029.0,545823,8029.5,11484,272523,54370,218153,534339
1900-01-01 12:12:30,8026.0,392549,8026.5,647003,65106,377882,-312776,-254454
1900-01-01 12:12:45,8020.5,439295,8021.0,221412,55026,526960,-471934,217883
1900-01-01 12:13:00,8023.0,284147,8023.5,492530,100578,302484,-201906,-208383
1900-01-01 12:13:15,8023.0,758234,8023.5,357750,64395,100309,-35914,400484
1900-01-01 12:13:30,8023.0,798528,8023.5,529848,42466,108504,-66038,268680
1900-01-01 12:13:45,8016.0,665274,8016.5,118182,67205,498007,-430802,547092
1900-01-01 12:14:00,8029.5,230334,8030.0,536539,560647,454470,106177,-306205
1900-01-01 12:14:15,8020.5,679260,8021.0,320100,69755,199461,-129706,359160
1900-01-01 12:14:30,8020.5,458575,8021.0,570432,76128,58781,17347,-111857
1900-01-01 12:14:45,7993.0,854,7998.5,15,83901,1259112,-1175211,839
1900-01-01 12:15:00,7981.0,10000,7981.5,4824,542854,4926988,-4384134,5176
1900-01-01 12:15:15,7997.5,139500,7998.0,15000,2506964,3026334,-519370,124500
1900-01-01 12:15:30,8007.5,69229,8008.0,103647,549674,1021092,-471418,-34418
1900-01-01 12:15:45,8000.0,494712,8000.5,43155,542508,1523357,-980849,451557
1900-01-01 12:16:00,8000.0,240668,8000.5,670632,180708,954734,-774026,-429964
1900-01-01 12:16:15,8000.0,379388,8000.5,811694,39625,388199,-348574,-432306
1900-01-01 12:16:30,8007.0,1372823,8007.5,9083,559205,305952,253253,1363740
1900-01-01 12:16:45,8013.5,1843498,8014.0,132647,878160,196336,681824,1710851
1900-01-01 12:17:00,8026.5,222720,8027.0,77300,1088604,39910,1048694,145420
1900-01-01 12:17:15,8018.5,1376496,8019.0,43030,431883,385296,46587,1333466
1900-01-01 12:17:30,8015.0,5700,8015.5,182816,351983,128902,223081,-177116
1900-01-01 12:17:45,8012.0,386029,8012.5,66941,105062,356095,-251033,319088
1900-01-01 12:18:00,8005.5,270919,8006.0,894365,71008,349664,-278656,-623446
1900-01-01 12:18:15,8007.5,25379,8008.0,389729,185031,130710,54321,-364350
1900-01-01 12:18:30,8004.5,62364,8005.0,472872,61294,256627,-195333,-410508
1900-01-01 12:18:45,8004.5,348126,8005.0,26528,160733,134864,25869,321598
1900-01-01 12:19:00,8017.0,89633,8017.5,3350,415860,147000,268860,86283
1900-01-01 12:19:15,8018.0,22037,8018.5,527549,49845,149440,-99595,-505512
1900-01-01 12:19:30,8014.0,91194,8014.5,1057745,108665,134841,-26176,-966551
1900-01-01 12:19:45,8007.5,80038,8008.0,1541629,36215,37790,-1575,-1461591
1900-01-01 12:20:00,7996.5,46567,7997.0,120575,45396,678676,-633280,-74008
1900-01-01 12:20:15,7992.0,7209,7992.5,335485,38431,505056,-466625,-328276
1900-01-01 12:20:30,7987.0,175285,7987.5,402300,81662,1007991,-926329,-227015
1900-01-01 12:20:45,7975.0,382639,7975.5,13007,334261,1253078,-918817,369632
1900-01-01 12:21:00,7959.5,9700,7960.0,6995,1686358,2637165,-950807,2705
1900-01-01 12:21:15,7921.0,146597,7921.5,3267540,1073812,9023688,-7949876,-3120943
1900-01-01 12:21:30,7852.0,102599,7885.0,5000,2626634,5916904,-3290270,97599
1900-01-01 12:21:45,7804.0,39268,7830.0,1200,1562601,7546273,-5983672,38068
1900-01-01 12:22:00,7761.0,97882,7777.5,50,2254095,6674792,-4420697,97832
1900-01-01 12:22:15,7847.0,3442,7861.0,25766,22816281,1988742,20827539,-22324
1900-01-01 12:22:30,7858.5,471,7861.5,874,4690544,1088333,3602211,-403
1900-01-01 12:22:45,7865.5,2596,7869.5,657661,2558446,985820,1572626,-655065
1900-01-01 12:23:00,7889.5,2000,7897.0,181418,3298549,1434930,1863619,-179418
1900-01-01 12:23:15,7886.0,306608,7886.5,261772,1748011,721333,1026678,44836
1900-01-01 12:23:30,7900.0,1333351,7900.5,153019,3221768,1781910,1439858,1180332
1900-01-01 12:23:45,7906.0,741318,7906.5,118592,2455804,717578,1738226,622726
1900-01-01 12:24:00,7915.5,32436,7916.0,451059,2189260,603228,1586032,-418623
1900-01-01 12:24:15,7906.0,555403,7906.5,7560,730269,1071067,-340798,547843
1900-01-01 12:24:30,7913.5,8870,7914.0,536308,931153,771762,159391,-527438
1900-01-01 12:24:45,7907.5,434713,7908.0,92949,512768,657139,-144371,341764
1900-01-01 12:25:00,7915.0,429427,7915.5,467693,751228,463266,287962,-38266
1900-01-01 12:25:15,7915.5,320107,7916.0,22572,967416,348031,619385,297535
1900-01-01 12:25:30,7926.5,71527,7927.0,150864,1834537,587574,1246963,-79337
1900-01-01 12:25:45,7932.5,752756,7933.0,18410,850138,554413,295725,734346
1900-01-01 12:26:00,7934.0,239800,7934.5,231719,1415867,218121,1197746,8081
1900-01-01 12:26:15,7922.5,8949,7923.0,418010,817924,1850050,-1032126,-409061
1900-01-01 12:26:30,7921.0,59586,7921.5,271657,425897,847291,-421394,-212071
1900-01-01 12:26:45,7921.0,1015040,7921.5,135035,274930,434008,-159078,880005
1900-01-01 12:27:00,7924.0,213792,7924.5,514864,591101,331610,259491,-301072
1900-01-01 12:27:15,7921.5,139730,7922.0,254367,440160,429870,10290,-114637
1900-01-01 12:27:30,7923.0,78757,7923.5,62420,201007,1004988,-803981,16337
1900-01-01 12:27:45,7936.5,959502,7937.0,90483,555802,162886,392916,869019
1900-01-01 12:28:00,7943.0,2154653,7943.5,39185,730261,94722,635539,2115468
1900-01-01 12:28:15,7941.5,2263,7942.0,738893,1012350,364331,648019,-736630
1900-01-01 12:28:30,7931.0,598525,7931.5,270540,78457,460565,-382108,327985
1900-01-01 12:28:45,7938.5,525757,7939.0,19365,313131,217146,95985,506392
1900-01-01 12:29:00,7936.5,3925,7937.0,301228,337302,350779,-13477,-297303
1900-01-01 12:29:15,7930.0,4838,7930.5,682734,72586,659928,-587342,-677896
1900-01-01 12:29:30,7921.5,570729,7922.0,77216,259233,262616,-3383,493513
1900-01-01 12:29:45,7930.0,199981,7930.5,418442,156354,225143,-68789,-218461
1900-01-01 12:30:00,7928.5,116603,7929.0,283265,275348,388886,-113538,-166662
1900-01-01 12:30:15,7928.0,35047,7928.5,337576,91114,178728,-87614,-302529
1900-01-01 12:30:30,7916.5,26323,7917.0,47333,390013,217169,172844,-21010
1900-01-01 12:30:45,7911.5,237632,7912.0,121575,37601,676948,-639347,116057
1900-01-01 12:31:00,7921.0,465449,7921.5,35264,451587,2118611,-1667024,430185
1900-01-01 12:31:15,7923.0,142063,7923.5,368941,513503,618247,-104744,-226878
1900-01-01 12:31:30,7927.5,224776,7928.0,346863,368652,310621,58031,-122087
1900-01-01 12:31:45,7939.0,39113,7939.5,83300,297215,482876,-185661,-44187
1900-01-01 12:32:00,7937.5,24709,7938.0,103792,235305,230219,5086,-79083
1900-01-01 12:32:15,7944.5,678062,7945.0,125522,85438,506081,-420643,552540
1900-01-01 12:32:30,7945.5,273612,7946.0,115385,659650,236226,423424,158227
1900-01-01 12:32:45,7941.0,138038,7941.5,81000,405676,349354,56322,57038
1900-01-01 12:33:00,7943.0,488751,7944.0,40164,139367,93656,45711,448587
1900-01-01 12:33:15,7944.5,47141,7945.0,167369,194279,270259,-75980,-120228
1900-01-01 12:33:30,7944.5,402836,7945.0,310581,24578,190342,-165764,92255
1900-01-01 12:33:45,7958.5,452594,7959.0,118892,1428025,157842,1270183,333702
1900-01-01 12:34:00,7955.5,189448,7956.0,848888,1257120,188765,1068355,-659440
1900-01-01 12:34:15,7959.0,596669,7959.5,33407,569000,190098,378902,563262
1900-01-01 12:34:30,7965.5,653430,7966.0,125927,986861,140601,846260,527503
1900-01-01 12:34:45,7962.0,89437,7962.5,186249,217666,778865,-561199,-96812
1900-01-01 12:35:00,7954.5,480952,7955.0,320075,117084,521964,-404880,160877
1900-01-01 12:35:15,7951.0,517785,7951.5,50,60871,570569,-509698,517735
1900-01-01 12:35:30,7954.5,238426,7955.0,199998,593249,53268,539981,38428
1900-01-01 12:35:45,7952.0,26648,7952.5,272730,141693,238061,-96368,-246082
1900-01-01 12:36:00,7950.5,69088,7951.0,358762,26171,990070,-963899,-289674
1900-01-01 12:36:15,7947.0,15643,7947.5,138740,170836,628759,-457923,-123097
1900-01-01 12:36:30,7944.5,109357,7945.0,168406,250586,1004055,-753469,-59049
1900-01-01 12:36:45,7945.0,119021,7945.5,362219,182651,235963,-53312,-243198
1900-01-01 12:37:00,7945.0,1283758,7945.5,44596,185449,158169,27280,1239162
1900-01-01 12:37:15,7948.0,1289200,7948.5,167107,182400,21855,160545,1122093
1900-01-01 12:37:30,7948.0,21688,7948.5,1120905,127692,79798,47894,-1099217
1900-01-01 12:37:45,7945.5,799504,7946.0,382532,28902,43897,-14995,416972
1900-01-01 12:38:00,7945.5,1132033,7946.0,115646,89524,122858,-33334,1016387
1900-01-01 12:38:15,7949.5,603533,7950.0,995321,410994,53894,357100,-391788
1900-01-01 12:38:30,7956.5,192499,7957.0,346754,1296371,34026,1262345,-154255
1900-01-01 12:38:45,7954.0,748015,7954.5,124,94250,127804,-33554,747891
1900-01-01 12:39:00,7952.0,5065839,7952.5,130956,149672,75640,74032,4934883
1900-01-01 12:39:15,7960.0,184760,7960.5,451959,309531,183786,125745,-267199
1900-01-01 12:39:30,7961.5,694275,7962.0,57316,333824,42275,291549,636959
1900-01-01 12:39:45,7964.5,785330,7965.0,19123,201959,174146,27813,766207
1900-01-01 12:40:00,7961.5,1753,7962.0,861621,58956,228575,-169619,-859868
1900-01-01 12:40:15,7954.5,242096,7955.0,550722,152048,715684,-563636,-308626
1900-01-01 12:40:30,7952.0,91868,7952.5,538996,34725,415879,-381154,-447128
1900-01-01 12:40:45,7949.5,449804,7950.0,68262,140445,198324,-57879,381542
1900-01-01 12:41:00,7949.5,521850,7950.0,125203,192393,86071,106322,396647
1900-01-01 12:41:15,7950.5,676027,7951.0,2476,148357,142775,5582,673551
1900-01-01 12:41:30,7954.5,605763,7955.0,362081,75362,14934,60428,243682
1900-01-01 12:41:45,7955.0,703926,7955.5,8728,138620,161730,-23110,695198
1900-01-01 12:42:00,7958.5,629895,7959.0,43133,111684,248587,-136903,586762
1900-01-01 12:42:15,7962.0,403515,7962.5,407756,129409,149878,-20469,-4241
1900-01-01 12:42:30,7961.5,664335,7962.0,471445,78546,62772,15774,192890
1900-01-01 12:42:45,7950.0,31470,7950.5,802129,63656,806047,-742391,-770659
1900-01-01 12:43:00,7941.5,6924,7942.0,206065,33954,176706,-142752,-199141
1900-01-01 12:43:15,7926.5,14844,7927.0,341066,136568,2313554,-2176986,-326222
1900-01-01 12:43:30,7933.5,555128,7934.0,81670,337565,1046658,-709093,473458
1900-01-01 12:43:45,7946.5,339693,7947.0,406248,791390,78192,713198,-66555
1900-01-01 12:44:00,7938.5,26781,7939.0,861896,208408,321730,-113322,-835115
1900-01-01 12:44:15,7937.0,70134,7937.5,797423,17512,161603,-144091,-727289
1900-01-01 12:44:30,7927.0,480466,7927.5,47020,248566,241945,6621,433446
1900-01-01 12:44:45,7921.0,113787,7921.5,360023,121302,926146,-804844,-246236
1900-01-01 12:45:00,7930.5,68357,7931.0,12136,209213,353450,-144237,56221
1900-01-01 12:45:15,7931.5,520640,7932.0,141958,157080,23835,133245,378682
1900-01-01 12:45:30,7934.5,435395,7935.0,152726,427602,40578,387024,282669
1900-01-01 12:45:45,7936.5,270650,7937.0,675505,105311,77638,27673,-404855
1900-01-01 12:46:00,7931.5,93506,7932.0,477551,122342,201118,-78776,-384045
1900-01-01 12:46:15,7928.5,10971,7929.0,773163,98162,2019854,-1921692,-762192
1900-01-01 12:46:30,7925.5,964103,7926.0,55670,237389,170024,67365,908433
1900-01-01 12:46:45,7926.0,22861,7926.5,293,206365,2792452,-2586087,22568
1900-01-01 12:47:00,7928.5,281080,7929.0,324446,150139,94897,55242,-43366
1900-01-01 12:47:15,7928.5,2341095,7929.0,89775,329629,70902,258727,2251320
1900-01-01 12:47:30,7930.5,436697,7931.0,119716,328294,64260,264034,316981
1900-01-01 12:47:45,7931.0,574018,7931.5,57067,299006,20410,278596,516951
1900-01-01 12:48:00,7934.5,314338,7935.0,12791,190093,21731,168362,301547
1900-01-01 12:48:15,7943.0,597480,7943.5,317342,535857,53117,482740,280138
1900-01-01 12:48:30,7945.5,786772,7946.0,15428,312455,98727,213728,771344
1900-01-01 12:48:45,7945.0,26345,7945.5,244849,109394,543207,-433813,-218504
1900-01-01 12:49:00,7938.0,212589,7938.5,130380,40108,229815,-189707,82209
1900-01-01 12:49:15,7945.0,260146,7945.5,140576,181015,90693,90322,119570
1900-01-01 12:49:30,7944.5,746067,7945.0,10799,71852,43349,28503,735268
1900-01-01 12:49:45,7949.5,407834,7950.0,517856,720969,32247,688722,-110022
1900-01-01 12:50:00,7957.5,75834,7958.0,620,696559,138785,557774,75214
1900-01-01 12:50:15,7958.5,27816,7959.0,1055369,804791,78452,726339,-1027553
1900-01-01 12:50:30,7950.5,106265,7951.0,52,240080,279717,-39637,106213
1900-01-01 12:50:45,7950.0,13420,7950.5,228786,384156,90458,293698,-215366
1900-01-01 12:51:00,7958.5,722957,7959.0,49222,191528,115505,76023,673735
1900-01-01 12:51:15,7951.0,537132,7951.5,5044,190610,238860,-48250,532088
1900-01-01 12:51:30,7959.0,748359,7959.5,6856,99684,160886,-61202,741503
1900-01-01 12:51:45,7969.0,1515715,7969.5,31052,814133,18198,795935,1484663
1900-01-01 12:52:00,7959.0,32075,7959.5,6820,1025214,778473,246741,25255
1900-01-01 12:52:15,7959.0,236835,7959.5,144186,171099,584502,-413403,92649
1900-01-01 12:52:30,7959.5,682275,7960.0,36113,191710,83278,108432,646162
1900-01-01 12:52:45,7960.5,588244,7961.0,81976,89488,21934,67554,506268
1900-01-01 12:53:00,7955.0,1000,7955.5,143352,72794,323224,-250430,-142352
1900-01-01 12:53:15,7954.5,984980,7955.0,166162,77552,64422,13130,818818
1900-01-01 12:53:30,7949.5,10131,7950.0,309671,6872,593202,-586330,-299540
1900-01-01 12:53:45,7948.0,585356,7948.5,59620,76019,252000,-175981,525736
1900-01-01 12:54:00,7948.0,226874,7948.5,712111,95920,84370,11550,-485237
1900-01-01 12:54:15,7959.5,758901,7960.0,45208,324608,15576,309032,713693
1900-01-01 12:54:30,7959.5,236549,7960.0,587060,118630,146529,-27899,-350511
1900-01-01 12:54:45,7953.0,12190,7953.5,393255,151524,131471,20053,-381065
1900-01-01 12:55:00,7958.5,32147,7959.0,37640,44342,110254,-65912,-5493
1900-01-01 12:55:15,7958.5,369156,7959.0,60814,71614,179034,-107420,308342
1900-01-01 12:55:30,7958.5,403337,7959.0,344931,54207,18084,36123,58406
1900-01-01 12:55:45,7958.5,688255,7959.0,215559,95140,9840,85300,472696
1900-01-01 12:56:00,7967.5,425057,7968.0,90044,450239,13193,437046,335013
1900-01-01 12:56:15,7967.5,32170,7968.0,714172,318499,176076,142423,-682002
1900-01-01 12:56:30,7967.5,99164,7968.0,1160799,88975,14983,73992,-1061635
1900-01-01 12:56:45,7963.5,277,7964.0,118068,104848,344445,-239597,-117791
1900-01-01 12:57:00,7963.5,169536,7964.0,1157517,43960,11951,32009,-987981
1900-01-01 12:57:15,7960.0,161724,7960.5,627050,9326,299749,-290423,-465326
1900-01-01 12:57:30,7955.0,28205,7955.5,786201,143030,114015,29015,-757996
1900-01-01 12:57:45,7963.0,444311,7963.5,106243,118106,365734,-247628,338068
1900-01-01 12:58:00,7960.0,158498,7960.5,23,155232,229731,-74499,158475
1900-01-01 12:58:15,7967.5,580202,7968.0,126980,312874,125358,187516,453222
1900-01-01 12:58:30,7969.0,636557,7970.0,13534,418860,19416,399444,623023
1900-01-01 12:58:45,7968.5,66163,7969.0,348201,65758,78264,-12506,-282038
1900-01-01 12:59:00,7962.5,255178,7963.0,293344,75804,342020,-266216,-38166
1900-01-01 12:59:15,7968.0,210365,7968.5,338412,62417,12866,49551,-128047
1900-01-01 12:59:30,7968.0,85778,7968.5,544447,30468,47167,-16699,-458669
1900-01-01 12:59:45,7968.0,17181,7968.5,506442,60643,139397,-78754,-489261
1900-01-01 13:00:00,7961.5,36484,7962.0,1450201,4630,645319,-640689,-1413717
1900-01-01 13:00:15,7947.0,100,7947.5,19693,206414,389128,-182714,-19593
1900-01-01 13:00:30,7944.0,6767,7944.5,33588,192157,790948,-598791,-26821
1900-01-01 13:00:45,7943.0,69078,7943.5,1020358,69527,33622,35905,-951280
1900-01-01 13:01:00,7923.5,20558,7924.0,138786,111796,809716,-697920,-118228
1900-01-01 13:01:15,7903.0,10000,7904.0,12000,189185,988238,-799053,-2000
1900-01-01 13:01:30,7907.5,54879,7908.5,224610,998501,2040490,-1041989,-169731
1900-01-01 13:01:45,7909.5,1244135,7910.0,476213,1025367,626308,399059,767922
1900-01-01 13:02:00,7913.5,577791,7914.0,81028,442119,538541,-96422,496763
1900-01-01 13:02:15,7916.5,762421,7917.0,215953,1704896,43449,1661447,546468
1900-01-01 13:02:30,7918.5,17385,7919.0,378331,404914,188302,216612,-360946
1900-01-01 13:02:45,7912.0,250888,7912.5,497855,159348,910083,-750735,-246967
1900-01-01 13:03:00,7907.0,180093,7907.5,316797,72264,322324,-250060,-136704
1900-01-01 13:03:15,7900.0,68757,7900.5,268778,450054,648544,-198490,-200021
1900-01-01 13:03:30,7880.0,203752,7882.0,26062,362224,4697194,-4334970,177690
1900-01-01 13:03:45,7889.5,226180,7890.0,438440,1099157,811732,287425,-212260
1900-01-01 13:04:00,7883.5,6309,7884.0,838122,193376,565958,-372582,-831813
1900-01-01 13:04:15,7895.5,13200,7902.5,21292,922805,944576,-21771,-8092
1900-01-01 13:04:30,7898.0,10000,7898.5,156478,807305,546978,260327,-146478
1900-01-01 13:04:45,7909.5,478798,7910.0,1058217,441086,184847,256239,-579419
1900-01-01 13:05:00,7909.0,516846,7909.5,85949,264269,258671,5598,430897
1900-01-01 13:05:15,7907.5,1530,7908.0,260871,245030,74629,170401,-259341
1900-01-01 13:05:30,7910.5,579113,7911.0,107622,158932,346365,-187433,471491
1900-01-01 13:05:45,7910.5,480586,7911.0,151967,249696,68663,181033,328619
1900-01-01 13:06:00,7916.0,1092962,7916.5,543258,827449,386889,440560,549704
1900-01-01 13:06:15,7917.5,589206,7918.0,29471,334901,81027,253874,559735
1900-01-01 13:06:30,7915.5,98250,7916.0,187545,616344,411491,204853,-89295
1900-01-01 13:06:45,7918.0,659679,7918.5,372468,343248,135776,207472,287211
1900-01-01 13:07:00,7923.5,24750,7924.0,748,648048,29171,618877,24002
1900-01-01 13:07:15,7932.5,667810,7933.0,92404,563392,132548,430844,575406
1900-01-01 13:07:30,7932.5,595101,7933.0,593330,201522,73681,127841,1771
1900-01-01 13:07:45,7922.0,649097,7922.5,31622,214316,361358,-147042,617475
1900-01-01 13:08:00,7924.0,339978,7924.5,395216,53033,151227,-98194,-55238
1900-01-01 13:08:15,7925.5,1154674,7926.0,10390,200701,30014,170687,1144284
1900-01-01 13:08:30,7928.0,723387,7928.5,40538,286695,10974,275721,682849
1900-01-01 13:08:45,7928.5,580975,7929.0,221650,289382,49766,239616,359325
1900-01-01 13:09:00,7928.5,717057,7929.0,192018,211159,15319,195840,525039
1900-01-01 13:09:15,7924.5,5000,7925.0,538916,70926,433374,-362448,-533916
1900-01-01 13:09:30,7924.0,10000,7924.5,2940,234833,564098,-329265,7060
1900-01-01 13:09:45,7921.5,155,7922.0,348319,90502,292888,-202386,-348164
1900-01-01 13:10:00,7913.5,451925,7914.0,241182,41442,179586,-138144,210743
1900-01-01 13:10:15,7914.5,419035,7915.0,345863,184179,140258,43921,73172
1900-01-01 13:10:30,7945.5,73887,7946.0,365970,334110,451327,-117217,-292083
1900-01-01 13:10:45,7954.0,977,7965.0,7500,1413861,958809,455052,-6523
1900-01-01 13:11:00,7939.0,14328,7939.5,55079,561678,997236,-435558,-40751
1900-01-01 13:11:15,7963.5,480,7966.0,76241,813750,98750,715000,-75761
1900-01-01 13:11:30,7968.0,244330,7968.5,1627838,663447,388602,274845,-1383508
1900-01-01 13:11:45,7975.5,182911,7976.0,2897,678291,385630,292661,180014
1900-01-01 13:12:00,7981.0,453204,7981.5,198051,414482,45275,369207,255153
1900-01-01 13:12:15,7983.5,816680,7984.0,68575,853900,194563,659337,748105
1900-01-01 13:12:30,7983.5,207522,7984.0,921898,901288,452785,448503,-714376
1900-01-01 13:12:45,7961.0,106589,7961.5,283875,368654,1694911,-1326257,-177286
1900-01-01 13:13:00,7964.0,241904,7964.5,35152,110537,444274,-333737,206752
1900-01-01 13:13:15,7968.5,223064,7969.0,247815,133645,227177,-93532,-24751
1900-01-01 13:13:30,7964.5,431215,7965.0,180454,222150,311133,-88983,250761
1900-01-01 13:13:45,7964.5,537468,7965.0,242681,78137,295941,-217804,294787
1900-01-01 13:14:00,7971.5,1105171,7972.0,22495,672786,8340,664446,1082676
1900-01-01 13:14:15,7982.5,389023,7983.0,542407,112918,119058,-6140,-153384
1900-01-01 13:14:30,7978.0,467281,7978.5,387053,122586,144262,-21676,80228
1900-01-01 13:14:45,7968.5,89621,7969.0,32636,191430,355877,-164447,56985
1900-01-01 13:15:00,7964.5,551390,7965.0,10694,105289,67615,37674,540696
1900-01-01 13:15:15,7969.0,520705,7969.5,147810,102317,345242,-242925,372895
1900-01-01 13:15:30,7973.5,538798,7974.0,16342,176675,240500,-63825,522456
1900-01-01 13:15:45,7977.5,825477,7978.0,65492,80471,12134,68337,759985
1900-01-01 13:16:00,7982.0,151492,7982.5,173787,660890,498780,162110,-22295
1900-01-01 13:16:15,7976.0,241192,7976.5,982632,359367,265328,94039,-741440
1900-01-01 13:16:30,7973.0,2,7973.5,937154,89928,288315,-198387,-937152
1900-01-01 13:16:45,7970.0,540532,7970.5,30462,216539,140656,75883,510070
1900-01-01 13:17:00,7970.0,3268156,7970.5,3088,286532,370038,-83506,3265068
1900-01-01 13:17:15,7971.0,416486,7971.5,323449,89746,45326,44420,93037
1900-01-01 13:17:30,7960.0,44517,7960.5,813198,56026,258895,-202869,-768681
1900-01-01 13:17:45,7957.0,767468,7957.5,16732,75311,408821,-333510,750736
1900-01-01 13:18:00,7957.0,255688,7957.5,417800,183627,236916,-53289,-162112
1900-01-01 13:18:15,7955.0,502548,7955.5,129920,163690,92324,71366,372628
1900-01-01 13:18:30,7959.0,209564,7959.5,51204,60018,206584,-146566,158360
1900-01-01 13:18:45,7965.5,616659,7966.0,31203,49609,8404,41205,585456
1900-01-01 13:19:00,7967.5,809282,7968.0,131626,94444,8064,86380,677656
1900-01-01 13:19:15,7969.5,778485,7970.0,459704,1148952,13500,1135452,318781
1900-01-01 13:19:30,7969.5,830496,7970.0,369877,233381,6216,227165,460619
1900-01-01 13:19:45,7965.0,37124,7965.5,186475,489140,53854,435286,-149351
1900-01-01 13:20:00,7956.0,1143450,7956.5,2727,136614,565258,-428644,1140723
1900-01-01 13:20:15,7959.5,43306,7960.0,578594,56456,125696,-69240,-535288
1900-01-01 13:20:30,7959.5,472811,7960.0,315515,6970,161248,-154278,157296
1900-01-01 13:20:45,7961.0,497824,7961.5,26467,111502,22086,89416,471357
1900-01-01 13:21:00,7965.0,3579,7965.5,546702,96261,119374,-23113,-543123
1900-01-01 13:21:15,7966.5,217032,7967.0,17655,96479,92702,3777,199377
1900-01-01 13:21:30,7966.5,108289,7967.0,477911,23998,14246,9752,-369622
1900-01-01 13:21:45,7966.5,73802,7967.0,528324,25020,15086,9934,-454522
1900-01-01 13:22:00,7958.0,2785,7959.5,28079,119188,227065,-107877,-25294
1900-01-01 13:22:15,7963.0,1252756,7963.5,206,26351,60912,-34561,1252550
1900-01-01 13:22:30,7962.0,96578,7962.5,313165,7732,20316,-12584,-216587
1900-01-01 13:22:45,7955.0,641353,7955.5,8154,15272,166812,-151540,633199
1900-01-01 13:23:00,7958.0,821051,7958.5,7845,69382,22410,46972,813206
1900-01-01 13:23:15,7959.5,794628,7960.0,180527,217229,5224,212005,614101
1900-01-01 13:23:30,7960.5,958934,7961.0,56349,84691,8919,75772,902585
1900-01-01 13:23:45,7969.5,515664,7970.0,86716,162308,10834,151474,428948
1900-01-01 13:24:00,7969.5,113384,7970.0,1073152,55446,57470,-2024,-959768
1900-01-01 13:24:15,7967.5,460103,7968.0,276097,6566,26360,-19794,184006
1900-01-01 13:24:30,7967.5,235222,7968.0,281088,108725,56964,51761,-45866
1900-01-01 13:24:45,7967.5,285627,7968.0,344751,48377,21668,26709,-59124
1900-01-01 13:25:00,7967.5,504846,7968.0,264453,8802,4582,4220,240393
1900-01-01 13:25:15,7970.5,541998,7971.0,5812,271210,67836,203374,536186
1900-01-01 13:25:30,7973.0,42641,7973.5,51909,93761,21082,72679,-9268
1900-01-01 13:25:45,7969.5,805882,7970.0,47675,49976,244918,-194942,758207
1900-01-01 13:26:00,7969.5,636759,7970.0,11447,76375,148266,-71891,625312
1900-01-01 13:26:15,7973.5,451606,7974.0,625251,118557,14282,104275,-173645
1900-01-01 13:26:30,7963.5,353159,7964.0,49392,340726,450938,-110212,303767
1900-01-01 13:26:45,7967.5,1209,7968.0,343943,57784,39745,18039,-342734
1900-01-01 13:27:00,7957.5,415422,7958.0,288574,82944,325333,-242389,126848
1900-01-01 13:27:15,7957.5,3156028,7958.0,145217,237901,192072,45829,3010811
1900-01-01 13:27:30,7964.5,560091,7965.0,32081,255768,4117,251651,528010
1900-01-01 13:27:45,7961.0,1172508,7961.5,18201,20336,53292,-32956,1154307
1900-01-01 13:28:00,7966.5,213098,7967.0,433371,72640,90180,-17540,-220273
1900-01-01 13:28:15,7966.5,3033896,7967.0,8927,10128,44408,-34280,3024969
1900-01-01 13:28:30,7966.5,3082761,7967.0,373861,30600,17702,12898,2708900
1900-01-01 13:28:45,7966.5,1023701,7967.0,323272,26589,115950,-89361,700429
1900-01-01 13:29:00,7969.5,1157345,7970.0,111585,456556,204056,252500,1045760
1900-01-01 13:29:15,7973.5,622991,7974.0,199270,125245,33079,92166,423721
1900-01-01 13:29:30,7975.5,453567,7976.0,35917,124270,12020,112250,417650
1900-01-01 13:29:45,7979.0,1066239,7979.5,43540,109264,7446,101818,1022699
1900-01-01 13:30:00,7983.5,1321406,7984.0,18340,147330,64280,83050,1303066
1900-01-01 13:30:15,7984.5,1145138,7985.0,268315,336250,47378,288872,876823
1900-01-01 13:30:30,7987.5,879051,7988.0,76646,440171,65772,374399,802405
1900-01-01 13:30:45,7989.5,49081,7990.0,143927,138824,222113,-83289,-94846
1900-01-01 13:31:00,7980.0,1613059,7980.5,83564,249202,610883,-361681,1529495
1900-01-01 13:31:15,7985.5,219792,7986.0,7935,354115,234678,119437,211857
1900-01-01 13:31:30,7982.0,121561,7982.5,182531,82677,153507,-70830,-60970
1900-01-01 13:31:45,7983.0,515450,7983.5,85838,73748,26052,47696,429612
1900-01-01 13:32:00,7981.0,75218,7981.5,347011,90748,170136,-79388,-271793
1900-01-01 13:32:15,7982.5,141827,7983.0,115417,109642,5735,103907,26410
1900-01-01 13:32:30,7977.0,492266,7977.5,30639,40744,2069054,-2028310,461627
1900-01-01 13:32:45,7975.0,381086,7975.5,90486,161850,257458,-95608,290600
1900-01-01 13:33:00,7982.0,469077,7982.5,95940,185819,27341,158478,373137
1900-01-01 13:33:15,7982.0,96459,7982.5,884464,42085,63204,-21119,-788005
1900-01-01 13:33:30,7982.0,516673,7982.5,564893,122976,47048,75928,-48220
1900-01-01 13:33:45,7976.0,14208,7978.0,468840,30400,195128,-164728,-454632
1900-01-01 13:34:00,7976.0,2777,7976.5,296587,121295,142848,-21553,-293810
1900-01-01 13:34:15,7971.0,28354,7971.5,472360,23840,59915,-36075,-444006
1900-01-01 13:34:30,7971.0,1128207,7971.5,122078,265182,140041,125141,1006129
1900-01-01 13:34:45,7975.5,942861,7976.0,2934,130594,20793,109801,939927
1900-01-01 13:35:00,7978.5,425455,7979.0,219525,43095,80402,-37307,205930
1900-01-01 13:35:15,7979.0,84930,7979.5,609683,84891,75200,9691,-524753
1900-01-01 13:35:30,7977.5,793,7978.0,389045,93532,28991,64541,-388252
1900-01-01 13:35:45,7975.0,12234,7975.5,345475,1972,82238,-80266,-333241
1900-01-01 13:36:00,7970.5,73900,7971.0,441694,12980,508512,-495532,-367794
1900-01-01 13:36:15,7966.5,3557,7967.0,106318,28881,128913,-100032,-102761
1900-01-01 13:36:30,7967.0,635080,7967.5,12978,92538,23165,69373,622102
1900-01-01 13:36:45,7967.0,771161,7967.5,71262,107134,66110,41024,699899
1900-01-01 13:37:00,7968.0,918357,7968.5,943,36326,32971,3355,917414
1900-01-01 13:37:15,7968.5,73767,7969.0,373814,120607,162739,-42132,-300047
1900-01-01 13:37:30,7967.0,499101,7967.5,180344,22688,84122,-61434,318757
1900-01-01 13:37:45,7967.0,96011,7967.5,392205,88313,96517,-8204,-296194
1900-01-01 13:38:00,7967.0,774945,7967.5,211929,12732,71740,-59008,563016
1900-01-01 13:38:15,7962.5,1688,7963.0,491027,12500,201357,-188857,-489339
1900-01-01 13:38:30,7960.0,172259,7960.5,607374,40291,638980,-598689,-435115
1900-01-01 13:38:45,7957.0,912428,7957.5,216284,7996,330313,-322317,696144
1900-01-01 13:39:00,7959.5,765637,7960.0,548107,171358,76042,95316,217530
1900-01-01 13:39:15,7967.0,1234999,7967.5,83105,268693,65400,203293,1151894
1900-01-01 13:39:30,7967.0,203605,7967.5,538068,152781,152502,279,-334463
1900-01-01 13:39:45,7966.5,2710,7967.0,1625093,10228,51667,-41439,-1622383
1900-01-01 13:40:00,7964.0,626559,7964.5,45680,31108,17108,14000,580879
1900-01-01 13:40:15,7964.0,520003,7964.5,35540,64572,56700,7872,484463
1900-01-01 13:40:30,7964.0,683903,7964.5,3815,34201,64082,-29881,680088
1900-01-01 13:40:45,7966.5,731613,7967.0,132245,8205,47096,-38891,599368
1900-01-01 13:41:00,7967.5,886650,7968.0,50596,166470,20400,146070,836054
1900-01-01 13:41:15,7968.0,499791,7968.5,379856,476643,29686,446957,119935
1900-01-01 13:41:30,7968.0,497394,7968.5,403180,284798,66118,218680,94214
1900-01-01 13:41:45,7966.5,5927,7967.0,935053,3026,50788,-47762,-929126
1900-01-01 13:42:00,7959.5,5391,7960.0,102729,18320,290947,-272627,-97338
1900-01-01 13:42:15,7955.0,311517,7955.5,799335,4730,1241693,-1236963,-487818
1900-01-01 13:42:30,7941.0,145251,7941.5,510969,23859,1048088,-1024229,-365718
1900-01-01 13:42:45,7949.5,646782,7950.0,118376,337412,197185,140227,528406
1900-01-01 13:43:00,7951.0,199588,7951.5,714,71022,181504,-110482,198874
1900-01-01 13:43:15,7953.5,1649,7954.5,707261,208689,90308,118381,-705612
1900-01-01 13:43:30,7935.0,56939,7935.5,1000,340804,437361,-96557,55939
1900-01-01 13:43:45,7940.5,73759,7941.0,40850,179887,731158,-551271,32909
1900-01-01 13:44:00,7932.0,13612,7932.5,437217,95744,119060,-23316,-423605
1900-01-01 13:44:15,7936.5,45061,7937.0,91360,85425,313604,-228179,-46299
1900-01-01 13:44:30,7931.5,354303,7932.0,186432,147940,63652,84288,167871
1900-01-01 13:44:45,7942.5,12190,7943.0,812603,255783,158834,96949,-800413
1900-01-01 13:45:00,7938.0,165284,7938.5,162,237189,63196,173993,165122
1900-01-01 13:45:15,7938.5,20419,7939.0,474192,157653,109871,47782,-453773
1900-01-01 13:45:30,7938.5,498252,7939.0,58249,34057,2160,31897,440003
1900-01-01 13:45:45,7937.0,69568,7937.5,1118778,47950,32166,15784,-1049210
1900-01-01 13:46:00,7933.5,11203,7934.0,935302,34320,187777,-153457,-924099
1900-01-01 13:46:15,7931.5,5572,7932.0,1050109,23856,182788,-158932,-1044537
1900-01-01 13:46:30,7935.0,590661,7935.5,136282,227513,191597,35916,454379
1900-01-01 13:46:45,7929.0,106887,7929.5,503391,56360,411302,-354942,-396504
1900-01-01 13:47:00,7929.0,333909,7929.5,960971,5210,78745,-73535,-627062
1900-01-01 13:47:15,7929.0,146055,7929.5,1263147,18290,295456,-277166,-1117092
1900-01-01 13:47:30,7927.5,18015,7928.0,940524,23400,127962,-104562,-922509
1900-01-01 13:47:45,7929.0,14728,7929.5,1032781,451982,68328,383654,-1018053
1900-01-01 13:48:00,7888.0,129650,7919.5,122286,157713,442332,-284619,7364
1900-01-01 13:48:15,7907.0,555570,7907.5,120113,1049486,2305963,-1256477,435457
1900-01-01 13:48:30,7906.5,182177,7907.0,437599,1586790,407747,1179043,-255422
1900-01-01 13:48:45,7899.5,691987,7900.0,84262,825325,395078,430247,607725
1900-01-01 13:49:00,7890.0,37459,7890.5,101798,1728707,433144,1295563,-64339
1900-01-01 13:49:15,7899.0,177335,7899.5,41600,167746,221786,-54040,135735
1900-01-01 13:49:30,7921.5,180706,7922.5,1633,1198155,116588,1081567,179073
1900-01-01 13:49:45,7918.0,172312,7918.5,674535,474122,367433,106689,-502223
1900-01-01 13:50:00,7922.0,202393,7922.5,397644,189318,59320,129998,-195251
1900-01-01 13:50:15,7923.5,1058318,7924.0,52961,318649,347536,-28887,1005357
1900-01-01 13:50:30,7923.0,90813,7923.5,618146,365230,380341,-15111,-527333
1900-01-01 13:50:45,7923.0,162810,7923.5,649542,253272,114391,138881,-486732
1900-01-01 13:51:00,7923.0,506796,7923.5,157406,296697,366872,-70175,349390
1900-01-01 13:51:15,7922.0,291894,7922.5,790199,46530,461275,-414745,-498305
1900-01-01 13:51:30,7917.5,50236,7918.0,197831,21999,512410,-490411,-147595
1900-01-01 13:51:45,7929.5,707719,7930.0,125910,311760,51404,260356,581809
1900-01-01 13:52:00,7929.5,18431,7931.5,11825,657888,90471,567417,6606
1900-01-01 13:52:15,7933.5,4515,7934.0,1204079,813327,136828,676499,-1199564
1900-01-01 13:52:30,7922.0,154435,7922.5,200553,51000,466162,-415162,-46118
1900-01-01 13:52:45,7922.5,330002,7923.0,290360,348316,2037,346279,39642
1900-01-01 13:53:00,7922.5,262787,7923.0,417875,71422,113954,-42532,-155088
1900-01-01 13:53:15,7918.0,13904,7919.0,708745,15916,243130,-227214,-694841
1900-01-01 13:53:30,7917.0,313778,7917.5,241325,179891,123220,56671,72453
1900-01-01 13:53:45,7928.0,191824,7928.5,487246,2081614,233134,1848480,-295422
1900-01-01 13:54:00,7923.0,982108,7923.5,24449,84775,87668,-2893,957659
1900-01-01 13:54:15,7926.0,650340,7926.5,31054,109736,5760,103976,619286
1900-01-01 13:54:30,7927.5,1106194,7928.0,108307,41381,48190,-6809,997887
1900-01-01 13:54:45,7926.0,246984,7926.5,658192,81285,67146,14139,-411208
1900-01-01 13:55:00,7923.0,107656,7923.5,762972,299174,438842,-139668,-655316
1900-01-01 13:55:15,7920.5,700216,7921.0,12377,255469,452759,-197290,687839
1900-01-01 13:55:30,7917.5,287848,7918.0,272445,138719,324313,-185594,15403
1900-01-01 13:55:45,7920.5,568679,7921.0,25636,914618,31728,882890,543043
1900-01-01 13:56:00,7917.0,240917,7917.5,778369,168895,278010,-109115,-537452
1900-01-01 13:56:15,7908.5,26257,7909.0,43900,75318,335992,-260674,-17643
1900-01-01 13:56:30,7908.5,90765,7909.0,138522,121304,961278,-839974,-47757
1900-01-01 13:56:45,7905.0,15463,7905.5,1249537,63795,315957,-252162,-1234074
1900-01-01 13:57:00,7855.0,391500,7873.0,722777,1162707,3090523,-1927816,-331277
1900-01-01 13:57:15,7908.5,7908,7910.5,116,4245817,810611,3435206,7792
1900-01-01 13:57:30,7904.0,147109,7904.5,198711,528024,455288,72736,-51602
1900-01-01 13:57:45,7894.5,136966,7895.0,817572,806611,370899,435712,-680606
1900-01-01 13:58:00,7894.5,292270,7895.0,1972823,310113,161900,148213,-1680553
1900-01-01 13:58:15,7883.5,6186,7884.5,420455,46554,364874,-318320,-414269
1900-01-01 13:58:30,7880.0,379105,7880.5,20075,350145,618042,-267897,359030
1900-01-01 13:58:45,7894.5,962291,7895.0,10987,1597556,267792,1329764,951304
1900-01-01 13:59:00,7892.0,935150,7892.5,631,924367,181227,743140,934519
1900-01-01 13:59:15,7892.5,81303,7893.0,1151,1336402,222956,1113446,80152
1900-01-01 13:59:30,7902.0,472435,7902.5,7392,822264,30044,792220,465043
1900-01-01 13:59:45,7895.0,448436,7895.5,142338,226193,421463,-195270,306098
1900-01-01 14:00:00,7896.0,1568301,7896.5,847,79799,23610,56189,1567454
1900-01-01 14:00:15,7894.5,33086,7903.0,10000,255259,290216,-34957,23086
1900-01-01 14:00:30,7900.0,158429,7900.5,545455,389883,137266,252617,-387026
1900-01-01 14:00:45,7904.5,703219,7905.0,108359,132420,921117,-788697,594860
1900-01-01 14:01:00,7911.5,185124,7913.5,17203,1034076,75858,958218,167921
1900-01-01 14:01:15,7919.5,64071,7920.0,12008,754967,57491,697476,52063
1900-01-01 14:01:30,7928.0,10869,7928.5,5998,627452,243734,383718,4871
1900-01-01 14:01:45,7925.5,453006,7926.0,454973,208456,277316,-68860,-1967
1900-01-01 14:02:00,7925.5,328969,7926.0,820319,273466,258392,15074,-491350
1900-01-01 14:02:15,7922.0,552550,7922.5,291891,54024,120034,-66010,260659
1900-01-01 14:02:30,7922.0,538540,7922.5,921315,395440,306414,89026,-382775
1900-01-01 14:02:45,7922.0,399636,7922.5,723710,117870,49825,68045,-324074
1900-01-01 14:03:00,7917.5,9360,7918.0,70,102197,539511,-437314,9290
1900-01-01 14:03:15,7918.5,602026,7919.0,152112,256905,91492,165413,449914
1900-01-01 14:03:30,7922.0,869388,7922.5,22132,105122,58670,46452,847256
1900-01-01 14:03:45,7926.5,1129480,7927.0,4023,211374,175879,35495,1125457
1900-01-01 14:04:00,7929.5,1109198,7930.0,59124,157506,24848,132658,1050074
1900-01-01 14:04:15,7936.0,952409,7937.0,2516,258126,187458,70668,949893
1900-01-01 14:04:30,7927.0,15050,7927.5,425842,163453,602234,-438781,-410792
1900-01-01 14:04:45,7932.0,379451,7932.5,2609,191028,92158,98870,376842
1900-01-01 14:05:00,7934.0,21068,7934.5,649207,75456,26230,49226,-628139
1900-01-01 14:05:15,7931.0,770697,7931.5,28779,84626,365072,-280446,741918
1900-01-01 14:05:30,7933.0,194186,7933.5,481265,157009,10142,146867,-287079
1900-01-01 14:05:45,7933.0,199049,7933.5,457724,48170,131569,-83399,-258675
1900-01-01 14:06:00,7930.0,111419,7930.5,717515,99358,109011,-9653,-606096
1900-01-01 14:06:15,7928.0,303102,7928.5,354175,13439,129283,-115844,-51073
1900-01-01 14:06:30,7929.0,83366,7929.5,479381,165290,18782,146508,-396015
1900-01-01 14:06:45,7929.0,573062,7929.5,14751,30799,17866,12933,558311
1900-01-01 14:07:00,7929.0,62979,7929.5,440981,84121,42386,41735,-378002
1900-01-01 14:07:15,7922.5,254862,7923.0,70269,22926,348477,-325551,184593
1900-01-01 14:07:30,7917.0,44333,7917.5,431357,101858,405549,-303691,-387024
1900-01-01 14:07:45,7917.0,516894,7917.5,509424,112820,229314,-116494,7470
1900-01-01 14:08:00,7918.5,333874,7919.0,380890,228371,14456,213915,-47016
1900-01-01 14:08:15,7918.5,1660470,7919.0,13148,56014,42308,13706,1647322
1900-01-01 14:08:30,7923.5,655605,7924.0,25383,311726,11002,300724,630222
1900-01-01 14:08:45,7923.5,1428117,7924.0,147018,65077,107902,-42825,1281099
1900-01-01 14:09:00,7923.5,1117006,7924.0,61380,133750,24100,109650,1055626
1900-01-01 14:09:15,7923.5,513031,7924.0,401261,61020,12100,48920,111770
1900-01-01 14:09:30,7923.5,286710,7924.0,381722,20133,8648,11485,-95012
1900-01-01 14:09:45,7920.0,61619,7920.5,691469,94706,91631,3075,-629850
1900-01-01 14:10:00,7915.0,402000,7915.5,540084,79474,111136,-31662,-138084
1900-01-01 14:10:15,7915.0,1270783,7915.5,20421,38647,129052,-90405,1250362
1900-01-01 14:10:30,7919.5,704866,7920.0,40432,29646,45588,-15942,664434
1900-01-01 14:10:45,7923.5,713215,7924.0,447960,37873,800,37073,265255
1900-01-01 14:11:00,7923.5,784980,7924.0,512704,41478,36097,5381,272276
1900-01-01 14:11:15,7925.5,284007,7926.0,29949,368051,240569,127482,254058
1900-01-01 14:11:30,7929.5,266681,7930.0,335606,243344,2606,240738,-68925
1900-01-01 14:11:45,7932.5,908894,7933.0,138715,931682,7263,924419,770179
1900-01-01 14:12:00,7937.5,1056036,7938.0,33282,323886,30383,293503,1022754
1900-01-01 14:12:15,7939.5,962029,7940.0,53904,726911,51410,675501,908125
1900-01-01 14:12:30,7947.5,1354121,7948.0,22850,342539,23450,319089,1331271
1900-01-01 14:12:45,7943.5,400993,7944.0,305517,338323,248273,90050,95476
1900-01-01 14:13:00,7939.0,229543,7939.5,140149,83733,150641,-66908,89394
1900-01-01 14:13:15,7940.0,51936,7940.5,11349,82685,59505,23180,40587
1900-01-01 14:13:30,7940.0,571684,7940.5,73971,188412,87308,101104,497713
1900-01-01 14:13:45,7943.5,533979,7944.0,110305,474984,64602,410382,423674
1900-01-01 14:14:00,7943.5,996316,7944.0,165,134684,72656,62028,996151
1900-01-01 14:14:15,7947.5,11862,7948.0,899003,77442,48612,28830,-887141
1900-01-01 14:14:30,7949.5,41522,7950.0,706114,78557,46340,32217,-664592
1900-01-01 14:14:45,7941.0,89451,7941.5,793832,97597,193710,-96113,-704381
1900-01-01 14:15:00,7936.0,620791,7936.5,63347,52653,342005,-289352,557444
1900-01-01 14:15:15,7941.5,20161,7942.0,325045,78253,93350,-15097,-304884
1900-01-01 14:15:30,7945.0,261520,7945.5,52576,34387,86029,-51642,208944
1900-01-01 14:15:45,7953.5,367170,7954.0,398875,151354,112798,38556,-31705
1900-01-01 14:16:00,7947.0,300199,7947.5,406380,69109,446263,-377154,-106181
1900-01-01 14:16:15,7947.0,642618,7947.5,182190,72781,72878,-97,460428
1900-01-01 14:16:30,7947.0,181205,7947.5,690736,26878,9327,17551,-509531
1900-01-01 14:16:45,7947.0,696604,7947.5,1584715,49360,83420,-34060,-888111
1900-01-01 14:17:00,7940.0,112648,7943.0,437549,39498,113789,-74291,-324901
1900-01-01 14:17:15,7938.0,165692,7938.5,680420,37694,106291,-68597,-514728
1900-01-01 14:17:30,7938.0,628382,7938.5,243588,70736,16962,53774,384794
1900-01-01 14:17:45,7938.0,582710,7938.5,217925,29543,7656,21887,364785
1900-01-01 14:18:00,7939.5,572123,7940.0,1357882,53339,217966,-164627,-785759
1900-01-01 14:18:15,7939.5,721870,7940.0,1450684,23552,1600,21952,-728814
1900-01-01 14:18:30,7936.0,3874,7936.5,1288936,94685,163931,-69246,-1285062
1900-01-01 14:18:45,7934.0,1039016,7934.5,20256,29549,92802,-63253,1018760
1900-01-01 14:19:00,7937.0,204995,7937.5,473632,292761,39040,253721,-268637
1900-01-01 14:19:15,7937.0,68236,7937.5,1124662,21838,179078,-157240,-1056426
1900-01-01 14:19:30,7939.5,811911,7940.0,898329,828661,11743,816918,-86418
1900-01-01 14:19:45,7939.5,1510519,7940.0,78990,834191,17844,816347,1431529
1900-01-01 14:20:00,7944.0,510454,7944.5,673838,116579,5064,111515,-163384
1900-01-01 14:20:15,7944.5,778814,7945.0,31897,129975,8425,121550,746917
1900-01-01 14:20:30,7944.5,226981,7945.0,603928,39082,17793,21289,-376947
1900-01-01 14:20:45,7944.5,1247369,7945.0,89758,105691,11998,93693,1157611
1900-01-01 14:21:00,7944.5,819400,7945.0,131018,57872,2290,55582,688382
1900-01-01 14:21:15,7944.5,389781,7945.0,678647,32720,41778,-9058,-288866
1900-01-01 14:21:30,7940.0,66554,7940.5,817905,25668,293970,-268302,-751351
1900-01-01 14:21:45,7939.5,976675,7940.0,122374,122508,57380,65128,854301
1900-01-01 14:22:00,7939.5,1148449,7940.0,170071,265386,37562,227824,978378
1900-01-01 14:22:15,7940.0,950841,7940.5,3270,57723,32746,24977,947571
1900-01-01 14:22:30,7943.0,757958,7943.5,186487,17484,1100,16384,571471
1900-01-01 14:22:45,7944.0,1010284,7944.5,773621,177063,4322,172741,236663
1900-01-01 14:23:00,7944.0,909838,7944.5,670623,284091,24287,259804,239215
1900-01-01 14:23:15,7944.0,883410,7944.5,619477,14678,14621,57,263933
1900-01-01 14:23:30,7944.0,1099102,7944.5,494205,41685,202,41483,604897
1900-01-01 14:23:45,7944.0,1055456,7944.5,549858,23029,6004,17025,505598
1900-01-01 14:24:00,7944.0,1482686,7944.5,160760,38568,32940,5628,1321926
1900-01-01 14:24:15,7946.0,932383,7946.5,63914,95598,40349,55249,868469
1900-01-01 14:24:30,7946.5,179341,7947.0,773673,127451,4046,123405,-594332
1900-01-01 14:24:45,7946.5,134084,7947.0,875583,97446,34114,63332,-741499
1900-01-01 14:25:00,7946.5,88642,7947.0,946901,4130,25800,-21670,-858259
1900-01-01 14:25:15,7946.5,124117,7947.0,568781,174181,64376,109805,-444664
1900-01-01 14:25:30,7946.5,1143315,7947.0,705353,305861,1224,304637,437962
1900-01-01 14:25:45,7946.5,333227,7947.0,985672,94390,7284,87106,-652445
1900-01-01 14:26:00,7946.5,448032,7947.0,1024217,28222,4538,23684,-576185
1900-01-01 14:26:15,7946.5,1038924,7947.0,736744,12143,88008,-75865,302180
1900-01-01 14:26:30,7946.5,1183563,7947.0,752393,11848,4970,6878,431170
1900-01-01 14:26:45,7946.5,1943546,7947.0,561471,135714,2000,133714,1382075
1900-01-01 14:27:00,7948.5,2000032,7949.0,70489,351330,54000,297330,1929543
1900-01-01 14:27:15,7951.5,1657205,7952.0,34834,285593,5488,280105,1622371
1900-01-01 14:27:30,7954.0,1152285,7954.5,35825,138255,7900,130355,1116460
1900-01-01 14:27:45,7951.0,1578,7951.5,735965,77086,264212,-187126,-734387
1900-01-01 14:28:00,7948.0,143232,7948.5,674396,172422,220870,-48448,-531164
1900-01-01 14:28:15,7947.5,9457,7948.0,691397,22664,109353,-86689,-681940
1900-01-01 14:28:30,7945.5,520,7946.0,724943,57000,54386,2614,-724423
1900-01-01 14:28:45,7945.0,26532,7945.5,1014503,10836,46475,-35639,-987971
1900-01-01 14:29:00,7934.0,94576,7934.5,53210,31012,1421403,-1390391,41366
1900-01-01 14:29:15,7934.0,945656,7934.5,299065,138044,107890,30154,646591
1900-01-01 14:29:30,7937.5,481108,7938.0,70910,59840,46635,13205,410198
1900-01-01 14:29:45,7935.0,472258,7935.5,199875,12513,108657,-96144,272383
1900-01-01 14:30:00,7935.0,801053,7935.5,242731,77661,12782,64879,558322
1900-01-01 14:30:15,7935.0,1113487,7935.5,6223,128988,7226,121762,1107264
1900-01-01 14:30:30,7935.5,1181148,7936.0,34129,14263,67099,-52836,1147019
1900-01-01 14:30:45,7936.5,607439,7937.0,155794,39735,16932,22803,451645
1900-01-01 14:31:00,7936.5,145157,7937.0,493703,116110,35599,80511,-348546
1900-01-01 14:31:15,7935.5,1743,7936.0,82071,189626,78727,110899,-80328
1900-01-01 14:31:30,7935.0,79980,7935.5,615086,8324,41444,-33120,-535106
1900-01-01 14:31:45,7935.0,102938,7935.5,569459,39440,23900,15540,-466521
1900-01-01 14:32:00,7935.0,1315744,7935.5,288429,10122,29881,-19759,1027315
1900-01-01 14:32:15,7935.0,1689566,7935.5,47778,74412,8716,65696,1641788
1900-01-01 14:32:30,7941.5,437024,7942.0,39264,117103,1800,115303,397760
1900-01-01 14:32:45,7943.0,317546,7943.5,351549,46257,11650,34607,-34003
1900-01-01 14:33:00,7943.0,963397,7943.5,90750,48025,10248,37777,872647
1900-01-01 14:33:15,7943.0,978477,7943.5,45847,19956,235,19721,932630
1900-01-01 14:33:30,7943.0,924173,7943.5,24021,23776,4032,19744,900152
1900-01-01 14:33:45,7943.0,434648,7943.5,228696,11126,153334,-142208,205952
1900-01-01 14:34:00,7942.0,31,7942.5,597034,133197,107199,25998,-597003
1900-01-01 14:34:15,7936.0,446043,7936.5,112958,41938,74780,-32842,333085
1900-01-01 14:34:30,7935.0,179524,7935.5,440287,4164,67517,-63353,-260763
1900-01-01 14:34:45,7935.0,65559,7935.5,1237144,5501,254709,-249208,-1171585
1900-01-01 14:35:00,7933.0,80082,7933.5,961244,7964,226174,-218210,-881162
1900-01-01 14:35:15,7929.5,266591,7930.0,807747,10814,576028,-565214,-541156
1900-01-01 14:35:30,7929.5,89271,7930.0,1061429,18032,194294,-176262,-972158
1900-01-01 14:35:45,7924.5,1175889,7925.0,91842,67679,286368,-218689,1084047
1900-01-01 14:36:00,7925.5,125431,7926.0,456904,146282,283979,-137697,-331473
1900-01-01 14:36:15,7924.0,2963,7924.5,1001050,79826,197566,-117740,-998087
1900-01-01 14:36:30,7920.0,442349,7920.5,599044,40900,190816,-149916,-156695
1900-01-01 14:36:45,7920.0,1193898,7920.5,31239,126730,511164,-384434,1162659
1900-01-01 14:37:00,7923.5,26673,7924.0,1249217,59388,151034,-91646,-1222544
1900-01-01 14:37:15,7922.5,21931,7923.0,1165794,13598,34548,-20950,-1143863
1900-01-01 14:37:30,7919.5,16634,7920.0,855263,15149,99967,-84818,-838629
1900-01-01 14:37:45,7917.5,21020,7918.0,825187,41262,237819,-196557,-804167
1900-01-01 14:38:00,7916.0,546687,7916.5,319838,26104,459177,-433073,226849
1900-01-01 14:38:15,7919.5,181867,7920.0,917384,143669,220716,-77047,-735517
1900-01-01 14:38:30,7917.0,462630,7917.5,183544,11800,123823,-112023,279086
1900-01-01 14:38:45,7920.5,503848,7921.0,66844,108684,4500,104184,437004
1900-01-01 14:39:00,7922.0,624534,7922.5,28241,107616,79128,28488,596293
1900-01-01 14:39:15,7926.5,890662,7927.0,7972,156333,5000,151333,882690
1900-01-01 14:39:30,7923.5,181876,7924.0,427790,104208,170715,-66507,-245914
1900-01-01 14:39:45,7920.5,30831,7921.0,438994,17734,219102,-201368,-408163
1900-01-01 14:40:00,7915.5,38782,7916.0,462899,15679,185224,-169545,-424117
1900-01-01 14:40:15,7914.5,1467634,7915.0,47828,61025,276831,-215806,1419806
1900-01-01 14:40:30,7915.0,1209956,7915.5,28903,638749,90828,547921,1181053
1900-01-01 14:40:45,7920.5,767444,7921.0,76997,318583,3862,314721,690447
1900-01-01 14:41:00,7927.5,2115829,7928.0,2325,81957,4124,77833,2113504
1900-01-01 14:41:15,7932.5,74516,7933.0,1262600,561544,41880,519664,-1188084
1900-01-01 14:41:30,7930.0,152863,7930.5,1152191,26442,252135,-225693,-999328
1900-01-01 14:41:45,7928.5,5158,7929.0,1165090,10683,93473,-82790,-1159932
1900-01-01 14:42:00,7925.0,59776,7925.5,531822,5044,48021,-42977,-472046
1900-01-01 14:42:15,7921.0,1194881,7921.5,31945,21988,73210,-51222,1162936
1900-01-01 14:42:30,7924.0,910157,7924.5,27174,86954,4664,82290,882983
1900-01-01 14:42:45,7926.0,1214217,7926.5,6428,85069,14627,70442,1207789
1900-01-01 14:43:00,7929.5,638247,7930.0,31216,48168,59318,-11150,607031
1900-01-01 14:43:15,7931.5,244079,7932.0,320724,165231,6588,158643,-76645
1900-01-01 14:43:30,7931.5,114550,7932.0,446961,24200,69991,-45791,-332411
1900-01-01 14:43:45,7931.5,111069,7932.0,350026,188077,13062,175015,-238957
1900-01-01 14:44:00,7931.5,209276,7932.0,622829,51008,30,50978,-413553
1900-01-01 14:44:15,7932.5,1330691,7933.0,207415,488048,30,488018,1123276
1900-01-01 14:44:30,7937.5,1156801,7938.0,63660,284334,2316,282018,1093141
1900-01-01 14:44:45,7942.0,855272,7942.5,59578,223660,8460,215200,795694
1900-01-01 14:45:00,7942.0,919882,7942.5,95499,325647,50594,275053,824383
1900-01-01 14:45:15,7942.0,271804,7942.5,262009,47849,5474,42375,9795
1900-01-01 14:45:30,7942.0,147511,7942.5,411196,119113,50102,69011,-263685
1900-01-01 14:45:45,7938.0,55362,7938.5,634552,23600,82342,-58742,-579190
1900-01-01 14:46:00,7938.0,168146,7938.5,1077138,13890,62446,-48556,-908992
1900-01-01 14:46:15,7935.0,742304,7935.5,269327,11976,42192,-30216,472977
1900-01-01 14:46:30,7937.5,544898,7938.0,111159,125169,20028,105141,433739
1900-01-01 14:46:45,7940.5,913769,7941.0,68592,119005,7000,112005,845177
1900-01-01 14:47:00,7940.5,356805,7941.0,291941,26662,14674,11988,64864
1900-01-01 14:47:15,7940.5,250529,7941.0,527081,37182,23403,13779,-276552
1900-01-01 14:47:30,7940.5,340243,7941.0,462383,33300,5122,28178,-122140
1900-01-01 14:47:45,7940.5,320003,7941.0,584611,39200,10316,28884,-264608
1900-01-01 14:48:00,7940.5,178297,7941.0,635071,10550,72986,-62436,-456774
1900-01-01 14:48:15,7940.5,322732,7941.0,663666,46002,29560,16442,-340934
1900-01-01 14:48:30,7937.5,590878,7938.0,239258,34030,242014,-207984,351620
1900-01-01 14:48:45,7937.5,848632,7938.0,348904,12336,98752,-86416,499728
1900-01-01 14:49:00,7937.5,523515,7938.0,457409,3436,76901,-73465,66106
1900-01-01 14:49:15,7937.5,467766,7938.0,862068,8451,17116,-8665,-394302
1900-01-01 14:49:30,7936.0,67764,7936.5,656344,2140,1473963,-1471823,-588580
1900-01-01 14:49:45,7935.0,250992,7935.5,578078,22,149806,-149784,-327086
1900-01-01 14:50:00,7935.0,848550,7935.5,333187,8929,45982,-37053,515363
1900-01-01 14:50:15,7939.0,347301,7939.5,206341,116931,13300,103631,140960
1900-01-01 14:50:30,7940.5,712411,7941.0,106047,115165,27156,88009,606364
1900-01-01 14:50:45,7942.0,610254,7942.5,145820,130012,12980,117032,464434
1900-01-01 14:51:00,7942.0,128387,7942.5,443016,42997,76149,-33152,-314629
1900-01-01 14:51:15,7942.0,417790,7942.5,743134,2911,76149,-73238,-325344
1900-01-01 14:51:30,7942.0,838485,7942.5,272304,5000,5202,-202,566181
1900-01-01 14:51:45,7949.5,1192082,7950.0,492073,183388,15620,167768,700009
1900-01-01 14:52:00,7952.0,1087220,7952.5,275638,650918,110982,539936,811582
1900-01-01 14:52:15,7957.5,11011,7958.0,366027,348644,213719,134925,-355016
1900-01-01 14:52:30,7949.5,163069,7950.0,443148,109024,354509,-245485,-280079
1900-01-01 14:52:45,7949.0,58609,7949.5,1080459,21350,81566,-60216,-1021850
1900-01-01 14:53:00,7949.0,362267,7949.5,594953,21036,167422,-146386,-232686
1900-01-01 14:53:15,7949.0,451296,7949.5,258313,62684,15915,46769,192983
1900-01-01 14:53:30,7952.0,277033,7952.5,96527,139763,40816,98947,180506
1900-01-01 14:53:45,7956.5,123135,7957.0,499848,103216,53923,49293,-376713
1900-01-01 14:54:00,7957.0,537106,7957.5,94637,51571,15703,35868,442469
1900-01-01 14:54:15,7957.0,75009,7957.5,522953,154974,107106,47868,-447944
1900-01-01 14:54:30,7942.5,468097,7943.0,120041,31912,1032277,-1000365,348056
1900-01-01 14:54:45,7942.5,834383,7943.0,633340,135047,21105,113942,201043
1900-01-01 14:55:00,7942.5,873612,7943.0,577669,76816,98738,-21922,295943
1900-01-01 14:55:15,7946.0,139803,7946.5,361961,88632,102610,-13978,-222158
1900-01-01 14:55:30,7946.0,1063597,7946.5,167291,46177,22573,23604,896306
1900-01-01 14:55:45,7948.5,862812,7949.0,104558,217165,56193,160972,758254
1900-01-01 14:56:00,7953.0,335884,7953.5,269571,74162,14094,60068,66313
1900-01-01 14:56:15,7951.0,2922,7951.5,218993,186911,22766,164145,-216071
1900-01-01 14:56:30,7949.5,549054,7950.0,109759,14880,187381,-172501,439295
1900-01-01 14:56:45,7949.5,505176,7950.0,123030,9520,49,9471,382146
1900-01-01 14:57:00,7954.5,340772,7955.0,118451,98993,87326,11667,222321
1900-01-01 14:57:15,7954.5,468810,7955.0,196242,123983,8712,115271,272568
1900-01-01 14:57:30,7958.0,780565,7958.5,32632,138718,41974,96744,747933
1900-01-01 14:57:45,7958.5,580308,7959.0,120871,180996,24046,156950,459437
1900-01-01 14:58:00,7961.0,317573,7961.5,17398,156170,25827,130343,300175
1900-01-01 14:58:15,7958.5,38043,7959.0,471676,148191,191658,-43467,-433633
1900-01-01 14:58:30,7958.5,1675,7959.0,524066,29056,198129,-169073,-522391
1900-01-01 14:58:45,7960.0,38992,7960.5,478171,131238,83820,47418,-439179
1900-01-01 14:59:00,7960.0,605048,7960.5,69870,117153,118129,-976,535178
1900-01-01 14:59:15,7961.0,676921,7961.5,36773,95648,11052,84596,640148
1900-01-01 14:59:30,7964.5,367879,7965.0,65200,302640,29094,273546,302679
1900-01-01 14:59:45,7968.5,1414811,7969.0,78525,381860,7290,374570,1336286
1900-01-01 15:00:00,7969.5,125232,7970.0,103439,232947,14026,218921,21793
1900-01-01 15:00:15,7971.0,373642,7971.5,348762,456189,191398,264791,24880
1900-01-01 15:00:30,7970.0,385854,7970.5,285619,188796,142003,46793,100235
1900-01-01 15:00:45,7967.0,452836,7967.5,222815,53305,260575,-207270,230021
1900-01-01 15:01:00,7967.0,545872,7967.5,289596,29468,49080,-19612,256276
1900-01-01 15:01:15,7967.0,863323,7967.5,246380,33663,478094,-444431,616943
1900-01-01 15:01:30,7967.5,1422967,7968.0,5300,108083,114998,-6915,1417667
1900-01-01 15:01:45,7975.5,359639,7976.0,251127,519564,43924,475640,108512
1900-01-01 15:02:00,7970.5,535185,7971.0,133692,606834,302053,304781,401493
1900-01-01 15:02:15,7972.0,260478,7972.5,28669,45170,79148,-33978,231809
1900-01-01 15:02:30,7972.0,17259,7972.5,378818,10953,68708,-57755,-361559
1900-01-01 15:02:45,7970.5,62181,7971.0,270433,239399,117121,122278,-208252
1900-01-01 15:03:00,7969.5,94805,7970.0,668862,8426,268585,-260159,-574057
1900-01-01 15:03:15,7967.0,603945,7967.5,42450,20708,111678,-90970,561495
1900-01-01 15:03:30,7967.0,61552,7967.5,325057,16695,43382,-26687,-263505
1900-01-01 15:03:45,7963.5,442973,7964.0,93957,48630,59243,-10613,349016
1900-01-01 15:04:00,7956.5,73348,7957.0,137500,4110,259814,-255704,-64152
1900-01-01 15:04:15,7954.5,190,7955.0,856815,12961,271631,-258670,-856625
1900-01-01 15:04:30,7951.5,168027,7952.0,703821,66016,165675,-99659,-535794
1900-01-01 15:04:45,7954.0,366369,7954.5,105125,260954,490531,-229577,261244
1900-01-01 15:05:00,7954.0,551530,7954.5,41035,101992,118164,-16172,510495
1900-01-01 15:05:15,7955.5,834922,7956.0,71410,111091,150,110941,763512
1900-01-01 15:05:30,7956.0,1058589,7956.5,75104,68719,10400,58319,983485
1900-01-01 15:05:45,7958.0,1062098,7958.5,2856,93996,6702,87294,1059242
1900-01-01 15:06:00,7958.0,57341,7958.5,181768,15867,35143,-19276,-124427
1900-01-01 15:06:15,7955.0,77668,7955.5,164876,49594,78649,-29055,-87208
1900-01-01 15:06:30,7951.5,1152809,7952.0,117024,6832,103643,-96811,1035785
1900-01-01 15:06:45,7955.5,178678,7956.0,449801,88978,151739,-62761,-271123
1900-01-01 15:07:00,7953.5,80489,7954.0,318924,7978,77452,-69474,-238435
1900-01-01 15:07:15,7952.5,537119,7953.0,76085,14093,7582,6511,461034
1900-01-01 15:07:30,7952.5,51481,7953.0,243359,37208,126692,-89484,-191878
1900-01-01 15:07:45,7950.0,36035,7950.5,476926,24520,150995,-126475,-440891
1900-01-01 15:08:00,7943.0,11824,7943.5,333091,13412,300272,-286860,-321267
1900-01-01 15:08:15,7941.5,907134,7942.0,260556,107534,125041,-17507,646578
1900-01-01 15:08:30,7941.5,1368523,7942.0,105539,133470,37486,95984,1262984
1900-01-01 15:08:45,7946.0,1516865,7946.5,22263,324182,18804,305378,1494602
1900-01-01 15:09:00,7947.0,617428,7947.5,121609,213742,2236,211506,495819
1900-01-01 15:09:15,7947.0,137602,7947.5,177582,44651,55562,-10911,-39980
1900-01-01 15:09:30,7943.0,48804,7943.5,193383,57002,87185,-30183,-144579
1900-01-01 15:09:45,7943.0,506749,7943.5,159898,18607,207650,-189043,346851
1900-01-01 15:10:00,7943.0,238122,7943.5,212302,90891,8571,82320,25820
1900-01-01 15:10:15,7943.0,96088,7943.5,840635,4814,72668,-67854,-744547
1900-01-01 15:10:30,7943.0,410461,7943.5,354084,28520,131179,-102659,56377
1900-01-01 15:10:45,7943.0,1525321,7943.5,184429,102108,6808,95300,1340892
1900-01-01 15:11:00,7947.0,897620,7947.5,35852,186583,6966,179617,861768
1900-01-01 15:11:15,7952.0,1066639,7952.5,7480,517186,5438,511748,1059159
1900-01-01 15:11:30,7954.5,163294,7955.0,1234079,168247,65323,102924,-1070785
1900-01-01 15:11:45,7954.5,9223,7955.0,1406953,109124,56912,52212,-1397730
1900-01-01 15:12:00,7950.0,14217,7950.5,1348999,22262,129413,-107151,-1334782
1900-01-01 15:12:15,7943.0,16931,7943.5,69671,41233,330186,-288953,-52740
1900-01-01 15:12:30,7943.0,1194991,7943.5,120293,54191,214292,-160101,1074698
1900-01-01 15:12:45,7945.5,143679,7946.0,209389,63593,103430,-39837,-65710
1900-01-01 15:13:00,7945.5,700621,7946.0,163507,44502,24360,20142,537114
1900-01-01 15:13:15,7945.5,525367,7946.0,163263,11940,281462,-269522,362104
1900-01-01 15:13:30,7945.5,344127,7946.0,134740,70540,4720,65820,209387
1900-01-01 15:13:45,7945.5,519177,7946.0,91416,4300,4429,-129,427761
1900-01-01 15:14:00,7945.5,961874,7946.0,79599,25878,1568,24310,882275
1900-01-01 15:14:15,7945.5,431064,7946.0,201632,6516,86748,-80232,229432
1900-01-01 15:14:30,7945.5,394828,7946.0,393319,9140,10257,-1117,1509
1900-01-01 15:14:45,7945.5,133485,7946.0,478026,4381,9648,-5267,-344541
1900-01-01 15:15:00,7945.5,474158,7946.0,189711,121208,10333,110875,284447
1900-01-01 15:15:15,7945.5,176561,7946.0,439757,19704,25194,-5490,-263196
1900-01-01 15:15:30,7943.0,104478,7943.5,351485,12158,185035,-172877,-247007
1900-01-01 15:15:45,7943.0,55717,7943.5,478555,1592,52805,-51213,-422838
1900-01-01 15:16:00,7936.0,154762,7936.5,462203,14386,568647,-554261,-307441
1900-01-01 15:16:15,7936.0,730758,7936.5,146569,133012,22667,110345,584189
1900-01-01 15:16:30,7937.0,710617,7937.5,266704,71858,8932,62926,443913
1900-01-01 15:16:45,7937.5,58176,7938.0,1023969,35583,15597,19986,-965793
1900-01-01 15:17:00,7935.0,421361,7935.5,469743,215952,1006472,-790520,-48382
1900-01-01 15:17:15,7934.0,53938,7934.5,1119332,117868,220815,-102947,-1065394
1900-01-01 15:17:30,7930.5,420815,7931.0,299219,43094,256858,-213764,121596
1900-01-01 15:17:45,7930.5,6323,7931.0,733762,18910,132497,-113587,-727439
1900-01-01 15:18:00,7930.0,95184,7930.5,665835,13512,129106,-115594,-570651
1900-01-01 15:18:15,7930.0,459330,7930.5,315070,188317,81962,106355,144260
1900-01-01 15:18:30,7932.5,1119001,7933.0,38741,147070,454716,-307646,1080260
1900-01-01 15:18:45,7934.0,1011053,7934.5,58,106360,10654,95706,1010995
1900-01-01 15:19:00,7935.5,219886,7936.0,610410,99522,18219,81303,-390524
1900-01-01 15:19:15,7935.5,185002,7936.0,413519,122364,22782,99582,-228517
1900-01-01 15:19:30,7934.0,101447,7934.5,279998,17298,46573,-29275,-178551
1900-01-01 15:19:45,7933.0,568034,7933.5,157252,15338,105559,-90221,410782
1900-01-01 15:20:00,7933.0,359828,7933.5,440087,12102,26258,-14156,-80259
1900-01-01 15:20:15,7932.5,58909,7933.0,567917,21007,123888,-102881,-509008
1900-01-01 15:20:30,7930.5,33442,7931.0,522310,21007,27592,-6585,-488868
1900-01-01 15:20:45,7930.5,14447,7931.0,703889,2254,27427,-25173,-689442
1900-01-01 15:21:00,7930.5,38766,7931.0,801998,1328,17241,-15913,-763232
1900-01-01 15:21:15,7929.5,24759,7930.0,803640,27310,113638,-86328,-778881
1900-01-01 15:21:30,7929.0,85191,7929.5,584814,6408,115375,-108967,-499623
1900-01-01 15:21:45,7928.5,6586,7929.0,497859,17958,103594,-85636,-491273
1900-01-01 15:22:00,7928.0,332811,7928.5,302675,36880,22776,14104,30136
1900-01-01 15:22:15,7929.0,606515,7929.5,142548,64780,5656,59124,463967
1900-01-01 15:22:30,7936.5,826265,7937.0,21301,208275,95637,112638,804964
1900-01-01 15:22:45,7940.5,1614784,7941.0,9929,118445,23030,95415,1604855
1900-01-01 15:23:00,7942.5,4169,7943.0,825139,71271,85710,-14439,-820970
1900-01-01 15:23:15,7934.5,516837,7935.0,209458,17290,55837,-38547,307379
1900-01-01 15:23:30,7934.5,1097571,7935.0,43633,147985,16000,131985,1053938
1900-01-01 15:23:45,7938.0,840767,7938.5,296,43661,12140,31521,840471
1900-01-01 15:24:00,7940.0,733122,7940.5,104131,54186,7075,47111,628991
1900-01-01 15:24:15,7940.0,152711,7940.5,1089559,33732,1280,32452,-936848
1900-01-01 15:24:30,7938.0,10068,7938.5,614850,82086,42596,39490,-604782
1900-01-01 15:24:45,7936.0,96738,7936.5,479507,15994,19846,-3852,-382769
1900-01-01 15:25:00,7936.5,768870,7937.0,17311,8077,31432,-23355,751559
1900-01-01 15:25:15,7939.5,172214,7940.0,137338,81981,30700,51281,34876
1900-01-01 15:25:30,7939.5,190572,7940.0,346851,14004,11121,2883,-156279
1900-01-01 15:25:45,7939.5,172892,7940.0,517675,766,55711,-54945,-344783
1900-01-01 15:26:00,7942.5,143195,7943.0,1278217,21334,31559,-10225,-1135022
1900-01-01 15:26:15,7942.5,107978,7943.0,1214011,184940,65035,119905,-1106033
1900-01-01 15:26:30,7940.0,7597,7940.5,945949,22030,63888,-41858,-938352
1900-01-01 15:26:45,7940.0,43769,7940.5,831041,30,698,-668,-787272
1900-01-01 15:27:00,7940.0,26537,7940.5,961971,3286,26596,-23310,-935434
1900-01-01 15:27:15,7940.0,726651,7940.5,745277,242,18502,-18260,-18626
1900-01-01 15:27:30,7940.0,638772,7940.5,666186,66062,500,65562,-27414
1900-01-01 15:27:45,7939.5,12821,7940.0,1435979,7060,117688,-110628,-1423158
1900-01-01 15:28:00,7938.5,6872,7939.0,1133593,1367,32993,-31626,-1126721
1900-01-01 15:28:15,7928.5,113660,7929.0,8659,28082,325085,-297003,105001
1900-01-01 15:28:30,7928.0,1084699,7928.5,193848,62573,153657,-91084,890851
1900-01-01 15:28:45,7928.0,1218933,7928.5,41391,122142,67096,55046,1177542
1900-01-01 15:29:00,7928.5,1037505,7929.0,2731,138590,55722,82868,1034774
1900-01-01 15:29:15,7932.5,723610,7933.0,69209,125299,2904,122395,654401
1900-01-01 15:29:30,7936.0,317712,7936.5,487397,49567,670,48897,-169685
1900-01-01 15:29:45,7937.0,878085,7937.5,185,32327,101991,-69664,877900
1900-01-01 15:30:00,7939.5,761591,7940.0,44126,143402,61740,81662,717465
1900-01-01 15:30:15,7940.5,1369361,7941.0,81290,108207,1812,106395,1288071
1900-01-01 15:30:30,7941.0,1588890,7941.5,20445,75140,22500,52640,1568445
1900-01-01 15:30:45,7943.0,1571704,7943.5,4901,352817,2128,350689,1566803
1900-01-01 15:31:00,7947.0,1336702,7947.5,33210,129070,21012,108058,1303492
1900-01-01 15:31:15,7948.5,503997,7949.0,403037,184754,21414,163340,100960
1900-01-01 15:31:30,7948.5,133732,7949.0,714018,79944,74058,5886,-580286
1900-01-01 15:31:45,7945.0,164544,7945.5,1018995,128,201776,-201648,-854451
1900-01-01 15:32:00,7945.0,92947,7945.5,989611,4848,72429,-67581,-896664
1900-01-01 15:32:15,7945.0,501485,7945.5,362277,20310,140788,-120478,139208
1900-01-01 15:32:30,7945.5,907373,7946.0,114470,176800,5080,171720,792903
1900-01-01 15:32:45,7949.5,569940,7950.0,672423,259824,50226,209598,-102483
1900-01-01 15:33:00,7949.5,502277,7950.0,587515,70926,50226,20700,-85238
1900-01-01 15:33:15,7955.5,527602,7956.0,352853,241119,21818,219301,174749
1900-01-01 15:33:30,7955.5,338914,7956.0,562144,48683,64792,-16109,-223230
1900-01-01 15:33:45,7955.5,266984,7956.0,540704,45736,24759,20977,-273720
1900-01-01 15:34:00,7955.5,388051,7956.0,417122,32264,112024,-79760,-29071
1900-01-01 15:34:15,7955.5,412850,7956.0,389000,51940,2956,48984,23850
1900-01-01 15:34:30,7955.5,371641,7956.0,791658,38849,25000,13849,-420017
1900-01-01 15:34:45,7955.5,38086,7956.0,1258647,15221,111133,-95912,-1220561
1900-01-01 15:35:00,7948.5,49216,7949.0,794976,43196,291726,-248530,-745760
1900-01-01 15:35:15,7948.0,194993,7948.5,647838,14654,90397,-75743,-452845
1900-01-01 15:35:30,7948.0,1174265,7948.5,111845,30178,112860,-82682,1062420
1900-01-01 15:35:45,7954.0,2326874,7954.5,416,52042,15548,36494,2326458
1900-01-01 15:36:00,7955.0,505464,7955.5,622489,104012,15022,88990,-117025
1900-01-01 15:36:15,7955.0,469872,7955.5,691069,10132,25400,-15268,-221197
1900-01-01 15:36:30,7955.0,827613,7955.5,223554,14895,59952,-45057,604059
1900-01-01 15:36:45,7955.0,457139,7955.5,574976,87753,5150,82603,-117837
1900-01-01 15:37:00,7955.0,337961,7955.5,614134,11156,11678,-522,-276173
1900-01-01 15:37:15,7955.0,665742,7955.5,408985,32520,26082,6438,256757
1900-01-01 15:37:30,7955.5,687539,7956.0,147100,22850,20094,2756,540439
1900-01-01 15:37:45,7955.5,370428,7956.0,838258,29692,26400,3292,-467830
1900-01-01 15:38:00,7955.5,164467,7956.0,1220351,28012,7340,20672,-1055884
1900-01-01 15:38:15,7948.0,7138,7948.5,718751,4200,1189489,-1185289,-711613
1900-01-01 15:38:30,7944.5,827242,7945.0,409532,6862,361712,-354850,417710
1900-01-01 15:38:45,7944.5,1147078,7945.0,116170,13793,28840,-15047,1030908
1900-01-01 15:39:00,7944.5,940324,7945.0,272196,32961,18752,14209,668128
1900-01-01 15:39:15,7944.5,274499,7945.0,440715,6478,20200,-13722,-166216
1900-01-01 15:39:30,7944.5,37128,7945.0,643282,402,26901,-26499,-606154
1900-01-01 15:39:45,7944.5,59484,7945.0,792716,30502,8409,22093,-733232
1900-01-01 15:40:00,7943.0,8814,7943.5,1173542,46053,53195,-7142,-1164728
1900-01-01 15:40:15,7930.0,105555,7935.5,530060,126,732411,-732285,-424505
1900-01-01 15:40:30,7928.0,664392,7928.5,22025,47205,590102,-542897,642367
1900-01-01 15:40:45,7934.5,109969,7935.0,783308,424298,48012,376286,-673339
1900-01-01 15:41:00,7934.0,749427,7934.5,391393,80526,25752,54774,358034
1900-01-01 15:41:15,7930.0,230,7930.5,511832,120961,68818,52143,-511602
1900-01-01 15:41:30,7930.0,76937,7930.5,681616,195560,73231,122329,-604679
1900-01-01 15:41:45,7926.5,34453,7927.0,743384,27610,446938,-419328,-708931
1900-01-01 15:42:00,7926.5,200433,7927.0,614961,34524,111923,-77399,-414528
1900-01-01 15:42:15,7926.5,165361,7927.0,674430,23277,243763,-220486,-509069
1900-01-01 15:42:30,7926.5,1087971,7927.0,575002,79815,6364,73451,512969
1900-01-01 15:42:45,7926.5,1657284,7927.0,178194,186908,61876,125032,1479090
1900-01-01 15:43:00,7927.0,1050401,7927.5,132865,234977,111312,123665,917536
1900-01-01 15:43:15,7930.0,801846,7930.5,297032,82205,4482,77723,504814
1900-01-01 15:43:30,7930.0,739640,7930.5,363966,63502,25312,38190,375674
1900-01-01 15:43:45,7930.0,894120,7930.5,345382,9092,355936,-346844,548738
1900-01-01 15:44:00,7930.0,1122976,7930.5,385792,44248,28572,15676,737184
1900-01-01 15:44:15,7930.5,1227532,7931.0,93473,51978,45048,6930,1134059
1900-01-01 15:44:30,7930.5,1068778,7931.0,101011,40705,4539,36166,967767
1900-01-01 15:44:45,7930.5,924907,7931.0,278166,13802,6260,7542,646741
1900-01-01 15:45:00,7934.0,1192871,7934.5,321389,71491,9548,61943,871482
1900-01-01 15:45:15,7936.5,1038985,7937.0,154298,243713,5314,238399,884687
1900-01-01 15:45:30,7938.0,1534939,7938.5,28852,156522,12010,144512,1506087
1900-01-01 15:45:45,7940.0,1473833,7940.5,57459,59130,4316,54814,1416374
1900-01-01 15:46:00,7947.5,368960,7948.0,315848,192124,22775,169349,53112
1900-01-01 15:46:15,7945.5,119291,7946.0,557237,151595,310028,-158433,-437946
1900-01-01 15:46:30,7944.0,576590,7944.5,171547,2000,185299,-183299,405043
1900-01-01 15:46:45,7944.0,707391,7944.5,170437,36527,52242,-15715,536954
1900-01-01 15:47:00,7945.0,610561,7945.5,43957,136101,30477,105624,566604
1900-01-01 15:47:15,7949.5,383248,7950.0,908291,188436,20678,167758,-525043
1900-01-01 15:47:30,7949.5,516923,7950.0,807102,15704,15000,704,-290179
1900-01-01 15:47:45,7949.5,789171,7950.0,682615,20002,47999,-27997,106556
1900-01-01 15:48:00,7949.5,1073155,7950.0,95410,110004,18662,91342,977745
1900-01-01 15:48:15,7949.5,352280,7950.0,531594,320189,43841,276348,-179314
1900-01-01 15:48:30,7949.5,401958,7950.0,591505,11800,17002,-5202,-189547
1900-01-01 15:48:45,7950.5,1101157,7951.0,10217,155807,76290,79517,1090940
1900-01-01 15:49:00,7952.5,982554,7953.0,40838,137130,388,136742,941716
1900-01-01 15:49:15,7960.0,2377819,7960.5,3633,350225,63320,286905,2374186
1900-01-01 15:49:30,7962.5,1149657,7963.0,268417,366416,41776,324640,881240
1900-01-01 15:49:45,7962.5,559078,7963.0,609007,74334,22648,51686,-49929
1900-01-01 15:50:00,7964.5,518664,7965.0,244090,424937,471526,-46589,274574
1900-01-01 15:50:15,7964.5,836450,7965.0,201108,169093,79406,89687,635342
1900-01-01 15:50:30,7964.5,592924,7965.0,149074,31769,183121,-151352,443850
1900-01-01 15:50:45,7965.5,1240738,7966.0,23677,56309,251785,-195476,1217061
1900-01-01 15:51:00,7967.0,1577419,7967.5,99487,35974,168153,-132179,1477932
1900-01-01 15:51:15,7969.0,2500116,7969.5,9756,305820,20512,285308,2490360
1900-01-01 15:51:30,7981.5,18318,7982.0,314626,1869685,38604,1831081,-296308
1900-01-01 15:51:45,7984.0,632165,7984.5,410583,917444,466120,451324,221582
1900-01-01 15:52:00,7982.0,80480,7982.5,23326,409074,1209721,-800647,57154
1900-01-01 15:52:15,7978.5,762195,7979.0,388450,135945,315703,-179758,373745
1900-01-01 15:52:30,7978.5,1477356,7979.0,10208,25786,181750,-155964,1467148
1900-01-01 15:52:45,7982.5,986607,7983.0,306847,218304,126200,92104,679760
1900-01-01 15:53:00,7984.0,624813,7984.5,46623,184704,16789,167915,578190
1900-01-01 15:53:15,7984.5,1774089,7985.0,1625637,857708,83008,774700,148452
1900-01-01 15:53:30,7988.5,231864,7989.0,191772,2360212,96882,2263330,40092
1900-01-01 15:53:45,7993.5,1,7994.0,92627,1417750,181183,1236567,-92626
1900-01-01 15:54:00,7992.0,718741,7992.5,493907,360056,490962,-130906,224834
1900-01-01 15:54:15,7992.0,339515,7992.5,240326,184677,103895,80782,99189
1900-01-01 15:54:30,7992.0,2338516,7992.5,229925,254004,430474,-176470,2108591
1900-01-01 15:54:45,7996.5,261369,7997.0,270667,273051,57657,215394,-9298
1900-01-01 15:55:00,7996.5,1206658,7997.0,117746,255022,322981,-67959,1088912
1900-01-01 15:55:15,7998.0,839101,7998.5,167326,335936,49440,286496,671775
1900-01-01 15:55:30,8004.5,341579,8005.0,61846,4773403,72963,4700440,279733
1900-01-01 15:55:45,8013.5,20000,8015.0,86494,1744324,79268,1665056,-66494
1900-01-01 15:56:00,8005.0,91010,8005.5,822831,1484830,257077,1227753,-731821
1900-01-01 15:56:15,8000.0,622744,8000.5,317467,87358,496819,-409461,305277
1900-01-01 15:56:30,8002.0,312641,8002.5,9605,204464,557474,-353010,303036
1900-01-01 15:56:45,7998.5,49611,7999.0,1007973,122300,321162,-198862,-958362
1900-01-01 15:57:00,7996.0,336121,7996.5,6909,177803,524435,-346632,329212
1900-01-01 15:57:15,7993.5,152508,7994.0,727055,98378,242252,-143874,-574547
1900-01-01 15:57:30,7993.5,599554,7994.0,918861,107818,156183,-48365,-319307
1900-01-01 15:57:45,7993.5,192904,7994.0,1068748,108780,374563,-265783,-875844
1900-01-01 15:58:00,7998.0,18650,7999.0,18453,221422,189102,32320,197
1900-01-01 15:58:15,8001.5,1042060,8002.0,26221,1923071,97476,1825595,1015839
1900-01-01 15:58:30,7996.0,17975,7996.5,558361,204303,328964,-124661,-540386
1900-01-01 15:58:45,8000.5,62000,8001.0,23113,129981,69718,60263,38887
1900-01-01 15:59:00,7995.5,12033,7996.0,1726147,44826,226490,-181664,-1714114
1900-01-01 15:59:15,7995.0,565606,7995.5,324739,28870,144587,-115717,240867
1900-01-01 15:59:30,7995.0,227619,7995.5,583335,54373,60272,-5899,-355716
1900-01-01 15:59:45,7995.0,1186376,7995.5,95152,77298,49019,28279,1091224
1900-01-01 16:00:00,7996.5,521247,7997.0,154235,130921,8577,122344,367012
1900-01-01 16:00:15,7993.0,47817,7993.5,1268249,277224,689026,-411802,-1220432
1900-01-01 16:00:30,7990.0,93716,7990.5,1097253,101631,322095,-220464,-1003537
1900-01-01 16:00:45,7989.5,11860,7990.0,120833,105766,273630,-167864,-108973
1900-01-01 16:01:00,7976.5,56081,7977.0,1575109,70173,885024,-814851,-1519028
1900-01-01 16:01:15,7982.5,64136,7983.0,32334,304566,368373,-63807,31802
1900-01-01 16:01:30,7977.0,535302,7977.5,33865,71948,171364,-99416,501437
1900-01-01 16:01:45,7983.0,621666,7983.5,355625,101513,72583,28930,266041
1900-01-01 16:02:00,7985.5,823598,7986.0,29949,175559,43804,131755,793649
1900-01-01 16:02:15,7986.5,650518,7987.0,904813,393716,207738,185978,-254295
1900-01-01 16:02:30,7985.5,12304,7986.0,857317,56060,395835,-339775,-845013
1900-01-01 16:02:45,7975.5,547532,7976.0,163528,40018,476643,-436625,384004
1900-01-01 16:03:00,7978.5,823938,7979.0,58748,201638,74332,127306,765190
1900-01-01 16:03:15,7982.0,640588,7982.5,153811,66975,55830,11145,486777
1900-01-01 16:03:30,7984.0,525540,7984.5,512004,375495,13628,361867,13536
1900-01-01 16:03:45,7984.0,471132,7984.5,534122,42977,20222,22755,-62990
1900-01-01 16:04:00,7984.0,122223,7984.5,1341066,39850,109857,-70007,-1218843
1900-01-01 16:04:15,7979.0,481697,7979.5,435086,34900,1187930,-1153030,46611
1900-01-01 16:04:30,7979.0,316274,7979.5,495960,22712,186912,-164200,-179686
1900-01-01 16:04:45,7980.5,523179,7981.0,8859,172233,36000,136233,514320
1900-01-01 16:05:00,7987.0,84990,7987.5,29638,462268,11779,450489,55352
1900-01-01 16:05:15,7979.0,290399,7979.5,1496845,112012,42175,69837,-1206446
1900-01-01 16:05:30,7979.0,652835,7979.5,1162541,34166,46982,-12816,-509706
1900-01-01 16:05:45,7977.0,170848,7977.5,562052,485107,54092,431015,-391204
1900-01-01 16:06:00,7977.0,53763,7977.5,1449188,12333,274065,-261732,-1395425
1900-01-01 16:06:15,7971.0,191986,7971.5,823790,42857,78321,-35464,-631804
1900-01-01 16:06:30,7962.0,208418,7962.5,71895,47641,1181415,-1133774,136523
1900-01-01 16:06:45,7965.5,427640,7966.0,241204,114364,303361,-188997,186436
1900-01-01 16:07:00,7967.5,391939,7968.0,164258,217971,31382,186589,227681
1900-01-01 16:07:15,7970.0,346447,7970.5,554841,120093,5804,114289,-208394
1900-01-01 16:07:30,7970.0,287332,7970.5,745099,187239,240047,-52808,-457767
1900-01-01 16:07:45,7970.0,270121,7970.5,675994,15600,157055,-141455,-405873
1900-01-01 16:08:00,7970.0,118548,7970.5,608409,58452,92834,-34382,-489861
1900-01-01 16:08:15,7970.0,361819,7970.5,733836,42609,26344,16265,-372017
1900-01-01 16:08:30,7972.0,573971,7972.5,29087,116783,94467,22316,544884
1900-01-01 16:08:45,7973.5,225148,7974.0,294962,171947,19892,152055,-69814
1900-01-01 16:09:00,7973.5,657790,7974.0,330443,79328,3842,75486,327347
1900-01-01 16:09:15,7973.5,662422,7974.0,303971,47070,11402,35668,358451
1900-01-01 16:09:30,7973.5,814336,7974.0,308076,35754,23600,12154,506260
1900-01-01 16:09:45,7973.5,1132341,7974.0,150959,244056,3114,240942,981382
1900-01-01 16:10:00,7976.0,939094,7976.5,5052,191909,427,191482,934042
1900-01-01 16:10:15,7976.5,599532,7977.0,834771,216699,21288,195411,-235239
1900-01-01 16:10:30,7976.5,880095,7977.0,642877,245901,58862,187039,237218
1900-01-01 16:10:45,7976.5,1025393,7977.0,478455,170061,58862,111199,546938
1900-01-01 16:11:00,7977.0,643583,7978.5,50662,432256,4192,428064,592921
1900-01-01 16:11:15,7978.5,1135741,7979.0,413644,192761,4182,188579,722097
1900-01-01 16:11:30,7981.5,1400080,7982.0,547430,474106,13681,460425,852650
1900-01-01 16:11:45,7977.5,91993,7978.0,1216813,111099,258512,-147413,-1124820
1900-01-01 16:12:00,7977.5,190082,7978.0,1784859,161930,181528,-19598,-1594777
1900-01-01 16:12:15,7977.5,216916,7978.0,2034181,9988,139950,-129962,-1817265
1900-01-01 16:12:30,7977.0,83230,7977.5,1663805,38850,84270,-45420,-1580575
1900-01-01 16:12:45,7976.0,181768,7976.5,867265,33470,91674,-58204,-685497
1900-01-01 16:13:00,7970.0,112258,7970.5,905368,6646,252321,-245675,-793110
1900-01-01 16:13:15,7970.0,57448,7970.5,991868,2270,127081,-124811,-934420
1900-01-01 16:13:30,7970.0,512028,7970.5,682907,95426,36170,59256,-170879
1900-01-01 16:13:45,7970.0,766862,7970.5,825846,25448,63122,-37674,-58984
1900-01-01 16:14:00,7970.0,679538,7970.5,823983,4815,201240,-196425,-144445
1900-01-01 16:14:15,7970.0,48250,7970.5,829840,13000,71188,-58188,-781590
1900-01-01 16:14:30,7970.0,96732,7970.5,1195169,19808,509573,-489765,-1098437
1900-01-01 16:14:45,7967.5,104914,7968.0,1375904,3840,150403,-146563,-1270990
1900-01-01 16:15:00,7961.0,6753,7961.5,1670137,40570,259972,-219402,-1663384
1900-01-01 16:15:15,7943.0,5203,7943.5,20037,59226,961627,-902401,-14834
1900-01-01 16:15:30,7942.0,556777,7942.5,63106,246959,399663,-152704,493671
1900-01-01 16:15:45,7944.5,287990,7945.0,478390,431808,179601,252207,-190400
1900-01-01 16:16:00,7944.5,633170,7945.0,562102,182292,59654,122638,71068
1900-01-01 16:16:15,7947.5,595762,7948.0,115977,415715,22111,393604,479785
1900-01-01 16:16:30,7945.0,9249,7945.5,563131,177451,73262,104189,-553882
1900-01-01 16:16:45,7943.5,154707,7944.0,1102421,102642,207284,-104642,-947714
1900-01-01 16:17:00,7941.0,7476,7941.5,1157571,10677,1232891,-1222214,-1150095
1900-01-01 16:17:15,7936.5,423616,7937.0,506420,44980,739893,-694913,-82804
1900-01-01 16:17:30,7944.5,377483,7945.0,701256,313829,80036,233793,-323773
1900-01-01 16:17:45,7944.5,379540,7945.0,203976,320165,21063,299102,175564
1900-01-01 16:18:00,7945.0,450172,7945.5,143807,73894,24870,49024,306365
1900-01-01 16:18:15,7948.0,280970,7948.5,89307,169193,160132,9061,191663
1900-01-01 16:18:30,7948.5,299359,7949.0,12267,194375,32224,162151,287092
1900-01-01 16:18:45,7947.5,45560,7948.0,1390999,125157,37511,87646,-1345439
1900-01-01 16:19:00,7947.5,361012,7948.0,427783,17175,109518,-92343,-66771
1900-01-01 16:19:15,7945.5,26678,7946.0,110956,88579,96890,-8311,-84278
1900-01-01 16:19:30,7945.5,343179,7946.0,535430,12157,20690,-8533,-192251
1900-01-01 16:19:45,7945.5,734323,7946.0,273136,182329,54900,127429,461187
1900-01-01 16:20:00,7945.5,624195,7946.0,936439,140538,534,140004,-312244
1900-01-01 16:20:15,7945.5,444871,7946.0,863296,23345,5595,17750,-418425
1900-01-01 16:20:30,7945.5,743541,7946.0,448907,213537,5987,207550,294634
1900-01-01 16:20:45,7945.5,812924,7946.0,739200,117874,27568,90306,73724
1900-01-01 16:21:00,7945.5,547781,7946.0,893039,35852,164793,-128941,-345258
1900-01-01 16:21:15,7945.5,679019,7946.0,513398,190206,18932,171274,165621
1900-01-01 16:21:30,7942.5,2100,7943.0,296244,18863,350173,-331310,-294144
1900-01-01 16:21:45,7916.0,6627,7916.5,63880,19199,1110460,-1091261,-57253
1900-01-01 16:22:00,7912.5,170282,7913.0,116797,428436,1652408,-1223972,53485
1900-01-01 16:22:15,7919.0,376170,7919.5,1187102,542869,259149,283720,-810932
1900-01-01 16:22:30,7914.0,73960,7914.5,1237791,352516,465094,-112578,-1163831
1900-01-01 16:22:45,7913.0,21277,7913.5,1247834,366850,219099,147751,-1226557
1900-01-01 16:23:00,7912.0,509374,7912.5,1666783,172722,862641,-689919,-1157409
1900-01-01 16:23:15,7890.0,861007,7890.5,995242,135069,1949299,-1814230,-134235
1900-01-01 16:23:30,7896.0,428598,7896.5,3116,386777,1250127,-863350,425482
1900-01-01 16:23:45,7903.5,214360,7904.0,509911,250904,199882,51022,-295551
1900-01-01 16:24:00,7907.0,819311,7907.5,161822,456706,140991,315715,657489
1900-01-01 16:24:15,7912.5,86784,7913.0,975251,913160,191070,722090,-888467
1900-01-01 16:24:30,7914.5,552250,7915.0,105829,241175,129621,111554,446421
1900-01-01 16:24:45,7914.5,470215,7915.0,221672,227852,40596,187256,248543
1900-01-01 16:25:00,7914.5,16217,7915.0,859303,320793,55410,265383,-843086
1900-01-01 16:25:15,7909.5,299580,7910.0,334368,243855,289892,-46037,-34788
1900-01-01 16:25:30,7909.0,206938,7909.5,1217462,85145,366875,-281730,-1010524
1900-01-01 16:25:45,7908.5,988660,7909.0,143026,79277,149211,-69934,845634
1900-01-01 16:26:00,7914.5,1290670,7915.0,36253,287800,27370,260430,1254417
1900-01-01 16:26:15,7922.0,506340,7922.5,350776,315236,17251,297985,155564
1900-01-01 16:26:30,7922.5,366203,7923.0,67132,216794,3102,213692,299071
1900-01-01 16:26:45,7923.0,536899,7923.5,607786,276635,16256,260379,-70887
1900-01-01 16:27:00,7923.0,578334,7923.5,212923,143893,66216,77677,365411
1900-01-01 16:27:15,7923.0,721310,7923.5,1270093,32643,213007,-180364,-548783
1900-01-01 16:27:30,7923.0,646225,7923.5,1132801,262064,152344,109720,-486576
1900-01-01 16:27:45,7923.0,554309,7923.5,1202985,31296,149831,-118535,-648676
1900-01-01 16:28:00,7923.0,356192,7923.5,1350747,83454,340395,-256941,-994555
1900-01-01 16:28:15,7922.0,20896,7922.5,852043,15744,325250,-309506,-831147
1900-01-01 16:28:30,7922.0,322360,7922.5,482688,11896,67960,-56064,-160328
1900-01-01 16:28:45,7924.5,1043062,7925.0,195776,281862,27483,254379,847286
1900-01-01 16:29:00,7925.5,1287217,7926.0,194483,424046,6654,417392,1092734
1900-01-01 16:29:15,7928.5,616960,7929.0,175866,205955,19296,186659,441094
1900-01-01 16:29:30,7928.5,628056,7929.0,360013,144884,3489,141395,268043
1900-01-01 16:29:45,7928.5,271606,7929.0,883099,224131,10426,213705,-611493
1900-01-01 16:30:00,7928.5,143368,7929.0,1131535,91076,47083,43993,-988167
1900-01-01 16:30:15,7926.0,10940,7926.5,519655,29085,234403,-205318,-508715
1900-01-01 16:30:30,7921.0,258598,7921.5,670584,100,95341,-95241,-411986
1900-01-01 16:30:45,7913.0,22379,7913.5,87653,5496,235655,-230159,-65274
1900-01-01 16:31:00,7913.5,734333,7914.0,247111,47647,149334,-101687,487222
1900-01-01 16:31:15,7913.5,55683,7914.0,1333527,40488,50857,-10369,-1277844
1900-01-01 16:31:30,7906.0,26945,7906.5,2515597,27536,285511,-257975,-2488652
1900-01-01 16:31:45,7906.0,34026,7906.5,5004,564925,356576,208349,29022
1900-01-01 16:32:00,7915.0,5724,7915.5,42501,123407,120827,2580,-36777
1900-01-01 16:32:15,7911.5,703058,7912.0,163150,128120,179208,-51088,539908
1900-01-01 16:32:30,7913.0,411308,7913.5,147813,40647,131180,-90533,263495
1900-01-01 16:32:45,7913.0,1009102,7913.5,14136,206416,38764,167652,994966
1900-01-01 16:33:00,7917.0,499122,7917.5,282573,173066,37816,135250,216549
1900-01-01 16:33:15,7917.5,839694,7918.0,337341,106526,37110,69416,502353
1900-01-01 16:33:30,7917.5,1212498,7918.0,34631,514289,12610,501679,1177867
1900-01-01 16:33:45,7918.5,1221675,7919.0,24147,275308,3326,271982,1197528
1900-01-01 16:34:00,7922.5,929677,7923.0,10206,428403,272,428131,919471
1900-01-01 16:34:15,7925.0,83816,7925.5,1062551,64816,32015,32801,-978735
1900-01-01 16:34:30,7925.0,2539746,7925.5,175259,13068,54105,-41037,2364487
1900-01-01 16:34:45,7925.5,752255,7926.0,707447,674245,5684,668561,44808
1900-01-01 16:35:00,7925.5,956172,7926.0,1088177,832054,4604,827450,-132005
1900-01-01 16:35:15,7925.5,957486,7926.0,398547,1128950,2416,1126534,558939
1900-01-01 16:35:30,7927.5,728803,7928.0,12176,367545,2400,365145,716627
1900-01-01 16:35:45,7928.0,277642,7928.5,247586,67173,14326,52847,30056
1900-01-01 16:36:00,7928.0,401458,7928.5,491245,38875,22668,16207,-89787
1900-01-01 16:36:15,7928.0,830936,7928.5,286194,90412,14470,75942,544742
1900-01-01 16:36:30,7928.0,1005580,7928.5,651921,142051,193344,-51293,353659
1900-01-01 16:36:45,7928.0,833875,7928.5,616416,19844,49514,-29670,217459
1900-01-01 16:37:00,7928.0,508922,7928.5,575994,67936,25280,42656,-67072
1900-01-01 16:37:15,7928.0,908250,7928.5,207133,60214,26164,34050,701117
1900-01-01 16:37:30,7928.0,1088878,7928.5,555928,42500,23546,18954,532950
1900-01-01 16:37:45,7928.0,1653061,7928.5,170078,89086,15420,73666,1482983
1900-01-01 16:38:00,7928.0,1466662,7928.5,361432,60524,76988,-16464,1105230
1900-01-01 16:38:15,7929.5,675079,7930.0,184268,342835,103663,239172,490811
1900-01-01 16:38:30,7930.0,838742,7930.5,7308,154973,23032,131941,831434
1900-01-01 16:38:45,7931.0,368907,7931.5,514042,606910,3460,603450,-145135
1900-01-01 16:39:00,7943.5,641038,7944.0,192394,173106,59965,113141,448644
1900-01-01 16:39:15,7938.5,1033,7940.0,120698,100730,280307,-179577,-119665
1900-01-01 16:39:30,7938.0,1073128,7938.5,239354,45576,56265,-10689,833774
1900-01-01 16:39:45,7938.0,672382,7938.5,209920,28029,90824,-62795,462462
1900-01-01 16:40:00,7935.0,639476,7935.5,332493,21638,262467,-240829,306983
1900-01-01 16:40:15,7931.0,17023,7931.5,1322875,55716,751410,-695694,-1305852
1900-01-01 16:40:30,7929.0,99137,7929.5,648665,37698,150543,-112845,-549528
1900-01-01 16:40:45,7928.0,34172,7928.5,697141,37698,148366,-110668,-662969
1900-01-01 16:41:00,7926.0,72770,7926.5,412163,28006,66210,-38204,-339393
1900-01-01 16:41:15,7926.0,860041,7926.5,219508,30107,102728,-72621,640533
1900-01-01 16:41:30,7926.0,1280694,7926.5,214920,35840,9608,26232,1065774
1900-01-01 16:41:45,7926.5,141036,7927.0,340855,53436,784,52652,-199819
1900-01-01 16:42:00,7926.5,344360,7927.0,290174,280265,1808,278457,54186
1900-01-01 16:42:15,7926.5,1263696,7927.0,87881,56915,1808,55107,1175815
1900-01-01 16:42:30,7926.5,524547,7927.0,311306,33640,24320,9320,213241
1900-01-01 16:42:45,7926.5,806444,7927.0,230959,139187,3590,135597,575485
1900-01-01 16:43:00,7945.5,81751,7946.0,846211,306996,64979,242017,-764460
1900-01-01 16:43:15,7940.0,52712,7940.5,477680,48438,139201,-90763,-424968
1900-01-01 16:43:30,7942.5,378330,7943.0,302296,117765,149839,-32074,76034
1900-01-01 16:43:45,7946.5,244864,7947.0,51869,406135,43810,362325,192995
1900-01-01 16:44:00,7962.0,101057,7962.5,90429,466145,32689,433456,10628
1900-01-01 16:44:15,7949.5,688663,7950.0,836721,483226,120376,362850,-148058
1900-01-01 16:44:30,7949.5,465343,7950.0,482141,279629,311107,-31478,-16798
1900-01-01 16:44:45,7949.5,560465,7950.0,315814,115849,41535,74314,244651
1900-01-01 16:45:00,7953.0,637991,7953.5,64149,152584,16134,136450,573842
1900-01-01 16:45:15,7953.0,760441,7953.5,21823,63470,2220,61250,738618
1900-01-01 16:45:30,7955.0,498391,7955.5,49524,117028,36554,80474,448867
1900-01-01 16:45:45,7955.0,756898,7955.5,43989,45866,9216,36650,712909
1900-01-01 16:46:00,7957.0,392001,7957.5,190153,66242,28894,37348,201848
1900-01-01 16:46:15,7959.5,316454,7960.0,103113,30322,70637,-40315,213341
1900-01-01 16:46:30,7959.5,232434,7960.0,406208,52898,49717,3181,-173774
1900-01-01 16:46:45,7959.5,445174,7960.0,559888,21865,19430,2435,-114714
1900-01-01 16:47:00,7959.5,835848,7960.0,351270,201114,11300,189814,484578
1900-01-01 16:47:15,7960.0,1161869,7960.5,44487,252840,33068,219772,1117382
1900-01-01 16:47:30,7960.5,1257081,7961.0,13271,70295,29402,40893,1243810
1900-01-01 16:47:45,7950.5,330212,7951.0,817505,228437,393789,-165352,-487293
1900-01-01 16:48:00,7948.0,3921,7948.5,728778,26956,186216,-159260,-724857
1900-01-01 16:48:15,7934.5,22132,7935.0,91869,7078,422579,-415501,-69737
1900-01-01 16:48:30,7934.5,713892,7935.0,294951,88563,71635,16928,418941
1900-01-01 16:48:45,7941.5,171094,7942.0,707788,135047,130193,4854,-536694
1900-01-01 16:49:00,7938.0,58586,7938.5,807542,83154,100717,-17563,-748956
1900-01-01 16:49:15,7937.5,23646,7938.0,791444,28018,59489,-31471,-767798
1900-01-01 16:49:30,7937.5,857401,7938.0,285678,5625,21074,-15449,571723
1900-01-01 16:49:45,7939.0,585420,7939.5,3308,319868,17600,302268,582112
1900-01-01 16:50:00,7943.0,499518,7943.5,468978,39908,8482,31426,30540
1900-01-01 16:50:15,7945.5,920686,7946.0,336881,95865,20119,75746,583805
1900-01-01 16:50:30,7945.5,684454,7946.0,98065,112100,12554,99546,586389
1900-01-01 16:50:45,7945.5,613615,7946.0,63265,34989,18900,16089,550350
1900-01-01 16:51:00,7945.5,594606,7946.0,73205,6032,7196,-1164,521401
1900-01-01 16:51:15,7945.5,64181,7946.0,671248,20643,10688,9955,-607067
1900-01-01 16:51:30,7945.5,77213,7946.0,676718,8078,103076,-94998,-599505
1900-01-01 16:51:45,7945.0,7322,7945.5,563870,67480,42478,25002,-556548
1900-01-01 16:52:00,7940.0,516230,7940.5,480346,29237,106865,-77628,35884
1900-01-01 16:52:15,7938.0,5516,7938.5,961155,74500,267562,-193062,-955639
1900-01-01 16:52:30,7936.5,692529,7937.0,354069,82041,62182,19859,338460
1900-01-01 16:52:45,7936.5,797291,7937.0,264301,29105,56000,-26895,532990
1900-01-01 16:53:00,7936.5,151982,7937.0,1050121,27132,14830,12302,-898139
1900-01-01 16:53:15,7936.5,872807,7937.0,280728,174903,29615,145288,592079
1900-01-01 16:53:30,7936.5,627775,7937.0,590574,18571,11775,6796,37201
1900-01-01 16:53:45,7939.0,592864,7939.5,12146,381487,17835,363652,580718
1900-01-01 16:54:00,7944.5,274042,7945.0,970642,39459,4974,34485,-696600
1900-01-01 16:54:15,7944.5,59950,7945.0,1634434,409148,121646,287502,-1574484
1900-01-01 16:54:30,7943.5,483547,7944.0,793947,61700,82702,-21002,-310400
1900-01-01 16:54:45,7943.5,3955,7944.0,1213180,6898,28570,-21672,-1209225
1900-01-01 16:55:00,7940.5,726472,7941.0,155592,11945,28669,-16724,570880
1900-01-01 16:55:15,7940.0,22484,7940.5,1558073,11831,48980,-37149,-1535589
1900-01-01 16:55:30,7936.5,151986,7937.0,980497,25242,25073,169,-828511
1900-01-01 16:55:45,7936.0,229181,7936.5,829319,16200,83478,-67278,-600138
1900-01-01 16:56:00,7930.0,65492,7930.5,596486,810,237091,-236281,-530994
1900-01-01 16:56:15,7920.0,633859,7920.5,199423,56926,358050,-301124,434436
1900-01-01 16:56:30,7927.5,121439,7928.0,186432,99633,98517,1116,-64993
1900-01-01 16:56:45,7925.5,63403,7926.0,864601,82590,142538,-59948,-801198
1900-01-01 16:57:00,7924.0,1043842,7924.5,447481,125291,329958,-204667,596361
1900-01-01 16:57:15,7925.0,1424617,7925.5,169990,420202,5068,415134,1254627
1900-01-01 16:57:30,7927.5,844492,7928.0,20664,320695,888,319807,823828
1900-01-01 16:57:45,7927.5,936221,7928.0,92103,153897,14897,139000,844118
1900-01-01 16:58:00,7931.5,37905,7932.0,670421,108882,4108,104774,-632516
1900-01-01 16:58:15,7929.5,787681,7930.0,109353,137158,26747,110411,678328
1900-01-01 16:58:30,7937.0,585862,7937.5,639619,124203,2826,121377,-53757
1900-01-01 16:58:45,7937.5,821147,7938.0,19105,133869,40550,93319,802042
1900-01-01 16:59:00,7941.5,234288,7942.0,588627,421163,20600,400563,-354339
1900-01-01 16:59:15,7941.5,580780,7942.0,247091,18566,19721,-1155,333689
1900-01-01 16:59:30,7942.5,235689,7943.0,725106,268333,9506,258827,-489417
1900-01-01 16:59:45,7942.5,302785,7943.0,458097,437756,7480,430276,-155312
1900-01-01 17:00:00,7942.5,546615,7943.0,97724,341298,277006,64292,448891
1900-01-01 17:00:15,7942.5,551357,7943.0,10315,18375,15235,3140,541042
1900-01-01 17:00:30,7943.0,687881,7943.5,67198,16191,388,15803,620683
1900-01-01 17:00:45,7943.0,749793,7943.5,177281,4270,5712,-1442,572512
1900-01-01 17:01:00,7943.0,692111,7943.5,679216,27720,5720,22000,12895
1900-01-01 17:01:15,7943.0,138006,7943.5,906454,33441,30038,3403,-768448
1900-01-01 17:01:30,7938.0,1406,7938.5,581368,143041,529631,-386590,-579962
1900-01-01 17:01:45,7935.0,61410,7935.5,744657,3728,193914,-190186,-683247
1900-01-01 17:02:00,7931.5,64452,7932.0,525185,13060,40948,-27888,-460733
1900-01-01 17:02:15,7938.5,545204,7939.0,55877,71858,31327,40531,489327
1900-01-01 17:02:30,7938.5,287677,7939.0,479779,125613,26810,98803,-192102
1900-01-01 17:02:45,7938.5,63741,7939.0,573198,59516,70777,-11261,-509457
1900-01-01 17:03:00,7938.5,1048568,7939.0,119989,96690,532543,-435853,928579
1900-01-01 17:03:15,7939.0,592076,7939.5,14817,35372,254992,-219620,577259
1900-01-01 17:03:30,7941.0,480703,7941.5,142776,161504,37750,123754,337927
1900-01-01 17:03:45,7941.0,567507,7941.5,69991,32854,2550,30304,497516
1900-01-01 17:04:00,7941.0,781421,7941.5,69873,18469,18000,469,711548
1900-01-01 17:04:15,7942.5,49278,7943.0,11200,21002,5000,16002,38078
1900-01-01 17:04:30,7945.5,650907,7946.0,11595,70475,3408,67067,639312
1900-01-01 17:04:45,7953.0,403264,7953.5,287509,689214,10790,678424,115755
1900-01-01 17:05:00,7953.0,577655,7953.5,141706,192023,4272,187751,435949
1900-01-01 17:05:15,7955.0,940321,7955.5,9587,319629,31189,288440,930734
1900-01-01 17:05:30,7958.5,349326,7959.0,43222,144226,44810,99416,306104
1900-01-01 17:05:45,7955.5,269461,7956.0,237930,57453,218686,-161233,31531
1900-01-01 17:06:00,7955.5,232369,7956.0,440681,110582,33817,76765,-208312
1900-01-01 17:06:15,7954.0,207358,7954.5,277505,15754,60035,-44281,-70147
1900-01-01 17:06:30,7953.0,14895,7953.5,551717,6014,26035,-20021,-536822
1900-01-01 17:06:45,7950.0,145945,7950.5,605114,46921,151980,-105059,-459169
1900-01-01 17:07:00,7945.0,35889,7945.5,548797,88631,520188,-431557,-512908
1900-01-01 17:07:15,7944.0,504402,7944.5,653729,40802,37945,2857,-149327
1900-01-01 17:07:30,7944.0,2358,7944.5,738562,75154,14741,60413,-736204
1900-01-01 17:07:45,7944.0,2066305,7944.5,35178,119521,2484,117037,2031127
1900-01-01 17:08:00,7949.5,459295,7950.0,43452,654679,4100,650579,415843
1900-01-01 17:08:15,7951.5,871277,7952.0,142459,151378,694,150684,728818
1900-01-01 17:08:30,7952.0,548676,7952.5,338214,149209,44608,104601,210462
1900-01-01 17:08:45,7954.5,874514,7955.0,182772,250202,9500,240702,691742
1900-01-01 17:09:00,7957.0,548883,7957.5,155217,207310,7404,199906,393666
1900-01-01 17:09:15,7957.0,412727,7957.5,390417,43888,53814,-9926,22310
1900-01-01 17:09:30,7957.0,466714,7957.5,599077,11306,15058,-3752,-132363
1900-01-01 17:09:45,7957.0,97832,7957.5,518821,64485,93386,-28901,-420989
1900-01-01 17:10:00,7957.0,65399,7957.5,588930,21875,156988,-135113,-523531
1900-01-01 17:10:15,7955.0,62601,7955.5,638122,29728,17616,12112,-575521
1900-01-01 17:10:30,7955.0,838420,7955.5,558486,16134,82623,-66489,279934
1900-01-01 17:10:45,7955.0,637469,7955.5,315694,445809,106834,338975,321775
1900-01-01 17:11:00,7955.0,678822,7955.5,392555,22836,5120,17716,286267
1900-01-01 17:11:15,7955.0,826276,7955.5,666336,31664,18255,13409,159940
1900-01-01 17:11:30,7955.0,853602,7955.5,528706,53291,20068,33223,324896
1900-01-01 17:11:45,7955.0,780823,7955.5,398202,24268,6002,18266,382621
1900-01-01 17:12:00,7957.5,637351,7958.0,136498,165091,19666,145425,500853
1900-01-01 17:12:15,7957.5,701504,7958.0,266968,107595,37214,70381,434536
1900-01-01 17:12:30,7957.5,850282,7958.0,123596,124795,16468,108327,726686
1900-01-01 17:12:45,7957.5,902424,7958.0,138111,108212,42023,66189,764313
1900-01-01 17:13:00,7957.5,1031572,7958.0,44928,203738,3128,200610,986644
1900-01-01 17:13:15,7959.5,914705,7960.0,68571,90032,4118,85914,846134
1900-01-01 17:13:30,7960.0,1200099,7960.5,88975,123451,46508,76943,1111124
1900-01-01 17:13:45,7962.0,767741,7962.5,256781,108096,15365,92731,510960
1900-01-01 17:14:00,7961.0,60252,7961.5,504284,347974,123527,224447,-444032
1900-01-01 17:14:15,7955.5,215615,7956.0,214234,240924,275666,-34742,1381
1900-01-01 17:14:30,7953.5,1476,7954.0,56234,53320,344554,-291234,-54758
1900-01-01 17:14:45,7948.0,167230,7948.5,550,235657,176007,59650,166680
1900-01-01 17:15:00,7952.5,748760,7953.0,4702,32167,4602,27565,744058
1900-01-01 17:15:15,7963.0,99737,7963.5,363302,65802,22606,43196,-263565
1900-01-01 17:15:30,7960.5,477146,7961.0,893808,25305,16180,9125,-416662
1900-01-01 17:15:45,7954.5,3849,7955.0,535149,724,37332,-36608,-531300
1900-01-01 17:16:00,7954.5,1002323,7955.0,216971,43124,27864,15260,785352
1900-01-01 17:16:15,7954.5,801045,7955.0,156370,110430,92,110338,644675
1900-01-01 17:16:30,7954.5,264483,7955.0,671976,9337,19039,-9702,-407493
1900-01-01 17:16:45,7954.5,895350,7955.0,188813,21159,25974,-4815,706537
1900-01-01 17:17:00,7954.5,459254,7955.0,639868,27554,14202,13352,-180614
1900-01-01 17:17:15,7954.5,1184779,7955.0,82428,85838,12854,72984,1102351
1900-01-01 17:17:30,7958.0,1301392,7958.5,46,27237,280,26957,1301346
1900-01-01 17:17:45,7959.5,684582,7960.0,592566,20524,31030,-10506,92016
1900-01-01 17:18:00,7959.5,1293653,7960.0,279771,12794,6420,6374,1013882
1900-01-01 17:18:15,7962.5,624817,7963.0,694671,57720,6562,51158,-69854
1900-01-01 17:18:30,7962.5,529438,7963.0,530369,23402,10000,13402,-931
1900-01-01 17:18:45,7962.5,547953,7963.0,557726,1530537,7810,1522727,-9773
1900-01-01 17:19:00,7962.5,819266,7963.0,320766,161938,141998,19940,498500
1900-01-01 17:19:15,7957.5,5198,7958.0,807775,161938,76883,85055,-802577
1900-01-01 17:19:30,7957.5,1998807,7958.0,428,174577,78119,96458,1998379
1900-01-01 17:19:45,7959.0,582820,7959.5,182583,23331,17883,5448,400237
1900-01-01 17:20:00,7963.0,298827,7963.5,202906,13223,12640,583,95921
1900-01-01 17:20:15,7963.5,756942,7964.0,83189,304594,10601,293993,673753
1900-01-01 17:20:30,7963.5,880247,7964.0,43737,75102,13400,61702,836510
1900-01-01 17:20:45,7964.5,949832,7965.0,419511,67951,6016,61935,530321
1900-01-01 17:21:00,7964.5,654482,7965.0,566728,94777,3860,90917,87754
1900-01-01 17:21:15,7964.5,284192,7965.0,717149,53252,108400,-55148,-432957
1900-01-01 17:21:30,7964.5,791048,7965.0,721191,41650,96725,-55075,69857
1900-01-01 17:21:45,7968.0,719378,7968.5,10302,31175,10704,20471,709076
1900-01-01 17:22:00,7976.5,597693,7977.0,648522,342828,7430,335398,-50829
1900-01-01 17:22:15,7972.0,770108,7972.5,261056,361446,245067,116379,509052
1900-01-01 17:22:30,7974.5,752826,7975.0,658,1337602,103198,1234404,752168
1900-01-01 17:22:45,7979.5,43840,7980.0,546461,222557,20070,202487,-502621
1900-01-01 17:23:00,7979.5,94116,7980.0,747473,152540,178932,-26392,-653357
1900-01-01 17:23:15,7977.0,1170192,7977.5,292396,8590,46187,-37597,877796
1900-01-01 17:23:30,7977.0,1209044,7977.5,156831,19001,788,18213,1052213
1900-01-01 17:32:15,7990.5,436742,7991.0,212151,8400,18042,-9642,224591
1900-01-01 17:32:30,7990.5,184145,7991.0,664211,16561,74716,-58155,-480066
1900-01-01 17:32:45,7988.5,85786,7989.0,353191,1109,160595,-159486,-267405
1900-01-01 17:33:00,7988.0,42761,7988.5,404739,25546,500606,-475060,-361978
1900-01-01 17:33:15,7988.0,938338,7988.5,931582,8234,211502,-203268,6756
1900-01-01 17:33:30,7988.0,162172,7988.5,987387,18294,421000,-402706,-825215
1900-01-01 17:33:45,7988.0,203700,7988.5,1678250,11492,370253,-358761,-1474550
1900-01-01 17:34:00,7986.5,445995,7987.0,922100,11712,353208,-341496,-476105
1900-01-01 17:34:15,7986.5,222439,7987.0,1097333,40,294415,-294375,-874894
1900-01-01 17:34:30,7985.5,26352,7986.0,790153,105886,649292,-543406,-763801
1900-01-01 17:34:45,7983.0,723381,7983.5,511914,47664,160071,-112407,211467
1900-01-01 17:35:00,7984.0,1277619,7984.5,22187,9390,77383,-67993,1255432
1900-01-01 17:35:15,7990.5,1037772,7991.0,4772,103063,40746,62317,1033000
1900-01-01 17:35:30,7994.5,855646,7995.0,24669,204498,59156,145342,830977
1900-01-01 17:35:45,7995.0,586305,7995.5,2131,115937,27760,88177,584174
1900-01-01 17:36:00,7997.5,370977,7998.0,386575,194610,181004,13606,-15598
1900-01-01 17:36:15,7997.5,525333,7998.0,681504,24547,24859,-312,-156171
1900-01-01 17:36:30,7997.5,920809,7998.0,274478,53089,122492,-69403,646331
1900-01-01 17:36:45,8006.5,38212,8007.0,181098,395033,54332,340701,-142886
1900-01-01 17:37:00,8007.5,589491,8008.0,259601,794917,291770,503147,329890
1900-01-01 17:37:15,8012.5,478037,8013.0,300244,892007,175307,716700,177793
1900-01-01 17:37:30,8010.0,554942,8010.5,59929,405351,253981,151370,495013
1900-01-01 17:37:45,8010.0,248207,8010.5,337971,58440,47257,11183,-89764
1900-01-01 17:38:00,8010.0,541369,8010.5,205513,128311,81972,46339,335856
1900-01-01 17:38:15,8015.0,20305,8015.5,238,392301,95482,296819,20067
1900-01-01 17:38:30,8019.5,1488925,8020.0,925441,1957406,29623,1927783,563484
1900-01-01 17:38:45,8013.0,18283,8013.5,1233727,511762,351841,159921,-1215444
1900-01-01 17:39:00,8013.5,1159968,8014.0,51764,302639,478838,-176199,1108204
1900-01-01 17:39:15,8016.5,902063,8017.0,172971,257591,64498,193093,729092
1900-01-01 17:39:30,8018.5,227283,8019.0,725260,289298,79662,209636,-497977
1900-01-01 17:39:45,8018.5,208417,8019.0,616409,240853,177252,63601,-407992
1900-01-01 17:40:00,8018.5,74408,8019.0,947751,546916,223787,323129,-873343
1900-01-01 17:40:15,8017.5,822783,8018.0,701675,140012,193386,-53374,121108
1900-01-01 17:40:30,8017.5,511959,8018.0,295644,92152,163880,-71728,216315
1900-01-01 17:40:45,8017.5,268790,8018.0,1030545,17066,220161,-203095,-761755
1900-01-01 17:41:00,8017.5,190286,8018.0,1675594,57614,140843,-83229,-1485308
1900-01-01 17:41:15,8016.5,116482,8017.0,1054117,11302,272883,-261581,-937635
1900-01-01 17:41:30,8015.5,812085,8016.0,395517,22926,172937,-150011,416568
1900-01-01 17:41:45,8015.5,889953,8016.0,349612,50355,1066518,-1016163,540341
1900-01-01 17:42:00,8015.5,559867,8016.0,914856,39447,331066,-291619,-354989
1900-01-01 17:42:15,8015.5,811180,8016.0,807636,12943,259375,-246432,3544
1900-01-01 17:42:30,8015.5,1142612,8016.0,2117961,2407,248222,-245815,-975349
1900-01-01 17:42:45,8014.5,1152338,8015.0,558517,69901,167264,-97363,593821
1900-01-01 17:43:00,8014.5,1056258,8015.0,644249,19774,385396,-365622,412009
1900-01-01 17:43:15,8014.5,682715,8015.0,1745465,15116,95254,-80138,-1062750
1900-01-01 17:43:30,8014.5,1023780,8015.0,1725825,348280,174150,174130,-702045
1900-01-01 17:43:45,8014.5,735702,8015.0,1667192,50083,29280,20803,-931490
1900-01-01 17:44:00,8014.5,87924,8015.0,943179,14407,581894,-567487,-855255
1900-01-01 17:44:15,8001.0,4255,8001.5,417683,77468,1311268,-1233800,-413428
1900-01-01 17:44:30,7979.0,402373,7979.5,56394,94086,1701603,-1607517,345979
1900-01-01 17:44:45,7982.5,640092,7983.0,128465,308056,252926,55130,511627
1900-01-01 17:45:00,7995.0,30106,7995.5,48111,231245,14884,216361,-18005
1900-01-01 17:45:15,7998.5,643204,7999.0,640335,974804,313686,661118,2869
1900-01-01 17:45:30,7989.5,342272,7990.0,3248750,702211,93608,608603,-2906478
1900-01-01 17:45:45,7983.5,3607,7984.0,1096745,87332,309428,-222096,-1093138
1900-01-01 17:46:00,7978.0,622937,7978.5,272723,228912,217217,11695,350214
1900-01-01 17:46:15,7993.5,596894,7994.0,16218,371425,114781,256644,580676
1900-01-01 17:46:30,7990.5,104921,7991.0,633956,179869,201231,-21362,-529035
1900-01-01 17:46:45,7989.5,385749,7990.0,138398,73460,59412,14048,247351
1900-01-01 17:47:00,7988.0,128870,7988.5,696476,203346,90526,112820,-567606
1900-01-01 17:47:15,7987.5,91180,7988.0,608687,39350,59771,-20421,-517507
1900-01-01 17:47:30,7989.0,154421,7989.5,498299,27755,111297,-83542,-343878
1900-01-01 17:47:45,7988.0,589612,7988.5,638978,39482,78380,-38898,-49366
1900-01-01 17:48:00,7989.0,1053318,7989.5,8927,22295,6490,15805,1044391
1900-01-01 17:48:15,7989.5,911680,7990.0,159062,237191,13322,223869,752618
1900-01-01 17:48:30,7990.0,130594,7990.5,626296,203182,92612,110570,-495702
1900-01-01 17:48:45,7975.5,864104,7976.0,87939,49214,210254,-161040,776165
1900-01-01 17:49:00,7979.0,105948,7979.5,667896,125148,107324,17824,-561948
1900-01-01 17:49:15,7979.0,593430,7979.5,362595,50676,88411,-37735,230835
1900-01-01 17:49:30,7979.0,715937,7979.5,379076,31456,13391,18065,336861
1900-01-01 17:49:45,7979.0,107901,7979.5,1181563,144298,60553,83745,-1073662
1900-01-01 17:50:00,7978.0,317867,7978.5,600300,802,138854,-138052,-282433
1900-01-01 17:50:15,7974.0,496615,7974.5,30,21675,45860,-24185,496585
1900-01-01 17:50:30,7979.0,317149,7979.5,321533,116164,115915,249,-4384
1900-01-01 17:50:45,7979.0,194769,7979.5,616194,19776,51783,-32007,-421425
1900-01-01 17:51:00,7977.5,6708,7978.0,864061,2200,136462,-134262,-857353
1900-01-01 17:51:15,7972.5,197550,7973.0,603113,13224,208913,-195689,-405563
1900-01-01 17:51:30,7968.5,16424,7969.0,2656936,82218,552506,-470288,-2640512
1900-01-01 17:51:45,7962.0,275,7962.5,5000,41226,395384,-354158,-4725
1900-01-01 17:52:00,7973.0,212692,7973.5,515663,331438,116373,215065,-302971
1900-01-01 17:52:15,7949.5,832070,7950.0,690907,1322910,938027,384883,141163
1900-01-01 17:52:30,7952.5,197428,7953.0,562620,1197319,98622,1098697,-365192
1900-01-01 17:52:45,7944.0,14000,7944.5,145065,280729,1319384,-1038655,-131065
1900-01-01 17:53:00,7949.5,111232,7950.0,82435,376450,83284,293166,28797
1900-01-01 17:53:15,7953.0,529642,7953.5,254590,584486,36516,547970,275052
1900-01-01 17:53:30,7953.0,851656,7953.5,121240,242842,189189,53653,730416
1900-01-01 17:53:45,7953.5,126262,7954.0,697336,61445,110322,-48877,-571074
1900-01-01 17:54:00,7955.0,442430,7955.5,532523,81555,6400,75155,-90093
1900-01-01 17:54:15,7955.0,928727,7955.5,21935,128098,163268,-35170,906792
1900-01-01 17:54:30,7964.5,499917,7965.0,19803,240297,600,239697,480114
1900-01-01 17:54:45,7974.5,413250,7975.0,886356,311668,14532,297136,-473106
1900-01-01 17:55:00,7976.5,666955,7977.0,287792,153918,22776,131142,379163
1900-01-01 17:55:15,7975.0,47400,7975.5,680412,186009,352247,-166238,-633012
1900-01-01 17:55:30,7969.5,937419,7970.0,263972,18100,278142,-260042,673447
1900-01-01 17:55:45,7979.5,879668,7980.0,258315,72404,41520,30884,621353
1900-01-01 17:56:00,7973.0,368198,7973.5,1186219,224201,74998,149203,-818021
1900-01-01 17:56:15,7974.0,209708,7974.5,893012,36158,91909,-55751,-683304
1900-01-01 17:56:30,7974.5,714679,7975.0,227405,58001,47886,10115,487274
1900-01-01 17:56:45,7974.5,627172,7975.0,225086,124290,48006,76284,402086
1900-01-01 17:57:00,7977.0,812542,7977.5,9912,69293,7012,62281,802630
1900-01-01 17:57:15,7983.0,251049,7983.5,560819,210524,5328,205196,-309770
1900-01-01 17:57:30,7982.0,112720,7982.5,519262,130596,427660,-297064,-406542
1900-01-01 17:57:45,7982.0,558583,7982.5,582374,273448,1101,272347,-23791
1900-01-01 17:58:00,7982.0,585954,7982.5,170728,237728,54214,183514,415226
1900-01-01 17:58:15,7982.0,1055467,7982.5,324081,212347,21770,190577,731386
1900-01-01 17:58:30,7982.0,1179879,7982.5,230803,5016,4810,206,949076
1900-01-01 17:58:45,7983.0,915758,7983.5,51770,328483,11964,316519,863988
1900-01-01 17:59:00,7984.0,429680,7984.5,513127,80548,19658,60890,-83447
1900-01-01 17:59:15,7984.0,953167,7984.5,20054,177620,478,177142,933113
1900-01-01 17:59:30,7984.5,1053739,7985.0,112476,22823,1410,21413,941263
1900-01-01 17:59:45,7984.5,961571,7985.0,108165,10031,22342,-12311,853406
1900-01-01 18:00:00,7984.5,811536,7985.0,214477,26751,8675,18076,597059
1900-01-01 18:00:15,7984.5,57000,7985.0,1363997,62028,305843,-243815,-1306997
1900-01-01 18:00:30,7976.0,10890,7976.5,453960,16387,317317,-300930,-443070
1900-01-01 18:00:45,7976.0,36550,7976.5,1334451,13504,378598,-365094,-1297901
1900-01-01 18:01:00,7975.5,64465,7976.0,1166504,26626,48263,-21637,-1102039
1900-01-01 18:01:15,7975.5,87383,7976.0,897323,33446,65059,-31613,-809940
1900-01-01 18:01:30,7975.5,33630,7976.0,908663,4660,19735,-15075,-875033
1900-01-01 18:01:45,7975.5,436753,7976.0,686472,36202,8554,27648,-249719
1900-01-01 18:02:00,7975.5,855199,7976.0,148488,31772,13564,18208,706711
1900-01-01 18:02:15,7975.5,73835,7976.0,829941,6060,72244,-66184,-756106
1900-01-01 18:02:30,7975.0,589188,7975.5,1221876,26476,106342,-79866,-632688
1900-01-01 18:02:45,7973.0,108777,7973.5,1523094,9478,1037987,-1028509,-1414317
1900-01-01 18:03:00,7962.5,463702,7963.0,36,84015,133486,-49471,463666
1900-01-01 18:03:15,7965.5,732586,7966.0,376535,79894,5238,74656,356051
1900-01-01 18:03:30,7965.5,273980,7966.0,516168,90946,49410,41536,-242188
1900-01-01 18:03:45,7967.0,438562,7967.5,1633,433371,27026,406345,436929
1900-01-01 18:04:00,7975.0,56133,7975.5,889933,126638,54614,72024,-833800
1900-01-01 18:04:15,7970.5,424359,7971.0,586955,4176,46001,-41825,-162596
1900-01-01 18:04:30,7970.5,685590,7971.0,359792,2600,95485,-92885,325798
1900-01-01 18:04:45,7970.5,807450,7971.0,7904,396520,159688,236832,799546
1900-01-01 18:05:00,7975.5,28401,7976.0,660655,1380938,49554,1331384,-632254
1900-01-01 18:05:15,7976.5,629057,7977.0,340460,142407,6858,135549,288597
1900-01-01 18:05:30,7977.5,1227080,7978.0,1801,24200,1718,22482,1225279
1900-01-01 18:05:45,7980.5,1430991,7981.0,24923,55967,6060,49907,1406068
1900-01-01 18:06:00,7981.5,465807,7982.0,619191,30854,6034,24820,-153384
1900-01-01 18:06:15,7981.5,626025,7982.0,409587,25129,7129,18000,216438
1900-01-01 18:06:30,7982.0,1223464,7982.5,25699,390568,1214,389354,1197765
1900-01-01 18:06:45,7983.5,933622,7984.0,23692,354780,7775,347005,909930
1900-01-01 18:07:00,7984.0,1019835,7984.5,53203,48253,28818,19435,966632
1900-01-01 18:07:15,7984.0,397418,7984.5,347968,18240,8258,9982,49450
1900-01-01 18:07:30,7984.0,478962,7984.5,376781,7622,50277,-42655,102181
1900-01-01 18:07:45,7984.0,355071,7984.5,236548,15380,22370,-6990,118523
1900-01-01 18:08:00,7984.0,286438,7984.5,330374,5114,9051,-3937,-43936
1900-01-01 18:08:15,7984.0,334422,7984.5,342349,2006,12690,-10684,-7927
1900-01-01 18:08:30,7984.0,1161784,7984.5,186812,20503,7216,13287,974972
1900-01-01 18:08:45,7984.0,950202,7984.5,122700,123977,11400,112577,827502
1900-01-01 18:09:00,7984.5,302870,7985.0,855726,58903,11190,47713,-552856
1900-01-01 18:09:15,7983.5,12831,7984.0,599089,23406,49617,-26211,-586258
1900-01-01 18:09:30,7981.5,451397,7982.0,438584,8600,13548,-4948,12813
1900-01-01 18:09:45,7981.5,12182,7982.0,362139,6400,17729,-11329,-349957
1900-01-01 18:10:00,7981.5,949420,7982.0,520380,1021,61492,-60471,429040
1900-01-01 18:10:15,7981.5,1060493,7982.0,409824,40286,92422,-52136,650669
1900-01-01 18:10:30,7981.5,866577,7982.0,417163,16000,12516,3484,449414
1900-01-01 18:10:45,7981.5,951175,7982.0,241963,98148,4164,93984,709212
1900-01-01 18:11:00,7981.5,1128519,7982.0,275726,20518,82,20436,852793
1900-01-01 18:11:15,7981.5,142432,7982.0,367763,46385,5703,40682,-225331
1900-01-01 18:11:30,7981.5,6918,7982.0,466842,81200,211117,-129917,-459924
1900-01-01 18:11:45,7977.0,4062527,7977.5,227464,9437,141648,-132211,3835063
1900-01-01 18:12:00,7977.0,4261141,7977.5,379409,29589,24478,5111,3881732
1900-01-01 18:12:15,7977.0,4305538,7977.5,366215,20729,40470,-19741,3939323
1900-01-01 18:12:30,7977.0,4820829,7977.5,302,126236,4,126232,4820527
1900-01-01 18:12:45,7984.5,276388,7985.0,288133,108067,4028,104039,-11745
1900-01-01 18:13:00,7989.5,799483,7990.0,136341,173502,29078,144424,663142
1900-01-01 18:13:15,7990.0,1192273,7990.5,60604,548026,32475,515551,1131669
1900-01-01 18:13:30,7991.5,290075,7992.0,647289,51012,26368,24644,-357214
1900-01-01 18:13:45,7990.0,7989,7990.5,503734,43848,293900,-250052,-495745
1900-01-01 18:14:00,7989.0,157941,7989.5,978175,111541,40514,71027,-820234
1900-01-01 18:14:15,7988.0,13077,7988.5,680957,4004,156878,-152874,-667880
1900-01-01 18:14:30,7985.5,41053,7986.0,485747,102528,20361,82167,-444694
1900-01-01 18:14:45,7985.0,28154,7985.5,693110,6402,15491,-9089,-664956
1900-01-01 18:15:00,7985.0,261411,7985.5,642978,13612,18288,-4676,-381567
1900-01-01 18:15:15,7985.0,231599,7985.5,644483,123200,52855,70345,-412884
1900-01-01 18:15:30,7985.0,11948,7985.5,837749,11374,84574,-73200,-825801
1900-01-01 18:15:45,7983.0,998205,7983.5,236307,273216,20517,252699,761898
1900-01-01 18:16:00,7983.0,761682,7983.5,631109,6100,14015,-7915,130573
1900-01-01 18:16:15,7983.0,1738939,7983.5,315479,20712,26003,-5291,1423460
1900-01-01 18:16:30,7983.5,1017573,7984.0,230562,141601,505085,-363484,787011
1900-01-01 18:16:45,7983.5,969582,7984.0,241088,155899,8750,147149,728494
1900-01-01 18:17:00,7983.5,5729440,7984.0,376254,1500,102,1398,5353186
1900-01-01 18:17:15,7983.5,239320,7984.0,826048,30407,19275,11132,-586728
1900-01-01 18:17:30,7978.5,17724,7979.0,1654481,752,152042,-151290,-1636757
1900-01-01 18:17:45,7972.0,40295,7972.5,843133,43812,258487,-214675,-802838
1900-01-01 18:18:00,7972.0,559708,7972.5,347509,10986,38738,-27752,212199
1900-01-01 18:18:15,7974.5,432876,7975.0,22392,29558,13181,16377,410484
1900-01-01 18:18:30,7976.5,1209145,7977.0,42780,63108,4074,59034,1166365
1900-01-01 18:18:45,7976.5,1269941,7977.0,130728,67889,5501,62388,1139213
1900-01-01 18:19:00,7976.5,6316908,7977.0,105742,150540,3400,147140,6211166
1900-01-01 18:19:15,7976.5,1366582,7977.0,86804,21289,2000,19289,1279778
1900-01-01 18:19:30,7976.5,1178942,7977.0,58769,9125,404,8721,1120173
1900-01-01 18:19:45,7976.5,446697,7977.0,396031,22711,6582,16129,50666
1900-01-01 18:20:00,7976.5,677270,7977.0,471699,202455,15216,187239,205571
1900-01-01 18:20:15,7977.0,683213,7980.0,21751,99740,9489,90251,661462
1900-01-01 18:20:30,7986.0,429069,7986.5,117783,80316,946,79370,311286
1900-01-01 18:20:45,7987.5,647788,7988.0,44874,123701,1462,122239,602914
1900-01-01 18:21:00,7987.5,344110,7988.0,601408,23676,133602,-109926,-257298
1900-01-01 18:21:15,7986.5,572573,7987.0,104995,399753,32858,366895,467578
1900-01-01 18:21:30,7986.5,27529,7987.0,795816,13715,14274,-559,-768287
1900-01-01 18:21:45,7986.5,115231,7987.0,814667,16691,21783,-5092,-699436
1900-01-01 18:22:00,7986.0,14265,7986.5,920039,8288,33200,-24912,-905774
1900-01-01 18:22:15,7985.0,44248,7985.5,894468,33608,14243,19365,-850220
1900-01-01 18:22:30,7985.0,902320,7985.5,385986,92350,19692,72658,516334
1900-01-01 18:22:45,7985.0,83302,7985.5,846064,4386,101851,-97465,-762762
1900-01-01 18:23:00,7985.0,530283,7985.5,536243,4386,4000,386,-5960
1900-01-01 18:23:15,7985.0,21469,7985.5,641341,11202,95411,-84209,-619872
1900-01-01 18:23:30,7984.0,4028,7984.5,680914,202,9173,-8971,-676886
1900-01-01 18:23:45,7984.0,128737,7984.5,850260,5802,24836,-19034,-721523
1900-01-01 18:24:00,7984.0,80810,7984.5,1064328,422,65877,-65455,-983518
1900-01-01 18:24:15,7984.0,66957,7984.5,1090509,20,30922,-30902,-1023552
1900-01-01 18:24:30,7984.0,87544,7984.5,1009076,20,7000,-6980,-921532
1900-01-01 18:24:45,7983.5,20571,7984.0,1183375,1020,26186,-25166,-1162804
1900-01-01 18:25:00,7976.0,828821,7976.5,744705,47344,172075,-124731,84116
1900-01-01 18:25:15,7976.0,29753,7976.5,910415,16960,38296,-21336,-880662
1900-01-01 18:25:30,7976.0,747585,7976.5,737668,12588,26004,-13416,9917
1900-01-01 18:25:45,7976.0,555984,7976.5,811786,31038,6796,24242,-255802
1900-01-01 18:26:00,7976.0,820896,7976.5,769911,61378,5558,55820,50985
1900-01-01 18:26:15,7976.0,508794,7976.5,923365,5164,94626,-89462,-414571
1900-01-01 18:26:30,7975.0,211406,7975.5,765591,5164,76709,-71545,-554185
1900-01-01 18:26:45,7975.0,75447,7975.5,964585,174,322645,-322471,-889138
1900-01-01 18:27:00,7972.0,71063,7972.5,526609,17522,180913,-163391,-455546
1900-01-01 18:27:15,7970.5,799500,7971.0,372113,363189,132648,230541,427387
1900-01-01 18:27:30,7970.5,1080693,7971.0,207273,21283,20200,1083,873420
1900-01-01 18:27:45,7971.0,935936,7971.5,94,31689,11204,20485,935842
1900-01-01 18:28:00,7973.5,922278,7974.0,75227,272957,824,272133,847051
1900-01-01 18:28:15,7975.5,913878,7976.0,103307,213154,17080,196074,810571
1900-01-01 18:28:30,7975.5,421299,7976.0,361296,21575,17080,4495,60003
1900-01-01 18:28:45,7974.0,1861,7974.5,695713,147889,18702,129187,-693852
1900-01-01 18:29:00,7973.5,613510,7974.0,556285,12850,17395,-4545,57225
1900-01-01 18:29:15,7973.5,786299,7974.0,378166,850,17395,-16545,408133
1900-01-01 18:29:30,7973.5,772860,7974.0,211091,141701,600,141101,561769
1900-01-01 18:29:45,7975.0,860004,7975.5,149619,57169,93,57076,710385
1900-01-01 18:30:00,7975.0,474741,7975.5,357665,2548,53350,-50802,117076
1900-01-01 18:30:15,7975.0,696511,7975.5,258964,9635,27504,-17869,437547
1900-01-01 18:30:30,7975.0,464357,7975.5,759417,7400,14,7386,-295060
1900-01-01 18:30:45,7975.0,766540,7975.5,741722,8308,878,7430,24818
1900-01-01 18:31:00,7975.0,870404,7975.5,383519,85087,3600,81487,486885
1900-01-01 18:31:15,7975.0,1258697,7975.5,66954,24529,2184,22345,1191743
1900-01-01 18:31:30,7976.0,1034002,7976.5,11445,75118,11328,63790,1022557
1900-01-01 18:31:45,7976.5,863694,7977.0,56237,10781,18010,-7229,807457
1900-01-01 18:32:00,7976.5,616535,7977.0,69229,52962,49570,3392,547306
1900-01-01 18:32:15,7976.5,657638,7977.0,96001,8188,474,7714,561637
1900-01-01 18:32:30,7977.0,623070,7977.5,89487,15490,474,15016,533583
1900-01-01 18:32:45,7977.0,612338,7977.5,93530,65910,1110,64800,518808
1900-01-01 18:33:00,7978.5,1003519,7979.0,105157,34633,20,34613,898362
1900-01-01 18:33:15,7978.5,1171737,7979.0,173289,95081,20,95061,998448
1900-01-01 18:33:30,7978.5,620850,7979.0,570442,1972,20290,-18318,50408
1900-01-01 18:33:45,7978.5,615933,7979.0,384932,202540,22300,180240,231001
1900-01-01 18:34:00,7978.5,746612,7979.0,348142,1000,2,998,398470
1900-01-01 18:34:15,7978.5,368303,7979.0,570181,8399,2,8397,-201878
1900-01-01 18:34:30,7978.5,447825,7979.0,545550,42128,132,41996,-97725
1900-01-01 18:34:45,7978.5,442759,7979.0,585476,664,21467,-20803,-142717
1900-01-01 18:35:00,7978.5,596767,7979.0,520449,100777,7000,93777,76318
1900-01-01 18:35:15,7978.5,1180824,7979.0,177856,181911,1942,179969,1002968
1900-01-01 18:35:30,7978.5,1217741,7979.0,172506,13554,3140,10414,1045235
1900-01-01 18:35:45,7978.5,1397328,7979.0,40850,51129,1620,49509,1356478
1900-01-01 18:36:00,7978.5,852427,7979.0,604993,9657,3444,6213,247434
1900-01-01 18:36:15,7978.5,1368532,7979.0,32767,39571,3444,36127,1335765
1900-01-01 18:36:30,7979.5,1241647,7980.0,262198,109869,222,109647,979449
1900-01-01 18:36:45,7979.5,1260104,7980.0,209387,28821,42014,-13193,1050717
1900-01-01 18:37:00,7984.5,795521,7985.0,197160,332808,10502,322306,598361
1900-01-01 18:37:15,7984.5,1152065,7985.0,86112,105011,40,104971,1065953
1900-01-01 18:37:30,7988.5,660274,7989.0,1327,120864,79733,41131,658947
1900-01-01 18:37:45,7993.5,659535,7994.0,715363,223812,15482,208330,-55828
1900-01-01 18:38:00,7993.5,603687,7994.0,785223,90000,60300,29700,-181536
1900-01-01 18:38:15,7993.0,14413,7993.5,1485206,2050,179714,-177664,-1470793
1900-01-01 18:38:30,7988.5,24285,7989.0,1446258,22228,103964,-81736,-1421973
1900-01-01 18:38:45,7988.0,8026,7988.5,1288796,5942,21711,-15769,-1280770
1900-01-01 18:39:00,7987.0,460840,7987.5,650846,4767,11700,-6933,-190006
1900-01-01 18:39:15,7987.0,794615,7987.5,140397,32655,7356,25299,654218
1900-01-01 18:39:30,7987.5,1134657,7988.0,5380,141206,8272,132934,1129277
1900-01-01 18:39:45,7987.5,942835,7988.0,931312,144808,20000,124808,11523
1900-01-01 18:40:00,7987.5,1306403,7988.0,922808,9863,2344,7519,383595
1900-01-01 18:40:15,7987.5,1277809,7988.0,913753,29550,1404,28146,364056
1900-01-01 18:40:30,7987.5,1274783,7988.0,822789,148803,2692,146111,451994
1900-01-01 18:40:45,7987.5,1326870,7988.0,827919,52470,400,52070,498951
1900-01-01 18:41:00,7987.5,1296606,7988.0,792752,12304,3700,8604,503854
1900-01-01 18:41:15,7987.5,1354022,7988.0,691797,155447,4000,151447,662225
1900-01-01 18:41:30,7987.5,1509621,7988.0,107659,157824,2452,155372,1401962
1900-01-01 18:41:45,7991.0,1040117,7991.5,44523,56117,16200,39917,995594
1900-01-01 18:42:00,7994.0,374496,7994.5,1073437,51648,26848,24800,-698941
1900-01-01 18:42:15,7994.0,801352,7994.5,843448,111746,121470,-9724,-42096
1900-01-01 18:42:30,7994.0,786903,7994.5,769433,69052,32900,36152,17470
1900-01-01 18:42:45,7994.0,242063,7994.5,1206739,3066,59113,-56047,-964676
1900-01-01 18:43:00,7994.0,687850,7994.5,850982,4320,19708,-15388,-163132
1900-01-01 18:43:15,7994.0,852893,7994.5,679887,129556,6000,123556,173006
1900-01-01 18:43:30,7994.0,559031,7994.5,958668,52176,10427,41749,-399637
1900-01-01 18:43:45,7994.0,925983,7994.5,725644,136802,9326,127476,200339
1900-01-01 18:44:00,7994.0,1130465,7994.5,682053,27547,25972,1575,448412
1900-01-01 18:44:15,7988.5,46887,7989.0,700918,49650,599203,-549553,-654031
1900-01-01 18:44:30,7988.5,31218,7989.0,1024134,1708,37157,-35449,-992916
1900-01-01 18:44:45,7987.0,48678,7987.5,501389,21064,124062,-102998,-452711
1900-01-01 18:45:00,7980.5,58668,7981.0,460579,13972,44603,-30631,-401911
1900-01-01 18:45:15,7980.5,451357,7981.0,591439,27032,84110,-57078,-140082
1900-01-01 18:45:30,7980.5,174629,7981.0,561757,67182,60670,6512,-387128
1900-01-01 18:45:45,7980.5,1124844,7981.0,433681,74840,20411,54429,691163
1900-01-01 18:46:00,7980.5,1267076,7981.0,218870,60168,81358,-21190,1048206
1900-01-01 18:46:15,7981.0,1245763,7981.5,19091,384816,45071,339745,1226672
1900-01-01 18:46:30,7986.0,317210,7986.5,221716,48375,100,48275,95494
1900-01-01 18:46:45,7987.0,1633260,7987.5,16794,38513,4200,34313,1616466
1900-01-01 18:47:00,7988.0,313250,7988.5,441482,21238,11656,9582,-128232
1900-01-01 18:47:15,7984.0,1282035,7984.5,15962,94651,20502,74149,1266073
1900-01-01 18:47:30,7984.0,25870,7984.5,371835,7575,11868,-4293,-345965
1900-01-01 18:47:45,7984.0,140154,7984.5,482506,1195,26196,-25001,-342352
1900-01-01 18:48:00,7984.0,167342,7984.5,482752,1195,41482,-40287,-315410
1900-01-01 18:48:15,7984.0,432996,7984.5,461977,4396,42020,-37624,-28981
1900-01-01 18:48:30,7984.0,1314970,7984.5,68214,109525,2580,106945,1246756
1900-01-01 18:48:45,7985.5,558179,7986.0,56542,49975,122954,-72979,501637
1900-01-01 18:49:00,7985.5,189342,7986.0,593162,10336,1338,8998,-403820
1900-01-01 18:49:15,7985.5,135422,7986.0,706398,2800,568,2232,-570976
1900-01-01 18:49:30,7985.5,130881,7986.0,664587,57739,3377,54362,-533706
1900-01-01 18:49:45,7985.5,350176,7986.0,562455,6212,2460,3752,-212279
1900-01-01 18:50:00,7987.0,751393,7987.5,51979,61373,5000,56373,699414
1900-01-01 18:50:15,7988.5,286753,7989.0,621332,108077,80,107997,-334579
1900-01-01 18:50:30,7988.5,341220,7989.0,561803,2630,90081,-87451,-220583
1900-01-01 18:50:45,7988.5,212234,7989.0,651011,3460,192413,-188953,-438777
1900-01-01 18:51:00,7988.5,189950,7989.0,653167,200,20259,-20059,-463217
1900-01-01 18:51:15,7988.5,136750,7989.0,774018,1022,48874,-47852,-637268
1900-01-01 18:51:30,7985.0,26976,7985.5,672999,24720,125900,-101180,-646023
1900-01-01 18:51:45,7983.0,52873,7983.5,8753,73105,10272,62833,44120
1900-01-01 18:52:00,7983.5,1127726,7984.0,21716,87073,6852,80221,1106010
1900-01-01 18:52:15,7984.5,1010782,7985.0,9505,18230,23919,-5689,1001277
1900-01-01 18:52:30,7988.5,637391,7989.0,195740,75658,5032,70626,441651
1900-01-01 18:52:45,7988.5,587890,7989.0,153922,99968,53962,46006,433968
1900-01-01 18:53:00,7988.5,963661,7989.0,10701,60155,1600,58555,952960
1900-01-01 18:53:15,7988.5,1034658,7989.0,43404,16034,10358,5676,991254
1900-01-01 18:53:30,7989.0,1487895,7989.5,56509,11800,2400,9400,1431386
1900-01-01 18:53:45,7989.5,1996102,7990.0,624941,417125,4000,413125,1371161
1900-01-01 18:54:00,7989.5,1521093,7990.0,209902,446449,2000,444449,1311191
1900-01-01 18:54:15,7990.0,881287,7990.5,547,186131,878,185253,880740
1900-01-01 18:54:30,7990.5,631830,7991.0,65743,18505,1500,17005,566087
1900-01-01 18:54:45,7991.5,1043421,7992.0,19764,46015,1364,44651,1023657
1900-01-01 18:55:00,7992.0,1383491,7992.5,17309,45354,12906,32448,1366182
1900-01-01 18:55:15,7992.5,946420,7993.0,85083,70562,29140,41422,861337
1900-01-01 18:55:30,7993.0,912909,7993.5,20349,27630,218,27412,892560
1900-01-01 18:55:45,7993.5,934952,7994.0,39663,73296,50,73246,895289
1900-01-01 18:56:00,7993.0,155916,7993.5,629894,21289,1577393,-1556104,-473978
1900-01-01 18:56:15,7986.5,539602,7987.0,320195,26360,265178,-238818,219407
1900-01-01 18:56:30,7989.5,224637,7990.0,54215,42046,30843,11203,170422
1900-01-01 18:56:45,7989.5,112395,7990.0,1134444,2711,5107,-2396,-1022049
1900-01-01 18:57:00,7989.5,20062,7990.0,1033070,79220,24098,55122,-1013008
1900-01-01 18:57:15,7989.0,50537,7989.5,578109,10,6709,-6699,-527572
1900-01-01 18:57:30,7989.0,24259,7989.5,717085,6436,20035,-13599,-692826
1900-01-01 18:57:45,7986.5,12139,7987.0,587872,6414,488250,-481836,-575733
1900-01-01 18:58:00,7985.0,663534,7985.5,191289,18740,198742,-180002,472245
1900-01-01 18:58:15,7985.0,1607279,7985.5,47087,25146,1411,23735,1560192
1900-01-01 18:58:30,7986.0,1232292,7986.5,5597,38128,11354,26774,1226695
1900-01-01 18:58:45,7989.0,1407704,7989.5,8447,34127,14562,19565,1399257
1900-01-01 18:59:00,7990.0,675248,7990.5,61279,18889,450,18439,613969
1900-01-01 18:59:15,7990.0,859731,7990.5,516381,97419,4466,92953,343350
1900-01-01 18:59:30,7990.0,762457,7990.5,460120,340,11395,-11055,302337
1900-01-01 18:59:45,7990.0,662222,7990.5,646596,12012,46071,-34059,15626
1900-01-01 19:00:00,7990.0,747307,7990.5,438065,6018,4000,2018,309242
1900-01-01 19:00:15,7990.0,963027,7990.5,281862,59424,590,58834,681165
1900-01-01 19:00:30,7990.0,1127479,7990.5,111127,77656,2494,75162,1016352
1900-01-01 19:00:45,7992.0,1645264,7992.5,798,36215,510,35705,1644466
1900-01-01 19:01:00,7994.0,568447,7994.5,92029,60724,254,60470,476418
1900-01-01 19:01:15,7994.0,189375,7994.5,704186,7094,64393,-57299,-514811
1900-01-01 19:01:30,7994.0,195418,7994.5,678753,100,10181,-10081,-483335
1900-01-01 19:01:45,7993.0,17448,7993.5,547197,606,60636,-60030,-529749
1900-01-01 19:02:00,7990.5,269804,7991.0,431634,8088,69376,-61288,-161830
1900-01-01 19:02:15,7990.5,87944,7991.0,736688,7674,48113,-40439,-648744
1900-01-01 19:02:30,7990.5,125126,7991.0,741952,400,2315,-1915,-616826
1900-01-01 19:02:45,7990.5,1026862,7991.0,298803,18725,47375,-28650,728059
1900-01-01 19:03:00,7990.5,309734,7991.0,573993,6000,35963,-29963,-264259
1900-01-01 19:03:15,7990.5,989670,7991.0,270248,40002,2000,38002,719422
1900-01-01 19:03:30,7990.5,203416,7991.0,497081,120996,6000,114996,-293665
1900-01-01 19:03:45,7990.5,215124,7991.0,475533,1246,2004,-758,-260409
1900-01-01 19:04:00,7990.5,86293,7991.0,455450,1000,92556,-91556,-369157
1900-01-01 19:04:15,7990.5,707444,7991.0,345680,12562,10370,2192,361764
1900-01-01 19:04:30,7990.5,580737,7991.0,348961,4400,1720,2680,231776
1900-01-01 19:04:45,7991.5,774374,7992.0,722,110929,3205,107724,773652
1900-01-01 19:05:00,7993.5,812854,7994.0,28327,36264,11100,25164,784527
1900-01-01 19:05:15,7994.0,810017,7994.5,317591,172859,74,172785,492426
1900-01-01 19:05:30,7994.0,750682,7994.5,171060,284525,30512,254013,579622
1900-01-01 19:05:45,7994.0,737226,7994.5,121048,23800,32,23768,616178
1900-01-01 19:06:00,7994.0,1101102,7994.5,156991,3061,1776,1285,944111
1900-01-01 19:06:15,7999.5,1338050,8000.0,134486,326768,61086,265682,1203564
1900-01-01 19:06:30,8004.5,232579,8006.0,4,384014,212502,171512,232575
1900-01-01 19:06:45,8017.0,137693,8017.5,335415,358605,69880,288725,-197722
1900-01-01 19:07:00,8005.5,314692,8006.0,307974,106685,188897,-82212,6718
1900-01-01 19:07:15,8009.0,69515,8009.5,227285,82200,266636,-184436,-157770
1900-01-01 19:07:30,8009.0,72990,8009.5,253806,147309,51094,96215,-180816
1900-01-01 19:07:45,8008.5,91,8009.0,326918,44187,52109,-7922,-326827
1900-01-01 19:08:00,8008.5,106327,8009.0,365710,25980,325226,-299246,-259383
1900-01-01 19:08:15,8008.5,1183303,8009.0,68741,428145,35179,392966,1114562
1900-01-01 19:08:30,8014.5,551907,8015.0,336117,186105,4566,181539,215790
1900-01-01 19:08:45,8014.5,269363,8015.0,845986,158528,25811,132717,-576623
1900-01-01 19:09:00,8012.0,4570,8012.5,379630,8868,299462,-290594,-375060
1900-01-01 19:09:15,8009.5,634982,8010.0,3333,14183,141480,-127297,631649
1900-01-01 19:09:30,8012.5,57127,8013.0,581833,99687,46567,53120,-524706
1900-01-01 19:09:45,8012.0,692,8012.5,761669,18580,27316,-8736,-760977
1900-01-01 19:10:00,8009.5,569960,8010.0,96478,12966,27564,-14598,473482
1900-01-01 19:10:15,8007.0,11648,8007.5,632021,21034,262515,-241481,-620373
1900-01-01 19:10:30,8006.0,3858,8006.5,990223,13024,47464,-34440,-986365
1900-01-01 19:10:45,7996.0,97021,7996.5,85227,5932,234555,-228623,11794
1900-01-01 19:11:00,7990.0,107480,7990.5,602118,228202,316545,-88343,-494638
1900-01-01 19:11:15,7990.0,734913,7990.5,315859,75969,519135,-443166,419054
1900-01-01 19:11:30,7979.5,19787,7980.0,52728,98419,293150,-194731,-32941
1900-01-01 19:11:45,7977.0,582082,7977.5,198644,78361,756363,-678002,383438
1900-01-01 19:12:00,7988.0,373698,7988.5,342547,236606,221476,15130,31151
1900-01-01 19:12:15,7988.0,1212109,7988.5,150849,195814,4246,191568,1061260
1900-01-01 19:12:30,7992.5,666452,7993.0,12173,114201,31932,82269,654279
1900-01-01 19:12:45,7992.5,438450,7993.0,456230,305151,201711,103440,-17780
1900-01-01 19:13:00,7992.5,1206755,7993.0,216873,50432,1824,48608,989882
1900-01-01 19:13:15,7992.5,573775,7993.0,494930,34170,21365,12805,78845
1900-01-01 19:13:30,7990.0,264867,7990.5,649285,11020,229893,-218873,-384418
1900-01-01 19:13:45,7989.5,5180,7990.0,951492,14000,362370,-348370,-946312
1900-01-01 19:14:00,7988.0,615632,7988.5,524875,47144,167119,-119975,90757
1900-01-01 19:14:15,7988.0,810224,7988.5,458263,9486,12988,-3502,351961
1900-01-01 19:14:30,7990.0,268487,7990.5,132936,98442,432,98010,135551
1900-01-01 19:14:45,7990.0,556930,7990.5,272555,75614,7306,68308,284375
1900-01-01 19:15:00,7992.0,325414,7992.5,404276,146097,70624,75473,-78862
1900-01-01 19:15:15,7992.0,241807,7992.5,641453,24948,34917,-9969,-399646
1900-01-01 19:15:30,7992.0,229023,7992.5,1253168,32257,6121,26136,-1024145
1900-01-01 19:15:45,7992.0,159929,7992.5,1372946,3878,52421,-48543,-1213017
1900-01-01 19:16:00,7992.0,183704,7992.5,1199665,215372,36522,178850,-1015961
1900-01-01 19:16:15,7990.0,50000,7990.5,623489,10328,38440,-28112,-573489
1900-01-01 19:16:30,7988.5,26438,7989.0,625149,6300,79848,-73548,-598711
1900-01-01 19:16:45,7985.0,80028,7985.5,1179338,55031,269557,-214526,-1099310
1900-01-01 19:17:00,7985.0,30502,7985.5,610431,5300,82023,-76723,-579929
1900-01-01 19:17:15,7984.5,41089,7985.0,378526,211030,24388,186642,-337437
1900-01-01 19:17:30,7984.5,29855,7985.0,371857,9108,11932,-2824,-342002
1900-01-01 19:17:45,7984.5,621750,7985.0,174651,293463,1158,292305,447099
1900-01-01 19:18:00,7984.5,561863,7985.0,360031,10276,1258,9018,201832
1900-01-01 19:18:15,7984.5,551170,7985.0,360690,2104,2000,104,190480
1900-01-01 19:18:30,7984.5,946729,7985.0,220542,6102,200,5902,726187
1900-01-01 19:18:45,7990.0,2378204,7990.5,952,130479,4012,126467,2377252
1900-01-01 19:19:00,7992.0,822278,7992.5,464998,103467,3528,99939,357280
1900-01-01 19:19:15,7992.0,1403728,7992.5,472709,9142,5932,3210,931019
1900-01-01 19:19:30,7992.0,1600662,7992.5,395357,119842,5266,114576,1205305
1900-01-01 19:19:45,8000.5,770153,8001.0,76943,198036,726,197310,693210
1900-01-01 19:20:00,8005.0,1030445,8005.5,20840,230166,124474,105692,1009605
1900-01-01 19:20:15,8011.0,63255,8011.5,3743,175802,1540,174262,59512
1900-01-01 19:20:30,8011.0,263623,8011.5,314013,182718,92323,90395,-50390
1900-01-01 19:20:45,8009.0,216860,8009.5,365668,18148,194421,-176273,-148808
1900-01-01 19:21:00,8009.0,669141,8009.5,181345,52965,86348,-33383,487796
1900-01-01 19:21:15,8012.5,700167,8013.0,50217,149544,50554,98990,649950
1900-01-01 19:21:30,8012.5,334346,8013.0,522686,24558,22119,2439,-188340
1900-01-01 19:21:45,8012.0,66610,8012.5,655844,32210,50384,-18174,-589234
1900-01-01 19:22:00,8012.0,616357,8012.5,602895,22826,45605,-22779,13462
1900-01-01 19:22:15,8009.5,186559,8010.0,641480,300,103134,-102834,-454921
1900-01-01 19:22:30,8004.5,215458,8005.0,576963,16685,292126,-275441,-361505
1900-01-01 19:22:45,8004.5,748047,8005.0,146099,36892,41067,-4175,601948
1900-01-01 19:23:00,8007.0,451219,8007.5,236590,71531,1701,69830,214629
1900-01-01 19:23:15,8009.5,309576,8010.0,224682,230457,992,229465,84894
1900-01-01 19:23:30,8009.5,657815,8010.0,302967,137308,11102,126206,354848
1900-01-01 19:23:45,8009.5,579449,8010.0,338792,18001,6604,11397,240657
1900-01-01 19:24:00,8012.5,351258,8013.0,61915,164486,5531,158955,289343
1900-01-01 19:24:15,8013.0,89194,8013.5,380092,5152,14498,-9346,-290898
1900-01-01 19:24:30,8013.0,292421,8013.5,246851,10648,3600,7048,45570
1900-01-01 19:24:45,8013.0,588972,8013.5,227597,212040,42,211998,361375
1900-01-01 19:25:00,8013.5,740843,8014.0,291519,20067,507,19560,449324
1900-01-01 19:25:15,8013.5,871112,8014.0,5615,62124,21660,40464,865497
1900-01-01 19:25:30,8014.0,808751,8014.5,61963,89342,15719,73623,746788
1900-01-01 19:25:45,8014.0,671299,8014.5,92180,44408,1438,42970,579119
1900-01-01 19:26:00,8014.0,120654,8014.5,926333,35650,75716,-40066,-805679
1900-01-01 19:26:15,8011.0,210736,8011.5,616477,7602,227143,-219541,-405741
1900-01-01 19:26:30,8011.0,193133,8011.5,654657,100680,337231,-236551,-461524
1900-01-01 19:26:45,8011.0,5867,8011.5,692473,18545,36894,-18349,-686606
1900-01-01 19:27:00,8010.5,4976,8011.0,710780,1086,81719,-80633,-705804
1900-01-01 19:27:15,8010.0,303290,8010.5,564056,45552,38973,6579,-260766
1900-01-01 19:27:30,8010.0,54091,8010.5,596900,5373,38564,-33191,-542809
1900-01-01 19:27:45,8013.0,932843,8013.5,65420,327290,14223,313067,867423
1900-01-01 19:28:00,8016.5,687894,8017.0,6347,165470,3566,161904,681547
1900-01-01 19:28:15,8023.0,932028,8023.5,56097,1611195,37668,1573527,875931
1900-01-01 19:28:30,8038.5,93738,8039.0,132889,2815287,156266,2659021,-39151
1900-01-01 19:28:45,8035.0,753788,8035.5,48797,1410899,147437,1263462,704991
1900-01-01 19:29:00,8067.5,1770254,8080.0,15627,8540844,201446,8339398,1754627
1900-01-01 19:29:15,8094.5,13213,8095.5,13500,2415551,782431,1633120,-287
1900-01-01 19:29:30,8097.0,23074,8097.5,235030,1384928,682167,702761,-211956
1900-01-01 19:29:45,8066.5,31500,8067.0,11255,285358,1583524,-1298166,20245
1900-01-01 19:30:00,8061.0,836600,8061.5,770042,88799,838489,-749690,66558
1900-01-01 19:30:15,8061.0,244421,8061.5,164558,735566,803923,-68357,79863
1900-01-01 19:30:30,8061.5,687944,8062.0,81745,543344,186604,356740,606199
1900-01-01 19:30:45,8049.5,223194,8050.0,2767311,739415,605813,133602,-2544117
1900-01-01 19:31:00,8031.0,623203,8031.5,356423,289682,1283142,-993460,266780
1900-01-01 19:31:15,8040.5,8258,8041.0,295604,456690,243020,213670,-287346
1900-01-01 19:31:30,8039.5,711283,8040.0,73051,192982,437315,-244333,638232
1900-01-01 19:31:45,8043.0,416686,8043.5,1098018,487688,139859,347829,-681332
1900-01-01 19:32:00,8028.5,41191,8029.0,2188710,297884,323068,-25184,-2147519
1900-01-01 19:32:15,8026.5,530955,8027.0,1329462,105133,472102,-366969,-798507
1900-01-01 19:32:30,8032.5,489952,8033.0,47628,1113005,103645,1009360,442324
1900-01-01 19:32:45,8038.5,994596,8039.0,354986,358278,301774,56504,639610
1900-01-01 19:33:00,8032.5,62337,8033.0,434892,549429,220396,329033,-372555
1900-01-01 19:33:15,8032.5,27367,8033.0,1100144,47127,141701,-94574,-1072777
1900-01-01 19:33:30,8033.5,751103,8034.0,4111,38362,43058,-4696,746992
1900-01-01 19:33:45,8036.0,774775,8036.5,348772,129689,3300,126389,426003
1900-01-01 19:34:00,8034.5,10300,8035.0,1013188,23877,116167,-92290,-1002888
1900-01-01 19:34:15,8040.0,832911,8040.5,4824,159618,35391,124227,828087
1900-01-01 19:34:30,8036.0,1535911,8036.5,13792,175260,73464,101796,1522119
1900-01-01 19:34:45,8036.0,253561,8036.5,1663941,29938,1276720,-1246782,-1410380
1900-01-01 19:35:00,8032.0,3224,8032.5,1781023,22482,509757,-487275,-1777799
1900-01-01 19:35:15,8030.5,24079,8031.0,1137235,8736,324945,-316209,-1113156
1900-01-01 19:35:30,8035.5,30394,8036.0,113937,100667,291377,-190710,-83543
1900-01-01 19:35:45,8035.5,2572,8036.0,1632599,42255,34555,7700,-1630027
1900-01-01 19:36:00,8025.5,801964,8026.0,254933,211206,263799,-52593,547031
1900-01-01 19:36:15,8020.0,303478,8020.5,402174,82339,785159,-702820,-98696
1900-01-01 19:36:30,8014.0,2185727,8014.5,64612,78511,686592,-608081,2121115
1900-01-01 19:36:45,8029.5,56740,8030.0,481113,344284,61472,282812,-424373
1900-01-01 19:37:00,8020.5,119621,8021.0,971698,167043,358322,-191279,-852077
1900-01-01 19:37:15,8029.5,368728,8030.0,12842,351554,18806,332748,355886
1900-01-01 19:37:30,8027.5,99619,8028.0,604793,45882,220516,-174634,-505174
1900-01-01 19:37:45,8027.0,39064,8027.5,1674597,193228,30526,162702,-1635533
1900-01-01 19:38:00,8021.0,1815138,8021.5,121518,114617,78802,35815,1693620
1900-01-01 19:38:15,8021.0,234991,8021.5,649950,151684,594759,-443075,-414959
1900-01-01 19:38:30,8021.0,270568,8021.5,764325,49148,55610,-6462,-493757
1900-01-01 19:38:45,8021.0,518898,8021.5,466496,27721,465424,-437703,52402
1900-01-01 19:39:00,8020.0,49375,8020.5,167949,12792,395644,-382852,-118574
1900-01-01 19:39:15,8020.0,380905,8020.5,302841,264068,81935,182133,78064
1900-01-01 19:39:30,8019.0,50751,8019.5,482759,21594,128759,-107165,-432008
1900-01-01 19:39:45,8011.5,70455,8012.0,1343531,34375,483738,-449363,-1273076
1900-01-01 19:40:00,8005.0,61654,8005.5,13673,99900,338943,-239043,47981
1900-01-01 19:40:15,7999.5,32822,8000.0,38279,104339,653521,-549182,-5457
1900-01-01 19:40:30,8004.0,355322,8004.5,254009,362073,93238,268835,101313
1900-01-01 19:40:45,8008.5,369903,8009.0,467438,181164,125312,55852,-97535
1900-01-01 19:41:00,8001.5,338590,8002.0,284719,378841,61468,317373,53871
1900-01-01 19:41:15,7989.0,2561,7989.5,33085,115370,797888,-682518,-30524
1900-01-01 19:41:30,7994.0,2798,7994.5,30750,575879,794693,-218814,-27952
1900-01-01 19:41:45,8006.5,15582,8007.0,1336255,623867,64571,559296,-1320673
1900-01-01 19:42:00,7999.0,210653,7999.5,155961,296943,136871,160072,54692
1900-01-01 19:42:15,7990.5,82874,7991.0,959653,344558,102630,241928,-876779
1900-01-01 19:42:30,7990.5,303464,7991.0,212727,87215,48735,38480,90737
1900-01-01 19:42:45,7990.5,140662,7991.0,736580,82421,20685,61736,-595918
1900-01-01 19:43:00,7989.0,36918,7989.5,909087,60456,170002,-109546,-872169
1900-01-01 19:43:15,7965.0,186339,7965.5,69602,159042,1542390,-1383348,116737
1900-01-01 19:43:30,7955.5,4021,7956.0,56460,1956512,2745226,-788714,-52439
1900-01-01 19:43:45,7997.5,46199,7998.0,691106,1725430,419806,1305624,-644907
1900-01-01 19:44:00,7994.5,62022,7995.0,1625,905995,411413,494582,60397
1900-01-01 19:44:15,7981.5,10000,7985.0,8234,190456,673363,-482907,1766
1900-01-01 19:44:30,7988.0,77835,7988.5,1154561,531464,71064,460400,-1076726
1900-01-01 19:44:45,7980.0,7552,7980.5,436950,89687,35853,53834,-429398
1900-01-01 19:45:00,7977.0,56557,7977.5,4498,118933,493875,-374942,52059
1900-01-01 19:45:15,7977.0,498162,7977.5,373979,93733,263552,-169819,124183
1900-01-01 19:45:30,7977.0,692968,7977.5,334286,31854,128250,-96396,358682
1900-01-01 19:45:45,7965.0,53465,7965.5,722846,179431,298132,-118701,-669381
1900-01-01 19:46:00,7973.5,259291,7974.0,117259,185166,567148,-381982,142032
1900-01-01 19:46:15,7972.5,171675,7973.0,492400,161006,112093,48913,-320725
1900-01-01 19:46:30,7976.5,252842,7977.0,39456,483831,76703,407128,213386
1900-01-01 19:46:45,7977.0,752730,7977.5,43081,228506,62235,166271,709649
1900-01-01 19:47:00,7977.5,516687,7978.0,1389498,924835,107885,816950,-872811
1900-01-01 19:47:15,7969.5,5793,7970.0,773321,168986,279661,-110675,-767528
1900-01-01 19:47:30,7962.5,17626,7963.0,446915,22859,221412,-198553,-429289
1900-01-01 19:47:45,7958.0,305303,7958.5,273009,232789,787163,-554374,32294
1900-01-01 19:48:00,7959.0,28618,7959.5,744925,160867,693271,-532404,-716307
1900-01-01 19:48:15,7959.0,101522,7959.5,136352,40151,181852,-141701,-34830
1900-01-01 19:48:30,7971.0,392585,7971.5,495416,375472,35057,340415,-102831
1900-01-01 19:48:45,7961.5,484523,7962.0,37810,180080,97780,82300,446713
1900-01-01 19:49:00,7965.5,280988,7966.0,682552,85654,21979,63675,-401564
1900-01-01 19:49:15,7962.0,13138,7962.5,245767,43749,41267,2482,-232629
1900-01-01 19:49:30,7959.5,277170,7960.0,19032,55293,45233,10060,258138
1900-01-01 19:49:45,7961.0,137356,7961.5,292521,92604,35869,56735,-155165
1900-01-01 19:50:00,7965.5,133234,7966.0,785692,573355,28139,545216,-652458
1900-01-01 19:50:15,7969.5,407868,7970.0,265490,623498,50004,573494,142378
1900-01-01 19:50:30,7977.0,33700,7977.5,312629,930879,30722,900157,-278929
1900-01-01 19:50:45,7977.0,613768,7977.5,313064,378883,48624,330259,300704
1900-01-01 19:51:00,7979.5,66841,7980.0,390876,827896,40993,786903,-324035
1900-01-01 19:51:15,7979.5,213671,7980.0,856473,317930,12696,305234,-642802
1900-01-01 19:51:30,7971.0,4714,7971.5,26640,19220,201415,-182195,-21926
1900-01-01 19:51:45,7971.0,126003,7971.5,295171,92888,199944,-107056,-169168
1900-01-01 19:52:00,7968.5,610,7969.0,544068,28942,51562,-22620,-543458
1900-01-01 19:52:15,7968.5,315618,7969.0,18648,31523,394350,-362827,296970
1900-01-01 19:52:30,7971.5,1017015,7972.0,58567,266450,510,265940,958448
1900-01-01 19:52:45,7978.5,522051,7979.0,272991,343980,8252,335728,249060
1900-01-01 19:53:00,7978.5,1096645,7979.0,49859,250622,5316,245306,1046786
1900-01-01 19:53:15,7976.0,467,7979.0,1057403,113775,72761,41014,-1056936
1900-01-01 19:53:30,7976.5,301843,7977.0,62543,125519,21193,104326,239300
1900-01-01 19:53:45,7976.5,447404,7977.0,729736,15924,12838,3086,-282332
1900-01-01 19:54:00,7977.0,774038,7977.5,290357,103916,693,103223,483681
1900-01-01 19:54:15,7980.0,442434,7980.5,64264,425860,27702,398158,378170
1900-01-01 19:54:30,7985.5,960191,7986.0,48443,358227,5916,352311,911748
1900-01-01 19:54:45,7985.5,143966,7986.0,1143776,256110,34090,222020,-999810
1900-01-01 19:55:00,7984.5,49768,7985.0,1064920,56272,112959,-56687,-1015152
1900-01-01 19:55:15,7981.5,31985,7982.0,471783,18830,61973,-43143,-439798
1900-01-01 19:55:30,7982.0,727359,7982.5,241018,178340,56630,121710,486341
1900-01-01 19:55:45,7984.5,604785,7985.0,162337,143393,12712,130681,442448
1900-01-01 19:56:00,7989.5,299869,7990.0,231173,1748290,6905,1741385,68696
1900-01-01 19:56:15,7989.5,143863,7990.0,495204,178556,11569,166987,-351341
1900-01-01 19:56:30,7989.5,146436,7990.0,1011045,14111,5600,8511,-864609
1900-01-01 19:56:45,7988.0,165293,7988.5,1221497,94597,289668,-195071,-1056204
1900-01-01 19:57:00,7988.0,280558,7988.5,1288920,9603,71324,-61721,-1008362
1900-01-01 19:57:15,7988.0,196145,7988.5,1302443,526,12390,-11864,-1106298
1900-01-01 19:57:30,7988.0,161289,7988.5,1323030,9242,181015,-171773,-1161741
1900-01-01 19:57:45,7987.5,10277,7988.0,1475233,48478,161277,-112799,-1464956
1900-01-01 19:58:00,7981.5,1628,7982.0,785061,1002,187645,-186643,-783433
1900-01-01 19:58:15,7969.0,214350,7969.5,7466,104417,251709,-147292,206884
1900-01-01 19:58:30,7971.0,479219,7971.5,299962,234667,37510,197157,179257
1900-01-01 19:58:45,7971.0,89436,7971.5,1125108,44410,277298,-232888,-1035672
1900-01-01 19:59:00,7944.0,394853,7944.5,102811,61575,923011,-861436,292042
1900-01-01 19:59:15,7952.5,541565,7953.0,258818,489809,340591,149218,282747
1900-01-01 19:59:30,7958.5,454271,7959.0,178986,271930,94730,177200,275285
1900-01-01 19:59:45,7959.0,130232,7959.5,315903,182828,12421,170407,-185671
1900-01-01 20:00:00,7959.0,36551,7959.5,517332,350160,173228,176932,-480781
1900-01-01 20:00:15,7959.5,457512,7960.0,390074,266034,52043,213991,67438
1900-01-01 20:00:30,7969.5,461873,7970.0,74379,153236,16978,136258,387494
1900-01-01 20:00:45,7969.5,422300,7970.0,2267,157912,52882,105030,420033
1900-01-01 20:01:00,7974.5,630261,7975.0,153539,638067,20777,617290,476722
1900-01-01 20:01:15,7974.5,122241,7975.0,1964929,47496,108929,-61433,-1842688
1900-01-01 20:01:30,7969.0,16244,7969.5,1895703,20352,246266,-225914,-1879459
1900-01-01 20:01:45,7966.0,610900,7966.5,1108875,24613,117088,-92475,-497975
1900-01-01 20:02:00,7966.0,562951,7966.5,1240004,60851,118055,-57204,-677053
1900-01-01 20:02:15,7966.0,824167,7966.5,998101,248630,29061,219569,-173934
1900-01-01 20:02:30,7966.0,325356,7966.5,2199155,319174,14574,304600,-1873799
1900-01-01 20:02:45,7966.0,285159,7966.5,2209043,36976,51853,-14877,-1923884
1900-01-01 20:03:00,7966.0,211313,7966.5,2370989,44206,36368,7838,-2159676
1900-01-01 20:03:15,7965.0,624442,7965.5,1747880,44206,758354,-714148,-1123438
1900-01-01 20:03:30,7956.0,28030,7956.5,11248,5148,631853,-626705,16782
1900-01-01 20:03:45,7963.0,207101,7963.5,55926,104263,269705,-165442,151175
1900-01-01 20:04:00,7959.0,145,7959.5,231763,5982,146569,-140587,-231618
1900-01-01 20:04:15,7957.0,497489,7957.5,192666,147850,78092,69758,304823
1900-01-01 20:04:30,7954.5,2686,7955.0,424977,62077,164556,-102479,-422291
1900-01-01 20:04:45,7950.5,88486,7951.0,185744,51692,59283,-7591,-97258
1900-01-01 20:05:00,7951.0,887636,7951.5,56,113193,229508,-116315,887580
1900-01-01 20:05:15,7957.5,44556,7958.0,10000,237620,30322,207298,34556
1900-01-01 20:05:30,7956.5,565232,7957.0,147578,41636,9708,31928,417654
1900-01-01 20:05:45,7956.5,46166,7957.0,544911,15902,32171,-16269,-498745
1900-01-01 20:06:00,7956.5,500075,7957.0,258285,14600,7264,7336,241790
1900-01-01 20:06:15,7956.5,396216,7957.0,351397,212283,11012,201271,44819
1900-01-01 20:06:30,7957.0,821910,7957.5,4608,18580,17666,914,817302
1900-01-01 20:06:45,7956.5,125676,7957.0,393348,214956,22906,192050,-267672
1900-01-01 20:07:00,7956.5,242911,7957.0,235782,2024,8476,-6452,7129
1900-01-01 20:07:15,7959.5,351917,7960.0,204510,148931,16500,132431,147407
1900-01-01 20:07:30,7958.0,1432,7958.5,564032,5559,19035,-13476,-562600
1900-01-01 20:07:45,7957.0,493849,7957.5,365972,16020,91722,-75702,127877
1900-01-01 20:08:00,7957.0,412276,7957.5,460358,16002,31480,-15478,-48082
1900-01-01 20:08:15,7957.0,249135,7957.5,405891,35012,3600,31412,-156756
1900-01-01 20:08:30,7957.0,583335,7957.5,390586,16626,18798,-2172,192749
1900-01-01 20:08:45,7956.5,13307,7957.0,1700347,20000,196919,-176919,-1687040
1900-01-01 20:09:00,7921.5,64152,7925.5,5000,26000,2151160,-2125160,59152
1900-01-01 20:09:15,7911.5,408,7914.0,16298,257765,4674620,-4416855,-15890
1900-01-01 20:09:30,7931.5,479103,7932.0,289147,710766,832031,-121265,189956
1900-01-01 20:09:45,7931.5,593396,7932.0,232940,782797,207743,575054,360456
1900-01-01 20:10:00,7937.0,313096,7937.5,253223,567999,87854,480145,59873
1900-01-01 20:10:15,7930.0,8169,7930.5,682509,359080,156389,202691,-674340
1900-01-01 20:10:30,7923.0,292519,7923.5,896227,165665,874027,-708362,-603708
1900-01-01 20:10:45,7923.0,726178,7923.5,192729,94293,154720,-60427,533449
1900-01-01 20:11:00,7928.0,415465,7928.5,186811,361978,77256,284722,228654
1900-01-01 20:11:15,7938.0,112855,7938.5,6097,170814,28504,142310,106758
1900-01-01 20:11:30,7942.0,1271079,7942.5,23064,299911,91648,208263,1248015
1900-01-01 20:11:45,7953.5,928337,7954.0,1133993,287563,444401,-156838,-205656
1900-01-01 20:12:00,7961.0,434156,7961.5,27184,510120,43013,467107,406972
1900-01-01 20:12:15,7965.0,721364,7965.5,371287,384405,60627,323778,350077
1900-01-01 20:12:30,7970.0,694278,7970.5,99688,2216394,32020,2184374,594590
1900-01-01 20:12:45,7970.5,147724,7971.0,577014,132432,95364,37068,-429290
1900-01-01 20:13:00,7968.5,150,7969.0,644205,120614,98679,21935,-644055
1900-01-01 20:13:15,7942.0,1070047,7942.5,32337,343418,299260,44158,1037710
1900-01-01 20:13:30,7955.5,38769,7956.0,621385,350221,58827,291394,-582616
1900-01-01 20:13:45,7955.5,719962,7956.0,55527,69004,87615,-18611,664435
1900-01-01 20:14:00,7962.5,253402,7963.0,14223,270848,135810,135038,239179
1900-01-01 20:14:15,7963.5,788584,7964.0,352454,52363,13123,39240,436130
1900-01-01 20:14:30,7963.0,266622,7963.5,522348,91461,199749,-108288,-255726
1900-01-01 20:14:45,7962.5,5071,7963.0,523042,28478,40586,-12108,-517971
1900-01-01 20:15:00,7962.5,404961,7963.0,603766,67887,80847,-12960,-198805
1900-01-01 20:15:15,7962.0,72678,7962.5,309533,30107,25958,4149,-236855
1900-01-01 20:15:30,7962.0,16891,7962.5,961419,18140,86317,-68177,-944528
1900-01-01 20:15:45,7959.0,641577,7959.5,749889,8612,202176,-193564,-108312
1900-01-01 20:16:00,7959.0,1029942,7959.5,413391,52156,116101,-63945,616551
1900-01-01 20:16:15,7960.5,703120,7961.0,132789,105846,55397,50449,570331
1900-01-01 20:16:30,7963.5,466127,7964.0,102721,159257,200,159057,363406
1900-01-01 20:16:45,7967.5,790444,7968.0,49181,1319867,36560,1283307,741263
1900-01-01 20:17:00,7967.5,991751,7968.0,142342,187744,4,187740,849409
1900-01-01 20:17:15,7967.5,648123,7968.0,547950,91316,20358,70958,100173
1900-01-01 20:17:30,7967.5,680249,7968.0,546082,15318,24017,-8699,134167
1900-01-01 20:17:45,7967.5,1148343,7968.0,68539,61557,5223,56334,1079804
1900-01-01 20:18:00,7969.0,517786,7969.5,69113,19699,5223,14476,448673
1900-01-01 20:18:15,7972.0,249603,7972.5,297598,96165,10964,85201,-47995
1900-01-01 20:18:30,7972.5,676873,7973.0,1406,314007,154002,160005,675467
1900-01-01 20:18:45,7977.5,669292,7978.0,162031,239759,18060,221699,507261
1900-01-01 20:19:00,7977.5,1325147,7978.0,279165,91486,86588,4898,1045982
1900-01-01 20:19:15,7978.5,1175002,7979.0,299281,266497,3140,263357,875721
1900-01-01 20:19:30,7978.5,709861,7979.0,243652,250929,53768,197161,466209
1900-01-01 20:19:45,7978.5,178602,7979.0,308711,126055,22780,103275,-130109
1900-01-01 20:20:00,7977.5,532355,7978.0,778517,43324,324375,-281051,-246162
1900-01-01 20:20:15,7977.0,182629,7977.5,1094935,79104,446617,-367513,-912306
1900-01-01 20:20:30,7969.5,1354,7970.0,512652,694,216138,-215444,-511298
1900-01-01 20:20:45,7969.5,83570,7970.0,426180,27050,30657,-3607,-342610
1900-01-01 20:21:00,7969.5,7637,7970.0,822595,12762,25289,-12527,-814958
1900-01-01 20:21:15,7966.0,21114,7966.5,503475,10165,19483,-9318,-482361
1900-01-01 20:21:30,7966.0,413837,7966.5,389747,251297,19522,231775,24090
1900-01-01 20:21:45,7966.0,1403308,7966.5,24482,132536,3548,128988,1378826
1900-01-01 20:22:00,7971.0,106983,7971.5,166255,61606,40646,20960,-59272
1900-01-01 20:22:15,7971.0,150832,7971.5,141653,58464,21040,37424,9179
1900-01-01 20:22:30,7971.0,100899,7971.5,317535,78232,22254,55978,-216636
1900-01-01 20:22:45,7971.0,89562,7971.5,436402,2571,2198,373,-346840
1900-01-01 20:23:00,7971.0,91135,7971.5,309324,11621,11161,460,-218189
1900-01-01 20:23:15,7971.0,25521,7971.5,709124,76,267244,-267168,-683603
1900-01-01 20:23:30,7971.0,1233768,7971.5,34785,56772,8658,48114,1198983
1900-01-01 20:23:45,7976.0,435092,7976.5,1265,135784,16000,119784,433827
1900-01-01 20:24:00,7978.5,134154,7979.0,427533,43650,6492,37158,-293379
1900-01-01 20:24:15,7978.5,230810,7979.0,483151,50702,7436,43266,-252341
1900-01-01 20:24:30,7978.5,148653,7979.0,538720,13004,40258,-27254,-390067
1900-01-01 20:24:45,7978.5,7597,7979.0,1053253,8,82835,-82827,-1045656
1900-01-01 20:25:00,7975.5,118284,7976.0,383669,46028,73049,-27021,-265385
1900-01-01 20:25:15,7978.5,620045,7979.0,435,112877,71851,41026,619610
1900-01-01 20:25:30,7978.5,564952,7979.0,151339,40101,411720,-371619,413613
1900-01-01 20:25:45,7979.5,962141,7980.0,170231,88658,20489,68169,791910
1900-01-01 20:26:00,7979.5,453494,7980.0,76350,206499,116424,90075,377144
1900-01-01 20:26:15,7979.5,121263,7980.0,578607,38890,59404,-20514,-457344
1900-01-01 20:26:30,7975.0,712841,7975.5,29237,54236,72597,-18361,683604
1900-01-01 20:26:45,7978.5,226824,7979.0,448030,26285,70880,-44595,-221206
1900-01-01 20:27:00,7979.5,614991,7980.0,78579,75844,340,75504,536412
1900-01-01 20:27:15,7979.5,271368,7980.0,512368,18008,16558,1450,-241000
1900-01-01 20:27:30,7971.0,126285,7971.5,344830,8060,141504,-133444,-218545
1900-01-01 20:27:45,7971.5,89083,7972.0,673129,9342,85565,-76223,-584046
1900-01-01 20:28:00,7970.0,31550,7970.5,709545,9224,245842,-236618,-677995
1900-01-01 20:28:15,7968.0,9078,7968.5,673076,486,265786,-265300,-663998
1900-01-01 20:28:30,7967.0,70799,7967.5,438147,48602,152466,-103864,-367348
1900-01-01 20:28:45,7967.0,1252299,7967.5,63668,23495,1200,22295,1188631
1900-01-01 20:29:00,7967.0,201948,7967.5,338068,16497,4038,12459,-136120
1900-01-01 20:29:15,7967.0,139693,7967.5,642434,29938,31112,-1174,-502741
1900-01-01 20:29:30,7967.0,33584,7967.5,582785,1000,68399,-67399,-549201
1900-01-01 20:29:45,7981.5,317905,7982.0,56311,60994,67135,-6141,261594
1900-01-01 20:30:00,7987.0,201129,7987.5,17164,409981,25757,384224,183965
1900-01-01 20:30:15,7989.0,821263,7989.5,45180,654478,36065,618413,776083
1900-01-01 20:30:30,7980.5,11424,7981.0,1689087,74824,890034,-815210,-1677663
1900-01-01 20:30:45,7976.0,1147982,7976.5,2188,229118,151863,77255,1145794
1900-01-01 20:31:00,7982.0,287248,7982.5,408647,25465,26171,-706,-121399
1900-01-01 20:31:15,7982.0,997395,7982.5,27512,27834,23178,4656,969883
1900-01-01 20:31:30,7976.5,209990,7977.0,715354,819,657139,-656320,-505364
1900-01-01 20:31:45,7984.0,707448,7984.5,11274,104356,64044,40312,696174
1900-01-01 20:32:00,7984.5,66700,7985.0,835727,19862,218190,-198328,-769027
1900-01-01 20:32:15,7982.0,47131,7982.5,930724,13767,49472,-35705,-883593
1900-01-01 20:32:30,7982.0,14477,7982.5,843035,19960,66137,-46177,-828558
1900-01-01 20:32:45,7977.0,5680,7977.5,706014,5960,125426,-119466,-700334
1900-01-01 20:33:00,7977.0,579674,7977.5,311497,6098,36738,-30640,268177
1900-01-01 20:33:15,7977.0,61544,7977.5,734565,6100,67202,-61102,-673021
1900-01-01 20:33:30,7976.5,9535,7977.0,1015893,1891,169425,-167534,-1006358
1900-01-01 20:33:45,7975.5,190597,7976.0,916704,566,55766,-55200,-726107
1900-01-01 20:34:00,7975.5,241477,7976.0,785520,57128,20073,37055,-544043
1900-01-01 20:34:15,7975.5,187490,7976.0,693590,59100,48000,11100,-506100
1900-01-01 20:34:30,7979.5,558478,7980.0,77132,203619,1334,202285,481346
1900-01-01 20:34:45,7979.5,1053721,7980.0,22018,131013,20,130993,1031703
1900-01-01 20:35:00,7979.5,1141169,7980.0,28799,57374,942,56432,1112370
1900-01-01 20:35:15,7979.5,1107374,7980.0,95957,181994,14445,167549,1011417
1900-01-01 20:35:30,7979.5,279381,7980.0,590839,21600,107868,-86268,-311458
1900-01-01 20:35:45,7979.5,673032,7980.0,176920,18128,44015,-25887,496112
1900-01-01 20:36:00,7979.5,1290085,7980.0,5883,13192,123000,-109808,1284202
1900-01-01 20:36:15,7981.0,662577,7981.5,3429,4550,20000,-15450,659148
1900-01-01 20:36:30,7984.5,624272,7985.0,52194,148383,20000,128383,572078
1900-01-01 20:36:45,7990.0,919638,7990.5,55743,355785,105720,250065,863895
1900-01-01 20:37:00,7992.0,872847,7992.5,21177,92537,158606,-66069,851670
1900-01-01 20:37:15,7992.0,200081,7992.5,477906,111723,167418,-55695,-277825
1900-01-01 20:37:30,7992.0,276432,7992.5,469786,142952,141933,1019,-193354
1900-01-01 20:37:45,7992.0,320454,7992.5,238841,40874,67123,-26249,81613
1900-01-01 20:38:00,7992.0,329818,7992.5,196885,21141,11664,9477,132933
1900-01-01 20:38:15,7992.0,204260,7992.5,272568,29890,34152,-4262,-68308
1900-01-01 20:38:30,7992.0,357974,7992.5,53936,79446,200,79246,304038
1900-01-01 20:38:45,7992.5,853456,7993.0,39759,32417,1615,30802,813697
1900-01-01 20:39:00,7996.5,654824,7997.0,68521,134336,17030,117306,586303
1900-01-01 20:39:15,7996.5,575184,7997.0,72804,26254,19877,6377,502380
1900-01-01 20:39:30,7996.5,182630,7997.0,71551,52425,51232,1193,111079
1900-01-01 20:39:45,7996.5,201308,7997.0,61956,37531,15812,21719,139352
1900-01-01 20:40:00,7998.5,1550468,7999.0,24823,350406,51504,298902,1525645
1900-01-01 20:40:15,7999.0,586443,7999.5,60490,152541,490,152051,525953
1900-01-01 20:40:30,7999.5,746548,8000.0,409663,769088,55526,713562,336885
1900-01-01 20:40:45,8001.5,609885,8002.0,754927,314845,13888,300957,-145042
1900-01-01 20:41:00,8001.5,92639,8002.0,1008428,89537,58113,31424,-915789
1900-01-01 20:41:15,7999.5,28582,8000.0,300018,28644,76654,-48010,-271436
1900-01-01 20:41:30,7996.0,6804,7996.5,403858,76026,41680,34346,-397054
1900-01-01 20:41:45,7993.5,58864,7994.0,824557,38100,678538,-640438,-765693
1900-01-01 20:42:00,7992.0,154770,7992.5,917763,3416,172585,-169169,-762993
1900-01-01 20:42:15,7992.0,1276424,7992.5,77780,17340,77528,-60188,1198644
1900-01-01 20:42:30,7995.5,760190,7996.0,29690,24366,20407,3959,730500
1900-01-01 20:42:45,8002.5,215211,8003.0,24131,1000619,500,1000119,191080
1900-01-01 20:43:00,8006.0,306546,8006.5,119429,354195,9124,345071,187117
1900-01-01 20:43:15,8014.5,93064,8015.0,576301,586846,41277,545569,-483237
1900-01-01 20:43:30,8004.0,39,8004.5,264211,32584,189166,-156582,-264172
1900-01-01 20:43:45,8001.5,519,8002.0,901562,8018,58503,-50485,-901043
1900-01-01 20:44:00,8000.5,148624,8001.0,592831,68786,250002,-181216,-444207
1900-01-01 20:44:15,8000.5,610310,8001.0,12494,133882,17879,116003,597816
1900-01-01 20:44:30,8009.5,231882,8010.0,26066,49989,38982,11007,205816
1900-01-01 20:44:45,8012.0,443552,8012.5,36511,31738,20873,10865,407041
1900-01-01 20:45:00,8022.0,244576,8022.5,62139,186255,20062,166193,182437
1900-01-01 20:45:15,8033.0,173324,8033.5,222055,777406,229702,547704,-48731
1900-01-01 20:45:30,8025.0,230817,8025.5,1124855,177554,882217,-704663,-894038
1900-01-01 20:45:45,8016.0,479071,8016.5,373322,132723,244645,-111922,105749
1900-01-01 20:46:00,8012.5,38954,8013.0,587526,40317,336451,-296134,-548572
1900-01-01 20:46:15,8007.5,833093,8008.0,2322,51370,278510,-227140,830771
1900-01-01 20:46:30,8012.5,152201,8013.0,472497,65643,108092,-42449,-320296
1900-01-01 20:46:45,8012.5,45697,8013.0,689061,70880,85321,-14441,-643364
1900-01-01 20:47:00,8012.0,403712,8012.5,319924,185360,52718,132642,83788
1900-01-01 20:47:15,8006.5,550428,8007.0,258614,5872,64872,-59000,291814
1900-01-01 20:47:30,8004.0,5072,8004.5,29482,2422,162199,-159777,-24410
1900-01-01 20:47:45,8004.0,391954,8004.5,252529,17726,104844,-87118,139425
1900-01-01 20:48:00,8004.0,59527,8004.5,983600,30306,106061,-75755,-924073
1900-01-01 20:48:15,8003.0,531687,8003.5,378924,1704,47604,-45900,152763
1900-01-01 20:48:30,8003.0,519356,8003.5,278751,201055,284595,-83540,240605
1900-01-01 20:48:45,8003.0,766348,8003.5,353313,12650,15875,-3225,413035
1900-01-01 20:49:00,8006.5,816398,8007.0,43746,81289,4170,77119,772652
1900-01-01 20:49:15,8009.0,776693,8009.5,22524,83261,202,83059,754169
1900-01-01 20:49:30,8009.0,156386,8009.5,485182,5925,41323,-35398,-328796
1900-01-01 20:49:45,7993.5,1552731,7994.0,65393,29280,225490,-196210,1487338
1900-01-01 20:50:00,7993.5,607689,7994.0,979885,283846,2167452,-1883606,-372196
1900-01-01 20:50:15,7999.0,364806,7999.5,89210,288323,122164,166159,275596
1900-01-01 20:50:30,7999.0,390785,7999.5,223370,210868,5248,205620,167415
1900-01-01 20:50:45,7999.0,71393,7999.5,530708,103062,34364,68698,-459315
1900-01-01 20:51:00,7999.0,1140164,7999.5,5287,133388,47008,86380,1134877
1900-01-01 20:51:15,7999.5,203078,8000.0,471422,12257,159528,-147271,-268344
1900-01-01 20:51:30,7999.5,955013,8000.0,3741,45517,8000,37517,951272
1900-01-01 20:51:45,8004.5,600694,8005.0,20985,40548,10920,29628,579709
1900-01-01 20:52:00,8004.5,212700,8005.0,569920,58943,127738,-68795,-357220
1900-01-01 20:52:15,8005.0,948501,8005.5,16775,14774,1032,13742,931726
1900-01-01 20:52:30,8005.0,413110,8005.5,628181,3928,38938,-35010,-215071
1900-01-01 20:52:45,8005.0,70929,8005.5,702440,28207,20848,7359,-631511
1900-01-01 20:53:00,8002.5,496043,8003.0,106886,728,295088,-294360,389157
1900-01-01 20:53:15,8007.5,610292,8008.0,1445,57402,26081,31321,608847
1900-01-01 20:53:30,8011.0,661240,8011.5,18230,66238,9352,56886,643010
1900-01-01 20:53:45,8014.0,485479,8014.5,478689,21908,9623,12285,6790
1900-01-01 20:54:00,8018.0,265048,8018.5,1023684,62311,2600,59711,-758636
1900-01-01 20:54:15,8018.0,199682,8018.5,606956,124137,53343,70794,-407274
1900-01-01 20:54:30,8022.5,929187,8023.0,744,147403,48601,98802,928443
1900-01-01 20:54:45,8029.0,107441,8029.5,162508,641563,86613,554950,-55067
1900-01-01 20:55:00,8029.0,135556,8029.5,665444,79920,64445,15475,-529888
1900-01-01 20:55:15,8032.5,205664,8033.0,187433,387224,279021,108203,18231
1900-01-01 20:55:30,8027.0,475586,8027.5,174399,72022,55914,16108,301187
1900-01-01 20:55:45,8017.5,85803,8018.0,535291,18200,264198,-245998,-449488
1900-01-01 20:56:00,8011.0,1114883,8011.5,141877,128259,157171,-28912,973006
1900-01-01 20:56:15,8015.0,552069,8016.5,23879,279471,29290,250181,528190
1900-01-01 20:56:30,8021.5,763577,8022.0,16682,68663,21888,46775,746895
1900-01-01 20:56:45,8027.5,748739,8028.0,272164,410232,11874,398358,476575
1900-01-01 20:57:00,8034.5,694,8035.0,527180,270486,134746,135740,-526486
1900-01-01 20:57:15,8030.5,10296,8031.0,643040,165390,96820,68570,-632744
1900-01-01 20:57:30,8030.5,6146,8031.0,698759,31462,24186,7276,-692613
1900-01-01 20:57:45,8026.5,20307,8027.0,782146,18688,656296,-637608,-761839
1900-01-01 20:58:00,8030.5,151799,8031.0,9743,83655,136554,-52899,142056
1900-01-01 20:58:15,8032.0,689562,8032.5,18088,62853,3378,59475,671474
1900-01-01 20:58:30,8034.5,311002,8035.0,71082,381231,91997,289234,239920
1900-01-01 20:58:45,8035.0,626874,8035.5,1110,55654,10624,45030,625764
1900-01-01 20:59:00,8040.0,538287,8040.5,22205,121855,51180,70675,516082
1900-01-01 20:59:15,8040.0,300961,8040.5,290097,259000,424310,-165310,10864
1900-01-01 20:59:30,8040.0,140990,8040.5,380036,41298,238930,-197632,-239046
1900-01-01 20:59:45,8024.5,20685,8025.5,153305,9592,395388,-385796,-132620
1900-01-01 21:00:00,8024.5,545053,8025.0,16214,187498,41227,146271,528839
1900-01-01 21:00:15,8024.5,290842,8025.0,596589,234117,224585,9532,-305747
1900-01-01 21:00:30,8024.5,390963,8025.0,821267,75090,33509,41581,-430304
1900-01-01 21:00:45,8025.5,543859,8026.0,166,74456,61997,12459,543693
1900-01-01 21:01:00,8030.5,777159,8031.0,52741,173603,59215,114388,724418
1900-01-01 21:01:15,8030.5,497063,8031.0,289194,33768,13214,20554,207869
1900-01-01 21:01:30,8033.5,799165,8034.0,62869,49727,24897,24830,736296
1900-01-01 21:01:45,8040.0,1081597,8040.5,52810,104984,2166,102818,1028787
1900-01-01 21:02:00,8045.0,10770,8045.5,845332,156069,159108,-3039,-834562
1900-01-01 21:02:15,8037.0,621730,8037.5,450227,22250,359466,-337216,171503
1900-01-01 21:02:30,8037.0,392303,8037.5,494188,32131,34056,-1925,-101885
1900-01-01 21:02:45,8037.0,190429,8037.5,542591,6882,21202,-14320,-352162
1900-01-01 21:03:00,8033.0,2938,8036.0,887626,26914,189663,-162749,-884688
1900-01-01 21:03:15,8030.0,93385,8030.5,993042,61276,248776,-187500,-899657
1900-01-01 21:03:30,8028.0,606773,8028.5,618435,1780,141620,-139840,-11662
1900-01-01 21:03:45,8031.5,110308,8032.0,193,28683,26580,2103,110115
1900-01-01 21:04:00,8032.5,1110915,8033.0,14006,172125,30283,141842,1096909
1900-01-01 21:04:15,8034.5,706134,8035.0,271742,76913,34214,42699,434392
1900-01-01 21:04:30,8034.5,770214,8035.0,282774,43814,30818,12996,487440
1900-01-01 21:04:45,8034.5,962892,8035.0,48662,283058,13118,269940,914230
1900-01-01 21:05:00,8037.5,261125,8038.0,5683,100464,16301,84163,255442
1900-01-01 21:05:15,8035.0,29123,8035.5,430808,22913,88135,-65222,-401685
1900-01-01 21:05:30,8035.0,140004,8035.5,963913,20775,62802,-42027,-823909
1900-01-01 21:05:45,8031.5,64956,8032.0,494657,5002,109744,-104742,-429701
1900-01-01 21:06:00,8031.5,1324116,8032.0,127706,7867,19317,-11450,1196410
1900-01-01 21:06:15,8035.5,268280,8036.0,671872,179646,5414,174232,-403592
1900-01-01 21:06:30,8035.5,641463,8036.0,49019,126968,28884,98084,592444
1900-01-01 21:06:45,8037.5,709080,8038.0,28896,98437,6062,92375,680184
1900-01-01 21:07:00,8038.0,980287,8038.5,1318,47604,62610,-15006,978969
1900-01-01 21:07:15,8042.0,497967,8042.5,143731,60679,7454,53225,354236
1900-01-01 21:07:30,8042.0,160267,8042.5,1040935,50941,54938,-3997,-880668
1900-01-01 21:07:45,8041.0,105643,8041.5,610374,7248,148798,-141550,-504731
1900-01-01 21:08:00,8041.0,35601,8041.5,1073933,11456,120040,-108584,-1038332
1900-01-01 21:08:15,8040.5,188727,8041.0,789266,2264,34377,-32113,-600539
1900-01-01 21:08:30,8039.5,51159,8040.0,737384,139050,204388,-65338,-686225
1900-01-01 21:08:45,8038.0,11409,8038.5,720232,920,57597,-56677,-708823
1900-01-01 21:09:00,8034.0,1045273,8034.5,18041,34076,34110,-34,1027232
1900-01-01 21:09:15,8037.5,623701,8038.0,118958,25436,11028,14408,504743
1900-01-01 21:09:30,8039.5,793138,8040.0,145497,106449,5754,100695,647641
1900-01-01 21:09:45,8039.5,983663,8040.0,16685,131633,101112,30521,966978
1900-01-01 21:10:00,8045.0,463842,8045.5,86777,88806,33628,55178,377065
1900-01-01 21:10:15,8037.0,558326,8037.5,98143,8660,204674,-196014,460183
1900-01-01 21:10:30,8039.0,470043,8039.5,1161,53155,204674,-151519,468882
1900-01-01 21:10:45,8040.5,46553,8041.0,380348,3403,4500,-1097,-333795
1900-01-01 21:11:00,8040.5,518301,8041.0,86566,25255,27665,-2410,431735
1900-01-01 21:11:15,8043.5,622619,8044.0,59377,54704,2957,51747,563242
1900-01-01 21:11:30,8044.0,610213,8044.5,3215,73981,16303,57678,606998
1900-01-01 21:11:45,8047.5,743765,8048.0,27702,179956,110816,69140,716063
1900-01-01 21:12:00,8051.0,8922,8051.5,476079,1075322,610509,464813,-467157
1900-01-01 21:12:15,8051.0,4357,8051.5,487428,54290,192397,-138107,-483071
1900-01-01 21:12:30,8048.0,778905,8048.5,108673,41426,125791,-84365,670232
1900-01-01 21:12:45,8051.5,260706,8052.0,376575,126904,50122,76782,-115869
1900-01-01 21:13:00,8050.5,247623,8051.0,44359,60649,141293,-80644,203264
1900-01-01 21:13:15,8051.5,1711480,8052.0,442079,90761,28512,62249,1269401
1900-01-01 21:13:30,8055.5,372275,8059.5,142856,717251,6012,711239,229419
1900-01-01 21:13:45,8059.0,169176,8059.5,241626,603447,716125,-112678,-72450
1900-01-01 21:14:00,8057.0,235771,8057.5,677362,15840,100831,-84991,-441591
1900-01-01 21:14:15,8057.0,138305,8057.5,636148,105458,11606,93852,-497843
1900-01-01 21:14:30,8053.0,592761,8053.5,133989,82298,190521,-108223,458772
1900-01-01 21:14:45,8053.0,766775,8053.5,13266,334360,65677,268683,753509
1900-01-01 21:15:00,8057.5,30162,8058.0,673481,130710,27104,103606,-643319
1900-01-01 21:15:15,8060.5,461170,8061.0,102235,195042,311364,-116322,358935
1900-01-01 21:15:30,8072.0,107988,8072.5,9878,352166,132222,219944,98110
1900-01-01 21:15:45,8055.5,106379,8056.0,159616,248270,533052,-284782,-53237
1900-01-01 21:16:00,8064.5,499338,8065.0,33582,352400,174285,178115,465756
1900-01-01 21:16:15,8069.5,229559,8070.0,522136,432239,96862,335377,-292577
1900-01-01 21:16:30,8072.5,584213,8073.0,4055,1789843,25346,1764497,580158
1900-01-01 21:16:45,8074.5,214722,8075.0,530643,807744,75613,732131,-315921
1900-01-01 21:17:00,8074.5,457945,8075.0,161764,308575,43360,265215,296181
1900-01-01 21:17:15,8075.0,560628,8075.5,216521,309493,536377,-226884,344107
1900-01-01 21:17:30,8076.5,615197,8077.0,64556,354116,235971,118145,550641
1900-01-01 21:17:45,8074.5,40286,8075.0,439361,107295,309093,-201798,-399075
1900-01-01 21:18:00,8069.0,24273,8069.5,181861,84862,239774,-154912,-157588
1900-01-01 21:18:15,8069.0,745000,8069.5,54635,47318,131190,-83872,690365
1900-01-01 21:18:30,8070.5,914914,8071.0,253269,475374,14576,460798,661645
1900-01-01 21:18:45,8063.0,33736,8063.5,906867,301801,518845,-217044,-873131
1900-01-01 21:19:00,8055.5,4371,8056.0,240719,103951,716321,-612370,-236348
1900-01-01 21:19:15,8042.5,76,8043.0,19738,261378,776185,-514807,-19662
1900-01-01 21:19:30,8043.5,595797,8044.0,154315,290355,436737,-146382,441482
1900-01-01 21:19:45,8046.5,465620,8047.0,11721,223686,77729,145957,453899
1900-01-01 21:20:00,8056.5,211325,8057.0,539865,157828,32628,125200,-328540
1900-01-01 21:20:15,8064.0,562532,8064.5,252552,148770,58638,90132,309980
1900-01-01 21:20:30,8064.5,461585,8065.0,348484,240988,33299,207689,113101
1900-01-01 21:20:45,8064.5,84985,8065.0,563606,117618,177500,-59882,-478621
1900-01-01 21:21:00,8056.5,13500,8057.0,2079616,442824,387652,55172,-2066116
1900-01-01 21:21:15,8052.5,201527,8053.0,427910,125653,180291,-54638,-226383
1900-01-01 21:21:30,8044.5,35287,8045.0,518407,152058,225381,-73323,-483120
1900-01-01 21:21:45,8040.0,298851,8061.0,12955,414198,456037,-41839,285896
1900-01-01 21:22:00,8054.5,405490,8055.0,294343,84392,77421,6971,111147
1900-01-01 21:22:15,8058.5,669705,8059.0,291799,156787,46459,110328,377906
1900-01-01 21:22:30,8058.5,654845,8059.0,485026,100659,11575,89084,169819
1900-01-01 21:22:45,8058.5,534194,8059.0,220729,76416,9582,66834,313465
1900-01-01 21:23:00,8059.0,655642,8059.5,6862,220702,37707,182995,648780
1900-01-01 21:23:15,8059.5,441191,8060.0,134674,128041,23265,104776,306517
1900-01-01 21:23:30,8059.5,572582,8060.0,51615,32100,21270,10830,520967
1900-01-01 21:23:45,8059.5,127106,8060.0,586404,32100,137499,-105399,-459298
1900-01-01 21:24:00,8058.5,31258,8059.0,641961,36471,91023,-54552,-610703
1900-01-01 21:24:15,8057.0,827093,8057.5,519249,45178,31227,13951,307844
1900-01-01 21:24:30,8057.0,1078394,8057.5,55554,63130,32000,31130,1022840
1900-01-01 21:24:45,8061.5,760179,8062.0,24811,157785,1082,156703,735368
1900-01-01 21:25:00,8067.0,417539,8067.5,5836,162616,41090,121526,411703
1900-01-01 21:25:15,8069.5,400991,8070.0,69537,187523,32087,155436,331454
1900-01-01 21:25:30,8072.5,64960,8073.0,418689,106694,205429,-98735,-353729
1900-01-01 21:25:45,8072.0,274886,8072.5,282137,104558,334441,-229883,-7251
1900-01-01 21:26:00,8063.0,736502,8063.5,49629,44304,384133,-339829,686873
1900-01-01 21:26:15,8066.5,339478,8067.0,7043,111216,18910,92306,332435
1900-01-01 21:26:30,8066.5,314880,8067.0,331804,41604,41014,590,-16924
1900-01-01 21:26:45,8066.5,630225,8067.0,419819,130100,149276,-19176,210406
1900-01-01 21:27:00,8066.5,566102,8067.0,558952,32002,29020,2982,7150
1900-01-01 21:27:15,8066.5,615227,8067.0,601246,62568,44967,17601,13981
1900-01-01 21:27:30,8066.5,791436,8067.0,559890,66896,167520,-100624,231546
1900-01-01 21:27:45,8066.5,788765,8067.0,422825,60662,32504,28158,365940
1900-01-01 21:28:00,8066.5,728557,8067.0,198617,123740,23532,100208,529940
1900-01-01 21:28:15,8067.5,303469,8068.0,25049,57320,64100,-6780,278420
1900-01-01 21:28:30,8068.0,738265,8068.5,49341,122062,2334,119728,688924
1900-01-01 21:28:45,8068.5,600050,8069.0,242629,21286,57165,-35879,357421
1900-01-01 21:29:00,8068.5,171807,8069.0,669659,41699,280251,-238552,-497852
1900-01-01 21:29:15,8067.5,63367,8068.0,686006,183743,468927,-285184,-622639
1900-01-01 21:29:30,8067.0,149138,8067.5,584634,115507,161312,-45805,-435496
1900-01-01 21:29:45,8066.5,86910,8067.0,1140036,1400,319384,-317984,-1053126
1900-01-01 21:30:00,8065.0,418368,8065.5,844556,15344,444660,-429316,-426188
1900-01-01 21:30:15,8065.0,306130,8065.5,774875,104582,180984,-76402,-468745
1900-01-01 21:30:30,8065.0,134028,8065.5,818690,39096,138247,-99151,-684662
1900-01-01 21:30:45,8045.5,807532,8046.0,56886,53293,294798,-241505,750646
1900-01-01 21:31:00,8050.0,356757,8050.5,202077,94251,98869,-4618,154680
1900-01-01 21:31:15,8050.0,148620,8050.5,280140,284974,172830,112144,-131520
1900-01-01 21:31:30,8048.0,40646,8048.5,518965,156,331057,-330901,-478319
1900-01-01 21:31:45,8046.0,266817,8046.5,311527,21969,51989,-30020,-44710
1900-01-01 21:32:00,8046.0,454952,8046.5,290058,171744,103943,67801,164894
1900-01-01 21:32:15,8046.0,345860,8046.5,337990,26207,72004,-45797,7870
1900-01-01 21:32:30,8046.0,222093,8046.5,386115,108,90864,-90756,-164022
1900-01-01 21:32:45,8038.5,101747,8039.0,291701,25896,207150,-181254,-189954
1900-01-01 21:33:00,8039.5,215353,8040.0,220006,35338,270970,-235632,-4653
1900-01-01 21:33:15,8042.5,430838,8043.0,182463,224212,45745,178467,248375
1900-01-01 21:33:30,8046.5,515160,8047.0,6423,26589,57273,-30684,508737
1900-01-01 21:33:45,8048.0,673285,8048.5,39411,18811,40595,-21784,633874
1900-01-01 21:34:00,8049.0,348263,8049.5,10333,38991,70279,-31288,337930
1900-01-01 21:34:15,8051.5,381800,8052.0,321305,56902,16300,40602,60495
1900-01-01 21:34:30,8051.0,35794,8051.5,761746,63399,129879,-66480,-725952
1900-01-01 21:34:45,8048.5,213958,8049.0,402534,5782,122083,-116301,-188576
1900-01-01 21:35:00,8048.5,639331,8049.0,221758,52297,57390,-5093,417573
1900-01-01 21:35:15,8048.5,668170,8049.0,58044,9538,9805,-267,610126
1900-01-01 21:35:30,8049.5,474621,8050.0,102555,118990,30868,88122,372066
1900-01-01 21:35:45,8050.5,724281,8051.0,22458,105439,24817,80622,701823
1900-01-01 21:36:00,8051.0,780963,8051.5,182251,103560,158420,-54860,598712
1900-01-01 21:36:15,8053.0,687601,8053.5,47492,179561,5562,173999,640109
1900-01-01 21:36:30,8055.0,296389,8055.5,434213,103450,109102,-5652,-137824
1900-01-01 21:36:45,8055.0,655601,8055.5,76300,43409,47420,-4011,579301
1900-01-01 21:37:00,8055.0,475342,8055.5,178680,43900,17734,26166,296662
1900-01-01 21:37:15,8055.0,86881,8055.5,304781,860,139984,-139124,-217900
1900-01-01 21:37:30,8051.5,539469,8052.0,277297,16483,74795,-58312,262172
1900-01-01 21:37:45,8051.5,558791,8052.0,70542,159789,129558,30231,488249
1900-01-01 21:38:00,8051.5,1193417,8052.0,21513,10424,17002,-6578,1171904
1900-01-01 21:38:15,8053.0,784476,8053.5,9863,4881,6281,-1400,774613
1900-01-01 21:38:30,8053.5,705200,8054.0,66279,41454,8320,33134,638921
1900-01-01 21:38:45,8056.0,609827,8056.5,242818,137894,5307,132587,367009
1900-01-01 21:39:00,8056.0,783941,8056.5,494624,137894,2094,135800,289317
1900-01-01 21:39:15,8056.0,1005071,8056.5,201172,79688,97600,-17912,803899
1900-01-01 21:39:30,8058.5,403517,8059.0,301563,78231,70584,7647,101954
1900-01-01 21:39:45,8058.5,358607,8059.0,125969,274789,14812,259977,232638
1900-01-01 21:40:00,8058.5,295275,8059.0,573918,25873,95906,-70033,-278643
1900-01-01 21:40:15,8058.5,240207,8059.0,615618,6100,55306,-49206,-375411
1900-01-01 21:40:30,8058.5,166180,8059.0,596652,2946,36935,-33989,-430472
1900-01-01 21:40:45,8058.5,324580,8059.0,193711,60788,22981,37807,130869
1900-01-01 21:41:00,8058.5,806013,8059.0,22783,202815,3003,199812,783230
1900-01-01 21:41:15,8059.5,725600,8060.0,541143,23054,10626,12428,184457
1900-01-01 21:41:30,8059.5,751773,8060.0,356143,292969,96614,196355,395630
1900-01-01 21:41:45,8059.5,1036115,8060.0,267579,115832,1222,114610,768536
1900-01-01 21:42:00,8061.0,857394,8061.5,7314,81212,8835,72377,850080
1900-01-01 21:42:15,8065.0,939318,8065.5,15665,65667,2115,63552,923653
1900-01-01 21:42:30,8071.5,469254,8072.0,78841,179110,26298,152812,390413
1900-01-01 21:42:45,8072.5,928512,8073.0,28673,109313,8346,100967,899839
1900-01-01 21:43:00,8082.0,48637,8082.5,26888,701635,69032,632603,21749
1900-01-01 21:43:15,8066.5,661053,8067.0,319425,691432,690491,941,341628
1900-01-01 21:43:30,8066.5,1262618,8067.0,107400,108125,78998,29127,1155218
1900-01-01 21:43:45,8066.5,128005,8067.0,609498,65126,372999,-307873,-481493
1900-01-01 21:44:00,8060.0,600178,8060.5,336924,20390,241134,-220744,263254
1900-01-01 21:44:15,8064.5,1111484,8065.0,57746,97684,190422,-92738,1053738
1900-01-01 21:44:30,8067.0,511920,8067.5,183108,102500,27803,74697,328812
1900-01-01 21:44:45,8069.0,143177,8069.5,377402,65655,19963,45692,-234225
1900-01-01 21:45:00,8069.0,690431,8069.5,95157,36708,38565,-1857,595274
1900-01-01 21:45:15,8076.5,34971,8077.0,16031,148337,7207,141130,18940
1900-01-01 21:45:30,8079.0,460393,8079.5,269647,162711,62662,100049,190746
1900-01-01 21:45:45,8079.0,515228,8079.5,18733,196082,92180,103902,496495
1900-01-01 21:46:00,8083.5,735452,8084.0,175957,130128,61493,68635,559495
1900-01-01 21:46:15,8071.5,373221,8072.0,11767,45750,278036,-232286,361454
1900-01-01 21:46:30,8079.0,511597,8079.5,35632,92282,22485,69797,475965
1900-01-01 21:46:45,8078.5,254794,8079.0,547479,28165,134743,-106578,-292685
1900-01-01 21:47:00,8078.5,678630,8079.0,322981,7204,51832,-44628,355649
1900-01-01 21:47:15,8078.5,595681,8079.0,190402,53660,31051,22609,405279
1900-01-01 21:47:30,8078.5,695898,8079.0,151161,10534,9996,538,544737
1900-01-01 21:47:45,8079.5,769722,8080.0,215119,190439,36030,154409,554603
1900-01-01 21:48:00,8079.5,448148,8080.0,289737,209894,41994,167900,158411
1900-01-01 21:48:15,8081.5,915576,8082.0,52526,436494,20644,415850,863050
1900-01-01 21:48:30,8082.5,792778,8083.0,73798,120275,17865,102410,718980
1900-01-01 21:48:45,8082.5,215151,8083.0,310132,38739,93777,-55038,-94981
1900-01-01 21:49:00,8076.5,920916,8077.0,30408,84630,354885,-270255,890508
1900-01-01 21:49:15,8076.5,162926,8077.0,417268,34845,41184,-6339,-254342
1900-01-01 21:49:30,8074.5,34852,8075.0,667848,27516,120585,-93069,-632996
1900-01-01 21:49:45,8074.0,190415,8074.5,586562,14624,79510,-64886,-396147
1900-01-01 21:50:00,8074.0,44840,8074.5,641572,8558,113438,-104880,-596732
1900-01-01 21:50:15,8073.0,1006534,8073.5,8019,11757,208810,-197053,998515
1900-01-01 21:50:30,8073.0,55290,8073.5,536510,45291,61396,-16105,-481220
1900-01-01 21:50:45,8069.5,836518,8070.0,231111,60316,165741,-105425,605407
1900-01-01 21:51:00,8070.0,1428019,8070.5,2197,136852,25262,111590,1425822
1900-01-01 21:51:15,8080.5,307876,8081.0,3554,402549,22186,380363,304322
1900-01-01 21:51:30,8082.0,826548,8082.5,39023,422352,19160,403192,787525
1900-01-01 21:51:45,8086.0,990980,8086.5,18358,405043,8742,396301,972622
1900-01-01 21:52:00,8088.5,393603,8089.0,805521,147215,288985,-141770,-411918
1900-01-01 21:52:15,8088.5,767004,8089.0,186435,40896,290081,-249185,580569
1900-01-01 21:52:30,8089.5,533773,8090.0,415412,236510,35228,201282,118361
1900-01-01 21:52:45,8088.5,10182,8089.0,267801,53661,22346,31315,-257619
1900-01-01 21:53:00,8086.0,38625,8086.5,551310,9272,216395,-207123,-512685
1900-01-01 21:53:15,8086.0,143833,8086.5,569370,23551,17408,6143,-425537
1900-01-01 21:53:30,8084.0,13587,8084.5,626114,12664,134552,-121888,-612527
1900-01-01 21:53:45,8077.0,762059,8077.5,195489,122443,306795,-184352,566570
1900-01-01 21:54:00,8084.5,287616,8085.0,514930,119780,74207,45573,-227314
1900-01-01 21:54:15,8084.5,1093407,8085.0,24853,75441,9448,65993,1068554
1900-01-01 21:54:30,8084.5,496053,8085.0,351034,115371,10007,105364,145019
1900-01-01 21:54:45,8084.5,21827,8085.0,732528,21374,140303,-118929,-710701
1900-01-01 21:55:00,8084.5,549421,8085.0,103001,138476,50229,88247,446420
1900-01-01 21:55:15,8084.5,654269,8085.0,51740,39072,13710,25362,602529
1900-01-01 21:55:30,8086.5,36248,8087.0,1206798,177480,10757,166723,-1170550
1900-01-01 21:55:45,8082.5,840272,8083.0,312405,93948,42503,51445,527867
1900-01-01 21:56:00,8077.0,1096349,8077.5,50046,41334,118911,-77577,1046303
1900-01-01 21:56:15,8079.0,5429,8079.5,765647,30414,132922,-102508,-760218
1900-01-01 21:56:30,8075.5,18321,8076.0,568320,5344,71178,-65834,-549999
1900-01-01 21:56:45,8075.0,775428,8075.5,656782,4086,52666,-48580,118646
1900-01-01 21:57:00,8075.0,423575,8075.5,690925,23212,68428,-45216,-267350
1900-01-01 21:57:15,8075.0,702824,8075.5,569512,38463,45101,-6638,133312
1900-01-01 21:57:30,8075.0,1071713,8075.5,92913,54856,1317,53539,978800
1900-01-01 21:57:45,8077.5,566141,8078.0,42043,43894,2774,41120,524098
1900-01-01 21:58:00,8079.0,177050,8079.5,1021777,66621,17444,49177,-844727
1900-01-01 21:58:15,8079.0,12337,8079.5,1401491,3170,52569,-49399,-1389154
1900-01-01 21:58:30,8077.5,87364,8078.0,1082835,22878,70842,-47964,-995471
1900-01-01 21:58:45,8077.0,266051,8077.5,710692,3468,42891,-39423,-444641
1900-01-01 21:59:00,8077.0,1083573,8077.5,49771,32108,86275,-54167,1033802
1900-01-01 21:59:15,8079.5,785182,8080.0,388801,172053,37150,134903,396381
1900-01-01 21:59:30,8083.5,167653,8084.0,776772,170025,13170,156855,-609119
1900-01-01 21:59:45,8085.0,239945,8085.5,342986,36000,53673,-17673,-103041
1900-01-01 22:00:00,8082.5,45351,8083.0,712066,8125,44327,-36202,-666715
1900-01-01 22:00:15,8068.0,12809,8068.5,36066,22640,827959,-805319,-23257
1900-01-01 22:00:30,8070.5,662715,8071.0,386509,248124,101493,146631,276206
1900-01-01 22:00:45,8070.5,64120,8071.0,1044713,45780,195505,-149725,-980593
1900-01-01 22:01:00,8060.0,11586,8060.5,350510,7452,692225,-684773,-338924
1900-01-01 22:01:15,8050.5,132129,8051.0,891,145339,1501709,-1356370,131238
1900-01-01 22:01:30,8056.0,465582,8056.5,1005731,581384,475459,105925,-540149
1900-01-01 22:01:45,8049.0,1246,8049.5,1751879,13679,53221,-39542,-1750633
1900-01-01 22:02:00,8030.0,163989,8030.5,89666,44366,1414861,-1370495,74323
1900-01-01 22:02:15,8035.0,1133092,8035.5,16459,411590,674441,-262851,1116633
1900-01-01 22:02:30,8041.5,86697,8042.0,801073,272266,136045,136221,-714376
1900-01-01 22:02:45,8040.0,4624482,8040.5,643566,87912,225464,-137552,3980916
1900-01-01 22:03:00,8041.5,169643,8042.0,556894,160480,188996,-28516,-387251
1900-01-01 22:03:15,8041.5,332929,8042.0,708038,219039,225893,-6854,-375109
1900-01-01 22:03:30,8040.0,3694454,8040.5,403773,47080,1085878,-1038798,3290681
1900-01-01 22:03:45,8040.0,3440689,8040.5,588789,174800,1082515,-907715,2851900
1900-01-01 22:04:00,8040.0,3749957,8040.5,1040340,50687,392211,-341524,2709617
1900-01-01 22:04:15,8040.0,3173281,8040.5,952583,35464,967427,-931963,2220698
1900-01-01 22:04:30,8041.5,719265,8042.0,61912,507236,259596,247640,657353
1900-01-01 22:04:45,8047.5,568408,8048.0,706584,226926,934,225992,-138176
1900-01-01 22:05:00,8047.5,957429,8048.0,486189,1275553,72073,1203480,471240
1900-01-01 22:05:15,8047.5,1182330,8048.0,104592,123430,53521,69909,1077738
1900-01-01 22:05:30,8047.5,1760674,8048.0,1381,77764,21508,56256,1759293
1900-01-01 22:05:45,8048.0,87809,8048.5,2229826,168128,56657,111471,-2142017
1900-01-01 22:06:00,8044.5,49475,8045.0,450371,31594,49917,-18323,-400896
1900-01-01 22:06:15,8040.0,770661,8040.5,522355,14144,424177,-410033,248306
1900-01-01 22:06:30,8040.0,870165,8040.5,304503,108574,219803,-111229,565662
1900-01-01 22:06:45,8040.0,770562,8040.5,463054,4930,85970,-81040,307508
1900-01-01 22:07:00,8045.0,283014,8045.5,443313,95351,168089,-72738,-160299
1900-01-01 22:07:15,8042.5,336249,8043.0,561845,116496,41497,74999,-225596
1900-01-01 22:07:30,8040.0,707758,8040.5,617159,13700,430042,-416342,90599
1900-01-01 22:07:45,8033.5,676794,8034.0,57215,6434,609625,-603191,619579
1900-01-01 22:08:00,8040.0,153650,8040.5,730619,139741,139314,427,-576969
1900-01-01 22:08:15,8040.0,228690,8040.5,720455,16754,61948,-45194,-491765
1900-01-01 22:08:30,8040.0,1182611,8040.5,633362,167023,26672,140351,549249
1900-01-01 22:08:45,8040.0,1834205,8040.5,531081,37624,36299,1325,1303124
1900-01-01 22:09:00,8040.0,1271609,8040.5,29770,8804,1902,6902,1241839
1900-01-01 22:09:15,8047.0,966223,8047.5,269,278228,63584,214644,965954
1900-01-01 22:09:30,8054.5,182829,8055.0,780301,92872,4252,88620,-597472
1900-01-01 22:09:45,8060.0,252247,8060.5,280661,149393,453907,-304514,-28414
1900-01-01 22:10:00,8060.0,1265952,8060.5,106600,167370,228800,-61430,1159352
1900-01-01 22:10:15,8071.5,402795,8072.0,78089,350689,36805,313884,324706
1900-01-01 22:10:30,8080.5,345,8081.0,133443,331436,43478,287958,-133098
1900-01-01 22:10:45,8069.5,20200,8070.5,5664,27002,325358,-298356,14536
1900-01-01 22:11:00,8078.5,358561,8079.0,3496,112414,52856,59558,355065
1900-01-01 22:11:15,8083.0,591040,8083.5,40765,120077,29840,90237,550275
1900-01-01 22:11:30,8083.5,838801,8084.0,153934,206126,110320,95806,684867
1900-01-01 22:11:45,8084.0,136319,8084.5,762737,216558,33278,183280,-626418
1900-01-01 22:12:00,8073.0,43507,8073.5,27876,23448,1765795,-1742347,15631
1900-01-01 22:12:15,8072.5,877122,8073.0,34893,251846,348284,-96438,842229
1900-01-01 22:12:30,8073.0,1087513,8073.5,223,104898,13982,90916,1087290
1900-01-01 22:12:45,8077.5,40926,8078.0,807486,42893,19543,23350,-766560
1900-01-01 22:13:00,8077.5,176815,8078.0,1033582,17026,44153,-27127,-856767
1900-01-01 22:13:15,8076.0,859,8076.5,1438049,3240,172486,-169246,-1437190
1900-01-01 22:13:30,8074.0,587498,8074.5,648593,843530,119468,724062,-61095
1900-01-01 22:13:45,8074.0,300504,8074.5,646012,262442,31054,231388,-345508
1900-01-01 22:14:00,8061.0,1033507,8061.5,109473,5194,290155,-284961,924034
1900-01-01 22:14:15,8063.5,728036,8064.0,11829,183384,69456,113928,716207
1900-01-01 22:14:30,8066.0,111,8066.5,592650,214766,15577,199189,-592539
1900-01-01 22:14:45,8064.0,155761,8064.5,470462,10302,23108,-12806,-314701
1900-01-01 22:15:00,8064.0,498603,8064.5,552141,57978,19841,38137,-53538
1900-01-01 22:15:15,8064.0,940402,8064.5,67003,22816,20374,2442,873399
1900-01-01 22:15:30,8064.0,699616,8064.5,529164,49298,76170,-26872,170452
1900-01-01 22:15:45,8064.0,285715,8064.5,747650,130730,62548,68182,-461935
1900-01-01 22:16:00,8063.5,65219,8064.0,1229498,59424,406813,-347389,-1164279
1900-01-01 22:16:15,8052.5,417461,8053.0,110060,3406,153737,-150331,307401
1900-01-01 22:16:30,8052.5,823815,8053.0,420911,23622,1532139,-1508517,402904
1900-01-01 22:16:45,8055.5,136804,8056.0,497374,36233,141511,-105278,-360570
1900-01-01 22:17:00,8055.5,8529,8056.0,746681,466,149813,-149347,-738152
1900-01-01 22:17:15,8055.5,6015,8056.0,952490,52052,86813,-34761,-946475
1900-01-01 22:17:30,8055.5,13059,8056.0,1178416,13804,88753,-74949,-1165357
1900-01-01 22:17:45,8055.5,105080,8056.0,1358929,2400,66839,-64439,-1253849
1900-01-01 22:18:00,8055.5,17320,8056.0,1048489,2400,371194,-368794,-1031169
1900-01-01 22:18:15,8055.5,123418,8056.0,1076241,152,174900,-174748,-952823
1900-01-01 22:18:30,8055.5,67641,8056.0,1086383,17550,138030,-120480,-1018742
1900-01-01 22:18:45,8055.5,39852,8056.0,1555097,30100,81903,-51803,-1515245
1900-01-01 22:19:00,8055.5,128774,8056.0,1382994,202000,317093,-115093,-1254220
1900-01-01 22:19:15,8056.5,183009,8057.0,298027,340507,158074,182433,-115018
1900-01-01 22:19:30,8062.5,625607,8063.0,1039,316523,11650,304873,624568
1900-01-01 22:19:45,8066.0,876553,8066.5,360888,232966,4447,228519,515665
1900-01-01 22:20:00,8066.0,336554,8066.5,667123,424119,49876,374243,-330569
1900-01-01 22:20:15,8059.0,885,8059.5,144289,19637,134012,-114375,-143404
1900-01-01 22:20:30,8059.0,108064,8059.5,1099507,200,142928,-142728,-991443
1900-01-01 22:20:45,8059.0,106884,8059.5,1197778,200,10156,-9956,-1090894
1900-01-01 22:21:00,8059.0,692079,8059.5,250139,27200,61913,-34713,441940
1900-01-01 22:21:15,8062.5,427345,8063.0,480242,33413,32684,729,-52897
1900-01-01 22:21:30,8070.0,231155,8070.5,157364,110819,272884,-162065,73791
1900-01-01 22:21:45,8070.0,306612,8070.5,187831,33516,81408,-47892,118781
1900-01-01 22:22:00,8071.0,335237,8071.5,67677,159936,259962,-100026,267560
1900-01-01 22:22:15,8071.0,233810,8071.5,694873,83451,21483,61968,-461063
1900-01-01 22:22:30,8070.0,137581,8070.5,1341557,525,308439,-307914,-1203976
1900-01-01 22:22:45,8070.0,111425,8070.5,1613944,31300,64041,-32741,-1502519
1900-01-01 22:23:00,8069.5,5566,8070.0,1167857,3100,37046,-33946,-1162291
1900-01-01 22:23:15,8069.5,503855,8070.0,816465,80646,30722,49924,-312610
1900-01-01 22:23:30,8065.0,121931,8065.5,1560905,2600,86117,-83517,-1438974
1900-01-01 22:23:45,8056.0,1264800,8056.5,90309,23410,231697,-208287,1174491
1900-01-01 22:24:00,8056.0,911552,8056.5,274951,39326,16454,22872,636601
1900-01-01 22:24:15,8056.0,158425,8056.5,1002158,10743,10772,-29,-843733
1900-01-01 22:24:30,8063.5,437269,8064.0,44469,201965,109333,92632,392800
1900-01-01 22:24:45,8063.5,414990,8064.0,691070,74940,8512,66428,-276080
1900-01-01 22:25:00,8063.5,438668,8064.0,203637,118291,43165,75126,235031
1900-01-01 22:25:15,8063.5,267185,8064.0,742334,39714,37239,2475,-475149
1900-01-01 22:25:30,8065.0,1076391,8065.5,20421,3652,105250,-101598,1055970
1900-01-01 22:25:45,8069.0,737184,8069.5,58017,146421,3672,142749,679167
1900-01-01 22:26:00,8070.5,774498,8071.0,2101,56212,22015,34197,772397
1900-01-01 22:26:15,8071.0,1439775,8071.5,512,167368,50834,116534,1439263
1900-01-01 22:26:30,8071.5,798833,8072.0,55072,43472,3012,40460,743761
1900-01-01 22:26:45,8072.0,1248174,8072.5,11629,86496,100752,-14256,1236545
1900-01-01 22:27:00,8072.5,989621,8073.0,48416,77508,15959,61549,941205
1900-01-01 22:27:15,8079.5,49407,8080.0,181554,102931,13836,89095,-132147
1900-01-01 22:27:30,8079.5,282755,8080.0,322383,104631,19580,85051,-39628
1900-01-01 22:27:45,8079.5,201978,8080.0,346458,26833,40466,-13633,-144480
1900-01-01 22:28:00,8079.5,188126,8080.0,456499,169320,89736,79584,-268373
1900-01-01 22:28:15,8079.5,136236,8080.0,587241,22350,77088,-54738,-451005
1900-01-01 22:28:30,8079.5,232504,8080.0,511585,66602,151800,-85198,-279081
1900-01-01 22:28:45,8080.0,234329,8080.5,45514,18998,102840,-83842,188815
1900-01-01 22:29:00,8080.0,396035,8080.5,386582,40088,53956,-13868,9453
1900-01-01 22:29:15,8080.0,949157,8080.5,47602,72978,32397,40581,901555
1900-01-01 22:29:30,8083.0,1299453,8083.5,5043,35344,4592,30752,1294410
1900-01-01 22:29:45,8086.5,583085,8087.0,12613,195525,42219,153306,570472
1900-01-01 22:30:00,8086.5,865886,8087.0,18936,90141,64139,26002,846950
1900-01-01 22:30:15,8089.0,13129,8089.5,8433,85353,31082,54271,4696
1900-01-01 22:30:30,8089.5,324328,8090.0,528932,82425,37961,44464,-204604
1900-01-01 22:30:45,8089.5,646879,8090.0,292549,58926,55035,3891,354330
1900-01-01 22:31:00,8089.5,688151,8090.0,610338,277578,36694,240884,77813
1900-01-01 22:31:15,8089.5,614466,8090.0,627454,22511,49305,-26794,-12988
1900-01-01 22:31:30,8089.5,229979,8090.0,588912,81032,12960,68072,-358933
1900-01-01 22:31:45,8089.5,730202,8090.0,325332,173100,42839,130261,404870
1900-01-01 22:32:00,8089.5,179215,8090.0,808644,20680,52354,-31674,-629429
1900-01-01 22:32:15,8089.5,136785,8090.0,646970,119462,111930,7532,-510185
1900-01-01 22:32:30,8089.5,801251,8090.0,282566,45708,66770,-21062,518685
1900-01-01 22:32:45,8089.5,855176,8090.0,70879,214555,39945,174610,784297
1900-01-01 22:33:00,8089.5,100978,8090.0,448900,20626,137426,-116800,-347922
1900-01-01 22:33:15,8088.0,106703,8088.5,727728,10050,132002,-121952,-621025
1900-01-01 22:33:30,8086.0,19483,8086.5,514822,286,92752,-92466,-495339
1900-01-01 22:33:45,8087.0,1400107,8087.5,316212,91690,88163,3527,1083895
1900-01-01 22:34:00,8090.5,593692,8091.0,41872,79628,24206,55422,551820
1900-01-01 22:34:15,8104.0,109931,8104.5,463812,673434,60528,612906,-353881
1900-01-01 22:34:30,8109.5,165313,8110.0,187454,1480884,25200,1455684,-22141
1900-01-01 22:34:45,8140.5,85622,8141.5,14960,7459947,317359,7142588,70662
1900-01-01 22:35:00,8122.0,117068,8122.5,15043,429693,764746,-335053,102025
1900-01-01 22:35:15,8127.0,833002,8127.5,110739,726873,618704,108169,722263
1900-01-01 22:35:30,8136.0,596256,8136.5,1076544,705126,227183,477943,-480288
1900-01-01 22:35:45,8142.5,228901,8143.0,1122534,579619,475555,104064,-893633
1900-01-01 22:36:00,8143.0,173101,8143.5,46082,1590004,512999,1077005,127019
1900-01-01 22:36:15,8149.5,162206,8150.0,1445735,2150492,186428,1964064,-1283529
1900-01-01 22:36:30,8149.5,405791,8150.0,1341457,1715970,553631,1162339,-935666
1900-01-01 22:36:45,8149.5,1218849,8150.0,2324,1198813,230939,967874,1216525
1900-01-01 22:37:00,8156.0,11698,8156.5,4856,1161908,58852,1103056,6842
1900-01-01 22:37:15,8155.5,8251,8156.0,1266183,301814,217097,84717,-1257932
1900-01-01 22:37:30,8152.0,486519,8152.5,12207,965900,270200,695700,474312
1900-01-01 22:37:45,8160.0,154049,8160.5,23,1070544,182077,888467,154026
1900-01-01 22:38:00,8175.5,74132,8176.0,21331,1777579,892675,884904,52801
1900-01-01 22:38:15,8189.5,7460,8190.0,1285043,2189032,193244,1995788,-1277583
1900-01-01 22:38:30,8189.5,150350,8190.0,25846,2603573,461677,2141896,124504
1900-01-01 22:38:45,8194.0,533746,8194.5,196990,1121178,767278,353900,336756
1900-01-01 22:39:00,8194.0,7424,8194.5,547021,989726,700348,289378,-539597
1900-01-01 22:39:15,8191.5,651733,8192.0,210266,648366,444076,204290,441467
1900-01-01 22:39:30,8199.5,698295,8200.0,1210405,2177524,499064,1678460,-512110
1900-01-01 22:39:45,8215.5,3419,8240.0,2618823,4417464,239959,4177505,-2615404
1900-01-01 22:40:00,8213.5,43101,8214.0,58855,36012406,1042525,34969881,-15754
1900-01-01 22:40:15,8173.5,4114,8174.0,24595,317474,1666326,-1348852,-20481
1900-01-01 22:40:30,8164.5,93677,8169.0,23,435739,2086312,-1650573,93654
1900-01-01 22:40:45,8152.0,6383,8152.5,20177,226680,799544,-572864,-13794
1900-01-01 22:41:00,8166.0,6864,8167.0,16462,2431590,562504,1869086,-9598
1900-01-01 22:41:15,8171.0,458,8171.5,120682,1080750,77382,1003368,-120224
1900-01-01 22:41:30,8203.0,222464,8203.5,522270,868066,437133,430933,-299806
1900-01-01 22:41:45,8200.0,614010,8200.5,972533,671584,4868222,-4196638,-358523
1900-01-01 22:42:00,8192.5,379839,8193.0,664623,787169,1124549,-337380,-284784
1900-01-01 22:42:15,8197.5,1126038,8198.0,20754,695107,565200,129907,1105284
1900-01-01 22:42:30,8212.5,1170425,8213.0,6227,821534,239879,581655,1164198
1900-01-01 22:42:45,8218.0,77943,8218.5,625022,1964165,749853,1214312,-547079
1900-01-01 22:43:00,8177.5,65539,8178.5,1096,132495,679334,-546839,64443
1900-01-01 22:43:15,8195.5,80349,8196.0,98206,978906,155989,822917,-17857
1900-01-01 22:43:30,8188.0,843735,8188.5,19173,470740,1197111,-726371,824562
1900-01-01 22:43:45,8190.5,176509,8191.0,590191,642059,175265,466794,-413682
1900-01-01 22:44:00,8190.0,375023,8190.5,734941,189364,181310,8054,-359918
1900-01-01 22:44:15,8213.5,97830,8215.5,96718,672643,316365,356278,1112
1900-01-01 22:44:30,8216.5,3032,8217.0,24585,261401,94907,166494,-21553
1900-01-01 22:44:45,8214.0,366171,8214.5,598025,188956,319701,-130745,-231854
1900-01-01 22:45:00,8222.5,10376,8223.0,51586,522678,274473,248205,-41210
1900-01-01 22:45:15,8228.5,332,8233.0,226097,1320271,210346,1109925,-225765
1900-01-01 22:45:30,8237.0,9992,8237.5,53808,1371796,499338,872458,-43816
1900-01-01 22:45:45,8240.0,560049,8240.5,58520,715762,233649,482113,501529
1900-01-01 22:46:00,8234.0,923725,8234.5,165429,279581,434662,-155081,758296
1900-01-01 22:46:15,8239.0,1078750,8239.5,65107,306355,473187,-166832,1013643
1900-01-01 22:46:30,8247.0,1379975,8247.5,172917,692103,220513,471590,1207058
1900-01-01 22:46:45,8259.0,124478,8259.5,116280,1607904,585501,1022403,8198
1900-01-01 22:47:00,8272.0,307556,8272.5,407841,2346565,530498,1816067,-100285
1900-01-01 22:47:15,8261.0,60472,8261.5,313431,1041479,626987,414492,-252959
1900-01-01 22:47:30,8188.0,53633,8256.0,44566,650474,1083146,-432672,9067
1900-01-01 22:47:45,8216.0,179566,8216.5,5899,395490,1010672,-615182,173667
1900-01-01 22:48:00,8221.5,19292,8222.0,87138,158801,382469,-223668,-67846
1900-01-01 22:48:15,8211.5,46291,8212.0,24850,198985,992491,-793506,21441
1900-01-01 22:48:30,8211.5,277945,8212.0,355011,266217,413510,-147293,-77066
1900-01-01 22:48:45,8202.0,345320,8202.5,352514,244639,709728,-465089,-7194
1900-01-01 22:49:00,8193.0,991654,8193.5,53839,413067,554065,-140998,937815
1900-01-01 22:49:15,8197.5,2115,8198.0,857638,721735,430414,291321,-855523
1900-01-01 22:49:30,8197.5,366176,8201.5,1,681018,384841,296177,366175
1900-01-01 22:49:45,8209.5,2681,8210.0,280626,660136,49292,610844,-277945
1900-01-01 22:50:00,8208.5,1410423,8209.0,16422,206663,254917,-48254,1394001
1900-01-01 22:50:15,8214.5,701570,8215.0,20620,685169,137818,547351,680950
1900-01-01 22:50:30,8219.5,843053,8220.0,13168,312746,56058,256688,829885
1900-01-01 22:50:45,8208.0,1111,8208.5,15920,195479,291397,-95918,-14809
1900-01-01 22:51:00,8197.0,112754,8197.5,284579,60793,1253275,-1192482,-171825
1900-01-01 22:51:15,8193.5,176386,8194.0,19734,134715,1805764,-1671049,156652
1900-01-01 22:51:30,8187.5,51685,8188.0,316616,277327,295095,-17768,-264931
1900-01-01 22:51:45,8190.5,747956,8192.0,190090,284802,168809,115993,557866
1900-01-01 22:52:00,8185.0,749485,8185.5,438475,390287,258783,131504,311010
1900-01-01 22:52:15,8189.0,7560,8189.5,94446,213675,209953,3722,-86886
1900-01-01 22:52:30,8188.0,810182,8188.5,9885,287875,281940,5935,800297
1900-01-01 22:52:45,8197.5,71137,8198.0,49867,138740,330131,-191391,21270
1900-01-01 22:53:00,8193.5,503326,8194.0,198401,346364,627213,-280849,304925
1900-01-01 22:53:15,8197.0,172437,8197.5,956965,101527,256649,-155122,-784528
1900-01-01 22:53:30,8199.5,671798,8200.0,29047,376005,351646,24359,642751
1900-01-01 22:53:45,8199.5,85040,8200.0,260993,631748,147217,484531,-175953
1900-01-01 22:54:00,8208.0,49917,8208.5,42699,285770,84164,201606,7218
1900-01-01 22:54:15,8207.0,505542,8207.5,517669,379077,77510,301567,-12127
1900-01-01 22:54:30,8207.0,601595,8207.5,781094,97972,101100,-3128,-179499
1900-01-01 22:54:45,8199.5,83345,8200.0,2773958,529978,163814,366164,-2690613
1900-01-01 22:55:00,8195.0,71792,8195.5,548485,65154,94481,-29327,-476693
1900-01-01 22:55:15,8208.0,261284,8208.5,390372,378281,232907,145374,-129088
1900-01-01 22:55:30,8199.5,709245,8200.0,1238521,2512243,47205,2465038,-529276
1900-01-01 22:55:45,8199.5,589846,8200.0,372137,1645405,377986,1267419,217709
1900-01-01 22:56:00,8205.0,996045,8205.5,27678,137647,118644,19003,968367
1900-01-01 22:56:15,8213.0,469760,8213.5,30890,398029,24218,373811,438870
1900-01-01 22:56:30,8229.5,83065,8230.0,75588,609902,25142,584760,7477
1900-01-01 22:56:45,8229.5,2450,8230.5,160174,388106,148482,239624,-157724
1900-01-01 22:57:00,8233.0,745657,8233.5,100724,285319,311392,-26073,644933
1900-01-01 22:57:15,8229.0,103054,8229.5,751352,298332,120199,178133,-648298
1900-01-01 22:57:30,8222.0,333081,8222.5,362810,58187,727557,-669370,-29729
1900-01-01 22:57:45,8222.0,498271,8222.5,468181,335796,202230,133566,30090
1900-01-01 22:58:00,8217.0,931691,8217.5,114889,36902,41582,-4680,816802
1900-01-01 22:58:15,8220.5,1048882,8221.0,24536,100291,13910,86381,1024346
1900-01-01 22:58:30,8222.0,996846,8222.5,34997,152473,22106,130367,961849
1900-01-01 22:58:45,8205.5,77136,8206.0,266328,325241,484194,-158953,-189192
1900-01-01 22:59:00,8219.0,260413,8219.5,50472,147453,181362,-33909,209941
1900-01-01 22:59:15,8234.5,12231,8235.0,200403,270394,589634,-319240,-188172
1900-01-01 22:59:30,8222.0,4960,8222.5,289716,185350,149780,35570,-284756
1900-01-01 22:59:45,8221.0,8331,8221.5,1496668,103694,22642,81052,-1488337
1900-01-01 23:34:00,8215.0,130097,8215.5,112276,18860,9191,9669,17821
1900-01-01 23:34:15,8210.0,530181,8210.5,473918,351868,2083732,-1731864,56263
1900-01-01 23:34:30,8203.0,698769,8203.5,6211,580801,832729,-251928,692558
1900-01-01 23:34:45,8219.0,1129522,8219.5,268662,292499,318910,-26411,860860
1900-01-01 23:35:00,8229.5,605128,8230.0,74655,343974,85570,258404,530473
1900-01-01 23:35:15,8219.5,18786,8220.0,440305,544289,168470,375819,-421519
1900-01-01 23:35:30,8229.5,428021,8230.0,80956,252736,21347,231389,347065
1900-01-01 23:35:45,8226.0,7528,8226.5,42334,116824,161700,-44876,-34806
1900-01-01 23:36:00,8229.5,363496,8230.0,337426,31371,81126,-49755,26070
1900-01-01 23:36:15,8222.0,117619,8222.5,744911,223609,443509,-219900,-627292
1900-01-01 23:36:30,8220.0,494273,8220.5,7915,60378,862586,-802208,486358
1900-01-01 23:36:45,8219.5,6464,8220.0,537065,71708,271354,-199646,-530601
1900-01-01 23:37:00,8227.5,533977,8228.0,5644,95294,14961,80333,528333
1900-01-01 23:37:15,8227.5,625,8228.0,517995,189778,56557,133221,-517370
1900-01-01 23:37:30,8233.0,129779,8233.5,600187,27250,692042,-664792,-470408
1900-01-01 23:37:45,8226.0,236877,8226.5,1099772,19461,63111,-43650,-862895
1900-01-01 23:38:00,8229.5,500902,8230.0,183620,583480,37440,546040,317282
1900-01-01 23:38:15,8225.5,1587,8226.0,575176,136291,60486,75805,-573589
1900-01-01 23:38:30,8220.5,45478,8221.0,646027,25638,140438,-114800,-600549
1900-01-01 23:38:45,8220.0,91330,8220.5,418510,20158,95863,-75705,-327180
1900-01-01 23:39:00,8221.5,41005,8222.0,989639,239126,52013,187113,-948634
1900-01-01 23:39:15,8213.5,246786,8214.0,287455,32152,180103,-147951,-40669
1900-01-01 23:39:30,8217.5,98378,8218.0,612934,195109,193702,1407,-514556
1900-01-01 23:39:45,8217.5,483399,8218.0,449119,183488,160868,22620,34280
1900-01-01 23:40:00,8217.5,546288,8218.0,359814,482509,70542,411967,186474
1900-01-01 23:40:15,8221.0,8039,8221.5,776168,104417,393093,-288676,-768129
1900-01-01 23:40:30,8220.0,677673,8220.5,24146,121516,1001778,-880262,653527
1900-01-01 23:40:45,8222.5,177641,8223.0,688286,166968,94189,72779,-510645
1900-01-01 23:41:00,8218.5,46468,8219.0,600244,44501,154953,-110452,-553776
1900-01-01 23:41:15,8215.0,274904,8215.5,109785,132578,246469,-113891,165119
1900-01-01 23:41:30,8215.0,667692,8215.5,195980,103460,31445,72015,471712
1900-01-01 23:41:45,8214.5,71831,8215.0,410215,106666,501905,-395239,-338384
1900-01-01 23:42:00,8211.0,234580,8211.5,521901,257194,272546,-15352,-287321
1900-01-01 23:42:15,8211.0,356529,8211.5,532299,165592,888331,-722739,-175770
1900-01-01 23:42:30,8211.0,542869,8211.5,239318,47926,226853,-178927,303551
1900-01-01 23:42:45,8214.5,1241345,8215.0,32433,59224,141036,-81812,1208912
1900-01-01 23:43:00,8214.5,69501,8215.0,943562,63467,230110,-166643,-874061
1900-01-01 23:43:15,8210.0,253870,8210.5,679929,207850,113910,93940,-426059
1900-01-01 23:43:30,8203.0,136899,8203.5,686976,21952,315467,-293515,-550077
1900-01-01 23:43:45,8202.5,155105,8203.0,1126958,44728,573604,-528876,-971853
1900-01-01 23:44:00,8190.0,37766,8193.0,12000,119790,2096037,-1976247,25766
1900-01-01 23:44:15,8192.0,8960,8192.5,18612,463190,1311640,-848450,-9652
1900-01-01 23:44:30,8203.0,27296,8203.5,1037865,2258079,432560,1825519,-1010569
1900-01-01 23:44:45,8199.5,910260,8200.0,21904,289000,219514,69486,888356
1900-01-01 23:45:00,8204.5,196038,8205.0,324692,1399873,186279,1213594,-128654
1900-01-01 23:45:15,8216.0,214268,8216.5,99391,627023,19954,607069,114877
1900-01-01 23:45:30,8214.5,20,8215.0,1087792,280830,75300,205530,-1087772
1900-01-01 23:45:45,8214.5,790160,8215.0,211143,606722,60880,545842,579017
1900-01-01 23:46:00,8217.5,826196,8218.0,28775,208050,21953,186097,797421
1900-01-01 23:46:15,8219.5,142877,8220.0,551024,289026,18046,270980,-408147
1900-01-01 23:46:30,8218.0,215196,8218.5,396896,77330,105195,-27865,-181700
1900-01-01 23:46:45,8221.5,826412,8222.0,20041,406083,39328,366755,806371
1900-01-01 23:47:00,8225.0,829495,8225.5,147734,363614,44622,318992,681761
1900-01-01 23:47:15,8227.5,1253839,8228.0,100923,354811,128312,226499,1152916
1900-01-01 23:47:30,8235.5,508046,8236.0,7171,247910,12826,235084,500875
1900-01-01 23:47:45,8234.5,525,8235.0,13806,726929,231931,494998,-13281
1900-01-01 23:48:00,8241.5,113540,8242.0,42,101120,119597,-18477,113498
1900-01-01 23:48:15,8243.5,433158,8244.0,299323,324742,56898,267844,133835
1900-01-01 23:48:30,8244.5,1042883,8245.0,90638,423779,8242,415537,952245
1900-01-01 23:48:45,8244.5,1027195,8245.0,3489,132380,37878,94502,1023706
1900-01-01 23:49:00,8241.5,350160,8242.0,732511,111818,166743,-54925,-382351
1900-01-01 23:49:15,8245.5,2294,8246.0,422985,387467,271987,115480,-420691
1900-01-01 23:49:30,8241.5,214585,8242.0,699326,32876,172049,-139173,-484741
1900-01-01 23:49:45,8235.5,303744,8236.0,1788,45622,293583,-247961,301956
1900-01-01 23:50:00,8236.0,686145,8236.5,1362392,31723,27047,4676,-676247
1900-01-01 23:50:15,8232.0,424781,8232.5,324097,25202,968799,-943597,100684
1900-01-01 23:50:30,8234.0,299692,8234.5,1045173,216336,70660,145676,-745481
1900-01-01 23:50:45,8234.0,28862,8234.5,1293163,245816,132561,113255,-1264301
1900-01-01 23:51:00,8231.5,54600,8232.0,769560,71481,120017,-48536,-714960
1900-01-01 23:51:15,8230.5,21646,8231.0,1126171,115008,350485,-235477,-1104525
1900-01-01 23:51:30,8230.0,58737,8230.5,1426398,64497,76229,-11732,-1367661
1900-01-01 23:51:45,8229.5,56951,8230.0,1058044,61743,71614,-9871,-1001093
1900-01-01 23:52:00,8229.0,436823,8229.5,649107,99010,82408,16602,-212284
1900-01-01 23:52:15,8232.0,4867,8232.5,15668,196899,180057,16842,-10801
1900-01-01 23:52:30,8235.5,897376,8236.0,26228,49061,28342,20719,871148
1900-01-01 23:52:45,8237.5,813486,8238.0,93393,659652,41720,617932,720093
1900-01-01 23:53:00,8239.5,163433,8240.0,648537,325116,166848,158268,-485104
1900-01-01 23:53:15,8239.5,548066,8240.0,48817,106603,31625,74978,499249
1900-01-01 23:53:30,8228.0,604519,8228.5,58395,77911,229362,-151451,546124
1900-01-01 23:53:45,8228.0,978199,8228.5,73874,402832,46566,356266,904325
1900-01-01 23:54:00,8231.0,9954,8231.5,1060241,31692,352508,-320816,-1050287
1900-01-01 23:54:15,8225.0,211697,8225.5,638190,28976,255851,-226875,-426493
1900-01-01 23:54:30,8212.5,2129,8214.0,140453,79264,109692,-30428,-138324
1900-01-01 23:54:45,8211.5,340234,8212.0,6396,369911,570847,-200936,333838
1900-01-01 23:55:00,8213.0,244910,8213.5,597117,184712,40702,144010,-352207
1900-01-01 23:55:15,8201.5,25943,8202.0,144628,117092,116102,990,-118685
1900-01-01 23:55:30,8208.0,285900,8211.0,129964,364063,652669,-288606,155936
1900-01-01 23:55:45,8225.5,6209,8228.0,2200,249756,443125,-193369,4009
1900-01-01 23:56:00,8223.5,370653,8224.0,51411,449378,177329,272049,319242
1900-01-01 23:56:15,8212.0,177927,8212.5,349348,28822,1218662,-1189840,-171421
1900-01-01 23:56:30,8191.5,584551,8192.0,55814,190363,1026316,-835953,528737
1900-01-01 23:56:45,8197.5,1804374,8198.0,510092,151308,275373,-124065,1294282
1900-01-01 23:57:00,8208.5,662000,8209.0,59692,1915612,61348,1854264,602308
1900-01-01 23:57:15,8200.5,486264,8201.0,160686,130871,266112,-135241,325578
1900-01-01 23:57:30,8205.0,40600,8205.5,498310,154840,140418,14422,-457710
1900-01-01 23:57:45,8202.0,479626,8202.5,649966,246179,93816,152363,-170340
1900-01-01 23:58:00,8194.0,317584,8194.5,283866,65645,204822,-139177,33718
1900-01-01 23:58:15,8202.0,464384,8202.5,841359,543296,99673,443623,-376975
1900-01-01 23:58:30,8202.0,831132,8202.5,157550,216196,83165,133031,673582
1900-01-01 23:58:45,8198.5,1051692,8199.0,148291,220466,167577,52889,903401
1900-01-01 23:59:00,8193.5,15573,8194.0,694343,44365,188929,-144564,-678770
1900-01-01 23:59:15,8198.5,313417,8199.0,725653,177013,461229,-284216,-412236
1900-01-01 23:59:30,8193.5,403377,8194.0,824,85929,456859,-370930,402553
1900-01-01 23:59:45,8206.5,3254,8207.0,751806,1132443,176206,956237,-748552
