time,bid,bidSize,ask,askSize,buyMO,sellMO,buySellImb,orderImb,spread
1900-01-22 00:00:00,8010.5,17142,8011.0,28881,63687,171808,-108121,-11739,0.5
1900-01-22 00:00:15,8011.0,808160,8011.5,96250,181278,72424,108854,711910,0.5
1900-01-22 00:00:30,8020.5,702368,8021.0,2403,160161,14974,145187,699965,0.5
1900-01-22 00:00:45,8023.5,362931,8024.0,30678,49928,56605,-6677,332253,0.5
1900-01-22 00:01:00,8025.5,962516,8026.0,9533,276727,12163,264564,952983,0.5
1900-01-22 00:01:15,8031.0,632617,8031.5,8611,444170,59962,384208,624006,0.5
1900-01-22 00:01:30,8033.0,268260,8033.5,742559,515563,3004,512559,-474299,0.5
1900-01-22 00:01:45,8025.0,1239140,8025.5,316316,42383,134347,-91964,922824,0.5
1900-01-22 00:02:00,8031.5,27268,8032.0,7518,162358,27804,134554,19750,0.5
1900-01-22 00:02:15,8033.5,928248,8034.0,82674,146679,29182,117497,845574,0.5
1900-01-22 00:02:30,8034.5,1763388,8035.0,911740,583939,71964,511975,851648,0.5
1900-01-22 00:02:45,8024.0,10453,8024.5,429903,154799,123949,30850,-419450,0.5
1900-01-22 00:03:00,8024.0,844962,8024.5,225550,27366,89924,-62558,619412,0.5
1900-01-22 00:03:15,8034.5,965004,8035.0,1214805,321781,6240,315541,-249801,0.5
1900-01-22 00:03:30,8039.0,284199,8039.5,70199,445632,24064,421568,214000,0.5
1900-01-22 00:03:45,8040.0,483396,8040.5,408941,223859,18711,205148,74455,0.5
1900-01-22 00:04:00,8041.0,946714,8041.5,3901,234561,18698,215863,942813,0.5
1900-01-22 00:04:15,8041.5,833489,8042.0,18786,58053,247306,-189253,814703,0.5
1900-01-22 00:04:30,8043.5,798425,8044.0,102972,144450,22665,121785,695453,0.5
1900-01-22 00:04:45,8037.0,104822,8037.5,325114,204385,371307,-166922,-220292,0.5
1900-01-22 00:05:00,8037.0,38048,8037.5,385582,166251,158307,7944,-347534,0.5
1900-01-22 00:05:15,8037.5,887904,8038.0,130110,193454,109129,84325,757794,0.5
1900-01-22 00:05:30,8045.0,171084,8045.5,127235,213299,9770,203529,43849,0.5
1900-01-22 00:05:45,8041.5,1115181,8042.0,1351,32499,57512,-25013,1113830,0.5
1900-01-22 00:06:00,8044.0,315683,8044.5,329443,85376,22262,63114,-13760,0.5
1900-01-22 00:06:15,8044.0,434839,8044.5,475126,71324,65660,5664,-40287,0.5
1900-01-22 00:06:30,8038.0,20000,8038.5,41496,37985,84632,-46647,-21496,0.5
1900-01-22 00:06:45,8035.5,104187,8036.0,46,37728,157846,-120118,104141,0.5
1900-01-22 00:07:00,8033.5,9731,8034.0,248795,148062,62226,85836,-239064,0.5
1900-01-22 00:07:15,8030.5,125979,8031.0,382159,10021,245965,-235944,-256180,0.5
1900-01-22 00:07:30,8030.5,50248,8031.0,511404,2105,37744,-35639,-461156,0.5
1900-01-22 00:07:45,8032.0,471841,8032.5,21103,56471,3500,52971,450738,0.5
1900-01-22 00:08:00,8042.0,208375,8042.5,55863,80674,32991,47683,152512,0.5
1900-01-22 00:08:15,8042.0,795069,8042.5,117984,101906,9325,92581,677085,0.5
1900-01-22 00:08:30,8049.0,248476,8049.5,62363,132209,8905,123304,186113,0.5
1900-01-22 00:08:45,8049.0,493270,8049.5,241418,164899,6212,158687,251852,0.5
1900-01-22 00:09:00,8049.5,522069,8050.0,52580,128228,62956,65272,469489,0.5
1900-01-22 00:09:15,8050.5,26457,8051.0,560629,104395,15651,88744,-534172,0.5
1900-01-22 00:09:30,8048.0,81520,8048.5,495141,89356,85812,3544,-413621,0.5
1900-01-22 00:09:45,8044.0,203246,8044.5,551591,116386,120940,-4554,-348345,0.5
1900-01-22 00:10:00,8047.5,90599,8048.0,20199,107055,75079,31976,70400,0.5
1900-01-22 00:10:15,8049.0,646277,8049.5,52440,89239,10709,78530,593837,0.5
1900-01-22 00:10:30,8062.5,76962,8064.0,8559,259048,4893,254155,68403,1.5
1900-01-22 00:10:45,8067.5,77455,8068.0,192073,95947,17710,78237,-114618,0.5
1900-01-22 00:11:00,8052.0,526983,8052.5,108097,27609,460245,-432636,418886,0.5
1900-01-22 00:11:15,8061.0,94280,8061.5,10075,72893,48127,24766,84205,0.5
1900-01-22 00:11:30,8058.5,336768,8059.0,74048,125898,27027,98871,262720,0.5
1900-01-22 00:11:45,8057.0,590627,8057.5,177821,69860,62990,6870,412806,0.5
1900-01-22 00:12:00,8052.0,230009,8052.5,615099,71249,115095,-43846,-385090,0.5
1900-01-22 00:12:15,8053.5,266882,8054.0,350130,4781,47061,-42280,-83248,0.5
1900-01-22 00:12:30,8049.5,24907,8050.0,339179,7674,72686,-65012,-314272,0.5
1900-01-22 00:12:45,8044.0,17301,8044.5,488614,154,185354,-185200,-471313,0.5
1900-01-22 00:13:00,8043.0,4260,8043.5,42668,31696,359625,-327929,-38408,0.5
1900-01-22 00:13:15,8039.0,80638,8039.5,169086,30310,231764,-201454,-88448,0.5
1900-01-22 00:13:30,8036.5,818549,8037.0,257309,22681,238485,-215804,561240,0.5
1900-01-22 00:13:45,8036.5,380112,8037.0,655718,49224,3284,45940,-275606,0.5
1900-01-22 00:14:00,8036.5,780763,8037.0,71801,92990,16769,76221,708962,0.5
1900-01-22 00:14:15,8039.5,477830,8040.0,220594,52243,5835,46408,257236,0.5
1900-01-22 00:14:30,8039.5,641582,8040.0,452250,22353,3905,18448,189332,0.5
1900-01-22 00:14:45,8040.0,268486,8040.5,509189,32869,7807,25062,-240703,0.5
1900-01-22 00:15:00,8040.0,162920,8040.5,820270,11627,25373,-13746,-657350,0.5
1900-01-22 00:15:15,8040.0,324657,8040.5,644427,10269,78215,-67946,-319770,0.5
1900-01-22 00:15:30,8040.0,284802,8040.5,935564,10899,90852,-79953,-650762,0.5
1900-01-22 00:15:45,8040.0,311663,8040.5,731284,9993,12358,-2365,-419621,0.5
1900-01-22 00:16:00,8040.0,230045,8040.5,859535,560,78982,-78422,-629490,0.5
1900-01-22 00:16:15,8038.0,666119,8038.5,321244,1240,68795,-67555,344875,0.5
1900-01-22 00:16:30,8038.0,303249,8038.5,998971,3513,66228,-62715,-695722,0.5
1900-01-22 00:16:45,8036.5,115058,8037.0,774271,1802,63689,-61887,-659213,0.5
1900-01-22 00:17:00,8028.0,23619,8028.5,43304,17872,317337,-299465,-19685,0.5
1900-01-22 00:17:15,8021.5,253224,8022.0,222087,8800,329478,-320678,31137,0.5
1900-01-22 00:17:30,8022.5,251297,8023.0,12387,91554,58177,33377,238910,0.5
1900-01-22 00:17:45,8019.0,184324,8019.5,1287566,20681,339582,-318901,-1103242,0.5
1900-01-22 00:18:00,8020.0,11500,8022.5,33587,119580,299007,-179427,-22087,2.5
1900-01-22 00:18:15,8024.5,387909,8025.0,317607,161319,44823,116496,70302,0.5
1900-01-22 00:18:30,8029.5,368982,8030.0,253960,130769,4298,126471,115022,0.5
1900-01-22 00:18:45,8024.5,165336,8025.0,895997,38899,97876,-58977,-730661,0.5
1900-01-22 00:19:00,8022.5,22,8023.0,1078492,22600,56920,-34320,-1078470,0.5
1900-01-22 00:19:15,8019.5,72056,8020.0,1161179,12090,156866,-144776,-1089123,0.5
1900-01-22 00:19:30,8018.5,491002,8019.0,283502,10934,17563,-6629,207500,0.5
1900-01-22 00:19:45,8020.0,552274,8020.5,109086,46415,57896,-11481,443188,0.5
1900-01-22 00:20:00,8020.0,565194,8020.5,86136,55647,15199,40448,479058,0.5
1900-01-22 00:20:15,8020.0,674261,8020.5,30444,18985,31466,-12481,643817,0.5
1900-01-22 00:20:30,8022.5,492578,8023.0,51126,99457,6001,93456,441452,0.5
1900-01-22 00:20:45,8020.0,78955,8020.5,999474,36123,28635,7488,-920519,0.5
1900-01-22 00:21:00,8015.0,72214,8015.5,720225,8511,81799,-73288,-648011,0.5
1900-01-22 00:21:15,8012.5,320430,8013.0,294987,5500,109708,-104208,25443,0.5
1900-01-22 00:21:30,8012.0,24176,8012.5,1269860,70753,99854,-29101,-1245684,0.5
1900-01-22 00:21:45,8008.5,75830,8009.0,719058,25507,185638,-160131,-643228,0.5
1900-01-22 00:22:00,8008.0,664825,8008.5,54474,37067,63653,-26586,610351,0.5
1900-01-22 00:22:15,8012.0,451550,8012.5,352405,57492,61064,-3572,99145,0.5
1900-01-22 00:22:30,8009.0,282365,8009.5,524417,34476,92943,-58467,-242052,0.5
1900-01-22 00:22:45,8000.0,1168189,8000.5,557774,89967,466190,-376223,610415,0.5
1900-01-22 00:23:00,8014.5,201585,8015.0,432453,429423,137494,291929,-230868,0.5
1900-01-22 00:23:15,8014.5,998638,8015.0,27743,166837,13270,153567,970895,0.5
1900-01-22 00:23:30,8018.0,120517,8018.5,646374,50043,54585,-4542,-525857,0.5
1900-01-22 00:23:45,8018.0,691470,8018.5,113727,62381,28120,34261,577743,0.5
1900-01-22 00:24:00,8018.0,527172,8018.5,207076,22167,14465,7702,320096,0.5
1900-01-22 00:24:15,8017.0,155461,8017.5,754353,9608,82437,-72829,-598892,0.5
1900-01-22 00:24:30,8008.0,5600,8009.0,18199,21728,69775,-48047,-12599,1.0
1900-01-22 00:24:45,8007.0,960744,8007.5,19121,19348,124627,-105279,941623,0.5
1900-01-22 00:25:00,8010.5,32912,8011.0,3633063,14490,39246,-24756,-3600151,0.5
1900-01-22 00:25:15,8010.0,2349,8010.5,884463,15272,46093,-30821,-882114,0.5
1900-01-22 00:25:30,8008.0,623088,8008.5,33975,2519,48313,-45794,589113,0.5
1900-01-22 00:25:45,8011.5,871855,8012.0,47923,111194,1073,110121,823932,0.5
1900-01-22 00:26:00,8017.0,136628,8017.5,702765,123653,11029,112624,-566137,0.5
1900-01-22 00:26:15,8017.0,298600,8017.5,833968,20472,226,20246,-535368,0.5
1900-01-22 00:26:30,8016.5,980,8017.0,798696,35099,6672,28427,-797716,0.5
1900-01-22 00:26:45,8014.0,38812,8014.5,149674,23408,50115,-26707,-110862,0.5
1900-01-22 00:27:00,8012.5,23183,8013.0,780505,8391,32108,-23717,-757322,0.5
1900-01-22 00:27:15,8010.0,239777,8010.5,736055,136,17070,-16934,-496278,0.5
1900-01-22 00:27:30,8001.5,571438,8002.0,380224,11021,132525,-121504,191214,0.5
1900-01-22 00:27:45,8000.0,414449,8000.5,992111,18062,666241,-648179,-577662,0.5
1900-01-22 00:28:00,8000.0,1062888,8000.5,1101754,59001,447664,-388663,-38866,0.5
1900-01-22 00:28:15,8009.5,778047,8010.0,323733,150933,12820,138113,454314,0.5
1900-01-22 00:28:30,8009.5,757726,8010.0,137689,202844,7002,195842,620037,0.5
1900-01-22 00:28:45,8011.5,927085,8012.0,106716,90072,7911,82161,820369,0.5
1900-01-22 00:29:00,8015.0,564457,8015.5,427813,77444,5210,72234,136644,0.5
1900-01-22 00:29:15,8015.0,166165,8015.5,622194,60940,47390,13550,-456029,0.5
1900-01-22 00:29:30,8018.0,1142053,8018.5,141967,77061,14389,62672,1000086,0.5
1900-01-22 00:29:45,8018.0,839774,8018.5,109546,225695,1650,224045,730228,0.5
1900-01-22 00:30:00,8019.5,879334,8020.0,118241,83713,25037,58676,761093,0.5
1900-01-22 00:30:15,8027.0,404981,8027.5,5449,142047,48563,93484,399532,0.5
1900-01-22 00:30:30,8027.0,382038,8027.5,547099,57404,34754,22650,-165061,0.5
1900-01-22 00:30:45,8027.0,594061,8027.5,442157,59270,53980,5290,151904,0.5
1900-01-22 00:31:00,8023.0,1906,8023.5,644525,27990,75675,-47685,-642619,0.5
1900-01-22 00:31:15,8012.0,1056749,8012.5,392666,3088,240925,-237837,664083,0.5
1900-01-22 00:31:30,8012.0,888699,8012.5,664510,5207,244118,-238911,224189,0.5
1900-01-22 00:31:45,8012.5,1464836,8013.0,14373,16612,924,15688,1450463,0.5
1900-01-22 00:32:00,8013.5,939132,8014.0,248920,34750,12996,21754,690212,0.5
1900-01-22 00:32:15,8013.0,1073,8013.5,661805,3346,176324,-172978,-660732,0.5
1900-01-22 00:32:30,8011.0,48189,8011.5,678335,1100,19912,-18812,-630146,0.5
1900-01-22 00:32:45,8010.0,79495,8010.5,650276,6100,26205,-20105,-570781,0.5
1900-01-22 00:33:00,8000.0,11508,8000.5,1161853,28243,157955,-129712,-1150345,0.5
1900-01-22 00:33:15,7990.5,974050,7991.0,329361,6831,534806,-527975,644689,0.5
1900-01-22 00:33:30,7990.5,156182,7991.0,887694,41910,422554,-380644,-731512,0.5
1900-01-22 00:33:45,7993.0,183143,7993.5,802904,68973,98991,-30018,-619761,0.5
1900-01-22 00:34:00,7982.5,121315,7983.0,546957,35224,315298,-280074,-425642,0.5
1900-01-22 00:34:15,7982.5,125833,7983.0,847402,20701,190390,-169689,-721569,0.5
1900-01-22 00:34:30,7980.0,553515,7980.5,1093314,47807,1208657,-1160850,-539799,0.5
1900-01-22 00:34:45,7950.0,111601,7950.5,44043,6915,1442007,-1435092,67558,0.5
1900-01-22 00:35:00,7934.5,33552,7945.0,183749,170158,1471405,-1301247,-150197,10.5
1900-01-22 00:35:15,7962.5,105,7963.5,18000,785423,304336,481087,-17895,1.0
1900-01-22 00:35:30,7965.0,495604,7965.5,130030,749278,167692,581586,365574,0.5
1900-01-22 00:35:45,7968.5,873155,7969.0,515347,530158,21159,508999,357808,0.5
1900-01-22 00:36:00,7966.5,318641,7967.0,430697,571546,107852,463694,-112056,0.5
1900-01-22 00:36:15,7954.0,121954,7954.5,181073,10426,109625,-99199,-59119,0.5
1900-01-22 00:36:30,7964.5,1019539,7965.0,211496,158268,145304,12964,808043,0.5
1900-01-22 00:36:45,7965.5,1415084,7966.0,93378,418707,39328,379379,1321706,0.5
1900-01-22 00:37:00,7970.0,340661,7970.5,260900,312596,14433,298163,79761,0.5
1900-01-22 00:37:15,7960.5,76006,7961.0,7496,150585,60081,90504,68510,0.5
1900-01-22 00:37:30,7964.5,219353,7965.0,333627,35572,34112,1460,-114274,0.5
1900-01-22 00:37:45,7957.0,48144,7957.5,3044,13952,242713,-228761,45100,0.5
1900-01-22 00:38:00,7958.5,25130,7959.0,467839,61665,31164,30501,-442709,0.5
1900-01-22 00:38:15,7957.5,347628,7958.0,152170,25854,444871,-419017,195458,0.5
1900-01-22 00:38:30,7950.5,18571,7951.0,63722,135500,209797,-74297,-45151,0.5
1900-01-22 00:38:45,7947.0,619842,7947.5,192447,60684,342502,-281818,427395,0.5
1900-01-22 00:39:00,7952.5,725104,7953.0,108153,87454,209788,-122334,616951,0.5
1900-01-22 00:39:15,7939.5,9123,7940.0,105566,32723,385214,-352491,-96443,0.5
1900-01-22 00:39:30,7948.5,662888,7949.0,43798,131494,64815,66679,619090,0.5
1900-01-22 00:39:45,7938.0,898668,7938.5,100505,58667,99732,-41065,798163,0.5
1900-01-22 00:40:00,7946.5,15315,7947.0,341395,114314,54227,60087,-326080,0.5
1900-01-22 00:40:15,7950.0,519652,7950.5,21388,28594,169775,-141181,498264,0.5
1900-01-22 00:40:30,7950.0,870803,7950.5,148783,80882,4938,75944,722020,0.5
1900-01-22 00:40:45,7952.5,1256603,7953.0,52194,149951,13111,136840,1204409,0.5
1900-01-22 00:41:00,7952.5,38184,7953.0,1560,52514,59306,-6792,36624,0.5
1900-01-22 00:41:15,7950.0,56488,7950.5,1028825,7006,75022,-68016,-972337,0.5
1900-01-22 00:41:30,7946.0,468317,7946.5,188177,48921,68347,-19426,280140,0.5
1900-01-22 00:41:45,7946.0,448685,7946.5,436459,43741,168242,-124501,12226,0.5
1900-01-22 00:42:00,7946.5,297045,7947.0,559623,75627,152361,-76734,-262578,0.5
1900-01-22 00:42:15,7946.5,595197,7947.0,516259,21079,11216,9863,78938,0.5
1900-01-22 00:42:30,7938.0,681959,7938.5,309426,54731,712267,-657536,372533,0.5
1900-01-22 00:42:45,7933.5,1369,7934.0,709447,6064,420635,-414571,-708078,0.5
1900-01-22 00:43:00,7936.5,251306,7937.0,12991,122710,413175,-290465,238315,0.5
1900-01-22 00:43:15,7944.5,27521,7945.0,96050,375043,42518,332525,-68529,0.5
1900-01-22 00:43:30,7939.0,381024,7939.5,861332,5051,8496,-3445,-480308,0.5
1900-01-22 00:43:45,7938.5,355,7939.0,683854,16176,50671,-34495,-683499,0.5
1900-01-22 00:44:00,7946.5,346854,7947.0,340461,264605,27067,237538,6393,0.5
1900-01-22 00:44:15,7946.5,721102,7947.0,286134,44622,13902,30720,434968,0.5
1900-01-22 00:44:30,7942.5,178243,7943.0,403558,59890,25336,34554,-225315,0.5
1900-01-22 00:44:45,7949.0,115257,7949.5,472244,202792,38175,164617,-356987,0.5
1900-01-22 00:45:00,7947.0,337026,7947.5,211940,110351,52559,57792,125086,0.5
1900-01-22 00:45:15,7954.0,777251,7954.5,230537,78313,14678,63635,546714,0.5
1900-01-22 00:45:30,7959.5,1566636,7960.0,12027,95378,3368,92010,1554609,0.5
1900-01-22 00:45:45,7961.5,489787,7962.0,4669,164383,10640,153743,485118,0.5
1900-01-22 00:46:00,7962.0,126156,7962.5,237360,126109,118534,7575,-111204,0.5
1900-01-22 00:46:15,7960.0,748690,7960.5,79715,65683,178401,-112718,668975,0.5
1900-01-22 00:46:30,7961.0,478171,7961.5,24608,115181,92738,22443,453563,0.5
1900-01-22 00:46:45,7965.0,6349,7965.5,45707,54609,1700,52909,-39358,0.5
1900-01-22 00:47:00,7965.0,624538,7965.5,75782,36830,9974,26856,548756,0.5
1900-01-22 00:47:15,7965.0,2102566,7965.5,77819,127773,28011,99762,2024747,0.5
1900-01-22 00:47:30,7956.5,184669,7957.0,858368,23400,76609,-53209,-673699,0.5
1900-01-22 00:47:45,7951.5,12000,7952.0,46751,178109,299693,-121584,-34751,0.5
1900-01-22 00:48:00,7951.5,802774,7952.0,10008,104058,45614,58444,792766,0.5
1900-01-22 00:48:15,7951.5,970246,7952.0,2232,74859,202,74657,968014,0.5
1900-01-22 00:48:30,7956.5,142487,7957.0,700,45148,2741,42407,141787,0.5
1900-01-22 00:48:45,7960.0,282610,7960.5,441688,53326,54085,-759,-159078,0.5
1900-01-22 00:49:00,7955.5,122087,7956.0,342338,7207,100355,-93148,-220251,0.5
1900-01-22 00:49:15,7954.5,9120,7955.0,620528,14136,30455,-16319,-611408,0.5
1900-01-22 00:49:30,7951.0,659067,7951.5,69075,11217,130405,-119188,589992,0.5
1900-01-22 00:49:45,7955.5,486964,7956.0,72868,14653,19522,-4869,414096,0.5
1900-01-22 00:50:00,7955.5,120995,7956.0,336567,44316,13710,30606,-215572,0.5
1900-01-22 00:50:15,7952.5,977,7953.0,980561,804,12276,-11472,-979584,0.5
1900-01-22 00:50:30,7952.0,10263,7952.5,1045989,13888,30578,-16690,-1035726,0.5
1900-01-22 00:50:45,7950.0,9726,7950.5,933742,21002,400114,-379112,-924016,0.5
1900-01-22 00:51:00,7947.5,406,7948.0,1191142,8240,82139,-73899,-1190736,0.5
1900-01-22 00:51:15,7947.0,219822,7947.5,55878,58101,17787,40314,163944,0.5
1900-01-22 00:51:30,7948.5,238885,7949.0,2065,25198,7403,17795,236820,0.5
1900-01-22 00:51:45,7957.5,42714,7958.0,1044693,14496,12971,1525,-1001979,0.5
1900-01-22 00:52:00,7957.5,124591,7958.0,764375,60161,485,59676,-639784,0.5
1900-01-22 00:52:15,7953.0,26152,7953.5,265440,52690,19001,33689,-239288,0.5
1900-01-22 00:52:30,7955.0,213690,7955.5,662473,178,47327,-47149,-448783,0.5
1900-01-22 00:52:45,7954.0,31910,7954.5,706401,3892,33389,-29497,-674491,0.5
1900-01-22 00:53:00,7950.0,10972,7950.5,890030,11238,8376,2862,-879058,0.5
1900-01-22 00:53:15,7947.0,125068,7947.5,40300,4009,40403,-36394,84768,0.5
1900-01-22 00:53:30,7946.0,8935,7946.5,664400,410,151944,-151534,-655465,0.5
1900-01-22 00:53:45,7945.0,111052,7945.5,691316,1613,26923,-25310,-580264,0.5
1900-01-22 00:54:00,7942.0,30682,7942.5,889558,21431,77539,-56108,-858876,0.5
1900-01-22 00:54:15,7934.0,6491,7934.5,208385,7715,431244,-423529,-201894,0.5
1900-01-22 00:54:30,7949.0,47351,7949.5,20892,154496,83366,71130,26459,0.5
1900-01-22 00:54:45,7949.0,160540,7949.5,544343,41114,12027,29087,-383803,0.5
1900-01-22 00:55:00,7949.0,397425,7949.5,780824,9978,130864,-120886,-383399,0.5
1900-01-22 00:55:15,7944.0,50444,7944.5,657792,216,8446,-8230,-607348,0.5
1900-01-22 00:55:30,7935.0,56662,7935.5,727885,3851,37224,-33373,-671223,0.5
1900-01-22 00:55:45,7933.0,244490,7933.5,154389,27453,144501,-117048,90101,0.5
1900-01-22 00:56:00,7935.0,719164,7935.5,98872,123818,655222,-531404,620292,0.5
1900-01-22 00:56:15,7937.0,416669,7938.0,106,35039,23368,11671,416563,1.0
1900-01-22 00:56:30,7935.5,508625,7936.0,23920,21662,225171,-203509,484705,0.5
1900-01-22 00:56:45,7938.0,1001632,7938.5,21411,72580,107721,-35141,980221,0.5
1900-01-22 00:57:00,7938.0,740835,7938.5,170505,15457,102350,-86893,570330,0.5
1900-01-22 00:57:15,7944.0,80341,7944.5,828120,57780,34353,23427,-747779,0.5
1900-01-22 00:57:30,7944.5,1023461,7945.0,10914,131472,59894,71578,1012547,0.5
1900-01-22 00:57:45,7945.5,932951,7946.0,183976,22519,2654,19865,748975,0.5
1900-01-22 00:58:00,7946.0,1391854,7946.5,28794,184409,2654,181755,1363060,0.5
1900-01-22 00:58:15,7947.0,126897,7947.5,707684,88562,174331,-85769,-580787,0.5
1900-01-22 00:58:30,7945.0,3036,7945.5,785758,5300,191086,-185786,-782722,0.5
1900-01-22 00:58:45,7942.5,617000,7943.0,458911,3441,24645,-21204,158089,0.5
1900-01-22 00:59:00,7942.5,507762,7943.0,471536,37103,11000,26103,36226,0.5
1900-01-22 00:59:15,7942.0,790,7942.5,653645,2672,37836,-35164,-652855,0.5
1900-01-22 00:59:30,7935.0,438811,7935.5,813318,13052,145817,-132765,-374507,0.5
1900-01-22 00:59:45,7944.5,95952,7945.0,667860,248134,40117,208017,-571908,0.5
1900-01-22 01:00:00,7944.0,757,7944.5,74166,46562,10707,35855,-73409,0.5
1900-01-22 01:00:15,7944.0,471552,7944.5,52438,65345,21369,43976,419114,0.5
1900-01-22 01:00:30,7960.0,498111,7960.5,212410,525153,12962,512191,285701,0.5
1900-01-22 01:00:45,7960.0,1125390,7960.5,153762,182080,7031,175049,971628,0.5
1900-01-22 01:01:00,7960.5,433429,7961.0,6566,292377,112017,180360,426863,0.5
1900-01-22 01:01:15,7960.5,314870,7961.0,121704,104044,55139,48905,193166,0.5
1900-01-22 01:01:30,7966.0,863881,7966.5,132584,544456,4000,540456,731297,0.5
1900-01-22 01:01:45,7966.0,970614,7966.5,42073,38538,14750,23788,928541,0.5
1900-01-22 01:02:00,7967.0,1187361,7967.5,7165,21855,2604,19251,1180196,0.5
1900-01-22 01:02:15,7970.0,107380,7970.5,537682,76971,14088,62883,-430302,0.5
1900-01-22 01:02:30,7984.5,264465,7985.0,820369,329358,38795,290563,-555904,0.5
1900-01-22 01:02:45,7974.5,460322,7975.0,93146,67255,471675,-404420,367176,0.5
1900-01-22 01:03:00,7980.5,311711,7981.0,560438,58189,113964,-55775,-248727,0.5
1900-01-22 01:03:15,7976.0,570583,7976.5,423331,111764,198811,-87047,147252,0.5
1900-01-22 01:03:30,7976.5,1421421,7977.0,83341,36517,45988,-9471,1338080,0.5
1900-01-22 01:03:45,7980.0,40641,7980.5,616303,334951,4485,330466,-575662,0.5
1900-01-22 01:04:00,7980.0,852036,7980.5,88570,14107,59069,-44962,763466,0.5
1900-01-22 01:04:15,7983.0,470440,7983.5,685,159366,10464,148902,469755,0.5
1900-01-22 01:04:30,7984.5,1341000,7985.0,120163,98608,1003,97605,1220837,0.5
1900-01-22 01:04:45,7984.5,637592,7985.0,651397,87537,10141,77396,-13805,0.5
1900-01-22 01:05:00,7981.0,803,7981.5,1299356,214967,101993,112974,-1298553,0.5
1900-01-22 01:05:15,7980.0,1242456,7980.5,66847,71250,44112,27138,1175609,0.5
1900-01-22 01:05:30,7984.0,792864,7984.5,196468,48836,30503,18333,596396,0.5
1900-01-22 01:05:45,7984.5,1228412,7985.0,176036,67473,82079,-14606,1052376,0.5
1900-01-22 01:06:00,7988.0,150667,7988.5,647122,141254,28096,113158,-496455,0.5
1900-01-22 01:06:15,7983.5,3803,7984.0,295608,24610,103667,-79057,-291805,0.5
1900-01-22 01:06:30,7981.0,999548,7981.5,99870,27699,35135,-7436,899678,0.5
1900-01-22 01:06:45,7980.5,62204,7981.0,761791,40754,57856,-17102,-699587,0.5
1900-01-22 01:07:00,7978.0,723,7978.5,628613,61642,155776,-94134,-627890,0.5
1900-01-22 01:07:15,7975.0,1027925,7975.5,398488,8251,290632,-282381,629437,0.5
1900-01-22 01:07:30,7975.0,1253721,7975.5,3037,14281,9738,4543,1250684,0.5
1900-01-22 01:07:45,7975.0,1111595,7975.5,288184,14065,660,13405,823411,0.5
1900-01-22 01:08:00,7975.0,193241,7975.5,223402,66207,18356,47851,-30161,0.5
1900-01-22 01:08:15,7973.5,251497,7974.0,526152,100,70967,-70867,-274655,0.5
1900-01-22 01:08:30,7970.5,3602,7971.0,678867,3225,240453,-237228,-675265,0.5
1900-01-22 01:08:45,7966.5,409039,7967.0,273925,206,232698,-232492,135114,0.5
1900-01-22 01:09:00,7966.5,521733,7967.0,256297,177877,120450,57427,265436,0.5
1900-01-22 01:09:15,7968.5,752490,7969.0,265826,84338,3221,81117,486664,0.5
1900-01-22 01:09:30,7973.0,88125,7973.5,697246,84588,15671,68917,-609121,0.5
1900-01-22 01:09:45,7972.0,41025,7972.5,1091290,22060,31090,-9030,-1050265,0.5
1900-01-22 01:10:00,7966.5,13492,7967.0,447189,15632,60852,-45220,-433697,0.5
1900-01-22 01:10:15,7966.5,21936,7967.0,386638,60676,6957,53719,-364702,0.5
1900-01-22 01:10:30,7966.0,289371,7966.5,815137,58379,41439,16940,-525766,0.5
1900-01-22 01:10:45,7966.0,417751,7966.5,489691,58379,49482,8897,-71940,0.5
1900-01-22 01:11:00,7969.0,842965,7969.5,9722,7352,50700,-43348,833243,0.5
1900-01-22 01:11:15,7974.5,101264,7975.0,1433031,51228,14519,36709,-1331767,0.5
1900-01-22 01:11:30,7974.5,70452,7975.0,1171466,56529,28591,27938,-1101014,0.5
1900-01-22 01:11:45,7974.5,18303,7975.0,1291423,12710,16421,-3711,-1273120,0.5
1900-01-22 01:12:00,7966.5,23,7967.0,890220,12710,69564,-56854,-890197,0.5
1900-01-22 01:12:15,7962.0,499569,7962.5,395621,6371,19003,-12632,103948,0.5
1900-01-22 01:12:30,7964.5,569300,7965.0,183864,38909,2512,36397,385436,0.5
1900-01-22 01:12:45,7964.5,508044,7965.0,204015,109101,15773,93328,304029,0.5
1900-01-22 01:13:00,7961.0,14960,7961.5,902848,11812,33611,-21799,-887888,0.5
1900-01-22 01:13:15,7959.5,22553,7960.0,1044827,1017,19839,-18822,-1022274,0.5
1900-01-22 01:13:30,7957.0,393632,7957.5,370646,10233,111875,-101642,22986,0.5
1900-01-22 01:13:45,7964.5,552954,7965.0,217758,193323,14073,179250,335196,0.5
1900-01-22 01:14:00,7960.5,46,7961.0,474460,7490,55820,-48330,-474414,0.5
1900-01-22 01:14:15,7959.5,39959,7960.0,635582,3052,12080,-9028,-595623,0.5
1900-01-22 01:14:30,7959.5,529534,7960.0,28111,167394,2212,165182,501423,0.5
1900-01-22 01:14:45,7962.5,777703,7963.0,150007,94590,8100,86490,627696,0.5
1900-01-22 01:15:00,7962.5,208417,7963.0,700233,8670,251,8419,-491816,0.5
1900-01-22 01:15:15,7963.5,453120,7964.0,515140,35256,18942,16314,-62020,0.5
1900-01-22 01:15:30,7963.0,179147,7963.5,869066,2599,40469,-37870,-689919,0.5
1900-01-22 01:15:45,7961.0,435775,7961.5,601194,8000,10184,-2184,-165419,0.5
1900-01-22 01:16:00,7961.0,437991,7961.5,537657,26418,111358,-84940,-99666,0.5
1900-01-22 01:16:15,7961.0,205238,7961.5,1092510,10300,1810,8490,-887272,0.5
1900-01-22 01:16:30,7960.5,367741,7961.0,602160,2720,74621,-71901,-234419,0.5
1900-01-22 01:16:45,7960.5,423584,7961.0,469649,1,49129,-49128,-46065,0.5
1900-01-22 01:17:00,7967.5,224463,7968.0,18875,297894,89322,208572,205588,0.5
1900-01-22 01:17:15,7969.5,168702,7970.0,1218372,142677,20226,122451,-1049670,0.5
1900-01-22 01:17:30,7969.5,319513,7970.0,1267487,17100,9883,7217,-947974,0.5
1900-01-22 01:17:45,7973.5,197142,7974.0,1011652,45683,18391,27292,-814510,0.5
1900-01-22 01:18:00,7974.5,611020,7975.0,1039,58625,25459,33166,609981,0.5
1900-01-22 01:18:15,7976.5,613008,7977.0,62541,377209,1745,375464,550467,0.5
1900-01-22 01:18:30,7978.0,382556,7978.5,758753,56102,50991,5111,-376197,0.5
1900-01-22 01:18:45,7978.0,890921,7978.5,158550,13830,24400,-10570,732371,0.5
1900-01-22 01:19:00,7978.0,62630,7978.5,881799,2386,179929,-177543,-819169,0.5
1900-01-22 01:19:15,7977.0,290206,7977.5,581842,15064,62015,-46951,-291636,0.5
1900-01-22 01:19:30,7974.5,436246,7975.0,129890,1187,33683,-32496,306356,0.5
1900-01-22 01:19:45,7975.5,564770,7976.0,25669,53478,4274,49204,539101,0.5
1900-01-22 01:20:00,7976.0,1057507,7976.5,31147,26456,18515,7941,1026360,0.5
1900-01-22 01:20:15,7976.5,1087697,7977.0,53312,25178,1,25177,1034385,0.5
1900-01-22 01:20:30,7976.5,828035,7977.0,443835,2866,6509,-3643,384200,0.5
1900-01-22 01:20:45,7976.5,67511,7977.0,972931,125435,20994,104441,-905420,0.5
1900-01-22 01:21:00,7976.0,24031,7976.5,997333,6182,24874,-18692,-973302,0.5
1900-01-22 01:21:15,7975.0,63160,7975.5,665047,3287,22745,-19458,-601887,0.5
1900-01-22 01:21:30,7976.0,869604,7976.5,13145,13907,9401,4506,856459,0.5
1900-01-22 01:21:45,7977.5,1028625,7978.0,158782,71782,5385,66397,869843,0.5
1900-01-22 01:22:00,7977.5,569916,7978.0,908560,32477,100100,-67623,-338644,0.5
1900-01-22 01:22:15,7977.5,440221,7978.0,962150,5650,14142,-8492,-521929,0.5
1900-01-22 01:22:30,7977.5,341516,7978.0,941860,16274,158338,-142064,-600344,0.5
1900-01-22 01:22:45,7977.0,25258,7977.5,1079522,1,179760,-179759,-1054264,0.5
1900-01-22 01:23:00,7975.5,12925,7976.0,1026443,4021,26536,-22515,-1013518,0.5
1900-01-22 01:23:15,7975.5,578627,7976.0,490132,2000,5246,-3246,88495,0.5
1900-01-22 01:23:30,7975.5,288619,7976.0,797711,2000,1,1999,-509092,0.5
1900-01-22 01:23:45,7975.5,217405,7976.0,1073060,3500,8553,-5053,-855655,0.5
1900-01-22 01:24:00,7975.5,217331,7976.0,1131022,4068,14000,-9932,-913691,0.5
1900-01-22 01:24:15,7975.5,594218,7976.0,418261,59543,36903,22640,175957,0.5
1900-01-22 01:24:30,7977.5,619992,7978.0,36654,253949,21468,232481,583338,0.5
1900-01-22 01:24:45,7980.0,1320505,7980.5,35599,604290,11651,592639,1284906,0.5
1900-01-22 01:25:00,7984.5,1339620,7985.0,35762,76628,2700,73928,1303858,0.5
1900-01-22 01:25:15,7986.5,273640,7987.0,907580,14040,1467,12573,-633940,0.5
1900-01-22 01:25:30,7984.5,258366,7985.0,542912,8140,47505,-39365,-284546,0.5
1900-01-22 01:25:45,7984.5,59127,7985.0,891171,3301,12625,-9324,-832044,0.5
1900-01-22 01:26:00,7984.5,1256373,7985.0,10476,173064,3339,169725,1245897,0.5
1900-01-22 01:26:15,7985.5,1041100,7986.0,149767,14232,844,13388,891333,0.5
1900-01-22 01:26:30,7987.0,996623,7987.5,105964,142752,28444,114308,890659,0.5
1900-01-22 01:26:45,7989.5,722102,7990.0,28363,163638,33000,130638,693739,0.5
1900-01-22 01:27:00,7996.0,741192,7996.5,525,389466,9139,380327,740667,0.5
1900-01-22 01:27:15,7997.5,937771,7998.0,48349,263231,45847,217384,889422,0.5
1900-01-22 01:27:30,7997.5,274240,7998.0,674447,193080,10653,182427,-400207,0.5
1900-01-22 01:27:45,7997.5,712225,7998.0,19332,34411,6823,27588,692893,0.5
1900-01-22 01:28:00,7997.0,25738,7997.5,613225,15885,32277,-16392,-587487,0.5
1900-01-22 01:28:15,7996.0,29844,7996.5,613589,2000,354356,-352356,-583745,0.5
1900-01-22 01:28:30,7989.5,348518,7990.0,747360,1,120441,-120440,-398842,0.5
1900-01-22 01:28:45,7989.5,209719,7990.0,841968,149898,354845,-204947,-632249,0.5
1900-01-22 01:29:00,7989.5,190403,7990.0,745075,14601,86454,-71853,-554672,0.5
1900-01-22 01:29:15,7986.0,205628,7986.5,567374,2201,92035,-89834,-361746,0.5
1900-01-22 01:29:30,7983.0,113291,7983.5,767348,12908,82557,-69649,-654057,0.5
1900-01-22 01:29:45,7982.0,178547,7982.5,841284,10225,46435,-36210,-662737,0.5
1900-01-22 01:30:00,7982.0,556688,7982.5,361774,175029,17087,157942,194914,0.5
1900-01-22 01:30:15,7979.5,923299,7980.0,289530,8219,38993,-30774,633769,0.5
1900-01-22 01:30:30,7979.5,790845,7980.0,144679,48785,14218,34567,646166,0.5
1900-01-22 01:30:45,7979.5,78345,7980.0,890246,100,142696,-142596,-811901,0.5
1900-01-22 01:31:00,7976.5,22000,7977.0,526404,14810,55302,-40492,-504404,0.5
1900-01-22 01:31:15,7963.5,27065,7964.5,72564,60,49129,-49069,-45499,1.0
1900-01-22 01:31:30,7965.0,722774,7965.5,173859,40116,219740,-179624,548915,0.5
1900-01-22 01:31:45,7967.5,1090665,7968.0,19002,71220,19321,51899,1071663,0.5
1900-01-22 01:32:00,7964.0,117253,7964.5,944905,29062,67527,-38465,-827652,0.5
1900-01-22 01:32:15,7959.5,16862,7960.0,628255,5343,136379,-131036,-611393,0.5
1900-01-22 01:32:30,7957.5,703463,7958.0,166101,8293,140255,-131962,537362,0.5
1900-01-22 01:32:45,7958.0,137785,7958.5,461904,73068,66472,6596,-324119,0.5
1900-01-22 01:33:00,7958.0,74861,7958.5,685103,1121,119932,-118811,-610242,0.5
1900-01-22 01:33:15,7963.0,117153,7963.5,681159,100766,4402,96364,-564006,0.5
1900-01-22 01:33:30,7963.0,20945,7963.5,684514,1000,13572,-12572,-663569,0.5
1900-01-22 01:33:45,7968.0,321453,7968.5,817646,75032,4301,70731,-496193,0.5
1900-01-22 01:34:00,7968.0,54087,7968.5,1192769,956,8763,-7807,-1138682,0.5
1900-01-22 01:34:15,7968.0,23009,7968.5,961360,8443,2749,5694,-938351,0.5
1900-01-22 01:34:30,7969.0,1429141,7969.5,1879,27018,18063,8955,1427262,0.5
1900-01-22 01:34:45,7969.0,630878,7969.5,18185,36800,96746,-59946,612693,0.5
1900-01-22 01:35:00,7969.0,24929,7969.5,605188,52737,13545,39192,-580259,0.5
1900-01-22 01:35:15,7967.5,18281,7968.0,830168,3086,4697,-1611,-811887,0.5
1900-01-22 01:35:30,7967.0,36055,7967.5,867706,2255,120800,-118545,-831651,0.5
1900-01-22 01:35:45,7967.0,1005527,7967.5,79173,32300,15612,16688,926354,0.5
1900-01-22 01:36:00,7967.0,994606,7967.5,12152,68063,26418,41645,982454,0.5
1900-01-22 01:36:15,7967.0,79211,7967.5,836007,13059,7409,5650,-756796,0.5
1900-01-22 01:36:30,7966.0,13103,7966.5,1022610,1,87869,-87868,-1009507,0.5
1900-01-22 01:36:45,7960.5,206423,7961.0,75892,21644,175864,-154220,130531,0.5
1900-01-22 01:37:00,7957.5,276035,7958.0,651691,47297,164831,-117534,-375656,0.5
1900-01-22 01:37:15,7957.5,299614,7958.0,549146,108050,53248,54802,-249532,0.5
1900-01-22 01:37:30,7962.0,485585,7962.5,354221,128027,52343,75684,131364,0.5
1900-01-22 01:37:45,7961.0,80010,7961.5,772119,31339,77795,-46456,-692109,0.5
1900-01-22 01:38:00,7959.5,77611,7960.0,1033529,601,41217,-40616,-955918,0.5
1900-01-22 01:38:15,7959.5,781972,7960.0,288627,24993,42488,-17495,493345,0.5
1900-01-22 01:38:30,7959.5,153567,7960.0,875851,3775,8121,-4346,-722284,0.5
1900-01-22 01:38:45,7959.5,698806,7960.0,182771,40142,1025,39117,516035,0.5
1900-01-22 01:39:00,7959.5,1293164,7960.0,58433,39766,2130,37636,1234731,0.5
1900-01-22 01:39:15,7967.5,264576,7968.0,942289,97631,25550,72081,-677713,0.5
1900-01-22 01:39:30,7967.5,544705,7968.0,383984,2551,10958,-8407,160721,0.5
1900-01-22 01:39:45,7963.5,782,7964.0,448450,11150,20634,-9484,-447668,0.5
1900-01-22 01:40:00,7959.5,21769,7960.0,1327712,2032,103190,-101158,-1305943,0.5
1900-01-22 01:40:15,7953.5,13023,7954.0,592475,236,326910,-326674,-579452,0.5
1900-01-22 01:40:30,7961.0,441394,7961.5,101966,446618,117267,329351,339428,0.5
1900-01-22 01:40:45,7960.0,143,7960.5,1080505,2984,26861,-23877,-1080362,0.5
1900-01-22 01:41:00,7958.0,774101,7958.5,243862,25010,3499,21511,530239,0.5
1900-01-22 01:41:15,7958.0,1279366,7958.5,39786,36264,476,35788,1239580,0.5
1900-01-22 01:41:30,7958.5,895643,7959.0,342949,9770,771,8999,552694,0.5
1900-01-22 01:41:45,7958.5,163834,7959.0,856662,41796,1,41795,-692828,0.5
1900-01-22 01:42:00,7953.0,135295,7953.5,841450,2790,96900,-94110,-706155,0.5
1900-01-22 01:42:15,7940.0,56867,7940.5,29478,13790,422214,-408424,27389,0.5
1900-01-22 01:42:30,7950.0,620627,7950.5,11190,56313,117687,-61374,609437,0.5
1900-01-22 01:42:45,7950.0,741555,7950.5,243273,14325,153314,-138989,498282,0.5
1900-01-22 01:43:00,7951.5,52212,7952.0,967015,354974,50629,304345,-914803,0.5
1900-01-22 01:43:15,7948.5,775969,7949.0,19638,61203,78058,-16855,756331,0.5
1900-01-22 01:43:30,7941.0,430499,7941.5,367128,3222,257007,-253785,63371,0.5
1900-01-22 01:43:45,7938.0,42341,7938.5,608565,56618,365719,-309101,-566224,0.5
1900-01-22 01:44:00,7943.0,729737,7943.5,284889,19615,203841,-184226,444848,0.5
1900-01-22 01:44:15,7938.5,182244,7939.0,532552,65798,223431,-157633,-350308,0.5
1900-01-22 01:44:30,7937.5,462044,7938.0,605,26726,254073,-227347,461439,0.5
1900-01-22 01:44:45,7938.0,91532,7938.5,734051,36895,83993,-47098,-642519,0.5
1900-01-22 01:45:00,7945.5,266740,7946.0,209503,206130,23288,182842,57237,0.5
1900-01-22 01:45:15,7949.5,599187,7950.0,62022,190530,35216,155314,537165,0.5
1900-01-22 01:45:30,7942.0,60128,7942.5,980479,31546,184758,-153212,-920351,0.5
1900-01-22 01:45:45,7943.0,92146,7943.5,739011,103650,13209,90441,-646865,0.5
1900-01-22 01:46:00,7941.5,812904,7942.0,3431,56450,59088,-2638,809473,0.5
1900-01-22 01:46:15,7943.5,825441,7944.0,17844,32125,3772,28353,807597,0.5
1900-01-22 01:46:30,7944.0,547911,7944.5,101198,19358,46201,-26843,446713,0.5
1900-01-22 01:46:45,7944.5,663552,7945.0,74973,39930,1999,37931,588579,0.5
1900-01-22 01:47:00,7942.0,14763,7942.5,1361385,17773,72137,-54364,-1346622,0.5
1900-01-22 01:47:15,7936.0,224823,7936.5,968491,54343,112620,-58277,-743668,0.5
1900-01-22 01:47:30,7933.5,111413,7934.0,1265512,8056,487615,-479559,-1154099,0.5
1900-01-22 01:47:45,7925.5,44870,7926.0,660111,549,246601,-246052,-615241,0.5
1900-01-22 01:48:00,7929.5,778675,7930.0,24553,299444,305633,-6189,754122,0.5
1900-01-22 01:48:15,7925.5,328454,7926.0,227502,181897,284577,-102680,100952,0.5
1900-01-22 01:48:30,7920.0,17069,7920.5,417965,6646,310282,-303636,-400896,0.5
1900-01-22 01:48:45,7922.0,513040,7922.5,201525,177904,433136,-255232,311515,0.5
1900-01-22 01:49:00,7920.0,85812,7920.5,394824,48415,242928,-194513,-309012,0.5
1900-01-22 01:49:15,7909.5,175839,7910.0,127458,35880,1014511,-978631,48381,0.5
1900-01-22 01:49:30,7923.0,4356,7923.5,1318812,287106,166516,120590,-1314456,0.5
1900-01-22 01:49:45,7917.0,285044,7917.5,316596,33539,207792,-174253,-31552,0.5
1900-01-22 01:50:00,7915.0,320499,7915.5,1139226,16142,92958,-76816,-818727,0.5
1900-01-22 01:50:15,7910.5,17778,7911.0,4048,24032,70878,-46846,13730,0.5
1900-01-22 01:50:30,7919.5,261934,7920.0,330896,121730,6701,115029,-68962,0.5
1900-01-22 01:50:45,7927.5,116773,7928.0,29731,353504,74337,279167,87042,0.5
1900-01-22 01:51:00,7934.5,145081,7935.0,1087191,132922,17555,115367,-942110,0.5
1900-01-22 01:51:15,7940.5,348141,7941.0,66236,204747,23524,181223,281905,0.5
1900-01-22 01:51:30,7936.0,398062,7936.5,139055,178173,65513,112660,259007,0.5
1900-01-22 01:51:45,7936.0,938609,7936.5,103720,22739,45554,-22815,834889,0.5
1900-01-22 01:52:00,7939.5,465100,7940.0,526720,177923,28562,149361,-61620,0.5
1900-01-22 01:52:15,7939.5,447174,7940.0,49478,29830,250904,-221074,397696,0.5
1900-01-22 01:52:30,7939.5,417597,7940.0,11247,23517,37640,-14123,406350,0.5
1900-01-22 01:52:45,7940.5,84852,7941.0,681788,92171,26598,65573,-596936,0.5
1900-01-22 01:53:00,7938.0,160115,7938.5,604473,4268,37319,-33051,-444358,0.5
1900-01-22 01:53:15,7936.5,55385,7937.0,888490,14070,812691,-798621,-833105,0.5
1900-01-22 01:53:30,7935.0,319499,7935.5,380370,1200,175904,-174704,-60871,0.5
1900-01-22 01:53:45,7939.0,151628,7939.5,841272,87073,18566,68507,-689644,0.5
1900-01-22 01:54:00,7939.0,285311,7939.5,803762,14094,13679,415,-518451,0.5
1900-01-22 01:54:15,7939.0,138416,7939.5,748623,25599,42499,-16900,-610207,0.5
1900-01-22 01:54:30,7939.0,29856,7939.5,884672,1560,27346,-25786,-854816,0.5
1900-01-22 01:54:45,7936.0,32152,7936.5,696314,2451,14805,-12354,-664162,0.5
1900-01-22 01:55:00,7935.0,26235,7935.5,1254317,31210,37939,-6729,-1228082,0.5
1900-01-22 01:55:15,7929.0,33982,7929.5,947897,15238,96813,-81575,-913915,0.5
1900-01-22 01:55:30,7929.0,121130,7929.5,609235,2892,12602,-9710,-488105,0.5
1900-01-22 01:55:45,7926.0,321711,7926.5,638717,12100,49293,-37193,-317006,0.5
1900-01-22 01:56:00,7926.5,788324,7927.0,64,63962,1371,62591,788260,0.5
1900-01-22 01:56:15,7930.5,30954,7931.0,1049076,10572,73919,-63347,-1018122,0.5
1900-01-22 01:56:30,7932.5,316042,7933.0,18966,107488,7870,99618,297076,0.5
1900-01-22 01:56:45,7932.5,598643,7933.0,1297,3266,29076,-25810,597346,0.5
1900-01-22 01:57:00,7934.5,552495,7935.0,331414,23143,15000,8143,221081,0.5
1900-01-22 01:57:15,7930.0,152,7930.5,1612775,33553,71449,-37896,-1612623,0.5
1900-01-22 01:57:30,7923.5,6889,7924.0,769873,5968,57545,-51577,-762984,0.5
1900-01-22 01:57:45,7922.0,539027,7922.5,78537,64459,24409,40050,460490,0.5
1900-01-22 01:58:00,7925.0,66129,7925.5,507951,100280,46750,53530,-441822,0.5
1900-01-22 01:58:15,7925.0,363861,7925.5,4608,118023,32601,85422,359253,0.5
1900-01-22 01:58:30,7924.5,1772,7925.0,13076,32996,66301,-33305,-11304,0.5
1900-01-22 01:58:45,7936.0,40320,7936.5,17000,104546,30519,74027,23320,0.5
1900-01-22 01:59:00,7937.0,190041,7937.5,374828,215437,168011,47426,-184787,0.5
1900-01-22 01:59:15,7937.0,840768,7937.5,467695,55762,50313,5449,373073,0.5
1900-01-22 01:59:30,7937.0,941464,7937.5,358711,22926,10411,12515,582753,0.5
1900-01-22 01:59:45,7942.0,399619,7942.5,559640,393514,3028,390486,-160021,0.5
1900-01-22 02:00:00,7942.0,172215,7942.5,1094795,33144,27401,5743,-922580,0.5
1900-01-22 02:00:15,7936.5,9307,7937.0,129690,20862,164548,-143686,-120383,0.5
1900-01-22 02:00:30,7931.0,654167,7931.5,9058,139187,82251,56936,645109,0.5
1900-01-22 02:00:45,7932.5,543105,7933.0,75116,277187,89043,188144,467989,0.5
1900-01-22 02:01:00,7933.0,4526,7933.5,327772,23137,54743,-31606,-323246,0.5
1900-01-22 02:01:15,7931.0,4727,7931.5,869473,811,86684,-85873,-864746,0.5
1900-01-22 02:01:30,7930.0,1527,7930.5,1304787,5000,16111,-11111,-1303260,0.5
1900-01-22 02:01:45,7925.0,38064,7925.5,764328,55213,42308,12905,-726264,0.5
1900-01-22 02:02:00,7932.0,329934,7932.5,907619,184653,88497,96156,-577685,0.5
1900-01-22 02:02:15,7929.0,26650,7929.5,587666,12696,133923,-121227,-561016,0.5
1900-01-22 02:02:30,7928.5,1123671,7929.0,65249,226924,17292,209632,1058422,0.5
1900-01-22 02:02:45,7928.5,809814,7929.0,17378,34258,11803,22455,792436,0.5
1900-01-22 02:03:00,7930.5,603239,7931.0,72817,85575,23654,61921,530422,0.5
1900-01-22 02:03:15,7927.5,23390,7928.0,119633,49995,49710,285,-96243,0.5
1900-01-22 02:03:30,7926.5,364053,7927.0,640546,201,19030,-18829,-276493,0.5
1900-01-22 02:03:45,7925.0,688606,7925.5,358814,2131,45042,-42911,329792,0.5
1900-01-22 02:04:00,7923.0,35774,7923.5,1179997,86893,64791,22102,-1144223,0.5
1900-01-22 02:04:15,7918.0,9581,7918.5,546224,3274,141737,-138463,-536643,0.5
1900-01-22 02:04:30,7919.0,844076,7919.5,5122,88017,230230,-142213,838954,0.5
1900-01-22 02:04:45,7915.0,129906,7915.5,443907,47818,185535,-137717,-314001,0.5
1900-01-22 02:05:00,7915.0,382618,7915.5,385681,28067,106379,-78312,-3063,0.5
1900-01-22 02:05:15,7912.0,14011,7912.5,690864,25041,77286,-52245,-676853,0.5
1900-01-22 02:05:30,7907.5,293765,7908.0,11914,34657,323901,-289244,281851,0.5
1900-01-22 02:05:45,7910.5,564785,7911.0,53388,97922,505582,-407660,511397,0.5
1900-01-22 02:06:00,7911.5,672361,7912.0,22913,36817,28959,7858,649448,0.5
1900-01-22 02:06:15,7905.0,62377,7905.5,429862,38489,372291,-333802,-367485,0.5
1900-01-22 02:06:30,7900.0,476760,7900.5,369262,21101,886939,-865838,107498,0.5
1900-01-22 02:06:45,7911.5,74064,7912.0,1185542,90716,36849,53867,-1111478,0.5
1900-01-22 02:07:00,7915.5,85278,7916.0,151117,108054,65292,42762,-65839,0.5
1900-01-22 02:07:15,7911.0,78304,7911.5,389341,122328,171648,-49320,-311037,0.5
1900-01-22 02:07:30,7914.0,107617,7914.5,783171,226977,30336,196641,-675554,0.5
1900-01-22 02:07:45,7913.5,376324,7914.0,517152,9626,34647,-25021,-140828,0.5
1900-01-22 02:08:00,7908.0,193961,7908.5,829617,40327,105747,-65420,-635656,0.5
1900-01-22 02:08:15,7890.0,98459,7890.5,16585,27308,791574,-764266,81874,0.5
1900-01-22 02:08:30,7879.0,40000,7880.0,455337,848443,2204990,-1356547,-415337,1.0
1900-01-22 02:08:45,7889.5,147578,7890.0,199370,296412,555898,-259486,-51792,0.5
1900-01-22 02:09:00,7893.5,156683,7894.0,89450,279898,133934,145964,67233,0.5
1900-01-22 02:09:15,7887.0,32002,7887.5,171484,211934,118979,92955,-139482,0.5
1900-01-22 02:09:30,7882.0,81,7882.5,1349129,28787,361465,-332678,-1349048,0.5
1900-01-22 02:09:45,7882.0,559927,7882.5,457880,231207,405385,-174178,102047,0.5
1900-01-22 02:10:00,7885.5,39556,7886.0,19317,348154,54811,293343,20239,0.5
1900-01-22 02:10:15,7877.5,28004,7878.0,280047,333022,73005,260017,-252043,0.5
1900-01-22 02:10:30,7882.0,521793,7883.0,10132,83886,113748,-29862,511661,1.0
1900-01-22 02:10:45,7887.5,295941,7888.0,605571,124678,74306,50372,-309630,0.5
1900-01-22 02:11:00,7883.0,933193,7883.5,48567,34862,252332,-217470,884626,0.5
1900-01-22 02:11:15,7884.0,210592,7885.0,1402524,48290,60664,-12374,-1191932,1.0
1900-01-22 02:11:30,7884.0,115058,7884.5,854269,17006,79875,-62869,-739211,0.5
1900-01-22 02:11:45,7882.0,104724,7882.5,772842,8376,172307,-163931,-668118,0.5
1900-01-22 02:12:00,7878.5,2203,7879.0,437260,30828,100051,-69223,-435057,0.5
1900-01-22 02:12:15,7858.5,24506,7859.0,92351,25328,681106,-655778,-67845,0.5
1900-01-22 02:12:30,7873.0,66717,7873.5,704647,304506,269978,34528,-637930,0.5
1900-01-22 02:12:45,7861.5,18253,7862.0,210950,115226,129440,-14214,-192697,0.5
1900-01-22 02:13:00,7873.0,304204,7873.5,1494139,438418,66128,372290,-1189935,0.5
1900-01-22 02:13:15,7870.0,103727,7870.5,952559,94544,75567,18977,-848832,0.5
1900-01-22 02:13:30,7866.5,30064,7867.0,39000,83636,134542,-50906,-8936,0.5
1900-01-22 02:13:45,7863.5,9336,7864.0,747971,16506,167018,-150512,-738635,0.5
1900-01-22 02:14:00,7865.0,569109,7865.5,457898,114557,35874,78683,111211,0.5
1900-01-22 02:14:15,7868.0,121242,7868.5,1211396,242380,112307,130073,-1090154,0.5
1900-01-22 02:14:30,7862.5,241843,7863.0,223337,55323,75872,-20549,18506,0.5
1900-01-22 02:14:45,7863.0,370089,7863.5,30767,61497,99133,-37636,339322,0.5
1900-01-22 02:15:00,7865.0,135167,7865.5,378147,302946,18287,284659,-242980,0.5
1900-01-22 02:15:15,7865.0,618057,7865.5,306802,65183,13314,51869,311255,0.5
1900-01-22 02:15:30,7863.5,184127,7864.0,590914,22915,21367,1548,-406787,0.5
1900-01-22 02:15:45,7842.0,36000,7842.5,68351,48368,917293,-868925,-32351,0.5
1900-01-22 02:16:00,7862.5,21671,7863.0,162783,115537,302123,-186586,-141112,0.5
1900-01-22 02:16:15,7861.5,491802,7862.0,428526,173836,37536,136300,63276,0.5
1900-01-22 02:16:30,7866.5,1246540,7867.0,37703,396463,62145,334318,1208837,0.5
1900-01-22 02:16:45,7874.5,93396,7875.0,192940,1631636,30482,1601154,-99544,0.5
1900-01-22 02:17:00,7877.0,11864,7877.5,304906,456574,188719,267855,-293042,0.5
1900-01-22 02:17:15,7883.0,169929,7883.5,865,76457,42067,34390,169064,0.5
1900-01-22 02:17:30,7883.0,18791,7883.5,697027,489804,174123,315681,-678236,0.5
1900-01-22 02:17:45,7884.0,63587,7884.5,52901,77067,166699,-89632,10686,0.5
1900-01-22 02:18:00,7882.0,580841,7882.5,146090,26505,31068,-4563,434751,0.5
1900-01-22 02:18:15,7884.5,1262089,7885.0,49958,78753,17115,61638,1212131,0.5
1900-01-22 02:18:30,7885.0,1403330,7885.5,25825,42652,25657,16995,1377505,0.5
1900-01-22 02:18:45,7890.0,99896,7890.5,78396,449720,77824,371896,21500,0.5
1900-01-22 02:19:00,7898.0,107539,7898.5,821287,92660,144779,-52119,-713748,0.5
1900-01-22 02:19:15,7895.0,181260,7895.5,675393,50010,126505,-76495,-494133,0.5
1900-01-22 02:19:30,7895.0,80345,7895.5,639260,190053,27510,162543,-558915,0.5
1900-01-22 02:19:45,7896.0,351399,7896.5,538270,158498,80061,78437,-186871,0.5
1900-01-22 02:20:00,7896.0,338502,7896.5,548648,96151,19552,76599,-210146,0.5
1900-01-22 02:20:15,7896.0,311613,7896.5,548838,37231,52564,-15333,-237225,0.5
1900-01-22 02:20:30,7894.5,14308,7895.0,883505,7082,175029,-167947,-869197,0.5
1900-01-22 02:20:45,7874.5,83742,7875.0,146812,38660,64306,-25646,-63070,0.5
1900-01-22 02:21:00,7884.5,401627,7885.0,886951,199419,34565,164854,-485324,0.5
1900-01-22 02:21:15,7883.0,845044,7883.5,18970,13749,75811,-62062,826074,0.5
1900-01-22 02:21:30,7884.0,143631,7884.5,946839,45262,150413,-105151,-803208,0.5
1900-01-22 02:21:45,7883.5,554052,7884.0,380532,16017,77276,-61259,173520,0.5
1900-01-22 02:22:00,7883.5,479865,7884.0,150338,120955,32011,88944,329527,0.5
1900-01-22 02:22:15,7883.5,473860,7884.0,580520,21061,8500,12561,-106660,0.5
1900-01-22 02:22:30,7880.0,846894,7880.5,171813,2047,79443,-77396,675081,0.5
1900-01-22 02:22:45,7880.0,669332,7880.5,319874,38977,120000,-81023,349458,0.5
1900-01-22 02:23:00,7881.0,54437,7881.5,25,231785,8051,223734,54412,0.5
1900-01-22 02:23:15,7890.0,482154,7890.5,48151,109363,10000,99363,434003,0.5
1900-01-22 02:23:30,7894.0,792281,7894.5,103310,123416,51,123365,688971,0.5
1900-01-22 02:23:45,7894.5,500178,7895.0,515597,39959,17,39942,-15419,0.5
1900-01-22 02:24:00,7890.0,732367,7890.5,109970,79679,124762,-45083,622397,0.5
1900-01-22 02:24:15,7892.5,755667,7893.0,204674,74112,12632,61480,550993,0.5
1900-01-22 02:24:30,7899.5,669813,7900.0,328514,135487,924,134563,341299,0.5
1900-01-22 02:24:45,7899.5,1011195,7900.0,31936,232873,42737,190136,979259,0.5
1900-01-22 02:25:00,7902.5,1117430,7903.0,525834,118594,8804,109790,591596,0.5
1900-01-22 02:25:15,7893.5,825,7894.0,47721,31605,47419,-15814,-46896,0.5
1900-01-22 02:25:30,7898.5,1442002,7899.0,3573,74047,53678,20369,1438429,0.5
1900-01-22 02:25:45,7901.5,468753,7902.0,458,18885,4237,14648,468295,0.5
1900-01-22 02:26:00,7901.5,16297,7902.0,589766,54979,43336,11643,-573469,0.5
1900-01-22 02:26:15,7897.0,38396,7897.5,654157,7785,31892,-24107,-615761,0.5
1900-01-22 02:26:30,7895.0,13242,7895.5,696645,45519,26867,18652,-683403,0.5
1900-01-22 02:26:45,7893.5,755699,7894.0,164437,19500,37871,-18371,591262,0.5
1900-01-22 02:27:00,7891.0,5734,7891.5,1000631,11920,18503,-6583,-994897,0.5
1900-01-22 02:27:15,7891.0,1077702,7891.5,113127,155443,77034,78409,964575,0.5
1900-01-22 02:27:30,7892.5,742902,7893.0,83810,87769,5704,82065,659092,0.5
1900-01-22 02:27:45,7892.5,751791,7893.0,156197,16824,30155,-13331,595594,0.5
1900-01-22 02:28:00,7893.5,793813,7894.0,22521,60517,581,59936,771292,0.5
1900-01-22 02:28:15,7896.0,754052,7896.5,59858,46671,12410,34261,694194,0.5
1900-01-22 02:28:30,7896.0,1331104,7896.5,37141,22242,14760,7482,1293963,0.5
1900-01-22 02:28:45,7896.0,1312167,7896.5,63987,17320,1314,16006,1248180,0.5
1900-01-22 02:29:00,7892.5,211281,7893.0,702609,5921,90388,-84467,-491328,0.5
1900-01-22 02:29:15,7891.0,86,7891.5,404771,15914,108795,-92881,-404685,0.5
1900-01-22 02:29:30,7890.5,1133282,7891.0,108074,118678,92949,25729,1025208,0.5
1900-01-22 02:29:45,7885.0,413781,7885.5,397875,17740,112822,-95082,15906,0.5
1900-01-22 02:30:00,7887.0,744795,7887.5,13311,14002,39292,-25290,731484,0.5
1900-01-22 02:30:15,7890.0,57503,7890.5,993324,10794,64834,-54040,-935821,0.5
1900-01-22 02:30:30,7884.5,203081,7885.0,526057,57193,56539,654,-322976,0.5
1900-01-22 02:30:45,7883.5,52579,7884.0,779692,303,87305,-87002,-727113,0.5
1900-01-22 02:31:00,7883.0,21123,7883.5,929442,3600,24096,-20496,-908319,0.5
1900-01-22 02:31:15,7881.0,962241,7881.5,355366,14545,74771,-60226,606875,0.5
1900-01-22 02:31:30,7883.0,675930,7883.5,157096,48058,34862,13196,518834,0.5
1900-01-22 02:31:45,7882.5,23356,7883.0,646486,11104,89741,-78637,-623130,0.5
1900-01-22 02:32:00,7879.0,162863,7879.5,859916,519,30030,-29511,-697053,0.5
1900-01-22 02:32:15,7877.0,89754,7877.5,1126441,6080,29506,-23426,-1036687,0.5
1900-01-22 02:32:30,7877.0,307263,7877.5,552232,21351,46536,-25185,-244969,0.5
1900-01-22 02:32:45,7872.0,1379348,7872.5,68926,21281,104818,-83537,1310422,0.5
1900-01-22 02:33:00,7876.5,844999,7877.0,205802,297339,34112,263227,639197,0.5
1900-01-22 02:33:15,7873.0,1287322,7873.5,77839,18648,50589,-31941,1209483,0.5
1900-01-22 02:33:30,7874.0,280683,7874.5,582262,45285,6800,38485,-301579,0.5
1900-01-22 02:33:45,7872.0,247910,7872.5,618723,8604,154950,-146346,-370813,0.5
1900-01-22 02:34:00,7872.0,1093270,7872.5,489975,4505,65402,-60897,603295,0.5
1900-01-22 02:34:15,7872.0,815624,7872.5,326744,143485,67595,75890,488880,0.5
1900-01-22 02:34:30,7872.0,273447,7872.5,662680,23251,31407,-8156,-389233,0.5
1900-01-22 02:34:45,7865.0,2035,7865.5,47064,21247,375489,-354242,-45029,0.5
1900-01-22 02:35:00,7866.0,707880,7866.5,24506,42285,294064,-251779,683374,0.5
1900-01-22 02:35:15,7869.5,209684,7870.0,57393,76855,47317,29538,152291,0.5
1900-01-22 02:35:30,7874.5,443732,7875.0,295535,211651,23190,188461,148197,0.5
1900-01-22 02:35:45,7874.5,780029,7875.0,415716,31772,5580,26192,364313,0.5
1900-01-22 02:36:00,7876.5,648723,7877.0,21371,71574,2966,68608,627352,0.5
1900-01-22 02:36:15,7879.5,1019360,7880.0,3822,96755,6008,90747,1015538,0.5
1900-01-22 02:36:30,7880.5,1096387,7881.0,57263,18093,28586,-10493,1039124,0.5
1900-01-22 02:36:45,7881.0,1083291,7881.5,4515,155391,11752,143639,1078776,0.5
1900-01-22 02:37:00,7881.0,432862,7881.5,617505,11290,12954,-1664,-184643,0.5
1900-01-22 02:37:15,7882.5,1086869,7883.0,12935,143922,3895,140027,1073934,0.5
1900-01-22 02:37:30,7883.5,832135,7884.0,51522,13947,26,13921,780613,0.5
1900-01-22 02:37:45,7884.0,1177019,7884.5,67676,13531,26,13505,1109343,0.5
1900-01-22 02:38:00,7884.5,974889,7885.0,329155,60840,13394,47446,645734,0.5
1900-01-22 02:38:15,7887.0,1320299,7887.5,4017,308009,40000,268009,1316282,0.5
1900-01-22 02:38:30,7889.5,1218018,7890.0,58896,70837,4,70833,1159122,0.5
1900-01-22 02:38:45,7893.5,1166232,7894.0,5342,149790,2401,147389,1160890,0.5
1900-01-22 02:39:00,7905.0,1109439,7905.5,68375,127741,104710,23031,1041064,0.5
1900-01-22 02:39:15,7907.0,307264,7907.5,10795,548480,5494,542986,296469,0.5
1900-01-22 02:39:30,7914.0,200958,7914.5,535894,353840,33907,319933,-334936,0.5
1900-01-22 02:39:45,7917.5,381823,7918.0,756484,196802,99825,96977,-374661,0.5
1900-01-22 02:40:00,7917.5,229252,7918.0,590947,40514,67854,-27340,-361695,0.5
1900-01-22 02:40:15,7914.5,29311,7915.0,152355,51247,84874,-33627,-123044,0.5
1900-01-22 02:40:30,7907.5,609470,7908.0,48639,25298,36278,-10980,560831,0.5
1900-01-22 02:40:45,7907.5,735953,7908.0,119660,36877,56403,-19526,616293,0.5
1900-01-22 02:41:00,7907.5,95133,7908.0,626832,11749,31054,-19305,-531699,0.5
1900-01-22 02:41:15,7908.0,838987,7908.5,40434,96956,28499,68457,798553,0.5
1900-01-22 02:41:30,7909.0,1081899,7909.5,133792,17758,281,17477,948107,0.5
1900-01-22 02:41:45,7909.0,957196,7909.5,60420,74354,1200,73154,896776,0.5
1900-01-22 02:42:00,7909.5,804948,7910.0,132324,61691,911,60780,672624,0.5
1900-01-22 02:42:15,7909.5,396633,7910.0,405321,21170,7622,13548,-8688,0.5
1900-01-22 02:42:30,7909.5,1078283,7910.0,99965,54001,78104,-24103,978318,0.5
1900-01-22 02:42:45,7909.5,838076,7910.0,247789,85521,7581,77940,590287,0.5
1900-01-22 02:43:00,7907.5,35316,7908.0,964740,37450,60964,-23514,-929424,0.5
1900-01-22 02:43:15,7907.5,341021,7908.0,855544,37450,116191,-78741,-514523,0.5
1900-01-22 02:43:30,7906.0,118477,7906.5,1208168,5000,114006,-109006,-1089691,0.5
1900-01-22 02:43:45,7901.0,16250,7901.5,409375,2890,203489,-200599,-393125,0.5
1900-01-22 02:44:00,7900.0,626861,7900.5,505989,97249,165740,-68491,120872,0.5
1900-01-22 02:44:15,7900.0,9631,7900.5,951251,14027,77005,-62978,-941620,0.5
1900-01-22 02:44:30,7898.5,548381,7899.0,620488,9031,114391,-105360,-72107,0.5
1900-01-22 02:44:45,7894.0,143035,7894.5,609165,2060,107992,-105932,-466130,0.5
1900-01-22 02:45:00,7894.0,171475,7894.5,1595673,34212,12566,21646,-1424198,0.5
1900-01-22 02:45:15,7894.0,1184757,7894.5,315833,80903,11026,69877,868924,0.5
1900-01-22 02:45:30,7894.0,109577,7894.5,1334647,14518,130254,-115736,-1225070,0.5
1900-01-22 02:45:45,7899.0,602746,7899.5,475537,140352,3366,136986,127209,0.5
1900-01-22 02:46:00,7896.5,15421,7897.0,1276178,112329,168281,-55952,-1260757,0.5
1900-01-22 02:46:15,7896.5,7935,7897.0,1355423,2100,9621,-7521,-1347488,0.5
1900-01-22 02:46:30,7895.0,30072,7895.5,1161088,23089,2046,21043,-1131016,0.5
1900-01-22 02:46:45,7895.0,11269,7895.5,1187386,50,17145,-17095,-1176117,0.5
1900-01-22 02:47:00,7877.0,49824,7877.5,40265,35300,230162,-194862,9559,0.5
1900-01-22 02:47:15,7877.0,802611,7877.5,196285,79174,287945,-208771,606326,0.5
1900-01-22 02:47:30,7882.5,533749,7883.0,39349,136162,23976,112186,494400,0.5
1900-01-22 02:47:45,7892.5,472015,7893.0,279493,83377,53008,30369,192522,0.5
1900-01-22 02:48:00,7888.5,16018,7889.0,941376,141055,14046,127009,-925358,0.5
1900-01-22 02:48:15,7886.5,9453,7887.0,758547,146995,22476,124519,-749094,0.5
1900-01-22 02:48:30,7886.5,936749,7887.0,343560,115542,27496,88046,593189,0.5
1900-01-22 02:48:45,7890.0,370701,7890.5,389964,39066,87085,-48019,-19263,0.5
1900-01-22 02:49:00,7890.0,1469944,7890.5,91142,61855,2100,59755,1378802,0.5
1900-01-22 02:49:15,7893.0,860129,7893.5,18350,107607,60,107547,841779,0.5
1900-01-22 02:49:30,7898.0,984918,7898.5,83304,151372,1559,149813,901614,0.5
1900-01-22 02:49:45,7897.5,4045,7898.0,977699,28343,14436,13907,-973654,0.5
1900-01-22 02:50:00,7897.0,714502,7897.5,102423,33423,14995,18428,612079,0.5
1900-01-22 02:50:15,7899.0,1335949,7899.5,3110,132988,7500,125488,1332839,0.5
1900-01-22 02:50:30,7906.5,896537,7907.0,219409,214511,5999,208512,677128,0.5
1900-01-22 02:50:45,7906.5,873017,7907.0,62749,34320,46122,-11802,810268,0.5
1900-01-22 02:51:00,7906.5,396961,7907.0,635649,30781,948,29833,-238688,0.5
1900-01-22 02:51:15,7899.5,580,7900.0,354630,15829,248411,-232582,-354050,0.5
1900-01-22 02:51:30,7899.5,1092264,7900.0,265992,23872,4556,19316,826272,0.5
1900-01-22 02:51:45,7903.0,1012925,7903.5,40995,91153,108500,-17347,971930,0.5
1900-01-22 02:52:00,7905.5,953443,7906.0,231367,26363,3838,22525,722076,0.5
1900-01-22 02:52:15,7909.5,221257,7910.0,674596,48540,3838,44702,-453339,0.5
1900-01-22 02:52:30,7909.5,1112114,7910.0,937,58088,15740,42348,1111177,0.5
1900-01-22 02:52:45,7910.5,141291,7911.0,564290,135619,12301,123318,-422999,0.5
1900-01-22 02:53:00,7912.5,1268589,7913.0,92876,255518,6320,249198,1175713,0.5
1900-01-22 02:53:15,7910.5,1173,7911.0,901548,105337,163668,-58331,-900375,0.5
1900-01-22 02:53:30,7910.0,78760,7910.5,914948,3653,17806,-14153,-836188,0.5
1900-01-22 02:53:45,7909.5,99948,7910.0,988140,3653,76132,-72479,-888192,0.5
1900-01-22 02:54:00,7905.0,350461,7905.5,330610,2509,27449,-24940,19851,0.5
1900-01-22 02:54:15,7912.0,529232,7912.5,183578,32217,1230,30987,345654,0.5
1900-01-22 02:54:30,7919.0,657144,7919.5,15588,116421,3664,112757,641556,0.5
1900-01-22 02:54:45,7923.5,150,7924.0,16000,813647,52927,760720,-15850,0.5
1900-01-22 02:55:00,7920.0,319881,7920.5,229125,112450,343114,-230664,90756,0.5
1900-01-22 02:55:15,7923.5,367356,7924.0,137681,111163,61863,49300,229675,0.5
1900-01-22 02:55:30,7927.5,906480,7928.0,20035,84455,25602,58853,886445,0.5
1900-01-22 02:55:45,7927.5,333808,7928.0,457366,154758,14496,140262,-123558,0.5
1900-01-22 02:56:00,7925.0,723717,7925.5,125277,32668,71198,-38530,598440,0.5
1900-01-22 02:56:15,7923.5,923,7924.0,706725,26041,64658,-38617,-705802,0.5
1900-01-22 02:56:30,7923.0,696275,7923.5,322611,425,11004,-10579,373664,0.5
1900-01-22 02:56:45,7922.0,30248,7922.5,686068,14670,156090,-141420,-655820,0.5
1900-01-22 02:57:00,7922.0,429432,7922.5,573575,35552,192620,-157068,-144143,0.5
1900-01-22 02:57:15,7920.0,141278,7920.5,927365,29321,39060,-9739,-786087,0.5
1900-01-22 02:57:30,7919.5,613420,7920.0,545898,10595,100659,-90064,67522,0.5
1900-01-22 02:57:45,7919.5,835726,7920.0,79704,43160,79532,-36372,756022,0.5
1900-01-22 02:58:00,7920.0,1170428,7920.5,35739,88842,21296,67546,1134689,0.5
1900-01-22 02:58:15,7921.5,1337575,7922.0,37913,49505,35,49470,1299662,0.5
1900-01-22 02:58:30,7922.5,1382747,7923.0,7370,46930,3000,43930,1375377,0.5
1900-01-22 02:58:45,7923.5,1047996,7924.0,79041,58597,596,58001,968955,0.5
1900-01-22 02:59:00,7923.5,263580,7924.0,830086,51401,19008,32393,-566506,0.5
1900-01-22 02:59:15,7920.0,317577,7920.5,450322,17218,15178,2040,-132745,0.5
1900-01-22 02:59:30,7917.5,173121,7918.0,444965,5550,243000,-237450,-271844,0.5
1900-01-22 02:59:45,7917.5,831976,7918.0,280668,14160,25750,-11590,551308,0.5
1900-01-22 03:00:00,7917.5,629361,7918.0,579007,74371,6072,68299,50354,0.5
1900-01-22 03:00:15,7917.5,895763,7918.0,221288,22241,1467,20774,674475,0.5
1900-01-22 03:00:30,7917.5,1672081,7918.0,6526,33403,4012,29391,1665555,0.5
1900-01-22 03:00:45,7922.0,78158,7922.5,559936,108187,7738,100449,-481778,0.5
1900-01-22 03:01:00,7924.5,612344,7925.0,516816,195449,921,194528,95528,0.5
1900-01-22 03:01:15,7924.5,947529,7925.0,111069,70796,25518,45278,836460,0.5
1900-01-22 03:01:30,7927.5,1014834,7928.0,178561,169110,20099,149011,836273,0.5
1900-01-22 03:01:45,7934.0,370319,7934.5,227581,351709,19860,331849,142738,0.5
1900-01-22 03:02:00,7930.0,82678,7930.5,321816,57536,85313,-27777,-239138,0.5
1900-01-22 03:02:15,7930.0,734491,7930.5,196574,35712,66252,-30540,537917,0.5
1900-01-22 03:02:30,7930.0,776651,7930.5,220780,14250,6601,7649,555871,0.5
1900-01-22 03:02:45,7930.0,1055130,7930.5,70367,16169,106002,-89833,984763,0.5
1900-01-22 03:03:00,7931.0,998783,7931.5,5,19205,53,19152,998778,0.5
1900-01-22 03:03:15,7934.5,903008,7935.0,111199,62426,3972,58454,791809,0.5
1900-01-22 03:03:30,7935.5,1163404,7936.0,68872,46160,6594,39566,1094532,0.5
1900-01-22 03:03:45,7949.5,168706,7950.0,575204,510836,42936,467900,-406498,0.5
1900-01-22 03:04:00,7948.5,31956,7949.0,1164555,150250,58118,92132,-1132599,0.5
1900-01-22 03:04:15,7959.0,22583,7959.5,46682,134442,15249,119193,-24099,0.5
1900-01-22 03:04:30,7956.0,28920,7956.5,68652,311708,58539,253169,-39732,0.5
1900-01-22 03:04:45,7953.0,60181,7953.5,825030,36366,34237,2129,-764849,0.5
1900-01-22 03:05:00,7953.0,785785,7953.5,409107,59404,96337,-36933,376678,0.5
1900-01-22 03:05:15,7959.5,558666,7960.0,484594,159551,67041,92510,74072,0.5
1900-01-22 03:05:30,7963.0,1313563,7963.5,47981,94231,11489,82742,1265582,0.5
1900-01-22 03:05:45,7961.0,204258,7961.5,390748,83785,36548,47237,-186490,0.5
1900-01-22 03:06:00,7961.0,1267309,7961.5,126455,89841,25347,64494,1140854,0.5
1900-01-22 03:06:15,7961.0,1142073,7961.5,51409,42418,32554,9864,1090664,0.5
1900-01-22 03:06:30,7963.0,261004,7963.5,341943,25239,112993,-87754,-80939,0.5
1900-01-22 03:06:45,7955.5,88704,7956.0,364931,2511,103517,-101006,-276227,0.5
1900-01-22 03:07:00,7955.0,485843,7955.5,479557,38177,130831,-92654,6286,0.5
1900-01-22 03:07:15,7955.0,1299555,7955.5,68348,47480,11576,35904,1231207,0.5
1900-01-22 03:07:30,7959.0,898916,7959.5,31570,104697,19204,85493,867346,0.5
1900-01-22 03:07:45,7960.0,528767,7960.5,589863,32000,31272,728,-61096,0.5
1900-01-22 03:08:00,7960.0,284632,7960.5,639095,7850,72271,-64421,-354463,0.5
1900-01-22 03:08:15,7958.5,14592,7959.0,104154,9568,285642,-276074,-89562,0.5
1900-01-22 03:08:30,7952.0,864045,7952.5,266050,70874,81363,-10489,597995,0.5
1900-01-22 03:08:45,7952.0,927589,7952.5,469605,13936,84440,-70504,457984,0.5
1900-01-22 03:09:00,7952.0,68438,7952.5,616034,11383,20789,-9406,-547596,0.5
1900-01-22 03:09:15,7948.0,845308,7948.5,445921,8785,163748,-154963,399387,0.5
1900-01-22 03:09:30,7948.0,923529,7948.5,340945,25564,71393,-45829,582584,0.5
1900-01-22 03:09:45,7948.0,1111073,7948.5,29644,15125,31186,-16061,1081429,0.5
1900-01-22 03:10:00,7950.0,781354,7950.5,6617,35286,3141,32145,774737,0.5
1900-01-22 03:10:15,7951.0,1151012,7951.5,30348,19492,1155,18337,1120664,0.5
1900-01-22 03:10:30,7954.0,777985,7954.5,238172,55202,2350,52852,539813,0.5
1900-01-22 03:10:45,7954.0,399590,7954.5,560797,8800,16700,-7900,-161207,0.5
1900-01-22 03:11:00,7948.0,23823,7948.5,699245,13670,147091,-133421,-675422,0.5
1900-01-22 03:11:15,7946.0,828727,7946.5,469364,15018,51413,-36395,359363,0.5
1900-01-22 03:11:30,7946.0,96815,7946.5,837595,16245,49027,-32782,-740780,0.5
1900-01-22 03:11:45,7945.5,516579,7946.0,578565,3011,154223,-151212,-61986,0.5
1900-01-22 03:12:00,7945.5,17971,7946.0,1266262,518,25763,-25245,-1248291,0.5
1900-01-22 03:12:15,7943.0,2230,7943.5,1041825,1000,184101,-183101,-1039595,0.5
1900-01-22 03:12:30,7936.0,534202,7936.5,500615,12728,189828,-177100,33587,0.5
1900-01-22 03:12:45,7936.0,229533,7936.5,639658,43621,55325,-11704,-410125,0.5
1900-01-22 03:13:00,7936.0,866786,7936.5,293308,59477,31051,28426,573478,0.5
1900-01-22 03:13:15,7944.0,552613,7944.5,35297,109910,32622,77288,517316,0.5
1900-01-22 03:13:30,7944.0,667616,7944.5,159489,104332,55673,48659,508127,0.5
1900-01-22 03:13:45,7945.5,614482,7946.0,679577,56706,8708,47998,-65095,0.5
1900-01-22 03:14:00,7945.5,648232,7946.0,154911,11297,922,10375,493321,0.5
1900-01-22 03:14:15,7945.5,1064615,7953.0,45024,47204,805,46399,1019591,7.5
1900-01-22 03:14:30,7959.5,20313,7960.0,853526,727502,5456,722046,-833213,0.5
1900-01-22 03:14:45,7958.5,1243610,7959.0,500949,54603,10631,43972,742661,0.5
1900-01-22 03:15:00,7958.5,1224011,7959.0,384616,89601,60196,29405,839395,0.5
1900-01-22 03:15:15,7958.5,584446,7959.0,732348,27756,588064,-560308,-147902,0.5
1900-01-22 03:15:30,7957.0,9027,7957.5,820727,24000,348178,-324178,-811700,0.5
1900-01-22 03:15:45,7952.0,86615,7952.5,764200,29198,34997,-5799,-677585,0.5
1900-01-22 03:16:00,7950.5,37914,7951.0,1223677,17786,40719,-22933,-1185763,0.5
1900-01-22 03:16:15,7943.0,70267,7943.5,529735,17786,89340,-71554,-459468,0.5
1900-01-22 03:16:30,7943.0,202343,7943.5,905380,4970,35660,-30690,-703037,0.5
1900-01-22 03:16:45,7943.0,32571,7943.5,1123902,1000,68474,-67474,-1091331,0.5
1900-01-22 03:17:00,7941.0,24819,7941.5,622973,1204,62130,-60926,-598154,0.5
1900-01-22 03:17:15,7940.0,48478,7940.5,1401502,1204,42193,-40989,-1353024,0.5
1900-01-22 03:17:30,7940.0,17570,7940.5,1242349,12763,27064,-14301,-1224779,0.5
1900-01-22 03:17:45,7940.0,615556,7940.5,452634,4600,20592,-15992,162922,0.5
1900-01-22 03:18:00,7939.5,32452,7940.0,1015401,17391,34731,-17340,-982949,0.5
1900-01-22 03:18:15,7938.0,115001,7938.5,1590576,7783,133721,-125938,-1475575,0.5
1900-01-22 03:18:30,7913.0,43560,7913.5,4210,4742,201553,-196811,39350,0.5
1900-01-22 03:18:45,7916.0,9489,7919.5,100,166202,390218,-224016,9389,3.5
1900-01-22 03:19:00,7926.5,126328,7927.0,28000,87902,200623,-112721,98328,0.5
1900-01-22 03:19:15,7923.5,120695,7924.0,780188,22511,164142,-141631,-659493,0.5
1900-01-22 03:19:30,7923.5,181029,7924.0,795388,95881,86507,9374,-614359,0.5
1900-01-22 03:19:45,7923.5,80381,7924.0,1309709,30812,125678,-94866,-1229328,0.5
1900-01-22 03:20:00,7923.5,7598,7924.0,1671253,4262,58307,-54045,-1663655,0.5
1900-01-22 03:20:15,7920.5,396258,7921.0,839217,3640,26600,-22960,-442959,0.5
1900-01-22 03:20:30,7920.5,618996,7921.0,369042,54789,35920,18869,249954,0.5
1900-01-22 03:20:45,7920.5,590230,7921.0,297344,147154,24235,122919,292886,0.5
1900-01-22 03:21:00,7920.5,31090,7921.0,968137,49008,11299,37709,-937047,0.5
1900-01-22 03:21:15,7902.5,781421,7903.0,20691,113792,317773,-203981,760730,0.5
1900-01-22 03:21:30,7902.5,783198,7903.0,29441,57950,36189,21761,753757,0.5
1900-01-22 03:21:45,7908.5,357888,7909.0,619675,113253,104460,8793,-261787,0.5
1900-01-22 03:22:00,7909.0,220518,7909.5,568840,81901,42614,39287,-348322,0.5
1900-01-22 03:22:15,7905.0,446143,7905.5,425457,77965,229064,-151099,20686,0.5
1900-01-22 03:22:30,7904.0,558095,7904.5,155644,12500,140056,-127556,402451,0.5
1900-01-22 03:22:45,7904.0,1023779,7904.5,79151,63356,1480,61876,944628,0.5
1900-01-22 03:23:00,7909.5,499896,7910.0,4806,261389,324,261065,495090,0.5
1900-01-22 03:23:15,7916.5,55671,7917.0,1181923,107205,11974,95231,-1126252,0.5
1900-01-22 03:23:30,7914.5,30315,7915.0,946008,44227,43838,389,-915693,0.5
1900-01-22 03:23:45,7914.5,22364,7915.0,1137296,33579,21155,12424,-1114932,0.5
1900-01-22 03:24:00,7911.5,53445,7912.0,624551,19721,1038,18683,-571106,0.5
1900-01-22 03:24:15,7911.5,21960,7912.0,1369320,5620,40095,-34475,-1347360,0.5
1900-01-22 03:24:30,7910.5,655350,7911.0,13558,9666,36654,-26988,641792,0.5
1900-01-22 03:24:45,7910.5,611384,7911.0,348872,102364,13156,89208,262512,0.5
1900-01-22 03:25:00,7911.0,869289,7911.5,2941,70850,9630,61220,866348,0.5
1900-01-22 03:25:15,7912.5,638479,7913.0,612875,36424,12214,24210,25604,0.5
1900-01-22 03:25:30,7912.5,696367,7913.0,96145,55520,8192,47328,600222,0.5
1900-01-22 03:25:45,7914.5,669521,7915.0,561769,48877,5039,43838,107752,0.5
1900-01-22 03:26:00,7914.5,805856,7915.0,451611,30479,806,29673,354245,0.5
1900-01-22 03:26:15,7914.5,89705,7915.0,892764,31164,52277,-21113,-803059,0.5
1900-01-22 03:26:30,7913.0,895,7913.5,574921,1616,32807,-31191,-574026,0.5
1900-01-22 03:26:45,7912.0,26363,7912.5,730219,10010,67026,-57016,-703856,0.5
1900-01-22 03:27:00,7910.5,1518,7911.0,831400,100,16383,-16283,-829882,0.5
1900-01-22 03:27:15,7910.0,738091,7910.5,456278,116,17451,-17335,281813,0.5
1900-01-22 03:27:30,7919.5,117096,7920.0,927032,94135,1053,93082,-809936,0.5
1900-01-22 03:27:45,7919.5,430776,7920.0,243752,15463,32269,-16806,187024,0.5
1900-01-22 03:28:00,7919.5,440407,7920.0,791021,15010,15987,-977,-350614,0.5
1900-01-22 03:28:15,7919.5,580960,7920.0,824465,62884,16356,46528,-243505,0.5
1900-01-22 03:28:30,7919.5,642587,7920.0,517943,139100,16550,122550,124644,0.5
1900-01-22 03:28:45,7919.5,174042,7920.0,1050563,16249,3585,12664,-876521,0.5
1900-01-22 03:29:00,7919.5,311952,7920.0,875207,31304,10050,21254,-563255,0.5
1900-01-22 03:29:15,7925.0,443146,7925.5,526423,56316,16799,39517,-83277,0.5
1900-01-22 03:29:30,7925.0,377192,7925.5,629462,69611,43871,25740,-252270,0.5
1900-01-22 03:29:45,7942.0,288201,7942.5,62204,213195,71652,141543,225997,0.5
1900-01-22 03:30:00,7940.5,8906,7941.0,918667,203133,73184,129949,-909761,0.5
1900-01-22 03:30:15,7943.5,895412,7944.0,25207,79375,42506,36869,870205,0.5
1900-01-22 03:30:30,7950.0,950486,7950.5,67681,172259,12803,159456,882805,0.5
1900-01-22 03:30:45,7955.5,823994,7956.0,521848,206480,38097,168383,302146,0.5
1900-01-22 03:31:00,7960.0,121537,7960.5,864742,141218,273928,-132710,-743205,0.5
1900-01-22 03:31:15,7957.0,1015555,7957.5,129830,110046,342658,-232612,885725,0.5
1900-01-22 03:31:30,7962.5,158503,7963.0,310820,96964,10392,86572,-152317,0.5
1900-01-22 03:31:45,7976.5,1600,7977.0,752640,595671,507379,88292,-751040,0.5
1900-01-22 03:32:00,7966.5,1163375,7967.0,89058,162016,120427,41589,1074317,0.5
1900-01-22 03:32:15,7967.0,10286,7967.5,400200,64845,34219,30626,-389914,0.5
1900-01-22 03:32:30,7961.0,215731,7961.5,712158,14086,181875,-167789,-496427,0.5
1900-01-22 03:32:45,7961.0,1034904,7961.5,717162,29724,73368,-43644,317742,0.5
1900-01-22 03:33:00,7961.0,1234458,7961.5,660275,67234,85999,-18765,574183,0.5
1900-01-22 03:33:15,7962.0,1195544,7962.5,82112,120561,12782,107779,1113432,0.5
1900-01-22 03:33:30,7974.0,20656,7974.5,27860,86456,74565,11891,-7204,0.5
1900-01-22 03:33:45,7969.5,51216,7970.0,701922,59911,211017,-151106,-650706,0.5
1900-01-22 03:34:00,7976.0,544166,7976.5,24054,147356,30785,116571,520112,0.5
1900-01-22 03:34:15,7979.0,353077,7979.5,712286,173338,16282,157056,-359209,0.5
1900-01-22 03:34:30,7977.0,177536,7977.5,542398,29166,96990,-67824,-364862,0.5
1900-01-22 03:34:45,7977.0,11789,7977.5,562924,51266,93098,-41832,-551135,0.5
1900-01-22 03:35:00,7971.0,907507,7971.5,25346,13312,226159,-212847,882161,0.5
1900-01-22 03:35:15,7971.5,1124356,7972.0,35735,172274,344551,-172277,1088621,0.5
1900-01-22 03:35:30,7969.5,11245,7970.0,684122,35957,30178,5779,-672877,0.5
1900-01-22 03:35:45,7952.0,330144,7952.5,17117,43248,497868,-454620,313027,0.5
1900-01-22 03:36:00,7954.5,5980,7955.0,538770,102724,53020,49704,-532790,0.5
1900-01-22 03:36:15,7964.0,637424,7964.5,451340,132661,30910,101751,186084,0.5
1900-01-22 03:36:30,7960.0,39684,7960.5,402263,17368,57666,-40298,-362579,0.5
1900-01-22 03:36:45,7958.0,188658,7958.5,426286,22200,53415,-31215,-237628,0.5
1900-01-22 03:37:00,7958.0,92927,7958.5,672259,14210,2988,11222,-579332,0.5
1900-01-22 03:37:15,7952.5,335299,7953.0,534860,14210,280121,-265911,-199561,0.5
1900-01-22 03:37:30,7951.0,30908,7951.5,609735,51049,11619,39430,-578827,0.5
1900-01-22 03:37:45,7951.0,130292,7951.5,672794,15021,55660,-40639,-542502,0.5
1900-01-22 03:38:00,7950.0,721276,7950.5,427580,32418,239504,-207086,293696,0.5
1900-01-22 03:38:15,7950.0,348897,7950.5,586681,2200,67800,-65600,-237784,0.5
1900-01-22 03:38:30,7947.5,3446,7948.0,11234,13547,94834,-81287,-7788,0.5
1900-01-22 03:38:45,7947.0,770734,7947.5,6352,24904,56871,-31967,764382,0.5
1900-01-22 03:39:00,7949.5,1420856,7950.0,769838,90857,1827,89030,651018,0.5
1900-01-22 03:39:15,7958.5,759296,7959.0,2154,455162,14601,440561,757142,0.5
1900-01-22 03:39:30,7958.5,190484,7959.0,452190,37999,155007,-117008,-261706,0.5
1900-01-22 03:39:45,7959.0,1401675,7959.5,5214,8270,20038,-11768,1396461,0.5
1900-01-22 03:40:00,7959.5,1510997,7960.0,206847,129888,2131,127757,1304150,0.5
1900-01-22 03:40:15,7959.5,1282995,7960.0,402224,25848,2235,23613,880771,0.5
1900-01-22 03:40:30,7959.5,1720434,7960.0,81135,97619,25266,72353,1639299,0.5
1900-01-22 03:40:45,7961.0,797249,7961.5,389640,45905,66222,-20317,407609,0.5
1900-01-22 03:41:00,7961.0,596893,7961.5,547031,83818,59290,24528,49862,0.5
1900-01-22 03:41:15,7957.0,37003,7957.5,207340,16701,138778,-122077,-170337,0.5
1900-01-22 03:41:30,7952.0,108562,7952.5,529262,3,84693,-84690,-420700,0.5
1900-01-22 03:41:45,7951.0,148528,7951.5,623410,3,139661,-139658,-474882,0.5
1900-01-22 03:42:00,7950.5,1071170,7951.0,436709,5675,15271,-9596,634461,0.5
1900-01-22 03:42:15,7950.5,941823,7951.0,492935,1205,23420,-22215,448888,0.5
1900-01-22 03:42:30,7950.5,1060580,7951.0,486851,15794,37112,-21318,573729,0.5
1900-01-22 03:42:45,7950.0,13633,7950.5,794784,4969,92539,-87570,-781151,0.5
1900-01-22 03:43:00,7947.0,177390,7947.5,841976,5480,82095,-76615,-664586,0.5
1900-01-22 03:43:15,7947.0,749524,7947.5,555161,4775,99782,-95007,194363,0.5
1900-01-22 03:43:30,7947.0,79540,7947.5,992941,15695,11711,3984,-913401,0.5
1900-01-22 03:43:45,7946.5,8202,7947.0,1020723,1,74681,-74680,-1012521,0.5
1900-01-22 03:44:00,7946.0,59307,7946.5,1023490,4570,30883,-26313,-964183,0.5
1900-01-22 03:44:15,7946.0,662952,7946.5,655947,5000,5947,-947,7005,0.5
1900-01-22 03:44:30,7954.0,631246,7954.5,695590,73953,6501,67452,-64344,0.5
1900-01-22 03:44:45,7954.0,822038,7954.5,267243,138350,24626,113724,554795,0.5
1900-01-22 03:45:00,7959.5,87935,7960.0,542468,57974,7741,50233,-454533,0.5
1900-01-22 03:45:15,7959.5,305652,7960.0,536830,11706,302,11404,-231178,0.5
1900-01-22 03:45:30,7959.5,328714,7960.0,748085,45740,8355,37385,-419371,0.5
1900-01-22 03:45:45,7959.5,286699,7960.0,706783,3643,638,3005,-420084,0.5
1900-01-22 03:46:00,7961.5,657635,7962.0,14492,105462,17168,88294,643143,0.5
1900-01-22 03:46:15,7961.5,79550,7962.0,567458,87359,66678,20681,-487908,0.5
1900-01-22 03:46:30,7960.5,164037,7961.0,499000,3118,66339,-63221,-334963,0.5
1900-01-22 03:46:45,7964.5,1203326,7965.0,7082,69036,1000,68036,1196244,0.5
1900-01-22 03:47:00,7965.0,841625,7965.5,414950,13307,32590,-19283,426675,0.5
1900-01-22 03:47:15,7965.0,63753,7965.5,895702,29724,74517,-44793,-831949,0.5
1900-01-22 03:47:30,7965.0,36244,7965.5,887886,12703,16554,-3851,-851642,0.5
1900-01-22 03:47:45,7965.0,898454,7965.5,743834,10100,4369,5731,154620,0.5
1900-01-22 03:48:00,7966.5,1298390,7967.0,3336,124204,100,124104,1295054,0.5
1900-01-22 03:48:15,7971.5,374562,7972.0,52141,258375,8000,250375,322421,0.5
1900-01-22 03:48:30,7978.0,771207,7978.5,247234,113870,124061,-10191,523973,0.5
1900-01-22 03:48:45,7978.0,697384,7978.5,204814,95860,35124,60736,492570,0.5
1900-01-22 03:49:00,7978.0,1061452,7978.5,6670,93964,20347,73617,1054782,0.5
1900-01-22 03:49:15,7977.0,5638,7977.5,1323926,40902,248387,-207485,-1318288,0.5
1900-01-22 03:49:30,7978.0,359655,7978.5,263838,80885,90807,-9922,95817,0.5
1900-01-22 03:49:45,7978.5,565635,7979.0,201111,81278,8832,72446,364524,0.5
1900-01-22 03:50:00,7975.0,1291967,7975.5,100,211557,50457,161100,1291867,0.5
1900-01-22 03:50:15,7979.0,780747,7979.5,56172,135275,27642,107633,724575,0.5
1900-01-22 03:50:30,7979.0,108689,7979.5,1391732,37880,71472,-33592,-1283043,0.5
1900-01-22 03:50:45,7978.5,139120,7979.0,528375,83018,50857,32161,-389255,0.5
1900-01-22 03:51:00,7972.5,795637,7973.0,193339,13830,99921,-86091,602298,0.5
1900-01-22 03:51:15,7969.5,19547,7970.0,55843,100108,209086,-108978,-36296,0.5
1900-01-22 03:51:30,7965.5,106816,7966.0,355943,7172,135512,-128340,-249127,0.5
1900-01-22 03:51:45,7961.5,18797,7962.0,598562,1920,33698,-31778,-579765,0.5
1900-01-22 03:52:00,7961.5,425880,7962.0,1245434,8929,74432,-65503,-819554,0.5
1900-01-22 03:52:15,7958.0,1140198,7958.5,1022642,11044,90560,-79516,117556,0.5
1900-01-22 03:52:30,7958.0,798614,7958.5,983121,12627,200127,-187500,-184507,0.5
1900-01-22 03:52:45,7958.0,1376440,7958.5,877376,28962,3827,25135,499064,0.5
1900-01-22 03:53:00,7958.0,1364230,7958.5,607715,344065,15933,328132,756515,0.5
1900-01-22 03:53:15,7958.0,204782,7958.5,1049890,59750,20134,39616,-845108,0.5
1900-01-22 03:53:30,7952.5,27696,7953.0,1117208,4257,101140,-96883,-1089512,0.5
1900-01-22 03:53:45,7952.5,364787,7953.0,855702,55326,37155,18171,-490915,0.5
1900-01-22 03:54:00,7950.5,1000637,7951.0,527020,9751,162869,-153118,473617,0.5
1900-01-22 03:54:15,7950.5,1276939,7951.0,700449,15001,783,14218,576490,0.5
1900-01-22 03:54:30,7950.5,920297,7951.0,878555,28857,42231,-13374,41742,0.5
1900-01-22 03:54:45,7950.5,806439,7951.0,769634,14568,35451,-20883,36805,0.5
1900-01-22 03:55:00,7946.5,365679,7947.0,359224,10282,93151,-82869,6455,0.5
1900-01-22 03:55:15,7945.5,14650,7946.0,1075323,28655,84076,-55421,-1060673,0.5
1900-01-22 03:55:30,7937.0,955431,7937.5,191023,65929,216114,-150185,764408,0.5
1900-01-22 03:55:45,7933.0,865738,7933.5,160456,44061,154682,-110621,705282,0.5
1900-01-22 03:56:00,7936.5,1383164,7937.0,413359,198225,23241,174984,969805,0.5
1900-01-22 03:56:15,7936.5,716679,7937.0,165677,259885,403141,-143256,551002,0.5
1900-01-22 03:56:30,7936.5,795670,7937.0,413010,100229,7101,93128,382660,0.5
1900-01-22 03:56:45,7938.0,1067091,7938.5,45673,81173,479,80694,1021418,0.5
1900-01-22 03:57:00,7939.0,1193101,7939.5,784136,92187,120,92067,408965,0.5
1900-01-22 03:57:15,7939.0,1592025,7939.5,536069,224817,8000,216817,1055956,0.5
1900-01-22 03:57:30,7939.0,1605160,7939.5,496159,69813,2000,67813,1109001,0.5
1900-01-22 03:57:45,7939.0,1636806,7939.5,444299,51685,5062,46623,1192507,0.5
1900-01-22 03:58:00,7939.0,339458,7939.5,626662,74101,90928,-16827,-287204,0.5
1900-01-22 03:58:15,7935.5,33254,7936.0,922760,11320,57031,-45711,-889506,0.5
1900-01-22 03:58:30,7935.5,553034,7936.0,331090,58680,7299,51381,221944,0.5
1900-01-22 03:58:45,7935.5,592381,7936.0,112680,15874,17114,-1240,479701,0.5
1900-01-22 03:59:00,7935.5,118476,7936.0,923201,1501,53799,-52298,-804725,0.5
1900-01-22 03:59:15,7930.0,342062,7930.5,357553,5220,91577,-86357,-15491,0.5
1900-01-22 03:59:30,7934.0,538908,7934.5,89991,109993,42834,67159,448917,0.5
1900-01-22 03:59:45,7934.5,489529,7935.0,91706,119869,2110,117759,397823,0.5
1900-01-22 04:00:00,7934.5,816782,7935.0,120036,133347,23362,109985,696746,0.5
1900-01-22 04:00:15,7938.0,455360,7938.5,668566,215274,42105,173169,-213206,0.5
1900-01-22 04:00:30,7938.0,750669,7938.5,911456,105902,3120,102782,-160787,0.5
1900-01-22 04:00:45,7938.0,1009952,7938.5,564449,210658,14032,196626,445503,0.5
1900-01-22 04:01:00,7938.0,861102,7938.5,104872,113787,4120,109667,756230,0.5
1900-01-22 04:01:15,7938.0,865312,7938.5,116040,73863,5205,68658,749272,0.5
1900-01-22 04:01:30,7938.0,257479,7938.5,1173916,36771,36205,566,-916437,0.5
1900-01-22 04:01:45,7938.0,318199,7938.5,1250275,15758,27790,-12032,-932076,0.5
1900-01-22 04:02:00,7938.0,125296,7938.5,1331663,850,23449,-22599,-1206367,0.5
1900-01-22 04:02:15,7935.0,54811,7935.5,1209439,10087,111744,-101657,-1154628,0.5
1900-01-22 04:02:30,7930.0,37625,7930.5,658955,542,98883,-98341,-621330,0.5
1900-01-22 04:02:45,7924.0,437228,7924.5,605178,1252,177352,-176100,-167950,0.5
1900-01-22 04:03:00,7926.5,445567,7927.0,512550,282663,335237,-52574,-66983,0.5
1900-01-22 04:03:15,7926.5,909581,7927.0,176502,68245,24392,43853,733079,0.5
1900-01-22 04:03:30,7926.5,443736,7927.0,762959,75317,21850,53467,-319223,0.5
1900-01-22 04:03:45,7926.5,343548,7927.0,1147997,39108,71865,-32757,-804449,0.5
1900-01-22 04:04:00,7920.0,102930,7920.5,8235,41147,835218,-794071,94695,0.5
1900-01-22 04:04:15,7895.0,6539,7895.5,20038,68458,1716006,-1647548,-13499,0.5
1900-01-22 04:04:30,7903.0,922237,7903.5,271120,108739,84075,24664,651117,0.5
1900-01-22 04:04:45,7893.0,9501,7893.5,24679,67608,618383,-550775,-15178,0.5
1900-01-22 04:05:00,7897.5,878056,7898.0,125522,25703,307907,-282204,752534,0.5
1900-01-22 04:05:15,7901.5,295375,7902.0,315,498728,100958,397770,295060,0.5
1900-01-22 04:05:30,7904.5,210745,7905.0,520470,199270,39566,159704,-309725,0.5
1900-01-22 04:05:45,7907.0,515007,7907.5,514512,142082,129869,12213,495,0.5
1900-01-22 04:06:00,7907.5,121439,7908.0,272292,234890,165371,69519,-150853,0.5
1900-01-22 04:06:15,7904.5,15558,7905.0,1541437,16361,56290,-39929,-1525879,0.5
1900-01-22 04:06:30,7899.5,385395,7900.0,400318,6396,50704,-44308,-14923,0.5
1900-01-22 04:06:45,7896.0,1025234,7896.5,496262,99961,154591,-54630,528972,0.5
1900-01-22 04:07:00,7899.5,1246749,7900.0,67490,213368,20506,192862,1179259,0.5
1900-01-22 04:07:15,7904.5,1632589,7905.0,3202,175254,41368,133886,1629387,0.5
1900-01-22 04:07:30,7906.0,744038,7906.5,550884,239404,2096,237308,193154,0.5
1900-01-22 04:07:45,7906.0,866784,7906.5,168436,149294,25296,123998,698348,0.5
1900-01-22 04:08:00,7906.0,1156714,7906.5,59710,93518,13288,80230,1097004,0.5
1900-01-22 04:08:15,7906.0,90151,7906.5,739560,126028,68420,57608,-649409,0.5
1900-01-22 04:08:30,7906.0,138387,7906.5,436796,166622,157324,9298,-298409,0.5
1900-01-22 04:08:45,7904.5,1406189,7905.0,105509,118226,173352,-55126,1300680,0.5
1900-01-22 04:09:00,7904.5,760657,7905.0,544355,130674,173352,-42678,216302,0.5
1900-01-22 04:09:15,7904.5,59854,7905.0,711986,72302,249014,-176712,-652132,0.5
1900-01-22 04:09:30,7906.0,1389625,7906.5,10100,283900,7020,276880,1379525,0.5
1900-01-22 04:09:45,7906.0,1543299,7906.5,35347,78348,1800,76548,1507952,0.5
1900-01-22 04:10:00,7910.5,642753,7911.0,1745,223442,2020,221422,641008,0.5
1900-01-22 04:10:15,7912.0,2076302,7912.5,16489,637110,212,636898,2059813,0.5
1900-01-22 04:10:30,7914.0,13474,7914.5,1023718,52548,355814,-303266,-1010244,0.5
1900-01-22 04:10:45,7914.0,499428,7914.5,277202,18294,75722,-57428,222226,0.5
1900-01-22 04:11:00,7914.0,668296,7914.5,35044,152362,166210,-13848,633252,0.5
1900-01-22 04:11:15,7916.0,860550,7916.5,97342,66008,166210,-100202,763208,0.5
1900-01-22 04:11:30,7918.5,532127,7919.0,48440,105202,33340,71862,483687,0.5
1900-01-22 04:11:45,7919.5,1174731,7920.0,102010,112104,254,111850,1072721,0.5
1900-01-22 04:12:00,7921.5,664063,7922.0,232747,144538,2234,142304,431316,0.5
1900-01-22 04:12:15,7921.5,299867,7922.0,647984,51878,3902,47976,-348117,0.5
1900-01-22 04:12:30,7920.0,19510,7920.5,903513,248414,230868,17546,-884003,0.5
1900-01-22 04:12:45,7914.0,1156260,7914.5,22835,8290,177350,-169060,1133425,0.5
1900-01-22 04:13:00,7913.5,4189,7914.0,688073,91644,148274,-56630,-683884,0.5
1900-01-22 04:13:15,7915.0,533099,7915.5,225192,26274,39088,-12814,307907,0.5
1900-01-22 04:13:30,7915.0,1156648,7915.5,204288,25456,4062,21394,952360,0.5
1900-01-22 04:13:45,7915.0,1169555,7915.5,194862,177906,18000,159906,974693,0.5
1900-01-22 04:14:00,7915.5,49448,7916.0,296,65520,10100,55420,49152,0.5
1900-01-22 04:14:15,7917.5,1512680,7918.0,47873,90944,258,90686,1464807,0.5
1900-01-22 04:14:30,7920.0,1190517,7920.5,36341,78578,4766,73812,1154176,0.5
1900-01-22 04:14:45,7921.0,1166340,7921.5,214413,177326,1010,176316,951927,0.5
1900-01-22 04:15:00,7922.0,1374952,7922.5,36168,160038,4130,155908,1338784,0.5
1900-01-22 04:15:15,7922.5,1258298,7923.0,209969,131964,320,131644,1048329,0.5
1900-01-22 04:15:30,7922.5,1349054,7923.0,201245,131890,6600,125290,1147809,0.5
1900-01-22 04:15:45,7922.5,1363069,7923.0,134906,40352,38056,2296,1228163,0.5
1900-01-22 04:16:00,7922.5,661132,7923.0,664903,40856,8778,32078,-3771,0.5
1900-01-22 04:16:15,7922.0,489145,7922.5,916896,3736,220924,-217188,-427751,0.5
1900-01-22 04:16:30,7933.5,1049450,7934.0,338673,125154,47378,77776,710777,0.5
1900-01-22 04:16:45,7933.5,1475889,7934.0,4451,470846,12064,458782,1471438,0.5
1900-01-22 04:17:00,7933.5,1452728,7934.0,3175,144624,19588,125036,1449553,0.5
1900-01-22 04:17:15,7934.0,189652,7934.5,429990,89110,236650,-147540,-240338,0.5
1900-01-22 04:17:30,7933.5,190239,7934.0,653553,9800,84058,-74258,-463314,0.5
1900-01-22 04:17:45,7933.5,69997,7934.0,823749,26366,64266,-37900,-753752,0.5
1900-01-22 04:18:00,7932.0,216823,7932.5,616836,1022,69478,-68456,-400013,0.5
1900-01-22 04:18:15,7932.0,178338,7932.5,655162,1262,34960,-33698,-476824,0.5
1900-01-22 04:18:30,7931.0,1010029,7931.5,372045,5200,99526,-94326,637984,0.5
1900-01-22 04:18:45,7931.0,797424,7931.5,216817,84472,8830,75642,580607,0.5
1900-01-22 04:19:00,7931.0,246163,7931.5,547855,7400,48554,-41154,-301692,0.5
1900-01-22 04:19:15,7931.0,235005,7931.5,566787,25500,140,25360,-331782,0.5
1900-01-22 04:19:30,7931.5,1358312,7932.0,6764,7676,141014,-133338,1351548,0.5
1900-01-22 04:19:45,7932.0,9286,7932.5,868980,16428,80822,-64394,-859694,0.5
1900-01-22 04:20:00,7925.0,176599,7925.5,604614,20802,264184,-243382,-428015,0.5
1900-01-22 04:20:15,7925.0,30467,7925.5,871196,2146,79074,-76928,-840729,0.5
1900-01-22 04:20:30,7921.0,195548,7921.5,610144,12372,97122,-84750,-414596,0.5
1900-01-22 04:20:45,7919.0,342631,7919.5,593971,9008,71002,-61994,-251340,0.5
1900-01-22 04:21:00,7917.0,9653,7917.5,714206,20020,152134,-132114,-704553,0.5
1900-01-22 04:21:15,7911.0,1295984,7911.5,374051,17002,262468,-245466,921933,0.5
1900-01-22 04:21:30,7911.0,851522,7911.5,302688,265076,61310,203766,548834,0.5
1900-01-22 04:21:45,7911.0,1199553,7911.5,315096,48280,72288,-24008,884457,0.5
1900-01-22 04:22:00,7911.0,844325,7911.5,360827,28200,127318,-99118,483498,0.5
1900-01-22 04:22:15,7911.0,914741,7911.5,307797,28200,207200,-179000,606944,0.5
1900-01-22 04:22:30,7911.0,1045856,7911.5,239197,27576,19970,7606,806659,0.5
1900-01-22 04:22:45,7911.0,93846,7911.5,810291,12094,2,12092,-716445,0.5
1900-01-22 04:23:00,7909.5,17775,7910.0,959725,20402,378682,-358280,-941950,0.5
1900-01-22 04:23:15,7903.0,826239,7903.5,492880,72944,323722,-250778,333359,0.5
1900-01-22 04:23:30,7900.0,434431,7900.5,712243,45468,358122,-312654,-277812,0.5
1900-01-22 04:23:45,7901.0,790244,7901.5,56689,150180,669302,-519122,733555,0.5
1900-01-22 04:24:00,7908.5,293878,7909.0,22470,229802,13420,216382,271408,0.5
1900-01-22 04:24:15,7910.5,659186,7911.0,629043,153362,7424,145938,30143,0.5
1900-01-22 04:24:30,7910.5,808569,7911.0,424007,18000,41700,-23700,384562,0.5
1900-01-22 04:24:45,7909.0,25052,7909.5,214377,8138,174494,-166356,-189325,0.5
1900-01-22 04:25:00,7907.0,1351,7907.5,891962,7802,148322,-140520,-890611,0.5
1900-01-22 04:25:15,7908.0,360066,7908.5,1823,134914,45306,89608,358243,0.5
1900-01-22 04:25:30,7914.0,313048,7914.5,58405,270402,26704,243698,254643,0.5
1900-01-22 04:25:45,7914.0,330170,7914.5,784640,30328,32900,-2572,-454470,0.5
1900-01-22 04:26:00,7914.0,100947,7914.5,917746,39414,147506,-108092,-816799,0.5
1900-01-22 04:26:15,7909.5,2732,7910.0,600274,52000,59172,-7172,-597542,0.5
1900-01-22 04:26:30,7909.5,14356,7910.0,898543,5980,8902,-2922,-884187,0.5
1900-01-22 04:26:45,7907.0,604029,7907.5,426791,6802,24340,-17538,177238,0.5
1900-01-22 04:27:00,7906.0,2640,7906.5,838668,9204,45810,-36606,-836028,0.5
1900-01-22 04:27:15,7905.5,650496,7906.0,409910,9204,3930,5274,240586,0.5
1900-01-22 04:27:30,7905.5,741542,7906.0,516977,22100,9074,13026,224565,0.5
1900-01-22 04:27:45,7905.5,892013,7906.0,185035,12002,30380,-18378,706978,0.5
1900-01-22 04:28:00,7905.5,812955,7906.0,132730,36698,102,36596,680225,0.5
1900-01-22 04:28:15,7907.0,885752,7907.5,23767,103574,102,103472,861985,0.5
1900-01-22 04:28:30,7907.5,1231523,7908.0,15498,22398,1820,20578,1216025,0.5
1900-01-22 04:28:45,7909.5,394686,7910.0,892620,22450,44474,-22024,-497934,0.5
1900-01-22 04:29:00,7909.5,823475,7910.0,105668,5150,15000,-9850,717807,0.5
1900-01-22 04:29:15,7909.5,614182,7910.0,692045,33362,33820,-458,-77863,0.5
1900-01-22 04:29:30,7909.5,1031843,7910.0,38153,7704,2000,5704,993690,0.5
1900-01-22 04:29:45,7910.5,868318,7911.0,3380,47450,6000,41450,864938,0.5
1900-01-22 04:30:00,7918.0,427577,7918.5,35183,365916,5610,360306,392394,0.5
1900-01-22 04:30:15,7921.0,799601,7921.5,645679,359078,40040,319038,153922,0.5
1900-01-22 04:30:30,7926.0,706066,7926.5,349885,683294,22924,660370,356181,0.5
1900-01-22 04:30:45,7926.5,1018866,7927.0,684008,72156,29464,42692,334858,0.5
1900-01-22 04:31:00,7928.5,1138219,7929.0,271545,215518,12800,202718,866674,0.5
1900-01-22 04:31:15,7929.5,1672532,7930.0,83793,483488,24000,459488,1588739,0.5
1900-01-22 04:31:30,7933.0,1091027,7933.5,483947,358288,40066,318222,607080,0.5
1900-01-22 04:31:45,7937.5,839232,7938.0,544299,144478,36046,108432,294933,0.5
1900-01-22 04:32:00,7935.0,27082,7935.5,340449,48950,288792,-239842,-313367,0.5
1900-01-22 04:32:15,7932.5,436284,7933.0,927308,124916,556758,-431842,-491024,0.5
1900-01-22 04:32:30,7932.5,191945,7933.0,982319,124916,17758,107158,-790374,0.5
1900-01-22 04:32:45,7934.0,234141,7934.5,87,78130,313620,-235490,234054,0.5
1900-01-22 04:33:00,7937.0,1087099,7937.5,2391,177636,30540,147096,1084708,0.5
1900-01-22 04:33:15,7937.5,448881,7938.0,584358,423992,9302,414690,-135477,0.5
1900-01-22 04:33:30,7939.0,1403764,7939.5,213487,330034,9836,320198,1190277,0.5
1900-01-22 04:33:45,7941.0,513487,7941.5,461132,358728,10624,348104,52355,0.5
1900-01-22 04:34:00,7938.5,774583,7939.0,285143,33878,61206,-27328,489440,0.5
1900-01-22 04:34:15,7938.5,818942,7939.0,162465,141634,57192,84442,656477,0.5
1900-01-22 04:34:30,7938.5,1438997,7939.0,24310,277574,15910,261664,1414687,0.5
1900-01-22 04:34:45,7939.0,1009413,7939.5,2633,328070,13948,314122,1006780,0.5
1900-01-22 04:35:00,7944.5,150231,7945.0,789495,38208,32514,5694,-639264,0.5
1900-01-22 04:35:15,7944.5,25738,7945.0,1277117,7124,53062,-45938,-1251379,0.5
1900-01-22 04:35:30,7940.0,1609,7940.5,1357374,42,105464,-105422,-1355765,0.5
1900-01-22 04:35:45,7939.0,3007,7939.5,644752,6500,162100,-155600,-641745,0.5
1900-01-22 04:36:00,7935.0,826724,7935.5,534644,36760,62320,-25560,292080,0.5
1900-01-22 04:36:15,7935.0,1125699,7935.5,84418,65754,53054,12700,1041281,0.5
1900-01-22 04:36:30,7935.0,973713,7935.5,600715,99382,132622,-33240,372998,0.5
1900-01-22 04:36:45,7935.0,956844,7935.5,230614,26308,4202,22106,726230,0.5
1900-01-22 04:37:00,7936.5,1302427,7937.0,30229,127864,2154,125710,1272198,0.5
1900-01-22 04:37:15,7937.5,1369800,7938.0,145865,73554,600,72954,1223935,0.5
1900-01-22 04:37:30,7937.5,1631670,7938.0,255333,151684,2002,149682,1376337,0.5
1900-01-22 04:37:45,7939.5,889709,7940.0,190686,25038,20910,4128,699023,0.5
1900-01-22 04:38:00,7934.5,42485,7935.0,449651,50136,22064,28072,-407166,0.5
1900-01-22 04:38:15,7930.0,1246485,7930.5,338960,220618,221148,-530,907525,0.5
1900-01-22 04:38:30,7930.0,1515320,7930.5,80634,17044,65366,-48322,1434686,0.5
1900-01-22 04:38:45,7930.0,482492,7930.5,648358,35564,65366,-29802,-165866,0.5
1900-01-22 04:39:00,7930.0,891262,7930.5,308504,79274,75930,3344,582758,0.5
1900-01-22 04:39:15,7928.5,78351,7929.0,1282105,14000,112546,-98546,-1203754,0.5
1900-01-22 04:39:30,7928.0,23154,7928.5,873693,81438,30188,51250,-850539,0.5
1900-01-22 04:39:45,7926.0,9977,7926.5,650058,14790,23296,-8506,-640081,0.5
1900-01-22 04:40:00,7925.5,119715,7926.0,905032,248,19054,-18806,-785317,0.5
1900-01-22 04:40:15,7925.5,801376,7926.0,222804,110598,34692,75906,578572,0.5
1900-01-22 04:40:30,7925.0,287137,7925.5,658421,2100,32176,-30076,-371284,0.5
1900-01-22 04:40:45,7926.0,1246296,7926.5,52318,9018,33330,-24312,1193978,0.5
1900-01-22 04:41:00,7926.0,1146924,7926.5,331754,77028,288938,-211910,815170,0.5
1900-01-22 04:41:15,7926.0,720404,7926.5,344128,22462,476,21986,376276,0.5
1900-01-22 04:41:30,7926.0,602931,7926.5,624328,22462,38800,-16338,-21397,0.5
1900-01-22 04:41:45,7926.0,515700,7926.5,757761,12200,35040,-22840,-242061,0.5
1900-01-22 04:42:00,7920.0,32631,7920.5,689498,28072,927022,-898950,-656867,0.5
1900-01-22 04:42:15,7918.0,1220734,7918.5,27137,52906,66452,-13546,1193597,0.5
1900-01-22 04:42:30,7918.0,1055798,7918.5,15577,21770,92440,-70670,1040221,0.5
1900-01-22 04:42:45,7921.5,835785,7922.0,5523,25488,27478,-1990,830262,0.5
1900-01-22 04:43:00,7925.0,1092702,7925.5,302108,205698,18162,187536,790594,0.5
1900-01-22 04:43:15,7925.5,798557,7926.0,399,33580,5200,28380,798158,0.5
1900-01-22 04:43:30,7931.5,811560,7932.0,204970,131684,34,131650,606590,0.5
1900-01-22 04:43:45,7931.5,470369,7932.0,411033,15724,11254,4470,59336,0.5
1900-01-22 04:44:00,7928.5,4019,7929.0,616545,17074,204310,-187236,-612526,0.5
1900-01-22 04:44:15,7926.5,15417,7927.0,665181,3200,42502,-39302,-649764,0.5
1900-01-22 04:44:30,7925.5,1527429,7926.0,2045,694,73784,-73090,1525384,0.5
1900-01-22 04:44:45,7926.0,986924,7926.5,43515,5256,1586,3670,943409,0.5
1900-01-22 04:45:00,7926.0,1260317,7926.5,583518,9442,17328,-7886,676799,0.5
1900-01-22 04:45:15,7926.0,1458355,7926.5,142046,74634,16216,58418,1316309,0.5
1900-01-22 04:45:30,7926.0,263576,7926.5,543599,18372,160000,-141628,-280023,0.5
1900-01-22 04:45:45,7925.5,20206,7926.0,748392,5360,142042,-136682,-728186,0.5
1900-01-22 04:46:00,7923.5,12213,7924.0,551392,59752,580400,-520648,-539179,0.5
1900-01-22 04:46:15,7920.0,812552,7920.5,284346,15980,167280,-151300,528206,0.5
1900-01-22 04:46:30,7920.0,1053629,7920.5,301480,54476,4444,50032,752149,0.5
1900-01-22 04:46:45,7920.0,1090710,7920.5,60780,55954,79000,-23046,1029930,0.5
1900-01-22 04:47:00,7920.5,967292,7921.0,506192,30708,280,30428,461100,0.5
1900-01-22 04:47:15,7920.5,795022,7921.0,435765,22014,29450,-7436,359257,0.5
1900-01-22 04:47:30,7920.5,872310,7921.0,470220,65620,29450,36170,402090,0.5
1900-01-22 04:47:45,7920.5,1214254,7921.0,77929,7212,5000,2212,1136325,0.5
1900-01-22 04:48:00,7920.5,618443,7921.0,285053,1650,40,1610,333390,0.5
1900-01-22 04:48:15,7920.5,294729,7921.0,668663,3600,41018,-37418,-373934,0.5
1900-01-22 04:48:30,7920.5,286089,7921.0,661395,1000,34000,-33000,-375306,0.5
1900-01-22 04:48:45,7920.5,313930,7921.0,673143,7464,20502,-13038,-359213,0.5
1900-01-22 04:49:00,7920.5,221615,7921.0,743233,6402,171644,-165242,-521618,0.5
1900-01-22 04:49:15,7910.5,523809,7911.0,28246,16534,391670,-375136,495563,0.5
1900-01-22 04:49:30,7910.0,2229,7910.5,249718,74418,164870,-90452,-247489,0.5
1900-01-22 04:49:45,7909.5,588703,7910.0,568183,28320,117540,-89220,20520,0.5
1900-01-22 04:50:00,7904.5,331243,7905.0,619871,40242,172952,-132710,-288628,0.5
1900-01-22 04:50:15,7901.5,490422,7902.0,433931,337552,133192,204360,56491,0.5
1900-01-22 04:50:30,7899.0,25874,7899.5,855236,15852,475370,-459518,-829362,0.5
1900-01-22 04:50:45,7893.5,150687,7894.0,939089,554,668982,-668428,-788402,0.5
1900-01-22 04:51:00,7899.5,481550,7900.0,170236,506358,574178,-67820,311314,0.5
1900-01-22 04:51:15,7897.5,45405,7898.0,989838,213102,97786,115316,-944433,0.5
1900-01-22 04:51:30,7893.5,47518,7894.0,1176968,24102,65902,-41800,-1129450,0.5
1900-01-22 04:51:45,7893.0,31997,7893.5,1438735,3500,119058,-115558,-1406738,0.5
1900-01-22 04:52:00,7892.0,157048,7892.5,1279195,51560,217878,-166318,-1122147,0.5
1900-01-22 04:52:15,7891.5,832862,7892.0,135735,256610,234718,21892,697127,0.5
1900-01-22 04:52:30,7891.5,248313,7892.0,1347844,65886,207648,-141762,-1099531,0.5
1900-01-22 04:52:45,7891.5,176431,7892.0,1688194,20428,504292,-483864,-1511763,0.5
1900-01-22 04:53:00,7879.5,1843650,7880.0,64064,284612,1125896,-841284,1779586,0.5
1900-01-22 04:53:15,7883.0,333506,7883.5,931329,129670,365286,-235616,-597823,0.5
1900-01-22 04:53:30,7879.5,65120,7880.0,990017,24774,3343790,-3319016,-924897,0.5
1900-01-22 04:53:45,7874.0,5936,7874.5,951751,54766,651202,-596436,-945815,0.5
1900-01-22 04:54:00,7872.5,553847,7873.0,525852,2321822,197544,2124278,27995,0.5
1900-01-22 04:54:15,7874.0,564184,7874.5,81454,1028954,69058,959896,482730,0.5
1900-01-22 04:54:30,7879.0,443744,7879.5,246273,457946,15218,442728,197471,0.5
1900-01-22 04:54:45,7872.5,865198,7873.0,412940,251054,265512,-14458,452258,0.5
1900-01-22 04:55:00,7877.5,691155,7878.0,159472,127354,42770,84584,531683,0.5
1900-01-22 04:55:15,7883.0,883504,7883.5,157428,356766,48558,308208,726076,0.5
1900-01-22 04:55:30,7886.0,889630,7886.5,124102,301710,48500,253210,765528,0.5
1900-01-22 04:55:45,7885.0,571056,7885.5,303333,55464,331442,-275978,267723,0.5
1900-01-22 04:56:00,7888.0,1035529,7888.5,37592,286742,130760,155982,997937,0.5
1900-01-22 04:56:15,7892.0,1054432,7892.5,61297,242952,76568,166384,993135,0.5
1900-01-22 04:56:30,7893.0,1081180,7893.5,18968,163988,31140,132848,1062212,0.5
1900-01-22 04:56:45,7893.5,953196,7894.0,24841,240318,181770,58548,928355,0.5
1900-01-22 04:57:00,7894.5,967621,7895.0,11944,241856,130346,111510,955677,0.5
1900-01-22 04:57:15,7900.5,99640,7901.0,253749,353100,612650,-259550,-154109,0.5
1900-01-22 04:57:30,7910.0,135374,7910.5,28316,657276,3884,653392,107058,0.5
1900-01-22 04:57:45,7906.0,3348263,7906.5,806762,274698,458052,-183354,2541501,0.5
1900-01-22 04:58:00,7904.5,1146,7905.0,27645,100784,225862,-125078,-26499,0.5
1900-01-22 04:58:15,7897.5,338361,7898.0,749473,34412,906630,-872218,-411112,0.5
1900-01-22 04:58:30,7892.0,201955,7892.5,558971,200,831754,-831554,-357016,0.5
1900-01-22 04:58:45,7897.5,1036215,7898.0,572847,101100,34226,66874,463368,0.5
1900-01-22 04:59:00,7897.5,818511,7898.0,614071,47368,1200,46168,204440,0.5
1900-01-22 04:59:15,7897.5,639982,7898.0,1234719,64544,49956,14588,-594737,0.5
1900-01-22 04:59:30,7897.5,636354,7898.0,1271232,64544,66628,-2084,-634878,0.5
1900-01-22 04:59:45,7897.5,649102,7898.0,1279392,1036,30002,-28966,-630290,0.5
1900-01-22 05:00:00,7897.5,91735,7898.0,379337,61840,717990,-656150,-287602,0.5
1900-01-22 05:00:15,7897.5,578145,7898.0,84562,97290,213062,-115772,493583,0.5
1900-01-22 05:00:30,7898.0,390691,7898.5,962,232982,664,232318,389729,0.5
1900-01-22 05:00:45,7906.0,145736,7906.5,1186662,50068,48608,1460,-1040926,0.5
1900-01-22 05:01:00,7906.0,703879,7906.5,48275,100642,297602,-196960,655604,0.5
1900-01-22 05:01:15,7907.0,58145,7907.5,1088768,57518,3002,54516,-1030623,0.5
1900-01-22 05:01:30,7905.0,16275,7905.5,1275057,3000,48254,-45254,-1258782,0.5
1900-01-22 05:01:45,7900.0,3534,7900.5,255280,300,173088,-172788,-251746,0.5
1900-01-22 05:02:00,7897.5,4359,7898.0,1344599,23598,73688,-50090,-1340240,0.5
1900-01-22 05:02:15,7888.5,10,7889.0,113338,61514,55346,6168,-113328,0.5
1900-01-22 05:02:30,7890.5,20000,7891.0,8594,283370,97092,186278,11406,0.5
1900-01-22 05:02:45,7889.5,113,7890.0,372058,57400,37132,20268,-371945,0.5
1900-01-22 05:03:00,7883.0,141431,7883.5,842478,38108,89498,-51390,-701047,0.5
1900-01-22 05:03:15,7880.5,551155,7881.0,567848,19728,263828,-244100,-16693,0.5
1900-01-22 05:03:30,7880.5,200263,7881.0,402837,1704,569800,-568096,-202574,0.5
1900-01-22 05:03:45,7877.0,255568,7877.5,339177,15562,229606,-214044,-83609,0.5
1900-01-22 05:04:00,7878.0,672183,7878.5,293979,233834,83112,150722,378204,0.5
1900-01-22 05:04:15,7871.0,178148,7871.5,511695,17714,300546,-282832,-333547,0.5
1900-01-22 05:04:30,7863.0,138345,7863.5,420158,49834,1011578,-961744,-281813,0.5
1900-01-22 05:04:45,7866.0,1270,7866.5,140546,356832,99082,257750,-139276,0.5
1900-01-22 05:05:00,7856.0,14975,7856.5,395600,171644,1046622,-874978,-380625,0.5
1900-01-22 05:05:15,7856.0,167114,7856.5,6366,408900,578774,-169874,160748,0.5
1900-01-22 05:05:30,7883.0,30619,7883.5,29163,575772,52602,523170,1456,0.5
1900-01-22 05:05:45,7873.5,677,7874.0,74548,260696,233852,26844,-73871,0.5
1900-01-22 05:06:00,7865.5,378653,7866.0,311384,88998,94128,-5130,67269,0.5
1900-01-22 05:06:15,7865.5,58571,7866.0,735120,40038,188938,-148900,-676549,0.5
1900-01-22 05:06:30,7850.5,38900,7851.0,23128,205464,409042,-203578,15772,0.5
1900-01-22 05:06:45,7844.0,691328,7844.5,169131,68104,794800,-726696,522197,0.5
1900-01-22 05:07:00,7859.0,508259,7859.5,432827,846822,698708,148114,75432,0.5
1900-01-22 05:07:15,7861.5,1033917,7862.0,120685,768676,161440,607236,913232,0.5
1900-01-22 05:07:30,7863.0,417294,7863.5,557724,375182,433456,-58274,-140430,0.5
1900-01-22 05:07:45,7851.0,16752,7851.5,359694,38678,682796,-644118,-342942,0.5
1900-01-22 05:08:00,7860.0,478533,7860.5,455554,134778,400392,-265614,22979,0.5
1900-01-22 05:08:15,7860.0,91278,7860.5,831557,273612,343398,-69786,-740279,0.5
1900-01-22 05:08:30,7859.0,588,7859.5,837481,115284,114968,316,-836893,0.5
1900-01-22 05:08:45,7849.0,3909,7849.5,391842,112410,199398,-86988,-387933,0.5
1900-01-22 05:09:00,7849.0,31804,7849.5,27053,128584,1243302,-1114718,4751,0.5
1900-01-22 05:09:15,7855.0,112694,7855.5,90760,243216,464850,-221634,21934,0.5
1900-01-22 05:09:30,7853.0,88045,7853.5,175729,159254,289872,-130618,-87684,0.5
1900-01-22 05:09:45,7857.5,425735,7858.0,2188,260220,271034,-10814,423547,0.5
1900-01-22 05:10:00,7864.0,305942,7864.5,49,227248,26008,201240,305893,0.5
1900-01-22 05:10:15,7865.0,323815,7865.5,62498,438050,224464,213586,261317,0.5
1900-01-22 05:10:30,7867.0,98344,7867.5,870690,249914,18530,231384,-772346,0.5
1900-01-22 05:10:45,7863.0,692,7863.5,445817,140164,78926,61238,-445125,0.5
1900-01-22 05:11:00,7860.0,1114368,7860.5,102188,39422,111226,-71804,1012180,0.5
1900-01-22 05:11:15,7871.5,148563,7872.0,64,205910,19878,186032,148499,0.5
1900-01-22 05:11:30,7876.0,825376,7876.5,6445,291730,66948,224782,818931,0.5
1900-01-22 05:11:45,7878.0,139248,7878.5,638482,248526,451384,-202858,-499234,0.5
1900-01-22 05:12:00,7878.0,861390,7878.5,3264,73186,80648,-7462,858126,0.5
1900-01-22 05:12:15,7881.5,354564,7882.0,632622,286088,64196,221892,-278058,0.5
1900-01-22 05:12:30,7883.5,792343,7884.0,86276,174698,65602,109096,706067,0.5
1900-01-22 05:12:45,7887.5,100122,7888.0,115258,230034,122600,107434,-15136,0.5
1900-01-22 05:13:00,7878.0,22709,7878.5,418978,125720,95626,30094,-396269,0.5
1900-01-22 05:13:15,7876.5,551494,7877.0,42838,337106,155026,182080,508656,0.5
1900-01-22 05:13:30,7876.5,841976,7877.0,39093,70696,279774,-209078,802883,0.5
1900-01-22 05:13:45,7876.5,560,7877.0,821525,16704,295096,-278392,-820965,0.5
1900-01-22 05:14:00,7872.5,941774,7873.0,122676,34772,483194,-448422,819098,0.5
1900-01-22 05:14:15,7865.5,13951,7866.0,454523,84412,125782,-41370,-440572,0.5
1900-01-22 05:14:30,7869.0,405902,7869.5,376363,49542,89488,-39946,29539,0.5
1900-01-22 05:14:45,7874.0,1088551,7874.5,335,89610,133096,-43486,1088216,0.5
1900-01-22 05:15:00,7878.0,2309,7878.5,584482,163496,35430,128066,-582173,0.5
1900-01-22 05:15:15,7870.5,808493,7871.0,182982,67794,121098,-53304,625511,0.5
1900-01-22 05:15:30,7865.5,651887,7866.0,121432,21778,105244,-83466,530455,0.5
1900-01-22 05:15:45,7870.5,130525,7871.0,54332,75682,79212,-3530,76193,0.5
1900-01-22 05:16:00,7873.5,220546,7874.0,20261,92046,65472,26574,200285,0.5
1900-01-22 05:16:15,7878.0,275280,7878.5,584319,126992,57560,69432,-309039,0.5
1900-01-22 05:16:30,7877.0,1195305,7877.5,18600,36552,116580,-80028,1176705,0.5
1900-01-22 05:16:45,7878.0,42250,7878.5,2216,42600,10706,31894,40034,0.5
1900-01-22 05:17:00,7880.0,470146,7880.5,670326,201004,43112,157892,-200180,0.5
1900-01-22 05:17:15,7884.5,801278,7885.0,166634,51788,11906,39882,634644,0.5
1900-01-22 05:17:30,7896.5,110071,7897.0,188651,377368,12900,364468,-78580,0.5
1900-01-22 05:17:45,7891.5,58006,7892.0,759818,217134,464834,-247700,-701812,0.5
1900-01-22 05:18:00,7893.0,319459,7893.5,544851,219304,25558,193746,-225392,0.5
1900-01-22 05:18:15,7893.0,1063641,7893.5,141602,141600,84490,57110,922039,0.5
1900-01-22 05:18:30,7893.0,156097,7893.5,592799,65776,39780,25996,-436702,0.5
1900-01-22 05:18:45,7885.5,723234,7886.0,228324,29164,212822,-183658,494910,0.5
1900-01-22 05:19:00,7885.5,324362,7886.0,587696,55958,156026,-100068,-263334,0.5
1900-01-22 05:19:15,7888.0,98798,7888.5,663875,59662,51088,8574,-565077,0.5
1900-01-22 05:19:30,7888.0,53656,7888.5,634256,3400,70686,-67286,-580600,0.5
1900-01-22 05:19:45,7879.5,316516,7880.0,444020,46936,179926,-132990,-127504,0.5
1900-01-22 05:20:00,7876.5,30659,7877.0,847243,14902,74514,-59612,-816584,0.5
1900-01-22 05:20:15,7878.5,160630,7879.0,543189,145868,57892,87976,-382559,0.5
1900-01-22 05:20:30,7878.5,133250,7879.0,680525,45714,698992,-653278,-547275,0.5
1900-01-22 05:20:45,7872.5,905824,7873.0,257058,18312,20822,-2510,648766,0.5
1900-01-22 05:21:00,7872.5,37355,7873.0,652929,26460,19204,7256,-615574,0.5
1900-01-22 05:21:15,7869.0,9832,7869.5,704575,3006,128774,-125768,-694743,0.5
1900-01-22 05:21:30,7866.0,424272,7866.5,10139,48138,82140,-34002,414133,0.5
1900-01-22 05:21:45,7869.0,262282,7869.5,3707,197378,44042,153336,258575,0.5
1900-01-22 05:22:00,7873.0,1593166,7873.5,184656,582710,1036,581674,1408510,0.5
1900-01-22 05:22:15,7879.5,603079,7880.0,354767,113194,15940,97254,248312,0.5
1900-01-22 05:22:30,7880.0,1198780,7880.5,499292,149004,68112,80892,699488,0.5
1900-01-22 05:22:45,7880.0,970566,7880.5,366433,403354,202288,201066,604133,0.5
1900-01-22 05:23:00,7880.0,2437909,7880.5,210366,197888,61920,135968,2227543,0.5
1900-01-22 05:23:15,7884.5,1142759,7885.0,8926,197302,10160,187142,1133833,0.5
1900-01-22 05:23:30,7887.5,349743,7888.0,664186,99384,6520,92864,-314443,0.5
1900-01-22 05:23:45,7887.5,1160392,7888.0,14310,6548,79038,-72490,1146082,0.5
1900-01-22 05:24:00,7889.5,1648144,7890.0,398797,239688,26012,213676,1249347,0.5
1900-01-22 05:24:15,7889.5,2488474,7890.0,96505,266296,200,266096,2391969,0.5
1900-01-22 05:24:30,7898.5,1055188,7899.0,126109,1278608,67714,1210894,929079,0.5
1900-01-22 05:24:45,7898.5,78720,7899.0,849820,178180,74162,104018,-771100,0.5
1900-01-22 05:25:00,7898.5,1198048,7899.0,57610,32286,38692,-6406,1140438,0.5
1900-01-22 05:25:15,7901.0,338165,7901.5,29398,1382024,73750,1308274,308767,0.5
1900-01-22 05:25:30,7902.5,1017066,7903.0,745295,449264,461372,-12108,271771,0.5
1900-01-22 05:25:45,7902.5,1866598,7903.0,735657,36312,198362,-162050,1130941,0.5
1900-01-22 05:26:00,7902.5,1874751,7903.0,987797,36432,31448,4984,886954,0.5
1900-01-22 05:26:15,7902.5,1909889,7903.0,986800,10658,16408,-5750,923089,0.5
1900-01-22 05:26:30,7903.5,968970,7904.0,6283,120034,10154,109880,962687,0.5
1900-01-22 05:26:45,7904.5,1144141,7905.0,14337,88554,12300,76254,1129804,0.5
1900-01-22 05:27:00,7908.0,150070,7908.5,1979,519872,36224,483648,148091,0.5
1900-01-22 05:27:15,7913.5,10449,7914.0,207680,1458448,194600,1263848,-197231,0.5
1900-01-22 05:27:30,7908.0,1258914,7908.5,40873,256866,404900,-148034,1218041,0.5
1900-01-22 05:27:45,7904.0,3782,7908.0,136796,371010,124798,246212,-133014,4.0
1900-01-22 05:28:00,7903.5,52867,7904.0,694724,49526,479338,-429812,-641857,0.5
1900-01-22 05:28:15,7903.5,1197500,7904.0,41970,240684,64254,176430,1155530,0.5
1900-01-22 05:28:30,7905.5,617934,7906.0,29943,30660,52940,-22280,587991,0.5
1900-01-22 05:28:45,7907.0,161911,7907.5,576763,184544,18030,166514,-414852,0.5
1900-01-22 05:29:00,7901.0,233576,7901.5,678562,12206,222252,-210046,-444986,0.5
1900-01-22 05:29:15,7900.5,27941,7901.0,844511,61800,110644,-48844,-816570,0.5
1900-01-22 05:29:30,7899.0,13935,7899.5,817999,102664,228254,-125590,-804064,0.5
1900-01-22 05:29:45,7899.0,981206,7899.5,119695,118492,220638,-102146,861511,0.5
1900-01-22 05:30:00,7898.5,732271,7899.0,184016,52102,108316,-56214,548255,0.5
1900-01-22 05:30:15,7898.5,1071167,7899.0,150768,61644,30702,30942,920399,0.5
1900-01-22 05:30:30,7898.5,2051356,7899.0,117454,131334,4144,127190,1933902,0.5
1900-01-22 05:30:45,7901.0,7758,7901.5,2675,188958,4144,184814,5083,0.5
1900-01-22 05:31:00,7907.0,937425,7907.5,152368,101516,70594,30922,785057,0.5
1900-01-22 05:31:15,7907.0,523998,7907.5,118852,166724,45116,121608,405146,0.5
1900-01-22 05:31:30,7907.0,1402052,7907.5,42369,18046,24102,-6056,1359683,0.5
1900-01-22 05:31:45,7909.0,910723,7909.5,143593,38668,2002,36666,767130,0.5
1900-01-22 05:32:00,7911.5,1200992,7912.0,1406,440342,30874,409468,1199586,0.5
1900-01-22 05:32:15,7912.5,143443,7913.0,653292,29266,33024,-3758,-509849,0.5
1900-01-22 05:32:30,7914.5,908795,7915.0,169472,175928,43530,132398,739323,0.5
1900-01-22 05:32:45,7916.0,1155230,7916.5,970,89060,11246,77814,1154260,0.5
1900-01-22 05:33:00,7919.5,1255876,7920.0,81473,412980,64926,348054,1174403,0.5
1900-01-22 05:33:15,7922.5,724454,7923.0,147378,278808,22284,256524,577076,0.5
1900-01-22 05:33:30,7922.5,485158,7923.0,362521,143612,207862,-64250,122637,0.5
1900-01-22 05:33:45,7924.5,1080292,7925.0,36253,214056,24964,189092,1044039,0.5
1900-01-22 05:34:00,7926.0,920932,7926.5,27598,93810,60196,33614,893334,0.5
1900-01-22 05:34:15,7926.0,996694,7926.5,187399,183390,24262,159128,809295,0.5
1900-01-22 05:34:30,7926.5,1186715,7927.0,58711,159856,32042,127814,1128004,0.5
1900-01-22 05:34:45,7927.5,1138728,7928.0,171755,144418,20124,124294,966973,0.5
1900-01-22 05:35:00,7927.5,422541,7928.0,439738,138886,81072,57814,-17197,0.5
1900-01-22 05:35:15,7924.5,17005,7925.0,560125,18362,530940,-512578,-543120,0.5
1900-01-22 05:35:30,7923.0,173934,7923.5,891120,4070,1151032,-1146962,-717186,0.5
1900-01-22 05:35:45,7923.0,85546,7923.5,809614,27400,135262,-107862,-724068,0.5
1900-01-22 05:36:00,7920.5,153970,7921.0,480174,22190,173196,-151006,-326204,0.5
1900-01-22 05:36:15,7920.5,15708,7921.0,878620,2000,179096,-177096,-862912,0.5
1900-01-22 05:36:30,7914.0,1321547,7914.5,52449,94240,264926,-170686,1269098,0.5
1900-01-22 05:36:45,7914.0,1317707,7914.5,34145,38,5834,-5796,1283562,0.5
1900-01-22 05:37:00,7916.0,560476,7916.5,5497,109970,108908,1062,554979,0.5
1900-01-22 05:37:15,7916.5,1331172,7917.0,82489,16988,31206,-14218,1248683,0.5
1900-01-22 05:37:30,7919.0,1054467,7919.5,14256,309852,5000,304852,1040211,0.5
1900-01-22 05:37:45,7923.0,812759,7923.5,449881,278974,394,278580,362878,0.5
1900-01-22 05:38:00,7923.0,1312470,7923.5,50529,364460,6216,358244,1261941,0.5
1900-01-22 05:38:15,7928.5,208402,7929.0,496361,116934,211222,-94288,-287959,0.5
1900-01-22 05:38:30,7928.5,1003884,7929.0,125697,65600,42122,23478,878187,0.5
1900-01-22 05:38:45,7926.5,500,7927.0,142837,39764,33606,6158,-142337,0.5
1900-01-22 05:39:00,7923.5,10488,7924.0,671412,6220,145782,-139562,-660924,0.5
1900-01-22 05:39:15,7918.5,575,7919.0,561835,1528,262550,-261022,-561260,0.5
1900-01-22 05:39:30,7918.5,453723,7919.0,611468,17200,70750,-53550,-157745,0.5
1900-01-22 05:39:45,7914.5,582985,7915.0,552833,5336,237184,-231848,30152,0.5
1900-01-22 05:40:00,7915.5,1187821,7916.0,78515,131050,125088,5962,1109306,0.5
1900-01-22 05:40:15,7918.5,25266,7919.0,547834,8062,21728,-13666,-522568,0.5
1900-01-22 05:40:30,7915.0,176365,7915.5,484845,16946,62940,-45994,-308480,0.5
1900-01-22 05:40:45,7915.0,6033,7915.5,680704,10120,48718,-38598,-674671,0.5
1900-01-22 05:41:00,7904.0,10768,7904.5,1212379,17044,199540,-182496,-1201611,0.5
1900-01-22 05:41:15,7909.5,556199,7910.0,270431,343854,212354,131500,285768,0.5
1900-01-22 05:41:30,7906.0,1131014,7906.5,16425,98988,41612,57376,1114589,0.5
1900-01-22 05:41:45,7909.5,718773,7910.0,386248,34516,57358,-22842,332525,0.5
1900-01-22 05:42:00,7909.5,476879,7910.0,497856,24512,22032,2480,-20977,0.5
1900-01-22 05:42:15,7906.0,129344,7906.5,124912,233456,97280,136176,4432,0.5
1900-01-22 05:42:30,7906.0,999107,7906.5,5996,239546,621640,-382094,993111,0.5
1900-01-22 05:42:45,7908.5,825133,7909.0,223580,112142,217224,-105082,601553,0.5
1900-01-22 05:43:00,7908.5,814527,7909.0,200889,55170,30642,24528,613638,0.5
1900-01-22 05:43:15,7908.5,760789,7909.0,549343,60578,14174,46404,211446,0.5
1900-01-22 05:43:30,7908.5,818080,7909.0,99988,35584,22380,13204,718092,0.5
1900-01-22 05:43:45,7908.5,714426,7909.0,585020,26084,22380,3704,129406,0.5
1900-01-22 05:44:00,7909.5,950870,7910.0,278929,232852,32382,200470,671941,0.5
1900-01-22 05:44:15,7909.5,1016658,7910.0,153971,247630,36080,211550,862687,0.5
1900-01-22 05:44:30,7909.5,1411448,7910.0,33861,241802,36080,205722,1377587,0.5
1900-01-22 05:44:45,7915.0,81822,7915.5,4258,158396,63066,95330,77564,0.5
1900-01-22 05:45:00,7916.5,767949,7917.0,93521,151654,120,151534,674428,0.5
1900-01-22 05:45:15,7917.5,494302,7918.0,13212,71814,63948,7866,481090,0.5
1900-01-22 05:45:30,7920.5,915238,7921.0,100506,78402,4522,73880,814732,0.5
1900-01-22 05:45:45,7922.5,699842,7923.0,1129,67922,17220,50702,698713,0.5
1900-01-22 05:46:00,7924.0,561067,7924.5,838056,277852,293446,-15594,-276989,0.5
1900-01-22 05:46:15,7921.5,505297,7922.0,438119,394848,251762,143086,67178,0.5
1900-01-22 05:46:30,7921.5,885708,7922.0,135187,47882,37124,10758,750521,0.5
1900-01-22 05:46:45,7921.5,509430,7922.0,741494,14926,56100,-41174,-232064,0.5
1900-01-22 05:47:00,7921.5,856034,7922.0,408667,91916,28404,63512,447367,0.5
1900-01-22 05:47:15,7928.0,469678,7928.5,244715,99128,60,99068,224963,0.5
1900-01-22 05:47:30,7928.0,548037,7928.5,511301,134070,40840,93230,36736,0.5
1900-01-22 05:47:45,7928.0,718088,7928.5,61576,85052,157328,-72276,656512,0.5
1900-01-22 05:48:00,7932.5,897272,7933.0,545456,474504,41600,432904,351816,0.5
1900-01-22 05:48:15,7932.5,988309,7933.0,523789,313116,12130,300986,464520,0.5
1900-01-22 05:48:30,7929.5,961808,7930.0,5217513,93364,323140,-229776,-4255705,0.5
1900-01-22 05:48:45,7929.5,540427,7930.0,791410,70814,260624,-189810,-250983,0.5
1900-01-22 05:49:00,7924.5,670318,7925.0,383234,211268,570520,-359252,287084,0.5
1900-01-22 05:49:15,7924.5,694483,7925.0,176192,22718,192462,-169744,518291,0.5
1900-01-22 05:49:30,7925.5,460873,7926.0,13108,20592,65140,-44548,447765,0.5
1900-01-22 05:49:45,7925.5,994608,7926.0,546377,31852,2000,29852,448231,0.5
1900-01-22 05:50:00,7925.5,1749093,7926.0,15507,207482,11026,196456,1733586,0.5
1900-01-22 05:50:15,7929.5,950073,7930.0,308350,46948,2276,44672,641723,0.5
1900-01-22 05:50:30,7930.0,726735,7930.5,14876,276334,916,275418,711859,0.5
1900-01-22 05:50:45,7931.5,111575,7932.0,459255,82370,22622,59748,-347680,0.5
1900-01-22 05:51:00,7930.0,118756,7930.5,806445,19528,227324,-207796,-687689,0.5
1900-01-22 05:51:15,7928.0,22173,7928.5,640602,8364,37076,-28712,-618429,0.5
1900-01-22 05:51:30,7925.5,199343,7926.0,663666,32866,181388,-148522,-464323,0.5
1900-01-22 05:51:45,7921.0,166469,7921.5,707769,42888,154002,-111114,-541300,0.5
1900-01-22 05:52:00,7914.0,470652,7914.5,315019,66408,160172,-93764,155633,0.5
1900-01-22 05:52:15,7912.5,1094229,7913.0,24124,68576,417752,-349176,1070105,0.5
1900-01-22 05:52:30,7915.5,171817,7916.0,591028,82656,23960,58696,-419211,0.5
1900-01-22 05:52:45,7913.0,830771,7913.5,385387,8426,105126,-96700,445384,0.5
1900-01-22 05:53:00,7908.5,20985,7909.0,406899,82162,143996,-61834,-385914,0.5
1900-01-22 05:53:15,7909.5,768446,7910.0,49561,525138,322398,202740,718885,0.5
1900-01-22 05:53:30,7910.5,817155,7911.0,2145,26888,96224,-69336,815010,0.5
1900-01-22 05:53:45,7911.0,903512,7911.5,19258,14562,20742,-6180,884254,0.5
1900-01-22 05:54:00,7911.5,218535,7912.0,879368,117778,38694,79084,-660833,0.5
1900-01-22 05:54:15,7911.5,197679,7912.0,692111,235366,152826,82540,-494432,0.5
1900-01-22 05:54:30,7907.0,26726,7907.5,235194,354,204550,-204196,-208468,0.5
1900-01-22 05:54:45,7902.5,502952,7903.0,392268,3268,412930,-409662,110684,0.5
1900-01-22 05:55:00,7904.0,660476,7904.5,234455,376328,22506,353822,426021,0.5
1900-01-22 05:55:15,7904.0,570062,7904.5,254859,186488,107662,78826,315203,0.5
1900-01-22 05:55:30,7904.0,464340,7904.5,717034,159794,37926,121868,-252694,0.5
1900-01-22 05:55:45,7904.0,976428,7904.5,86550,211566,8830,202736,889878,0.5
1900-01-22 05:56:00,7905.0,3535815,7905.5,15885,173376,152028,21348,3519930,0.5
1900-01-22 05:56:15,7911.0,34497,7911.5,909058,81922,65322,16600,-874561,0.5
1900-01-22 05:56:30,7910.5,1600085,7911.0,197922,80288,28980,51308,1402163,0.5
1900-01-22 05:56:45,7920.0,360933,7920.5,827317,279352,30000,249352,-466384,0.5
1900-01-22 05:57:00,7920.5,1046582,7921.0,7716,356792,36452,320340,1038866,0.5
1900-01-22 05:57:15,7920.5,698721,7921.0,575875,4688,153582,-148894,122846,0.5
1900-01-22 05:57:30,7920.5,905925,7921.0,224724,45504,110136,-64632,681201,0.5
1900-01-22 05:57:45,7920.5,419085,7921.0,633593,23994,108000,-84006,-214508,0.5
1900-01-22 05:58:00,7921.0,1219956,7921.5,14678,81532,53408,28124,1205278,0.5
1900-01-22 05:58:15,7920.5,36507,7921.0,679715,26700,112584,-85884,-643208,0.5
1900-01-22 05:58:30,7920.5,142302,7921.0,979152,14500,70470,-55970,-836850,0.5
1900-01-22 05:58:45,7920.5,178861,7921.0,731771,13158,41762,-28604,-552910,0.5
1900-01-22 05:59:00,7917.5,196669,7918.0,369333,2192,93606,-91414,-172664,0.5
1900-01-22 05:59:15,7917.5,2113,7918.0,957437,2192,341266,-339074,-955324,0.5
1900-01-22 05:59:30,7915.0,503318,7915.5,272021,11618,33284,-21666,231297,0.5
1900-01-22 05:59:45,7920.5,223158,7921.0,809443,18206,25626,-7420,-586285,0.5
1900-01-22 06:00:00,7923.0,479499,7923.5,3490,19894,50758,-30864,476009,0.5
1900-01-22 06:00:15,7929.5,1133916,7933.0,131014,384806,15404,369402,1002902,3.5
1900-01-22 06:00:30,7936.5,1346695,7937.0,614440,1387016,64888,1322128,732255,0.5
1900-01-22 06:00:45,7936.5,437406,7937.0,1062780,385432,241878,143554,-625374,0.5
1900-01-22 06:01:00,7934.5,62418,7935.0,979271,246470,255876,-9406,-916853,0.5
1900-01-22 06:01:15,7933.0,677772,7933.5,299537,104972,80500,24472,378235,0.5
1900-01-22 06:01:30,7933.0,1252342,7933.5,14626,135798,17816,117982,1237716,0.5
1900-01-22 06:01:45,7938.0,952984,7938.5,184620,458648,4660,453988,768364,0.5
1900-01-22 06:02:00,7938.5,1031672,7939.0,110149,390544,33648,356896,921523,0.5
1900-01-22 06:02:15,7948.5,595808,7949.0,83804,2470968,22850,2448118,512004,0.5
1900-01-22 06:02:30,7944.5,175452,7945.0,1047962,359148,414812,-55664,-872510,0.5
1900-01-22 06:02:45,7940.0,42544,7940.5,709555,217316,656358,-439042,-667011,0.5
1900-01-22 06:03:00,7939.5,540023,7940.0,487966,34856,89124,-54268,52057,0.5
1900-01-22 06:03:15,7937.0,1538979,7937.5,10522,123886,156290,-32404,1528457,0.5
1900-01-22 06:03:30,7939.5,80693,7940.0,699821,211850,127534,84316,-619128,0.5
1900-01-22 06:03:45,7942.5,443281,7943.0,123802,233912,27052,206860,319479,0.5
1900-01-22 06:04:00,7942.5,1644190,7943.0,32792,114140,26364,87776,1611398,0.5
1900-01-22 06:04:15,7948.5,297997,7949.0,576585,589700,13476,576224,-278588,0.5
1900-01-22 06:04:30,7947.0,4866,7947.5,440552,1387664,77736,1309928,-435686,0.5
1900-01-22 06:04:45,7943.0,2453541,7943.5,696439,151426,417860,-266434,1757102,0.5
1900-01-22 06:05:00,7944.5,1175991,7945.0,27742,565108,170556,394552,1148249,0.5
1900-01-22 06:05:15,7942.5,442718,7943.0,659886,359556,143454,216102,-217168,0.5
1900-01-22 06:05:30,7945.0,76278,7945.5,650505,112854,186546,-73692,-574227,0.5
1900-01-22 06:05:45,7945.0,1343730,7945.5,17634,79620,33604,46016,1326096,0.5
1900-01-22 06:06:00,7952.5,457255,7953.0,95957,169428,11480,157948,361298,0.5
1900-01-22 06:06:15,7955.0,1152494,7955.5,16648,512560,74154,438406,1135846,0.5
1900-01-22 06:06:30,7958.5,450795,7959.0,472555,474774,29824,444950,-21760,0.5
1900-01-22 06:06:45,7958.5,197310,7959.0,764350,114222,257836,-143614,-567040,0.5
1900-01-22 06:07:00,7958.5,380473,7959.0,909531,69778,326478,-256700,-529058,0.5
1900-01-22 06:07:15,7958.5,399855,7959.0,884530,53826,296020,-242194,-484675,0.5
1900-01-22 06:07:30,7954.0,1923,7954.5,476436,107942,1469782,-1361840,-474513,0.5
1900-01-22 06:07:45,7948.0,770808,7948.5,10,300,237522,-237222,770798,0.5
1900-01-22 06:08:00,7953.5,189480,7954.0,1400028,123594,192770,-69176,-1210548,0.5
1900-01-22 06:08:15,7953.5,505801,7954.0,1121139,68688,47578,21110,-615338,0.5
1900-01-22 06:08:30,7948.0,173033,7948.5,442938,20000,559992,-539992,-269905,0.5
1900-01-22 06:08:45,7947.5,68975,7948.0,1019221,10760,158840,-148080,-950246,0.5
1900-01-22 06:09:00,7945.0,630654,7945.5,352648,28380,97504,-69124,278006,0.5
1900-01-22 06:09:15,7937.0,6823,7938.5,598337,34748,546924,-512176,-591514,1.5
1900-01-22 06:09:30,7932.5,316259,7933.0,5632,215214,449430,-234216,310627,0.5
1900-01-22 06:09:45,7944.0,565393,7944.5,10086,437610,23448,414162,555307,0.5
1900-01-22 06:10:00,7952.5,76128,7953.0,49256,224072,17450,206622,26872,0.5
1900-01-22 06:10:15,7952.0,5665,7952.5,275968,210746,136912,73834,-270303,0.5
1900-01-22 06:10:30,7954.5,25080,7955.0,86613,131794,115362,16432,-61533,0.5
1900-01-22 06:10:45,7954.5,87668,7955.0,634806,64436,119036,-54600,-547138,0.5
1900-01-22 06:11:00,7951.0,25405,7951.5,577043,46192,119996,-73804,-551638,0.5
1900-01-22 06:11:15,7948.5,5914,7949.0,801539,40208,78200,-37992,-795625,0.5
1900-01-22 06:11:30,7948.0,17216,7948.5,590583,10000,16716,-6716,-573367,0.5
1900-01-22 06:11:45,7945.5,114871,7946.0,630151,40,48000,-47960,-515280,0.5
1900-01-22 06:12:00,7941.0,584466,7941.5,313125,36600,357886,-321286,271341,0.5
1900-01-22 06:12:15,7943.0,652007,7943.5,136951,88554,502370,-413816,515056,0.5
1900-01-22 06:12:30,7944.5,4549,7945.0,942578,82898,119608,-36710,-938029,0.5
1900-01-22 06:12:45,7940.5,1832,7941.0,1006719,82898,810658,-727760,-1004887,0.5
1900-01-22 06:13:00,7940.0,30246,7940.5,586665,100,38976,-38876,-556419,0.5
1900-01-22 06:13:15,7938.0,606215,7938.5,584708,722,63674,-62952,21507,0.5
1900-01-22 06:13:30,7938.0,744875,7938.5,35696,33502,108638,-75136,709179,0.5
1900-01-22 06:13:45,7938.0,431218,7938.5,688735,54676,51244,3432,-257517,0.5
1900-01-22 06:14:00,7938.0,260653,7938.5,779030,2018,119482,-117464,-518377,0.5
1900-01-22 06:14:15,7938.0,289485,7938.5,815131,1730,19586,-17856,-525646,0.5
1900-01-22 06:14:30,7938.0,763314,7938.5,198404,600,34000,-33400,564910,0.5
1900-01-22 06:14:45,7945.5,996442,7946.0,9717,1386180,800,1385380,986725,0.5
1900-01-22 06:15:00,7952.0,42615,7952.5,16072,297860,800,297060,26543,0.5
1900-01-22 06:15:15,7930.5,51431,7931.0,22465,141780,292000,-150220,28966,0.5
1900-01-22 06:15:30,7940.0,569619,7940.5,136338,319570,204760,114810,433281,0.5
1900-01-22 06:15:45,7935.5,802735,7936.0,138794,56564,283666,-227102,663941,0.5
1900-01-22 06:16:00,7935.5,585756,7936.0,601921,108600,13714,94886,-16165,0.5
1900-01-22 06:16:15,7935.5,557696,7936.0,577415,1742,10796,-9054,-19719,0.5
1900-01-22 06:16:30,7935.5,1307703,7936.0,13123,65572,139732,-74160,1294580,0.5
1900-01-22 06:16:45,7938.5,270916,7939.0,666456,81990,48534,33456,-395540,0.5
1900-01-22 06:17:00,7938.5,291248,7939.0,556653,10020,120162,-110142,-265405,0.5
1900-01-22 06:17:15,7938.5,104784,7939.0,603487,290040,173008,117032,-498703,0.5
1900-01-22 06:17:30,7937.0,180046,7937.5,894846,1040,84776,-83736,-714800,0.5
1900-01-22 06:17:45,7937.0,302354,7937.5,774193,28768,33932,-5164,-471839,0.5
1900-01-22 06:18:00,7938.0,1104567,7938.5,352474,319680,57030,262650,752093,0.5
1900-01-22 06:18:15,7939.5,1094204,7940.0,61761,296326,24400,271926,1032443,0.5
1900-01-22 06:18:30,7939.0,1302706,7939.5,40546,80438,139894,-59456,1262160,0.5
1900-01-22 06:18:45,7939.0,165493,7939.5,739698,139680,191642,-51962,-574205,0.5
1900-01-22 06:19:00,7933.5,22332,7934.0,534752,4336,273540,-269204,-512420,0.5
1900-01-22 06:19:15,7928.0,497342,7928.5,716734,17650,380540,-362890,-219392,0.5
1900-01-22 06:19:30,7927.5,314083,7928.0,1185943,28398,285420,-257022,-871860,0.5
1900-01-22 06:19:45,7927.0,1001290,7927.5,216018,86306,451134,-364828,785272,0.5
1900-01-22 06:20:00,7927.5,1036834,7928.0,19298,319544,13856,305688,1017536,0.5
1900-01-22 06:20:15,7931.0,912534,7931.5,48357,99370,11018,88352,864177,0.5
1900-01-22 06:20:30,7929.5,7963,7930.0,902693,4380,314132,-309752,-894730,0.5
1900-01-22 06:20:45,7923.0,27604,7923.5,366692,4020,180350,-176330,-339088,0.5
1900-01-22 06:21:00,7921.0,1336117,7921.5,106733,21938,230900,-208962,1229384,0.5
1900-01-22 06:21:15,7921.0,636101,7921.5,681410,80314,214166,-133852,-45309,0.5
1900-01-22 06:21:30,7918.5,320394,7919.0,816748,124364,609960,-485596,-496354,0.5
1900-01-22 06:21:45,7918.5,709677,7919.0,326895,10400,332184,-321784,382782,0.5
1900-01-22 06:22:00,7921.0,557937,7921.5,304330,360060,61700,298360,253607,0.5
1900-01-22 06:22:15,7922.0,1310662,7922.5,8949,53290,14340,38950,1301713,0.5
1900-01-22 06:22:30,7924.5,788106,7925.0,18913,53006,92568,-39562,769193,0.5
1900-01-22 06:22:45,7925.5,810901,7926.0,531586,32602,3020,29582,279315,0.5
1900-01-22 06:23:00,7925.5,102375,7926.0,1191023,101534,107700,-6166,-1088648,0.5
1900-01-22 06:23:15,7924.5,60439,7925.0,1057753,4902,108242,-103340,-997314,0.5
1900-01-22 06:23:30,7916.0,358901,7916.5,511999,56660,341188,-284528,-153098,0.5
1900-01-22 06:23:45,7915.0,523110,7915.5,302206,44124,91810,-47686,220904,0.5
1900-01-22 06:24:00,7915.0,478678,7915.5,329868,21410,49914,-28504,148810,0.5
1900-01-22 06:24:15,7916.0,392540,7916.5,12541,61264,159212,-97948,379999,0.5
1900-01-22 06:24:30,7924.5,584953,7925.0,14905,127040,4514,122526,570048,0.5
1900-01-22 06:24:45,7925.0,932109,7925.5,51266,51710,92950,-41240,880843,0.5
1900-01-22 06:25:00,7922.5,542987,7923.0,176776,33082,45844,-12762,366211,0.5
1900-01-22 06:25:15,7922.0,3732,7922.5,1140655,173716,1848,171868,-1136923,0.5
1900-01-22 06:25:30,7915.0,1275008,7915.5,55409,42714,381920,-339206,1219599,0.5
1900-01-22 06:25:45,7915.0,1645465,7915.5,52364,24664,3082,21582,1593101,0.5
1900-01-22 06:26:00,7916.5,1476081,7917.0,4617,119318,1000,118318,1471464,0.5
1900-01-22 06:26:15,7920.5,925382,7921.0,519,38724,4440,34284,924863,0.5
1900-01-22 06:26:30,7923.0,1589359,7923.5,6757,53108,10798,42310,1582602,0.5
1900-01-22 06:26:45,7924.0,123408,7924.5,794832,21512,160162,-138650,-671424,0.5
1900-01-22 06:27:00,7923.0,10797,7923.5,1076248,140164,440110,-299946,-1065451,0.5
1900-01-22 06:27:15,7910.0,1014584,7910.5,159468,38270,145166,-106896,855116,0.5
1900-01-22 06:27:30,7918.0,57768,7918.5,883396,197786,239752,-41966,-825628,0.5
1900-01-22 06:27:45,7914.5,105539,7915.0,15002,105300,39528,65772,90537,0.5
1900-01-22 06:28:00,7914.5,1010491,7915.0,317727,1976,29510,-27534,692764,0.5
1900-01-22 06:28:15,7916.5,943152,7917.0,19762,102938,6460,96478,923390,0.5
1900-01-22 06:28:30,7916.5,846498,7917.0,104934,36834,7600,29234,741564,0.5
1900-01-22 06:28:45,7916.5,1015052,7917.0,197568,64182,41280,22902,817484,0.5
1900-01-22 06:29:00,7916.5,487157,7917.0,592899,20478,35560,-15082,-105742,0.5
1900-01-22 06:29:15,7919.0,175561,7919.5,577123,6680,1134,5546,-401562,0.5
1900-01-22 06:29:30,7919.0,956278,7919.5,40118,7500,12626,-5126,916160,0.5
1900-01-22 06:29:45,7919.5,1154025,7920.0,4706,19474,20212,-738,1149319,0.5
1900-01-22 06:30:00,7922.5,976515,7923.0,32957,47004,8876,38128,943558,0.5
1900-01-22 06:30:15,7927.5,1287315,7928.0,354077,145374,520,144854,933238,0.5
1900-01-22 06:30:30,7933.0,679460,7933.5,67110,298438,8000,290438,612350,0.5
1900-01-22 06:30:45,7931.0,668,7931.5,946766,43196,81702,-38506,-946098,0.5
1900-01-22 06:31:00,7930.0,1410284,7930.5,17095,110958,318462,-207504,1393189,0.5
1900-01-22 06:31:15,7934.0,1164557,7934.5,2030,100904,1222,99682,1162527,0.5
1900-01-22 06:31:30,7934.5,993540,7935.0,439183,44648,12,44636,554357,0.5
1900-01-22 06:31:45,7934.5,1001453,7935.0,431986,66100,16170,49930,569467,0.5
1900-01-22 06:32:00,7933.0,20258,7933.5,1035483,22154,114440,-92286,-1015225,0.5
1900-01-22 06:32:15,7930.0,66095,7930.5,954576,22154,68944,-46790,-888481,0.5
1900-01-22 06:32:30,7929.5,20414,7930.0,1133457,40530,79078,-38548,-1113043,0.5
1900-01-22 06:32:45,7926.0,9827,7926.5,1059726,4050,25946,-21896,-1049899,0.5
1900-01-22 06:33:00,7925.0,5691,7925.5,1106464,87432,76604,10828,-1100773,0.5
1900-01-22 06:33:15,7924.5,715145,7925.0,627343,2302,1454,848,87802,0.5
1900-01-22 06:33:30,7923.5,776310,7924.0,517341,430,44858,-44428,258969,0.5
1900-01-22 06:33:45,7927.0,458187,7927.5,11226,77434,22940,54494,446961,0.5
1900-01-22 06:34:00,7927.0,1669601,7927.5,8697,74326,7902,66424,1660904,0.5
1900-01-22 06:34:15,7934.5,311885,7935.0,440623,121104,32002,89102,-128738,0.5
1900-01-22 06:34:30,7934.5,1228380,7935.0,232637,87968,10646,77322,995743,0.5
1900-01-22 06:34:45,7936.0,1206867,7936.5,4445,272810,2040,270770,1202422,0.5
1900-01-22 06:35:00,7939.0,1362950,7939.5,21238,85952,1900,84052,1341712,0.5
1900-01-22 06:35:15,7939.0,95002,7939.5,695920,171114,167398,3716,-600918,0.5
1900-01-22 06:35:30,7937.5,222330,7938.0,978101,5700,51732,-46032,-755771,0.5
1900-01-22 06:35:45,7937.5,379007,7938.0,964921,7344,52316,-44972,-585914,0.5
1900-01-22 06:36:00,7937.5,150976,7938.0,1319001,27256,417380,-390124,-1168025,0.5
1900-01-22 06:36:15,7937.5,239653,7938.0,1171208,6516,54000,-47484,-931555,0.5
1900-01-22 06:36:30,7937.5,252434,7938.0,988690,38990,39632,-642,-736256,0.5
1900-01-22 06:36:45,7937.5,41097,7938.0,1186732,18,5302,-5284,-1145635,0.5
1900-01-22 06:37:00,7929.0,1035821,7929.5,330627,4402,207480,-203078,705194,0.5
1900-01-22 06:37:15,7929.0,1107816,7929.5,142801,44838,121560,-76722,965015,0.5
1900-01-22 06:37:30,7929.0,1263867,7929.5,296610,7640,110048,-102408,967257,0.5
1900-01-22 06:37:45,7927.5,6213,7928.0,979153,98680,173054,-74374,-972940,0.5
1900-01-22 06:38:00,7927.0,1085285,7927.5,12749,19740,27092,-7352,1072536,0.5
1900-01-22 06:38:15,7927.0,288562,7927.5,635593,10372,16200,-5828,-347031,0.5
1900-01-22 06:38:30,7927.0,11088,7927.5,597614,96084,144414,-48330,-586526,0.5
1900-01-22 06:38:45,7926.5,22508,7927.0,901022,100,9198,-9098,-878514,0.5
1900-01-22 06:39:00,7927.0,1437640,7927.5,42574,63912,12736,51176,1395066,0.5
1900-01-22 06:39:15,7925.0,218420,7925.5,568264,2950,89460,-86510,-349844,0.5
1900-01-22 06:39:30,7925.0,115014,7925.5,1005456,34388,214200,-179812,-890442,0.5
1900-01-22 06:39:45,7925.0,145703,7925.5,734749,5854,197328,-191474,-589046,0.5
1900-01-22 06:40:00,7925.0,80389,7925.5,856732,6002,14864,-8862,-776343,0.5
1900-01-22 06:40:15,7925.0,74760,7925.5,1120968,4,212354,-212350,-1046208,0.5
1900-01-22 06:40:30,7924.0,2264,7924.5,751972,2,105368,-105366,-749708,0.5
1900-01-22 06:40:45,7922.5,11479,7923.0,1014150,5494,22264,-16770,-1002671,0.5
1900-01-22 06:41:00,7919.0,33695,7919.5,875316,2200,122914,-120714,-841621,0.5
1900-01-22 06:41:15,7918.0,386916,7918.5,842769,13926,88952,-75026,-455853,0.5
1900-01-22 06:41:30,7923.5,403444,7924.0,10832,211976,115024,96952,392612,0.5
1900-01-22 06:41:45,7925.0,515182,7925.5,518853,162102,90542,71560,-3671,0.5
1900-01-22 06:42:00,7922.0,3376,7922.5,611719,99008,36060,62948,-608343,0.5
1900-01-22 06:42:15,7917.5,39574,7918.0,634845,1800,196774,-194974,-595271,0.5
1900-01-22 06:42:30,7916.0,748875,7916.5,309669,3550,117526,-113976,439206,0.5
1900-01-22 06:42:45,7916.0,25448,7916.5,797404,23118,20056,3062,-771956,0.5
1900-01-22 06:43:00,7915.0,48864,7915.5,1188044,16028,456758,-440730,-1139180,0.5
1900-01-22 06:43:15,7909.0,404033,7909.5,278491,3442,267342,-263900,125542,0.5
1900-01-22 06:43:30,7909.0,103389,7909.5,811741,11972,65384,-53412,-708352,0.5
1900-01-22 06:43:45,7909.0,900954,7909.5,63,253708,68696,185012,900891,0.5
1900-01-22 06:44:00,7914.5,635929,7915.0,222922,38762,38104,658,413007,0.5
1900-01-22 06:44:15,7914.5,852418,7915.0,163382,94574,71002,23572,689036,0.5
1900-01-22 06:44:30,7910.0,653578,7910.5,210515,167544,84902,82642,443063,0.5
1900-01-22 06:44:45,7910.0,47305,7910.5,843816,7298,32546,-25248,-796511,0.5
1900-01-22 06:45:00,7904.0,592208,7904.5,246537,12436,361196,-348760,345671,0.5
1900-01-22 06:45:15,7909.0,649490,7909.5,382711,78044,234008,-155964,266779,0.5
1900-01-22 06:45:30,7909.0,507733,7909.5,750981,44194,125156,-80962,-243248,0.5
1900-01-22 06:45:45,7909.0,565929,7909.5,385336,125920,9200,116720,180593,0.5
1900-01-22 06:46:00,7909.0,733722,7909.5,135730,23480,3654,19826,597992,0.5
1900-01-22 06:46:15,7919.5,104116,7920.0,547670,333930,8910,325020,-443554,0.5
1900-01-22 06:46:30,7918.5,22183,7919.0,808218,97300,32516,64784,-786035,0.5
1900-01-22 06:46:45,7918.5,22465,7919.0,953783,53402,92848,-39446,-931318,0.5
1900-01-22 06:47:00,7915.5,18425,7916.0,1025641,27542,68166,-40624,-1007216,0.5
1900-01-22 06:47:15,7915.0,600112,7915.5,428440,2080,16834,-14754,171672,0.5
1900-01-22 06:47:30,7914.5,366,7915.0,1055370,68252,1102,67150,-1055004,0.5
1900-01-22 06:47:45,7915.0,1296058,7915.5,31051,78986,12778,66208,1265007,0.5
1900-01-22 06:48:00,7915.0,1607700,7915.5,1213,56042,9622,46420,1606487,0.5
1900-01-22 06:48:15,7917.5,984209,7918.0,210255,66040,9622,56418,773954,0.5
1900-01-22 06:48:30,7920.5,764107,7921.0,283159,119500,29000,90500,480948,0.5
1900-01-22 06:48:45,7920.5,1172438,7921.0,104402,61668,8498,53170,1068036,0.5
1900-01-22 06:49:00,7920.5,686970,7921.0,445795,158124,2024,156100,241175,0.5
1900-01-22 06:49:15,7920.0,1064619,7920.5,21211,13480,246708,-233228,1043408,0.5
1900-01-22 06:49:30,7922.0,532326,7922.5,9760,78750,2000,76750,522566,0.5
1900-01-22 06:49:45,7923.0,565204,7923.5,178873,78968,187986,-109018,386331,0.5
1900-01-22 06:50:00,7923.0,99242,7923.5,886168,17590,36622,-19032,-786926,0.5
1900-01-22 06:50:15,7923.0,664027,7923.5,226235,56462,918,55544,437792,0.5
1900-01-22 06:50:30,7925.0,1020782,7925.5,34884,71576,276,71300,985898,0.5
1900-01-22 06:50:45,7925.0,1030682,7925.5,398812,9356,2100,7256,631870,0.5
1900-01-22 06:51:00,7925.0,921434,7925.5,1006495,23608,10000,13608,-85061,0.5
1900-01-22 06:51:15,7925.0,1161454,7925.5,240931,24012,2270,21742,920523,0.5
1900-01-22 06:51:30,7925.0,1545891,7925.5,198817,92100,14076,78024,1347074,0.5
1900-01-22 06:51:45,7925.0,1551139,7925.5,165109,209342,1102,208240,1386030,0.5
1900-01-22 06:52:00,7928.5,1667210,7929.0,77831,725648,1002,724646,1589379,0.5
1900-01-22 06:52:15,7931.5,1156603,7932.0,588,202434,3992,198442,1156015,0.5
1900-01-22 06:52:30,7928.5,1106694,7929.0,113619,58410,267290,-208880,993075,0.5
1900-01-22 06:52:45,7931.5,664913,7932.0,208748,2952,874,2078,456165,0.5
1900-01-22 06:53:00,7931.5,974239,7932.0,132706,9082,4902,4180,841533,0.5
1900-01-22 06:53:15,7931.5,446033,7932.0,752209,12516,62520,-50004,-306176,0.5
1900-01-22 06:53:30,7932.0,571070,7932.5,24288,487034,13402,473632,546782,0.5
1900-01-22 06:53:45,7933.5,939857,7934.0,146135,133466,9124,124342,793722,0.5
1900-01-22 06:54:00,7933.5,1162667,7934.0,94327,38590,17210,21380,1068340,0.5
1900-01-22 06:54:15,7933.5,1397127,7934.0,51675,46628,11210,35418,1345452,0.5
1900-01-22 06:54:30,7934.5,1295469,7935.0,203870,62738,38,62700,1091599,0.5
1900-01-22 06:54:45,7933.0,5616,7933.5,962470,22104,97896,-75792,-956854,0.5
1900-01-22 06:55:00,7932.0,1225853,7932.5,6710,12888,139186,-126298,1219143,0.5
1900-01-22 06:55:15,7933.0,717237,7933.5,553672,95134,16644,78490,163565,0.5
1900-01-22 06:55:30,7933.0,752935,7933.5,52790,33476,86258,-52782,700145,0.5
1900-01-22 06:55:45,7933.0,1383914,7933.5,78386,320,14064,-13744,1305528,0.5
1900-01-22 06:56:00,7933.0,1886656,7933.5,98402,30890,20838,10052,1788254,0.5
1900-01-22 06:56:15,7934.5,1164643,7935.0,237646,44724,30000,14724,926997,0.5
1900-01-22 06:56:30,7935.0,928070,7935.5,109370,93652,2402,91250,818700,0.5
1900-01-22 06:56:45,7941.0,610030,7941.5,407103,542484,20330,522154,202927,0.5
1900-01-22 06:57:00,7941.0,98700,7941.5,974684,48974,60876,-11902,-875984,0.5
1900-01-22 06:57:15,7940.5,7900,7941.0,1163374,1934,65114,-63180,-1155474,0.5
1900-01-22 06:57:30,7940.5,657895,7941.0,519223,15150,118864,-103714,138672,0.5
1900-01-22 06:57:45,7943.0,566612,7943.5,285858,480610,8130,472480,280754,0.5
1900-01-22 06:58:00,7943.0,958178,7943.5,257723,100148,26284,73864,700455,0.5
1900-01-22 06:58:15,7945.0,594816,7945.5,122506,492916,4354,488562,472310,0.5
1900-01-22 06:58:30,7948.0,602353,7948.5,24974,173666,30504,143162,577379,0.5
1900-01-22 06:58:45,7949.0,25570,7949.5,526452,392484,31456,361028,-500882,0.5
1900-01-22 06:59:00,7948.5,48640,7949.0,1107573,128932,307752,-178820,-1058933,0.5
1900-01-22 06:59:15,7946.0,497880,7946.5,560667,18956,96728,-77772,-62787,0.5
1900-01-22 06:59:30,7944.5,11949,7945.0,325442,49300,196944,-147644,-313493,0.5
1900-01-22 06:59:45,7944.5,1192143,7945.0,32126,62492,33268,29224,1160017,0.5
1900-01-22 07:00:00,7949.5,216633,7950.0,18272,126332,93838,32494,198361,0.5
1900-01-22 07:00:15,7954.5,679540,7955.0,259129,330352,75728,254624,420411,0.5
1900-01-22 07:00:30,7952.5,4948,7953.0,50736,112366,62282,50084,-45788,0.5
1900-01-22 07:00:45,7954.0,277913,7954.5,462076,94102,59596,34506,-184163,0.5
1900-01-22 07:01:00,7953.5,600818,7954.0,50818,272906,604598,-331692,550000,0.5
1900-01-22 07:01:15,7953.5,1766235,7954.0,184020,223558,3344,220214,1582215,0.5
1900-01-22 07:01:30,7957.5,1344864,7958.0,165740,508340,21060,487280,1179124,0.5
1900-01-22 07:01:45,7958.5,691769,7959.0,421937,366494,16034,350460,269832,0.5
1900-01-22 07:02:00,7961.0,1199678,7961.5,5388,447278,47300,399978,1194290,0.5
1900-01-22 07:02:15,7962.5,900369,7963.5,6499,477510,30072,447438,893870,1.0
1900-01-22 07:02:30,7966.0,1473525,7966.5,29337,453626,61224,392402,1444188,0.5
1900-01-22 07:02:45,7969.0,1388941,7970.0,284493,475232,315160,160072,1104448,1.0
1900-01-22 07:03:00,7972.0,243789,7972.5,761834,278234,675358,-397124,-518045,0.5
1900-01-22 07:03:15,7964.0,30033,7964.5,209201,231640,1117758,-886118,-179168,0.5
1900-01-22 07:03:30,7964.5,467414,7965.0,32430,258960,465390,-206430,434984,0.5
1900-01-22 07:03:45,7966.5,151439,7967.0,529502,177000,19220,157780,-378063,0.5
1900-01-22 07:04:00,7969.5,482755,7970.0,68808,234744,18634,216110,413947,0.5
1900-01-22 07:04:15,7972.5,430432,7973.0,781358,375910,166318,209592,-350926,0.5
1900-01-22 07:04:30,7972.5,483704,7973.0,647139,409678,34610,375068,-163435,0.5
1900-01-22 07:04:45,7973.0,513925,7973.5,109338,247862,140564,107298,404587,0.5
1900-01-22 07:05:00,7974.5,12600,7975.0,690243,507326,19878,487448,-677643,0.5
1900-01-22 07:05:15,7978.0,327414,7978.5,58281,2034160,34312,1999848,269133,0.5
1900-01-22 07:05:30,7986.5,102037,7987.0,308893,1332824,87352,1245472,-206856,0.5
1900-01-22 07:05:45,7993.5,245554,7994.0,440024,1515432,174370,1341062,-194470,0.5
1900-01-22 07:06:00,7987.5,118433,7988.0,291978,726452,856546,-130094,-173545,0.5
1900-01-22 07:06:15,7984.5,192459,7985.0,310499,55662,635782,-580120,-118040,0.5
1900-01-22 07:06:30,7980.5,542372,7981.0,743610,258986,437956,-178970,-201238,0.5
1900-01-22 07:06:45,7975.5,409911,7976.0,67236,141010,475870,-334860,342675,0.5
1900-01-22 07:07:00,7968.0,46349,7968.5,70274,718078,545944,172134,-23925,0.5
1900-01-22 07:07:15,7968.0,776569,7968.5,130552,286978,552894,-265916,646017,0.5
1900-01-22 07:07:30,7975.5,851259,7976.0,88064,559630,328634,230996,763195,0.5
1900-01-22 07:07:45,7977.0,236170,7977.5,806625,232938,12046,220892,-570455,0.5
1900-01-22 07:08:00,7969.0,159,7969.5,591391,29042,85780,-56738,-591232,0.5
1900-01-22 07:08:15,7968.0,455849,7968.5,360817,59672,257632,-197960,95032,0.5
1900-01-22 07:08:30,7965.5,158767,7966.0,601055,18000,116488,-98488,-442288,0.5
1900-01-22 07:08:45,7965.5,321157,7966.0,403306,18356,121680,-103324,-82149,0.5
1900-01-22 07:09:00,7969.5,415100,7970.0,56444,116330,34700,81630,358656,0.5
1900-01-22 07:09:15,7965.0,60025,7965.5,320544,170618,461842,-291224,-260519,0.5
1900-01-22 07:09:30,7964.0,400203,7964.5,244204,122182,72958,49224,155999,0.5
1900-01-22 07:09:45,7962.5,38383,7963.0,1217165,68006,430772,-362766,-1178782,0.5
1900-01-22 07:10:00,7957.5,1827,7958.0,626332,50340,539174,-488834,-624505,0.5
1900-01-22 07:10:15,7957.5,628522,7958.0,19241,326098,357708,-31610,609281,0.5
1900-01-22 07:10:30,7961.0,746085,7961.5,175790,124972,35504,89468,570295,0.5
1900-01-22 07:10:45,7961.0,665273,7961.5,269053,74146,66640,7506,396220,0.5
1900-01-22 07:11:00,7961.0,702573,7961.5,331204,226842,25120,201722,371369,0.5
1900-01-22 07:11:15,7961.0,112464,7961.5,844628,112700,107402,5298,-732164,0.5
1900-01-22 07:11:30,7961.0,172195,7961.5,1058498,177386,52552,124834,-886303,0.5
1900-01-22 07:11:45,7957.0,633111,7957.5,531196,449662,612876,-163214,101915,0.5
1900-01-22 07:12:00,7958.5,244460,7959.0,507723,26478,866314,-839836,-263263,0.5
1900-01-22 07:12:15,7958.5,977358,7959.0,281282,169498,52762,116736,696076,0.5
1900-01-22 07:12:30,7958.5,1302469,7959.0,115213,253216,6358,246858,1187256,0.5
1900-01-22 07:12:45,7967.0,1000360,7967.5,26196,302294,7150,295144,974164,0.5
1900-01-22 07:13:00,7969.0,20613,7969.5,17272,324776,2684,322092,3341,0.5
1900-01-22 07:13:15,7969.5,1010656,7970.0,9171,170180,3044,167136,1001485,0.5
1900-01-22 07:13:30,7973.0,275481,7973.5,968263,175748,129910,45838,-692782,0.5
1900-01-22 07:13:45,7970.0,53223,7970.5,830427,63792,349860,-286068,-777204,0.5
1900-01-22 07:14:00,7970.0,812684,7970.5,104846,94148,25466,68682,707838,0.5
1900-01-22 07:14:15,7970.0,203075,7970.5,1002753,8434,44246,-35812,-799678,0.5
1900-01-22 07:14:30,7970.0,128618,7970.5,1069957,15412,153480,-138068,-941339,0.5
1900-01-22 07:14:45,7968.5,4518,7969.0,939457,482,80778,-80296,-934939,0.5
1900-01-22 07:15:00,7965.0,535143,7965.5,174560,8502,190912,-182410,360583,0.5
1900-01-22 07:15:15,7965.0,503897,7965.5,234003,156152,218852,-62700,269894,0.5
1900-01-22 07:15:30,7969.5,392163,7970.0,326106,318454,2202,316252,66057,0.5
1900-01-22 07:15:45,7969.5,247387,7970.0,995785,47206,11518,35688,-748398,0.5
1900-01-22 07:16:00,7965.5,361713,7966.0,587264,17320,18618,-1298,-225551,0.5
1900-01-22 07:16:15,7965.0,421505,7965.5,1201006,41960,71440,-29480,-779501,0.5
1900-01-22 07:16:30,7965.0,169272,7965.5,880071,11874,566890,-555016,-710799,0.5
1900-01-22 07:16:45,7963.5,548749,7964.0,316319,3000,194570,-191570,232430,0.5
1900-01-22 07:17:00,7963.5,470659,7964.0,1262832,154636,37024,117612,-792173,0.5
1900-01-22 07:17:15,7963.0,23646,7963.5,1615681,8464,115102,-106638,-1592035,0.5
1900-01-22 07:17:30,7961.0,57655,7961.5,997958,1200,182218,-181018,-940303,0.5
1900-01-22 07:17:45,7960.0,391030,7960.5,543549,20718,93546,-72828,-152519,0.5
1900-01-22 07:18:00,7959.0,38600,7959.5,259242,17026,132300,-115274,-220642,0.5
1900-01-22 07:18:15,7956.0,15026,7956.5,539531,1200,192020,-190820,-524505,0.5
1900-01-22 07:18:30,7953.0,32855,7953.5,819507,25322,345382,-320060,-786652,0.5
1900-01-22 07:18:45,7953.0,206952,7953.5,1276822,41200,36714,4486,-1069870,0.5
1900-01-22 07:19:00,7960.0,104085,7960.5,1306898,170172,235364,-65192,-1202813,0.5
1900-01-22 07:19:15,7959.5,4187,7960.0,1051883,3094,50598,-47504,-1047696,0.5
1900-01-22 07:19:30,7955.5,4639,7956.0,1044268,27330,251972,-224642,-1039629,0.5
1900-01-22 07:19:45,7955.5,396181,7956.0,541232,133460,25452,108008,-145051,0.5
1900-01-22 07:20:00,7955.5,62267,7956.0,1393625,11650,292834,-281184,-1331358,0.5
1900-01-22 07:20:15,7954.0,308341,7954.5,216973,36680,100732,-64052,91368,0.5
1900-01-22 07:20:30,7953.5,6862,7954.0,1029693,34160,58028,-23868,-1022831,0.5
1900-01-22 07:20:45,7950.0,235658,7950.5,517051,16536,51550,-35014,-281393,0.5
1900-01-22 07:21:00,7947.0,55389,7947.5,572574,274,246818,-246544,-517185,0.5
1900-01-22 07:21:15,7949.0,218495,7949.5,31584,225204,201444,23760,186911,0.5
1900-01-22 07:21:30,7949.0,534440,7949.5,152806,73710,104020,-30310,381634,0.5
1900-01-22 07:21:45,7949.0,656037,7949.5,190224,515040,26648,488392,465813,0.5
1900-01-22 07:22:00,7952.5,413751,7953.0,156291,173170,100636,72534,257460,0.5
1900-01-22 07:22:15,7954.0,622538,7954.5,102502,259478,8000,251478,520036,0.5
1900-01-22 07:22:30,7954.0,398326,7954.5,760674,121816,82348,39468,-362348,0.5
1900-01-22 07:22:45,7956.0,218566,7956.5,523755,287196,3420,283776,-305189,0.5
1900-01-22 07:23:00,7956.5,723587,7957.0,5236,85522,220,85302,718351,0.5
1900-01-22 07:23:15,7959.0,404247,7959.5,846291,239030,35260,203770,-442044,0.5
1900-01-22 07:23:30,7960.0,765934,7960.5,75556,119458,120,119338,690378,0.5
1900-01-22 07:23:45,7960.5,546646,7961.0,295786,93050,2204,90846,250860,0.5
1900-01-22 07:24:00,7961.5,945688,7962.0,55014,49034,3210,45824,890674,0.5
1900-01-22 07:24:15,7962.5,601490,7963.0,215962,82998,72520,10478,385528,0.5
1900-01-22 07:24:30,7969.5,689214,7970.0,124584,592642,162000,430642,564630,0.5
1900-01-22 07:24:45,7969.5,692573,7970.0,401369,144388,14040,130348,291204,0.5
1900-01-22 07:25:00,7973.0,432037,7973.5,889350,86782,19388,67394,-457313,0.5
1900-01-22 07:25:15,7970.0,20744,7970.5,756213,19298,166468,-147170,-735469,0.5
1900-01-22 07:25:30,7968.0,20659,7968.5,1199473,15944,205394,-189450,-1178814,0.5
1900-01-22 07:25:45,7963.0,45664,7963.5,888932,2802,37486,-34684,-843268,0.5
1900-01-22 07:26:00,7962.5,17565,7963.0,1161670,6360,79140,-72780,-1144105,0.5
1900-01-22 07:26:15,7962.5,57790,7963.0,1250265,18148,66268,-48120,-1192475,0.5
1900-01-22 07:26:30,7962.5,631080,7963.0,143850,424098,3708,420390,487230,0.5
1900-01-22 07:26:45,7970.0,427708,7970.5,518023,568180,2000,566180,-90315,0.5
1900-01-22 07:27:00,7970.0,407598,7970.5,388022,91832,2562,89270,19576,0.5
1900-01-22 07:27:15,7969.5,619030,7970.0,235494,134636,140478,-5842,383536,0.5
1900-01-22 07:27:30,7973.0,714225,7973.5,64802,33544,14778,18766,649423,0.5
1900-01-22 07:27:45,7974.5,907040,7975.0,185500,657246,34640,622606,721540,0.5
1900-01-22 07:28:00,7974.0,919,7974.5,839403,27964,113344,-85380,-838484,0.5
1900-01-22 07:28:15,7972.0,24494,7972.5,965627,324,73044,-72720,-941133,0.5
1900-01-22 07:28:30,7969.5,22047,7970.0,393954,37252,87808,-50556,-371907,0.5
1900-01-22 07:28:45,7969.5,1382206,7970.0,250725,54178,14802,39376,1131481,0.5
1900-01-22 07:29:00,7968.0,10257,7968.5,984167,53246,154190,-100944,-973910,0.5
1900-01-22 07:29:15,7964.0,558425,7964.5,346377,17234,107358,-90124,212048,0.5
1900-01-22 07:29:30,7964.0,1270165,7964.5,237372,80024,62112,17912,1032793,0.5
1900-01-22 07:29:45,7964.5,1319327,7965.0,116874,356236,37012,319224,1202453,0.5
1900-01-22 07:30:00,7968.0,241614,7968.5,699513,52118,35150,16968,-457899,0.5
1900-01-22 07:30:15,7968.0,353624,7968.5,569711,40870,8654,32216,-216087,0.5
1900-01-22 07:30:30,7968.0,56547,7968.5,950066,438,87304,-86866,-893519,0.5
1900-01-22 07:30:45,7967.0,198276,7967.5,909153,1682,113730,-112048,-710877,0.5
1900-01-22 07:31:00,7960.0,5017,7960.5,1340289,688,315006,-314318,-1335272,0.5
1900-01-22 07:31:15,7959.5,349061,7960.0,760137,65884,134956,-69072,-411076,0.5
1900-01-22 07:31:30,7959.5,484614,7960.0,485398,402,114732,-114330,-784,0.5
1900-01-22 07:31:45,7959.5,557178,7960.0,240274,9082,92402,-83320,316904,0.5
1900-01-22 07:32:00,7959.5,498567,7960.0,711786,4500,45220,-40720,-213219,0.5
1900-01-22 07:32:15,7955.5,53388,7956.0,807846,9306,144896,-135590,-754458,0.5
1900-01-22 07:32:30,7955.5,49490,7956.0,1815775,10218,495324,-485106,-1766285,0.5
1900-01-22 07:32:45,7951.0,6244,7951.5,1040264,2634,189040,-186406,-1034020,0.5
1900-01-22 07:33:00,7949.0,18722,7949.5,1024936,16594,237086,-220492,-1006214,0.5
1900-01-22 07:33:15,7954.5,240525,7955.0,676874,169506,132490,37016,-436349,0.5
1900-01-22 07:33:30,7951.0,2950,7951.5,949519,4912,81632,-76720,-946569,0.5
1900-01-22 07:33:45,7950.0,292581,7950.5,2001342,700,183922,-183222,-1708761,0.5
1900-01-22 07:34:00,7950.0,129201,7950.5,1843824,37600,387756,-350156,-1714623,0.5
1900-01-22 07:34:15,7950.0,82738,7950.5,1209025,80024,84122,-4098,-1126287,0.5
1900-01-22 07:34:30,7954.5,411719,7955.0,835036,78502,33518,44984,-423317,0.5
1900-01-22 07:34:45,7954.0,1870,7954.5,451813,39794,81322,-41528,-449943,0.5
1900-01-22 07:35:00,7952.5,4722,7953.0,1000035,13642,16616,-2974,-995313,0.5
1900-01-22 07:35:15,7945.5,195381,7946.0,235835,25986,79398,-53412,-40454,0.5
1900-01-22 07:35:30,7948.0,73842,7948.5,1146598,189584,21504,168080,-1072756,0.5
1900-01-22 07:35:45,7946.0,17396,7946.5,952580,189584,31740,157844,-935184,0.5
1900-01-22 07:36:00,7944.5,222363,7945.0,404709,24924,97506,-72582,-182346,0.5
1900-01-22 07:36:15,7945.5,1197012,7946.0,48005,154108,122364,31744,1149007,0.5
1900-01-22 07:36:30,7948.0,508155,7948.5,61330,42810,180324,-137514,446825,0.5
1900-01-22 07:36:45,7948.0,901714,7948.5,40149,611514,83452,528062,861565,0.5
1900-01-22 07:37:00,7948.0,100987,7948.5,1046265,175324,26554,148770,-945278,0.5
1900-01-22 07:37:15,7943.5,118554,7944.0,526162,30186,277666,-247480,-407608,0.5
1900-01-22 07:37:30,7943.5,340637,7944.0,361252,129062,68842,60220,-20615,0.5
1900-01-22 07:37:45,7943.5,411252,7944.0,158987,79918,11356,68562,252265,0.5
1900-01-22 07:38:00,7948.0,462889,7948.5,639448,285044,544,284500,-176559,0.5
1900-01-22 07:38:15,7948.0,399420,7948.5,674085,40202,67286,-27084,-274665,0.5
1900-01-22 07:38:30,7947.5,2402,7948.0,1127977,1040,75518,-74478,-1125575,0.5
1900-01-22 07:38:45,7944.0,524756,7944.5,409596,18062,2200,15862,115160,0.5
1900-01-22 07:39:00,7943.0,29369,7943.5,1656966,3436,65122,-61686,-1627597,0.5
1900-01-22 07:39:15,7942.0,36827,7942.5,936446,14000,103380,-89380,-899619,0.5
1900-01-22 07:39:30,7942.0,315619,7942.5,430060,25344,45080,-19736,-114441,0.5
1900-01-22 07:39:45,7942.0,481815,7942.5,114300,56740,12482,44258,367515,0.5
1900-01-22 07:40:00,7943.0,597500,7943.5,223816,133330,16348,116982,373684,0.5
1900-01-22 07:40:15,7948.0,288953,7948.5,1224639,162614,8478,154136,-935686,0.5
1900-01-22 07:40:30,7948.0,624680,7948.5,1038080,89306,81854,7452,-413400,0.5
1900-01-22 07:40:45,7947.5,54329,7948.0,1045801,2976,164806,-161830,-991472,0.5
1900-01-22 07:41:00,7946.5,18415,7947.0,1046769,54308,57446,-3138,-1028354,0.5
1900-01-22 07:41:15,7947.0,292494,7947.5,297,59594,130652,-71058,292197,0.5
1900-01-22 07:41:30,7948.0,430046,7948.5,574197,58340,73700,-15360,-144151,0.5
1900-01-22 07:41:45,7948.0,243437,7948.5,1279875,40,1080,-1040,-1036438,0.5
1900-01-22 07:42:00,7944.0,197813,7944.5,1488534,78762,108864,-30102,-1290721,0.5
1900-01-22 07:42:15,7941.5,53928,7942.0,648037,1000,108354,-107354,-594109,0.5
1900-01-22 07:42:30,7941.0,550104,7941.5,827540,13114,60398,-47284,-277436,0.5
1900-01-22 07:42:45,7941.0,238616,7941.5,809670,400,652002,-651602,-571054,0.5
1900-01-22 07:43:00,7938.0,160651,7938.5,761634,16128,719838,-703710,-600983,0.5
1900-01-22 07:43:15,7938.0,290112,7938.5,439481,406,202818,-202412,-149369,0.5
1900-01-22 07:43:30,7942.0,904623,7942.5,336,177020,90504,86516,904287,0.5
1900-01-22 07:43:45,7942.0,1228030,7942.5,13974,319744,5956,313788,1214056,0.5
1900-01-22 07:44:00,7949.5,316002,7950.0,912930,218818,38634,180184,-596928,0.5
1900-01-22 07:44:15,7949.5,370225,7950.0,320375,320,12692,-12372,49850,0.5
1900-01-22 07:44:30,7950.0,672639,7950.5,159569,202802,30146,172656,513070,0.5
1900-01-22 07:44:45,7950.0,1097633,7950.5,162053,88228,10290,77938,935580,0.5
1900-01-22 07:45:00,7950.0,809849,7950.5,49816,122820,5144,117676,760033,0.5
1900-01-22 07:45:15,7950.5,13161,7951.0,901232,56768,99468,-42700,-888071,0.5
1900-01-22 07:45:30,7950.0,39567,7950.5,924170,52520,41604,10916,-884603,0.5
1900-01-22 07:45:45,7949.5,10782,7950.0,1604598,4802,28226,-23424,-1593816,0.5
1900-01-22 07:46:00,7946.5,1617,7947.0,241256,31860,59326,-27466,-239639,0.5
1900-01-22 07:46:15,7945.0,361819,7945.5,479586,38310,242452,-204142,-117767,0.5
1900-01-22 07:46:30,7947.0,622239,7947.5,486376,557360,43170,514190,135863,0.5
1900-01-22 07:46:45,7947.0,388702,7947.5,359078,110316,2802,107514,29624,0.5
1900-01-22 07:47:00,7947.0,129430,7947.5,915326,10068,11364,-1296,-785896,0.5
1900-01-22 07:47:15,7946.0,55463,7946.5,1105887,14740,46092,-31352,-1050424,0.5
1900-01-22 07:47:30,7941.5,51608,7942.0,788394,33064,143284,-110220,-736786,0.5
1900-01-22 07:47:45,7938.0,29926,7938.5,866543,403298,41550,361748,-836617,0.5
1900-01-22 07:48:00,7934.5,833780,7935.0,226570,75882,312954,-237072,607210,0.5
1900-01-22 07:48:15,7937.0,31749,7937.5,692199,54436,317814,-263378,-660450,0.5
1900-01-22 07:48:30,7935.0,737034,7935.5,62373,240530,153708,86822,674661,0.5
1900-01-22 07:48:45,7939.5,388539,7940.0,121969,412838,20510,392328,266570,0.5
1900-01-22 07:49:00,7939.5,412301,7940.0,120530,63484,24510,38974,291771,0.5
1900-01-22 07:49:15,7939.5,37611,7940.0,1475251,88340,78404,9936,-1437640,0.5
1900-01-22 07:49:30,7938.5,12055,7939.0,1228111,13102,56216,-43114,-1216056,0.5
1900-01-22 07:49:45,7938.0,18465,7938.5,1092327,21002,49988,-28986,-1073862,0.5
1900-01-22 07:50:00,7937.5,8594,7938.0,1188011,22164,29568,-7404,-1179417,0.5
1900-01-22 07:50:15,7936.5,6670,7937.0,808141,8954,66018,-57064,-801471,0.5
1900-01-22 07:50:30,7935.0,586687,7935.5,395828,4512,25812,-21300,190859,0.5
1900-01-22 07:50:45,7935.0,1041399,7935.5,486715,69572,49260,20312,554684,0.5
1900-01-22 07:51:00,7935.0,328044,7935.5,408586,100484,70910,29574,-80542,0.5
1900-01-22 07:51:15,7935.0,581158,7935.5,444866,9382,196000,-186618,136292,0.5
1900-01-22 07:51:30,7935.5,1529181,7936.0,6834,82422,606,81816,1522347,0.5
1900-01-22 07:51:45,7939.5,917775,7940.0,100548,140750,26002,114748,817227,0.5
1900-01-22 07:52:00,7941.5,513974,7942.0,783107,43812,40300,3512,-269133,0.5
1900-01-22 07:52:15,7942.5,446869,7943.0,5012,94684,26002,68682,441857,0.5
1900-01-22 07:52:30,7944.5,337509,7945.0,726006,137650,1224,136426,-388497,0.5
1900-01-22 07:52:45,7944.5,348277,7945.0,485707,139444,56,139388,-137430,0.5
1900-01-22 07:53:00,7944.5,551746,7945.0,310413,136802,20,136782,241333,0.5
1900-01-22 07:53:15,7945.5,571741,7946.0,31198,339224,37418,301806,540543,0.5
1900-01-22 07:53:30,7945.5,656154,7946.0,674824,157304,86622,70682,-18670,0.5
1900-01-22 07:53:45,7945.5,1098770,7946.0,110917,129490,40,129450,987853,0.5
1900-01-22 07:54:00,7945.5,1306910,7946.0,54702,103666,22,103644,1252208,0.5
1900-01-22 07:54:15,7947.5,1008666,7948.0,204848,274066,24186,249880,803818,0.5
1900-01-22 07:54:30,7950.0,1092203,7950.5,3803,293248,2002,291246,1088400,0.5
1900-01-22 07:54:45,7950.5,408426,7951.0,475606,236252,12832,223420,-67180,0.5
1900-01-22 07:55:00,7950.5,587155,7951.0,637286,67082,19200,47882,-50131,0.5
1900-01-22 07:55:15,7953.5,366222,7954.0,576808,268368,8524,259844,-210586,0.5
1900-01-22 07:55:30,7953.5,548690,7954.0,549276,117454,27350,90104,-586,0.5
1900-01-22 07:55:45,7952.5,36,7953.0,824628,82196,330604,-248408,-824592,0.5
1900-01-22 07:56:00,7946.5,206082,7947.0,1300496,73246,94176,-20930,-1094414,0.5
1900-01-22 07:56:15,7946.5,2346,7947.0,1129753,7310,114906,-107596,-1127407,0.5
1900-01-22 07:56:30,7945.5,2253,7946.0,793629,1100,9454,-8354,-791376,0.5
1900-01-22 07:56:45,7945.5,970372,7946.0,208531,73028,2678,70350,761841,0.5
1900-01-22 07:57:00,7945.5,772855,7946.0,471310,8980,32916,-23936,301545,0.5
1900-01-22 07:57:15,7945.5,110027,7946.0,1315030,5024,123056,-118032,-1205003,0.5
1900-01-22 07:57:30,7945.0,49973,7945.5,953214,54,179772,-179718,-903241,0.5
1900-01-22 07:57:45,7942.0,509403,7942.5,306212,15834,200706,-184872,203191,0.5
1900-01-22 07:58:00,7940.0,35563,7940.5,415386,100800,22840,77960,-379823,0.5
1900-01-22 07:58:15,7939.0,32781,7939.5,434631,6158,26076,-19918,-401850,0.5
1900-01-22 07:58:30,7938.0,23173,7938.5,1256960,1068,250166,-249098,-1233787,0.5
1900-01-22 07:58:45,7937.5,23164,7938.0,1177967,1256,92692,-91436,-1154803,0.5
1900-01-22 07:59:00,7936.0,659714,7936.5,177844,30110,140894,-110784,481870,0.5
1900-01-22 07:59:15,7936.0,1612283,7936.5,98090,248634,24136,224498,1514193,0.5
1900-01-22 07:59:30,7942.0,511632,7942.5,443048,257238,2000,255238,68584,0.5
1900-01-22 07:59:45,7942.0,449375,7942.5,435910,7100,44072,-36972,13465,0.5
1900-01-22 08:00:00,7942.0,202860,7942.5,943026,71806,6818,64988,-740166,0.5
1900-01-22 08:00:15,7937.5,17454,7940.5,1180048,12660,242446,-229786,-1162594,3.0
1900-01-22 08:00:30,7937.5,35994,7938.0,968577,5562,129620,-124058,-932583,0.5
1900-01-22 08:00:45,7937.5,3353,7938.0,1323036,102,119712,-119610,-1319683,0.5
1900-01-22 08:01:00,7935.5,56242,7936.0,687086,219402,357504,-138102,-630844,0.5
1900-01-22 08:01:15,7934.5,2513,7935.0,937521,20360,216226,-195866,-935008,0.5
1900-01-22 08:01:30,7926.0,265973,7926.5,634647,10760,544432,-533672,-368674,0.5
1900-01-22 08:01:45,7931.0,257861,7931.5,749617,368572,279282,89290,-491756,0.5
1900-01-22 08:02:00,7930.5,398178,7931.0,360134,58342,76476,-18134,38044,0.5
1900-01-22 08:02:15,7930.5,47244,7931.0,957521,2200,14490,-12290,-910277,0.5
1900-01-22 08:02:30,7928.0,156959,7928.5,356619,26680,575568,-548888,-199660,0.5
1900-01-22 08:02:45,7934.0,885944,7934.5,6000,333334,63130,270204,879944,0.5
1900-01-22 08:03:00,7933.5,1155,7934.0,147488,10248,30336,-20088,-146333,0.5
1900-01-22 08:03:15,7931.5,997743,7932.0,86599,27108,31458,-4350,911144,0.5
1900-01-22 08:03:30,7932.0,519312,7932.5,343688,199074,61110,137964,175624,0.5
1900-01-22 08:03:45,7932.5,1416682,7933.0,104137,98908,60702,38206,1312545,0.5
1900-01-22 08:04:00,7932.5,1224504,7933.0,248146,48966,27226,21740,976358,0.5
1900-01-22 08:04:15,7933.0,874387,7933.5,29069,197400,52700,144700,845318,0.5
1900-01-22 08:04:30,7934.5,1007797,7935.0,479964,58606,35826,22780,527833,0.5
1900-01-22 08:04:45,7934.5,792467,7935.0,198149,125270,18718,106552,594318,0.5
1900-01-22 08:05:00,7939.5,526328,7940.0,128330,306682,247466,59216,397998,0.5
1900-01-22 08:05:15,7947.0,244822,7947.5,938076,249100,36478,212622,-693254,0.5
1900-01-22 08:05:30,7947.5,1672590,7948.0,618,246238,15496,230742,1671972,0.5
1900-01-22 08:05:45,7950.0,216945,7950.5,514397,698580,39132,659448,-297452,0.5
1900-01-22 08:06:00,7951.5,1645239,7952.0,7392,179232,18728,160504,1637847,0.5
1900-01-22 08:06:15,7952.5,1885620,7953.0,42478,143218,24582,118636,1843142,0.5
1900-01-22 08:06:30,7957.5,1392497,7958.0,97025,275140,2500,272640,1295472,0.5
1900-01-22 08:06:45,7958.0,203530,7958.5,648959,125510,326622,-201112,-445429,0.5
1900-01-22 08:07:00,7958.0,740721,7958.5,315753,315476,228916,86560,424968,0.5
1900-01-22 08:07:15,7959.5,1613433,7960.0,281145,423118,23800,399318,1332288,0.5
1900-01-22 08:07:30,7959.5,1726135,7960.0,168829,146998,6982,140016,1557306,0.5
1900-01-22 08:07:45,7959.5,279870,7960.0,804321,39910,138940,-99030,-524451,0.5
1900-01-22 08:08:00,7958.0,304209,7958.5,699000,8200,131990,-123790,-394791,0.5
1900-01-22 08:08:15,7958.0,5212,7958.5,878771,30000,109956,-79956,-873559,0.5
1900-01-22 08:08:30,7958.0,639255,7958.5,708072,43920,189600,-145680,-68817,0.5
1900-01-22 08:08:45,7958.0,1094890,7958.5,331697,36902,103814,-66912,763193,0.5
1900-01-22 08:09:00,7958.0,1258179,7958.5,213898,50842,6700,44142,1044281,0.5
1900-01-22 08:09:15,7963.0,397178,7963.5,95298,247498,20524,226974,301880,0.5
1900-01-22 08:09:30,7963.0,634900,7963.5,554631,115596,30948,84648,80269,0.5
1900-01-22 08:09:45,7963.0,972709,7963.5,51507,273880,27072,246808,921202,0.5
1900-01-22 08:10:00,7964.0,355034,7964.5,760963,584594,6114,578480,-405929,0.5
1900-01-22 08:10:15,7963.0,274483,7963.5,745712,146356,80488,65868,-471229,0.5
1900-01-22 08:10:30,7961.5,797436,7962.0,574633,45220,61702,-16482,222803,0.5
1900-01-22 08:10:45,7958.0,35708,7958.5,1132325,35882,345396,-309514,-1096617,0.5
1900-01-22 08:11:00,7957.0,807865,7957.5,510883,2726,459024,-456298,296982,0.5
1900-01-22 08:11:15,7957.0,935927,7957.5,434755,41096,190160,-149064,501172,0.5
1900-01-22 08:11:30,7956.5,1142578,7957.0,540614,57598,42256,15342,601964,0.5
1900-01-22 08:11:45,7956.5,707471,7957.0,337930,60646,300802,-240156,369541,0.5
1900-01-22 08:12:00,7964.5,466203,7965.0,493040,158570,2000,156570,-26837,0.5
1900-01-22 08:12:15,7960.5,1850,7961.0,1422726,95818,37830,57988,-1420876,0.5
1900-01-22 08:12:30,7953.0,74552,7953.5,709592,53978,145110,-91132,-635040,0.5
1900-01-22 08:12:45,7955.5,313137,7956.0,613670,335778,12280,323498,-300533,0.5
1900-01-22 08:13:00,7955.5,163794,7956.0,873995,114,91264,-91150,-710201,0.5
1900-01-22 08:13:15,7953.0,1116230,7953.5,143556,80496,109000,-28504,972674,0.5
1900-01-22 08:13:30,7957.5,197494,7958.0,884537,33492,54862,-21370,-687043,0.5
1900-01-22 08:13:45,7957.5,184765,7958.0,844316,2400,1466,934,-659551,0.5
1900-01-22 08:14:00,7958.0,435060,7958.5,4851,962,17140,-16178,430209,0.5
1900-01-22 08:14:15,7960.0,143496,7960.5,1059601,38818,42900,-4082,-916105,0.5
1900-01-22 08:14:30,7961.5,429776,7962.0,14144,8788,11916,-3128,415632,0.5
1900-01-22 08:14:45,7965.0,562962,7965.5,394,223112,3340,219772,562568,0.5
1900-01-22 08:15:00,7967.5,11299,7968.0,73479,150568,35862,114706,-62180,0.5
1900-01-22 08:15:15,7964.0,630,7964.5,1085899,206260,44240,162020,-1085269,0.5
1900-01-22 08:15:30,7962.5,15938,7963.0,1327006,3128,49478,-46350,-1311068,0.5
1900-01-22 08:15:45,7962.0,51133,7962.5,1305130,500,209234,-208734,-1253997,0.5
1900-01-22 08:16:00,7961.5,18,7962.0,1194594,3362,67366,-64004,-1194576,0.5
1900-01-22 08:16:15,7960.0,2200,7960.5,1232883,14290,2144,12146,-1230683,0.5
1900-01-22 08:16:30,7959.5,68498,7960.0,1175798,1546,45070,-43524,-1107300,0.5
1900-01-22 08:16:45,7957.0,20476,7957.5,1398084,600,198352,-197752,-1377608,0.5
1900-01-22 08:17:00,7950.0,145910,7950.5,895452,3100,206304,-203204,-749542,0.5
1900-01-22 08:17:15,7948.0,20532,7948.5,955782,30902,268038,-237136,-935250,0.5
1900-01-22 08:17:30,7947.5,778247,7948.0,735700,30134,171512,-141378,42547,0.5
1900-01-22 08:17:45,7947.0,14,7947.5,1453771,40322,147178,-106856,-1453757,0.5
1900-01-22 08:18:00,7945.0,632686,7945.5,403830,14204,276042,-261838,228856,0.5
1900-01-22 08:18:15,7945.0,812028,7945.5,177351,50938,3600,47338,634677,0.5
1900-01-22 08:18:30,7945.0,986810,7945.5,480811,284672,25750,258922,505999,0.5
1900-01-22 08:18:45,7945.0,1186070,7945.5,311033,260920,125782,135138,875037,0.5
1900-01-22 08:19:00,7945.0,1055526,7945.5,443947,176400,125782,50618,611579,0.5
1900-01-22 08:19:15,7945.0,822563,7945.5,676988,13900,42016,-28116,145575,0.5
1900-01-22 08:19:30,7945.0,848897,7945.5,452214,32190,4020,28170,396683,0.5
1900-01-22 08:19:45,7945.0,839592,7945.5,537370,71934,512,71422,302222,0.5
1900-01-22 08:20:00,7941.5,56669,7942.0,1259392,50010,80730,-30720,-1202723,0.5
1900-01-22 08:20:15,7941.0,751296,7941.5,378100,1186,245718,-244532,373196,0.5
1900-01-22 08:20:30,7941.0,813488,7941.5,176436,424066,127258,296808,637052,0.5
1900-01-22 08:20:45,7944.5,867949,7945.0,393428,99014,230104,-131090,474521,0.5
1900-01-22 08:21:00,7945.0,1116998,7945.5,59851,43804,19140,24664,1057147,0.5
1900-01-22 08:21:15,7947.5,897750,7948.0,185480,112222,2,112220,712270,0.5
1900-01-22 08:21:30,7947.5,1012755,7948.0,532518,165960,2,165958,480237,0.5
1900-01-22 08:21:45,7947.5,1047264,7948.0,579939,53800,2,53798,467325,0.5
1900-01-22 08:22:00,7949.0,1576088,7949.5,129766,715332,614,714718,1446322,0.5
1900-01-22 08:22:15,7949.0,1258333,7949.5,225834,134806,6542,128264,1032499,0.5
1900-01-22 08:22:30,7949.0,102115,7949.5,1216086,35062,7854,27208,-1113971,0.5
1900-01-22 08:22:45,7947.0,1898,7947.5,662123,2180,78756,-76576,-660225,0.5
1900-01-22 08:23:00,7955.0,923953,7955.5,790992,885054,2276,882778,132961,0.5
1900-01-22 08:23:15,7955.0,902306,7955.5,780280,10602,64320,-53718,122026,0.5
1900-01-22 08:23:30,7957.5,1859993,7958.0,52061,930310,64320,865990,1807932,0.5
1900-01-22 08:23:45,7958.0,1379958,7958.5,44439,81594,3800,77794,1335519,0.5
1900-01-22 08:24:00,7958.0,1639339,7958.5,77612,447418,11278,436140,1561727,0.5
1900-01-22 08:24:15,7964.5,345999,7965.0,597321,193212,200,193012,-251322,0.5
1900-01-22 08:24:30,7960.5,208503,7961.0,805052,28950,133068,-104118,-596549,0.5
1900-01-22 08:24:45,7958.0,82129,7958.5,637557,32228,300600,-268372,-555428,0.5
1900-01-22 08:25:00,7958.0,40478,7958.5,688521,51474,39810,11664,-648043,0.5
1900-01-22 08:25:15,7957.0,1353610,7957.5,30469,42252,233542,-191290,1323141,0.5
1900-01-22 08:25:30,7960.0,229372,7960.5,33266,26844,802,26042,196106,0.5
1900-01-22 08:25:45,7965.0,766559,7965.5,25808,295344,6500,288844,740751,0.5
1900-01-22 08:26:00,7966.5,720114,7967.0,249526,188470,68196,120274,470588,0.5
1900-01-22 08:26:15,7970.5,452955,7971.0,7256,313134,18694,294440,445699,0.5
1900-01-22 08:26:30,7978.0,42122,7978.5,564253,752334,35260,717074,-522131,0.5
1900-01-22 08:26:45,7974.0,844368,7974.5,380622,298924,507332,-208408,463746,0.5
1900-01-22 08:27:00,7969.5,3454,7970.0,659738,94910,401830,-306920,-656284,0.5
1900-01-22 08:27:15,7971.5,887239,7972.0,53095,282652,74696,207956,834144,0.5
1900-01-22 08:27:30,7981.5,293044,7982.0,23475,679806,40148,639658,269569,0.5
1900-01-22 08:27:45,7978.5,170007,7979.0,678877,518582,244724,273858,-508870,0.5
1900-01-22 08:28:00,7979.0,705088,7979.5,188866,93978,80888,13090,516222,0.5
1900-01-22 08:28:15,7978.0,298981,7978.5,580158,61412,348022,-286610,-281177,0.5
1900-01-22 08:28:30,7976.0,110751,7976.5,350982,65264,343340,-278076,-240231,0.5
1900-01-22 08:28:45,7977.5,863533,7978.0,27804,186364,100000,86364,835729,0.5
1900-01-22 08:29:00,7982.0,934437,7982.5,7667,180624,126038,54586,926770,0.5
1900-01-22 08:29:15,7987.5,188884,7988.0,656146,140306,211940,-71634,-467262,0.5
1900-01-22 08:29:30,7993.0,662796,7993.5,111792,982530,47440,935090,551004,0.5
1900-01-22 08:29:45,7989.0,163831,7989.5,402880,725508,1563590,-838082,-239049,0.5
1900-01-22 08:30:00,7984.0,1014327,7984.5,215530,275330,314500,-39170,798797,0.5
1900-01-22 08:30:15,7989.5,345570,7990.0,20847,79970,303366,-223396,324723,0.5
1900-01-22 08:30:30,7986.5,1240,7987.0,626407,323366,138804,184562,-625167,0.5
1900-01-22 08:30:45,7981.5,97480,7982.0,459456,26882,322062,-295180,-361976,0.5
1900-01-22 08:31:00,7978.5,772496,7979.0,50700,50974,669638,-618664,721796,0.5
1900-01-22 08:31:15,7979.5,1152532,7980.0,4843,131864,28726,103138,1147689,0.5
1900-01-22 08:31:30,7983.5,172861,7984.0,21490,151392,76590,74802,151371,0.5
1900-01-22 08:31:45,7986.5,467529,7987.0,270855,53246,34440,18806,196674,0.5
1900-01-22 08:32:00,7986.5,164484,7987.0,443193,81568,177240,-95672,-278709,0.5
1900-01-22 08:32:15,7978.0,139592,7978.5,292613,6642,539370,-532728,-153021,0.5
1900-01-22 08:32:30,7980.0,566383,7980.5,174510,5864,179348,-173484,391873,0.5
1900-01-22 08:32:45,7976.5,246894,7977.0,534277,205014,74686,130328,-287383,0.5
1900-01-22 08:33:00,7975.5,604370,7976.0,416938,85466,430804,-345338,187432,0.5
1900-01-22 08:33:15,7974.5,450525,7975.0,700018,317798,262686,55112,-249493,0.5
1900-01-22 08:33:30,7971.0,54669,7971.5,749121,170146,343054,-172908,-694452,0.5
1900-01-22 08:33:45,7971.0,4228,7971.5,1120165,19336,59842,-40506,-1115937,0.5
1900-01-22 08:34:00,7971.0,19310,7971.5,1355023,14000,764516,-750516,-1335713,0.5
1900-01-22 08:34:15,7967.5,109123,7968.0,842309,57600,229970,-172370,-733186,0.5
1900-01-22 08:34:30,7961.5,917157,7962.0,435591,48128,105864,-57736,481566,0.5
1900-01-22 08:34:45,7963.0,862485,7963.5,225908,271652,39764,231888,636577,0.5
1900-01-22 08:35:00,7968.5,145066,7969.0,471512,446516,36054,410462,-326446,0.5
1900-01-22 08:35:15,7969.5,826792,7970.0,33324,166664,20500,146164,793468,0.5
1900-01-22 08:35:30,7976.5,163397,7977.0,13990,465428,10,465418,149407,0.5
1900-01-22 08:35:45,7975.0,35080,7975.5,1061962,148862,43098,105764,-1026882,0.5
1900-01-22 08:36:00,7970.0,34901,7970.5,758629,15700,38594,-22894,-723728,0.5
1900-01-22 08:36:15,7969.0,5464,7969.5,1409738,53384,197174,-143790,-1404274,0.5
1900-01-22 08:36:30,7959.5,485020,7960.0,343937,69056,22878,46178,141083,0.5
1900-01-22 08:36:45,7966.5,246338,7967.0,104670,624656,75340,549316,141668,0.5
1900-01-22 08:37:00,7959.5,275838,7960.0,585265,83308,67970,15338,-309427,0.5
1900-01-22 08:37:15,7959.5,609580,7960.0,212279,108010,226202,-118192,397301,0.5
1900-01-22 08:37:30,7953.5,345668,7954.0,710923,184562,613924,-429362,-365255,0.5
1900-01-22 08:37:45,7950.0,757054,7950.5,342062,36042,262664,-226622,414992,0.5
1900-01-22 08:38:00,7953.0,476306,7953.5,53024,259004,25050,233954,423282,0.5
1900-01-22 08:38:15,7953.0,919399,7953.5,173056,242500,77240,165260,746343,0.5
1900-01-22 08:38:30,7954.5,1057906,7955.0,16347,409226,20300,388926,1041559,0.5
1900-01-22 08:38:45,7957.5,143840,7958.0,1097930,54826,147998,-93172,-954090,0.5
1900-01-22 08:39:00,7958.0,1140292,7958.5,1361,71656,80000,-8344,1138931,0.5
1900-01-22 08:39:15,7964.5,90182,7965.0,1253771,36576,31194,5382,-1163589,0.5
1900-01-22 08:39:30,7963.5,14492,7964.0,1060647,2486,113838,-111352,-1046155,0.5
1900-01-22 08:39:45,7963.5,192062,7964.0,1094532,45428,140162,-94734,-902470,0.5
1900-01-22 08:40:00,7963.5,447439,7964.0,102229,43028,600,42428,345210,0.5
1900-01-22 08:40:15,7964.0,683153,7964.5,13748,93452,15674,77778,669405,0.5
1900-01-22 08:40:30,7970.5,76091,7971.0,1103306,103770,11200,92570,-1027215,0.5
1900-01-22 08:40:45,7970.5,240701,7971.0,901161,78560,84920,-6360,-660460,0.5
1900-01-22 08:41:00,7970.0,5384,7970.5,204151,3496,77520,-74024,-198767,0.5
1900-01-22 08:41:15,7966.5,578857,7967.0,185206,610,117224,-116614,393651,0.5
1900-01-22 08:41:30,7965.0,5067,7965.5,1080438,10232,77294,-67062,-1075371,0.5
1900-01-22 08:41:45,7963.0,24183,7963.5,901791,20094,51870,-31776,-877608,0.5
1900-01-22 08:42:00,7959.5,4204,7960.0,818715,4574,87470,-82896,-814511,0.5
1900-01-22 08:42:15,7959.0,65234,7959.5,811257,15446,17806,-2360,-746023,0.5
1900-01-22 08:42:30,7958.0,479332,7958.5,902368,11546,204392,-192846,-423036,0.5
1900-01-22 08:42:45,7958.0,721610,7958.5,444900,15744,44212,-28468,276710,0.5
1900-01-22 08:43:00,7955.5,107882,7956.0,520086,938,135796,-134858,-412204,0.5
1900-01-22 08:43:15,7957.5,157678,7958.0,834205,30204,77444,-47240,-676527,0.5
1900-01-22 08:43:30,7956.5,315992,7957.0,814766,224764,10614,214150,-498774,0.5
1900-01-22 08:43:45,7953.0,34159,7953.5,1067574,1204,155074,-153870,-1033415,0.5
1900-01-22 08:44:00,7950.5,86083,7951.0,915063,12080,123132,-111052,-828980,0.5
1900-01-22 08:44:15,7948.5,132341,7949.0,675282,81084,404504,-323420,-542941,0.5
1900-01-22 08:44:30,7952.5,311232,7953.0,869644,182634,376426,-193792,-558412,0.5
1900-01-22 08:44:45,7952.5,16172,7953.0,1085480,56400,114828,-58428,-1069308,0.5
1900-01-22 08:45:00,7949.5,122689,7950.0,2384966,61474,75054,-13580,-2262277,0.5
1900-01-22 08:45:15,7948.5,182493,7949.0,612789,22158,94026,-71868,-430296,0.5
1900-01-22 08:45:30,7947.0,229782,7947.5,923061,12184,274278,-262094,-693279,0.5
1900-01-22 08:45:45,7948.0,1018687,7948.5,128567,116636,1121064,-1004428,890120,0.5
1900-01-22 08:46:00,7944.5,314961,7945.0,645287,101196,179712,-78516,-330326,0.5
1900-01-22 08:46:15,7944.5,817513,7945.0,462702,171658,123392,48266,354811,0.5
1900-01-22 08:46:30,7946.5,651231,7947.0,243467,75160,44720,30440,407764,0.5
1900-01-22 08:46:45,7947.0,1180198,7947.5,51547,295158,6214,288944,1128651,0.5
1900-01-22 08:47:00,7947.5,1253882,7948.0,90392,147252,58,147194,1163490,0.5
1900-01-22 08:47:15,7950.5,899821,7951.0,53266,144842,962,143880,846555,0.5
1900-01-22 08:47:30,7952.0,517521,7952.5,260756,152464,4000,148464,256765,0.5
1900-01-22 08:47:45,7952.0,758871,7952.5,14757,192582,8076,184506,744114,0.5
1900-01-22 08:48:00,7953.5,932403,7954.0,6254,82682,14232,68450,926149,0.5
1900-01-22 08:48:15,7954.0,770800,7954.5,174079,25558,22900,2658,596721,0.5
1900-01-22 08:48:30,7954.0,925149,7954.5,56620,26182,2500,23682,868529,0.5
1900-01-22 08:48:45,7954.5,976992,7955.0,477780,72328,100,72228,499212,0.5
1900-01-22 08:49:00,7955.0,625501,7955.5,713932,39730,15692,24038,-88431,0.5
1900-01-22 08:49:15,7955.5,1238402,7956.0,59415,64964,462,64502,1178987,0.5
1900-01-22 08:49:30,7959.5,462996,7960.0,263444,145314,23968,121346,199552,0.5
1900-01-22 08:49:45,7960.0,887776,7960.5,12009,224628,500,224128,875767,0.5
1900-01-22 08:50:00,7966.5,708286,7967.0,702053,57070,90396,-33326,6233,0.5
1900-01-22 08:50:15,7965.0,99884,7965.5,160090,140310,297308,-156998,-60206,0.5
1900-01-22 08:50:30,7964.5,33393,7965.0,988604,25380,396936,-371556,-955211,0.5
1900-01-22 08:50:45,7964.5,333268,7965.0,654963,50888,124452,-73564,-321695,0.5
1900-01-22 08:51:00,7969.5,1251525,7970.0,509741,1919760,11184,1908576,741784,0.5
1900-01-22 08:51:15,7971.5,459543,7972.0,25652,965454,3050,962404,433891,0.5
1900-01-22 08:51:30,7971.5,455095,7972.0,562804,270528,82450,188078,-107709,0.5
1900-01-22 08:51:45,7971.5,314552,7972.0,1141146,500,95988,-95488,-826594,0.5
1900-01-22 08:52:00,7970.5,195539,7971.0,802177,8410,35752,-27342,-606638,0.5
1900-01-22 08:52:15,7966.0,60355,7966.5,33670,5000,468390,-463390,26685,0.5
1900-01-22 08:52:30,7965.5,1180,7966.0,772545,680,647776,-647096,-771365,0.5
1900-01-22 08:52:45,7965.0,689131,7965.5,169755,4086,11358,-7272,519376,0.5
1900-01-22 08:53:00,7966.5,601499,7967.0,71174,56660,15948,40712,530325,0.5
1900-01-22 08:53:15,7967.0,876919,7967.5,4388,73316,13278,60038,872531,0.5
1900-01-22 08:53:30,7968.0,997947,7968.5,8512,10744,2000,8744,989435,0.5
1900-01-22 08:53:45,7969.0,1005789,7969.5,3882,11480,9000,2480,1001907,0.5
1900-01-22 08:54:00,7970.0,1018195,7970.5,230089,480238,92304,387934,788106,0.5
1900-01-22 08:54:15,7970.0,354299,7970.5,799291,130522,61844,68678,-444992,0.5
1900-01-22 08:54:30,7969.0,117212,7969.5,698042,10418,130158,-119740,-580830,0.5
1900-01-22 08:54:45,7969.0,264637,7969.5,582496,700,16852,-16152,-317859,0.5
1900-01-22 08:55:00,7969.0,152576,7969.5,724973,130746,224008,-93262,-572397,0.5
1900-01-22 08:55:15,7966.0,858814,7966.5,274143,207410,216446,-9036,584671,0.5
1900-01-22 08:55:30,7977.0,440789,7977.5,35649,1989900,14866,1975034,405140,0.5
1900-01-22 08:55:45,7980.0,408522,7980.5,634711,361874,226978,134896,-226189,0.5
1900-01-22 08:56:00,7980.0,215632,7980.5,1179265,19504,281164,-261660,-963633,0.5
1900-01-22 08:56:15,7975.5,844019,7976.0,399562,14982,325782,-310800,444457,0.5
1900-01-22 08:56:30,7975.5,336303,7976.0,1060901,116,180192,-180076,-724598,0.5
1900-01-22 08:56:45,7972.0,478415,7972.5,640640,10600,379194,-368594,-162225,0.5
1900-01-22 08:57:00,7969.5,1993,7970.0,1288955,976,52330,-51354,-1286962,0.5
1900-01-22 08:57:15,7965.5,536930,7966.0,1116182,8016,92226,-84210,-579252,0.5
1900-01-22 08:57:30,7965.5,752359,7966.0,836118,24,206902,-206878,-83759,0.5
1900-01-22 08:57:45,7965.5,990311,7966.0,712743,19116,11022,8094,277568,0.5
1900-01-22 08:58:00,7965.5,125021,7966.0,977002,150066,39250,110816,-851981,0.5
1900-01-22 08:58:15,7964.5,15466,7965.0,867079,17776,22768,-4992,-851613,0.5
1900-01-22 08:58:30,7962.0,29305,7962.5,766540,10400,83798,-73398,-737235,0.5
1900-01-22 08:58:45,7961.5,258317,7962.0,792835,20056,90574,-70518,-534518,0.5
1900-01-22 08:59:00,7961.0,82072,7961.5,801839,7064,7482,-418,-719767,0.5
1900-01-22 08:59:15,7961.0,86073,7961.5,848485,23500,21102,2398,-762412,0.5
1900-01-22 08:59:30,7961.0,68300,7961.5,745269,35252,42086,-6834,-676969,0.5
1900-01-22 08:59:45,7960.0,106967,7960.5,876869,128422,111760,16662,-769902,0.5
1900-01-22 09:00:00,7960.0,119352,7960.5,972190,21910,81284,-59374,-852838,0.5
1900-01-22 09:00:15,7959.0,242368,7959.5,699920,26294,160528,-134234,-457552,0.5
1900-01-22 09:00:30,7953.5,59329,7954.0,437871,43478,381972,-338494,-378542,0.5
1900-01-22 09:00:45,7955.5,254594,7956.0,141,208422,43336,165086,254453,0.5
1900-01-22 09:01:00,7959.0,700583,7959.5,448268,206994,89774,117220,252315,0.5
1900-01-22 09:01:15,7959.0,631435,7959.5,159296,37824,117066,-79242,472139,0.5
1900-01-22 09:01:30,7959.5,123891,7960.0,683415,79762,79774,-12,-559524,0.5
1900-01-22 09:01:45,7959.0,591022,7959.5,389275,1800,59294,-57494,201747,0.5
1900-01-22 09:02:00,7955.5,613804,7956.0,328122,4334,69554,-65220,285682,0.5
1900-01-22 09:02:15,7956.0,820037,7956.5,7226,80394,10002,70392,812811,0.5
1900-01-22 09:02:30,7958.0,712383,7958.5,13551,494266,2380,491886,698832,0.5
1900-01-22 09:02:45,7959.5,761203,7960.0,73494,14492,71452,-56960,687709,0.5
1900-01-22 09:03:00,7960.0,743863,7960.5,260897,37572,300,37272,482966,0.5
1900-01-22 09:03:15,7960.5,938037,7961.0,245437,18156,1002,17154,692600,0.5
1900-01-22 09:03:30,7961.5,816519,7962.0,21855,35092,20,35072,794664,0.5
1900-01-22 09:03:45,7969.5,262665,7970.0,452105,67042,1022,66020,-189440,0.5
1900-01-22 09:04:00,7969.5,290160,7970.0,616634,92700,29778,62922,-326474,0.5
1900-01-22 09:04:15,7969.5,297514,7970.0,636266,96000,47600,48400,-338752,0.5
1900-01-22 09:04:30,7972.5,329954,7973.0,629999,213564,33602,179962,-300045,0.5
1900-01-22 09:04:45,7972.0,404203,7972.5,605255,103146,274666,-171520,-201052,0.5
1900-01-22 09:05:00,7967.5,4942,7968.0,743475,14106,82996,-68890,-738533,0.5
1900-01-22 09:05:15,7967.0,23261,7967.5,840701,7648,145006,-137358,-817440,0.5
1900-01-22 09:05:30,7966.0,294397,7966.5,635691,7648,373790,-366142,-341294,0.5
1900-01-22 09:05:45,7966.0,464345,7966.5,460070,100,41202,-41102,4275,0.5
1900-01-22 09:06:00,7966.5,907022,7967.0,139003,88500,4482,84018,768019,0.5
1900-01-22 09:06:15,7967.0,646837,7967.5,3181,48166,3244,44922,643656,0.5
1900-01-22 09:06:30,7966.0,39066,7966.5,1127812,4544,243702,-239158,-1088746,0.5
1900-01-22 09:06:45,7956.0,1017375,7956.5,26265,47292,238008,-190716,991110,0.5
1900-01-22 09:07:00,7956.0,991460,7956.5,73494,504322,16462,487860,917966,0.5
1900-01-22 09:07:15,7958.0,15935,7958.5,1067232,18570,133992,-115422,-1051297,0.5
1900-01-22 09:07:30,7958.0,294803,7958.5,728471,24102,72592,-48490,-433668,0.5
1900-01-22 09:07:45,7958.0,1159458,7958.5,141671,99508,11800,87708,1017787,0.5
1900-01-22 09:08:00,7958.0,787177,7958.5,317074,32330,10484,21846,470103,0.5
1900-01-22 09:08:15,7958.0,880746,7958.5,51097,58518,1000,57518,829649,0.5
1900-01-22 09:08:30,7964.5,643915,7965.0,188395,173910,78,173832,455520,0.5
1900-01-22 09:08:45,7964.5,715381,7965.0,50730,10402,43300,-32898,664651,0.5
1900-01-22 09:09:00,7964.5,856872,7965.0,118828,47078,5000,42078,738044,0.5
1900-01-22 09:09:15,7966.0,614380,7966.5,194859,26516,2038,24478,419521,0.5
1900-01-22 09:09:30,7966.0,341788,7966.5,492123,8170,34632,-26462,-150335,0.5
1900-01-22 09:09:45,7966.5,835947,7967.0,63192,121578,95994,25584,772755,0.5
1900-01-22 09:10:00,7968.5,939995,7969.0,127423,99784,8002,91782,812572,0.5
1900-01-22 09:10:15,7969.0,771970,7969.5,107579,220960,10010,210950,664391,0.5
1900-01-22 09:10:30,7969.0,1197019,7969.5,91244,142660,15118,127542,1105775,0.5
1900-01-22 09:10:45,7969.5,683496,7970.0,527,96372,27224,69148,682969,0.5
1900-01-22 09:11:00,7979.5,630331,7980.0,438188,390328,20262,370066,192143,0.5
1900-01-22 09:11:15,7979.5,515813,7980.0,726651,315206,94266,220940,-210838,0.5
1900-01-22 09:11:30,7976.0,233825,7976.5,531911,17174,475146,-457972,-298086,0.5
1900-01-22 09:11:45,7976.0,955039,7976.5,231771,79346,32354,46992,723268,0.5
1900-01-22 09:12:00,7983.5,896906,7984.0,269668,437618,25334,412284,627238,0.5
1900-01-22 09:12:15,7989.5,1404776,7990.0,222862,210772,10460,200312,1181914,0.5
1900-01-22 09:12:30,7988.5,34628,7989.0,217865,844382,139096,705286,-183237,0.5
1900-01-22 09:12:45,7987.0,367455,7987.5,60687,179598,355394,-175796,306768,0.5
1900-01-22 09:13:00,7980.5,934680,7981.0,15835,185956,401456,-215500,918845,0.5
1900-01-22 09:13:15,7983.5,926365,7984.0,121396,79712,270056,-190344,804969,0.5
1900-01-22 09:13:30,7988.0,388349,7988.5,152523,168008,31522,136486,235826,0.5
1900-01-22 09:13:45,7979.5,117782,7980.0,606069,116720,445248,-328528,-488287,0.5
1900-01-22 09:14:00,7977.5,1137284,7978.0,120491,253246,69990,183256,1016793,0.5
1900-01-22 09:14:15,7984.0,1059594,7984.5,40978,175852,80184,95668,1018616,0.5
1900-01-22 09:14:30,7988.0,716502,7988.5,166686,43700,76486,-32786,549816,0.5
1900-01-22 09:14:45,7997.5,135935,7998.0,58363,482916,31768,451148,77572,0.5
1900-01-22 09:15:00,8006.0,65253,8006.5,20698,4328896,123652,4205244,44555,0.5
1900-01-22 09:15:15,8004.0,179158,8004.5,22573,974428,507036,467392,156585,0.5
1900-01-22 09:15:30,8011.0,85916,8011.5,453396,464736,141334,323402,-367480,0.5
1900-01-22 09:15:45,8003.5,9950,8004.0,43642,948892,2736966,-1788074,-33692,0.5
1900-01-22 09:16:00,8014.0,186843,8015.0,270417,378778,239936,138842,-83574,1.0
1900-01-22 09:16:15,8019.5,223398,8020.0,115625,1775952,239076,1536876,107773,0.5
1900-01-22 09:16:30,8017.0,266453,8017.5,756668,880708,657422,223286,-490215,0.5
1900-01-22 09:16:45,8022.5,393460,8023.0,194620,535184,422342,112842,198840,0.5
1900-01-22 09:17:00,8035.5,310798,8036.0,108887,1615252,220954,1394298,201911,0.5
1900-01-22 09:17:15,8026.5,171980,8027.0,617239,255024,915364,-660340,-445259,0.5
1900-01-22 09:17:30,8027.5,16246,8029.0,78213,482770,585816,-103046,-61967,1.5
1900-01-22 09:17:45,8020.5,97233,8021.0,50864,281386,307242,-25856,46369,0.5
1900-01-22 09:18:00,8026.5,430511,8027.0,688869,244426,83008,161418,-258358,0.5
1900-01-22 09:18:15,8020.0,40017,8020.5,250522,72160,647786,-575626,-210505,0.5
1900-01-22 09:18:30,8013.5,307367,8014.0,122943,32248,761292,-729044,184424,0.5
1900-01-22 09:18:45,8017.5,839085,8018.0,261873,164300,149066,15234,577212,0.5
1900-01-22 09:19:00,8014.0,4883,8014.5,150045,527460,642138,-114678,-145162,0.5
1900-01-22 09:19:15,8011.5,540174,8012.0,68562,146494,338488,-191994,471612,0.5
1900-01-22 09:19:30,8008.0,27784,8008.5,952419,327168,226018,101150,-924635,0.5
1900-01-22 09:19:45,8008.0,284036,8008.5,13423,62652,305708,-243056,270613,0.5
1900-01-22 09:20:00,8009.5,487600,8010.0,61461,514342,41504,472838,426139,0.5
1900-01-22 09:20:15,8012.0,816946,8012.5,27606,183026,138124,44902,789340,0.5
1900-01-22 09:20:30,8014.0,752713,8014.5,146566,385930,135564,250366,606147,0.5
1900-01-22 09:20:45,8018.5,818838,8019.0,4163,218450,228194,-9744,814675,0.5
1900-01-22 09:21:00,8019.5,9802,8020.0,951331,396204,268184,128020,-941529,0.5
1900-01-22 09:21:15,8019.5,5061,8020.0,965298,67486,138268,-70782,-960237,0.5
1900-01-22 09:21:30,8018.5,1186151,8019.0,71086,255532,88318,167214,1115065,0.5
1900-01-22 09:21:45,8019.5,349402,8020.0,95528,162948,93420,69528,253874,0.5
1900-01-22 09:22:00,8022.0,654378,8022.5,378111,324788,146542,178246,276267,0.5
1900-01-22 09:22:15,8024.5,598026,8025.0,372500,410108,106938,303170,225526,0.5
1900-01-22 09:22:30,8027.5,625967,8028.0,40266,241316,111490,129826,585701,0.5
1900-01-22 09:22:45,8030.5,692482,8031.0,28124,676952,37892,639060,664358,0.5
1900-01-22 09:23:00,8037.0,36032,8038.5,7339,515694,694526,-178832,28693,1.5
1900-01-22 09:23:15,8032.0,939467,8032.5,239744,377448,272336,105112,699723,0.5
1900-01-22 09:23:30,8039.0,825629,8039.5,88641,425218,160468,264750,736988,0.5
1900-01-22 09:23:45,8039.0,429998,8039.5,214235,769584,211328,558256,215763,0.5
1900-01-22 09:24:00,8033.5,30396,8034.0,469805,187804,234866,-47062,-439409,0.5
1900-01-22 09:24:15,8023.0,513725,8023.5,783286,116420,590486,-474066,-269561,0.5
1900-01-22 09:24:30,8028.0,489983,8028.5,553582,247558,228942,18616,-63599,0.5
1900-01-22 09:24:45,8023.0,566347,8023.5,381956,239120,367916,-128796,184391,0.5
1900-01-22 09:25:00,8020.5,17313,8021.0,813847,24224,202234,-178010,-796534,0.5
1900-01-22 09:25:15,8014.5,23614,8015.0,26487,111962,174712,-62750,-2873,0.5
1900-01-22 09:25:30,8011.0,535178,8011.5,397539,80608,537512,-456904,137639,0.5
1900-01-22 09:25:45,8015.0,712058,8015.5,35162,345096,97698,247398,676896,0.5
1900-01-22 09:26:00,8012.0,30927,8012.5,845969,123966,150756,-26790,-815042,0.5
1900-01-22 09:26:15,8010.5,99401,8011.0,379526,17286,93944,-76658,-280125,0.5
1900-01-22 09:26:30,7996.0,112356,7996.5,89368,3248,1002426,-999178,22988,0.5
1900-01-22 09:26:45,7999.5,247716,8000.0,174223,309534,530914,-221380,73493,0.5
1900-01-22 09:27:00,8014.5,76362,8015.0,72843,600588,29982,570606,3519,0.5
1900-01-22 09:27:15,8010.5,20727,8011.0,322929,241438,133226,108212,-302202,0.5
1900-01-22 09:27:30,7992.0,34227,7992.5,4332,202382,686304,-483922,29895,0.5
1900-01-22 09:27:45,7997.0,559,7997.5,9103,268154,226070,42084,-8544,0.5
1900-01-22 09:28:00,7995.5,342512,7996.0,3188,257590,933068,-675478,339324,0.5
1900-01-22 09:28:15,7995.5,57202,7996.0,953149,113682,252418,-138736,-895947,0.5
1900-01-22 09:28:30,7994.0,50007,7994.5,897206,315176,155046,160130,-847199,0.5
1900-01-22 09:28:45,7991.5,389033,7992.0,148380,493430,187622,305808,240653,0.5
1900-01-22 09:29:00,7993.5,506523,7994.0,82342,221388,30550,190838,424181,0.5
1900-01-22 09:29:15,7993.5,566424,7994.0,12429,285834,3380,282454,553995,0.5
1900-01-22 09:29:30,7997.5,509748,7998.0,183819,522380,91234,431146,325929,0.5
1900-01-22 09:29:45,8000.5,397965,8001.0,77173,263640,42166,221474,320792,0.5
1900-01-22 09:30:00,8002.0,504948,8002.5,545522,183482,30496,152986,-40574,0.5
1900-01-22 09:30:15,8002.5,732708,8003.0,110716,682868,82588,600280,621992,0.5
1900-01-22 09:30:30,8011.5,420107,8012.0,259912,549566,70358,479208,160195,0.5
1900-01-22 09:30:45,8011.5,295736,8012.0,679422,144060,46372,97688,-383686,0.5
1900-01-22 09:31:00,8008.5,632761,8009.0,400605,116672,778910,-662238,232156,0.5
1900-01-22 09:31:15,8008.0,5358,8008.5,1335607,3544,262080,-258536,-1330249,0.5
1900-01-22 09:31:30,8003.0,15233,8003.5,679189,2198,316180,-313982,-663956,0.5
1900-01-22 09:31:45,8001.0,172440,8001.5,706739,10004,443104,-433100,-534299,0.5
1900-01-22 09:32:00,8000.0,235612,8000.5,829668,6080,246022,-239942,-594056,0.5
1900-01-22 09:32:15,8000.0,46358,8000.5,892770,52306,385630,-333324,-846412,0.5
1900-01-22 09:32:30,7999.0,50612,7999.5,611978,122,155124,-155002,-561366,0.5
1900-01-22 09:32:45,7995.0,31133,7995.5,835977,13180,262566,-249386,-804844,0.5
1900-01-22 09:33:00,7990.0,348439,7990.5,1165925,85364,343720,-258356,-817486,0.5
1900-01-22 09:33:15,7988.5,103160,7989.0,438598,75950,767016,-691066,-335438,0.5
1900-01-22 09:33:30,7996.0,106415,7996.5,80863,378924,159240,219684,25552,0.5
1900-01-22 09:33:45,7990.0,484222,7990.5,53409,61500,93252,-31752,430813,0.5
1900-01-22 09:34:00,7988.5,587108,7989.0,268717,104194,94828,9366,318391,0.5
1900-01-22 09:34:15,7986.5,132943,7987.0,526290,43346,106632,-63286,-393347,0.5
1900-01-22 09:34:30,7978.0,3705,7978.5,19971,332,1171512,-1171180,-16266,0.5
1900-01-22 09:34:45,7977.5,691009,7978.0,23049,217288,1546554,-1329266,667960,0.5
1900-01-22 09:35:00,7977.5,159904,7978.0,332432,404564,346782,57782,-172528,0.5
1900-01-22 09:35:15,7976.0,12250,7976.5,395800,66194,500380,-434186,-383550,0.5
1900-01-22 09:35:30,7973.0,623192,7973.5,89779,95950,251160,-155210,533413,0.5
1900-01-22 09:35:45,7976.5,192510,7977.0,761444,300816,59734,241082,-568934,0.5
1900-01-22 09:36:00,7981.5,100,7982.0,13772,194926,195962,-1036,-13672,0.5
1900-01-22 09:36:15,7984.0,559890,7984.5,270184,607304,110480,496824,289706,0.5
1900-01-22 09:36:30,7984.5,398238,7985.0,592116,564490,6034,558456,-193878,0.5
1900-01-22 09:36:45,7986.5,649794,7987.0,95051,214612,37328,177284,554743,0.5
1900-01-22 09:37:00,7986.5,100787,7987.0,895426,257176,65836,191340,-794639,0.5
1900-01-22 09:37:15,7983.0,134677,7983.5,756221,7488,692004,-684516,-621544,0.5
1900-01-22 09:37:30,7977.5,86648,7978.0,515932,54652,456222,-401570,-429284,0.5
1900-01-22 09:37:45,7977.5,45459,7978.0,304155,21168,73786,-52618,-258696,0.5
1900-01-22 09:38:00,7976.5,417072,7977.0,358234,25836,57140,-31304,58838,0.5
1900-01-22 09:38:15,7976.5,13463,7977.0,927727,25722,266860,-241138,-914264,0.5
1900-01-22 09:38:30,7975.5,377262,7976.0,7048,224974,70276,154698,370214,0.5
1900-01-22 09:38:45,7979.5,304523,7980.0,946499,212512,17992,194520,-641976,0.5
1900-01-22 09:39:00,7983.0,1272181,7983.5,30352,522638,15364,507274,1241829,0.5
1900-01-22 09:39:15,7976.0,462985,7976.5,16155,496086,382972,113114,446830,0.5
1900-01-22 09:39:30,7972.0,1182107,7972.5,649936,169518,822526,-653008,532171,0.5
1900-01-22 09:39:45,7972.0,1257863,7972.5,411541,106922,10862,96060,846322,0.5
1900-01-22 09:40:00,7972.5,586479,7973.0,190484,322234,149156,173078,395995,0.5
1900-01-22 09:40:15,7976.0,288748,7976.5,595245,204096,160482,43614,-306497,0.5
1900-01-22 09:40:30,7975.5,755492,7976.0,228211,269916,650004,-380088,527281,0.5
1900-01-22 09:40:45,7976.5,1236301,7977.0,351757,817444,11080,806364,884544,0.5
1900-01-22 09:41:00,7978.0,823093,7978.5,63521,659706,2336,657370,759572,0.5
1900-01-22 09:41:15,7981.0,1150895,7981.5,1090,76902,21026,55876,1149805,0.5
1900-01-22 09:41:30,7987.5,394359,7988.0,2718,221114,83416,137698,391641,0.5
1900-01-22 09:41:45,7989.0,742420,7989.5,13048,248004,15600,232404,729372,0.5
1900-01-22 09:42:00,7997.0,471699,7997.5,219515,454154,169376,284778,252184,0.5
1900-01-22 09:42:15,7997.0,552774,7997.5,438950,174962,285646,-110684,113824,0.5
1900-01-22 09:42:30,7997.0,253132,7997.5,254011,128370,62622,65748,-879,0.5
1900-01-22 09:42:45,7997.5,904216,7998.0,31249,169486,138696,30790,872967,0.5
1900-01-22 09:43:00,7997.5,1007325,7998.0,3331,56526,77152,-20626,1003994,0.5
1900-01-22 09:43:15,8004.0,438381,8004.5,15768,408770,112316,296454,422613,0.5
1900-01-22 09:43:30,8004.0,303760,8004.5,116876,29820,43922,-14102,186884,0.5
1900-01-22 09:43:45,7997.5,1117366,7998.0,71040,225540,200648,24892,1046326,0.5
1900-01-22 09:44:00,8003.5,311730,8004.0,342713,272506,44762,227744,-30983,0.5
1900-01-22 09:44:15,8003.5,820360,8004.0,666832,27860,70180,-42320,153528,0.5
1900-01-22 09:44:30,8003.5,1246414,8004.0,93823,259428,79292,180136,1152591,0.5
1900-01-22 09:44:45,8005.0,985903,8005.5,82541,198920,8020,190900,903362,0.5
1900-01-22 09:45:00,8003.5,464538,8004.0,777339,44988,236706,-191718,-312801,0.5
1900-01-22 09:45:15,8000.0,35246,8003.0,7000,40120,871850,-831730,28246,3.0
1900-01-22 09:45:30,7990.0,22645,7990.5,77040,4744,262838,-258094,-54395,0.5
1900-01-22 09:45:45,7999.5,820613,8000.0,44100,162750,319382,-156632,776513,0.5
1900-01-22 09:46:00,7999.0,285167,7999.5,710625,18732,273394,-254662,-425458,0.5
1900-01-22 09:46:15,7997.0,5759,7997.5,405578,4786,71636,-66850,-399819,0.5
1900-01-22 09:46:30,7991.0,624805,7991.5,26312,35426,140692,-105266,598493,0.5
1900-01-22 09:46:45,7990.5,286168,7991.0,718850,18294,147572,-129278,-432682,0.5
1900-01-22 09:47:00,7989.0,149093,7989.5,790007,1322,419106,-417784,-640914,0.5
1900-01-22 09:47:15,7986.0,567479,7986.5,230653,187196,224944,-37748,336826,0.5
1900-01-22 09:47:30,7988.5,627675,7989.0,575920,382340,116292,266048,51755,0.5
1900-01-22 09:47:45,7988.5,452263,7989.0,348281,217480,65974,151506,103982,0.5
1900-01-22 09:48:00,7991.0,413945,7991.5,811241,144974,19532,125442,-397296,0.5
1900-01-22 09:48:15,7991.0,64897,7991.5,164939,54836,52276,2560,-100042,0.5
1900-01-22 09:48:30,7987.0,523484,7987.5,468287,28286,140108,-111822,55197,0.5
1900-01-22 09:48:45,7987.0,5219,7987.5,884680,13860,118926,-105066,-879461,0.5
1900-01-22 09:49:00,7984.0,6469,7984.5,90054,36982,201570,-164588,-83585,0.5
1900-01-22 09:49:15,7983.0,665065,7983.5,348087,112546,220574,-108028,316978,0.5
1900-01-22 09:49:30,7983.0,692324,7983.5,367345,65046,4720,60326,324979,0.5
1900-01-22 09:49:45,7983.0,688068,7983.5,359258,64556,66460,-1904,328810,0.5
1900-01-22 09:50:00,7992.5,545696,7993.0,481865,125480,11662,113818,63831,0.5
1900-01-22 09:50:15,7997.5,438317,7998.0,886674,330424,16130,314294,-448357,0.5
1900-01-22 09:50:30,7997.5,85598,7998.0,1045892,65582,172280,-106698,-960294,0.5
1900-01-22 09:50:45,7997.5,648050,7998.0,315917,363810,26072,337738,332133,0.5
1900-01-22 09:51:00,7997.5,249027,7998.0,720961,50870,59570,-8700,-471934,0.5
1900-01-22 09:51:15,7997.5,239162,7998.0,804753,31242,51942,-20700,-565591,0.5
1900-01-22 09:51:30,7993.0,850280,7993.5,639005,4500,291100,-286600,211275,0.5
1900-01-22 09:51:45,7992.5,7079,7993.0,645843,35294,59948,-24654,-638764,0.5
1900-01-22 09:52:00,7995.0,61,7995.5,233371,29740,158176,-128436,-233310,0.5
1900-01-22 09:52:15,7995.0,390199,7995.5,733654,66692,128388,-61696,-343455,0.5
1900-01-22 09:52:30,7995.0,596696,7995.5,242060,65800,37068,28732,354636,0.5
1900-01-22 09:52:45,7995.0,803267,7995.5,38204,148368,20404,127964,765063,0.5
1900-01-22 09:53:00,7996.5,344583,7997.0,728662,89216,2202,87014,-384079,0.5
1900-01-22 09:53:15,7997.0,914921,7997.5,589329,79520,10640,68880,325592,0.5
1900-01-22 09:53:30,8000.5,876121,8001.0,84825,369866,416,369450,791296,0.5
1900-01-22 09:53:45,8006.0,832996,8007.5,44080,562214,3810,558404,788916,1.5
1900-01-22 09:54:00,8007.5,41243,8008.0,804794,155002,199672,-44670,-763551,0.5
1900-01-22 09:54:15,8005.0,11663,8005.5,330610,22050,219784,-197734,-318947,0.5
1900-01-22 09:54:30,8001.0,1188033,8001.5,39048,42724,62848,-20124,1148985,0.5
1900-01-22 09:54:45,8001.0,1193936,8001.5,13283,52878,231724,-178846,1180653,0.5
1900-01-22 09:55:00,8005.5,520120,8006.0,22501,42398,73412,-31014,497619,0.5
1900-01-22 09:55:15,8008.5,446362,8009.0,9271,86808,10382,76426,437091,0.5
1900-01-22 09:55:30,8008.5,4478,8009.0,611386,88598,68214,20384,-606908,0.5
1900-01-22 09:55:45,8008.5,613082,8009.0,137308,169252,29796,139456,475774,0.5
1900-01-22 09:56:00,8009.0,322393,8009.5,731484,92000,14956,77044,-409091,0.5
1900-01-22 09:56:15,8009.0,181790,8009.5,802131,41610,240156,-198546,-620341,0.5
1900-01-22 09:56:30,8009.0,180276,8009.5,876466,28618,109596,-80978,-696190,0.5
1900-01-22 09:56:45,8005.0,22786,8005.5,772334,19940,267394,-247454,-749548,0.5
1900-01-22 09:57:00,8002.0,57649,8002.5,956094,250,38138,-37888,-898445,0.5
1900-01-22 09:57:15,7998.5,2749,7999.0,706037,6420,569756,-563336,-703288,0.5
1900-01-22 09:57:30,7998.5,528504,7999.0,437727,17168,130704,-113536,90777,0.5
1900-01-22 09:57:45,7998.5,72734,7999.0,908695,85774,13672,72102,-835961,0.5
1900-01-22 09:58:00,7996.0,318715,7996.5,447592,118136,223344,-105208,-128877,0.5
1900-01-22 09:58:15,7995.5,104986,7996.0,882499,322002,127234,194768,-777513,0.5
1900-01-22 09:58:30,7995.5,20047,7996.0,971933,108428,169356,-60928,-951886,0.5
1900-01-22 09:58:45,7995.5,15946,7996.0,1162803,292,26552,-26260,-1146857,0.5
1900-01-22 09:59:00,7990.5,379167,7991.0,287734,39584,64854,-25270,91433,0.5
1900-01-22 09:59:15,7993.5,413013,7994.0,321883,238382,527086,-288704,91130,0.5
1900-01-22 09:59:30,7993.5,684231,7994.0,149158,92328,24258,68070,535073,0.5
1900-01-22 09:59:45,7996.0,563512,7996.5,116480,190510,93306,97204,447032,0.5
1900-01-22 10:00:00,7996.0,777006,7996.5,45571,67496,9906,57590,731435,0.5
1900-01-22 10:00:15,8000.0,66899,8000.5,937590,41278,124630,-83352,-870691,0.5
1900-01-22 10:00:30,8001.5,467863,8002.0,325088,51898,69330,-17432,142775,0.5
1900-01-22 10:00:45,8001.5,755379,8002.0,454179,12078,25474,-13396,301200,0.5
1900-01-22 10:01:00,8000.5,56,8001.0,681185,27892,70700,-42808,-681129,0.5
1900-01-22 10:01:15,7997.0,54356,7997.5,1122940,10314,175568,-165254,-1068584,0.5
1900-01-22 10:01:30,7993.0,58699,7993.5,1073359,2004,220592,-218588,-1014660,0.5
1900-01-22 10:01:45,7990.0,272900,7990.5,217884,52804,32330,20474,55016,0.5
1900-01-22 10:02:00,7991.5,1447453,7992.0,8414,93062,131088,-38026,1439039,0.5
1900-01-22 10:02:15,7994.5,102,7995.0,467358,128232,40598,87634,-467256,0.5
1900-01-22 10:02:30,7994.5,120234,7995.0,1057542,6644,73780,-67136,-937308,0.5
1900-01-22 10:02:45,7994.0,519080,7994.5,958298,27264,735308,-708044,-439218,0.5
1900-01-22 10:03:00,7994.0,82104,7994.5,1341978,102324,727948,-625624,-1259874,0.5
1900-01-22 10:03:15,7992.0,408088,7992.5,834305,16142,257352,-241210,-426217,0.5
1900-01-22 10:03:30,7992.0,303717,7992.5,1256481,7148,780500,-773352,-952764,0.5
1900-01-22 10:03:45,7992.0,52221,7992.5,1510409,1000,544612,-543612,-1458188,0.5
1900-01-22 10:04:00,7990.5,10000,7991.0,815604,104840,192290,-87450,-805604,0.5
1900-01-22 10:04:15,7988.5,23989,7989.0,806905,30974,49834,-18860,-782916,0.5
1900-01-22 10:04:30,7988.0,481264,7988.5,334640,69002,27336,41666,146624,0.5
1900-01-22 10:04:45,7988.0,447161,7988.5,875688,70080,14454,55626,-428527,0.5
1900-01-22 10:05:00,7987.5,19592,7988.0,728322,24154,39878,-15724,-708730,0.5
1900-01-22 10:05:15,7986.0,95061,7986.5,365390,62106,40844,21262,-270329,0.5
1900-01-22 10:05:30,7984.0,28496,7984.5,1469469,23458,129320,-105862,-1440973,0.5
1900-01-22 10:05:45,7981.5,101703,7982.0,871934,1600,198780,-197180,-770231,0.5
1900-01-22 10:06:00,7976.0,1214,7976.5,701154,70924,386726,-315802,-699940,0.5
1900-01-22 10:06:15,7973.5,6796,7975.5,90102,186762,370394,-183632,-83306,2.0
1900-01-22 10:06:30,7979.5,31497,7980.0,1417599,322182,159180,163002,-1386102,0.5
1900-01-22 10:06:45,7977.0,114684,7977.5,905856,85560,29212,56348,-791172,0.5
1900-01-22 10:07:00,7975.5,306466,7976.0,410272,42730,24514,18216,-103806,0.5
1900-01-22 10:07:15,7975.0,33213,7975.5,770417,20382,104490,-84108,-737204,0.5
1900-01-22 10:07:30,7974.5,17009,7975.0,941816,85058,194436,-109378,-924807,0.5
1900-01-22 10:07:45,7971.0,507326,7971.5,968209,187492,131448,56044,-460883,0.5
1900-01-22 10:08:00,7966.0,24705,7967.0,15000,1002,1352362,-1351360,9705,1.0
1900-01-22 10:08:15,7953.5,121585,7954.0,12000,116652,2221882,-2105230,109585,0.5
1900-01-22 10:08:30,7955.0,319338,7955.5,1159173,344562,1577392,-1232830,-839835,0.5
1900-01-22 10:08:45,7937.5,32336,7938.0,10000,151998,1232020,-1080022,22336,0.5
1900-01-22 10:09:00,7945.0,287914,7945.5,21092,1974892,827650,1147242,266822,0.5
1900-01-22 10:09:15,7955.5,85604,7956.0,1046022,808338,164002,644336,-960418,0.5
1900-01-22 10:09:30,7954.5,192552,7955.0,118244,595234,300964,294270,74308,0.5
1900-01-22 10:09:45,7948.0,260414,7948.5,165848,257856,361446,-103590,94566,0.5
1900-01-22 10:10:00,7945.0,90398,7945.5,104974,89450,526186,-436736,-14576,0.5
1900-01-22 10:10:15,7940.0,44537,7940.5,1340006,41890,417924,-376034,-1295469,0.5
1900-01-22 10:10:30,7929.0,26865,7930.0,2000,216014,1310340,-1094326,24865,1.0
1900-01-22 10:10:45,7940.0,6000,7942.5,12995,1411440,100512,1310928,-6995,2.5
1900-01-22 10:11:00,7944.0,34881,7944.5,40410,1689280,240684,1448596,-5529,0.5
1900-01-22 10:11:15,7944.0,83939,7944.5,116579,223488,404180,-180692,-32640,0.5
1900-01-22 10:11:30,7951.0,198725,7951.5,1350678,686542,33460,653082,-1151953,0.5
1900-01-22 10:11:45,7951.0,526176,7951.5,313025,427930,45050,382880,213151,0.5
1900-01-22 10:12:00,7949.0,4020,7949.5,1792272,221798,120754,101044,-1788252,0.5
1900-01-22 10:12:15,7938.0,225476,7938.5,446801,51840,242986,-191146,-221325,0.5
1900-01-22 10:12:30,7949.0,521685,7949.5,419763,1516556,55940,1460616,101922,0.5
1900-01-22 10:12:45,7951.5,95023,7952.0,129388,345218,117504,227714,-34365,0.5
1900-01-22 10:13:00,7955.5,983571,7956.0,104352,883032,69976,813056,879219,0.5
1900-01-22 10:13:15,7959.5,204075,7960.0,552201,623966,148120,475846,-348126,0.5
1900-01-22 10:13:30,7955.5,9832,7956.0,800024,257292,147026,110266,-790192,0.5
1900-01-22 10:13:45,7952.5,636064,7953.0,920146,91876,91532,344,-284082,0.5
1900-01-22 10:14:00,7950.0,788974,7950.5,429227,203596,216550,-12954,359747,0.5
1900-01-22 10:14:15,7945.0,47545,7945.5,568412,92536,183904,-91368,-520867,0.5
1900-01-22 10:14:30,7941.0,864276,7941.5,267758,58366,452938,-394572,596518,0.5
1900-01-22 10:14:45,7945.5,473760,7946.0,20386,303070,346898,-43828,453374,0.5
1900-01-22 10:15:00,7936.0,89579,7936.5,204346,49080,321136,-272056,-114767,0.5
1900-01-22 10:15:15,7940.0,676081,7940.5,50439,203690,82610,121080,625642,0.5
1900-01-22 10:15:30,7936.5,779809,7937.0,534076,33740,1318242,-1284502,245733,0.5
1900-01-22 10:15:45,7935.5,25000,7936.0,76550,350170,2244338,-1894168,-51550,0.5
1900-01-22 10:16:00,7930.5,192977,7931.0,261376,190244,1486840,-1296596,-68399,0.5
1900-01-22 10:16:15,7920.0,334573,7920.5,103226,21964,2672096,-2650132,231347,0.5
1900-01-22 10:16:30,7932.0,71428,7932.5,2232564,686470,1044630,-358160,-2161136,0.5
1900-01-22 10:16:45,7926.0,131750,7926.5,416650,251778,275964,-24186,-284900,0.5
1900-01-22 10:17:00,7931.5,567026,7932.0,6455,984036,98600,885436,560571,0.5
1900-01-22 10:17:15,7937.5,26050,7938.0,469139,2161624,18642,2142982,-443089,0.5
1900-01-22 10:17:30,7937.5,518253,7938.0,211656,402214,20876,381338,306597,0.5
1900-01-22 10:17:45,7939.5,338180,7940.0,515811,73914,24810,49104,-177631,0.5
1900-01-22 10:18:00,7939.5,739668,7940.0,453904,69008,13274,55734,285764,0.5
1900-01-22 10:18:15,7940.5,1052612,7941.0,171244,444642,17646,426996,881368,0.5
1900-01-22 10:18:30,7944.0,900122,7944.5,436473,2236524,18676,2217848,463649,0.5
1900-01-22 10:18:45,7944.0,778826,7944.5,16089,293192,302,292890,762737,0.5
1900-01-22 10:19:00,7948.0,503066,7948.5,12636,364502,30648,333854,490430,0.5
1900-01-22 10:19:15,7946.5,99620,7947.0,284998,1421462,112332,1309130,-185378,0.5
1900-01-22 10:19:30,7942.5,6047,7943.0,543671,240600,603500,-362900,-537624,0.5
1900-01-22 10:19:45,7941.0,486121,7941.5,326644,180592,221748,-41156,159477,0.5
1900-01-22 10:20:00,7941.5,479928,7942.0,14697,43644,10930,32714,465231,0.5
1900-01-22 10:20:15,7945.5,269660,7946.0,73080,134946,346,134600,196580,0.5
1900-01-22 10:20:30,7948.5,600694,7949.0,174851,315540,21254,294286,425843,0.5
1900-01-22 10:20:45,7952.0,495900,7952.5,37793,156988,88396,68592,458107,0.5
1900-01-22 10:21:00,7948.5,64908,7949.0,487915,204980,226230,-21250,-423007,0.5
1900-01-22 10:21:15,7948.5,774448,7949.0,2782,78188,15918,62270,771666,0.5
1900-01-22 10:21:30,7951.0,405034,7951.5,727242,104826,25516,79310,-322208,0.5
1900-01-22 10:21:45,7951.0,658600,7951.5,190307,134486,26244,108242,468293,0.5
1900-01-22 10:22:00,7950.0,298412,7950.5,554332,56264,80590,-24326,-255920,0.5
1900-01-22 10:22:15,7947.5,6768,7948.0,29656,61056,122938,-61882,-22888,0.5
1900-01-22 10:22:30,7945.5,27737,7946.0,847867,5232,848776,-843544,-820130,0.5
1900-01-22 10:22:45,7943.0,50939,7943.5,307338,52428,749272,-696844,-256399,0.5
1900-01-22 10:23:00,7941.5,112097,7942.0,6448,34734,184578,-149844,105649,0.5
1900-01-22 10:23:15,7939.5,66609,7940.0,333839,60422,486656,-426234,-267230,0.5
1900-01-22 10:23:30,7937.5,282823,7938.0,932941,13830,230310,-216480,-650118,0.5
1900-01-22 10:23:45,7937.5,41956,7938.0,468802,70724,69096,1628,-426846,0.5
1900-01-22 10:24:00,7936.0,517118,7936.5,166235,104546,103646,900,350883,0.5
1900-01-22 10:24:15,7940.5,727458,7941.0,49324,287826,28892,258934,678134,0.5
1900-01-22 10:24:30,7944.5,238042,7945.0,1171973,165122,324356,-159234,-933931,0.5
1900-01-22 10:24:45,7939.5,648,7940.0,614879,22704,408686,-385982,-614231,0.5
1900-01-22 10:25:00,7933.5,104822,7934.0,418969,18234,346390,-328156,-314147,0.5
1900-01-22 10:25:15,7923.5,48574,7924.0,46007,186262,1113256,-926994,2567,0.5
1900-01-22 10:25:30,7929.0,435778,7929.5,45868,359880,320110,39770,389910,0.5
1900-01-22 10:25:45,7925.5,66180,7926.0,388522,167630,194602,-26972,-322342,0.5
1900-01-22 10:26:00,7925.5,209200,7926.0,188486,608226,297398,310828,20714,0.5
1900-01-22 10:26:15,7920.0,135733,7920.5,1082096,118514,439612,-321098,-946363,0.5
1900-01-22 10:26:30,7920.0,584548,7920.5,34602,264856,560296,-295440,549946,0.5
1900-01-22 10:26:45,7928.5,806415,7929.0,268686,1290920,67064,1223856,537729,0.5
1900-01-22 10:27:00,7933.5,808802,7934.0,475274,229098,54864,174234,333528,0.5
1900-01-22 10:27:15,7932.5,546897,7933.0,107954,300824,871256,-570432,438943,0.5
1900-01-22 10:27:30,7936.0,524640,7936.5,486810,164498,58154,106344,37830,0.5
1900-01-22 10:27:45,7932.0,532015,7932.5,317422,214440,51720,162720,214593,0.5
1900-01-22 10:28:00,7936.0,660098,7936.5,132992,116052,69980,46072,527106,0.5
1900-01-22 10:28:15,7936.0,562692,7936.5,57321,316800,307806,8994,505371,0.5
1900-01-22 10:28:30,7938.0,885058,7938.5,44993,148902,2676,146226,840065,0.5
1900-01-22 10:28:45,7940.5,1709250,7941.0,484799,145530,98698,46832,1224451,0.5
1900-01-22 10:29:00,7941.5,1144042,7942.0,81717,101536,18958,82578,1062325,0.5
1900-01-22 10:29:15,7941.5,687102,7942.0,429973,82648,64958,17690,257129,0.5
1900-01-22 10:29:30,7936.0,408338,7936.5,255086,24746,1022688,-997942,153252,0.5
1900-01-22 10:29:45,7935.5,1155,7936.0,1164164,15330,218848,-203518,-1163009,0.5
1900-01-22 10:30:00,7931.0,637029,7931.5,598126,23078,94642,-71564,38903,0.5
1900-01-22 10:30:15,7931.0,193905,7931.5,1157728,20602,167022,-146420,-963823,0.5
1900-01-22 10:30:30,7924.5,49155,7925.0,121102,17740,1715076,-1697336,-71947,0.5
1900-01-22 10:30:45,7923.0,23114,7924.0,4067,248624,448670,-200046,19047,1.0
1900-01-22 10:31:00,7925.0,412913,7925.5,571756,668188,43558,624630,-158843,0.5
1900-01-22 10:31:15,7923.0,34171,7923.5,879399,306754,86284,220470,-845228,0.5
1900-01-22 10:31:30,7912.5,1483322,7913.0,69509,232000,1216222,-984222,1413813,0.5
1900-01-22 10:31:45,7918.5,250573,7919.0,1027034,368554,527078,-158524,-776461,0.5
1900-01-22 10:32:00,7912.0,38447,7912.5,1499663,181178,1484728,-1303550,-1461216,0.5
1900-01-22 10:32:15,7906.0,60875,7906.5,1480216,32556,2235678,-2203122,-1419341,0.5
1900-01-22 10:32:30,7900.0,964286,7900.5,35210,300402,3062744,-2762342,929076,0.5
1900-01-22 10:32:45,7905.0,629965,7905.5,176129,567248,801618,-234370,453836,0.5
1900-01-22 10:33:00,7910.0,794203,7910.5,182322,1167702,95904,1071798,611881,0.5
1900-01-22 10:33:15,7912.0,27749,7913.0,7780,561322,214988,346334,19969,1.0
1900-01-22 10:33:30,7912.5,637087,7913.5,90,165400,277544,-112144,636997,1.0
1900-01-22 10:33:45,7917.0,98583,7917.5,44310,178074,579834,-401760,54273,0.5
1900-01-22 10:34:00,7919.5,52265,7920.0,809777,234548,69482,165066,-757512,0.5
1900-01-22 10:34:15,7919.5,538780,7920.0,37352,38880,181928,-143048,501428,0.5
1900-01-22 10:34:30,7920.5,298659,7921.0,528580,562776,16934,545842,-229921,0.5
1900-01-22 10:34:45,7920.0,242740,7920.5,931345,78866,196458,-117592,-688605,0.5
1900-01-22 10:35:00,7910.0,572365,7910.5,325284,84514,257424,-172910,247081,0.5
1900-01-22 10:35:15,7919.5,464176,7920.0,597227,131270,60344,70926,-133051,0.5
1900-01-22 10:35:30,7919.5,431152,7920.0,825208,6070,227526,-221456,-394056,0.5
1900-01-22 10:35:45,7919.5,328244,7920.0,889791,115986,357078,-241092,-561547,0.5
1900-01-22 10:36:00,7917.0,532045,7917.5,399214,38554,263650,-225096,132831,0.5
1900-01-22 10:36:15,7917.0,684796,7917.5,317442,43892,43320,572,367354,0.5
1900-01-22 10:36:30,7919.0,1213952,7919.5,52926,215906,29940,185966,1161026,0.5
1900-01-22 10:36:45,7922.5,1045217,7923.0,75457,314674,53110,261564,969760,0.5
1900-01-22 10:37:00,7922.5,1413720,7923.0,834839,176840,30102,146738,578881,0.5
1900-01-22 10:37:15,7922.5,310354,7923.0,742738,82952,138176,-55224,-432384,0.5
1900-01-22 10:37:30,7923.0,908952,7923.5,21068,332322,13328,318994,887884,0.5
1900-01-22 10:37:45,7924.5,1187915,7925.0,95591,237488,1040,236448,1092324,0.5
1900-01-22 10:38:00,7924.5,1782220,7925.0,38519,190344,10786,179558,1743701,0.5
1900-01-22 10:38:15,7924.5,1810842,7925.0,226603,80642,13076,67566,1584239,0.5
1900-01-22 10:38:30,7925.5,1060812,7926.0,10767,197478,117582,79896,1050045,0.5
1900-01-22 10:38:45,7925.5,376709,7926.0,645056,121638,100584,21054,-268347,0.5
1900-01-22 10:39:00,7922.5,631380,7923.0,723516,98294,126552,-28258,-92136,0.5
1900-01-22 10:39:15,7922.5,1139887,7923.0,225870,72502,9948,62554,914017,0.5
1900-01-22 10:39:30,7924.0,1147419,7924.5,23242,162012,5210,156802,1124177,0.5
1900-01-22 10:39:45,7926.0,1461034,7926.5,149910,116538,30180,86358,1311124,0.5
1900-01-22 10:40:00,7926.0,906811,7926.5,274515,79602,8616,70986,632296,0.5
1900-01-22 10:40:15,7926.5,1198925,7927.0,17065,171806,27244,144562,1181860,0.5
1900-01-22 10:40:30,7927.0,559527,7927.5,730646,68212,8400,59812,-171119,0.5
1900-01-22 10:40:45,7929.5,1333118,7930.0,15050,406708,28636,378072,1318068,0.5
1900-01-22 10:41:00,7930.5,1006925,7931.0,95711,356758,4456,352302,911214,0.5
1900-01-22 10:41:15,7931.5,1254602,7932.0,67967,232264,18124,214140,1186635,0.5
1900-01-22 10:41:30,7933.0,1658922,7933.5,5917,331858,2002,329856,1653005,0.5
1900-01-22 10:41:45,7937.5,242237,7938.0,47004,389892,14526,375366,195233,0.5
1900-01-22 10:42:00,7937.5,335458,7938.0,755462,79072,208786,-129714,-420004,0.5
1900-01-22 10:42:15,7937.5,581670,7938.0,1233668,57806,437832,-380026,-651998,0.5
1900-01-22 10:42:30,7937.5,432164,7938.0,891772,46576,169570,-122994,-459608,0.5
1900-01-22 10:42:45,7937.0,126958,7937.5,1262860,74680,1245922,-1171242,-1135902,0.5
1900-01-22 10:43:00,7936.5,216606,7937.0,820494,24740,754240,-729500,-603888,0.5
1900-01-22 10:43:15,7936.5,319515,7937.0,627240,49284,142222,-92938,-307725,0.5
1900-01-22 10:43:30,7936.5,565827,7937.0,181335,106580,34240,72340,384492,0.5
1900-01-22 10:43:45,7936.5,623313,7937.0,645277,1974,270638,-268664,-21964,0.5
1900-01-22 10:44:00,7936.5,376912,7937.0,758241,5750,32374,-26624,-381329,0.5
1900-01-22 10:44:15,7936.5,353479,7937.0,793189,3500,118020,-114520,-439710,0.5
1900-01-22 10:44:30,7936.0,90969,7936.5,802233,10004,152986,-142982,-711264,0.5
1900-01-22 10:44:45,7936.0,83276,7936.5,874225,76630,26220,50410,-790949,0.5
1900-01-22 10:45:00,7936.0,472399,7936.5,535394,4328,69720,-65392,-62995,0.5
1900-01-22 10:45:15,7935.5,27503,7936.0,1344138,60420,50996,9424,-1316635,0.5
1900-01-22 10:45:30,7933.0,8128,7933.5,858291,21302,46074,-24772,-850163,0.5
1900-01-22 10:45:45,7933.0,58547,7933.5,763377,8000,35106,-27106,-704830,0.5
1900-01-22 10:46:00,7932.0,525691,7932.5,1224394,18130,109830,-91700,-698703,0.5
1900-01-22 10:46:15,7932.0,815953,7932.5,768103,44562,995136,-950574,47850,0.5
1900-01-22 10:46:30,7932.0,905339,7932.5,762709,4700,300352,-295652,142630,0.5
1900-01-22 10:46:45,7936.5,920739,7937.0,96171,75234,63964,11270,824568,0.5
1900-01-22 10:47:00,7937.5,750759,7938.0,79526,401572,8178,393394,671233,0.5
1900-01-22 10:47:15,7938.0,801881,7938.5,41701,140874,10068,130806,760180,0.5
1900-01-22 10:47:30,7939.0,863009,7939.5,48518,53612,452,53160,814491,0.5
1900-01-22 10:47:45,7939.0,651320,7939.5,450566,389478,2702,386776,200754,0.5
1900-01-22 10:48:00,7939.0,992857,7939.5,48573,192618,306,192312,944284,0.5
1900-01-22 10:48:15,7939.0,449112,7939.5,720432,33100,6902,26198,-271320,0.5
1900-01-22 10:48:30,7937.5,11707,7938.0,530408,20300,136156,-115856,-518701,0.5
1900-01-22 10:48:45,7937.5,1163272,7938.0,239976,113856,57218,56638,923296,0.5
1900-01-22 10:49:00,7939.5,612760,7940.0,56944,474648,1000,473648,555816,0.5
1900-01-22 10:49:15,7941.0,986044,7941.5,13202,105362,78774,26588,972842,0.5
1900-01-22 10:49:30,7942.5,1035453,7943.0,62880,316654,10324,306330,972573,0.5
1900-01-22 10:49:45,7942.5,931434,7943.0,330958,105940,4186,101754,600476,0.5
1900-01-22 10:50:00,7941.0,142373,7941.5,695332,157168,59452,97716,-552959,0.5
1900-01-22 10:50:15,7940.0,186805,7940.5,712184,12934,133134,-120200,-525379,0.5
1900-01-22 10:50:30,7939.5,660341,7940.0,120306,21010,284990,-263980,540035,0.5
1900-01-22 10:50:45,7939.5,316847,7940.0,419572,28120,3860,24260,-102725,0.5
1900-01-22 10:51:00,7940.0,870670,7940.5,12841,32986,3892,29094,857829,0.5
1900-01-22 10:51:15,7941.5,325350,7942.0,459810,26540,22000,4540,-134460,0.5
1900-01-22 10:51:30,7941.5,775277,7942.0,88823,15622,25882,-10260,686454,0.5
1900-01-22 10:51:45,7940.5,14615,7941.0,734180,41246,45462,-4216,-719565,0.5
1900-01-22 10:52:00,7940.5,497624,7941.0,124102,11900,25780,-13880,373522,0.5
1900-01-22 10:52:15,7939.0,6258,7939.5,823208,11904,71502,-59598,-816950,0.5
1900-01-22 10:52:30,7939.0,12131,7939.5,708555,3464,45794,-42330,-696424,0.5
1900-01-22 10:52:45,7936.5,569541,7937.0,174334,21464,45400,-23936,395207,0.5
1900-01-22 10:53:00,7938.0,810011,7938.5,5511,19724,62256,-42532,804500,0.5
1900-01-22 10:53:15,7942.0,467115,7942.5,326214,23144,42702,-19558,140901,0.5
1900-01-22 10:53:30,7942.0,827148,7942.5,11439,36594,69642,-33048,815709,0.5
1900-01-22 10:53:45,7942.0,502063,7942.5,462413,8168,4000,4168,39650,0.5
1900-01-22 10:54:00,7939.5,990038,7940.0,75341,106656,343178,-236522,914697,0.5
1900-01-22 10:54:15,7939.5,1254507,7940.0,19046,35402,343178,-307776,1235461,0.5
1900-01-22 10:54:30,7939.5,866942,7940.0,121695,16710,58988,-42278,745247,0.5
1900-01-22 10:54:45,7941.5,1540640,7942.0,12267,114626,54774,59852,1528373,0.5
1900-01-22 10:55:00,7945.0,903124,7945.5,7783,37196,1002,36194,895341,0.5
1900-01-22 10:55:15,7946.0,610002,7946.5,272397,43836,78272,-34436,337605,0.5
1900-01-22 10:55:30,7946.0,449895,7946.5,778472,72680,27966,44714,-328577,0.5
1900-01-22 10:55:45,7946.0,74997,7946.5,1299547,277684,316108,-38424,-1224550,0.5
1900-01-22 10:56:00,7942.5,289822,7943.0,532500,98556,26914,71642,-242678,0.5
1900-01-22 10:56:15,7941.5,2592,7942.0,588701,1260,26852,-25592,-586109,0.5
1900-01-22 10:56:30,7940.0,35545,7940.5,1331831,105144,99216,5928,-1296286,0.5
1900-01-22 10:56:45,7940.0,34015,7940.5,1248270,396,63564,-63168,-1214255,0.5
1900-01-22 10:57:00,7938.0,59843,7938.5,1199215,16802,58740,-41938,-1139372,0.5
1900-01-22 10:57:15,7933.5,44429,7934.0,1121625,14212,276070,-261858,-1077196,0.5
1900-01-22 10:57:30,7931.5,591373,7932.0,801390,1650,255390,-253740,-210017,0.5
1900-01-22 10:57:45,7931.5,776936,7932.0,606232,27262,195424,-168162,170704,0.5
1900-01-22 10:58:00,7932.0,965979,7932.5,57387,218014,12096,205918,908592,0.5
1900-01-22 10:58:15,7932.0,1030076,7932.5,6533,79658,15602,64056,1023543,0.5
1900-01-22 10:58:30,7933.5,1157027,7934.0,7505,83614,37266,46348,1149522,0.5
1900-01-22 10:58:45,7937.5,9939,7938.0,459152,128860,19396,109464,-449213,0.5
1900-01-22 10:59:00,7936.0,4406,7936.5,687422,95518,18084,77434,-683016,0.5
1900-01-22 10:59:15,7933.5,411345,7934.0,516518,136720,25186,111534,-105173,0.5
1900-01-22 10:59:30,7935.0,946093,7935.5,67748,31758,13248,18510,878345,0.5
1900-01-22 10:59:45,7938.0,769355,7938.5,119304,66958,3200,63758,650051,0.5
1900-01-22 11:00:00,7939.5,472811,7940.0,202461,276706,6156,270550,270350,0.5
1900-01-22 11:00:15,7939.5,780703,7940.0,249020,123174,6718,116456,531683,0.5
1900-01-22 11:00:30,7939.5,723248,7940.0,197965,72720,33022,39698,525283,0.5
1900-01-22 11:00:45,7939.5,740104,7940.0,266610,129470,16828,112642,473494,0.5
1900-01-22 11:01:00,7939.5,858504,7940.0,57301,222576,4778,217798,801203,0.5
1900-01-22 11:01:15,7940.5,936827,7941.0,126402,77324,61908,15416,810425,0.5
1900-01-22 11:01:30,7944.5,1033008,7945.0,27443,152290,7904,144386,1005565,0.5
1900-01-22 11:01:45,7948.0,692860,7948.5,21954,615042,13906,601136,670906,0.5
1900-01-22 11:02:00,7949.5,1970570,7950.0,39341,708136,78018,630118,1931229,0.5
1900-01-22 11:02:15,7951.5,1466797,7952.0,96463,502880,38154,464726,1370334,0.5
1900-01-22 11:02:30,7951.5,458872,7952.0,305301,69558,102786,-33228,153571,0.5
1900-01-22 11:02:45,7950.0,566692,7950.5,354176,39604,448176,-408572,212516,0.5
1900-01-22 11:03:00,7950.0,744966,7950.5,211637,157546,59744,97802,533329,0.5
1900-01-22 11:03:15,7950.0,1151952,7950.5,156626,43454,28254,15200,995326,0.5
1900-01-22 11:03:30,7951.0,1826262,7951.5,41951,379712,56204,323508,1784311,0.5
1900-01-22 11:03:45,7954.0,1490262,7954.5,11119,251824,32448,219376,1479143,0.5
1900-01-22 11:04:00,7957.0,1805866,7957.5,80950,464960,32280,432680,1724916,0.5
1900-01-22 11:04:15,7957.5,1258595,7958.0,249258,216572,2018,214554,1009337,0.5
1900-01-22 11:04:30,7955.0,774,7955.5,663156,204340,491198,-286858,-662382,0.5
1900-01-22 11:04:45,7954.5,852518,7955.0,439958,12820,212362,-199542,412560,0.5
1900-01-22 11:05:00,7954.5,1042357,7955.0,280582,205540,151360,54180,761775,0.5
1900-01-22 11:05:15,7954.5,1338507,7955.0,228870,64008,19034,44974,1109637,0.5
1900-01-22 11:05:30,7954.5,1125529,7955.0,187539,60578,80264,-19686,937990,0.5
1900-01-22 11:05:45,7954.5,1362747,7955.0,166392,54970,35200,19770,1196355,0.5
1900-01-22 11:06:00,7954.5,1468673,7955.0,157778,11474,21662,-10188,1310895,0.5
1900-01-22 11:06:15,7957.0,1566520,7957.5,230094,199102,32092,167010,1336426,0.5
1900-01-22 11:06:30,7957.5,528347,7958.0,393086,260782,31678,229104,135261,0.5
1900-01-22 11:06:45,7955.5,14675,7956.0,527988,207600,318976,-111376,-513313,0.5
1900-01-22 11:07:00,7954.0,55818,7954.5,549361,35664,163736,-128072,-493543,0.5
1900-01-22 11:07:15,7954.0,966217,7954.5,337262,84284,93392,-9108,628955,0.5
1900-01-22 11:07:30,7954.0,1250418,7954.5,54495,50980,41240,9740,1195923,0.5
1900-01-22 11:07:45,7954.5,941123,7955.0,173009,42736,7626,35110,768114,0.5
1900-01-22 11:08:00,7954.5,884451,7955.0,387893,9350,22538,-13188,496558,0.5
1900-01-22 11:08:15,7954.5,188213,7955.0,563799,147336,147628,-292,-375586,0.5
1900-01-22 11:08:30,7954.5,60681,7955.0,786702,2000,89644,-87644,-726021,0.5
1900-01-22 11:08:45,7950.5,8726,7951.0,977787,22428,112668,-90240,-969061,0.5
1900-01-22 11:09:00,7942.0,1391098,7942.5,290945,126202,355332,-229130,1100153,0.5
1900-01-22 11:09:15,7942.0,1930564,7942.5,328819,57784,45000,12784,1601745,0.5
1900-01-22 11:09:30,7943.5,398847,7944.0,45,336588,48044,288544,398802,0.5
1900-01-22 11:09:45,7945.0,505695,7945.5,700655,134686,15620,119066,-194960,0.5
1900-01-22 11:10:00,7945.0,489979,7945.5,309669,391146,24128,367018,180310,0.5
1900-01-22 11:10:15,7945.0,181261,7945.5,361360,32578,25120,7458,-180099,0.5
1900-01-22 11:10:30,7945.0,36570,7945.5,592474,4658,43174,-38516,-555904,0.5
1900-01-22 11:10:45,7944.5,317757,7945.0,763622,8258,264822,-256564,-445865,0.5
1900-01-22 11:11:00,7944.5,983,7945.0,947250,1792,210316,-208524,-946267,0.5
1900-01-22 11:11:15,7943.5,216494,7944.0,1128477,47016,326772,-279756,-911983,0.5
1900-01-22 11:11:30,7938.5,15884,7939.0,128544,40358,941784,-901426,-112660,0.5
1900-01-22 11:11:45,7935.0,139927,7935.5,747787,8982,798984,-790002,-607860,0.5
1900-01-22 11:12:00,7934.5,940914,7935.0,362131,5632,532144,-526512,578783,0.5
1900-01-22 11:12:15,7934.5,882759,7935.0,275281,1280,90222,-88942,607478,0.5
1900-01-22 11:12:30,7934.5,779721,7935.0,216448,32466,36180,-3714,563273,0.5
1900-01-22 11:12:45,7934.5,829025,7935.0,256147,4504,73326,-68822,572878,0.5
1900-01-22 11:13:00,7937.0,196459,7937.5,4206,45054,5232,39822,192253,0.5
1900-01-22 11:13:15,7939.0,1422033,7939.5,45934,65332,5232,60100,1376099,0.5
1900-01-22 11:13:30,7941.0,789322,7941.5,492857,141720,11684,130036,296465,0.5
1900-01-22 11:13:45,7941.0,283463,7941.5,4060137,15720,385858,-370138,-3776674,0.5
1900-01-22 11:14:00,7941.0,255768,7941.5,3910624,6000,125828,-119828,-3654856,0.5
1900-01-22 11:14:15,7941.0,174656,7941.5,3936063,1162,131818,-130656,-3761407,0.5
1900-01-22 11:14:30,7941.0,818076,7941.5,3683301,15140,106632,-91492,-2865225,0.5
1900-01-22 11:14:45,7941.0,848376,7941.5,3659014,5498,57456,-51958,-2810638,0.5
1900-01-22 11:15:00,7941.0,746854,7941.5,3481673,9216,244430,-235214,-2734819,0.5
1900-01-22 11:15:15,7941.0,1242722,7941.5,292200,147260,32218,115042,950522,0.5
1900-01-22 11:15:30,7941.0,1161461,7941.5,4684,336976,8,336968,1156777,0.5
1900-01-22 11:15:45,7942.0,1335987,7942.5,254759,115816,4632,111184,1081228,0.5
1900-01-22 11:16:00,7943.5,1164177,7944.0,1474,533860,4632,529228,1162703,0.5
1900-01-22 11:16:15,7944.5,1073265,7945.0,23189,30742,10000,20742,1050076,0.5
1900-01-22 11:16:30,7945.0,1100203,7945.5,147513,35018,2,35016,952690,0.5
1900-01-22 11:16:45,7949.0,995130,7949.5,48921,187978,1032,186946,946209,0.5
1900-01-22 11:17:00,7949.0,1210445,7949.5,36867,344838,1616,343222,1173578,0.5
1900-01-22 11:17:15,7949.0,541243,7949.5,608323,90098,6100,83998,-67080,0.5
1900-01-22 11:17:30,7949.0,10125,7949.5,1067960,2456,121498,-119042,-1057835,0.5
1900-01-22 11:17:45,7941.0,888805,7941.5,1221,3886,57842,-53956,887584,0.5
1900-01-22 11:18:00,7948.0,479751,7948.5,3747948,97162,13180,83982,-3268197,0.5
1900-01-22 11:18:15,7948.0,5714,7948.5,3906235,3522,81044,-77522,-3900521,0.5
1900-01-22 11:18:30,7946.5,610,7947.0,923458,5868,8438,-2570,-922848,0.5
1900-01-22 11:18:45,7946.0,23868,7946.5,1236536,7384,158030,-150646,-1212668,0.5
1900-01-22 11:19:00,7943.5,45101,7944.0,1000550,5428,66910,-61482,-955449,0.5
1900-01-22 11:19:15,7943.5,233774,7944.0,747137,1784,21832,-20048,-513363,0.5
1900-01-22 11:19:30,7943.0,54042,7943.5,1147817,35198,83884,-48686,-1093775,0.5
1900-01-22 11:19:45,7940.5,34467,7941.0,1111501,300,80158,-79858,-1077034,0.5
1900-01-22 11:20:00,7940.5,13463,7941.0,1328493,574,219810,-219236,-1315030,0.5
1900-01-22 11:20:15,7935.5,16682,7936.0,957820,240,280710,-280470,-941138,0.5
1900-01-22 11:20:30,7927.0,69214,7927.5,5000,4010,283704,-279694,64214,0.5
1900-01-22 11:20:45,7925.5,727325,7926.0,487279,55884,278202,-222318,240046,0.5
1900-01-22 11:21:00,7925.0,157044,7925.5,976533,238202,323420,-85218,-819489,0.5
1900-01-22 11:21:15,7925.0,634993,7925.5,401358,23996,186228,-162232,233635,0.5
1900-01-22 11:21:30,7928.5,663233,7929.0,17625,255324,15684,239640,645608,0.5
1900-01-22 11:21:45,7928.5,704418,7929.0,3488463,176772,36104,140668,-2784045,0.5
1900-01-22 11:22:00,7929.0,863068,7929.5,860,1528834,173960,1354874,862208,0.5
1900-01-22 11:22:15,7932.5,759023,7933.0,1503803,201280,6140,195140,-744780,0.5
1900-01-22 11:22:30,7932.5,452838,7933.0,4268788,55620,35566,20054,-3815950,0.5
1900-01-22 11:22:45,7929.5,50822,7930.0,488224,124640,225300,-100660,-437402,0.5
1900-01-22 11:23:00,7925.0,29612,7925.5,583018,50,326298,-326248,-553406,0.5
1900-01-22 11:23:15,7925.0,826291,7925.5,3835302,108450,85510,22940,-3009011,0.5
1900-01-22 11:23:30,7923.0,606688,7923.5,445120,488,1570012,-1569524,161568,0.5
1900-01-22 11:23:45,7936.0,225908,7936.5,11029,137038,10090,126948,214879,0.5
1900-01-22 11:24:00,7931.0,7229,7931.5,271018,103328,53656,49672,-263789,0.5
1900-01-22 11:24:15,7931.0,436253,7931.5,3364435,20936,119500,-98564,-2928182,0.5
1900-01-22 11:24:30,7931.0,442925,7931.5,3260073,7018,98000,-90982,-2817148,0.5
1900-01-22 11:24:45,7931.0,787921,7931.5,3261064,1056,76100,-75044,-2473143,0.5
1900-01-22 11:25:00,7931.0,791460,7931.5,3552785,57112,194504,-137392,-2761325,0.5
1900-01-22 11:25:15,7931.0,677001,7931.5,3113623,160228,48450,111778,-2436622,0.5
1900-01-22 11:25:30,7931.0,510398,7931.5,3483126,8016,75862,-67846,-2972728,0.5
1900-01-22 11:25:45,7931.0,770539,7931.5,2963063,610528,9280,601248,-2192524,0.5
1900-01-22 11:26:00,7934.5,370395,7935.0,3054837,216116,17320,198796,-2684442,0.5
1900-01-22 11:26:15,7938.0,741857,7938.5,21402,98124,26394,71730,720455,0.5
1900-01-22 11:26:30,7938.5,478041,7939.0,1771357,94188,320,93868,-1293316,0.5
1900-01-22 11:26:45,7938.5,269141,7939.0,952482,44050,104606,-60556,-683341,0.5
1900-01-22 11:27:00,7936.5,1635,7937.0,1175141,19220,114534,-95314,-1173506,0.5
1900-01-22 11:27:15,7933.5,20998,7934.0,3974971,12040,154160,-142120,-3953973,0.5
1900-01-22 11:27:30,7933.5,21759,7934.0,3922148,33300,28338,4962,-3900389,0.5
1900-01-22 11:27:45,7931.5,3794,7932.0,476753,21420,35232,-13812,-472959,0.5
1900-01-22 11:28:00,7931.0,694453,7931.5,318221,18366,193950,-175584,376232,0.5
1900-01-22 11:28:15,7930.5,350620,7931.0,598775,4000,358576,-354576,-248155,0.5
1900-01-22 11:28:30,7930.5,62059,7931.0,906933,39006,461094,-422088,-844874,0.5
1900-01-22 11:28:45,7928.0,106676,7928.5,1116973,39006,146754,-107748,-1010297,0.5
1900-01-22 11:29:00,7928.0,55875,7928.5,1305684,1634,65176,-63542,-1249809,0.5
1900-01-22 11:29:15,7927.5,8021,7928.0,1170029,510,101104,-100594,-1162008,0.5
1900-01-22 11:29:30,7924.0,86487,7924.5,899554,106920,241130,-134210,-813067,0.5
1900-01-22 11:29:45,7924.0,45288,7924.5,927742,4392,42680,-38288,-882454,0.5
1900-01-22 11:30:00,7924.0,887369,7924.5,366543,48532,23220,25312,520826,0.5
1900-01-22 11:30:15,7925.0,87775,7925.5,3945751,249108,111310,137798,-3857976,0.5
1900-01-22 11:30:30,7923.0,41138,7923.5,583177,15860,65790,-49930,-542039,0.5
1900-01-22 11:30:45,7917.0,32028,7918.5,25378,1920,1491058,-1489138,6650,1.5
1900-01-22 11:31:00,7912.5,320386,7913.0,1014920,10700,653022,-642322,-694534,0.5
1900-01-22 11:31:15,7910.0,311171,7910.5,1016238,196558,1158162,-961604,-705067,0.5
1900-01-22 11:31:30,7907.0,374941,7907.5,827878,83344,621276,-537932,-452937,0.5
1900-01-22 11:31:45,7904.5,335320,7905.0,934065,86498,378624,-292126,-598745,0.5
1900-01-22 11:32:00,7904.5,743451,7905.0,84428,229078,360122,-131044,659023,0.5
1900-01-22 11:32:15,7908.5,215100,7909.0,3753908,494254,146432,347822,-3538808,0.5
1900-01-22 11:32:30,7905.5,229181,7906.0,789180,961612,220032,741580,-559999,0.5
1900-01-22 11:32:45,7905.5,514109,7906.0,644499,15538,58426,-42888,-130390,0.5
1900-01-22 11:33:00,7907.5,12744,7908.0,726745,544196,464566,79630,-714001,0.5
1900-01-22 11:33:15,7901.0,95873,7901.5,624250,103284,877422,-774138,-528377,0.5
1900-01-22 11:33:30,7890.0,557769,7890.5,12668,446568,5103532,-4656964,545101,0.5
1900-01-22 11:33:45,7897.5,82809,7898.0,649905,751432,1181926,-430494,-567096,0.5
1900-01-22 11:34:00,7890.0,26782,7890.5,10602,260132,248044,12088,16180,0.5
1900-01-22 11:34:15,7888.5,74940,7889.0,559687,478962,196410,282552,-484747,0.5
1900-01-22 11:34:30,7890.5,754056,7891.0,152185,713980,525154,188826,601871,0.5
1900-01-22 11:34:45,7892.5,81421,7893.0,1394486,264318,107060,157258,-1313065,0.5
1900-01-22 11:35:00,7884.5,377232,7885.0,472746,55000,259718,-204718,-95514,0.5
1900-01-22 11:35:15,7880.0,280199,7880.5,1211125,491156,936052,-444896,-930926,0.5
1900-01-22 11:35:30,7878.0,211661,7878.5,65406,396592,932560,-535968,146255,0.5
1900-01-22 11:35:45,7882.5,332885,7883.0,23001,510874,923136,-412262,309884,0.5
1900-01-22 11:36:00,7882.5,65048,7883.0,770677,440396,282996,157400,-705629,0.5
1900-01-22 11:36:15,7878.0,223161,7878.5,1304821,207974,420210,-212236,-1081660,0.5
1900-01-22 11:36:30,7871.0,553934,7871.5,871073,180248,1981746,-1801498,-317139,0.5
1900-01-22 11:36:45,7865.0,659207,7865.5,945235,343994,4136728,-3792734,-286028,0.5
1900-01-22 11:37:00,7859.5,1896,7860.5,2437,138948,1476050,-1337102,-541,1.0
1900-01-22 11:37:15,7848.0,107352,7850.5,9838,464192,2876742,-2412550,97514,2.5
1900-01-22 11:37:30,7825.0,20338,7825.5,10599,514444,10169904,-9655460,9739,0.5
1900-01-22 11:37:45,7829.0,165310,7829.5,57761,3244754,1327010,1917744,107549,0.5
1900-01-22 11:38:00,7837.0,538078,7837.5,852648,741676,671902,69774,-314570,0.5
1900-01-22 11:38:15,7846.0,69050,7846.5,29807,726394,222238,504156,39243,0.5
1900-01-22 11:38:30,7848.5,23819,7849.0,578499,2551478,189816,2361662,-554680,0.5
1900-01-22 11:38:45,7850.5,918187,7851.0,364737,1165080,137856,1027224,553450,0.5
1900-01-22 11:39:00,7848.5,7716,7849.0,87858,1364518,252378,1112140,-80142,0.5
1900-01-22 11:39:15,7839.5,101720,7840.0,100717,1058190,200832,857358,1003,0.5
1900-01-22 11:39:30,7839.5,148304,7840.0,214264,516126,289318,226808,-65960,0.5
1900-01-22 11:39:45,7835.0,321537,7835.5,683028,412010,629176,-217166,-361491,0.5
1900-01-22 11:40:00,7843.0,194105,7843.5,68900,1560008,95518,1464490,125205,0.5
1900-01-22 11:40:15,7844.5,42179,7845.0,116254,885390,110412,774978,-74075,0.5
1900-01-22 11:40:30,7851.5,209268,7852.0,326131,1695728,31418,1664310,-116863,0.5
1900-01-22 11:40:45,7850.0,222640,7850.5,656008,362396,339754,22642,-433368,0.5
1900-01-22 11:41:00,7843.0,184021,7843.5,230050,424352,852936,-428584,-46029,0.5
1900-01-22 11:41:15,7835.5,649276,7836.0,465344,243966,448362,-204396,183932,0.5
1900-01-22 11:41:30,7833.0,156966,7833.5,382442,664642,261362,403280,-225476,0.5
1900-01-22 11:41:45,7831.5,34785,7832.0,262867,207186,526596,-319410,-228082,0.5
1900-01-22 11:42:00,7831.5,388637,7832.0,1044493,359566,170562,189004,-655856,0.5
1900-01-22 11:42:15,7844.5,118212,7845.0,30662,545568,277518,268050,87550,0.5
1900-01-22 11:42:30,7845.5,224452,7846.0,205398,876512,65216,811296,19054,0.5
1900-01-22 11:42:45,7845.5,103588,7846.0,137070,474550,240164,234386,-33482,0.5
1900-01-22 11:43:00,7852.0,313470,7852.5,162801,1626284,294708,1331576,150669,0.5
1900-01-22 11:43:15,7856.5,800085,7857.0,102598,1004120,108628,895492,697487,0.5
1900-01-22 11:43:30,7857.0,830348,7857.5,197030,715444,57514,657930,633318,0.5
1900-01-22 11:43:45,7857.0,647538,7857.5,418098,242630,27306,215324,229440,0.5
1900-01-22 11:44:00,7858.0,977904,7858.5,94870,868536,42882,825654,883034,0.5
1900-01-22 11:44:15,7860.5,3683389,7861.0,277121,1591042,11304,1579738,3406268,0.5
1900-01-22 11:44:30,7864.0,1358658,7864.5,6068,1372420,34704,1337716,1352590,0.5
1900-01-22 11:44:45,7866.5,674807,7867.0,342116,1069524,14400,1055124,332691,0.5
1900-01-22 11:45:00,7861.5,18474,7862.0,265104,330244,1313470,-983226,-246630,0.5
1900-01-22 11:45:15,7861.5,90502,7862.0,608484,289724,573992,-284268,-517982,0.5
1900-01-22 11:45:30,7860.0,109987,7860.5,356917,161762,460094,-298332,-246930,0.5
1900-01-22 11:45:45,7858.0,294972,7858.5,539012,55318,212250,-156932,-244040,0.5
1900-01-22 11:46:00,7859.0,1016699,7859.5,21832,112022,485332,-373310,994867,0.5
1900-01-22 11:46:15,7866.0,551486,7866.5,55661,431338,14222,417116,495825,0.5
1900-01-22 11:46:30,7865.5,45950,7866.0,635384,265640,485660,-220020,-589434,0.5
1900-01-22 11:46:45,7865.0,367792,7865.5,671353,131344,436414,-305070,-303561,0.5
1900-01-22 11:47:00,7865.0,355589,7865.5,711518,25104,184396,-159292,-355929,0.5
1900-01-22 11:47:15,7865.0,193965,7865.5,813929,67324,173330,-106006,-619964,0.5
1900-01-22 11:47:30,7865.0,336626,7865.5,672943,186462,52064,134398,-336317,0.5
1900-01-22 11:47:45,7858.5,29,7859.0,24864,10688,839282,-828594,-24835,0.5
1900-01-22 11:48:00,7856.0,757401,7856.5,261961,34248,599622,-565374,495440,0.5
1900-01-22 11:48:15,7857.0,1044613,7857.5,160499,196444,60808,135636,884114,0.5
1900-01-22 11:48:30,7858.0,1382052,7858.5,19237,206306,19546,186760,1362815,0.5
1900-01-22 11:48:45,7859.0,1142513,7859.5,39328,141046,18670,122376,1103185,0.5
1900-01-22 11:49:00,7860.0,504519,7860.5,360202,107434,11576,95858,144317,0.5
1900-01-22 11:49:15,7855.0,748016,7855.5,64466,78626,239030,-160404,683550,0.5
1900-01-22 11:49:30,7855.0,112496,7855.5,448499,15050,256912,-241862,-336003,0.5
1900-01-22 11:49:45,7847.5,370409,7848.0,630848,1700,952908,-951208,-260439,0.5
1900-01-22 11:50:00,7844.5,20733,7845.0,190009,27022,806312,-779290,-169276,0.5
1900-01-22 11:50:15,7838.0,116395,7838.5,379706,27060,1576410,-1549350,-263311,0.5
1900-01-22 11:50:30,7840.0,907738,7840.5,332666,411464,388046,23418,575072,0.5
1900-01-22 11:50:45,7840.0,645605,7840.5,551947,115672,23000,92672,93658,0.5
1900-01-22 11:51:00,7835.5,47093,7836.0,1823144,354190,669928,-315738,-1776051,0.5
1900-01-22 11:51:15,7826.0,47356,7826.5,12096,193246,324122,-130876,35260,0.5
1900-01-22 11:51:30,7825.0,990871,7825.5,557636,2324578,436170,1888408,433235,0.5
1900-01-22 11:51:45,7841.0,352692,7841.5,990130,1619008,331722,1287286,-637438,0.5
1900-01-22 11:52:00,7837.5,962439,7838.0,29527,627376,172730,454646,932912,0.5
1900-01-22 11:52:15,7846.5,1023207,7847.0,156744,1124336,42952,1081384,866463,0.5
1900-01-22 11:52:30,7854.5,234927,7855.0,502257,328870,147809,181061,-267330,0.5
1900-01-22 11:52:45,7856.5,710445,7857.0,54357,311828,283184,28644,656088,0.5
1900-01-22 11:53:00,7858.0,3311218,7858.5,520673,519792,241270,278522,2790545,0.5
1900-01-22 11:53:15,7856.5,93267,7858.0,1500,760290,448242,312048,91767,1.5
1900-01-22 11:53:30,7858.5,1065139,7859.0,68026,910548,224354,686194,997113,0.5
1900-01-22 11:53:45,7862.5,472081,7863.5,35179,941352,31902,909450,436902,1.0
1900-01-22 11:54:00,7867.5,1406490,7868.0,31777,901804,42102,859702,1374713,0.5
1900-01-22 11:54:15,7871.0,874741,7871.5,74013,795016,16480,778536,800728,0.5
1900-01-22 11:54:30,7872.0,200032,7872.5,419112,682180,620504,61676,-219080,0.5
1900-01-22 11:54:45,7867.5,862671,7868.0,14519,175974,507986,-332012,848152,0.5
1900-01-22 11:55:00,7869.5,1369864,7870.0,398956,210624,23158,187466,970908,0.5
1900-01-22 11:55:15,7872.0,1600660,7872.5,41150,412278,7410,404868,1559510,0.5
1900-01-22 11:55:30,7877.5,1077858,7878.0,281020,400808,225984,174824,796838,0.5
1900-01-22 11:55:45,7879.0,953854,7879.5,120214,821278,162234,659044,833640,0.5
1900-01-22 11:56:00,7876.5,70191,7877.0,396342,764606,588482,176124,-326151,0.5
1900-01-22 11:56:15,7868.5,147921,7869.0,641930,71806,528958,-457152,-494009,0.5
1900-01-22 11:56:30,7868.5,1217412,7869.0,187885,299348,247926,51422,1029527,0.5
1900-01-22 11:56:45,7873.0,146086,7873.5,222677,366350,214016,152334,-76591,0.5
1900-01-22 11:57:00,7870.5,931332,7871.0,231455,100078,415218,-315140,699877,0.5
1900-01-22 11:57:15,7870.5,908617,7871.0,373654,221236,106030,115206,534963,0.5
1900-01-22 11:57:30,7870.5,684898,7871.0,339095,74808,52266,22542,345803,0.5
1900-01-22 11:57:45,7874.5,1061939,7875.0,57270,521596,19970,501626,1004669,0.5
1900-01-22 11:58:00,7880.5,3222301,7881.0,483384,593432,34580,558852,2738917,0.5
1900-01-22 11:58:15,7880.5,3703622,7881.0,100250,748828,44976,703852,3603372,0.5
1900-01-22 11:58:30,7881.5,1063083,7882.0,45225,135162,32868,102294,1017858,0.5
1900-01-22 11:58:45,7883.5,1495169,7884.0,199387,430438,67742,362696,1295782,0.5
1900-01-22 11:59:00,7884.0,802409,7884.5,460032,56981,57523,-542,342377,0.5
1900-01-22 11:59:15,7880.0,1558863,7880.5,5448329,94808,2464718,-2369910,-3889466,0.5
1900-01-22 11:59:30,7879.5,665914,7880.0,298076,207380,1564946,-1357566,367838,0.5
1900-01-22 11:59:45,7879.5,762678,7880.0,530408,68018,42984,25034,232270,0.5
1900-01-22 12:00:00,7879.5,429095,7880.0,253447,59562,359052,-299490,175648,0.5
1900-01-22 12:00:15,7880.0,488334,7880.5,37249,129284,316858,-187574,451085,0.5
1900-01-22 12:00:30,7881.0,189805,7881.5,6166,580470,250736,329734,183639,0.5
1900-01-22 12:00:45,7880.0,72754,7880.5,665404,137798,409546,-271748,-592650,0.5
1900-01-22 12:01:00,7871.0,377671,7871.5,299492,113636,980766,-867130,78179,0.5
1900-01-22 12:01:15,7868.5,11328,7869.0,242656,325304,643308,-318004,-231328,0.5
1900-01-22 12:01:30,7860.5,412204,7861.0,580484,54618,722060,-667442,-168280,0.5
1900-01-22 12:01:45,7860.5,809579,7861.0,268257,288850,692508,-403658,541322,0.5
1900-01-22 12:02:00,7866.0,549493,7866.5,534749,845724,176400,669324,14744,0.5
1900-01-22 12:02:15,7860.0,134169,7860.5,1490278,353982,481756,-127774,-1356109,0.5
1900-01-22 12:02:30,7857.5,753058,7858.0,382093,43402,919430,-876028,370965,0.5
1900-01-22 12:02:45,7861.5,1006441,7862.0,183922,605672,186958,418714,822519,0.5
1900-01-22 12:03:00,7861.5,1779126,7862.0,39693,476914,9144,467770,1739433,0.5
1900-01-22 12:03:15,7866.5,368188,7867.0,29085,408648,111518,297130,339103,0.5
1900-01-22 12:03:30,7868.5,1199850,7869.0,4113,538604,37396,501208,1195737,0.5
1900-01-22 12:03:45,7865.5,261029,7866.0,753787,530472,394480,135992,-492758,0.5
1900-01-22 12:04:00,7867.0,1271510,7867.5,9554,186604,170102,16502,1261956,0.5
1900-01-22 12:04:15,7872.5,1178783,7873.0,3614,222804,91592,131212,1175169,0.5
1900-01-22 12:04:30,7876.5,1643624,7877.0,19205,62964,34548,28416,1624419,0.5
1900-01-22 12:04:45,7876.5,1447716,7878.5,18440,50478,20000,30478,1429276,2.0
1900-01-22 12:06:45,7863.0,322159,7863.5,790985,25816,14412,11404,-468826,0.5
1900-01-22 12:07:00,7862.0,20957,7862.5,769417,33236,574058,-540822,-748460,0.5
1900-01-22 12:07:15,7857.0,607309,7857.5,254159,13336,452848,-439512,353150,0.5
1900-01-22 12:07:30,7858.0,329227,7858.5,839202,168756,215282,-46526,-509975,0.5
1900-01-22 12:07:45,7854.5,653757,7855.0,366717,108160,283448,-175288,287040,0.5
1900-01-22 12:08:00,7856.0,1209383,7856.5,192192,1355112,206010,1149102,1017191,0.5
1900-01-22 12:08:15,7857.0,1644595,7857.5,135423,676638,33330,643308,1509172,0.5
1900-01-22 12:08:30,7859.5,1146367,7860.0,296219,316334,20518,295816,850148,0.5
1900-01-22 12:08:45,7868.5,153186,7869.0,31432,724364,8000,716364,121754,0.5
1900-01-22 12:09:00,7868.5,5892,7869.0,1037228,352578,66136,286442,-1031336,0.5
1900-01-22 12:09:15,7861.5,821741,7862.0,172303,70748,243854,-173106,649438,0.5
1900-01-22 12:09:30,7861.0,11527,7861.5,451120,28312,254468,-226156,-439593,0.5
1900-01-22 12:09:45,7858.5,4846,7859.0,194491,101652,172508,-70856,-189645,0.5
1900-01-22 12:10:00,7855.0,124750,7855.5,1638546,3312,241526,-238214,-1513796,0.5
1900-01-22 12:10:15,7850.0,146112,7850.5,539181,27500,957468,-929968,-393069,0.5
1900-01-22 12:10:30,7856.5,101246,7857.0,711411,139322,1042950,-903628,-610165,0.5
1900-01-22 12:10:45,7849.5,546109,7850.0,301451,118718,140794,-22076,244658,0.5
1900-01-22 12:11:00,7860.5,289200,7861.0,492656,590732,226478,364254,-203456,0.5
1900-01-22 12:11:15,7857.0,98524,7857.5,1326424,24466,99646,-75180,-1227900,0.5
1900-01-22 12:11:30,7857.0,59923,7857.5,943118,7066,158392,-151326,-883195,0.5
1900-01-22 12:11:45,7854.0,79724,7854.5,914748,19012,204376,-185364,-835024,0.5
1900-01-22 12:12:00,7859.5,313902,7860.0,18230,233756,57460,176296,295672,0.5
1900-01-22 12:12:15,7860.5,1360082,7861.0,5689,112292,12930,99362,1354393,0.5
1900-01-22 12:12:30,7864.5,419746,7865.0,329287,265634,38758,226876,90459,0.5
1900-01-22 12:12:45,7864.5,356174,7865.0,349415,101482,4214,97268,6759,0.5
1900-01-22 12:13:00,7864.5,482988,7865.0,545801,56442,86314,-29872,-62813,0.5
1900-01-22 12:13:15,7864.0,9417,7865.0,996959,30402,266540,-236138,-987542,1.0
1900-01-22 12:13:30,7856.5,18108,7857.0,1180736,22592,214198,-191606,-1162628,0.5
1900-01-22 12:13:45,7852.0,48082,7852.5,274280,1594,140900,-139306,-226198,0.5
1900-01-22 12:14:00,7850.5,21148,7851.0,506169,1200,380194,-378994,-485021,0.5
1900-01-22 12:14:15,7848.0,186668,7848.5,583400,13368,570798,-557430,-396732,0.5
1900-01-22 12:14:30,7854.5,368021,7855.0,138097,275732,257342,18390,229924,0.5
1900-01-22 12:14:45,7852.5,62025,7853.0,512350,300656,109710,190946,-450325,0.5
1900-01-22 12:15:00,7850.0,738604,7850.5,183462,21034,187384,-166350,555142,0.5
1900-01-22 12:15:15,7850.0,156726,7850.5,779710,81602,433916,-352314,-622984,0.5
1900-01-22 12:15:30,7846.0,32564,7846.5,669979,20278,176344,-156066,-637415,0.5
1900-01-22 12:15:45,7841.0,214259,7841.5,1018334,30310,533440,-503130,-804075,0.5
1900-01-22 12:16:00,7837.0,32067,7837.5,1200096,27548,543518,-515970,-1168029,0.5
1900-01-22 12:16:15,7832.5,54354,7833.0,938926,37266,599966,-562700,-884572,0.5
1900-01-22 12:16:30,7821.5,1048001,7822.0,160764,134630,719352,-584722,887237,0.5
1900-01-22 12:16:45,7827.5,1144652,7828.0,70846,1369380,237498,1131882,1073806,0.5
1900-01-22 12:17:00,7829.0,456037,7829.5,12061,636646,172994,463652,443976,0.5
1900-01-22 12:17:15,7833.0,587647,7833.5,769419,499318,200970,298348,-181772,0.5
1900-01-22 12:17:30,7833.5,846933,7834.0,138783,626232,174476,451756,708150,0.5
1900-01-22 12:17:45,7839.5,456355,7840.0,596300,277846,43412,234434,-139945,0.5
1900-01-22 12:18:00,7845.5,279540,7846.0,85235,730988,42944,688044,194305,0.5
1900-01-22 12:18:15,7849.0,309174,7849.5,791936,301114,50192,250922,-482762,0.5
1900-01-22 12:18:30,7837.0,513589,7837.5,357240,205640,474718,-269078,156349,0.5
1900-01-22 12:18:45,7842.0,687267,7842.5,252905,241940,150702,91238,434362,0.5
1900-01-22 12:19:00,7842.0,335654,7842.5,1114387,15940,58888,-42948,-778733,0.5
1900-01-22 12:19:15,7840.0,731934,7840.5,321714,25542,246962,-221420,410220,0.5
1900-01-22 12:19:30,7851.0,84480,7851.5,9880,306958,52084,254874,74600,0.5
1900-01-22 12:19:45,7856.5,207956,7857.0,16975,265580,14012,251568,190981,0.5
1900-01-22 12:20:00,7868.5,390381,7869.0,31028,115662,35561,80101,359353,0.5
1900-01-22 12:20:15,7873.0,34626,7873.5,80097,507305,133780,373525,-45471,0.5
1900-01-22 12:20:30,7868.0,336464,7869.0,130171,251950,619548,-367598,206293,1.0
1900-01-22 12:20:45,7868.5,545345,7869.0,87894,431152,116978,314174,457451,0.5
1900-01-22 12:21:00,7872.0,574883,7872.5,251219,309042,129010,180032,323664,0.5
1900-01-22 12:21:15,7872.5,581930,7873.0,43309,269118,80222,188896,538621,0.5
1900-01-22 12:21:30,7871.5,6628,7872.0,289706,270970,143652,127318,-283078,0.5
1900-01-22 12:21:45,7867.5,381104,7868.0,584009,167014,321806,-154792,-202905,0.5
1900-01-22 12:22:00,7873.0,4501495,7873.5,245281,140268,156126,-15858,4256214,0.5
1900-01-22 12:22:15,7873.0,78330,7873.5,871909,134320,150590,-16270,-793579,0.5
1900-01-22 12:22:30,7868.0,729371,7868.5,117891,32338,520644,-488306,611480,0.5
1900-01-22 12:22:45,7863.0,31416,7863.5,290239,35210,156400,-121190,-258823,0.5
1900-01-22 12:23:00,7859.0,860753,7859.5,290668,23964,115470,-91506,570085,0.5
1900-01-22 12:23:15,7865.5,98467,7866.0,760,229134,45452,183682,97707,0.5
1900-01-22 12:23:30,7871.0,623000,7871.5,382041,335510,66368,269142,240959,0.5
1900-01-22 12:23:45,7871.0,539953,7871.5,271362,401630,39288,362342,268591,0.5
1900-01-22 12:24:00,7877.5,5084239,7878.0,990586,488438,35456,452982,4093653,0.5
1900-01-22 12:24:15,7877.5,5271356,7878.0,114604,1669954,17982,1651972,5156752,0.5
1900-01-22 12:24:30,7879.5,71300,7880.0,67771,876374,166536,709838,3529,0.5
1900-01-22 12:24:45,7874.5,707578,7875.0,356307,146488,386028,-239540,351271,0.5
1900-01-22 12:25:00,7874.0,17682,7874.5,543646,56150,129714,-73564,-525964,0.5
1900-01-22 12:25:15,7870.0,638814,7870.5,314838,26602,636004,-609402,323976,0.5
1900-01-22 12:25:30,7873.5,32793,7874.0,1056341,72594,142888,-70294,-1023548,0.5
1900-01-22 12:25:45,7867.5,1087244,7868.0,183799,12902,287866,-274964,903445,0.5
1900-01-22 12:26:00,7869.5,656678,7870.0,227887,148980,102556,46424,428791,0.5
1900-01-22 12:26:15,7869.5,959508,7870.0,195435,86068,784,85284,764073,0.5
1900-01-22 12:26:30,7874.0,61405,7874.5,555216,189138,8350,180788,-493811,0.5
1900-01-22 12:26:45,7874.0,702952,7874.5,772220,323500,16200,307300,-69268,0.5
1900-01-22 12:27:00,7869.5,30455,7870.0,881946,12450,118796,-106346,-851491,0.5
1900-01-22 12:27:15,7867.5,64442,7868.0,940199,30736,147168,-116432,-875757,0.5
1900-01-22 12:27:30,7864.5,125064,7865.0,841295,3600,102962,-99362,-716231,0.5
1900-01-22 12:27:45,7864.5,44838,7865.0,1217144,112268,167910,-55642,-1172306,0.5
1900-01-22 12:28:00,7866.0,768834,7866.5,11190,567788,49028,518760,757644,0.5
1900-01-22 12:28:15,7869.0,300743,7869.5,433212,25928,27640,-1712,-132469,0.5
1900-01-22 12:28:30,7879.5,769969,7880.0,152789,248360,13830,234530,617180,0.5
1900-01-22 12:28:45,7883.0,992445,7883.5,430010,687998,39416,648582,562435,0.5
1900-01-22 12:29:00,7880.0,399433,7880.5,491587,136270,209564,-73294,-92154,0.5
1900-01-22 12:29:15,7882.5,575461,7883.0,341519,71922,30398,41524,233942,0.5
1900-01-22 12:29:30,7882.5,648236,7883.0,506046,431488,371434,60054,142190,0.5
1900-01-22 12:29:45,7886.5,4264,7887.0,3,420376,33462,386914,4261,0.5
1900-01-22 12:30:00,7891.0,818900,7891.5,10101,969192,14812,954380,808799,0.5
1900-01-22 12:30:15,7893.5,69618,7894.0,490828,879436,203878,675558,-421210,0.5
1900-01-22 12:30:30,7896.0,1097565,7896.5,85113,145450,203242,-57792,1012452,0.5
1900-01-22 12:30:45,7898.0,525107,7898.5,116536,952608,116018,836590,408571,0.5
1900-01-22 12:31:00,7898.5,371763,7899.0,283139,861784,106830,754954,88624,0.5
1900-01-22 12:31:15,7894.0,437832,7894.5,888153,252284,358496,-106212,-450321,0.5
1900-01-22 12:31:30,7879.5,2093943,7880.0,213911,106552,588482,-481930,1880032,0.5
1900-01-22 12:31:45,7889.5,213322,7890.0,23861,207828,56682,151146,189461,0.5
1900-01-22 12:32:00,7892.5,135341,7893.0,488272,284216,75088,209128,-352931,0.5
1900-01-22 12:32:15,7888.0,22783,7888.5,430194,82340,171358,-89018,-407411,0.5
1900-01-22 12:32:30,7884.5,515373,7885.0,530477,24706,116388,-91682,-15104,0.5
1900-01-22 12:32:45,7884.5,1450762,7885.0,42645,130082,191352,-61270,1408117,0.5
1900-01-22 12:33:00,7889.5,1383924,7890.0,53183,287730,115112,172618,1330741,0.5
1900-01-22 12:33:15,7890.5,738573,7891.0,139741,141926,105896,36030,598832,0.5
1900-01-22 12:33:30,7894.0,543311,7894.5,60236,152254,127196,25058,483075,0.5
1900-01-22 12:33:45,7886.5,1617150,7887.0,809336,275748,54556,221192,807814,0.5
1900-01-22 12:34:00,7889.0,289301,7889.5,525447,102756,1070422,-967666,-236146,0.5
1900-01-22 12:34:15,7884.5,19685,7885.0,695105,63838,1803046,-1739208,-675420,0.5
1900-01-22 12:34:30,7881.0,599907,7881.5,224135,367586,265266,102320,375772,0.5
1900-01-22 12:34:45,7865.5,47669,7866.0,99317,137898,1700336,-1562438,-51648,0.5
1900-01-22 12:35:00,7867.0,12632,7867.5,42146,262244,532994,-270750,-29514,0.5
1900-01-22 12:35:15,7867.5,23482,7868.0,749836,709256,321240,388016,-726354,0.5
1900-01-22 12:35:30,7863.0,400093,7863.5,605263,22278,353464,-331186,-205170,0.5
1900-01-22 12:35:45,7865.0,72754,7865.5,127,394396,470594,-76198,72627,0.5
1900-01-22 12:36:00,7866.5,185174,7867.0,749405,149170,70752,78418,-564231,0.5
1900-01-22 12:36:15,7864.0,340761,7864.5,1105770,3866,547472,-543606,-765009,0.5
1900-01-22 12:36:30,7861.0,129903,7861.5,844945,88176,752188,-664012,-715042,0.5
1900-01-22 12:36:45,7861.5,5000,7862.0,34714,386694,793882,-407188,-29714,0.5
1900-01-22 12:37:00,7873.0,799647,7873.5,628536,667506,135958,531548,171111,0.5
1900-01-22 12:37:15,7875.5,541391,7876.0,1768668,646164,136592,509572,-1227277,0.5
1900-01-22 12:37:30,7875.5,1861771,7876.0,476781,1979474,54160,1925314,1384990,0.5
1900-01-22 12:37:45,7875.5,5998451,7876.0,9769,818772,78622,740150,5988682,0.5
1900-01-22 12:38:00,7878.0,1753079,7878.5,21747,153790,37802,115988,1731332,0.5
1900-01-22 12:38:15,7874.0,118874,7874.5,753658,92452,567988,-475536,-634784,0.5
1900-01-22 12:38:30,7874.0,5561437,7874.5,74525,316384,77036,239348,5486912,0.5
1900-01-22 12:38:45,7877.5,15200,7878.0,122858,234164,206478,27686,-107658,0.5
1900-01-22 12:39:00,7873.5,113884,7874.0,1238475,16404,33624,-17220,-1124591,0.5
1900-01-22 12:39:15,7866.5,120915,7867.0,1586626,26592,454390,-427798,-1465711,0.5
1900-01-22 12:39:30,7865.0,70322,7865.5,655,116510,81066,35444,69667,0.5
1900-01-22 12:39:45,7869.5,198171,7870.0,929100,51032,184284,-133252,-730929,0.5
1900-01-22 12:40:00,7863.0,517406,7863.5,236968,79294,424434,-345140,280438,0.5
1900-01-22 12:40:15,7854.5,4741153,7855.0,106872,51170,270740,-219570,4634281,0.5
1900-01-22 12:40:30,7858.5,327700,7859.0,627587,231376,177776,53600,-299887,0.5
1900-01-22 12:40:45,7858.5,509117,7859.0,86405,83242,184648,-101406,422712,0.5
1900-01-22 12:41:00,7858.5,502616,7859.0,273503,85338,61086,24252,229113,0.5
1900-01-22 12:41:15,7865.0,62534,7865.5,123193,825902,33078,792824,-60659,0.5
1900-01-22 12:41:30,7888.5,12000,7889.0,204820,169386,70746,98640,-192820,0.5
1900-01-22 12:41:45,7888.5,11266,7889.0,379124,90846,196192,-105346,-367858,0.5
1900-01-22 12:42:00,7881.0,567474,7881.5,144401,193722,273572,-79850,423073,0.5
1900-01-22 12:42:15,7881.0,232397,7881.5,712751,16610,330154,-313544,-480354,0.5
1900-01-22 12:42:30,7881.0,801484,7881.5,23398,66966,191938,-124972,778086,0.5
1900-01-22 12:42:45,7880.5,16592,7881.0,368978,82188,240022,-157834,-352386,0.5
1900-01-22 12:43:00,7877.0,4908412,7877.5,156348,207030,85532,121498,4752064,0.5
1900-01-22 12:43:15,7882.0,968888,7882.5,2952,43542,39500,4042,965936,0.5
1900-01-22 12:43:30,7883.5,892282,7884.0,159465,21814,42902,-21088,732817,0.5
1900-01-22 12:43:45,7884.0,385371,7884.5,3093,139026,152182,-13156,382278,0.5
1900-01-22 12:44:00,7886.5,793630,7887.0,57502,273586,11312,262274,736128,0.5
1900-01-22 12:44:15,7889.5,899312,7890.0,50145,185354,45024,140330,849167,0.5
1900-01-22 12:44:30,7890.5,950645,7891.0,114368,102656,29004,73652,836277,0.5
1900-01-22 12:44:45,7892.0,935569,7892.5,135603,299542,57510,242032,799966,0.5
1900-01-22 12:45:00,7894.0,619931,7894.5,39601,378486,49696,328790,580330,0.5
1900-01-22 12:45:15,7909.5,92954,7910.0,326127,1944700,66396,1878304,-233173,0.5
1900-01-22 12:45:30,7908.0,112737,7908.5,609491,354550,353854,696,-496754,0.5
1900-01-22 12:45:45,7901.0,1031634,7901.5,187498,188018,1004718,-816700,844136,0.5
1900-01-22 12:46:00,7902.5,484750,7903.0,520276,267204,307198,-39994,-35526,0.5
1900-01-22 12:46:15,7903.0,852616,7903.5,478590,194420,741580,-547160,374026,0.5
1900-01-22 12:46:30,7905.5,676512,7906.0,117753,530412,403638,126774,558759,0.5
1900-01-22 12:46:45,7902.0,919257,7902.5,157291,226054,229294,-3240,761966,0.5
1900-01-22 12:47:00,7902.5,386536,7903.0,349098,340520,60490,280030,37438,0.5
1900-01-22 12:47:15,7903.5,1465483,7904.0,214,701738,17644,684094,1465269,0.5
1900-01-22 12:47:30,7915.5,4467983,7916.0,526575,785716,120290,665426,3941408,0.5
1900-01-22 12:47:45,7915.5,4909790,7916.0,231909,586162,18624,567538,4677881,0.5
1900-01-22 12:48:00,7916.5,1088746,7917.0,546507,579040,7610,571430,542239,0.5
1900-01-22 12:48:15,7915.5,1477517,7916.0,1307882,391892,5301666,-4909774,169635,0.5
1900-01-22 12:48:30,7907.5,750297,7908.0,133803,226894,2210222,-1983328,616494,0.5
1900-01-22 12:48:45,7910.0,37585,7910.5,1162615,223850,153680,70170,-1125030,0.5
1900-01-22 12:49:00,7903.5,553942,7904.0,316149,174592,602308,-427716,237793,0.5
1900-01-22 12:49:15,7905.0,79613,7905.5,901573,303704,125302,178402,-821960,0.5
1900-01-22 12:49:30,7913.5,439919,7914.0,509392,400252,70500,329752,-69473,0.5
1900-01-22 12:49:45,7910.0,53262,7910.5,654273,175090,199528,-24438,-601011,0.5
1900-01-22 12:50:00,7910.0,1004552,7910.5,51460,99044,129360,-30316,953092,0.5
1900-01-22 12:50:15,7913.5,97705,7914.0,1054027,48250,47706,544,-956322,0.5
1900-01-22 12:50:30,7914.0,1087131,7914.5,236930,323874,81568,242306,850201,0.5
1900-01-22 12:50:45,7914.0,555986,7914.5,366529,380642,512546,-131904,189457,0.5
1900-01-22 12:51:00,7914.0,517247,7914.5,329684,83808,302032,-218224,187563,0.5
1900-01-22 12:51:15,7918.5,279139,7919.0,37314,503762,106220,397542,241825,0.5
1900-01-22 12:51:30,7927.5,512036,7928.0,307092,1077440,30422,1047018,204944,0.5
1900-01-22 12:51:45,7925.0,209252,7925.5,1027850,210550,414834,-204284,-818598,0.5
1900-01-22 12:52:00,7930.0,413745,7930.5,370846,583882,176970,406912,42899,0.5
1900-01-22 12:52:15,7927.5,97182,7928.0,556577,305258,902300,-597042,-459395,0.5
1900-01-22 12:52:30,7917.5,1055168,7918.0,251982,155002,349704,-194702,803186,0.5
1900-01-22 12:52:45,7919.5,66831,7920.0,330881,282842,154232,128610,-264050,0.5
1900-01-22 12:53:00,7919.5,912485,7920.0,5930785,109496,571576,-462080,-5018300,0.5
1900-01-22 12:53:15,7915.0,40203,7915.5,973562,1852,1528732,-1526880,-933359,0.5
1900-01-22 12:53:30,7917.0,1195161,7917.5,5184,327266,501690,-174424,1189977,0.5
1900-01-22 12:53:45,7917.5,663083,7918.0,233659,266130,323240,-57110,429424,0.5
1900-01-22 12:54:00,7919.5,20412,7920.0,895639,218062,247808,-29746,-875227,0.5
1900-01-22 12:54:15,7915.5,106629,7916.0,368633,50434,548678,-498244,-262004,0.5
1900-01-22 12:54:30,7909.0,575903,7909.5,692332,45044,1102206,-1057162,-116429,0.5
1900-01-22 12:54:45,7910.0,726585,7910.5,18353,141998,219556,-77558,708232,0.5
1900-01-22 12:55:00,7908.5,24670,7909.0,440329,232158,333618,-101460,-415659,0.5
1900-01-22 12:55:15,7906.5,394603,7907.0,330647,173344,680104,-506760,63956,0.5
1900-01-22 12:55:30,7905.0,61998,7905.5,571806,187324,183526,3798,-509808,0.5
1900-01-22 12:55:45,7904.5,1131070,7905.0,345101,122700,533998,-411298,785969,0.5
1900-01-22 12:56:00,7904.5,12829,7905.0,731987,51930,1105542,-1053612,-719158,0.5
1900-01-22 12:56:15,7897.0,308721,7897.5,507012,490,895728,-895238,-198291,0.5
1900-01-22 12:56:30,7899.5,848221,7900.0,287477,452746,226844,225902,560744,0.5
1900-01-22 12:56:45,7899.5,398225,7900.0,812202,118984,149396,-30412,-413977,0.5
1900-01-22 12:57:00,7899.5,880651,7900.0,610803,58940,459962,-401022,269848,0.5
1900-01-22 12:57:15,7905.0,493987,7905.5,2816,296394,8130,288264,491171,0.5
1900-01-22 12:57:30,7905.0,1313568,7905.5,20734,205656,34704,170952,1292834,0.5
1900-01-22 12:57:45,7906.5,823723,7907.0,689689,95922,349364,-253442,134034,0.5
1900-01-22 12:58:00,7906.5,712441,7907.0,1106584,61450,424004,-362554,-394143,0.5
1900-01-22 12:58:15,7906.5,410728,7907.0,1351947,11136,431362,-420226,-941219,0.5
1900-01-22 12:58:30,7906.0,100816,7906.5,1469382,12336,307102,-294766,-1368566,0.5
1900-01-22 12:58:45,7906.0,149040,7906.5,1052802,106696,80266,26430,-903762,0.5
1900-01-22 12:59:00,7905.0,201863,7905.5,1015745,32054,110208,-78154,-813882,0.5
1900-01-22 12:59:15,7905.0,996847,7905.5,213479,143088,26556,116532,783368,0.5
1900-01-22 12:59:30,7912.5,427907,7913.0,593775,445564,17390,428174,-165868,0.5
1900-01-22 12:59:45,7910.5,48576,7911.0,1226662,717810,85016,632794,-1178086,0.5
1900-01-22 13:00:00,7910.5,45293,7911.0,753224,42004,180964,-138960,-707931,0.5
1900-01-22 13:00:15,7914.0,281739,7914.5,214,49636,55316,-5680,281525,0.5
1900-01-22 13:00:30,7922.0,730618,7922.5,10270,233206,46224,186982,720348,0.5
1900-01-22 13:00:45,7923.5,238249,7924.0,450429,180308,36076,144232,-212180,0.5
1900-01-22 13:01:00,7921.5,1352674,7922.0,229944,83038,309434,-226396,1122730,0.5
1900-01-22 13:01:15,7921.5,856202,7922.0,495542,124948,726964,-602016,360660,0.5
1900-01-22 13:01:30,7920.0,17831,7920.5,283633,43740,163450,-119710,-265802,0.5
1900-01-22 13:01:45,7920.0,631436,7920.5,449454,8148,134978,-126830,181982,0.5
1900-01-22 13:02:00,7915.5,576490,7916.0,518312,7590,142364,-134774,58178,0.5
1900-01-22 13:02:15,7919.5,375405,7920.0,28314,99392,166062,-66670,347091,0.5
1900-01-22 13:02:30,7919.5,702615,7920.0,127262,71660,21980,49680,575353,0.5
1900-01-22 13:02:45,7919.5,790885,7920.0,92726,32928,38438,-5510,698159,0.5
1900-01-22 13:03:00,7920.5,793716,7921.0,4305,72688,37922,34766,789411,0.5
1900-01-22 13:03:15,7925.5,789847,7926.0,14643,558132,5924,552208,775204,0.5
1900-01-22 13:03:30,7934.5,408060,7935.0,158694,598350,90314,508036,249366,0.5
1900-01-22 13:03:45,7949.5,8383,7950.0,727079,1280172,222428,1057744,-718696,0.5
1900-01-22 13:04:00,7936.5,658224,7937.0,505627,184578,310338,-125760,152597,0.5
1900-01-22 13:04:15,7938.5,1112737,7939.0,37579,799102,155462,643640,1075158,0.5
1900-01-22 13:04:30,7946.0,55594,7946.5,129212,314372,46438,267934,-73618,0.5
1900-01-22 13:04:45,7949.5,648850,7950.0,186872,651700,188582,463118,461978,0.5
1900-01-22 13:05:00,7957.5,105437,7958.0,446817,1129462,236808,892654,-341380,0.5
1900-01-22 13:05:15,7965.5,156479,7966.0,337768,1790814,536300,1254514,-181289,0.5
1900-01-22 13:05:30,7946.5,554746,7947.0,301415,533742,2965572,-2431830,253331,0.5
1900-01-22 13:05:45,7946.5,415144,7947.0,530955,477026,899000,-421974,-115811,0.5
1900-01-22 13:06:00,7946.5,440471,7947.0,782109,149446,422256,-272810,-341638,0.5
1900-01-22 13:06:15,7946.5,1045539,7947.0,56654,210160,143248,66912,988885,0.5
1900-01-22 13:06:30,7952.0,835401,7952.5,40519,201822,63750,138072,794882,0.5
1900-01-22 13:06:45,7957.0,136669,7957.5,90354,668104,44042,624062,46315,0.5
1900-01-22 13:07:00,7961.5,14973,7962.5,100,556412,22130,534282,14873,1.0
1900-01-22 13:07:15,7964.5,495475,7965.0,383624,932644,261312,671332,111851,0.5
1900-01-22 13:07:30,7964.5,56738,7965.0,842523,413832,441492,-27660,-785785,0.5
1900-01-22 13:07:45,7959.0,176457,7959.5,5000,202086,259338,-57252,171457,0.5
1900-01-22 13:08:00,7959.0,2618377,7959.5,1059612,345042,303022,42020,1558765,0.5
1900-01-22 13:08:15,7963.0,435688,7963.5,52357,619408,375920,243488,383331,0.5
1900-01-22 13:08:30,7964.0,1014157,7964.5,199910,378946,356244,22702,814247,0.5
1900-01-22 13:08:45,7972.5,489804,7973.0,73746,658346,74002,584344,416058,0.5
1900-01-22 13:09:00,7972.5,499976,7973.0,301693,564524,68100,496424,198283,0.5
1900-01-22 13:09:15,7972.5,306676,7973.0,376145,380472,611092,-230620,-69469,0.5
1900-01-22 13:09:30,7976.0,193697,7977.0,210914,798142,302580,495562,-17217,1.0
1900-01-22 13:09:45,7986.5,107426,7987.0,110119,789342,65078,724264,-2693,0.5
1900-01-22 13:10:00,7989.5,363160,7990.0,254548,1535164,98854,1436310,108612,0.5
1900-01-22 13:10:15,7993.5,876271,7994.0,168316,2699736,193202,2506534,707955,0.5
1900-01-22 13:10:30,7997.0,104418,7997.5,110507,5319100,414858,4904242,-6089,0.5
1900-01-22 13:10:45,7997.5,14823,7998.0,1000,515976,566132,-50156,13823,0.5
1900-01-22 13:11:00,7990.0,282156,7990.5,269989,358576,1907938,-1549362,12167,0.5
1900-01-22 13:11:15,7985.0,603738,7985.5,400302,208790,740564,-531774,203436,0.5
1900-01-22 13:11:30,7976.5,57932,7983.0,14787,175028,904592,-729564,43145,6.5
1900-01-22 13:11:45,7994.5,34033,7995.0,77954,357402,581908,-224506,-43921,0.5
1900-01-22 13:12:00,7986.0,170865,7986.5,758861,267222,348464,-81242,-587996,0.5
1900-01-22 13:12:15,7982.5,227659,7983.0,1107030,115088,399360,-284272,-879371,0.5
1900-01-22 13:12:30,7978.5,721549,7979.0,219994,63724,411032,-347308,501555,0.5
1900-01-22 13:12:45,7978.5,5135204,7979.0,998188,169250,405130,-235880,4137016,0.5
1900-01-22 13:13:00,7976.5,822387,7977.0,185952,299998,450606,-150608,636435,0.5
1900-01-22 13:13:15,7978.0,752264,7978.5,50922,217850,235644,-17794,701342,0.5
1900-01-22 13:13:30,7980.0,1350815,7980.5,4304,512476,89018,423458,1346511,0.5
1900-01-22 13:13:45,7985.5,57121,7986.0,27342,168088,126874,41214,29779,0.5
1900-01-22 13:14:00,7999.5,426834,8000.0,622088,888816,235682,653134,-195254,0.5
1900-01-22 13:14:15,7988.5,27510,7990.5,173058,148104,721420,-573316,-145548,2.0
1900-01-22 13:14:30,7996.0,1022938,7996.5,102704,321730,113196,208534,920234,0.5
1900-01-22 13:14:45,8004.5,190876,8005.0,1441180,1627744,116560,1511184,-1250304,0.5
1900-01-22 13:15:00,8004.5,1211532,8005.0,262754,2509220,673418,1835802,948778,0.5
1900-01-22 13:15:15,8007.0,602924,8007.5,185972,3190426,224148,2966278,416952,0.5
1900-01-22 13:15:30,8000.0,99975,8000.5,584807,418092,3408288,-2990196,-484832,0.5
1900-01-22 13:15:45,7996.5,345489,7997.0,367611,93730,776540,-682810,-22122,0.5
1900-01-22 13:16:00,7987.0,1126345,7987.5,561825,136028,521336,-385308,564520,0.5
1900-01-22 13:16:15,7981.5,34632,7982.0,136077,29132,1405242,-1376110,-101445,0.5
1900-01-22 13:16:30,7978.5,180964,7979.0,1182151,342490,1238064,-895574,-1001187,0.5
1900-01-22 13:16:45,7978.0,61093,7978.5,9943,168050,577004,-408954,51150,0.5
1900-01-22 13:17:00,7979.0,772369,7979.5,501637,297298,79980,217318,270732,0.5
1900-01-22 13:17:15,7966.0,197478,7966.5,89704,269794,1207008,-937214,107774,0.5
1900-01-22 13:17:30,7966.0,1253838,7966.5,25877,343148,1008036,-664888,1227961,0.5
1900-01-22 13:17:45,7965.5,8657,7968.5,25162,351508,439318,-87810,-16505,3.0
1900-01-22 13:18:00,7969.0,951830,7969.5,43,246552,368536,-121984,951787,0.5
1900-01-22 13:18:15,7979.0,403622,7979.5,1133728,727740,84758,642982,-730106,0.5
1900-01-22 13:18:30,7976.0,627014,7976.5,42803,233928,489894,-255966,584211,0.5
1900-01-22 13:18:45,7979.5,1221320,7980.0,163074,355732,117692,238040,1058246,0.5
1900-01-22 13:19:00,7980.5,897269,7981.0,180110,423078,33914,389164,717159,0.5
1900-01-22 13:19:15,7974.5,429955,7975.0,712469,127542,655456,-527914,-282514,0.5
1900-01-22 13:19:30,7970.5,762653,7971.0,371446,36194,507158,-470964,391207,0.5
1900-01-22 13:19:45,7972.5,1163134,7973.0,3685,181426,74426,107000,1159449,0.5
1900-01-22 13:20:00,7973.5,1849982,7974.0,706,190126,92434,97692,1849276,0.5
1900-01-22 13:20:15,7978.5,1000,7979.0,568723,508104,91656,416448,-567723,0.5
1900-01-22 13:20:30,7972.5,930540,7973.0,437893,175366,222844,-47478,492647,0.5
1900-01-22 13:20:45,7973.0,4993,7973.5,704349,95304,72162,23142,-699356,0.5
1900-01-22 13:21:00,7964.5,72391,7965.0,371258,33700,580780,-547080,-298867,0.5
1900-01-22 13:21:15,7950.0,721666,7950.5,40124,72914,987606,-914692,681542,0.5
1900-01-22 13:21:30,7947.0,2738,7947.5,25249,317010,2185896,-1868886,-22511,0.5
1900-01-22 13:21:45,7955.5,12642,7956.0,46284,718300,535802,182498,-33642,0.5
1900-01-22 13:22:00,7957.0,216752,7957.5,123804,230136,1006684,-776548,92948,0.5
1900-01-22 13:22:15,7941.0,322454,7941.5,187696,193362,846810,-653448,134758,0.5
1900-01-22 13:22:30,7940.5,1218,7941.0,9174,363212,735878,-372666,-7956,0.5
1900-01-22 13:22:45,7934.0,61363,7934.5,687829,164018,1470948,-1306930,-626466,0.5
1900-01-22 13:23:00,7937.5,277371,7938.0,52724,346594,553866,-207272,224647,0.5
1900-01-22 13:23:15,7951.5,217554,7952.0,544223,642968,176156,466812,-326669,0.5
1900-01-22 13:23:30,7951.5,413323,7952.0,162388,644228,430628,213600,250935,0.5
1900-01-22 13:23:45,7954.5,629729,7955.0,721305,263408,57526,205882,-91576,0.5
1900-01-22 13:24:00,7952.0,388197,7952.5,1137043,91906,2343880,-2251974,-748846,0.5
1900-01-22 13:24:15,7942.0,27645,7942.5,177862,66978,469470,-402492,-150217,0.5
1900-01-22 13:24:30,7947.0,1107884,7947.5,112920,373986,56206,317780,994964,0.5
1900-01-22 13:24:45,7947.0,283809,7947.5,995852,537368,548516,-11148,-712043,0.5
1900-01-22 13:25:00,7947.0,170871,7947.5,782387,271668,154032,117636,-611516,0.5
1900-01-22 13:25:15,7947.0,79438,7947.5,240541,277260,429632,-152372,-161103,0.5
1900-01-22 13:25:30,7949.5,525859,7950.0,518990,450862,27686,423176,6869,0.5
1900-01-22 13:25:45,7949.5,1031258,7950.0,233023,422012,2594,419418,798235,0.5
1900-01-22 13:26:00,7954.0,811497,7954.5,242808,447914,4650,443264,568689,0.5
1900-01-22 13:26:15,7954.5,958064,7955.0,39997,1201300,21316,1179984,918067,0.5
1900-01-22 13:26:30,7964.0,17764,7964.5,1174616,241362,172942,68420,-1156852,0.5
1900-01-22 13:26:45,7957.5,183312,7958.0,944650,106742,204818,-98076,-761338,0.5
1900-01-22 13:27:00,7952.0,10264,7952.5,10000,152586,119268,33318,264,0.5
1900-01-22 13:27:15,7950.5,41342,7951.0,1587533,37010,238348,-201338,-1546191,0.5
1900-01-22 13:27:30,7944.5,36835,7945.0,276823,1888,221592,-219704,-239988,0.5
1900-01-22 13:27:45,7940.5,597055,7941.0,677150,72904,282184,-209280,-80095,0.5
1900-01-22 13:28:00,7949.5,47000,7950.0,127371,200608,251706,-51098,-80371,0.5
1900-01-22 13:28:15,7949.5,184432,7950.0,1472601,193990,298614,-104624,-1288169,0.5
1900-01-22 13:28:30,7949.5,676392,7950.0,249939,215584,13476,202108,426453,0.5
1900-01-22 13:28:45,7951.0,1274219,7951.5,113148,125408,190408,-65000,1161071,0.5
1900-01-22 13:29:00,7954.0,672638,7954.5,13200,152292,10828,141464,659438,0.5
1900-01-22 13:29:15,7956.0,680492,7956.5,197655,321350,3278,318072,482837,0.5
1900-01-22 13:29:30,7959.0,947896,7959.5,48159,319664,206370,113294,899737,0.5
1900-01-22 13:29:45,7953.0,31219,7953.5,453829,81642,289880,-208238,-422610,0.5
1900-01-22 13:30:00,7950.5,2469,7951.0,1273563,18842,222626,-203784,-1271094,0.5
1900-01-22 13:30:15,7942.5,47204,7943.0,1092905,5858,888248,-882390,-1045701,0.5
1900-01-22 13:30:30,7940.0,118214,7940.5,692358,194272,828818,-634546,-574144,0.5
1900-01-22 13:30:45,7940.5,514508,7941.0,239282,308168,149760,158408,275226,0.5
1900-01-22 13:31:00,7943.0,319753,7943.5,703947,249496,281694,-32198,-384194,0.5
1900-01-22 13:31:15,7938.0,31416,7938.5,1504969,32368,771166,-738798,-1473553,0.5
1900-01-22 13:31:30,7933.0,57061,7933.5,1786449,14412,933526,-919114,-1729388,0.5
1900-01-22 13:31:45,7928.0,53722,7928.5,339672,9660,2172306,-2162646,-285950,0.5
1900-01-22 13:32:00,7914.5,26323,7916.5,9888,49430,2376148,-2326718,16435,2.0
1900-01-22 13:32:15,7910.0,150360,7910.5,293309,737550,2069930,-1332380,-142949,0.5
1900-01-22 13:32:30,7924.5,134900,7925.0,54000,1727260,730584,996676,80900,0.5
1900-01-22 13:32:45,7913.5,40034,7916.5,4199,330390,324800,5590,35835,3.0
1900-01-22 13:33:00,7919.5,421816,7920.0,1170467,431154,451396,-20242,-748651,0.5
1900-01-22 13:33:15,7910.0,457046,7910.5,893818,75936,898718,-822782,-436772,0.5
1900-01-22 13:33:30,7918.0,18248,7918.5,10451,514420,1547702,-1033282,7797,0.5
1900-01-22 13:33:45,7908.5,451744,7909.0,17230,787402,275566,511836,434514,0.5
1900-01-22 13:34:00,7910.5,232822,7911.0,1401099,405016,236934,168082,-1168277,0.5
1900-01-22 13:34:15,7906.0,264998,7906.5,708634,70704,883956,-813252,-443636,0.5
1900-01-22 13:34:30,7907.5,691182,7908.0,304706,699344,583104,116240,386476,0.5
1900-01-22 13:34:45,7917.5,285914,7918.0,90971,1268620,77280,1191340,194943,0.5
1900-01-22 13:35:00,7914.5,39588,7915.0,957008,69900,85088,-15188,-917420,0.5
1900-01-22 13:35:15,7905.0,324937,7905.5,10000,83908,682498,-598590,314937,0.5
1900-01-22 13:35:30,7899.0,50741,7899.5,22000,56344,776144,-719800,28741,0.5
1900-01-22 13:35:45,7891.0,27750,7891.5,283564,424444,1952300,-1527856,-255814,0.5
1900-01-22 13:36:00,7887.0,11737,7887.5,90,789722,970232,-180510,11647,0.5
1900-01-22 13:36:15,7890.0,252474,7890.5,779260,627626,346570,281056,-526786,0.5
1900-01-22 13:36:30,7885.0,293884,7885.5,640313,349562,994414,-644852,-346429,0.5
1900-01-22 13:36:45,7885.0,803887,7885.5,5664,1105810,343316,762494,798223,0.5
1900-01-22 13:37:00,7891.0,726910,7891.5,34051,1683368,54540,1628828,692859,0.5
1900-01-22 13:37:15,7896.0,716984,7896.5,734094,275904,23630,252274,-17110,0.5
1900-01-22 13:37:30,7891.5,78969,7892.0,1039027,490384,255548,234836,-960058,0.5
1900-01-22 13:37:45,7898.5,201808,7899.0,552356,114332,432964,-318632,-350548,0.5
1900-01-22 13:38:00,7889.5,324965,7890.0,727260,780408,200994,579414,-402295,0.5
1900-01-22 13:38:15,7888.5,490295,7889.0,55236,117714,453666,-335952,435059,0.5
1900-01-22 13:38:30,7895.0,1085690,7895.5,44423,520132,66786,453346,1041267,0.5
1900-01-22 13:38:45,7903.5,2711,7904.0,261413,825032,87048,737984,-258702,0.5
1900-01-22 13:39:00,7898.0,562155,7898.5,123628,363892,99804,264088,438527,0.5
1900-01-22 13:39:15,7890.0,656395,7890.5,92709,123308,225030,-101722,563686,0.5
1900-01-22 13:39:30,7896.5,853406,7897.0,23404,391972,122440,269532,830002,0.5
1900-01-22 13:39:45,7899.0,326436,7899.5,215512,338112,360410,-22298,110924,0.5
1900-01-22 13:40:00,7905.5,203412,7906.0,55575,1103548,2758,1100790,147837,0.5
1900-01-22 13:40:15,7905.5,1013666,7906.0,467765,362258,16500,345758,545901,0.5
1900-01-22 13:40:30,7909.5,1554560,7910.0,550568,612936,16480,596456,1003992,0.5
1900-01-22 13:40:45,7909.5,1042933,7910.0,352097,836510,10540,825970,690836,0.5
1900-01-22 13:41:00,7914.5,925849,7915.0,48493,769210,92126,677084,877356,0.5
1900-01-22 13:41:15,7914.5,901594,7915.0,735529,311316,12202,299114,166065,0.5
1900-01-22 13:41:30,7907.5,306572,7908.0,392037,241050,387650,-146600,-85465,0.5
1900-01-22 13:41:45,7900.0,239783,7900.5,397438,21452,205162,-183710,-157655,0.5
1900-01-22 13:42:00,7902.0,1130810,7902.5,498803,292900,193910,98990,632007,0.5
1900-01-22 13:42:15,7903.5,572975,7904.0,841,367150,118206,248944,572134,0.5
1900-01-22 13:42:30,7902.5,8563,7903.5,1290688,39056,1587550,-1548494,-1282125,1.0
1900-01-22 13:42:45,7900.0,798362,7900.5,348380,36984,246356,-209372,449982,0.5
1900-01-22 13:43:00,7906.5,893226,7907.0,587093,109356,38808,70548,306133,0.5
1900-01-22 13:43:15,7906.5,797453,7907.0,1135977,415040,226050,188990,-338524,0.5
1900-01-22 13:43:30,7906.5,227587,7907.0,1827384,16240,159156,-142916,-1599797,0.5
1900-01-22 13:43:45,7900.0,158661,7900.5,916640,8880,417578,-408698,-757979,0.5
1900-01-22 13:44:00,7897.0,60120,7897.5,520811,128016,368738,-240722,-460691,0.5
1900-01-22 13:44:15,7900.0,1119550,7900.5,125583,229706,174488,55218,993967,0.5
1900-01-22 13:44:30,7906.5,1279817,7907.0,171861,740926,35840,705086,1107956,0.5
1900-01-22 13:44:45,7909.5,391151,7910.0,1016376,519860,41196,478664,-625225,0.5
1900-01-22 13:45:00,7904.5,1975,7905.0,936060,39744,165450,-125706,-934085,0.5
1900-01-22 13:45:15,7902.5,647200,7903.0,804707,68718,52692,16026,-157507,0.5
1900-01-22 13:45:30,7899.5,759833,7900.0,473646,195298,167506,27792,286187,0.5
1900-01-22 13:45:45,7899.5,13681,7900.0,1209263,189258,394726,-205468,-1195582,0.5
1900-01-22 13:46:00,7891.5,114786,7892.0,1217666,14302,212486,-198184,-1102880,0.5
1900-01-22 13:46:15,7891.0,536097,7891.5,289508,89524,322820,-233296,246589,0.5
1900-01-22 13:46:30,7899.5,114541,7900.0,1078274,259220,129618,129602,-963733,0.5
1900-01-22 13:46:45,7905.0,104819,7905.5,188,104184,41368,62816,104631,0.5
1900-01-22 13:47:00,7907.5,747914,7908.0,831445,120194,152868,-32674,-83531,0.5
1900-01-22 13:47:15,7901.5,284498,7902.0,386268,233196,242584,-9388,-101770,0.5
1900-01-22 13:47:30,7903.5,154370,7904.0,105,43414,14630,28784,154265,0.5
1900-01-22 13:47:45,7909.0,637467,7909.5,13277,100858,23154,77704,624190,0.5
1900-01-22 13:48:00,7909.5,1279213,7910.0,45752,95160,94792,368,1233461,0.5
1900-01-22 13:48:15,7916.5,1240031,7917.0,98809,456376,7772,448604,1141222,0.5
1900-01-22 13:48:30,7919.5,22721,7920.0,103546,300136,349268,-49132,-80825,0.5
1900-01-22 13:48:45,7916.0,7768,7916.5,1106495,158434,221394,-62960,-1098727,0.5
1900-01-22 13:49:00,7918.0,545779,7920.5,12375,421392,177532,243860,533404,2.5
1900-01-22 13:49:15,7928.0,403676,7928.5,241106,475816,97666,378150,162570,0.5
1900-01-22 13:49:30,7926.5,683914,7927.0,122536,439818,137416,302402,561378,0.5
1900-01-22 13:49:45,7928.5,326180,7929.0,610559,449856,121432,328424,-284379,0.5
1900-01-22 13:50:00,7935.5,598214,7936.0,42196,1011002,94318,916684,556018,0.5
1900-01-22 13:50:15,7936.0,185760,7936.5,654106,925320,200516,724804,-468346,0.5
1900-01-22 13:50:30,7932.0,738421,7932.5,368085,126032,580986,-454954,370336,0.5
1900-01-22 13:50:45,7930.0,172638,7930.5,804390,51516,194508,-142992,-631752,0.5
1900-01-22 13:51:00,7930.0,1428028,7930.5,95881,87738,146814,-59076,1332147,0.5
1900-01-22 13:51:15,7936.0,1079709,7936.5,3561,100246,17792,82454,1076148,0.5
1900-01-22 13:51:30,7938.0,925980,7938.5,53533,604094,20540,583554,872447,0.5
1900-01-22 13:51:45,7934.5,11884,7935.0,694241,493606,71098,422508,-682357,0.5
1900-01-22 13:52:00,7924.0,14196,7924.5,575973,16182,292448,-276266,-561777,0.5
1900-01-22 13:52:15,7926.0,955474,7926.5,184377,130594,423356,-292762,771097,0.5
1900-01-22 13:52:30,7928.0,755906,7928.5,571570,138450,93748,44702,184336,0.5
1900-01-22 13:52:45,7926.5,442132,7927.0,1004029,121506,394164,-272658,-561897,0.5
1900-01-22 13:53:00,7919.0,28775,7919.5,202045,8536,323344,-314808,-173270,0.5
1900-01-22 13:53:15,7916.0,1211824,7916.5,263058,264260,179406,84854,948766,0.5
1900-01-22 13:53:30,7916.0,492925,7916.5,729719,30680,117414,-86734,-236794,0.5
1900-01-22 13:53:45,7917.0,262656,7917.5,520739,135380,79888,55492,-258083,0.5
1900-01-22 13:54:00,7919.5,603408,7920.0,12658,95648,104436,-8788,590750,0.5
1900-01-22 13:54:15,7922.0,271710,7922.5,664547,97404,254158,-156754,-392837,0.5
1900-01-22 13:54:30,7915.0,528022,7915.5,757865,49446,293652,-244206,-229843,0.5
1900-01-22 13:54:45,7915.5,134174,7916.0,961608,99354,119162,-19808,-827434,0.5
1900-01-22 13:55:00,7915.0,294769,7915.5,970324,22048,226112,-204064,-675555,0.5
1900-01-22 13:55:15,7916.5,235257,7917.0,16250,44684,43690,994,219007,0.5
1900-01-22 13:55:30,7920.0,1217515,7920.5,27090,56492,6782,49710,1190425,0.5
1900-01-22 13:55:45,7925.5,1010067,7926.0,66392,264578,61546,203032,943675,0.5
1900-01-22 13:56:00,7929.0,1076507,7929.5,320616,61820,5208,56612,755891,0.5
1900-01-22 13:56:15,7931.5,441351,7932.0,4943,81672,22180,59492,436408,0.5
1900-01-22 13:56:30,7933.5,118429,7934.0,664220,49178,166086,-116908,-545791,0.5
1900-01-22 13:56:45,7933.5,99293,7934.0,596957,28066,60786,-32720,-497664,0.5
1900-01-22 13:57:00,7931.5,283935,7932.0,628967,30376,54274,-23898,-345032,0.5
1900-01-22 13:57:15,7931.5,304480,7932.0,730456,90036,131096,-41060,-425976,0.5
1900-01-22 13:57:30,7934.5,1171451,7935.0,205826,222550,36092,186458,965625,0.5
1900-01-22 13:57:45,7937.5,846691,7938.0,114954,204302,9420,194882,731737,0.5
1900-01-22 13:58:00,7937.5,543242,7938.0,685139,50458,46196,4262,-141897,0.5
1900-01-22 13:58:15,7938.0,862306,7938.5,35087,119336,44748,74588,827219,0.5
1900-01-22 13:58:30,7940.0,1620437,7940.5,517228,107616,20734,86882,1103209,0.5
1900-01-22 13:58:45,7944.5,280950,7945.0,120754,427948,132220,295728,160196,0.5
1900-01-22 13:59:00,7944.0,1353,7944.5,308839,179026,556720,-377694,-307486,0.5
1900-01-22 13:59:15,7941.0,384979,7941.5,746471,18018,1184834,-1166816,-361492,0.5
1900-01-22 13:59:30,7940.5,244230,7941.0,595799,421358,236786,184572,-351569,0.5
1900-01-22 13:59:45,7940.5,49543,7941.0,981611,4954,391230,-386276,-932068,0.5
1900-01-22 14:00:00,7940.5,54744,7941.0,1381682,5326,209308,-203982,-1326938,0.5
1900-01-22 14:00:15,7934.0,1322,7934.5,170422,53908,255676,-201768,-169100,0.5
1900-01-22 14:00:30,7930.5,873912,7931.0,151969,62062,270774,-208712,721943,0.5
1900-01-22 14:00:45,7930.5,1324893,7932.5,271970,209886,33550,176336,1052923,2.0
1900-01-22 14:01:00,7932.0,315033,7932.5,608325,239252,223466,15786,-293292,0.5
1900-01-22 14:01:15,7930.0,15485,7930.5,1053926,904,1184488,-1183584,-1038441,0.5
1900-01-22 14:01:30,7920.0,1116119,7921.0,254,43508,661024,-617516,1115865,1.0
1900-01-22 14:01:45,7921.5,19749,7922.0,845055,90666,316838,-226172,-825306,0.5
1900-01-22 14:02:00,7918.5,614694,7919.0,465845,14606,44560,-29954,148849,0.5
1900-01-22 14:02:15,7919.0,1092740,7919.5,7064,523178,39272,483906,1085676,0.5
1900-01-22 14:02:30,7928.5,574766,7929.0,18926,243918,17508,226410,555840,0.5
1900-01-22 14:02:45,7929.5,1243219,7930.0,38876,116506,33914,82592,1204343,0.5
1900-01-22 14:03:00,7930.5,261296,7931.0,742715,89448,223640,-134192,-481419,0.5
1900-01-22 14:03:15,7930.5,188753,7931.0,880817,63650,464420,-400770,-692064,0.5
1900-01-22 14:03:30,7928.0,713719,7928.5,293778,50754,182196,-131442,419941,0.5
1900-01-22 14:03:45,7930.5,964924,7931.0,200337,262710,172524,90186,764587,0.5
1900-01-22 14:04:00,7932.5,431176,7933.0,5540,287088,31900,255188,425636,0.5
1900-01-22 14:04:15,7937.5,744467,7938.0,87484,152052,12202,139850,656983,0.5
1900-01-22 14:04:30,7938.5,67575,7939.0,527897,210212,30998,179214,-460322,0.5
1900-01-22 14:04:45,7932.5,32238,7933.0,736558,60232,86194,-25962,-704320,0.5
1900-01-22 14:05:00,7931.0,185375,7931.5,427944,91664,78102,13562,-242569,0.5
1900-01-22 14:05:15,7931.5,352908,7932.0,32190,82052,81052,1000,320718,0.5
1900-01-22 14:05:30,7932.5,446175,7933.0,469639,59250,16268,42982,-23464,0.5
1900-01-22 14:05:45,7928.0,77507,7928.5,677175,2066,106094,-104028,-599668,0.5
1900-01-22 14:06:00,7928.0,86437,7928.5,1023721,17284,75842,-58558,-937284,0.5
1900-01-22 14:06:15,7925.0,1265664,7925.5,194868,28668,347012,-318344,1070796,0.5
1900-01-22 14:06:30,7927.5,305666,7928.0,17018,184118,130574,53544,288648,0.5
1900-01-22 14:06:45,7927.5,125870,7928.0,1108957,85240,255076,-169836,-983087,0.5
1900-01-22 14:07:00,7922.5,26556,7923.0,568465,62382,178116,-115734,-541909,0.5
1900-01-22 14:07:15,7916.0,51427,7916.5,283639,14870,834458,-819588,-232212,0.5
1900-01-22 14:07:30,7916.0,546812,7916.5,111112,243562,299346,-55784,435700,0.5
1900-01-22 14:07:45,7919.5,1144133,7920.0,106330,349500,53680,295820,1037803,0.5
1900-01-22 14:08:00,7919.5,478511,7920.0,374886,105112,262564,-157452,103625,0.5
1900-01-22 14:08:15,7917.0,100514,7917.5,1138627,8060,344802,-336742,-1038113,0.5
1900-01-22 14:08:30,7912.0,1112309,7912.5,267993,46870,321676,-274806,844316,0.5
1900-01-22 14:08:45,7914.5,617636,7915.0,803535,406716,48528,358188,-185899,0.5
1900-01-22 14:09:00,7912.0,581462,7912.5,959111,22386,290340,-267954,-377649,0.5
1900-01-22 14:09:15,7905.0,97880,7905.5,151692,15048,2429424,-2414376,-53812,0.5
1900-01-22 14:09:30,7908.5,847401,7909.0,208699,322254,425774,-103520,638702,0.5
1900-01-22 14:09:45,7908.5,750968,7909.0,380989,209432,108202,101230,369979,0.5
1900-01-22 14:10:00,7908.5,531282,7909.0,820474,156076,243740,-87664,-289192,0.5
1900-01-22 14:10:15,7905.0,18815,7905.5,618180,80268,494146,-413878,-599365,0.5
1900-01-22 14:10:30,7901.5,88218,7902.0,1162989,5166,325524,-320358,-1074771,0.5
1900-01-22 14:10:45,7890.0,8992,7890.5,69262,53942,528932,-474990,-60270,0.5
1900-01-22 14:11:00,7896.0,62378,7896.5,3761,139520,326214,-186694,58617,0.5
1900-01-22 14:11:15,7899.5,494766,7900.0,863193,825072,29886,795186,-368427,0.5
1900-01-22 14:11:30,7901.0,1197331,7901.5,5835,60818,59968,850,1191496,0.5
1900-01-22 14:11:45,7903.5,532331,7904.0,358697,168596,56878,111718,173634,0.5
1900-01-22 14:12:00,7903.5,89370,7904.0,1015618,197980,150858,47122,-926248,0.5
1900-01-22 14:12:15,7903.5,845118,7904.0,261033,42854,66192,-23338,584085,0.5
1900-01-22 14:12:30,7905.5,958284,7906.0,148980,430980,230724,200256,809304,0.5
1900-01-22 14:12:45,7912.0,210663,7912.5,31960,347634,24420,323214,178703,0.5
1900-01-22 14:13:00,7915.5,632221,7916.0,7703,195806,225470,-29664,624518,0.5
1900-01-22 14:13:15,7911.0,93806,7911.5,657430,36496,276388,-239892,-563624,0.5
1900-01-22 14:13:30,7908.0,692498,7908.5,448654,21560,135220,-113660,243844,0.5
1900-01-22 14:13:45,7912.0,784432,7912.5,300860,72680,33324,39356,483572,0.5
1900-01-22 14:14:00,7912.0,67165,7912.5,1037771,249630,161228,88402,-970606,0.5
1900-01-22 14:14:15,7905.0,7909,7905.5,729265,1892,177800,-175908,-721356,0.5
1900-01-22 14:14:30,7893.0,35946,7898.0,242103,28070,961238,-933168,-206157,5.0
1900-01-22 14:14:45,7902.5,91140,7903.0,442619,390730,258994,131736,-351479,0.5
1900-01-22 14:15:00,7902.5,1033136,7903.0,24167,176534,48640,127894,1008969,0.5
1900-01-22 14:15:15,7898.0,30928,7898.5,315167,62756,198934,-136178,-284239,0.5
1900-01-22 14:15:30,7902.5,828041,7903.0,60354,65144,55818,9326,767687,0.5
1900-01-22 14:15:45,7903.0,995587,7903.5,1208,52424,42052,10372,994379,0.5
1900-01-22 14:16:00,7900.5,847740,7901.0,88700,21472,371048,-349576,759040,0.5
1900-01-22 14:16:15,7900.5,906193,7901.0,93626,76650,7314,69336,812567,0.5
1900-01-22 14:16:30,7901.5,731917,7902.0,249848,80842,146696,-65854,482069,0.5
1900-01-22 14:16:45,7906.0,203200,7906.5,613793,210564,146468,64096,-410593,0.5
1900-01-22 14:17:00,7906.0,628528,7906.5,599507,38878,67898,-29020,29021,0.5
1900-01-22 14:17:15,7906.5,761269,7907.0,25203,101706,5096,96610,736066,0.5
1900-01-22 14:17:30,7907.0,440962,7907.5,513499,118630,8342,110288,-72537,0.5
1900-01-22 14:17:45,7907.0,381258,7907.5,319471,19478,153412,-133934,61787,0.5
1900-01-22 14:18:00,7901.0,198510,7901.5,356198,113486,441744,-328258,-157688,0.5
1900-01-22 14:18:15,7901.0,52841,7901.5,922495,52618,422934,-370316,-869654,0.5
1900-01-22 14:18:30,7902.0,809507,7902.5,3625,43898,151986,-108088,805882,0.5
1900-01-22 14:18:45,7905.0,253970,7905.5,616780,97220,74746,22474,-362810,0.5
1900-01-22 14:19:00,7901.5,3218,7902.0,337148,20644,94568,-73924,-333930,0.5
1900-01-22 14:19:15,7900.5,29398,7901.0,1053238,7400,204076,-196676,-1023840,0.5
1900-01-22 14:19:30,7896.0,438451,7896.5,100778,661052,407640,253412,337673,0.5
1900-01-22 14:19:45,7897.5,497086,7898.0,351063,131776,427392,-295616,146023,0.5
1900-01-22 14:20:00,7897.5,27623,7898.0,1239805,99722,265444,-165722,-1212182,0.5
1900-01-22 14:20:15,7897.0,16916,7897.5,598923,10000,591524,-581524,-582007,0.5
1900-01-22 14:20:30,7895.5,1940,7896.0,722827,15372,44738,-29366,-720887,0.5
1900-01-22 14:20:45,7889.0,166362,7889.5,278932,133358,741946,-608588,-112570,0.5
1900-01-22 14:21:00,7896.5,943228,7897.5,14768,238422,249956,-11534,928460,1.0
1900-01-22 14:21:15,7900.5,598156,7901.0,456610,119346,73332,46014,141546,0.5
1900-01-22 14:21:30,7905.5,580314,7906.0,447969,112294,49256,63038,132345,0.5
1900-01-22 14:21:45,7909.5,603761,7910.0,191601,911396,49742,861654,412160,0.5
1900-01-22 14:22:00,7910.5,1069023,7911.0,79691,67398,59156,8242,989332,0.5
1900-01-22 14:22:15,7912.5,82534,7913.0,72450,256030,6,256024,10084,0.5
1900-01-22 14:22:30,7915.0,1417572,7915.5,38037,263934,56104,207830,1379535,0.5
1900-01-22 14:22:45,7919.0,1582255,7919.5,270203,815954,26970,788984,1312052,0.5
1900-01-22 14:23:00,7919.0,738093,7919.5,432720,252500,303786,-51286,305373,0.5
1900-01-22 14:23:15,7919.0,1772430,7919.5,245968,78888,53866,25022,1526462,0.5
1900-01-22 14:23:30,7926.5,189809,7927.0,1897,2342672,14628,2328044,187912,0.5
1900-01-22 14:23:45,7933.0,631878,7933.5,519729,318606,98486,220120,112149,0.5
1900-01-22 14:24:00,7924.0,739159,7924.5,198276,289526,629070,-339544,540883,0.5
1900-01-22 14:24:15,7924.0,1157523,7924.5,104441,660624,227742,432882,1053082,0.5
1900-01-22 14:24:30,7928.0,1513302,7928.5,68617,87832,203912,-116080,1444685,0.5
1900-01-22 14:24:45,7931.0,900181,7931.5,299595,146362,43798,102564,600586,0.5
1900-01-22 14:25:00,7931.0,171080,7931.5,1099482,27714,247088,-219374,-928402,0.5
1900-01-22 14:25:15,7931.0,979023,7931.5,101586,135474,683644,-548170,877437,0.5
1900-01-22 14:25:30,7931.0,1163463,7931.5,72770,76938,81082,-4144,1090693,0.5
1900-01-22 14:25:45,7936.5,452004,7937.0,606243,30950,27464,3486,-154239,0.5
1900-01-22 14:26:00,7937.0,1829919,7937.5,27989,176936,51968,124968,1801930,0.5
1900-01-22 14:26:15,7937.5,959819,7938.0,53783,154388,50350,104038,906036,0.5
1900-01-22 14:26:30,7939.5,1239667,7940.0,64670,239782,76902,162880,1174997,0.5
1900-01-22 14:26:45,7939.5,397629,7940.0,453215,122664,266376,-143712,-55586,0.5
1900-01-22 14:27:00,7941.0,1518425,7941.5,47735,667192,416516,250676,1470690,0.5
1900-01-22 14:27:15,7943.0,641514,7943.5,218491,528060,20154,507906,423023,0.5
1900-01-22 14:27:30,7935.0,5364,7935.5,140656,49072,879526,-830454,-135292,0.5
1900-01-22 14:27:45,7935.0,746665,7935.5,425127,5606,113416,-107810,321538,0.5
1900-01-22 14:28:00,7928.0,550846,7928.5,814853,101776,529294,-427518,-264007,0.5
1900-01-22 14:28:15,7928.5,43520,7929.0,38,216814,115756,101058,43482,0.5
1900-01-22 14:28:30,7932.0,168644,7932.5,515810,438796,46348,392448,-347166,0.5
1900-01-22 14:28:45,7926.5,103395,7927.0,846879,64200,245132,-180932,-743484,0.5
1900-01-22 14:29:00,7929.0,827140,7929.5,14427,74682,123606,-48924,812713,0.5
1900-01-22 14:29:15,7929.0,191549,7929.5,501891,70186,81194,-11008,-310342,0.5
1900-01-22 14:29:30,7928.5,1075204,7929.0,438017,19110,41808,-22698,637187,0.5
1900-01-22 14:29:45,7928.5,1009670,7929.0,281968,126674,55554,71120,727702,0.5
1900-01-22 14:30:00,7937.5,599167,7938.0,617288,224816,128926,95890,-18121,0.5
1900-01-22 14:30:15,7936.0,659596,7936.5,30507,118442,154728,-36286,629089,0.5
1900-01-22 14:30:30,7937.0,143175,7937.5,667860,147640,45336,102304,-524685,0.5
1900-01-22 14:30:45,7937.0,918890,7937.5,151080,30212,95376,-65164,767810,0.5
1900-01-22 14:31:00,7938.5,424536,7939.0,240175,41938,195962,-154024,184361,0.5
1900-01-22 14:31:15,7930.5,637829,7931.0,5072,85610,479846,-394236,632757,0.5
1900-01-22 14:31:30,7937.5,75172,7938.0,21852,76204,35020,41184,53320,0.5
1900-01-22 14:31:45,7943.0,76390,7943.5,6549,196520,48376,148144,69841,0.5
1900-01-22 14:32:00,7961.0,102121,7961.5,2000,1588168,34092,1554076,100121,0.5
1900-01-22 14:32:15,7957.0,23726,7957.5,743785,1016270,267972,748298,-720059,0.5
1900-01-22 14:32:30,7957.0,556170,7957.5,493788,545350,288288,257062,62382,0.5
1900-01-22 14:32:45,7960.0,93139,7960.5,30373,832406,49032,783374,62766,0.5
1900-01-22 14:33:00,7950.0,179517,7957.0,8211,572962,564928,8034,171306,7.0
1900-01-22 14:33:15,7953.5,342594,7954.0,143045,335360,719848,-384488,199549,0.5
1900-01-22 14:33:30,7949.5,53932,7950.0,488919,255170,187322,67848,-434987,0.5
1900-01-22 14:33:45,7946.5,94351,7947.0,433011,34902,175214,-140312,-338660,0.5
1900-01-22 14:34:00,7941.5,39521,7942.0,352236,6508,306070,-299562,-312715,0.5
1900-01-22 14:34:15,7940.0,648725,7940.5,304341,148556,204100,-55544,344384,0.5
1900-01-22 14:34:30,7940.0,748784,7940.5,314788,125820,154868,-29048,433996,0.5
1900-01-22 14:34:45,7944.0,255169,7944.5,945932,525632,51104,474528,-690763,0.5
1900-01-22 14:35:00,7939.0,265151,7939.5,596248,369040,420040,-51000,-331097,0.5
1900-01-22 14:35:15,7939.0,51793,7939.5,1257495,87866,621586,-533720,-1205702,0.5
1900-01-22 14:35:30,7935.5,641625,7936.0,380277,128722,162148,-33426,261348,0.5
1900-01-22 14:35:45,7935.5,585469,7936.0,257657,387328,116894,270434,327812,0.5
1900-01-22 14:36:00,7935.5,43242,7936.0,1283043,238314,5940,232374,-1239801,0.5
1900-01-22 14:36:15,7926.5,944102,7927.0,524158,23678,701586,-677908,419944,0.5
1900-01-22 14:36:30,7921.5,38195,7925.0,1629564,170108,525246,-355138,-1591369,3.5
1900-01-22 14:36:45,7911.0,807,7911.5,30206,118578,564012,-445434,-29399,0.5
1900-01-22 14:37:00,7929.5,192237,7930.0,657273,774006,113978,660028,-465036,0.5
1900-01-22 14:37:15,7926.0,23278,7926.5,798801,36986,447986,-411000,-775523,0.5
1900-01-22 14:37:30,7925.0,915316,7925.5,40364,228966,45776,183190,874952,0.5
1900-01-22 14:37:45,7925.5,1070725,7926.0,89525,289500,98888,190612,981200,0.5
1900-01-22 14:38:00,7928.0,731606,7928.5,327319,43874,20308,23566,404287,0.5
1900-01-22 14:38:15,7926.0,45869,7926.5,1120051,474534,325706,148828,-1074182,0.5
1900-01-22 14:38:30,7925.0,27711,7925.5,1222446,4060,379374,-375314,-1194735,0.5
1900-01-22 14:38:45,7927.0,650275,7927.5,13401,52314,6706,45608,636874,0.5
1900-01-22 14:39:00,7928.0,679906,7928.5,1917,129410,160,129250,677989,0.5
1900-01-22 14:39:15,7929.5,759736,7930.0,25178,27576,10988,16588,734558,0.5
1900-01-22 14:39:30,7938.0,183336,7938.5,844248,114558,104520,10038,-660912,0.5
1900-01-22 14:39:45,7936.5,931135,7937.0,66644,46360,250272,-203912,864491,0.5
1900-01-22 14:40:00,7938.0,1387921,7938.5,7996,536676,6372,530304,1379925,0.5
1900-01-22 14:40:15,7940.5,1249578,7941.0,286182,35314,7994,27320,963396,0.5
1900-01-22 14:40:30,7940.5,207061,7941.0,775666,114326,45598,68728,-568605,0.5
1900-01-22 14:40:45,7931.5,1034622,7932.0,127493,334026,564608,-230582,907129,0.5
1900-01-22 14:41:00,7931.5,1286728,7932.0,59955,8172,2500,5672,1226773,0.5
1900-01-22 14:41:15,7935.0,1147287,7935.5,49125,110824,31340,79484,1098162,0.5
1900-01-22 14:41:30,7939.0,743695,7939.5,89902,135888,508,135380,653793,0.5
1900-01-22 14:41:45,7937.5,852768,7938.0,148995,136294,107148,29146,703773,0.5
1900-01-22 14:42:00,7940.5,561396,7941.0,172784,133546,37808,95738,388612,0.5
1900-01-22 14:42:15,7946.0,810209,7946.5,25675,579964,10944,569020,784534,0.5
1900-01-22 14:42:30,7948.5,635238,7949.0,127629,142572,25284,117288,507609,0.5
1900-01-22 14:42:45,7946.5,465616,7947.0,265344,78500,391786,-313286,200272,0.5
1900-01-22 14:43:00,7948.0,281008,7948.5,924208,388022,259724,128298,-643200,0.5
1900-01-22 14:43:15,7937.5,260970,7938.0,771789,380,584006,-583626,-510819,0.5
1900-01-22 14:43:30,7931.0,196987,7931.5,686107,51652,140054,-88402,-489120,0.5
1900-01-22 14:43:45,7931.0,1176034,7931.5,79788,403200,294320,108880,1096246,0.5
1900-01-22 14:44:00,7936.0,842656,7936.5,69592,122290,7562,114728,773064,0.5
1900-01-22 14:44:15,7932.5,2931,7933.0,985998,223284,98402,124882,-983067,0.5
1900-01-22 14:44:30,7926.0,11731,7926.5,1146561,21992,309198,-287206,-1134830,0.5
1900-01-22 14:44:45,7919.5,54200,7920.0,65544,670220,501022,169198,-11344,0.5
1900-01-22 14:45:00,7923.5,1141272,7924.0,483723,206982,33996,172986,657549,0.5
1900-01-22 14:45:15,7923.5,723318,7924.0,1111739,80274,20996,59278,-388421,0.5
1900-01-22 14:45:30,7924.0,1088393,7924.5,37201,124360,206278,-81918,1051192,0.5
1900-01-22 14:45:45,7924.0,890177,7924.5,561890,252928,126760,126168,328287,0.5
1900-01-22 14:46:00,7924.0,173006,7924.5,800724,40912,1062,39850,-627718,0.5
1900-01-22 14:46:15,7924.0,21138,7924.5,1008054,56714,45516,11198,-986916,0.5
1900-01-22 14:46:30,7928.0,1347353,7928.5,103842,221690,57290,164400,1243511,0.5
1900-01-22 14:46:45,7928.5,1164813,7929.0,143528,156088,1220,154868,1021285,0.5
1900-01-22 14:47:00,7932.0,872795,7932.5,132659,175028,51574,123454,740136,0.5
1900-01-22 14:47:15,7932.0,32711,7932.5,774279,3960,4868,-908,-741568,0.5
1900-01-22 14:47:30,7931.5,506212,7932.0,778755,4620,29526,-24906,-272543,0.5
1900-01-22 14:47:45,7925.0,622030,7925.5,401226,213220,379162,-165942,220804,0.5
1900-01-22 14:48:00,7924.5,387619,7925.0,549429,75704,284280,-208576,-161810,0.5
1900-01-22 14:48:15,7924.5,47725,7925.0,1462998,6020,439232,-433212,-1415273,0.5
1900-01-22 14:48:30,7923.5,305236,7924.0,648352,130272,139624,-9352,-343116,0.5
1900-01-22 14:48:45,7923.5,1290653,7924.0,78956,54034,16610,37424,1211697,0.5
1900-01-22 14:49:00,7925.0,984437,7925.5,28610,147924,16610,131314,955827,0.5
1900-01-22 14:49:15,7929.5,690409,7930.0,275619,37832,6310,31522,414790,0.5
1900-01-22 14:49:30,7929.5,192946,7930.0,953934,8476,142904,-134428,-760988,0.5
1900-01-22 14:49:45,7922.5,133374,7923.0,735528,12926,416790,-403864,-602154,0.5
1900-01-22 14:50:00,7921.5,62128,7922.0,1038517,3460,194640,-191180,-976389,0.5
1900-01-22 14:50:15,7920.5,864501,7921.0,316070,44314,183902,-139588,548431,0.5
1900-01-22 14:50:30,7923.5,1201098,7924.0,25950,116118,128956,-12838,1175148,0.5
1900-01-22 14:50:45,7925.5,654411,7926.0,3428,268204,10000,258204,650983,0.5
1900-01-22 14:51:00,7925.5,217956,7926.0,615831,64634,40000,24634,-397875,0.5
1900-01-22 14:51:15,7925.5,793653,7926.0,71445,274904,750,274154,722208,0.5
1900-01-22 14:51:30,7926.0,387580,7926.5,584144,86758,1240,85518,-196564,0.5
1900-01-22 14:51:45,7927.0,461617,7927.5,198,396470,5000,391470,461419,0.5
1900-01-22 14:52:00,7931.5,320897,7932.0,19780,57686,11600,46086,301117,0.5
1900-01-22 14:52:15,7934.5,966428,7935.0,352256,367148,2810,364338,614172,0.5
1900-01-22 14:52:30,7938.0,1457125,7938.5,191711,545634,15956,529678,1265414,0.5
1900-01-22 14:52:45,7938.0,1162704,7938.5,10085,37384,65248,-27864,1152619,0.5
1900-01-22 14:53:00,7938.5,1028052,7939.0,78976,149458,42158,107300,949076,0.5
1900-01-22 14:53:15,7938.5,282372,7939.0,405606,8240,61360,-53120,-123234,0.5
1900-01-22 14:53:30,7938.0,202794,7938.5,485145,8240,281960,-273720,-282351,0.5
1900-01-22 14:53:45,7937.0,901384,7937.5,181616,2002,219964,-217962,719768,0.5
1900-01-22 14:54:00,7938.5,1650676,7939.0,60378,61608,13720,47888,1590298,0.5
1900-01-22 14:54:15,7939.5,1389272,7940.0,217155,621490,30426,591064,1172117,0.5
1900-01-22 14:54:30,7943.5,1432774,7944.0,28246,374714,46820,327894,1404528,0.5
1900-01-22 14:54:45,7946.5,506270,7947.0,57854,125534,23124,102410,448416,0.5
1900-01-22 14:55:00,7942.5,707796,7943.0,78650,94340,146240,-51900,629146,0.5
1900-01-22 14:55:15,7942.5,1252922,7943.0,26487,16428,19338,-2910,1226435,0.5
1900-01-22 14:55:30,7942.5,1411781,7943.0,34313,30060,42406,-12346,1377468,0.5
1900-01-22 14:55:45,7940.0,31012,7940.5,452911,62480,63408,-928,-421899,0.5
1900-01-22 14:56:00,7935.0,75816,7935.5,57,12720,304202,-291482,75759,0.5
1900-01-22 14:56:15,7939.0,258562,7939.5,211735,23784,8220,15564,46827,0.5
1900-01-22 14:56:30,7942.0,592344,7942.5,237247,30616,134756,-104140,355097,0.5
1900-01-22 14:56:45,7946.5,329252,7947.0,195821,112246,8500,103746,133431,0.5
1900-01-22 14:57:00,7949.5,339124,7950.0,1030480,260458,5342,255116,-691356,0.5
1900-01-22 14:57:15,7954.5,652420,7955.0,208347,1293798,4090,1289708,444073,0.5
1900-01-22 14:57:30,7954.5,237025,7955.0,573398,404194,145838,258356,-336373,0.5
1900-01-22 14:57:45,7948.5,1482084,7949.0,203022,207282,198294,8988,1279062,0.5
1900-01-22 14:58:00,7949.5,1456136,7950.0,108315,282348,154344,128004,1347821,0.5
1900-01-22 14:58:15,7953.5,520275,7954.0,11891,142136,6840,135296,508384,0.5
1900-01-22 14:58:30,7971.5,5000,7972.0,33742,715128,77536,637592,-28742,0.5
1900-01-22 14:58:45,7961.0,33117,7963.0,100000,150540,384556,-234016,-66883,2.0
1900-01-22 14:59:00,7967.0,394379,7967.5,783580,171372,129682,41690,-389201,0.5
1900-01-22 14:59:15,7981.5,57936,7982.0,90978,1055560,312766,742794,-33042,0.5
1900-01-22 14:59:30,7972.0,387488,7972.5,594874,370652,431234,-60582,-207386,0.5
1900-01-22 14:59:45,7967.0,82356,7967.5,631410,87870,620528,-532658,-549054,0.5
1900-01-22 15:00:00,7967.0,130556,7967.5,392357,95378,408610,-313232,-261801,0.5
1900-01-22 15:00:15,7963.0,760028,7963.5,245286,141504,453588,-312084,514742,0.5
1900-01-22 15:00:30,7961.5,702601,7962.0,585387,191828,408076,-216248,117214,0.5
1900-01-22 15:00:45,7961.5,868460,7962.0,375709,391540,236190,155350,492751,0.5
1900-01-22 15:01:00,7961.5,570982,7962.0,336733,140800,103822,36978,234249,0.5
1900-01-22 15:01:15,7961.5,677145,7962.0,503572,8550,77120,-68570,173573,0.5
1900-01-22 15:01:30,7953.5,1020,7954.0,579865,15974,1386624,-1370650,-578845,0.5
1900-01-22 15:01:45,7953.0,893450,7953.5,66863,194282,172044,22238,826587,0.5
1900-01-22 15:02:00,7961.5,1650069,7962.0,159379,525496,158300,367196,1490690,0.5
1900-01-22 15:02:15,7966.5,924529,7967.0,223383,527114,181886,345228,701146,0.5
1900-01-22 15:02:30,7966.5,840247,7967.0,246427,180200,153194,27006,593820,0.5
1900-01-22 15:02:45,7974.0,371087,7974.5,402194,420804,51260,369544,-31107,0.5
1900-01-22 15:03:00,7969.0,374871,7969.5,702971,185320,327188,-141868,-328100,0.5
1900-01-22 15:03:15,7964.5,5333,7965.0,278121,62006,367478,-305472,-272788,0.5
1900-01-22 15:03:30,7964.5,640244,7965.0,342280,23892,47606,-23714,297964,0.5
1900-01-22 15:03:45,7965.0,1069944,7965.5,2642,266540,284430,-17890,1067302,0.5
1900-01-22 15:04:00,7970.5,249082,7971.0,90869,115256,51218,64038,158213,0.5
1900-01-22 15:04:15,7976.5,159474,7977.0,322104,316186,45584,270602,-162630,0.5
1900-01-22 15:04:30,7976.5,576879,7977.0,510180,285870,210666,75204,66699,0.5
1900-01-22 15:04:45,7976.5,103383,7977.0,533443,273404,210848,62556,-430060,0.5
1900-01-22 15:05:00,7970.0,445520,7970.5,1062,192822,193626,-804,444458,0.5
1900-01-22 15:05:15,7972.5,20200,7973.0,380583,66572,29896,36676,-360383,0.5
1900-01-22 15:05:30,7971.0,5417,7971.5,243363,85394,25804,59590,-237946,0.5
1900-01-22 15:05:45,7964.5,141758,7965.0,405290,1818,64772,-62954,-263532,0.5
1900-01-22 15:06:00,7962.5,248503,7963.0,1082665,22450,84102,-61652,-834162,0.5
1900-01-22 15:06:15,7962.0,520907,7962.5,507689,22334,461234,-438900,13218,0.5
1900-01-22 15:06:30,7965.0,136040,7965.5,38895,374922,15824,359098,97145,0.5
1900-01-22 15:06:45,7963.5,9119,7964.0,869860,24032,183410,-159378,-860741,0.5
1900-01-22 15:07:00,7962.0,119465,7962.5,761272,44100,275522,-231422,-641807,0.5
1900-01-22 15:07:15,7958.5,429135,7959.0,551009,9000,349066,-340066,-121874,0.5
1900-01-22 15:07:30,7959.5,936654,7960.0,402722,432138,33778,398360,533932,0.5
1900-01-22 15:07:45,7963.0,182797,7963.5,21865,232618,63346,169272,160932,0.5
1900-01-22 15:08:00,7964.5,307052,7965.0,778841,111994,18822,93172,-471789,0.5
1900-01-22 15:08:15,7960.0,170,7960.5,536107,46260,295936,-249676,-535937,0.5
1900-01-22 15:08:30,7959.0,891795,7959.5,288719,9564,96532,-86968,603076,0.5
1900-01-22 15:08:45,7959.0,443236,7959.5,664044,178738,43558,135180,-220808,0.5
1900-01-22 15:09:00,7961.5,930373,7962.0,44007,650678,97138,553540,886366,0.5
1900-01-22 15:09:15,7963.0,858418,7963.5,8083,74174,33016,41158,850335,0.5
1900-01-22 15:09:30,7960.5,172262,7961.0,1300370,163078,92370,70708,-1128108,0.5
1900-01-22 15:09:45,7964.5,654209,7965.0,44701,154718,64882,89836,609508,0.5
1900-01-22 15:10:00,7964.5,623010,7965.0,323188,11622,28824,-17202,299822,0.5
1900-01-22 15:10:15,7962.5,15950,7963.0,317,43278,207058,-163780,15633,0.5
1900-01-22 15:10:30,7960.5,64661,7961.0,903784,104,332806,-332702,-839123,0.5
1900-01-22 15:10:45,7959.5,3464,7960.0,619852,10624,117246,-106622,-616388,0.5
1900-01-22 15:11:00,7954.5,397949,7955.0,411529,90398,595360,-504962,-13580,0.5
1900-01-22 15:11:15,7958.5,212436,7959.0,902269,47126,29030,18096,-689833,0.5
1900-01-22 15:11:30,7958.5,34721,7959.0,1243927,11694,156864,-145170,-1209206,0.5
1900-01-22 15:11:45,7945.0,25120,7945.5,137971,13050,800742,-787692,-112851,0.5
1900-01-22 15:12:00,7945.0,496849,7945.5,736506,22488,268552,-246064,-239657,0.5
1900-01-22 15:12:15,7943.0,383381,7943.5,361821,41712,514016,-472304,21560,0.5
1900-01-22 15:12:30,7945.0,709212,7945.5,64433,194834,147514,47320,644779,0.5
1900-01-22 15:12:45,7945.0,5834102,7945.5,8546,134826,144272,-9446,5825556,0.5
1900-01-22 15:13:00,7946.0,41369,7946.5,827043,42920,127698,-84778,-785674,0.5
1900-01-22 15:13:15,7945.0,77161,7945.5,1062143,28066,321272,-293206,-984982,0.5
1900-01-22 15:13:30,7944.0,105517,7944.5,878847,47518,334916,-287398,-773330,0.5
1900-01-22 15:13:45,7942.0,507149,7942.5,35,19260,345522,-326262,507114,0.5
1900-01-22 15:14:00,7945.0,521868,7945.5,293617,46374,22444,23930,228251,0.5
1900-01-22 15:14:15,7953.0,264048,7953.5,104448,70628,5018,65610,159600,0.5
1900-01-22 15:14:30,7949.5,18023,7950.0,192001,181150,60110,121040,-173978,0.5
1900-01-22 15:14:45,7949.5,9097,7950.0,1437079,808,86072,-85264,-1427982,0.5
1900-01-22 15:15:00,7949.0,45136,7949.5,1092695,72788,129602,-56814,-1047559,0.5
1900-01-22 15:15:15,7945.5,33644,7946.0,1220488,26752,34688,-7936,-1186844,0.5
1900-01-22 15:15:30,7945.0,510925,7945.5,177185,337328,23628,313700,333740,0.5
1900-01-22 15:15:45,7949.5,506262,7950.0,190643,75876,98864,-22988,315619,0.5
1900-01-22 15:16:00,7949.5,594033,7950.0,403326,131966,5012,126954,190707,0.5
1900-01-22 15:16:15,7949.5,99266,7950.0,1205377,164538,60262,104276,-1106111,0.5
1900-01-22 15:16:30,7947.5,723,7948.0,977933,2880,79342,-76462,-977210,0.5
1900-01-22 15:16:45,7946.5,587034,7947.0,820898,24112,32086,-7974,-233864,0.5
1900-01-22 15:17:00,7942.0,14728,7942.5,545595,53902,63356,-9454,-530867,0.5
1900-01-22 15:17:15,7941.5,715622,7942.0,325239,23196,17582,5614,390383,0.5
1900-01-22 15:17:30,7941.5,988023,7942.0,62986,262084,79394,182690,925037,0.5
1900-01-22 15:17:45,7942.5,1056310,7943.0,40992,343152,20000,323152,1015318,0.5
1900-01-22 15:18:00,7945.0,755158,7945.5,228590,59554,204,59350,526568,0.5
1900-01-22 15:18:15,7947.0,414841,7947.5,2527,110564,1460,109104,412314,0.5
1900-01-22 15:18:30,7947.0,303987,7947.5,649004,226302,38240,188062,-345017,0.5
1900-01-22 15:18:45,7951.0,125915,7951.5,13688,115580,25768,89812,112227,0.5
1900-01-22 15:19:00,7957.0,603880,7957.5,666892,332580,3410,329170,-63012,0.5
1900-01-22 15:19:15,7957.5,917268,7958.0,17589,1045392,25532,1019860,899679,0.5
1900-01-22 15:19:30,7957.0,1101,7957.5,482742,130060,285834,-155774,-481641,0.5
1900-01-22 15:19:45,7964.0,52524,7964.5,2353,154278,42984,111294,50171,0.5
1900-01-22 15:20:00,7963.5,12140,7964.0,602927,239596,68984,170612,-590787,0.5
1900-01-22 15:20:15,7962.0,547940,7962.5,402785,22900,55770,-32870,145155,0.5
1900-01-22 15:20:30,7962.0,1382176,7962.5,95909,231346,248938,-17592,1286267,0.5
1900-01-22 15:20:45,7964.0,124412,7964.5,3000,125444,749154,-623710,121412,0.5
1900-01-22 15:21:00,7965.5,104498,7966.0,1300153,37308,342646,-305338,-1195655,0.5
1900-01-22 15:21:15,7963.5,24405,7964.0,1276202,33292,95544,-62252,-1251797,0.5
1900-01-22 15:21:30,7959.5,662353,7960.0,163197,74000,23714,50286,499156,0.5
1900-01-22 15:21:45,7959.5,1186059,7960.0,75090,182948,22542,160406,1110969,0.5
1900-01-22 15:22:00,7963.0,1161471,7963.5,13183,54260,16800,37460,1148288,0.5
1900-01-22 15:22:15,7967.5,449183,7968.0,324001,323056,167734,155322,125182,0.5
1900-01-22 15:22:30,7960.0,7226,7960.5,613365,70870,185836,-114966,-606139,0.5
1900-01-22 15:22:45,7960.0,692903,7960.5,19333,115046,10896,104150,673570,0.5
1900-01-22 15:23:00,7958.0,4277,7958.5,885644,22596,81514,-58918,-881367,0.5
1900-01-22 15:23:15,7957.5,1283500,7958.0,43536,33814,133908,-100094,1239964,0.5
1900-01-22 15:23:30,7960.5,884908,7961.0,8356,17456,15618,1838,876552,0.5
1900-01-22 15:23:45,7960.5,634509,7961.0,231305,152024,14158,137866,403204,0.5
1900-01-22 15:24:00,7960.5,957738,7961.0,2516,12594,10768,1826,955222,0.5
1900-01-22 15:24:15,7961.5,1282962,7962.0,99014,19956,1822,18134,1183948,0.5
1900-01-22 15:24:30,7966.0,1229170,7966.5,8537,268734,16436,252298,1220633,0.5
1900-01-22 15:24:45,7972.0,68264,7972.5,84784,542672,21022,521650,-16520,0.5
1900-01-22 15:25:00,7972.0,23562,7972.5,4525,534658,105234,429424,19037,0.5
1900-01-22 15:25:15,7959.0,1350363,7959.5,54682,335746,304488,31258,1295681,0.5
1900-01-22 15:25:30,7966.0,613313,7966.5,65683,62990,12384,50606,547630,0.5
1900-01-22 15:25:45,7963.5,1269590,7964.0,61076,132234,323720,-191486,1208514,0.5
1900-01-22 15:26:00,7965.0,1280155,7965.5,33830,33810,8024,25786,1246325,0.5
1900-01-22 15:26:15,7965.0,1316574,7965.5,30588,38270,20068,18202,1285986,0.5
1900-01-22 15:26:30,7965.5,1668103,7966.0,108654,76820,10900,65920,1559449,0.5
1900-01-22 15:26:45,7966.5,893480,7967.0,85828,117370,367732,-250362,807652,0.5
1900-01-22 15:27:00,7969.0,815426,7969.5,13908,116828,3400,113428,801518,0.5
1900-01-22 15:27:15,7969.5,1637268,7970.0,219331,31928,20900,11028,1417937,0.5
1900-01-22 15:27:30,7969.5,1404074,7970.0,42289,111986,26412,85574,1361785,0.5
1900-01-22 15:27:45,7973.5,933925,7974.0,119619,138954,92010,46944,814306,0.5
1900-01-22 15:28:00,7971.5,605660,7972.0,772697,217034,383670,-166636,-167037,0.5
1900-01-22 15:28:15,7971.5,678217,7972.0,660044,50880,235774,-184894,18173,0.5
1900-01-22 15:28:30,7971.0,74760,7971.5,735139,22658,870778,-848120,-660379,0.5
1900-01-22 15:28:45,7974.5,714385,7975.0,100235,62322,203392,-141070,614150,0.5
1900-01-22 15:29:00,7975.0,869987,7975.5,443240,321512,26888,294624,426747,0.5
1900-01-22 15:29:15,7975.0,375484,7975.5,509543,279192,179952,99240,-134059,0.5
1900-01-22 15:29:30,7974.5,67,7975.0,968475,36110,277254,-241144,-968408,0.5
1900-01-22 15:29:45,7976.5,1532326,7977.0,54541,561628,53696,507932,1477785,0.5
1900-01-22 15:30:00,7976.5,1072843,7977.0,156632,99410,60904,38506,916211,0.5
1900-01-22 15:30:15,7976.5,924412,7977.0,413509,95132,54290,40842,510903,0.5
1900-01-22 15:30:30,7973.0,221313,7973.5,77468,118936,280420,-161484,143845,0.5
1900-01-22 15:30:45,7974.5,535213,7975.0,134245,47726,94920,-47194,400968,0.5
1900-01-22 15:31:00,7966.5,31687,7967.0,833628,100120,147946,-47826,-801941,0.5
1900-01-22 15:31:15,7959.5,32082,7960.0,418795,96248,237232,-140984,-386713,0.5
1900-01-22 15:31:30,7972.0,29230,7972.5,22264,189728,106272,83456,6966,0.5
1900-01-22 15:31:45,7966.5,531,7967.0,201404,106802,168706,-61904,-200873,0.5
1900-01-22 15:32:00,7963.5,331737,7964.0,48,125114,102918,22196,331689,0.5
1900-01-22 15:32:15,7966.0,689384,7966.5,403206,51202,54122,-2920,286178,0.5
1900-01-22 15:32:30,7961.0,868718,7961.5,321095,654,58476,-57822,547623,0.5
1900-01-22 15:32:45,7960.0,58536,7960.5,480548,8520,47914,-39394,-422012,0.5
1900-01-22 15:33:00,7960.0,141470,7960.5,957624,37998,446988,-408990,-816154,0.5
1900-01-22 15:33:15,7955.5,65119,7956.0,114814,29844,231208,-201364,-49695,0.5
1900-01-22 15:33:30,7955.5,30283,7956.0,734454,3904,129470,-125566,-704171,0.5
1900-01-22 15:33:45,7946.0,326945,7946.5,428376,63284,232960,-169676,-101431,0.5
1900-01-22 15:34:00,7947.0,223151,7947.5,941604,4155326,320024,3835302,-718453,0.5
1900-01-22 15:34:15,7956.5,999400,7957.0,759300,320916,43846,277070,240100,0.5
1900-01-22 15:34:30,7954.5,60127,7955.0,1097025,158502,117524,40978,-1036898,0.5
1900-01-22 15:34:45,7954.0,15,7954.5,1156643,111994,82188,29806,-1156628,0.5
1900-01-22 15:35:00,7950.0,7184,7950.5,1161465,24370,121018,-96648,-1154281,0.5
1900-01-22 15:35:15,7944.0,333494,7944.5,112765,117728,311544,-193816,220729,0.5
1900-01-22 15:35:30,7945.0,773664,7945.5,827435,245506,61482,184024,-53771,0.5
1900-01-22 15:35:45,7945.0,1060685,7945.5,322510,542540,7942,534598,738175,0.5
1900-01-22 15:36:00,7945.0,653681,7945.5,904523,499566,29036,470530,-250842,0.5
1900-01-22 15:36:15,7937.5,281733,7938.0,1990300,24418,1014162,-989744,-1708567,0.5
1900-01-22 15:36:30,7940.5,293883,7941.0,1242606,236384,408312,-171928,-948723,0.5
1900-01-22 15:36:45,7940.0,385952,7940.5,848157,152332,257012,-104680,-462205,0.5
1900-01-22 15:37:00,7942.5,626081,7943.0,656724,84748,23604,61144,-30643,0.5
1900-01-22 15:37:15,7942.5,593928,7943.0,600170,264722,732,263990,-6242,0.5
1900-01-22 15:37:30,7944.0,750205,7944.5,4406,932284,8120,924164,745799,0.5
1900-01-22 15:37:45,7944.0,689066,7944.5,425875,330260,6124,324136,263191,0.5
1900-01-22 15:38:00,7947.5,616604,7948.0,884244,493528,11302,482226,-267640,0.5
1900-01-22 15:38:15,7947.5,405994,7948.0,1097470,74136,7812,66324,-691476,0.5
1900-01-22 15:38:30,7947.5,689905,7948.0,442401,313004,12518,300486,247504,0.5
1900-01-22 15:38:45,7947.5,631794,7948.0,700047,380136,24000,356136,-68253,0.5
1900-01-22 15:39:00,7947.0,87270,7947.5,1210916,153314,77982,75332,-1123646,0.5
1900-01-22 15:39:15,7940.5,909507,7941.0,379676,383060,199590,183470,529831,0.5
1900-01-22 15:39:30,7939.0,12927,7939.5,78630,103366,381996,-278630,-65703,0.5
1900-01-22 15:39:45,7924.0,176689,7924.5,958249,28336,1342816,-1314480,-781560,0.5
1900-01-22 15:40:00,7915.5,30281,7916.0,144107,92668,902278,-809610,-113826,0.5
1900-01-22 15:40:15,7920.0,1009272,7920.5,162540,447630,259766,187864,846732,0.5
1900-01-22 15:40:30,7920.0,237,7920.5,1893021,814660,289416,525244,-1892784,0.5
1900-01-22 15:40:45,7906.5,374067,7907.0,475103,141890,575102,-433212,-101036,0.5
1900-01-22 15:41:00,7907.0,224690,7907.5,487325,916418,465768,450650,-262635,0.5
1900-01-22 15:41:15,7905.0,635213,7905.5,273750,1668950,219532,1449418,361463,0.5
1900-01-22 15:41:30,7917.5,269829,7918.0,34582,551400,164886,386514,235247,0.5
1900-01-22 15:41:45,7917.0,5738,7917.5,219114,441298,216922,224376,-213376,0.5
1900-01-22 15:42:00,7920.0,279966,7920.5,45852,449624,102906,346718,234114,0.5
1900-01-22 15:42:15,7920.0,914230,7920.5,53588,344042,64400,279642,860642,0.5
1900-01-22 15:42:30,7921.0,634589,7921.5,51841,333576,33300,300276,582748,0.5
1900-01-22 15:42:45,7923.5,367720,7924.0,3294,172122,28302,143820,364426,0.5
1900-01-22 15:43:00,7920.0,13102,7920.5,108023,154100,243486,-89386,-94921,0.5
1900-01-22 15:43:15,7917.0,557635,7917.5,336945,98508,746588,-648080,220690,0.5
1900-01-22 15:43:30,7917.0,253163,7917.5,528355,181784,250176,-68392,-275192,0.5
1900-01-22 15:43:45,7912.5,624870,7913.0,86457,32450,102792,-70342,538413,0.5
1900-01-22 15:44:00,7912.5,25655,7913.0,206005,743810,107402,636408,-180350,0.5
1900-01-22 15:44:15,7912.0,821520,7912.5,1,154716,15806,138910,821519,0.5
1900-01-22 15:44:30,7911.0,61679,7911.5,828735,285644,226454,59190,-767056,0.5
1900-01-22 15:44:45,7909.5,547011,7910.0,30564,148822,744884,-596062,516447,0.5
1900-01-22 15:45:00,7907.5,62312,7908.0,1276744,189094,328194,-139100,-1214432,0.5
1900-01-22 15:45:15,7916.5,151928,7917.0,72200,732428,54468,677960,79728,0.5
1900-01-22 15:45:30,7919.5,337942,7920.0,112563,582092,1916,580176,225379,0.5
1900-01-22 15:45:45,7924.0,21784,7924.5,1308888,375268,310854,64414,-1287104,0.5
1900-01-22 15:46:00,7920.0,533004,7920.5,229418,90810,119872,-29062,303586,0.5
1900-01-22 15:46:15,7917.5,16557,7918.0,289813,144732,60864,83868,-273256,0.5
1900-01-22 15:46:30,7914.0,24975,7914.5,576159,390,607146,-606756,-551184,0.5
1900-01-22 15:46:45,7914.5,182059,7915.0,542016,147616,265026,-117410,-359957,0.5
1900-01-22 15:47:00,7917.5,324280,7918.0,521780,315942,874,315068,-197500,0.5
1900-01-22 15:47:15,7917.5,618824,7918.0,76892,270012,874,269138,541932,0.5
1900-01-22 15:47:30,7919.0,472503,7919.5,2270,505924,60870,445054,470233,0.5
1900-01-22 15:47:45,7918.0,556830,7918.5,96812,78304,92864,-14560,460018,0.5
1900-01-22 15:48:00,7925.0,185611,7925.5,839482,398230,2370,395860,-653871,0.5
1900-01-22 15:48:15,7926.0,943668,7926.5,3573,633228,91614,541614,940095,0.5
1900-01-22 15:48:30,7936.0,208115,7936.5,154292,353276,2722,350554,53823,0.5
1900-01-22 15:48:45,7933.5,3683,7934.0,1752902,156962,254870,-97908,-1749219,0.5
1900-01-22 15:49:00,7931.5,296519,7932.0,688645,110846,418508,-307662,-392126,0.5
1900-01-22 15:49:15,7934.5,461299,7935.0,6959,111232,559218,-447986,454340,0.5
1900-01-22 15:49:30,7935.5,1204942,7936.0,60512,76980,37456,39524,1144430,0.5
1900-01-22 15:49:45,7940.5,901213,7941.0,33489,772848,108500,664348,867724,0.5
1900-01-22 15:50:00,7930.5,10404,7931.0,30000,185116,534264,-349148,-19596,0.5
1900-01-22 15:50:15,7931.0,280013,7931.5,1934,56612,215554,-158942,278079,0.5
1900-01-22 15:50:30,7935.5,14565,7936.0,884386,71552,62050,9502,-869821,0.5
1900-01-22 15:50:45,7933.5,702574,7934.0,269039,3222,52658,-49436,433535,0.5
1900-01-22 15:51:00,7933.5,112257,7934.0,870661,117608,135458,-17850,-758404,0.5
1900-01-22 15:51:15,7933.5,765986,7934.0,202806,2000,123606,-121606,563180,0.5
1900-01-22 15:51:30,7930.5,820182,7931.0,480931,12808,293620,-280812,339251,0.5
1900-01-22 15:51:45,7930.5,1009337,7931.0,366923,30800,31042,-242,642414,0.5
1900-01-22 15:52:00,7930.5,331958,7931.0,785749,143224,118186,25038,-453791,0.5
1900-01-22 15:52:15,7934.0,931687,7934.5,8029,117082,161224,-44142,923658,0.5
1900-01-22 15:52:30,7935.5,994112,7936.0,4166,31830,20266,11564,989946,0.5
1900-01-22 15:52:45,7937.5,11,7938.0,1317537,73196,64972,8224,-1317526,0.5
1900-01-22 15:53:00,7933.0,1402,7933.5,320694,11058,27634,-16576,-319292,0.5
1900-01-22 15:53:15,7934.0,714588,7934.5,98645,26150,21360,4790,615943,0.5
1900-01-22 15:53:30,7933.5,288,7934.0,1284251,15638,153708,-138070,-1283963,0.5
1900-01-22 15:53:45,7934.0,78116,7934.5,506556,176964,11658,165306,-428440,0.5
1900-01-22 15:54:00,7934.5,318481,7935.0,80,255106,32472,222634,318401,0.5
1900-01-22 15:54:15,7936.5,264345,7937.0,932947,2922,4056,-1134,-668602,0.5
1900-01-22 15:54:30,7936.5,442256,7937.0,665506,13052,17954,-4902,-223250,0.5
1900-01-22 15:54:45,7939.5,942748,7940.0,42431,358024,5936,352088,900317,0.5
1900-01-22 15:55:00,7939.5,466653,7940.0,566376,94616,8160,86456,-99723,0.5
1900-01-22 15:55:15,7940.0,745505,7940.5,73496,68964,33912,35052,672009,0.5
1900-01-22 15:55:30,7939.5,65131,7940.0,979427,12828,157558,-144730,-914296,0.5
1900-01-22 15:55:45,7939.5,437308,7940.0,692215,40454,19706,20748,-254907,0.5
1900-01-22 15:56:00,7939.5,964316,7940.0,175352,590,420,170,788964,0.5
1900-01-22 15:56:15,7942.0,1330022,7942.5,134925,227386,6102,221284,1195097,0.5
1900-01-22 15:56:30,7942.0,1520770,7942.5,22694,113650,18842,94808,1498076,0.5
1900-01-22 15:56:45,7942.5,584246,7943.0,872186,32478,1752,30726,-287940,0.5
1900-01-22 15:57:00,7937.5,672,7938.0,1168500,45470,271932,-226462,-1167828,0.5
1900-01-22 15:57:15,7932.0,836963,7932.5,462213,12020,136898,-124878,374750,0.5
1900-01-22 15:57:30,7929.5,543897,7930.0,718771,17050,55000,-37950,-174874,0.5
1900-01-22 15:57:45,7923.0,43180,7923.5,906696,32202,264154,-231952,-863516,0.5
1900-01-22 15:58:00,7918.0,42,7918.5,1510381,10208,69814,-59606,-1510339,0.5
1900-01-22 15:58:15,7923.0,149722,7923.5,30000,202110,193704,8406,119722,0.5
1900-01-22 15:58:30,7927.0,14080,7927.5,1751743,46786,592188,-545402,-1737663,0.5
1900-01-22 15:58:45,7919.5,23232,7920.0,1023737,35508,35338,170,-1000505,0.5
1900-01-22 15:59:00,7918.0,847110,7918.5,75932,42398,218044,-175646,771178,0.5
1900-01-22 15:59:15,7921.5,214659,7922.0,26555,69636,11540,58096,188104,0.5
1900-01-22 15:59:30,7927.0,705685,7927.5,216786,69606,480,69126,488899,0.5
1900-01-22 15:59:45,7929.5,101457,7930.0,900942,145576,108892,36684,-799485,0.5
1900-01-22 16:00:00,7922.5,5435,7923.0,386121,14232,160190,-145958,-380686,0.5
1900-01-22 16:00:15,7922.0,776060,7922.5,232904,70056,75632,-5576,543156,0.5
1900-01-22 16:00:30,7922.5,360965,7923.0,498211,223082,87342,135740,-137246,0.5
1900-01-22 16:00:45,7920.0,94855,7920.5,340473,94392,1063956,-969564,-245618,0.5
1900-01-22 16:01:00,7915.0,377221,7915.5,1670726,31394,148032,-116638,-1293505,0.5
1900-01-22 16:01:15,7915.0,283439,7915.5,1662319,58004,101802,-43798,-1378880,0.5
1900-01-22 16:01:30,7911.0,806010,7911.5,620161,728140,317712,410428,185849,0.5
1900-01-22 16:01:45,7911.0,177576,7911.5,1217105,235842,359226,-123384,-1039529,0.5
1900-01-22 16:02:00,7910.0,199132,7910.5,926362,36424,95794,-59370,-727230,0.5
1900-01-22 16:02:15,7915.0,147832,7915.5,467892,352760,30610,322150,-320060,0.5
1900-01-22 16:02:30,7911.0,6566,7911.5,261294,49840,90530,-40690,-254728,0.5
1900-01-22 16:02:45,7909.0,84367,7909.5,1143750,39768,61202,-21434,-1059383,0.5
1900-01-22 16:03:00,7895.0,105330,7895.5,138682,42210,1719126,-1676916,-33352,0.5
1900-01-22 16:03:15,7899.5,907354,7900.0,46007,922480,1175552,-253072,861347,0.5
1900-01-22 16:03:30,7896.0,241919,7896.5,635981,794034,180952,613082,-394062,0.5
1900-01-22 16:03:45,7905.0,185583,7905.5,796311,194494,46890,147604,-610728,0.5
1900-01-22 16:04:00,7902.0,197763,7902.5,826394,318792,199842,118950,-628631,0.5
1900-01-22 16:04:15,7908.0,505618,7908.5,8829,121642,93558,28084,496789,0.5
1900-01-22 16:04:30,7909.5,642697,7910.0,35166,294158,5600,288558,607531,0.5
1900-01-22 16:04:45,7910.0,488870,7910.5,525007,164270,43522,120748,-36137,0.5
1900-01-22 16:05:00,7910.0,252036,7910.5,562362,71784,116252,-44468,-310326,0.5
1900-01-22 16:05:15,7907.5,772,7908.0,879208,40864,142588,-101724,-878436,0.5
1900-01-22 16:05:30,7905.5,703484,7906.0,630478,4478,25576,-21098,73006,0.5
1900-01-22 16:05:45,7907.0,758822,7907.5,1489,96348,81460,14888,757333,0.5
1900-01-22 16:06:00,7911.0,431459,7911.5,104109,175700,202422,-26722,327350,0.5
1900-01-22 16:06:15,7911.0,120716,7911.5,815678,161910,48044,113866,-694962,0.5
1900-01-22 16:06:30,7911.5,302407,7912.0,493147,338872,302054,36818,-190740,0.5
1900-01-22 16:06:45,7914.0,831359,7914.5,196627,221168,194244,26924,634732,0.5
1900-01-22 16:07:00,7914.5,934808,7915.0,221418,233276,8202,225074,713390,0.5
1900-01-22 16:07:15,7914.5,768303,7915.0,165038,163264,15908,147356,603265,0.5
1900-01-22 16:07:30,7912.0,327343,7912.5,723487,50032,188582,-138550,-396144,0.5
1900-01-22 16:07:45,7915.5,495784,7916.0,3134,304892,20342,284550,492650,0.5
1900-01-22 16:08:00,7917.5,1272670,7918.0,26384,29542,30628,-1086,1246286,0.5
1900-01-22 16:10:45,7925.0,1093838,7925.5,23052,82,30628,-30546,1070786,0.5
1900-01-22 16:11:00,7925.5,1406390,7926.0,6469,34430,2960,31470,1399921,0.5
1900-01-22 16:11:15,7932.5,1122030,7933.0,251043,97826,15244,82582,870987,0.5
1900-01-22 16:11:30,7932.5,1101895,7933.0,311651,216770,64470,152300,790244,0.5
1900-01-22 16:11:45,7933.5,1113548,7934.0,53584,242752,138242,104510,1059964,0.5
1900-01-22 16:12:00,7934.0,785462,7934.5,4825,114100,21320,92780,780637,0.5
1900-01-22 16:12:15,7937.5,403785,7938.0,624668,240054,16510,223544,-220883,0.5
1900-01-22 16:12:30,7936.5,5413,7937.0,1129904,108918,281086,-172168,-1124491,0.5
1900-01-22 16:12:45,7935.0,938465,7935.5,468500,20222,15782,4440,469965,0.5
1900-01-22 16:13:00,7935.0,1564124,7935.5,140275,206784,37742,169042,1423849,0.5
1900-01-22 16:13:15,7937.0,420295,7937.5,564082,81506,904,80602,-143787,0.5
1900-01-22 16:13:30,7937.0,865911,7937.5,250730,74140,53080,21060,615181,0.5
1900-01-22 16:13:45,7937.0,1053766,7937.5,670170,55610,15702,39908,383596,0.5
1900-01-22 16:14:00,7937.0,493609,7937.5,937212,55610,20740,34870,-443603,0.5
1900-01-22 16:14:15,7937.0,1532441,7937.5,374699,124936,31432,93504,1157742,0.5
1900-01-22 16:14:30,7938.0,1247436,7938.5,17123,467700,25242,442458,1230313,0.5
1900-01-22 16:14:45,7938.5,493749,7939.0,708018,38324,16008,22316,-214269,0.5
1900-01-22 16:15:00,7938.0,68335,7938.5,2032438,14484,840916,-826432,-1964103,0.5
1900-01-22 16:15:15,7932.5,264781,7933.0,589833,400,220998,-220598,-325052,0.5
1900-01-22 16:15:30,7932.5,306196,7933.0,904216,80100,106706,-26606,-598020,0.5
1900-01-22 16:15:45,7932.0,27961,7932.5,755904,11498,196968,-185470,-727943,0.5
1900-01-22 16:16:00,7933.0,730372,7933.5,645719,86394,406564,-320170,84653,0.5
1900-01-22 16:16:15,7935.0,711661,7935.5,99131,44574,194610,-150036,612530,0.5
1900-01-22 16:16:30,7935.0,527134,7935.5,411952,19602,38400,-18798,115182,0.5
1900-01-22 16:16:45,7933.0,206650,7933.5,1093716,43218,318946,-275728,-887066,0.5
1900-01-22 16:17:00,7932.0,1364,7932.5,664888,68,64032,-63964,-663524,0.5
1900-01-22 16:17:15,7929.5,17068,7930.0,1081909,133080,46830,86250,-1064841,0.5
1900-01-22 16:17:30,7929.0,94935,7929.5,809597,14090,10262,3828,-714662,0.5
1900-01-22 16:17:45,7929.0,779521,7929.5,340122,20384,20422,-38,439399,0.5
1900-01-22 16:18:00,7929.0,1227263,7929.5,31310,52212,20160,32052,1195953,0.5
1900-01-22 16:18:15,7937.5,45792,7938.0,3488,440262,4124,436138,42304,0.5
1900-01-22 16:18:30,7939.5,978976,7940.0,372098,537572,20148,517424,606878,0.5
1900-01-22 16:18:45,7937.5,2551,7938.0,271323,59722,90982,-31260,-268772,0.5
1900-01-22 16:19:00,7933.5,92050,7934.0,238082,15242,48484,-33242,-146032,0.5
1900-01-22 16:19:15,7931.5,224497,7932.0,1028871,10536,131782,-121246,-804374,0.5
1900-01-22 16:19:30,7933.0,873727,7933.5,1663,185228,181658,3570,872064,0.5
1900-01-22 16:19:45,7933.0,51307,7933.5,1138352,13404,100828,-87424,-1087045,0.5
1900-01-22 16:20:00,7931.5,187027,7932.0,991707,812,95130,-94318,-804680,0.5
1900-01-22 16:20:15,7931.5,215273,7932.0,950139,452,105548,-105096,-734866,0.5
1900-01-22 16:20:30,7931.5,833402,7932.0,501296,1300,2842,-1542,332106,0.5
1900-01-22 16:20:45,7931.5,125550,7932.0,780596,4004,70280,-66276,-655046,0.5
1900-01-22 16:21:00,7931.0,27922,7931.5,1664210,750,72008,-71258,-1636288,0.5
1900-01-22 16:21:15,7928.5,88963,7929.0,847500,4150,93020,-88870,-758537,0.5
1900-01-22 16:21:30,7927.5,15081,7928.0,1399627,320,90212,-89892,-1384546,0.5
1900-01-22 16:21:45,7925.0,91761,7925.5,1207067,1400,89488,-88088,-1115306,0.5
1900-01-22 16:22:00,7925.0,804070,7925.5,269644,122346,44600,77746,534426,0.5
1900-01-22 16:22:15,7925.0,174892,7925.5,1204882,83640,200,83440,-1029990,0.5
1900-01-22 16:22:30,7925.0,132630,7925.5,865268,5300,90678,-85378,-732638,0.5
1900-01-22 16:22:45,7925.0,803268,7925.5,347350,16442,47588,-31146,455918,0.5
1900-01-22 16:23:00,7924.0,28640,7924.5,568325,3202,23960,-20758,-539685,0.5
1900-01-22 16:23:15,7924.0,519082,7924.5,671193,3634,37550,-33916,-152111,0.5
1900-01-22 16:23:30,7924.0,695806,7924.5,304774,42264,22272,19992,391032,0.5
1900-01-22 16:23:45,7924.0,693864,7924.5,44736,347654,2670,344984,649128,0.5
1900-01-22 16:24:00,7924.0,1087036,7924.5,8220,216394,1852,214542,1078816,0.5
1900-01-22 16:24:15,7925.0,940972,7925.5,50336,71588,21638,49950,890636,0.5
1900-01-22 16:24:30,7925.0,26967,7925.5,1395377,103660,52578,51082,-1368410,0.5
1900-01-22 16:24:45,7924.0,12492,7924.5,1162357,32122,33488,-1366,-1149865,0.5
1900-01-22 16:25:00,7920.5,12675,7921.0,1169088,9390,297534,-288144,-1156413,0.5
1900-01-22 16:25:15,7919.0,57981,7919.5,548370,71462,143924,-72462,-490389,0.5
1900-01-22 16:25:30,7919.0,480506,7919.5,329159,54486,101692,-47206,151347,0.5
1900-01-22 16:25:45,7919.0,58131,7919.5,1126142,9020,11734,-2714,-1068011,0.5
1900-01-22 16:26:00,7912.0,7328,7912.5,1114775,742,152656,-151914,-1107447,0.5
1900-01-22 16:26:15,7914.0,1059399,7914.5,69945,478612,51226,427386,989454,0.5
1900-01-22 16:26:30,7914.0,62609,7914.5,1024071,208086,73996,134090,-961462,0.5
1900-01-22 16:26:45,7914.0,1002183,7914.5,13402,289236,10328,278908,988781,0.5
1900-01-22 16:27:00,7914.0,136348,7914.5,787027,20338,23144,-2806,-650679,0.5
1900-01-22 16:27:15,7914.5,1300874,7915.0,3110,57882,12904,44978,1297764,0.5
1900-01-22 16:27:30,7916.5,1143981,7917.0,20418,27530,28524,-994,1123563,0.5
1900-01-22 16:27:45,7919.5,569742,7920.0,237603,87146,22590,64556,332139,0.5
1900-01-22 16:28:00,7921.5,480705,7922.0,5122,420814,1524,419290,475583,0.5
1900-01-22 16:28:15,7924.0,1181477,7924.5,41193,46218,1524,44694,1140284,0.5
1900-01-22 16:28:30,7926.0,659947,7926.5,507200,162910,14912,147998,152747,0.5
1900-01-22 16:28:45,7926.0,330608,7926.5,533387,165036,4156,160880,-202779,0.5
1900-01-22 16:29:00,7926.0,127170,7926.5,828020,18246,24892,-6646,-700850,0.5
1900-01-22 16:29:15,7926.0,340500,7926.5,1215072,29768,114632,-84864,-874572,0.5
1900-01-22 16:29:30,7929.5,1026244,7930.0,36281,279776,4390,275386,989963,0.5
1900-01-22 16:29:45,7929.5,431291,7930.0,632388,82110,80924,1186,-201097,0.5
1900-01-22 16:30:00,7929.5,354502,7930.0,728318,24932,176316,-151384,-373816,0.5
1900-01-22 16:30:15,7929.5,65327,7930.0,972932,65206,236086,-170880,-907605,0.5
1900-01-22 16:30:30,7930.5,777758,7931.0,156219,32702,19400,13302,621539,0.5
1900-01-22 16:30:45,7930.5,967609,7931.0,29299,226616,5824,220792,938310,0.5
1900-01-22 16:31:00,7930.5,980319,7931.0,54840,35882,3368,32514,925479,0.5
1900-01-22 16:31:15,7931.5,957146,7932.0,43409,43830,9930,33900,913737,0.5
1900-01-22 16:31:30,7933.5,1715139,7934.0,6708,404646,22908,381738,1708431,0.5
1900-01-22 16:31:45,7937.0,912683,7937.5,146886,257456,8110,249346,765797,0.5
1900-01-22 16:32:00,7938.5,210940,7939.0,548591,164134,8134,156000,-337651,0.5
1900-01-22 16:32:15,7938.5,40033,7939.0,957298,120612,139852,-19240,-917265,0.5
1900-01-22 16:32:30,7933.5,60381,7934.0,555117,12668,117792,-105124,-494736,0.5
1900-01-22 16:32:45,7931.5,4377,7932.0,1050243,2000,74604,-72604,-1045866,0.5
1900-01-22 16:33:00,7931.5,35160,7932.0,924527,10300,236114,-225814,-889367,0.5
1900-01-22 16:33:15,7931.5,988986,7932.0,119573,15616,534042,-518426,869413,0.5
1900-01-22 16:33:30,7930.5,79061,7931.0,1015452,3876,75564,-71688,-936391,0.5
1900-01-22 16:33:45,7928.0,53776,7928.5,1166245,3876,385906,-382030,-1112469,0.5
1900-01-22 16:34:00,7928.0,85395,7928.5,987230,620,38704,-38084,-901835,0.5
1900-01-22 16:34:15,7928.0,1164871,7928.5,20736,48932,64476,-15544,1144135,0.5
1900-01-22 16:34:30,7931.5,406552,7932.0,27600,116676,38976,77700,378952,0.5
1900-01-22 16:34:45,7931.5,50964,7932.0,1205130,65972,72140,-6168,-1154166,0.5
1900-01-22 16:35:00,7931.5,104834,7932.0,1082612,8472,33402,-24930,-977778,0.5
1900-01-22 16:35:15,7930.5,81197,7931.0,1301158,10002,32574,-22572,-1219961,0.5
1900-01-22 16:35:30,7930.5,88939,7931.0,1319544,858,22016,-21158,-1230605,0.5
1900-01-22 16:35:45,7930.0,264244,7930.5,1415833,3350,215814,-212464,-1151589,0.5
1900-01-22 16:36:00,7930.0,817011,7930.5,599826,3350,4676,-1326,217185,0.5
1900-01-22 16:36:15,7930.0,164201,7930.5,1281993,6094,161370,-155276,-1117792,0.5
1900-01-22 16:36:30,7930.0,157079,7930.5,1349051,9006,45502,-36496,-1191972,0.5
1900-01-22 16:36:45,7926.5,10034,7927.0,1566466,9006,143290,-134284,-1556432,0.5
1900-01-22 16:37:00,7925.5,347011,7926.0,1658088,17062,436292,-419230,-1311077,0.5
1900-01-22 16:37:15,7925.5,650882,7926.0,520915,21000,223162,-202162,129967,0.5
1900-01-22 16:37:30,7925.0,95396,7925.5,1109462,8504,255672,-247168,-1014066,0.5
1900-01-22 16:37:45,7925.0,59088,7925.5,1429502,25326,134042,-108716,-1370414,0.5
1900-01-22 16:38:00,7923.5,106043,7924.0,1124052,6930,89764,-82834,-1018009,0.5
1900-01-22 16:38:15,7923.0,143950,7923.5,1189481,8984,163574,-154590,-1045531,0.5
1900-01-22 16:38:30,7920.0,103311,7920.5,1164190,4900,301548,-296648,-1060879,0.5
1900-01-22 16:38:45,7919.5,14249,7920.0,966320,5488,23292,-17804,-952071,0.5
1900-01-22 16:39:00,7919.0,966526,7919.5,82530,3726,218632,-214906,883996,0.5
1900-01-22 16:39:15,7929.5,21479,7930.0,1344076,324726,16646,308080,-1322597,0.5
1900-01-22 16:39:30,7926.0,723381,7926.5,14409,51680,1158,50522,708972,0.5
1900-01-22 16:39:45,7928.5,687977,7929.0,562630,119430,17938,101492,125347,0.5
1900-01-22 16:40:00,7930.5,663867,7931.0,219550,95246,11744,83502,444317,0.5
1900-01-22 16:40:15,7935.0,863624,7935.5,66444,21462,15368,6094,797180,0.5
1900-01-22 16:40:30,7938.5,154359,7939.0,748186,679424,60028,619396,-593827,0.5
1900-01-22 16:40:45,7942.0,341642,7942.5,12111,111856,116414,-4558,329531,0.5
1900-01-22 16:41:00,7942.0,326871,7942.5,972727,339516,73844,265672,-645856,0.5
1900-01-22 16:41:15,7942.0,11610,7942.5,1225064,50110,83428,-33318,-1213454,0.5
1900-01-22 16:41:30,7940.5,184586,7941.0,742100,116366,49758,66608,-557514,0.5
1900-01-22 16:41:45,7940.5,610979,7941.0,189960,126398,168290,-41892,421019,0.5
1900-01-22 16:42:00,7941.0,816819,7941.5,100154,104704,4800,99904,716665,0.5
1900-01-22 16:42:15,7947.5,766964,7948.0,4407,928658,2940,925718,762557,0.5
1900-01-22 16:42:30,7946.5,305787,7947.0,529319,813872,71712,742160,-223532,0.5
1900-01-22 16:42:45,7949.0,14192,7949.5,485031,146502,279942,-133440,-470839,0.5
1900-01-22 16:43:00,7949.0,267563,7949.5,650412,80800,53194,27606,-382849,0.5
1900-01-22 16:43:15,7945.0,474548,7945.5,190487,198118,153708,44410,284061,0.5
1900-01-22 16:43:30,7947.5,684055,7948.0,171815,257544,42324,215220,512240,0.5
1900-01-22 16:43:45,7952.0,392971,7952.5,294778,150532,44120,106412,98193,0.5
1900-01-22 16:44:00,7950.0,580663,7950.5,137021,101860,59794,42066,443642,0.5
1900-01-22 16:44:15,7947.0,186410,7947.5,664402,261080,222102,38978,-477992,0.5
1900-01-22 16:44:30,7941.5,2419,7942.0,90930,8680,245022,-236342,-88511,0.5
1900-01-22 16:44:45,7938.0,22747,7938.5,1336260,40334,586308,-545974,-1313513,0.5
1900-01-22 16:45:00,7935.5,72925,7936.0,842927,18382,143896,-125514,-770002,0.5
1900-01-22 16:45:15,7925.5,696845,7926.0,32,299596,1448066,-1148470,696813,0.5
1900-01-22 16:45:30,7927.5,628303,7928.0,440206,789992,10462,779530,188097,0.5
1900-01-22 16:45:45,7921.0,902706,7921.5,411156,26440,522788,-496348,491550,0.5
1900-01-22 16:46:00,7921.0,1454908,7921.5,200388,64318,66400,-2082,1254520,0.5
1900-01-22 16:46:15,7921.5,804617,7922.0,434216,64758,472,64286,370401,0.5
1900-01-22 16:46:30,7924.0,1059561,7924.5,95204,790912,1320,789592,964357,0.5
1900-01-22 16:46:45,7927.5,786887,7928.0,116233,179060,2066,176994,670654,0.5
1900-01-22 16:47:00,7927.5,922284,7928.0,420341,52922,36404,16518,501943,0.5
1900-01-22 16:47:15,7927.5,1005928,7928.0,68936,147182,36404,110778,936992,0.5
1900-01-22 16:47:30,7927.5,1349328,7928.0,406281,156240,114108,42132,943047,0.5
1900-01-22 16:47:45,7927.5,1206547,7928.0,157082,31594,600,30994,1049465,0.5
1900-01-22 16:48:00,7927.5,1045584,7928.0,275640,3280,7740,-4460,769944,0.5
1900-01-22 16:48:15,7927.5,1235525,7928.0,69496,33208,3922,29286,1166029,0.5
1900-01-22 16:48:30,7927.5,960520,7928.0,282608,21896,4000,17896,677912,0.5
1900-01-22 16:48:45,7928.0,673373,7928.5,1878,17194,200,16994,671495,0.5
1900-01-22 16:49:00,7930.0,1047362,7930.5,29806,44292,5410,38882,1017556,0.5
1900-01-22 16:49:15,7931.0,248303,7931.5,478625,211886,25816,186070,-230322,0.5
1900-01-22 16:49:30,7931.0,545019,7931.5,394418,185730,20128,165602,150601,0.5
1900-01-22 16:49:45,7931.0,697507,7931.5,378297,16154,3176,12978,319210,0.5
1900-01-22 16:50:00,7931.0,621205,7931.5,583013,4728,30280,-25552,38192,0.5
1900-01-22 16:50:15,7931.0,603270,7931.5,490104,1166,914,252,113166,0.5
1900-01-22 16:50:45,7930.5,17124,7931.0,301062,2,12431,-12429,-283938,0.5
1900-01-22 16:51:00,7926.5,55866,7927.0,1032610,16304,165640,-149336,-976744,0.5
1900-01-22 16:51:15,7926.5,997387,7927.0,178130,32554,61752,-29198,819257,0.5
1900-01-22 16:51:30,7929.0,401865,7929.5,2553,48634,162,48472,399312,0.5
1900-01-22 16:51:45,7929.5,306306,7930.0,669394,22628,5322,17306,-363088,0.5
1900-01-22 16:52:00,7929.5,543564,7930.0,789552,17220,22032,-4812,-245988,0.5
1900-01-22 16:52:15,7926.5,235429,7927.0,704311,3480,150718,-147238,-468882,0.5
1900-01-22 16:52:30,7924.5,11680,7925.0,697432,3004,154986,-151982,-685752,0.5
1900-01-22 16:52:45,7915.5,924418,7916.0,116113,193230,607690,-414460,808305,0.5
1900-01-22 16:53:00,7917.5,302124,7918.0,59674,187102,12046,175056,242450,0.5
1900-01-22 16:53:15,7918.5,277233,7919.0,47953,785676,12200,773476,229280,0.5
1900-01-22 16:53:30,7921.0,353888,7921.5,121,83374,1818,81556,353767,0.5
1900-01-22 16:53:45,7921.0,297413,7921.5,508945,4806,18098,-13292,-211532,0.5
1900-01-22 16:54:00,7921.0,452857,7921.5,357953,14040,93234,-79194,94904,0.5
1900-01-22 16:54:15,7919.0,2184,7919.5,880685,56648,391782,-335134,-878501,0.5
1900-01-22 16:54:30,7918.5,313803,7919.0,722568,5100,129450,-124350,-408765,0.5
1900-01-22 16:54:45,7918.5,643499,7919.0,486196,4202,28630,-24428,157303,0.5
1900-01-22 16:55:00,7918.5,795286,7919.0,99494,4866,9346,-4480,695792,0.5
1900-01-22 16:55:15,7918.5,1004709,7919.0,83062,18920,574,18346,921647,0.5
1900-01-22 16:55:30,7918.5,858708,7919.0,60159,11278,60,11218,798549,0.5
1900-01-22 16:55:45,7919.5,1012297,7920.0,48185,55560,110,55450,964112,0.5
1900-01-22 16:56:00,7920.5,938588,7921.0,327,104952,2648,102304,938261,0.5
1900-01-22 16:56:15,7922.0,543322,7922.5,463452,21272,8324,12948,79870,0.5
1900-01-22 16:56:30,7923.5,415149,7924.0,879667,175774,60200,115574,-464518,0.5
1900-01-22 16:56:45,7924.5,1200776,7925.0,8672,20568,60200,-39632,1192104,0.5
1900-01-22 16:57:00,7928.0,876691,7928.5,20896,7004,182,6822,855795,0.5
1900-01-22 16:57:15,7921.5,313283,7922.0,620551,14340,92602,-78262,-307268,0.5
1900-01-22 16:57:30,7921.5,94205,7922.0,693804,7596,1052,6544,-599599,0.5
1900-01-22 16:57:45,7921.5,1006180,7922.0,31569,136182,51856,84326,974611,0.5
1900-01-22 16:58:00,7921.5,866881,7922.0,157478,20760,3316,17444,709403,0.5
1900-01-22 16:58:15,7921.5,50477,7922.0,756783,15242,18812,-3570,-706306,0.5
1900-01-22 16:58:30,7921.0,797783,7921.5,230556,1500,2618,-1118,567227,0.5
1900-01-22 16:58:45,7921.0,148169,7921.5,709788,18254,26378,-8124,-561619,0.5
1900-01-22 16:59:00,7921.0,63429,7921.5,699185,2000,49072,-47072,-635756,0.5
1900-01-22 16:59:15,7921.0,609157,7921.5,420492,4800,6400,-1600,188665,0.5
1900-01-22 16:59:30,7921.0,172267,7921.5,854479,8900,89498,-80598,-682212,0.5
1900-01-22 16:59:45,7918.5,391351,7919.0,649797,4524,245724,-241200,-258446,0.5
1900-01-22 17:00:00,7918.5,439611,7919.0,1116138,12908,97952,-85044,-676527,0.5
1900-01-22 17:00:15,7918.5,771946,7919.0,873544,8138,112326,-104188,-101598,0.5
1900-01-22 17:00:30,7918.5,1088602,7919.0,539164,101000,322142,-221142,549438,0.5
1900-01-22 17:00:45,7918.5,501972,7919.0,1122994,17760,8094,9666,-621022,0.5
1900-01-22 17:01:00,7918.5,587017,7919.0,1151702,49476,43154,6322,-564685,0.5
1900-01-22 17:01:15,7918.5,529656,7919.0,1170131,42884,119460,-76576,-640475,0.5
1900-01-22 17:01:30,7918.5,301872,7919.0,1592311,106844,195296,-88452,-1290439,0.5
1900-01-22 17:01:45,7915.0,153798,7915.5,985952,2586,245836,-243250,-832154,0.5
1900-01-22 17:02:00,7915.0,426316,7915.5,1177436,7800,183216,-175416,-751120,0.5
1900-01-22 17:02:15,7911.5,27358,7912.0,1044277,2252,355936,-353684,-1016919,0.5
1900-01-22 17:02:30,7911.5,647868,7912.0,791508,143422,323382,-179960,-143640,0.5
1900-01-22 17:02:45,7911.5,725419,7912.0,847537,155150,24202,130948,-122118,0.5
1900-01-22 17:03:00,7911.5,572692,7912.0,1241693,165084,190666,-25582,-669001,0.5
1900-01-22 17:03:15,7911.5,898532,7912.0,1025585,18144,572,17572,-127053,0.5
1900-01-22 17:03:30,7911.5,865125,7912.0,881864,219370,130374,88996,-16739,0.5
1900-01-22 17:03:45,7922.5,30028,7923.0,892849,926236,31682,894554,-862821,0.5
1900-01-22 17:04:00,7928.5,661689,7929.0,297618,190598,71892,118706,364071,0.5
1900-01-22 17:04:15,7928.5,345106,7929.0,850900,223214,433454,-210240,-505794,0.5
1900-01-22 17:04:30,7923.0,659727,7923.5,408911,69792,412480,-342688,250816,0.5
1900-01-22 17:04:45,7927.0,1314865,7927.5,8229,108666,39510,69156,1306636,0.5
1900-01-22 17:05:00,7928.5,814305,7929.0,31011,130204,32694,97510,783294,0.5
1900-01-22 17:05:15,7928.5,121779,7929.0,983301,26048,73092,-47044,-861522,0.5
1900-01-22 17:05:30,7928.5,43852,7929.0,1141759,2352,144782,-142430,-1097907,0.5
1900-01-22 17:05:45,7929.5,889092,7930.0,328949,98722,11990,86732,560143,0.5
1900-01-22 17:06:00,7929.5,49724,7930.0,1264716,550258,23252,527006,-1214992,0.5
1900-01-22 17:06:15,7929.5,650776,7930.0,688434,2946,28400,-25454,-37658,0.5
1900-01-22 17:06:30,7929.5,141392,7930.0,1241094,187054,5010,182044,-1099702,0.5
1900-01-22 17:06:45,7929.5,44669,7930.0,1276547,3416,146330,-142914,-1231878,0.5
1900-01-22 17:07:00,7929.5,600179,7930.0,721396,104136,46400,57736,-121217,0.5
1900-01-22 17:07:15,7929.5,650558,7930.0,426207,226226,1252,224974,224351,0.5
1900-01-22 17:07:30,7929.5,928184,7930.0,175688,294074,2160,291914,752496,0.5
1900-01-22 17:07:45,7933.0,1430375,7933.5,212746,2024698,402,2024296,1217629,0.5
1900-01-22 17:08:00,7934.5,518065,7935.0,611235,800808,201470,599338,-93170,0.5
1900-01-22 17:08:15,7934.5,828123,7935.0,788367,457928,2004,455924,39756,0.5
1900-01-22 17:08:30,7934.5,1937615,7935.0,40057,604424,1200,603224,1897558,0.5
1900-01-22 17:08:45,7936.5,353442,7937.0,365,26822,17000,9822,353077,0.5
1900-01-22 17:09:00,7938.0,1394337,7938.5,123773,154234,130384,23850,1270564,0.5
1900-01-22 17:09:15,7938.0,723878,7938.5,632042,129200,130384,-1184,91836,0.5
1900-01-22 17:09:30,7938.5,1205178,7939.0,244512,112712,10260,102452,960666,0.5
1900-01-22 17:09:45,7939.5,1187354,7940.0,95132,689786,3474,686312,1092222,0.5
1900-01-22 17:10:00,7939.5,1491592,7940.0,143539,237924,43008,194916,1348053,0.5
1900-01-22 17:10:15,7949.5,523645,7950.0,292065,1229880,27752,1202128,231580,0.5
1900-01-22 17:10:30,7945.5,150437,7946.0,797111,98572,100146,-1574,-646674,0.5
1900-01-22 17:10:45,7938.5,1253214,7939.0,43809,55486,57962,-2476,1209405,0.5
1900-01-22 17:11:00,7945.0,36080,7945.5,69626,208652,104112,104540,-33546,0.5
1900-01-22 17:11:15,7949.5,605964,7950.0,301012,234214,154526,79688,304952,0.5
1900-01-22 17:11:30,7949.5,322884,7950.0,645569,51392,56440,-5048,-322685,0.5
1900-01-22 17:11:45,7945.5,873568,7946.0,274850,430,467630,-467200,598718,0.5
1900-01-22 17:12:00,7945.5,989838,7946.0,249103,9690,160828,-151138,740735,0.5
1900-01-22 17:12:15,7945.5,1023663,7946.0,144606,108218,95476,12742,879057,0.5
1900-01-22 17:12:30,7948.5,822040,7949.0,77605,482844,56262,426582,744435,0.5
1900-01-22 17:12:45,7948.5,412359,7949.0,574786,132522,8120,124402,-162427,0.5
1900-01-22 17:13:00,7948.0,22796,7948.5,296230,16304,153072,-136768,-273434,0.5
1900-01-22 17:13:15,7945.5,808775,7946.0,333816,1994,154716,-152722,474959,0.5
1900-01-22 17:13:30,7945.5,41910,7946.0,1030057,141154,278234,-137080,-988147,0.5
1900-01-22 17:13:45,7942.0,422432,7942.5,1021156,832,163568,-162736,-598724,0.5
1900-01-22 17:14:00,7940.0,812668,7940.5,306753,7072,516810,-509738,505915,0.5
1900-01-22 17:14:15,7940.0,810552,7940.5,479438,11500,21060,-9560,331114,0.5
1900-01-22 17:14:30,7940.0,344943,7940.5,1092329,7058,69500,-62442,-747386,0.5
1900-01-22 17:14:45,7940.0,43562,7940.5,1090283,10000,666664,-656664,-1046721,0.5
1900-01-22 17:15:00,7937.0,16161,7937.5,847745,12200,153010,-140810,-831584,0.5
1900-01-22 17:15:15,7935.0,674281,7935.5,335263,14220,281648,-267428,339018,0.5
1900-01-22 17:15:30,7935.0,645635,7935.5,441499,28440,52244,-23804,204136,0.5
1900-01-22 17:15:45,7935.0,482181,7935.5,732375,127990,16044,111946,-250194,0.5
1900-01-22 17:16:00,7935.0,357351,7935.5,647330,101804,68108,33696,-289979,0.5
1900-01-22 17:16:15,7932.5,168443,7933.0,948324,197198,330224,-133026,-779881,0.5
1900-01-22 17:16:30,7932.5,48352,7933.0,876211,12,127626,-127614,-827859,0.5
1900-01-22 17:16:45,7932.5,580114,7933.0,634782,2000,16390,-14390,-54668,0.5
1900-01-22 17:17:00,7932.5,656217,7933.0,206947,40926,14796,26130,449270,0.5
1900-01-22 17:17:15,7934.0,460699,7934.5,2090,123338,14796,108542,458609,0.5
1900-01-22 17:17:30,7936.0,803757,7936.5,11100,187990,802,187188,792657,0.5
1900-01-22 17:17:45,7936.5,839136,7937.0,106665,30916,10704,20212,732471,0.5
1900-01-22 17:18:00,7936.5,916321,7937.0,15040,11896,4006,7890,901281,0.5
1900-01-22 17:18:15,7937.5,1115958,7938.0,39310,580566,5832,574734,1076648,0.5
1900-01-22 17:18:30,7939.5,998101,7940.0,322429,154740,4000,150740,675672,0.5
1900-01-22 17:18:45,7939.5,811529,7940.0,563743,145740,622,145118,247786,0.5
1900-01-22 17:19:00,7939.5,905011,7940.0,131449,282650,3002,279648,773562,0.5
1900-01-22 17:19:15,7940.5,788310,7941.0,59389,183568,9002,174566,728921,0.5
1900-01-22 17:19:30,7940.5,504184,7941.0,677206,259584,11600,247984,-173022,0.5
1900-01-22 17:19:45,7940.5,634208,7941.0,600155,26226,2242,23984,34053,0.5
1900-01-22 17:20:00,7946.0,1321131,7946.5,36193,372534,24758,347776,1284938,0.5
1900-01-22 17:20:15,7947.0,334800,7947.5,834761,168398,66330,102068,-499961,0.5
1900-01-22 17:20:30,7947.0,50549,7947.5,894961,118262,229626,-111364,-844412,0.5
1900-01-22 17:20:45,7947.0,916562,7947.5,154074,393036,49468,343568,762488,0.5
1900-01-22 17:21:00,7948.5,1213176,7949.0,19072,326286,52046,274240,1194104,0.5
1900-01-22 17:21:15,7953.0,27427,7953.5,9881,517660,52776,464884,17546,0.5
1900-01-22 17:21:30,7954.0,796277,7954.5,47367,753936,84032,669904,748910,0.5
1900-01-22 17:21:45,7954.5,1008258,7955.0,130426,204654,18700,185954,877832,0.5
1900-01-22 17:22:00,7954.0,49460,7954.5,278972,108650,160162,-51512,-229512,0.5
1900-01-22 17:22:15,7947.5,2914,7948.0,523011,91120,452284,-361164,-520097,0.5
1900-01-22 17:22:30,7949.5,823954,7950.0,370311,41944,210732,-168788,453643,0.5
1900-01-22 17:22:45,7949.5,1048054,7950.0,310574,135714,21700,114014,737480,0.5
1900-01-22 17:23:00,7949.5,298010,7950.0,587252,135714,500,135214,-289242,0.5
1900-01-22 17:23:15,7950.5,505709,7951.0,60216,74939,12843,62096,445493,0.5
1900-01-22 17:23:30,7953.0,1911422,7953.5,96,103832,28006,75826,1911326,0.5
1900-01-22 17:23:45,7955.0,1058895,7955.5,385100,52486,5470,47016,673795,0.5
1900-01-22 17:24:00,7955.0,335191,7955.5,737599,82411,7584,74827,-402408,0.5
1900-01-22 17:24:15,7951.5,345799,7952.0,9733,89142,197767,-108625,336066,0.5
1900-01-22 17:24:30,7952.0,1579018,7952.5,47811,37197,1022,36175,1531207,0.5
1900-01-22 17:24:45,7954.0,1050131,7954.5,17519,40562,54986,-14424,1032612,0.5
1900-01-22 17:25:00,7956.0,1189129,7956.5,66394,577697,52655,525042,1122735,0.5
1900-01-22 17:25:15,7958.0,1718729,7958.5,14989,165434,218804,-53370,1703740,0.5
1900-01-22 17:25:30,7962.5,12000,7964.5,5483,613576,36751,576825,6517,2.0
1900-01-22 17:25:45,7965.0,975524,7965.5,124390,856523,19637,836886,851134,0.5
1900-01-22 17:26:00,7965.5,1550286,7966.0,164103,295981,65699,230282,1386183,0.5
1900-01-22 17:26:15,7974.5,95094,7975.0,263093,642230,231462,410768,-167999,0.5
1900-01-22 17:26:30,7975.0,309969,7975.5,172270,219761,67079,152682,137699,0.5
1900-01-22 17:26:45,7976.5,104078,7977.0,597964,606584,117647,488937,-493886,0.5
1900-01-22 17:27:00,7973.5,18493,7974.0,25402,224922,846314,-621392,-6909,0.5
1900-01-22 17:27:15,7979.0,529369,7979.5,465323,335927,195494,140433,64046,0.5
1900-01-22 17:27:30,7982.5,93500,7983.0,198718,1577623,193311,1384312,-105218,0.5
1900-01-22 17:27:45,7987.5,295217,7988.0,68530,684667,83252,601415,226687,0.5
1900-01-22 17:28:00,7985.0,247447,7985.5,302215,123292,81515,41777,-54768,0.5
1900-01-22 17:28:15,7985.0,222126,7985.5,506739,43397,368850,-325453,-284613,0.5
1900-01-22 17:28:30,7982.5,438229,7983.0,193871,260625,475399,-214774,244358,0.5
1900-01-22 17:28:45,7980.0,57232,7980.5,477826,51301,154747,-103446,-420594,0.5
1900-01-22 17:29:00,7973.0,86,7973.5,221182,8335,269338,-261003,-221096,0.5
1900-01-22 17:29:15,7967.5,960422,7968.0,196634,23884,741946,-718062,763788,0.5
1900-01-22 17:29:30,7974.5,336900,7975.0,9808,286932,145794,141138,327092,0.5
1900-01-22 17:29:45,7974.5,1156812,7975.0,234434,162584,35482,127102,922378,0.5
1900-01-22 17:30:00,7974.0,3307,7974.5,785540,173742,33188,140554,-782233,0.5
1900-01-22 17:30:15,7974.0,118886,7974.5,1005400,44042,71227,-27185,-886514,0.5
1900-01-22 17:30:30,7970.0,86409,7970.5,607980,7002,87376,-80374,-521571,0.5
1900-01-22 17:30:45,7965.0,9705,7965.5,404187,8208,364215,-356007,-394482,0.5
1900-01-22 17:31:00,7959.5,357198,7960.0,45186,138497,213367,-74870,312012,0.5
1900-01-22 17:31:15,7960.0,555736,7960.5,115437,815262,122302,692960,440299,0.5
1900-01-22 17:31:30,7962.5,273929,7963.0,71814,293296,62007,231289,202115,0.5
1900-01-22 17:31:45,7962.5,575892,7963.0,298704,204829,21978,182851,277188,0.5
1900-01-22 17:32:00,7953.5,333435,7954.0,572198,183228,784183,-600955,-238763,0.5
1900-01-22 17:32:15,7948.0,711470,7948.5,5535,62863,253287,-190424,705935,0.5
1900-01-22 17:32:30,7951.5,254650,7952.0,2179,378979,5571,373408,252471,0.5
1900-01-22 17:32:45,7955.0,1091760,7955.5,40921,83616,1202,82414,1050839,0.5
1900-01-22 17:33:00,7947.5,79618,7948.0,187533,182080,440354,-258274,-107915,0.5
1900-01-22 17:33:15,7947.5,904364,7948.0,166793,95798,224858,-129060,737571,0.5
1900-01-22 17:33:30,7945.5,113719,7946.0,330444,198798,37265,161533,-216725,0.5
1900-01-22 17:33:45,7944.0,223664,7944.5,41246,211681,351944,-140263,182418,0.5
1900-01-22 17:34:00,7944.0,561477,7944.5,282516,569767,10248,559519,278961,0.5
1900-01-22 17:34:15,7944.0,140472,7944.5,771017,28732,20203,8529,-630545,0.5
1900-01-22 17:34:30,7941.0,791906,7941.5,335467,19947,63988,-44041,456439,0.5
1900-01-22 17:34:45,7941.0,661595,7941.5,697619,44180,29764,14416,-36024,0.5
1900-01-22 17:35:00,7942.5,768775,7943.0,806,173836,15770,158066,767969,0.5
1900-01-22 17:35:15,7952.0,576781,7952.5,118647,274779,1538,273241,458134,0.5
1900-01-22 17:35:30,7952.0,98426,7952.5,795057,201673,13908,187765,-696631,0.5
1900-01-22 17:35:45,7948.5,50238,7949.0,809589,22300,46073,-23773,-759351,0.5
1900-01-22 17:36:00,7948.5,875051,7949.0,45272,96544,46423,50121,829779,0.5
1900-01-22 17:36:15,7949.5,372588,7950.0,348485,38499,11481,27018,24103,0.5
1900-01-22 17:36:30,7950.0,386793,7950.5,20444,32036,1197,30839,366349,0.5
1900-01-22 17:36:45,7952.0,827479,7952.5,225202,98235,1846,96389,602277,0.5
1900-01-22 17:37:00,7953.0,691799,7954.0,30118,70553,3776,66777,661681,1.0
1900-01-22 17:37:15,7955.0,235634,7955.5,677818,333281,81573,251708,-442184,0.5
1900-01-22 17:37:30,7954.5,84811,7955.0,813363,84250,114381,-30131,-728552,0.5
1900-01-22 17:37:45,7954.5,227720,7955.0,803179,9298,26698,-17400,-575459,0.5
1900-01-22 17:38:00,7954.5,1331,7955.0,1068128,12770,70754,-57984,-1066797,0.5
1900-01-22 17:38:15,7954.0,34635,7954.5,1095292,31533,187905,-156372,-1060657,0.5
1900-01-22 17:38:30,7952.5,205167,7953.0,19428,69919,50837,19082,185739,0.5
1900-01-22 17:38:45,7952.5,147976,7953.0,828990,21547,17407,4140,-681014,0.5
1900-01-22 17:39:00,7952.5,624699,7953.0,578484,1438,17984,-16546,46215,0.5
1900-01-22 17:39:15,7952.5,602154,7953.0,77604,31831,908,30923,524550,0.5
1900-01-22 17:39:30,7954.0,206768,7954.5,10100,8559,24200,-15641,196668,0.5
1900-01-22 17:39:45,7956.5,944868,7957.0,38525,69820,73863,-4043,906343,0.5
1900-01-22 17:40:00,7956.5,854789,7957.0,142314,60297,109434,-49137,712475,0.5
1900-01-22 17:40:15,7956.5,936718,7957.0,406672,112552,7979,104573,530046,0.5
1900-01-22 17:40:30,7956.5,901715,7957.0,164762,20402,1211,19191,736953,0.5
1900-01-22 17:40:45,7956.5,247007,7957.0,871423,3414,58115,-54701,-624416,0.5
1900-01-22 17:41:00,7955.5,35433,7956.0,1693366,21330,144853,-123523,-1657933,0.5
1900-01-22 17:41:15,7955.5,873239,7956.0,178681,65692,25353,40339,694558,0.5
1900-01-22 17:41:30,7955.5,918600,7956.0,137694,23957,130122,-106165,780906,0.5
1900-01-22 17:41:45,7956.5,952077,7957.0,23563,104026,69866,34160,928514,0.5
1900-01-22 17:42:00,7958.5,1246493,7959.0,290420,66147,9662,56485,956073,0.5
1900-01-22 17:42:15,7958.5,624988,7959.0,873495,22333,1817,20516,-248507,0.5
1900-01-22 17:42:30,7958.5,882757,7959.0,334726,9963,18223,-8260,548031,0.5
1900-01-22 17:42:45,7958.5,1549065,7959.0,381419,92881,60532,32349,1167646,0.5
1900-01-22 17:43:00,7962.5,1898415,7963.0,316127,101917,2725,99192,1582288,0.5
1900-01-22 17:43:15,7962.5,1990384,7963.0,198750,127769,38422,89347,1791634,0.5
1900-01-22 17:43:30,7964.0,1717488,7964.5,23105,476106,152,475954,1694383,0.5
1900-01-22 17:43:45,7964.5,1193236,7965.0,369363,34530,26865,7665,823873,0.5
1900-01-22 17:44:00,7964.5,273609,7965.0,450296,134274,213349,-79075,-176687,0.5
1900-01-22 17:44:15,7962.0,44727,7962.5,562846,46655,56018,-9363,-518119,0.5
1900-01-22 17:44:30,7962.0,513518,7962.5,336271,11205,63860,-52655,177247,0.5
1900-01-22 17:44:45,7962.0,614987,7962.5,538390,21305,13248,8057,76597,0.5
1900-01-22 17:45:00,7962.0,222,7962.5,743171,30588,240560,-209972,-742949,0.5
1900-01-22 17:45:15,7960.5,17616,7961.0,897427,28,65203,-65175,-879811,0.5
1900-01-22 17:45:30,7959.0,731683,7959.5,378045,1552,84280,-82728,353638,0.5
1900-01-22 17:45:45,7959.0,1101373,7959.5,284226,23214,47287,-24073,817147,0.5
1900-01-22 17:46:00,7959.0,1083551,7959.5,398894,22019,108356,-86337,684657,0.5
1900-01-22 17:46:15,7959.0,1411544,7959.5,286498,21111,4006,17105,1125046,0.5
1900-01-22 17:46:30,7961.5,1023224,7962.0,316575,27028,5001,22027,706649,0.5
1900-01-22 17:46:45,7964.5,50101,7965.0,739494,95295,8308,86987,-689393,0.5
1900-01-22 17:47:00,7964.5,121207,7965.0,1344035,26429,89168,-62739,-1222828,0.5
1900-01-22 17:47:15,7964.5,39023,7965.0,1715447,4741,16248,-11507,-1676424,0.5
1900-01-22 17:47:30,7959.0,15993,7959.5,1109005,4870,932549,-927679,-1093012,0.5
1900-01-22 17:47:45,7947.5,1008024,7948.0,330063,108774,1126992,-1018218,677961,0.5
1900-01-22 17:48:00,7955.0,683643,7955.5,26876,248502,44776,203726,656767,0.5
1900-01-22 17:48:15,7957.0,880218,7957.5,282705,191166,77822,113344,597513,0.5
1900-01-22 17:48:30,7964.0,1223466,7964.5,500,233674,20000,213674,1222966,0.5
1900-01-22 17:48:45,7971.5,120050,7972.0,10558,411604,17840,393764,109492,0.5
1900-01-22 17:49:00,7972.0,138904,7972.5,465067,111080,167816,-56736,-326163,0.5
1900-01-22 17:49:15,7970.0,2710,7970.5,122388,46910,174942,-128032,-119678,0.5
1900-01-22 17:49:30,7968.5,336687,7969.0,502441,234,346056,-345822,-165754,0.5
1900-01-22 17:49:45,7968.5,321123,7969.0,675738,120260,46080,74180,-354615,0.5
1900-01-22 17:50:00,7964.5,784820,7965.0,779176,34,58646,-58612,5644,0.5
1900-01-22 17:50:15,7964.5,133475,7965.0,1126831,101890,73632,28258,-993356,0.5
1900-01-22 17:50:30,7963.0,84270,7963.5,750687,1000,88084,-87084,-666417,0.5
1900-01-22 17:50:45,7964.5,1324895,7965.0,543269,143506,39230,104276,781626,0.5
1900-01-22 17:51:00,7964.5,841262,7965.0,650229,48400,127536,-79136,191033,0.5
1900-01-22 17:51:15,7964.5,150460,7965.0,454476,206568,66486,140082,-304016,0.5
1900-01-22 17:51:30,7965.0,1581853,7965.5,2000,306480,33552,272928,1579853,0.5
1900-01-22 17:51:45,7974.5,508973,7975.0,334763,330666,41458,289208,174210,0.5
1900-01-22 17:52:00,7974.5,40701,7975.0,451538,371148,233512,137636,-410837,0.5
1900-01-22 17:52:15,7989.5,41091,7990.0,10000,1641888,250946,1390942,31091,0.5
1900-01-22 17:52:30,7986.0,341724,7986.5,1690400,295754,363626,-67872,-1348676,0.5
1900-01-22 17:52:45,7990.5,538400,7991.0,384661,428114,454948,-26834,153739,0.5
1900-01-22 17:53:00,7991.5,219272,7992.0,363539,334444,113954,220490,-144267,0.5
1900-01-22 17:53:15,7986.0,34963,7986.5,327646,296650,448380,-151730,-292683,0.5
1900-01-22 17:53:30,7986.0,1006863,7986.5,257968,23158,232648,-209490,748895,0.5
1900-01-22 17:53:45,7989.5,1214729,7990.0,28088,173658,16902,156756,1186641,0.5
1900-01-22 17:54:00,7990.5,816697,7991.0,566646,196750,64186,132564,250051,0.5
1900-01-22 17:54:15,7990.5,1102502,7991.0,501850,328924,182756,146168,600652,0.5
1900-01-22 17:54:30,7990.5,281753,7991.0,575766,334116,137216,196900,-294013,0.5
1900-01-22 17:54:45,7989.0,46229,7989.5,716375,538354,104384,433970,-670146,0.5
1900-01-22 17:55:00,7987.0,235624,7987.5,280958,35366,234404,-199038,-45334,0.5
1900-01-22 17:55:15,7987.5,569860,7988.0,143160,363594,117350,246244,426700,0.5
1900-01-22 17:55:30,7984.5,17000,7985.0,369464,34786,208604,-173818,-352464,0.5
1900-01-22 17:55:45,7984.0,3200,7984.5,590548,10862,63218,-52356,-587348,0.5
1900-01-22 17:56:00,7982.5,28623,7983.0,1167852,2760,164122,-161362,-1139229,0.5
1900-01-22 17:56:15,7978.0,16699,7978.5,597713,151300,465796,-314496,-581014,0.5
1900-01-22 17:56:30,7971.0,213333,7971.5,237076,11150,433436,-422286,-23743,0.5
1900-01-22 17:56:45,7977.0,325469,7977.5,272938,116384,172490,-56106,52531,0.5
1900-01-22 17:57:00,7977.0,100392,7977.5,888384,36808,71272,-34464,-787992,0.5
1900-01-22 17:57:15,7981.5,937617,7982.0,23108,113934,7416,106518,914509,0.5
1900-01-22 17:57:30,7981.5,607962,7982.0,124836,175868,36678,139190,483126,0.5
1900-01-22 17:57:45,7981.5,590027,7982.0,714280,49798,83700,-33902,-124253,0.5
1900-01-22 17:58:00,7981.5,337437,7982.0,650391,121842,86312,35530,-312954,0.5
1900-01-22 17:58:15,7986.5,784975,7987.0,388967,161778,464532,-302754,396008,0.5
1900-01-22 17:58:30,7992.5,483182,7993.0,3766,486280,12568,473712,479416,0.5
1900-01-22 17:58:45,8025.0,4700,8025.5,179828,4751592,188646,4562946,-175128,0.5
1900-01-22 17:59:00,8023.5,62000,8024.0,187805,2454732,4206450,-1751718,-125805,0.5
1900-01-22 17:59:15,8019.5,433771,8020.0,238682,563102,1057704,-494602,195089,0.5
1900-01-22 17:59:30,8019.5,158917,8020.0,700433,352698,347588,5110,-541516,0.5
1900-01-22 17:59:45,8017.0,14658,8017.5,312484,565164,502492,62672,-297826,0.5
1900-01-22 18:00:00,8018.0,33694,8018.5,39578,243466,165308,78158,-5884,0.5
1900-01-22 18:00:15,8034.0,46800,8034.5,30514,368894,860418,-491524,16286,0.5
1900-01-22 18:00:30,8034.5,253512,8035.0,281898,2553348,190310,2363038,-28386,0.5
1900-01-22 18:00:45,8060.5,5476,8066.0,20782,4254018,109024,4144994,-15306,5.5
1900-01-22 18:01:00,8050.0,1804642,8050.5,20000,3868652,5016684,-1148032,1784642,0.5
1900-01-22 18:01:15,8049.5,69698,8050.0,2116339,1017476,745972,271504,-2046641,0.5
1900-01-22 18:01:30,8040.5,452319,8041.0,316758,652278,1124020,-471742,135561,0.5
1900-01-22 18:01:45,8050.0,524974,8050.5,20000,738072,371022,367050,504974,0.5
1900-01-22 18:02:00,8059.0,44692,8059.5,280054,478122,173440,304682,-235362,0.5
1900-01-22 18:02:15,8044.0,2251,8044.5,5000,189828,536908,-347080,-2749,0.5
1900-01-22 18:02:30,8043.0,316160,8043.5,76226,652682,307686,344996,239934,0.5
1900-01-22 18:02:45,8034.5,419227,8035.0,91505,422272,1123482,-701210,327722,0.5
1900-01-22 18:03:00,8041.0,782029,8041.5,35282,93052,221954,-128902,746747,0.5
1900-01-22 18:03:15,8044.5,1335953,8045.0,118827,683102,223196,459906,1217126,0.5
1900-01-22 18:03:30,8044.5,34577,8049.5,2000,291634,128034,163600,32577,5.0
1900-01-22 18:03:45,8038.5,7489,8039.0,3000,120410,455494,-335084,4489,0.5
1900-01-22 18:04:00,8031.5,583214,8032.0,803994,26114,1177828,-1151714,-220780,0.5
1900-01-22 18:04:15,8018.0,366078,8018.5,168783,140462,1861580,-1721118,197295,0.5
1900-01-22 18:04:30,8017.0,2886,8017.5,238949,662930,329892,333038,-236063,0.5
1900-01-22 18:04:45,8015.5,411080,8016.0,14227,382970,422194,-39224,396853,0.5
1900-01-22 18:05:00,8018.5,617740,8019.0,60103,441504,287834,153670,557637,0.5
1900-01-22 18:05:15,8033.5,93320,8034.0,29860,313096,25044,288052,63460,0.5
1900-01-22 18:05:30,8031.5,140505,8032.0,694362,600508,418510,181998,-553857,0.5
1900-01-22 18:05:45,8028.0,39547,8028.5,299393,130752,168884,-38132,-259846,0.5
1900-01-22 18:06:00,8027.0,75375,8027.5,269078,94802,224214,-129412,-193703,0.5
1900-01-22 18:06:15,8027.5,429467,8028.0,57593,740168,55396,684772,371874,0.5
1900-01-22 18:06:30,8032.0,335066,8032.5,2579,339774,80364,259410,332487,0.5
1900-01-22 18:06:45,8025.5,9209,8026.0,181908,230770,86324,144446,-172699,0.5
1900-01-22 18:07:00,8022.0,135314,8022.5,938344,13672,202490,-188818,-803030,0.5
1900-01-22 18:07:15,8020.0,431746,8020.5,210812,223578,103618,119960,220934,0.5
1900-01-22 18:07:30,8018.5,408814,8019.0,418900,22992,721804,-698812,-10086,0.5
1900-01-22 18:07:45,8015.0,57251,8015.5,505222,712,506090,-505378,-447971,0.5
1900-01-22 18:08:00,8015.0,27020,8015.5,1145143,82414,361372,-278958,-1118123,0.5
1900-01-22 18:08:15,8015.0,583298,8015.5,1094837,25984,273614,-247630,-511539,0.5
1900-01-22 18:08:30,8005.0,36511,8005.5,164433,19810,2329958,-2310148,-127922,0.5
1900-01-22 18:08:45,7993.0,65800,7993.5,19000,238336,1778186,-1539850,46800,0.5
1900-01-22 18:09:00,7996.0,41530,7996.5,9697,550084,347328,202756,31833,0.5
1900-01-22 18:09:15,8006.0,246220,8006.5,351277,417062,338692,78370,-105057,0.5
1900-01-22 18:09:30,8004.0,7000,8004.5,147988,438382,394526,43856,-140988,0.5
1900-01-22 18:09:45,7997.5,835059,7998.0,70899,178216,276776,-98560,764160,0.5
1900-01-22 18:10:00,7998.0,1356963,7998.5,10186,255968,155762,100206,1346777,0.5
1900-01-22 18:10:15,7999.0,652258,7999.5,336392,199942,142810,57132,315866,0.5
1900-01-22 18:10:30,7992.5,61585,7993.0,146808,152400,426716,-274316,-85223,0.5
1900-01-22 18:10:45,7985.0,55133,7985.5,19599,17638,225766,-208128,35534,0.5
1900-01-22 18:11:00,7984.0,525836,7984.5,702983,94900,684292,-589392,-177147,0.5
1900-01-22 18:11:15,7992.0,753278,7992.5,7992,482076,480574,1502,745286,0.5
1900-01-22 18:11:30,7997.0,1659597,7997.5,28057,1067492,95364,972128,1631540,0.5
1900-01-22 18:11:45,8001.5,695026,8002.0,182006,162184,120242,41942,513020,0.5
1900-01-22 18:12:00,8002.0,907417,8002.5,245962,76232,31182,45050,661455,0.5
1900-01-22 18:12:15,8002.0,929400,8002.5,48283,192822,72130,120692,881117,0.5
1900-01-22 18:12:30,8004.5,850246,8005.0,5931,172298,92970,79328,844315,0.5
1900-01-22 18:12:45,8005.5,1444872,8006.0,5340,179368,87506,91862,1439532,0.5
1900-01-22 18:13:00,8015.0,581307,8015.5,559586,516600,187888,328712,21721,0.5
1900-01-22 18:13:15,8008.0,810050,8008.5,424822,139660,99896,39764,385228,0.5
1900-01-22 18:13:30,8009.5,1004696,8010.0,315843,161846,91608,70238,688853,0.5
1900-01-22 18:13:45,8007.5,22426,8008.0,429018,418774,225180,193594,-406592,0.5
1900-01-22 18:14:00,7993.5,126803,7994.0,45217,36906,52020,-15114,81586,0.5
1900-01-22 18:14:15,8004.0,1224063,8004.5,48504,290466,71082,219384,1175559,0.5
1900-01-22 18:14:30,8007.0,563764,8007.5,1839,25236,20026,5210,561925,0.5
1900-01-22 18:14:45,8009.5,360535,8010.0,578930,651026,36706,614320,-218395,0.5
1900-01-22 18:15:00,8009.5,71405,8010.0,694776,28118,79412,-51294,-623371,0.5
1900-01-22 18:15:15,8006.0,1106668,8006.5,97967,12228,32718,-20490,1008701,0.5
1900-01-22 18:15:30,7994.0,317560,7994.5,35321,16598,72800,-56202,282239,0.5
1900-01-22 18:15:45,8001.5,1265973,8002.0,200461,30574,197892,-167318,1065512,0.5
1900-01-22 18:16:00,8001.5,41895,8002.0,832286,351924,140338,211586,-790391,0.5
1900-01-22 18:16:15,8001.5,3361,8002.0,1169593,5964,252082,-246118,-1166232,0.5
1900-01-22 18:16:30,8000.0,146545,8000.5,1092747,11407,25688,-14281,-946202,0.5
1900-01-22 18:16:45,7995.5,6499,7996.0,1225316,23000,72864,-49864,-1218817,0.5
1900-01-22 18:17:00,7990.0,995888,7990.5,293057,14028,118371,-104343,702831,0.5
1900-01-22 18:17:15,7992.0,764267,7992.5,21322,73990,361408,-287418,742945,0.5
1900-01-22 18:19:45,7987.5,830386,7988.0,561211,166807,38969,127838,269175,0.5
1900-01-22 18:20:00,7989.5,521071,7990.0,164397,292623,67098,225525,356674,0.5
1900-01-22 18:20:15,7990.0,1320313,7990.5,46877,106649,11425,95224,1273436,0.5
1900-01-22 18:20:30,7994.0,439031,7994.5,653646,26238,9654,16584,-214615,0.5
1900-01-22 18:20:45,7994.0,1005157,7994.5,454189,42533,34855,7678,550968,0.5
1900-01-22 18:21:00,7994.0,968630,7994.5,651819,1719,13638,-11919,316811,0.5
1900-01-22 18:21:15,7994.5,1337378,7995.0,108269,101200,65280,35920,1229109,0.5
1900-01-22 18:21:30,7996.5,468177,7997.0,36534,164880,110,164770,431643,0.5
1900-01-22 18:21:45,8006.5,366371,8007.0,4654,62540,11160,51380,361717,0.5
1900-01-22 18:22:00,8021.0,16224,8021.5,77824,480161,144486,335675,-61600,0.5
1900-01-22 18:22:15,8014.0,927271,8014.5,15438,130666,63645,67021,911833,0.5
1900-01-22 18:22:30,8015.0,42069,8015.5,1091854,94221,54448,39773,-1049785,0.5
1900-01-22 18:22:45,8010.0,348003,8010.5,675374,202713,46695,156018,-327371,0.5
1900-01-22 18:23:00,8009.5,3303,8010.0,252402,146298,95554,50744,-249099,0.5
1900-01-22 18:23:15,8004.5,745787,8005.0,497903,21420,102959,-81539,247884,0.5
1900-01-22 18:23:30,8011.0,823543,8011.5,368,41674,33155,8519,823175,0.5
1900-01-22 18:23:45,8013.5,141165,8014.0,903005,33662,18840,14822,-761840,0.5
1900-01-22 18:24:00,8013.5,110550,8014.0,1022178,32265,57633,-25368,-911628,0.5
1900-01-22 18:24:15,8011.5,41890,8012.0,938596,18581,88437,-69856,-896706,0.5
1900-01-22 18:24:30,8007.0,154104,8007.5,1036667,21360,53769,-32409,-882563,0.5
1900-01-22 18:24:45,8007.0,709074,8007.5,74924,7147,61778,-54631,634150,0.5
1900-01-22 18:25:00,8009.5,774705,8010.0,186281,39532,30931,8601,588424,0.5
1900-01-22 18:25:15,8009.5,311022,8010.0,1075287,24110,19870,4240,-764265,0.5
1900-01-22 18:25:30,8012.5,265517,8013.0,715872,15030,11968,3062,-450355,0.5
1900-01-22 18:25:45,8012.5,90300,8013.0,893156,8347,30969,-22622,-802856,0.5
1900-01-22 18:26:00,8012.5,61303,8013.0,776857,156640,32416,124224,-715554,0.5
1900-01-22 18:26:15,8012.0,11915,8012.5,1194885,1434,18246,-16812,-1182970,0.5
1900-01-22 18:26:30,8009.5,1018,8010.0,953681,2101,27844,-25743,-952663,0.5
1900-01-22 18:26:45,8007.0,13322,8007.5,1329886,640,61560,-60920,-1316564,0.5
1900-01-22 18:27:00,8005.0,930686,8005.5,272660,24586,89551,-64965,658026,0.5
1900-01-22 18:27:15,8007.0,962253,8007.5,4145,52909,46522,6387,958108,0.5
1900-01-22 18:27:30,8007.5,933423,8008.0,176415,90094,4837,85257,757008,0.5
1900-01-22 18:27:45,8007.5,758961,8008.0,378574,36125,13895,22230,380387,0.5
1900-01-22 18:28:00,8005.0,892223,8005.5,1404539,8785,52169,-43384,-512316,0.5
1900-01-22 18:28:15,8005.0,709519,8005.5,1196193,14728,94036,-79308,-486674,0.5
1900-01-22 18:28:30,8005.0,966975,8005.5,425567,50731,198280,-147549,541408,0.5
1900-01-22 18:28:45,8005.0,326399,8005.5,1193853,24052,192554,-168502,-867454,0.5
1900-01-22 18:29:00,8003.0,82398,8003.5,1384631,100,171087,-170987,-1302233,0.5
1900-01-22 18:29:15,7997.5,66941,7998.0,393879,6008,153845,-147837,-326938,0.5
1900-01-22 18:29:30,7997.5,886151,7998.0,106066,26304,19370,6934,780085,0.5
1900-01-22 18:29:45,7999.5,811297,8000.0,2679,13803,9400,4403,808618,0.5
1900-01-22 18:30:00,8001.0,814527,8001.5,206991,20394,50596,-30202,607536,0.5
1900-01-22 18:30:15,8004.5,176271,8005.0,961607,198423,11001,187422,-785336,0.5
1900-01-22 18:30:30,8003.0,193,8003.5,917729,2026,67276,-65250,-917536,0.5
1900-01-22 18:30:45,8003.0,16592,8003.5,1164826,13118,34932,-21814,-1148234,0.5
1900-01-22 18:31:00,8002.0,889111,8002.5,167925,47712,13183,34529,721186,0.5
1900-01-22 18:31:15,8003.0,1057725,8003.5,64282,40850,4987,35863,993443,0.5
1900-01-22 18:31:30,8004.5,1002843,8005.0,14554,69871,6654,63217,988289,0.5
1900-01-22 18:31:45,8007.5,277418,8008.0,4062,26449,5013,21436,273356,0.5
1900-01-22 18:32:00,8007.5,725499,8008.0,654745,24237,1,24236,70754,0.5
1900-01-22 18:32:15,8007.5,764759,8008.0,733175,20762,36450,-15688,31584,0.5
1900-01-22 18:32:30,8008.0,930196,8008.5,236956,29057,2275,26782,693240,0.5
1900-01-22 18:32:45,8008.0,1315855,8008.5,36475,164512,3550,160962,1279380,0.5
1900-01-22 18:33:00,8008.0,1297060,8008.5,15889,34152,6200,27952,1281171,0.5
1900-01-22 18:33:15,8008.5,998329,8009.0,164431,28411,4550,23861,833898,0.5
1900-01-22 18:33:30,8009.0,1395984,8009.5,30008,230336,12740,217596,1365976,0.5
1900-01-22 18:33:45,8009.0,1205204,8009.5,192200,17839,332,17507,1013004,0.5
1900-01-22 18:34:00,8009.5,937073,8010.0,1537530,24401,1012,23389,-600457,0.5
1900-01-22 18:34:15,8009.5,1253796,8010.0,1143959,268341,2784,265557,109837,0.5
1900-01-22 18:34:30,8009.5,1412271,8010.0,352391,438490,200,438290,1059880,0.5
1900-01-22 18:34:45,8015.5,1037427,8016.0,7106,194216,11178,183038,1030321,0.5
1900-01-22 18:35:00,8017.5,1655023,8018.0,40532,51800,6550,45250,1614491,0.5
1900-01-22 18:35:15,8019.5,1549379,8020.0,147382,455300,34912,420388,1401997,0.5
1900-01-22 18:35:30,8024.5,252411,8025.0,62614,467094,16783,450311,189797,0.5
1900-01-22 18:35:45,8027.0,102801,8027.5,681844,196074,23593,172481,-579043,0.5
1900-01-22 18:36:00,8024.5,289660,8025.0,960535,139523,130826,8697,-670875,0.5
1900-01-22 18:36:15,8024.5,1106252,8025.0,127545,204009,36795,167214,978707,0.5
1900-01-22 18:36:30,8029.0,612059,8029.5,89682,102771,55985,46786,522377,0.5
1900-01-22 18:36:45,8029.0,232854,8029.5,664038,115565,17488,98077,-431184,0.5
1900-01-22 18:37:00,8027.5,37635,8028.0,856774,191402,52749,138653,-819139,0.5
1900-01-22 18:37:15,8029.0,1083426,8029.5,26462,235693,10138,225555,1056964,0.5
1900-01-22 18:37:30,8029.5,1061411,8030.0,74091,278101,32266,245835,987320,0.5
1900-01-22 18:37:45,8029.5,18360,8030.0,904219,25975,60681,-34706,-885859,0.5
1900-01-22 18:38:00,8020.5,6443,8021.0,236394,42946,218605,-175659,-229951,0.5
1900-01-22 18:38:15,8024.5,88250,8025.0,6251,53763,213727,-159964,81999,0.5
1900-01-22 18:38:30,8024.5,713911,8025.0,250123,70411,37071,33340,463788,0.5
1900-01-22 18:38:45,8022.0,137115,8022.5,188938,132886,25550,107336,-51823,0.5
1900-01-22 18:39:00,8028.5,697076,8029.0,3299,17205,35655,-18450,693777,0.5
1900-01-22 18:39:15,8035.5,106057,8036.0,51238,257606,57384,200222,54819,0.5
1900-01-22 18:39:30,8046.5,689,8047.0,26833,506519,64596,441923,-26144,0.5
1900-01-22 18:39:45,8042.5,669946,8043.0,191472,244179,79349,164830,478474,0.5
1900-01-22 18:40:00,8044.5,1224617,8045.0,23903,161795,22119,139676,1200714,0.5
1900-01-22 18:40:15,8047.5,627621,8048.0,31595,331829,22928,308901,596026,0.5
1900-01-22 18:40:30,8054.5,373032,8055.0,558186,319787,22454,297333,-185154,0.5
1900-01-22 18:40:45,8044.0,496500,8044.5,216201,52482,284744,-232262,280299,0.5
1900-01-22 18:41:00,8044.0,622470,8044.5,495871,78776,250666,-171890,126599,0.5
1900-01-22 18:41:15,8044.0,853122,8044.5,458582,17820,59318,-41498,394540,0.5
1900-01-22 18:41:30,8044.0,973008,8044.5,43833,37560,32693,4867,929175,0.5
1900-01-22 18:41:45,8044.5,109971,8045.0,896883,93170,21748,71422,-786912,0.5
1900-01-22 18:42:00,8037.5,44500,8038.0,121310,17786,81947,-64161,-76810,0.5
1900-01-22 18:42:15,8033.5,663,8034.0,456266,11212,563085,-551873,-455603,0.5
1900-01-22 18:42:30,8032.5,133317,8033.0,647418,22560,49118,-26558,-514101,0.5
1900-01-22 18:42:45,8025.0,327290,8025.5,467975,29959,191444,-161485,-140685,0.5
1900-01-22 18:43:00,8025.0,296264,8025.5,328217,44035,69522,-25487,-31953,0.5
1900-01-22 18:43:15,8027.0,962605,8027.5,129883,86696,57024,29672,832722,0.5
1900-01-22 18:43:30,8031.5,265346,8032.0,74111,68594,11200,57394,191235,0.5
1900-01-22 18:43:45,8038.5,195725,8039.0,813996,52885,25958,26927,-618271,0.5
1900-01-22 18:44:00,8038.5,409665,8039.0,706198,82873,27795,55078,-296533,0.5
1900-01-22 18:44:15,8039.5,522225,8040.0,648507,231020,7889,223131,-126282,0.5
1900-01-22 18:44:30,8045.5,40142,8046.0,1049308,86740,14454,72286,-1009166,0.5
1900-01-22 18:44:45,8045.5,383946,8046.0,340436,40583,46660,-6077,43510,0.5
1900-01-22 18:45:00,8049.0,323324,8049.5,28070,83032,76373,6659,295254,0.5
1900-01-22 18:45:15,8051.5,175562,8052.0,491457,177754,9528,168226,-315895,0.5
1900-01-22 18:45:30,8049.0,1013776,8049.5,2382,147094,160359,-13265,1011394,0.5
1900-01-22 18:45:45,8049.5,619745,8050.0,134112,81068,28587,52481,485633,0.5
1900-01-22 18:46:00,8050.0,71320,8050.5,138092,20773,66493,-45720,-66772,0.5
1900-01-22 18:46:15,8045.0,74761,8045.5,201000,38844,63957,-25113,-126239,0.5
1900-01-22 18:46:30,8044.0,494229,8044.5,583629,4888,187014,-182126,-89400,0.5
1900-01-22 18:46:45,8042.5,2352,8043.0,845094,3560,31799,-28239,-842742,0.5
1900-01-22 18:47:00,8039.0,1016934,8039.5,253886,32755,367212,-334457,763048,0.5
1900-01-22 18:47:15,8042.0,922408,8042.5,27126,26503,29782,-3279,895282,0.5
1900-01-22 18:47:30,8043.5,392181,8044.0,56561,95315,10866,84449,335620,0.5
1900-01-22 18:47:45,8055.0,106517,8055.5,117210,86191,1342,84849,-10693,0.5
1900-01-22 18:48:00,8055.0,434738,8055.5,220814,206398,16376,190022,213924,0.5
1900-01-22 18:48:15,8058.0,666615,8058.5,108275,289061,29265,259796,558340,0.5
1900-01-22 18:48:30,8066.0,103877,8066.5,989803,155698,143289,12409,-885926,0.5
1900-01-22 18:48:45,8053.0,770375,8053.5,254004,85446,291506,-206060,516371,0.5
1900-01-22 18:49:00,8053.5,148911,8054.0,23931,128856,67686,61170,124980,0.5
1900-01-22 18:49:15,8059.0,329369,8059.5,400041,306234,49221,257013,-70672,0.5
1900-01-22 18:49:30,8056.0,149885,8056.5,273430,89317,155797,-66480,-123545,0.5
1900-01-22 18:49:45,8059.0,68176,8059.5,500412,74922,158143,-83221,-432236,0.5
1900-01-22 18:50:00,8060.0,1383007,8060.5,62393,277507,26190,251317,1320614,0.5
1900-01-22 18:50:15,8065.0,100,8067.0,27259,98868,11455,87413,-27159,2.0
1900-01-22 18:50:30,8068.5,944157,8069.0,323711,196035,22556,173479,620446,0.5
1900-01-22 18:50:45,8068.5,156228,8069.0,610307,124287,128310,-4023,-454079,0.5
1900-01-22 18:51:00,8060.0,91842,8060.5,247897,36010,142232,-106222,-156055,0.5
1900-01-22 18:51:15,8054.5,1151998,8055.0,288245,27628,126931,-99303,863753,0.5
1900-01-22 18:51:30,8058.5,105992,8059.0,33850,116796,27998,88798,72142,0.5
1900-01-22 18:51:45,8062.5,184376,8063.0,64120,151812,9631,142181,120256,0.5
1900-01-22 18:52:00,8062.5,798497,8063.0,228182,40999,40276,723,570315,0.5
1900-01-22 18:52:15,8062.5,751679,8063.0,398399,8162,21835,-13673,353280,0.5
1900-01-22 18:52:30,8059.0,30121,8059.5,272167,6438,184934,-178496,-242046,0.5
1900-01-22 18:52:45,8052.0,82076,8052.5,118228,27241,241231,-213990,-36152,0.5
1900-01-22 18:53:00,8050.5,20000,8051.0,805078,57703,254642,-196939,-785078,0.5
1900-01-22 18:53:15,8042.5,703484,8043.0,266162,45230,493500,-448270,437322,0.5
1900-01-22 18:53:30,8046.0,77,8046.5,206108,103632,48523,55109,-206031,0.5
1900-01-22 18:53:45,8041.0,52155,8041.5,855364,68082,75679,-7597,-803209,0.5
1900-01-22 18:54:00,8010.0,120476,8010.5,44247,209578,995519,-785941,76229,0.5
1900-01-22 18:54:15,8037.0,86143,8037.5,45544,421308,208649,212659,40599,0.5
1900-01-22 18:54:30,8025.5,610135,8026.0,270731,425195,163072,262123,339404,0.5
1900-01-22 18:54:45,8025.5,1035349,8026.0,27679,196629,73073,123556,1007670,0.5
1900-01-22 18:55:00,8029.5,985161,8030.0,562406,1076292,50169,1026123,422755,0.5
1900-01-22 18:55:15,8032.5,999420,8033.0,250245,398691,16131,382560,749175,0.5
1900-01-22 18:55:30,8034.5,1070776,8035.0,673578,389774,1246,388528,397198,0.5
1900-01-22 18:55:45,8043.5,804396,8044.0,412761,425482,58867,366615,391635,0.5
1900-01-22 18:56:00,8043.5,2123127,8044.0,30838,93418,7929,85489,2092289,0.5
1900-01-22 18:56:15,8049.0,500616,8049.5,454869,66347,36427,29920,45747,0.5
1900-01-22 18:56:30,8051.0,143219,8051.5,699126,106510,26762,79748,-555907,0.5
1900-01-22 18:56:45,8051.0,187263,8051.5,626241,24354,319104,-294750,-438978,0.5
1900-01-22 18:57:00,8038.5,570975,8039.0,260442,22293,64880,-42587,310533,0.5
1900-01-22 18:57:15,8037.0,578172,8037.5,437920,22763,241208,-218445,140252,0.5
1900-01-22 18:57:30,8030.5,61208,8031.0,470290,3108,152171,-149063,-409082,0.5
1900-01-22 18:57:45,8038.0,845694,8038.5,4249,44346,98771,-54425,841445,0.5
1900-01-22 18:58:00,8044.0,232069,8044.5,784623,224909,159568,65341,-552554,0.5
1900-01-22 18:58:15,8034.0,26285,8034.5,1177380,5077,201385,-196308,-1151095,0.5
1900-01-22 18:58:30,8029.0,499835,8029.5,478044,16709,75499,-58790,21791,0.5
1900-01-22 18:58:45,8027.5,22414,8028.0,529980,4330,50152,-45822,-507566,0.5
1900-01-22 18:59:00,8031.0,444604,8031.5,14771,40419,15128,25291,429833,0.5
1900-01-22 18:59:15,8032.0,496151,8032.5,485838,68260,7829,60431,10313,0.5
1900-01-22 18:59:30,8033.5,933769,8034.0,53732,75046,2230,72816,880037,0.5
1900-01-22 18:59:45,8033.5,74973,8034.0,932839,32204,62820,-30616,-857866,0.5
1900-01-22 19:00:00,8030.5,820165,8031.0,602265,25090,216777,-191687,217900,0.5
1900-01-22 19:00:15,8023.5,27630,8024.0,250663,102171,849613,-747442,-223033,0.5
1900-01-22 19:00:30,8023.5,422121,8024.0,220031,73149,171290,-98141,202090,0.5
1900-01-22 19:00:45,8019.5,163013,8020.0,613207,5738,469496,-463758,-450194,0.5
1900-01-22 19:01:00,8019.5,44030,8020.0,535369,113884,154742,-40858,-491339,0.5
1900-01-22 19:01:15,8019.5,305593,8020.0,318676,32841,33075,-234,-13083,0.5
1900-01-22 19:01:30,8019.5,492928,8020.0,346124,26139,15604,10535,146804,0.5
1900-01-22 19:01:45,8019.5,348774,8020.0,405524,32685,2223,30462,-56750,0.5
1900-01-22 19:02:00,8019.5,251555,8020.0,401001,56214,83587,-27373,-149446,0.5
1900-01-22 19:02:15,8023.0,484199,8023.5,222710,22191,9097,13094,261489,0.5
1900-01-22 19:02:30,8028.5,851985,8029.0,176622,53330,43731,9599,675363,0.5
1900-01-22 19:02:45,8029.0,4452,8029.5,1089702,32129,29572,2557,-1085250,0.5
1900-01-22 19:03:00,8025.5,11092,8026.0,1216049,2506,15371,-12865,-1204957,0.5
1900-01-22 19:03:15,8019.0,220507,8019.5,497213,1635,68627,-66992,-276706,0.5
1900-01-22 19:03:30,8012.0,79089,8012.5,32529,12606,326360,-313754,46560,0.5
1900-01-22 19:03:45,8025.5,20072,8026.0,3000,144310,94140,50170,17072,0.5
1900-01-22 19:04:00,8025.0,121,8025.5,1010883,19639,29696,-10057,-1010762,0.5
1900-01-22 19:04:15,8015.0,418032,8015.5,439654,19178,19344,-166,-21622,0.5
1900-01-22 19:04:30,8015.0,54858,8015.5,545127,37272,7546,29726,-490269,0.5
1900-01-22 19:04:45,8020.0,34579,8020.5,1189554,7156,198530,-191374,-1154975,0.5
1900-01-22 19:05:00,8014.5,101037,8015.0,484318,3869,26786,-22917,-383281,0.5
1900-01-22 19:05:15,8012.0,39956,8012.5,913541,3690,51132,-47442,-873585,0.5
1900-01-22 19:05:30,8010.0,453439,8010.5,449644,12819,121721,-108902,3795,0.5
1900-01-22 19:05:45,8014.0,754656,8014.5,23977,117868,177956,-60088,730679,0.5
1900-01-22 19:06:00,8020.0,453835,8020.5,77769,214465,12252,202213,376066,0.5
1900-01-22 19:06:15,8024.0,6,8024.5,1127102,127711,15387,112324,-1127096,0.5
1900-01-22 19:06:30,8017.5,256419,8018.0,691963,3000,8117,-5117,-435544,0.5
1900-01-22 19:06:45,8022.5,170557,8023.0,1166730,3920,62688,-58768,-996173,0.5
1900-01-22 19:07:00,8022.5,33758,8023.0,1548394,25461,47965,-22504,-1514636,0.5
1900-01-22 19:07:15,8022.5,87218,8023.0,1166874,27609,12746,14863,-1079656,0.5
1900-01-22 19:07:30,8022.0,3019,8022.5,1391577,32000,7790,24210,-1388558,0.5
1900-01-22 19:07:45,8020.0,581624,8020.5,1022227,12715,49857,-37142,-440603,0.5
1900-01-22 19:08:00,8015.0,1501,8015.5,1041077,800,115480,-114680,-1039576,0.5
1900-01-22 19:08:15,8013.0,388726,8013.5,25839,17174,65356,-48182,362887,0.5
1900-01-22 19:08:30,8013.0,783591,8013.5,21761,32603,5276,27327,761830,0.5
1900-01-22 19:08:45,8018.0,47641,8018.5,1024748,34273,10675,23598,-977107,0.5
1900-01-22 19:09:00,8018.0,150884,8018.5,1147652,12630,11130,1500,-996768,0.5
1900-01-22 19:09:15,8018.0,466987,8018.5,248717,51290,40187,11103,218270,0.5
1900-01-22 19:09:30,8015.0,609273,8015.5,190354,6086,15298,-9212,418919,0.5
1900-01-22 19:09:45,8015.0,670239,8015.5,431847,39102,5755,33347,238392,0.5
1900-01-22 19:10:00,8015.0,761547,8015.5,346587,68220,6086,62134,414960,0.5
1900-01-22 19:10:15,8023.0,302014,8023.5,11855,112928,560,112368,290159,0.5
1900-01-22 19:10:30,8024.5,800472,8025.0,61322,76914,74417,2497,739150,0.5
1900-01-22 19:10:45,8029.0,361814,8029.5,53175,67499,34200,33299,308639,0.5
1900-01-22 19:11:00,8035.5,517140,8036.0,269908,213925,16960,196965,247232,0.5
1900-01-22 19:11:15,8025.0,470281,8025.5,111761,119928,196988,-77060,358520,0.5
1900-01-22 19:11:30,8030.5,599509,8031.0,6671,59293,7882,51411,592838,0.5
1900-01-22 19:11:45,8033.5,694887,8034.0,461442,24980,5572,19408,233445,0.5
1900-01-22 19:12:00,8033.5,121113,8034.0,974146,36141,32159,3982,-853033,0.5
1900-01-22 19:12:15,8036.5,145914,8037.0,1176143,83190,45104,38086,-1030229,0.5
1900-01-22 19:12:30,8036.5,288243,8037.0,645408,10139,28785,-18646,-357165,0.5
1900-01-22 19:12:45,8036.5,762910,8037.0,59240,396,15266,-14870,703670,0.5
1900-01-22 19:13:00,8039.5,779157,8040.0,168352,53328,89480,-36152,610805,0.5
1900-01-22 19:13:15,8036.0,726775,8036.5,202832,28571,366266,-337695,523943,0.5
1900-01-22 19:13:30,8035.0,1855,8035.5,401873,4449,103895,-99446,-400018,0.5
1900-01-22 19:13:45,8033.0,542976,8033.5,166389,2764,70544,-67780,376587,0.5
1900-01-22 19:14:00,8031.5,12695,8032.0,975771,25944,17231,8713,-963076,0.5
1900-01-22 19:14:15,8029.5,11929,8030.0,1192355,11264,169817,-158553,-1180426,0.5
1900-01-22 19:14:30,8025.5,25653,8026.0,856328,13522,35058,-21536,-830675,0.5
1900-01-22 19:14:45,8021.5,209854,8022.0,921529,33107,39650,-6543,-711675,0.5
1900-01-22 19:15:00,8021.5,43990,8022.0,526133,3209,99917,-96708,-482143,0.5
1900-01-22 19:15:15,8019.5,9700,8020.0,1112948,620,67761,-67141,-1103248,0.5
1900-01-22 19:15:30,8020.0,818359,8020.5,80916,46671,194949,-148278,737443,0.5
1900-01-22 19:15:45,8018.5,19212,8019.0,1066203,8309,46980,-38671,-1046991,0.5
1900-01-22 19:16:00,8015.0,345982,8015.5,528805,54403,158679,-104276,-182823,0.5
1900-01-22 19:16:15,8015.0,1009905,8015.5,68059,25289,17205,8084,941846,0.5
1900-01-22 19:16:30,8018.0,836318,8018.5,74358,88969,21056,67913,761960,0.5
1900-01-22 19:16:45,8020.5,540210,8021.0,254083,152196,28344,123852,286127,0.5
1900-01-22 19:17:00,8020.5,18792,8021.0,1042393,19905,7454,12451,-1023601,0.5
1900-01-22 19:17:15,8015.5,382684,8016.0,107586,11135,43611,-32476,275098,0.5
1900-01-22 19:17:30,8015.0,186628,8015.5,324488,17426,273501,-256075,-137860,0.5
1900-01-22 19:17:45,8012.0,63,8012.5,992961,969,86152,-85183,-992898,0.5
1900-01-22 19:18:00,8009.0,248191,8009.5,382513,16810,297957,-281147,-134322,0.5
1900-01-22 19:18:15,8011.0,462163,8011.5,18053,40698,34994,5704,444110,0.5
1900-01-22 19:18:30,8009.5,47021,8010.0,849323,11832,254115,-242283,-802302,0.5
1900-01-22 19:18:45,8004.5,660,8005.0,1153064,27467,209727,-182260,-1152404,0.5
1900-01-22 19:19:00,7988.0,19000,7988.5,86876,25975,670083,-644108,-67876,0.5
1900-01-22 19:19:15,7992.5,16969,7993.0,40000,98750,553112,-454362,-23031,0.5
1900-01-22 19:19:30,7995.0,1026464,7995.5,3054,146409,31506,114903,1023410,0.5
1900-01-22 19:19:45,7999.0,776049,7999.5,231737,84294,40565,43729,544312,0.5
1900-01-22 19:20:00,7998.5,21080,7999.0,14657,51247,168659,-117412,6423,0.5
1900-01-22 19:20:15,7994.5,17221,7995.0,968403,21099,71914,-50815,-951182,0.5
1900-01-22 19:20:30,7989.0,210454,7989.5,744871,137422,178740,-41318,-534417,0.5
1900-01-22 19:20:45,7989.0,489301,7989.5,906976,151983,39752,112231,-417675,0.5
1900-01-22 19:21:00,7994.5,784835,7995.0,700,106887,18217,88670,784135,0.5
1900-01-22 19:21:15,7997.5,2168,7998.0,1429010,171004,45699,125305,-1426842,0.5
1900-01-22 19:21:30,7994.5,901732,7995.0,116960,117415,60006,57409,784772,0.5
1900-01-22 19:21:45,7997.5,425861,7998.0,39566,56752,3801,52951,386295,0.5
1900-01-22 19:22:00,8000.5,226066,8001.0,564923,173870,9823,164047,-338857,0.5
1900-01-22 19:22:15,8000.5,720913,8001.0,71788,43782,47384,-3602,649125,0.5
1900-01-22 19:22:30,8004.0,96032,8004.5,984778,45300,31336,13964,-888746,0.5
1900-01-22 19:22:45,8004.0,463228,8004.5,476857,153623,13679,139944,-13629,0.5
1900-01-22 19:23:00,8004.5,1163328,8005.0,13386,182526,4245,178281,1149942,0.5
1900-01-22 19:23:15,8005.5,983277,8006.0,36340,156349,8064,148285,946937,0.5
1900-01-22 19:23:30,8005.5,1252414,8006.0,4447,30848,10343,20505,1247967,0.5
1900-01-22 19:23:45,8008.0,549577,8008.5,396612,23767,43127,-19360,152965,0.5
1900-01-22 19:24:00,8008.0,1063028,8008.5,115068,34256,8550,25706,947960,0.5
1900-01-22 19:24:15,8008.5,1443838,8009.0,91893,119883,18501,101382,1351945,0.5
1900-01-22 19:24:30,8014.0,532180,8014.5,684701,165034,8400,156634,-152521,0.5
1900-01-22 19:24:45,8014.0,229334,8014.5,791605,8648,157811,-149163,-562271,0.5
1900-01-22 19:25:00,8004.5,703639,8005.0,423935,4619,19392,-14773,279704,0.5
1900-01-22 19:25:15,8004.5,243428,8005.0,828896,12478,160320,-147842,-585468,0.5
1900-01-22 19:25:30,8004.5,665726,8005.0,292754,35882,7060,28822,372972,0.5
1900-01-22 19:25:45,8004.5,1036022,8005.0,83526,74846,150,74696,952496,0.5
1900-01-22 19:26:00,8004.5,1227928,8005.0,105513,34155,122,34033,1122415,0.5
1900-01-22 19:26:15,8004.5,142897,8005.0,742448,5210,10990,-5780,-599551,0.5
1900-01-22 19:26:30,8000.0,35278,8000.5,631090,35000,38794,-3794,-595812,0.5
1900-01-22 19:26:45,7996.5,882555,7997.0,185308,16293,62028,-45735,697247,0.5
1900-01-22 19:27:00,8006.5,170602,8007.0,788641,92677,59671,33006,-618039,0.5
1900-01-22 19:27:15,8006.5,304501,8007.0,643304,44015,13340,30675,-338803,0.5
1900-01-22 19:27:30,8006.5,183043,8007.0,784009,7500,3419,4081,-600966,0.5
1900-01-22 19:27:45,8006.5,57020,8007.0,1059720,1081,15883,-14802,-1002700,0.5
1900-01-22 19:28:00,8006.5,210525,8007.0,831563,21,9000,-8979,-621038,0.5
1900-01-22 19:28:15,8001.5,45894,8002.0,804482,8004,38661,-30657,-758588,0.5
1900-01-22 19:28:30,7997.5,42638,7998.0,926911,421,66523,-66102,-884273,0.5
1900-01-22 19:28:45,7998.5,1213590,7999.0,31,43578,39630,3948,1213559,0.5
1900-01-22 19:29:00,8003.0,503644,8003.5,439702,35131,32278,2853,63942,0.5
1900-01-22 19:29:15,8002.5,35070,8003.0,953858,1360,30284,-28924,-918788,0.5
1900-01-22 19:29:30,7997.5,24905,7998.0,1043364,1112,79241,-78129,-1018459,0.5
1900-01-22 19:29:45,7995.5,3557,7996.0,816515,13203,146027,-132824,-812958,0.5
1900-01-22 19:30:00,7995.0,906274,7995.5,30787,13052,58150,-45098,875487,0.5
1900-01-22 19:30:15,7995.0,123814,7995.5,526755,18310,12721,5589,-402941,0.5
1900-01-22 19:30:30,7990.0,203238,7990.5,1051057,19345,140307,-120962,-847819,0.5
1900-01-22 19:30:45,7990.0,400480,7990.5,681749,9294,103397,-94103,-281269,0.5
1900-01-22 19:31:00,7990.0,371887,7990.5,275447,36974,121641,-84667,96440,0.5
1900-01-22 19:31:15,7993.5,945311,7994.0,158,32850,8950,23900,945153,0.5
1900-01-22 19:31:30,7999.5,550273,8000.0,976878,46305,4203,42102,-426605,0.5
1900-01-22 19:31:45,7999.0,8029,7999.5,1354978,82644,30911,51733,-1346949,0.5
1900-01-22 19:32:00,7998.0,507277,7998.5,368191,4971,49660,-44689,139086,0.5
1900-01-22 19:32:15,7998.0,842719,7998.5,159001,52328,59796,-7468,683718,0.5
1900-01-22 19:32:30,7992.5,164061,7993.0,375402,102086,176126,-74040,-211341,0.5
1900-01-22 19:32:45,7990.5,227105,7991.0,773421,2130,209784,-207654,-546316,0.5
1900-01-22 19:33:00,7990.5,101008,7991.0,801316,1001,46771,-45770,-700308,0.5
1900-01-22 19:33:15,7990.0,98872,7990.5,941020,10463,77111,-66648,-842148,0.5
1900-01-22 19:33:30,7997.5,770560,7998.0,110169,77891,69102,8789,660391,0.5
1900-01-22 19:33:45,7995.0,56494,7995.5,837401,14629,59869,-45240,-780907,0.5
1900-01-22 19:34:00,7995.0,886312,7995.5,12076,54624,5850,48774,874236,0.5
1900-01-22 19:34:15,7996.5,513837,7997.0,740564,43833,15,43818,-226727,0.5
1900-01-22 19:34:30,7996.0,315033,7996.5,837972,6930,2072,4858,-522939,0.5
1900-01-22 19:34:45,7996.0,574429,7996.5,362590,200,5101,-4901,211839,0.5
1900-01-22 19:35:00,7996.5,702087,7997.0,9376,47046,58768,-11722,692711,0.5
1900-01-22 19:35:15,7997.5,166157,7998.0,996021,34785,1034,33751,-829864,0.5
1900-01-22 19:35:30,7997.5,109953,7998.0,974940,86362,4570,81792,-864987,0.5
1900-01-22 19:35:45,7999.0,570120,7999.5,130824,95184,150,95034,439296,0.5
1900-01-22 19:36:00,7999.5,419335,8000.0,528013,115561,2726,112835,-108678,0.5
1900-01-22 19:36:15,7999.5,705642,8000.0,236388,76640,1800,74840,469254,0.5
1900-01-22 19:36:30,8002.0,810984,8002.5,586698,57801,2192,55609,224286,0.5
1900-01-22 19:36:45,8002.0,830048,8002.5,662305,14498,5632,8866,167743,0.5
1900-01-22 19:37:00,8002.0,603595,8002.5,483324,107853,7132,100721,120271,0.5
1900-01-22 19:37:15,8002.0,910547,8002.5,243058,135370,500,134870,667489,0.5
1900-01-22 19:37:30,8003.0,901977,8003.5,55980,227860,54600,173260,845997,0.5
1900-01-22 19:37:45,8003.0,199086,8003.5,727397,70701,6039,64662,-528311,0.5
1900-01-22 19:38:00,8003.0,526764,8003.5,120512,54100,5500,48600,406252,0.5
1900-01-22 19:38:15,8004.0,1134175,8004.5,21480,106334,8599,97735,1112695,0.5
1900-01-22 19:38:30,8004.5,990926,8005.0,290780,129204,300,128904,700146,0.5
1900-01-22 19:38:45,8004.5,1012319,8005.0,187014,172740,300,172440,825305,0.5
1900-01-22 19:39:00,8004.5,468724,8005.0,1000675,18542,62345,-43803,-531951,0.5
1900-01-22 19:39:15,8004.5,23519,8005.0,1186686,17134,37010,-19876,-1163167,0.5
1900-01-22 19:39:30,8004.5,755384,8005.0,274552,1662,8354,-6692,480832,0.5
1900-01-22 19:39:45,8004.5,1281314,8005.0,59639,17122,7725,9397,1221675,0.5
1900-01-22 19:40:00,8004.5,1168340,8005.0,42873,16518,34972,-18454,1125467,0.5
1900-01-22 19:40:15,8005.0,676523,8005.5,490950,43898,1205,42693,185573,0.5
1900-01-22 19:40:30,8005.0,825076,8005.5,572651,3786,350,3436,252425,0.5
1900-01-22 19:40:45,8005.5,1076161,8006.0,17153,14521,3800,10721,1059008,0.5
1900-01-22 19:41:00,8006.5,1181882,8007.0,27619,56124,1866,54258,1154263,0.5
1900-01-22 19:41:15,8007.5,1220620,8008.0,5333,11112,11000,112,1215287,0.5
1900-01-22 19:41:30,8009.5,1070544,8010.0,46053,115233,4000,111233,1024491,0.5
1900-01-22 19:41:45,8010.5,1012984,8011.0,531,81046,13386,67660,1012453,0.5
1900-01-22 19:42:00,8019.5,296860,8020.0,576285,142423,10566,131857,-279425,0.5
1900-01-22 19:42:15,8019.5,41524,8020.0,809468,97118,10164,86954,-767944,0.5
1900-01-22 19:42:30,8019.5,554956,8020.0,238944,54045,57605,-3560,316012,0.5
1900-01-22 19:42:45,8019.5,1086184,8020.0,13225,64811,8314,56497,1072959,0.5
1900-01-22 19:43:00,8022.0,140849,8022.5,868913,118204,15949,102255,-728064,0.5
1900-01-22 19:43:15,8011.0,1718356,8011.5,310389,2125,138456,-136331,1407967,0.5
1900-01-22 19:43:30,8011.0,1861452,8011.5,295301,20501,97730,-77229,1566151,0.5
1900-01-22 19:43:45,8012.5,406548,8013.0,3763,24827,1600,23227,402785,0.5
1900-01-22 19:44:00,8012.5,554481,8013.0,592768,6930,4033,2897,-38287,0.5
1900-01-22 19:44:15,8014.5,362704,8015.0,25,14851,6975,7876,362679,0.5
1900-01-22 19:44:30,8014.5,756229,8015.0,139629,1957,7000,-5043,616600,0.5
1900-01-22 19:44:45,8015.0,903987,8015.5,3574,3090,2220,870,900413,0.5
1900-01-22 19:45:00,8019.5,483577,8020.0,679261,76797,5931,70866,-195684,0.5
1900-01-22 19:45:15,8019.5,353650,8020.0,777445,18505,10673,7832,-423795,0.5
1900-01-22 19:45:30,8019.5,365050,8020.0,787721,15812,19616,-3804,-422671,0.5
1900-01-22 19:45:45,8019.5,809606,8020.0,95657,4246,10064,-5818,713949,0.5
1900-01-22 19:46:00,8019.5,1067910,8020.0,29504,38579,14976,23603,1038406,0.5
1900-01-22 19:46:15,8023.5,865644,8024.0,54163,54940,13655,41285,811481,0.5
1900-01-22 19:46:30,8023.5,521395,8024.0,543612,7776,4504,3272,-22217,0.5
1900-01-22 19:46:45,8023.5,471637,8024.0,542280,119781,4504,115277,-70643,0.5
1900-01-22 19:47:00,8024.0,470897,8024.5,520720,51298,35407,15891,-49823,0.5
1900-01-22 19:47:15,8024.0,786988,8024.5,53230,21048,17522,3526,733758,0.5
1900-01-22 19:47:30,8024.0,801304,8024.5,40100,7714,2510,5204,761204,0.5
1900-01-22 19:47:45,8024.0,1031164,8024.5,47472,7685,2602,5083,983692,0.5
1900-01-22 19:48:00,8029.0,636258,8029.5,418504,589575,6146,583429,217754,0.5
1900-01-22 19:48:15,8029.0,309682,8029.5,668732,511027,50242,460785,-359050,0.5
1900-01-22 19:48:30,8030.5,421981,8031.0,32047,202518,51169,151349,389934,0.5
1900-01-22 19:48:45,8037.0,14949,8037.5,6348,443368,119047,324321,8601,0.5
1900-01-22 19:49:00,8034.5,1050439,8035.0,95664,48583,119487,-70904,954775,0.5
1900-01-22 19:49:15,8036.0,194892,8036.5,482946,116055,188791,-72736,-288054,0.5
1900-01-22 19:49:30,8039.5,55827,8040.0,11411,10755,149659,-138904,44416,0.5
1900-01-22 19:49:45,8039.5,444863,8040.0,259300,393815,36562,357253,185563,0.5
1900-01-22 19:50:00,8038.5,80276,8039.0,925808,416426,9578,406848,-845532,0.5
1900-01-22 19:50:15,8038.5,143683,8039.0,616381,72062,136331,-64269,-472698,0.5
1900-01-22 19:50:30,8039.0,892766,8039.5,13333,25738,93002,-67264,879433,0.5
1900-01-22 19:50:45,8039.0,105,8039.5,1217693,3692,37053,-33361,-1217588,0.5
1900-01-22 19:51:00,8028.5,268694,8029.0,75,43607,322481,-278874,268619,0.5
1900-01-22 19:51:15,8032.0,52542,8032.5,777211,8474,53171,-44697,-724669,0.5
1900-01-22 19:51:30,8030.0,46802,8030.5,712701,10754,16706,-5952,-665899,0.5
1900-01-22 19:51:45,8028.0,20411,8028.5,870988,50,42053,-42003,-850577,0.5
1900-01-22 19:52:00,8023.5,506044,8024.0,752367,2007,64601,-62594,-246323,0.5
1900-01-22 19:52:15,8023.0,10698,8023.5,1062247,520,216775,-216255,-1051549,0.5
1900-01-22 19:52:30,8022.5,550805,8023.0,164137,5851,198221,-192370,386668,0.5
1900-01-22 19:52:45,8022.5,127154,8023.0,697890,24119,2170,21949,-570736,0.5
1900-01-22 19:53:00,8022.5,470073,8023.0,274032,44960,6700,38260,196041,0.5
1900-01-22 19:53:15,8022.5,18556,8023.0,1483280,8810,17202,-8392,-1464724,0.5
1900-01-22 19:53:30,8022.5,476043,8023.0,219223,1010,6541,-5531,256820,0.5
1900-01-22 19:53:45,8022.5,789998,8023.0,64373,63528,195,63333,725625,0.5
1900-01-22 19:54:00,8022.5,796262,8023.0,67896,61769,637,61132,728366,0.5
1900-01-22 19:54:15,8023.0,856053,8023.5,126495,19032,637,18395,729558,0.5
1900-01-22 19:54:30,8023.0,885225,8023.5,442021,82157,7800,74357,443204,0.5
1900-01-22 19:54:45,8019.5,27796,8020.0,490567,2020,71067,-69047,-462771,0.5
1900-01-22 19:55:00,8017.5,169999,8018.0,625251,1009,186639,-185630,-455252,0.5
1900-01-22 19:55:15,8017.5,19722,8018.0,962172,700,76504,-75804,-942450,0.5
1900-01-22 19:55:30,8016.0,80993,8016.5,1038593,6600,22468,-15868,-957600,0.5
1900-01-22 19:55:45,8013.5,204468,8014.0,570033,5274,92907,-87633,-365565,0.5
1900-01-22 19:56:00,8013.0,47559,8013.5,1010941,42152,6638,35514,-963382,0.5
1900-01-22 19:56:15,8012.5,31094,8013.0,1545028,2991,17348,-14357,-1513934,0.5
1900-01-22 19:56:30,8011.0,5100,8011.5,1399578,266,28038,-27772,-1394478,0.5
1900-01-22 19:56:45,8010.0,173099,8010.5,729649,4800,107679,-102879,-556550,0.5
1900-01-22 19:57:00,8010.0,742282,8010.5,415069,18202,18130,72,327213,0.5
1900-01-22 19:57:15,8010.0,1276464,8010.5,18059,145991,18130,127861,1258405,0.5
1900-01-22 19:57:30,8018.5,75884,8019.0,858288,83262,11600,71662,-782404,0.5
1900-01-22 19:57:45,8018.5,40635,8019.0,903469,17665,6603,11062,-862834,0.5
1900-01-22 19:58:00,8014.5,4312,8015.0,1233579,4288,11009,-6721,-1229267,0.5
1900-01-22 19:58:15,8014.0,1650100,8014.5,332442,13183,89615,-76432,1317658,0.5
1900-01-22 19:58:30,8014.0,1659022,8014.5,303055,27221,1500,25721,1355967,0.5
1900-01-22 19:58:45,8014.5,301110,8015.0,47748,98175,4001,94174,253362,0.5
1900-01-22 19:59:00,8016.0,615789,8016.5,100299,27015,7352,19663,515490,0.5
1900-01-22 19:59:15,8017.0,622835,8017.5,36396,12668,321,12347,586439,0.5
1900-01-22 19:59:30,8020.5,415166,8021.0,455,140575,9777,130798,414711,0.5
1900-01-22 19:59:45,8024.0,383230,8024.5,94685,76556,3849,72707,288545,0.5
1900-01-22 20:00:00,8025.0,510876,8025.5,3598,28282,7049,21233,507278,0.5
1900-01-22 20:00:15,8029.5,345735,8030.0,284916,150898,27875,123023,60819,0.5
1900-01-22 20:00:30,8029.5,618741,8030.0,613981,63909,12324,51585,4760,0.5
1900-01-22 20:00:45,8035.5,847872,8036.0,5917,39809,8974,30835,841955,0.5
1900-01-22 20:01:00,8037.5,1141284,8038.0,295439,279417,18202,261215,845845,0.5
1900-01-22 20:01:15,8039.5,282477,8040.0,57425,160050,9030,151020,225052,0.5
1900-01-22 20:01:30,8039.5,75771,8040.0,445757,150271,125520,24751,-369986,0.5
1900-01-22 20:01:45,8049.5,149623,8050.0,2645,307849,65904,241945,146978,0.5
1900-01-22 20:02:00,8051.0,1858838,8051.5,1669,264584,149994,114590,1857169,0.5
1900-01-22 20:02:15,8060.0,392407,8060.5,12038,403923,16207,387716,380369,0.5
1900-01-22 20:02:30,8064.5,29131,8065.0,26175,438626,68192,370434,2956,0.5
1900-01-22 20:02:45,8056.0,296522,8056.5,648041,75771,574829,-499058,-351519,0.5
1900-01-22 20:03:00,8059.5,1667612,8060.0,12617,191247,49076,142171,1654995,0.5
1900-01-22 20:03:15,8061.5,5000,8062.0,4280,289951,241410,48541,720,0.5
1900-01-22 20:03:30,8058.5,783,8059.0,445733,51319,230663,-179344,-444950,0.5
1900-01-22 20:03:45,8048.5,2592,8049.0,18721,21416,157954,-136538,-16129,0.5
1900-01-22 20:04:00,8056.0,426324,8056.5,106802,206409,50720,155689,319522,0.5
1900-01-22 20:04:15,8056.0,375250,8056.5,479082,91368,24776,66592,-103832,0.5
1900-01-22 20:04:30,8056.0,617140,8056.5,360840,157952,59272,98680,256300,0.5
1900-01-22 20:04:45,8055.0,318745,8055.5,447220,11176,239231,-228055,-128475,0.5
1900-01-22 20:05:00,8060.0,62613,8060.5,178627,156497,166711,-10214,-116014,0.5
1900-01-22 20:05:15,8060.0,801219,8060.5,70644,186428,43670,142758,730575,0.5
1900-01-22 20:05:30,8056.0,567766,8056.5,673210,235504,580138,-344634,-105444,0.5
1900-01-22 20:05:45,8090.0,409532,8090.5,286534,1157207,1055330,101877,122998,0.5
1900-01-22 20:06:00,8086.5,12334,8087.0,174524,442501,432336,10165,-162190,0.5
1900-01-22 20:06:15,8081.5,1016656,8082.0,152955,293637,157375,136262,863701,0.5
1900-01-22 20:06:30,8086.0,531738,8086.5,433664,337047,182332,154715,98074,0.5
1900-01-22 20:06:45,8074.0,374476,8074.5,276830,227492,123435,104057,97646,0.5
1900-01-22 20:07:00,8076.5,69979,8077.0,1414704,238652,355451,-116799,-1344725,0.5
1900-01-22 20:07:15,8072.0,23094,8072.5,780149,35700,77224,-41524,-757055,0.5
1900-01-22 20:07:30,8066.5,8890,8067.0,406267,10814,185318,-174504,-397377,0.5
1900-01-22 20:07:45,8057.5,358268,8058.0,537312,51258,622588,-571330,-179044,0.5
1900-01-22 20:08:00,8057.5,674327,8058.0,425875,79067,276424,-197357,248452,0.5
1900-01-22 20:08:15,8062.0,1585,8062.5,89327,267902,91376,176526,-87742,0.5
1900-01-22 20:08:30,8053.5,39609,8054.0,72346,84753,123730,-38977,-32737,0.5
1900-01-22 20:08:45,8053.5,636149,8054.0,204036,106211,70363,35848,432113,0.5
1900-01-22 20:09:00,8053.5,60828,8054.0,615285,56225,71537,-15312,-554457,0.5
1900-01-22 20:09:15,8052.0,1669,8052.5,1266389,13865,41609,-27744,-1264720,0.5
1900-01-22 20:09:30,8047.5,103056,8048.0,893466,10776,47785,-37009,-790410,0.5
1900-01-22 20:09:45,8050.0,392222,8050.5,241053,168854,77690,91164,151169,0.5
1900-01-22 20:10:00,8050.0,268112,8050.5,773704,62414,66960,-4546,-505592,0.5
1900-01-22 20:10:15,8053.0,1338427,8053.5,43417,59435,25272,34163,1295010,0.5
1900-01-22 20:10:30,8056.5,579670,8057.0,931824,108965,2215,106750,-352154,0.5
1900-01-22 20:10:45,8057.0,244229,8057.5,280826,62063,64842,-2779,-36597,0.5
1900-01-22 20:11:00,8060.5,450036,8061.0,1046031,207379,19780,187599,-595995,0.5
1900-01-22 20:11:15,8057.0,235029,8057.5,1064720,22215,106172,-83957,-829691,0.5
1900-01-22 20:11:30,8057.0,103396,8057.5,1197675,27765,84416,-56651,-1094279,0.5
1900-01-22 20:11:45,8058.5,1264152,8059.0,1937,142484,24619,117865,1262215,0.5
1900-01-22 20:12:00,8060.5,688266,8061.0,225929,69902,20012,49890,462337,0.5
1900-01-22 20:12:15,8060.5,446321,8061.0,752888,29991,21855,8136,-306567,0.5
1900-01-22 20:12:30,8059.5,1456,8060.0,61669,9072,12887,-3815,-60213,0.5
1900-01-22 20:12:45,8057.0,169765,8057.5,665414,12597,43423,-30826,-495649,0.5
1900-01-22 20:13:00,8057.0,74507,8057.5,840229,35843,25329,10514,-765722,0.5
1900-01-22 20:13:15,8057.0,42539,8057.5,874468,2519,43657,-41138,-831929,0.5
1900-01-22 20:13:30,8056.5,10382,8057.0,1305598,11810,14855,-3045,-1295216,0.5
1900-01-22 20:13:45,8048.0,97249,8048.5,825787,5974,48145,-42171,-728538,0.5
1900-01-22 20:14:00,8048.0,728913,8048.5,248304,20545,21836,-1291,480609,0.5
1900-01-22 20:14:15,8050.5,589665,8051.0,120647,24178,41496,-17318,469018,0.5
1900-01-22 20:14:30,8043.0,4410,8043.5,112498,5257,245136,-239879,-108088,0.5
1900-01-22 20:14:45,8040.5,167778,8041.0,557686,2864,272796,-269932,-389908,0.5
1900-01-22 20:15:00,8040.5,315831,8041.0,774635,37599,93092,-55493,-458804,0.5
1900-01-22 20:15:15,8048.5,779386,8049.0,998654,111066,27687,83379,-219268,0.5
1900-01-22 20:15:30,8047.5,476328,8048.0,484463,66265,41218,25047,-8135,0.5
1900-01-22 20:15:45,8047.5,32801,8048.0,1413185,28142,31647,-3505,-1380384,0.5
1900-01-22 20:16:00,8047.5,249116,8048.0,563846,1191,13501,-12310,-314730,0.5
1900-01-22 20:16:15,8042.5,21041,8043.0,808528,10411,55706,-45295,-787487,0.5
1900-01-22 20:16:30,8040.5,169038,8041.0,711683,50,61658,-61608,-542645,0.5
1900-01-22 20:16:45,8031.5,27176,8032.0,348190,2345,602764,-600419,-321014,0.5
1900-01-22 20:17:00,8031.0,209528,8031.5,651955,27674,183970,-156296,-442427,0.5
1900-01-22 20:17:15,8028.0,78944,8028.5,1006784,2361,260068,-257707,-927840,0.5
1900-01-22 20:17:30,8029.0,571783,8029.5,46192,64741,128328,-63587,525591,0.5
1900-01-22 20:17:45,8023.5,169637,8024.0,255436,36620,514802,-478182,-85799,0.5
1900-01-22 20:18:00,8021.5,7846,8022.0,398678,15976,136919,-120943,-390832,0.5
1900-01-22 20:18:15,8022.5,563697,8023.0,32067,276504,63991,212513,531630,0.5
1900-01-22 20:18:30,8029.5,505935,8030.0,155806,235930,21001,214929,350129,0.5
1900-01-22 20:18:45,8036.5,339102,8037.0,860756,158816,6634,152182,-521654,0.5
1900-01-22 20:19:00,8035.5,16237,8036.0,273197,46555,66879,-20324,-256960,0.5
1900-01-22 20:19:15,8035.5,258175,8036.0,97370,46530,4169,42361,160805,0.5
1900-01-22 20:19:30,8036.5,660372,8037.0,20733,58394,6417,51977,639639,0.5
1900-01-22 20:19:45,8037.0,562049,8037.5,56100,34255,200,34055,505949,0.5
1900-01-22 20:20:00,8038.0,742337,8038.5,10524,30581,5701,24880,731813,0.5
1900-01-22 20:20:15,8039.0,54491,8039.5,1019061,108657,25451,83206,-964570,0.5
1900-01-22 20:20:30,8035.5,90983,8036.0,749811,2430,21564,-19134,-658828,0.5
1900-01-22 20:20:45,8035.5,41158,8036.0,957519,3000,35026,-32026,-916361,0.5
1900-01-22 20:21:00,8035.0,303942,8035.5,147098,1779,22322,-20543,156844,0.5
1900-01-22 20:21:15,8037.0,661736,8037.5,58016,146758,14115,132643,603720,0.5
1900-01-22 20:21:30,8038.5,536608,8039.0,26476,33816,2115,31701,510132,0.5
1900-01-22 20:21:45,8035.5,94129,8036.0,144059,20074,39768,-19694,-49930,0.5
1900-01-22 20:22:00,8031.5,1170,8032.0,530716,697,70333,-69636,-529546,0.5
1900-01-22 20:22:15,8027.0,4409,8027.5,13201,12892,73066,-60174,-8792,0.5
1900-01-22 20:22:30,8027.0,24445,8027.5,1063644,130,100658,-100528,-1039199,0.5
1900-01-22 20:22:45,8027.0,5117,8027.5,1110184,200,153010,-152810,-1105067,0.5
1900-01-22 20:23:00,8026.0,31473,8026.5,1250538,12761,32677,-19916,-1219065,0.5
1900-01-22 20:23:15,8025.5,324346,8026.0,216590,48422,34223,14199,107756,0.5
1900-01-22 20:23:30,8023.5,92073,8024.0,493803,26928,63712,-36784,-401730,0.5
1900-01-22 20:23:45,8023.5,187784,8024.0,248208,23580,4176,19404,-60424,0.5
1900-01-22 20:24:00,8024.0,227973,8024.5,266724,128676,4594,124082,-38751,0.5
1900-01-22 20:24:15,8024.0,201845,8024.5,298205,17319,4500,12819,-96360,0.5
1900-01-22 20:24:30,8024.0,776886,8024.5,76502,61832,4595,57237,700384,0.5
1900-01-22 20:24:45,8024.0,544077,8024.5,266469,97702,12005,85697,277608,0.5
1900-01-22 20:25:00,8024.0,103786,8024.5,794325,37504,21449,16055,-690539,0.5
1900-01-22 20:25:15,8023.0,64262,8023.5,975515,4644,72961,-68317,-911253,0.5
1900-01-22 20:25:30,8023.0,544866,8023.5,50278,31509,71914,-40405,494588,0.5
1900-01-22 20:25:45,8025.0,730529,8025.5,19716,63840,13000,50840,710813,0.5
1900-01-22 20:26:00,8027.0,684936,8027.5,15656,31063,110434,-79371,669280,0.5
1900-01-22 20:26:15,8027.5,816875,8028.0,5468,66884,115211,-48327,811407,0.5
1900-01-22 20:26:30,8032.0,378078,8032.5,6866,45033,127825,-82792,371212,0.5
1900-01-22 20:26:45,8032.5,682053,8033.0,237533,20304,10500,9804,444520,0.5
1900-01-22 20:27:00,8027.5,90765,8028.0,227403,45194,29841,15353,-136638,0.5
1900-01-22 20:27:15,8025.0,39508,8025.5,773857,20927,33525,-12598,-734349,0.5
1900-01-22 20:27:30,8025.5,513420,8026.0,7230,71815,35522,36293,506190,0.5
1900-01-22 20:27:45,8035.0,841818,8035.5,136488,19874,164,19710,705330,0.5
1900-01-22 20:28:00,8036.5,716852,8037.0,25943,81958,5201,76757,690909,0.5
1900-01-22 20:28:15,8042.5,519252,8043.0,657051,150959,3001,147958,-137799,0.5
1900-01-22 20:28:30,8042.5,350787,8043.0,667022,101510,42238,59272,-316235,0.5
1900-01-22 20:28:45,8042.0,25533,8042.5,912285,4106,103393,-99287,-886752,0.5
1900-01-22 20:29:00,8042.0,634393,8042.5,219822,1727,27980,-26253,414571,0.5
1900-01-22 20:29:15,8044.5,765132,8045.0,56430,16214,10991,5223,708702,0.5
1900-01-22 20:29:30,8047.0,1111238,8047.5,9951,98468,6637,91831,1101287,0.5
1900-01-22 20:29:45,8053.5,415105,8054.0,1236940,206002,19456,186546,-821835,0.5
1900-01-22 20:30:00,8053.5,449256,8054.0,1228412,111052,81775,29277,-779156,0.5
1900-01-22 20:30:15,8053.5,395972,8054.0,1213862,21062,108528,-87466,-817890,0.5
1900-01-22 20:30:30,8049.5,25326,8050.0,384463,50402,157523,-107121,-359137,0.5
1900-01-22 20:30:45,8049.5,466184,8050.0,442868,10513,76711,-66198,23316,0.5
1900-01-22 20:31:00,8049.5,765434,8050.0,263455,22793,54472,-31679,501979,0.5
1900-01-22 20:31:15,8050.0,870486,8050.5,61815,34033,1900,32133,808671,0.5
1900-01-22 20:31:30,8053.0,126359,8053.5,10196,90757,14601,76156,116163,0.5
1900-01-22 20:31:45,8056.0,715850,8056.5,71516,491081,3151,487930,644334,0.5
1900-01-22 20:32:00,8063.5,421683,8064.0,459519,223936,9773,214163,-37836,0.5
1900-01-22 20:32:15,8063.5,3329223,8064.0,166354,247220,171561,75659,3162869,0.5
1900-01-22 20:32:30,8064.5,3701398,8065.0,110547,210665,5001,205664,3590851,0.5
1900-01-22 20:32:45,8066.5,517106,8067.0,14015,126157,724,125433,503091,0.5
1900-01-22 20:33:00,8075.5,106140,8076.0,159094,135329,136867,-1538,-52954,0.5
1900-01-22 20:33:15,8078.5,792398,8079.0,14728,50310,142962,-92652,777670,0.5
1900-01-22 20:33:30,8082.5,626985,8083.0,1351221,81068,1395292,-1314224,-724236,0.5
1900-01-22 20:33:45,8082.5,2239087,8083.0,610872,187804,431434,-243630,1628215,0.5
1900-01-22 20:34:00,8089.5,98500,8090.0,630523,534512,87315,447197,-532023,0.5
1900-01-22 20:34:15,8084.0,709961,8084.5,7190,188224,141831,46393,702771,0.5
1900-01-22 20:34:30,8091.0,512867,8091.5,120900,180856,82135,98721,391967,0.5
1900-01-22 20:34:45,8096.0,944624,8096.5,123380,378582,78842,299740,821244,0.5
1900-01-22 20:35:00,8098.5,986168,8099.0,251292,640548,24216,616332,734876,0.5
1900-01-22 20:35:15,8114.5,62842,8115.0,616593,2169067,192394,1976673,-553751,0.5
1900-01-22 20:35:30,8103.0,1164109,8103.5,642482,330526,960933,-630407,521627,0.5
1900-01-22 20:35:45,8086.5,314387,8087.0,211436,77978,535858,-457880,102951,0.5
1900-01-22 20:36:00,8086.5,8058,8087.0,1077596,49035,365990,-316955,-1069538,0.5
1900-01-22 20:36:15,8072.0,352032,8072.5,79337,37124,309979,-272855,272695,0.5
1900-01-22 20:36:30,8075.5,683371,8076.0,414363,144982,222213,-77231,269008,0.5
1900-01-22 20:36:45,8075.0,275731,8075.5,1112941,82784,197902,-115118,-837210,0.5
1900-01-22 20:37:00,8072.0,563893,8072.5,179675,17638,130856,-113218,384218,0.5
1900-01-22 20:37:15,8072.0,14357,8072.5,768386,11302,74542,-63240,-754029,0.5
1900-01-22 20:37:30,8075.5,761348,8076.0,117273,334026,1645,332381,644075,0.5
1900-01-22 20:37:45,8089.5,2203869,8090.0,642897,130851,32909,97942,1560972,0.5
1900-01-22 20:38:00,8089.5,2284799,8090.0,1021,492997,21611,471386,2283778,0.5
1900-01-22 20:38:15,8096.5,565550,8097.0,227263,271446,23544,247902,338287,0.5
1900-01-22 20:38:30,8097.5,462290,8098.0,6121,179178,20629,158549,456169,0.5
1900-01-22 20:38:45,8105.0,782621,8105.5,96513,172644,76470,96174,686108,0.5
1900-01-22 20:39:00,8092.5,55179,8095.0,20000,23320,455657,-432337,35179,2.5
1900-01-22 20:39:15,8100.0,479217,8100.5,2837,150735,371550,-220815,476380,0.5
1900-01-22 20:39:30,8104.5,415516,8105.0,412374,55016,22097,32919,3142,0.5
1900-01-22 20:39:45,8106.0,766373,8106.5,2911,107004,280280,-173276,763462,0.5
1900-01-22 20:40:00,8109.5,26954,8110.0,277667,292221,81314,210907,-250713,0.5
1900-01-22 20:40:15,8105.0,16172,8105.5,221509,110225,109833,392,-205337,0.5
1900-01-22 20:40:30,8100.0,8509,8100.5,138029,106132,322926,-216794,-129520,0.5
1900-01-22 20:40:45,8093.5,19250,8094.0,18865,28859,82893,-54034,385,0.5
1900-01-22 20:41:00,8089.5,549817,8090.0,183794,472311,54262,418049,366023,0.5
1900-01-22 20:41:15,8085.5,75475,8086.0,271714,142339,236187,-93848,-196239,0.5
1900-01-22 20:41:30,8079.5,14579,8080.0,97072,35360,137896,-102536,-82493,0.5
1900-01-22 20:41:45,8073.5,382804,8074.0,743427,110632,117990,-7358,-360623,0.5
1900-01-22 20:42:00,8077.5,511601,8078.0,528300,124575,171876,-47301,-16699,0.5
1900-01-22 20:42:15,8077.5,1134426,8078.0,703473,375412,26809,348603,430953,0.5
1900-01-22 20:42:30,8079.0,402217,8079.5,22112,502868,232818,270050,380105,0.5
1900-01-22 20:42:45,8083.0,512486,8083.5,27274,262772,84972,177800,485212,0.5
1900-01-22 20:43:00,8077.5,322524,8078.0,949057,13026,370861,-357835,-626533,0.5
1900-01-22 20:43:15,8075.0,50100,8075.5,662430,7031,273311,-266280,-612330,0.5
1900-01-22 20:43:30,8075.0,3513558,8075.5,570950,276269,45295,230974,2942608,0.5
1900-01-22 20:43:45,8077.5,1216712,8078.0,17180,768739,4639,764100,1199532,0.5
1900-01-22 20:44:00,8079.0,767419,8079.5,781533,111766,44943,66823,-14114,0.5
1900-01-22 20:44:15,8081.0,576975,8081.5,109,59182,20412,38770,576866,0.5
1900-01-22 20:44:30,8084.0,119734,8084.5,1089347,89961,75083,14878,-969613,0.5
1900-01-22 20:44:45,8076.5,9718,8077.0,464912,15720,190655,-174935,-455194,0.5
1900-01-22 20:45:00,8072.5,6847,8073.0,343162,16228,50884,-34656,-336315,0.5
1900-01-22 20:45:15,8059.5,349568,8060.0,51612,14442,355850,-341408,297956,0.5
1900-01-22 20:45:30,8059.5,149340,8060.0,761918,54144,226767,-172623,-612578,0.5
1900-01-22 20:45:45,8053.0,366939,8053.5,238383,32446,130989,-98543,128556,0.5
1900-01-22 20:46:00,8055.0,658912,8055.5,41235,160116,47735,112381,617677,0.5
1900-01-22 20:46:15,8063.0,344691,8063.5,325493,219506,3242,216264,19198,0.5
1900-01-22 20:46:30,8063.0,1670308,8063.5,166348,223618,16947,206671,1503960,0.5
1900-01-22 20:46:45,8063.5,155255,8064.0,947973,76052,3050,73002,-792718,0.5
1900-01-22 20:47:00,8062.5,1941,8063.0,1045131,49742,25064,24678,-1043190,0.5
1900-01-22 20:47:15,8062.0,3616,8062.5,1236733,1323,51247,-49924,-1233117,0.5
1900-01-22 20:47:30,8061.0,52997,8061.5,1121782,7160,122530,-115370,-1068785,0.5
1900-01-22 20:47:45,8060.0,510874,8060.5,259071,2410,32420,-30010,251803,0.5
1900-01-22 20:48:00,8062.5,660781,8063.0,1454465,97285,6626,90659,-793684,0.5
1900-01-22 20:48:15,8076.0,112978,8076.5,619928,1187180,100,1187080,-506950,0.5
1900-01-22 20:48:30,8069.0,32512,8069.5,103980,134115,118401,15714,-71468,0.5
1900-01-22 20:48:45,8072.5,560178,8073.0,29019,10424,7548,2876,531159,0.5
1900-01-22 20:49:00,8074.0,936037,8075.0,41909,96358,967,95391,894128,1.0
1900-01-22 20:49:15,8078.0,878683,8078.5,1207,149468,103082,46386,877476,0.5
1900-01-22 20:49:30,8087.5,371694,8088.0,66989,158837,9374,149463,304705,0.5
1900-01-22 20:49:45,8095.0,117363,8095.5,1700,175574,36500,139074,115663,0.5
1900-01-22 20:50:00,8114.0,8406,8114.5,1000,1994158,58660,1935498,7406,0.5
1900-01-22 20:50:15,8111.0,98597,8111.5,942855,483226,254081,229145,-844258,0.5
1900-01-22 20:50:30,8103.0,14859,8103.5,26000,106144,381648,-275504,-11141,0.5
1900-01-22 20:50:45,8101.5,372656,8102.0,760938,5839,1138978,-1133139,-388282,0.5
1900-01-22 20:51:00,8099.0,9676,8099.5,1591043,141252,140399,853,-1581367,0.5
1900-01-22 20:51:15,8094.5,653429,8095.0,11638,123654,131742,-8088,641791,0.5
1900-01-22 20:51:30,8105.0,924701,8105.5,3681,261362,19790,241572,921020,0.5
1900-01-22 20:51:45,8107.5,750837,8108.0,131057,73244,47148,26096,619780,0.5
1900-01-22 20:52:00,8097.0,95227,8097.5,327955,43303,286850,-243547,-232728,0.5
1900-01-22 20:52:15,8089.5,591572,8090.0,353712,124804,523428,-398624,237860,0.5
1900-01-22 20:52:30,8090.0,1090101,8090.5,7179,243617,309823,-66206,1082922,0.5
1900-01-22 20:52:45,8100.0,952558,8100.5,3623,19362,13174,6188,948935,0.5
1900-01-22 20:53:00,8100.0,262152,8100.5,567834,149643,219366,-69723,-305682,0.5
1900-01-22 20:53:15,8100.0,856846,8100.5,34127,196849,21340,175509,822719,0.5
1900-01-22 20:53:30,8102.0,222733,8102.5,621773,130150,53305,76845,-399040,0.5
1900-01-22 20:53:45,8105.0,788470,8105.5,66873,57981,36135,21846,721597,0.5
1900-01-22 20:54:00,8105.5,617511,8106.0,9143,49817,5073,44744,608368,0.5
1900-01-22 20:54:15,8095.0,2907,8095.5,103990,14014,547293,-533279,-101083,0.5
1900-01-22 20:54:30,8093.0,760183,8093.5,183070,8929,123379,-114450,577113,0.5
1900-01-22 20:54:45,8099.5,42345,8100.0,82857,140529,72547,67982,-40512,0.5
1900-01-22 20:55:00,8103.5,116981,8104.0,789,105301,6031,99270,116192,0.5
1900-01-22 20:55:15,8109.5,222497,8110.0,306022,52581,23639,28942,-83525,0.5
1900-01-22 20:55:30,8101.0,534782,8101.5,228739,46320,178698,-132378,306043,0.5
1900-01-22 20:55:45,8102.5,37170,8103.0,442177,62176,20159,42017,-405007,0.5
1900-01-22 20:56:00,8102.0,220,8102.5,302223,42027,67811,-25784,-302003,0.5
1900-01-22 20:56:15,8096.0,1735,8096.5,325014,18218,53682,-35464,-323279,0.5
1900-01-22 20:56:30,8090.5,31329,8091.0,450093,5229,49536,-44307,-418764,0.5
1900-01-22 20:56:45,8087.5,5530,8088.0,101437,13093,108580,-95487,-95907,0.5
1900-01-22 20:57:00,8085.0,485510,8085.5,396986,27719,357893,-330174,88524,0.5
1900-01-22 20:57:15,8085.0,2005076,8085.5,20030,65978,150833,-84855,1985046,0.5
1900-01-22 20:57:30,8089.5,382852,8090.0,23808,219257,24622,194635,359044,0.5
1900-01-22 20:57:45,8090.0,389,8090.5,1308875,35407,211489,-176082,-1308486,0.5
1900-01-22 20:58:00,8090.0,240493,8090.5,463403,169106,253745,-84639,-222910,0.5
1900-01-22 20:58:15,8092.5,1011915,8093.0,91871,139051,11453,127598,920044,0.5
1900-01-22 20:58:30,8093.0,321780,8093.5,223063,35073,6955,28118,98717,0.5
1900-01-22 20:58:45,8092.0,1159,8092.5,626590,20175,470968,-450793,-625431,0.5
1900-01-22 20:59:00,8092.0,283375,8092.5,214300,39674,371301,-331627,69075,0.5
1900-01-22 20:59:15,8092.0,527856,8092.5,78154,26574,358833,-332259,449702,0.5
1900-01-22 20:59:30,8094.0,594646,8094.5,39107,45609,171188,-125579,555539,0.5
1900-01-22 20:59:45,8097.5,1302776,8098.0,16500,99269,3958,95311,1286276,0.5
1900-01-22 21:00:00,8099.5,224631,8100.0,711476,15133,19135,-4002,-486845,0.5
1900-01-22 21:00:15,8103.5,717480,8104.0,65191,574367,58596,515771,652289,0.5
1900-01-22 21:00:30,8105.5,656023,8106.0,69744,187342,14652,172690,586279,0.5
1900-01-22 21:00:45,8108.5,653793,8109.0,19409,11851,47307,-35456,634384,0.5
1900-01-22 21:01:00,8113.5,544280,8114.0,342602,149729,29674,120055,201678,0.5
1900-01-22 21:01:15,8113.5,76971,8114.0,442245,131113,143741,-12628,-365274,0.5
1900-01-22 21:01:30,8110.5,260944,8111.0,420664,81758,104641,-22883,-159720,0.5
1900-01-22 21:01:45,8111.0,1216689,8111.5,7866,196686,98498,98188,1208823,0.5
1900-01-22 21:02:00,8119.5,459514,8120.0,29006,116729,32612,84117,430508,0.5
1900-01-22 21:02:15,8123.0,106144,8123.5,30678,658928,82479,576449,75466,0.5
1900-01-22 21:02:30,8115.5,30900,8116.0,124994,147849,129874,17975,-94094,0.5
1900-01-22 21:02:45,8115.5,1056268,8116.0,103887,34094,102948,-68854,952381,0.5
1900-01-22 21:03:00,8120.0,899972,8120.5,66731,278685,35440,243245,833241,0.5
1900-01-22 21:03:15,8124.5,547550,8125.0,57039,233244,79287,153957,490511,0.5
1900-01-22 21:03:30,8125.0,101092,8125.5,861566,263085,84498,178587,-760474,0.5
1900-01-22 21:03:45,8122.5,9562,8123.0,517175,261836,374063,-112227,-507613,0.5
1900-01-22 21:04:00,8119.0,564948,8119.5,277939,57965,129788,-71823,287009,0.5
1900-01-22 21:04:15,8121.0,563043,8121.5,434157,76815,108586,-31771,128886,0.5
1900-01-22 21:04:30,8119.5,380872,8120.0,237238,8749,149108,-140359,143634,0.5
1900-01-22 21:04:45,8115.5,122602,8116.0,692242,108653,308514,-199861,-569640,0.5
1900-01-22 21:05:00,8111.5,3843,8112.0,39058,24626,142582,-117956,-35215,0.5
1900-01-22 21:05:15,8097.5,10000,8098.0,74911,12122,231456,-219334,-64911,0.5
1900-01-22 21:05:30,8103.0,304389,8103.5,88255,84031,180697,-96666,216134,0.5
1900-01-22 21:05:45,8101.5,10994,8102.0,565404,157817,136538,21279,-554410,0.5
1900-01-22 21:06:00,8092.5,30,8093.0,361309,46199,141738,-95539,-361279,0.5
1900-01-22 21:06:15,8076.5,84288,8077.0,56082,96968,581157,-484189,28206,0.5
1900-01-22 21:06:30,8077.0,92549,8077.5,424217,198755,124458,74297,-331668,0.5
1900-01-22 21:06:45,8073.5,636150,8074.0,25850,153973,415953,-261980,610300,0.5
1900-01-22 21:07:00,8067.0,17767,8067.5,461057,142277,169490,-27213,-443290,0.5
1900-01-22 21:07:15,8067.0,42835,8067.5,778710,72463,285746,-213283,-735875,0.5
1900-01-22 21:07:30,8062.0,1015742,8062.5,598541,91522,405543,-314021,417201,0.5
1900-01-22 21:07:45,8059.0,62350,8059.5,117581,933333,380230,553103,-55231,0.5
1900-01-22 21:08:00,8041.0,1008812,8041.5,172028,140226,1004986,-864760,836784,0.5
1900-01-22 21:08:15,8054.0,121800,8054.5,143464,233094,1048428,-815334,-21664,0.5
1900-01-22 21:08:30,8066.5,732522,8067.0,256861,413159,523789,-110630,475661,0.5
1900-01-22 21:08:45,8066.5,1286397,8067.0,1459104,240095,90234,149861,-172707,0.5
1900-01-22 21:09:00,8073.5,823310,8074.0,19671,1281721,21935,1259786,803639,0.5
1900-01-22 21:09:15,8069.0,38635,8069.5,80106,348391,193265,155126,-41471,0.5
1900-01-22 21:09:30,8066.5,172443,8067.0,176891,209952,199594,10358,-4448,0.5
1900-01-22 21:09:45,8076.0,49900,8076.5,8437,153377,230444,-77067,41463,0.5
1900-01-22 21:10:00,8072.0,8287,8072.5,488026,292032,58298,233734,-479739,0.5
1900-01-22 21:10:15,8072.0,1499972,8072.5,185086,53362,318992,-265630,1314886,0.5
1900-01-22 21:10:30,8072.0,1393918,8072.5,247187,41842,147275,-105433,1146731,0.5
1900-01-22 21:10:45,8072.0,1024594,8072.5,335412,74514,39167,35347,689182,0.5
1900-01-22 21:11:00,8070.0,875205,8070.5,876900,23013,631537,-608524,-1695,0.5
1900-01-22 21:11:15,8065.0,116834,8065.5,92334,14067,1189844,-1175777,24500,0.5
1900-01-22 21:11:30,8065.0,150736,8065.5,710384,1534,43477,-41943,-559648,0.5
1900-01-22 21:11:45,8065.0,95975,8065.5,947971,23564,67086,-43522,-851996,0.5
1900-01-22 21:12:00,8065.0,595976,8065.5,411926,13951,70020,-56069,184050,0.5
1900-01-22 21:13:00,8057.5,611114,8058.0,201546,18899,1000,17899,409568,0.5
1900-01-22 21:13:15,8057.5,610248,8058.0,290976,116935,13147,103788,319272,0.5
1900-01-22 21:13:30,8061.5,789431,8062.0,8141,217520,9478,208042,781290,0.5
1900-01-22 21:13:45,8063.0,258122,8063.5,589910,106090,17267,88823,-331788,0.5
1900-01-22 21:14:00,8069.0,124376,8069.5,94047,269237,41501,227736,30329,0.5
1900-01-22 21:14:15,8071.5,597782,8072.0,15310,45722,1646,44076,582472,0.5
1900-01-22 21:14:30,8072.5,481080,8073.0,346960,91260,3400,87860,134120,0.5
1900-01-22 21:14:45,8067.5,12436,8068.0,730428,33399,206983,-173584,-717992,0.5
1900-01-22 21:15:00,8065.0,56591,8065.5,656733,7184,2164,5020,-600142,0.5
1900-01-22 21:15:15,8061.5,1994,8062.0,137447,24062,149190,-125128,-135453,0.5
1900-01-22 21:15:30,8055.0,516304,8055.5,462958,16344,54228,-37884,53346,0.5
1900-01-22 21:15:45,8054.0,34075,8054.5,799991,130533,753072,-622539,-765916,0.5
1900-01-22 21:16:00,8052.0,327271,8052.5,550528,8724,90199,-81475,-223257,0.5
1900-01-22 21:16:15,8050.5,184465,8051.0,22500,72293,154738,-82445,161965,0.5
1900-01-22 21:16:30,8041.0,321686,8041.5,338836,63983,77818,-13835,-17150,0.5
1900-01-22 21:16:45,8047.0,127878,8047.5,477900,187563,52849,134714,-350022,0.5
1900-01-22 21:17:00,8041.0,7888,8041.5,94642,129612,84767,44845,-86754,0.5
1900-01-22 21:17:15,8026.0,111170,8026.5,153045,29787,563022,-533235,-41875,0.5
1900-01-22 21:17:30,8031.5,507154,8032.0,115033,348711,310195,38516,392121,0.5
1900-01-22 21:17:45,8033.5,870134,8034.0,1683,177650,14705,162945,868451,0.5
1900-01-22 21:18:00,8038.5,526361,8039.0,570081,85968,36505,49463,-43720,0.5
1900-01-22 21:18:15,8038.5,313591,8039.0,273732,193499,155574,37925,39859,0.5
1900-01-22 21:18:30,8043.5,470624,8044.0,34673,177423,15703,161720,435951,0.5
1900-01-22 21:18:45,8043.0,97939,8043.5,427202,315740,48696,267044,-329263,0.5
1900-01-22 21:19:00,8043.0,7464,8043.5,694693,19288,18359,929,-687229,0.5
1900-01-22 21:19:15,8039.0,327415,8039.5,547971,72159,99658,-27499,-220556,0.5
1900-01-22 21:19:30,8041.0,506725,8041.5,291406,99438,77614,21824,215319,0.5
1900-01-22 21:19:45,8043.0,573023,8043.5,425928,15054,152612,-137558,147095,0.5
1900-01-22 21:20:00,8044.5,762318,8045.0,136030,21319,79415,-58096,626288,0.5
1900-01-22 21:20:15,8047.5,873156,8048.0,84322,71232,23076,48156,788834,0.5
1900-01-22 21:20:30,8049.5,852435,8050.0,82010,141923,6310,135613,770425,0.5
1900-01-22 21:20:45,8052.0,19091,8052.5,1339762,72269,179126,-106857,-1320671,0.5
1900-01-22 21:21:00,8048.0,13659,8048.5,857896,5708,29461,-23753,-844237,0.5
1900-01-22 21:21:15,8047.0,19366,8047.5,1192017,49435,27857,21578,-1172651,0.5
1900-01-22 21:21:30,8044.0,46297,8044.5,1048593,25029,87197,-62168,-1002296,0.5
1900-01-22 21:21:45,8041.0,102856,8041.5,956596,4578,66950,-62372,-853740,0.5
1900-01-22 21:22:00,8038.5,70041,8039.0,1126921,17407,94273,-76866,-1056880,0.5
1900-01-22 21:22:15,8035.5,814638,8036.0,126073,100372,124812,-24440,688565,0.5
1900-01-22 21:22:30,8035.5,829975,8036.0,29053,54377,2359,52018,800922,0.5
1900-01-22 21:22:45,8040.0,559861,8040.5,248438,49245,2529,46716,311423,0.5
1900-01-22 21:23:00,8040.0,222327,8040.5,685402,7184,129975,-122791,-463075,0.5
1900-01-22 21:23:15,8040.0,198765,8040.5,793247,120,54834,-54714,-594482,0.5
1900-01-22 21:23:30,8036.0,15941,8036.5,568618,1000,30301,-29301,-552677,0.5
1900-01-22 21:23:45,8032.5,48099,8033.0,845490,10061,198232,-188171,-797391,0.5
1900-01-22 21:24:00,8030.0,531846,8030.5,15228,9742,130027,-120285,516618,0.5
1900-01-22 21:24:15,8030.5,473611,8031.0,65601,30594,4114,26480,408010,0.5
1900-01-22 21:24:30,8032.5,412153,8033.0,109202,42126,12285,29841,302951,0.5
1900-01-22 21:24:45,8035.0,495260,8035.5,167364,235234,45462,189772,327896,0.5
1900-01-22 21:25:00,8038.0,310997,8038.5,25783,51723,10689,41034,285214,0.5
1900-01-22 21:25:15,8043.5,401362,8044.0,12897,45158,1712,43446,388465,0.5
1900-01-22 21:25:30,8044.0,462374,8044.5,4463,49522,5315,44207,457911,0.5
1900-01-22 21:25:45,8044.5,425486,8045.0,35410,8817,2773,6044,390076,0.5
1900-01-22 21:26:00,8044.5,466541,8045.0,474424,28916,53147,-24231,-7883,0.5
1900-01-22 21:26:15,8044.5,802853,8045.0,406117,69740,7801,61939,396736,0.5
1900-01-22 21:26:30,8044.5,153103,8045.0,430252,116513,127095,-10582,-277149,0.5
1900-01-22 21:26:45,8044.5,178708,8045.0,429012,2661,37220,-34559,-250304,0.5
1900-01-22 21:27:00,8044.5,206767,8045.0,446383,4201,13666,-9465,-239616,0.5
1900-01-22 21:27:15,8044.5,271392,8045.0,451429,16142,13542,2600,-180037,0.5
1900-01-22 21:27:30,8044.5,267982,8045.0,523744,11951,2947,9004,-255762,0.5
1900-01-22 21:27:45,8044.5,105736,8045.0,725655,1503,133951,-132448,-619919,0.5
1900-01-22 21:28:00,8044.5,386512,8045.0,659988,48553,13631,34922,-273476,0.5
1900-01-22 21:28:15,8044.5,436502,8045.0,371320,87381,3000,84381,65182,0.5
1900-01-22 21:28:30,8044.5,454787,8045.0,358582,6722,8309,-1587,96205,0.5
1900-01-22 21:28:45,8047.5,428195,8048.0,53628,81597,31000,50597,374567,0.5
1900-01-22 21:29:00,8049.0,194976,8049.5,929438,62214,56524,5690,-734462,0.5
1900-01-22 21:29:15,8049.0,324973,8049.5,639194,1795,10607,-8812,-314221,0.5
1900-01-22 21:29:30,8049.0,250467,8049.5,657872,34361,5397,28964,-407405,0.5
1900-01-22 21:29:45,8049.0,274991,8049.5,537901,176393,14075,162318,-262910,0.5
1900-01-22 21:30:00,8047.5,25495,8048.0,182185,36278,160603,-124325,-156690,0.5
1900-01-22 21:30:15,8047.5,197531,8048.0,350424,43998,9075,34923,-152893,0.5
1900-01-22 21:30:30,8047.5,207273,8048.0,538095,3120,67925,-64805,-330822,0.5
1900-01-22 21:30:45,8047.5,20792,8048.0,646159,3420,46988,-43568,-625367,0.5
1900-01-22 21:31:00,8046.5,167195,8047.0,481710,17608,271852,-254244,-314515,0.5
1900-01-22 21:31:15,8046.5,141473,8047.0,676715,9529,26202,-16673,-535242,0.5
1900-01-22 21:31:30,8045.5,236596,8046.0,424461,26145,173125,-146980,-187865,0.5
1900-01-22 21:31:45,8044.0,5625,8044.5,208128,11286,30637,-19351,-202503,0.5
1900-01-22 21:32:00,8041.5,9856,8042.0,366170,5604,88781,-83177,-356314,0.5
1900-01-22 21:32:15,8041.5,28006,8042.0,445282,4969,10484,-5515,-417276,0.5
1900-01-22 21:32:30,8041.0,487511,8041.5,379988,3505,2405,1100,107523,0.5
1900-01-22 21:32:45,8041.0,1554228,8041.5,592279,7360,19450,-12090,961949,0.5
1900-01-22 21:33:00,8041.0,612332,8041.5,870785,41795,4258,37537,-258453,0.5
1900-01-22 21:33:15,8041.0,357887,8041.5,850898,1136,208650,-207514,-493011,0.5
1900-01-22 21:33:30,8041.0,486832,8041.5,907225,60,11150,-11090,-420393,0.5
1900-01-22 21:33:45,8041.0,104498,8041.5,986187,150,139787,-139637,-881689,0.5
1900-01-22 21:34:00,8039.0,142492,8039.5,533035,42807,75784,-32977,-390543,0.5
1900-01-22 21:34:15,8039.0,83085,8039.5,689485,14230,62059,-47829,-606400,0.5
1900-01-22 21:34:30,8038.5,42576,8039.0,928190,5000,82911,-77911,-885614,0.5
1900-01-22 21:34:45,8037.5,9008,8038.0,495323,5791,14871,-9080,-486315,0.5
1900-01-22 21:35:00,8033.0,325103,8033.5,9999,7783,116353,-108570,315104,0.5
1900-01-22 21:35:15,8035.0,904327,8035.5,270520,110882,113122,-2240,633807,0.5
1900-01-22 21:35:30,8035.0,1092686,8035.5,143021,80884,8300,72584,949665,0.5
1900-01-22 21:35:45,8037.0,917639,8037.5,14599,64581,1832,62749,903040,0.5
1900-01-22 21:36:00,8037.5,833038,8038.0,100091,60820,1030,59790,732947,0.5
1900-01-22 21:36:15,8040.5,512506,8041.0,862626,36311,1252,35059,-350120,0.5
1900-01-22 21:36:30,8043.5,488939,8044.0,48587,22181,9715,12466,440352,0.5
1900-01-22 21:36:45,8046.5,279676,8047.0,424424,34366,5582,28784,-144748,0.5
1900-01-22 21:37:00,8043.0,432112,8043.5,290203,92677,49486,43191,141909,0.5
1900-01-22 21:37:15,8043.0,486149,8043.5,295154,21889,1751,20138,190995,0.5
1900-01-22 21:37:30,8043.0,230139,8043.5,625115,14519,23,14496,-394976,0.5
1900-01-22 21:37:45,8037.5,65830,8038.0,579583,662,316751,-316089,-513753,0.5
1900-01-22 21:38:00,8039.0,753769,8039.5,3429,110235,24910,85325,750340,0.5
1900-01-22 21:38:15,8044.5,206626,8045.0,584075,19516,2558,16958,-377449,0.5
1900-01-22 21:38:30,8044.5,481210,8045.0,64246,55016,7693,47323,416964,0.5
1900-01-22 21:38:45,8045.0,441581,8045.5,82804,13998,83388,-69390,358777,0.5
1900-01-22 21:39:00,8046.5,473564,8047.0,146568,9227,1494,7733,326996,0.5
1900-01-22 21:39:15,8046.5,330613,8047.0,672090,4350,20244,-15894,-341477,0.5
1900-01-22 21:39:30,8046.5,92057,8047.0,777837,4996,28257,-23261,-685780,0.5
1900-01-22 21:39:45,8046.0,14787,8046.5,736749,807,31271,-30464,-721962,0.5
1900-01-22 21:40:00,8045.5,124646,8046.0,745060,3752,9927,-6175,-620414,0.5
1900-01-22 21:40:15,8045.5,485255,8046.0,221628,100481,25452,75029,263627,0.5
1900-01-22 21:40:30,8046.5,852972,8047.0,28800,53082,47557,5525,824172,0.5
1900-01-22 21:40:45,8049.0,882940,8049.5,98311,109911,25461,84450,784629,0.5
1900-01-22 21:41:00,8050.5,1100199,8051.0,20711,42625,1700,40925,1079488,0.5
1900-01-22 21:41:15,8056.5,1312768,8057.0,21287,282733,5051,277682,1291481,0.5
1900-01-22 21:41:30,8058.5,594158,8059.0,367447,120410,2570,117840,226711,0.5
1900-01-22 21:41:45,8058.5,503397,8059.0,50252,180671,6284,174387,453145,0.5
1900-01-22 21:42:00,8063.0,50,8063.5,548340,164886,46978,117908,-548290,0.5
1900-01-22 21:42:15,8058.0,29186,8058.5,856671,13166,74594,-61428,-827485,0.5
1900-01-22 21:42:30,8058.0,1323280,8058.5,848567,4007,15523,-11516,474713,0.5
1900-01-22 21:42:45,8058.0,935344,8058.5,76578,56817,14388,42429,858766,0.5
1900-01-22 21:43:00,8063.5,423565,8064.0,135934,284687,1000,283687,287631,0.5
1900-01-22 21:43:15,8063.5,1318309,8064.0,720175,61551,20478,41073,598134,0.5
1900-01-22 21:43:30,8063.5,1652493,8064.0,830733,34673,44322,-9649,821760,0.5
1900-01-22 21:43:45,8065.0,342319,8065.5,19190,97340,26594,70746,323129,0.5
1900-01-22 21:44:00,8065.5,397163,8066.0,465428,151278,6370,144908,-68265,0.5
1900-01-22 21:44:15,8062.0,313,8062.5,920339,41615,75093,-33478,-920026,0.5
1900-01-22 21:44:30,8057.0,84440,8057.5,951358,620,55915,-55295,-866918,0.5
1900-01-22 21:44:45,8055.0,708522,8055.5,415875,319,90756,-90437,292647,0.5
1900-01-22 21:45:00,8055.5,762264,8056.0,1279,32814,2701,30113,760985,0.5
1900-01-22 21:45:15,8064.5,93050,8065.0,15135,56064,2701,53363,77915,0.5
1900-01-22 21:45:30,8065.5,336719,8066.0,767016,33753,1540,32213,-430297,0.5
1900-01-22 21:45:45,8057.0,21856,8057.5,132668,11502,149138,-137636,-110812,0.5
1900-01-22 21:46:00,8055.5,68859,8056.0,914290,34032,54887,-20855,-845431,0.5
1900-01-22 21:46:15,8050.5,60582,8051.0,1083482,16473,191105,-174632,-1022900,0.5
1900-01-22 21:46:30,8041.5,695777,8042.0,439854,1719,330957,-329238,255923,0.5
1900-01-22 21:46:45,8039.0,136616,8039.5,762252,3590,194219,-190629,-625636,0.5
1900-01-22 21:47:00,8044.0,927929,8044.5,202843,137237,56921,80316,725086,0.5
1900-01-22 21:47:15,8049.5,540707,8050.0,11846,19649,4865,14784,528861,0.5
1900-01-22 21:47:30,8054.0,606311,8054.5,624683,56367,4924,51443,-18372,0.5
1900-01-22 21:47:45,8047.5,131293,8048.0,655620,22514,56684,-34170,-524327,0.5
1900-01-22 21:48:00,8047.5,1008193,8048.0,53240,7534,28443,-20909,954953,0.5
1900-01-22 21:48:15,8047.5,152659,8048.0,1085072,8155,85466,-77311,-932413,0.5
1900-01-22 21:48:30,8047.5,37590,8048.0,1276500,1900,114737,-112837,-1238910,0.5
1900-01-22 21:48:45,8039.5,106456,8040.0,481650,1900,157265,-155365,-375194,0.5
1900-01-22 21:49:00,8044.5,742801,8045.0,132917,137821,39037,98784,609884,0.5
1900-01-22 21:49:15,8044.5,111795,8045.0,1029732,1527,46765,-45238,-917937,0.5
1900-01-22 21:49:30,8041.0,126438,8041.5,569473,1527,25356,-23829,-443035,0.5
1900-01-22 21:49:45,8041.0,541594,8041.5,257413,21524,172545,-151021,284181,0.5
1900-01-22 21:50:00,8042.0,396766,8042.5,669737,77189,124879,-47690,-272971,0.5
1900-01-22 21:50:15,8042.0,10739,8042.5,1009501,43070,63196,-20126,-998762,0.5
1900-01-22 21:50:30,8038.5,6498,8039.0,767970,39,78974,-78935,-761472,0.5
1900-01-22 21:50:45,8035.0,20716,8035.5,399638,2633,81579,-78946,-378922,0.5
1900-01-22 21:51:00,8031.5,15973,8032.0,319525,11397,65893,-54496,-303552,0.5
1900-01-22 21:51:15,8032.0,404154,8032.5,226759,91304,187583,-96279,177395,0.5
1900-01-22 21:51:30,8031.5,5830,8032.0,401516,24170,48593,-24423,-395686,0.5
1900-01-22 21:51:45,8027.0,174072,8027.5,570533,6419,76862,-70443,-396461,0.5
1900-01-22 21:52:00,8027.0,525824,8027.5,226153,13632,50675,-37043,299671,0.5
1900-01-22 21:52:15,8029.5,650309,8030.0,152651,196957,92791,104166,497658,0.5
1900-01-22 21:52:30,8030.0,490876,8030.5,210,111474,22729,88745,490666,0.5
1900-01-22 21:52:45,8031.0,4315,8031.5,1211876,18595,61870,-43275,-1207561,0.5
1900-01-22 21:53:00,8028.0,420992,8028.5,376959,7361,15166,-7805,44033,0.5
1900-01-22 21:53:15,8028.0,409908,8028.5,271352,24953,38077,-13124,138556,0.5
1900-01-22 21:53:30,8034.5,696545,8035.0,218263,87941,28745,59196,478282,0.5
1900-01-22 21:53:45,8034.5,21850,8035.0,953101,72463,38079,34384,-931251,0.5
1900-01-22 21:54:00,8032.0,8946,8032.5,629561,851,152820,-151969,-620615,0.5
1900-01-22 21:54:15,8030.0,332124,8030.5,365370,133,14128,-13995,-33246,0.5
1900-01-22 21:54:30,8033.5,123059,8034.0,754082,142744,17988,124756,-631023,0.5
1900-01-22 21:54:45,8027.0,146032,8027.5,414934,2706,80479,-77773,-268902,0.5
1900-01-22 21:55:00,8027.0,451477,8027.5,465721,10175,11875,-1700,-14244,0.5
1900-01-22 21:55:15,8032.5,496437,8033.0,179668,46437,49911,-3474,316769,0.5
1900-01-22 21:55:30,8032.5,84572,8033.0,1065966,49142,40100,9042,-981394,0.5
1900-01-22 21:55:45,8027.0,458319,8027.5,418616,3628,76111,-72483,39703,0.5
1900-01-22 21:56:00,8027.0,436589,8027.5,333183,34467,78682,-44215,103406,0.5
1900-01-22 21:56:15,8024.0,270259,8024.5,740620,27620,214806,-187186,-470361,0.5
1900-01-22 21:56:30,7998.5,6814,8004.0,6652,92028,2040943,-1948915,162,5.5
1900-01-22 21:56:45,7998.0,309399,7998.5,331322,568332,1116193,-547861,-21923,0.5
1900-01-22 21:57:00,8007.0,98252,8007.5,214259,310439,133246,177193,-116007,0.5
1900-01-22 21:57:15,8001.5,841033,8002.0,486920,199055,96900,102155,354113,0.5
1900-01-22 21:57:30,8002.0,758328,8002.5,188950,224978,141954,83024,569378,0.5
1900-01-22 21:57:45,8006.5,557924,8007.0,61580,203396,100073,103323,496344,0.5
1900-01-22 21:58:00,8010.5,425579,8011.0,312628,279612,24044,255568,112951,0.5
1900-01-22 21:58:15,8009.5,118296,8010.0,499467,40678,255409,-214731,-381171,0.5
1900-01-22 21:58:30,8001.5,417033,8002.0,23264,64889,250405,-185516,393769,0.5
1900-01-22 21:58:45,8002.0,988402,8002.5,15126,92535,25433,67102,973276,0.5
1900-01-22 21:59:00,8002.0,883446,8002.5,231160,39854,202456,-162602,652286,0.5
1900-01-22 21:59:15,8002.0,994802,8002.5,54277,43064,19465,23599,940525,0.5
1900-01-22 21:59:30,8003.0,630828,8003.5,257433,60331,26921,33410,373395,0.5
1900-01-22 21:59:45,8004.0,290811,8004.5,14196,32064,1313,30751,276615,0.5
1900-01-22 22:00:00,8009.5,94959,8010.0,1636677,190894,34568,156326,-1541718,0.5
1900-01-22 22:00:15,8004.5,32666,8005.0,138625,187294,58215,129079,-105959,0.5
1900-01-22 22:00:30,7987.5,971881,7988.0,58073,43383,465171,-421788,913808,0.5
1900-01-22 22:00:45,7976.5,159840,7980.0,9500,37548,1049569,-1012021,150340,3.5
1900-01-22 22:01:00,7970.5,148583,7971.0,46627,100996,1686751,-1585755,101956,0.5
1900-01-22 22:01:15,7978.5,336443,7979.0,495558,567989,297734,270255,-159115,0.5
1900-01-22 22:01:30,7985.5,346867,7986.0,100982,407244,149710,257534,245885,0.5
1900-01-22 22:01:45,7990.5,380527,7991.0,302927,172637,228589,-55952,77600,0.5
1900-01-22 22:02:00,7984.5,192427,7986.5,282741,440727,353172,87555,-90314,2.0
1900-01-22 22:02:15,7990.5,688960,7991.0,87147,391246,88389,302857,601813,0.5
1900-01-22 22:02:30,7991.5,739664,7992.0,308812,385133,43441,341692,430852,0.5
1900-01-22 22:02:45,7988.0,164093,7988.5,831136,41897,143451,-101554,-667043,0.5
1900-01-22 22:03:00,7986.0,3926,7986.5,811792,22363,147837,-125474,-807866,0.5
1900-01-22 22:03:15,7984.0,105564,7984.5,943202,36250,290968,-254718,-837638,0.5
1900-01-22 22:03:30,7970.0,1852228,7970.5,71876,22450,660582,-638132,1780352,0.5
1900-01-22 22:03:45,7974.5,718602,7975.0,5700,127628,169321,-41693,712902,0.5
1900-01-22 22:04:00,7979.0,276023,7979.5,332602,105780,364472,-258692,-56579,0.5
1900-01-22 22:04:15,7970.0,484086,7970.5,134540,131663,229608,-97945,349546,0.5
1900-01-22 22:04:30,7976.0,951788,7976.5,159027,105449,71594,33855,792761,0.5
1900-01-22 22:04:45,7976.0,159264,7976.5,560802,118720,100970,17750,-401538,0.5
1900-01-22 22:05:00,7973.5,12000,7974.0,359271,11655,35321,-23666,-347271,0.5
1900-01-22 22:05:15,7966.0,361472,7966.5,36573,46075,264295,-218220,324899,0.5
1900-01-22 22:05:30,7968.0,76993,7968.5,952334,105019,121552,-16533,-875341,0.5
1900-01-22 22:05:45,7937.0,11280,7937.5,22667,34537,842617,-808080,-11387,0.5
1900-01-22 22:06:00,7900.0,1306415,7900.5,1000,300372,3483316,-3182944,1305415,0.5
1900-01-22 22:06:15,7935.5,13666,7936.0,24629,1191209,857107,334102,-10963,0.5
1900-01-22 22:06:30,7940.0,1682321,7940.5,97371,382173,256827,125346,1584950,0.5
1900-01-22 22:06:45,7943.0,201663,7943.5,247084,652583,205202,447381,-45421,0.5
1900-01-22 22:07:00,7943.5,200160,7944.0,456828,391148,182958,208190,-256668,0.5
1900-01-22 22:07:15,7940.0,187862,7940.5,857060,250308,659616,-409308,-669198,0.5
1900-01-22 22:07:30,7928.5,191918,7929.0,130105,34390,280953,-246563,61813,0.5
1900-01-22 22:07:45,7932.0,22717,7932.5,40941,98183,76802,21381,-18224,0.5
1900-01-22 22:08:00,7935.0,94103,7935.5,19988,629867,99672,530195,74115,0.5
1900-01-22 22:08:15,7918.5,15067,7919.5,6325,56620,438858,-382238,8742,1.0
1900-01-22 22:08:30,7909.5,2759,7916.0,305282,60745,258927,-198182,-302523,6.5
1900-01-22 22:08:45,7922.5,10000,7923.0,76632,138382,327243,-188861,-66632,0.5
1900-01-22 22:09:00,7911.5,283771,7912.0,197989,143465,292212,-148747,85782,0.5
1900-01-22 22:09:15,7921.5,355548,7922.0,139720,402538,157174,245364,215828,0.5
1900-01-22 22:09:30,7934.5,29000,7935.0,243659,399375,21586,377789,-214659,0.5
1900-01-22 22:09:45,7931.5,81001,7935.5,42428,354884,103111,251773,38573,4.0
1900-01-22 22:10:00,7935.5,167816,7936.0,992339,330666,69111,261555,-824523,0.5
1900-01-22 22:10:15,7930.5,524801,7931.0,227544,275881,508250,-232369,297257,0.5
1900-01-22 22:10:30,7935.5,514379,7936.0,220820,175270,87051,88219,293559,0.5
1900-01-22 22:10:45,7947.5,25219,7948.0,391815,318497,21098,297399,-366596,0.5
1900-01-22 22:11:00,7947.5,534688,7948.0,228894,318191,92385,225806,305794,0.5
1900-01-22 22:11:15,7950.0,384936,7950.5,394023,297652,132839,164813,-9087,0.5
1900-01-22 22:11:30,7940.0,110764,7940.5,682020,63436,69260,-5824,-571256,0.5
1900-01-22 22:11:45,7937.5,494660,7938.0,278641,55362,141131,-85769,216019,0.5
1900-01-22 22:12:00,7947.0,463822,7947.5,382974,142897,206149,-63252,80848,0.5
1900-01-22 22:12:15,7940.5,55209,7941.0,989113,50079,38124,11955,-933904,0.5
1900-01-22 22:12:30,7936.0,403621,7936.5,658486,14945,34080,-19135,-254865,0.5
1900-01-22 22:12:45,7936.0,7962,7941.0,729718,91184,29576,61608,-721756,5.0
1900-01-22 22:13:00,7939.5,862878,7940.0,779487,692197,18926,673271,83391,0.5
1900-01-22 22:13:15,7948.0,315784,7948.5,10000,779538,70388,709150,305784,0.5
1900-01-22 22:13:30,7949.5,910668,7950.0,130981,109279,25576,83703,779687,0.5
1900-01-22 22:13:45,7944.5,501975,7945.0,528656,111467,16808,94659,-26681,0.5
1900-01-22 22:14:00,7949.5,57634,7950.0,386756,68504,69972,-1468,-329122,0.5
1900-01-22 22:14:15,7950.5,828540,7951.0,12956,182599,22988,159611,815584,0.5
1900-01-22 22:14:30,7951.0,860820,7951.5,261292,169517,82308,87209,599528,0.5
1900-01-22 22:14:45,7951.0,236792,7951.5,616042,88524,11576,76948,-379250,0.5
1900-01-22 22:15:00,7948.5,317333,7949.0,654192,26949,270203,-243254,-336859,0.5
1900-01-22 22:15:15,7952.5,515564,7953.0,58183,132616,83789,48827,457381,0.5
1900-01-22 22:15:30,7958.0,223337,7958.5,101418,288579,12873,275706,121919,0.5
1900-01-22 22:15:45,7966.0,68143,7966.5,233547,424216,260,423956,-165404,0.5
1900-01-22 22:16:00,7958.5,3300,7959.5,10000,482166,101764,380402,-6700,1.0
1900-01-22 22:16:15,7964.5,291082,7965.0,605190,336607,34277,302330,-314108,0.5
1900-01-22 22:16:30,7975.0,459169,7975.5,104263,542200,34918,507282,354906,0.5
1900-01-22 22:16:45,7977.5,209194,7978.0,547059,414413,86567,327846,-337865,0.5
1900-01-22 22:17:00,7970.0,1648,7973.0,10000,74362,387171,-312809,-8352,3.0
1900-01-22 22:17:15,7965.0,3537668,7965.5,62663,82030,100196,-18166,3475005,0.5
1900-01-22 22:17:30,7968.5,926582,7969.0,261213,540800,19169,521631,665369,0.5
1900-01-22 22:17:45,7982.0,822471,7982.5,117335,335478,6305,329173,705136,0.5
1900-01-22 22:18:00,7973.0,702543,7973.5,282815,218077,157818,60259,419728,0.5
1900-01-22 22:18:15,7991.5,145004,7992.0,299376,410320,27859,382461,-154372,0.5
1900-01-22 22:18:30,7981.0,34157,7981.5,228259,113669,85858,27811,-194102,0.5
1900-01-22 22:18:45,7979.0,9709,7979.5,348183,90921,151267,-60346,-338474,0.5
1900-01-22 22:19:00,7972.0,922199,7972.5,49119,14146,43513,-29367,873080,0.5
1900-01-22 22:19:15,7973.0,185189,7973.5,710337,37375,131950,-94575,-525148,0.5
1900-01-22 22:19:30,7969.0,37886,7969.5,1006335,30308,280607,-250299,-968449,0.5
1900-01-22 22:19:45,7967.0,1127471,7967.5,161564,9742,37523,-27781,965907,0.5
1900-01-22 22:20:00,7976.5,946434,7977.0,4588,92891,5722,87169,941846,0.5
1900-01-22 22:20:15,7978.5,124010,7979.0,16758,76828,107890,-31062,107252,0.5
1900-01-22 22:20:30,7979.0,564516,7979.5,560127,12163,3249,8914,4389,0.5
1900-01-22 22:20:45,7979.0,915491,7979.5,94171,96181,57931,38250,821320,0.5
1900-01-22 22:21:00,7980.5,1226170,7981.0,165,104561,23808,80753,1226005,0.5
1900-01-22 22:21:15,7986.0,341312,7986.5,708645,26030,50843,-24813,-367333,0.5
1900-01-22 22:21:30,7980.5,182828,7981.0,531684,7588,193226,-185638,-348856,0.5
1900-01-22 22:21:45,7978.0,1005897,7978.5,929094,11105,210189,-199084,76803,0.5
1900-01-22 22:22:00,7978.0,774740,7978.5,960412,12480,168873,-156393,-185672,0.5
1900-01-22 22:22:15,7976.5,66474,7977.0,984645,9521,234268,-224747,-918171,0.5
1900-01-22 22:22:30,7970.5,26470,7971.0,372280,5200,50860,-45660,-345810,0.5
1900-01-22 22:22:45,7966.0,1002860,7966.5,183114,53570,74482,-20912,819746,0.5
1900-01-22 22:23:00,7974.0,1121895,7974.5,152711,320044,5602,314442,969184,0.5
1900-01-22 22:23:15,7974.0,1854385,7974.5,129648,73875,22506,51369,1724737,0.5
1900-01-22 22:23:30,7974.0,1842469,7974.5,55950,48256,10105,38151,1786519,0.5
1900-01-22 22:23:45,7967.5,483152,7968.0,432620,49090,41838,7252,50532,0.5
1900-01-22 22:24:00,7967.5,69269,7968.0,1177000,64290,296319,-232029,-1107731,0.5
1900-01-22 22:24:15,7965.0,2194802,7965.5,382152,4200,224308,-220108,1812650,0.5
1900-01-22 22:24:30,7973.5,487338,7974.0,30114,78737,44956,33781,457224,0.5
1900-01-22 22:24:45,7973.5,973770,7974.0,469459,120060,56652,63408,504311,0.5
1900-01-22 22:25:00,7970.0,12604,7970.5,638838,11599,84644,-73045,-626234,0.5
1900-01-22 22:25:15,7968.5,924756,7969.0,141144,67673,58703,8970,783612,0.5
1900-01-22 22:25:30,7966.0,784586,7966.5,439255,21265,64635,-43370,345331,0.5
1900-01-22 22:25:45,7971.5,783484,7972.0,906840,177620,34377,143243,-123356,0.5
1900-01-22 22:26:00,7971.5,799038,7972.0,1027023,2299,16823,-14524,-227985,0.5
1900-01-22 22:26:15,7971.5,941107,7972.0,1040764,14208,11920,2288,-99657,0.5
1900-01-22 22:26:30,7971.5,535778,7972.0,995589,78496,70147,8349,-459811,0.5
1900-01-22 22:26:45,7971.0,17281,7971.5,1071247,44162,114520,-70358,-1053966,0.5
1900-01-22 22:27:00,7966.0,100385,7966.5,699152,6020,96555,-90535,-598767,0.5
1900-01-22 22:27:15,7960.0,109873,7960.5,108500,4195,522047,-517852,1373,0.5
1900-01-22 22:27:30,7945.0,182542,7945.5,58377,20000,200840,-180840,124165,0.5
1900-01-22 22:27:45,7963.0,837801,7963.5,25061,129111,152473,-23362,812740,0.5
1900-01-22 22:28:00,7963.0,128130,7963.5,888713,38955,34932,4023,-760583,0.5
1900-01-22 22:28:15,7962.0,1201,7962.5,975991,21148,76194,-55046,-974790,0.5
1900-01-22 22:28:30,7960.0,476234,7960.5,999029,16022,537352,-521330,-522795,0.5
1900-01-22 22:28:45,7955.5,669280,7956.0,710545,2471,467153,-464682,-41265,0.5
1900-01-22 22:29:00,7961.5,1861816,7962.0,21077,126287,30082,96205,1840739,0.5
1900-01-22 22:29:15,7956.0,205013,7956.5,617165,31668,62971,-31303,-412152,0.5
1900-01-22 22:29:30,7961.5,955957,7962.0,196748,61725,36449,25276,759209,0.5
1900-01-22 22:29:45,7959.5,26753,7960.0,713371,19970,91182,-71212,-686618,0.5
1900-01-22 22:30:00,7952.5,319939,7953.0,511034,21636,250846,-229210,-191095,0.5
1900-01-22 22:30:15,7947.5,3466,7948.0,1496510,27852,237919,-210067,-1493044,0.5
1900-01-22 22:30:30,7952.0,276203,7952.5,585018,169768,129397,40371,-308815,0.5
1900-01-22 22:30:45,7942.0,592704,7942.5,442520,38848,86889,-48041,150184,0.5
1900-01-22 22:31:00,7942.5,29600,7943.0,1071596,50940,196170,-145230,-1041996,0.5
1900-01-22 22:31:15,7940.5,12437,7941.0,1162982,45370,62260,-16890,-1150545,0.5
1900-01-22 22:31:30,7940.0,181454,7940.5,1211716,248283,1339413,-1091130,-1030262,0.5
1900-01-22 22:31:45,7940.0,66015,7940.5,196575,388061,293178,94883,-130560,0.5
1900-01-22 22:32:00,7943.0,666801,7943.5,414627,524049,22447,501602,252174,0.5
1900-01-22 22:32:15,7931.0,897232,7931.5,134915,67564,210296,-142732,762317,0.5
1900-01-22 22:32:30,7938.0,377755,7938.5,699679,165712,12092,153620,-321924,0.5
1900-01-22 22:32:45,7938.5,149739,7939.0,6082,36440,250199,-213759,143657,0.5
1900-01-22 22:33:00,7948.0,432292,7948.5,873578,137950,9419,128531,-441286,0.5
1900-01-22 22:33:15,7950.0,1433114,7950.5,3092,447773,11998,435775,1430022,0.5
1900-01-22 22:33:30,7952.0,1229355,7952.5,27031,295436,6524,288912,1202324,0.5
1900-01-22 22:33:45,7954.5,996102,7955.0,80674,102925,23795,79130,915428,0.5
1900-01-22 22:34:00,7954.5,1259353,7955.0,21864,47892,922,46970,1237489,0.5
1900-01-22 22:34:15,7962.5,1095403,7963.0,54786,186243,11979,174264,1040617,0.5
1900-01-22 22:34:30,7962.5,229369,7963.0,986392,62202,50817,11385,-757023,0.5
1900-01-22 22:34:45,7956.5,1094820,7957.0,127361,23760,39101,-15341,967459,0.5
1900-01-22 22:35:00,7961.5,195099,7962.0,15942,82332,20403,61929,179157,0.5
1900-01-22 22:35:15,7965.0,481703,7965.5,278749,162443,43085,119358,202954,0.5
1900-01-22 22:35:30,7965.0,1040734,7965.5,52491,194714,87452,107262,988243,0.5
1900-01-22 22:35:45,7969.5,453123,7970.0,285990,105378,7320,98058,167133,0.5
1900-01-22 22:36:00,7971.5,298215,7972.0,435043,92250,35070,57180,-136828,0.5
1900-01-22 22:36:15,7965.0,354653,7965.5,343722,99575,145877,-46302,10931,0.5
1900-01-22 22:36:30,7970.0,1124489,7970.5,51430,115892,5480,110412,1073059,0.5
1900-01-22 22:36:45,7974.0,30018,7974.5,609227,110658,11119,99539,-579209,0.5
1900-01-22 22:37:00,7974.0,386691,7974.5,198425,10110,21642,-11532,188266,0.5
1900-01-22 22:37:15,7971.0,161510,7971.5,673269,19021,102197,-83176,-511759,0.5
1900-01-22 22:37:30,7971.0,290219,7971.5,135916,51070,75943,-24873,154303,0.5
1900-01-22 22:37:45,7971.0,1225070,7971.5,60444,40733,43330,-2597,1164626,0.5
1900-01-22 22:38:00,7973.5,83691,7974.0,526169,91735,14718,77017,-442478,0.5
1900-01-22 22:38:15,7973.5,412430,7974.0,405939,29560,13354,16206,6491,0.5
1900-01-22 22:38:30,7973.5,803206,7974.0,46717,16486,8076,8410,756489,0.5
1900-01-22 22:38:45,7973.5,543397,7974.0,1535273,33571,8697,24874,-991876,0.5
1900-01-22 22:39:00,7973.5,143922,7974.0,1681397,61971,52930,9041,-1537475,0.5
1900-01-22 22:39:15,7969.5,5222,7971.0,295236,84096,110298,-26202,-290014,1.5
1900-01-22 22:39:30,7969.5,1221287,7970.0,139309,65625,14911,50714,1081978,0.5
1900-01-22 22:39:45,7972.5,1505657,7973.0,25056,60455,3065,57390,1480601,0.5
1900-01-22 22:40:00,7972.5,607900,7973.0,62422,4430,13011,-8581,545478,0.5
1900-01-22 22:40:15,7972.5,1109785,7973.0,83059,7099,61809,-54710,1026726,0.5
1900-01-22 22:40:30,7976.5,653786,7977.0,84635,1244262,18502,1225760,569151,0.5
1900-01-22 22:40:45,7977.5,1330972,7978.0,529890,44910,80,44830,801082,0.5
1900-01-22 22:41:00,7985.5,116317,7986.0,41281,805675,22234,783441,75036,0.5
1900-01-22 22:41:15,7993.0,106969,7993.5,214948,318715,36134,282581,-107979,0.5
1900-01-22 22:41:30,7993.0,957745,7993.5,23124,80642,136182,-55540,934621,0.5
1900-01-22 22:41:45,7990.0,155235,7990.5,242767,35712,124477,-88765,-87532,0.5
1900-01-22 22:42:00,7992.5,129101,7993.0,507083,163239,123518,39721,-377982,0.5
1900-01-22 22:42:15,7994.5,352659,7995.0,605712,52861,128489,-75628,-253053,0.5
1900-01-22 22:42:30,7998.5,661289,7999.0,75707,52807,129037,-76230,585582,0.5
1900-01-22 22:42:45,7999.0,1757,7999.5,403602,296843,124118,172725,-401845,0.5
1900-01-22 22:43:00,7996.0,3128,7996.5,689181,35206,176060,-140854,-686053,0.5
1900-01-22 22:43:15,7990.0,365107,7990.5,414433,35559,79435,-43876,-49326,0.5
1900-01-22 22:43:30,7986.0,936970,7986.5,120108,8263,294529,-286266,816862,0.5
1900-01-22 22:43:45,7989.0,127707,7989.5,11693,46664,17650,29014,116014,0.5
1900-01-22 22:44:00,7989.0,138487,7989.5,618318,43447,92783,-49336,-479831,0.5
1900-01-22 22:44:15,7985.0,700585,7985.5,170649,6120,50470,-44350,529936,0.5
1900-01-22 22:44:30,7985.0,1470725,7985.5,155547,24978,116406,-91428,1315178,0.5
1900-01-22 22:44:45,7985.0,3130851,7985.5,221057,57209,42110,15099,2909794,0.5
1900-01-22 22:45:00,7985.0,3056687,7985.5,114525,57943,2021,55922,2942162,0.5
1900-01-22 22:45:15,7986.5,776519,7987.0,15448,98229,51,98178,761071,0.5
1900-01-22 22:45:30,7985.0,108685,7985.5,2200515,31999,65585,-33586,-2091830,0.5
1900-01-22 22:45:45,7984.5,6671,7985.0,671617,16642,25041,-8399,-664946,0.5
1900-01-22 22:46:00,7984.0,893134,7984.5,422079,5250,72034,-66784,471055,0.5
1900-01-22 22:46:15,7984.0,889981,7984.5,118034,54256,57040,-2784,771947,0.5
1900-01-22 22:46:30,7984.5,798755,7985.0,439173,48365,2900,45465,359582,0.5
1900-01-22 22:46:45,7985.0,1259736,7985.5,1089,128871,57871,71000,1258647,0.5
1900-01-22 22:47:00,7985.5,1380349,7986.0,59619,23395,7712,15683,1320730,0.5
1900-01-22 22:47:15,7988.5,430281,7989.0,65163,96368,13915,82453,365118,0.5
1900-01-22 22:47:30,7988.5,21299,7989.0,855771,53947,55294,-1347,-834472,0.5
1900-01-22 22:47:45,7985.0,95324,7985.5,892565,286,60736,-60450,-797241,0.5
1900-01-22 22:48:00,7984.0,7618,7984.5,1080905,20110,2952,17158,-1073287,0.5
1900-01-22 22:48:15,7980.0,745874,7980.5,345008,53565,33169,20396,400866,0.5
1900-01-22 22:48:30,7981.0,1051933,7981.5,7279,13660,20395,-6735,1044654,0.5
1900-01-22 22:48:45,7986.0,679321,7986.5,329403,14390,22477,-8087,349918,0.5
1900-01-22 22:49:00,7986.0,1072716,7986.5,92873,82447,27851,54596,979843,0.5
1900-01-22 22:49:15,7987.5,15953,7988.0,714132,212649,20718,191931,-698179,0.5
1900-01-22 22:49:30,7990.0,186413,7990.5,7433,33368,31445,1923,178980,0.5
1900-01-22 22:49:45,7997.5,200,7998.0,222809,73228,51765,21463,-222609,0.5
1900-01-22 22:50:00,7996.0,19363,7996.5,392358,10392,149634,-139242,-372995,0.5
1900-01-22 22:50:15,7990.5,120392,7991.0,473357,41274,88233,-46959,-352965,0.5
1900-01-22 22:50:30,7989.5,14084,7990.0,867946,2252,141976,-139724,-853862,0.5
1900-01-22 22:50:45,7983.5,548953,7984.0,422,13000,20009,-7009,548531,0.5
1900-01-22 22:51:00,7985.0,546,7985.5,829729,7109,30837,-23728,-829183,0.5
1900-01-22 22:51:15,7981.5,92202,7982.0,651246,17750,61335,-43585,-559044,0.5
1900-01-22 22:51:30,7981.5,102468,7982.0,725236,8428,19516,-11088,-622768,0.5
1900-01-22 22:51:45,7985.0,1007560,7985.5,196391,22742,21260,1482,811169,0.5
1900-01-22 22:52:00,7985.0,182076,7985.5,504675,31602,19102,12500,-322599,0.5
1900-01-22 22:52:15,7989.5,293414,7990.0,419369,44900,6573,38327,-125955,0.5
1900-01-22 22:52:30,7989.5,324430,7990.0,594971,46526,1120,45406,-270541,0.5
1900-01-22 22:52:45,7983.5,885763,7984.0,269798,8264,19548,-11284,615965,0.5
1900-01-22 22:53:00,7983.5,826477,7984.0,469054,17951,14886,3065,357423,0.5
1900-01-22 22:53:15,7984.0,937636,7984.5,105,3957,50897,-46940,937531,0.5
1900-01-22 22:53:30,7988.5,123342,7989.0,768691,12041,26277,-14236,-645349,0.5
1900-01-22 22:53:45,7988.0,60644,7988.5,803694,31646,21268,10378,-743050,0.5
1900-01-22 22:54:00,7988.0,10840,7988.5,745394,30202,15119,15083,-734554,0.5
1900-01-22 22:54:15,7987.0,3568,7987.5,863942,600,4420,-3820,-860374,0.5
1900-01-22 22:54:30,7987.5,696000,7988.0,227,5544,2617,2927,695773,0.5
1900-01-22 22:54:45,7993.5,1201513,7994.0,57466,50125,9000,41125,1144047,0.5
1900-01-22 22:55:00,7994.0,772469,7994.5,360003,186045,16700,169345,412466,0.5
1900-01-22 22:55:15,7994.0,513253,7994.5,532638,102785,100429,2356,-19385,0.5
1900-01-22 22:55:30,7993.0,910579,7993.5,279060,3150,26473,-23323,631519,0.5
1900-01-22 22:55:45,7993.0,1114524,7993.5,140874,85017,36799,48218,973650,0.5
1900-01-22 22:56:00,7993.0,269353,7993.5,749419,15377,9810,5567,-480066,0.5
1900-01-22 22:56:15,7993.0,75012,7993.5,833043,5375,37781,-32406,-758031,0.5
1900-01-22 22:56:30,7993.0,721380,7993.5,185227,271,6802,-6531,536153,0.5
1900-01-22 22:56:45,7993.0,601210,7993.5,208261,5079,1250,3829,392949,0.5
1900-01-22 22:57:00,7990.0,513162,7990.5,375391,8016,54048,-46032,137771,0.5
1900-01-22 22:57:15,7987.5,2678,7988.0,751877,1000,26371,-25371,-749199,0.5
1900-01-22 22:57:30,7983.5,1123055,7984.0,2004828,1921,17476,-15555,-881773,0.5
1900-01-22 22:57:45,7983.5,56291,7984.0,2403298,1225,87813,-86588,-2347007,0.5
1900-01-22 22:58:00,7983.0,1928363,7983.5,13214,161755,34086,127669,1915149,0.5
1900-01-22 22:58:15,7985.0,1471299,7985.5,953,54495,9414,45081,1470346,0.5
1900-01-22 22:58:30,7987.5,1818738,7988.0,48524,22417,3005,19412,1770214,0.5
1900-01-22 22:58:45,7989.5,96234,7990.0,813393,55517,5153,50364,-717159,0.5
1900-01-22 22:59:00,7987.5,2974,7988.0,978689,526,14871,-14345,-975715,0.5
1900-01-22 22:59:15,7985.5,6780,7986.0,843472,6900,9940,-3040,-836692,0.5
1900-01-22 22:59:30,7985.0,127378,7985.5,650403,150,10568,-10418,-523025,0.5
1900-01-22 22:59:45,7985.0,20801,7985.5,2478991,2870,45287,-42417,-2458190,0.5
1900-01-22 23:00:00,7985.0,310,7985.5,2473921,2,19295,-19293,-2473611,0.5
1900-01-22 23:00:15,7985.0,1059049,7985.5,1753796,52648,32406,20242,-694747,0.5
1900-01-22 23:00:30,7990.5,528720,7991.0,32858,116335,12429,103906,495862,0.5
1900-01-22 23:00:45,7994.0,489932,7994.5,146659,121694,33020,88674,343273,0.5
1900-01-22 23:01:00,7992.5,20393,7993.0,919718,90868,63877,26991,-899325,0.5
1900-01-22 23:01:15,7992.5,723292,7993.0,193557,13942,14478,-536,529735,0.5
1900-01-22 23:01:30,7992.5,57994,7993.0,1040886,7983,43344,-35361,-982892,0.5
1900-01-22 23:01:45,7992.0,1262,7992.5,1133153,1480,99668,-98188,-1131891,0.5
1900-01-22 23:02:00,7989.5,1235,7990.0,1031139,1888,87089,-85201,-1029904,0.5
1900-01-22 23:02:15,7988.5,97981,7989.0,957375,3576,47798,-44222,-859394,0.5
1900-01-22 23:02:30,7988.5,133695,7989.0,1117439,10866,10702,164,-983744,0.5
1900-01-22 23:02:45,7988.5,101211,7989.0,1183811,7569,39430,-31861,-1082600,0.5
1900-01-22 23:03:00,7988.5,36112,7989.0,1321379,42925,11892,31033,-1285267,0.5
1900-01-22 23:03:15,7988.5,33552,7989.0,1330935,3442,7024,-3582,-1297383,0.5
1900-01-22 23:03:30,7986.5,58923,7987.0,1059499,301,47802,-47501,-1000576,0.5
1900-01-22 23:03:45,7976.5,732365,7977.0,276461,10,305577,-305567,455904,0.5
1900-01-22 23:04:00,7976.5,795373,7977.0,2160333,19306,117095,-97789,-1364960,0.5
1900-01-22 23:04:15,7976.5,783876,7977.0,1979395,8537,149820,-141283,-1195519,0.5
1900-01-22 23:04:30,7976.5,2546087,7977.0,1223721,550627,1515,549112,1322366,0.5
1900-01-22 23:04:45,7978.0,1126485,7978.5,22081,64584,7105,57479,1104404,0.5
1900-01-22 23:05:00,7978.5,1233483,7979.0,6365,58817,6004,52813,1227118,0.5
1900-01-22 23:05:15,7980.0,209191,7980.5,1713830,22713,115,22598,-1504639,0.5
1900-01-22 23:05:30,7979.5,95049,7980.0,1371750,103836,78716,25120,-1276701,0.5
1900-01-22 23:05:45,7979.5,195268,7980.0,980788,30800,144068,-113268,-785520,0.5
1900-01-22 23:06:00,7979.5,1081622,7980.0,282537,11062,12823,-1761,799085,0.5
1900-01-22 23:06:15,7979.5,195325,7980.0,1490726,17023,128991,-111968,-1295401,0.5
1900-01-22 23:06:30,7979.5,2319870,7980.0,954774,43677,2016,41661,1365096,0.5
1900-01-22 23:06:45,7979.5,419478,7980.0,1418043,24334,1282,23052,-998565,0.5
1900-01-22 23:07:00,7979.5,740193,7980.0,1062031,30939,500,30439,-321838,0.5
1900-01-22 23:07:15,7979.5,1085830,7980.0,817682,9833,703,9130,268148,0.5
1900-01-22 23:07:30,7979.5,1076668,7980.0,978808,38881,994,37887,97860,0.5
1900-01-22 23:07:45,7979.5,22654,7980.0,1684331,16210,109626,-93416,-1661677,0.5
1900-01-22 23:08:00,7978.0,22407,7978.5,1194884,1000,33389,-32389,-1172477,0.5
1900-01-22 23:08:15,7978.0,777680,7978.5,355608,1000,21997,-20997,422072,0.5
1900-01-22 23:08:30,7978.0,842084,7978.5,298465,4525,17351,-12826,543619,0.5
1900-01-22 23:08:45,7978.0,1179415,7978.5,882455,143476,13454,130022,296960,0.5
1900-01-22 23:09:00,7978.0,705105,7978.5,580826,49613,20228,29385,124279,0.5
1900-01-22 23:09:15,7983.0,714288,7983.5,386377,60618,77230,-16612,327911,0.5
1900-01-22 23:09:30,7983.0,175252,7983.5,1258386,17475,20000,-2525,-1083134,0.5
1900-01-22 23:09:45,7983.0,50945,7983.5,1413987,8784,9667,-883,-1363042,0.5
1900-01-22 23:10:00,7983.0,8954,7983.5,1486034,10300,31127,-20827,-1477080,0.5
1900-01-22 23:10:15,7982.5,629708,7983.0,126705,10040,258,9782,503003,0.5
1900-01-22 23:10:30,7982.5,3164,7983.0,1450729,13106,391,12715,-1447565,0.5
1900-01-22 23:10:45,7980.0,2249,7982.0,2817264,67560,20536,47024,-2815015,2.0
1900-01-22 23:11:00,7979.5,792971,7980.0,147208,46169,18255,27914,645763,0.5
1900-01-22 23:11:15,7977.0,71972,7977.5,2710116,31,337022,-336991,-2638144,0.5
1900-01-22 23:11:30,7975.5,365,7976.0,1264037,3050,233149,-230099,-1263672,0.5
1900-01-22 23:11:45,7975.0,792623,7975.5,353492,1109,44642,-43533,439131,0.5
1900-01-22 23:12:00,7975.0,1042939,7975.5,285932,600,92895,-92295,757007,0.5
1900-01-22 23:12:15,7978.0,281591,7978.5,957820,65870,5151,60719,-676229,0.5
1900-01-22 23:12:30,7978.0,841893,7978.5,350835,12904,270,12634,491058,0.5
1900-01-22 23:12:45,7978.0,724022,7978.5,227730,13337,3471,9866,496292,0.5
1900-01-22 23:13:00,7987.5,699519,7988.0,346064,125037,10000,115037,353455,0.5
1900-01-22 23:13:15,7991.5,1042787,7992.0,27433,163854,29548,134306,1015354,0.5
1900-01-22 23:13:30,7991.5,272121,7992.0,794611,258226,7875,250351,-522490,0.5
1900-01-22 23:13:45,7991.0,1062132,7991.5,177874,95834,49090,46744,884258,0.5
1900-01-22 23:14:00,7994.5,290156,7995.0,318940,112422,91253,21169,-28784,0.5
1900-01-22 23:14:15,7994.5,1069103,7995.0,66072,125641,3743,121898,1003031,0.5
1900-01-22 23:14:30,7992.5,18562,7993.0,100048,68106,114468,-46362,-81486,0.5
1900-01-22 23:14:45,7991.5,791228,7992.0,508594,105560,127600,-22040,282634,0.5
1900-01-22 23:15:00,7989.5,60,7990.0,1005432,25713,99620,-73907,-1005372,0.5
1900-01-22 23:15:15,7985.5,1336111,7986.0,14138,82596,26429,56167,1321973,0.5
1900-01-22 23:15:30,7987.5,374398,7988.0,426848,59077,3316,55761,-52450,0.5
1900-01-22 23:15:45,7993.0,454333,7993.5,71561,54251,3316,50935,382772,0.5
1900-01-22 23:16:00,7996.5,365249,7997.0,781834,71865,34710,37155,-416585,0.5
1900-01-22 23:16:15,8001.0,165670,8001.5,12364,50374,15773,34601,153306,0.5
1900-01-22 23:16:30,8001.5,1430390,8002.0,240585,383954,25686,358268,1189805,0.5
1900-01-22 23:16:45,8005.5,142995,8006.0,7551,153495,2050,151445,135444,0.5
1900-01-22 23:17:00,8007.5,1641003,8008.0,334267,391857,6924,384933,1306736,0.5
1900-01-22 23:17:15,8007.5,659520,8008.0,848302,88739,58622,30117,-188782,0.5
1900-01-22 23:17:30,8007.5,890491,8008.0,775851,147708,72701,75007,114640,0.5
1900-01-22 23:17:45,8007.5,742670,8008.0,1010791,79139,50750,28389,-268121,0.5
1900-01-22 23:18:00,8007.5,1184063,8008.0,121623,227823,18093,209730,1062440,0.5
1900-01-22 23:18:15,8009.5,1433739,8010.0,69667,234435,9021,225414,1364072,0.5
1900-01-22 23:18:30,8010.0,989732,8010.5,536974,194829,81629,113200,452758,0.5
1900-01-22 23:18:45,8011.5,1550463,8012.0,91855,244167,50113,194054,1458608,0.5
1900-01-22 23:19:00,8017.5,971426,8018.0,620562,350085,11491,338594,350864,0.5
1900-01-22 23:19:15,8012.0,107081,8012.5,91428,75256,103390,-28134,15653,0.5
1900-01-22 23:19:30,8016.5,978948,8017.0,5046,50575,51221,-646,973902,0.5
1900-01-22 23:19:45,8018.5,427604,8019.0,545022,76568,25414,51154,-117418,0.5
1900-01-22 23:20:00,8006.0,542281,8006.5,80411,139420,610927,-471507,461870,0.5
1900-01-22 23:20:15,8011.5,1041729,8012.0,88423,80709,32943,47766,953306,0.5
1900-01-22 23:20:30,8011.5,1824174,8012.0,38225,43795,23779,20016,1785949,0.5
1900-01-22 23:20:45,8009.5,22753,8010.0,826464,24622,73661,-49039,-803711,0.5
1900-01-22 23:21:00,8006.5,114775,8007.0,683388,9422,47438,-38016,-568613,0.5
1900-01-22 23:21:15,8001.5,958322,8002.0,357189,4370,91791,-87421,601133,0.5
1900-01-22 23:21:30,8001.5,109773,8002.0,2906409,1100,51425,-50325,-2796636,0.5
1900-01-22 23:21:45,7998.5,51828,7999.0,2002,23060,221435,-198375,49826,0.5
1900-01-22 23:22:00,7998.5,188212,7999.0,2816208,3547,126991,-123444,-2627996,0.5
1900-01-22 23:22:15,7998.0,251677,7998.5,947409,1191,109065,-107874,-695732,0.5
1900-01-22 23:22:30,7998.0,75192,7998.5,1185943,2500,117817,-115317,-1110751,0.5
1900-01-22 23:22:45,8000.0,196611,8000.5,3905,42830,48137,-5307,192706,0.5
1900-01-22 23:23:00,8003.5,1065411,8004.0,3881,63675,2120,61555,1061530,0.5
1900-01-22 23:23:15,8004.5,1063560,8005.0,283639,58330,110,58220,779921,0.5
1900-01-22 23:23:30,7997.5,87105,7998.0,790660,96807,99054,-2247,-703555,0.5
1900-01-22 23:23:45,7997.5,54507,7998.0,918660,30839,53692,-22853,-864153,0.5
1900-01-22 23:24:00,7997.0,1346421,7997.5,12462,148909,37930,110979,1333959,0.5
1900-01-22 23:24:15,7997.5,51859,7998.0,2981063,8229,58123,-49894,-2929204,0.5
1900-01-22 23:24:30,7997.5,302891,7998.0,2518816,811,12000,-11189,-2215925,0.5
1900-01-22 23:24:45,7997.5,18736,7998.0,2735172,36284,13810,22474,-2716436,0.5
1900-01-22 23:25:00,7996.5,21101,7997.0,1101469,49,47552,-47503,-1080368,0.5
1900-01-22 23:25:15,7996.0,36417,7996.5,1158519,5028,25301,-20273,-1122102,0.5
1900-01-22 23:25:30,7996.0,975698,7996.5,67980,45686,58270,-12584,907718,0.5
1900-01-22 23:25:45,7996.0,49199,7996.5,1017984,49612,34031,15581,-968785,0.5
1900-01-22 23:26:00,7995.5,969497,7996.0,94483,21560,33661,-12101,875014,0.5
1900-01-22 23:26:15,8002.0,660030,8002.5,325606,83970,21780,62190,334424,0.5
1900-01-22 23:26:30,8000.5,841367,8001.0,264761,51747,12366,39381,576606,0.5
1900-01-22 23:26:45,8004.0,1362223,8004.5,37854,17201,11417,5784,1324369,0.5
1900-01-22 23:27:00,8004.0,794345,8004.5,412951,48818,2210,46608,381394,0.5
1900-01-22 23:27:15,8004.5,880738,8005.0,16302,23491,2000,21491,864436,0.5
1900-01-22 23:27:30,8008.5,765750,8009.0,163906,73879,200,73679,601844,0.5
1900-01-22 23:27:45,8008.5,750378,8009.0,564248,20845,1513,19332,186130,0.5
1900-01-22 23:28:00,8008.5,701290,8009.0,771286,27761,25265,2496,-69996,0.5
1900-01-22 23:28:15,8009.0,1585446,8009.5,213,12558,32189,-19631,1585233,0.5
1900-01-22 23:28:30,8011.5,544101,8012.0,213,11400,2520,8880,543888,0.5
1900-01-22 23:28:45,8012.5,172458,8013.0,787930,40693,35254,5439,-615472,0.5
1900-01-22 23:29:00,8009.5,186,8010.0,1094760,17510,85356,-67846,-1094574,0.5
1900-01-22 23:29:15,8004.0,1044646,8004.5,615307,5308,84533,-79225,429339,0.5
1900-01-22 23:29:30,8004.0,98494,8004.5,3030978,20927,28852,-7925,-2932484,0.5
1900-01-22 23:29:45,7999.5,13405,8000.0,1216317,6279,51325,-45046,-1202912,0.5
1900-01-22 23:30:00,7996.0,6929,7996.5,867663,1290,53754,-52464,-860734,0.5
1900-01-22 23:30:15,7991.0,637061,7991.5,494969,23038,24673,-1635,142092,0.5
1900-01-22 23:30:30,7991.0,1084747,7991.5,2164678,75290,141464,-66174,-1079931,0.5
1900-01-22 23:30:45,7991.5,655019,7992.0,1960545,39258,8502,30756,-1305526,0.5
1900-01-22 23:31:00,7991.0,27354,7991.5,152439,930,98409,-97479,-125085,0.5
1900-01-22 23:31:15,7991.0,1240291,7991.5,131710,88581,36295,52286,1108581,0.5
1900-01-22 23:31:30,7991.0,552417,7991.5,2474429,31667,61961,-30294,-1922012,0.5
1900-01-22 23:31:45,7991.0,30232,7991.5,2910271,31667,51061,-19394,-2880039,0.5
1900-01-22 23:32:00,7990.5,941641,7991.0,170082,8210,26768,-18558,771559,0.5
1900-01-22 23:32:15,7993.5,691795,7994.0,4741,1046945,51944,995001,687054,0.5
1900-01-22 23:32:30,7998.5,2183373,7999.0,169297,51577,2254,49323,2014076,0.5
1900-01-22 23:32:45,8000.5,1853,8001.0,340907,28076,6824,21252,-339054,0.5
1900-01-22 23:33:00,7994.5,4681,7995.0,669876,6733,44808,-38075,-665195,0.5
1900-01-22 23:33:15,7994.5,2515085,7995.0,22447,21,9739,-9718,2492638,0.5
1900-01-22 23:33:30,7996.0,163751,7996.5,689049,7715,520,7195,-525298,0.5
1900-01-22 23:33:45,7996.0,711309,7996.5,673651,2501,49818,-47317,37658,0.5
1900-01-22 23:34:00,7996.0,75947,7996.5,1122547,32881,17537,15344,-1046600,0.5
1900-01-22 23:34:15,8001.5,839340,8002.0,238534,11750,13578,-1828,600806,0.5
1900-01-22 23:34:30,8001.5,1668343,8002.0,7287,6393,20575,-14182,1661056,0.5
1900-01-22 23:34:45,8004.5,512140,8005.0,714498,51867,1820,50047,-202358,0.5
1900-01-22 23:35:00,8006.5,1054668,8007.0,341868,24463,17102,7361,712800,0.5
1900-01-22 23:35:15,8006.5,313808,8007.0,762194,5424,19681,-14257,-448386,0.5
1900-01-22 23:35:30,8008.5,1354901,8009.0,129007,18346,1212,17134,1225894,0.5
1900-01-22 23:35:45,8008.5,359384,8009.0,763923,125780,4197,121583,-404539,0.5
1900-01-22 23:36:00,8008.5,372939,8009.0,1233194,39724,22917,16807,-860255,0.5
1900-01-22 23:36:15,8008.5,319972,8009.0,1249617,17100,33706,-16606,-929645,0.5
1900-01-22 23:36:30,8011.5,899267,8012.0,340123,135299,95103,40196,559144,0.5
1900-01-22 23:36:45,8011.5,68917,8012.0,1069773,146742,92437,54305,-1000856,0.5
1900-01-22 23:37:00,8011.5,456880,8012.0,1041178,5000,32830,-27830,-584298,0.5
1900-01-22 23:37:15,8011.5,116424,8012.0,1133203,5000,52338,-47338,-1016779,0.5
1900-01-22 23:37:30,8010.0,1053277,8010.5,230558,521,17013,-16492,822719,0.5
1900-01-22 23:37:45,8010.0,754454,8010.5,101421,63679,101777,-38098,653033,0.5
1900-01-22 23:38:00,8008.5,10179,8009.0,740963,2070,15052,-12982,-730784,0.5
1900-01-22 23:38:15,8007.5,836689,8008.0,947239,5283,8241,-2958,-110550,0.5
1900-01-22 23:38:30,8007.5,647633,8008.0,1039390,5283,260334,-255051,-391757,0.5
1900-01-22 23:38:45,8007.5,446077,8008.0,1246345,210,130750,-130540,-800268,0.5
1900-01-22 23:39:00,8002.5,363,8003.0,1524845,3753,431162,-427409,-1524482,0.5
1900-01-22 23:39:15,8002.0,1174639,8002.5,100169,4850,104944,-100094,1074470,0.5
1900-01-22 23:39:30,8003.0,338960,8003.5,673284,35007,126,34881,-334324,0.5
1900-01-22 23:39:45,7999.5,28228,8000.0,1439074,2721,26290,-23569,-1410846,0.5
1900-01-22 23:40:00,7995.0,794839,7995.5,629659,442,115772,-115330,165180,0.5
1900-01-22 23:40:15,7999.5,49627,8000.0,1409135,7869,25920,-18051,-1359508,0.5
1900-01-22 23:40:30,7996.5,439962,7997.0,776315,30219,11422,18797,-336353,0.5
1900-01-22 23:40:45,7995.0,241940,7995.5,629702,1500,95697,-94197,-387762,0.5
1900-01-22 23:41:00,7989.0,2414,7989.5,1563177,10686,23676,-12990,-1560763,0.5
1900-01-22 23:41:15,7989.5,14591,7990.0,936360,507365,92263,415102,-921769,0.5
1900-01-22 23:41:30,7989.5,3801888,7990.0,995606,145788,2503,143285,2806282,0.5
1900-01-22 23:41:45,7993.5,1441642,7994.0,37526,801355,5348,796007,1404116,0.5
1900-01-22 23:42:00,7993.5,313582,7994.0,791226,56335,10951,45384,-477644,0.5
1900-01-22 23:42:15,7991.5,143116,7992.0,1473934,15216,95522,-80306,-1330818,0.5
1900-01-22 23:42:30,7988.0,414230,7988.5,710478,500,63982,-63482,-296248,0.5
1900-01-22 23:42:45,7991.0,259742,7991.5,545235,22940,19027,3913,-285493,0.5
1900-01-22 23:43:00,7991.0,823365,7991.5,153682,2804,6491,-3687,669683,0.5
1900-01-22 23:43:15,7993.0,745917,7993.5,62936,29582,600,28982,682981,0.5
1900-01-22 23:43:30,7993.0,230465,7993.5,1028877,126404,600,125804,-798412,0.5
1900-01-22 23:43:45,7994.5,761712,7995.0,27568,217074,56350,160724,734144,0.5
1900-01-22 23:44:00,7995.5,1073284,7996.0,878,7358,1400,5958,1072406,0.5
1900-01-22 23:44:15,7997.5,284311,7998.0,567674,14153,1060,13093,-283363,0.5
1900-01-22 23:44:30,7995.0,731132,7995.5,787873,9014,37775,-28761,-56741,0.5
1900-01-22 23:44:45,7995.0,22149,7995.5,770068,9335,17292,-7957,-747919,0.5
1900-01-22 23:45:00,7995.0,51167,7995.5,881148,580,51059,-50479,-829981,0.5
1900-01-22 23:45:15,7993.5,1246613,7994.0,236,8850,51767,-42917,1246377,0.5
1900-01-22 23:45:30,7999.5,667153,8000.0,286439,38911,2870,36041,380714,0.5
1900-01-22 23:45:45,7999.5,2236544,8000.0,112346,115828,1000,114828,2124198,0.5
1900-01-22 23:46:00,7999.0,12414,7999.5,936163,13902,136401,-122499,-923749,0.5
1900-01-22 23:46:15,7996.5,10349,7997.0,1167309,1603,27888,-26285,-1156960,0.5
1900-01-22 23:46:30,7991.5,150355,7992.0,970490,1130,21669,-20539,-820135,0.5
1900-01-22 23:46:45,7991.5,1150634,7992.0,133630,32625,34989,-2364,1017004,0.5
1900-01-22 23:47:00,7991.5,30364,7992.0,1249771,2811,29690,-26879,-1219407,0.5
1900-01-22 23:47:15,7991.0,766,7991.5,1477485,2811,16016,-13205,-1476719,0.5
1900-01-22 23:47:30,7989.5,937698,7990.0,603895,80,98065,-97985,333803,0.5
1900-01-22 23:47:45,7990.0,1055546,7990.5,355740,1195,7709,-6514,699806,0.5
1900-01-22 23:48:00,7989.5,936055,7990.0,632471,6267,109126,-102859,303584,0.5
1900-01-22 23:48:15,7990.0,1209889,7990.5,15015,24666,29791,-5125,1194874,0.5
1900-01-22 23:48:30,7990.0,1347996,7990.5,17473,1713,31250,-29537,1330523,0.5
1900-01-22 23:48:45,7991.5,1096881,7992.0,61575,15275,32212,-16937,1035306,0.5
1900-01-22 23:49:00,7991.5,1088500,7992.0,106371,11335,32212,-20877,982129,0.5
1900-01-22 23:49:15,7991.5,1071167,7992.0,60357,6403,860,5543,1010810,0.5
1900-01-22 23:49:30,7994.0,225503,7994.5,1095048,23933,2000,21933,-869545,0.5
1900-01-22 23:49:45,7988.0,450630,7988.5,1011373,40,102120,-102080,-560743,0.5
1900-01-22 23:50:00,7988.0,782717,7988.5,1186106,1,19330,-19329,-403389,0.5
1900-01-22 23:50:15,7993.0,687968,7993.5,43958,7924,59478,-51554,644010,0.5
1900-01-22 23:50:30,7993.0,346993,7993.5,898544,187,11227,-11040,-551551,0.5
1900-01-22 23:50:45,7990.0,293345,7990.5,697857,102,37762,-37660,-404512,0.5
1900-01-22 23:51:00,7990.0,1002655,7990.5,185224,8795,30478,-21683,817431,0.5
1900-01-22 23:51:15,7990.0,34699,7990.5,1541953,69532,149122,-79590,-1507254,0.5
1900-01-22 23:51:30,7988.0,478671,7988.5,1034898,32710,82349,-49639,-556227,0.5
1900-01-22 23:51:45,7988.0,912051,7988.5,791378,10000,19893,-9893,120673,0.5
1900-01-22 23:52:00,7987.0,151164,7987.5,936574,690,133744,-133054,-785410,0.5
1900-01-22 23:52:15,7986.5,43053,7987.0,1541120,1,5962,-5961,-1498067,0.5
1900-01-22 23:52:30,7980.0,478493,7980.5,785875,6068,124408,-118340,-307382,0.5
1900-01-22 23:52:45,7980.0,673493,7980.5,528465,4850,213259,-208409,145028,0.5
1900-01-22 23:53:00,7979.5,1157195,7980.0,238690,65659,68392,-2733,918505,0.5
1900-01-22 23:53:15,7979.5,874698,7980.0,430485,15251,110889,-95638,444213,0.5
1900-01-22 23:53:30,7983.0,599113,7983.5,61,31348,1658,29690,599052,0.5
1900-01-22 23:53:45,7979.5,492788,7980.0,499336,15513,16219,-706,-6548,0.5
1900-01-22 23:54:00,7979.5,1459522,7980.0,7242,70884,33020,37864,1452280,0.5
1900-01-22 23:54:15,7982.0,200,7982.5,1213028,15111,25487,-10376,-1212828,0.5
1900-01-22 23:54:30,7982.0,506253,7982.5,390605,50,37228,-37178,115648,0.5
1900-01-22 23:54:45,7979.5,189342,7980.0,574326,39346,63867,-24521,-384984,0.5
1900-01-22 23:55:00,7976.5,79950,7977.0,288119,47816,67739,-19923,-208169,0.5
1900-01-22 23:55:15,7964.5,1034533,7965.5,10000,2363,384602,-382239,1024533,1.0
1900-01-22 23:55:30,7970.5,604492,7971.0,701408,830212,858370,-28158,-96916,0.5
1900-01-22 23:55:45,7973.5,942020,7974.0,272979,156112,65008,91104,669041,0.5
1900-01-22 23:56:00,7975.5,564238,7976.0,358721,53043,25902,27141,205517,0.5
1900-01-22 23:56:15,7973.5,196,7974.0,850199,97906,141225,-43319,-850003,0.5
1900-01-22 23:56:30,7973.5,224056,7974.0,842184,10362,15304,-4942,-618128,0.5
1900-01-22 23:56:45,7969.0,15994,7969.5,705445,20056,54275,-34219,-689451,0.5
1900-01-22 23:57:00,7972.0,723036,7972.5,72917,98861,21322,77539,650119,0.5
1900-01-22 23:57:15,7972.0,27716,7972.5,1075578,52237,19377,32860,-1047862,0.5
1900-01-22 23:57:30,7972.0,278968,7972.5,389253,61425,70313,-8888,-110285,0.5
1900-01-22 23:57:45,7972.0,24841,7972.5,1392252,2759,7527,-4768,-1367411,0.5
1900-01-22 23:58:00,7966.0,651126,7966.5,178849,6405,66969,-60564,472277,0.5
1900-01-22 23:58:15,7962.5,454849,7963.0,659524,8078,7838,240,-204675,0.5
1900-01-22 23:58:30,7962.5,409484,7963.0,603327,71710,97107,-25397,-193843,0.5
1900-01-22 23:58:45,7957.0,618987,7957.5,563530,22732,449736,-427004,55457,0.5
1900-01-22 23:59:00,7957.0,487845,7957.5,562947,15279,247988,-232709,-75102,0.5
1900-01-22 23:59:15,7957.0,478659,7957.5,108009,83949,2125,81824,370650,0.5
1900-01-22 23:59:30,7958.0,905556,7958.5,21757,67859,5382,62477,883799,0.5
1900-01-22 23:59:45,7958.5,163225,7959.0,905068,90220,16627,73593,-741843,0.5
