time,bid,bidSize,ask,askSize,buyMO,sellMO,buySellImb,orderImb,spread
1900-01-23 00:00:00,7958.5,19379,7959.0,1061481,82527,60979,21548,-1042102,0.5
1900-01-23 00:00:15,7954.0,537497,7954.5,177886,64360,287071,-222711,359611,0.5
1900-01-23 00:00:30,7954.5,709190,7955.0,356293,173691,21169,152522,352897,0.5
1900-01-23 00:00:45,7954.5,1018203,7955.0,345177,73475,90641,-17166,673026,0.5
1900-01-23 00:01:00,7962.5,659586,7963.0,21347,413146,33933,379213,638239,0.5
1900-01-23 00:01:15,7970.0,69331,7970.5,71940,236361,81762,154599,-2609,0.5
1900-01-23 00:01:30,7966.0,918754,7966.5,138472,30590,61398,-30808,780282,0.5
1900-01-23 00:01:45,7969.5,312699,7970.0,628922,87590,5572,82018,-316223,0.5
1900-01-23 00:02:00,7973.0,225448,7973.5,384392,158836,21769,137067,-158944,0.5
1900-01-23 00:02:15,7973.0,1086332,7973.5,38569,98279,14058,84221,1047763,0.5
1900-01-23 00:02:30,7979.0,831034,7979.5,7395,204263,3600,200663,823639,0.5
1900-01-23 00:02:45,7982.5,164665,7983.0,1281927,281220,1710,279510,-1117262,0.5
1900-01-23 00:03:00,7982.0,46086,7982.5,1340565,82898,155436,-72538,-1294479,0.5
1900-01-23 00:03:15,7982.0,864240,7982.5,2132,43534,96495,-52961,862108,0.5
1900-01-23 00:03:30,7982.0,96580,7982.5,1137379,131008,8360,122648,-1040799,0.5
1900-01-23 00:03:45,7982.0,867416,7982.5,63636,5184,24449,-19265,803780,0.5
1900-01-23 00:04:00,7982.0,1053126,7982.5,533317,103128,10,103118,519809,0.5
1900-01-23 00:04:15,7982.0,1126888,7982.5,51750,64768,14450,50318,1075138,0.5
1900-01-23 00:04:30,7981.5,7622,7982.0,598378,55005,74780,-19775,-590756,0.5
1900-01-23 00:04:45,7974.5,409449,7975.0,120739,3163,69479,-66316,288710,0.5
1900-01-23 00:05:00,7974.5,674711,7975.0,400986,10650,16687,-6037,273725,0.5
1900-01-23 00:05:15,7974.5,319225,7975.0,1022949,44806,5352,39454,-703724,0.5
1900-01-23 00:05:30,7978.5,530595,7979.0,35848,265235,26452,238783,494747,0.5
1900-01-23 00:05:45,7980.0,872969,7980.5,5674,3712,1201,2511,867295,0.5
1900-01-23 00:06:00,7980.5,1198281,7981.0,11767,137907,1020,136887,1186514,0.5
1900-01-23 00:06:15,7980.5,1535309,7981.0,48272,135911,400,135511,1487037,0.5
1900-01-23 00:06:30,7982.5,918119,7983.0,147851,56742,1620,55122,770268,0.5
1900-01-23 00:06:45,7983.0,1253886,7983.5,18187,38191,21,38170,1235699,0.5
1900-01-23 00:07:00,7984.0,219336,7984.5,690605,25199,10556,14643,-471269,0.5
1900-01-23 00:07:15,7980.5,55896,7981.0,90069,20911,187285,-166374,-34173,0.5
1900-01-23 00:07:30,7974.0,57563,7974.5,245514,20148,282747,-262599,-187951,0.5
1900-01-23 00:07:45,7974.5,563064,7975.0,4239,67845,110005,-42160,558825,0.5
1900-01-23 00:08:00,7974.5,1856779,7975.0,40312,11863,2021,9842,1816467,0.5
1900-01-23 00:08:15,7974.5,1682618,7975.0,16795,31700,4832,26868,1665823,0.5
1900-01-23 00:08:30,7977.0,114861,7977.5,695103,6274,2050,4224,-580242,0.5
1900-01-23 00:08:45,7971.0,56910,7971.5,489406,11828,163068,-151240,-432496,0.5
1900-01-23 00:09:00,7968.0,227340,7968.5,708698,9014,240010,-230996,-481358,0.5
1900-01-23 00:09:15,7968.0,819114,7968.5,297603,75014,152529,-77515,521511,0.5
1900-01-23 00:09:30,7968.0,950172,7968.5,496772,4801,2120,2681,453400,0.5
1900-01-23 00:09:45,7975.5,36229,7976.0,1008105,44208,11166,33042,-971876,0.5
1900-01-23 00:10:00,7975.5,78303,7976.0,1061282,6505,42001,-35496,-982979,0.5
1900-01-23 00:10:15,7974.0,31767,7974.5,1314470,2562,18446,-15884,-1282703,0.5
1900-01-23 00:10:30,7970.5,566,7971.0,1012700,560,34766,-34206,-1012134,0.5
1900-01-23 00:10:45,7970.0,34623,7970.5,1270809,560,20308,-19748,-1236186,0.5
1900-01-23 00:11:00,7969.0,22739,7969.5,1261875,101,17898,-17797,-1239136,0.5
1900-01-23 00:11:15,7968.0,108283,7968.5,1045038,1,22669,-22668,-936755,0.5
1900-01-23 00:11:30,7968.0,842366,7968.5,468887,3000,26831,-23831,373479,0.5
1900-01-23 00:11:45,7967.0,71620,7967.5,1395011,19862,31165,-11303,-1323391,0.5
1900-01-23 00:12:00,7964.5,611863,7965.0,387263,26810,118944,-92134,224600,0.5
1900-01-23 00:12:15,7964.5,551875,7965.0,580442,17153,25676,-8523,-28567,0.5
1900-01-23 00:12:30,7964.5,832214,7965.0,227744,40939,100,40839,604470,0.5
1900-01-23 00:12:45,7969.0,335908,7969.5,685752,82695,1550,81145,-349844,0.5
1900-01-23 00:13:00,7969.0,912661,7969.5,343276,55273,2791,52482,569385,0.5
1900-01-23 00:13:15,7969.0,190438,7969.5,1282133,30400,30442,-42,-1091695,0.5
1900-01-23 00:13:30,7969.0,1113642,7969.5,336485,8903,4900,4003,777157,0.5
1900-01-23 00:13:45,7969.0,692928,7969.5,1367717,1434,9791,-8357,-674789,0.5
1900-01-23 00:14:00,7969.5,786720,7970.0,21275,86645,1633,85012,765445,0.5
1900-01-23 00:14:15,7973.5,1044794,7974.0,1091,76728,1633,75095,1043703,0.5
1900-01-23 00:14:30,7974.0,510584,7974.5,878985,126151,1633,124518,-368401,0.5
1900-01-23 00:14:45,7973.0,8735,7973.5,217820,8251,36889,-28638,-209085,0.5
1900-01-23 00:15:00,7972.5,811249,7973.0,259398,5144,11266,-6122,551851,0.5
1900-01-23 00:15:15,7972.5,319195,7973.0,1073592,8604,5347,3257,-754397,0.5
1900-01-23 00:15:30,7972.5,818539,7973.0,544352,1674,16000,-14326,274187,0.5
1900-01-23 00:15:45,7972.5,924504,7973.0,563982,13192,1306,11886,360522,0.5
1900-01-23 00:16:00,7972.5,1099801,7973.0,299505,5315,2507,2808,800296,0.5
1900-01-23 00:16:15,7972.5,1124872,7973.0,216092,21331,100,21231,908780,0.5
1900-01-23 00:16:30,7972.5,1299848,7973.0,103266,99710,8,99702,1196582,0.5
1900-01-23 00:16:45,7972.5,517909,7973.0,565592,11399,6702,4697,-47683,0.5
1900-01-23 00:17:00,7972.5,963484,7973.0,221371,11399,1000,10399,742113,0.5
1900-01-23 00:17:15,7977.5,656957,7978.0,590967,62482,1000,61482,65990,0.5
1900-01-23 00:17:30,7977.5,635272,7978.0,551956,82158,1250,80908,83316,0.5
1900-01-23 00:17:45,7976.5,3456,7977.0,889837,75597,116238,-40641,-886381,0.5
1900-01-23 00:18:00,7976.5,283972,7977.0,1041,4013,40967,-36954,282931,0.5
1900-01-23 00:18:15,7977.0,1145239,7977.5,17027,105865,1000,104865,1128212,0.5
1900-01-23 00:18:30,7979.0,1252064,7979.5,62856,199306,26,199280,1189208,0.5
1900-01-23 00:18:45,7979.5,1129662,7980.0,273502,132711,125,132586,856160,0.5
1900-01-23 00:19:00,7979.5,940704,7980.0,266490,42605,2330,40275,674214,0.5
1900-01-23 00:19:15,7979.5,948928,7980.0,405668,55250,3700,51550,543260,0.5
1900-01-23 00:19:30,7979.5,875164,7980.0,393681,7447,116,7331,481483,0.5
1900-01-23 00:19:45,7979.5,1174401,7980.0,324574,61679,2703,58976,849827,0.5
1900-01-23 00:20:00,7979.5,1047517,7980.0,389594,7041,2703,4338,657923,0.5
1900-01-23 00:20:15,7978.0,74211,7978.5,764358,17958,59875,-41917,-690147,0.5
1900-01-23 00:20:30,7978.0,415546,7978.5,345393,7,49594,-49587,70153,0.5
1900-01-23 00:20:45,7978.0,562190,7978.5,412784,17415,8354,9061,149406,0.5
1900-01-23 00:21:00,7978.0,516375,7978.5,436045,5,1120,-1115,80330,0.5
1900-01-23 00:21:15,7978.0,478120,7978.5,382300,1,585,-584,95820,0.5
1900-01-23 00:21:30,7978.0,419325,7978.5,489383,1,10085,-10084,-70058,0.5
1900-01-23 00:21:45,7978.0,885093,7978.5,81882,84827,2,84825,803211,0.5
1900-01-23 00:22:00,7978.0,753399,7978.5,306604,20948,43,20905,446795,0.5
1900-01-23 00:22:15,7978.0,1041402,7978.5,45172,35795,141,35654,996230,0.5
1900-01-23 00:22:30,7979.5,578116,7980.0,749107,7744,4148,3596,-170991,0.5
1900-01-23 00:22:45,7979.5,802406,7980.0,153625,2500,110,2390,648781,0.5
1900-01-23 00:23:00,7979.5,173656,7980.0,1284807,4021,40030,-36009,-1111151,0.5
1900-01-23 00:23:15,7979.5,52884,7980.0,1414204,4021,23297,-19276,-1361320,0.5
1900-01-23 00:23:30,7979.5,133027,7980.0,1107467,1000,16226,-15226,-974440,0.5
1900-01-23 00:23:45,7979.5,29915,7980.0,1399221,4641,8225,-3584,-1369306,0.5
1900-01-23 00:24:00,7979.0,24074,7979.5,970084,7101,5438,1663,-946010,0.5
1900-01-23 00:24:15,7979.0,146239,7979.5,860552,1305,1488,-183,-714313,0.5
1900-01-23 00:24:30,7978.5,33744,7979.0,1470667,3011,41814,-38803,-1436923,0.5
1900-01-23 00:24:45,7978.5,28545,7979.0,1204124,230,351,-121,-1175579,0.5
1900-01-23 00:25:00,7978.5,31764,7979.0,1160235,26180,3032,23148,-1128471,0.5
1900-01-23 00:25:15,7978.0,319770,7978.5,1160125,1000,15964,-14964,-840355,0.5
1900-01-23 00:25:30,7978.0,319091,7978.5,1141481,1,2901,-2900,-822390,0.5
1900-01-23 00:25:45,7978.0,605247,7978.5,624953,35577,34029,1548,-19706,0.5
1900-01-23 00:26:00,7979.5,812070,7980.0,358607,84970,13,84957,453463,0.5
1900-01-23 00:26:15,7981.0,676754,7981.5,17955,24827,13,24814,658799,0.5
1900-01-23 00:26:30,7984.5,664526,7985.0,16912,68767,1000,67767,647614,0.5
1900-01-23 00:26:45,7984.5,664970,7985.0,282365,101047,12962,88085,382605,0.5
1900-01-23 00:27:00,7985.5,1393373,7986.0,53370,51495,2,51493,1340003,0.5
1900-01-23 00:27:15,7986.0,1459737,7986.5,25316,23593,1687,21906,1434421,0.5
1900-01-23 00:27:30,7987.5,1307952,7988.0,108978,157468,2000,155468,1198974,0.5
1900-01-23 00:27:45,7987.5,1226411,7988.0,110178,227210,7000,220210,1116233,0.5
1900-01-23 00:28:00,7987.5,1780769,7988.0,173640,160735,2200,158535,1607129,0.5
1900-01-23 00:28:15,7987.5,1505654,7988.0,411501,44050,8135,35915,1094153,0.5
1900-01-23 00:28:30,7982.0,987171,7982.5,451201,1740,101019,-99279,535970,0.5
1900-01-23 00:28:45,7982.0,654796,7982.5,2441832,43240,2982,40258,-1787036,0.5
1900-01-23 00:29:00,7982.0,1237627,7982.5,134777,4982,12111,-7129,1102850,0.5
1900-01-23 00:29:15,7982.0,1845563,7982.5,129278,72016,2300,69716,1716285,0.5
1900-01-23 00:29:30,7982.0,2159094,7982.5,18148,18602,1000,17602,2140946,0.5
1900-01-23 00:29:45,7982.0,1807476,7982.5,25657,10500,1000,9500,1781819,0.5
1900-01-23 00:30:00,7982.0,894699,7982.5,310373,6955,4524,2431,584326,0.5
1900-01-23 00:30:15,7984.0,466567,7984.5,619467,37572,618,36954,-152900,0.5
1900-01-23 00:30:30,7984.0,536787,7984.5,700061,11260,618,10642,-163274,0.5
1900-01-23 00:30:45,7984.5,582289,7985.0,182686,86447,4000,82447,399603,0.5
1900-01-23 00:31:00,7987.0,1080210,7987.5,23825,125968,202,125766,1056385,0.5
1900-01-23 00:31:15,7987.0,53624,7987.5,806667,13893,46534,-32641,-753043,0.5
1900-01-23 00:31:30,7987.5,582493,7988.0,152489,54485,4036,50449,430004,0.5
1900-01-23 00:31:45,7987.5,887075,7988.0,164198,10669,2011,8658,722877,0.5
1900-01-23 00:32:00,7987.5,1336823,7988.0,4586,100075,2011,98064,1332237,0.5
1900-01-23 00:32:15,7989.0,820138,7989.5,32882,18744,501,18243,787256,0.5
1900-01-23 00:32:30,7994.5,588167,7995.0,355354,320910,66330,254580,232813,0.5
1900-01-23 00:32:45,7995.0,1036216,7995.5,5426,157465,15959,141506,1030790,0.5
1900-01-23 00:33:00,7996.5,298048,7997.0,596256,212570,13525,199045,-298208,0.5
1900-01-23 00:33:15,7996.5,1539297,7997.0,402220,29234,11749,17485,1137077,0.5
1900-01-23 00:33:30,7999.0,1386491,7999.5,7743,254701,5600,249101,1378748,0.5
1900-01-23 00:33:45,8000.0,262495,8000.5,693975,74564,116800,-42236,-431480,0.5
1900-01-23 00:34:00,8000.0,386430,8000.5,680608,75869,103146,-27277,-294178,0.5
1900-01-23 00:34:15,8000.0,2083473,8000.5,527108,278293,33252,245041,1556365,0.5
1900-01-23 00:34:30,8009.5,479973,8010.0,339809,482434,8256,474178,140164,0.5
1900-01-23 00:34:45,8005.5,1403897,8006.0,167272,80504,50426,30078,1236625,0.5
1900-01-23 00:35:00,8014.5,493694,8015.0,114973,251183,9940,241243,378721,0.5
1900-01-23 00:35:15,8014.5,689726,8015.0,165457,71489,10051,61438,524269,0.5
1900-01-23 00:35:30,8016.5,526445,8017.0,252479,103106,12289,90817,273966,0.5
1900-01-23 00:35:45,8014.5,367259,8015.0,1166,64469,137957,-73488,366093,0.5
1900-01-23 00:36:00,8014.5,1141806,8015.0,149651,14457,116476,-102019,992155,0.5
1900-01-23 00:36:15,8009.5,232691,8010.0,569045,9370,156465,-147095,-336354,0.5
1900-01-23 00:36:30,8010.5,1807,8011.0,557700,39610,27427,12183,-555893,0.5
1900-01-23 00:36:45,8005.0,1505962,8005.5,111904,30195,82736,-52541,1394058,0.5
1900-01-23 00:37:00,8005.0,1643651,8005.5,148815,4449,6853,-2404,1494836,0.5
1900-01-23 00:37:15,8008.0,1269718,8008.5,11,23789,206896,-183107,1269707,0.5
1900-01-23 00:37:30,8010.0,675989,8010.5,269007,21437,15797,5640,406982,0.5
1900-01-23 00:37:45,8010.5,720579,8011.0,266628,12394,40314,-27920,453951,0.5
1900-01-23 00:38:00,8001.0,1122058,8001.5,634278,31397,25483,5914,487780,0.5
1900-01-23 00:38:15,8001.0,1153007,8001.5,139184,71563,20097,51466,1013823,0.5
1900-01-23 00:38:30,8005.5,772560,8006.0,106317,62753,81,62672,666243,0.5
1900-01-23 00:38:45,8009.0,809405,8009.5,317873,36954,30760,6194,491532,0.5
1900-01-23 00:39:00,8009.0,714829,8009.5,331074,14026,9674,4352,383755,0.5
1900-01-23 00:39:15,8002.5,2051,8003.0,941400,1372,204074,-202702,-939349,0.5
1900-01-23 00:39:30,7998.5,1284581,7999.0,121077,81806,43298,38508,1163504,0.5
1900-01-23 00:39:45,7999.5,354215,8000.0,766249,37288,17154,20134,-412034,0.5
1900-01-23 00:40:00,7999.5,279004,8000.0,787788,5339,128534,-123195,-508784,0.5
1900-01-23 00:40:15,7999.5,190216,8000.0,865243,1610,70961,-69351,-675027,0.5
1900-01-23 00:40:30,7997.0,170842,7997.5,999287,3136,113096,-109960,-828445,0.5
1900-01-23 00:40:45,7996.0,7574,7996.5,1393205,396,40249,-39853,-1385631,0.5
1900-01-23 00:41:00,7995.0,5449995,7995.5,515942,19125,35187,-16062,4934053,0.5
1900-01-23 00:41:15,7995.5,858750,7996.0,1872,124015,31101,92914,856878,0.5
1900-01-23 00:41:30,7999.5,6015770,8000.0,37259,105544,301,105243,5978511,0.5
1900-01-23 00:41:45,8001.0,1079292,8001.5,55823,62272,10008,52264,1023469,0.5
1900-01-23 00:42:00,8001.0,1038525,8001.5,46178,37479,7500,29979,992347,0.5
1900-01-23 00:42:15,8002.0,147752,8002.5,1035456,2203,27130,-24927,-887704,0.5
1900-01-23 00:42:30,7999.0,788,7999.5,1156419,22,52527,-52505,-1155631,0.5
1900-01-23 00:42:45,7996.0,847898,7996.5,333509,5480,2606,2874,514389,0.5
1900-01-23 00:43:00,7996.0,921175,7996.5,462124,3929,36200,-32271,459051,0.5
1900-01-23 00:43:15,7998.5,775041,7999.0,1805,21483,200,21283,773236,0.5
1900-01-23 00:43:30,7998.5,845285,7999.0,217060,156452,110,156342,628225,0.5
1900-01-23 00:43:45,8002.0,1211859,8002.5,28797,14534,1157,13377,1183062,0.5
1900-01-23 00:44:00,8006.0,513689,8006.5,518189,114650,3249,111401,-4500,0.5
1900-01-23 00:44:15,8006.0,540573,8006.5,731216,12707,13497,-790,-190643,0.5
1900-01-23 00:44:30,8000.0,121379,8000.5,687847,710,31391,-30681,-566468,0.5
1900-01-23 00:44:45,8000.0,2589366,8000.5,16692,21214,9125,12089,2572674,0.5
1900-01-23 00:45:00,8007.0,499780,8007.5,2179,20302,391,19911,497601,0.5
1900-01-23 00:45:15,8007.0,273970,8007.5,470139,206393,2919,203474,-196169,0.5
1900-01-23 00:45:30,8007.0,183590,8007.5,489713,11685,22766,-11081,-306123,0.5
1900-01-23 00:45:45,8007.0,405079,8007.5,759760,12703,74006,-61303,-354681,0.5
1900-01-23 00:46:00,8007.0,113384,8007.5,865697,3300,36611,-33311,-752313,0.5
1900-01-23 00:46:15,8007.0,666753,8007.5,502889,3797,109982,-106185,163864,0.5
1900-01-23 00:46:30,8009.5,1412760,8010.0,35879,65451,40500,24951,1376881,0.5
1900-01-23 00:46:45,8010.0,1035035,8010.5,87508,36196,53406,-17210,947527,0.5
1900-01-23 00:47:00,8010.0,277654,8010.5,562179,25016,30014,-4998,-284525,0.5
1900-01-23 00:47:15,8016.5,144463,8017.0,285247,197273,16363,180910,-140784,0.5
1900-01-23 00:47:30,8020.0,292775,8020.5,729093,209891,11620,198271,-436318,0.5
1900-01-23 00:47:45,8021.5,340669,8022.0,212893,132930,90306,42624,127776,0.5
1900-01-23 00:48:00,8024.5,703746,8025.0,163989,366864,4841,362023,539757,0.5
1900-01-23 00:48:15,8007.0,42850,8007.5,105449,63882,533441,-469559,-62599,0.5
1900-01-23 00:48:30,8026.5,25005,8027.0,303,61708,55432,6276,24702,0.5
1900-01-23 00:48:45,8018.5,843977,8019.0,190622,137980,68043,69937,653355,0.5
1900-01-23 00:49:00,8016.5,314867,8017.0,163751,44500,148714,-104214,151116,0.5
1900-01-23 00:49:15,8020.5,1081592,8021.0,40027,14934,38603,-23669,1041565,0.5
1900-01-23 00:49:30,8016.5,195181,8017.0,563710,9518,94634,-85116,-368529,0.5
1900-01-23 00:49:45,8016.5,2354745,8017.0,136,21627,46747,-25120,2354609,0.5
1900-01-23 00:50:00,8020.0,1401646,8020.5,1560,99766,628,99138,1400086,0.5
1900-01-23 00:50:15,8022.5,1228212,8023.0,3109,35296,46080,-10784,1225103,0.5
1900-01-23 00:50:30,8022.5,979247,8023.0,262620,11934,5432,6502,716627,0.5
1900-01-23 00:50:45,8025.0,557222,8025.5,190549,16946,25445,-8499,366673,0.5
1900-01-23 00:51:00,8020.0,1474629,8020.5,13612,188126,54351,133775,1461017,0.5
1900-01-23 00:51:15,8025.5,1241118,8026.0,4598,61722,38549,23173,1236520,0.5
1900-01-23 00:51:30,8026.5,521867,8027.0,153171,41705,51601,-9896,368696,0.5
1900-01-23 00:51:45,8026.5,726035,8027.0,37637,16443,14229,2214,688398,0.5
1900-01-23 00:52:00,8028.5,1677683,8029.0,124286,85867,23870,61997,1553397,0.5
1900-01-23 00:52:15,8028.5,1732078,8029.0,130712,43324,44017,-693,1601366,0.5
1900-01-23 00:52:30,8028.5,822434,8029.0,960025,13560,7911,5649,-137591,0.5
1900-01-23 00:52:45,8024.0,180644,8024.5,667786,26766,152473,-125707,-487142,0.5
1900-01-23 00:53:00,8018.0,1000,8018.5,472823,773,48980,-48207,-471823,0.5
1900-01-23 00:53:15,8016.5,1449925,8017.0,23252,75187,49240,25947,1426673,0.5
1900-01-23 00:53:30,8017.5,1335875,8018.0,42971,70356,14200,56156,1292904,0.5
1900-01-23 00:53:45,8018.5,1278072,8019.0,23229,28477,16300,12177,1254843,0.5
1900-01-23 00:54:00,8019.5,1630066,8020.0,284603,26720,47600,-20880,1345463,0.5
1900-01-23 00:54:15,8019.5,1062053,8020.0,255448,62136,48076,14060,806605,0.5
1900-01-23 00:54:30,8019.5,311163,8020.0,927592,20001,57328,-37327,-616429,0.5
1900-01-23 00:54:45,8014.0,1053437,8014.5,298790,876,46061,-45185,754647,0.5
1900-01-23 00:55:00,8014.0,2472633,8014.5,131222,97750,107702,-9952,2341411,0.5
1900-01-23 00:55:15,8016.0,831888,8016.5,156370,11678,39320,-27642,675518,0.5
1900-01-23 00:55:30,8016.0,1377415,8016.5,57547,20958,5,20953,1319868,0.5
1900-01-23 00:55:45,8019.5,700520,8020.0,327593,16331,13471,2860,372927,0.5
1900-01-23 00:56:00,8019.5,338188,8020.0,926349,9033,350,8683,-588161,0.5
1900-01-23 00:56:15,8019.5,2109178,8020.0,45537,45846,30055,15791,2063641,0.5
1900-01-23 00:56:30,8020.0,707082,8020.5,476058,3024,696,2328,231024,0.5
1900-01-23 00:56:45,8020.0,1188468,8020.5,166978,27994,751,27243,1021490,0.5
1900-01-23 00:57:00,8020.0,333020,8020.5,824455,5751,21184,-15433,-491435,0.5
1900-01-23 00:57:15,8018.5,50,8019.0,730773,5751,44604,-38853,-730723,0.5
1900-01-23 00:57:30,8018.0,2103,8018.5,1026350,120,39829,-39709,-1024247,0.5
1900-01-23 00:57:45,8017.5,1636291,8018.0,387619,2188,12959,-10771,1248672,0.5
1900-01-23 00:58:00,8019.0,1073981,8019.5,294944,5398,4100,1298,779037,0.5
1900-01-23 00:58:15,8019.0,1279223,8019.5,176188,125518,15364,110154,1103035,0.5
1900-01-23 00:58:30,8027.0,304706,8027.5,463119,56358,21887,34471,-158413,0.5
1900-01-23 00:58:45,8027.0,596133,8027.5,315921,27036,24483,2553,280212,0.5
1900-01-23 00:59:00,8027.0,1644860,8027.5,205210,96132,16027,80105,1439650,0.5
1900-01-23 00:59:15,8027.0,1911756,8027.5,112015,32208,90704,-58496,1799741,0.5
1900-01-23 00:59:30,8027.0,1617812,8027.5,144060,68509,3000,65509,1473752,0.5
1900-01-23 00:59:45,8027.5,1497309,8028.0,56617,58588,15005,43583,1440692,0.5
1900-01-23 01:00:00,8027.5,1153338,8028.0,31338,52968,1,52967,1122000,0.5
1900-01-23 01:00:15,8027.5,1222614,8028.0,1451442,214324,70316,144008,-228828,0.5
1900-01-23 01:00:30,8027.5,1701847,8028.0,1258253,163100,22460,140640,443594,0.5
1900-01-23 01:00:45,8027.5,2406846,8028.0,897005,416274,15116,401158,1509841,0.5
1900-01-23 01:01:00,8028.5,968503,8029.0,154041,273921,11242,262679,814462,0.5
1900-01-23 01:01:15,8033.0,57069,8033.5,20022,208223,7919,200304,37047,0.5
1900-01-23 01:01:30,8030.0,76628,8030.5,714668,111932,76700,35232,-638040,0.5
1900-01-23 01:01:45,8030.0,1120641,8030.5,766371,138467,100632,37835,354270,0.5
1900-01-23 01:02:00,8030.0,1872900,8030.5,190231,565918,28335,537583,1682669,0.5
1900-01-23 01:02:15,8032.5,823396,8033.0,420109,173338,12454,160884,403287,0.5
1900-01-23 01:02:30,8032.5,674445,8033.0,551199,12753,32127,-19374,123246,0.5
1900-01-23 01:02:45,8032.5,101038,8033.0,574016,13641,15908,-2267,-472978,0.5
1900-01-23 01:03:00,8024.5,5814,8025.0,1028064,46311,82907,-36596,-1022250,0.5
1900-01-23 01:03:15,8018.5,1045238,8019.0,325251,8456,190785,-182329,719987,0.5
1900-01-23 01:03:30,8021.0,844767,8021.5,61903,25850,28680,-2830,782864,0.5
1900-01-23 01:03:45,8021.0,117701,8021.5,873337,17702,41840,-24138,-755636,0.5
1900-01-23 01:04:00,8017.5,10369,8018.0,573067,13226,558188,-544962,-562698,0.5
1900-01-23 01:04:15,8012.0,179422,8012.5,15050,9909,238294,-228385,164372,0.5
1900-01-23 01:04:30,8013.5,302432,8014.0,659683,21207,8069,13138,-357251,0.5
1900-01-23 01:04:45,8013.5,907359,8014.0,248906,11848,8958,2890,658453,0.5
1900-01-23 01:05:00,8012.0,349182,8012.5,851802,18180,30092,-11912,-502620,0.5
1900-01-23 01:05:15,8010.5,1122922,8011.0,490301,239,64828,-64589,632621,0.5
1900-01-23 01:05:30,8010.5,1187656,8011.0,164063,38177,96334,-58157,1023593,0.5
1900-01-23 01:05:45,8014.0,1377574,8014.5,8346,57885,4126,53759,1369228,0.5
1900-01-23 01:06:00,8014.5,2084,8015.0,947076,17385,480,16905,-944992,0.5
1900-01-23 01:06:15,8007.5,429999,8008.0,860307,22010,113091,-91081,-430308,0.5
1900-01-23 01:06:30,8007.5,371514,8008.0,758736,3295,308927,-305632,-387222,0.5
1900-01-23 01:06:45,8007.5,1357040,8008.0,775113,20601,15783,4818,581927,0.5
1900-01-23 01:07:00,8007.5,1859170,8008.0,214840,50179,100086,-49907,1644330,0.5
1900-01-23 01:07:15,8007.5,2138821,8008.0,51817,43983,400,43583,2087004,0.5
1900-01-23 01:07:30,8012.0,831562,8012.5,464740,26638,150,26488,366822,0.5
1900-01-23 01:07:45,8012.0,1921068,8012.5,238594,63854,6363,57491,1682474,0.5
1900-01-23 01:08:00,8012.0,41073,8012.5,1137823,2093,3179,-1086,-1096750,0.5
1900-01-23 01:08:15,8008.5,1061374,8009.0,375331,10502,14099,-3597,686043,0.5
1900-01-23 01:08:30,8008.5,610105,8009.0,363829,10986,58634,-47648,246276,0.5
1900-01-23 01:08:45,8008.0,75483,8008.5,898597,123527,81796,41731,-823114,0.5
1900-01-23 01:09:00,8008.0,317833,8008.5,614784,3060,34047,-30987,-296951,0.5
1900-01-23 01:09:15,8008.0,978807,8008.5,196393,38976,44421,-5445,782414,0.5
1900-01-23 01:09:30,8008.0,1916791,8008.5,97779,1684,10210,-8526,1819012,0.5
1900-01-23 01:09:45,8008.0,1854929,8008.5,311651,9674,18152,-8478,1543278,0.5
1900-01-23 01:10:00,8008.0,2175538,8008.5,51079,18204,556,17648,2124459,0.5
1900-01-23 01:10:15,8008.5,1260149,8009.0,9727,6862,2011,4851,1250422,0.5
1900-01-23 01:10:30,8009.5,1478874,8010.0,8000,57401,1020,56381,1470874,0.5
1900-01-23 01:10:45,8011.5,1640235,8012.0,47054,15473,8,15465,1593181,0.5
1900-01-23 01:11:00,8011.5,1134588,8012.0,123225,35956,14316,21640,1011363,0.5
1900-01-23 01:11:15,8011.5,961388,8012.0,287779,1321,15098,-13777,673609,0.5
1900-01-23 01:11:30,8011.5,86063,8012.0,1033347,2250,33700,-31450,-947284,0.5
1900-01-23 01:11:45,8010.0,1162770,8010.5,1631537,7000,295932,-288932,-468767,0.5
1900-01-23 01:12:00,8010.0,1245176,8010.5,1708458,1600,55065,-53465,-463282,0.5
1900-01-23 01:12:15,8010.0,1537634,8010.5,490760,6158,149463,-143305,1046874,0.5
1900-01-23 01:12:30,8010.0,2131456,8010.5,1144116,18461,111,18350,987340,0.5
1900-01-23 01:12:45,8010.0,3101720,8010.5,19106,100397,100,100297,3082614,0.5
1900-01-23 01:13:00,8015.0,1568245,8015.5,232845,11247,13050,-1803,1335400,0.5
1900-01-23 01:13:15,8015.0,1881670,8015.5,575846,3732,30621,-26889,1305824,0.5
1900-01-23 01:13:30,8015.0,2948819,8015.5,502962,23332,250,23082,2445857,0.5
1900-01-23 01:13:45,8015.5,108973,8016.0,1266214,41400,15200,26200,-1157241,0.5
1900-01-23 01:14:00,8015.5,187023,8016.0,1549819,1009,351368,-350359,-1362796,0.5
1900-01-23 01:14:15,8015.5,309407,8016.0,1332929,85075,104500,-19425,-1023522,0.5
1900-01-23 01:14:30,8015.5,205106,8016.0,1356271,1081,5102,-4021,-1151165,0.5
1900-01-23 01:14:45,8015.5,1985681,8016.0,153197,3638,35819,-32181,1832484,0.5
1900-01-23 01:15:00,8017.0,1742042,8017.5,433,126158,10000,116158,1741609,0.5
1900-01-23 01:15:15,8018.0,1290338,8018.5,217860,50466,12185,38281,1072478,0.5
1900-01-23 01:15:30,8018.0,142388,8018.5,993129,1195,30000,-28805,-850741,0.5
1900-01-23 01:15:45,8016.0,3643,8017.0,554129,5214,65508,-60294,-550486,1.0
1900-01-23 01:16:00,8012.5,35455,8013.0,1051588,615,55790,-55175,-1016133,0.5
1900-01-23 01:16:15,8012.5,849884,8013.0,756925,615,59763,-59148,92959,0.5
1900-01-23 01:16:30,8012.5,464371,8013.0,877793,8141,16331,-8190,-413422,0.5
1900-01-23 01:16:45,8012.5,488574,8013.0,912740,1000,81867,-80867,-424166,0.5
1900-01-23 01:17:00,8012.5,251100,8013.0,1061039,60,34018,-33958,-809939,0.5
1900-01-23 01:17:15,8012.5,257082,8013.0,1099093,25022,14022,11000,-842011,0.5
1900-01-23 01:17:30,8007.5,39690,8008.0,549618,3,165678,-165675,-509928,0.5
1900-01-23 01:17:45,8004.5,8649,8005.0,260486,5334,367808,-362474,-251837,0.5
1900-01-23 01:18:00,8004.0,342362,8004.5,795477,2890,85259,-82369,-453115,0.5
1900-01-23 01:18:15,8004.0,1269780,8004.5,749935,24689,51874,-27185,519845,0.5
1900-01-23 01:18:30,8004.0,67831,8004.5,1061740,9021,5465,3556,-993909,0.5
1900-01-23 01:18:45,8004.5,283807,8005.0,685229,38393,14716,23677,-401422,0.5
1900-01-23 01:19:00,8004.0,112736,8004.5,529682,14000,13764,236,-416946,0.5
1900-01-23 01:19:15,8000.0,162456,8003.0,1185869,6201,25972,-19771,-1023413,3.0
1900-01-23 01:19:30,7999.5,720392,8000.0,419155,40100,77214,-37114,301237,0.5
1900-01-23 01:19:45,7999.5,1886212,8000.0,513986,2110,1046,1064,1372226,0.5
1900-01-23 01:20:00,7999.5,1993372,8000.0,723623,34063,372,33691,1269749,0.5
1900-01-23 01:20:15,7999.5,2079312,8000.0,671474,10030,11000,-970,1407838,0.5
1900-01-23 01:20:30,7999.5,2059440,8000.0,751748,14020,28510,-14490,1307692,0.5
1900-01-23 01:20:45,7999.5,1987851,8000.0,781851,15258,1020,14238,1206000,0.5
1900-01-23 01:21:00,7999.5,2070673,8000.0,728038,19534,4000,15534,1342635,0.5
1900-01-23 01:21:15,7999.5,2038208,8000.0,707270,30070,41460,-11390,1330938,0.5
1900-01-23 01:21:30,7999.5,702120,8000.0,834169,12287,8600,3687,-132049,0.5
1900-01-23 01:21:45,7999.5,725120,8000.0,822587,39700,36669,3031,-97467,0.5
1900-01-23 01:22:00,7999.5,716013,8000.0,901983,100,17100,-17000,-185970,0.5
1900-01-23 01:22:15,7999.5,783527,8000.0,822731,9050,28744,-19694,-39204,0.5
1900-01-23 01:22:30,7999.5,191057,8000.0,1398240,9050,7932,1118,-1207183,0.5
1900-01-23 01:22:45,7984.5,1131526,7985.0,692956,27567,1107114,-1079547,438570,0.5
1900-01-23 01:23:00,7984.5,1340235,7985.0,471142,72880,343746,-270866,869093,0.5
1900-01-23 01:23:15,7986.5,598351,7987.0,69396,178737,5406,173331,528955,0.5
1900-01-23 01:23:30,7986.5,316883,7987.0,619162,3652,727,2925,-302279,0.5
1900-01-23 01:23:45,7983.5,9128,7984.0,1821333,23707,58565,-34858,-1812205,0.5
1900-01-23 01:24:00,7980.0,88107,7980.5,1117201,19399,602144,-582745,-1029094,0.5
1900-01-23 01:24:15,7976.0,491287,7976.5,12000,32571,309973,-277402,479287,0.5
1900-01-23 01:24:30,7979.0,66829,7979.5,83219,236748,77573,159175,-16390,0.5
1900-01-23 01:24:45,7979.0,949513,7979.5,190496,88759,6650,82109,759017,0.5
1900-01-23 01:25:00,7982.5,522120,7983.0,475429,26372,48111,-21739,46691,0.5
1900-01-23 01:25:15,7982.5,1064993,7983.0,717330,85453,5886,79567,347663,0.5
1900-01-23 01:25:30,7980.5,1041389,7981.0,183558,172820,223153,-50333,857831,0.5
1900-01-23 01:25:45,7983.5,1000112,7984.0,915202,462432,12352,450080,84910,0.5
1900-01-23 01:26:00,7983.5,2419668,7984.0,490579,357031,16204,340827,1929089,0.5
1900-01-23 01:26:15,7983.5,1849078,7984.0,359615,168349,5000,163349,1489463,0.5
1900-01-23 01:26:30,7984.0,1436958,7984.5,1397693,89550,10149,79401,39265,0.5
1900-01-23 01:26:45,7984.0,1529789,7984.5,1301871,102039,101,101938,227918,0.5
1900-01-23 01:27:00,7984.0,2646711,7984.5,722323,576771,1150,575621,1924388,0.5
1900-01-23 01:27:15,7984.0,2662570,7984.5,550231,167078,56,167022,2112339,0.5
1900-01-23 01:27:30,7990.0,1602800,7990.5,102038,41319,3100,38219,1500762,0.5
1900-01-23 01:27:45,7996.5,398866,7997.0,666310,153015,28955,124060,-267444,0.5
1900-01-23 01:28:00,7996.5,689141,7997.0,627570,106591,2396,104195,61571,0.5
1900-01-23 01:28:15,7996.5,1524323,7997.0,30738,88289,6780,81509,1493585,0.5
1900-01-23 01:28:30,7996.5,377623,7997.0,454694,74639,55564,19075,-77071,0.5
1900-01-23 01:28:45,7995.0,8470,7995.5,1019916,502,74164,-73662,-1011446,0.5
1900-01-23 01:29:00,7990.0,1501227,7990.5,180674,2888,49307,-46419,1320553,0.5
1900-01-23 01:29:15,7990.0,2471529,7990.5,30759,85655,205,85450,2440770,0.5
1900-01-23 01:29:30,7990.0,2213091,7990.5,43178,32912,212900,-179988,2169913,0.5
1900-01-23 01:29:45,7990.0,1754691,7990.5,87026,48722,16290,32432,1667665,0.5
1900-01-23 01:30:00,7990.0,232716,7990.5,650468,11983,20370,-8387,-417752,0.5
1900-01-23 01:30:15,7989.5,971715,7990.0,519723,17803,25886,-8083,451992,0.5
1900-01-23 01:30:30,7989.5,2446326,7990.0,10986,17657,21443,-3786,2435340,0.5
1900-01-23 01:30:45,7989.5,1276483,7990.0,649988,18544,771,17773,626495,0.5
1900-01-23 01:31:00,7989.5,1040405,7990.0,97648,10560,28542,-17982,942757,0.5
1900-01-23 01:31:15,7989.5,2105365,7990.0,51550,20633,28542,-7909,2053815,0.5
1900-01-23 01:31:30,7990.0,1656711,7990.5,28126,23029,28542,-5513,1628585,0.5
1900-01-23 01:31:45,7993.5,1203330,7994.0,16063,47600,3625,43975,1187267,0.5
1900-01-23 01:32:00,7995.5,1280671,7996.0,33883,12401,3625,8776,1246788,0.5
1900-01-23 01:32:15,7995.5,1246637,7996.0,40794,5086,203,4883,1205843,0.5
1900-01-23 01:32:30,7995.5,1508310,7996.0,40110,42075,100,41975,1468200,0.5
1900-01-23 01:32:45,7995.5,173576,7996.0,705064,3890,7000,-3110,-531488,0.5
1900-01-23 01:33:00,7995.5,1344824,7996.0,71977,12632,90169,-77537,1272847,0.5
1900-01-23 01:33:15,7996.0,1021939,7996.5,3208,10164,7651,2513,1018731,0.5
1900-01-23 01:33:30,7998.0,1441337,7998.5,66189,10553,751,9802,1375148,0.5
1900-01-23 01:33:45,7998.5,518194,7999.0,203210,39496,1001,38495,314984,0.5
1900-01-23 01:34:00,7998.5,1037002,7999.0,141655,104877,6,104871,895347,0.5
1900-01-23 01:34:15,7998.5,820713,7999.0,56673,19898,15762,4136,764040,0.5
1900-01-23 01:34:30,7999.0,125213,7999.5,743141,93927,519,93408,-617928,0.5
1900-01-23 01:34:45,7999.0,2272329,7999.5,18996,5383,5847,-464,2253333,0.5
1900-01-23 01:35:00,7999.5,836645,8000.0,47018,25329,1513,23816,789627,0.5
1900-01-23 01:35:15,7999.5,429407,8000.0,720288,10408,3602,6806,-290881,0.5
1900-01-23 01:35:30,7999.5,144132,8000.0,1112571,23572,42776,-19204,-968439,0.5
1900-01-23 01:35:45,8000.0,944462,8000.5,33468,11274,10925,349,910994,0.5
1900-01-23 01:36:00,8000.0,1326856,8000.5,85619,23918,1865,22053,1241237,0.5
1900-01-23 01:36:15,8002.0,329590,8002.5,637544,111077,3070,108007,-307954,0.5
1900-01-23 01:36:30,8002.0,229153,8002.5,863713,24890,1193,23697,-634560,0.5
1900-01-23 01:36:45,8002.0,207652,8002.5,1003691,7888,16400,-8512,-796039,0.5
1900-01-23 01:37:00,8002.0,150220,8002.5,928443,27819,23005,4814,-778223,0.5
1900-01-23 01:37:15,8002.0,396530,8002.5,905447,2000,3812,-1812,-508917,0.5
1900-01-23 01:37:30,8002.0,216926,8002.5,974928,10060,104,9956,-758002,0.5
1900-01-23 01:37:45,8002.0,392713,8002.5,762158,10060,3945,6115,-369445,0.5
1900-01-23 01:38:00,8002.0,1487215,8002.5,69613,151586,600,150986,1417602,0.5
1900-01-23 01:38:15,8002.0,1384030,8002.5,228281,17914,1490,16424,1155749,0.5
1900-01-23 01:38:30,8002.0,1797972,8002.5,36195,3575,1,3574,1761777,0.5
1900-01-23 01:38:45,8002.0,55430,8002.5,665689,1,2608,-2607,-610259,0.5
1900-01-23 01:39:00,8002.0,268,8002.5,1140506,60,22316,-22256,-1140238,0.5
1900-01-23 01:39:15,7998.5,99479,7999.0,694042,1,42547,-42546,-594563,0.5
1900-01-23 01:39:30,7998.5,162452,7999.0,1029540,16200,6762,9438,-867088,0.5
1900-01-23 01:39:45,7998.5,17663,7999.0,1432152,779,69896,-69117,-1414489,0.5
1900-01-23 01:40:00,7990.5,1015905,7991.0,336568,2798,28709,-25911,679337,0.5
1900-01-23 01:40:15,7990.5,931535,7991.0,367349,4312,3258,1054,564186,0.5
1900-01-23 01:40:30,7990.5,119004,7991.0,695689,12874,29761,-16887,-576685,0.5
1900-01-23 01:40:45,7990.5,43364,7991.0,900137,4,20423,-20419,-856773,0.5
1900-01-23 01:41:00,7984.5,654671,7985.0,12608,19584,154206,-134622,642063,0.5
1900-01-23 01:41:15,7986.0,1147982,7986.5,384270,8808,3240,5568,763712,0.5
1900-01-23 01:41:30,7986.0,1152074,7986.5,214172,16727,22510,-5783,937902,0.5
1900-01-23 01:41:45,7986.0,1162937,7986.5,510690,497,100,397,652247,0.5
1900-01-23 01:42:00,7982.0,684465,7982.5,1259472,1152,126664,-125512,-575007,0.5
1900-01-23 01:42:15,7982.0,1509688,7982.5,54524,5188,134780,-129592,1455164,0.5
1900-01-23 01:42:30,7983.5,1317892,7984.0,36174,63318,10498,52820,1281718,0.5
1900-01-23 01:42:45,7985.0,1444726,7985.5,28841,4400,10498,-6098,1415885,0.5
1900-01-23 01:43:00,7985.5,59142,7986.0,442498,3091,53017,-49926,-383356,0.5
1900-01-23 01:43:15,7985.0,200121,7985.5,1320150,13921,152455,-138534,-1120029,0.5
1900-01-23 01:43:30,7985.0,44958,7985.5,1427126,100,129546,-129446,-1382168,0.5
1900-01-23 01:43:45,7985.0,301713,7985.5,931944,2001,31738,-29737,-630231,0.5
1900-01-23 01:44:00,7985.0,860711,7985.5,642892,5331,9113,-3782,217819,0.5
1900-01-23 01:44:15,7985.0,384049,7985.5,753728,158,23,135,-369679,0.5
1900-01-23 01:44:30,7985.0,1113530,7985.5,398365,158,7961,-7803,715165,0.5
1900-01-23 01:44:45,7986.0,1462970,7986.5,36027,40049,7327,32722,1426943,0.5
1900-01-23 01:45:00,7986.0,923817,7986.5,28017,25927,10100,15827,895800,0.5
1900-01-23 01:45:15,7986.0,1349445,7986.5,8504,26153,705,25448,1340941,0.5
1900-01-23 01:45:30,7990.5,1208037,7991.0,1092,25102,4000,21102,1206945,0.5
1900-01-23 01:45:45,7991.5,981494,7992.0,483223,119069,643,118426,498271,0.5
1900-01-23 01:46:00,7991.5,474579,7992.0,853065,5605,23970,-18365,-378486,0.5
1900-01-23 01:46:15,7991.5,651998,7992.0,493405,11062,6500,4562,158593,0.5
1900-01-23 01:46:30,7991.5,205692,7992.0,733534,5304,205387,-200083,-527842,0.5
1900-01-23 01:46:45,7990.0,32158,7990.5,585036,2251,48031,-45780,-552878,0.5
1900-01-23 01:47:00,7989.0,7900,7989.5,520782,22836,2164,20672,-512882,0.5
1900-01-23 01:47:15,7990.0,385178,7990.5,499358,68617,3969,64648,-114180,0.5
1900-01-23 01:47:30,7990.0,529600,7990.5,751499,13641,980,12661,-221899,0.5
1900-01-23 01:47:45,7990.0,62319,7990.5,1208408,13641,156646,-143005,-1146089,0.5
1900-01-23 01:48:00,7987.5,2794,7988.0,675595,218,37410,-37192,-672801,0.5
1900-01-23 01:48:15,7986.5,1135,7987.0,902514,10,53067,-53057,-901379,0.5
1900-01-23 01:48:30,7986.0,23001,7986.5,1074848,200,21464,-21264,-1051847,0.5
1900-01-23 01:48:45,7985.0,886863,7985.5,270779,1000,19098,-18098,616084,0.5
1900-01-23 01:49:00,7985.0,1220961,7985.5,417070,3355,2546,809,803891,0.5
1900-01-23 01:49:15,7985.0,1436019,7985.5,243529,5802,2546,3256,1192490,0.5
1900-01-23 01:49:30,7988.5,1495886,7989.0,7749,29451,2235,27216,1488137,0.5
1900-01-23 01:49:45,7990.0,1197275,7990.5,90190,33447,2235,31212,1107085,0.5
1900-01-23 01:50:00,7990.0,1585267,7990.5,31676,59297,8001,51296,1553591,0.5
1900-01-23 01:50:15,7990.5,990212,7991.0,36835,6301,2000,4301,953377,0.5
1900-01-23 01:50:30,7987.5,424643,7988.0,168486,2398,155540,-153142,256157,0.5
1900-01-23 01:50:45,7987.5,136119,7988.0,1531087,9175,317520,-308345,-1394968,0.5
1900-01-23 01:51:00,7982.5,376712,7983.0,627251,2212,178147,-175935,-250539,0.5
1900-01-23 01:51:15,7982.5,421684,7983.0,759787,300,16772,-16472,-338103,0.5
1900-01-23 01:51:30,7975.5,403315,7976.0,1109306,4090,416746,-412656,-705991,0.5
1900-01-23 01:51:45,7975.5,1032198,7976.0,144057,16241,82004,-65763,888141,0.5
1900-01-23 01:52:00,7975.5,730574,7976.0,876458,8643,3,8640,-145884,0.5
1900-01-23 01:52:15,7975.5,57968,7976.0,1451396,11650,104362,-92712,-1393428,0.5
1900-01-23 01:52:30,7972.5,264077,7973.0,857894,1350,129524,-128174,-593817,0.5
1900-01-23 01:52:45,7971.0,436655,7971.5,848766,17039,87042,-70003,-412111,0.5
1900-01-23 01:53:00,7975.5,1106798,7976.0,461,97408,22210,75198,1106337,0.5
1900-01-23 01:53:15,7976.0,112205,7976.5,1800938,21705,66711,-45006,-1688733,0.5
1900-01-23 01:53:30,7975.0,14649,7975.5,1435925,1710,32535,-30825,-1421276,0.5
1900-01-23 01:53:45,7972.5,992009,7973.0,74921,6602,10274,-3672,917088,0.5
1900-01-23 01:54:00,7972.5,954602,7973.0,22459,6666,92001,-85335,932143,0.5
1900-01-23 01:54:15,7972.5,579398,7973.0,540090,3505,124773,-121268,39308,0.5
1900-01-23 01:54:30,7972.0,166758,7972.5,1583857,1667,44012,-42345,-1417099,0.5
1900-01-23 01:54:45,7972.0,736364,7972.5,1015663,450,37150,-36700,-279299,0.5
1900-01-23 01:55:00,7972.0,599787,7972.5,850192,55864,37617,18247,-250405,0.5
1900-01-23 01:55:15,7969.5,99868,7970.0,1042432,33496,112290,-78794,-942564,0.5
1900-01-23 01:55:30,7961.0,105792,7961.5,263232,21348,361979,-340631,-157440,0.5
1900-01-23 01:55:45,7971.0,49494,7971.5,1750981,121887,101141,20746,-1701487,0.5
1900-01-23 01:56:00,7963.5,420828,7964.0,35178,18619,96340,-77721,385650,0.5
1900-01-23 01:56:15,7964.5,80297,7965.0,706477,241683,33795,207888,-626180,0.5
1900-01-23 01:56:30,7964.5,98284,7965.0,985011,14420,31515,-17095,-886727,0.5
1900-01-23 01:56:45,7961.5,5701,7962.0,910005,2844,32797,-29953,-904304,0.5
1900-01-23 01:57:00,7942.5,84706,7945.0,37264,15885,1069624,-1053739,47442,2.5
1900-01-23 01:57:15,7956.0,364508,7956.5,389473,185024,311616,-126592,-24965,0.5
1900-01-23 01:57:30,7955.0,1048215,7955.5,132036,45441,87466,-42025,916179,0.5
1900-01-23 01:57:45,7956.0,246745,7956.5,635726,232839,63944,168895,-388981,0.5
1900-01-23 01:58:00,7952.0,845993,7952.5,555138,180885,97783,83102,290855,0.5
1900-01-23 01:58:15,7952.5,259434,7953.0,1045755,229306,28149,201157,-786321,0.5
1900-01-23 01:58:30,7954.5,937320,7955.0,235315,421322,8175,413147,702005,0.5
1900-01-23 01:58:45,7958.5,43337,7959.0,1515478,100221,24391,75830,-1472141,0.5
1900-01-23 01:59:00,7956.5,1363596,7957.0,137035,155800,43011,112789,1226561,0.5
1900-01-23 01:59:15,7959.5,1687821,7960.0,277218,286712,7680,279032,1410603,0.5
1900-01-23 01:59:30,7957.5,253,7958.0,409281,375390,66785,308605,-409028,0.5
1900-01-23 01:59:45,7956.0,653901,7956.5,1564673,15440,134584,-119144,-910772,0.5
1900-01-23 02:00:00,7948.0,1607,7948.5,203388,11154,79073,-67919,-201781,0.5
1900-01-23 02:00:15,7947.5,346677,7948.0,918285,111610,141778,-30168,-571608,0.5
1900-01-23 02:00:30,7947.5,123035,7948.0,1377021,29864,158831,-128967,-1253986,0.5
1900-01-23 02:00:45,7945.5,86980,7946.0,1299588,19831,175594,-155763,-1212608,0.5
1900-01-23 02:01:00,7954.0,134352,7954.5,1436771,219384,105671,113713,-1302419,0.5
1900-01-23 02:01:15,7950.5,65604,7951.0,426382,149019,93965,55054,-360778,0.5
1900-01-23 02:01:30,7952.0,607528,7952.5,435224,55363,14266,41097,172304,0.5
1900-01-23 02:01:45,7955.5,663273,7956.0,11965,265489,22855,242634,651308,0.5
1900-01-23 02:02:00,7959.0,558377,7959.5,82763,300039,17680,282359,475614,0.5
1900-01-23 02:02:15,7962.0,865679,7962.5,98653,311958,1997,309961,767026,0.5
1900-01-23 02:02:30,7963.5,1356904,7964.0,40177,173970,27379,146591,1316727,0.5
1900-01-23 02:02:45,7964.5,1064300,7965.0,181895,272848,9288,263560,882405,0.5
1900-01-23 02:03:00,7964.5,185408,7965.0,1233712,101355,40945,60410,-1048304,0.5
1900-01-23 02:03:15,7964.0,69864,7964.5,1025146,49731,96002,-46271,-955282,0.5
1900-01-23 02:03:30,7965.5,941620,7966.0,693845,643583,2600,640983,247775,0.5
1900-01-23 02:03:45,7965.5,726511,7966.0,1773509,172399,15446,156953,-1046998,0.5
1900-01-23 02:04:00,7965.5,1339726,7966.0,1443345,201910,9054,192856,-103619,0.5
1900-01-23 02:04:15,7965.5,1262838,7966.0,1378731,114955,232,114723,-115893,0.5
1900-01-23 02:04:30,7965.5,388482,7966.0,1678120,156598,29605,126993,-1289638,0.5
1900-01-23 02:04:45,7965.5,375698,7966.0,2414714,125263,2566,122697,-2039016,0.5
1900-01-23 02:05:00,7965.5,82390,7966.0,2820946,89536,129974,-40438,-2738556,0.5
1900-01-23 02:05:15,7963.0,2303,7963.5,1369623,3604,38556,-34952,-1367320,0.5
1900-01-23 02:05:30,7958.0,587332,7958.5,483418,2000,37851,-35851,103914,0.5
1900-01-23 02:05:45,7959.0,567369,7959.5,462185,86913,59999,26914,105184,0.5
1900-01-23 02:06:00,7959.5,846615,7960.0,501088,168024,5000,163024,345527,0.5
1900-01-23 02:06:15,7958.0,196022,7958.5,917255,14673,168363,-153690,-721233,0.5
1900-01-23 02:06:30,7958.0,660065,7958.5,754656,70700,12813,57887,-94591,0.5
1900-01-23 02:06:45,7958.0,39130,7958.5,1470951,2513,82856,-80343,-1431821,0.5
1900-01-23 02:07:00,7958.0,56937,7958.5,1384325,44658,8602,36056,-1327388,0.5
1900-01-23 02:07:15,7955.0,58027,7955.5,2007972,30136,12208,17928,-1949945,0.5
1900-01-23 02:07:30,7950.5,271754,7951.0,10000,60660,15391,45269,261754,0.5
1900-01-23 02:07:45,7949.0,12500,7949.5,322759,90356,18423,71933,-310259,0.5
1900-01-23 02:08:00,7949.0,521471,7949.5,657096,142849,203996,-61147,-135625,0.5
1900-01-23 02:08:15,7949.0,528364,7949.5,264908,11343,90000,-78657,263456,0.5
1900-01-23 02:08:30,7949.0,648794,7949.5,346358,78130,24966,53164,302436,0.5
1900-01-23 02:08:45,7949.0,382475,7949.5,829393,29844,14433,15411,-446918,0.5
1900-01-23 02:09:00,7945.5,132490,7946.0,692170,6840,128894,-122054,-559680,0.5
1900-01-23 02:09:15,7942.0,62446,7943.5,1157608,11788,160409,-148621,-1095162,1.5
1900-01-23 02:09:30,7938.5,899704,7939.0,49,71262,176368,-105106,899655,0.5
1900-01-23 02:09:45,7942.0,162361,7942.5,998048,66784,77005,-10221,-835687,0.5
1900-01-23 02:10:00,7937.5,57492,7938.0,133400,31332,77041,-45709,-75908,0.5
1900-01-23 02:10:15,7938.5,612991,7939.0,171498,189764,352058,-162294,441493,0.5
1900-01-23 02:10:30,7941.0,712559,7941.5,269005,97689,35443,62246,443554,0.5
1900-01-23 02:10:45,7935.0,653917,7935.5,863822,22908,167405,-144497,-209905,0.5
1900-01-23 02:11:00,7937.0,369456,7937.5,86618,69557,38368,31189,282838,0.5
1900-01-23 02:11:15,7938.5,334522,7939.0,108805,24437,33468,-9031,225717,0.5
1900-01-23 02:11:30,7942.5,608680,7943.0,821100,246665,230002,16663,-212420,0.5
1900-01-23 02:11:45,7945.0,506175,7945.5,427754,63394,1426,61968,78421,0.5
1900-01-23 02:12:00,7942.0,10250,7942.5,893227,122864,131397,-8533,-882977,0.5
1900-01-23 02:12:15,7941.0,251567,7941.5,635854,11461,42689,-31228,-384287,0.5
1900-01-23 02:12:30,7936.5,807139,7937.0,328195,233228,103919,129309,478944,0.5
1900-01-23 02:12:45,7920.0,1101999,7920.5,4000,20164,1216949,-1196785,1097999,0.5
1900-01-23 02:13:00,7936.0,23387,7937.5,4778,334909,788090,-453181,18609,1.5
1900-01-23 02:13:15,7927.0,47890,7927.5,132149,165153,106157,58996,-84259,0.5
1900-01-23 02:13:30,7929.0,236237,7930.0,97147,109163,246651,-137488,139090,1.0
1900-01-23 02:13:45,7925.5,416371,7926.0,433560,257120,29466,227654,-17189,0.5
1900-01-23 02:14:00,7932.0,47977,7932.5,1268212,122288,61319,60969,-1220235,0.5
1900-01-23 02:14:15,7932.0,773331,7932.5,74430,159178,203637,-44459,698901,0.5
1900-01-23 02:14:30,7934.5,555986,7935.0,510352,98293,26606,71687,45634,0.5
1900-01-23 02:14:45,7934.5,1044,7935.0,519654,69342,53374,15968,-518610,0.5
1900-01-23 02:15:00,7931.5,315074,7932.0,456037,28546,79232,-50686,-140963,0.5
1900-01-23 02:15:15,7934.0,1072641,7934.5,32946,83573,63639,19934,1039695,0.5
1900-01-23 02:15:30,7949.0,199514,7949.5,442118,323590,38889,284701,-242604,0.5
1900-01-23 02:15:45,7945.0,22139,7945.5,538019,80192,107194,-27002,-515880,0.5
1900-01-23 02:16:00,7946.0,308639,7946.5,70154,50305,24989,25316,238485,0.5
1900-01-23 02:16:15,7953.0,481658,7953.5,440456,1103954,17555,1086399,41202,0.5
1900-01-23 02:16:30,7954.5,22787,7955.0,1032572,248566,133793,114773,-1009785,0.5
1900-01-23 02:16:45,7953.5,855999,7954.0,136369,102110,254278,-152168,719630,0.5
1900-01-23 02:17:00,7951.5,184369,7952.0,727282,60022,189880,-129858,-542913,0.5
1900-01-23 02:17:15,7950.0,183284,7950.5,735929,37916,108994,-71078,-552645,0.5
1900-01-23 02:17:30,7955.5,98094,7956.0,991986,96906,43278,53628,-893892,0.5
1900-01-23 02:17:45,7955.0,1484,7955.5,573839,27381,55780,-28399,-572355,0.5
1900-01-23 02:18:00,7949.0,259,7949.5,1189583,2827,141794,-138967,-1189324,0.5
1900-01-23 02:18:15,7946.5,61775,7947.0,986180,1423,55195,-53772,-924405,0.5
1900-01-23 02:18:30,7946.0,68970,7946.5,1431596,4401,208111,-203710,-1362626,0.5
1900-01-23 02:18:45,7945.0,31837,7945.5,1307787,62,22045,-21983,-1275950,0.5
1900-01-23 02:19:00,7941.0,63774,7941.5,1212314,85047,102761,-17714,-1148540,0.5
1900-01-23 02:19:15,7946.0,478754,7946.5,38406,27890,92214,-64324,440348,0.5
1900-01-23 02:19:30,7946.0,238503,7946.5,683059,61381,9488,51893,-444556,0.5
1900-01-23 02:19:45,7946.0,294852,7946.5,701496,115,22724,-22609,-406644,0.5
1900-01-23 02:20:00,7946.0,264590,7946.5,732363,5002,9147,-4145,-467773,0.5
1900-01-23 02:20:15,7946.0,721079,7946.5,748198,5012,15583,-10571,-27119,0.5
1900-01-23 02:20:30,7946.0,1115132,7946.5,296939,88441,25950,62491,818193,0.5
1900-01-23 02:20:45,7949.5,1160469,7950.0,582723,367316,257,367059,577746,0.5
1900-01-23 02:21:00,7952.0,1419147,7952.5,93656,123456,6612,116844,1325491,0.5
1900-01-23 02:21:15,7954.0,368255,7954.5,30048,92129,6612,85517,338207,0.5
1900-01-23 02:21:30,7954.0,63264,7954.5,957312,65267,16692,48575,-894048,0.5
1900-01-23 02:21:45,7954.0,107007,7954.5,658918,21000,57900,-36900,-551911,0.5
1900-01-23 02:22:00,7956.5,285016,7957.0,539252,94651,6101,88550,-254236,0.5
1900-01-23 02:22:15,7956.5,265165,7957.0,614377,50021,26576,23445,-349212,0.5
1900-01-23 02:22:30,7961.0,315291,7961.5,135500,63647,819,62828,179791,0.5
1900-01-23 02:22:45,7959.5,17016,7960.0,529765,255266,87390,167876,-512749,0.5
1900-01-23 02:23:00,7959.0,486573,7959.5,89830,36962,49644,-12682,396743,0.5
1900-01-23 02:23:15,7959.5,201934,7960.0,766102,58828,11334,47494,-564168,0.5
1900-01-23 02:23:30,7957.5,10929,7958.0,926059,21950,76786,-54836,-915130,0.5
1900-01-23 02:23:45,7957.0,1200,7957.5,975114,1304,29602,-28298,-973914,0.5
1900-01-23 02:24:00,7956.5,819504,7957.0,265907,14403,74622,-60219,553597,0.5
1900-01-23 02:24:15,7956.5,632686,7957.0,163749,76340,1234,75106,468937,0.5
1900-01-23 02:24:30,7956.5,769237,7957.0,44493,37979,1351,36628,724744,0.5
1900-01-23 02:24:45,7959.0,1265530,7959.5,31366,17758,6793,10965,1234164,0.5
1900-01-23 02:25:00,7959.5,1362432,7960.0,18208,157677,6710,150967,1344224,0.5
1900-01-23 02:25:15,7960.0,872707,7960.5,29662,52189,4740,47449,843045,0.5
1900-01-23 02:25:30,7961.0,122638,7961.5,833146,61760,30798,30962,-710508,0.5
1900-01-23 02:25:45,7961.0,198940,7961.5,904993,4001,11750,-7749,-706053,0.5
1900-01-23 02:26:00,7961.0,139163,7961.5,917536,225,41919,-41694,-778373,0.5
1900-01-23 02:26:15,7961.0,259258,7961.5,851757,17403,20863,-3460,-592499,0.5
1900-01-23 02:26:30,7960.5,19284,7961.0,1047125,8821,75540,-66719,-1027841,0.5
1900-01-23 02:26:45,7959.5,9463,7960.0,1014420,1600,28155,-26555,-1004957,0.5
1900-01-23 02:27:00,7955.0,3246,7955.5,311121,246,63993,-63747,-307875,0.5
1900-01-23 02:27:15,7955.0,316411,7955.5,587044,64126,3607,60519,-270633,0.5
1900-01-23 02:27:30,7955.0,374269,7955.5,707046,2005,25836,-23831,-332777,0.5
1900-01-23 02:27:45,7955.0,1015305,7955.5,26121,8908,10901,-1993,989184,0.5
1900-01-23 02:28:00,7957.0,1026569,7957.5,87700,23591,210,23381,938869,0.5
1900-01-23 02:28:15,7961.0,717185,7961.5,162462,19118,3000,16118,554723,0.5
1900-01-23 02:28:30,7958.5,6472,7959.0,464640,10565,76384,-65819,-458168,0.5
1900-01-23 02:28:45,7960.5,954201,7961.0,22050,19783,31721,-11938,932151,0.5
1900-01-23 02:29:00,7961.0,1041506,7961.5,49847,26895,31721,-4826,991659,0.5
1900-01-23 02:29:15,7962.5,691896,7963.0,8966,33707,7900,25807,682930,0.5
1900-01-23 02:29:30,7966.0,898808,7966.5,15100,127530,1166,126364,883708,0.5
1900-01-23 02:29:45,7969.0,87973,7969.5,532988,223754,95970,127784,-445015,0.5
1900-01-23 02:30:00,7965.0,586348,7965.5,525562,43822,29641,14181,60786,0.5
1900-01-23 02:30:15,7964.5,352944,7965.0,1122771,51460,30841,20619,-769827,0.5
1900-01-23 02:30:30,7964.5,740826,7965.0,604411,8018,4880,3138,136415,0.5
1900-01-23 02:30:45,7964.5,1355704,7965.0,284954,78945,4002,74943,1070750,0.5
1900-01-23 02:31:00,7964.5,1446764,7965.0,224850,52322,30,52292,1221914,0.5
1900-01-23 02:31:15,7967.0,909906,7967.5,431,162136,10000,152136,909475,0.5
1900-01-23 02:31:30,7969.0,923988,7969.5,70053,51405,8011,43394,853935,0.5
1900-01-23 02:31:45,7979.0,68995,7979.5,130329,98702,3220,95482,-61334,0.5
1900-01-23 02:32:00,7979.5,455299,7980.0,734534,180863,11952,168911,-279235,0.5
1900-01-23 02:32:15,7979.5,618912,7980.0,671020,93783,32683,61100,-52108,0.5
1900-01-23 02:32:30,7979.5,554021,7980.0,578122,68299,28183,40116,-24101,0.5
1900-01-23 02:32:45,7984.0,446401,7984.5,831667,619528,25270,594258,-385266,0.5
1900-01-23 02:33:00,7982.0,285,7982.5,259906,19054,283179,-264125,-259621,0.5
1900-01-23 02:33:15,7982.0,294902,7982.5,598321,620,117361,-116741,-303419,0.5
1900-01-23 02:33:30,7980.5,49590,7981.0,844116,620,67956,-67336,-794526,0.5
1900-01-23 02:33:45,7978.5,216997,7979.0,711711,6416,44112,-37696,-494714,0.5
1900-01-23 02:34:00,7978.5,35365,7979.0,938540,6454,16253,-9799,-903175,0.5
1900-01-23 02:34:15,7974.0,216271,7974.5,807831,50,107071,-107021,-591560,0.5
1900-01-23 02:34:30,7974.0,1129694,7974.5,228744,68267,30106,38161,900950,0.5
1900-01-23 02:34:45,7974.0,1105425,7974.5,159106,20420,5459,14961,946319,0.5
1900-01-23 02:35:00,7974.0,947506,7974.5,363921,16002,10860,5142,583585,0.5
1900-01-23 02:35:15,7972.5,20562,7973.0,923314,5392,72678,-67286,-902752,0.5
1900-01-23 02:35:30,7972.0,2495012,7972.5,325027,6010,49634,-43624,2169985,0.5
1900-01-23 02:35:45,7972.0,1889223,7972.5,294009,5148,2095,3053,1595214,0.5
1900-01-23 02:36:00,7972.0,1446075,7972.5,852588,7121,27213,-20092,593487,0.5
1900-01-23 02:36:15,7972.0,1489150,7972.5,887152,7121,4692,2429,601998,0.5
1900-01-23 02:36:30,7972.0,1453796,7972.5,842911,7121,56004,-48883,610885,0.5
1900-01-23 02:36:45,7972.0,1400708,7972.5,807680,101,35110,-35009,593028,0.5
1900-01-23 02:37:00,7972.0,1181648,7972.5,1038721,1,192859,-192858,142927,0.5
1900-01-23 02:37:15,7972.0,1066018,7972.5,1254115,1,32082,-32081,-188097,0.5
1900-01-23 02:37:30,7965.0,961613,7965.5,473373,8015,1260012,-1251997,488240,0.5
1900-01-23 02:37:45,7965.0,1395377,7965.5,114893,23632,122792,-99160,1280484,0.5
1900-01-23 02:38:00,7966.0,1460276,7966.5,74334,31226,14528,16698,1385942,0.5
1900-01-23 02:38:15,7966.0,1314100,7966.5,54841,23575,5900,17675,1259259,0.5
1900-01-23 02:38:30,7969.0,1275216,7969.5,78824,67586,88,67498,1196392,0.5
1900-01-23 02:38:45,7978.0,459834,7978.5,23794,95440,3,95437,436040,0.5
1900-01-23 02:39:00,7978.0,197181,7978.5,877293,17780,10026,7754,-680112,0.5
1900-01-23 02:39:15,7978.0,311942,7978.5,798718,85807,49749,36058,-486776,0.5
1900-01-23 02:39:30,7978.0,379351,7978.5,741215,869,47252,-46383,-361864,0.5
1900-01-23 02:39:45,7973.5,306169,7974.0,920444,30626,1025,29601,-614275,0.5
1900-01-23 02:40:00,7973.5,1594818,7974.0,47426,33704,16301,17403,1547392,0.5
1900-01-23 02:40:15,7975.5,1621452,7976.0,240,20201,17754,2447,1621212,0.5
1900-01-23 02:40:30,7976.5,1383974,7977.0,9582,27022,1000,26022,1374392,0.5
1900-01-23 02:40:45,7978.0,1309975,7978.5,19063,17257,5802,11455,1290912,0.5
1900-01-23 02:41:00,7978.5,1185790,7979.0,480,52863,2000,50863,1185310,0.5
1900-01-23 02:41:15,7979.0,1206854,7979.5,107640,28397,39672,-11275,1099214,0.5
1900-01-23 02:41:30,7979.0,674984,7979.5,502317,22698,22984,-286,172667,0.5
1900-01-23 02:41:45,7975.0,24168,7975.5,1066328,2000,58707,-56707,-1042160,0.5
1900-01-23 02:42:00,7970.5,115292,7971.0,1238816,3650,152527,-148877,-1123524,0.5
1900-01-23 02:42:15,7970.5,203433,7971.0,872229,1,70370,-70369,-668796,0.5
1900-01-23 02:42:30,7970.5,104138,7971.0,1199211,560,34497,-33937,-1095073,0.5
1900-01-23 02:42:45,7967.0,525379,7967.5,670987,10000,63419,-53419,-145608,0.5
1900-01-23 02:43:00,7967.0,453022,7967.5,661761,2550,5903,-3353,-208739,0.5
1900-01-23 02:43:15,7967.5,666179,7968.0,5892,50406,38792,11614,660287,0.5
1900-01-23 02:43:30,7967.5,1334432,7968.0,37916,23911,1000,22911,1296516,0.5
1900-01-23 02:43:45,7967.5,1138713,7968.0,342889,2019,5525,-3506,795824,0.5
1900-01-23 02:44:00,7967.5,1192711,7968.0,192548,4201,36045,-31844,1000163,0.5
1900-01-23 02:44:15,7967.5,80669,7968.0,973164,4031,78583,-74552,-892495,0.5
1900-01-23 02:44:30,7967.5,61171,7968.0,1292020,6086,4871,1215,-1230849,0.5
1900-01-23 02:44:45,7967.5,251778,7968.0,1135396,653,42751,-42098,-883618,0.5
1900-01-23 02:45:00,7965.0,216118,7965.5,1080288,40100,78564,-38464,-864170,0.5
1900-01-23 02:45:15,7965.0,256538,7965.5,990242,3000,23949,-20949,-733704,0.5
1900-01-23 02:45:30,7964.5,63928,7965.0,1181374,7039,31060,-24021,-1117446,0.5
1900-01-23 02:45:45,7964.0,56121,7964.5,1286599,18,32734,-32716,-1230478,0.5
1900-01-23 02:46:00,7962.0,14358,7962.5,1221510,12376,128071,-115695,-1207152,0.5
1900-01-23 02:46:15,7962.0,2274,7962.5,1257000,12376,49564,-37188,-1254726,0.5
1900-01-23 02:46:30,7960.0,1026734,7960.5,500715,857,24345,-23488,526019,0.5
1900-01-23 02:46:45,7960.0,939135,7960.5,557835,33759,80440,-46681,381300,0.5
1900-01-23 02:47:00,7960.0,417000,7960.5,1102670,93281,210,93071,-685670,0.5
1900-01-23 02:47:15,7952.0,452231,7952.5,748874,7760,207437,-199677,-296643,0.5
1900-01-23 02:47:30,7952.0,1087192,7952.5,600482,63019,53121,9898,486710,0.5
1900-01-23 02:47:45,7952.0,1374960,7952.5,509970,68319,15,68304,864990,0.5
1900-01-23 02:48:00,7953.5,537658,7954.0,36730,179143,710,178433,500928,0.5
1900-01-23 02:48:15,7955.5,1141598,7956.0,141370,120197,47915,72282,1000228,0.5
1900-01-23 02:48:30,7955.0,911441,7955.5,127001,21365,26934,-5569,784440,0.5
1900-01-23 02:48:45,7953.5,44769,7954.0,1816827,22109,2679,19430,-1772058,0.5
1900-01-23 02:49:00,7952.0,664129,7952.5,625234,22109,20633,1476,38895,0.5
1900-01-23 02:49:15,7952.0,619547,7952.5,577003,22109,5589,16520,42544,0.5
1900-01-23 02:49:30,7952.0,50730,7952.5,1863127,43801,43516,285,-1812397,0.5
1900-01-23 02:49:45,7950.0,127037,7950.5,1339223,100,109295,-109195,-1212186,0.5
1900-01-23 02:50:00,7950.0,471797,7950.5,975396,33,73500,-73467,-503599,0.5
1900-01-23 02:50:15,7950.0,1155535,7950.5,1135266,2033,15953,-13920,20269,0.5
1900-01-23 02:50:30,7950.0,768849,7950.5,1460928,7360,510,6850,-692079,0.5
1900-01-23 02:50:45,7950.0,1052343,7950.5,1012544,1110,32490,-31380,39799,0.5
1900-01-23 02:51:00,7950.0,1072125,7950.5,1311250,708,10671,-9963,-239125,0.5
1900-01-23 02:51:15,7950.0,1030355,7950.5,1388226,26029,40903,-14874,-357871,0.5
1900-01-23 02:51:30,7950.0,1216253,7950.5,1166133,77966,150,77816,50120,0.5
1900-01-23 02:51:45,7950.0,1338175,7950.5,1064833,55994,31731,24263,273342,0.5
1900-01-23 02:52:00,7957.0,603314,7957.5,329656,42803,2704,40099,273658,0.5
1900-01-23 02:52:15,7962.0,409423,7962.5,627704,326080,7732,318348,-218281,0.5
1900-01-23 02:52:30,7962.0,130682,7962.5,983194,3802,37212,-33410,-852512,0.5
1900-01-23 02:52:45,7962.0,291239,7962.5,1092279,53197,10276,42921,-801040,0.5
1900-01-23 02:53:00,7962.0,723738,7962.5,320029,10783,13421,-2638,403709,0.5
1900-01-23 02:53:15,7962.0,1063186,7962.5,20561,64416,1205,63211,1042625,0.5
1900-01-23 02:53:30,7965.5,431279,7966.0,1116131,208954,1205,207749,-684852,0.5
1900-01-23 02:53:45,7965.5,1253303,7966.0,719663,90898,6922,83976,533640,0.5
1900-01-23 02:54:00,7965.5,1348137,7966.0,755433,36200,1800,34400,592704,0.5
1900-01-23 02:54:15,7965.5,1367915,7966.0,745069,23966,22104,1862,622846,0.5
1900-01-23 02:54:30,7965.5,907145,7966.0,839432,21396,1180,20216,67713,0.5
1900-01-23 02:54:45,7964.5,33168,7965.0,957335,60,73103,-73043,-924167,0.5
1900-01-23 02:55:00,7964.5,1023275,7965.0,247956,1033,8245,-7212,775319,0.5
1900-01-23 02:55:15,7965.5,1354072,7966.0,79080,138571,8245,130326,1274992,0.5
1900-01-23 02:55:30,7967.0,1499631,7967.5,9104,95955,8245,87710,1490527,0.5
1900-01-23 02:55:45,7969.5,1452080,7970.0,23467,52156,5,52151,1428613,0.5
1900-01-23 02:56:00,7971.5,809921,7972.0,50073,43062,2005,41057,759848,0.5
1900-01-23 02:56:15,7971.5,83572,7972.0,925609,5177,39453,-34276,-842037,0.5
1900-01-23 02:56:30,7968.5,33267,7969.0,586288,1201,63643,-62442,-553021,0.5
1900-01-23 02:56:45,7972.5,405524,7973.0,24474,12490,16058,-3568,381050,0.5
1900-01-23 02:57:00,7972.5,509373,7973.0,358328,20609,1608,19001,151045,0.5
1900-01-23 02:57:15,7974.5,515222,7975.0,302546,351648,5581,346067,212676,0.5
1900-01-23 02:57:30,7973.5,256301,7974.0,516858,50040,58061,-8021,-260557,0.5
1900-01-23 02:57:45,7973.5,288836,7974.0,549634,5000,23021,-18021,-260798,0.5
1900-01-23 02:58:00,7973.5,827681,7974.0,242072,10,180,-170,585609,0.5
1900-01-23 02:58:15,7973.5,17057,7974.0,671552,11900,7773,4127,-654495,0.5
1900-01-23 02:58:30,7971.5,20501,7972.0,444359,11900,48464,-36564,-423858,0.5
1900-01-23 02:58:45,7971.5,15181,7972.0,905410,2460,7801,-5341,-890229,0.5
1900-01-23 02:59:00,7970.0,26878,7970.5,810386,400,56287,-55887,-783508,0.5
1900-01-23 02:59:15,7969.5,34306,7970.0,877257,2730,17631,-14901,-842951,0.5
1900-01-23 02:59:30,7968.5,16460,7969.0,761921,2100,28871,-26771,-745461,0.5
1900-01-23 02:59:45,7967.5,786360,7968.0,438126,9200,27403,-18203,348234,0.5
1900-01-23 03:00:00,7967.5,1179144,7968.0,92022,9052,11967,-2915,1087122,0.5
1900-01-23 03:00:15,7967.5,94,7968.0,489779,495,19267,-18772,-489685,0.5
1900-01-23 03:00:30,7967.0,657981,7967.5,519366,18350,15051,3299,138615,0.5
1900-01-23 03:00:45,7967.0,1080404,7967.5,146662,2556,12256,-9700,933742,0.5
1900-01-23 03:01:00,7967.0,1625826,7967.5,12018,32146,15101,17045,1613808,0.5
1900-01-23 03:01:15,7967.0,1115780,7967.5,55377,11362,15101,-3739,1060403,0.5
1900-01-23 03:01:30,7967.0,1019688,7967.5,390407,840,33000,-32160,629281,0.5
1900-01-23 03:01:45,7967.0,857107,7967.5,454970,17949,2002,15947,402137,0.5
1900-01-23 03:02:00,7967.0,853931,7967.5,434352,8600,3860,4740,419579,0.5
1900-01-23 03:02:15,7967.0,565315,7967.5,588860,212,73904,-73692,-23545,0.5
1900-01-23 03:02:30,7967.0,360733,7967.5,769951,10,102010,-102000,-409218,0.5
1900-01-23 03:02:45,7967.0,257173,7967.5,1016890,11500,98961,-87461,-759717,0.5
1900-01-23 03:03:00,7962.0,9653,7962.5,1147792,2420,184256,-181836,-1138139,0.5
1900-01-23 03:03:15,7962.0,550832,7962.5,1165462,6700,10274,-3574,-614630,0.5
1900-01-23 03:03:30,7962.0,1095318,7962.5,756694,5396,13816,-8420,338624,0.5
1900-01-23 03:03:45,7962.0,503388,7962.5,947182,1210,190,1020,-443794,0.5
1900-01-23 03:04:00,7958.5,23964,7959.0,728083,1,32479,-32478,-704119,0.5
1900-01-23 03:04:15,7958.5,38439,7959.0,982852,10395,30232,-19837,-944413,0.5
1900-01-23 03:04:30,7957.5,389349,7958.0,615778,603,17054,-16451,-226429,0.5
1900-01-23 03:04:45,7957.5,317592,7958.0,670879,10495,57299,-46804,-353287,0.5
1900-01-23 03:05:00,7956.0,70344,7956.5,1209394,2069,126729,-124660,-1139050,0.5
1900-01-23 03:05:15,7951.0,12078,7951.5,368390,2352,106332,-103980,-356312,0.5
1900-01-23 03:05:30,7949.5,806560,7950.0,312962,5412,137311,-131899,493598,0.5
1900-01-23 03:05:45,7949.5,256520,7950.0,833269,55735,148232,-92497,-576749,0.5
1900-01-23 03:06:00,7948.5,4944,7949.0,1228019,8256,35382,-27126,-1223075,0.5
1900-01-23 03:06:15,7946.5,286389,7947.0,773818,25404,76031,-50627,-487429,0.5
1900-01-23 03:06:30,7949.5,757830,7950.0,187118,269630,40169,229461,570712,0.5
1900-01-23 03:06:45,7951.5,207291,7952.0,1187077,39442,11060,28382,-979786,0.5
1900-01-23 03:07:00,7949.5,30323,7950.0,1742872,4231,90777,-86546,-1712549,0.5
1900-01-23 03:07:15,7946.5,625220,7947.0,510603,5500,10713,-5213,114617,0.5
1900-01-23 03:07:30,7946.5,692204,7947.0,518208,1745,92394,-90649,173996,0.5
1900-01-23 03:07:45,7946.5,45132,7947.0,942525,503,78471,-77968,-897393,0.5
1900-01-23 03:08:00,7946.5,588510,7947.0,503363,5300,53158,-47858,85147,0.5
1900-01-23 03:08:15,7953.5,907675,7954.0,22286,308499,8218,300281,885389,0.5
1900-01-23 03:08:30,7957.0,9884,7957.5,1410627,103352,4265,99087,-1400743,0.5
1900-01-23 03:08:45,7956.5,313753,7957.0,943144,325,26641,-26316,-629391,0.5
1900-01-23 03:09:00,7956.5,568409,7957.0,498826,54746,1683,53063,69583,0.5
1900-01-23 03:09:15,7956.5,884567,7957.0,170624,205322,16110,189212,713943,0.5
1900-01-23 03:09:30,7956.5,4464,7957.0,970773,95841,35511,60330,-966309,0.5
1900-01-23 03:09:45,7956.0,532453,7956.5,527751,1447,459,988,4702,0.5
1900-01-23 03:10:00,7956.0,565361,7956.5,603274,2901,2140,761,-37913,0.5
1900-01-23 03:10:15,7956.0,567459,7956.5,609095,100,4902,-4802,-41636,0.5
1900-01-23 03:10:30,7955.0,27091,7955.5,895142,1,105340,-105339,-868051,0.5
1900-01-23 03:10:45,7955.0,1000,7955.5,1265749,10,20963,-20953,-1264749,0.5
1900-01-23 03:11:00,7950.0,111670,7950.5,732536,67,19139,-19072,-620866,0.5
1900-01-23 03:11:15,7950.0,58439,7950.5,911289,3304,8532,-5228,-852850,0.5
1900-01-23 03:11:30,7950.0,811346,7950.5,769165,444,7491,-7047,42181,0.5
1900-01-23 03:11:45,7952.0,348021,7952.5,467115,16225,147521,-131296,-119094,0.5
1900-01-23 03:12:00,7952.0,434854,7952.5,389313,714,8201,-7487,45541,0.5
1900-01-23 03:12:15,7952.0,710151,7952.5,458266,1630,4479,-2849,251885,0.5
1900-01-23 03:12:30,7954.0,1302180,7954.5,36748,43469,37851,5618,1265432,0.5
1900-01-23 03:12:45,7955.0,705422,7955.5,68452,41544,6115,35429,636970,0.5
1900-01-23 03:13:00,7956.0,670658,7956.5,181229,41961,101892,-59931,489429,0.5
1900-01-23 03:13:15,7956.0,695587,7956.5,98220,128860,4660,124200,597367,0.5
1900-01-23 03:13:30,7957.0,757357,7957.5,150920,20238,13957,6281,606437,0.5
1900-01-23 03:13:45,7958.0,652749,7958.5,179546,24552,360,24192,473203,0.5
1900-01-23 03:14:00,7958.0,772064,7958.5,367555,22200,505,21695,404509,0.5
1900-01-23 03:14:15,7958.0,412851,7958.5,478225,1900,33454,-31554,-65374,0.5
1900-01-23 03:14:30,7958.0,373452,7958.5,489886,2500,6024,-3524,-116434,0.5
1900-01-23 03:14:45,7958.0,477523,7958.5,462722,927,10300,-9373,14801,0.5
1900-01-23 03:15:00,7955.5,41501,7956.0,643867,11899,34062,-22163,-602366,0.5
1900-01-23 03:15:15,7955.0,294374,7955.5,539147,43035,13625,29410,-244773,0.5
1900-01-23 03:15:30,7945.5,2046752,7946.0,27959,23788,124234,-100446,2018793,0.5
1900-01-23 03:15:45,7949.5,1408768,7950.0,133242,282490,27199,255291,1275526,0.5
1900-01-23 03:16:00,7949.5,1381978,7950.0,152563,25122,282,24840,1229415,0.5
1900-01-23 03:16:15,7953.0,274247,7953.5,27113,81058,4278,76780,247134,0.5
1900-01-23 03:16:30,7960.0,684200,7960.5,164972,36167,69188,-33021,519228,0.5
1900-01-23 03:16:45,7960.0,430234,7960.5,306072,2836,10502,-7666,124162,0.5
1900-01-23 03:17:00,7960.0,536890,7960.5,330726,1,1503,-1502,206164,0.5
1900-01-23 03:17:15,7960.0,363135,7960.5,690390,1928,358989,-357061,-327255,0.5
1900-01-23 03:17:30,7960.0,433459,7960.5,678193,2194,133440,-131246,-244734,0.5
1900-01-23 03:17:45,7961.0,797005,7961.5,153754,3296,6500,-3204,643251,0.5
1900-01-23 03:18:00,7963.5,897925,7964.0,61261,516310,6500,509810,836664,0.5
1900-01-23 03:18:15,7964.0,858374,7964.5,67087,11340,2093,9247,791287,0.5
1900-01-23 03:18:30,7964.0,819415,7964.5,41217,42265,1,42264,778198,0.5
1900-01-23 03:18:45,7964.0,621642,7964.5,53087,12814,40894,-28080,568555,0.5
1900-01-23 03:19:00,7964.0,461034,7964.5,113403,2596,22050,-19454,347631,0.5
1900-01-23 03:19:15,7965.0,598933,7965.5,143941,2605,2540,65,454992,0.5
1900-01-23 03:19:30,7965.0,498290,7965.5,362045,22005,122491,-100486,136245,0.5
1900-01-23 03:19:45,7965.5,1330065,7966.0,336250,5547,2607,2940,993815,0.5
1900-01-23 03:20:00,7965.5,1212725,7966.0,86463,89764,30,89734,1126262,0.5
1900-01-23 03:20:15,7966.0,1322482,7966.5,5865,44293,2738,41555,1316617,0.5
1900-01-23 03:20:30,7968.5,1380225,7969.0,17191,50942,1054,49888,1363034,0.5
1900-01-23 03:20:45,7970.0,1431503,7970.5,4171,63189,10334,52855,1427332,0.5
1900-01-23 03:21:00,7971.5,997335,7972.0,132039,152867,15825,137042,865296,0.5
1900-01-23 03:21:15,7974.5,942633,7975.0,122065,136348,250,136098,820568,0.5
1900-01-23 03:21:30,7975.5,667083,7976.0,121866,70154,18515,51639,545217,0.5
1900-01-23 03:21:45,7975.0,2884,7975.5,722082,23854,184904,-161050,-719198,0.5
1900-01-23 03:22:00,7975.0,33298,7975.5,808045,24800,57460,-32660,-774747,0.5
1900-01-23 03:22:15,7972.0,305226,7972.5,534794,1001,106993,-105992,-229568,0.5
1900-01-23 03:22:30,7972.0,126184,7972.5,861370,1001,41384,-40383,-735186,0.5
1900-01-23 03:22:45,7974.0,951951,7974.5,61855,108567,6525,102042,890096,0.5
1900-01-23 03:23:00,7976.5,1059765,7977.0,85036,34672,17526,17146,974729,0.5
1900-01-23 03:23:15,7976.5,1090868,7977.0,90032,31147,1302,29845,1000836,0.5
1900-01-23 03:23:30,7982.5,650725,7983.0,132533,114247,37420,76827,518192,0.5
1900-01-23 03:23:45,7982.5,631320,7983.0,443990,46990,15505,31485,187330,0.5
1900-01-23 03:24:00,7982.5,156243,7983.0,522281,13258,52835,-39577,-366038,0.5
1900-01-23 03:24:15,7976.0,879827,7976.5,60697,22681,99406,-76725,819130,0.5
1900-01-23 03:24:30,7976.0,965253,7976.5,67767,18291,36848,-18557,897486,0.5
1900-01-23 03:24:45,7980.0,705845,7980.5,5850,21566,31535,-9969,699995,0.5
1900-01-23 03:25:00,7980.0,369525,7980.5,235719,37977,120838,-82861,133806,0.5
1900-01-23 03:25:15,7980.0,154457,7980.5,399872,1,92388,-92387,-245415,0.5
1900-01-23 03:25:30,7978.0,776176,7978.5,72448,8272,166131,-157859,703728,0.5
1900-01-23 03:25:45,7978.0,214640,7978.5,384013,5623,50588,-44965,-169373,0.5
1900-01-23 03:26:00,7978.0,299392,7978.5,332943,6562,38126,-31564,-33551,0.5
1900-01-23 03:26:15,7978.5,1237109,7979.0,11625,6346,23811,-17465,1225484,0.5
1900-01-23 03:26:30,7980.0,944884,7980.5,90515,89554,41487,48067,854369,0.5
1900-01-23 03:26:45,7981.0,858016,7981.5,54166,144175,39467,104708,803850,0.5
1900-01-23 03:27:00,7982.0,84283,7982.5,702754,30432,36033,-5601,-618471,0.5
1900-01-23 03:27:15,7982.0,5533,7982.5,976773,8486,45629,-37143,-971240,0.5
1900-01-23 03:27:30,7981.0,356770,7981.5,399769,9720,432167,-422447,-42999,0.5
1900-01-23 03:27:45,7980.0,244789,7980.5,215747,11090,94453,-83363,29042,0.5
1900-01-23 03:28:00,7980.5,931211,7981.0,122515,55124,36750,18374,808696,0.5
1900-01-23 03:28:15,7980.5,789027,7981.0,416330,1447,130883,-129436,372697,0.5
1900-01-23 03:28:30,7980.5,1364498,7981.0,327901,2706,7200,-4494,1036597,0.5
1900-01-23 03:28:45,7982.0,1189123,7982.5,202180,501322,33654,467668,986943,0.5
1900-01-23 03:29:00,7982.0,1256313,7982.5,39695,23546,49396,-25850,1216618,0.5
1900-01-23 03:29:15,7982.0,1233416,7982.5,52461,3677,4801,-1124,1180955,0.5
1900-01-23 03:29:30,7982.5,1093250,7983.0,51720,43722,3917,39805,1041530,0.5
1900-01-23 03:29:45,7983.5,28517,7984.0,488484,25162,60302,-35140,-459967,0.5
1900-01-23 03:30:00,7979.0,1197235,7979.5,135954,49641,119694,-70053,1061281,0.5
1900-01-23 03:30:15,7979.5,1752368,7980.0,69486,987642,21719,965923,1682882,0.5
1900-01-23 03:30:30,7979.0,59453,7979.5,568650,39185,558198,-519013,-509197,0.5
1900-01-23 03:30:45,7977.0,1296198,7977.5,187593,3627,65487,-61860,1108605,0.5
1900-01-23 03:31:00,7981.5,11353,7982.0,340596,57563,36163,21400,-329243,0.5
1900-01-23 03:31:15,7981.0,36644,7981.5,658181,3611,3806,-195,-621537,0.5
1900-01-23 03:31:30,7980.5,74411,7981.0,578555,48682,9563,39119,-504144,0.5
1900-01-23 03:31:45,7979.0,85098,7979.5,605669,695,20141,-19446,-520571,0.5
1900-01-23 03:32:00,7981.0,1050714,7981.5,69181,60691,14622,46069,981533,0.5
1900-01-23 03:32:15,7981.0,884602,7981.5,163759,115,11700,-11585,720843,0.5
1900-01-23 03:32:30,7981.0,226888,7981.5,467293,1035,63755,-62720,-240405,0.5
1900-01-23 03:32:45,7980.0,746524,7980.5,407776,4500,121758,-117258,338748,0.5
1900-01-23 03:33:00,7976.5,1104056,7977.0,100427,1001,52615,-51614,1003629,0.5
1900-01-23 03:33:15,7976.5,1080945,7977.0,148188,26525,5830,20695,932757,0.5
1900-01-23 03:33:30,7976.5,55691,7977.0,401116,20345,41677,-21332,-345425,0.5
1900-01-23 03:33:45,7976.5,628263,7977.0,332762,350,16733,-16383,295501,0.5
1900-01-23 03:34:00,7977.5,427998,7978.0,593815,25521,22528,2993,-165817,0.5
1900-01-23 03:34:15,7975.5,782970,7976.0,209659,25,26703,-26678,573311,0.5
1900-01-23 03:34:30,7975.5,573874,7976.0,716762,10780,200,10580,-142888,0.5
1900-01-23 03:34:45,7975.5,83187,7976.0,1063145,100,75007,-74907,-979958,0.5
1900-01-23 03:35:00,7975.5,68685,7976.0,930705,5000,15111,-10111,-862020,0.5
1900-01-23 03:35:15,7975.5,739250,7976.0,630006,3050,9000,-5950,109244,0.5
1900-01-23 03:35:30,7975.5,746488,7976.0,1090584,1085,10000,-8915,-344096,0.5
1900-01-23 03:35:45,7975.5,1222929,7976.0,423120,10,1600,-1590,799809,0.5
1900-01-23 03:36:00,7970.0,428569,7970.5,713190,3492,118053,-114561,-284621,0.5
1900-01-23 03:36:15,7967.5,162390,7968.0,1074407,1194,59149,-57955,-912017,0.5
1900-01-23 03:36:30,7965.0,107566,7965.5,495753,7067,176682,-169615,-388187,0.5
1900-01-23 03:36:45,7964.0,112229,7964.5,1224117,3200,23067,-19867,-1111888,0.5
1900-01-23 03:37:00,7964.0,919529,7964.5,629836,6615,62963,-56348,289693,0.5
1900-01-23 03:37:15,7964.0,970467,7964.5,551171,68279,383,67896,419296,0.5
1900-01-23 03:37:30,7964.0,775627,7964.5,534337,62071,383,61688,241290,0.5
1900-01-23 03:37:45,7962.0,13910,7962.5,953660,1090,81255,-80165,-939750,0.5
1900-01-23 03:38:00,7962.0,79,7962.5,1139142,335,32739,-32404,-1139063,0.5
1900-01-23 03:38:15,7960.5,1187747,7961.0,210947,21720,4,21716,976800,0.5
1900-01-23 03:38:30,7961.0,307410,7961.5,641976,37723,38801,-1078,-334566,0.5
1900-01-23 03:38:45,7962.5,826604,7963.0,84948,270217,2080,268137,741656,0.5
1900-01-23 03:39:00,7962.5,361518,7963.0,777745,22301,29410,-7109,-416227,0.5
1900-01-23 03:39:15,7962.5,1457323,7963.0,14424,24111,400,23711,1442899,0.5
1900-01-23 03:39:30,7963.5,608013,7964.0,457219,67142,32180,34962,150794,0.5
1900-01-23 03:39:45,7963.5,524919,7964.0,358238,44909,19925,24984,166681,0.5
1900-01-23 03:40:00,7960.5,139346,7961.0,515823,123702,78403,45299,-376477,0.5
1900-01-23 03:40:15,7965.0,838623,7965.5,68866,103578,19522,84056,769757,0.5
1900-01-23 03:40:30,7966.0,1164607,7966.5,24344,16367,50174,-33807,1140263,0.5
1900-01-23 03:40:45,7970.5,599933,7971.0,474862,78718,5350,73368,125071,0.5
1900-01-23 03:41:00,7970.5,366351,7971.0,563263,6923,3380,3543,-196912,0.5
1900-01-23 03:41:15,7970.5,550877,7971.0,494697,343,3101,-2758,56180,0.5
1900-01-23 03:41:30,7970.5,668013,7971.0,456342,343,49675,-49332,211671,0.5
1900-01-23 03:41:45,7971.0,668511,7971.5,230370,5825,149489,-143664,438141,0.5
1900-01-23 03:42:00,7971.0,356376,7971.5,235395,32301,1,32300,120981,0.5
1900-01-23 03:42:15,7971.0,357554,7971.5,342257,28,1,27,15297,0.5
1900-01-23 03:42:30,7973.5,777912,7974.0,77139,43444,8642,34802,700773,0.5
1900-01-23 03:42:45,7973.5,1116223,7974.0,55466,16950,8642,8308,1060757,0.5
1900-01-23 03:43:00,7973.5,1069872,7974.0,48055,37641,8642,28999,1021817,0.5
1900-01-23 03:43:15,7973.5,894206,7974.0,104340,23544,8642,14902,789866,0.5
1900-01-23 03:43:30,7973.5,504248,7974.0,148503,4526,25000,-20474,355745,0.5
1900-01-23 03:43:45,7973.5,139301,7974.0,494467,9061,17164,-8103,-355166,0.5
1900-01-23 03:44:00,7973.5,481588,7974.0,317384,11501,4202,7299,164204,0.5
1900-01-23 03:44:15,7973.5,890999,7974.0,129257,41452,4202,37250,761742,0.5
1900-01-23 03:44:30,7973.5,407364,7974.0,184950,10464,124,10340,222414,0.5
1900-01-23 03:44:45,7973.5,421920,7974.0,308252,75,67,8,113668,0.5
1900-01-23 03:45:00,7973.5,323336,7974.0,370227,11672,1987,9685,-46891,0.5
1900-01-23 03:45:15,7973.5,437886,7974.0,245407,1530,7690,-6160,192479,0.5
1900-01-23 03:45:30,7973.5,28913,7974.0,436440,625,40329,-39704,-407527,0.5
1900-01-23 03:45:45,7972.5,130014,7973.0,573654,48,30154,-30106,-443640,0.5
1900-01-23 03:46:00,7972.0,297036,7972.5,486235,1556,231850,-230294,-189199,0.5
1900-01-23 03:46:15,7972.0,344073,7972.5,478946,1,9100,-9099,-134873,0.5
1900-01-23 03:46:30,7972.0,1013397,7972.5,313627,50,7400,-7350,699770,0.5
1900-01-23 03:46:45,7973.0,1098232,7973.5,95692,125434,16432,109002,1002540,0.5
1900-01-23 03:47:00,7973.0,300550,7973.5,216815,1040,23501,-22461,83735,0.5
1900-01-23 03:47:15,7972.0,73869,7972.5,457155,2,125191,-125189,-383286,0.5
1900-01-23 03:47:30,7972.0,245406,7972.5,486363,2,276166,-276164,-240957,0.5
1900-01-23 03:47:45,7972.0,266972,7972.5,463249,60,5101,-5041,-196277,0.5
1900-01-23 03:48:00,7972.0,238178,7972.5,474614,60,24972,-24912,-236436,0.5
1900-01-23 03:48:15,7966.0,68101,7966.5,360238,65,171155,-171090,-292137,0.5
1900-01-23 03:48:30,7966.0,372063,7966.5,346504,65,23100,-23035,25559,0.5
1900-01-23 03:48:45,7966.0,86845,7966.5,857837,65,46094,-46029,-770992,0.5
1900-01-23 03:49:00,7966.0,68281,7966.5,973002,65,192393,-192328,-904721,0.5
1900-01-23 03:49:15,7966.0,152543,7966.5,750986,9500,13702,-4202,-598443,0.5
1900-01-23 03:49:30,7965.0,125793,7965.5,743699,3600,223756,-220156,-617906,0.5
1900-01-23 03:49:45,7965.0,754954,7965.5,542741,430,102544,-102114,212213,0.5
1900-01-23 03:50:00,7965.0,109823,7965.5,998229,1500,390476,-388976,-888406,0.5
1900-01-23 03:50:15,7965.0,14628,7965.5,1105094,3725,418076,-414351,-1090466,0.5
1900-01-23 03:50:30,7965.0,231940,7965.5,1283847,1470,301282,-299812,-1051907,0.5
1900-01-23 03:50:45,7964.5,6520,7965.0,705867,448,446113,-445665,-699347,0.5
1900-01-23 03:51:00,7955.0,29387,7955.5,977939,39071,193289,-154218,-948552,0.5
1900-01-23 03:51:15,7953.0,977847,7953.5,342687,27601,123525,-95924,635160,0.5
1900-01-23 03:51:30,7957.0,1162832,7957.5,26975,157520,2872,154648,1135857,0.5
1900-01-23 03:51:45,7957.0,408806,7957.5,220968,12407,1001,11406,187838,0.5
1900-01-23 03:52:00,7955.0,612141,7955.5,440898,30615,394950,-364335,171243,0.5
1900-01-23 03:52:15,7955.0,1235963,7955.5,434240,1101,478871,-477770,801723,0.5
1900-01-23 03:52:30,7955.0,838483,7955.5,276522,31243,14532,16711,561961,0.5
1900-01-23 03:52:45,7955.0,810275,7955.5,256211,1021,64835,-63814,554064,0.5
1900-01-23 03:53:00,7955.0,833143,7955.5,244820,11680,104931,-93251,588323,0.5
1900-01-23 03:53:15,7955.0,766971,7955.5,263272,1969,750,1219,503699,0.5
1900-01-23 03:53:30,7955.0,1757113,7955.5,125642,20418,1656,18762,1631471,0.5
1900-01-23 03:53:45,7959.0,171834,7959.5,165054,383934,50002,333932,6780,0.5
1900-01-23 03:54:00,7959.0,309590,7959.5,291065,26194,2710,23484,18525,0.5
1900-01-23 03:54:15,7959.0,623588,7959.5,205404,2388,5102,-2714,418184,0.5
1900-01-23 03:54:30,7959.0,475237,7959.5,202508,1506,1,1505,272729,0.5
1900-01-23 03:54:45,7959.0,434623,7959.5,513760,3729,200,3529,-79137,0.5
1900-01-23 03:55:00,7959.0,244145,7959.5,683907,5300,25286,-19986,-439762,0.5
1900-01-23 03:55:15,7955.5,1701236,7956.0,211673,3300,63415,-60115,1489563,0.5
1900-01-23 03:55:30,7955.5,1490982,7956.0,226299,51539,8037,43502,1264683,0.5
1900-01-23 03:55:45,7955.5,1634296,7956.0,140749,10761,5904,4857,1493547,0.5
1900-01-23 03:56:00,7955.5,465407,7956.0,977827,18814,69400,-50586,-512420,0.5
1900-01-23 03:56:15,7952.0,49499,7952.5,508247,926,169127,-168201,-458748,0.5
1900-01-23 03:56:30,7950.0,782309,7950.5,620216,19210,172217,-153007,162093,0.5
1900-01-23 03:56:45,7950.0,794433,7950.5,795741,6003,39069,-33066,-1308,0.5
1900-01-23 03:57:00,7950.0,779727,7950.5,844003,12801,6373,6428,-64276,0.5
1900-01-23 03:57:15,7950.0,697344,7950.5,849184,180,39770,-39590,-151840,0.5
1900-01-23 03:57:30,7950.0,695868,7950.5,809241,302,8436,-8134,-113373,0.5
1900-01-23 03:57:45,7950.0,834988,7950.5,616546,4204,40010,-35806,218442,0.5
1900-01-23 03:58:00,7950.0,1144467,7950.5,621680,28250,6700,21550,522787,0.5
1900-01-23 03:58:15,7950.0,1217974,7950.5,361853,30996,201,30795,856121,0.5
1900-01-23 03:58:30,7950.0,1240451,7950.5,289415,44450,5444,39006,951036,0.5
1900-01-23 03:58:45,7950.0,1172039,7950.5,342385,19170,1328,17842,829654,0.5
1900-01-23 03:59:00,7946.0,19781,7946.5,853234,194,257211,-257017,-833453,0.5
1900-01-23 03:59:15,7943.0,233005,7943.5,413500,26768,275464,-248696,-180495,0.5
1900-01-23 03:59:30,7940.5,9536,7941.0,383285,11562,92641,-81079,-373749,0.5
1900-01-23 03:59:45,7940.5,585915,7941.0,5740,114029,328403,-214374,580175,0.5
1900-01-23 04:00:00,7944.5,407416,7945.0,4990,75494,15568,59926,402426,0.5
1900-01-23 04:00:15,7949.5,43528,7950.0,1319934,187454,247847,-60393,-1276406,0.5
1900-01-23 04:00:30,7948.0,63639,7948.5,1541657,170355,92452,77903,-1478018,0.5
1900-01-23 04:00:45,7947.5,18137,7948.0,1344017,7122,102622,-95500,-1325880,0.5
1900-01-23 04:01:00,7947.5,136538,7948.0,1992738,48349,199274,-150925,-1856200,0.5
1900-01-23 04:01:15,7943.0,44383,7943.5,1028416,5250,139198,-133948,-984033,0.5
1900-01-23 04:01:30,7938.5,306618,7939.0,489937,85338,220224,-134886,-183319,0.5
1900-01-23 04:01:45,7936.0,425464,7936.5,307997,13706,198185,-184479,117467,0.5
1900-01-23 04:02:00,7934.0,17509,7934.5,835967,14889,568634,-553745,-818458,0.5
1900-01-23 04:02:15,7930.0,17227,7930.5,772015,16158,454280,-438122,-754788,0.5
1900-01-23 04:02:30,7925.5,150209,7926.0,6249,31386,113220,-81834,143960,0.5
1900-01-23 04:02:45,7923.5,64226,7924.0,1146456,82962,285227,-202265,-1082230,0.5
1900-01-23 04:03:00,7915.0,6000,7916.0,31564,196264,650561,-454297,-25564,1.0
1900-01-23 04:03:15,7924.5,11295,7925.0,1457146,77064,220630,-143566,-1445851,0.5
1900-01-23 04:03:30,7931.5,125609,7932.0,421986,326253,112660,213593,-296377,0.5
1900-01-23 04:03:45,7927.0,12,7928.0,409804,204687,85453,119234,-409792,1.0
1900-01-23 04:04:00,7923.5,426107,7924.0,726640,899232,110966,788266,-300533,0.5
1900-01-23 04:04:15,7923.5,2709550,7924.0,129090,761535,93182,668353,2580460,0.5
1900-01-23 04:04:30,7921.0,393224,7921.5,1715071,222259,168882,53377,-1321847,0.5
1900-01-23 04:04:45,7918.0,392059,7918.5,1028912,36321,360221,-323900,-636853,0.5
1900-01-23 04:05:00,7916.0,11555,7916.5,1318399,20149,116633,-96484,-1306844,0.5
1900-01-23 04:05:15,7912.0,409250,7912.5,377593,114981,166214,-51233,31657,0.5
1900-01-23 04:05:30,7912.5,46506,7914.5,1059455,253144,283984,-30840,-1012949,2.0
1900-01-23 04:05:45,7907.0,143023,7907.5,127320,30174,789312,-759138,15703,0.5
1900-01-23 04:06:00,7909.0,218890,7910.0,65035,231480,302987,-71507,153855,1.0
1900-01-23 04:06:15,7905.5,55,7906.0,265367,207544,210554,-3010,-265312,0.5
1900-01-23 04:06:30,7873.5,16345,7875.0,25000,45131,4946024,-4900893,-8655,1.5
1900-01-23 04:06:45,7850.0,1887645,7857.5,17829,1016238,6348728,-5332490,1869816,7.5
1900-01-23 04:07:00,7882.0,5900,7884.0,1000,3780320,418065,3362255,4900,2.0
1900-01-23 04:07:15,7879.0,358544,7879.5,982876,495463,154268,341195,-624332,0.5
1900-01-23 04:07:30,7882.5,1039460,7883.0,129115,798728,188779,609949,910345,0.5
1900-01-23 04:07:45,7889.0,552763,7889.5,185302,602476,135503,466973,367461,0.5
1900-01-23 04:08:00,7894.0,87833,7894.5,6000,367222,212756,154466,81833,0.5
1900-01-23 04:08:15,7894.0,868078,7894.5,420255,252853,25165,227688,447823,0.5
1900-01-23 04:08:30,7900.0,102900,7900.5,293185,408023,234244,173779,-190285,0.5
1900-01-23 04:08:45,7900.0,1279939,7900.5,81295,195240,137587,57653,1198644,0.5
1900-01-23 04:09:00,7903.0,1354083,7903.5,65992,552391,74759,477632,1288091,0.5
1900-01-23 04:09:15,7904.5,1467650,7905.0,167226,615934,3363,612571,1300424,0.5
1900-01-23 04:09:30,7903.5,812481,7904.0,16158,92641,614738,-522097,796323,0.5
1900-01-23 04:09:45,7906.5,457030,7907.0,852633,451258,40380,410878,-395603,0.5
1900-01-23 04:10:00,7907.5,645130,7908.0,334971,335044,145706,189338,310159,0.5
1900-01-23 04:10:15,7911.0,522102,7911.5,58841,504950,15729,489221,463261,0.5
1900-01-23 04:10:30,7911.5,1396413,7912.0,236458,187273,7600,179673,1159955,0.5
1900-01-23 04:10:45,7914.5,291654,7915.0,29034,700618,8997,691621,262620,0.5
1900-01-23 04:11:00,7916.0,1345865,7916.5,46810,60512,12755,47757,1299055,0.5
1900-01-23 04:11:15,7915.5,184254,7916.0,1008166,144135,83161,60974,-823912,0.5
1900-01-23 04:11:30,7913.0,199112,7913.5,430210,37125,157881,-120756,-231098,0.5
1900-01-23 04:11:45,7915.5,644288,7916.0,42509,66905,221206,-154301,601779,0.5
1900-01-23 04:12:00,7916.5,1022664,7917.0,214267,130198,63407,66791,808397,0.5
1900-01-23 04:12:15,7923.5,64099,7924.0,121984,111969,94504,17465,-57885,0.5
1900-01-23 04:12:30,7934.0,118592,7934.5,401266,178640,58685,119955,-282674,0.5
1900-01-23 04:12:45,7932.5,229869,7933.0,483271,122954,105385,17569,-253402,0.5
1900-01-23 04:13:00,7929.0,184755,7929.5,36781,116603,127816,-11213,147974,0.5
1900-01-23 04:13:15,7932.5,1066809,7933.0,140688,98508,61562,36946,926121,0.5
1900-01-23 04:13:30,7934.5,968786,7935.0,148550,172584,66959,105625,820236,0.5
1900-01-23 04:13:45,7935.5,1306142,7936.0,167517,141802,3264,138538,1138625,0.5
1900-01-23 04:14:00,7937.0,236767,7937.5,796111,152489,378014,-225525,-559344,0.5
1900-01-23 04:14:15,7937.0,294458,7937.5,603539,157040,357969,-200929,-309081,0.5
1900-01-23 04:14:30,7937.0,134971,7937.5,686690,75744,94571,-18827,-551719,0.5
1900-01-23 04:14:45,7934.5,13781,7935.0,867030,8580,83094,-74514,-853249,0.5
1900-01-23 04:15:00,7928.0,29690,7928.5,399549,10311,335456,-325145,-369859,0.5
1900-01-23 04:15:15,7926.5,46732,7927.0,301341,10311,114382,-104071,-254609,0.5
1900-01-23 04:15:30,7931.0,951027,7931.5,37471,47569,160901,-113332,913556,0.5
1900-01-23 04:15:45,7934.0,955711,7934.5,301840,384251,52877,331374,653871,0.5
1900-01-23 04:16:00,7934.0,1050148,7934.5,65935,18661,21628,-2967,984213,0.5
1900-01-23 04:16:15,7934.0,653453,7934.5,224655,22243,1771,20472,428798,0.5
1900-01-23 04:16:30,7934.0,769085,7934.5,13524,42050,4809,37241,755561,0.5
1900-01-23 04:16:45,7946.5,183808,7947.0,123217,170517,48114,122403,60591,0.5
1900-01-23 04:17:00,7941.5,977311,7942.0,260463,151587,70729,80858,716848,0.5
1900-01-23 04:17:15,7947.0,952774,7947.5,63869,97726,19584,78142,888905,0.5
1900-01-23 04:17:30,7949.5,327524,7950.0,256559,263254,6463,256791,70965,0.5
1900-01-23 04:17:45,7942.0,935379,7942.5,21075,84384,81988,2396,914304,0.5
1900-01-23 04:18:00,7942.5,98106,7943.0,724993,44166,173923,-129757,-626887,0.5
1900-01-23 04:18:15,7941.5,976224,7942.0,359668,21301,43117,-21816,616556,0.5
1900-01-23 04:18:30,7940.5,906996,7941.0,221084,42459,240688,-198229,685912,0.5
1900-01-23 04:18:45,7939.0,527942,7939.5,278704,71562,288961,-217399,249238,0.5
1900-01-23 04:19:00,7939.0,134384,7939.5,1013188,3014,22688,-19674,-878804,0.5
1900-01-23 04:19:15,7940.5,296228,7941.0,591379,15191,165839,-150648,-295151,0.5
1900-01-23 04:19:30,7940.5,665171,7941.0,276692,126198,168322,-42124,388479,0.5
1900-01-23 04:19:45,7941.0,891261,7941.5,122533,91165,28020,63145,768728,0.5
1900-01-23 04:20:00,7941.0,585204,7941.5,518377,3175,20633,-17458,66827,0.5
1900-01-23 04:20:15,7941.5,845993,7942.0,258800,22122,3041,19081,587193,0.5
1900-01-23 04:20:30,7941.5,992179,7942.0,475104,64267,3041,61226,517075,0.5
1900-01-23 04:20:45,7943.5,924974,7944.0,53195,95089,2394,92695,871779,0.5
1900-01-23 04:21:00,7943.5,981573,7944.0,502618,8985,2934,6051,478955,0.5
1900-01-23 04:21:15,7943.5,1047883,7944.0,482413,66194,820,65374,565470,0.5
1900-01-23 04:21:30,7943.5,1267033,7944.0,487617,4130,3419,711,779416,0.5
1900-01-23 04:21:45,7940.0,329529,7940.5,468669,19791,636770,-616979,-139140,0.5
1900-01-23 04:22:00,7937.5,176288,7938.0,277507,67237,211388,-144151,-101219,0.5
1900-01-23 04:22:15,7937.5,148387,7938.0,436230,1104,206627,-205523,-287843,0.5
1900-01-23 04:22:30,7936.5,839806,7937.0,313705,1206,109780,-108574,526101,0.5
1900-01-23 04:22:45,7936.5,278877,7937.0,465354,11294,37872,-26578,-186477,0.5
1900-01-23 04:23:00,7940.5,690629,7941.0,347790,2291,42535,-40244,342839,0.5
1900-01-23 04:23:15,7940.5,47655,7941.0,907781,10731,124553,-113822,-860126,0.5
1900-01-23 04:23:30,7939.0,19635,7940.0,707372,3000,149716,-146716,-687737,1.0
1900-01-23 04:23:45,7938.0,1226957,7938.5,144779,26592,37278,-10686,1082178,0.5
1900-01-23 04:24:00,7938.0,1378120,7938.5,94015,28422,150801,-122379,1284105,0.5
1900-01-23 04:24:15,7939.0,1267028,7939.5,47881,61692,11860,49832,1219147,0.5
1900-01-23 04:24:30,7939.0,334419,7939.5,554665,23827,87077,-63250,-220246,0.5
1900-01-23 04:24:45,7939.0,190936,7939.5,663553,170,103070,-102900,-472617,0.5
1900-01-23 04:25:00,7938.0,206823,7938.5,560511,211,150244,-150033,-353688,0.5
1900-01-23 04:25:15,7935.5,6697,7936.0,1234573,101,162061,-161960,-1227876,0.5
1900-01-23 04:25:30,7934.5,26442,7935.0,806661,3783,67726,-63943,-780219,0.5
1900-01-23 04:25:45,7934.5,484524,7935.0,546700,5100,121318,-116218,-62176,0.5
1900-01-23 04:26:00,7933.5,17071,7934.0,772958,22100,61364,-39264,-755887,0.5
1900-01-23 04:26:15,7933.5,150557,7934.0,733935,11100,23173,-12073,-583378,0.5
1900-01-23 04:26:30,7932.0,29476,7932.5,1003529,15384,107747,-92363,-974053,0.5
1900-01-23 04:26:45,7925.5,115665,7926.0,58240,6231,42213,-35982,57425,0.5
1900-01-23 04:27:00,7929.5,846815,7930.0,21027,120274,125800,-5526,825788,0.5
1900-01-23 04:27:15,7929.5,573213,7930.0,241287,12732,17800,-5068,331926,0.5
1900-01-23 04:27:30,7930.5,1291424,7931.0,135493,209127,58852,150275,1155931,0.5
1900-01-23 04:27:45,7933.0,878374,7933.5,395466,9185,1000,8185,482908,0.5
1900-01-23 04:28:00,7936.5,1053224,7937.0,264977,48342,1213,47129,788247,0.5
1900-01-23 04:28:15,7939.0,1621362,7939.5,106845,32545,700,31845,1514517,0.5
1900-01-23 04:28:30,7940.5,581357,7941.0,32816,24776,15276,9500,548541,0.5
1900-01-23 04:28:45,7944.0,379591,7944.5,808124,56033,21083,34950,-428533,0.5
1900-01-23 04:29:00,7943.5,659900,7944.0,381007,57526,41280,16246,278893,0.5
1900-01-23 04:29:15,7943.5,616562,7944.0,636682,60111,62683,-2572,-20120,0.5
1900-01-23 04:29:30,7943.5,1003515,7944.0,435375,55348,12963,42385,568140,0.5
1900-01-23 04:29:45,7943.5,649726,7944.0,695535,10810,20900,-10090,-45809,0.5
1900-01-23 04:30:00,7943.5,771561,7944.0,701095,255781,1863,253918,70466,0.5
1900-01-23 04:30:15,7944.5,1128473,7947.0,319882,67134,25639,41495,808591,2.5
1900-01-23 04:30:30,7946.5,398407,7947.0,2051028,104086,62800,41286,-1652621,0.5
1900-01-23 04:30:45,7946.5,855800,7947.0,1720448,19770,11300,8470,-864648,0.5
1900-01-23 04:31:00,7946.5,290464,7947.0,2040325,49710,13481,36229,-1749861,0.5
1900-01-23 04:31:15,7943.5,134726,7944.0,575376,4416,106167,-101751,-440650,0.5
1900-01-23 04:31:30,7943.5,99655,7944.0,692508,2000,14251,-12251,-592853,0.5
1900-01-23 04:31:45,7943.5,1130350,7944.0,4926,6880,27347,-20467,1125424,0.5
1900-01-23 04:32:00,7943.5,804564,7944.0,94643,68220,2010,66210,709921,0.5
1900-01-23 04:32:15,7946.5,384269,7947.0,479778,18874,21963,-3089,-95509,0.5
1900-01-23 04:32:30,7945.0,1099722,7945.5,172541,12360,24991,-12631,927181,0.5
1900-01-23 04:32:45,7948.0,191944,7948.5,13149,236462,60,236402,178795,0.5
1900-01-23 04:33:00,7959.5,845791,7960.0,519234,451659,49500,402159,326557,0.5
1900-01-23 04:33:15,7956.0,159167,7956.5,608318,120950,121851,-901,-449151,0.5
1900-01-23 04:33:30,7959.5,121663,7960.0,2068785,52680,189169,-136489,-1947122,0.5
1900-01-23 04:33:45,7959.0,282840,7959.5,571880,60409,44065,16344,-289040,0.5
1900-01-23 04:34:00,7946.5,259222,7947.0,127745,20002,99626,-79624,131477,0.5
1900-01-23 04:34:15,7953.0,85648,7953.5,596929,32523,87848,-55325,-511281,0.5
1900-01-23 04:34:30,7949.0,1120124,7949.5,483418,22739,181173,-158434,636706,0.5
1900-01-23 04:34:45,7950.0,1767575,7950.5,5440,1298062,25607,1272455,1762135,0.5
1900-01-23 04:35:00,7954.0,957400,7954.5,15785,36418,4428,31990,941615,0.5
1900-01-23 04:35:15,7956.0,440715,7956.5,691111,76871,29292,47579,-250396,0.5
1900-01-23 04:35:30,7956.0,35042,7956.5,876866,9331,50223,-40892,-841824,0.5
1900-01-23 04:35:45,7955.0,631716,7955.5,127683,16119,26495,-10376,504033,0.5
1900-01-23 04:36:00,7955.0,758495,7955.5,146165,6773,36150,-29377,612330,0.5
1900-01-23 04:36:15,7955.0,61373,7955.5,703474,200,35446,-35246,-642101,0.5
1900-01-23 04:36:30,7954.5,4213,7955.0,926218,1723,41065,-39342,-922005,0.5
1900-01-23 04:36:45,7954.5,781687,7955.0,303819,1591,76854,-75263,477868,0.5
1900-01-23 04:37:00,7955.0,1268477,7955.5,56949,79145,26115,53030,1211528,0.5
1900-01-23 04:37:15,7955.0,1288052,7955.5,834,84049,14050,69999,1287218,0.5
1900-01-23 04:37:30,7955.5,157003,7956.0,706497,8565,48201,-39636,-549494,0.5
1900-01-23 04:37:45,7955.5,791066,7956.0,176448,8505,24684,-16179,614618,0.5
1900-01-23 04:38:00,7953.0,36793,7953.5,917573,12750,131333,-118583,-880780,0.5
1900-01-23 04:38:15,7952.5,7840,7953.0,929180,14438,51930,-37492,-921340,0.5
1900-01-23 04:38:30,7950.5,84926,7951.0,944086,14053,59812,-45759,-859160,0.5
1900-01-23 04:38:45,7948.5,1890,7949.0,1037251,25032,88591,-63559,-1035361,0.5
1900-01-23 04:39:00,7948.5,711249,7949.0,359207,16234,16793,-559,352042,0.5
1900-01-23 04:39:15,7948.5,1158294,7949.0,134424,94972,12848,82124,1023870,0.5
1900-01-23 04:39:30,7948.5,1362840,7949.0,81503,10923,5664,5259,1281337,0.5
1900-01-23 04:39:45,7948.5,47215,7949.0,774534,13203,57778,-44575,-727319,0.5
1900-01-23 04:40:00,7946.5,202372,7947.0,421552,4775,26709,-21934,-219180,0.5
1900-01-23 04:40:15,7943.0,901422,7943.5,425114,9000,54870,-45870,476308,0.5
1900-01-23 04:40:30,7945.0,391619,7945.5,392636,154057,34011,120046,-1017,0.5
1900-01-23 04:40:45,7945.0,407321,7945.5,624827,39944,38964,980,-217506,0.5
1900-01-23 04:41:00,7944.5,3848,7945.0,439253,35810,95365,-59555,-435405,0.5
1900-01-23 04:41:15,7940.0,755624,7940.5,559399,12134,18085,-5951,196225,0.5
1900-01-23 04:41:30,7940.0,1224792,7940.5,174545,57845,51855,5990,1050247,0.5
1900-01-23 04:41:45,7940.5,1380885,7941.0,286881,76484,1380,75104,1094004,0.5
1900-01-23 04:42:00,7940.5,165664,7941.0,904968,30110,18356,11754,-739304,0.5
1900-01-23 04:42:15,7940.5,26135,7941.0,941053,10353,118324,-107971,-914918,0.5
1900-01-23 04:42:30,7940.5,711581,7941.0,475774,7992,105362,-97370,235807,0.5
1900-01-23 04:42:45,7940.5,336141,7941.0,917797,1500,6000,-4500,-581656,0.5
1900-01-23 04:43:00,7940.5,201566,7941.0,809891,115,20804,-20689,-608325,0.5
1900-01-23 04:43:15,7940.5,577702,7941.0,422876,10295,10509,-214,154826,0.5
1900-01-23 04:43:30,7940.5,204648,7941.0,1143217,15931,47239,-31308,-938569,0.5
1900-01-23 04:43:45,7939.0,141088,7939.5,911479,5600,25899,-20299,-770391,0.5
1900-01-23 04:44:00,7937.5,79019,7938.0,1051755,16141,175943,-159802,-972736,0.5
1900-01-23 04:44:15,7935.0,89871,7935.5,1173933,3599,213990,-210391,-1084062,0.5
1900-01-23 04:44:30,7935.0,222323,7935.5,1029254,82215,42603,39612,-806931,0.5
1900-01-23 04:44:45,7933.0,1193741,7933.5,45715,123931,36753,87178,1148026,0.5
1900-01-23 04:45:00,7933.0,164795,7933.5,625306,144935,188895,-43960,-460511,0.5
1900-01-23 04:45:15,7930.0,226966,7930.5,645362,41156,397380,-356224,-418396,0.5
1900-01-23 04:45:30,7933.0,174856,7933.5,918444,234120,27982,206138,-743588,0.5
1900-01-23 04:45:45,7934.5,752592,7935.0,2175,16862,15158,1704,750417,0.5
1900-01-23 04:46:00,7935.0,59104,7935.5,433843,71734,159907,-88173,-374739,0.5
1900-01-23 04:46:15,7934.5,331269,7935.0,793680,39969,106860,-66891,-462411,0.5
1900-01-23 04:46:30,7934.5,234237,7935.0,718788,84453,2611,81842,-484551,0.5
1900-01-23 04:46:45,7939.0,627478,7939.5,18915,38799,6663,32136,608563,0.5
1900-01-23 04:47:00,7939.0,522500,7939.5,453493,32282,62094,-29812,69007,0.5
1900-01-23 04:47:15,7942.5,529377,7943.0,9094,219124,2600,216524,520283,0.5
1900-01-23 04:47:30,7944.5,703443,7945.0,98425,169357,20,169337,605018,0.5
1900-01-23 04:47:45,7944.5,1064690,7945.0,2954,20352,2100,18252,1061736,0.5
1900-01-23 04:48:00,7945.5,1295033,7946.0,56965,19308,1150,18158,1238068,0.5
1900-01-23 04:48:15,7943.5,64398,7944.0,1059951,1300,135826,-134526,-995553,0.5
1900-01-23 04:48:30,7942.5,77181,7943.0,750659,720,17494,-16774,-673478,0.5
1900-01-23 04:48:45,7942.5,32116,7943.0,793732,4935,27487,-22552,-761616,0.5
1900-01-23 04:49:00,7941.0,58889,7941.5,713314,11372,16707,-5335,-654425,0.5
1900-01-23 04:49:15,7941.0,756624,7941.5,891016,1649,17954,-16305,-134392,0.5
1900-01-23 04:49:30,7941.0,1154103,7941.5,516551,55,683,-628,637552,0.5
1900-01-23 04:49:45,7941.0,1438344,7941.5,237696,26211,18668,7543,1200648,0.5
1900-01-23 04:50:00,7944.5,807805,7945.0,18735,116497,18668,97829,789070,0.5
1900-01-23 04:50:15,7944.5,1340821,7945.0,27650,3838,41,3797,1313171,0.5
1900-01-23 04:50:30,7947.5,728067,7948.0,1922622,36459,2521,33938,-1194555,0.5
1900-01-23 04:50:45,7949.5,357594,7950.0,231258,1238220,28000,1210220,126336,0.5
1900-01-23 04:51:00,7949.5,1014627,7950.0,567318,139197,28000,111197,447309,0.5
1900-01-23 04:51:15,7949.5,334216,7950.0,655797,23553,44148,-20595,-321581,0.5
1900-01-23 04:51:30,7949.5,1145334,7950.0,154599,7629,6393,1236,990735,0.5
1900-01-23 04:51:45,7950.0,1454438,7950.5,26806,22481,1000,21481,1427632,0.5
1900-01-23 04:52:00,7951.5,348890,7952.0,669149,62709,20800,41909,-320259,0.5
1900-01-23 04:52:15,7951.5,330715,7952.0,589811,50241,51500,-1259,-259096,0.5
1900-01-23 04:52:30,7951.5,1073165,7952.0,66014,58740,15001,43739,1007151,0.5
1900-01-23 04:52:45,7953.5,1862902,7954.0,11812,56734,2021,54713,1851090,0.5
1900-01-23 04:53:00,7953.5,1439744,7954.0,151,2261,32632,-30371,1439593,0.5
1900-01-23 04:53:15,7954.5,983142,7955.0,139117,14589,611,13978,844025,0.5
1900-01-23 04:53:30,7954.5,247023,7955.0,785569,28446,15118,13328,-538546,0.5
1900-01-23 04:53:45,7954.5,66073,7955.0,946382,4182,154245,-150063,-880309,0.5
1900-01-23 04:54:00,7954.5,270663,7955.0,889642,11071,6157,4914,-618979,0.5
1900-01-23 04:54:15,7954.5,206558,7955.0,998673,100,47829,-47729,-792115,0.5
1900-01-23 04:54:30,7954.5,4030,7955.0,1091139,5046,30486,-25440,-1087109,0.5
1900-01-23 04:54:45,7952.5,1276505,7953.0,131948,162433,25360,137073,1144557,0.5
1900-01-23 04:55:00,7953.5,1332209,7954.0,38773,70129,15712,54417,1293436,0.5
1900-01-23 04:55:15,7956.0,1976483,7956.5,237405,253540,21056,232484,1739078,0.5
1900-01-23 04:55:30,7956.5,1934396,7957.0,113217,290895,8051,282844,1821179,0.5
1900-01-23 04:55:45,7956.5,975438,7957.0,155471,101096,11244,89852,819967,0.5
1900-01-23 04:56:00,7953.5,35826,7954.0,823882,26816,86865,-60049,-788056,0.5
1900-01-23 04:56:15,7953.0,862779,7953.5,685478,4776,11266,-6490,177301,0.5
1900-01-23 04:56:30,7953.0,235512,7953.5,752829,14253,106316,-92063,-517317,0.5
1900-01-23 04:56:45,7953.0,491759,7953.5,753758,123,19952,-19829,-261999,0.5
1900-01-23 04:57:00,7953.0,1210670,7953.5,250188,31,63101,-63070,960482,0.5
1900-01-23 04:57:15,7953.0,586488,7953.5,797645,23595,83135,-59540,-211157,0.5
1900-01-23 04:57:30,7953.0,502630,7953.5,805069,23595,23604,-9,-302439,0.5
1900-01-23 04:57:45,7953.0,455227,7953.5,501756,11996,35124,-23128,-46529,0.5
1900-01-23 04:58:00,7953.0,517728,7953.5,525298,16600,10670,5930,-7570,0.5
1900-01-23 04:58:15,7953.0,260675,7953.5,677270,1180,4000,-2820,-416595,0.5
1900-01-23 04:58:30,7953.0,53438,7953.5,692192,2500,12816,-10316,-638754,0.5
1900-01-23 04:58:45,7952.0,266783,7952.5,1017405,2010,63832,-61822,-750622,0.5
1900-01-23 04:59:00,7950.0,48725,7950.5,971364,2010,123818,-121808,-922639,0.5
1900-01-23 04:59:15,7950.0,959482,7950.5,224328,6611,26452,-19841,735154,0.5
1900-01-23 04:59:30,7950.0,1334243,7950.5,256910,22673,2528,20145,1077333,0.5
1900-01-23 04:59:45,7950.0,1317050,7950.5,209901,81651,3624,78027,1107149,0.5
1900-01-23 05:00:00,7950.0,1765352,7950.5,64866,34212,29210,5002,1700486,0.5
1900-01-23 05:00:15,7953.0,1734085,7953.5,91742,50152,9819,40333,1642343,0.5
1900-01-23 05:00:30,7955.0,1693485,7955.5,13703,59225,10001,49224,1679782,0.5
1900-01-23 05:00:45,7957.5,947044,7958.0,226061,140242,1,140241,720983,0.5
1900-01-23 05:01:00,7959.5,931697,7960.0,393381,242203,11978,230225,538316,0.5
1900-01-23 05:01:15,7959.5,1154117,7960.0,595093,141047,13317,127730,559024,0.5
1900-01-23 05:01:30,7964.0,892557,7964.5,4596,198822,23493,175329,887961,0.5
1900-01-23 05:01:45,7964.0,20,7964.5,116608,140054,557909,-417855,-116588,0.5
1900-01-23 05:02:00,7958.5,405805,7959.0,217454,21934,86379,-64445,188351,0.5
1900-01-23 05:02:15,7958.5,393940,7959.0,610752,11783,1200,10583,-216812,0.5
1900-01-23 05:02:30,7956.0,30031,7956.5,820723,2923,58617,-55694,-790692,0.5
1900-01-23 05:02:45,7955.0,464290,7955.5,757507,9930,42863,-32933,-293217,0.5
1900-01-23 05:03:00,7955.0,1039702,7955.5,526765,9250,51835,-42585,512937,0.5
1900-01-23 05:03:15,7955.0,412816,7955.5,1052628,9850,31627,-21777,-639812,0.5
1900-01-23 05:03:30,7955.0,1012272,7955.5,249660,20530,7119,13411,762612,0.5
1900-01-23 05:03:45,7955.0,405451,7955.5,934530,200,7510,-7310,-529079,0.5
1900-01-23 05:04:00,7955.0,275661,7955.5,978056,239,110100,-109861,-702395,0.5
1900-01-23 05:04:15,7955.0,341679,7955.5,949228,12000,44800,-32800,-607549,0.5
1900-01-23 05:04:30,7955.0,224559,7955.5,980970,155,6178,-6023,-756411,0.5
1900-01-23 05:04:45,7952.0,47639,7952.5,1012444,12,133383,-133371,-964805,0.5
1900-01-23 05:05:00,7952.0,115071,7952.5,1030991,365,16908,-16543,-915920,0.5
1900-01-23 05:05:15,7952.0,439555,7952.5,755128,550,23501,-22951,-315573,0.5
1900-01-23 05:05:30,7952.0,429577,7952.5,682560,1060,7355,-6295,-252983,0.5
1900-01-23 05:05:45,7951.5,42521,7952.0,865724,7587,3455,4132,-823203,0.5
1900-01-23 05:06:00,7951.0,849437,7951.5,232341,26664,18128,8536,617096,0.5
1900-01-23 05:06:15,7951.0,257542,7951.5,740492,7394,31050,-23656,-482950,0.5
1900-01-23 05:06:30,7951.0,348969,7951.5,707526,21608,94,21514,-358557,0.5
1900-01-23 05:06:45,7951.0,795452,7951.5,327567,20388,4050,16338,467885,0.5
1900-01-23 05:07:00,7951.0,389005,7951.5,723173,2862,32675,-29813,-334168,0.5
1900-01-23 05:07:15,7951.0,757759,7951.5,361244,7400,31140,-23740,396515,0.5
1900-01-23 05:07:30,7951.0,801860,7951.5,218196,118798,28100,90698,583664,0.5
1900-01-23 05:07:45,7951.0,850222,7951.5,471257,2300,4541,-2241,378965,0.5
1900-01-23 05:08:00,7951.0,105162,7951.5,942936,327,58969,-58642,-837774,0.5
1900-01-23 05:08:15,7950.0,581627,7950.5,743384,12251,60693,-48442,-161757,0.5
1900-01-23 05:08:30,7949.5,28844,7950.0,1106937,10500,59208,-48708,-1078093,0.5
1900-01-23 05:08:45,7946.5,7644,7947.0,877001,59491,503479,-443988,-869357,0.5
1900-01-23 05:09:00,7943.0,4123,7943.5,322123,25415,66529,-41114,-318000,0.5
1900-01-23 05:09:15,7942.5,229512,7943.0,1131813,33114,95043,-61929,-902301,0.5
1900-01-23 05:09:30,7942.0,309700,7942.5,942197,560,99831,-99271,-632497,0.5
1900-01-23 05:09:45,7942.0,1181129,7942.5,377243,5878,33326,-27448,803886,0.5
1900-01-23 05:10:00,7942.0,235321,7942.5,905588,23465,149545,-126080,-670267,0.5
1900-01-23 05:10:15,7942.0,180794,7942.5,988669,23465,78412,-54947,-807875,0.5
1900-01-23 05:10:30,7941.5,976781,7942.0,381671,29385,9424,19961,595110,0.5
1900-01-23 05:10:45,7941.5,1037325,7942.0,176856,79145,601,78544,860469,0.5
1900-01-23 05:11:00,7941.5,970596,7942.0,516580,13611,12502,1109,454016,0.5
1900-01-23 05:11:15,7941.5,651108,7942.0,840004,12838,50,12788,-188896,0.5
1900-01-23 05:11:30,7941.5,543264,7942.0,826932,870,118841,-117971,-283668,0.5
1900-01-23 05:11:45,7941.5,713821,7942.0,342406,43230,120443,-77213,371415,0.5
1900-01-23 05:12:00,7944.5,989564,7945.0,38963,102227,73038,29189,950601,0.5
1900-01-23 05:12:15,7945.0,1220357,7945.5,14044,24117,100,24017,1206313,0.5
1900-01-23 05:12:30,7946.0,1643368,7946.5,51118,40216,3000,37216,1592250,0.5
1900-01-23 05:12:45,7949.0,1044721,7949.5,9882,37659,23667,13992,1034839,0.5
1900-01-23 05:13:00,7949.5,1065446,7950.0,150520,57532,2530,55002,914926,0.5
1900-01-23 05:13:15,7950.5,943731,7951.0,341588,32076,2530,29546,602143,0.5
1900-01-23 05:13:30,7950.5,473341,7951.0,1000817,6443,2100,4343,-527476,0.5
1900-01-23 05:13:45,7950.5,259589,7951.0,1078215,560,122112,-121552,-818626,0.5
1900-01-23 05:14:00,7950.5,69559,7951.0,1145532,51500,137485,-85985,-1075973,0.5
1900-01-23 05:14:15,7950.5,77332,7951.0,1327172,11000,34942,-23942,-1249840,0.5
1900-01-23 05:14:30,7950.0,250560,7950.5,933207,500,138937,-138437,-682647,0.5
1900-01-23 05:14:45,7950.0,436831,7950.5,905359,9006,1100,7906,-468528,0.5
1900-01-23 05:15:00,7952.5,1098519,7953.0,298845,142319,40166,102153,799674,0.5
1900-01-23 05:15:15,7952.5,1600795,7953.0,389073,11975,40166,-28191,1211722,0.5
1900-01-23 05:15:30,7952.5,1441348,7953.0,282668,132332,21461,110871,1158680,0.5
1900-01-23 05:15:45,7952.5,216605,7953.0,928170,5590,21491,-15901,-711565,0.5
1900-01-23 05:16:00,7950.0,216124,7950.5,879315,5423,45966,-40543,-663191,0.5
1900-01-23 05:16:15,7948.5,12015,7949.0,854557,1633,23566,-21933,-842542,0.5
1900-01-23 05:16:30,7947.5,594691,7948.0,856796,87,6351,-6264,-262105,0.5
1900-01-23 05:16:45,7947.5,203242,7948.0,937514,9576,12446,-2870,-734272,0.5
1900-01-23 05:17:00,7947.5,93231,7948.0,1040876,4310,84229,-79919,-947645,0.5
1900-01-23 05:17:15,7947.5,282701,7948.0,944781,790,3997,-3207,-662080,0.5
1900-01-23 05:17:30,7945.0,258759,7945.5,861717,1440,102469,-101029,-602958,0.5
1900-01-23 05:17:45,7945.0,1297773,7945.5,387124,9726,7300,2426,910649,0.5
1900-01-23 05:18:00,7945.0,556018,7945.5,808936,12322,9481,2841,-252918,0.5
1900-01-23 05:18:15,7945.0,243803,7945.5,815191,5750,884,4866,-571388,0.5
1900-01-23 05:18:30,7942.0,985739,7942.5,425410,35150,51080,-15930,560329,0.5
1900-01-23 05:18:45,7940.5,221677,7941.0,682036,73736,97054,-23318,-460359,0.5
1900-01-23 05:19:00,7940.0,333909,7940.5,976407,10145,317839,-307694,-642498,0.5
1900-01-23 05:19:15,7940.0,1168655,7940.5,498836,14742,7099,7643,669819,0.5
1900-01-23 05:19:30,7940.0,958200,7940.5,366114,2,42155,-42153,592086,0.5
1900-01-23 05:19:45,7940.0,376042,7940.5,932442,14505,29228,-14723,-556400,0.5
1900-01-23 05:20:00,7940.0,761,7940.5,1309127,18537,101328,-82791,-1308366,0.5
1900-01-23 05:20:15,7936.0,189819,7936.5,664816,18203,89167,-70964,-474997,0.5
1900-01-23 05:20:30,7935.0,69438,7935.5,1078275,14438,130127,-115689,-1008837,0.5
1900-01-23 05:20:45,7934.0,443381,7934.5,926261,5100,160183,-155083,-482880,0.5
1900-01-23 05:21:00,7934.0,861216,7934.5,946914,8554,129819,-121265,-85698,0.5
1900-01-23 05:21:15,7934.0,1791408,7934.5,23490,50546,28970,21576,1767918,0.5
1900-01-23 05:21:30,7940.0,274649,7940.5,34015,140938,4510,136428,240634,0.5
1900-01-23 05:21:45,7942.0,1257063,7942.5,43254,28055,22000,6055,1213809,0.5
1900-01-23 05:22:00,7942.0,729780,7942.5,803426,2920,17160,-14240,-73646,0.5
1900-01-23 05:22:15,7944.0,1660610,7944.5,54246,69586,2510,67076,1606364,0.5
1900-01-23 05:22:30,7944.0,84405,7944.5,803145,13593,65278,-51685,-718740,0.5
1900-01-23 05:22:45,7942.5,550,7943.0,1075874,38888,6163,32725,-1075324,0.5
1900-01-23 05:23:00,7939.0,505771,7939.5,689968,1373,38653,-37280,-184197,0.5
1900-01-23 05:23:15,7939.0,176601,7939.5,865540,1000,20345,-19345,-688939,0.5
1900-01-23 05:23:30,7938.5,662959,7939.0,485339,930,39511,-38581,177620,0.5
1900-01-23 05:23:45,7938.5,787021,7939.0,502083,1000,49572,-48572,284938,0.5
1900-01-23 05:24:00,7946.0,18000,7947.5,34176,76864,12244,64620,-16176,1.5
1900-01-23 05:24:15,7947.0,390353,7947.5,747119,20605,411,20194,-356766,0.5
1900-01-23 05:24:30,7947.0,457237,7947.5,726918,7000,12209,-5209,-269681,0.5
1900-01-23 05:24:45,7947.0,325810,7947.5,892136,10905,100244,-89339,-566326,0.5
1900-01-23 05:25:00,7941.0,146794,7941.5,535168,24276,101641,-77365,-388374,0.5
1900-01-23 05:25:15,7941.0,1126137,7941.5,34008,34765,4691,30074,1092129,0.5
1900-01-23 05:25:30,7942.0,1107956,7942.5,9361,11106,49295,-38189,1098595,0.5
1900-01-23 05:25:45,7944.5,737819,7945.0,190184,87313,32,87281,547635,0.5
1900-01-23 05:26:00,7944.5,128495,7945.0,1139456,36642,20809,15833,-1010961,0.5
1900-01-23 05:26:15,7944.5,137744,7945.0,1016957,18261,17534,727,-879213,0.5
1900-01-23 05:26:30,7944.5,25848,7945.0,1162677,18261,7948,10313,-1136829,0.5
1900-01-23 05:26:45,7944.5,873921,7945.0,169293,80931,10878,70053,704628,0.5
1900-01-23 05:27:00,7944.5,1126227,7945.0,33315,46253,1000,45253,1092912,0.5
1900-01-23 05:27:15,7947.0,697934,7947.5,352963,11841,2362,9479,344971,0.5
1900-01-23 05:27:30,7947.0,83870,7947.5,1114616,2870,152272,-149402,-1030746,0.5
1900-01-23 05:27:45,7947.0,325781,7947.5,882327,2238,3700,-1462,-556546,0.5
1900-01-23 05:28:00,7944.0,38642,7944.5,882371,6860,4867,1993,-843729,0.5
1900-01-23 05:28:15,7940.5,6645,7942.5,727867,388,11046,-10658,-721222,2.0
1900-01-23 05:28:30,7940.5,1367906,7941.0,65522,27054,67274,-40220,1302384,0.5
1900-01-23 05:28:45,7942.0,1434728,7942.5,154288,1891,700,1191,1280440,0.5
1900-01-23 05:29:00,7942.0,1366527,7942.5,153884,67946,3527,64419,1212643,0.5
1900-01-23 05:29:15,7942.0,900511,7942.5,155627,67946,17527,50419,744884,0.5
1900-01-23 05:29:30,7942.0,641893,7942.5,646609,2500,10082,-7582,-4716,0.5
1900-01-23 05:29:45,7942.0,721685,7942.5,244349,72080,10082,61998,477336,0.5
1900-01-23 05:30:00,7944.0,1158899,7944.5,7564,168487,1556,166931,1151335,0.5
1900-01-23 05:30:15,7945.0,1295472,7945.5,4399,25090,1000,24090,1291073,0.5
1900-01-23 05:30:30,7945.5,56162,7946.0,711855,77790,10162,67628,-655693,0.5
1900-01-23 05:30:45,7945.5,273284,7946.0,686223,400,1000,-600,-412939,0.5
1900-01-23 05:31:00,7945.5,140923,7946.0,700422,3000,5507,-2507,-559499,0.5
1900-01-23 05:31:15,7945.5,284366,7946.0,623081,6219,9339,-3120,-338715,0.5
1900-01-23 05:31:30,7945.5,17070,7946.0,653235,6219,2992,3227,-636165,0.5
1900-01-23 05:31:45,7945.5,699189,7946.0,355628,8700,2435,6265,343561,0.5
1900-01-23 05:32:00,7945.5,239741,7946.0,543485,1523,16096,-14573,-303744,0.5
1900-01-23 05:32:15,7945.5,616804,7946.0,551776,1800,13700,-11900,65028,0.5
1900-01-23 05:32:30,7945.5,951822,7946.0,96173,31376,4100,27276,855649,0.5
1900-01-23 05:32:45,7945.5,1000394,7946.0,62127,11941,8880,3061,938267,0.5
1900-01-23 05:33:00,7945.5,952517,7946.0,55033,13400,6611,6789,897484,0.5
1900-01-23 05:33:15,7945.5,692304,7946.0,33084,17134,794,16340,659220,0.5
1900-01-23 05:33:30,7945.5,1373832,7946.0,7729,119761,1005,118756,1366103,0.5
1900-01-23 05:33:45,7950.0,498986,7950.5,56642,385643,1005,384638,442344,0.5
1900-01-23 05:34:00,7953.0,745485,7953.5,12629,136475,2001,134474,732856,0.5
1900-01-23 05:34:15,7954.0,558152,7954.5,621425,113410,2562,110848,-63273,0.5
1900-01-23 05:34:30,7954.0,615464,7954.5,631440,15308,12283,3025,-15976,0.5
1900-01-23 05:34:45,7953.5,387846,7954.0,907442,24630,19402,5228,-519596,0.5
1900-01-23 05:35:00,7955.5,1703128,7956.0,17971,145021,2100,142921,1685157,0.5
1900-01-23 05:35:15,7958.5,886789,7959.0,5190,51775,8049,43726,881599,0.5
1900-01-23 05:35:30,7959.5,897660,7960.0,174087,318858,12002,306856,723573,0.5
1900-01-23 05:35:45,7964.5,219763,7965.0,601613,201944,59422,142522,-381850,0.5
1900-01-23 05:36:00,7957.0,283977,7957.5,31709,67890,788453,-720563,252268,0.5
1900-01-23 05:36:15,7957.5,466434,7958.0,1102827,67627,2916,64711,-636393,0.5
1900-01-23 05:36:30,7957.5,502518,7958.0,808061,107026,44046,62980,-305543,0.5
1900-01-23 05:36:45,7960.5,1544297,7961.0,6332,275648,2066,273582,1537965,0.5
1900-01-23 05:37:00,7961.5,346820,7962.0,1172222,127961,80875,47086,-825402,0.5
1900-01-23 05:37:15,7961.5,700451,7962.0,82081,85563,15519,70044,618370,0.5
1900-01-23 05:37:30,7961.5,345380,7962.0,986760,4073,7820,-3747,-641380,0.5
1900-01-23 05:37:45,7961.5,134827,7962.0,1446452,16881,28050,-11169,-1311625,0.5
1900-01-23 05:38:00,7958.5,84681,7959.0,811474,5628,100742,-95114,-726793,0.5
1900-01-23 05:38:15,7957.5,1891305,7958.0,17642,72591,60519,12072,1873663,0.5
1900-01-23 05:38:30,7959.5,672437,7960.0,125916,25807,14905,10902,546521,0.5
1900-01-23 05:38:45,7961.5,873193,7962.0,47018,119426,150,119276,826175,0.5
1900-01-23 05:39:00,7961.5,835469,7962.0,63400,53504,3000,50504,772069,0.5
1900-01-23 05:39:15,7957.5,834018,7958.0,359783,48181,350669,-302488,474235,0.5
1900-01-23 05:39:30,7957.5,1222916,7958.0,295653,24100,34558,-10458,927263,0.5
1900-01-23 05:39:45,7957.5,1488392,7958.0,268421,26852,3995,22857,1219971,0.5
1900-01-23 05:40:00,7957.5,1734313,7958.0,71690,54576,12172,42404,1662623,0.5
1900-01-23 05:40:15,7957.5,1816984,7958.0,46609,13101,12172,929,1770375,0.5
1900-01-23 05:40:30,7959.0,1601865,7959.5,47210,97089,136520,-39431,1554655,0.5
1900-01-23 05:40:45,7961.5,1500788,7962.0,20805,59130,8690,50440,1479983,0.5
1900-01-23 05:41:00,7962.0,1078375,7962.5,23106,8386,48192,-39806,1055269,0.5
1900-01-23 05:41:15,7962.5,1466175,7963.0,1443521,26243,57753,-31510,22654,0.5
1900-01-23 05:41:30,7967.0,738077,7967.5,47053,1484443,21,1484422,691024,0.5
1900-01-23 05:41:45,7966.5,170948,7967.0,952212,154598,68273,86325,-781264,0.5
1900-01-23 05:42:00,7966.5,805517,7967.0,481763,101524,161766,-60242,323754,0.5
1900-01-23 05:42:15,7966.5,1014888,7967.0,522793,17695,1090,16605,492095,0.5
1900-01-23 05:42:30,7969.0,570374,7969.5,217726,557785,24110,533675,352648,0.5
1900-01-23 05:42:45,7969.0,1089225,7969.5,49887,140014,12085,127929,1039338,0.5
1900-01-23 05:43:00,7965.5,434113,7966.0,973498,4264,179117,-174853,-539385,0.5
1900-01-23 05:43:15,7965.5,565826,7966.0,665585,17345,34173,-16828,-99759,0.5
1900-01-23 05:43:30,7965.5,443853,7966.0,675933,2409,122086,-119677,-232080,0.5
1900-01-23 05:43:45,7969.0,1542609,7969.5,226221,60481,42205,18276,1316388,0.5
1900-01-23 05:44:00,7969.0,20692,7969.5,993300,23520,23604,-84,-972608,0.5
1900-01-23 05:44:15,7967.5,294913,7968.0,691995,10197,13235,-3038,-397082,0.5
1900-01-23 05:44:30,7967.5,592931,7968.0,494214,27394,16599,10795,98717,0.5
1900-01-23 05:44:45,7967.5,737154,7968.0,260332,53722,24101,29621,476822,0.5
1900-01-23 05:45:00,7967.5,130747,7968.0,497760,172746,31400,141346,-367013,0.5
1900-01-23 05:45:15,7965.0,27046,7965.5,234075,19835,91079,-71244,-207029,0.5
1900-01-23 05:45:30,7963.0,145164,7963.5,653180,200,27857,-27657,-508016,0.5
1900-01-23 05:45:45,7963.0,813920,7963.5,347756,20776,30520,-9744,466164,0.5
1900-01-23 05:46:00,7963.0,1502477,7963.5,82306,15145,29820,-14675,1420171,0.5
1900-01-23 05:46:15,7963.5,1099545,7964.0,154997,95157,104602,-9445,944548,0.5
1900-01-23 05:46:30,7963.5,1395239,7964.0,80182,83130,4160,78970,1315057,0.5
1900-01-23 05:46:45,7963.5,1444485,7964.0,87351,42628,13220,29408,1357134,0.5
1900-01-23 05:47:00,7964.5,594006,7965.0,776872,12925,15510,-2585,-182866,0.5
1900-01-23 05:47:15,7964.5,134624,7965.0,1000548,10724,15796,-5072,-865924,0.5
1900-01-23 05:47:30,7958.0,123314,7958.5,523143,550,163905,-163355,-399829,0.5
1900-01-23 05:47:45,7958.0,1561097,7958.5,51694,90783,3670,87113,1509403,0.5
1900-01-23 05:48:00,7958.0,1872545,7958.5,13951,19145,17667,1478,1858594,0.5
1900-01-23 05:48:15,7958.0,2487254,7958.5,153117,7860,11075,-3215,2334137,0.5
1900-01-23 05:48:30,7960.0,1265948,7960.5,1168,91978,10000,81978,1264780,0.5
1900-01-23 05:48:45,7963.0,1359556,7963.5,45939,58163,5400,52763,1313617,0.5
1900-01-23 05:49:00,7963.0,879951,7963.5,638633,17992,10351,7641,241318,0.5
1900-01-23 05:49:15,7963.0,1094387,7963.5,305498,42031,520,41511,788889,0.5
1900-01-23 05:49:30,7963.0,613146,7963.5,583009,19997,1616,18381,30137,0.5
1900-01-23 05:49:45,7963.0,1002063,7963.5,254602,10523,1616,8907,747461,0.5
1900-01-23 05:50:00,7963.0,393737,7963.5,704119,5744,330,5414,-310382,0.5
1900-01-23 05:50:15,7963.0,192276,7963.5,980345,21,88218,-88197,-788069,0.5
1900-01-23 05:50:30,7963.0,386348,7963.5,1177083,80,10080,-10000,-790735,0.5
1900-01-23 05:50:45,7963.0,65328,7963.5,1061676,19877,93939,-74062,-996348,0.5
1900-01-23 05:51:00,7963.0,3299,7963.5,1274606,5551,8498,-2947,-1271307,0.5
1900-01-23 05:51:15,7959.0,63835,7959.5,603659,3028,10020,-6992,-539824,0.5
1900-01-23 05:51:30,7955.0,905871,7955.5,726228,4868,61188,-56320,179643,0.5
1900-01-23 05:51:45,7955.0,250203,7955.5,642974,100,88431,-88331,-392771,0.5
1900-01-23 05:52:00,7955.0,282640,7955.5,692474,2040,39070,-37030,-409834,0.5
1900-01-23 05:52:15,7955.0,831169,7955.5,450172,975,4453,-3478,380997,0.5
1900-01-23 05:52:30,7954.5,39357,7955.0,581248,7002,21394,-14392,-541891,0.5
1900-01-23 05:52:45,7954.5,6828,7955.0,1249271,500,65146,-64646,-1242443,0.5
1900-01-23 05:53:00,7952.5,2508723,7953.0,316327,5146,41009,-35863,2192396,0.5
1900-01-23 05:53:15,7955.0,902875,7955.5,73824,134308,4469,129839,829051,0.5
1900-01-23 05:53:30,7955.0,936710,7955.5,333641,50465,9380,41085,603069,0.5
1900-01-23 05:53:45,7955.0,1457739,7955.5,29269,40765,3616,37149,1428470,0.5
1900-01-23 05:54:00,7956.5,1499916,7957.0,4856,43239,1988,41251,1495060,0.5
1900-01-23 05:54:15,7957.0,1202334,7957.5,51268,3482,83,3399,1151066,0.5
1900-01-23 05:54:30,7957.0,1528857,7957.5,237980,5329,7853,-2524,1290877,0.5
1900-01-23 05:54:45,7957.0,1568504,7957.5,280001,6000,5098,902,1288503,0.5
1900-01-23 05:55:00,7957.0,1695096,7957.5,234697,20266,16,20250,1460399,0.5
1900-01-23 05:55:15,7957.0,1092822,7957.5,261966,19901,1000,18901,830856,0.5
1900-01-23 05:55:30,7957.0,278489,7957.5,885653,3152,1490,1662,-607164,0.5
1900-01-23 05:55:45,7957.0,599250,7957.5,769463,57109,7046,50063,-170213,0.5
1900-01-23 05:56:00,7957.0,789658,7957.5,695537,13027,2517,10510,94121,0.5
1900-01-23 05:56:15,7957.0,1000887,7957.5,391637,1900,30011,-28111,609250,0.5
1900-01-23 05:56:30,7957.0,555078,7957.5,901589,28,16,12,-346511,0.5
1900-01-23 05:56:45,7956.5,32264,7957.0,905225,15026,55247,-40221,-872961,0.5
1900-01-23 05:57:00,7956.5,239758,7957.0,717945,1015,2029,-1014,-478187,0.5
1900-01-23 05:57:15,7956.5,34917,7957.0,1036933,3701,9,3692,-1002016,0.5
1900-01-23 05:57:30,7957.0,1449537,7957.5,136252,76915,17179,59736,1313285,0.5
1900-01-23 05:57:45,7957.0,1319444,7957.5,127641,25589,771,24818,1191803,0.5
1900-01-23 05:58:00,7957.0,1192142,7957.5,74144,52025,200,51825,1117998,0.5
1900-01-23 05:58:15,7957.0,1300171,7957.5,21019,5650,915,4735,1279152,0.5
1900-01-23 05:58:30,7957.0,980914,7957.5,120417,5971,16,5955,860497,0.5
1900-01-23 05:58:45,7957.0,1670207,7957.5,83559,4708,16,4692,1586648,0.5
1900-01-23 05:59:00,7957.0,1047870,7957.5,116020,8201,88612,-80411,931850,0.5
1900-01-23 05:59:15,7957.0,367040,7957.5,805140,8201,5146,3055,-438100,0.5
1900-01-23 05:59:30,7957.0,348728,7957.5,872709,4300,2000,2300,-523981,0.5
1900-01-23 05:59:45,7957.0,343442,7957.5,923554,20501,7937,12564,-580112,0.5
1900-01-23 06:00:00,7957.0,1032636,7957.5,292384,121245,48138,73107,740252,0.5
1900-01-23 06:00:15,7959.5,1260769,7960.0,25467,81657,6296,75361,1235302,0.5
1900-01-23 06:00:30,7960.5,432803,7961.0,987335,3927,17151,-13224,-554532,0.5
1900-01-23 06:00:45,7960.5,265551,7961.0,2541112,3684,29524,-25840,-2275561,0.5
1900-01-23 06:01:00,7960.5,256138,7961.0,1049122,3198,131568,-128370,-792984,0.5
1900-01-23 06:01:15,7960.5,65451,7961.0,1221221,64169,15089,49080,-1155770,0.5
1900-01-23 06:01:30,7960.5,14319,7961.0,1276645,3979,4849,-870,-1262326,0.5
1900-01-23 06:01:45,7959.0,28741,7959.5,984025,1812,276479,-274667,-955284,0.5
1900-01-23 06:02:00,7959.0,82290,7959.5,1046835,1812,23282,-21470,-964545,0.5
1900-01-23 06:02:15,7960.0,962019,7960.5,34937,14773,4278,10495,927082,0.5
1900-01-23 06:02:30,7960.0,1159820,7960.5,45861,1360,8640,-7280,1113959,0.5
1900-01-23 06:02:45,7963.5,1248241,7964.0,88011,169571,1040,168531,1160230,0.5
1900-01-23 06:03:00,7963.5,1015853,7964.0,181195,48833,1040,47793,834658,0.5
1900-01-23 06:03:15,7963.5,1125996,7964.0,580421,39860,5000,34860,545575,0.5
1900-01-23 06:03:30,7963.5,1145656,7964.0,212175,3581,1,3580,933481,0.5
1900-01-23 06:03:45,7963.5,1057132,7964.0,259368,22211,5420,16791,797764,0.5
1900-01-23 06:04:00,7963.5,1202078,7964.0,445901,21709,12456,9253,756177,0.5
1900-01-23 06:04:15,7963.5,1166128,7964.0,512594,21609,301,21308,653534,0.5
1900-01-23 06:04:30,7958.5,68155,7959.0,455165,8256,76523,-68267,-387010,0.5
1900-01-23 06:04:45,7958.5,63521,7959.0,1210338,40,11506,-11466,-1146817,0.5
1900-01-23 06:05:00,7958.0,653037,7958.5,881618,500,8692,-8192,-228581,0.5
1900-01-23 06:05:15,7958.0,687305,7958.5,869384,205,584,-379,-182079,0.5
1900-01-23 06:05:30,7958.0,75070,7958.5,839914,99449,103733,-4284,-764844,0.5
1900-01-23 06:05:45,7955.5,210151,7956.0,886208,47753,90629,-42876,-676057,0.5
1900-01-23 06:06:00,7955.5,163498,7956.0,1092637,15977,43052,-27075,-929139,0.5
1900-01-23 06:06:15,7955.0,276249,7955.5,1025353,5110,69738,-64628,-749104,0.5
1900-01-23 06:06:30,7955.0,489593,7955.5,1020921,1920,21030,-19110,-531328,0.5
1900-01-23 06:06:45,7955.0,401485,7955.5,1340468,7591,71950,-64359,-938983,0.5
1900-01-23 06:07:00,7950.0,56134,7950.5,2032610,2902,171747,-168845,-1976476,0.5
1900-01-23 06:07:15,7949.0,6599,7949.5,1605995,5931,21722,-15791,-1599396,0.5
1900-01-23 06:07:30,7948.0,844094,7948.5,582936,88230,12610,75620,261158,0.5
1900-01-23 06:07:45,7949.0,948195,7949.5,65568,271430,6610,264820,882627,0.5
1900-01-23 06:08:00,7949.0,1043325,7949.5,62154,34166,61245,-27079,981171,0.5
1900-01-23 06:08:15,7949.0,1008777,7949.5,73593,28049,11681,16368,935184,0.5
1900-01-23 06:08:30,7949.0,861345,7949.5,451615,6409,22103,-15694,409730,0.5
1900-01-23 06:08:45,7949.0,981395,7949.5,120225,30511,15215,15296,861170,0.5
1900-01-23 06:09:00,7949.0,1296594,7949.5,53062,46098,6754,39344,1243532,0.5
1900-01-23 06:09:15,7949.5,468822,7950.0,651213,19483,42925,-23442,-182391,0.5
1900-01-23 06:09:30,7949.5,303700,7950.0,817797,19483,44544,-25061,-514097,0.5
1900-01-23 06:09:45,7949.5,454756,7950.0,756529,19483,9097,10386,-301773,0.5
1900-01-23 06:10:00,7949.5,827070,7950.0,495278,30950,1000,29950,331792,0.5
1900-01-23 06:10:15,7949.5,1294205,7950.0,90447,97820,2564,95256,1203758,0.5
1900-01-23 06:10:30,7949.5,1436982,7950.0,178569,27113,2500,24613,1258413,0.5
1900-01-23 06:10:45,7949.5,1539788,7950.0,146773,1961,350,1611,1393015,0.5
1900-01-23 06:11:00,7949.5,1004652,7950.0,695930,3651,26,3625,308722,0.5
1900-01-23 06:11:15,7949.5,868744,7950.0,990772,35468,6,35462,-122028,0.5
1900-01-23 06:11:30,7949.5,802915,7950.0,927311,55284,1,55283,-124396,0.5
1900-01-23 06:11:45,7949.5,784495,7950.0,1021198,16242,5047,11195,-236703,0.5
1900-01-23 06:12:00,7949.5,622721,7950.0,1125132,7000,187,6813,-502411,0.5
1900-01-23 06:12:15,7949.5,500574,7950.0,820203,2864,25019,-22155,-319629,0.5
1900-01-23 06:12:30,7949.5,441979,7950.0,1322031,2864,4000,-1136,-880052,0.5
1900-01-23 06:12:45,7949.5,1011866,7950.0,426391,10612,6760,3852,585475,0.5
1900-01-23 06:13:00,7949.5,1276550,7950.0,85588,25320,6760,18560,1190962,0.5
1900-01-23 06:13:15,7950.0,836341,7950.5,293863,91349,1700,89649,542478,0.5
1900-01-23 06:13:30,7950.0,893200,7950.5,195936,91575,18005,73570,697264,0.5
1900-01-23 06:13:45,7950.5,836828,7951.0,212094,167923,51283,116640,624734,0.5
1900-01-23 06:14:00,7950.5,912785,7951.0,269856,1607,4000,-2393,642929,0.5
1900-01-23 06:14:15,7950.5,1413593,7951.0,73928,2050,10400,-8350,1339665,0.5
1900-01-23 06:14:30,7950.5,1322318,7951.0,98727,11201,1701,9500,1223591,0.5
1900-01-23 06:14:45,7950.5,1108312,7951.0,149915,5220,1701,3519,958397,0.5
1900-01-23 06:15:00,7950.5,1105882,7951.0,93682,2651,5990,-3339,1012200,0.5
1900-01-23 06:15:15,7951.0,1680641,7951.5,219,185400,9016,176384,1680422,0.5
1900-01-23 06:15:30,7951.5,1742960,7952.0,86117,132601,49365,83236,1656843,0.5
1900-01-23 06:15:45,7955.0,1304665,7955.5,24342,111371,4503,106868,1280323,0.5
1900-01-23 06:16:00,7961.0,667301,7961.5,526876,648824,8200,640624,140425,0.5
1900-01-23 06:16:15,7961.0,476420,7961.5,1082814,34403,100,34303,-606394,0.5
1900-01-23 06:16:30,7961.0,1080082,7961.5,693727,233834,18929,214905,386355,0.5
1900-01-23 06:16:45,7961.0,1028239,7961.5,326241,126640,5813,120827,701998,0.5
1900-01-23 06:17:00,7961.0,774855,7961.5,682401,6550,1400,5150,92454,0.5
1900-01-23 06:17:15,7961.0,541760,7961.5,971855,21500,16940,4560,-430095,0.5
1900-01-23 06:17:30,7961.0,997582,7961.5,423242,11685,10297,1388,574340,0.5
1900-01-23 06:17:45,7961.0,908036,7961.5,492300,9575,1510,8065,415736,0.5
1900-01-23 06:18:00,7961.0,602905,7961.5,894610,34222,10521,23701,-291705,0.5
1900-01-23 06:18:15,7958.0,18578,7958.5,1031731,9315,225157,-215842,-1013153,0.5
1900-01-23 06:18:30,7954.5,109385,7955.0,1204234,9315,4206,5109,-1094849,0.5
1900-01-23 06:18:45,7954.5,563140,7955.0,573822,1084,33368,-32284,-10682,0.5
1900-01-23 06:19:00,7954.5,643482,7955.0,506230,136,19000,-18864,137252,0.5
1900-01-23 06:19:15,7954.5,104853,7955.0,1147278,1370,50,1320,-1042425,0.5
1900-01-23 06:19:30,7954.5,596083,7955.0,552805,5760,5314,446,43278,0.5
1900-01-23 06:19:45,7954.5,703185,7955.0,513698,2050,1777,273,189487,0.5
1900-01-23 06:20:00,7954.5,1014236,7955.0,50155,57779,1347,56432,964081,0.5
1900-01-23 06:20:15,7954.5,1094325,7955.0,212997,133907,500,133407,881328,0.5
1900-01-23 06:20:30,7954.5,652668,7955.0,433744,45111,200,44911,218924,0.5
1900-01-23 06:20:45,7954.5,833830,7955.0,380322,8255,200,8055,453508,0.5
1900-01-23 06:21:00,7954.5,992263,7955.0,354245,20689,320,20369,638018,0.5
1900-01-23 06:21:15,7954.5,1046095,7955.0,163149,3051,320,2731,882946,0.5
1900-01-23 06:21:30,7954.5,1408366,7955.0,99009,65074,1,65073,1309357,0.5
1900-01-23 06:21:45,7954.5,1261267,7955.0,76321,26812,48523,-21711,1184946,0.5
1900-01-23 06:22:00,7954.5,816403,7955.0,568887,21523,17630,3893,247516,0.5
1900-01-23 06:22:15,7951.5,89146,7952.0,1008612,1569,44094,-42525,-919466,0.5
1900-01-23 06:22:30,7951.5,701954,7952.0,850387,2969,18105,-15136,-148433,0.5
1900-01-23 06:22:45,7944.0,3037,7944.5,685076,6096,128064,-121968,-682039,0.5
1900-01-23 06:23:00,7951.0,203694,7951.5,76943,34825,63024,-28199,126751,0.5
1900-01-23 06:23:15,7948.0,71,7948.5,191826,7087,22441,-15354,-191755,0.5
1900-01-23 06:23:30,7944.5,817915,7945.0,368494,11,56460,-56449,449421,0.5
1900-01-23 06:23:45,7942.0,851325,7942.5,485449,2810,79924,-77114,365876,0.5
1900-01-23 06:24:00,7942.0,200145,7942.5,658105,42228,79421,-37193,-457960,0.5
1900-01-23 06:24:15,7940.0,449320,7940.5,962500,35070,725694,-690624,-513180,0.5
1900-01-23 06:24:30,7938.0,112516,7938.5,778542,15356,525345,-509989,-666026,0.5
1900-01-23 06:24:45,7938.0,970967,7938.5,382468,55555,75590,-20035,588499,0.5
1900-01-23 06:25:00,7938.0,531844,7938.5,1231628,5898,53099,-47201,-699784,0.5
1900-01-23 06:25:15,7938.0,445386,7938.5,1380461,17996,80800,-62804,-935075,0.5
1900-01-23 06:25:30,7938.0,246844,7938.5,1356814,10406,169887,-159481,-1109970,0.5
1900-01-23 06:25:45,7938.0,709467,7938.5,576438,163540,24932,138608,133029,0.5
1900-01-23 06:26:00,7938.0,399104,7938.5,795036,13654,58100,-44446,-395932,0.5
1900-01-23 06:26:15,7938.0,755040,7938.5,464800,18350,220,18130,290240,0.5
1900-01-23 06:26:30,7938.0,893330,7938.5,692484,1000,12700,-11700,200846,0.5
1900-01-23 06:26:45,7938.0,960865,7938.5,681946,23763,12056,11707,278919,0.5
1900-01-23 06:27:00,7938.5,1130969,7939.0,124624,357641,3394,354247,1006345,0.5
1900-01-23 06:27:15,7939.5,712364,7940.0,700746,153159,153594,-435,11618,0.5
1900-01-23 06:27:30,7939.5,853295,7940.0,427810,60890,2000,58890,425485,0.5
1900-01-23 06:27:45,7939.5,439823,7940.0,823105,43597,1080,42517,-383282,0.5
1900-01-23 06:28:00,7939.5,341474,7940.0,1040391,10326,6700,3626,-698917,0.5
1900-01-23 06:28:15,7939.5,373060,7940.0,1014549,41700,3020,38680,-641489,0.5
1900-01-23 06:28:30,7939.5,347623,7940.0,996157,1582,55055,-53473,-648534,0.5
1900-01-23 06:28:45,7939.5,227786,7940.0,975133,1582,15750,-14168,-747347,0.5
1900-01-23 06:29:00,7938.5,18332,7939.0,936945,17030,53260,-36230,-918613,0.5
1900-01-23 06:29:15,7938.5,10521,7939.0,1483889,14636,15551,-915,-1473368,0.5
1900-01-23 06:29:30,7937.0,56869,7937.5,1034413,2500,34675,-32175,-977544,0.5
1900-01-23 06:29:45,7936.5,104769,7937.0,910436,11841,35556,-23715,-805667,0.5
1900-01-23 06:30:00,7936.5,65758,7937.0,1119576,19713,43889,-24176,-1053818,0.5
1900-01-23 06:30:15,7936.5,651524,7937.0,481140,24261,19792,4469,170384,0.5
1900-01-23 06:30:30,7936.5,928178,7937.0,19337,15907,291,15616,908841,0.5
1900-01-23 06:30:45,7939.0,191341,7939.5,870480,48168,10520,37648,-679139,0.5
1900-01-23 06:31:00,7939.0,771420,7939.5,273321,23404,10520,12884,498099,0.5
1900-01-23 06:31:15,7939.0,863064,7939.5,252735,26011,16920,9091,610329,0.5
1900-01-23 06:31:30,7939.0,634892,7939.5,616907,10236,42,10194,17985,0.5
1900-01-23 06:31:45,7939.0,949911,7939.5,199263,15750,2361,13389,750648,0.5
1900-01-23 06:32:00,7939.0,1234847,7939.5,12837,50146,3600,46546,1222010,0.5
1900-01-23 06:32:15,7941.5,935938,7942.0,5726,235091,20000,215091,930212,0.5
1900-01-23 06:32:30,7943.5,1073708,7944.0,9692,38332,5,38327,1064016,0.5
1900-01-23 06:32:45,7944.0,1069690,7944.5,26741,17706,2396,15310,1042949,0.5
1900-01-23 06:33:00,7944.0,698269,7944.5,83311,33222,654,32568,614958,0.5
1900-01-23 06:33:15,7944.0,891915,7944.5,18278,24274,23038,1236,873637,0.5
1900-01-23 06:33:30,7944.0,1008599,7944.5,298278,15440,800,14640,710321,0.5
1900-01-23 06:33:45,7945.0,626101,7945.5,9090,97371,1500,95871,617011,0.5
1900-01-23 06:34:00,7945.5,805677,7946.0,442897,84156,1495,82661,362780,0.5
1900-01-23 06:34:15,7945.5,1170099,7946.0,131951,24333,1495,22838,1038148,0.5
1900-01-23 06:34:30,7946.0,1126607,7946.5,53402,51457,1495,49962,1073205,0.5
1900-01-23 06:34:45,7946.5,1250935,7947.0,256045,619506,100,619406,994890,0.5
1900-01-23 06:35:00,7946.5,916801,7947.0,66108,71750,1800,69950,850693,0.5
1900-01-23 06:35:15,7946.5,1074159,7947.0,7007,27459,300,27159,1067152,0.5
1900-01-23 06:35:30,7949.5,396483,7950.0,949654,1041968,10001,1031967,-553171,0.5
1900-01-23 06:35:45,7947.5,1020407,7948.0,625189,21505,26238,-4733,395218,0.5
1900-01-23 06:36:00,7947.5,1249741,7948.0,1706790,10060,5828,4232,-457049,0.5
1900-01-23 06:36:15,7947.5,1080804,7948.0,1767413,31222,275051,-243829,-686609,0.5
1900-01-23 06:36:30,7947.5,1569604,7948.0,806314,139789,2793,136996,763290,0.5
1900-01-23 06:36:45,7947.5,1212522,7948.0,1507650,9784,841,8943,-295128,0.5
1900-01-23 06:37:00,7947.5,1588301,7948.0,936932,637,156,481,651369,0.5
1900-01-23 06:37:15,7947.5,1609124,7948.0,957000,18775,156,18619,652124,0.5
1900-01-23 06:37:30,7947.5,1654744,7948.0,892165,1590,35000,-33410,762579,0.5
1900-01-23 06:37:45,7947.5,1433516,7948.0,1293,174032,10,174022,1432223,0.5
1900-01-23 06:38:00,7951.5,368972,7952.0,1824965,30518,11673,18845,-1455993,0.5
1900-01-23 06:38:15,7951.5,62987,7952.0,2174565,6415,16904,-10489,-2111578,0.5
1900-01-23 06:38:30,7948.0,758,7948.5,283966,11000,19107,-8107,-283208,0.5
1900-01-23 06:38:45,7947.5,1519477,7948.0,155680,6356,29865,-23509,1363797,0.5
1900-01-23 06:39:00,7947.5,794651,7948.0,1597806,3076,332000,-328924,-803155,0.5
1900-01-23 06:39:15,7947.5,587669,7948.0,1668120,3309,31295,-27986,-1080451,0.5
1900-01-23 06:39:30,7947.5,608282,7948.0,1700510,1160,3800,-2640,-1092228,0.5
1900-01-23 06:39:45,7947.5,666314,7948.0,1569322,18208,300,17908,-903008,0.5
1900-01-23 06:40:00,7947.5,847195,7948.0,1537759,2768,1700,1068,-690564,0.5
1900-01-23 06:40:15,7947.5,863128,7948.0,1565066,4879,1104,3775,-701938,0.5
1900-01-23 06:40:30,7947.5,674129,7948.0,1877236,4879,575,4304,-1203107,0.5
1900-01-23 06:40:45,7947.5,913833,7948.0,1714632,1005,15523,-14518,-800799,0.5
1900-01-23 06:41:00,7947.5,881373,7948.0,1640156,17970,15000,2970,-758783,0.5
1900-01-23 06:41:15,7947.5,1447601,7948.0,1041691,75000,10000,65000,405910,0.5
1900-01-23 06:41:30,7947.5,1227934,7948.0,1031807,2470,10000,-7530,196127,0.5
1900-01-23 06:41:45,7947.5,1279999,7948.0,996985,17366,1,17365,283014,0.5
1900-01-23 06:42:00,7949.0,661328,7949.5,45464,99684,262,99422,615864,0.5
1900-01-23 06:42:15,7949.0,906500,7949.5,130775,24703,5,24698,775725,0.5
1900-01-23 06:42:30,7949.5,1765171,7950.0,284019,10750,8081,2669,1481152,0.5
1900-01-23 06:42:45,7949.5,1613192,7950.0,1209626,18326,8081,10245,403566,0.5
1900-01-23 06:43:00,7949.5,1648170,7950.0,1256896,18326,5,18321,391274,0.5
1900-01-23 06:43:15,7949.5,2018174,7950.0,1345820,60,5,55,672354,0.5
1900-01-23 06:43:30,7949.5,2161768,7950.0,1326617,9079,5,9074,835151,0.5
1900-01-23 06:43:45,7949.5,1549709,7950.0,1832905,6866,1,6865,-283196,0.5
1900-01-23 06:44:00,7949.5,1537308,7950.0,1848462,9066,4000,5066,-311154,0.5
1900-01-23 06:44:15,7949.5,1574571,7950.0,1824895,18590,6000,12590,-250324,0.5
1900-01-23 06:44:30,7949.5,879479,7950.0,1919999,18590,522364,-503774,-1040520,0.5
1900-01-23 06:44:45,7949.5,268651,7950.0,1079860,45,168120,-168075,-811209,0.5
1900-01-23 06:45:00,7949.5,451949,7950.0,1074995,24870,37337,-12467,-623046,0.5
1900-01-23 06:45:15,7949.5,606427,7950.0,777536,30300,26377,3923,-171109,0.5
1900-01-23 06:45:30,7949.5,834425,7950.0,677622,11644,23409,-11765,156803,0.5
1900-01-23 06:45:45,7949.5,751550,7950.0,1018083,5105,1638,3467,-266533,0.5
1900-01-23 06:46:00,7949.5,367091,7950.0,1439312,600,1638,-1038,-1072221,0.5
1900-01-23 06:46:15,7949.0,112405,7949.5,1025527,600,33872,-33272,-913122,0.5
1900-01-23 06:46:30,7946.5,427686,7947.0,2004300,600,413909,-413309,-1576614,0.5
1900-01-23 06:46:45,7946.0,99886,7946.5,1696771,5275,278019,-272744,-1596885,0.5
1900-01-23 06:47:00,7944.0,958424,7944.5,741273,1509,88170,-86661,217151,0.5
1900-01-23 06:47:15,7944.0,231128,7944.5,1382603,3000,56000,-53000,-1151475,0.5
1900-01-23 06:47:30,7944.0,130902,7944.5,1895830,261,82228,-81967,-1764928,0.5
1900-01-23 06:47:45,7944.0,479618,7944.5,1156959,9415,61795,-52380,-677341,0.5
1900-01-23 06:48:00,7944.0,505019,7944.5,1056178,38635,12948,25687,-551159,0.5
1900-01-23 06:48:15,7944.0,500619,7944.5,1129272,15358,2225,13133,-628653,0.5
1900-01-23 06:48:30,7944.0,843641,7944.5,1198479,139,43175,-43036,-354838,0.5
1900-01-23 06:48:45,7944.0,404832,7944.5,1298993,6601,38,6563,-894161,0.5
1900-01-23 06:49:00,7944.0,473850,7944.5,1107037,6601,7900,-1299,-633187,0.5
1900-01-23 06:49:15,7944.0,983719,7944.5,641027,19377,64845,-45468,342692,0.5
1900-01-23 06:49:30,7944.0,397399,7944.5,1192103,5400,1634,3766,-794704,0.5
1900-01-23 06:49:45,7944.0,763749,7944.5,1126955,5400,10000,-4600,-363206,0.5
1900-01-23 06:50:00,7944.0,506399,7944.5,1178218,1000,3750,-2750,-671819,0.5
1900-01-23 06:50:15,7944.0,232566,7944.5,1224289,134,11835,-11701,-991723,0.5
1900-01-23 06:50:30,7944.0,258469,7944.5,1186631,134,18200,-18066,-928162,0.5
1900-01-23 06:50:45,7944.0,271799,7944.5,1304657,5,8200,-8195,-1032858,0.5
1900-01-23 06:51:00,7944.0,202457,7944.5,1609131,2,66767,-66765,-1406674,0.5
1900-01-23 06:51:15,7944.0,36754,7944.5,1418537,50000,68625,-18625,-1381783,0.5
1900-01-23 06:51:30,7943.5,128517,7944.0,1355863,760,18952,-18192,-1227346,0.5
1900-01-23 06:51:45,7942.5,26414,7943.0,1887532,1700,108671,-106971,-1861118,0.5
1900-01-23 06:52:00,7939.5,129734,7940.0,1452575,1011,116394,-115383,-1322841,0.5
1900-01-23 06:52:15,7939.5,11215,7940.0,1761295,1000,59331,-58331,-1750080,0.5
1900-01-23 06:52:30,7936.0,654285,7936.5,994995,4000,205965,-201965,-340710,0.5
1900-01-23 06:52:45,7936.0,595632,7936.5,1129412,17028,96818,-79790,-533780,0.5
1900-01-23 06:53:00,7936.0,1166035,7936.5,55330,196245,8839,187406,1110705,0.5
1900-01-23 06:53:15,7936.5,426232,7937.0,758351,45649,1990,43659,-332119,0.5
1900-01-23 06:53:30,7936.5,179304,7937.0,1202097,4809,68223,-63414,-1022793,0.5
1900-01-23 06:53:45,7936.5,731086,7937.0,186938,54778,64329,-9551,544148,0.5
1900-01-23 06:54:00,7936.5,848022,7937.0,395938,873,2219,-1346,452084,0.5
1900-01-23 06:54:15,7936.5,233429,7937.0,955076,41734,32010,9724,-721647,0.5
1900-01-23 06:54:30,7936.5,246384,7937.0,1061038,7644,10210,-2566,-814654,0.5
1900-01-23 06:54:45,7936.5,43004,7937.0,1974673,1101,91214,-90113,-1931669,0.5
1900-01-23 06:55:00,7936.0,116800,7936.5,1056144,2070,24874,-22804,-939344,0.5
1900-01-23 06:55:15,7934.0,572037,7934.5,740837,6375,72104,-65729,-168800,0.5
1900-01-23 06:55:30,7934.0,446231,7934.5,995291,2838,6801,-3963,-549060,0.5
1900-01-23 06:55:45,7934.0,382335,7934.5,1066066,3385,54211,-50826,-683731,0.5
1900-01-23 06:56:00,7934.0,468651,7934.5,999582,25546,25146,400,-530931,0.5
1900-01-23 06:56:15,7934.0,491802,7934.5,949361,1500,53821,-52321,-457559,0.5
1900-01-23 06:56:30,7934.0,918164,7934.5,258613,6900,24153,-17253,659551,0.5
1900-01-23 06:56:45,7934.0,507484,7934.5,871487,13682,1057,12625,-364003,0.5
1900-01-23 06:57:00,7934.0,855209,7934.5,293519,5613,4098,1515,561690,0.5
1900-01-23 06:57:15,7934.0,886120,7934.5,298339,13684,1678,12006,587781,0.5
1900-01-23 06:57:30,7934.0,919138,7934.5,146706,15679,1808,13871,772432,0.5
1900-01-23 06:57:45,7937.0,1155196,7937.5,205734,104141,100,104041,949462,0.5
1900-01-23 06:58:00,7937.0,1247368,7937.5,120673,100701,39,100662,1126695,0.5
1900-01-23 06:58:15,7937.0,1395553,7937.5,39865,68440,9057,59383,1355688,0.5
1900-01-23 06:58:30,7937.0,1378595,7937.5,72191,25513,9057,16456,1306404,0.5
1900-01-23 06:58:45,7938.0,1418307,7938.5,5292,10314,9057,1257,1413015,0.5
1900-01-23 06:59:00,7941.5,1081274,7942.0,142409,102458,500,101958,938865,0.5
1900-01-23 06:59:15,7941.5,555572,7942.0,1623750,93993,25,93968,-1068178,0.5
1900-01-23 06:59:30,7941.5,486303,7942.0,1129876,9000,577,8423,-643573,0.5
1900-01-23 06:59:45,7941.5,869545,7942.0,882507,53680,23585,30095,-12962,0.5
1900-01-23 07:00:00,7941.5,834723,7942.0,865906,75700,68026,7674,-31183,0.5
1900-01-23 07:00:15,7940.0,20194,7940.5,655850,3600,65740,-62140,-635656,0.5
1900-01-23 07:00:30,7935.0,707297,7935.5,1097445,10000,41859,-31859,-390148,0.5
1900-01-23 07:00:45,7935.0,1483903,7935.5,108911,7553,9444,-1891,1374992,0.5
1900-01-23 07:01:00,7935.0,1051273,7935.5,557733,16090,12200,3890,493540,0.5
1900-01-23 07:01:15,7935.0,982116,7935.5,1111777,15526,7473,8053,-129661,0.5
1900-01-23 07:01:30,7935.0,801297,7935.5,922614,11004,153515,-142511,-121317,0.5
1900-01-23 07:01:45,7935.0,946355,7935.5,800883,10201,27170,-16969,145472,0.5
1900-01-23 07:02:00,7935.0,759679,7935.5,434468,40227,42925,-2698,325211,0.5
1900-01-23 07:02:15,7935.0,1142348,7935.5,54271,3053,6215,-3162,1088077,0.5
1900-01-23 07:02:30,7935.5,124777,7936.0,653704,35209,5695,29514,-528927,0.5
1900-01-23 07:02:45,7935.5,192223,7936.0,721138,550,49069,-48519,-528915,0.5
1900-01-23 07:03:00,7934.5,9738,7935.0,700470,3452,70269,-66817,-690732,0.5
1900-01-23 07:03:15,7930.0,130394,7930.5,877875,13797,276132,-262335,-747481,0.5
1900-01-23 07:03:30,7928.5,6363,7929.0,1297650,22113,120597,-98484,-1291287,0.5
1900-01-23 07:03:45,7926.0,683502,7926.5,333893,20727,172527,-151800,349609,0.5
1900-01-23 07:04:00,7927.0,385991,7927.5,3478,108209,75487,32722,382513,0.5
1900-01-23 07:04:15,7929.0,1822407,7929.5,565924,57938,8012,49926,1256483,0.5
1900-01-23 07:04:30,7929.0,2103657,7929.5,131833,81435,1351,80084,1971824,0.5
1900-01-23 07:04:45,7929.0,1651012,7929.5,762319,21794,91,21703,888693,0.5
1900-01-23 07:05:00,7929.0,1502765,7929.5,1049816,18653,23015,-4362,452949,0.5
1900-01-23 07:05:15,7929.0,1442767,7929.5,1068201,3700,63764,-60064,374566,0.5
1900-01-23 07:05:30,7929.0,142152,7929.5,1047771,3193,5532,-2339,-905619,0.5
1900-01-23 07:05:45,7929.0,1404905,7929.5,1021274,201,17653,-17452,383631,0.5
1900-01-23 07:06:00,7929.0,1779094,7929.5,392950,83767,14370,69397,1386144,0.5
1900-01-23 07:06:15,7929.0,1448050,7929.5,961685,28104,31018,-2914,486365,0.5
1900-01-23 07:06:30,7929.0,1406495,7929.5,985587,2953,5336,-2383,420908,0.5
1900-01-23 07:06:45,7929.0,1318673,7929.5,1008795,1130,111647,-110517,309878,0.5
1900-01-23 07:07:00,7929.0,1324127,7929.5,1310279,51996,23407,28589,13848,0.5
1900-01-23 07:07:15,7929.0,1141137,7929.5,1036759,11586,192270,-180684,104378,0.5
1900-01-23 07:07:30,7929.0,939174,7929.5,1060372,5150,164286,-159136,-121198,0.5
1900-01-23 07:07:45,7929.0,940490,7929.5,1111180,10793,29250,-18457,-170690,0.5
1900-01-23 07:08:00,7929.0,1972257,7929.5,245237,55673,10144,45529,1727020,0.5
1900-01-23 07:08:15,7929.5,481610,7930.0,743266,98313,15510,82803,-261656,0.5
1900-01-23 07:08:30,7929.5,1157681,7930.0,564326,12311,1080,11231,593355,0.5
1900-01-23 07:08:45,7929.5,1700698,7930.0,108072,2350,4658,-2308,1592626,0.5
1900-01-23 07:09:00,7931.5,579319,7932.0,470974,96669,6392,90277,108345,0.5
1900-01-23 07:09:15,7933.0,418596,7933.5,560451,42668,12327,30341,-141855,0.5
1900-01-23 07:09:30,7934.0,1147602,7934.5,616968,32820,16578,16242,530634,0.5
1900-01-23 07:09:45,7934.0,1440708,7934.5,123437,69621,19308,50313,1317271,0.5
1900-01-23 07:10:00,7934.0,1094161,7934.5,796398,77302,1088,76214,297763,0.5
1900-01-23 07:10:15,7934.0,1151670,7934.5,714960,1550,12016,-10466,436710,0.5
1900-01-23 07:10:30,7934.0,1321774,7934.5,512287,53468,7377,46091,809487,0.5
1900-01-23 07:10:45,7934.0,1602604,7934.5,70735,20214,1650,18564,1531869,0.5
1900-01-23 07:11:00,7934.5,1762527,7935.0,398967,8831,40,8791,1363560,0.5
1900-01-23 07:11:15,7938.5,1077764,7939.0,156953,116847,74298,42549,920811,0.5
1900-01-23 07:11:30,7938.5,2745222,7939.0,236329,61408,550,60858,2508893,0.5
1900-01-23 07:11:45,7942.5,649331,7943.0,43528,1342312,8405,1333907,605803,0.5
1900-01-23 07:12:00,7947.5,92821,7948.0,503264,108766,16667,92099,-410443,0.5
1900-01-23 07:12:15,7947.5,49019,7948.0,1427995,115348,98939,16409,-1378976,0.5
1900-01-23 07:12:30,7947.0,232506,7947.5,758667,6859,93647,-86788,-526161,0.5
1900-01-23 07:12:45,7947.0,560618,7947.5,799281,889,26077,-25188,-238663,0.5
1900-01-23 07:13:00,7947.0,12129,7947.5,1310367,24888,181493,-156605,-1298238,0.5
1900-01-23 07:13:15,7947.0,26424,7947.5,936379,24901,6802,18099,-909955,0.5
1900-01-23 07:13:30,7946.5,4713,7947.0,1069657,11600,26334,-14734,-1064944,0.5
1900-01-23 07:13:45,7944.0,68314,7944.5,1026263,10300,107599,-97299,-957949,0.5
1900-01-23 07:14:00,7942.5,645946,7943.0,705334,126,50834,-50708,-59388,0.5
1900-01-23 07:14:15,7942.5,713035,7943.0,765683,15307,1532,13775,-52648,0.5
1900-01-23 07:14:30,7942.5,674418,7943.0,797292,15307,2061,13246,-122874,0.5
1900-01-23 07:14:45,7942.5,709529,7943.0,784701,1510,3048,-1538,-75172,0.5
1900-01-23 07:15:00,7942.5,55480,7943.0,1096602,46339,10027,36312,-1041122,0.5
1900-01-23 07:15:15,7940.5,384,7941.0,1498963,1050,52920,-51870,-1498579,0.5
1900-01-23 07:15:30,7940.0,784370,7940.5,485089,28059,25824,2235,299281,0.5
1900-01-23 07:15:45,7938.0,492774,7938.5,1027565,2004,90206,-88202,-534791,0.5
1900-01-23 07:16:00,7938.0,678607,7938.5,816665,615,25672,-25057,-138058,0.5
1900-01-23 07:16:15,7938.0,72128,7938.5,799394,878,32845,-31967,-727266,0.5
1900-01-23 07:16:30,7935.5,218742,7936.0,716961,1880,64570,-62690,-498219,0.5
1900-01-23 07:16:45,7935.5,211451,7936.0,878957,3296,40705,-37409,-667506,0.5
1900-01-23 07:17:00,7935.5,281678,7936.0,1066474,2247,68976,-66729,-784796,0.5
1900-01-23 07:17:15,7935.5,21948,7936.0,1462725,3958,28897,-24939,-1440777,0.5
1900-01-23 07:17:30,7934.0,21209,7934.5,1150209,2001,23735,-21734,-1129000,0.5
1900-01-23 07:17:45,7933.5,669298,7934.0,585654,5500,62915,-57415,83644,0.5
1900-01-23 07:18:00,7933.5,666777,7934.0,434672,4990,20687,-15697,232105,0.5
1900-01-23 07:18:15,7933.5,238178,7934.0,1286523,800,3100,-2300,-1048345,0.5
1900-01-23 07:18:30,7933.5,144434,7934.0,966985,5700,46757,-41057,-822551,0.5
1900-01-23 07:18:45,7930.5,476524,7931.0,406875,1195,71117,-69922,69649,0.5
1900-01-23 07:19:00,7926.5,126563,7927.0,888617,1442,61032,-59590,-762054,0.5
1900-01-23 07:19:15,7921.0,277353,7921.5,332007,10830,472986,-462156,-54654,0.5
1900-01-23 07:19:30,7927.0,105438,7927.5,1443330,61908,131992,-70084,-1337892,0.5
1900-01-23 07:19:45,7926.5,177425,7927.0,523245,7500,32582,-25082,-345820,0.5
1900-01-23 07:20:00,7926.5,640936,7927.0,473597,11532,20373,-8841,167339,0.5
1900-01-23 07:20:15,7926.5,734119,7927.0,367375,2354,21200,-18846,366744,0.5
1900-01-23 07:20:30,7924.5,195998,7925.0,670927,55800,45272,10528,-474929,0.5
1900-01-23 07:20:45,7924.5,505837,7925.0,494579,62176,8602,53574,11258,0.5
1900-01-23 07:21:00,7924.5,337012,7925.0,1121186,1269,7242,-5973,-784174,0.5
1900-01-23 07:21:15,7921.0,671778,7921.5,279844,40042,20225,19817,391934,0.5
1900-01-23 07:21:30,7921.0,874228,7921.5,51114,53858,11452,42406,823114,0.5
1900-01-23 07:21:45,7924.0,658030,7924.5,230512,82442,41140,41302,427518,0.5
1900-01-23 07:22:00,7924.0,150032,7924.5,843124,58978,3833,55145,-693092,0.5
1900-01-23 07:22:15,7924.0,51425,7924.5,953836,53702,50375,3327,-902411,0.5
1900-01-23 07:22:30,7920.0,283811,7920.5,881972,46561,63766,-17205,-598161,0.5
1900-01-23 07:22:45,7915.5,339795,7916.0,152827,51555,182729,-131174,186968,0.5
1900-01-23 07:23:00,7915.0,199184,7915.5,580311,6134,444710,-438576,-381127,0.5
1900-01-23 07:23:15,7917.0,649889,7917.5,311735,78542,176421,-97879,338154,0.5
1900-01-23 07:23:30,7920.5,825087,7921.0,299314,431599,793,430806,525773,0.5
1900-01-23 07:23:45,7920.5,934817,7921.0,51028,58368,34008,24360,883789,0.5
1900-01-23 07:24:00,7920.5,614652,7921.0,35758,31578,17013,14565,578894,0.5
1900-01-23 07:24:15,7920.5,22122,7921.0,1081226,1405,41479,-40074,-1059104,0.5
1900-01-23 07:24:30,7918.0,700008,7918.5,488346,8711,116792,-108081,211662,0.5
1900-01-23 07:24:45,7918.0,716631,7918.5,560479,6501,39817,-33316,156152,0.5
1900-01-23 07:25:00,7921.5,901143,7922.0,31469,71640,883,70757,869674,0.5
1900-01-23 07:25:15,7932.5,224622,7933.0,1025150,76126,12447,63679,-800528,0.5
1900-01-23 07:25:30,7932.5,36424,7933.0,1321780,3575,21834,-18259,-1285356,0.5
1900-01-23 07:25:45,7930.5,125392,7931.0,1245565,300,60466,-60166,-1120173,0.5
1900-01-23 07:26:00,7929.5,18889,7930.0,1196180,45441,10375,35066,-1177291,0.5
1900-01-23 07:26:15,7932.5,324927,7933.0,52211,175128,37388,137740,272716,0.5
1900-01-23 07:26:30,7932.5,1249520,7933.0,23604,52759,6201,46558,1225916,0.5
1900-01-23 07:26:45,7937.0,1190206,7937.5,6532,435479,1315,434164,1183674,0.5
1900-01-23 07:27:00,7937.0,240201,7937.5,908815,8516,28054,-19538,-668614,0.5
1900-01-23 07:27:15,7937.0,61888,7937.5,778113,17142,129461,-112319,-716225,0.5
1900-01-23 07:27:30,7935.5,197426,7936.0,588662,3780,22372,-18592,-391236,0.5
1900-01-23 07:27:45,7935.5,33064,7936.0,1089164,3352,54533,-51181,-1056100,0.5
1900-01-23 07:28:00,7935.0,989409,7935.5,117255,140593,38773,101820,872154,0.5
1900-01-23 07:28:15,7935.0,1278623,7935.5,36253,47839,29100,18739,1242370,0.5
1900-01-23 07:28:30,7935.5,1205967,7936.0,41246,292927,5100,287827,1164721,0.5
1900-01-23 07:28:45,7935.5,1136632,7936.0,14294,39383,13610,25773,1122338,0.5
1900-01-23 07:29:00,7936.5,1509455,7937.0,288305,262763,27008,235755,1221150,0.5
1900-01-23 07:29:15,7936.5,257768,7937.0,774410,54466,5415,49051,-516642,0.5
1900-01-23 07:29:30,7935.0,22374,7935.5,606540,30202,44283,-14081,-584166,0.5
1900-01-23 07:29:45,7933.0,771309,7933.5,644485,5965,126224,-120259,126824,0.5
1900-01-23 07:30:00,7933.0,902972,7933.5,358595,37040,1396,35644,544377,0.5
1900-01-23 07:30:15,7933.0,1652353,7933.5,4224,22586,5200,17386,1648129,0.5
1900-01-23 07:30:30,7936.5,575001,7937.0,165150,132193,130,132063,409851,0.5
1900-01-23 07:30:45,7936.5,690239,7937.0,546874,17894,31630,-13736,143365,0.5
1900-01-23 07:31:00,7934.0,551436,7934.5,376924,840,154221,-153381,174512,0.5
1900-01-23 07:31:15,7933.5,4125,7934.0,786820,6005,50829,-44824,-782695,0.5
1900-01-23 07:31:30,7933.5,89150,7934.0,670725,6120,5660,460,-581575,0.5
1900-01-23 07:31:45,7933.5,76614,7934.0,715480,12,7212,-7200,-638866,0.5
1900-01-23 07:32:00,7933.0,38366,7933.5,563298,513,53546,-53033,-524932,0.5
1900-01-23 07:32:15,7931.0,4236,7931.5,506917,16524,59257,-42733,-502681,0.5
1900-01-23 07:32:30,7929.0,282828,7929.5,562147,102804,39676,63128,-279319,0.5
1900-01-23 07:32:45,7929.0,126977,7929.5,637337,6748,71034,-64286,-510360,0.5
1900-01-23 07:33:00,7929.0,715,7929.5,817350,6300,94436,-88136,-816635,0.5
1900-01-23 07:33:15,7928.5,334954,7929.0,416000,5356,8227,-2871,-81046,0.5
1900-01-23 07:33:30,7928.5,310714,7929.0,599726,500,108768,-108268,-289012,0.5
1900-01-23 07:33:45,7928.5,628439,7929.0,482033,2500,12498,-9998,146406,0.5
1900-01-23 07:34:00,7926.5,806421,7927.0,579694,15601,20295,-4694,226727,0.5
1900-01-23 07:34:15,7925.5,239062,7926.0,860783,25140,73948,-48808,-621721,0.5
1900-01-23 07:34:30,7925.5,46098,7926.0,918357,105,16038,-15933,-872259,0.5
1900-01-23 07:34:45,7925.5,681195,7926.0,423293,14001,43112,-29111,257902,0.5
1900-01-23 07:35:00,7925.5,112082,7926.0,830990,15823,55870,-40047,-718908,0.5
1900-01-23 07:35:15,7925.5,487691,7926.0,533444,11577,88,11489,-45753,0.5
1900-01-23 07:35:30,7924.0,78388,7924.5,970266,22494,35840,-13346,-891878,0.5
1900-01-23 07:35:45,7924.0,58095,7924.5,1016935,8532,36507,-27975,-958840,0.5
1900-01-23 07:36:00,7924.0,561838,7924.5,1028438,21422,15047,6375,-466600,0.5
1900-01-23 07:36:15,7924.0,561019,7924.5,625474,1361,54210,-52849,-64455,0.5
1900-01-23 07:36:30,7924.0,4663,7924.5,1235433,1075,125037,-123962,-1230770,0.5
1900-01-23 07:36:45,7923.0,588554,7923.5,505189,3753,26787,-23034,83365,0.5
1900-01-23 07:37:00,7923.0,605895,7923.5,546899,42,17417,-17375,58996,0.5
1900-01-23 07:37:15,7923.0,582407,7923.5,514726,16456,22985,-6529,67681,0.5
1900-01-23 07:37:30,7922.5,20431,7923.0,1093583,11900,53572,-41672,-1073152,0.5
1900-01-23 07:37:45,7920.0,752060,7920.5,371358,203,25251,-25048,380702,0.5
1900-01-23 07:38:00,7920.0,664292,7920.5,497766,32979,81712,-48733,166526,0.5
1900-01-23 07:38:15,7920.0,687215,7920.5,333447,85559,14186,71373,353768,0.5
1900-01-23 07:38:30,7921.0,1027025,7921.5,466089,28034,92658,-64624,560936,0.5
1900-01-23 07:38:45,7921.0,805735,7921.5,491720,55245,3000,52245,314015,0.5
1900-01-23 07:39:00,7921.0,1212926,7921.5,113596,162075,887,161188,1099330,0.5
1900-01-23 07:39:15,7921.0,940204,7921.5,449700,31769,226,31543,490504,0.5
1900-01-23 07:39:30,7921.0,709696,7921.5,446574,3941,200,3741,263122,0.5
1900-01-23 07:39:45,7920.5,10421,7921.0,1318236,3316,3712,-396,-1307815,0.5
1900-01-23 07:40:00,7919.0,20290,7919.5,753510,14548,32345,-17797,-733220,0.5
1900-01-23 07:40:15,7918.5,87438,7919.0,1275841,2116,25787,-23671,-1188403,0.5
1900-01-23 07:40:30,7918.0,238987,7918.5,843255,1189,77591,-76402,-604268,0.5
1900-01-23 07:40:45,7918.0,32900,7918.5,1374235,6864,65685,-58821,-1341335,0.5
1900-01-23 07:41:00,7916.0,60346,7916.5,997506,23076,61967,-38891,-937160,0.5
1900-01-23 07:41:15,7916.0,918934,7916.5,273862,44911,27570,17341,645072,0.5
1900-01-23 07:41:30,7916.0,135952,7916.5,575732,154897,82307,72590,-439780,0.5
1900-01-23 07:41:45,7913.0,3123,7913.5,729944,24036,138677,-114641,-726821,0.5
1900-01-23 07:42:00,7911.0,1896,7911.5,1007125,72697,247596,-174899,-1005229,0.5
1900-01-23 07:42:15,7910.0,120827,7910.5,1270719,40562,609369,-568807,-1149892,0.5
1900-01-23 07:42:30,7908.0,679147,7908.5,269940,68341,243726,-175385,409207,0.5
1900-01-23 07:42:45,7908.0,837939,7908.5,174677,141458,308762,-167304,663262,0.5
1900-01-23 07:43:00,7912.0,1543345,7912.5,42785,518635,13369,505266,1500560,0.5
1900-01-23 07:43:15,7913.0,1017561,7913.5,222960,292200,1595,290605,794601,0.5
1900-01-23 07:43:30,7913.0,1070180,7913.5,129703,77810,102989,-25179,940477,0.5
1900-01-23 07:43:45,7917.0,83773,7917.5,1410898,107784,46189,61595,-1327125,0.5
1900-01-23 07:44:00,7917.0,163030,7917.5,1390150,8493,21924,-13431,-1227120,0.5
1900-01-23 07:44:15,7916.0,31962,7916.5,945638,6900,147062,-140162,-913676,0.5
1900-01-23 07:44:30,7912.0,23884,7912.5,918363,12771,43571,-30800,-894479,0.5
1900-01-23 07:44:45,7910.0,1334424,7910.5,90580,5014,30775,-25761,1243844,0.5
1900-01-23 07:45:00,7925.5,270752,7926.0,167160,226697,147198,79499,103592,0.5
1900-01-23 07:45:15,7925.5,154319,7926.0,943739,66158,29692,36466,-789420,0.5
1900-01-23 07:45:30,7925.5,969142,7926.0,401052,87795,62654,25141,568090,0.5
1900-01-23 07:45:45,7929.5,821295,7930.0,316765,138846,15052,123794,504530,0.5
1900-01-23 07:46:00,7929.5,880602,7930.0,140603,274368,10202,264166,739999,0.5
1900-01-23 07:46:15,7929.5,29451,7930.0,1165648,13818,253702,-239884,-1136197,0.5
1900-01-23 07:46:30,7928.0,870182,7928.5,289236,24846,39223,-14377,580946,0.5
1900-01-23 07:46:45,7928.0,766090,7928.5,353734,5506,50353,-44847,412356,0.5
1900-01-23 07:47:00,7928.0,1133850,7928.5,239727,19819,10868,8951,894123,0.5
1900-01-23 07:47:15,7928.0,1153358,7928.5,171342,10922,5561,5361,982016,0.5
1900-01-23 07:47:30,7932.5,924845,7933.0,43535,474597,6760,467837,881310,0.5
1900-01-23 07:47:45,7934.0,485459,7934.5,947174,52883,3074,49809,-461715,0.5
1900-01-23 07:48:00,7934.0,450998,7934.5,1056772,85263,21010,64253,-605774,0.5
1900-01-23 07:48:15,7934.0,10267,7934.5,1334033,3050,207863,-204813,-1323766,0.5
1900-01-23 07:48:30,7928.5,92209,7929.0,287454,6010,43643,-37633,-195245,0.5
1900-01-23 07:48:45,7931.0,1311300,7931.5,165114,60953,15573,45380,1146186,0.5
1900-01-23 07:49:00,7930.5,1171747,7931.0,217949,148751,40084,108667,953798,0.5
1900-01-23 07:49:15,7933.0,672632,7933.5,25605,37729,10442,27287,647027,0.5
1900-01-23 07:49:30,7934.5,798687,7935.0,277169,33769,610,33159,521518,0.5
1900-01-23 07:49:45,7936.0,721034,7936.5,593272,76011,26050,49961,127762,0.5
1900-01-23 07:50:00,7936.0,425006,7936.5,716957,20720,37738,-17018,-291951,0.5
1900-01-23 07:50:15,7936.0,567892,7936.5,725790,7021,210181,-203160,-157898,0.5
1900-01-23 07:50:30,7936.0,384436,7936.5,768707,20,54200,-54180,-384271,0.5
1900-01-23 07:50:45,7936.0,305725,7936.5,766712,3550,73059,-69509,-460987,0.5
1900-01-23 07:51:00,7936.0,176101,7936.5,873901,52,47240,-47188,-697800,0.5
1900-01-23 07:51:15,7928.5,763984,7929.0,420784,650,192641,-191991,343200,0.5
1900-01-23 07:51:30,7928.5,89474,7929.0,1052755,55906,51371,4535,-963281,0.5
1900-01-23 07:51:45,7928.5,1081660,7929.0,503694,29224,42979,-13755,577966,0.5
1900-01-23 07:52:00,7925.0,572873,7925.5,411032,503,91535,-91032,161841,0.5
1900-01-23 07:52:15,7925.0,555530,7925.5,534853,491,44092,-43601,20677,0.5
1900-01-23 07:52:30,7924.5,310568,7925.0,903185,5401,60718,-55317,-592617,0.5
1900-01-23 07:52:45,7924.5,974921,7925.0,453642,8171,7181,990,521279,0.5
1900-01-23 07:53:00,7924.5,58879,7925.0,1464453,15845,55446,-39601,-1405574,0.5
1900-01-23 07:53:15,7922.0,706350,7922.5,281725,4081,67873,-63792,424625,0.5
1900-01-23 07:53:30,7921.0,428454,7921.5,519747,11580,25564,-13984,-91293,0.5
1900-01-23 07:53:45,7927.0,228176,7927.5,1134829,20284,38294,-18010,-906653,0.5
1900-01-23 07:54:00,7927.0,91827,7927.5,1162102,30995,3121,27874,-1070275,0.5
1900-01-23 07:54:15,7927.0,139864,7927.5,1177700,64700,11210,53490,-1037836,0.5
1900-01-23 07:54:30,7925.0,63589,7925.5,555111,31011,37345,-6334,-491522,0.5
1900-01-23 07:54:45,7924.5,25413,7925.0,1401074,341,29525,-29184,-1375661,0.5
1900-01-23 07:55:00,7924.5,232972,7925.0,1043586,7080,19524,-12444,-810614,0.5
1900-01-23 07:55:15,7922.0,122225,7922.5,1092335,18185,125749,-107564,-970110,0.5
1900-01-23 07:55:30,7922.0,667801,7922.5,432015,13448,2448,11000,235786,0.5
1900-01-23 07:55:45,7922.0,916918,7922.5,172386,45930,194835,-148905,744532,0.5
1900-01-23 07:56:00,7922.0,1415406,7922.5,166460,6846,12135,-5289,1248946,0.5
1900-01-23 07:56:15,7922.5,932726,7923.0,336788,38789,10033,28756,595938,0.5
1900-01-23 07:56:30,7927.0,731465,7927.5,307432,83214,8241,74973,424033,0.5
1900-01-23 07:56:45,7927.5,806022,7928.0,65292,16658,16000,658,740730,0.5
1900-01-23 07:57:00,7927.5,1546574,7928.0,213048,6935,75,6860,1333526,0.5
1900-01-23 07:57:15,7927.5,1828419,7928.0,6350,51749,915,50834,1822069,0.5
1900-01-23 07:57:30,7929.0,616658,7929.5,806531,23660,67,23593,-189873,0.5
1900-01-23 07:57:45,7929.0,380191,7929.5,894546,14857,11076,3781,-514355,0.5
1900-01-23 07:58:00,7929.0,423609,7929.5,894690,685,18339,-17654,-471081,0.5
1900-01-23 07:58:15,7929.0,453166,7929.5,1005437,1,33965,-33964,-552271,0.5
1900-01-23 07:58:30,7929.0,303926,7929.5,1045066,20,16527,-16507,-741140,0.5
1900-01-23 07:58:45,7923.0,413996,7923.5,757322,3100,488052,-484952,-343326,0.5
1900-01-23 07:59:00,7923.0,552564,7923.5,778959,2518,22311,-19793,-226395,0.5
1900-01-23 07:59:15,7923.0,44686,7923.5,983428,1447,25784,-24337,-938742,0.5
1900-01-23 07:59:30,7920.5,254084,7921.0,1037825,2296,138236,-135940,-783741,0.5
1900-01-23 07:59:45,7918.0,511600,7918.5,474504,42629,46351,-3722,37096,0.5
1900-01-23 08:00:00,7918.0,863332,7918.5,246228,31628,140586,-108958,617104,0.5
1900-01-23 08:00:15,7920.0,259941,7920.5,75691,23572,12635,10937,184250,0.5
1900-01-23 08:00:30,7928.5,166325,7929.0,1064588,40778,15078,25700,-898263,0.5
1900-01-23 08:00:45,7927.0,57685,7927.5,1121531,27408,36454,-9046,-1063846,0.5
1900-01-23 08:01:00,7931.0,1250790,7931.5,88013,412611,50508,362103,1162777,0.5
1900-01-23 08:01:15,7934.0,1087871,7934.5,102629,476213,25379,450834,985242,0.5
1900-01-23 08:01:30,7934.0,458765,7934.5,615757,20993,49010,-28017,-156992,0.5
1900-01-23 08:01:45,7934.0,375688,7934.5,666260,6616,33183,-26567,-290572,0.5
1900-01-23 08:02:00,7934.0,426864,7934.5,683929,3760,19750,-15990,-257065,0.5
1900-01-23 08:02:15,7934.0,1039426,7934.5,506219,36307,5731,30576,533207,0.5
1900-01-23 08:02:30,7935.5,2159342,7936.5,53072,221242,31938,189304,2106270,1.0
1900-01-23 08:02:45,7938.5,1579835,7939.0,232735,373583,5899,367684,1347100,0.5
1900-01-23 08:03:00,7938.5,1503570,7939.0,166480,114275,12845,101430,1337090,0.5
1900-01-23 08:03:15,7939.5,1960162,7940.0,435293,295701,9001,286700,1524869,0.5
1900-01-23 08:03:30,7941.0,795167,7941.5,26445,260546,800,259746,768722,0.5
1900-01-23 08:03:45,7942.5,1630395,7943.0,353751,263660,22660,241000,1276644,0.5
1900-01-23 08:04:00,7942.5,2044552,7943.0,289268,43781,6452,37329,1755284,0.5
1900-01-23 08:04:15,7942.5,1453809,7943.0,786460,150266,24854,125412,667349,0.5
1900-01-23 08:04:30,7946.5,1577023,7947.0,57176,107547,81665,25882,1519847,0.5
1900-01-23 08:04:45,7947.5,836741,7948.0,134389,72225,191945,-119720,702352,0.5
1900-01-23 08:05:00,7951.5,458406,7952.0,128524,178292,58294,119998,329882,0.5
1900-01-23 08:05:15,7953.5,45081,7954.0,825155,222280,87255,135025,-780074,0.5
1900-01-23 08:05:30,7949.0,23564,7949.5,1653439,9935,195083,-185148,-1629875,0.5
1900-01-23 08:05:45,7946.5,422360,7947.0,615951,9239,207364,-198125,-193591,0.5
1900-01-23 08:06:00,7946.5,1294500,7947.0,42040,45488,27103,18385,1252460,0.5
1900-01-23 08:06:15,7946.5,1425038,7947.0,48594,12252,13452,-1200,1376444,0.5
1900-01-23 08:06:30,7945.0,929928,7945.5,80983,57847,70112,-12265,848945,0.5
1900-01-23 08:06:45,7946.0,1865554,7946.5,10122,9190,36582,-27392,1855432,0.5
1900-01-23 08:07:00,7950.5,1114617,7951.0,15183,157425,12700,144725,1099434,0.5
1900-01-23 08:07:15,7952.0,553931,7952.5,658946,68681,132810,-64129,-105015,0.5
1900-01-23 08:07:30,7957.0,1083959,7957.5,90421,70052,15398,54654,993538,0.5
1900-01-23 08:07:45,7957.5,891737,7958.0,204139,145018,62135,82883,687598,0.5
1900-01-23 08:08:00,7957.5,601924,7958.0,311954,124449,17881,106568,289970,0.5
1900-01-23 08:08:15,7957.5,1098972,7958.0,114081,40793,7902,32891,984891,0.5
1900-01-23 08:08:30,7958.5,1278999,7959.0,12222,48156,5021,43135,1266777,0.5
1900-01-23 08:08:45,7958.0,643,7958.5,647179,96141,69258,26883,-646536,0.5
1900-01-23 08:09:00,7953.5,1019134,7954.0,272618,15981,100295,-84314,746516,0.5
1900-01-23 08:09:15,7955.5,998859,7956.0,38157,215346,13671,201675,960702,0.5
1900-01-23 08:09:30,7956.5,65694,7957.0,575807,6484,45600,-39116,-510113,0.5
1900-01-23 08:09:45,7956.0,199490,7956.5,597246,6900,47575,-40675,-397756,0.5
1900-01-23 08:10:00,7955.5,420035,7956.0,457867,5600,156283,-150683,-37832,0.5
1900-01-23 08:10:15,7952.0,340329,7952.5,350613,4500,48922,-44422,-10284,0.5
1900-01-23 08:10:30,7951.0,405532,7951.5,592676,300,154438,-154138,-187144,0.5
1900-01-23 08:10:45,7950.0,94835,7950.5,834674,1002,137971,-136969,-739839,0.5
1900-01-23 08:11:00,7947.5,361045,7948.0,712114,500,99442,-98942,-351069,0.5
1900-01-23 08:11:15,7947.5,629912,7948.0,775426,1,103768,-103767,-145514,0.5
1900-01-23 08:11:30,7947.5,1094328,7948.0,472131,14434,16781,-2347,622197,0.5
1900-01-23 08:11:45,7947.5,986380,7948.0,621011,40471,2666,37805,365369,0.5
1900-01-23 08:12:00,7947.5,758899,7948.0,661827,28940,63525,-34585,97072,0.5
1900-01-23 08:12:15,7946.0,270527,7946.5,940027,4890,112498,-107608,-669500,0.5
1900-01-23 08:12:30,7945.5,682091,7946.0,600871,42238,68379,-26141,81220,0.5
1900-01-23 08:12:45,7949.0,1080057,7949.5,39214,72002,93501,-21499,1040843,0.5
1900-01-23 08:13:00,7952.0,1228228,7952.5,146848,101168,22172,78996,1081380,0.5
1900-01-23 08:13:15,7952.0,447877,7952.5,337240,164369,21681,142688,110637,0.5
1900-01-23 08:13:30,7952.0,390750,7952.5,374333,19207,44073,-24866,16417,0.5
1900-01-23 08:13:45,7952.0,636261,7952.5,435495,2100,11289,-9189,200766,0.5
1900-01-23 08:14:00,7952.0,553638,7952.5,477850,22598,1400,21198,75788,0.5
1900-01-23 08:14:15,7952.0,579449,7952.5,542468,900,13707,-12807,36981,0.5
1900-01-23 08:14:30,7952.0,329266,7952.5,585009,14152,24226,-10074,-255743,0.5
1900-01-23 08:14:45,7952.0,339050,7952.5,614395,8800,33374,-24574,-275345,0.5
1900-01-23 08:15:00,7952.0,593897,7952.5,718387,5859,56636,-50777,-124490,0.5
1900-01-23 08:15:15,7952.0,721239,7952.5,622912,24500,31018,-6518,98327,0.5
1900-01-23 08:15:30,7952.0,257277,7952.5,617361,28030,308655,-280625,-360084,0.5
1900-01-23 08:15:45,7950.0,547242,7950.5,572181,56139,236782,-180643,-24939,0.5
1900-01-23 08:16:00,7950.0,992855,7950.5,392557,5300,49605,-44305,600298,0.5
1900-01-23 08:16:15,7950.0,1043530,7950.5,561979,28980,15101,13879,481551,0.5
1900-01-23 08:16:30,7950.0,850761,7950.5,834896,10600,43421,-32821,15865,0.5
1900-01-23 08:16:45,7950.0,1000560,7950.5,623212,51130,52345,-1215,377348,0.5
1900-01-23 08:17:00,7950.0,870795,7950.5,478019,1716,10,1706,392776,0.5
1900-01-23 08:17:15,7950.0,431112,7950.5,715700,18360,9550,8810,-284588,0.5
1900-01-23 08:17:30,7950.0,365085,7950.5,725278,5000,2400,2600,-360193,0.5
1900-01-23 08:17:45,7950.0,416933,7950.5,653901,18243,20501,-2258,-236968,0.5
1900-01-23 08:18:00,7950.0,290933,7950.5,692296,100,61057,-60957,-401363,0.5
1900-01-23 08:18:15,7950.0,661843,7950.5,530136,100,8744,-8644,131707,0.5
1900-01-23 08:18:30,7950.0,819203,7950.5,686058,8551,17807,-9256,133145,0.5
1900-01-23 08:18:45,7950.0,958739,7950.5,394080,6481,104,6377,564659,0.5
1900-01-23 08:19:00,7950.0,1159521,7950.5,329042,24302,3810,20492,830479,0.5
1900-01-23 08:19:15,7950.0,1248555,7950.5,193796,111610,26,111584,1054759,0.5
1900-01-23 08:19:30,7950.5,796851,7951.0,384159,52866,1,52865,412692,0.5
1900-01-23 08:19:45,7950.5,1206577,7951.0,207384,37528,1,37527,999193,0.5
1900-01-23 08:20:00,7951.5,1619256,7952.0,4091,33549,7989,25560,1615165,0.5
1900-01-23 08:20:15,7953.5,897578,7954.0,81861,39175,1,39174,815717,0.5
1900-01-23 08:20:30,7954.0,921145,7954.5,272623,103717,9524,94193,648522,0.5
1900-01-23 08:20:45,7954.0,734288,7954.5,514024,11751,1844,9907,220264,0.5
1900-01-23 08:21:00,7954.0,1600741,7954.5,269306,5615,500,5115,1331435,0.5
1900-01-23 08:21:15,7954.0,1764335,7954.5,169053,2226,4500,-2274,1595282,0.5
1900-01-23 08:21:30,7955.0,1384544,7955.5,32456,109698,10302,99396,1352088,0.5
1900-01-23 08:21:45,7955.0,877479,7955.5,353503,90335,4101,86234,523976,0.5
1900-01-23 08:22:00,7955.0,1268343,7955.5,442694,10210,110,10100,825649,0.5
1900-01-23 08:22:15,7955.0,2023003,7955.5,72468,137498,11253,126245,1950535,0.5
1900-01-23 08:22:30,7955.5,2025555,7956.0,40154,74135,50,74085,1985401,0.5
1900-01-23 08:22:45,7956.0,1901032,7956.5,241183,62649,158,62491,1659849,0.5
1900-01-23 08:23:00,7956.0,1682998,7956.5,143290,88475,3701,84774,1539708,0.5
1900-01-23 08:23:15,7957.5,662853,7958.0,600922,75724,1201,74523,61931,0.5
1900-01-23 08:23:30,7957.5,1398178,7958.0,589110,29706,46394,-16688,809068,0.5
1900-01-23 08:23:45,7957.5,1795379,7958.0,100098,392654,1200,391454,1695281,0.5
1900-01-23 08:24:00,7959.0,991552,7959.5,2761,90857,4370,86487,988791,0.5
1900-01-23 08:24:15,7960.5,1054619,7961.0,154524,86722,3700,83022,900095,0.5
1900-01-23 08:24:30,7961.0,892183,7961.5,169854,62512,8161,54351,722329,0.5
1900-01-23 08:24:45,7961.0,116929,7961.5,910578,39593,11951,27642,-793649,0.5
1900-01-23 08:25:00,7960.5,54084,7961.0,790982,685,100829,-100144,-736898,0.5
1900-01-23 08:25:15,7958.5,663780,7959.0,404466,27722,100439,-72717,259314,0.5
1900-01-23 08:25:30,7958.5,32824,7959.0,888319,12231,13772,-1541,-855495,0.5
1900-01-23 08:25:45,7958.5,575597,7959.0,758911,12231,11307,924,-183314,0.5
1900-01-23 08:26:00,7958.5,201646,7959.0,805288,5587,103266,-97679,-603642,0.5
1900-01-23 08:26:15,7954.0,540340,7954.5,173619,4710,88874,-84164,366721,0.5
1900-01-23 08:26:30,7953.5,3772,7954.0,690025,1004,396818,-395814,-686253,0.5
1900-01-23 08:26:45,7952.5,939749,7953.0,703407,5000,17226,-12226,236342,0.5
1900-01-23 08:27:00,7952.5,521308,7953.0,718835,47865,25901,21964,-197527,0.5
1900-01-23 08:27:15,7952.5,579758,7953.0,916302,3560,62919,-59359,-336544,0.5
1900-01-23 08:27:30,7954.0,1400681,7954.5,104487,218,22081,-21863,1296194,0.5
1900-01-23 08:27:45,7956.5,944988,7957.0,20232,55916,5427,50489,924756,0.5
1900-01-23 08:28:00,7956.5,251581,7957.0,348767,21132,15530,5602,-97186,0.5
1900-01-23 08:28:15,7961.5,7399,7962.0,1429282,109926,77443,32483,-1421883,0.5
1900-01-23 08:28:30,7956.5,1062323,7957.0,109151,257534,9688,247846,953172,0.5
1900-01-23 08:28:45,7957.5,870873,7958.0,16031,10571,30,10541,854842,0.5
1900-01-23 08:29:00,7957.5,319782,7958.0,348862,6779,57507,-50728,-29080,0.5
1900-01-23 08:29:15,7955.0,22323,7955.5,578871,6779,116977,-110198,-556548,0.5
1900-01-23 08:29:30,7952.5,570525,7953.0,651762,671,48717,-48046,-81237,0.5
1900-01-23 08:29:45,7952.5,29410,7953.0,839883,800,63045,-62245,-810473,0.5
1900-01-23 08:30:00,7952.5,67051,7953.0,817656,5400,12483,-7083,-750605,0.5
1900-01-23 08:30:15,7952.5,683092,7953.0,489311,8617,63575,-54958,193781,0.5
1900-01-23 08:30:30,7952.5,1061845,7953.0,262166,24164,45411,-21247,799679,0.5
1900-01-23 08:30:45,7952.5,997959,7953.0,170776,3917,43756,-39839,827183,0.5
1900-01-23 08:31:00,7952.5,10322,7953.0,959415,110,11169,-11059,-949093,0.5
1900-01-23 08:31:15,7951.5,13376,7952.0,1242625,1707,4185,-2478,-1229249,0.5
1900-01-23 08:31:30,7950.5,12898,7951.0,1348855,1707,69703,-67996,-1335957,0.5
1900-01-23 08:31:45,7948.5,74651,7949.0,1405232,20230,117914,-97684,-1330581,0.5
1900-01-23 08:32:00,7947.5,171894,7948.0,1521078,1051,150176,-149125,-1349184,0.5
1900-01-23 08:32:15,7941.0,143323,7941.5,861927,1900,274932,-273032,-718604,0.5
1900-01-23 08:32:30,7940.0,105235,7940.5,817086,50113,235803,-185690,-711851,0.5
1900-01-23 08:32:45,7940.0,951205,7940.5,82144,74641,43642,30999,869061,0.5
1900-01-23 08:33:00,7943.0,723375,7943.5,527965,90880,14671,76209,195410,0.5
1900-01-23 08:33:15,7943.0,1129171,7943.5,8504,70841,12989,57852,1120667,0.5
1900-01-23 08:33:30,7944.0,1103394,7944.5,52260,39629,34206,5423,1051134,0.5
1900-01-23 08:33:45,7944.0,945786,7944.5,271825,41076,4580,36496,673961,0.5
1900-01-23 08:34:00,7944.0,1147404,7944.5,147307,8193,3874,4319,1000097,0.5
1900-01-23 08:34:15,7945.5,1223466,7946.0,37319,16284,1000,15284,1186147,0.5
1900-01-23 08:34:30,7947.0,769395,7947.5,6153,39614,21,39593,763242,0.5
1900-01-23 08:34:45,7949.0,40994,7949.5,1129427,34197,25989,8208,-1088433,0.5
1900-01-23 08:35:00,7947.5,245625,7948.0,1031462,534,41553,-41019,-785837,0.5
1900-01-23 08:35:15,7947.5,985799,7948.0,9155,106891,18676,88215,976644,0.5
1900-01-23 08:35:30,7947.5,1066228,7948.0,36752,9565,4153,5412,1029476,0.5
1900-01-23 08:35:45,7950.0,401473,7950.5,810069,47,2591,-2544,-408596,0.5
1900-01-23 08:36:00,7950.0,530663,7950.5,842278,5140,2591,2549,-311615,0.5
1900-01-23 08:36:15,7950.0,388891,7950.5,961091,25,33170,-33145,-572200,0.5
1900-01-23 08:36:30,7949.5,120133,7950.0,1428441,1040,9667,-8627,-1308308,0.5
1900-01-23 08:36:45,7949.0,655,7949.5,1439713,172,14513,-14341,-1439058,0.5
1900-01-23 08:37:00,7946.5,58719,7947.0,1059262,32061,13649,18412,-1000543,0.5
1900-01-23 08:37:15,7946.0,14893,7946.5,1024432,45,12793,-12748,-1009539,0.5
1900-01-23 08:37:30,7944.5,567916,7945.0,464471,9284,18826,-9542,103445,0.5
1900-01-23 08:37:45,7944.5,31656,7945.0,1198503,8331,18610,-10279,-1166847,0.5
1900-01-23 08:38:00,7943.5,88058,7944.0,822962,236,29696,-29460,-734904,0.5
1900-01-23 08:38:15,7943.5,282209,7944.0,1321765,4136,20213,-16077,-1039556,0.5
1900-01-23 08:38:30,7943.5,333282,7944.0,970604,15090,3921,11169,-637322,0.5
1900-01-23 08:38:45,7943.5,329780,7944.0,1243817,172,7609,-7437,-914037,0.5
1900-01-23 08:39:00,7943.5,655573,7944.0,711285,100021,12594,87427,-55712,0.5
1900-01-23 08:39:15,7943.5,538159,7944.0,946771,2548,6395,-3847,-408612,0.5
1900-01-23 08:39:30,7943.5,505150,7944.0,803681,3733,6395,-2662,-298531,0.5
1900-01-23 08:39:45,7943.0,15521,7943.5,3687488,49554,49307,247,-3671967,0.5
1900-01-23 08:40:00,7941.5,21930,7942.0,1866250,418,65364,-64946,-1844320,0.5
1900-01-23 08:40:15,7941.0,16214,7941.5,1836082,100,78807,-78707,-1819868,0.5
1900-01-23 08:40:30,7940.5,25103,7941.0,1333697,76301,47211,29090,-1308594,0.5
1900-01-23 08:40:45,7939.5,55587,7940.0,1401918,200,28588,-28388,-1346331,0.5
1900-01-23 08:41:00,7939.0,272174,7939.5,953525,35100,10880,24220,-681351,0.5
1900-01-23 08:41:15,7939.0,120960,7939.5,1560493,750,143511,-142761,-1439533,0.5
1900-01-23 08:41:30,7938.5,105632,7939.0,1670863,3783,45676,-41893,-1565231,0.5
1900-01-23 08:41:45,7938.0,112178,7938.5,1431877,863,69789,-68926,-1319699,0.5
1900-01-23 08:42:00,7937.0,60051,7937.5,1579990,18,54974,-54956,-1519939,0.5
1900-01-23 08:42:15,7936.5,62514,7937.0,1418545,2885,153892,-151007,-1356031,0.5
1900-01-23 08:42:30,7936.5,52492,7937.0,1386807,17,11306,-11289,-1334315,0.5
1900-01-23 08:42:45,7936.5,77437,7937.0,1306128,1169,40571,-39402,-1228691,0.5
1900-01-23 08:43:00,7936.5,590426,7937.0,1244483,75368,54134,21234,-654057,0.5
1900-01-23 08:43:15,7936.5,604892,7937.0,855177,47839,34,47805,-250285,0.5
1900-01-23 08:43:30,7936.5,669793,7937.0,857476,1,1495,-1494,-187683,0.5
1900-01-23 08:43:45,7936.5,810236,7937.0,421783,20964,24290,-3326,388453,0.5
1900-01-23 08:44:00,7936.5,428643,7937.0,811587,8482,3179,5303,-382944,0.5
1900-01-23 08:44:15,7936.5,941793,7937.0,359850,77001,39878,37123,581943,0.5
1900-01-23 08:44:30,7937.5,1286483,7938.0,190771,183457,26209,157248,1095712,0.5
1900-01-23 08:44:45,7937.5,1221125,7938.0,313008,111697,30894,80803,908117,0.5
1900-01-23 08:45:00,7937.5,1063225,7938.0,105303,118828,104379,14449,957922,0.5
1900-01-23 08:45:15,7937.5,1093913,7938.0,101252,85109,4999,80110,992661,0.5
1900-01-23 08:45:30,7937.5,311341,7938.0,278742,15558,40610,-25052,32599,0.5
1900-01-23 08:45:45,7935.0,254903,7935.5,212060,15425,132640,-117215,42843,0.5
1900-01-23 08:46:00,7932.0,121555,7932.5,1115328,87525,250189,-162664,-993773,0.5
1900-01-23 08:46:15,7930.0,322536,7930.5,223597,11070,126060,-114990,98939,0.5
1900-01-23 08:46:30,7928.0,748730,7928.5,414593,8331,201827,-193496,334137,0.5
1900-01-23 08:46:45,7928.0,872291,7928.5,337879,81640,155959,-74319,534412,0.5
1900-01-23 08:47:00,7928.0,903175,7928.5,410463,20263,1063,19200,492712,0.5
1900-01-23 08:47:15,7929.0,1034533,7929.5,264161,78043,2700,75343,770372,0.5
1900-01-23 08:47:30,7931.0,911502,7931.5,731908,79668,1015,78653,179594,0.5
1900-01-23 08:47:45,7931.0,943956,7931.5,688619,197023,15915,181108,255337,0.5
1900-01-23 08:48:00,7931.0,991116,7931.5,601935,80659,706,79953,389181,0.5
1900-01-23 08:48:15,7931.0,891396,7931.5,461461,46090,1226,44864,429935,0.5
1900-01-23 08:48:30,7931.0,925640,7931.5,433328,65080,151,64929,492312,0.5
1900-01-23 08:48:45,7931.0,989288,7931.5,382630,47410,1,47409,606658,0.5
1900-01-23 08:49:00,7931.5,587926,7932.0,6270,326974,10,326964,581656,0.5
1900-01-23 08:49:15,7935.0,1212162,7935.5,42322,190790,14309,176481,1169840,0.5
1900-01-23 08:49:30,7935.0,619622,7935.5,576804,41485,14309,27176,42818,0.5
1900-01-23 08:49:45,7935.0,682930,7935.5,976450,8560,20000,-11440,-293520,0.5
1900-01-23 08:50:00,7935.0,297725,7935.5,1356027,997,151339,-150342,-1058302,0.5
1900-01-23 08:50:15,7935.0,768018,7935.5,885195,997,8652,-7655,-117177,0.5
1900-01-23 08:50:30,7935.0,759934,7935.5,683354,32,13228,-13196,76580,0.5
1900-01-23 08:50:45,7935.0,1241523,7935.5,320025,22478,39359,-16881,921498,0.5
1900-01-23 08:51:00,7935.5,1649668,7936.0,470,28699,20260,8439,1649198,0.5
1900-01-23 08:51:15,7938.0,991986,7938.5,211390,12340,1000,11340,780596,0.5
1900-01-23 08:51:30,7938.0,454759,7938.5,1154907,29805,8009,21796,-700148,0.5
1900-01-23 08:51:45,7938.0,1338190,7938.5,218938,42401,20000,22401,1119252,0.5
1900-01-23 08:52:00,7939.0,1228016,7939.5,54104,73733,40,73693,1173912,0.5
1900-01-23 08:52:15,7939.0,1327333,7939.5,28091,9628,754,8874,1299242,0.5
1900-01-23 08:52:30,7939.0,1257557,7939.5,46489,13162,9967,3195,1211068,0.5
1900-01-23 08:52:45,7939.0,1265548,7939.5,137179,24493,69,24424,1128369,0.5
1900-01-23 08:53:00,7939.0,919452,7939.5,439832,115536,29948,85588,479620,0.5
1900-01-23 08:53:15,7939.0,960761,7939.5,205497,1900,2861,-961,755264,0.5
1900-01-23 08:53:30,7939.0,1295584,7939.5,36297,15315,2,15313,1259287,0.5
1900-01-23 08:53:45,7939.5,429334,7940.0,756045,10698,12553,-1855,-326711,0.5
1900-01-23 08:54:00,7939.5,1329992,7940.0,227500,4282,3000,1282,1102492,0.5
1900-01-23 08:54:15,7939.5,1405353,7940.0,214758,27972,24990,2982,1190595,0.5
1900-01-23 08:54:30,7939.5,1431987,7940.0,593893,2000,9994,-7994,838094,0.5
1900-01-23 08:54:45,7939.5,1285274,7940.0,612638,2279,14990,-12711,672636,0.5
1900-01-23 08:55:00,7939.5,483835,7940.0,1252286,1262,19940,-18678,-768451,0.5
1900-01-23 08:55:15,7939.5,592650,7940.0,1091624,1262,19460,-18198,-498974,0.5
1900-01-23 08:55:30,7939.5,523727,7940.0,1206358,43,28961,-28918,-682631,0.5
1900-01-23 08:55:45,7939.5,1323500,7940.0,755188,51674,11100,40574,568312,0.5
1900-01-23 08:56:00,7939.5,503051,7940.0,1274861,1540,18,1522,-771810,0.5
1900-01-23 08:56:15,7939.5,565078,7940.0,1134813,1540,1079,461,-569735,0.5
1900-01-23 08:56:30,7935.0,104249,7935.5,578883,41,111314,-111273,-474634,0.5
1900-01-23 08:56:45,7934.5,288544,7935.0,744930,2000,60032,-58032,-456386,0.5
1900-01-23 08:57:00,7934.5,272214,7935.0,819802,10300,131346,-121046,-547588,0.5
1900-01-23 08:57:15,7934.5,388181,7935.0,872276,501,10140,-9639,-484095,0.5
1900-01-23 08:57:30,7934.5,424951,7935.0,944339,2004,27900,-25896,-519388,0.5
1900-01-23 08:57:45,7934.5,514122,7935.0,938903,400,60,340,-424781,0.5
1900-01-23 08:58:00,7934.5,356723,7935.0,944678,60,20025,-19965,-587955,0.5
1900-01-23 08:58:15,7934.5,730385,7935.0,838368,23,9900,-9877,-107983,0.5
1900-01-23 08:58:30,7934.5,636193,7935.0,843358,31323,38538,-7215,-207165,0.5
1900-01-23 08:58:45,7934.5,1251671,7935.0,817682,31323,14257,17066,433989,0.5
1900-01-23 08:59:00,7934.5,936127,7935.0,1089460,34663,2100,32563,-153333,0.5
1900-01-23 08:59:15,7934.5,1013550,7935.0,730534,26630,34110,-7480,283016,0.5
1900-01-23 08:59:30,7934.5,1854059,7935.0,43259,29654,2000,27654,1810800,0.5
1900-01-23 08:59:45,7937.0,1237237,7937.5,23227,154036,2000,152036,1214010,0.5
1900-01-23 09:00:00,7939.5,615033,7940.0,526324,17908,18408,-500,88709,0.5
1900-01-23 09:00:15,7939.5,362749,7940.0,1197609,58814,28636,30178,-834860,0.5
1900-01-23 09:00:30,7939.5,344591,7940.0,1230944,91682,5507,86175,-886353,0.5
1900-01-23 09:00:45,7939.5,229962,7940.0,1233978,117346,17126,100220,-1004016,0.5
1900-01-23 09:01:00,7939.5,66877,7940.0,1311251,54825,21588,33237,-1244374,0.5
1900-01-23 09:01:15,7939.0,10272,7939.5,271071,40801,80033,-39232,-260799,0.5
1900-01-23 09:01:30,7936.5,44867,7937.0,971484,43531,364299,-320768,-926617,0.5
1900-01-23 09:01:45,7934.5,238224,7935.0,859835,20258,115541,-95283,-621611,0.5
1900-01-23 09:02:00,7934.5,58610,7935.0,981444,110113,25188,84925,-922834,0.5
1900-01-23 09:02:15,7934.0,365533,7934.5,711392,34799,112397,-77598,-345859,0.5
1900-01-23 09:02:30,7934.0,162616,7934.5,1787221,12089,32933,-20844,-1624605,0.5
1900-01-23 09:02:45,7937.0,759570,7937.5,694,58456,5499,52957,758876,0.5
1900-01-23 09:03:00,7939.5,372426,7940.0,989883,21982,16374,5608,-617457,0.5
1900-01-23 09:03:15,7937.0,94,7937.5,1092596,69204,168212,-99008,-1092502,0.5
1900-01-23 09:03:30,7934.0,602147,7934.5,758127,71897,77213,-5316,-155980,0.5
1900-01-23 09:03:45,7934.0,686277,7934.5,632446,79083,30,79053,53831,0.5
1900-01-23 09:04:00,7934.0,688412,7934.5,1565441,49447,14071,35376,-877029,0.5
1900-01-23 09:04:15,7937.0,696265,7937.5,1139380,299066,40002,259064,-443115,0.5
1900-01-23 09:04:30,7937.0,1150989,7937.5,131013,197677,10700,186977,1019976,0.5
1900-01-23 09:04:45,7943.5,1393920,7944.0,2910,1077846,1460,1076386,1391010,0.5
1900-01-23 09:05:00,7946.0,350983,7946.5,360451,69931,5144,64787,-9468,0.5
1900-01-23 09:05:15,7946.0,704815,7946.5,371549,54229,4367,49862,333266,0.5
1900-01-23 09:05:30,7953.0,1118559,7953.5,245142,234173,24751,209422,873417,0.5
1900-01-23 09:05:45,7952.5,1509402,7953.0,338302,144232,13192,131040,1171100,0.5
1900-01-23 09:06:00,7956.5,386386,7957.0,78357,34185,101698,-67513,308029,0.5
1900-01-23 09:06:15,7956.5,469547,7957.0,559888,99897,10434,89463,-90341,0.5
1900-01-23 09:06:30,7955.0,420401,7955.5,825444,23956,137691,-113735,-405043,0.5
1900-01-23 09:06:45,7955.0,53502,7955.5,983737,300,166974,-166674,-930235,0.5
1900-01-23 09:07:00,7953.5,362775,7954.0,675439,4266,161729,-157463,-312664,0.5
1900-01-23 09:07:15,7951.5,683468,7952.0,664163,150,44541,-44391,19305,0.5
1900-01-23 09:07:30,7951.5,751535,7952.0,518910,24016,22228,1788,232625,0.5
1900-01-23 09:07:45,7951.5,1459504,7952.0,13031,43638,3495,40143,1446473,0.5
1900-01-23 09:08:00,7952.5,1031040,7953.0,222309,16024,352,15672,808731,0.5
1900-01-23 09:08:15,7955.0,747787,7955.5,308099,107536,1451,106085,439688,0.5
1900-01-23 09:08:30,7953.5,82574,7954.0,454971,107536,121601,-14065,-372397,0.5
1900-01-23 09:08:45,7952.5,326326,7953.0,597604,9224,145412,-136188,-271278,0.5
1900-01-23 09:09:00,7952.5,298542,7953.0,597625,40,21233,-21193,-299083,0.5
1900-01-23 09:09:15,7952.5,321562,7953.0,581313,3615,32771,-29156,-259751,0.5
1900-01-23 09:09:30,7952.5,802506,7953.0,488776,901,5243,-4342,313730,0.5
1900-01-23 09:09:45,7952.5,902826,7953.0,29686,43266,1001,42265,873140,0.5
1900-01-23 09:10:00,7952.5,946526,7953.0,113323,85063,1784,83279,833203,0.5
1900-01-23 09:10:15,7953.0,1001803,7953.5,36054,16586,2765,13821,965749,0.5
1900-01-23 09:10:30,7954.0,1009328,7954.5,51832,24474,6057,18417,957496,0.5
1900-01-23 09:10:45,7956.0,155412,7956.5,183895,9434,10597,-1163,-28483,0.5
1900-01-23 09:11:00,7958.0,1121964,7958.5,216665,200239,30900,169339,905299,0.5
1900-01-23 09:11:15,7958.0,213662,7958.5,747594,3855,166238,-162383,-533932,0.5
1900-01-23 09:11:30,7957.0,271705,7957.5,816411,27250,68393,-41143,-544706,0.5
1900-01-23 09:11:45,7955.0,1103,7955.5,1167878,40045,99452,-59407,-1166775,0.5
1900-01-23 09:12:00,7954.5,428780,7955.0,880328,40045,37447,2598,-451548,0.5
1900-01-23 09:12:15,7954.0,135587,7954.5,940803,20255,5917,14338,-805216,0.5
1900-01-23 09:12:30,7954.0,239,7954.5,1096414,625,25890,-25265,-1096175,0.5
1900-01-23 09:12:45,7951.5,262774,7952.0,927443,501,63640,-63139,-664669,0.5
1900-01-23 09:13:00,7950.5,210073,7951.0,796379,501,59448,-58947,-586306,0.5
1900-01-23 09:13:15,7950.5,98091,7951.0,899240,1000,42588,-41588,-801149,0.5
1900-01-23 09:13:30,7949.5,125144,7950.0,749757,2000,29347,-27347,-624613,0.5
1900-01-23 09:13:45,7949.0,407233,7949.5,707064,510,51067,-50557,-299831,0.5
1900-01-23 09:14:00,7949.0,761684,7949.5,464851,6387,1051,5336,296833,0.5
1900-01-23 09:14:15,7949.0,800151,7949.5,308624,18242,482,17760,491527,0.5
1900-01-23 09:14:30,7949.0,807672,7949.5,367798,22102,1511,20591,439874,0.5
1900-01-23 09:14:45,7949.0,666095,7949.5,365806,104,83818,-83714,300289,0.5
1900-01-23 09:15:00,7949.0,1213595,7949.5,50798,7331,1850,5481,1162797,0.5
1900-01-23 09:15:15,7949.0,971201,7949.5,231819,9434,581,8853,739382,0.5
1900-01-23 09:15:30,7949.5,1209565,7950.0,142432,48,581,-533,1067133,0.5
1900-01-23 09:15:45,7949.5,1430778,7950.0,54574,15198,9394,5804,1376204,0.5
1900-01-23 09:16:00,7949.5,1318673,7950.0,70231,500,16600,-16100,1248442,0.5
1900-01-23 09:16:15,7950.5,1221920,7951.0,97370,14836,555,14281,1124550,0.5
1900-01-23 09:16:30,7950.5,1233389,7951.0,349367,38270,8001,30269,884022,0.5
1900-01-23 09:16:45,7950.5,1086960,7951.0,355116,5957,8001,-2044,731844,0.5
1900-01-23 09:17:00,7950.5,1468865,7951.0,118068,18972,638,18334,1350797,0.5
1900-01-23 09:17:15,7950.5,1452845,7951.0,132123,22324,5000,17324,1320722,0.5
1900-01-23 09:17:30,7950.5,1612299,7951.0,84303,41523,400,41123,1527996,0.5
1900-01-23 09:17:45,7952.5,1453522,7953.0,58970,28365,1574,26791,1394552,0.5
1900-01-23 09:18:00,7952.5,968120,7953.0,412399,9730,8008,1722,555721,0.5
1900-01-23 09:18:15,7952.5,1187216,7953.0,264629,18613,8025,10588,922587,0.5
1900-01-23 09:18:30,7952.5,547707,7953.0,597665,511,8025,-7514,-49958,0.5
1900-01-23 09:18:45,7952.5,396435,7953.0,604396,1840,51481,-49641,-207961,0.5
1900-01-23 09:19:00,7952.5,262605,7953.0,645210,3293,21851,-18558,-382605,0.5
1900-01-23 09:19:15,7952.5,241443,7953.0,666103,2772,12592,-9820,-424660,0.5
1900-01-23 09:19:30,7952.5,69117,7953.0,743258,15637,48509,-32872,-674141,0.5
1900-01-23 09:19:45,7948.5,445308,7949.0,718417,15023,107979,-92956,-273109,0.5
1900-01-23 09:20:00,7948.5,874684,7949.0,520500,15023,19000,-3977,354184,0.5
1900-01-23 09:20:15,7948.5,163882,7949.0,1030156,1983,106012,-104029,-866274,0.5
1900-01-23 09:20:30,7947.0,12845,7947.5,1072106,500,525941,-525441,-1059261,0.5
1900-01-23 09:20:45,7947.0,64503,7947.5,1229166,2501,37798,-35297,-1164663,0.5
1900-01-23 09:21:00,7946.5,262982,7947.0,1053371,700,46501,-45801,-790389,0.5
1900-01-23 09:21:15,7945.5,7394,7946.0,1006266,58,131580,-131522,-998872,0.5
1900-01-23 09:21:30,7945.0,367113,7945.5,948732,660,31141,-30481,-581619,0.5
1900-01-23 09:21:45,7945.0,345765,7945.5,920784,253,15207,-14954,-575019,0.5
1900-01-23 09:22:00,7945.0,426011,7945.5,832179,2200,4324,-2124,-406168,0.5
1900-01-23 09:22:15,7945.0,280075,7945.5,918527,10130,6365,3765,-638452,0.5
1900-01-23 09:22:30,7945.0,762536,7945.5,797808,3064,16002,-12938,-35272,0.5
1900-01-23 09:22:45,7945.0,249342,7945.5,1080843,5487,16002,-10515,-831501,0.5
1900-01-23 09:23:00,7945.0,953496,7945.5,573748,3000,3931,-931,379748,0.5
1900-01-23 09:23:15,7944.5,223640,7945.0,1144529,816,22304,-21488,-920889,0.5
1900-01-23 09:23:30,7944.0,749819,7944.5,708256,7872,113096,-105224,41563,0.5
1900-01-23 09:23:45,7944.0,988798,7944.5,494378,900,1015,-115,494420,0.5
1900-01-23 09:24:00,7944.0,934066,7944.5,609131,8,9326,-9318,324935,0.5
1900-01-23 09:24:15,7944.0,1178665,7944.5,134420,30004,9326,20678,1044245,0.5
1900-01-23 09:24:30,7944.0,1309797,7944.5,88259,109442,2605,106837,1221538,0.5
1900-01-23 09:24:45,7944.5,1230728,7945.0,84098,202348,14033,188315,1146630,0.5
1900-01-23 09:25:00,7949.0,672958,7949.5,709072,27081,2566,24515,-36114,0.5
1900-01-23 09:25:15,7949.0,409433,7949.5,822668,14344,5079,9265,-413235,0.5
1900-01-23 09:25:30,7949.0,1721698,7949.5,781194,136278,16000,120278,940504,0.5
1900-01-23 09:25:45,7950.5,1195072,7951.0,110675,113309,6,113303,1084397,0.5
1900-01-23 09:26:00,7950.5,1079488,7951.0,224602,31981,2621,29360,854886,0.5
1900-01-23 09:26:15,7950.5,428974,7951.0,872726,14748,134,14614,-443752,0.5
1900-01-23 09:26:30,7950.5,383524,7951.0,851505,16370,14329,2041,-467981,0.5
1900-01-23 09:26:45,7950.5,37113,7951.0,1108081,288,10821,-10533,-1070968,0.5
1900-01-23 09:27:00,7950.0,570154,7950.5,978909,1570,129560,-127990,-408755,0.5
1900-01-23 09:27:15,7950.0,519164,7950.5,1183294,2407,51600,-49193,-664130,0.5
1900-01-23 09:27:30,7950.0,490943,7950.5,1262097,1000,64195,-63195,-771154,0.5
1900-01-23 09:27:45,7950.0,879355,7950.5,1304713,1000,14881,-13881,-425358,0.5
1900-01-23 09:28:00,7950.0,749140,7950.5,1231209,40,31840,-31800,-482069,0.5
1900-01-23 09:28:15,7950.0,836017,7950.5,1113759,6651,26100,-19449,-277742,0.5
1900-01-23 09:28:30,7950.0,719181,7950.5,1114990,1200,1501,-301,-395809,0.5
1900-01-23 09:28:45,7950.0,1237415,7950.5,424492,2150,1501,649,812923,0.5
1900-01-23 09:29:00,7950.0,1133510,7950.5,695328,2470,15250,-12780,438182,0.5
1900-01-23 09:29:15,7950.0,693084,7950.5,1051289,2470,23008,-20538,-358205,0.5
1900-01-23 09:29:30,7950.0,504242,7950.5,1295982,2500,22004,-19504,-791740,0.5
1900-01-23 09:29:45,7948.0,10137,7948.5,637839,2,63344,-63342,-627702,0.5
1900-01-23 09:30:00,7946.5,8440,7947.0,1304062,3889,60316,-56427,-1295622,0.5
1900-01-23 09:30:15,7945.5,54515,7946.0,1025655,2388,22238,-19850,-971140,0.5
1900-01-23 09:30:30,7946.0,946846,7946.5,81555,4932,34541,-29609,865291,0.5
1900-01-23 09:30:45,7946.0,321632,7946.5,843725,945,3660,-2715,-522093,0.5
1900-01-23 09:31:00,7945.5,42856,7946.0,1178800,58,30915,-30857,-1135944,0.5
1900-01-23 09:31:15,7945.0,10419,7945.5,1133584,300,50563,-50263,-1123165,0.5
1900-01-23 09:31:30,7944.5,159341,7945.0,1202411,300,21820,-21520,-1043070,0.5
1900-01-23 09:31:45,7944.0,294329,7944.5,1245169,230,91094,-90864,-950840,0.5
1900-01-23 09:32:00,7941.5,249203,7942.0,1209961,7631,392754,-385123,-960758,0.5
1900-01-23 09:32:15,7941.5,929538,7942.0,753205,100,4637,-4537,176333,0.5
1900-01-23 09:32:30,7941.5,1174356,7942.0,296414,16161,2652,13509,877942,0.5
1900-01-23 09:32:45,7942.0,757051,7942.5,15787,23614,500,23114,741264,0.5
1900-01-23 09:33:00,7942.0,875548,7942.5,417740,31418,15339,16079,457808,0.5
1900-01-23 09:33:15,7939.0,774216,7939.5,398896,33618,53714,-20096,375320,0.5
1900-01-23 09:33:30,7938.0,117008,7938.5,637759,500,46019,-45519,-520751,0.5
1900-01-23 09:33:45,7938.0,221482,7938.5,857469,8977,129186,-120209,-635987,0.5
1900-01-23 09:34:00,7938.0,182259,7938.5,1027340,7965,42584,-34619,-845081,0.5
1900-01-23 09:34:15,7937.5,19880,7938.0,1167033,5000,39606,-34606,-1147153,0.5
1900-01-23 09:34:30,7935.0,93443,7935.5,1205184,6037,180491,-174454,-1111741,0.5
1900-01-23 09:34:45,7930.0,406910,7930.5,933869,24431,124809,-100378,-526959,0.5
1900-01-23 09:35:00,7930.0,780409,7930.5,1468710,21029,945516,-924487,-688301,0.5
1900-01-23 09:35:15,7929.0,13806,7929.5,1140248,10616,246049,-235433,-1126442,0.5
1900-01-23 09:35:30,7928.0,53704,7928.5,2188342,5269,128485,-123216,-2134638,0.5
1900-01-23 09:35:45,7927.5,46249,7928.0,2833404,9171,380284,-371113,-2787155,0.5
1900-01-23 09:36:00,7911.0,13916,7911.5,6248,123833,718080,-594247,7668,0.5
1900-01-23 09:36:15,7918.0,899607,7918.5,98485,474330,130283,344047,801122,0.5
1900-01-23 09:36:30,7924.5,135756,7925.0,42865,599199,103958,495241,92891,0.5
1900-01-23 09:36:45,7924.5,421437,7925.0,1389093,112185,28594,83591,-967656,0.5
1900-01-23 09:37:00,7922.5,14284,7923.0,294638,4996,232176,-227180,-280354,0.5
1900-01-23 09:37:15,7921.5,393834,7922.0,1846632,42964,97358,-54394,-1452798,0.5
1900-01-23 09:37:30,7921.5,76436,7922.0,2323142,58530,88111,-29581,-2246706,0.5
1900-01-23 09:37:45,7920.0,44101,7920.5,1480992,28132,65975,-37843,-1436891,0.5
1900-01-23 09:38:00,7917.5,275906,7918.0,23922,71989,122549,-50560,251984,0.5
1900-01-23 09:38:15,7921.5,704992,7922.0,395118,99096,6500,92596,309874,0.5
1900-01-23 09:38:30,7921.5,688426,7922.0,527587,33017,2305,30712,160839,0.5
1900-01-23 09:38:45,7921.5,1016957,7922.0,1121563,17655,7385,10270,-104606,0.5
1900-01-23 09:39:00,7921.5,1058395,7922.0,1405745,42154,100,42054,-347350,0.5
1900-01-23 09:39:15,7921.5,1044174,7922.0,1183396,17460,10609,6851,-139222,0.5
1900-01-23 09:39:30,7928.0,231324,7928.5,40736,1673952,12771,1661181,190588,0.5
1900-01-23 09:39:45,7928.0,27157,7928.5,458967,169804,112614,57190,-431810,0.5
1900-01-23 09:40:00,7925.5,648407,7926.0,397055,44476,38159,6317,251352,0.5
1900-01-23 09:40:15,7926.5,141976,7927.0,1146395,48619,165972,-117353,-1004419,0.5
1900-01-23 09:40:30,7923.0,193720,7923.5,731542,33270,48177,-14907,-537822,0.5
1900-01-23 09:40:45,7923.0,110388,7923.5,999687,36287,24480,11807,-889299,0.5
1900-01-23 09:41:00,7926.5,1568714,7927.0,38516,96443,20119,76324,1530198,0.5
1900-01-23 09:41:15,7927.0,763250,7927.5,1622,30020,23303,6717,761628,0.5
1900-01-23 09:41:30,7931.0,1141729,7931.5,703368,11193,23303,-12110,438361,0.5
1900-01-23 09:41:45,7931.0,1513519,7931.5,96005,54241,200,54041,1417514,0.5
1900-01-23 09:42:00,7926.5,118745,7930.5,1362106,16672,168619,-151947,-1243361,4.0
1900-01-23 09:42:15,7925.5,113007,7926.0,1165332,11609,50658,-39049,-1052325,0.5
1900-01-23 09:42:30,7925.5,541546,7926.0,695910,2696,108322,-105626,-154364,0.5
1900-01-23 09:42:45,7922.0,184987,7922.5,770718,2457,52509,-50052,-585731,0.5
1900-01-23 09:43:00,7922.0,68370,7922.5,1046123,6831,58396,-51565,-977753,0.5
1900-01-23 09:43:15,7917.0,24670,7917.5,1414393,43709,319849,-276140,-1389723,0.5
1900-01-23 09:43:30,7919.0,846237,7919.5,174156,71986,11828,60158,672081,0.5
1900-01-23 09:43:45,7924.5,522105,7925.0,6594,266363,40664,225699,515511,0.5
1900-01-23 09:44:00,7923.5,506886,7924.0,709453,3692,47048,-43356,-202567,0.5
1900-01-23 09:44:15,7923.5,421019,7924.0,846322,5371,4700,671,-425303,0.5
1900-01-23 09:44:30,7923.5,421323,7924.0,746457,9373,14429,-5056,-325134,0.5
1900-01-23 09:44:45,7924.5,761029,7925.0,107539,86300,14429,71871,653490,0.5
1900-01-23 09:45:00,7924.5,1776030,7925.0,437599,61428,1482,59946,1338431,0.5
1900-01-23 09:45:15,7924.5,1565666,7925.0,491533,91980,61,91919,1074133,0.5
1900-01-23 09:45:30,7925.5,941683,7926.0,193766,232243,66,232177,747917,0.5
1900-01-23 09:45:45,7929.0,741805,7929.5,19392,198794,1,198793,722413,0.5
1900-01-23 09:46:00,7929.0,979445,7929.5,872162,130570,7500,123070,107283,0.5
1900-01-23 09:46:15,7929.0,997633,7929.5,845222,3310,11200,-7890,152411,0.5
1900-01-23 09:46:30,7929.5,599130,7930.0,41066,36698,19600,17098,558064,0.5
1900-01-23 09:46:45,7929.5,1330906,7930.0,467094,29446,25950,3496,863812,0.5
1900-01-23 09:47:00,7929.5,1368313,7930.0,158843,18579,393,18186,1209470,0.5
1900-01-23 09:47:15,7929.5,1334432,7930.0,190174,38412,393,38019,1144258,0.5
1900-01-23 09:47:30,7929.5,1288935,7930.0,546234,5768,68584,-62816,742701,0.5
1900-01-23 09:47:45,7929.5,673196,7930.0,1340052,17908,24008,-6100,-666856,0.5
1900-01-23 09:48:00,7926.0,451272,7926.5,650999,190,79419,-79229,-199727,0.5
1900-01-23 09:48:15,7926.0,602357,7926.5,585250,500,48075,-47575,17107,0.5
1900-01-23 09:48:30,7926.0,1099872,7926.5,1127736,5550,15300,-9750,-27864,0.5
1900-01-23 09:48:45,7924.5,70841,7925.0,1179677,1100,23896,-22796,-1108836,0.5
1900-01-23 09:49:00,7919.5,119866,7920.0,975963,16500,91261,-74761,-856097,0.5
1900-01-23 09:49:15,7918.5,74550,7919.0,1177246,21202,64550,-43348,-1102696,0.5
1900-01-23 09:49:30,7916.0,11621,7916.5,509875,14501,89964,-75463,-498254,0.5
1900-01-23 09:49:45,7915.5,6734,7916.0,1810524,12965,109693,-96728,-1803790,0.5
1900-01-23 09:50:00,7913.0,89451,7913.5,1039219,47915,50659,-2744,-949768,0.5
1900-01-23 09:50:15,7912.0,114778,7912.5,711473,4356,87055,-82699,-596695,0.5
1900-01-23 09:50:30,7912.0,138448,7912.5,1226555,88026,70269,17757,-1088107,0.5
1900-01-23 09:50:45,7912.0,1045599,7912.5,137571,40823,155954,-115131,908028,0.5
1900-01-23 09:51:00,7912.0,588817,7912.5,808571,35008,255902,-220894,-219754,0.5
1900-01-23 09:51:15,7911.0,69507,7911.5,731769,19088,121382,-102294,-662262,0.5
1900-01-23 09:51:30,7905.0,1064715,7905.5,168104,37297,956155,-918858,896611,0.5
1900-01-23 09:51:45,7905.0,21000,7905.5,6348,223440,184580,38860,14652,0.5
1900-01-23 09:52:00,7885.0,314919,7887.5,31250,42888,1046505,-1003617,283669,2.5
1900-01-23 09:52:15,7903.0,310360,7903.5,68138,292293,228015,64278,242222,0.5
1900-01-23 09:52:30,7903.0,6076,7903.5,203124,243026,53411,189615,-197048,0.5
1900-01-23 09:52:45,7895.5,300317,7896.0,652711,47698,260485,-212787,-352394,0.5
1900-01-23 09:53:00,7903.5,1619343,7904.0,43820,1098771,168692,930079,1575523,0.5
1900-01-23 09:53:15,7903.5,40638,7904.0,1265710,324537,87919,236618,-1225072,0.5
1900-01-23 09:53:30,7900.5,15448,7901.0,1634428,31992,273949,-241957,-1618980,0.5
1900-01-23 09:53:45,7897.5,4595,7899.5,123497,69665,151456,-81791,-118902,2.0
1900-01-23 09:54:00,7889.0,1359162,7889.5,250090,83082,250395,-167313,1109072,0.5
1900-01-23 09:54:15,7892.5,136590,7893.0,942656,88178,129674,-41496,-806066,0.5
1900-01-23 09:54:30,7899.5,388472,7900.0,874178,44213,83611,-39398,-485706,0.5
1900-01-23 09:54:45,7899.5,1022416,7900.0,111327,430533,77258,353275,911089,0.5
1900-01-23 09:55:00,7904.5,419648,7905.0,388263,139957,26200,113757,31385,0.5
1900-01-23 09:55:15,7904.5,1047868,7905.0,141253,140546,10076,130470,906615,0.5
1900-01-23 09:55:30,7907.0,1641949,7907.5,31655,1422219,28100,1394119,1610294,0.5
1900-01-23 09:55:45,7907.5,1445306,7908.0,547895,227318,7762,219556,897411,0.5
1900-01-23 09:56:00,7907.5,1190730,7908.0,335110,90614,30987,59627,855620,0.5
1900-01-23 09:56:15,7908.0,1040906,7908.5,317946,141970,38853,103117,722960,0.5
1900-01-23 09:56:30,7909.0,1224369,7909.5,112489,239320,3001,236319,1111880,0.5
1900-01-23 09:56:45,7909.5,1556978,7910.0,355441,131101,4962,126139,1201537,0.5
1900-01-23 09:57:00,7909.5,1534651,7910.0,391456,166341,29789,136552,1143195,0.5
1900-01-23 09:57:15,7906.5,1035986,7907.0,734643,49585,58100,-8515,301343,0.5
1900-01-23 09:57:30,7906.5,164785,7907.0,805695,35107,136768,-101661,-640910,0.5
1900-01-23 09:57:45,7902.5,7068,7903.0,1108132,26207,108869,-82662,-1101064,0.5
1900-01-23 09:58:00,7900.0,66091,7900.5,840491,24702,133311,-108609,-774400,0.5
1900-01-23 09:58:15,7896.5,258322,7897.0,869543,33571,205785,-172214,-611221,0.5
1900-01-23 09:58:30,7889.0,265580,7889.5,1265414,12016,199109,-187093,-999834,0.5
1900-01-23 09:58:45,7904.5,20000,7905.0,25444,348253,187092,161161,-5444,0.5
1900-01-23 09:59:00,7893.5,15952,7894.0,58251,15306,34866,-19560,-42299,0.5
1900-01-23 09:59:15,7892.5,501387,7893.0,255153,76102,125000,-48898,246234,0.5
1900-01-23 09:59:30,7898.5,3078,7899.0,288218,68026,49077,18949,-285140,0.5
1900-01-23 09:59:45,7892.0,254869,7892.5,346592,14500,297228,-282728,-91723,0.5
1900-01-23 10:00:00,7895.0,32023,7895.5,41145,37749,39659,-1910,-9122,0.5
1900-01-23 10:00:15,7895.5,102599,7896.0,113854,770862,29516,741346,-11255,0.5
1900-01-23 10:00:30,7892.5,672544,7893.0,366943,206567,135127,71440,305601,0.5
1900-01-23 10:00:45,7881.5,187409,7887.0,1001609,210535,721724,-511189,-814200,5.5
1900-01-23 10:01:00,7881.5,469239,7882.0,183346,375274,383162,-7888,285893,0.5
1900-01-23 10:01:15,7881.5,177565,7882.0,957293,271516,184921,86595,-779728,0.5
1900-01-23 10:01:30,7876.5,6109,7878.0,18000,83259,832054,-748795,-11891,1.5
1900-01-23 10:01:45,7875.0,263786,7875.5,476019,38341,516069,-477728,-212233,0.5
1900-01-23 10:02:00,7886.0,68163,7886.5,68719,239248,135135,104113,-556,0.5
1900-01-23 10:02:15,7889.5,202223,7890.0,49785,205557,53642,151915,152438,0.5
1900-01-23 10:02:30,7881.5,2338,7882.0,139925,56769,166424,-109655,-137587,0.5
1900-01-23 10:02:45,7878.5,93140,7879.0,701822,48659,69717,-21058,-608682,0.5
1900-01-23 10:03:00,7873.0,324504,7873.5,120449,137998,158589,-20591,204055,0.5
1900-01-23 10:03:15,7871.0,44685,7871.5,665876,46429,88740,-42311,-621191,0.5
1900-01-23 10:03:30,7866.0,14242,7866.5,680123,22896,318118,-295222,-665881,0.5
1900-01-23 10:03:45,7864.0,251016,7864.5,62742,161003,855965,-694962,188274,0.5
1900-01-23 10:04:00,7868.5,94928,7869.0,1203772,268967,65256,203711,-1108844,0.5
1900-01-23 10:04:15,7872.5,140126,7873.0,81384,328111,192676,135435,58742,0.5
1900-01-23 10:04:30,7883.0,120043,7883.5,105559,1193761,15959,1177802,14484,0.5
1900-01-23 10:04:45,7881.5,60545,7882.0,1069986,898751,206583,692168,-1009441,0.5
1900-01-23 10:05:00,7884.0,220527,7884.5,70626,116718,132171,-15453,149901,0.5
1900-01-23 10:05:15,7884.0,1576743,7884.5,197407,397281,6472,390809,1379336,0.5
1900-01-23 10:05:30,7891.5,1236660,7892.0,5424,170188,50000,120188,1231236,0.5
1900-01-23 10:05:45,7895.5,807813,7896.0,42989,597149,33786,563363,764824,0.5
1900-01-23 10:06:00,7904.0,784044,7904.5,348366,537276,31489,505787,435678,0.5
1900-01-23 10:06:15,7896.5,350929,7897.0,133969,286821,325004,-38183,216960,0.5
1900-01-23 10:06:30,7878.0,36252,7878.5,166111,29707,164053,-134346,-129859,0.5
1900-01-23 10:06:45,7880.0,575667,7880.5,62234,172952,173277,-325,513433,0.5
1900-01-23 10:07:00,7880.0,858670,7880.5,443392,33750,13861,19889,415278,0.5
1900-01-23 10:07:15,7878.5,272926,7879.0,1176657,18525,1185188,-1166663,-903731,0.5
1900-01-23 10:07:30,7878.5,299991,7879.0,320431,305157,368166,-63009,-20440,0.5
1900-01-23 10:07:45,7884.5,265693,7885.0,1305879,767209,20742,746467,-1040186,0.5
1900-01-23 10:08:00,7879.0,16000,7879.5,841332,44315,34945,9370,-825332,0.5
1900-01-23 10:08:15,7876.0,245658,7876.5,1365803,37175,134545,-97370,-1120145,0.5
1900-01-23 10:08:30,7871.0,819690,7871.5,70275,134657,288382,-153725,749415,0.5
1900-01-23 10:08:45,7875.5,448818,7876.0,297447,248703,16718,231985,151371,0.5
1900-01-23 10:09:00,7873.0,467146,7873.5,2851,148702,83529,65173,464295,0.5
1900-01-23 10:09:15,7873.5,241252,7874.0,685934,119072,69168,49904,-444682,0.5
1900-01-23 10:09:30,7878.5,349900,7879.0,127074,389898,49573,340325,222826,0.5
1900-01-23 10:09:45,7879.5,561959,7880.0,202388,148036,39883,108153,359571,0.5
1900-01-23 10:10:00,7877.0,374937,7877.5,493962,354353,156439,197914,-119025,0.5
1900-01-23 10:10:15,7873.5,853068,7874.0,99298,97061,73854,23207,753770,0.5
1900-01-23 10:10:30,7877.5,954675,7878.0,234080,697641,116815,580826,720595,0.5
1900-01-23 10:10:45,7880.0,410250,7880.5,1141,151304,14526,136778,409109,0.5
1900-01-23 10:11:00,7882.0,518495,7882.5,334416,288831,90266,198565,184079,0.5
1900-01-23 10:11:15,7885.0,361386,7885.5,17818,147625,4231,143394,343568,0.5
1900-01-23 10:11:30,7897.0,402820,7897.5,522148,178752,24758,153994,-119328,0.5
1900-01-23 10:11:45,7890.5,2333610,7891.0,245191,62721,60466,2255,2088419,0.5
1900-01-23 10:12:00,7896.5,443321,7897.0,454385,159682,18550,141132,-11064,0.5
1900-01-23 10:12:15,7899.5,768794,7900.0,252453,265572,28160,237412,516341,0.5
1900-01-23 10:12:30,7902.0,960530,7902.5,280734,308906,50825,258081,679796,0.5
1900-01-23 10:12:45,7904.0,493874,7904.5,359141,298923,114437,184486,134733,0.5
1900-01-23 10:13:00,7900.5,207060,7901.0,632368,130282,430028,-299746,-425308,0.5
1900-01-23 10:13:15,7902.5,224478,7903.0,531840,90970,130134,-39164,-307362,0.5
1900-01-23 10:13:30,7896.5,3689,7897.0,1148996,60527,270256,-209729,-1145307,0.5
1900-01-23 10:13:45,7894.5,125593,7895.0,1060208,4300,77258,-72958,-934615,0.5
1900-01-23 10:14:00,7894.5,1118958,7895.0,115790,25305,23147,2158,1003168,0.5
1900-01-23 10:14:15,7904.5,412910,7905.0,555723,193874,6957,186917,-142813,0.5
1900-01-23 10:14:30,7908.0,1149670,7908.5,20297,158985,2375,156610,1129373,0.5
1900-01-23 10:14:45,7903.5,41018,7904.0,764207,367618,53339,314279,-723189,0.5
1900-01-23 10:15:00,7903.5,1157866,7904.0,140299,27775,94381,-66606,1017567,0.5
1900-01-23 10:15:15,7908.5,219668,7909.0,924138,85981,65950,20031,-704470,0.5
1900-01-23 10:15:30,7902.5,571664,7903.0,430967,56504,34171,22333,140697,0.5
1900-01-23 10:15:45,7904.5,1291517,7905.0,9501,81061,98378,-17317,1282016,0.5
1900-01-23 10:16:00,7906.5,462645,7907.0,88303,165115,1859,163256,374342,0.5
1900-01-23 10:16:15,7914.5,77588,7915.0,98497,210621,79720,130901,-20909,0.5
1900-01-23 10:16:30,7916.0,55704,7916.5,174634,413710,33816,379894,-118930,0.5
1900-01-23 10:16:45,7911.5,166885,7912.0,595027,112897,301413,-188516,-428142,0.5
1900-01-23 10:17:00,7911.5,1387840,7912.0,53819,81302,94097,-12795,1334021,0.5
1900-01-23 10:17:15,7915.5,594421,7916.0,85818,75642,16447,59195,508603,0.5
1900-01-23 10:17:30,7915.5,930950,7916.0,491538,147498,41011,106487,439412,0.5
1900-01-23 10:17:45,7914.5,741,7915.0,513185,138784,26431,112353,-512444,0.5
1900-01-23 10:18:00,7916.5,1328657,7917.0,39885,222864,86213,136651,1288772,0.5
1900-01-23 10:18:15,7918.5,774544,7919.0,189401,329514,28667,300847,585143,0.5
1900-01-23 10:18:30,7916.0,154817,7916.5,12762,122388,156720,-34332,142055,0.5
1900-01-23 10:18:45,7913.5,265687,7914.0,427214,270321,64659,205662,-161527,0.5
1900-01-23 10:19:00,7908.0,499433,7908.5,406984,6530,108716,-102186,92449,0.5
1900-01-23 10:19:15,7905.0,27825,7905.5,346295,5164,139218,-134054,-318470,0.5
1900-01-23 10:19:30,7905.0,737751,7905.5,808607,96650,144201,-47551,-70856,0.5
1900-01-23 10:19:45,7903.0,833243,7903.5,245047,18908,72727,-53819,588196,0.5
1900-01-23 10:20:00,7903.0,1061121,7903.5,34491,33609,264309,-230700,1026630,0.5
1900-01-23 10:20:15,7908.0,458947,7908.5,1097,275910,39218,236692,457850,0.5
1900-01-23 10:20:30,7909.5,23534,7910.0,1298745,57985,114588,-56603,-1275211,0.5
1900-01-23 10:20:45,7906.5,695946,7907.0,144040,2438,24014,-21576,551906,0.5
1900-01-23 10:21:00,7906.5,878731,7907.0,111231,13136,12599,537,767500,0.5
1900-01-23 10:21:15,7906.5,589864,7907.0,521773,14324,9700,4624,68091,0.5
1900-01-23 10:21:30,7905.0,64342,7905.5,1089130,9920,30648,-20728,-1024788,0.5
1900-01-23 10:21:45,7905.0,617439,7905.5,691980,5224,15794,-10570,-74541,0.5
1900-01-23 10:22:00,7905.0,783347,7905.5,280749,11050,21628,-10578,502598,0.5
1900-01-23 10:22:15,7909.5,968468,7910.0,85755,48463,2577,45886,882713,0.5
1900-01-23 10:22:30,7909.5,847686,7910.0,467892,22621,22587,34,379794,0.5
1900-01-23 10:22:45,7914.0,553235,7914.5,566150,195802,11321,184481,-12915,0.5
1900-01-23 10:23:00,7914.5,303673,7915.0,618061,184223,14066,170157,-314388,0.5
1900-01-23 10:23:15,7914.5,316873,7915.0,280577,118766,26715,92051,36296,0.5
1900-01-23 10:23:30,7917.5,76846,7918.0,414507,343315,8733,334582,-337661,0.5
1900-01-23 10:23:45,7914.0,476054,7914.5,451991,48098,167375,-119277,24063,0.5
1900-01-23 10:24:00,7918.5,378930,7919.0,184355,121871,22658,99213,194575,0.5
1900-01-23 10:24:15,7914.5,817274,7915.0,163676,48694,132650,-83956,653598,0.5
1900-01-23 10:24:30,7921.0,602201,7921.5,48897,32855,39118,-6263,553304,0.5
1900-01-23 10:24:45,7923.0,200787,7923.5,678097,189933,39387,150546,-477310,0.5
1900-01-23 10:25:00,7922.0,1525454,7922.5,710306,67671,168820,-101149,815148,0.5
1900-01-23 10:25:15,7922.0,112328,7922.5,421293,66911,37709,29202,-308965,0.5
1900-01-23 10:25:30,7923.0,786531,7923.5,43037,9585,106689,-97104,743494,0.5
1900-01-23 10:25:45,7923.0,582247,7923.5,41858,36218,7920,28298,540389,0.5
1900-01-23 10:26:00,7926.0,485551,7926.5,143160,365035,2729,362306,342391,0.5
1900-01-23 10:26:15,7929.0,1269609,7929.5,76914,223026,32690,190336,1192695,0.5
1900-01-23 10:26:30,7927.0,587565,7927.5,349878,51717,298541,-246824,237687,0.5
1900-01-23 10:26:45,7927.5,766801,7928.0,182092,447815,62002,385813,584709,0.5
1900-01-23 10:27:00,7927.5,848672,7928.0,326655,149821,61414,88407,522017,0.5
1900-01-23 10:27:15,7927.5,400272,7928.0,719746,22646,114427,-91781,-319474,0.5
1900-01-23 10:27:30,7927.5,1829102,7928.0,23378,257987,38202,219785,1805724,0.5
1900-01-23 10:27:45,7936.5,602033,7937.0,447620,587729,18493,569236,154413,0.5
1900-01-23 10:28:00,7936.5,3424,7937.0,1055581,227534,213654,13880,-1052157,0.5
1900-01-23 10:28:15,7933.0,763453,7933.5,194522,41781,69075,-27294,568931,0.5
1900-01-23 10:28:30,7933.0,325968,7933.5,607304,12327,57030,-44703,-281336,0.5
1900-01-23 10:28:45,7932.5,30217,7933.0,889514,4225,177211,-172986,-859297,0.5
1900-01-23 10:29:00,7928.5,6090,7929.0,599426,3211,95987,-92776,-593336,0.5
1900-01-23 10:29:15,7928.5,1063629,7929.0,36607,33754,157458,-123704,1027022,0.5
1900-01-23 10:29:30,7929.0,27909,7929.5,961650,58578,23799,34779,-933741,0.5
1900-01-23 10:29:45,7928.0,912392,7928.5,214679,5220,216202,-210982,697713,0.5
1900-01-23 10:30:00,7927.5,713828,7928.0,751840,25127,182442,-157315,-38012,0.5
1900-01-23 10:30:15,7927.5,660794,7928.0,725119,43565,463758,-420193,-64325,0.5
1900-01-23 10:30:30,7927.5,497551,7928.0,715474,45080,46593,-1513,-217923,0.5
1900-01-23 10:30:45,7926.0,30599,7926.5,1271286,3297,102412,-99115,-1240687,0.5
1900-01-23 10:31:00,7925.0,68229,7925.5,1276019,3322,105511,-102189,-1207790,0.5
1900-01-23 10:31:15,7924.0,47297,7924.5,1374961,2,101250,-101248,-1327664,0.5
1900-01-23 10:31:30,7923.5,49587,7924.0,457207,18802,122891,-104089,-407620,0.5
1900-01-23 10:31:45,7923.0,74220,7923.5,1291494,53,70538,-70485,-1217274,0.5
1900-01-23 10:32:00,7922.0,133443,7922.5,987558,616,102777,-102161,-854115,0.5
1900-01-23 10:32:15,7921.5,717750,7922.0,619401,15200,58312,-43112,98349,0.5
1900-01-23 10:32:30,7921.0,672174,7921.5,366764,14324,89684,-75360,305410,0.5
1900-01-23 10:32:45,7923.5,894244,7924.0,364964,112296,107782,4514,529280,0.5
1900-01-23 10:33:00,7923.5,764523,7924.0,348589,24480,6105,18375,415934,0.5
1900-01-23 10:33:15,7920.5,329334,7921.0,897686,130841,60489,70352,-568352,0.5
1900-01-23 10:33:30,7918.5,389486,7919.0,482568,1848,330407,-328559,-93082,0.5
1900-01-23 10:33:45,7919.0,1036576,7919.5,23201,18820,48890,-30070,1013375,0.5
1900-01-23 10:34:00,7922.5,55680,7923.0,1511765,19226,36953,-17727,-1456085,0.5
1900-01-23 10:34:15,7918.5,48419,7919.0,1149145,3147,155754,-152607,-1100726,0.5
1900-01-23 10:34:30,7918.0,168561,7918.5,1060349,651,55192,-54541,-891788,0.5
1900-01-23 10:34:45,7916.5,170875,7917.0,688151,2340,130870,-128530,-517276,0.5
1900-01-23 10:35:00,7916.5,1278692,7917.0,58100,11515,16675,-5160,1220592,0.5
1900-01-23 10:35:15,7917.0,1069920,7917.5,615033,63234,33756,29478,454887,0.5
1900-01-23 10:35:30,7917.0,1149639,7917.5,528522,29705,17554,12151,621117,0.5
1900-01-23 10:35:45,7917.0,94682,7917.5,934874,127060,37696,89364,-840192,0.5
1900-01-23 10:36:00,7916.5,643163,7917.0,327810,23508,26022,-2514,315353,0.5
1900-01-23 10:36:15,7916.5,859323,7917.0,297842,11474,5521,5953,561481,0.5
1900-01-23 10:36:30,7916.5,800924,7917.0,426705,1258,40,1218,374219,0.5
1900-01-23 10:36:45,7919.0,877147,7919.5,58738,53580,4500,49080,818409,0.5
1900-01-23 10:37:00,7919.5,1070367,7920.0,40987,28091,2000,26091,1029380,0.5
1900-01-23 10:37:15,7921.5,844466,7922.0,269774,295564,33041,262523,574692,0.5
1900-01-23 10:37:30,7924.5,745827,7925.0,522060,124665,17134,107531,223767,0.5
1900-01-23 10:37:45,7924.5,757872,7925.0,633664,19931,31262,-11331,124208,0.5
1900-01-23 10:38:00,7924.5,108799,7925.0,1134985,36305,23897,12408,-1026186,0.5
1900-01-23 10:38:15,7923.5,21293,7924.0,2128921,21513,27668,-6155,-2107628,0.5
1900-01-23 10:38:30,7922.0,109672,7922.5,683404,14683,16407,-1724,-573732,0.5
1900-01-23 10:38:45,7922.0,1006634,7922.5,285871,2666,11960,-9294,720763,0.5
1900-01-23 10:39:00,7922.0,1017695,7922.5,120511,11050,14270,-3220,897184,0.5
1900-01-23 10:39:15,7922.0,926551,7922.5,330594,15400,4636,10764,595957,0.5
1900-01-23 10:39:30,7922.5,1568841,7923.0,15538,61406,1648,59758,1553303,0.5
1900-01-23 10:39:45,7924.5,881453,7925.0,290024,45071,1169,43902,591429,0.5
1900-01-23 10:40:00,7926.5,902658,7927.0,56819,95944,1050,94894,845839,0.5
1900-01-23 10:40:15,7927.0,1096993,7927.5,66220,105531,9315,96216,1030773,0.5
1900-01-23 10:40:30,7928.0,1185864,7928.5,47281,164078,10720,153358,1138583,0.5
1900-01-23 10:40:45,7928.0,1611238,7928.5,429,17512,13768,3744,1610809,0.5
1900-01-23 10:41:00,7923.5,159199,7924.0,480266,2078,50467,-48389,-321067,0.5
1900-01-23 10:41:15,7923.5,29713,7924.0,1528968,6392,30434,-24042,-1499255,0.5
1900-01-23 10:41:30,7919.5,474,7920.0,549109,159,31005,-30846,-548635,0.5
1900-01-23 10:41:45,7918.0,625394,7918.5,1106451,837,22141,-21304,-481057,0.5
1900-01-23 10:42:00,7918.0,860245,7918.5,1317264,2356,24137,-21781,-457019,0.5
1900-01-23 10:42:15,7918.0,1265997,7918.5,1015114,2603,11836,-9233,250883,0.5
1900-01-23 10:42:30,7918.0,708338,7918.5,1144989,3835,8950,-5115,-436651,0.5
1900-01-23 10:42:45,7917.5,4684,7918.0,1126240,38114,1943,36171,-1121556,0.5
1900-01-23 10:43:00,7916.0,35757,7916.5,983686,5305,56067,-50762,-947929,0.5
1900-01-23 10:43:15,7915.0,363359,7915.5,770784,10777,205387,-194610,-407425,0.5
1900-01-23 10:43:30,7915.0,653527,7915.5,783887,1171,16008,-14837,-130360,0.5
1900-01-23 10:43:45,7914.5,107639,7915.0,1339687,200,44998,-44798,-1232048,0.5
1900-01-23 10:44:00,7914.5,53851,7915.0,1457883,10001,60546,-50545,-1404032,0.5
1900-01-23 10:44:15,7912.5,3198,7913.0,1291589,1252,320852,-319600,-1288391,0.5
1900-01-23 10:44:30,7911.0,349682,7911.5,1506447,6487,210683,-204196,-1156765,0.5
1900-01-23 10:44:45,7910.5,49707,7911.0,443979,11092,141351,-130259,-394272,0.5
1900-01-23 10:45:00,7908.0,131821,7908.5,841668,1936,73961,-72025,-709847,0.5
1900-01-23 10:45:15,7908.0,219111,7908.5,676870,9889,146037,-136148,-457759,0.5
1900-01-23 10:45:30,7908.0,729162,7908.5,80518,93425,13550,79875,648644,0.5
1900-01-23 10:45:45,7908.0,906058,7908.5,1050752,193184,11683,181501,-144694,0.5
1900-01-23 10:46:00,7908.0,1210616,7908.5,1168644,37431,12399,25032,41972,0.5
1900-01-23 10:46:15,7908.0,1403340,7908.5,989826,109297,2986,106311,413514,0.5
1900-01-23 10:46:30,7908.0,990849,7908.5,1019797,112108,18235,93873,-28948,0.5
1900-01-23 10:46:45,7908.0,298071,7908.5,1099593,15729,49740,-34011,-801522,0.5
1900-01-23 10:47:00,7908.0,293639,7908.5,1057649,1518,47407,-45889,-764010,0.5
1900-01-23 10:47:15,7901.0,630666,7901.5,402507,30648,131350,-100702,228159,0.5
1900-01-23 10:47:30,7896.5,392706,7897.0,746254,23670,394698,-371028,-353548,0.5
1900-01-23 10:47:45,7896.5,625277,7897.0,644485,58546,291810,-233264,-19208,0.5
1900-01-23 10:48:00,7896.5,661918,7897.0,693345,7789,23484,-15695,-31427,0.5
1900-01-23 10:48:15,7895.5,72689,7896.0,355570,6982,103251,-96269,-282881,0.5
1900-01-23 10:48:30,7894.0,106094,7894.5,1538507,125,240619,-240494,-1432413,0.5
1900-01-23 10:48:45,7884.0,34175,7884.5,227258,7982,128576,-120594,-193083,0.5
1900-01-23 10:49:00,7884.0,951998,7884.5,674404,313640,236869,76771,277594,0.5
1900-01-23 10:49:15,7884.5,1135557,7885.0,1840716,1059733,37226,1022507,-705159,0.5
1900-01-23 10:49:30,7894.5,1379396,7895.0,91285,1918155,15239,1902916,1288111,0.5
1900-01-23 10:49:45,7890.0,29234,7890.5,214709,199673,147725,51948,-185475,0.5
1900-01-23 10:50:00,7888.5,444663,7889.0,427709,87669,179120,-91451,16954,0.5
1900-01-23 10:50:15,7884.0,451406,7884.5,318915,61827,64530,-2703,132491,0.5
1900-01-23 10:50:30,7884.0,14345,7884.5,1305392,39696,42760,-3064,-1291047,0.5
1900-01-23 10:50:45,7882.0,233735,7882.5,415611,30469,215677,-185208,-181876,0.5
1900-01-23 10:51:00,7882.0,505210,7882.5,1793928,43398,70515,-27117,-1288718,0.5
1900-01-23 10:51:15,7882.0,1571758,7882.5,1330398,191255,34970,156285,241360,0.5
1900-01-23 10:51:30,7882.0,1574346,7882.5,1215900,152236,28463,123773,358446,0.5
1900-01-23 10:51:45,7884.5,910807,7885.0,318777,1218589,47362,1171227,592030,0.5
1900-01-23 10:52:00,7884.5,995756,7885.0,577026,284762,70,284692,418730,0.5
1900-01-23 10:52:15,7884.5,1107849,7885.0,712878,348598,2470,346128,394971,0.5
1900-01-23 10:52:30,7884.5,1222446,7885.0,359329,245780,10442,235338,863117,0.5
1900-01-23 10:52:45,7885.5,1113395,7886.0,87577,179809,7442,172367,1025818,0.5
1900-01-23 10:53:00,7886.5,1735652,7887.0,22595,159897,1050,158847,1713057,0.5
1900-01-23 10:53:15,7895.5,677723,7896.0,79834,156710,6340,150370,597889,0.5
1900-01-23 10:53:30,7895.5,561701,7896.0,1369429,369764,102234,267530,-807728,0.5
1900-01-23 10:53:45,7890.5,995151,7891.0,214970,181619,175592,6027,780181,0.5
1900-01-23 10:54:00,7893.0,1361566,7893.5,95964,103314,82550,20764,1265602,0.5
1900-01-23 10:54:15,7894.0,1648804,7894.5,90597,43175,951,42224,1558207,0.5
1900-01-23 10:54:30,7894.0,1139355,7894.5,836443,24424,514,23910,302912,0.5
1900-01-23 10:54:45,7894.0,1380673,7894.5,465599,231975,10098,221877,915074,0.5
1900-01-23 10:55:00,7894.0,1386846,7894.5,139818,295615,20200,275415,1247028,0.5
1900-01-23 10:55:15,7895.0,1363360,7895.5,114337,61718,19489,42229,1249023,0.5
1900-01-23 10:55:30,7895.5,1367815,7896.0,49413,145664,44155,101509,1318402,0.5
1900-01-23 10:55:45,7896.0,395125,7896.5,791537,100598,38585,62013,-396412,0.5
1900-01-23 10:56:00,7894.0,200916,7894.5,789737,12027,300998,-288971,-588821,0.5
1900-01-23 10:56:15,7894.0,735733,7894.5,413781,111145,113428,-2283,321952,0.5
1900-01-23 10:56:30,7894.0,721813,7894.5,290746,29222,16130,13092,431067,0.5
1900-01-23 10:56:45,7894.0,725435,7894.5,522292,7861,3900,3961,203143,0.5
1900-01-23 10:57:00,7894.0,803675,7894.5,467721,48825,11100,37725,335954,0.5
1900-01-23 10:57:15,7894.0,710770,7894.5,437536,32300,18900,13400,273234,0.5
1900-01-23 10:57:30,7894.0,742952,7894.5,322444,12094,21155,-9061,420508,0.5
1900-01-23 10:57:45,7899.0,170837,7899.5,49932,153978,1967,152011,120905,0.5
1900-01-23 10:58:00,7899.5,541090,7900.0,789394,64130,5814,58316,-248304,0.5
1900-01-23 10:58:15,7899.5,64700,7900.0,1020851,23486,88986,-65500,-956151,0.5
1900-01-23 10:58:30,7898.5,255296,7899.0,1085548,112595,57478,55117,-830252,0.5
1900-01-23 10:58:45,7899.0,1096233,7899.5,102078,65496,113100,-47604,994155,0.5
1900-01-23 10:59:00,7899.0,1044727,7899.5,261752,18344,8449,9895,782975,0.5
1900-01-23 10:59:15,7899.0,95070,7899.5,1104039,152610,23063,129547,-1008969,0.5
1900-01-23 10:59:30,7898.5,271459,7899.0,892957,550,33059,-32509,-621498,0.5
1900-01-23 10:59:45,7898.5,218095,7899.0,1538458,1200,40201,-39001,-1320363,0.5
1900-01-23 11:00:00,7896.0,3627,7897.5,13481,3104,136339,-133235,-9854,1.5
1900-01-23 11:00:15,7893.0,18311,7893.5,1319072,716,208586,-207870,-1300761,0.5
1900-01-23 11:00:30,7886.5,397429,7887.0,1132243,896,352013,-351117,-734814,0.5
1900-01-23 11:00:45,7885.5,12227,7886.0,775373,2607,298595,-295988,-763146,0.5
1900-01-23 11:01:00,7885.5,259487,7886.0,1229469,1525,325015,-323490,-969982,0.5
1900-01-23 11:01:15,7885.0,208683,7885.5,1211317,27300,122439,-95139,-1002634,0.5
1900-01-23 11:01:30,7881.0,78298,7881.5,951847,2853,258200,-255347,-873549,0.5
1900-01-23 11:01:45,7869.0,80940,7869.5,250209,16587,889546,-872959,-169269,0.5
1900-01-23 11:02:00,7879.5,45000,7880.0,242344,425361,270894,154467,-197344,0.5
1900-01-23 11:02:15,7870.0,472341,7870.5,71206,168577,307133,-138556,401135,0.5
1900-01-23 11:02:30,7870.0,136769,7870.5,1176157,44914,127372,-82458,-1039388,0.5
1900-01-23 11:02:45,7864.0,123174,7864.5,1024634,60176,2038320,-1978144,-901460,0.5
1900-01-23 11:03:00,7855.0,339533,7855.5,448824,51336,1195338,-1144002,-109291,0.5
1900-01-23 11:03:15,7828.0,62571,7829.5,500,38520,2599702,-2561182,62071,1.5
1900-01-23 11:03:30,7837.0,82291,7839.5,538,351889,1986560,-1634671,81753,2.5
1900-01-23 11:03:45,7849.5,104345,7850.0,1224160,824529,326998,497531,-1119815,0.5
1900-01-23 11:04:00,7846.0,7672,7849.0,4549,286480,157187,129293,3123,3.0
1900-01-23 11:04:15,7854.0,570325,7854.5,149651,542615,193459,349156,420674,0.5
1900-01-23 11:04:30,7854.0,940159,7854.5,305805,954273,142898,811375,634354,0.5
1900-01-23 11:04:45,7850.0,127303,7851.5,559198,275779,199782,75997,-431895,1.5
1900-01-23 11:05:00,7846.0,793511,7846.5,80311,32312,254270,-221958,713200,0.5
1900-01-23 11:05:15,7853.5,129988,7854.0,2488113,389261,138227,251034,-2358125,0.5
1900-01-23 11:05:30,7852.0,242627,7852.5,500000,185626,274132,-88506,-257373,0.5
1900-01-23 11:05:45,7856.5,281726,7857.0,4979,2207987,75822,2132165,276747,0.5
1900-01-23 11:06:00,7860.0,507377,7860.5,19991,681003,19417,661586,487386,0.5
1900-01-23 11:06:15,7864.0,468177,7864.5,610870,624146,336070,288076,-142693,0.5
1900-01-23 11:06:30,7864.5,340379,7865.0,4924588,291352,122118,169234,-4584209,0.5
1900-01-23 11:06:45,7855.5,7656,7856.0,10000,69818,197781,-127963,-2344,0.5
1900-01-23 11:07:00,7847.5,1099612,7848.0,186699,28190,232640,-204450,912913,0.5
1900-01-23 11:07:15,7852.5,887748,7853.0,503365,184060,178178,5882,384383,0.5
1900-01-23 11:07:30,7852.5,818681,7853.0,953654,132901,216983,-84082,-134973,0.5
1900-01-23 11:07:45,7848.5,214136,7849.0,619980,67820,1039218,-971398,-405844,0.5
1900-01-23 11:08:00,7860.5,170824,7861.0,70854,336890,376638,-39748,99970,0.5
1900-01-23 11:08:15,7864.0,183308,7864.5,614943,344662,38825,305837,-431635,0.5
1900-01-23 11:08:30,7862.0,679,7862.5,294825,72514,138381,-65867,-294146,0.5
1900-01-23 11:08:45,7864.5,2865,7865.0,4712472,22100,270116,-248016,-4709607,0.5
1900-01-23 11:09:00,7862.5,212880,7863.0,539508,32920,79566,-46646,-326628,0.5
1900-01-23 11:09:15,7860.0,686482,7860.5,444499,11966,121788,-109822,241983,0.5
1900-01-23 11:09:30,7859.0,5774,7859.5,2623096,46709,55158,-8449,-2617322,0.5
1900-01-23 11:09:45,7858.5,9568,7859.0,747638,22943,16994,5949,-738070,0.5
1900-01-23 11:10:00,7857.0,17315,7857.5,803085,36025,82047,-46022,-785770,0.5
1900-01-23 11:10:15,7851.0,111732,7851.5,906822,91866,310891,-219025,-795090,0.5
1900-01-23 11:10:30,7853.0,1144697,7853.5,558,207177,29186,177991,1144139,0.5
1900-01-23 11:10:45,7851.5,60806,7852.0,620802,83320,84076,-756,-559996,0.5
1900-01-23 11:11:00,7849.0,23533,7849.5,952545,48116,336990,-288874,-929012,0.5
1900-01-23 11:11:15,7846.5,522656,7847.0,600451,19664,79561,-59897,-77795,0.5
1900-01-23 11:11:30,7840.0,80391,7840.5,1406158,45887,279811,-233924,-1325767,0.5
1900-01-23 11:11:45,7840.0,34888,7840.5,1475945,76659,200714,-124055,-1441057,0.5
1900-01-23 11:12:00,7829.0,500,7829.5,904574,96771,407175,-310404,-904074,0.5
1900-01-23 11:12:15,7824.0,65337,7824.5,106784,25669,473225,-447556,-41447,0.5
1900-01-23 11:12:30,7810.0,500,7810.5,5390,50553,1777805,-1727252,-4890,0.5
1900-01-23 11:12:45,7800.5,2838,7802.0,21,1056809,1924485,-867676,2817,1.5
1900-01-23 11:13:00,7809.0,148014,7809.5,416850,287275,1571828,-1284553,-268836,0.5
1900-01-23 11:13:15,7822.5,371851,7823.0,677201,729116,284267,444849,-305350,0.5
1900-01-23 11:13:30,7820.0,42816,7820.5,416803,503873,254297,249576,-373987,0.5
1900-01-23 11:13:45,7813.0,46303,7813.5,1116412,54901,345263,-290362,-1070109,0.5
1900-01-23 11:14:00,7813.0,161163,7813.5,1209187,102100,462358,-360258,-1048024,0.5
1900-01-23 11:14:15,7810.0,416248,7810.5,549381,267515,220312,47203,-133133,0.5
1900-01-23 11:14:30,7807.0,227145,7807.5,1114200,65047,227139,-162092,-887055,0.5
1900-01-23 11:14:45,7790.5,64,7793.5,11000,87468,1507846,-1420378,-10936,3.0
1900-01-23 11:15:00,7776.0,180861,7779.0,7200,31112,5390080,-5358968,173661,3.0
1900-01-23 11:15:15,7797.0,333033,7798.5,16158,454543,1382523,-927980,316875,1.5
1900-01-23 11:15:30,7802.5,109919,7806.0,13961,673131,1224192,-551061,95958,3.5
1900-01-23 11:15:45,7807.5,41325,7808.0,199386,792844,548954,243890,-158061,0.5
1900-01-23 11:16:00,7811.0,675047,7811.5,209925,704550,40144,664406,465122,0.5
1900-01-23 11:16:15,7811.0,247639,7811.5,1035796,553044,361828,191216,-788157,0.5
1900-01-23 11:16:30,7812.0,124518,7812.5,2745881,1661192,128969,1532223,-2621363,0.5
1900-01-23 11:16:45,7829.5,40145,7830.0,246436,2219379,88036,2131343,-206291,0.5
1900-01-23 11:17:00,7820.5,133948,7821.0,674329,1080868,347287,733581,-540381,0.5
1900-01-23 11:17:15,7826.5,753237,7827.0,221579,448682,175797,272885,531658,0.5
1900-01-23 11:17:30,7820.0,18830,7820.5,594854,241397,485499,-244102,-576024,0.5
1900-01-23 11:17:45,7821.5,825371,7826.0,27157,337112,351963,-14851,798214,4.5
1900-01-23 11:18:00,7830.5,23671,7831.0,859352,283760,83950,199810,-835681,0.5
1900-01-23 11:18:15,7830.0,816600,7830.5,428173,119366,273419,-154053,388427,0.5
1900-01-23 11:18:30,7834.5,735660,7835.0,74486,256592,27119,229473,661174,0.5
1900-01-23 11:18:45,7837.5,8175,7838.0,194441,636277,117081,519196,-186266,0.5
1900-01-23 11:19:00,7836.5,63928,7837.0,1605401,287752,227395,60357,-1541473,0.5
1900-01-23 11:19:15,7836.5,89445,7837.0,879062,83096,118129,-35033,-789617,0.5
1900-01-23 11:19:30,7835.5,24475,7836.0,5272,105060,400999,-295939,19203,0.5
1900-01-23 11:19:45,7837.5,742572,7838.0,1061712,463073,27047,436026,-319140,0.5
1900-01-23 11:20:00,7837.5,1130858,7838.0,896344,188491,126403,62088,234514,0.5
1900-01-23 11:20:15,7842.5,1099507,7843.0,400962,239039,68931,170108,698545,0.5
1900-01-23 11:20:30,7847.0,54348,7847.5,27747,1719006,9654,1709352,26601,0.5
1900-01-23 11:20:45,7854.5,446187,7855.0,797638,702060,118008,584052,-351451,0.5
1900-01-23 11:21:00,7845.5,16544,7846.0,16576,349212,1169119,-819907,-32,0.5
1900-01-23 11:21:15,7841.0,729230,7841.5,304632,62723,367860,-305137,424598,0.5
1900-01-23 11:21:30,7844.5,4815,7845.0,420716,258821,78018,180803,-415901,0.5
1900-01-23 11:21:45,7844.5,293925,7845.0,676599,39519,178620,-139101,-382674,0.5
1900-01-23 11:22:00,7846.0,802855,7846.5,15435,151742,104291,47451,787420,0.5
1900-01-23 11:22:15,7846.0,787828,7846.5,542711,164098,74298,89800,245117,0.5
1900-01-23 11:22:30,7846.5,187431,7847.0,772151,67840,35147,32693,-584720,0.5
1900-01-23 11:22:45,7846.5,303259,7847.0,967096,54075,114045,-59970,-663837,0.5
1900-01-23 11:23:00,7840.0,345348,7840.5,736376,14337,266115,-251778,-391028,0.5
1900-01-23 11:23:15,7836.5,44648,7837.0,1036842,4913,382161,-377248,-992194,0.5
1900-01-23 11:23:30,7836.5,277999,7837.0,36994,68663,152808,-84145,241005,0.5
1900-01-23 11:23:45,7835.0,131751,7835.5,372400,153438,157075,-3637,-240649,0.5
1900-01-23 11:24:00,7835.0,1140583,7835.5,14129,74841,34757,40084,1126454,0.5
1900-01-23 11:24:15,7835.0,512659,7835.5,172118,177814,344983,-167169,340541,0.5
1900-01-23 11:24:30,7835.5,961235,7836.0,274550,285347,52741,232606,686685,0.5
1900-01-23 11:24:45,7838.5,775711,7839.0,234875,242366,39926,202440,540836,0.5
1900-01-23 11:25:00,7838.5,145192,7839.0,1400529,79105,327941,-248836,-1255337,0.5
1900-01-23 11:25:15,7830.5,49782,7831.0,1040893,120727,215460,-94733,-991111,0.5
1900-01-23 11:25:30,7821.5,127255,7822.0,800902,62604,394396,-331792,-673647,0.5
1900-01-23 11:25:45,7821.0,637832,7821.5,5374013,91606,619181,-527575,-4736181,0.5
1900-01-23 11:26:00,7821.0,619630,7821.5,591017,268538,214979,53559,28613,0.5
1900-01-23 11:26:15,7822.5,5500,7823.0,90759,303078,214093,88985,-85259,0.5
1900-01-23 11:26:30,7817.5,127226,7818.0,666327,155350,100382,54968,-539101,0.5
1900-01-23 11:26:45,7820.0,601405,7820.5,778264,81213,233751,-152538,-176859,0.5
1900-01-23 11:27:00,7819.0,12003,7819.5,1804443,86932,106403,-19471,-1792440,0.5
1900-01-23 11:27:15,7815.5,902600,7816.0,5210346,73221,239859,-166638,-4307746,0.5
1900-01-23 11:27:30,7817.5,789335,7818.0,1264186,522568,87784,434784,-474851,0.5
1900-01-23 11:27:45,7817.5,1312846,7818.0,2010137,362354,8570,353784,-697291,0.5
1900-01-23 11:28:00,7813.0,270654,7813.5,1204944,142197,443923,-301726,-934290,0.5
1900-01-23 11:28:15,7811.5,66724,7812.5,8989,4483,254331,-249848,57735,1.0
1900-01-23 11:28:30,7795.5,15500,7796.0,4387,206555,689716,-483161,11113,0.5
1900-01-23 11:28:45,7807.0,98280,7807.5,296231,253511,348323,-94812,-197951,0.5
1900-01-23 11:29:00,7801.0,816222,7801.5,414472,239098,289025,-49927,401750,0.5
1900-01-23 11:29:15,7809.5,454044,7810.0,408106,829916,211760,618156,45938,0.5
1900-01-23 11:29:30,7810.5,196178,7811.0,111356,293265,14595,278670,84822,0.5
1900-01-23 11:29:45,7814.5,767263,7815.0,252957,661610,50929,610681,514306,0.5
1900-01-23 11:30:00,7814.5,372125,7815.0,996310,327303,286768,40535,-624185,0.5
1900-01-23 11:30:15,7810.0,302130,7810.5,788281,83732,497677,-413945,-486151,0.5
1900-01-23 11:30:30,7808.0,111314,7808.5,538178,62569,64045,-1476,-426864,0.5
1900-01-23 11:30:45,7802.0,13306,7802.5,1235110,22844,158548,-135704,-1221804,0.5
1900-01-23 11:31:00,7791.5,68139,7792.0,415627,41493,164328,-122835,-347488,0.5
1900-01-23 11:31:15,7781.5,1345745,7782.0,36416,95640,1229289,-1133649,1309329,0.5
1900-01-23 11:31:30,7787.5,61630,7788.0,326989,1104892,552068,552824,-265359,0.5
1900-01-23 11:31:45,7794.0,39863,7794.5,129008,385015,145107,239908,-89145,0.5
1900-01-23 11:32:00,7790.0,74012,7790.5,579604,250318,209487,40831,-505592,0.5
1900-01-23 11:32:15,7785.0,28650,7785.5,269976,15288,251341,-236053,-241326,0.5
1900-01-23 11:32:30,7780.0,37559,7780.5,642174,30246,182576,-152330,-604615,0.5
1900-01-23 11:32:45,7769.0,16500,7769.5,15892,110385,462810,-352425,608,0.5
1900-01-23 11:33:00,7755.5,7700,7757.5,4200,150441,4086698,-3936257,3500,2.0
1900-01-23 11:33:15,7763.5,44712,7764.0,140620,459544,422756,36788,-95908,0.5
1900-01-23 11:33:30,7769.5,314776,7770.0,1522531,651850,277770,374080,-1207755,0.5
1900-01-23 11:33:45,7779.5,31752,7780.0,29484,1232099,154650,1077449,2268,0.5
1900-01-23 11:34:00,7779.0,33159,7779.5,22474,622706,193421,429285,10685,0.5
1900-01-23 11:34:15,7781.5,391044,7782.0,7000,1051545,135061,916484,384044,0.5
1900-01-23 11:34:30,7791.0,115020,7792.0,76277,655116,41120,613996,38743,1.0
1900-01-23 11:34:45,7789.5,1234455,7790.0,46676,363584,93738,269846,1187779,0.5
1900-01-23 11:35:00,7800.0,1162552,7800.5,29239,381885,26788,355097,1133313,0.5
1900-01-23 11:35:15,7809.0,391191,7809.5,269188,646932,60986,585946,122003,0.5
1900-01-23 11:35:30,7814.0,673711,7814.5,164810,317576,138558,179018,508901,0.5
1900-01-23 11:35:45,7814.5,569090,7816.0,13,354950,169261,185689,569077,1.5
1900-01-23 11:36:00,7817.0,97642,7817.5,1563524,320112,162760,157352,-1465882,0.5
1900-01-23 11:36:15,7815.0,201519,7815.5,26312,110876,514183,-403307,175207,0.5
1900-01-23 11:36:30,7817.5,639358,7818.0,35579,95714,70395,25319,603779,0.5
1900-01-23 11:36:45,7821.0,828143,7821.5,41904,259879,28832,231047,786239,0.5
1900-01-23 11:37:00,7824.0,62606,7824.5,22363,79400,93790,-14390,40243,0.5
1900-01-23 11:37:15,7832.5,293490,7833.0,45282,358037,29729,328308,248208,0.5
1900-01-23 11:37:30,7829.5,35692,7830.0,19409,381871,247596,134275,16283,0.5
1900-01-23 11:37:45,7826.5,410928,7827.0,181218,234185,687600,-453415,229710,0.5
1900-01-23 11:38:00,7828.0,756215,7828.5,194298,191735,69582,122153,561917,0.5
1900-01-23 11:38:15,7822.0,301009,7822.5,370865,105511,509532,-404021,-69856,0.5
1900-01-23 11:38:30,7818.5,41771,7819.0,405392,19321,325126,-305805,-363621,0.5
1900-01-23 11:38:45,7800.0,18243,7800.5,56267,14480,401388,-386908,-38024,0.5
1900-01-23 11:39:00,7806.0,534524,7806.5,2093,94706,294494,-199788,532431,0.5
1900-01-23 11:39:15,7804.0,69151,7804.5,351274,224091,126112,97979,-282123,0.5
1900-01-23 11:39:30,7800.0,63823,7800.5,329840,31692,244788,-213096,-266017,0.5
1900-01-23 11:39:45,7799.0,1322580,7799.5,254046,66701,169706,-103005,1068534,0.5
1900-01-23 11:40:00,7806.5,141251,7807.0,8929,658078,206297,451781,132322,0.5
1900-01-23 11:40:15,7808.5,828739,7809.0,283319,662384,15846,646538,545420,0.5
1900-01-23 11:40:30,7817.0,97621,7817.5,16720,270070,34007,236063,80901,0.5
1900-01-23 11:40:45,7816.5,127923,7817.0,287934,199725,49690,150035,-160011,0.5
1900-01-23 11:41:00,7821.5,127897,7822.0,466450,111475,97701,13774,-338553,0.5
1900-01-23 11:41:15,7823.5,44349,7824.0,8871,388892,26567,362325,35478,0.5
1900-01-23 11:41:30,7830.0,254593,7830.5,132086,304065,32230,271835,122507,0.5
1900-01-23 11:41:45,7831.0,285733,7831.5,223595,122140,74253,47887,62138,0.5
1900-01-23 11:42:00,7816.5,194949,7817.0,151708,48597,280595,-231998,43241,0.5
1900-01-23 11:42:15,7819.5,110781,7820.0,411888,118915,130869,-11954,-301107,0.5
1900-01-23 11:42:30,7819.0,880931,7819.5,261579,337810,74551,263259,619352,0.5
1900-01-23 11:42:45,7817.0,314862,7817.5,585245,10717,264312,-253595,-270383,0.5
1900-01-23 11:43:00,7820.5,1068160,7821.0,31380,204723,77457,127266,1036780,0.5
1900-01-23 11:43:15,7829.0,723847,7829.5,551967,98106,28220,69886,171880,0.5
1900-01-23 11:43:30,7824.5,297145,7825.0,351483,25220,84124,-58904,-54338,0.5
1900-01-23 11:43:45,7830.5,400348,7831.0,46230,251979,167009,84970,354118,0.5
1900-01-23 11:44:00,7834.5,625571,7835.0,273320,179388,60812,118576,352251,0.5
1900-01-23 11:44:15,7834.5,373214,7835.0,976934,43690,137916,-94226,-603720,0.5
1900-01-23 11:44:30,7833.0,222387,7833.5,810707,10516,253991,-243475,-588320,0.5
1900-01-23 11:44:45,7833.0,73274,7833.5,783433,49342,67046,-17704,-710159,0.5
1900-01-23 11:45:00,7829.0,1005913,7829.5,40602,85963,120471,-34508,965311,0.5
1900-01-23 11:45:15,7829.5,39860,7830.0,241383,52560,52123,437,-201523,0.5
1900-01-23 11:45:30,7829.5,1269102,7830.0,1493,81134,10711,70423,1267609,0.5
1900-01-23 11:45:45,7832.0,188462,7832.5,686871,271913,23588,248325,-498409,0.5
1900-01-23 11:46:00,7832.0,988611,7832.5,169737,126443,143826,-17383,818874,0.5
1900-01-23 11:46:15,7834.5,925171,7835.0,70767,187694,36972,150722,854404,0.5
1900-01-23 11:46:30,7843.5,113191,7844.0,67892,320157,28789,291368,45299,0.5
1900-01-23 11:46:45,7840.5,140941,7841.0,1100567,227699,211235,16464,-959626,0.5
1900-01-23 11:47:00,7843.5,146589,7844.0,716884,221623,138178,83445,-570295,0.5
1900-01-23 11:47:15,7844.5,969442,7845.0,393456,487012,70144,416868,575986,0.5
1900-01-23 11:47:30,7844.5,1053382,7845.0,17329,309915,67709,242206,1036053,0.5
1900-01-23 11:47:45,7845.0,352879,7845.5,168532,452244,94187,358057,184347,0.5
1900-01-23 11:48:00,7831.5,17000,7832.5,20500,209918,563869,-353951,-3500,1.0
1900-01-23 11:48:15,7832.5,389562,7833.0,531002,28153,414351,-386198,-141440,0.5
1900-01-23 11:48:30,7828.5,12000,7829.0,62153,137994,62422,75572,-50153,0.5
1900-01-23 11:48:45,7827.5,132500,7828.0,1023532,66882,106857,-39975,-891032,0.5
1900-01-23 11:49:00,7823.0,101894,7823.5,346143,8814,104625,-95811,-244249,0.5
1900-01-23 11:49:15,7819.5,98855,7820.0,1360079,7431,194859,-187428,-1261224,0.5
1900-01-23 11:49:30,7819.0,68865,7819.5,880352,11978,175610,-163632,-811487,0.5
1900-01-23 11:49:45,7815.0,883358,7815.5,333970,17273,305855,-288582,549388,0.5
1900-01-23 11:50:00,7819.5,362195,7820.0,286719,358152,143574,214578,75476,0.5
1900-01-23 11:50:15,7823.0,1166481,7823.5,41825,328090,14480,313610,1124656,0.5
1900-01-23 11:50:30,7826.5,700076,7827.0,32526,359532,15109,344423,667550,0.5
1900-01-23 11:50:45,7833.5,279923,7834.0,7954,65803,5706,60097,271969,0.5
1900-01-23 11:51:00,7834.0,96076,7834.5,1298664,108056,175644,-67588,-1202588,0.5
1900-01-23 11:51:15,7832.0,6795,7832.5,945470,47457,24064,23393,-938675,0.5
1900-01-23 11:51:30,7828.5,243124,7829.0,858218,26200,47489,-21289,-615094,0.5
1900-01-23 11:51:45,7830.0,834793,7830.5,291049,378401,52080,326321,543744,0.5
1900-01-23 11:52:00,7830.0,75909,7830.5,814845,71390,26521,44869,-738936,0.5
1900-01-23 11:52:15,7825.5,73523,7826.0,1065932,12143,155508,-143365,-992409,0.5
1900-01-23 11:52:30,7825.0,270806,7825.5,932914,55039,65591,-10552,-662108,0.5
1900-01-23 11:52:45,7825.0,708836,7825.5,399198,106037,168851,-62814,309638,0.5
1900-01-23 11:53:00,7825.0,26015,7825.5,861702,2486,129805,-127319,-835687,0.5
1900-01-23 11:53:15,7822.0,5442,7823.0,1238241,4923,86575,-81652,-1232799,1.0
1900-01-23 11:53:30,7814.5,727181,7815.0,395202,94801,99119,-4318,331979,0.5
1900-01-23 11:53:45,7814.5,641397,7815.0,231526,166272,29703,136569,409871,0.5
1900-01-23 11:54:00,7811.5,45158,7812.0,987233,19640,39131,-19491,-942075,0.5
1900-01-23 11:54:15,7811.0,245824,7811.5,641918,27350,214803,-187453,-396094,0.5
1900-01-23 11:54:30,7808.5,59731,7809.0,1277069,95404,320156,-224752,-1217338,0.5
1900-01-23 11:54:45,7802.0,221331,7802.5,942443,43241,137827,-94586,-721112,0.5
1900-01-23 11:55:00,7802.0,191697,7802.5,423130,160428,446408,-285980,-231433,0.5
1900-01-23 11:55:15,7806.5,521586,7807.0,171500,347436,37553,309883,350086,0.5
1900-01-23 11:55:30,7809.5,430669,7810.0,660165,417408,12166,405242,-229496,0.5
1900-01-23 11:55:45,7815.5,420309,7816.0,117774,359341,435,358906,302535,0.5
1900-01-23 11:56:00,7815.5,975696,7816.0,144317,281562,7100,274462,831379,0.5
1900-01-23 11:56:15,7820.5,372214,7821.0,676674,203447,18222,185225,-304460,0.5
1900-01-23 11:56:30,7820.5,575341,7821.0,729601,47689,59610,-11921,-154260,0.5
1900-01-23 11:56:45,7820.0,12832,7820.5,453493,29026,145782,-116756,-440661,0.5
1900-01-23 11:57:00,7813.0,38887,7813.5,666579,39665,96478,-56813,-627692,0.5
1900-01-23 11:57:15,7808.0,235030,7808.5,409640,23494,113949,-90455,-174610,0.5
1900-01-23 11:57:30,7808.0,653389,7808.5,177195,312626,31378,281248,476194,0.5
1900-01-23 11:57:45,7810.0,393252,7810.5,538332,197978,158212,39766,-145080,0.5
1900-01-23 11:58:00,7814.0,426639,7814.5,678743,142072,102780,39292,-252104,0.5
1900-01-23 11:58:15,7810.0,91428,7810.5,852558,10739,132716,-121977,-761130,0.5
1900-01-23 11:58:30,7810.0,50767,7810.5,835264,110649,88688,21961,-784497,0.5
1900-01-23 11:58:45,7808.5,253070,7809.0,612568,3610,33897,-30287,-359498,0.5
1900-01-23 11:59:00,7809.0,33103,7809.5,810796,276302,16243,260059,-777693,0.5
1900-01-23 11:59:15,7810.5,348999,7811.0,93059,100788,94682,6106,255940,0.5
1900-01-23 11:59:30,7819.0,290388,7819.5,526303,284173,21186,262987,-235915,0.5
1900-01-23 11:59:45,7816.5,488197,7817.0,215268,65150,35617,29533,272929,0.5
1900-01-23 12:00:15,7828.0,21000,7828.5,295832,10500,35617,-25117,-274832,0.5
1900-01-23 12:00:30,7830.5,10278,7833.5,15415,287558,434488,-146930,-5137,3.0
1900-01-23 12:00:45,7832.0,46448,7832.5,65283,122937,41291,81646,-18835,0.5
1900-01-23 12:01:00,7833.5,190990,7834.0,204025,218402,47078,171324,-13035,0.5
1900-01-23 12:01:15,7833.5,1378684,7834.0,802947,79446,153841,-74395,575737,0.5
1900-01-23 12:01:30,7833.5,2661379,7834.0,407111,246413,29810,216603,2254268,0.5
1900-01-23 12:01:45,7836.0,1969482,7836.5,399356,384728,167625,217103,1570126,0.5
1900-01-23 12:02:00,7839.0,2391409,7839.5,11270,302090,36381,265709,2380139,0.5
1900-01-23 12:02:15,7844.5,1088572,7845.0,173932,375618,28623,346995,914640,0.5
1900-01-23 12:02:30,7844.5,30122,7845.0,35467,686545,26336,660209,-5345,0.5
1900-01-23 12:02:45,7841.0,2031848,7841.5,149707,293655,620654,-326999,1882141,0.5
1900-01-23 12:03:00,7844.5,2071665,7845.0,31214,236410,36541,199869,2040451,0.5
1900-01-23 12:03:15,7855.5,67077,7856.0,524964,340268,232216,108052,-457887,0.5
1900-01-23 12:03:30,7863.5,881866,7864.0,25107,525739,227939,297800,856759,0.5
1900-01-23 12:03:45,7868.0,40471,7868.5,15000,406942,166863,240079,25471,0.5
1900-01-23 12:04:00,7865.0,271965,7865.5,80117,353373,729093,-375720,191848,0.5
1900-01-23 12:04:15,7864.5,408351,7865.0,1349331,222374,515164,-292790,-940980,0.5
1900-01-23 12:04:30,7860.5,176629,7861.0,606798,27489,427566,-400077,-430169,0.5
1900-01-23 12:04:45,7858.5,12642,7859.0,102862,218708,388589,-169881,-90220,0.5
1900-01-23 12:05:00,7857.0,24141,7857.5,4666,121556,261650,-140094,19475,0.5
1900-01-23 12:05:15,7857.0,27366,7857.5,575195,163061,153498,9563,-547829,0.5
1900-01-23 12:05:30,7849.5,239856,7850.0,761601,35989,251652,-215663,-521745,0.5
1900-01-23 12:05:45,7848.5,141914,7849.0,1355078,7952,234435,-226483,-1213164,0.5
1900-01-23 12:06:00,7848.5,32089,7849.0,1174787,12820,148290,-135470,-1142698,0.5
1900-01-23 12:06:15,7848.0,914971,7848.5,469935,1011,210966,-209955,445036,0.5
1900-01-23 12:06:30,7853.5,260059,7854.0,328443,227395,476651,-249256,-68384,0.5
1900-01-23 12:06:45,7852.5,559295,7853.0,205045,77550,112585,-35035,354250,0.5
1900-01-23 12:07:00,7852.5,646631,7853.0,13416,86682,77181,9501,633215,0.5
1900-01-23 12:07:15,7855.5,426002,7856.0,3878,278179,25700,252479,422124,0.5
1900-01-23 12:07:30,7857.5,24350,7858.0,1273163,98784,43474,55310,-1248813,0.5
1900-01-23 12:07:45,7852.5,66504,7853.0,650018,22997,160189,-137192,-583514,0.5
1900-01-23 12:08:00,7852.0,121702,7852.5,1106411,70736,348978,-278242,-984709,0.5
1900-01-23 12:08:15,7852.0,43771,7852.5,1342898,8751,50865,-42114,-1299127,0.5
1900-01-23 12:08:30,7850.0,58544,7850.5,657921,142247,213567,-71320,-599377,0.5
1900-01-23 12:08:45,7848.5,259943,7849.0,910250,7050,69367,-62317,-650307,0.5
1900-01-23 12:09:00,7847.5,40491,7848.0,632519,12705,82732,-70027,-592028,0.5
1900-01-23 12:09:15,7846.5,378354,7847.0,626679,8900,139986,-131086,-248325,0.5
1900-01-23 12:09:30,7848.0,532919,7848.5,470490,81717,157050,-75333,62429,0.5
1900-01-23 12:09:45,7848.0,719806,7848.5,11260,53582,1000,52582,708546,0.5
1900-01-23 12:10:00,7849.0,570574,7849.5,438585,17860,121043,-103183,131989,0.5
1900-01-23 12:10:15,7845.5,6393,7846.0,1115022,15799,227619,-211820,-1108629,0.5
1900-01-23 12:10:30,7843.0,19490,7843.5,1365382,2032,190640,-188608,-1345892,0.5
1900-01-23 12:10:45,7833.5,61584,7834.0,473155,27277,269309,-242032,-411571,0.5
1900-01-23 12:11:00,7835.5,750515,7836.0,264613,179352,104819,74533,485902,0.5
1900-01-23 12:11:15,7839.5,183349,7840.0,115821,322241,35253,286988,67528,0.5
1900-01-23 12:11:30,7840.5,893051,7841.0,728092,105684,25082,80602,164959,0.5
1900-01-23 12:11:45,7840.5,445993,7841.0,724995,183640,51169,132471,-279002,0.5
1900-01-23 12:12:00,7835.0,157157,7835.5,525454,45956,112483,-66527,-368297,0.5
1900-01-23 12:12:15,7835.0,87453,7835.5,911355,21023,103732,-82709,-823902,0.5
1900-01-23 12:12:30,7835.0,338,7835.5,1009684,100,63383,-63283,-1009346,0.5
1900-01-23 12:12:45,7833.5,614392,7834.0,525617,11487,297520,-286033,88775,0.5
1900-01-23 12:13:00,7833.5,602808,7834.0,485065,58530,52863,5667,117743,0.5
1900-01-23 12:13:15,7833.5,626502,7834.0,488682,6285,42699,-36414,137820,0.5
1900-01-23 12:13:30,7833.5,94069,7834.0,1073564,8206,14138,-5932,-979495,0.5
1900-01-23 12:13:45,7825.0,65483,7826.0,750264,52805,174348,-121543,-684781,1.0
1900-01-23 12:14:00,7828.5,534269,7829.0,278375,213421,176633,36788,255894,0.5
1900-01-23 12:14:15,7831.0,772388,7831.5,232048,301465,6571,294894,540340,0.5
1900-01-23 12:14:30,7834.5,629839,7835.0,55987,231011,18191,212820,573852,0.5
1900-01-23 12:14:45,7836.5,691563,7837.0,700411,107074,380,106694,-8848,0.5
1900-01-23 12:15:00,7834.5,78942,7835.0,746801,154087,34997,119090,-667859,0.5
1900-01-23 12:15:15,7837.5,899201,7838.0,44062,199894,20746,179148,855139,0.5
1900-01-23 12:15:30,7842.0,861226,7842.5,58032,143760,39236,104524,803194,0.5
1900-01-23 12:15:45,7844.0,658347,7844.5,471087,77898,35315,42583,187260,0.5
1900-01-23 12:16:00,7844.0,40978,7844.5,665156,160993,258200,-97207,-624178,0.5
1900-01-23 12:16:15,7840.0,22958,7840.5,808745,18163,97507,-79344,-785787,0.5
1900-01-23 12:16:30,7839.5,826645,7840.0,5005,24844,7424,17420,821640,0.5
1900-01-23 12:16:45,7845.0,978167,7845.5,82084,63602,2,63600,896083,0.5
1900-01-23 12:17:00,7846.0,1431759,7846.5,23846,74539,3677,70862,1407913,0.5
1900-01-23 12:17:15,7848.5,1508902,7849.0,12866,56777,28410,28367,1496036,0.5
1900-01-23 12:17:30,7851.5,1358961,7852.0,12578,66828,4599,62229,1346383,0.5
1900-01-23 12:17:45,7852.5,1170604,7853.0,63506,93747,1400,92347,1107098,0.5
1900-01-23 12:18:00,7853.0,1014041,7853.5,155036,11116,1400,9716,859005,0.5
1900-01-23 12:19:00,7844.0,921476,7844.5,150649,23021,18260,4761,770827,0.5
1900-01-23 12:19:15,7844.0,932599,7844.5,141760,5399,21600,-16201,790839,0.5
1900-01-23 12:19:30,7846.0,748608,7846.5,152315,53617,3731,49886,596293,0.5
1900-01-23 12:19:45,7848.5,1263630,7849.0,75687,75636,4389,71247,1187943,0.5
1900-01-23 12:20:00,7849.5,1298878,7850.0,6208,61150,501,60649,1292670,0.5
1900-01-23 12:20:15,7850.5,1017843,7851.0,93924,43123,1032,42091,923919,0.5
1900-01-23 12:20:30,7850.5,713393,7851.0,595342,48842,9580,39262,118051,0.5
1900-01-23 12:20:45,7850.5,658843,7851.0,674871,24114,257407,-233293,-16028,0.5
1900-01-23 12:21:00,7850.5,729,7851.0,825684,58300,162022,-103722,-824955,0.5
1900-01-23 12:21:15,7852.0,1351405,7852.5,10223,236497,16228,220269,1341182,0.5
1900-01-23 12:21:30,7853.5,1022747,7854.0,78010,33415,5490,27925,944737,0.5
1900-01-23 12:21:45,7854.5,1461889,7855.0,252679,85145,21225,63920,1209210,0.5
1900-01-23 12:22:00,7859.5,126629,7860.0,59650,263905,37614,226291,66979,0.5
1900-01-23 12:22:15,7860.5,1004904,7861.0,519315,184792,66491,118301,485589,0.5
1900-01-23 12:22:30,7860.0,82823,7860.5,1017852,143753,360551,-216798,-935029,0.5
1900-01-23 12:22:45,7849.0,856105,7849.5,296445,74481,887450,-812969,559660,0.5
1900-01-23 12:23:00,7846.5,18364,7847.0,562331,36833,196887,-160054,-543967,0.5
1900-01-23 12:23:15,7845.5,244291,7846.0,723235,200,42329,-42129,-478944,0.5
1900-01-23 12:23:30,7844.5,2828,7845.0,711040,11057,61464,-50407,-708212,0.5
1900-01-23 12:23:45,7836.5,11048,7837.0,53100,23001,188919,-165918,-42052,0.5
1900-01-23 12:24:00,7835.0,126984,7835.5,728201,16796,232010,-215214,-601217,0.5
1900-01-23 12:24:15,7835.5,982712,7836.0,264187,197701,39367,158334,718525,0.5
1900-01-23 12:24:30,7836.0,642824,7836.5,72130,124844,10410,114434,570694,0.5
1900-01-23 12:24:45,7837.5,933114,7838.0,66501,53789,21820,31969,866613,0.5
1900-01-23 12:25:00,7837.5,16544,7838.0,1038539,68595,58304,10291,-1021995,0.5
1900-01-23 12:25:15,7832.0,53730,7832.5,711846,2240,160743,-158503,-658116,0.5
1900-01-23 12:25:30,7830.0,19624,7830.5,638547,18001,196561,-178560,-618923,0.5
1900-01-23 12:25:45,7829.5,1043117,7830.0,76714,79171,56546,22625,966403,0.5
1900-01-23 12:26:00,7836.5,399975,7837.0,12150,176438,120211,56227,387825,0.5
1900-01-23 12:26:15,7841.5,580080,7842.0,898821,187623,95588,92035,-318741,0.5
1900-01-23 12:26:30,7844.5,1076321,7845.0,41633,74734,15373,59361,1034688,0.5
1900-01-23 12:26:45,7844.5,1157013,7845.0,23729,33874,393,33481,1133284,0.5
1900-01-23 12:27:00,7844.5,286622,7845.0,843371,35501,132508,-97007,-556749,0.5
1900-01-23 12:27:15,7844.5,10940,7845.0,959926,5712,204267,-198555,-948986,0.5
1900-01-23 12:27:30,7841.0,2463,7841.5,656994,10284,28789,-18505,-654531,0.5
1900-01-23 12:27:45,7840.0,51733,7840.5,987814,2022,20051,-18029,-936081,0.5
1900-01-23 12:28:00,7838.0,22232,7838.5,1061005,5050,54487,-49437,-1038773,0.5
1900-01-23 12:28:15,7836.5,11287,7837.0,515300,5050,28252,-23202,-504013,0.5
1900-01-23 12:29:30,7832.0,52381,7832.5,745147,50250,52197,-1947,-692766,0.5
1900-01-23 12:29:45,7830.0,368822,7830.5,511844,672,121096,-120424,-143022,0.5
1900-01-23 12:30:00,7829.5,60248,7830.0,720809,11977,4645,7332,-660561,0.5
1900-01-23 12:30:15,7828.5,15900,7829.0,1181796,16714,61913,-45199,-1165896,0.5
1900-01-23 12:30:30,7826.5,20634,7827.0,724730,8726,142673,-133947,-704096,0.5
1900-01-23 12:30:45,7829.0,211766,7829.5,21222,57442,82187,-24745,190544,0.5
1900-01-23 12:31:00,7829.5,1226982,7830.0,22628,49049,27750,21299,1204354,0.5
1900-01-23 12:31:15,7833.0,831869,7833.5,217248,76525,14411,62114,614621,0.5
1900-01-23 12:31:30,7833.5,756423,7834.0,68781,72951,5274,67677,687642,0.5
1900-01-23 12:31:45,7834.5,570794,7835.0,673047,54474,704,53770,-102253,0.5
1900-01-23 12:32:00,7830.0,174078,7830.5,359495,32196,62354,-30158,-185417,0.5
1900-01-23 12:32:15,7827.0,91778,7827.5,581419,5290,187250,-181960,-489641,0.5
1900-01-23 12:32:30,7825.0,299646,7825.5,606286,3080,185090,-182010,-306640,0.5
1900-01-23 12:32:45,7822.0,447440,7822.5,425243,6201,316356,-310155,22197,0.5
1900-01-23 12:33:00,7826.0,223810,7826.5,1819,45903,74864,-28961,221991,0.5
1900-01-23 12:33:15,7827.5,186787,7828.0,760049,179015,23810,155205,-573262,0.5
1900-01-23 12:33:30,7825.0,197920,7825.5,776960,60455,54421,6034,-579040,0.5
1900-01-23 12:33:45,7831.0,78846,7831.5,3853,92450,14699,77751,74993,0.5
1900-01-23 12:34:00,7838.0,507421,7838.5,122517,89334,16797,72537,384904,0.5
1900-01-23 12:34:15,7835.0,1581,7835.5,379050,93984,17832,76152,-377469,0.5
1900-01-23 12:34:30,7831.0,673442,7831.5,103875,9403,35893,-26490,569567,0.5
1900-01-23 12:34:45,7833.0,706470,7833.5,53902,45197,3589,41608,652568,0.5
1900-01-23 12:35:00,7834.0,699778,7834.5,1874,61071,17025,44046,697904,0.5
1900-01-23 12:35:15,7836.5,621829,7837.0,169453,15512,12364,3148,452376,0.5
1900-01-23 12:35:30,7836.5,812887,7837.0,49490,133921,79000,54921,763397,0.5
1900-01-23 12:35:45,7841.5,305246,7842.0,366231,120439,8,120431,-60985,0.5
1900-01-23 12:36:00,7841.5,235845,7842.0,517058,107444,41225,66219,-281213,0.5
1900-01-23 12:36:15,7840.5,209092,7841.0,428521,8938,58468,-49530,-219429,0.5
1900-01-23 12:36:30,7840.5,239107,7841.0,477379,6093,9303,-3210,-238272,0.5
1900-01-23 12:36:45,7840.5,931741,7841.0,161103,49874,1400,48474,770638,0.5
1900-01-23 12:37:00,7840.5,910944,7841.0,52989,43643,52937,-9294,857955,0.5
1900-01-23 12:37:15,7840.5,444365,7841.0,243480,34133,5445,28688,200885,0.5
1900-01-23 12:37:30,7836.5,117129,7837.0,367824,22448,60673,-38225,-250695,0.5
1900-01-23 12:37:45,7835.5,242957,7836.0,597420,2800,78302,-75502,-354463,0.5
1900-01-23 12:38:00,7835.0,820687,7835.5,349284,53853,83911,-30058,471403,0.5
1900-01-23 12:38:15,7837.5,453641,7838.0,8974,92538,100858,-8320,444667,0.5
1900-01-23 12:38:30,7837.5,139231,7838.0,473923,25516,5675,19841,-334692,0.5
1900-01-23 12:38:45,7837.5,615169,7838.0,346243,1800,17824,-16024,268926,0.5
1900-01-23 12:39:00,7838.5,120133,7839.0,12751,38999,12613,26386,107382,0.5
1900-01-23 12:39:15,7840.5,975883,7841.0,18661,94165,18718,75447,957222,0.5
1900-01-23 12:39:30,7844.5,994838,7845.0,193312,77185,10100,67085,801526,0.5
1900-01-23 12:39:45,7845.0,551823,7845.5,109,62670,12000,50670,551714,0.5
1900-01-23 12:40:00,7846.0,44295,7846.5,371597,32512,22453,10059,-327302,0.5
1900-01-23 12:40:15,7842.0,257290,7842.5,313294,5239,99558,-94319,-56004,0.5
1900-01-23 12:40:30,7841.0,647263,7841.5,331591,23301,29029,-5728,315672,0.5
1900-01-23 12:40:45,7842.0,1209461,7842.5,14143,55768,3001,52767,1195318,0.5
1900-01-23 12:41:00,7844.0,975875,7844.5,43383,23534,37819,-14285,932492,0.5
1900-01-23 12:41:15,7844.5,821030,7845.0,26239,23844,800,23044,794791,0.5
1900-01-23 12:41:30,7846.5,681931,7847.0,10691,25906,2524,23382,671240,0.5
1900-01-23 12:41:45,7847.0,211147,7847.5,436366,9830,22258,-12428,-225219,0.5
1900-01-23 12:42:00,7847.0,462585,7847.5,381747,14795,50872,-36077,80838,0.5
1900-01-23 12:42:15,7844.0,933428,7844.5,87919,11369,128377,-117008,845509,0.5
1900-01-23 12:42:30,7844.0,825129,7844.5,51631,28600,9535,19065,773498,0.5
1900-01-23 12:42:45,7843.0,24915,7843.5,793963,3742,98743,-95001,-769048,0.5
1900-01-23 12:43:00,7831.0,5340,7831.5,27500,41436,85389,-43953,-22160,0.5
1900-01-23 12:43:15,7831.0,1232959,7831.5,38792,153046,136197,16849,1194167,0.5
1900-01-23 12:43:30,7832.0,391655,7832.5,648795,15367,55060,-39693,-257140,0.5
1900-01-23 12:43:45,7830.5,186434,7831.0,781681,64851,108611,-43760,-595247,0.5
1900-01-23 12:44:00,7827.0,32950,7827.5,709110,85915,77598,8317,-676160,0.5
1900-01-23 12:44:15,7825.0,1018170,7825.5,102558,112619,87613,25006,915612,0.5
1900-01-23 12:44:30,7827.0,58816,7827.5,1124147,92394,177788,-85394,-1065331,0.5
1900-01-23 12:44:45,7825.0,253416,7825.5,648718,7424,95757,-88333,-395302,0.5
1900-01-23 12:45:00,7824.0,48113,7824.5,671438,25134,22217,2917,-623325,0.5
1900-01-23 12:45:15,7822.5,471074,7823.0,209484,43612,67218,-23606,261590,0.5
1900-01-23 12:45:30,7822.0,32862,7822.5,765350,79830,187176,-107346,-732488,0.5
1900-01-23 12:45:45,7821.0,765561,7821.5,82323,67549,67437,112,683238,0.5
1900-01-23 12:46:00,7823.5,278396,7824.0,710704,73439,30727,42712,-432308,0.5
1900-01-23 12:46:15,7822.0,47245,7822.5,746821,54701,130521,-75820,-699576,0.5
1900-01-23 12:46:30,7818.5,12933,7819.0,741813,26851,175742,-148891,-728880,0.5
1900-01-23 12:46:45,7816.0,31080,7816.5,770094,70210,169421,-99211,-739014,0.5
1900-01-23 12:47:00,7816.0,705938,7816.5,259117,64445,91618,-27173,446821,0.5
1900-01-23 12:47:15,7819.5,728606,7820.0,33528,270286,38177,232109,695078,0.5
1900-01-23 12:47:30,7825.0,246738,7825.5,3597,154027,13085,140942,243141,0.5
1900-01-23 12:47:45,7825.5,1103266,7826.0,301139,90058,17546,72512,802127,0.5
1900-01-23 12:48:00,7827.5,1592061,7828.0,72679,226164,1103,225061,1519382,0.5
1900-01-23 12:48:15,7831.5,10500,7832.0,25406,195046,11241,183805,-14906,0.5
1900-01-23 12:48:30,7832.5,1012538,7833.0,213353,108120,24544,83576,799185,0.5
1900-01-23 12:48:45,7829.0,747459,7829.5,315570,68015,60726,7289,431889,0.5
1900-01-23 12:49:00,7829.0,49982,7829.5,622521,67439,10466,56973,-572539,0.5
1900-01-23 12:49:15,7828.5,704213,7829.0,529703,438662,84040,354622,174510,0.5
1900-01-23 12:49:30,7828.5,84715,7829.0,960228,31233,17569,13664,-875513,0.5
1900-01-23 12:49:45,7825.0,11065,7825.5,728710,17121,92678,-75557,-717645,0.5
1900-01-23 12:50:00,7813.0,229507,7813.5,45732,10425,290313,-279888,183775,0.5
1900-01-23 12:50:15,7821.5,28000,7822.0,20000,56765,229092,-172327,8000,0.5
1900-01-23 12:50:30,7822.5,11553,7823.0,1268781,57290,30550,26740,-1257228,0.5
1900-01-23 12:50:45,7818.5,317876,7819.0,679449,3675,21338,-17663,-361573,0.5
1900-01-23 12:51:00,7817.0,101894,7817.5,768209,7880,17772,-9892,-666315,0.5
1900-01-23 12:51:15,7810.0,90691,7810.5,78349,11067,133935,-122868,12342,0.5
1900-01-23 12:51:30,7811.5,20000,7813.5,1500,179598,25256,154342,18500,2.0
1900-01-23 12:51:45,7816.5,795193,7817.0,91310,81649,42573,39076,703883,0.5
1900-01-23 12:52:00,7816.0,215976,7816.5,1300473,91643,78091,13552,-1084497,0.5
1900-01-23 12:52:15,7814.5,373328,7815.0,1022896,217710,253952,-36242,-649568,0.5
1900-01-23 12:52:30,7814.5,27186,7815.0,627243,146308,266275,-119967,-600057,0.5
1900-01-23 12:52:45,7814.5,635011,7815.0,469062,183131,16790,166341,165949,0.5
1900-01-23 12:53:00,7814.5,75807,7815.0,952665,27691,42609,-14918,-876858,0.5
1900-01-23 12:53:15,7813.0,68737,7813.5,1390005,50100,57097,-6997,-1321268,0.5
1900-01-23 12:53:30,7808.5,49888,7809.0,649321,18578,208317,-189739,-599433,0.5
1900-01-23 12:53:45,7806.0,72673,7806.5,672893,15494,327318,-311824,-600220,0.5
1900-01-23 12:54:00,7803.5,25133,7804.0,404398,10608,91625,-81017,-379265,0.5
1900-01-23 12:54:15,7803.5,94423,7804.0,734508,21190,155524,-134334,-640085,0.5
1900-01-23 12:54:30,7798.5,122308,7799.0,79315,60518,95772,-35254,42993,0.5
1900-01-23 12:54:45,7796.5,131000,7800.5,486,205378,701822,-496444,130514,4.0
1900-01-23 12:55:00,7797.0,240604,7797.5,726886,327194,100770,226424,-486282,0.5
1900-01-23 12:55:15,7792.0,405599,7792.5,504459,151505,212086,-60581,-98860,0.5
1900-01-23 12:55:30,7795.0,274906,7795.5,126120,189570,377385,-187815,148786,0.5
1900-01-23 12:55:45,7795.0,685376,7795.5,434576,205341,9039,196302,250800,0.5
1900-01-23 12:56:00,7797.0,656707,7797.5,405366,213898,65189,148709,251341,0.5
1900-01-23 12:56:15,7807.0,344130,7807.5,424509,161631,5942,155689,-80379,0.5
1900-01-23 12:56:30,7806.0,357438,7806.5,711411,216549,93026,123523,-353973,0.5
1900-01-23 12:56:45,7807.0,666033,7807.5,121144,104776,73544,31232,544889,0.5
1900-01-23 12:57:00,7812.0,663106,7812.5,279243,155174,69308,85866,383863,0.5
1900-01-23 12:57:15,7811.0,163569,7811.5,689718,182494,149586,32908,-526149,0.5
1900-01-23 12:57:30,7810.5,26347,7811.0,866363,19708,40522,-20814,-840016,0.5
1900-01-23 12:57:45,7802.0,11646,7802.5,304383,4182,310736,-306554,-292737,0.5
1900-01-23 12:58:00,7800.5,489269,7801.0,725425,12506,84377,-71871,-236156,0.5
1900-01-23 12:58:15,7799.5,14415,7800.0,860167,6933,261590,-254657,-845752,0.5
1900-01-23 12:58:30,7790.0,389511,7790.5,362081,3029,177900,-174871,27430,0.5
1900-01-23 12:58:45,7796.0,316430,7796.5,665588,114092,63233,50859,-349158,0.5
1900-01-23 12:59:00,7788.0,500,7788.5,2126,194307,190507,3800,-1626,0.5
1900-01-23 12:59:15,7791.5,287730,7792.0,646040,263078,223279,39799,-358310,0.5
1900-01-23 12:59:30,7784.5,476436,7785.0,372876,161429,284165,-122736,103560,0.5
1900-01-23 12:59:45,7789.0,246219,7789.5,816030,173370,363699,-190329,-569811,0.5
1900-01-23 13:00:00,7787.0,130157,7787.5,43000,27979,24931,3048,87157,0.5
1900-01-23 13:00:15,7783.0,107638,7783.5,279675,129545,120773,8772,-172037,0.5
1900-01-23 13:00:30,7783.0,612466,7783.5,337943,108993,88761,20232,274523,0.5
1900-01-23 13:00:45,7783.0,171377,7783.5,1001077,92994,64163,28831,-829700,0.5
1900-01-23 13:01:00,7782.0,582371,7782.5,220903,123577,269347,-145770,361468,0.5
1900-01-23 13:01:15,7787.5,255699,7788.0,204922,214227,167129,47098,50777,0.5
1900-01-23 13:01:30,7785.5,196780,7786.0,431651,629711,149289,480422,-234871,0.5
1900-01-23 13:01:45,7790.0,630965,7790.5,67389,97558,230126,-132568,563576,0.5
1900-01-23 13:02:00,7799.5,72000,7800.0,115405,356323,58275,298048,-43405,0.5
1900-01-23 13:02:15,7799.5,235588,7800.0,780992,193695,64058,129637,-545404,0.5
1900-01-23 13:02:30,7801.5,205088,7802.0,1024378,169151,108572,60579,-819290,0.5
1900-01-23 13:02:45,7802.0,417706,7802.5,709008,307912,175193,132719,-291302,0.5
1900-01-23 13:03:00,7802.0,338918,7802.5,651584,127837,42733,85104,-312666,0.5
1900-01-23 13:03:15,7806.5,631026,7807.0,70026,133939,109454,24485,561000,0.5
1900-01-23 13:03:30,7806.5,878913,7807.0,110740,173296,14076,159220,768173,0.5
1900-01-23 13:03:45,7808.5,748578,7809.0,230299,92986,18999,73987,518279,0.5
1900-01-23 13:04:00,7808.5,1354495,7809.0,8969,282536,4343,278193,1345526,0.5
1900-01-23 13:04:15,7809.0,1139347,7809.5,139885,167700,62359,105341,999462,0.5
1900-01-23 13:04:30,7809.0,1054202,7809.5,385583,85295,11418,73877,668619,0.5
1900-01-23 13:04:45,7809.0,1364681,7809.5,551791,51459,16920,34539,812890,0.5
1900-01-23 13:05:00,7809.0,791513,7809.5,830847,87029,146404,-59375,-39334,0.5
1900-01-23 13:05:15,7809.0,828330,7809.5,1150179,47109,56607,-9498,-321849,0.5
1900-01-23 13:05:30,7808.0,56061,7808.5,1346141,55802,409934,-354132,-1290080,0.5
1900-01-23 13:05:45,7806.5,212947,7807.0,832239,14365,114612,-100247,-619292,0.5
1900-01-23 13:06:00,7807.0,912216,7807.5,13870,133264,67902,65362,898346,0.5
1900-01-23 13:06:15,7812.5,1199225,7813.0,221116,472353,12700,459653,978109,0.5
1900-01-23 13:06:30,7818.0,358840,7818.5,16615,414561,22000,392561,342225,0.5
1900-01-23 13:06:45,7818.5,260330,7819.0,648860,264492,81225,183267,-388530,0.5
1900-01-23 13:07:00,7814.0,132510,7814.5,344403,161615,101824,59791,-211893,0.5
1900-01-23 13:07:15,7814.0,752226,7814.5,356417,1225,85763,-84538,395809,0.5
1900-01-23 13:07:30,7818.0,381900,7818.5,269322,64967,127096,-62129,112578,0.5
1900-01-23 13:07:45,7818.0,490660,7818.5,496237,10829,5867,4962,-5577,0.5
1900-01-23 13:08:00,7818.5,1027813,7819.0,9413,68603,5204,63399,1018400,0.5
1900-01-23 13:08:15,7820.0,1103287,7820.5,6231,108348,75650,32698,1097056,0.5
1900-01-23 13:08:30,7823.5,48700,7824.0,1110937,199234,51083,148151,-1062237,0.5
1900-01-23 13:08:45,7823.5,691548,7824.0,185833,447274,40377,406897,505715,0.5
1900-01-23 13:09:00,7824.5,114148,7825.0,929170,119910,43326,76584,-815022,0.5
1900-01-23 13:09:15,7818.0,933696,7818.5,124073,31206,252782,-221576,809623,0.5
1900-01-23 13:09:30,7822.0,643718,7822.5,521355,34514,3487,31027,122363,0.5
1900-01-23 13:09:45,7822.0,399882,7822.5,708657,58717,15102,43615,-308775,0.5
1900-01-23 13:10:00,7818.0,163791,7818.5,258248,11000,253538,-242538,-94457,0.5
1900-01-23 13:10:15,7816.0,45480,7816.5,1433531,34,188871,-188837,-1388051,0.5
1900-01-23 13:10:30,7818.0,797837,7818.5,196166,39840,173555,-133715,601671,0.5
1900-01-23 13:10:45,7819.5,876044,7820.0,30519,163822,11605,152217,845525,0.5
1900-01-23 13:11:00,7819.5,1539995,7820.0,50815,66125,9325,56800,1489180,0.5
1900-01-23 13:11:15,7822.0,683077,7822.5,217809,93243,5461,87782,465268,0.5
1900-01-23 13:11:30,7824.5,975232,7825.0,170641,237246,11750,225496,804591,0.5
1900-01-23 13:11:45,7824.5,287149,7825.0,911308,27339,19170,8169,-624159,0.5
1900-01-23 13:12:00,7822.5,564171,7823.0,220539,85274,28752,56522,343632,0.5
1900-01-23 13:12:15,7823.5,406615,7824.0,598356,246575,2634,243941,-191741,0.5
1900-01-23 13:12:30,7823.5,184074,7824.0,636853,52565,108908,-56343,-452779,0.5
1900-01-23 13:12:45,7823.5,501477,7824.0,340942,16325,31149,-14824,160535,0.5
1900-01-23 13:13:00,7823.5,345474,7824.0,670925,24231,28003,-3772,-325451,0.5
1900-01-23 13:13:15,7823.0,54076,7823.5,939555,34819,181202,-146383,-885479,0.5
1900-01-23 13:13:30,7822.5,86405,7823.0,915584,100,179171,-179071,-829179,0.5
1900-01-23 13:13:45,7815.0,424441,7815.5,405182,7610,125266,-117656,19259,0.5
1900-01-23 13:14:00,7815.0,189495,7815.5,586752,40342,27480,12862,-397257,0.5
1900-01-23 13:14:15,7819.5,245840,7820.0,297185,134745,103118,31627,-51345,0.5
1900-01-23 13:14:30,7819.5,721093,7820.0,273108,27411,51543,-24132,447985,0.5
1900-01-23 13:14:45,7819.5,831060,7820.0,298945,8552,200,8352,532115,0.5
1900-01-23 13:15:00,7819.5,1020204,7820.0,389390,92408,8549,83859,630814,0.5
1900-01-23 13:15:15,7823.0,200000,7823.5,18,220848,6743,214105,199982,0.5
1900-01-23 13:15:30,7825.5,1870574,7826.0,7708,224283,15266,209017,1862866,0.5
1900-01-23 13:15:45,7834.0,237626,7834.5,539107,167748,3804,163944,-301481,0.5
1900-01-23 13:16:00,7834.0,710894,7834.5,133319,407095,240845,166250,577575,0.5
1900-01-23 13:16:15,7834.0,658876,7834.5,692691,71977,11611,60366,-33815,0.5
1900-01-23 13:16:30,7834.0,928873,7834.5,357496,41913,23616,18297,571377,0.5
1900-01-23 13:16:45,7839.5,280243,7840.0,283215,109326,16760,92566,-2972,0.5
1900-01-23 13:17:00,7839.5,3487742,7840.0,46191,207120,16347,190773,3441551,0.5
1900-01-23 13:17:15,7840.0,35700,7840.5,777541,109997,182411,-72414,-741841,0.5
1900-01-23 13:17:30,7837.5,250718,7838.0,709168,21031,223518,-202487,-458450,0.5
1900-01-23 13:17:45,7837.0,55313,7837.5,855619,24198,121223,-97025,-800306,0.5
1900-01-23 13:18:00,7837.0,579919,7837.5,303730,23434,97338,-73904,276189,0.5
1900-01-23 13:18:15,7837.0,758491,7837.5,278513,132632,80135,52497,479978,0.5
1900-01-23 13:18:30,7838.0,916198,7838.5,55141,44681,27736,16945,861057,0.5
1900-01-23 13:18:45,7842.5,7775,7843.0,542329,72761,177686,-104925,-534554,0.5
1900-01-23 13:19:00,7837.5,576020,7838.0,686092,3421,80770,-77349,-110072,0.5
1900-01-23 13:19:15,7837.5,242208,7838.0,947993,525,32900,-32375,-705785,0.5
1900-01-23 13:19:30,7837.0,51914,7837.5,237709,17876,85614,-67738,-185795,0.5
1900-01-23 13:19:45,7833.5,902834,7834.0,128971,33321,145919,-112598,773863,0.5
1900-01-23 13:20:00,7833.5,1703485,7834.0,251763,149679,21885,127794,1451722,0.5
1900-01-23 13:20:15,7834.0,880892,7834.5,308780,93897,50448,43449,572112,0.5
1900-01-23 13:20:30,7834.5,848014,7835.0,115327,121350,3323,118027,732687,0.5
1900-01-23 13:20:45,7836.0,304502,7836.5,58089,79238,1051,78187,246413,0.5
1900-01-23 13:21:00,7836.0,529540,7836.5,548247,1324,55350,-54026,-18707,0.5
1900-01-23 13:21:15,7835.0,79050,7835.5,780439,22125,102437,-80312,-701389,0.5
1900-01-23 13:21:30,7833.5,108662,7834.0,769187,601,50232,-49631,-660525,0.5
1900-01-23 13:21:45,7833.5,48968,7834.0,756804,6017,71711,-65694,-707836,0.5
1900-01-23 13:22:00,7832.0,1058080,7832.5,233287,1560,93933,-92373,824793,0.5
1900-01-23 13:22:15,7832.0,715405,7832.5,398235,31300,63970,-32670,317170,0.5
1900-01-23 13:22:30,7830.0,190978,7830.5,861151,9958,182630,-172672,-670173,0.5
1900-01-23 13:22:45,7826.5,474819,7827.0,565876,136,248138,-248002,-91057,0.5
1900-01-23 13:23:00,7826.5,1087122,7827.0,116962,81761,74343,7418,970160,0.5
1900-01-23 13:23:15,7826.5,837586,7827.0,275159,45012,25301,19711,562427,0.5
1900-01-23 13:23:30,7826.5,386454,7827.0,604693,19498,21168,-1670,-218239,0.5
1900-01-23 13:23:45,7825.5,42676,7826.0,933476,12001,60316,-48315,-890800,0.5
1900-01-23 13:24:00,7825.0,910313,7825.5,825219,6630,156026,-149396,85094,0.5
1900-01-23 13:24:15,7825.0,870980,7825.5,925193,21582,69492,-47910,-54213,0.5
1900-01-23 13:24:30,7825.0,1107898,7825.5,369569,48507,92108,-43601,738329,0.5
1900-01-23 13:24:45,7829.5,814183,7830.0,11377,410650,25819,384831,802806,0.5
1900-01-23 13:25:00,7834.0,1051416,7835.0,10461,41039,4559,36480,1040955,1.0
1900-01-23 13:25:15,7833.0,9881,7833.5,681669,57474,365535,-308061,-671788,0.5
1900-01-23 13:25:30,7827.0,86173,7827.5,1122599,25405,250729,-225324,-1036426,0.5
1900-01-23 13:25:45,7821.5,329729,7822.0,1198284,105248,137927,-32679,-868555,0.5
1900-01-23 13:26:00,7820.0,234988,7820.5,688133,250,101594,-101344,-453145,0.5
1900-01-23 13:26:15,7819.5,354691,7820.0,218729,12025,332214,-320189,135962,0.5
1900-01-23 13:26:30,7823.5,219503,7824.0,599795,64879,138875,-73996,-380292,0.5
1900-01-23 13:26:45,7824.0,792748,7824.5,316047,69427,13394,56033,476701,0.5
1900-01-23 13:27:00,7824.0,645021,7824.5,485672,136352,7166,129186,159349,0.5
1900-01-23 13:27:15,7826.5,1085209,7827.0,88547,127519,144,127375,996662,0.5
1900-01-23 13:27:30,7827.5,1300618,7828.0,12558,61299,500,60799,1288060,0.5
1900-01-23 13:27:45,7829.5,1041534,7830.0,134825,103938,1365,102573,906709,0.5
1900-01-23 13:28:00,7830.5,1246740,7831.0,3583,66053,3462,62591,1243157,0.5
1900-01-23 13:28:15,7832.5,631329,7833.0,825999,114177,1710,112467,-194670,0.5
1900-01-23 13:28:30,7834.0,729194,7834.5,469696,59637,11072,48565,259498,0.5
1900-01-23 13:28:45,7834.0,74546,7834.5,788406,76843,149980,-73137,-713860,0.5
1900-01-23 13:29:00,7833.0,58719,7833.5,818300,10450,28853,-18403,-759581,0.5
1900-01-23 13:29:15,7833.0,305714,7833.5,786978,1050,28995,-27945,-481264,0.5
1900-01-23 13:29:30,7833.0,88403,7833.5,882060,1404,117843,-116439,-793657,0.5
1900-01-23 13:29:45,7831.5,79006,7832.0,877676,930,69426,-68496,-798670,0.5
1900-01-23 13:30:00,7820.0,506,7820.5,322806,5753,496376,-490623,-322300,0.5
1900-01-23 13:30:15,7819.0,1352155,7819.5,92245,45705,94907,-49202,1259910,0.5
1900-01-23 13:30:30,7828.5,144203,7829.0,1004735,89927,130013,-40086,-860532,0.5
1900-01-23 13:30:45,7827.0,214530,7827.5,1060997,47090,66605,-19515,-846467,0.5
1900-01-23 13:31:00,7824.0,53699,7824.5,792375,13091,95903,-82812,-738676,0.5
1900-01-23 13:31:15,7824.0,625,7824.5,1088026,1210,17599,-16389,-1087401,0.5
1900-01-23 13:31:30,7820.0,143215,7820.5,877085,10,161650,-161640,-733870,0.5
1900-01-23 13:31:45,7828.5,98500,7829.0,541345,24495,8189,16306,-442845,0.5
1900-01-23 13:32:00,7827.5,58240,7828.0,1085861,6249,16730,-10481,-1027621,0.5
1900-01-23 13:32:15,7828.5,1113095,7829.0,25595,39142,190541,-151399,1087500,0.5
1900-01-23 13:32:30,7831.5,604503,7832.0,7379,28321,5666,22655,597124,0.5
1900-01-23 13:32:45,7836.5,821468,7837.0,348441,88695,8012,80683,473027,0.5
1900-01-23 13:33:00,7840.5,625012,7841.0,69448,132540,20460,112080,555564,0.5
1900-01-23 13:33:15,7840.5,506465,7841.0,268169,143723,42169,101554,238296,0.5
1900-01-23 13:33:30,7840.5,214257,7841.0,572186,59180,38858,20322,-357929,0.5
1900-01-23 13:33:45,7840.0,770518,7840.5,238046,43017,110781,-67764,532472,0.5
1900-01-23 13:34:00,7842.5,20000,7843.0,211486,79666,85610,-5944,-191486,0.5
1900-01-23 13:34:15,7842.5,1334167,7843.0,41465,170608,8201,162407,1292702,0.5
1900-01-23 13:34:30,7842.5,818066,7843.0,46764,31494,53222,-21728,771302,0.5
1900-01-23 13:34:45,7843.0,1403311,7843.5,407189,112289,14036,98253,996122,0.5
1900-01-23 13:35:00,7843.0,2001088,7843.5,690252,49319,48630,689,1310836,0.5
1900-01-23 13:35:15,7837.5,50429,7838.0,436272,14036,177503,-163467,-385843,0.5
1900-01-23 13:35:30,7836.5,1135840,7837.0,213151,10498,112940,-102442,922689,0.5
1900-01-23 13:35:45,7839.5,764994,7840.0,153448,123560,42706,80854,611546,0.5
1900-01-23 13:36:00,7839.5,491550,7840.0,5422423,52203,41636,10567,-4930873,0.5
1900-01-23 13:36:15,7836.5,36578,7837.0,877718,16820,39546,-22726,-841140,0.5
1900-01-23 13:36:30,7833.0,644202,7833.5,257498,4330,38030,-33700,386704,0.5
1900-01-23 13:36:45,7833.0,754777,7833.5,224062,30027,18348,11679,530715,0.5
1900-01-23 13:37:00,7831.0,160859,7831.5,802264,13703,69836,-56133,-641405,0.5
1900-01-23 13:37:15,7831.0,986481,7831.5,64653,14799,41917,-27118,921828,0.5
1900-01-23 13:37:30,7833.5,691842,7834.0,455491,78047,34184,43863,236351,0.5
1900-01-23 13:37:45,7833.5,930834,7834.0,60423,173657,34184,139473,870411,0.5
1900-01-23 13:38:00,7833.5,1223747,7834.0,74807,8617,14011,-5394,1148940,0.5
1900-01-23 13:38:15,7833.5,1210387,7834.0,9249,41195,1501,39694,1201138,0.5
1900-01-23 13:38:30,7834.5,1484024,7835.0,59954,21904,991,20913,1424070,0.5
1900-01-23 13:38:45,7834.5,1071624,7835.0,104521,27030,10049,16981,967103,0.5
1900-01-23 13:39:00,7834.5,984885,7835.0,79979,6627,28325,-21698,904906,0.5
1900-01-23 13:39:15,7835.5,931978,7836.0,51454,18584,28325,-9741,880524,0.5
1900-01-23 13:39:30,7835.5,1473454,7836.0,102378,59498,18,59480,1371076,0.5
1900-01-23 13:39:45,7838.0,1597462,7838.5,14945,52419,5932,46487,1582517,0.5
1900-01-23 13:40:00,7843.0,1108987,7843.5,42667,36296,11771,24525,1066320,0.5
1900-01-23 13:40:15,7843.5,528839,7844.0,778239,33094,19935,13159,-249400,0.5
1900-01-23 13:40:30,7848.0,1852998,7848.5,53428,145272,58672,86600,1799570,0.5
1900-01-23 13:40:45,7866.5,46349,7867.0,106218,466120,32739,433381,-59869,0.5
1900-01-23 13:41:00,7867.0,438489,7867.5,617736,566126,97343,468783,-179247,0.5
1900-01-23 13:41:15,7862.5,1132369,7863.0,88985,201237,230434,-29197,1043384,0.5
1900-01-23 13:41:30,7867.5,90120,7868.0,559667,553681,416979,136702,-469547,0.5
1900-01-23 13:41:45,7857.5,623746,7858.0,621262,28969,320334,-291365,2484,0.5
1900-01-23 13:42:00,7866.5,604023,7867.0,599420,298885,69638,229247,4603,0.5
1900-01-23 13:42:15,7864.0,56429,7864.5,546898,86360,306247,-219887,-490469,0.5
1900-01-23 13:42:30,7864.0,577686,7864.5,636075,67792,337010,-269218,-58389,0.5
1900-01-23 13:42:45,7864.0,760965,7864.5,170769,169177,45220,123957,590196,0.5
1900-01-23 13:43:00,7867.5,473469,7868.0,11805,102919,202965,-100046,461664,0.5
1900-01-23 13:43:15,7879.5,217351,7880.0,164763,452125,36444,415681,52588,0.5
1900-01-23 13:43:30,7862.0,239993,7862.5,602272,596353,264051,332302,-362279,0.5
1900-01-23 13:43:45,7862.0,362876,7862.5,517236,200720,322783,-122063,-154360,0.5
1900-01-23 13:44:00,7862.0,205661,7862.5,874080,36624,380322,-343698,-668419,0.5
1900-01-23 13:44:15,7856.0,715506,7856.5,475291,80299,223109,-142810,240215,0.5
1900-01-23 13:44:30,7854.0,191727,7854.5,571665,23282,353852,-330570,-379938,0.5
1900-01-23 13:44:45,7854.0,552719,7854.5,213305,45488,98414,-52926,339414,0.5
1900-01-23 13:45:00,7854.0,501146,7854.5,763115,126103,52233,73870,-261969,0.5
1900-01-23 13:45:15,7854.0,1358568,7854.5,31965,108421,30955,77466,1326603,0.5
1900-01-23 13:45:30,7861.5,863400,7862.0,367768,99997,25290,74707,495632,0.5
1900-01-23 13:45:45,7867.5,1004004,7868.0,13647,87559,454,87105,990357,0.5
1900-01-23 13:46:00,7867.5,68973,7868.0,1116888,251558,117532,134026,-1047915,0.5
1900-01-23 13:46:15,7861.5,86885,7862.0,789477,13650,105621,-91971,-702592,0.5
1900-01-23 13:46:30,7861.0,12824,7861.5,1180594,5102,64889,-59787,-1167770,0.5
1900-01-23 13:46:45,7861.0,596156,7861.5,236478,63701,66624,-2923,359678,0.5
1900-01-23 13:47:00,7861.0,764742,7861.5,67246,71206,39532,31674,697496,0.5
1900-01-23 13:47:15,7862.5,1424513,7863.0,4282,12557,1166,11391,1420231,0.5
1900-01-23 13:47:30,7864.0,51154,7864.5,829607,64356,102934,-38578,-778453,0.5
1900-01-23 13:47:45,7861.5,37389,7862.0,858182,615,42291,-41676,-820793,0.5
1900-01-23 13:48:00,7861.0,235127,7861.5,955288,143926,94636,49290,-720161,0.5
1900-01-23 13:48:15,7860.0,2331,7860.5,1081966,7360,81748,-74388,-1079635,0.5
1900-01-23 13:48:30,7859.5,305099,7860.0,820210,1131,58585,-57454,-515111,0.5
1900-01-23 13:48:45,7859.5,176407,7860.0,1063320,14944,14001,943,-886913,0.5
1900-01-23 13:49:00,7855.0,233931,7855.5,950195,4202,1075135,-1070933,-716264,0.5
1900-01-23 13:49:15,7854.0,120012,7854.5,937840,3856,115428,-111572,-817828,0.5
1900-01-23 13:49:30,7853.0,40586,7853.5,1214646,3954,135399,-131445,-1174060,0.5
1900-01-23 13:49:45,7852.5,236,7853.0,1301450,7673,58744,-51071,-1301214,0.5
1900-01-23 13:50:00,7844.5,2069,7845.0,730562,7699,186216,-178517,-728493,0.5
1900-01-23 13:50:15,7845.5,656371,7846.0,1173,70930,191795,-120865,655198,0.5
1900-01-23 13:50:30,7847.0,472930,7847.5,3395,180918,11206,169712,469535,0.5
1900-01-23 13:50:45,7847.0,467977,7847.5,901940,22662,24536,-1874,-433963,0.5
1900-01-23 13:51:00,7847.0,684725,7847.5,469695,82770,7426,75344,215030,0.5
1900-01-23 13:51:15,7847.0,114840,7847.5,919311,13020,29879,-16859,-804471,0.5
1900-01-23 13:51:30,7847.0,78316,7847.5,971599,15518,31522,-16004,-893283,0.5
1900-01-23 13:51:45,7847.0,10285,7847.5,1363584,20722,54192,-33470,-1353299,0.5
1900-01-23 13:52:00,7845.0,49016,7845.5,1405531,5712,86821,-81109,-1356515,0.5
1900-01-23 13:52:15,7840.5,8360,7841.0,847749,4752,82415,-77663,-839389,0.5
1900-01-23 13:52:30,7841.0,302333,7841.5,5964,115981,25371,90610,296369,0.5
1900-01-23 13:52:45,7842.5,200074,7843.0,1252821,158156,63173,94983,-1052747,0.5
1900-01-23 13:53:00,7842.5,800298,7843.0,254773,74433,810,73623,545525,0.5
1900-01-23 13:53:15,7842.5,874029,7843.0,322178,4135,660,3475,551851,0.5
1900-01-23 13:53:30,7846.0,10000,7846.5,5935,72972,2422,70550,4065,0.5
1900-01-23 13:53:45,7846.5,1172421,7847.0,155802,87250,5002,82248,1016619,0.5
1900-01-23 13:54:00,7846.5,1183925,7847.0,65659,130398,1020,129378,1118266,0.5
1900-01-23 13:54:15,7848.5,723033,7849.0,820535,63238,2002,61236,-97502,0.5
1900-01-23 13:54:30,7848.5,1340037,7849.0,46164,97546,18,97528,1293873,0.5
1900-01-23 13:54:45,7849.5,1128814,7850.0,375552,77992,41799,36193,753262,0.5
1900-01-23 13:55:00,7850.5,1368810,7851.0,14873,72696,41799,30897,1353937,0.5
1900-01-23 13:55:15,7851.5,1245123,7852.0,13456,20607,571,20036,1231667,0.5
1900-01-23 13:55:30,7853.5,1140235,7854.0,120348,41527,2274,39253,1019887,0.5
1900-01-23 13:55:45,7862.0,892651,7862.5,47564,117840,2343,115497,845087,0.5
1900-01-23 13:56:00,7862.0,632520,7862.5,679759,62640,5257,57383,-47239,0.5
1900-01-23 13:56:15,7862.0,425904,7862.5,524670,46482,104159,-57677,-98766,0.5
1900-01-23 13:56:30,7862.0,486676,7862.5,520661,37831,8361,29470,-33985,0.5
1900-01-23 13:56:45,7862.0,578050,7862.5,451786,141500,39457,102043,126264,0.5
1900-01-23 13:57:00,7862.0,652129,7862.5,435023,17918,16375,1543,217106,0.5
1900-01-23 13:57:15,7862.0,570502,7862.5,738519,38994,62465,-23471,-168017,0.5
1900-01-23 13:57:30,7862.0,819491,7862.5,930948,1571,169723,-168152,-111457,0.5
1900-01-23 13:57:45,7862.0,790842,7862.5,802889,117052,40012,77040,-12047,0.5
1900-01-23 13:58:00,7862.5,863885,7863.0,348952,50635,7131,43504,514933,0.5
1900-01-23 13:58:15,7862.5,1176947,7863.0,61171,55312,12486,42826,1115776,0.5
1900-01-23 13:58:30,7864.5,1088576,7865.0,173873,346161,740,345421,914703,0.5
1900-01-23 13:58:45,7866.0,180472,7866.5,96024,86876,4476,82400,84448,0.5
1900-01-23 13:59:00,7866.0,290706,7866.5,848655,31001,113199,-82198,-557949,0.5
1900-01-23 13:59:15,7868.5,799584,7869.0,3405,37601,17737,19864,796179,0.5
1900-01-23 13:59:30,7869.5,970960,7870.0,230874,136662,8744,127918,740086,0.5
1900-01-23 13:59:45,7872.5,289430,7873.0,565279,375993,20529,355464,-275849,0.5
1900-01-23 14:00:00,7864.5,10780,7865.0,1208910,134987,32526,102461,-1198130,0.5
1900-01-23 14:00:15,7867.0,80610,7867.5,681730,77367,257373,-180006,-601120,0.5
1900-01-23 14:00:30,7865.0,173867,7865.5,793832,8689,236063,-227374,-619965,0.5
1900-01-23 14:00:45,7860.5,322555,7861.0,692539,52552,70604,-18052,-369984,0.5
1900-01-23 14:01:00,7860.0,135649,7860.5,1008152,12300,140204,-127904,-872503,0.5
1900-01-23 14:01:15,7859.5,1807,7860.0,904791,12963,22907,-9944,-902984,0.5
1900-01-23 14:01:30,7855.5,742060,7856.0,563729,13168,165530,-152362,178331,0.5
1900-01-23 14:01:45,7857.5,1068195,7858.0,773,43354,30915,12439,1067422,0.5
1900-01-23 14:02:00,7859.5,778897,7860.0,65861,114078,18176,95902,713036,0.5
1900-01-23 14:02:15,7861.0,1173914,7861.5,16744,30913,20108,10805,1157170,0.5
1900-01-23 14:02:30,7861.0,1035503,7861.5,57901,4301,50000,-45699,977602,0.5
1900-01-23 14:02:45,7861.0,224048,7861.5,690565,15400,21974,-6574,-466517,0.5
1900-01-23 14:03:00,7855.0,1115748,7855.5,336157,4000,139317,-135317,779591,0.5
1900-01-23 14:03:15,7858.5,69539,7859.0,404319,38713,46765,-8052,-334780,0.5
1900-01-23 14:03:30,7855.0,298101,7855.5,721916,16995,106852,-89857,-423815,0.5
1900-01-23 14:03:45,7854.5,55195,7855.0,729393,11500,99767,-88267,-674198,0.5
1900-01-23 14:04:00,7854.5,798427,7855.0,304508,35150,32148,3002,493919,0.5
1900-01-23 14:04:15,7854.5,1061581,7855.0,68038,9748,830,8918,993543,0.5
1900-01-23 14:04:30,7854.5,905252,7855.0,260221,12037,69775,-57738,645031,0.5
1900-01-23 14:04:45,7855.5,800393,7856.0,11320,59923,3714,56209,789073,0.5
1900-01-23 14:05:00,7857.5,682438,7858.0,356708,14132,9253,4879,325730,0.5
1900-01-23 14:05:15,7857.5,819122,7858.0,386976,88705,13619,75086,432146,0.5
1900-01-23 14:05:30,7857.5,722254,7858.0,340054,86735,17160,69575,382200,0.5
1900-01-23 14:05:45,7857.5,944403,7858.0,217936,15209,24001,-8792,726467,0.5
1900-01-23 14:06:00,7857.5,1115158,7858.0,17298,84182,22105,62077,1097860,0.5
1900-01-23 14:06:15,7859.0,811164,7859.5,60479,25391,360,25031,750685,0.5
1900-01-23 14:06:30,7859.0,1033622,7859.5,21251,19831,1625,18206,1012371,0.5
1900-01-23 14:06:45,7859.5,733946,7860.0,363028,148496,50,148446,370918,0.5
1900-01-23 14:07:00,7860.0,818302,7860.5,1358,256112,400,255712,816944,0.5
1900-01-23 14:07:15,7860.5,877579,7861.0,191973,9685,1763,7922,685606,0.5
1900-01-23 14:07:30,7860.5,1188017,7861.0,23134,24473,100,24373,1164883,0.5
1900-01-23 14:07:45,7861.5,957131,7862.0,31573,6655,4,6651,925558,0.5
1900-01-23 14:08:00,7864.0,862940,7864.5,152882,77401,5141,72260,710058,0.5
1900-01-23 14:08:15,7864.0,174209,7864.5,906732,21699,112028,-90329,-732523,0.5
1900-01-23 14:08:30,7861.5,546291,7862.0,461514,659,41555,-40896,84777,0.5
1900-01-23 14:08:45,7861.5,10566,7862.0,1143540,2000,62724,-60724,-1132974,0.5
1900-01-23 14:09:00,7861.5,86425,7862.0,965324,1099,52911,-51812,-878899,0.5
1900-01-23 14:09:15,7861.5,223480,7862.0,789195,760,22192,-21432,-565715,0.5
1900-01-23 14:09:30,7860.5,394994,7861.0,717517,45862,22715,23147,-322523,0.5
1900-01-23 14:09:45,7860.5,274284,7861.0,737319,13830,9853,3977,-463035,0.5
1900-01-23 14:10:00,7860.5,407324,7861.0,822714,14445,21357,-6912,-415390,0.5
1900-01-23 14:10:15,7860.5,469354,7861.0,828394,6115,56466,-50351,-359040,0.5
1900-01-23 14:10:30,7860.5,1032385,7861.0,291011,31633,58000,-26367,741374,0.5
1900-01-23 14:10:45,7860.5,1018521,7861.0,180978,99665,10608,89057,837543,0.5
1900-01-23 14:11:00,7860.5,989852,7861.0,6967,89635,390,89245,982885,0.5
1900-01-23 14:11:15,7871.0,611674,7871.5,5851,63154,2100,61054,605823,0.5
1900-01-23 14:11:30,7873.0,705756,7873.5,50987,219950,2875,217075,654769,0.5
1900-01-23 14:11:45,7874.0,579166,7874.5,320932,138114,24625,113489,258234,0.5
1900-01-23 14:12:00,7863.5,401152,7864.0,179810,20229,348149,-327920,221342,0.5
1900-01-23 14:12:15,7870.5,765005,7871.0,318975,73087,94711,-21624,446030,0.5
1900-01-23 14:12:30,7889.5,69467,7890.0,130547,965191,12982,952209,-61080,0.5
1900-01-23 14:12:45,7869.0,1037461,7869.5,76350,91473,347710,-256237,961111,0.5
1900-01-23 14:13:00,7877.0,1446087,7877.5,23270,218902,43311,175591,1422817,0.5
1900-01-23 14:13:15,7880.0,9591,7880.5,28015,185537,113327,72210,-18424,0.5
1900-01-23 14:13:30,7870.0,1686834,7870.5,44412,38228,136729,-98501,1642422,0.5
1900-01-23 14:13:45,7873.5,269175,7874.0,2998,94459,100566,-6107,266177,0.5
1900-01-23 14:14:00,7870.0,270737,7870.5,104393,61449,210546,-149097,166344,0.5
1900-01-23 14:14:15,7870.0,6072119,7870.5,108823,36468,68474,-32006,5963296,0.5
1900-01-23 14:14:30,7865.0,66856,7865.5,283031,80193,55183,25010,-216175,0.5
1900-01-23 14:14:45,7865.0,1153550,7865.5,110322,48334,39434,8900,1043228,0.5
1900-01-23 14:15:00,7865.0,1049569,7865.5,1919,113354,41519,71835,1047650,0.5
1900-01-23 14:15:15,7870.0,55888,7870.5,776438,21551,10471,11080,-720550,0.5
1900-01-23 14:15:30,7867.5,148557,7868.0,864418,16048,19476,-3428,-715861,0.5
1900-01-23 14:15:45,7867.0,44767,7867.5,1040061,17075,58858,-41783,-995294,0.5
1900-01-23 14:16:00,7867.0,46063,7867.5,962589,65175,18303,46872,-916526,0.5
1900-01-23 14:16:15,7867.0,403996,7867.5,840230,10349,15831,-5482,-436234,0.5
1900-01-23 14:16:30,7868.5,915286,7869.0,43324,32324,6385,25939,871962,0.5
1900-01-23 14:16:45,7870.0,820843,7870.5,310068,15773,5500,10273,510775,0.5
1900-01-23 14:17:00,7870.0,45745,7870.5,1348552,1795,72734,-70939,-1302807,0.5
1900-01-23 14:17:15,7868.0,779315,7868.5,825257,40463,5144,35319,-45942,0.5
1900-01-23 14:17:30,7866.5,31870,7867.0,1267115,6338,128489,-122151,-1235245,0.5
1900-01-23 14:17:45,7866.0,1054228,7866.5,243576,28405,116742,-88337,810652,0.5
1900-01-23 14:18:00,7867.5,924905,7868.0,103210,30233,1863,28370,821695,0.5
1900-01-23 14:18:15,7867.5,925621,7868.0,107609,27104,2000,25104,818012,0.5
1900-01-23 14:18:30,7867.5,5875565,7868.0,111309,6635,1460,5175,5764256,0.5
1900-01-23 14:18:45,7867.5,889238,7868.0,198282,51247,88993,-37746,690956,0.5
1900-01-23 14:19:00,7867.5,496010,7868.0,1238177,6372,34552,-28180,-742167,0.5
1900-01-23 14:19:15,7867.5,931337,7868.0,231736,36865,189190,-152325,699601,0.5
1900-01-23 14:19:30,7867.5,538989,7868.0,638756,9151,7857,1294,-99767,0.5
1900-01-23 14:19:45,7867.5,887990,7868.0,606278,9400,2540,6860,281712,0.5
1900-01-23 14:20:00,7867.5,1012535,7868.0,225021,3323,3500,-177,787514,0.5
1900-01-23 14:20:15,7867.5,6192346,7868.0,75268,49876,58500,-8624,6117078,0.5
1900-01-23 14:20:30,7869.5,1006350,7870.0,88923,106924,4926,101998,917427,0.5
1900-01-23 14:20:45,7870.5,1089389,7871.0,21659,10775,3227,7548,1067730,0.5
1900-01-23 14:21:00,7870.5,517444,7871.0,1308707,16015,7038,8977,-791263,0.5
1900-01-23 14:21:15,7870.5,70310,7871.0,1453072,82200,161439,-79239,-1382762,0.5
1900-01-23 14:21:30,7869.5,179026,7870.0,1073710,10900,49499,-38599,-894684,0.5
1900-01-23 14:21:45,7869.5,707700,7870.0,938072,4560,38378,-33818,-230372,0.5
1900-01-23 14:22:00,7869.5,419687,7870.0,905597,11174,13661,-2487,-485910,0.5
1900-01-23 14:22:15,7869.5,909711,7870.0,368249,5701,25000,-19299,541462,0.5
1900-01-23 14:22:30,7871.5,1758035,7872.0,103536,40071,10455,29616,1654499,0.5
1900-01-23 14:22:45,7875.5,888048,7876.0,22629,38372,2845,35527,865419,0.5
1900-01-23 14:23:00,7877.5,812749,7878.0,220423,174719,13781,160938,592326,0.5
1900-01-23 14:23:15,7878.5,997953,7879.0,104551,47366,4367,42999,893402,0.5
1900-01-23 14:23:30,7879.5,661491,7880.0,109157,106983,33350,73633,552334,0.5
1900-01-23 14:23:45,7869.0,370016,7869.5,929211,16989,286018,-269029,-559195,0.5
1900-01-23 14:24:00,7871.5,1139325,7872.0,29678,85388,247197,-161809,1109647,0.5
1900-01-23 14:24:15,7875.5,353178,7876.0,758237,24816,10210,14606,-405059,0.5
1900-01-23 14:24:30,7872.5,845686,7873.0,163317,25172,60671,-35499,682369,0.5
1900-01-23 14:24:45,7872.5,317838,7873.0,791745,9235,16068,-6833,-473907,0.5
1900-01-23 14:25:00,7872.5,833343,7873.0,179998,21994,17919,4075,653345,0.5
1900-01-23 14:25:15,7872.5,927629,7873.0,145280,20119,1405,18714,782349,0.5
1900-01-23 14:25:30,7874.5,489417,7875.0,16033,16502,12022,4480,473384,0.5
1900-01-23 14:25:45,7877.5,1207899,7878.0,1676396,15895,84211,-68316,-468497,0.5
1900-01-23 14:26:00,7877.5,1458846,7878.0,1521885,127628,21060,106568,-63039,0.5
1900-01-23 14:26:15,7877.5,910569,7878.0,1281279,237083,32507,204576,-370710,0.5
1900-01-23 14:26:30,7877.0,488705,7877.5,1176161,66679,242450,-175771,-687456,0.5
1900-01-23 14:26:45,7877.0,305655,7877.5,1052146,47543,275178,-227635,-746491,0.5
1900-01-23 14:27:00,7877.0,826623,7877.5,355207,1973,173880,-171907,471416,0.5
1900-01-23 14:27:15,7877.0,896361,7877.5,393261,16855,6300,10555,503100,0.5
1900-01-23 14:27:30,7893.5,44700,7894.0,70758,1770955,11538,1759417,-26058,0.5
1900-01-23 14:27:45,7882.5,124279,7883.0,286413,145100,337137,-192037,-162134,0.5
1900-01-23 14:28:00,7884.0,226689,7884.5,14027,135289,12765,122524,212662,0.5
1900-01-23 14:28:15,7886.0,440134,7886.5,373306,197980,27876,170104,66828,0.5
1900-01-23 14:28:30,7886.0,1006013,7886.5,858337,54026,9560,44466,147676,0.5
1900-01-23 14:28:45,7886.0,1447433,7886.5,25999,443703,113993,329710,1421434,0.5
1900-01-23 14:29:00,7893.0,1173558,7893.5,48179,121147,62493,58654,1125379,0.5
1900-01-23 14:29:15,7886.5,289296,7887.0,547302,213220,270661,-57441,-258006,0.5
1900-01-23 14:29:30,7886.0,2082299,7886.5,20000,60738,24431,36307,2062299,0.5
1900-01-23 14:29:45,7887.0,1406777,7887.5,81573,58555,35649,22906,1325204,0.5
1900-01-23 14:30:00,7889.5,458393,7890.0,270440,53158,44205,8953,187953,0.5
1900-01-23 14:30:15,7889.5,85570,7890.0,749422,89883,19886,69997,-663852,0.5
1900-01-23 14:30:30,7886.0,482723,7886.5,706896,26098,95041,-68943,-224173,0.5
1900-01-23 14:30:45,7885.5,224941,7886.0,229535,80680,365095,-284415,-4594,0.5
1900-01-23 14:31:00,7878.5,32253,7879.0,223697,7454,325128,-317674,-191444,0.5
1900-01-23 14:31:15,7877.0,1076127,7877.5,402927,13596,393943,-380347,673200,0.5
1900-01-23 14:31:30,7879.5,988172,7880.0,189335,178986,49315,129671,798837,0.5
1900-01-23 14:31:45,7881.0,677949,7881.5,445144,47582,3156,44426,232805,0.5
1900-01-23 14:32:00,7881.0,1567635,7881.5,20019,64112,1250,62862,1547616,0.5
1900-01-23 14:32:15,7884.0,426019,7884.5,520876,121178,10351,110827,-94857,0.5
1900-01-23 14:32:30,7884.0,1545489,7884.5,14468,41151,89868,-48717,1531021,0.5
1900-01-23 14:32:45,7884.0,665774,7884.5,485888,12810,24909,-12099,179886,0.5
1900-01-23 14:33:00,7884.0,561814,7884.5,604736,19470,6963,12507,-42922,0.5
1900-01-23 14:33:15,7880.0,125441,7880.5,830671,8535,297078,-288543,-705230,0.5
1900-01-23 14:33:30,7879.5,102383,7880.0,1171293,4184,136750,-132566,-1068910,0.5
1900-01-23 14:33:45,7878.0,132661,7878.5,1063233,6000,289844,-283844,-930572,0.5
1900-01-23 14:34:00,7877.0,40735,7877.5,1290178,3002,215741,-212739,-1249443,0.5
1900-01-23 14:34:15,7876.0,421336,7876.5,507282,8202,88121,-79919,-85946,0.5
1900-01-23 14:34:30,7875.5,49568,7876.0,878256,12252,129292,-117040,-828688,0.5
1900-01-23 14:34:45,7875.0,322035,7875.5,967368,450,74316,-73866,-645333,0.5
1900-01-23 14:35:00,7875.0,912114,7875.5,1470249,2291,269800,-267509,-558135,0.5
1900-01-23 14:35:15,7875.0,182603,7875.5,1790841,9500,137443,-127943,-1608238,0.5
1900-01-23 14:35:30,7874.0,25645,7874.5,1492148,2105,130539,-128434,-1466503,0.5
1900-01-23 14:35:45,7872.5,228407,7873.0,2098015,101,111963,-111862,-1869608,0.5
1900-01-23 14:36:00,7863.5,18528,7864.0,38849,5873,174870,-168997,-20321,0.5
1900-01-23 14:36:15,7866.0,667497,7866.5,564185,99480,80161,19319,103312,0.5
1900-01-23 14:36:30,7866.0,1481850,7866.5,284731,48226,5415,42811,1197119,0.5
1900-01-23 14:36:45,7866.0,1777498,7866.5,310606,165752,4627,161125,1466892,0.5
1900-01-23 14:37:00,7870.0,1578763,7870.5,85758,179912,7263,172649,1493005,0.5
1900-01-23 14:37:15,7870.0,1715199,7870.5,105636,66853,26190,40663,1609563,0.5
1900-01-23 14:37:30,7870.5,1544997,7871.0,50418,77140,2070,75070,1494579,0.5
1900-01-23 14:37:45,7870.5,1433926,7871.0,218783,19741,12306,7435,1215143,0.5
1900-01-23 14:38:00,7870.5,1673369,7871.0,8113,86900,10181,76719,1665256,0.5
1900-01-23 14:38:15,7871.5,1511628,7872.0,37169,64540,60,64480,1474459,0.5
1900-01-23 14:38:30,7877.5,763629,7878.0,964848,157203,13812,143391,-201219,0.5
1900-01-23 14:38:45,7877.5,1696545,7878.0,12942,48343,1000,47343,1683603,0.5
1900-01-23 14:39:00,7880.5,770388,7881.0,43413,52971,2502,50469,726975,0.5
1900-01-23 14:39:15,7880.5,1234136,7881.0,652024,110754,3001,107753,582112,0.5
1900-01-23 14:39:30,7880.5,1064912,7881.0,863193,23840,53133,-29293,201719,0.5
1900-01-23 14:39:45,7878.0,55188,7878.5,723693,4201,307686,-303485,-668505,0.5
1900-01-23 14:40:00,7874.5,183977,7875.0,785354,4154,130408,-126254,-601377,0.5
1900-01-23 14:40:15,7873.0,90566,7873.5,550069,6927,14575,-7648,-459503,0.5
1900-01-23 14:40:30,7873.0,943952,7873.5,96198,30215,19757,10458,847754,0.5
1900-01-23 14:40:45,7874.0,363005,7874.5,672937,13146,8892,4254,-309932,0.5
1900-01-23 14:41:00,7873.5,13021,7874.0,1124884,1531,22722,-21191,-1111863,0.5
1900-01-23 14:41:15,7872.0,138281,7872.5,737336,322,20043,-19721,-599055,0.5
1900-01-23 14:41:30,7872.0,144973,7872.5,807472,3122,10571,-7449,-662499,0.5
1900-01-23 14:41:45,7872.0,105653,7872.5,964410,1018,26198,-25180,-858757,0.5
1900-01-23 14:42:00,7871.0,86818,7871.5,288344,306,20551,-20245,-201526,0.5
1900-01-23 14:42:15,7868.5,4848,7869.0,1351203,15002,153177,-138175,-1346355,0.5
1900-01-23 14:42:30,7866.0,848918,7866.5,413201,34329,158866,-124537,435717,0.5
1900-01-23 14:42:45,7866.0,913559,7866.5,367790,35721,31463,4258,545769,0.5
1900-01-23 14:43:00,7866.0,52172,7866.5,713708,10909,97694,-86785,-661536,0.5
1900-01-23 14:43:15,7865.5,19080,7866.0,1037711,6990,101799,-94809,-1018631,0.5
1900-01-23 14:43:30,7864.0,9365,7864.5,420194,739,67115,-66376,-410829,0.5
1900-01-23 14:43:45,7864.0,975478,7864.5,210986,4155,27900,-23745,764492,0.5
1900-01-23 14:44:00,7868.0,421229,7868.5,9858,119701,11490,108211,411371,0.5
1900-01-23 14:44:15,7868.5,371930,7869.0,569365,40999,3690,37309,-197435,0.5
1900-01-23 14:44:30,7868.5,850437,7869.0,199299,37666,6138,31528,651138,0.5
1900-01-23 14:44:45,7868.5,884825,7869.0,105444,22333,76680,-54347,779381,0.5
1900-01-23 14:45:00,7868.5,814069,7869.0,242258,7123,11948,-4825,571811,0.5
1900-01-23 14:45:15,7868.5,728569,7869.0,344374,8262,51000,-42738,384195,0.5
1900-01-23 14:45:30,7868.5,175989,7869.0,1029699,18145,3816,14329,-853710,0.5
1900-01-23 14:45:45,7868.5,692717,7869.0,140812,174498,23928,150570,551905,0.5
1900-01-23 14:46:00,7869.5,815106,7870.0,416884,43307,23928,19379,398222,0.5
1900-01-23 14:46:15,7870.5,727332,7871.0,121054,56457,1230,55227,606278,0.5
1900-01-23 14:46:30,7873.5,770657,7874.0,356975,25373,350,25023,413682,0.5
1900-01-23 14:46:45,7873.5,897468,7874.0,52527,59428,2401,57027,844941,0.5
1900-01-23 14:47:00,7873.5,68095,7874.0,1098287,269,21220,-20951,-1030192,0.5
1900-01-23 14:47:15,7873.0,22966,7873.5,1216316,9759,96124,-86365,-1193350,0.5
1900-01-23 14:47:30,7872.0,88681,7872.5,941812,7362,21616,-14254,-853131,0.5
1900-01-23 14:47:45,7872.0,612514,7872.5,311693,65924,56810,9114,300821,0.5
1900-01-23 14:48:00,7872.0,402349,7872.5,830780,20973,20613,360,-428431,0.5
1900-01-23 14:48:15,7872.0,128053,7872.5,1445108,20973,19539,1434,-1317055,0.5
1900-01-23 14:48:30,7868.0,116056,7868.5,339946,245,42572,-42327,-223890,0.5
1900-01-23 14:48:45,7868.0,387809,7868.5,1113453,1590,44230,-42640,-725644,0.5
1900-01-23 14:49:00,7868.0,226613,7868.5,972252,1130,179824,-178694,-745639,0.5
1900-01-23 14:49:15,7868.0,187928,7868.5,724061,7100,94422,-87322,-536133,0.5
1900-01-23 14:49:30,7868.0,197966,7868.5,953641,952,24107,-23155,-755675,0.5
1900-01-23 14:49:45,7868.0,185068,7868.5,1092501,500,43122,-42622,-907433,0.5
1900-01-23 14:50:00,7868.0,43263,7868.5,1255424,14313,72743,-58430,-1212161,0.5
1900-01-23 14:50:15,7866.5,44443,7867.0,1355959,2553,74844,-72291,-1311516,0.5
1900-01-23 14:50:30,7865.5,540,7866.0,1628618,1445,50672,-49227,-1628078,0.5
1900-01-23 14:50:45,7862.0,121544,7862.5,1366578,4998,169806,-164808,-1245034,0.5
1900-01-23 14:51:00,7859.5,460154,7860.0,754143,852,205638,-204786,-293989,0.5
1900-01-23 14:51:15,7859.5,750496,7860.0,593032,37287,99836,-62549,157464,0.5
1900-01-23 14:51:30,7859.5,1010827,7860.0,542129,27181,50326,-23145,468698,0.5
1900-01-23 14:51:45,7859.5,959786,7860.0,569581,35967,76119,-40152,390205,0.5
1900-01-23 14:52:00,7859.5,1193924,7860.0,408691,75238,5051,70187,785233,0.5
1900-01-23 14:52:15,7861.5,890104,7862.0,72682,308274,4,308270,817422,0.5
1900-01-23 14:52:30,7861.5,484671,7862.0,603244,52700,13000,39700,-118573,0.5
1900-01-23 14:52:45,7861.5,819146,7862.0,63635,109284,2301,106983,755511,0.5
1900-01-23 14:53:00,7861.5,793057,7862.0,456838,21605,5366,16239,336219,0.5
1900-01-23 14:53:15,7861.5,848736,7862.0,319472,7164,3650,3514,529264,0.5
1900-01-23 14:53:30,7864.5,360440,7865.0,934122,47105,77604,-30499,-573682,0.5
1900-01-23 14:53:45,7864.5,226595,7865.0,811197,5134,2610,2524,-584602,0.5
1900-01-23 14:54:00,7864.5,389901,7865.0,850269,3678,48679,-45001,-460368,0.5
1900-01-23 14:54:15,7864.5,50210,7865.0,992441,26759,21089,5670,-942231,0.5
1900-01-23 14:54:30,7863.5,158986,7864.0,840394,3366,65624,-62258,-681408,0.5
1900-01-23 14:54:45,7863.5,500997,7864.0,586595,10277,57415,-47138,-85598,0.5
1900-01-23 14:55:00,7864.5,796646,7865.0,158053,25098,2747,22351,638593,0.5
1900-01-23 14:55:15,7864.5,1275365,7865.0,31427,59960,2335,57625,1243938,0.5
1900-01-23 14:55:30,7868.5,643018,7869.0,571072,61030,14298,46732,71946,0.5
1900-01-23 14:55:45,7868.5,717369,7869.0,509866,139107,14298,124809,207503,0.5
1900-01-23 14:56:00,7869.5,404977,7870.0,30724,154320,6401,147919,374253,0.5
1900-01-23 14:56:15,7871.5,74147,7872.0,1051876,43470,4399,39071,-977729,0.5
1900-01-23 14:56:30,7871.5,692124,7872.0,370653,106489,43284,63205,321471,0.5
1900-01-23 14:56:45,7871.5,985411,7872.0,130891,109242,11591,97651,854520,0.5
1900-01-23 14:57:00,7871.5,397122,7872.0,792846,24242,2963,21279,-395724,0.5
1900-01-23 14:57:15,7872.5,882619,7873.0,43399,209439,31029,178410,839220,0.5
1900-01-23 14:57:30,7874.0,432769,7874.5,27182,35079,45062,-9983,405587,0.5
1900-01-23 14:57:45,7876.0,1111325,7876.5,22981,47043,14037,33006,1088344,0.5
1900-01-23 14:58:00,7879.0,973726,7879.5,87616,95045,5773,89272,886110,0.5
1900-01-23 14:58:15,7882.0,882801,7882.5,68247,19279,12588,6691,814554,0.5
1900-01-23 14:58:30,7879.5,22,7880.0,78066,20914,96826,-75912,-78044,0.5
1900-01-23 14:58:45,7878.0,121483,7878.5,493029,21688,226730,-205042,-371546,0.5
1900-01-23 14:59:00,7877.5,2774,7878.0,215213,38450,49382,-10932,-212439,0.5
1900-01-23 14:59:15,7877.0,782261,7877.5,201709,5554,8067,-2513,580552,0.5
1900-01-23 14:59:30,7877.0,360729,7877.5,618342,15069,93064,-77995,-257613,0.5
1900-01-23 14:59:45,7877.0,781069,7877.5,625028,6015,25225,-19210,156041,0.5
1900-01-23 15:00:00,7877.0,239811,7877.5,1062824,2302,108079,-105777,-823013,0.5
1900-01-23 15:00:15,7876.0,672211,7876.5,846399,2482,107721,-105239,-174188,0.5
1900-01-23 15:00:30,7876.0,24864,7876.5,878279,23720,129540,-105820,-853415,0.5
1900-01-23 15:00:45,7874.0,38340,7874.5,1089822,13588,32313,-18725,-1051482,0.5
1900-01-23 15:01:00,7873.0,145030,7873.5,920867,5210,86888,-81678,-775837,0.5
1900-01-23 15:01:15,7868.5,31976,7869.0,485784,8326,133940,-125614,-453808,0.5
1900-01-23 15:01:30,7868.5,737823,7869.0,310995,10610,5205,5405,426828,0.5
1900-01-23 15:01:45,7868.5,879903,7869.0,129539,82180,6033,76147,750364,0.5
1900-01-23 15:02:00,7869.0,229960,7869.5,5285,23673,8862,14811,224675,0.5
1900-01-23 15:02:15,7869.5,1110040,7870.0,50378,7513,2376,5137,1059662,0.5
1900-01-23 15:02:30,7871.0,84122,7871.5,69416,18194,60,18134,14706,0.5
1900-01-23 15:02:45,7871.0,826279,7871.5,113000,40352,2985,37367,713279,0.5
1900-01-23 15:03:00,7871.0,748292,7871.5,331586,46955,5380,41575,416706,0.5
1900-01-23 15:03:15,7871.5,392378,7872.0,812144,8390,5380,3010,-419766,0.5
1900-01-23 15:03:30,7871.5,40877,7872.0,1279087,35495,28020,7475,-1238210,0.5
1900-01-23 15:03:45,7870.5,20791,7871.0,893573,2592,49907,-47315,-872782,0.5
1900-01-23 15:04:00,7870.5,97400,7871.0,1012571,14266,50947,-36681,-915171,0.5
1900-01-23 15:04:15,7870.5,777006,7871.0,462909,3441,6804,-3363,314097,0.5
1900-01-23 15:04:30,7870.5,859786,7871.0,403958,11258,18,11240,455828,0.5
1900-01-23 15:04:45,7870.5,938940,7871.0,349526,6001,115,5886,589414,0.5
1900-01-23 15:05:00,7870.5,992462,7871.0,294775,51247,5059,46188,697687,0.5
1900-01-23 15:05:15,7871.5,1372276,7872.0,454231,96750,3450,93300,918045,0.5
1900-01-23 15:05:30,7873.0,1335947,7873.5,21536,25871,1471,24400,1314411,0.5
1900-01-23 15:05:45,7876.0,1661500,7876.5,4810,222229,55,222174,1656690,0.5
1900-01-23 15:06:00,7877.0,1661215,7877.5,4920,35219,8030,27189,1656295,0.5
1900-01-23 15:06:15,7877.5,717493,7878.0,614694,41156,4200,36956,102799,0.5
1900-01-23 15:06:30,7877.5,773730,7878.0,620339,1441,6680,-5239,153391,0.5
1900-01-23 15:06:45,7870.0,588982,7870.5,309008,10663,102549,-91886,279974,0.5
1900-01-23 15:07:00,7870.0,1603268,7870.5,132308,8743,29340,-20597,1470960,0.5
1900-01-23 15:07:15,7870.0,1351317,7870.5,337843,7517,14426,-6909,1013474,0.5
1900-01-23 15:07:30,7870.0,1276421,7870.5,331794,6472,5786,686,944627,0.5
1900-01-23 15:07:45,7871.0,606067,7871.5,10417,15179,8468,6711,595650,0.5
1900-01-23 15:08:00,7872.5,1068394,7873.0,34040,21131,2600,18531,1034354,0.5
1900-01-23 15:08:15,7872.5,169505,7873.0,640953,8485,90338,-81853,-471448,0.5
1900-01-23 15:08:30,7872.5,33747,7873.0,724653,3005,35288,-32283,-690906,0.5
1900-01-23 15:08:45,7872.5,227530,7873.0,741420,11674,3898,7776,-513890,0.5
1900-01-23 15:09:00,7872.5,72333,7873.0,865162,267,4218,-3951,-792829,0.5
1900-01-23 15:09:15,7872.5,82648,7873.0,990180,4422,31062,-26640,-907532,0.5
1900-01-23 15:09:30,7872.0,33954,7872.5,470544,300,39027,-38727,-436590,0.5
1900-01-23 15:09:45,7871.0,4527,7871.5,805350,381,79525,-79144,-800823,0.5
1900-01-23 15:10:00,7871.0,1122269,7871.5,327112,60546,13094,47452,795157,0.5
1900-01-23 15:10:15,7871.0,1283651,7871.5,202540,61489,26467,35022,1081111,0.5
1900-01-23 15:10:30,7871.0,1276343,7871.5,263434,800,29473,-28673,1012909,0.5
1900-01-23 15:10:45,7871.0,1224621,7871.5,192232,6646,28560,-21914,1032389,0.5
1900-01-23 15:11:00,7872.0,830193,7872.5,549177,38159,184,37975,281016,0.5
1900-01-23 15:11:15,7872.0,388016,7872.5,798496,14210,2418,11792,-410480,0.5
1900-01-23 15:11:30,7872.0,510831,7872.5,562029,1343,219,1124,-51198,0.5
1900-01-23 15:11:45,7872.0,1468725,7872.5,67124,2225,48297,-46072,1401601,0.5
1900-01-23 15:12:00,7872.0,515305,7872.5,690034,9794,111284,-101490,-174729,0.5
1900-01-23 15:12:15,7872.0,1015825,7872.5,312719,11821,518,11303,703106,0.5
1900-01-23 15:12:30,7872.0,1023799,7872.5,334697,769,5370,-4601,689102,0.5
1900-01-23 15:12:45,7872.0,189578,7872.5,574804,236,147941,-147705,-385226,0.5
1900-01-23 15:13:00,7871.0,16321,7871.5,820225,1040,98799,-97759,-803904,0.5
1900-01-23 15:13:15,7870.0,127606,7870.5,633183,5904,61910,-56006,-505577,0.5
1900-01-23 15:13:30,7870.0,549883,7870.5,707355,40670,12682,27988,-157472,0.5
1900-01-23 15:13:45,7870.0,462070,7870.5,695844,500,15505,-15005,-233774,0.5
1900-01-23 15:14:00,7869.0,12387,7869.5,531881,19661,32822,-13161,-519494,0.5
1900-01-23 15:14:15,7866.0,55330,7866.5,865965,933,46466,-45533,-810635,0.5
1900-01-23 15:14:30,7866.0,358252,7866.5,630602,20646,41278,-20632,-272350,0.5
1900-01-23 15:14:45,7866.0,296432,7866.5,610975,1856,70038,-68182,-314543,0.5
1900-01-23 15:15:00,7866.0,137586,7866.5,632006,5665,83491,-77826,-494420,0.5
1900-01-23 15:15:15,7866.0,219337,7866.5,645909,10359,46278,-35919,-426572,0.5
1900-01-23 15:15:30,7866.0,81022,7866.5,636028,5025,30494,-25469,-555006,0.5
1900-01-23 15:15:45,7866.0,617598,7866.5,355098,95439,1935,93504,262500,0.5
1900-01-23 15:16:00,7866.0,614011,7866.5,270291,2000,1437,563,343720,0.5
1900-01-23 15:16:15,7866.0,213959,7866.5,432976,252,806,-554,-219017,0.5
1900-01-23 15:16:30,7863.5,3524,7864.0,43745,1,181840,-181839,-40221,0.5
1900-01-23 15:16:45,7862.5,4054,7863.0,689790,933,96585,-95652,-685736,0.5
1900-01-23 15:17:00,7862.5,18988,7863.0,1298528,971,30404,-29433,-1279540,0.5
1900-01-23 15:17:15,7860.5,12922,7861.0,1040078,11512,123013,-111501,-1027156,0.5
1900-01-23 15:17:30,7857.5,98118,7858.0,640601,1818,193351,-191533,-542483,0.5
1900-01-23 15:17:45,7856.5,709305,7857.0,457315,80957,144909,-63952,251990,0.5
1900-01-23 15:18:00,7856.5,410083,7857.0,649044,25070,70058,-44988,-238961,0.5
1900-01-23 15:18:15,7856.5,714672,7857.0,490803,2007,45668,-43661,223869,0.5
1900-01-23 15:18:30,7856.5,765599,7857.0,460158,121698,4193,117505,305441,0.5
1900-01-23 15:18:45,7856.5,794898,7857.0,616502,8815,2451,6364,178396,0.5
1900-01-23 15:19:00,7856.5,1603713,7857.0,589479,18837,14151,4686,1014234,0.5
1900-01-23 15:19:15,7856.5,1557363,7857.0,591948,1923,12262,-10339,965415,0.5
1900-01-23 15:19:30,7857.5,532052,7858.0,10111,139847,17878,121969,521941,0.5
1900-01-23 15:19:45,7925.0,37531,7925.5,9330,2836881,215892,2620989,28201,0.5
1900-01-23 15:20:00,7916.5,1652,7918.0,42180,2130268,757288,1372980,-40528,1.5
1900-01-23 15:20:15,7907.0,10000,7908.0,30,501480,776515,-275035,9970,1.0
1900-01-23 15:20:30,7936.0,29021,7936.5,92891,398315,127788,270527,-63870,0.5
1900-01-23 15:20:45,7935.5,4100,7936.0,183097,899119,169066,730053,-178997,0.5
1900-01-23 15:21:00,7938.0,878,7939.5,4200,333710,160236,173474,-3322,1.5
1900-01-23 15:21:15,7952.0,4590,7952.5,8502,2435006,96777,2338229,-3912,0.5
1900-01-23 15:21:30,7954.5,10000,7955.5,4340,1062224,320567,741657,5660,1.0
1900-01-23 15:21:45,7961.5,197572,7962.0,114892,491657,401439,90218,82680,0.5
1900-01-23 15:22:00,7975.0,2760,7980.0,1571222,1148074,313342,834732,-1568462,5.0
1900-01-23 15:22:15,7979.5,134181,7980.5,19980,1634800,141884,1492916,114201,1.0
1900-01-23 15:22:30,7986.5,145725,7987.0,2150,881693,218004,663689,143575,0.5
1900-01-23 15:22:45,7998.5,18750,7999.0,5800,1381890,190726,1191164,12950,0.5
1900-01-23 15:23:15,7992.0,88579,7993.0,300000,844696,626988,217708,-211421,1.0
1900-01-23 15:23:30,7969.5,56219,7970.0,1663694,1523206,429423,1093783,-1607475,0.5
1900-01-23 15:23:45,7977.5,76867,7978.0,36190,1528352,339861,1188491,40677,0.5
1900-01-23 15:24:00,7979.5,242030,7980.0,77052,424346,339347,84999,164978,0.5
1900-01-23 15:24:15,7983.0,123265,7983.5,52279,297098,188793,108305,70986,0.5
1900-01-23 15:24:30,7989.5,48333,7990.0,722166,524821,364647,160174,-673833,0.5
1900-01-23 15:24:45,7999.0,363747,7999.5,559,984899,82318,902581,363188,0.5
1900-01-23 15:25:00,8014.0,12500,8014.5,2,436090,255792,180298,12498,0.5
1900-01-23 15:25:15,8023.5,452904,8024.0,172762,1046566,140945,905621,280142,0.5
1900-01-23 15:25:30,8030.5,275213,8031.0,176620,1324817,926629,398188,98593,0.5
1900-01-23 15:25:45,8048.5,76710,8049.5,1080,1350714,373751,976963,75630,1.0
1900-01-23 15:26:00,8036.5,19365,8037.0,16314,164507,597248,-432741,3051,0.5
1900-01-23 15:26:15,8022.0,93372,8022.5,22484,408242,505069,-96827,70888,0.5
1900-01-23 15:26:30,8022.0,102259,8022.5,39392,424652,672659,-248007,62867,0.5
1900-01-23 15:26:45,8010.0,307317,8010.5,504310,77653,438079,-360426,-196993,0.5
1900-01-23 15:27:00,8004.5,7006,8005.5,16099,134885,525367,-390482,-9093,1.0
1900-01-23 15:27:15,7996.0,56263,7996.5,129483,92675,506574,-413899,-73220,0.5
1900-01-23 15:27:30,8009.5,70369,8010.0,375787,473398,378245,95153,-305418,0.5
1900-01-23 15:27:45,8002.0,957347,8003.5,526,652425,252599,399826,956821,1.5
1900-01-23 15:28:00,8011.5,306820,8012.0,49312,958471,193596,764875,257508,0.5
1900-01-23 15:28:15,8019.5,204344,8020.0,544636,809673,111511,698162,-340292,0.5
1900-01-23 15:28:30,8011.0,558407,8011.5,145409,862744,189064,673680,412998,0.5
1900-01-23 15:28:45,8018.0,564910,8018.5,141330,206303,124131,82172,423580,0.5
1900-01-23 15:29:00,8013.0,55301,8013.5,399540,164605,233358,-68753,-344239,0.5
1900-01-23 15:29:15,7999.5,5000,8000.0,28350,32248,529293,-497045,-23350,0.5
1900-01-23 15:29:30,7990.0,6437069,7990.5,171084,27191,287362,-260171,6265985,0.5
1900-01-23 15:30:00,7985.0,27019,7985.5,4140,151986,947548,-795562,22879,0.5
1900-01-23 15:30:15,7987.0,386842,7987.5,12169,173492,363740,-190248,374673,0.5
1900-01-23 15:30:30,7989.5,770991,7990.0,848048,619270,198399,420871,-77057,0.5
1900-01-23 15:30:45,7989.5,745758,7990.0,687681,542818,189009,353809,58077,0.5
1900-01-23 15:31:00,8001.0,43555,8001.5,15882,1022601,86146,936455,27673,0.5
1900-01-23 15:31:15,8016.5,10000,8017.0,150107,468528,53474,415054,-140107,0.5
1900-01-23 15:31:30,7998.0,1320,7998.5,43624,334708,171869,162839,-42304,0.5
1900-01-23 15:31:45,8000.5,226429,8001.0,40468,157479,213781,-56302,185961,0.5
1900-01-23 15:32:00,8000.5,291238,8001.0,481587,169329,106431,62898,-190349,0.5
1900-01-23 15:32:15,7975.0,73065,7975.5,46145,335310,2646016,-2310706,26920,0.5
1900-01-23 15:32:30,7976.0,814059,7976.5,9288,231289,790321,-559032,804771,0.5
1900-01-23 15:32:45,7984.5,671046,7985.0,314002,275960,71427,204533,357044,0.5
1900-01-23 15:33:00,7994.0,47975,7994.5,77,232866,115992,116874,47898,0.5
1900-01-23 15:33:15,7995.5,51844,7996.0,550904,112998,37374,75624,-499060,0.5
1900-01-23 15:33:30,7995.0,564501,7995.5,377542,119417,629552,-510135,186959,0.5
1900-01-23 15:33:45,7988.5,11128,7989.0,870571,18401,283168,-264767,-859443,0.5
1900-01-23 15:34:00,7983.0,289602,7983.5,2575,442052,477825,-35773,287027,0.5
1900-01-23 15:34:15,7984.0,90383,7984.5,424264,133673,105851,27822,-333881,0.5
1900-01-23 15:34:30,7981.5,342562,7982.0,16071,75839,156953,-81114,326491,0.5
1900-01-23 15:34:45,7983.5,51456,7984.0,828025,104640,295448,-190808,-776569,0.5
1900-01-23 15:35:00,7980.5,76501,7981.0,269250,183900,297044,-113144,-192749,0.5
1900-01-23 15:35:15,7980.5,727433,7981.0,422846,173835,92933,80902,304587,0.5
1900-01-23 15:35:30,7980.5,765522,7981.0,487972,50087,58207,-8120,277550,0.5
1900-01-23 15:35:45,7971.0,240776,7971.5,832721,150603,522316,-371713,-591945,0.5
1900-01-23 15:36:00,7966.0,718538,7966.5,334566,108535,421145,-312610,383972,0.5
1900-01-23 15:36:15,7975.0,521906,7975.5,92392,112380,205675,-93295,429514,0.5
1900-01-23 15:36:30,7975.5,272142,7976.0,2164,663901,168293,495608,269978,0.5
1900-01-23 15:36:45,7983.5,184986,7984.0,22089,227094,27566,199528,162897,0.5
1900-01-23 15:37:00,7983.5,34738,7984.0,804241,89425,91611,-2186,-769503,0.5
1900-01-23 15:37:15,7978.0,104702,7978.5,962381,96118,272024,-175906,-857679,0.5
1900-01-23 15:37:30,7973.0,212509,7973.5,547627,63337,101352,-38015,-335118,0.5
1900-01-23 15:37:45,7978.0,144547,7978.5,1876,36902,139779,-102877,142671,0.5
1900-01-23 15:38:00,7977.0,73976,7977.5,930708,75181,199622,-124441,-856732,0.5
1900-01-23 15:38:15,7970.0,670985,7970.5,197142,102684,371114,-268430,473843,0.5
1900-01-23 15:38:30,7966.0,148138,7966.5,20000,100045,482980,-382935,128138,0.5
1900-01-23 15:38:45,7954.0,38223,7955.5,12000,54613,1255821,-1201208,26223,1.5
1900-01-23 15:39:00,7971.0,129566,7971.5,33151,92610,280752,-188142,96415,0.5
1900-01-23 15:39:15,7971.0,40268,7971.5,847801,259362,91752,167610,-807533,0.5
1900-01-23 15:39:30,7968.0,637589,7968.5,183236,126459,220723,-94264,454353,0.5
1900-01-23 15:39:45,7970.5,880524,7971.0,8116,84044,146173,-62129,872408,0.5
1900-01-23 15:40:00,7974.5,263526,7975.0,640113,160543,77300,83243,-376587,0.5
1900-01-23 15:40:15,7972.5,476932,7973.0,693164,74860,31897,42963,-216232,0.5
1900-01-23 15:40:30,7972.5,397242,7973.0,59508,56913,189006,-132093,337734,0.5
1900-01-23 15:40:45,7976.0,1248091,7976.5,57517,138049,20015,118034,1190574,0.5
1900-01-23 15:41:00,7986.0,1219260,7986.5,44127,255079,10524,244555,1175133,0.5
1900-01-23 15:41:15,7989.5,355871,7990.0,15828,849473,23178,826295,340043,0.5
1900-01-23 15:41:30,7980.5,18267,7981.0,87110,157416,377171,-219755,-68843,0.5
1900-01-23 15:41:45,7980.5,493935,7981.0,932301,40871,156863,-115992,-438366,0.5
1900-01-23 15:42:00,7980.5,1005754,7981.0,24365,421918,25712,396206,981389,0.5
1900-01-23 15:42:15,7975.0,601882,7975.5,305122,30502,97472,-66970,296760,0.5
1900-01-23 15:42:30,7979.5,1079280,7980.0,30326,28147,249825,-221678,1048954,0.5
1900-01-23 15:42:45,7982.0,191954,7982.5,4420,418059,32860,385199,187534,0.5
1900-01-23 15:43:00,7989.0,7725,7989.5,14861,134786,34146,100640,-7136,0.5
1900-01-23 15:43:15,7988.5,310129,7989.0,731107,138770,82899,55871,-420978,0.5
1900-01-23 15:43:30,7985.0,1058180,7985.5,271431,49889,174257,-124368,786749,0.5
1900-01-23 15:43:45,7985.0,919686,7985.5,1341772,92021,261110,-169089,-422086,0.5
1900-01-23 15:44:00,7982.0,80320,7982.5,745051,24416,891880,-867464,-664731,0.5
1900-01-23 15:44:15,7980.5,9074,7981.0,507793,1100,53636,-52536,-498719,0.5
1900-01-23 15:44:30,7978.0,645444,7978.5,501795,86481,29116,57365,143649,0.5
1900-01-23 15:44:45,7975.5,490,7976.0,824884,64211,39689,24522,-824394,0.5
1900-01-23 15:45:00,7975.5,1037612,7976.0,60585,189674,69481,120193,977027,0.5
1900-01-23 15:45:15,7979.5,1442273,7980.0,29900,57741,33672,24069,1412373,0.5
1900-01-23 15:45:30,7984.5,842730,7985.0,275302,248589,4000,244589,567428,0.5
1900-01-23 15:45:45,7994.0,292506,7994.5,29834,271616,13673,257943,262672,0.5
1900-01-23 15:46:00,7991.5,2022,7992.0,600476,649233,49766,599467,-598454,0.5
1900-01-23 15:46:15,7981.0,559509,7981.5,672708,33509,94350,-60841,-113199,0.5
1900-01-23 15:46:30,7977.0,7678,7977.5,1253977,12694,52715,-40021,-1246299,0.5
1900-01-23 15:46:45,7969.0,1276050,7969.5,172359,29537,178460,-148923,1103691,0.5
1900-01-23 15:47:00,7976.0,1000720,7976.5,89450,87035,109118,-22083,911270,0.5
1900-01-23 15:47:15,7979.5,153559,7980.0,31375,68482,24225,44257,122184,0.5
1900-01-23 15:47:30,7976.0,602526,7976.5,396269,31109,173829,-142720,206257,0.5
1900-01-23 15:47:45,7976.0,137888,7976.5,580555,20670,7366,13304,-442667,0.5
1900-01-23 15:48:00,7975.0,830130,7975.5,583639,44559,46025,-1466,246491,0.5
1900-01-23 15:48:15,7977.0,274515,7977.5,178,106650,36957,69693,274337,0.5
1900-01-23 15:48:30,7976.5,193380,7977.0,639463,55189,29740,25449,-446083,0.5
1900-01-23 15:48:45,7975.0,127544,7975.5,130067,41702,35552,6150,-2523,0.5
1900-01-23 15:49:00,7975.0,1502840,7975.5,121747,57087,26927,30160,1381093,0.5
1900-01-23 15:49:15,7976.5,1375898,7977.0,391,57839,7541,50298,1375507,0.5
1900-01-23 15:49:30,7977.5,1251243,7978.0,37603,143996,38484,105512,1213640,0.5
1900-01-23 15:49:45,7977.5,826753,7978.0,104410,32188,10440,21748,722343,0.5
1900-01-23 15:50:00,7978.0,408956,7978.5,102110,87478,49379,38099,306846,0.5
1900-01-23 15:50:15,7977.0,8049,7977.5,1448993,63811,47432,16379,-1440944,0.5
1900-01-23 15:50:30,7975.5,41667,7976.0,1168463,23941,173978,-150037,-1126796,0.5
1900-01-23 15:50:45,7974.0,40563,7974.5,1683261,37344,109102,-71758,-1642698,0.5
1900-01-23 15:51:00,7972.5,4589,7973.0,919126,11904,153406,-141502,-914537,0.5
1900-01-23 15:51:15,7972.0,197122,7972.5,1102667,12625,46784,-34159,-905545,0.5
1900-01-23 15:51:30,7968.5,102855,7969.0,1080015,11157,671597,-660440,-977160,0.5
1900-01-23 15:51:45,7968.0,622834,7968.5,424313,17778,54036,-36258,198521,0.5
1900-01-23 15:52:00,7968.0,184674,7968.5,875395,62122,82782,-20660,-690721,0.5
1900-01-23 15:52:15,7967.0,195440,7967.5,869107,51015,159685,-108670,-673667,0.5
1900-01-23 15:52:30,7968.5,787552,7969.0,473386,147888,95582,52306,314166,0.5
1900-01-23 15:52:45,7969.5,908531,7970.0,774196,401460,4140,397320,134335,0.5
1900-01-23 15:53:00,7976.5,316163,7977.0,953504,207383,152965,54418,-637341,0.5
1900-01-23 15:53:15,7975.0,678870,7975.5,161221,114078,91104,22974,517649,0.5
1900-01-23 15:53:30,7975.0,2056375,7975.5,27393,112506,11511,100995,2028982,0.5
1900-01-23 15:53:45,7975.0,1536055,7975.5,717371,26213,51811,-25598,818684,0.5
1900-01-23 15:54:00,7975.0,1593211,7975.5,610316,35747,7202,28545,982895,0.5
1900-01-23 15:54:15,7975.5,877121,7976.0,350467,173521,63167,110354,526654,0.5
1900-01-23 15:54:30,7975.5,812424,7976.0,891248,59172,15048,44124,-78824,0.5
1900-01-23 15:54:45,7975.5,1032688,7976.0,518959,15194,4818,10376,513729,0.5
1900-01-23 15:55:00,7975.5,671940,7976.0,828661,94199,115467,-21268,-156721,0.5
1900-01-23 15:55:15,7975.5,598911,7976.0,922838,27900,27726,174,-323927,0.5
1900-01-23 15:55:30,7975.5,87112,7976.0,1513394,321,64414,-64093,-1426282,0.5
1900-01-23 15:55:45,7970.0,205845,7970.5,375321,2500,635154,-632654,-169476,0.5
1900-01-23 15:56:00,7966.0,238478,7966.5,981301,62722,95770,-33048,-742823,0.5
1900-01-23 15:56:15,7966.5,914094,7967.0,482235,77632,156935,-79303,431859,0.5
1900-01-23 15:56:30,7966.5,917802,7967.0,462656,53696,26516,27180,455146,0.5
1900-01-23 15:56:45,7969.5,330517,7970.0,63299,134356,20801,113555,267218,0.5
1900-01-23 15:57:00,7970.5,2145067,7971.0,963297,165732,61108,104624,1181770,0.5
1900-01-23 15:57:15,7970.5,2045252,7971.0,919619,112462,2170,110292,1125633,0.5
1900-01-23 15:57:30,7970.5,2248587,7971.0,885806,16529,7838,8691,1362781,0.5
1900-01-23 15:57:45,7974.5,973543,7975.0,20640,154093,72554,81539,952903,0.5
1900-01-23 15:58:00,7974.5,400692,7975.0,751598,40611,137054,-96443,-350906,0.5
1900-01-23 15:58:15,7975.5,1392094,7976.0,16167,158896,3901,154995,1375927,0.5
1900-01-23 15:58:30,7975.5,465479,7976.0,859957,78378,53989,24389,-394478,0.5
1900-01-23 15:58:45,7980.0,1372876,7980.5,19383,51540,14802,36738,1353493,0.5
1900-01-23 15:59:00,7981.5,1987823,7982.0,414954,258684,2801,255883,1572869,0.5
1900-01-23 15:59:15,7983.5,1318353,7984.0,24660,113985,16306,97679,1293693,0.5
1900-01-23 15:59:30,7989.5,412501,7990.0,784533,177378,19594,157784,-372032,0.5
1900-01-23 15:59:45,7986.5,635805,7987.0,598259,130998,221314,-90316,37546,0.5
1900-01-23 16:00:00,7986.5,938887,7987.5,99253,100386,58162,42224,839634,1.0
1900-01-23 16:00:15,7992.5,310478,7993.0,895659,122734,128016,-5282,-585181,0.5
1900-01-23 16:00:30,7993.0,301043,7994.0,466070,185502,244415,-58913,-165027,1.0
1900-01-23 16:00:45,7996.5,92294,7997.0,904716,333569,143308,190261,-812422,0.5
1900-01-23 16:01:00,7990.0,241572,7990.5,84165,234665,94703,139962,157407,0.5
1900-01-23 16:01:15,7984.5,40604,7985.0,420597,33909,136283,-102374,-379993,0.5
1900-01-23 16:01:30,7984.0,934474,7984.5,57737,174171,81802,92369,876737,0.5
1900-01-23 16:01:45,7984.5,1269411,7985.0,81242,54902,70021,-15119,1188169,0.5
1900-01-23 16:02:00,7984.5,561602,7985.0,536101,91917,45809,46108,25501,0.5
1900-01-23 16:02:15,7983.0,57137,7983.5,1252679,10726,333692,-322966,-1195542,0.5
1900-01-23 16:02:30,7980.0,7510,7980.5,1103344,16579,732977,-716398,-1095834,0.5
1900-01-23 16:02:45,7976.5,906951,7977.0,198621,27515,239113,-211598,708330,0.5
1900-01-23 16:03:00,7976.5,110406,7977.0,1410454,177623,87614,90009,-1300048,0.5
1900-01-23 16:03:15,7974.0,324132,7974.5,689600,11379,106071,-94692,-365468,0.5
1900-01-23 16:03:30,7969.5,327746,7970.0,1299786,191755,168942,22813,-972040,0.5
1900-01-23 16:03:45,7967.0,551617,7967.5,680518,39817,262832,-223015,-128901,0.5
1900-01-23 16:04:00,7967.0,682911,7967.5,287292,174044,192287,-18243,395619,0.5
1900-01-23 16:04:15,7971.0,485931,7971.5,1023928,188567,11757,176810,-537997,0.5
1900-01-23 16:04:30,7968.0,687261,7968.5,516138,73920,38446,35474,171123,0.5
1900-01-23 16:04:45,7966.0,750856,7966.5,343256,14079,48130,-34051,407600,0.5
1900-01-23 16:05:00,7966.0,762746,7966.5,411395,14079,10,14069,351351,0.5
1900-01-23 16:05:15,7960.5,256170,7961.0,342355,14079,4000,10079,-86185,0.5
1900-01-23 16:05:30,7964.5,238266,7965.0,1056018,141297,83685,57612,-817752,0.5
1900-01-23 16:05:45,7966.0,313035,7966.5,385688,43945,39555,4390,-72653,0.5
1900-01-23 16:06:00,7967.5,338254,7968.0,683468,48092,15257,32835,-345214,0.5
1900-01-23 16:06:15,7964.0,22460,7964.5,531581,34141,132303,-98162,-509121,0.5
1900-01-23 16:06:30,7962.5,252994,7963.0,459996,15310,41666,-26356,-207002,0.5
1900-01-23 16:06:45,7961.0,288438,7961.5,681668,15548,60873,-45325,-393230,0.5
1900-01-23 16:07:00,7961.0,494056,7961.5,80781,108002,46555,61447,413275,0.5
1900-01-23 16:07:15,7962.0,751557,7962.5,7015,134568,61658,72910,744542,0.5
1900-01-23 16:07:30,7964.0,435068,7964.5,557950,63805,50148,13657,-122882,0.5
1900-01-23 16:07:45,7966.5,579896,7967.0,8543,18394,26463,-8069,571353,0.5
1900-01-23 16:08:00,7970.5,519733,7971.0,3602,43474,29338,14136,516131,0.5
1900-01-23 16:08:15,7971.5,497721,7972.0,300214,73892,135,73757,197507,0.5
1900-01-23 16:08:30,7971.5,22168,7972.0,1293145,2886,155295,-152409,-1270977,0.5
1900-01-23 16:08:45,7970.0,97900,7970.5,984640,1256,112876,-111620,-886740,0.5
1900-01-23 16:09:00,7970.0,28425,7970.5,983243,1133,38015,-36882,-954818,0.5
1900-01-23 16:09:15,7968.5,245748,7969.0,594529,8875,41567,-32692,-348781,0.5
1900-01-23 16:09:30,7968.5,367112,7969.0,127114,7220,789,6431,239998,0.5
1900-01-23 16:09:45,7970.5,417381,7971.0,13599,1104,18815,-17711,403782,0.5
1900-01-23 16:10:00,7972.0,480290,7972.5,2877,42002,11237,30765,477413,0.5
1900-01-23 16:10:15,7971.5,1120,7972.0,1275785,32902,28995,3907,-1274665,0.5
1900-01-23 16:10:30,7970.5,1014455,7971.0,1370096,7726,18500,-10774,-355641,0.5
1900-01-23 16:10:45,7970.0,9166,7970.5,1509894,834,37033,-36199,-1500728,0.5
1900-01-23 16:11:00,7967.0,24397,7967.5,6349,1310,53281,-51971,18048,0.5
1900-01-23 16:11:15,7967.0,27675,7967.5,1254339,6051,13726,-7675,-1226664,0.5
1900-01-23 16:11:30,7966.5,132505,7967.0,1019078,82668,7143,75525,-886573,0.5
1900-01-23 16:11:45,7966.0,448965,7966.5,1153191,6892,80517,-73625,-704226,0.5
1900-01-23 16:12:00,7966.0,1620796,7966.5,523169,9750,36588,-26838,1097627,0.5
1900-01-23 16:12:15,7966.0,1640145,7966.5,541523,36074,23725,12349,1098622,0.5
1900-01-23 16:12:30,7966.0,1835606,7966.5,137362,6853,20200,-13347,1698244,0.5
1900-01-23 16:12:45,7966.5,709756,7967.0,100201,61282,60100,1182,609555,0.5
1900-01-23 16:13:00,7966.5,650664,7967.0,146726,50015,11000,39015,503938,0.5
1900-01-23 16:13:15,7966.5,679518,7967.0,21876,38902,6351,32551,657642,0.5
1900-01-23 16:13:30,7966.5,590398,7967.0,654036,5913,6500,-587,-63638,0.5
1900-01-23 16:13:45,7966.5,664560,7967.0,507955,13124,6500,6624,156605,0.5
1900-01-23 16:14:00,7966.5,816601,7967.0,184989,21490,956,20534,631612,0.5
1900-01-23 16:14:15,7966.5,684553,7967.0,767429,12440,12139,301,-82876,0.5
1900-01-23 16:14:30,7966.5,670418,7967.0,753521,16500,24,16476,-83103,0.5
1900-01-23 16:14:45,7966.5,451381,7967.0,776581,13254,67384,-54130,-325200,0.5
1900-01-23 16:15:00,7964.5,50968,7965.0,1220209,1516,173659,-172143,-1169241,0.5
1900-01-23 16:15:15,7963.5,1534943,7964.0,464757,2159,79669,-77510,1070186,0.5
1900-01-23 16:15:30,7966.0,584538,7966.5,351155,123624,31091,92533,233383,0.5
1900-01-23 16:15:45,7966.0,1536571,7966.5,445561,8226,11302,-3076,1091010,0.5
1900-01-23 16:16:00,7966.0,1745156,7966.5,400668,6504,225,6279,1344488,0.5
1900-01-23 16:16:15,7967.5,837704,7968.0,25852,221839,10422,211417,811852,0.5
1900-01-23 16:16:30,7969.0,978764,7969.5,15248,19390,7070,12320,963516,0.5
1900-01-23 16:16:45,7969.5,1965285,7970.0,19480,7398,5311,2087,1945805,0.5
1900-01-23 16:17:00,7974.5,393745,7975.0,336999,138120,2590,135530,56746,0.5
1900-01-23 16:17:15,7974.5,1417137,7975.0,218936,41711,3517,38194,1198201,0.5
1900-01-23 16:17:30,7978.5,723099,7979.0,54415,170291,11551,158740,668684,0.5
1900-01-23 16:17:45,7981.5,1142822,7982.0,1210996,230343,82336,148007,-68174,0.5
1900-01-23 16:18:00,7981.5,1199669,7982.0,1083000,59926,36854,23072,116669,0.5
1900-01-23 16:18:15,7981.5,315882,7982.0,711464,62686,195184,-132498,-395582,0.5
1900-01-23 16:18:30,7970.5,1618881,7971.0,8667,52055,314224,-262169,1610214,0.5
1900-01-23 16:18:45,7974.5,644295,7975.0,279260,30899,340,30559,365035,0.5
1900-01-23 16:19:00,7974.5,684273,7975.0,316189,24765,22380,2385,368084,0.5
1900-01-23 16:19:15,7969.0,970765,7969.5,286757,84057,242633,-158576,684008,0.5
1900-01-23 16:19:30,7969.0,856272,7969.5,289543,5618,58120,-52502,566729,0.5
1900-01-23 16:19:45,7969.5,611417,7970.0,40197,12236,59985,-47749,571220,0.5
1900-01-23 16:20:00,7970.0,1185967,7970.5,3886,3038,5438,-2400,1182081,0.5
1900-01-23 16:20:15,7971.5,770910,7972.0,276991,27717,3188,24529,493919,0.5
1900-01-23 16:20:30,7974.5,1304841,7975.0,37640,62862,21,62841,1267201,0.5
1900-01-23 16:20:45,7974.5,420749,7975.0,914448,28707,170,28537,-493699,0.5
1900-01-23 16:21:00,7965.0,166239,7965.5,1514087,11048,103975,-92927,-1347848,0.5
1900-01-23 16:21:15,7969.5,342300,7970.0,827115,95795,123810,-28015,-484815,0.5
1900-01-23 16:21:30,7969.5,276919,7970.0,929690,3382,32858,-29476,-652771,0.5
1900-01-23 16:21:45,7969.5,29183,7970.0,1176450,501,32921,-32420,-1147267,0.5
1900-01-23 16:22:00,7957.0,484952,7957.5,651730,26509,270524,-244015,-166778,0.5
1900-01-23 16:22:15,7959.0,676822,7959.5,209623,50616,43282,7334,467199,0.5
1900-01-23 16:22:30,7959.0,711558,7959.5,181538,76612,15150,61462,530020,0.5
1900-01-23 16:22:45,7960.0,134508,7960.5,357277,71563,27932,43631,-222769,0.5
1900-01-23 16:23:00,7957.0,256776,7957.5,497196,18229,126698,-108469,-240420,0.5
1900-01-23 16:23:15,7956.0,29743,7956.5,909518,4512,153303,-148791,-879775,0.5
1900-01-23 16:23:30,7956.0,314443,7956.5,447794,2825,119147,-116322,-133351,0.5
1900-01-23 16:23:45,7956.0,618294,7956.5,310093,87222,6721,80501,308201,0.5
1900-01-23 16:24:00,7956.0,680823,7956.5,434637,19951,15250,4701,246186,0.5
1900-01-23 16:24:15,7956.0,1068044,7956.5,338461,36053,31381,4672,729583,0.5
1900-01-23 16:24:30,7959.5,877669,7960.0,281162,168573,19011,149562,596507,0.5
1900-01-23 16:24:45,7960.5,1206569,7961.0,24413,184061,593,183468,1182156,0.5
1900-01-23 16:25:00,7960.5,1229377,7961.0,281307,111567,35068,76499,948070,0.5
1900-01-23 16:25:15,7960.5,1187788,7961.0,301353,119817,5680,114137,886435,0.5
1900-01-23 16:25:30,7960.5,1016158,7961.0,594519,19231,16068,3163,421639,0.5
1900-01-23 16:25:45,7956.0,706421,7956.5,395637,8215,31499,-23284,310784,0.5
1900-01-23 16:26:00,7958.5,785287,7959.0,140782,71078,60375,10703,644505,0.5
1900-01-23 16:26:15,7958.5,168530,7959.0,730684,23318,10855,12463,-562154,0.5
1900-01-23 16:26:30,7956.0,717752,7956.5,422587,13489,160083,-146594,295165,0.5
1900-01-23 16:26:45,7955.0,266069,7955.5,466147,22516,182831,-160315,-200078,0.5
1900-01-23 16:27:00,7940.0,714324,7940.5,97691,25237,2165164,-2139927,616633,0.5
1900-01-23 16:27:15,7939.5,12198,7940.0,81570,138588,1834209,-1695621,-69372,0.5
1900-01-23 16:27:30,7940.5,1103949,7941.0,11458,183101,159030,24071,1092491,0.5
1900-01-23 16:27:45,7946.0,768543,7946.5,474024,243610,203501,40109,294519,0.5
1900-01-23 16:28:00,7954.5,1074619,7955.0,41248,172104,2772,169332,1033371,0.5
1900-01-23 16:28:15,7954.5,66884,7955.0,433016,223848,152831,71017,-366132,0.5
1900-01-23 16:28:30,7955.5,1111359,7956.0,904210,152558,102393,50165,207149,0.5
1900-01-23 16:28:45,7959.0,729250,7959.5,459222,152245,30619,121626,270028,0.5
1900-01-23 16:29:00,7959.0,231638,7959.5,745205,44407,71602,-27195,-513567,0.5
1900-01-23 16:29:15,7961.5,775894,7962.0,668527,140866,51897,88969,107367,0.5
1900-01-23 16:29:30,7959.5,27990,7960.0,795205,51538,37987,13551,-767215,0.5
1900-01-23 16:29:45,7959.5,486512,7960.0,817396,36135,20577,15558,-330884,0.5
1900-01-23 16:30:00,7959.5,1041734,7960.0,184288,28164,64914,-36750,857446,0.5
1900-01-23 16:30:15,7959.5,944632,7960.0,450709,23711,92995,-69284,493923,0.5
1900-01-23 16:30:30,7956.5,205879,7957.0,900827,36189,37618,-1429,-694948,0.5
1900-01-23 16:30:45,7956.0,166320,7956.5,875242,18809,84593,-65784,-708922,0.5
1900-01-23 16:31:00,7956.0,1206338,7956.5,174289,143598,44550,99048,1032049,0.5
1900-01-23 16:31:15,7956.0,1354289,7956.5,54614,106282,70727,35555,1299675,0.5
1900-01-23 16:31:30,7956.5,139478,7957.0,1259664,19413,113401,-93988,-1120186,0.5
1900-01-23 16:31:45,7956.5,132340,7957.0,1353247,10636,16107,-5471,-1220907,0.5
1900-01-23 16:32:00,7956.5,827492,7957.0,632699,11521,15449,-3928,194793,0.5
1900-01-23 16:32:15,7956.5,165728,7957.0,1420991,300,27267,-26967,-1255263,0.5
1900-01-23 16:32:30,7955.5,11642,7956.0,933050,14650,44821,-30171,-921408,0.5
1900-01-23 16:32:45,7953.0,69110,7953.5,1037615,12267,651813,-639546,-968505,0.5
1900-01-23 16:33:00,7947.0,678330,7947.5,282205,2186,281748,-279562,396125,0.5
1900-01-23 16:33:15,7952.0,914549,7952.5,157548,151534,15430,136104,757001,0.5
1900-01-23 16:33:30,7955.0,772330,7955.5,50400,89944,10570,79374,721930,0.5
1900-01-23 16:33:45,7956.5,723404,7957.0,598719,88635,22900,65735,124685,0.5
1900-01-23 16:34:00,7956.5,623046,7957.0,636866,52099,1618,50481,-13820,0.5
1900-01-23 16:34:15,7956.5,573915,7957.0,566616,51481,87382,-35901,7299,0.5
1900-01-23 16:34:30,7956.0,9070,7956.5,369023,128395,115385,13010,-359953,0.5
1900-01-23 16:34:45,7952.5,17555,7953.0,840680,3751,47491,-43740,-823125,0.5
1900-01-23 16:35:00,7952.0,123077,7952.5,762725,11370,18267,-6897,-639648,0.5
1900-01-23 16:35:15,7950.0,637770,7950.5,419170,6088,195162,-189074,218600,0.5
1900-01-23 16:35:30,7953.5,412591,7954.0,36039,20744,27647,-6903,376552,0.5
1900-01-23 16:35:45,7958.5,705918,7959.0,532249,306125,40951,265174,173669,0.5
1900-01-23 16:36:00,7960.5,1432400,7961.0,69002,460165,640,459525,1363398,0.5
1900-01-23 16:36:15,7961.0,250667,7961.5,820281,22521,32660,-10139,-569614,0.5
1900-01-23 16:36:30,7961.0,261924,7961.5,844266,3422,70140,-66718,-582342,0.5
1900-01-23 16:36:45,7961.0,11924,7961.5,1246299,53174,18285,34889,-1234375,0.5
1900-01-23 16:37:00,7960.5,363191,7961.0,613476,15415,23760,-8345,-250285,0.5
1900-01-23 16:37:15,7960.5,35173,7961.0,1020133,700,23760,-23060,-984960,0.5
1900-01-23 16:37:30,7960.0,26414,7960.5,1123004,4500,54201,-49701,-1096590,0.5
1900-01-23 16:37:45,7955.0,340422,7955.5,613312,4500,24612,-20112,-272890,0.5
1900-01-23 16:38:00,7955.0,78830,7955.5,1130551,26025,53201,-27176,-1051721,0.5
1900-01-23 16:38:15,7952.5,76602,7953.0,1051668,9200,336022,-326822,-975066,0.5
1900-01-23 16:38:30,7951.5,288883,7952.0,830183,116186,13993,102193,-541300,0.5
1900-01-23 16:38:45,7951.0,23521,7951.5,804845,23747,132841,-109094,-781324,0.5
1900-01-23 16:39:00,7950.5,1304055,7951.0,61681,5673,82019,-76346,1242374,0.5
1900-01-23 16:39:15,7953.0,243576,7953.5,626203,77140,41384,35756,-382627,0.5
1900-01-23 16:39:30,7951.5,789393,7952.0,153388,6302,121971,-115669,636005,0.5
1900-01-23 16:39:45,7953.0,79070,7953.5,617168,105274,5230,100044,-538098,0.5
1900-01-23 16:40:00,7953.0,985072,7953.5,47006,23350,2460,20890,938066,0.5
1900-01-23 16:40:15,7958.0,1141417,7958.5,158424,45906,27133,18773,982993,0.5
1900-01-23 16:40:30,7958.0,26383,7958.5,1152690,20809,19399,1410,-1126307,0.5
1900-01-23 16:40:45,7955.5,524382,7956.0,567572,23091,26342,-3251,-43190,0.5
1900-01-23 16:41:00,7955.5,785221,7956.0,243690,60430,993,59437,541531,0.5
1900-01-23 16:41:15,7955.5,191100,7956.0,586570,500,12102,-11602,-395470,0.5
1900-01-23 16:41:30,7955.5,280827,7956.0,592414,2500,13215,-10715,-311587,0.5
1900-01-23 16:41:45,7956.5,734386,7957.0,22158,11625,17408,-5783,712228,0.5
1900-01-23 16:42:00,7959.0,365236,7959.5,866369,98471,454,98017,-501133,0.5
1900-01-23 16:42:15,7959.0,47165,7959.5,1088315,23424,96046,-72622,-1041150,0.5
1900-01-23 16:42:30,7956.5,88863,7957.0,620794,5493,7204,-1711,-531931,0.5
1900-01-23 16:42:45,7956.5,88047,7957.0,728204,11266,8820,2446,-640157,0.5
1900-01-23 16:43:00,7956.5,361538,7957.0,604730,8100,7633,467,-243192,0.5
1900-01-23 16:43:15,7956.5,228802,7957.0,913876,2679,1343,1336,-685074,0.5
1900-01-23 16:43:30,7954.5,17714,7955.0,1488060,1810,33565,-31755,-1470346,0.5
1900-01-23 16:43:45,7951.0,806924,7951.5,137152,2002,26523,-24521,669772,0.5
1900-01-23 16:44:00,7954.5,682185,7955.0,35467,72780,368,72412,646718,0.5
1900-01-23 16:44:15,7954.5,197934,7955.0,593623,5270,12378,-7108,-395689,0.5
1900-01-23 16:44:30,7954.5,38956,7955.0,914537,60,12302,-12242,-875581,0.5
1900-01-23 16:44:45,7953.5,268676,7954.0,754179,27797,1924,25873,-485503,0.5
1900-01-23 16:45:00,7955.5,751074,7956.0,1232,33391,10170,23221,749842,0.5
1900-01-23 16:45:15,7956.0,645891,7956.5,575798,25254,46778,-21524,70093,0.5
1900-01-23 16:45:30,7956.0,1011507,7956.5,43166,2638,7417,-4779,968341,0.5
1900-01-23 16:45:45,7957.0,886217,7957.5,53972,31361,500,30861,832245,0.5
1900-01-23 16:46:00,7959.5,723690,7960.0,212319,139671,500,139171,511371,0.5
1900-01-23 16:46:15,7960.5,648576,7961.0,312578,135418,3100,132318,335998,0.5
1900-01-23 16:46:30,7960.5,887533,7961.0,340891,9774,5516,4258,546642,0.5
1900-01-23 16:46:45,7960.5,827403,7961.0,439080,10265,562,9703,388323,0.5
1900-01-23 16:47:00,7960.5,471806,7961.0,761056,5591,15384,-9793,-289250,0.5
1900-01-23 16:47:15,7960.5,783742,7961.0,450471,24609,101,24508,333271,0.5
1900-01-23 16:47:30,7960.5,1359900,7961.0,233067,54569,10700,43869,1126833,0.5
1900-01-23 16:47:45,7964.5,1243157,7965.0,33730,764010,9910,754100,1209427,0.5
1900-01-23 16:48:00,7966.5,1115626,7967.0,29711,53046,1244,51802,1085915,0.5
1900-01-23 16:48:15,7968.0,1166003,7968.5,79514,188388,72334,116054,1086489,0.5
1900-01-23 16:48:30,7968.5,44571,7969.0,1303004,194984,6418,188566,-1258433,0.5
1900-01-23 16:48:45,7967.0,363261,7967.5,759418,94113,26478,67635,-396157,0.5
1900-01-23 16:49:00,7965.0,40407,7965.5,1656021,6501,50680,-44179,-1615614,0.5
1900-01-23 16:49:15,7964.5,47267,7965.0,1208797,6818,15348,-8530,-1161530,0.5
1900-01-23 16:49:30,7961.5,141508,7962.0,646814,35145,17182,17963,-505306,0.5
1900-01-23 16:49:45,7962.5,689758,7963.0,17708,21766,11000,10766,672050,0.5
1900-01-23 16:50:00,7965.0,602108,7965.5,61341,20416,2760,17656,540767,0.5
1900-01-23 16:50:15,7969.0,582685,7969.5,5695,124136,134,124002,576990,0.5
1900-01-23 16:50:30,7969.0,356215,7969.5,592955,124493,520,123973,-236740,0.5
1900-01-23 16:50:45,7969.5,1289376,7970.0,175468,140467,86568,53899,1113908,0.5
1900-01-23 16:51:00,7975.0,696339,7975.5,19443,162651,2636,160015,676896,0.5
1900-01-23 16:51:15,7975.0,116607,7975.5,1279857,32670,142126,-109456,-1163250,0.5
1900-01-23 16:51:30,7973.0,591952,7973.5,129273,21438,116695,-95257,462679,0.5
1900-01-23 16:51:45,7974.5,884727,7975.0,79066,34926,11492,23434,805661,0.5
1900-01-23 16:52:00,7973.0,340273,7973.5,608633,29466,10491,18975,-268360,0.5
1900-01-23 16:52:15,7973.0,157256,7973.5,797207,1501,96416,-94915,-639951,0.5
1900-01-23 16:52:30,7973.0,180343,7973.5,939051,1000,9233,-8233,-758708,0.5
1900-01-23 16:52:45,7972.5,6438,7973.0,1081858,4400,10656,-6256,-1075420,0.5
1900-01-23 16:53:00,7970.5,82731,7971.0,922844,7310,52103,-44793,-840113,0.5
1900-01-23 16:53:15,7963.5,164864,7964.0,495655,4960,97848,-92888,-330791,0.5
1900-01-23 16:53:30,7962.0,550748,7962.5,854941,10036,21939,-11903,-304193,0.5
1900-01-23 16:53:45,7962.0,219195,7962.5,1541859,44088,61588,-17500,-1322664,0.5
1900-01-23 16:54:00,7961.0,5822,7961.5,724865,1500,288229,-286729,-719043,0.5
1900-01-23 16:54:15,7960.0,565336,7960.5,14805,54398,174409,-120011,550531,0.5
1900-01-23 16:54:30,7960.0,633054,7960.5,937206,35241,61453,-26212,-304152,0.5
1900-01-23 16:54:45,7960.0,825958,7960.5,980295,4081,95236,-91155,-154337,0.5
1900-01-23 16:55:00,7960.0,1524482,7960.5,105250,18441,10534,7907,1419232,0.5
1900-01-23 16:55:15,7960.0,243262,7960.5,1509117,12577,19759,-7182,-1265855,0.5
1900-01-23 16:55:30,7959.0,243805,7959.5,1299953,5138,415377,-410239,-1056148,0.5
1900-01-23 16:55:45,7958.0,674837,7958.5,1503607,9024,156778,-147754,-828770,0.5
1900-01-23 16:56:00,7957.0,3696,7957.5,1777344,17446,93554,-76108,-1773648,0.5
1900-01-23 16:56:15,7955.5,640015,7956.0,658084,60000,105992,-45992,-18069,0.5
1900-01-23 16:56:30,7955.5,415181,7956.0,784699,37869,29650,8219,-369518,0.5
1900-01-23 16:56:45,7955.0,251739,7955.5,1635748,8940,133974,-125034,-1384009,0.5
1900-01-23 16:57:00,7955.0,683158,7955.5,565115,3112,78700,-75588,118043,0.5
1900-01-23 16:57:15,7955.0,672059,7955.5,885251,5722,29342,-23620,-213192,0.5
1900-01-23 16:57:30,7955.0,372294,7955.5,831699,22671,45826,-23155,-459405,0.5
1900-01-23 16:57:45,7954.5,5341,7955.0,470269,21121,15996,5125,-464928,0.5
1900-01-23 16:58:00,7954.0,277760,7954.5,1058698,9263,12014,-2751,-780938,0.5
1900-01-23 16:58:15,7954.0,191994,7954.5,1582296,18016,33249,-15233,-1390302,0.5
1900-01-23 16:58:30,7954.0,94552,7954.5,1765366,5730,161946,-156216,-1670814,0.5
1900-01-23 16:58:45,7952.0,463012,7952.5,559996,12726,147446,-134720,-96984,0.5
1900-01-23 16:59:00,7951.0,192323,7951.5,901203,48735,260781,-212046,-708880,0.5
1900-01-23 16:59:15,7951.0,971772,7951.5,17530,39540,7600,31940,954242,0.5
1900-01-23 16:59:30,7951.5,895507,7952.0,159177,37343,70256,-32913,736330,0.5
1900-01-23 16:59:45,7955.5,986108,7956.0,550269,172935,4462,168473,435839,0.5
1900-01-23 17:00:00,7955.5,761069,7956.0,323148,39957,16889,23068,437921,0.5
1900-01-23 17:00:15,7955.5,414041,7956.0,373731,242410,274763,-32353,40310,0.5
1900-01-23 17:00:30,7955.5,361133,7956.0,772681,32750,122119,-89369,-411548,0.5
1900-01-23 17:00:45,7955.5,508294,7956.0,118503,35596,19142,16454,389791,0.5
1900-01-23 17:01:00,7959.5,457176,7960.0,46802,56566,3748,52818,410374,0.5
1900-01-23 17:01:15,7964.5,434978,7965.0,201774,128432,3484,124948,233204,0.5
1900-01-23 17:01:30,7965.5,949662,7966.0,57460,77548,20154,57394,892202,0.5
1900-01-23 17:01:45,7968.0,413799,7968.5,1282011,44684,34691,9993,-868212,0.5
1900-01-23 17:03:45,7967.0,2102,7967.5,1510057,12772,25414,-12642,-1507955,0.5
1900-01-23 17:04:00,7965.5,311,7966.0,997892,300,43817,-43517,-997581,0.5
1900-01-23 17:04:15,7960.5,86964,7961.0,349795,5651,56246,-50595,-262831,0.5
1900-01-23 17:06:45,7964.0,1078039,7964.5,288740,8336,71,8265,789299,0.5
1900-01-23 17:07:00,7964.0,532236,7964.5,761348,6263,61467,-55204,-229112,0.5
1900-01-23 17:07:15,7964.0,445056,7964.5,983324,67088,6113,60975,-538268,0.5
1900-01-23 17:07:30,7964.0,445295,7964.5,760967,631,3640,-3009,-315672,0.5
1900-01-23 17:07:45,7964.0,448402,7964.5,682451,14931,834,14097,-234049,0.5
1900-01-23 17:08:00,7964.0,416527,7964.5,660125,1302,11550,-10248,-243598,0.5
1900-01-23 17:08:15,7961.0,12248,7961.5,576629,102157,137480,-35323,-564381,0.5
1900-01-23 17:08:30,7956.0,16112,7956.5,103605,53975,200788,-146813,-87493,0.5
1900-01-23 17:08:45,7950.0,578760,7950.5,661606,26749,194579,-167830,-82846,0.5
1900-01-23 17:09:00,7950.0,742173,7950.5,356315,29839,220131,-190292,385858,0.5
1900-01-23 17:09:15,7950.0,548363,7950.5,990649,155409,83797,71612,-442286,0.5
1900-01-23 17:09:30,7950.0,98726,7950.5,982094,19821,50199,-30378,-883368,0.5
1900-01-23 17:09:45,7944.5,363055,7945.0,489061,8254,445452,-437198,-126006,0.5
1900-01-23 17:10:00,7943.5,67697,7944.0,21580,53911,44886,9025,46117,0.5
1900-01-23 17:10:15,7942.5,309072,7943.0,506531,56566,95256,-38690,-197459,0.5
1900-01-23 17:10:30,7942.5,354045,7943.0,830603,67207,133851,-66644,-476558,0.5
1900-01-23 17:10:45,7942.5,139857,7943.0,1304305,19991,54066,-34075,-1164448,0.5
1900-01-23 17:11:00,7942.0,513853,7942.5,317996,22886,136568,-113682,195857,0.5
1900-01-23 17:11:15,7942.0,240361,7942.5,401224,19782,53914,-34132,-160863,0.5
1900-01-23 17:11:30,7940.5,238819,7941.0,412946,16918,206594,-189676,-174127,0.5
1900-01-23 17:11:45,7940.0,51314,7940.5,1165442,21911,180967,-159056,-1114128,0.5
1900-01-23 17:12:00,7939.0,191412,7939.5,1399355,24713,245472,-220759,-1207943,0.5
1900-01-23 17:12:15,7939.0,222435,7939.5,642505,3850,164933,-161083,-420070,0.5
1900-01-23 17:12:30,7940.0,1337619,7940.5,75510,233937,62335,171602,1262109,0.5
1900-01-23 17:12:45,7940.0,169859,7940.5,96613,58956,203506,-144550,73246,0.5
1900-01-23 17:13:00,7938.0,836706,7938.5,928646,7796,388684,-380888,-91940,0.5
1900-01-23 17:13:15,7938.0,411933,7938.5,170355,26235,187692,-161457,241578,0.5
1900-01-23 17:13:30,7938.0,550702,7938.5,391866,26217,15631,10586,158836,0.5
1900-01-23 17:13:45,7938.0,1191163,7938.5,62055,42390,175564,-133174,1129108,0.5
1900-01-23 17:14:00,7939.5,266086,7940.0,809866,101447,2560,98887,-543780,0.5
1900-01-23 17:14:15,7938.0,624110,7938.5,325752,20100,92174,-72074,298358,0.5
1900-01-23 17:14:30,7937.0,521582,7937.5,1303949,2220,440985,-438765,-782367,0.5
1900-01-23 17:14:45,7936.5,24262,7937.0,1416773,12250,578292,-566042,-1392511,0.5
1900-01-23 17:15:00,7936.0,186547,7936.5,655082,42763,39599,3164,-468535,0.5
1900-01-23 17:15:15,7935.5,79458,7936.0,933388,10638,19862,-9224,-853930,0.5
1900-01-23 17:15:30,7933.0,523949,7933.5,1275752,3002,242187,-239185,-751803,0.5
1900-01-23 17:15:45,7930.0,592733,7930.5,1458188,39818,843346,-803528,-865455,0.5
1900-01-23 17:16:00,7930.0,29742,7930.5,2072536,5695,466961,-461266,-2042794,0.5
1900-01-23 17:16:15,7927.5,146745,7928.0,42771,29651,345994,-316343,103974,0.5
1900-01-23 17:16:30,7936.0,516879,7936.5,66150,340126,146791,193335,450729,0.5
1900-01-23 17:16:45,7939.5,140229,7940.0,795824,194056,18686,175370,-655595,0.5
1900-01-23 17:17:00,7939.0,1073,7939.5,1425191,76073,36173,39900,-1424118,0.5
1900-01-23 17:17:15,7927.0,715927,7927.5,251450,4611,110320,-105709,464477,0.5
1900-01-23 17:17:30,7934.0,492926,7934.5,1222399,78623,46816,31807,-729473,0.5
1900-01-23 17:17:45,7931.5,445299,7932.0,949541,54625,79455,-24830,-504242,0.5
1900-01-23 17:18:00,7931.5,727350,7932.0,898198,30135,12031,18104,-170848,0.5
1900-01-23 17:18:15,7934.5,24753,7935.0,311107,204827,45689,159138,-286354,0.5
1900-01-23 17:18:30,7937.5,821626,7938.0,237386,241013,20247,220766,584240,0.5
1900-01-23 17:18:45,7940.0,1009237,7940.5,83074,129773,26147,103626,926163,0.5
1900-01-23 17:19:00,7940.0,321527,7940.5,762162,46060,30436,15624,-440635,0.5
1900-01-23 17:19:15,7940.0,419936,7940.5,533766,15972,84191,-68219,-113830,0.5
1900-01-23 17:19:30,7944.5,393616,7945.0,559493,80976,10510,70466,-165877,0.5
1900-01-23 17:19:45,7945.0,706373,7945.5,13041,307218,100596,206622,693332,0.5
1900-01-23 17:20:00,7946.0,219972,7946.5,684150,234075,9473,224602,-464178,0.5
1900-01-23 17:20:15,7944.0,980378,7944.5,47539,173655,20435,153220,932839,0.5
1900-01-23 17:20:30,7944.0,666083,7944.5,372061,149889,95073,54816,294022,0.5
1900-01-23 17:20:45,7944.0,356376,7944.5,696660,1526,940,586,-340284,0.5
1900-01-23 17:21:00,7940.0,57001,7940.5,76435,138706,172010,-33304,-19434,0.5
1900-01-23 17:21:15,7936.5,894895,7937.0,263588,12200,55884,-43684,631307,0.5
1900-01-23 17:21:30,7936.5,293665,7937.0,58202,9130,44683,-35553,235463,0.5
1900-01-23 17:21:45,7936.5,52121,7937.0,1321293,1337,28338,-27001,-1269172,0.5
1900-01-23 17:22:00,7936.5,43476,7937.0,1421586,11208,22675,-11467,-1378110,0.5
1900-01-23 17:22:15,7936.0,2127,7936.5,1538220,2952,12940,-9988,-1536093,0.5
1900-01-23 17:22:30,7928.5,74114,7929.0,856616,2954,47000,-44046,-782502,0.5
1900-01-23 17:22:45,7928.5,762721,7929.0,400174,8159,91986,-83827,362547,0.5
1900-01-23 17:23:00,7929.5,939213,7930.0,107633,161561,6732,154829,831580,0.5
1900-01-23 17:23:15,7930.5,325084,7931.0,1265301,140255,17358,122897,-940217,0.5
1900-01-23 17:23:30,7928.5,87995,7929.0,1096504,56980,44287,12693,-1008509,0.5
1900-01-23 17:23:45,7928.0,18971,7928.5,985760,4460,40846,-36386,-966789,0.5
1900-01-23 17:24:00,7926.5,1046056,7927.0,97427,8820,136425,-127605,948629,0.5
1900-01-23 17:24:15,7926.5,459715,7927.0,1620083,50531,241521,-190990,-1160368,0.5
1900-01-23 17:24:30,7926.0,124036,7926.5,676538,16150,106727,-90577,-552502,0.5
1900-01-23 17:24:45,7903.0,371158,7903.5,10000,98494,1909771,-1811277,361158,0.5
1900-01-23 17:25:00,7911.0,218374,7911.5,142537,390580,231851,158729,75837,0.5
1900-01-23 17:25:15,7912.5,1228737,7913.0,301993,522983,32049,490934,926744,0.5
1900-01-23 17:25:30,7912.5,656674,7913.0,1114945,121035,179002,-57967,-458271,0.5
1900-01-23 17:25:45,7914.5,1631972,7915.0,33544,242733,11537,231196,1598428,0.5
1900-01-23 17:26:00,7917.0,89597,7917.5,1420318,203148,77173,125975,-1330721,0.5
1900-01-23 17:26:15,7915.0,156043,7915.5,418688,27163,29539,-2376,-262645,0.5
1900-01-23 17:26:30,7912.0,527684,7912.5,541441,13787,241033,-227246,-13757,0.5
1900-01-23 17:26:45,7912.5,1157512,7913.0,41107,138634,40684,97950,1116405,0.5
1900-01-23 17:27:00,7909.5,26252,7910.0,1434769,33527,69583,-36056,-1408517,0.5
1900-01-23 17:27:15,7905.0,279712,7905.5,574512,28837,194878,-166041,-294800,0.5
1900-01-23 17:27:30,7906.0,498559,7906.5,7248,69975,67953,2022,491311,0.5
1900-01-23 17:27:45,7906.0,94982,7906.5,748571,18923,205705,-186782,-653589,0.5
1900-01-23 17:28:00,7906.0,639731,7906.5,244695,65300,17378,47922,395036,0.5
1900-01-23 17:28:15,7906.5,1055501,7907.0,25028,86120,52152,33968,1030473,0.5
1900-01-23 17:28:30,7910.5,429801,7911.0,313644,463022,7860,455162,116157,0.5
1900-01-23 17:28:45,7911.5,757214,7912.0,15666,312676,69411,243265,741548,0.5
1900-01-23 17:29:00,7913.5,241806,7914.0,1240802,79826,74382,5444,-998996,0.5
1900-01-23 17:29:15,7911.0,189692,7911.5,1080128,192728,190068,2660,-890436,0.5
1900-01-23 17:29:30,7908.5,15378,7909.0,1236096,96260,220314,-124054,-1220718,0.5
1900-01-23 17:29:45,7902.0,127649,7902.5,521547,5171,190936,-185765,-393898,0.5
1900-01-23 17:30:00,7884.0,170420,7889.0,11000,22173,1003088,-980915,159420,5.0
1900-01-23 17:30:15,7892.5,279467,7893.0,158369,329527,1719092,-1389565,121098,0.5
1900-01-23 17:30:30,7900.0,660347,7901.5,2405,339899,89669,250230,657942,1.5
1900-01-23 17:30:45,7904.5,207578,7905.0,1022485,568662,71098,497564,-814907,0.5
1900-01-23 17:31:00,7902.0,427187,7902.5,903806,266254,148093,118161,-476619,0.5
1900-01-23 17:31:15,7902.0,905637,7902.5,265584,193644,565068,-371424,640053,0.5
1900-01-23 17:31:30,7897.5,3971,7898.0,22067,173183,296202,-123019,-18096,0.5
1900-01-23 17:31:45,7888.0,623529,7888.5,541166,43944,44646,-702,82363,0.5
1900-01-23 17:35:00,7880.5,245130,7881.5,31778,162067,47243,114824,213352,1.0
1900-01-23 17:35:15,7889.5,2000,7890.0,6566,471363,86874,384489,-4566,0.5
1900-01-23 17:35:30,7891.0,760503,7891.5,53552,252857,153897,98960,706951,0.5
1900-01-23 17:35:45,7890.0,443663,7890.5,759170,60260,196521,-136261,-315507,0.5
1900-01-23 17:36:00,7894.5,647953,7895.0,664154,72926,35409,37517,-16201,0.5
1900-01-23 17:36:15,7899.5,433391,7900.0,845825,174136,20992,153144,-412434,0.5
1900-01-23 17:36:30,7899.5,977658,7900.0,616931,194952,102682,92270,360727,0.5
1900-01-23 17:36:45,7896.5,52872,7897.0,759763,42679,106303,-63624,-706891,0.5
1900-01-23 17:37:00,7899.5,338341,7900.0,91889,189099,45033,144066,246452,0.5
1900-01-23 17:37:15,7903.0,963760,7903.5,83081,180641,4103,176538,880679,0.5
1900-01-23 17:37:30,7904.5,612680,7905.0,793223,349261,12981,336280,-180543,0.5
1900-01-23 17:37:45,7903.0,975979,7903.5,337016,70547,103942,-33395,638963,0.5
1900-01-23 17:38:00,7903.0,1375746,7903.5,11075,57472,2767,54705,1364671,0.5
1900-01-23 17:38:15,7904.5,1324341,7905.0,7170,75007,3631,71376,1317171,0.5
1900-01-23 17:38:30,7907.5,155542,7908.0,11781,156504,6878,149626,143761,0.5
1900-01-23 17:38:45,7906.0,305478,7906.5,619746,467166,6412,460754,-314268,0.5
1900-01-23 17:39:00,7905.5,65220,7906.0,664746,61688,43617,18071,-599526,0.5
1900-01-23 17:39:15,7904.5,390946,7905.0,258404,32466,39729,-7263,132542,0.5
1900-01-23 17:39:30,7891.0,205553,7891.5,13049,10866,522581,-511715,192504,0.5
1900-01-23 17:39:45,7899.5,3700,7900.0,4578,117009,288156,-171147,-878,0.5
1900-01-23 17:40:00,7899.5,436946,7900.0,517684,97942,13659,84283,-80738,0.5
1900-01-23 17:40:15,7891.5,225349,7892.0,452822,18136,111099,-92963,-227473,0.5
1900-01-23 17:40:30,7887.0,741314,7887.5,63645,8706,83608,-74902,677669,0.5
1900-01-23 17:40:45,7889.5,1084504,7890.0,534146,1513594,21327,1492267,550358,0.5
1900-01-23 17:41:00,7889.5,1971711,7890.0,389673,187735,18859,168876,1582038,0.5
1900-01-23 17:41:15,7890.0,1369121,7890.5,1769,331141,10233,320908,1367352,0.5
1900-01-23 17:41:30,7897.0,523638,7897.5,185610,188058,11800,176258,338028,0.5
1900-01-23 17:41:45,7896.5,162934,7897.0,918369,81817,19174,62643,-755435,0.5
1900-01-23 17:42:00,7896.5,5376,7897.0,729100,5195,154145,-148950,-723724,0.5
1900-01-23 17:42:15,7897.0,945258,7897.5,69282,31305,6555,24750,875976,0.5
1900-01-23 17:42:30,7899.5,1018366,7900.0,104616,33409,8924,24485,913750,0.5
1900-01-23 17:42:45,7900.5,1113839,7901.0,65090,85853,1650,84203,1048749,0.5
1900-01-23 17:43:00,7902.0,302722,7902.5,716992,104855,126,104729,-414270,0.5
1900-01-23 17:43:15,7901.0,1230645,7901.5,65544,18661,42325,-23664,1165101,0.5
1900-01-23 17:43:30,7903.5,1205187,7904.0,69399,105342,3348,101994,1135788,0.5
1900-01-23 17:43:45,7904.5,343958,7905.0,778838,95916,651,95265,-434880,0.5
1900-01-23 17:44:00,7893.0,3334,7893.5,282098,13183,92737,-79554,-278764,0.5
1900-01-23 17:44:15,7898.0,569230,7898.5,19770,59496,7700,51796,549460,0.5
1900-01-23 17:44:30,7898.0,626159,7898.5,251915,44243,8457,35786,374244,0.5
1900-01-23 17:44:45,7904.0,892741,7904.5,40490,34768,5372,29396,852251,0.5
1900-01-23 17:45:00,7906.5,866044,7907.0,27087,59036,3493,55543,838957,0.5
1900-01-23 17:45:15,7909.0,243858,7909.5,115438,212601,2174,210427,128420,0.5
1900-01-23 17:45:30,7909.5,1297662,7910.0,342560,767775,1688,766087,955102,0.5
1900-01-23 17:45:45,7914.0,407509,7914.5,644440,136851,6320,130531,-236931,0.5
1900-01-23 17:46:00,7914.0,638382,7914.5,651428,50604,43163,7441,-13046,0.5
1900-01-23 17:46:15,7914.0,288791,7914.5,1116590,57151,66595,-9444,-827799,0.5
1900-01-23 17:46:30,7911.0,14475,7911.5,249032,30587,236429,-205842,-234557,0.5
1900-01-23 17:46:45,7904.0,1077408,7904.5,395713,141695,86446,55249,681695,0.5
1900-01-23 17:47:00,7904.0,1185115,7904.5,62485,37282,146079,-108797,1122630,0.5
1900-01-23 17:47:15,7905.0,727535,7905.5,170848,47403,43181,4222,556687,0.5
1900-01-23 17:47:30,7909.5,378820,7910.0,20254,98175,13661,84514,358566,0.5
1900-01-23 17:47:45,7909.5,616475,7910.0,75249,27045,48313,-21268,541226,0.5
1900-01-23 17:48:00,7909.5,1218673,7910.0,54875,14008,13510,498,1163798,0.5
1900-01-23 17:48:15,7910.0,128628,7910.5,696160,3596,13510,-9914,-567532,0.5
1900-01-23 17:48:30,7910.0,69635,7910.5,754683,16172,14679,1493,-685048,0.5
1900-01-23 17:48:45,7905.0,211172,7905.5,1166365,3562,67375,-63813,-955193,0.5
1900-01-23 17:49:00,7902.0,3442,7902.5,845126,7128,307575,-300447,-841684,0.5
1900-01-23 17:49:15,7902.0,771408,7902.5,1717,35278,22386,12892,769691,0.5
1900-01-23 17:49:30,7906.5,354642,7907.0,546320,23394,4965,18429,-191678,0.5
1900-01-23 17:49:45,7906.5,102189,7907.0,1166558,9422,110068,-100646,-1064369,0.5
1900-01-23 17:50:00,7904.5,814264,7905.0,379651,13685,9754,3931,434613,0.5
1900-01-23 17:50:15,7902.0,16072,7902.5,632688,16384,62517,-46133,-616616,0.5
1900-01-23 17:50:30,7902.0,26275,7902.5,1194399,4500,140517,-136017,-1168124,0.5
1900-01-23 17:50:45,7902.0,855163,7902.5,456452,32014,8653,23361,398711,0.5
1900-01-23 17:51:00,7902.0,125373,7902.5,549552,1600,112448,-110848,-424179,0.5
1900-01-23 17:51:15,7903.5,617997,7904.0,2942,69861,315036,-245175,615055,0.5
1900-01-23 17:51:30,7904.5,122853,7905.0,1267747,70816,5293,65523,-1144894,0.5
1900-01-23 17:51:45,7904.5,727671,7905.0,584433,70816,31210,39606,143238,0.5
1900-01-23 17:52:00,7904.5,32679,7905.0,1207218,159461,3070,156391,-1174539,0.5
1900-01-23 17:52:15,7904.5,883550,7905.0,429283,76471,2354,74117,454267,0.5
1900-01-23 17:52:30,7909.5,625025,7910.0,33356,341292,12410,328882,591669,0.5
1900-01-23 17:52:45,7909.5,112710,7910.0,576800,75749,27684,48065,-464090,0.5
1900-01-23 17:53:00,7909.5,890632,7910.0,2991,52945,25661,27284,887641,0.5
1900-01-23 17:53:15,7910.0,923152,7910.5,23772,171647,240,171407,899380,0.5
1900-01-23 17:53:30,7913.0,876318,7913.5,956,81599,659,80940,875362,0.5
1900-01-23 17:53:45,7917.5,277206,7918.0,175756,101589,974,100615,101450,0.5
1900-01-23 17:54:00,7917.5,239043,7918.0,795163,237733,16920,220813,-556120,0.5
1900-01-23 17:54:15,7917.5,695753,7918.0,373042,185656,14085,171571,322711,0.5
1900-01-23 17:54:30,7917.5,733112,7918.0,352493,16487,5548,10939,380619,0.5
1900-01-23 17:54:45,7917.5,794804,7918.0,588394,49106,62660,-13554,206410,0.5
1900-01-23 17:55:00,7917.5,443418,7918.0,909239,8536,2201,6335,-465821,0.5
1900-01-23 17:55:15,7917.5,438108,7918.0,1146702,1005,86912,-85907,-708594,0.5
1900-01-23 17:55:30,7917.5,712955,7918.0,941931,1005,20607,-19602,-228976,0.5
1900-01-23 17:55:45,7917.5,1108413,7918.0,626897,9736,2671,7065,481516,0.5
1900-01-23 17:56:00,7917.5,587935,7918.0,926702,4350,56824,-52474,-338767,0.5
1900-01-23 17:56:15,7917.5,609436,7918.0,984155,2166,3357,-1191,-374719,0.5
1900-01-23 17:56:30,7915.0,17036,7915.5,327199,2007,33236,-31229,-310163,0.5
1900-01-23 17:56:45,7913.5,750106,7914.0,230795,11741,160883,-149142,519311,0.5
1900-01-23 17:57:00,7913.0,209447,7913.5,895854,4777,31997,-27220,-686407,0.5
1900-01-23 17:57:15,7913.0,68446,7913.5,1150506,13000,132262,-119262,-1082060,0.5
1900-01-23 17:57:30,7913.0,24403,7913.5,1251920,15299,46588,-31289,-1227517,0.5
1900-01-23 17:57:45,7913.0,807930,7913.5,286729,5802,84,5718,521201,0.5
1900-01-23 17:58:00,7913.0,1202317,7913.5,85211,155073,493,154580,1117106,0.5
1900-01-23 17:58:15,7913.5,725499,7914.0,51637,69823,493,69330,673862,0.5
1900-01-23 17:58:30,7913.5,906341,7914.0,124345,59213,3006,56207,781996,0.5
1900-01-23 17:58:45,7915.5,397003,7916.0,200620,48134,7598,40536,196383,0.5
1900-01-23 17:59:00,7915.5,103221,7916.0,1201581,106050,7359,98691,-1098360,0.5
1900-01-23 17:59:15,7910.0,122889,7910.5,794641,14070,210536,-196466,-671752,0.5
1900-01-23 17:59:30,7910.0,209321,7910.5,785860,3821,76588,-72767,-576539,0.5
1900-01-23 17:59:45,7909.0,33944,7909.5,858158,3821,18484,-14663,-824214,0.5
1900-01-23 18:00:00,7906.0,64225,7906.5,567245,463,356436,-355973,-503020,0.5
1900-01-23 18:00:15,7906.0,403704,7906.5,768154,7147,173634,-166487,-364450,0.5
1900-01-23 18:00:30,7906.0,754686,7906.5,331417,3118,20886,-17768,423269,0.5
1900-01-23 18:00:45,7906.0,1314730,7906.5,82177,59359,51688,7671,1232553,0.5
1900-01-23 18:01:00,7907.5,934165,7908.0,15728,43813,5000,38813,918437,0.5
1900-01-23 18:01:15,7910.0,637357,7910.5,8817,17904,6258,11646,628540,0.5
1900-01-23 18:01:30,7910.5,709025,7911.0,519628,20880,3018,17862,189397,0.5
1900-01-23 18:01:45,7910.5,1285820,7911.0,208181,69479,2281,67198,1077639,0.5
1900-01-23 18:02:00,7910.5,906019,7911.0,143480,69000,36408,32592,762539,0.5
1900-01-23 18:02:15,7910.5,61171,7911.0,621224,8074,95196,-87122,-560053,0.5
1900-01-23 18:02:30,7910.5,625454,7911.0,222070,28919,108533,-79614,403384,0.5
1900-01-23 18:02:45,7910.5,1220234,7911.0,73886,13411,455,12956,1146348,0.5
1900-01-23 18:03:00,7913.5,853160,7914.0,101818,41695,4000,37695,751342,0.5
1900-01-23 18:03:15,7913.5,244776,7914.0,549310,16150,100,16050,-304534,0.5
1900-01-23 18:03:30,7910.5,145559,7911.0,628377,6820,4417,2403,-482818,0.5
1900-01-23 18:03:45,7916.0,657189,7916.5,195302,148121,19348,128773,461887,0.5
1900-01-23 18:04:00,7914.5,121283,7915.0,672642,2461,113843,-111382,-551359,0.5
1900-01-23 18:04:15,7914.5,497,7915.0,825424,7390,11366,-3976,-824927,0.5
1900-01-23 18:04:30,7914.0,573208,7914.5,149870,7097,4234,2863,423338,0.5
1900-01-23 18:04:45,7917.0,1269736,7917.5,163927,144090,4234,139856,1105809,0.5
1900-01-23 18:05:00,7917.0,850512,7917.5,97677,123780,25033,98747,752835,0.5
1900-01-23 18:05:15,7917.0,976952,7917.5,5337,23038,5550,17488,971615,0.5
1900-01-23 18:05:30,7917.0,45843,7917.5,474946,1443,21184,-19741,-429103,0.5
1900-01-23 18:05:45,7916.5,95394,7917.0,660824,1403,6834,-5431,-565430,0.5
1900-01-23 18:06:00,7916.5,39856,7917.0,926591,3696,14858,-11162,-886735,0.5
1900-01-23 18:06:15,7914.5,769,7915.0,769776,3560,12686,-9126,-769007,0.5
1900-01-23 18:06:30,7913.0,90576,7913.5,583251,3560,43357,-39797,-492675,0.5
1900-01-23 18:06:45,7913.0,155351,7913.5,1170859,101,319268,-319167,-1015508,0.5
1900-01-23 18:07:00,7910.5,19207,7911.0,598551,30,33955,-33925,-579344,0.5
1900-01-23 18:07:15,7906.5,6784,7907.0,940346,222,76315,-76093,-933562,0.5
1900-01-23 18:07:30,7906.0,83613,7906.5,907066,8001,58644,-50643,-823453,0.5
1900-01-23 18:07:45,7904.5,26916,7905.0,1016094,1,187520,-187519,-989178,0.5
1900-01-23 18:08:00,7900.5,7341,7901.0,981171,13368,208341,-194973,-973830,0.5
1900-01-23 18:08:15,7893.0,173330,7893.5,325731,42100,585515,-543415,-152401,0.5
1900-01-23 18:08:30,7895.0,1547864,7895.5,221722,243987,117694,126293,1326142,0.5
1900-01-23 18:08:45,7898.0,948226,7898.5,234910,201229,8742,192487,713316,0.5
1900-01-23 18:09:00,7901.5,408944,7902.0,42136,81233,58805,22428,366808,0.5
1900-01-23 18:09:15,7901.5,1610179,7902.0,96447,36040,845,35195,1513732,0.5
1900-01-23 18:09:30,7901.0,54707,7901.5,189631,38262,29083,9179,-134924,0.5
1900-01-23 18:09:45,7893.0,169679,7893.5,637937,3360,102209,-98849,-468258,0.5
1900-01-23 18:10:00,7892.5,94884,7893.0,1302110,4577,188847,-184270,-1207226,0.5
1900-01-23 18:10:15,7890.0,571039,7890.5,116486,56712,214804,-158092,454553,0.5
1900-01-23 18:10:30,7890.0,555967,7890.5,331871,26900,56355,-29455,224096,0.5
1900-01-23 18:10:45,7890.0,765390,7890.5,29147,130609,3039,127570,736243,0.5
1900-01-23 18:11:00,7892.5,206458,7893.0,2822,25150,28240,-3090,203636,0.5
1900-01-23 18:11:15,7893.5,818911,7894.0,50090,45423,2950,42473,768821,0.5
1900-01-23 18:11:30,7899.5,276610,7900.0,400435,101614,20050,81564,-123825,0.5
1900-01-23 18:11:45,7897.0,71778,7897.5,954864,28066,8346,19720,-883086,0.5
1900-01-23 18:12:00,7897.0,4009,7897.5,831151,19035,9800,9235,-827142,0.5
1900-01-23 18:12:15,7890.0,807228,7890.5,403447,20870,87135,-66265,403781,0.5
1900-01-23 18:12:30,7890.0,913990,7890.5,406749,19850,70228,-50378,507241,0.5
1900-01-23 18:12:45,7894.0,464184,7894.5,223725,22654,60258,-37604,240459,0.5
1900-01-23 18:13:00,7891.5,68907,7892.0,726278,6237,18503,-12266,-657371,0.5
1900-01-23 18:13:15,7888.0,30275,7888.5,24977,4415,266941,-262526,5298,0.5
1900-01-23 18:13:30,7885.0,637300,7885.5,249700,82220,341519,-259299,387600,0.5
1900-01-23 18:13:45,7884.0,269882,7884.5,753160,38906,132737,-93831,-483278,0.5
1900-01-23 18:14:00,7884.0,30734,7884.5,792957,119604,88194,31410,-762223,0.5
1900-01-23 18:14:15,7884.0,621357,7884.5,138,35641,71002,-35361,621219,0.5
1900-01-23 18:14:30,7888.5,716697,7889.0,104769,21982,1958,20024,611928,0.5
1900-01-23 18:14:45,7888.5,968702,7889.0,30917,55483,10025,45458,937785,0.5
1900-01-23 18:15:00,7889.5,71787,7890.0,936191,29931,4977,24954,-864404,0.5
1900-01-23 18:15:15,7889.5,24850,7890.0,1130183,502,35994,-35492,-1105333,0.5
1900-01-23 18:15:30,7888.5,73061,7889.0,791017,1601,27951,-26350,-717956,0.5
1900-01-23 18:15:45,7888.5,635425,7889.0,81631,18181,13447,4734,553794,0.5
1900-01-23 18:16:00,7888.5,591146,7889.0,385229,29932,13447,16485,205917,0.5
1900-01-23 18:16:15,7895.5,3185,7896.0,15684,52967,101,52866,-12499,0.5
1900-01-23 18:16:30,7895.5,343316,7896.0,827895,92712,12277,80435,-484579,0.5
1900-01-23 18:16:45,7898.5,1013236,7899.0,40287,442100,40174,401926,972949,0.5
1900-01-23 18:17:00,7904.0,12203,7904.5,999937,181218,13645,167573,-987734,0.5
1900-01-23 18:17:15,7899.0,46300,7901.5,2480,48161,46102,2059,43820,2.5
1900-01-23 18:17:30,7891.5,1139,7892.0,34416,45065,53153,-8088,-33277,0.5
1900-01-23 18:17:45,7898.5,774470,7899.0,23342,126222,63,126159,751128,0.5
1900-01-23 18:18:00,7895.5,23255,7896.0,171517,13656,1968,11688,-148262,0.5
1900-01-23 18:18:15,7900.0,600337,7900.5,1032,25695,40688,-14993,599305,0.5
1900-01-23 18:18:30,7900.5,539626,7901.0,48994,15672,6831,8841,490632,0.5
1900-01-23 18:18:45,7904.0,7460,7904.5,808641,351084,51940,299144,-801181,0.5
1900-01-23 18:19:00,7904.0,562619,7904.5,389027,8427,4570,3857,173592,0.5
1900-01-23 18:19:15,7904.0,251682,7904.5,194249,159681,11752,147929,57433,0.5
1900-01-23 18:19:30,7904.0,45764,7904.5,493813,6008,138124,-132116,-448049,0.5
1900-01-23 18:19:45,7902.0,632342,7902.5,157208,10724,9333,1391,475134,0.5
1900-01-23 18:20:00,7902.0,665938,7902.5,609175,8134,2541,5593,56763,0.5
1900-01-23 18:20:15,7902.0,217098,7902.5,770241,11433,133,11300,-553143,0.5
1900-01-23 18:20:30,7902.0,66729,7902.5,787448,470,91085,-90615,-720719,0.5
1900-01-23 18:20:45,7899.5,11444,7900.0,835260,3028,11937,-8909,-823816,0.5
1900-01-23 18:21:00,7897.5,551243,7898.0,380024,245,18651,-18406,171219,0.5
1900-01-23 18:21:15,7897.5,616,7898.0,825358,1014,41499,-40485,-824742,0.5
1900-01-23 18:21:30,7895.5,1886,7896.0,652305,100,2860,-2760,-650419,0.5
1900-01-23 18:21:45,7893.5,629472,7894.0,386935,7525,24474,-16949,242537,0.5
1900-01-23 18:22:00,7896.5,1086548,7897.0,77732,47698,51900,-4202,1008816,0.5
1900-01-23 18:22:15,7905.0,283323,7905.5,578658,43561,571,42990,-295335,0.5
1900-01-23 18:22:30,7903.5,143617,7904.0,673422,27647,16158,11489,-529805,0.5
1900-01-23 18:22:45,7903.5,188670,7904.0,629877,6442,25551,-19109,-441207,0.5
1900-01-23 18:23:00,7903.5,176180,7904.0,748093,10304,9500,804,-571913,0.5
1900-01-23 18:23:15,7903.5,539113,7904.0,326051,25100,2000,23100,213062,0.5
1900-01-23 18:23:30,7903.5,50408,7904.0,1229332,9840,4867,4973,-1178924,0.5
1900-01-23 18:23:45,7897.5,14973,7898.0,154911,96130,45037,51093,-139938,0.5
1900-01-23 18:24:00,7895.5,31803,7896.0,906094,1100,23640,-22540,-874291,0.5
1900-01-23 18:24:15,7895.5,1029588,7896.0,77380,68149,9401,58748,952208,0.5
1900-01-23 18:24:30,7903.0,65831,7903.5,16823,68806,1140,67666,49008,0.5
1900-01-23 18:24:45,7903.5,684341,7904.0,25711,13586,2119,11467,658630,0.5
1900-01-23 18:25:00,7903.5,81940,7904.0,877203,30571,998,29573,-795263,0.5
1900-01-23 18:25:15,7903.5,4042,7904.0,1153806,1500,59141,-57641,-1149764,0.5
1900-01-23 18:25:30,7898.5,111796,7899.0,615789,302,18062,-17760,-503993,0.5
1900-01-23 18:25:45,7898.5,63321,7899.0,850992,19302,14170,5132,-787671,0.5
1900-01-23 18:26:00,7898.5,1001718,7899.0,228471,50435,30685,19750,773247,0.5
1900-01-23 18:26:15,7898.5,1215016,7899.0,90440,42184,100,42084,1124576,0.5
1900-01-23 18:26:30,7898.5,1167210,7899.0,56261,22189,62,22127,1110949,0.5
1900-01-23 18:26:45,7898.5,563839,7899.0,664793,21527,60,21467,-100954,0.5
1900-01-23 18:27:00,7898.5,519796,7899.0,1151874,6056,47807,-41751,-632078,0.5
1900-01-23 18:27:15,7893.0,14515,7893.5,1052647,5100,452700,-447600,-1038132,0.5
1900-01-23 18:27:30,7892.5,874619,7893.0,281381,2450,111784,-109334,593238,0.5
1900-01-23 18:27:45,7892.5,1211220,7893.5,5628,24235,5500,18735,1205592,1.0
1900-01-23 18:28:00,7894.5,799589,7895.0,264170,49102,1,49101,535419,0.5
1900-01-23 18:28:15,7894.5,1111365,7895.0,48659,21193,10,21183,1062706,0.5
1900-01-23 18:28:30,7896.5,1014438,7897.0,367,17152,613,16539,1014071,0.5
1900-01-23 18:28:45,7897.5,980763,7898.0,23716,9833,50015,-40182,957047,0.5
1900-01-23 18:29:00,7898.5,1182128,7899.0,19236,28195,950,27245,1162892,0.5
1900-01-23 18:29:15,7899.0,114411,7899.5,598802,9918,5317,4601,-484391,0.5
1900-01-23 18:29:30,7894.0,169152,7894.5,512431,3502,30768,-27266,-343279,0.5
1900-01-23 18:29:45,7894.0,1118145,7894.5,88605,77,6907,-6830,1029540,0.5
1900-01-23 18:30:00,7894.0,1304340,7894.5,3431,50377,1831,48546,1300909,0.5
1900-01-23 18:30:15,7895.5,1181088,7896.0,1458,10482,2242,8240,1179630,0.5
1900-01-23 18:30:30,7892.5,34807,7893.0,182135,10988,54176,-43188,-147328,0.5
1900-01-23 18:30:45,7892.5,32928,7893.0,761932,6309,175934,-169625,-729004,0.5
1900-01-23 18:31:00,7888.0,38020,7888.5,180245,7265,50263,-42998,-142225,0.5
1900-01-23 18:31:15,7887.5,835806,7888.0,171488,16356,137415,-121059,664318,0.5
1900-01-23 18:31:30,7885.0,20326,7885.5,894404,15001,60255,-45254,-874078,0.5
1900-01-23 18:31:45,7884.5,1003028,7885.0,96835,1801,25932,-24131,906193,0.5
1900-01-23 18:32:00,7885.0,1062547,7885.5,59300,90977,1293,89684,1003247,0.5
1900-01-23 18:32:15,7885.0,592152,7885.5,147629,52684,5958,46726,444523,0.5
1900-01-23 18:32:30,7887.5,650268,7888.0,10592,46662,6300,40362,639676,0.5
1900-01-23 18:32:45,7887.5,18865,7888.0,833139,1393,14569,-13176,-814274,0.5
1900-01-23 18:33:00,7887.0,369,7887.5,1256353,1716,12336,-10620,-1255984,0.5
1900-01-23 18:33:15,7885.5,39722,7886.0,690489,22050,13132,8918,-650767,0.5
1900-01-23 18:33:30,7884.0,533080,7884.5,100373,600,23219,-22619,432707,0.5
1900-01-23 18:33:45,7884.5,43826,7885.0,68861,65490,7416,58074,-25035,0.5
1900-01-23 18:34:00,7885.0,592864,7885.5,14431,15200,16157,-957,578433,0.5
1900-01-23 18:34:15,7885.0,603255,7885.5,7422,97523,2015,95508,595833,0.5
1900-01-23 18:34:30,7890.5,233399,7891.0,807063,73115,16827,56288,-573664,0.5
1900-01-23 18:34:45,7887.0,712698,7887.5,162559,10710,9724,986,550139,0.5
1900-01-23 18:35:00,7887.0,460786,7887.5,90704,13785,558,13227,370082,0.5
1900-01-23 18:35:15,7887.0,687040,7887.5,48474,28401,10034,18367,638566,0.5
1900-01-23 18:35:30,7885.0,17499,7885.5,1019669,3362,11392,-8030,-1002170,0.5
1900-01-23 18:35:45,7881.0,151482,7881.5,774921,457,57124,-56667,-623439,0.5
1900-01-23 18:36:00,7860.0,13378,7862.0,17400,8720,700840,-692120,-4022,2.0
1900-01-23 18:36:15,7875.0,7934,7875.5,11593,171212,331415,-160203,-3659,0.5
1900-01-23 18:36:30,7877.5,20508,7878.0,841174,140833,75733,65100,-820666,0.5
1900-01-23 18:36:45,7881.5,92266,7882.0,465778,277243,40667,236576,-373512,0.5
1900-01-23 18:37:00,7880.0,9944,7880.5,824792,69276,22657,46619,-814848,0.5
1900-01-23 18:37:15,7879.0,967179,7879.5,40481,62379,47366,15013,926698,0.5
1900-01-23 18:37:30,7885.5,351654,7886.0,237987,110145,6993,103152,113667,0.5
1900-01-23 18:37:45,7887.0,776866,7887.5,374817,35045,3,35042,402049,0.5
1900-01-23 18:38:00,7887.0,431829,7887.5,823325,11115,101,11014,-391496,0.5
1900-01-23 18:38:15,7887.0,835103,7887.5,125865,7196,7493,-297,709238,0.5
1900-01-23 18:38:30,7889.5,1731710,7890.0,141820,586854,2207,584647,1589890,0.5
1900-01-23 18:38:45,7898.0,530862,7898.5,125570,235124,27362,207762,405292,0.5
1900-01-23 18:39:00,7898.0,1935915,7898.5,800,251762,2052,249710,1935115,0.5
1900-01-23 18:39:15,7903.0,142600,7903.5,983101,92541,34776,57765,-840501,0.5
1900-01-23 18:39:30,7903.0,380785,7903.5,609038,28373,40736,-12363,-228253,0.5
1900-01-23 18:39:45,7903.0,726675,7903.5,174342,80895,12947,67948,552333,0.5
1900-01-23 18:40:00,7903.0,268653,7903.5,483732,62680,7670,55010,-215079,0.5
1900-01-23 18:40:15,7903.0,29208,7903.5,630727,18445,30375,-11930,-601519,0.5
1900-01-23 18:40:30,7903.0,815963,7903.5,28566,34190,8479,25711,787397,0.5
1900-01-23 18:40:45,7904.5,1274464,7905.0,27868,44273,201,44072,1246596,0.5
1900-01-23 18:41:00,7905.0,1565210,7905.5,94848,186535,42,186493,1470362,0.5
1900-01-23 18:41:15,7907.5,967539,7908.0,1651621,194278,5922,188356,-684082,0.5
1900-01-23 18:41:30,7907.5,904466,7908.0,1520194,176394,2258,174136,-615728,0.5
1900-01-23 18:41:45,7896.0,1479320,7896.5,205796,280787,257776,23011,1273524,0.5
1900-01-23 18:42:00,7901.5,374544,7902.0,57251,193814,6923,186891,317293,0.5
1900-01-23 18:42:15,7901.5,1258744,7902.0,2019,49759,5323,44436,1256725,0.5
1900-01-23 18:42:30,7905.0,361229,7905.5,22329,6073,3800,2273,338900,0.5
1900-01-23 18:42:45,7905.0,302700,7905.5,395331,83900,10333,73567,-92631,0.5
1900-01-23 18:43:00,7903.0,308520,7903.5,495755,223042,75742,147300,-187235,0.5
1900-01-23 18:43:15,7903.0,122344,7903.5,525477,81292,54078,27214,-403133,0.5
1900-01-23 18:43:30,7903.0,877110,7903.5,63046,12528,5154,7374,814064,0.5
1900-01-23 18:43:45,7907.0,551517,7907.5,132819,111205,2040,109165,418698,0.5
1900-01-23 18:44:00,7907.5,1629072,7908.0,11798,106360,42702,63658,1617274,0.5
1900-01-23 18:44:15,7906.0,328194,7906.5,325696,133063,55181,77882,2498,0.5
1900-01-23 18:44:30,7904.5,102,7905.0,285198,650,58201,-57551,-285096,0.5
1900-01-23 18:44:45,7904.0,159478,7904.5,580143,4005,2778,1227,-420665,0.5
1900-01-23 18:45:00,7904.0,1339861,7904.5,169843,80520,12497,68023,1170018,0.5
1900-01-23 18:45:15,7904.0,1291514,7904.5,21251,28709,70846,-42137,1270263,0.5
1900-01-23 18:45:30,7907.5,792801,7908.0,930984,11982,7810,4172,-138183,0.5
1900-01-23 18:45:45,7907.5,649423,7908.0,863282,64950,14453,50497,-213859,0.5
1900-01-23 18:46:00,7907.5,684231,7908.0,866728,5156,24,5132,-182497,0.5
1900-01-23 18:46:15,7918.0,797741,7918.5,6122,266666,442,266224,791619,0.5
1900-01-23 18:46:30,7920.5,526872,7921.0,488986,338838,8622,330216,37886,0.5
1900-01-23 18:46:45,7911.5,272921,7912.0,37700,173273,348968,-175695,235221,0.5
1900-01-23 18:47:00,7920.5,796048,7921.0,412599,127900,101361,26539,383449,0.5
1900-01-23 18:47:15,7920.5,1250699,7921.0,77907,55524,3484,52040,1172792,0.5
1900-01-23 18:47:30,7920.5,241958,7921.0,662390,3822,46974,-43152,-420432,0.5
1900-01-23 18:47:45,7920.5,699164,7921.0,67860,20775,10716,10059,631304,0.5
1900-01-23 18:48:00,7920.5,597957,7921.0,20822,33960,50878,-16918,577135,0.5
1900-01-23 18:48:15,7927.5,129999,7928.0,56184,358220,15633,342587,73815,0.5
1900-01-23 18:48:30,7929.5,66528,7930.0,485628,250270,12684,237586,-419100,0.5
1900-01-23 18:48:45,7925.0,10619,7925.5,139818,388206,90628,297578,-129199,0.5
1900-01-23 18:49:00,7924.0,1246599,7924.5,64182,90521,190654,-100133,1182417,0.5
1900-01-23 18:49:15,7924.0,1342538,7924.5,1164,106001,32794,73207,1341374,0.5
1900-01-23 18:49:30,7929.5,1028663,7930.0,40333,46359,12610,33749,988330,0.5
1900-01-23 18:49:45,7932.5,564824,7933.0,426255,47918,16229,31689,138569,0.5
1900-01-23 18:50:00,7932.5,1272317,7933.0,3821,108189,50858,57331,1268496,0.5
1900-01-23 18:50:15,7942.0,2656,7942.5,479962,508509,21619,486890,-477306,0.5
1900-01-23 18:50:30,7924.0,1650013,7924.5,80647,179845,327847,-148002,1569366,0.5
1900-01-23 18:50:45,7933.5,171520,7934.0,436774,138414,34364,104050,-265254,0.5
1900-01-23 18:51:00,7933.5,763310,7934.0,121474,150442,20961,129481,641836,0.5
1900-01-23 18:51:15,7933.0,272484,7933.5,569667,33510,214274,-180764,-297183,0.5
1900-01-23 18:51:30,7933.0,246699,7933.5,407265,1,133039,-133038,-160566,0.5
1900-01-23 18:51:45,7932.5,35544,7933.0,834447,9221,42406,-33185,-798903,0.5
1900-01-23 18:52:00,7925.0,135764,7925.5,435640,2184,437406,-435222,-299876,0.5
1900-01-23 18:52:15,7925.0,1266129,7925.5,136816,5002,237560,-232558,1129313,0.5
1900-01-23 18:52:30,7927.5,930879,7928.0,112853,6088,14405,-8317,818026,0.5
1900-01-23 18:52:45,7928.5,353706,7929.0,437748,61224,17412,43812,-84042,0.5
1900-01-23 18:53:00,7929.0,540399,7929.5,11661,23448,87922,-64474,528738,0.5
1900-01-23 18:53:15,7928.5,90351,7929.0,769162,699,23663,-22964,-678811,0.5
1900-01-23 18:53:30,7925.0,187996,7925.5,558660,4100,54118,-50018,-370664,0.5
1900-01-23 18:53:45,7924.5,1085553,7925.0,121827,4590,34101,-29511,963726,0.5
1900-01-23 18:54:00,7924.0,73870,7924.5,728345,6455,126867,-120412,-654475,0.5
1900-01-23 18:54:15,7922.0,9928,7922.5,354765,12002,79086,-67084,-344837,0.5
1900-01-23 18:54:30,7920.0,474303,7920.5,689185,151,179880,-179729,-214882,0.5
1900-01-23 18:54:45,7920.0,688024,7920.5,446636,21513,47895,-26382,241388,0.5
1900-01-23 18:55:00,7920.0,884636,7920.5,170494,12893,1642,11251,714142,0.5
1900-01-23 18:55:15,7925.5,503014,7926.0,3648,95423,6312,89111,499366,0.5
1900-01-23 18:55:30,7930.5,613974,7931.0,708760,50366,18675,31691,-94786,0.5
1900-01-23 18:55:45,7930.5,989494,7931.0,56488,21100,4150,16950,933006,0.5
1900-01-23 18:56:00,7930.5,258471,7931.0,673618,10496,12353,-1857,-415147,0.5
1900-01-23 18:56:15,7930.5,132813,7931.0,694182,5793,26009,-20216,-561369,0.5
1900-01-23 18:56:30,7930.5,646169,7931.0,160725,16253,26574,-10321,485444,0.5
1900-01-23 18:56:45,7930.5,765836,7931.0,145541,7077,1060,6017,620295,0.5
1900-01-23 18:57:00,7933.0,18000,7933.5,349802,27557,26108,1449,-331802,0.5
1900-01-23 18:57:15,7931.0,420929,7931.5,568672,24334,85894,-61560,-147743,0.5
1900-01-23 18:57:30,7931.0,1202754,7931.5,4047,123203,107219,15984,1198707,0.5
1900-01-23 18:57:45,7935.5,286992,7936.0,505182,67667,11072,56595,-218190,0.5
1900-01-23 18:58:00,7935.0,718456,7935.5,228893,146080,218036,-71956,489563,0.5
1900-01-23 18:58:15,7935.0,181021,7935.5,431572,101601,30078,71523,-250551,0.5
1900-01-23 18:58:30,7938.0,355259,7938.5,522756,74672,26812,47860,-167497,0.5
1900-01-23 18:58:45,7939.5,106506,7940.0,19462,8000,26817,-18817,87044,0.5
1900-01-23 18:59:00,7939.0,13489,7939.5,657221,81572,144380,-62808,-643732,0.5
1900-01-23 18:59:15,7939.0,258925,7939.5,422599,41662,16055,25607,-163674,0.5
1900-01-23 18:59:30,7937.5,216073,7938.0,490187,25851,7711,18140,-274114,0.5
1900-01-23 18:59:45,7936.5,12882,7937.0,633765,726,14375,-13649,-620883,0.5
1900-01-23 19:00:00,7925.0,269108,7925.5,97037,20278,147602,-127324,172071,0.5
1900-01-23 19:00:15,7928.0,127362,7928.5,1249,64157,148532,-84375,126113,0.5
1900-01-23 19:00:30,7929.5,175704,7930.0,382232,32552,14444,18108,-206528,0.5
1900-01-23 19:00:45,7929.0,82172,7929.5,1164134,15748,172697,-156949,-1081962,0.5
1900-01-23 19:01:00,7923.0,638260,7923.5,288400,7193,187415,-180222,349860,0.5
1900-01-23 19:01:15,7923.0,66198,7923.5,901479,14458,59394,-44936,-835281,0.5
1900-01-23 19:01:30,7923.0,261254,7923.5,477121,97554,8188,89366,-215867,0.5
1900-01-23 19:01:45,7923.0,354302,7923.5,1031283,37655,71488,-33833,-676981,0.5
1900-01-23 19:02:00,7923.0,480412,7923.5,1171244,2002,5521,-3519,-690832,0.5
1900-01-23 19:02:15,7923.0,781416,7923.5,658694,5145,17709,-12564,122722,0.5
1900-01-23 19:02:30,7922.5,58010,7923.0,889069,12600,133454,-120854,-831059,0.5
1900-01-23 19:02:45,7922.0,108109,7922.5,703309,16500,60275,-43775,-595200,0.5
1900-01-23 19:03:00,7922.0,61170,7922.5,878450,46555,47703,-1148,-817280,0.5
1900-01-23 19:03:15,7922.0,48809,7922.5,1021232,7570,12466,-4896,-972423,0.5
1900-01-23 19:03:30,7922.0,523537,7922.5,482050,26450,33351,-6901,41487,0.5
1900-01-23 19:04:00,7922.0,65971,7922.5,452031,2005,8587,-6582,-386060,0.5
1900-01-23 19:04:15,7921.0,181485,7921.5,1066710,41062,53420,-12358,-885225,0.5
1900-01-23 19:04:30,7921.0,62667,7921.5,1079146,41062,85615,-44553,-1016479,0.5
1900-01-23 19:04:45,7920.5,611370,7921.0,70842,14711,71930,-57219,540528,0.5
1900-01-23 19:05:00,7921.0,582972,7921.5,341669,3300,6401,-3101,241303,0.5
1900-01-23 19:05:15,7921.0,658082,7921.5,210287,11085,2237,8848,447795,0.5
1900-01-23 19:05:30,7921.0,606618,7921.5,191777,27910,12106,15804,414841,0.5
1900-01-23 19:05:45,7921.0,60787,7921.5,601280,1551,32245,-30694,-540493,0.5
1900-01-23 19:06:00,7920.5,43718,7921.0,667333,1042,160274,-159232,-623615,0.5
1900-01-23 19:06:15,7920.5,993825,7921.0,91244,11437,9969,1468,902581,0.5
1900-01-23 19:06:30,7922.0,787095,7922.5,90609,63595,1641,61954,696486,0.5
1900-01-23 19:06:45,7922.0,54794,7922.5,648270,37159,721,36438,-593476,0.5
1900-01-23 19:07:00,7922.0,13333,7922.5,1003473,9960,22387,-12427,-990140,0.5
1900-01-23 19:07:15,7921.5,64577,7922.0,498385,1000,11278,-10278,-433808,0.5
1900-01-23 19:07:30,7921.5,881470,7922.0,76228,7150,265,6885,805242,0.5
1900-01-23 19:07:45,7921.5,322383,7922.0,581716,9132,265,8867,-259333,0.5
1900-01-23 19:08:00,7921.5,29989,7922.0,1056103,795,47,748,-1026114,0.5
1900-01-23 19:08:15,7920.5,30377,7921.0,770993,5,18981,-18976,-740616,0.5
1900-01-23 19:08:30,7918.5,82513,7919.0,1099793,4087,170100,-166013,-1017280,0.5
1900-01-23 19:08:45,7918.5,733825,7919.0,249341,24285,61037,-36752,484484,0.5
1900-01-23 19:09:00,7918.5,649170,7919.0,388490,10,4500,-4490,260680,0.5
1900-01-23 19:09:15,7918.5,650890,7919.0,365349,29300,14650,14650,285541,0.5
1900-01-23 19:09:30,7917.5,26156,7918.0,899318,1602,84397,-82795,-873162,0.5
1900-01-23 19:09:45,7916.0,32639,7916.5,271262,45185,37355,7830,-238623,0.5
1900-01-23 19:10:00,7916.0,45915,7916.5,688453,2050,38907,-36857,-642538,0.5
1900-01-23 19:10:15,7915.0,13089,7915.5,299426,35,46808,-46773,-286337,0.5
1900-01-23 19:10:30,7914.5,765048,7915.0,379123,10,29452,-29442,385925,0.5
1900-01-23 19:10:45,7914.5,781002,7915.0,375300,6978,4053,2925,405702,0.5
1900-01-23 19:11:00,7914.5,840054,7915.0,501899,14859,4053,10806,338155,0.5
1900-01-23 19:11:15,7914.5,129104,7915.0,1123957,13470,4931,8539,-994853,0.5
1900-01-23 19:11:30,7914.5,120800,7915.0,1081406,2472,7163,-4691,-960606,0.5
1900-01-23 19:11:45,7914.5,106953,7915.0,1229816,272,15212,-14940,-1122863,0.5
1900-01-23 19:12:00,7914.5,130529,7915.0,1089401,212,1002,-790,-958872,0.5
1900-01-23 19:12:15,7914.5,1092363,7915.0,397762,40249,5020,35229,694601,0.5
1900-01-23 19:12:30,7914.5,1097540,7915.0,628258,68707,10724,57983,469282,0.5
1900-01-23 19:12:45,7914.5,428873,7915.0,1176989,3900,12690,-8790,-748116,0.5
1900-01-23 19:13:00,7914.5,288360,7915.0,1040981,3900,2387,1513,-752621,0.5
1900-01-23 19:13:15,7914.5,276506,7915.0,961799,4484,6055,-1571,-685293,0.5
1900-01-23 19:13:30,7914.5,970498,7915.0,618314,4050,5010,-960,352184,0.5
1900-01-23 19:13:45,7914.5,1089618,7915.0,621703,4670,8001,-3331,467915,0.5
1900-01-23 19:14:00,7914.5,1039872,7915.0,638655,1,11250,-11249,401217,0.5
1900-01-23 19:14:15,7914.5,1266939,7915.0,538822,50700,11720,38980,728117,0.5
1900-01-23 19:14:30,7914.5,958116,7915.0,951929,62500,1000,61500,6187,0.5
1900-01-23 19:14:45,7914.5,2203954,7915.0,74493,151601,3010,148591,2129461,0.5
1900-01-23 19:15:00,7914.5,1007219,7915.0,403757,186971,6745,180226,603462,0.5
1900-01-23 19:15:15,7915.5,1360190,7916.0,105042,35338,4020,31318,1255148,0.5
1900-01-23 19:15:30,7915.5,1582584,7916.0,4011,39456,561,38895,1578573,0.5
1900-01-23 19:15:45,7918.0,1391973,7918.5,4436,37257,7262,29995,1387537,0.5
1900-01-23 19:16:00,7920.5,1094241,7921.0,189810,111846,3200,108646,904431,0.5
1900-01-23 19:16:15,7920.5,822941,7921.0,509006,64612,3200,61412,313935,0.5
1900-01-23 19:16:30,7920.5,437967,7921.0,796082,33380,702,32678,-358115,0.5
1900-01-23 19:16:45,7920.5,210236,7921.0,875144,9653,25727,-16074,-664908,0.5
1900-01-23 19:17:00,7920.5,152464,7921.0,869183,4000,24275,-20275,-716719,0.5
1900-01-23 19:17:15,7909.0,945749,7909.5,289083,144655,150305,-5650,656666,0.5
1900-01-23 19:17:30,7909.0,683843,7909.5,888612,30467,54796,-24329,-204769,0.5
1900-01-23 19:17:45,7908.0,445331,7908.5,891243,65129,126610,-61481,-445912,0.5
1900-01-23 19:18:00,7908.0,974302,7908.5,425432,4100,106883,-102783,548870,0.5
1900-01-23 19:18:15,7908.0,460587,7908.5,909126,50,102680,-102630,-448539,0.5
1900-01-23 19:18:30,7908.0,195507,7908.5,762737,200,22417,-22217,-567230,0.5
1900-01-23 19:18:45,7908.0,517760,7908.5,831201,5976,8060,-2084,-313441,0.5
1900-01-23 19:19:00,7908.0,282274,7908.5,925162,4730,23726,-18996,-642888,0.5
1900-01-23 19:19:15,7908.0,474688,7908.5,882151,13176,35834,-22658,-407463,0.5
1900-01-23 19:19:30,7908.0,930727,7908.5,325594,566,30232,-29666,605133,0.5
1900-01-23 19:19:45,7908.0,1027688,7908.5,213796,72571,1,72570,813892,0.5
1900-01-23 19:20:00,7908.0,1000108,7908.5,118644,25511,1,25510,881464,0.5
1900-01-23 19:20:15,7908.0,971025,7908.5,461104,45506,2729,42777,509921,0.5
1900-01-23 19:20:30,7908.0,230383,7908.5,1049349,2511,889,1622,-818966,0.5
1900-01-23 19:20:45,7904.0,148227,7904.5,1243731,2122,126817,-124695,-1095504,0.5
1900-01-23 19:21:00,7903.5,788940,7904.0,140784,3667,106510,-102843,648156,0.5
1900-01-23 19:21:15,7903.0,23725,7903.5,323092,3800,28926,-25126,-299367,0.5
1900-01-23 19:21:30,7903.0,710994,7903.5,475563,7500,52069,-44569,235431,0.5
1900-01-23 19:21:45,7903.0,741310,7903.5,378938,80991,16230,64761,362372,0.5
1900-01-23 19:22:00,7903.0,687020,7903.5,326089,59356,13938,45418,360931,0.5
1900-01-23 19:22:15,7903.0,725486,7903.5,237932,27459,1000,26459,487554,0.5
1900-01-23 19:22:30,7902.0,58516,7902.5,1236798,3544,105848,-102304,-1178282,0.5
1900-01-23 19:22:45,7885.5,1489320,7886.0,263176,3875,1125642,-1121767,1226144,0.5
1900-01-23 19:23:00,7897.0,578248,7897.5,19135,76854,243049,-166195,559113,0.5
1900-01-23 19:23:15,7894.5,100710,7895.0,974443,23189,214701,-191512,-873733,0.5
1900-01-23 19:23:30,7894.5,1218844,7895.0,66085,72183,29313,42870,1152759,0.5
1900-01-23 19:23:45,7899.5,67785,7900.0,1268757,67541,4100,63441,-1200972,0.5
1900-01-23 19:24:00,7899.5,43708,7900.0,1114279,157000,17548,139452,-1070571,0.5
1900-01-23 19:24:15,7899.0,515987,7899.5,410603,1041,8718,-7677,105384,0.5
1900-01-23 19:24:30,7899.0,529778,7899.5,553830,25006,7646,17360,-24052,0.5
1900-01-23 19:24:45,7899.0,656675,7899.5,178960,12311,5175,7136,477715,0.5
1900-01-23 19:25:00,7899.0,527887,7899.5,661892,12665,35979,-23314,-134005,0.5
1900-01-23 19:25:15,7898.5,18186,7899.5,1362867,12336,51244,-38908,-1344681,1.0
1900-01-23 19:25:30,7898.5,522067,7899.0,545704,3300,3926,-626,-23637,0.5
1900-01-23 19:25:45,7897.0,38074,7897.5,1018810,26051,16757,9294,-980736,0.5
1900-01-23 19:26:00,7897.0,70006,7897.5,855679,2658,7353,-4695,-785673,0.5
1900-01-23 19:26:15,7897.0,786053,7897.5,459655,5520,26955,-21435,326398,0.5
1900-01-23 19:26:30,7897.0,507808,7897.5,747985,3501,1850,1651,-240177,0.5
1900-01-23 19:26:45,7897.0,294300,7897.5,1430663,19700,17575,2125,-1136363,0.5
1900-01-23 19:27:00,7896.0,61773,7896.5,1409446,116,281103,-280987,-1347673,0.5
1900-01-23 19:27:15,7892.5,18395,7893.0,1290682,600,52637,-52037,-1272287,0.5
1900-01-23 19:27:30,7890.5,897966,7891.0,354347,1508,48820,-47312,543619,0.5
1900-01-23 19:27:45,7890.5,252303,7891.0,816214,33638,21018,12620,-563911,0.5
1900-01-23 19:28:00,7890.5,70712,7891.0,848157,29888,127469,-97581,-777445,0.5
1900-01-23 19:28:15,7890.5,42803,7891.0,1351521,27,24005,-23978,-1308718,0.5
1900-01-23 19:28:30,7890.0,7637,7890.5,1213916,2455,514622,-512167,-1206279,0.5
1900-01-23 19:28:45,7888.5,196345,7889.0,663080,12553,13091,-538,-466735,0.5
1900-01-23 19:29:00,7889.0,803561,7889.5,13370,26865,9327,17538,790191,0.5
1900-01-23 19:29:15,7890.0,858138,7890.5,75698,25210,8210,17000,782440,0.5
1900-01-23 19:29:30,7894.5,52533,7895.0,842581,72838,12453,60385,-790048,0.5
1900-01-23 19:29:45,7894.0,15169,7894.5,1276412,11195,31540,-20345,-1261243,0.5
1900-01-23 19:30:00,7891.0,271114,7891.5,858299,20446,25833,-5387,-587185,0.5
1900-01-23 19:30:15,7891.0,834557,7891.5,399962,5505,2230,3275,434595,0.5
1900-01-23 19:30:30,7891.0,1258007,7891.5,71373,91704,4075,87629,1186634,0.5
1900-01-23 19:30:45,7891.0,1162051,7891.5,378737,23374,4438,18936,783314,0.5
1900-01-23 19:31:00,7891.0,958318,7891.5,624828,16801,14597,2204,333490,0.5
1900-01-23 19:31:15,7891.0,348517,7891.5,997764,3854,52413,-48559,-649247,0.5
1900-01-23 19:31:30,7891.0,835538,7891.5,550468,11696,32725,-21029,285070,0.5
1900-01-23 19:31:45,7891.0,828755,7891.5,349633,3436,41725,-38289,479122,0.5
1900-01-23 19:32:00,7891.0,841998,7891.5,359458,84581,7831,76750,482540,0.5
1900-01-23 19:32:15,7891.0,1171935,7891.5,195309,58578,5012,53566,976626,0.5
1900-01-23 19:32:30,7896.5,838770,7897.0,203623,252310,1102,251208,635147,0.5
1900-01-23 19:32:45,7896.5,870906,7897.0,91981,94023,9434,84589,778925,0.5
1900-01-23 19:33:00,7896.5,815793,7897.0,67297,84764,9434,75330,748496,0.5
1900-01-23 19:33:15,7897.5,298319,7898.0,1010765,18428,22442,-4014,-712446,0.5
1900-01-23 19:33:30,7897.5,298076,7898.0,885767,6815,14500,-7685,-587691,0.5
1900-01-23 19:33:45,7897.5,548756,7898.0,683939,49583,3466,46117,-135183,0.5
1900-01-23 19:34:00,7897.5,584071,7898.0,545734,49583,10102,39481,38337,0.5
1900-01-23 19:34:15,7897.5,870600,7898.0,56444,64350,700,63650,814156,0.5
1900-01-23 19:34:30,7899.0,879106,7899.5,56673,44634,2,44632,822433,0.5
1900-01-23 19:34:45,7899.5,971916,7900.0,65572,17635,2000,15635,906344,0.5
1900-01-23 19:35:00,7899.5,107693,7900.0,689897,25092,18296,6796,-582204,0.5
1900-01-23 19:35:15,7902.0,670104,7902.5,121614,37785,1668,36117,548490,0.5
1900-01-23 19:35:30,7902.0,684208,7902.5,214470,56445,53251,3194,469738,0.5
1900-01-23 19:35:45,7900.0,738355,7900.5,150942,23365,22325,1040,587413,0.5
1900-01-23 19:36:00,7900.0,915595,7900.5,211801,6135,4130,2005,703794,0.5
1900-01-23 19:36:15,7900.0,135377,7900.5,979064,23878,1578,22300,-843687,0.5
1900-01-23 19:36:30,7900.0,134061,7900.5,1409563,3329,23100,-19771,-1275502,0.5
1900-01-23 19:36:45,7900.0,100757,7900.5,847753,2,78278,-78276,-746996,0.5
1900-01-23 19:37:00,7900.0,83885,7900.5,780758,2671,14066,-11395,-696873,0.5
1900-01-23 19:37:15,7899.5,4082,7900.0,950078,3500,24249,-20749,-945996,0.5
1900-01-23 19:37:30,7897.5,286358,7898.0,586832,80,95665,-95585,-300474,0.5
1900-01-23 19:37:45,7897.5,245237,7898.0,976095,2297,20512,-18215,-730858,0.5
1900-01-23 19:38:00,7897.5,74102,7898.0,776224,899,228541,-227642,-702122,0.5
1900-01-23 19:38:15,7897.0,901367,7897.5,122015,5000,13012,-8012,779352,0.5
1900-01-23 19:38:30,7897.5,1070329,7898.0,12394,4718,12500,-7782,1057935,0.5
1900-01-23 19:38:45,7903.0,916184,7903.5,237757,111361,1,111360,678427,0.5
1900-01-23 19:39:00,7904.5,671230,7905.0,148744,109052,4,109048,522486,0.5
1900-01-23 19:39:15,7904.5,290891,7905.0,333660,200788,4,200784,-42769,0.5
1900-01-23 19:39:30,7904.5,288929,7905.0,441257,6155,393,5762,-152328,0.5
1900-01-23 19:39:45,7904.5,236219,7905.0,429548,3406,3500,-94,-193329,0.5
1900-01-23 19:40:00,7904.5,358593,7905.0,417788,2731,1131,1600,-59195,0.5
1900-01-23 19:40:15,7904.5,991239,7905.0,183377,9927,51137,-41210,807862,0.5
1900-01-23 19:40:30,7905.5,1093339,7906.0,111831,38761,2021,36740,981508,0.5
1900-01-23 19:40:45,7907.5,512412,7908.0,134851,63997,2021,61976,377561,0.5
1900-01-23 19:41:00,7910.5,302813,7911.0,365977,78326,1750,76576,-63164,0.5
1900-01-23 19:41:15,7910.5,435750,7911.0,684353,18568,4,18564,-248603,0.5
1900-01-23 19:41:30,7910.5,334809,7911.0,832538,20666,2545,18121,-497729,0.5
1900-01-23 19:41:45,7913.5,1028404,7914.0,7181,153790,3229,150561,1021223,0.5
1900-01-23 19:42:00,7914.5,1179527,7915.0,142726,34035,1882,32153,1036801,0.5
1900-01-23 19:42:15,7915.5,178620,7916.0,20978,91940,6800,85140,157642,0.5
1900-01-23 19:42:30,7915.5,1005490,7916.0,149123,46577,16694,29883,856367,0.5
1900-01-23 19:42:45,7918.0,2781,7918.5,214541,239750,4987,234763,-211760,0.5
1900-01-23 19:43:00,7920.0,339278,7920.5,223351,2476,14002,-11526,115927,0.5
1900-01-23 19:43:15,7920.0,23242,7920.5,250695,1956,51051,-49095,-227453,0.5
1900-01-23 19:43:30,7920.0,253693,7920.5,262772,14200,25957,-11757,-9079,0.5
1900-01-23 19:43:45,7920.0,93716,7920.5,256595,10000,25957,-15957,-162879,0.5
1900-01-23 19:44:00,7918.0,186709,7918.5,44471,11160,187904,-176744,142238,0.5
1900-01-23 19:44:15,7918.0,187196,7918.5,102190,4322,68118,-63796,85006,0.5
1900-01-23 19:44:30,7918.0,430102,7918.5,40881,3,34836,-34833,389221,0.5
1900-01-23 19:44:45,7918.0,291470,7918.5,54091,10,16338,-16328,237379,0.5
1900-01-23 19:45:00,7918.0,583903,7918.5,46508,2288,2748,-460,537395,0.5
1900-01-23 19:45:15,7918.0,361391,7918.5,119521,4736,7899,-3163,241870,0.5
1900-01-23 19:45:30,7918.0,371565,7918.5,255822,7525,308,7217,115743,0.5
1900-01-23 19:45:45,7918.0,367665,7918.5,212294,48652,4271,44381,155371,0.5
1900-01-23 19:46:00,7918.0,240598,7918.5,132730,92378,840,91538,107868,0.5
1900-01-23 19:46:15,7918.0,411617,7918.5,94553,3577,7025,-3448,317064,0.5
1900-01-23 19:46:30,7918.0,314737,7918.5,327920,21915,1020,20895,-13183,0.5
1900-01-23 19:46:45,7918.0,404945,7918.5,97443,5022,5680,-658,307502,0.5
1900-01-23 19:47:00,7918.0,413400,7918.5,210252,106,2744,-2638,203148,0.5
1900-01-23 19:47:15,7918.0,254841,7918.5,367426,106,28530,-28424,-112585,0.5
1900-01-23 19:47:30,7915.5,59962,7916.0,323364,2000,202240,-200240,-263402,0.5
1900-01-23 19:47:45,7914.5,809,7915.0,424579,617,168047,-167430,-423770,0.5
1900-01-23 19:48:00,7913.0,510978,7913.5,253203,5076,9691,-4615,257775,0.5
1900-01-23 19:48:15,7913.0,782144,7913.5,273831,5561,38185,-32624,508313,0.5
1900-01-23 19:48:30,7913.0,889481,7913.5,273727,9900,11250,-1350,615754,0.5
1900-01-23 19:48:45,7913.0,772682,7913.5,445814,11000,14187,-3187,326868,0.5
1900-01-23 19:49:00,7913.0,788630,7913.5,289628,1188,2404,-1216,499002,0.5
1900-01-23 19:49:15,7913.5,1041879,7914.0,4108,56710,10000,46710,1037771,0.5
1900-01-23 19:49:30,7914.0,605651,7914.5,35615,3652,2853,799,570036,0.5
1900-01-23 19:49:45,7916.0,864262,7916.5,8882,11794,121,11673,855380,0.5
1900-01-23 19:50:00,7919.0,801754,7919.5,100918,37327,70,37257,700836,0.5
1900-01-23 19:50:15,7920.5,703596,7921.0,13739,101824,67,101757,689857,0.5
1900-01-23 19:50:30,7924.5,633218,7925.0,21872,97296,5817,91479,611346,0.5
1900-01-23 19:50:45,7924.5,154038,7925.0,196742,13065,45999,-32934,-42704,0.5
1900-01-23 19:51:00,7925.0,557934,7925.5,49153,37315,15555,21760,508781,0.5
1900-01-23 19:51:15,7924.5,1356,7925.0,429195,37738,153066,-115328,-427839,0.5
1900-01-23 19:51:30,7923.5,150,7924.0,394424,25718,54809,-29091,-394274,0.5
1900-01-23 19:51:45,7923.0,275274,7923.5,220831,25718,6656,19062,54443,0.5
1900-01-23 19:52:00,7922.5,38607,7923.0,350856,27129,127274,-100145,-312249,0.5
1900-01-23 19:52:15,7923.0,1081852,7923.5,9618,13913,8816,5097,1072234,0.5
1900-01-23 19:52:30,7926.5,18022,7927.0,211824,101940,16918,85022,-193802,0.5
1900-01-23 19:52:45,7923.5,156590,7924.0,25621,2562,59331,-56769,130969,0.5
1900-01-23 19:53:00,7924.0,975344,7924.5,1319,8336,35580,-27244,974025,0.5
1900-01-23 19:53:15,7927.0,684100,7927.5,28036,11925,7181,4744,656064,0.5
1900-01-23 19:53:30,7927.0,604452,7927.5,24491,24050,11,24039,579961,0.5
1900-01-23 19:53:45,7927.5,130623,7928.0,351810,5573,3700,1873,-221187,0.5
1900-01-23 19:54:00,7925.0,6768,7925.5,383244,11149,27379,-16230,-376476,0.5
1900-01-23 19:54:15,7924.0,18446,7924.5,439205,6,30034,-30028,-420759,0.5
1900-01-23 19:54:30,7925.5,997693,7926.0,2621,46702,19050,27652,995072,0.5
1900-01-23 19:54:45,7926.5,888385,7927.0,1322,12137,19050,-6913,887063,0.5
1900-01-23 19:55:00,7927.0,967140,7927.5,4987,2305,19050,-16745,962153,0.5
1900-01-23 19:55:15,7927.0,338989,7927.5,314890,15239,24756,-9517,24099,0.5
1900-01-23 19:55:30,7927.0,410774,7927.5,263651,4900,3220,1680,147123,0.5
1900-01-23 19:55:45,7927.0,760211,7927.5,18550,16644,1000,15644,741661,0.5
1900-01-23 19:56:00,7928.5,1090015,7929.0,331817,128819,12975,115844,758198,0.5
1900-01-23 19:56:15,7928.5,629646,7929.0,490593,12638,28300,-15662,139053,0.5
1900-01-23 19:56:30,7928.5,719519,7929.0,494635,2820,6102,-3282,224884,0.5
1900-01-23 19:56:45,7928.5,735567,7929.0,484064,1,3529,-3528,251503,0.5
1900-01-23 19:57:00,7928.0,47583,7928.5,412764,11938,54221,-42283,-365181,0.5
1900-01-23 19:57:15,7928.0,988423,7928.5,148180,28053,27006,1047,840243,0.5
1900-01-23 19:57:30,7928.0,971175,7928.5,139487,6501,32001,-25500,831688,0.5
1900-01-23 19:57:45,7928.0,967491,7928.5,60418,42845,3602,39243,907073,0.5
1900-01-23 19:58:00,7928.5,1314467,7929.0,84281,262061,20661,241400,1230186,0.5
1900-01-23 19:58:15,7928.5,919780,7929.0,181567,70608,30,70578,738213,0.5
1900-01-23 19:58:30,7928.5,1243432,7929.0,79004,113646,7041,106605,1164428,0.5
1900-01-23 19:58:45,7929.5,983163,7930.0,7557,100584,45,100539,975606,0.5
1900-01-23 19:59:00,7931.5,550175,7932.0,386464,46452,4205,42247,163711,0.5
1900-01-23 19:59:15,7931.5,706695,7932.0,57122,110086,1000,109086,649573,0.5
1900-01-23 19:59:30,7932.0,1147940,7932.5,31452,38764,650,38114,1116488,0.5
1900-01-23 19:59:45,7932.0,1489649,7932.5,952,20924,7657,13267,1488697,0.5
1900-01-23 20:00:00,7934.0,778596,7934.5,65499,4841,18461,-13620,713097,0.5
1900-01-23 20:00:15,7939.5,407245,7940.0,432316,223013,27141,195872,-25071,0.5
1900-01-23 20:00:30,7939.5,401133,7940.0,323667,120804,18213,102591,77466,0.5
1900-01-23 20:00:45,7942.0,447454,7942.5,10188,193523,264146,-70623,437266,0.5
1900-01-23 20:01:00,7942.5,742542,7943.0,406202,105670,33316,72354,336340,0.5
1900-01-23 20:01:15,7942.5,816574,7943.0,276107,136882,18647,118235,540467,0.5
1900-01-23 20:01:30,7942.5,908393,7943.0,223591,85994,2100,83894,684802,0.5
1900-01-23 20:01:45,7941.5,80,7942.0,562429,47948,326816,-278868,-562349,0.5
1900-01-23 20:02:00,7939.5,499173,7940.0,358989,25298,369926,-344628,140184,0.5
1900-01-23 20:02:15,7934.0,226073,7934.5,480175,5042,278667,-273625,-254102,0.5
1900-01-23 20:02:30,7929.5,917348,7930.0,5858,20190,160235,-140045,911490,0.5
1900-01-23 20:02:45,7934.5,560398,7935.0,651255,9925,38614,-28689,-90857,0.5
1900-01-23 20:03:00,7934.5,938831,7935.0,275224,86446,33006,53440,663607,0.5
1900-01-23 20:03:15,7934.5,499066,7935.0,704977,16921,16299,622,-205911,0.5
1900-01-23 20:03:30,7934.5,502858,7935.0,732342,4600,35134,-30534,-229484,0.5
1900-01-23 20:03:45,7934.0,6622,7934.5,952632,2000,221798,-219798,-946010,0.5
1900-01-23 20:04:00,7929.5,527136,7930.0,752316,10078,74734,-64656,-225180,0.5
1900-01-23 20:04:15,7929.5,1304896,7930.0,49829,14447,43528,-29081,1255067,0.5
1900-01-23 20:04:30,7931.0,1051341,7931.5,27147,7822,20937,-13115,1024194,0.5
1900-01-23 20:04:45,7935.0,492938,7935.5,227031,35249,201,35048,265907,0.5
1900-01-23 20:05:00,7929.0,489591,7929.5,614463,15528,23895,-8367,-124872,0.5
1900-01-23 20:05:15,7929.0,1083968,7929.5,87906,72616,67161,5455,996062,0.5
1900-01-23 20:05:30,7931.5,22,7932.0,403227,27956,21022,6934,-403205,0.5
1900-01-23 20:05:45,7929.5,30123,7930.0,1284452,3022,16155,-13133,-1254329,0.5
1900-01-23 20:06:00,7926.0,369297,7926.5,692450,20957,226072,-205115,-323153,0.5
1900-01-23 20:06:15,7924.5,64192,7925.0,918206,269,55225,-54956,-854014,0.5
1900-01-23 20:06:30,7924.0,63070,7924.5,2772,43088,25830,17258,60298,0.5
1900-01-23 20:06:45,7921.0,33303,7921.5,946279,6398,135068,-128670,-912976,0.5
1900-01-23 20:07:00,7919.5,29255,7920.0,1097964,15096,213259,-198163,-1068709,0.5
1900-01-23 20:07:15,7917.5,536058,7918.0,346029,31532,101214,-69682,190029,0.5
1900-01-23 20:07:30,7917.5,25625,7918.0,592359,114638,198452,-83814,-566734,0.5
1900-01-23 20:07:45,7917.0,32349,7917.5,1112635,3010,69848,-66838,-1080286,0.5
1900-01-23 20:08:00,7915.0,366480,7915.5,6739,2019,75522,-73503,359741,0.5
1900-01-23 20:08:15,7917.5,1030783,7918.0,2101,43147,55226,-12079,1028682,0.5
1900-01-23 20:08:30,7920.0,253839,7920.5,251,36100,1060,35040,253588,0.5
1900-01-23 20:08:45,7941.5,80728,7942.0,1188622,369437,105514,263923,-1107894,0.5
1900-01-23 20:09:00,7935.5,787219,7936.0,85022,57483,51384,6099,702197,0.5
1900-01-23 20:09:15,7942.0,135668,7942.5,575567,371719,153210,218509,-439899,0.5
1900-01-23 20:09:30,7939.5,537569,7940.0,530172,214843,22822,192021,7397,0.5
1900-01-23 20:09:45,7939.5,444877,7940.0,547307,90269,101361,-11092,-102430,0.5
1900-01-23 20:10:00,7938.0,17761,7938.5,939024,9504,256384,-246880,-921263,0.5
1900-01-23 20:10:15,7937.0,42856,7937.5,988963,10001,181643,-171642,-946107,0.5
1900-01-23 20:10:30,7932.5,757981,7933.0,190594,12801,119213,-106412,567387,0.5
1900-01-23 20:10:45,7932.5,102428,7933.0,732817,10972,2760,8212,-630389,0.5
1900-01-23 20:11:00,7935.5,1584754,7936.0,16248,3725,59240,-55515,1568506,0.5
1900-01-23 20:11:15,7940.0,552901,7940.5,19448,104190,10135,94055,533453,0.5
1900-01-23 20:11:30,7943.5,354068,7944.0,70629,62942,23551,39391,283439,0.5
1900-01-23 20:11:45,7942.5,283414,7943.0,356440,31436,48410,-16974,-73026,0.5
1900-01-23 20:12:00,7942.5,519238,7943.0,66294,9703,3263,6440,452944,0.5
1900-01-23 20:12:15,7940.0,574000,7940.5,1570249,8031,87306,-79275,-996249,0.5
1900-01-23 20:12:30,7935.5,50,7936.0,913127,2501,698484,-695983,-913077,0.5
1900-01-23 20:12:45,7923.5,5611,7924.0,484452,8923,466987,-458064,-478841,0.5
1900-01-23 20:13:00,7915.5,10243,7916.0,942820,14983,212073,-197090,-932577,0.5
1900-01-23 20:13:15,7917.0,1068313,7917.5,99106,257166,95233,161933,969207,0.5
1900-01-23 20:13:30,7917.0,1006356,7917.5,112749,316536,17506,299030,893607,0.5
1900-01-23 20:13:45,7919.0,922483,7919.5,50214,9354,1097,8257,872269,0.5
1900-01-23 20:14:00,7921.5,127321,7922.0,462809,80334,6265,74069,-335488,0.5
1900-01-23 20:14:15,7922.0,1234078,7922.5,60597,36199,3824,32375,1173481,0.5
1900-01-23 20:14:30,7924.0,411993,7924.5,23743,13550,100,13450,388250,0.5
1900-01-23 20:14:45,7928.5,91492,7929.0,1110972,9413,11579,-2166,-1019480,0.5
1900-01-23 20:15:00,7926.5,15539,7927.0,1080989,39129,35561,3568,-1065450,0.5
1900-01-23 20:15:15,7926.0,442762,7926.5,1269601,8448,580370,-571922,-826839,0.5
1900-01-23 20:15:30,7926.0,246850,7926.5,1460799,5361,197290,-191929,-1213949,0.5
1900-01-23 20:15:45,7926.0,329267,7926.5,746776,690,84901,-84211,-417509,0.5
1900-01-23 20:16:00,7917.5,10435,7918.0,118665,11495,187411,-175916,-108230,0.5
1900-01-23 20:16:15,7901.0,42814,7901.5,237868,7143,692529,-685386,-195054,0.5
1900-01-23 20:16:30,7900.0,29139,7900.5,295432,131425,453267,-321842,-266293,0.5
1900-01-23 20:16:45,7883.5,8596,7889.0,18881,106236,307814,-201578,-10285,5.5
1900-01-23 20:17:00,7870.5,3977,7871.5,3001,128672,706052,-577380,976,1.0
1900-01-23 20:17:15,7835.0,233717,7849.0,1111,133470,1096663,-963193,232606,14.0
1900-01-23 20:17:30,7810.0,191926,7828.0,439317,587151,1503975,-916824,-247391,18.0
1900-01-23 20:17:45,7813.5,18239,7820.5,1306918,1103956,1366956,-263000,-1288679,7.0
1900-01-23 20:18:00,7804.0,1196,7820.5,15476,480863,1042782,-561919,-14280,16.5
1900-01-23 20:18:15,7840.0,41596,7845.0,14700,340206,924717,-584511,26896,5.0
1900-01-23 20:18:30,7840.5,252573,7841.0,232108,168451,206159,-37708,20465,0.5
1900-01-23 20:18:45,7842.0,350251,7842.5,159117,501258,269279,231979,191134,0.5
1900-01-23 20:19:00,7846.5,1419057,7847.0,346894,406378,346984,59394,1072163,0.5
1900-01-23 20:19:15,7846.5,1259749,7847.0,364922,441001,312039,128962,894827,0.5
1900-01-23 20:19:30,7851.0,872229,7852.5,20110,523006,159224,363782,852119,1.5
1900-01-23 20:19:45,7857.5,5008,7858.0,67421,915117,171623,743494,-62413,0.5
1900-01-23 20:20:00,7853.0,57629,7853.5,1473646,280193,111876,168317,-1416017,0.5
1900-01-23 20:20:15,7850.0,120806,7850.5,802443,35337,686850,-651513,-681637,0.5
1900-01-23 20:20:30,7845.0,25734,7845.5,37731,46627,870229,-823602,-11997,0.5
1900-01-23 20:20:45,7830.5,1456569,7831.0,770377,35815,579266,-543451,686192,0.5
1900-01-23 20:21:00,7830.5,23673,7831.0,249658,279820,645481,-365661,-225985,0.5
1900-01-23 20:21:15,7806.5,91102,7811.0,107015,59899,474050,-414151,-15913,4.5
1900-01-23 20:21:30,7799.5,60654,7800.0,188728,263380,1054938,-791558,-128074,0.5
1900-01-23 20:21:45,7794.0,20000,7794.5,264800,233188,2832128,-2598940,-244800,0.5
1900-01-23 20:22:00,7779.0,116342,7780.0,14798,353611,1082080,-728469,101544,1.0
1900-01-23 20:22:15,7741.5,32786,7750.0,3200,946377,1146167,-199790,29586,8.5
1900-01-23 20:22:30,7729.5,2849,7739.5,17664,67549,2883890,-2816341,-14815,10.0
1900-01-23 20:22:45,7664.0,20932,7669.0,500,176155,2265489,-2089334,20432,5.0
1900-01-23 20:23:00,7669.5,72187,7670.0,5746249,874130,4519043,-3644913,-5674062,0.5
1900-01-23 20:23:15,7687.5,20000,7692.0,33276,5727755,916149,4811606,-13276,4.5
1900-01-23 20:23:30,7704.5,19908,7705.0,34871,785994,477446,308548,-14963,0.5
1900-01-23 20:23:45,7713.0,6367,7715.5,63487,696399,590631,105768,-57120,2.5
1900-01-23 20:24:00,7721.0,136866,7721.5,1403,562211,346557,215654,135463,0.5
1900-01-23 20:24:15,7723.5,62595,7724.0,14944,660913,286976,373937,47651,0.5
1900-01-23 20:24:30,7738.0,80351,7738.5,180130,1429190,399608,1029582,-99779,0.5
1900-01-23 20:24:45,7757.5,1027,7758.0,1163,1589757,141834,1447923,-136,0.5
1900-01-23 20:25:00,7754.0,264511,7754.5,56543,1557425,146968,1410457,207968,0.5
1900-01-23 20:25:15,7753.0,929099,7753.5,54240,452518,209930,242588,874859,0.5
1900-01-23 20:25:30,7768.0,48370,7768.5,4800,573851,162096,411755,43570,0.5
1900-01-23 20:25:45,7765.5,884229,7766.0,151220,289655,374612,-84957,733009,0.5
1900-01-23 20:26:00,7773.5,28271,7774.0,21443,850130,182438,667692,6828,0.5
1900-01-23 20:26:15,7788.0,44000,7793.0,6047,653766,113237,540529,37953,5.0
1900-01-23 20:26:30,7806.5,147845,7807.0,108217,1343755,897409,446346,39628,0.5
1900-01-23 20:26:45,7799.5,36288,7800.0,385051,1043519,788612,254907,-348763,0.5
1900-01-23 20:27:00,7794.5,15880,7795.0,1034541,283776,539000,-255224,-1018661,0.5
1900-01-23 20:27:15,7784.5,547805,7785.0,302237,117699,694495,-576796,245568,0.5
1900-01-23 20:27:30,7783.5,10000,7784.5,1,212035,672675,-460640,9999,1.0
1900-01-23 20:27:45,7795.0,318998,7796.0,40085,232594,64072,168522,278913,1.0
1900-01-23 20:28:00,7796.0,255412,7797.5,1076041,361172,384326,-23154,-820629,1.5
1900-01-23 20:28:15,7800.0,1007643,7800.5,60694,160047,166189,-6142,946949,0.5
1900-01-23 20:28:30,7822.5,33793,7823.0,954,1166964,28617,1138347,32839,0.5
1900-01-23 20:28:45,7820.0,585503,7820.5,376203,519611,147820,371791,209300,0.5
1900-01-23 20:29:00,7824.5,355837,7825.0,613095,886007,254645,631362,-257258,0.5
1900-01-23 20:29:15,7825.5,281891,7826.0,398161,1003122,52725,950397,-116270,0.5
1900-01-23 20:29:30,7836.5,20000,7837.0,29251,758237,770960,-12723,-9251,0.5
1900-01-23 20:29:45,7833.5,438696,7834.0,454806,214575,2645792,-2431217,-16110,0.5
1900-01-23 20:30:00,7824.5,14262,7825.0,62055,65622,857305,-791683,-47793,0.5
1900-01-23 20:30:15,7820.0,717623,7820.5,212460,85676,427077,-341401,505163,0.5
1900-01-23 20:30:30,7817.0,239807,7818.0,448619,33050,1403084,-1370034,-208812,1.0
1900-01-23 20:30:45,7810.0,468139,7810.5,111558,9322,1239264,-1229942,356581,0.5
1900-01-23 20:31:00,7814.5,14095,7815.0,435907,232703,298433,-65730,-421812,0.5
1900-01-23 20:31:15,7823.0,882984,7823.5,29748,208501,80344,128157,853236,0.5
1900-01-23 20:31:30,7813.5,99631,7814.0,62893,109542,381007,-271465,36738,0.5
1900-01-23 20:31:45,7776.5,17750,7777.0,3333,121889,1880150,-1758261,14417,0.5
1900-01-23 20:32:00,7781.0,3936,7781.5,80480,406338,474645,-68307,-76544,0.5
1900-01-23 20:32:15,7791.5,26825,7792.0,43589,213942,259132,-45190,-16764,0.5
1900-01-23 20:32:30,7801.5,2891,7803.5,777,541751,39584,502167,2114,2.0
1900-01-23 20:32:45,7802.0,370139,7802.5,174281,239800,137376,102424,195858,0.5
1900-01-23 20:33:00,7804.0,10653,7804.5,31225,201620,161199,40421,-20572,0.5
1900-01-23 20:33:15,7822.5,78313,7823.0,182143,893024,51664,841360,-103830,0.5
1900-01-23 20:33:30,7812.5,43304,7813.0,396644,180515,193642,-13127,-353340,0.5
1900-01-23 20:33:45,7810.0,373275,7810.5,998357,49789,484026,-434237,-625082,0.5
1900-01-23 20:34:00,7801.0,6951,7801.5,371871,1927,437545,-435618,-364920,0.5
1900-01-23 20:34:15,7807.0,98452,7807.5,3760,188814,186434,2380,94692,0.5
1900-01-23 20:34:30,7814.5,307497,7815.0,141393,97476,36882,60594,166104,0.5
1900-01-23 20:34:45,7819.0,90785,7819.5,17868,150783,6202,144581,72917,0.5
1900-01-23 20:35:00,7830.0,2080114,7830.5,227411,205013,94374,110639,1852703,0.5
1900-01-23 20:35:15,7827.5,413,7829.5,10000,383965,1539541,-1155576,-9587,2.0
1900-01-23 20:35:30,7814.5,83196,7815.0,73092,108603,298161,-189558,10104,0.5
1900-01-23 20:35:45,7822.0,219329,7822.5,301733,55299,106899,-51600,-82404,0.5
1900-01-23 20:36:00,7827.5,100025,7828.0,1361,154880,114178,40702,98664,0.5
1900-01-23 20:36:15,7827.5,421869,7828.0,317105,125704,210723,-85019,104764,0.5
1900-01-23 20:36:30,7815.0,20959,7816.0,33711,40855,301206,-260351,-12752,1.0
1900-01-23 20:36:45,7800.0,83711,7800.5,377737,28370,150797,-122427,-294026,0.5
1900-01-23 20:37:00,7808.5,17040,7809.0,49171,335310,53639,281671,-32131,0.5
1900-01-23 20:37:15,7815.5,482674,7816.0,51955,128258,38492,89766,430719,0.5
1900-01-23 20:37:30,7819.0,233404,7819.5,214168,101857,22412,79445,19236,0.5
1900-01-23 20:37:45,7803.5,11657,7804.0,308248,47409,285208,-237799,-296591,0.5
1900-01-23 20:38:00,7801.0,104053,7801.5,4188,89763,72558,17205,99865,0.5
1900-01-23 20:38:15,7814.5,448443,7815.0,139050,234956,23486,211470,309393,0.5
1900-01-23 20:38:30,7819.0,616,7819.5,652,171116,63307,107809,-36,0.5
1900-01-23 20:38:45,7810.0,524600,7810.5,521093,58318,357403,-299085,3507,0.5
1900-01-23 20:39:00,7819.5,989518,7820.0,85370,364776,65265,299511,904148,0.5
1900-01-23 20:39:15,7836.0,8000,7836.5,27292,332131,9969,322162,-19292,0.5
1900-01-23 20:39:30,7851.5,41900,7852.0,125130,581695,31993,549702,-83230,0.5
1900-01-23 20:39:45,7836.0,11923,7837.0,5000,477924,452831,25093,6923,1.0
1900-01-23 20:40:00,7836.5,44708,7837.0,12988,227909,253382,-25473,31720,0.5
1900-01-23 20:40:15,7850.5,110095,7851.0,418387,367336,124562,242774,-308292,0.5
1900-01-23 20:40:30,7838.5,729604,7839.0,115885,71483,199771,-128288,613719,0.5
1900-01-23 20:40:45,7849.5,502103,7850.0,181299,204253,13906,190347,320804,0.5
1900-01-23 20:41:00,7840.0,351505,7840.5,216341,86040,351307,-265267,135164,0.5
1900-01-23 20:41:15,7846.0,376139,7846.5,159566,327416,81906,245510,216573,0.5
1900-01-23 20:41:30,7840.0,302967,7840.5,542103,78863,84738,-5875,-239136,0.5
1900-01-23 20:41:45,7847.5,357416,7848.0,53263,202710,165470,37240,304153,0.5
1900-01-23 20:42:00,7840.0,76923,7841.5,208694,189463,262064,-72601,-131771,1.5
1900-01-23 20:42:15,7837.5,13416,7838.0,486992,33309,165608,-132299,-473576,0.5
1900-01-23 20:42:30,7832.5,411834,7833.0,70295,160900,209737,-48837,341539,0.5
1900-01-23 20:42:45,7828.5,65284,7829.0,214726,223652,102072,121580,-149442,0.5
1900-01-23 20:43:00,7830.0,332089,7830.5,352264,123371,108720,14651,-20175,0.5
1900-01-23 20:43:15,7830.0,987374,7830.5,656471,22900,235215,-212315,330903,0.5
1900-01-23 20:43:30,7833.0,200000,7835.0,1526,897305,135790,761515,198474,2.0
1900-01-23 20:43:45,7832.5,38295,7833.0,813562,79692,76808,2884,-775267,0.5
1900-01-23 20:44:00,7832.5,810866,7833.0,314868,60767,262964,-202197,495998,0.5
1900-01-23 20:44:15,7838.5,18100,7839.0,22134,1169815,53810,1116005,-4034,0.5
1900-01-23 20:44:30,7841.5,7534,7842.0,1335707,237959,164247,73712,-1328173,0.5
1900-01-23 20:44:45,7839.0,529975,7839.5,142969,138998,100877,38121,387006,0.5
1900-01-23 20:45:00,7833.5,839183,7834.0,513019,7833,348243,-340410,326164,0.5
1900-01-23 20:45:15,7839.0,1060603,7839.5,298279,139263,71755,67508,762324,0.5
1900-01-23 20:45:30,7830.0,41147,7830.5,395015,33507,115493,-81986,-353868,0.5
1900-01-23 20:45:45,7828.5,867619,7829.0,905233,10730,93982,-83252,-37614,0.5
1900-01-23 20:46:00,7828.5,845384,7829.0,416839,76756,357632,-280876,428545,0.5
1900-01-23 20:46:15,7828.0,916212,7828.5,898042,24200,74688,-50488,18170,0.5
1900-01-23 20:46:30,7829.0,663309,7829.5,3703,735234,87772,647462,659606,0.5
1900-01-23 20:46:45,7832.5,14080,7833.0,317405,280391,45322,235069,-303325,0.5
1900-01-23 20:47:00,7832.0,477515,7832.5,519914,59487,37278,22209,-42399,0.5
1900-01-23 20:47:15,7832.0,760686,7832.5,155860,45392,171579,-126187,604826,0.5
1900-01-23 20:47:30,7832.0,415595,7832.5,592911,19422,85551,-66129,-177316,0.5
1900-01-23 20:47:45,7832.0,429428,7832.5,543305,2501,119070,-116569,-113877,0.5
1900-01-23 20:48:00,7832.0,203949,7832.5,486347,115140,85135,30005,-282398,0.5
1900-01-23 20:48:15,7828.0,20616,7828.5,945961,9807,299104,-289297,-925345,0.5
1900-01-23 20:48:30,7828.0,515282,7828.5,930057,68121,117193,-49072,-414775,0.5
1900-01-23 20:48:45,7825.0,14993,7825.5,480773,24259,220791,-196532,-465780,0.5
1900-01-23 20:49:00,7822.0,546887,7822.5,566057,111938,96698,15240,-19170,0.5
1900-01-23 20:49:15,7822.0,948681,7822.5,228465,85926,165090,-79164,720216,0.5
1900-01-23 20:49:30,7828.0,528596,7828.5,46712,289520,140717,148803,481884,0.5
1900-01-23 20:49:45,7824.5,1461680,7825.0,197651,96290,75070,21220,1264029,0.5
1900-01-23 20:50:00,7847.5,147456,7848.0,16006,1765745,50640,1715105,131450,0.5
1900-01-23 20:50:15,7829.0,50976,7829.5,175434,265421,203393,62028,-124458,0.5
1900-01-23 20:50:30,7842.5,175754,7843.0,34952,86846,10857,75989,140802,0.5
1900-01-23 20:50:45,7842.5,354169,7843.0,434235,23885,20485,3400,-80066,0.5
1900-01-23 20:51:00,7842.5,719181,7843.0,216110,75375,130239,-54864,503071,0.5
1900-01-23 20:51:15,7847.0,528794,7847.5,128807,59013,11835,47178,399987,0.5
1900-01-23 20:51:30,7845.0,12592,7845.5,542123,30324,180013,-149689,-529531,0.5
1900-01-23 20:51:45,7837.5,5560,7838.5,315634,1713,24353,-22640,-310074,1.0
1900-01-23 20:52:00,7843.5,468218,7844.0,40146,14770,3739,11031,428072,0.5
1900-01-23 20:52:15,7839.5,7590,7840.0,516279,17920,32028,-14108,-508689,0.5
1900-01-23 20:52:30,7837.5,1121540,7838.0,107757,61947,40702,21245,1013783,0.5
1900-01-23 20:52:45,7837.5,682511,7838.0,358631,30941,108613,-77672,323880,0.5
1900-01-23 20:53:00,7837.0,280406,7837.5,327308,8581,58767,-50186,-46902,0.5
1900-01-23 20:53:15,7836.0,393550,7836.5,5718004,9587,24546,-14959,-5324454,0.5
1900-01-23 20:53:30,7833.0,848786,7833.5,498114,10711,145219,-134508,350672,0.5
1900-01-23 20:53:45,7833.0,1023606,7833.5,58189,230504,28573,201931,965417,0.5
1900-01-23 20:54:00,7842.0,230384,7842.5,339363,24611,123436,-98825,-108979,0.5
1900-01-23 20:54:15,7836.0,17290,7836.5,184482,11676,272425,-260749,-167192,0.5
1900-01-23 20:54:30,7835.0,506929,7835.5,743537,65746,107955,-42209,-236608,0.5
1900-01-23 20:54:45,7835.0,463087,7835.5,735047,22993,97374,-74381,-271960,0.5
1900-01-23 20:55:00,7835.0,282094,7835.5,719667,8416,184195,-175779,-437573,0.5
1900-01-23 20:55:15,7835.0,580620,7835.5,328617,89052,96310,-7258,252003,0.5
1900-01-23 20:55:30,7835.0,240651,7835.5,605202,4999,6527,-1528,-364551,0.5
1900-01-23 20:55:45,7833.0,564473,7833.5,828524,67389,100512,-33123,-264051,0.5
1900-01-23 20:56:00,7833.0,1360563,7833.5,100439,58480,193141,-134661,1260124,0.5
1900-01-23 20:56:15,7840.0,852101,7840.5,41562,166373,64869,101504,810539,0.5
1900-01-23 20:56:30,7843.0,175397,7843.5,547160,90470,20128,70342,-371763,0.5
1900-01-23 20:56:45,7840.0,704948,7840.5,318368,36876,101559,-64683,386580,0.5
1900-01-23 20:57:00,7840.0,702433,7840.5,1851002,13630,111058,-97428,-1148569,0.5
1900-01-23 20:57:15,7840.0,949747,7840.5,1855363,16428,54507,-38079,-905616,0.5
1900-01-23 20:57:30,7840.0,81460,7840.5,2589345,5030,134478,-129448,-2507885,0.5
1900-01-23 20:57:45,7840.0,2923,7840.5,2656206,19702,43331,-23629,-2653283,0.5
1900-01-23 20:58:00,7839.5,155716,7840.0,2244903,42602,89139,-46537,-2089187,0.5
1900-01-23 20:58:15,7832.5,35276,7833.0,15000,1794,1248715,-1246921,20276,0.5
1900-01-23 20:58:30,7832.5,693319,7833.0,755179,34901,33427,1474,-61860,0.5
1900-01-23 20:58:45,7832.5,821356,7833.0,1982574,18562,58533,-39971,-1161218,0.5
1900-01-23 20:59:00,7832.5,426247,7833.0,1841791,3050,207265,-204215,-1415544,0.5
1900-01-23 20:59:15,7832.5,115338,7833.0,2180284,5019,169181,-164162,-2064946,0.5
1900-01-23 20:59:30,7829.5,23016,7830.0,939130,10191,159256,-149065,-916114,0.5
1900-01-23 20:59:45,7829.5,706906,7830.0,851932,5752,35518,-29766,-145026,0.5
1900-01-23 21:00:00,7829.5,1363474,7830.0,957959,24825,357835,-333010,405515,0.5
1900-01-23 21:00:15,7829.5,908937,7830.0,1004915,50350,346182,-295832,-95978,0.5
1900-01-23 21:00:30,7831.0,896122,7831.5,32489,67461,120886,-53425,863633,0.5
1900-01-23 21:00:45,7833.5,34110,7834.0,141071,279174,117731,161443,-106961,0.5
1900-01-23 21:01:00,7830.5,799943,7831.0,419513,2652,38918,-36266,380430,0.5
1900-01-23 21:01:15,7829.5,219472,7830.0,989283,10450,621569,-611119,-769811,0.5
1900-01-23 21:01:30,7820.0,57402,7820.5,258860,6273,422887,-416614,-201458,0.5
1900-01-23 21:01:45,7812.0,96776,7812.5,217842,4290,188851,-184561,-121066,0.5
1900-01-23 21:02:00,7819.5,185278,7820.0,480343,102972,265099,-162127,-295065,0.5
1900-01-23 21:02:15,7819.0,6230,7820.0,748928,29369,66289,-36920,-742698,1.0
1900-01-23 21:02:30,7814.5,270417,7815.0,2936,138696,163555,-24859,267481,0.5
1900-01-23 21:02:45,7814.5,715328,7815.0,149991,59786,25792,33994,565337,0.5
1900-01-23 21:03:00,7814.5,14773,7815.0,771327,97951,13875,84076,-756554,0.5
1900-01-23 21:03:15,7814.5,556334,7815.0,223607,2400,91691,-89291,332727,0.5
1900-01-23 21:03:30,7814.5,30232,7815.0,1038156,30924,27002,3922,-1007924,0.5
1900-01-23 21:03:45,7811.5,24745,7812.0,892600,14408,94333,-79925,-867855,0.5
1900-01-23 21:04:00,7807.0,296771,7807.5,648071,13111,598285,-585174,-351300,0.5
1900-01-23 21:04:15,7807.0,657590,7807.5,497610,8256,48672,-40416,159980,0.5
1900-01-23 21:04:30,7816.5,641103,7817.0,154,112167,70518,41649,640949,0.5
1900-01-23 21:04:45,7815.0,7076,7815.5,509994,40006,14456,25550,-502918,0.5
1900-01-23 21:05:00,7810.0,58896,7810.5,1354301,31717,14852,16865,-1295405,0.5
1900-01-23 21:05:15,7808.0,7752,7808.5,445336,66002,73659,-7657,-437584,0.5
1900-01-23 21:05:30,7807.5,188945,7808.0,649755,20286,99793,-79507,-460810,0.5
1900-01-23 21:05:45,7806.0,6102,7806.5,763081,12474,25919,-13445,-756979,0.5
1900-01-23 21:06:00,7805.5,67716,7806.0,709171,19503,77208,-57705,-641455,0.5
1900-01-23 21:06:15,7803.5,11108,7804.0,1190304,62925,34113,28812,-1179196,0.5
1900-01-23 21:06:30,7797.5,75742,7798.0,847549,14186,521191,-507005,-771807,0.5
1900-01-23 21:06:45,7789.0,300533,7789.5,210126,83605,1624094,-1540489,90407,0.5
1900-01-23 21:07:00,7799.5,24569,7800.0,12330,264949,65926,199023,12239,0.5
1900-01-23 21:07:15,7805.0,258910,7805.5,4512,348483,30952,317531,254398,0.5
1900-01-23 21:07:30,7803.5,21162,7804.0,1256198,212442,42569,169873,-1235036,0.5
1900-01-23 21:07:45,7795.0,195603,7795.5,557680,69344,123905,-54561,-362077,0.5
1900-01-23 21:08:00,7790.0,14470,7790.5,31153,23445,195493,-172048,-16683,0.5
1900-01-23 21:08:15,7796.0,219825,7796.5,293973,81498,111727,-30229,-74148,0.5
1900-01-23 21:08:30,7792.5,543678,7793.0,315983,48333,103618,-55285,227695,0.5
1900-01-23 21:08:45,7793.0,956089,7793.5,116671,122981,61227,61754,839418,0.5
1900-01-23 21:09:00,7795.0,789525,7795.5,292502,160721,5281,155440,497023,0.5
1900-01-23 21:09:15,7797.0,707028,7797.5,91409,180121,1804,178317,615619,0.5
1900-01-23 21:09:30,7804.5,699810,7805.0,73489,110432,43020,67412,626321,0.5
1900-01-23 21:09:45,7809.0,97306,7809.5,812431,211854,38561,173293,-715125,0.5
1900-01-23 21:10:00,7809.0,203672,7809.5,896584,24652,47311,-22659,-692912,0.5
1900-01-23 21:10:15,7809.0,182271,7809.5,794376,27209,20916,6293,-612105,0.5
1900-01-23 21:10:30,7807.0,25940,7807.5,1057464,5290,41907,-36617,-1031524,0.5
1900-01-23 21:10:45,7805.0,82135,7805.5,852319,33318,228196,-194878,-770184,0.5
1900-01-23 21:11:00,7803.5,495093,7804.0,671708,96228,111308,-15080,-176615,0.5
1900-01-23 21:11:15,7803.5,417354,7804.0,686997,19100,143799,-124699,-269643,0.5
1900-01-23 21:11:30,7801.5,638500,7802.0,371016,15057,66544,-51487,267484,0.5
1900-01-23 21:11:45,7797.0,228227,7797.5,234360,98605,95375,3230,-6133,0.5
1900-01-23 21:12:00,7802.0,16535,7802.5,518598,108316,28714,79602,-502063,0.5
1900-01-23 21:12:15,7802.0,170788,7802.5,599962,22312,16442,5870,-429174,0.5
1900-01-23 21:12:30,7802.0,70563,7802.5,900244,15900,103953,-88053,-829681,0.5
1900-01-23 21:12:45,7800.0,531533,7800.5,407106,10320,103517,-93197,124427,0.5
1900-01-23 21:13:00,7800.0,934041,7800.5,391583,46821,15010,31811,542458,0.5
1900-01-23 21:13:15,7800.5,603497,7801.0,19733,207834,15719,192115,583764,0.5
1900-01-23 21:13:30,7802.0,600221,7802.5,234670,37494,11576,25918,365551,0.5
1900-01-23 21:13:45,7803.0,530185,7803.5,9555,37281,473,36808,520630,0.5
1900-01-23 21:14:00,7804.5,683540,7805.0,506590,418932,44347,374585,176950,0.5
1900-01-23 21:14:15,7804.5,635431,7805.0,343194,212454,5561,206893,292237,0.5
1900-01-23 21:14:30,7804.5,1413238,7805.0,401748,74756,12225,62531,1011490,0.5
1900-01-23 21:14:45,7811.0,2000,7811.5,9537,225119,10600,214519,-7537,0.5
1900-01-23 21:15:00,7816.0,243816,7816.5,902916,176976,2686,174290,-659100,0.5
1900-01-23 21:15:15,7816.0,946331,7816.5,357760,108406,45614,62792,588571,0.5
1900-01-23 21:15:30,7816.0,1013017,7816.5,267086,101983,2354,99629,745931,0.5
1900-01-23 21:15:45,7819.5,634859,7820.0,183840,225276,1000,224276,451019,0.5
1900-01-23 21:16:00,7822.0,273325,7822.5,571324,131881,5717,126164,-297999,0.5
1900-01-23 21:16:15,7823.5,658031,7824.0,19158,37750,30600,7150,638873,0.5
1900-01-23 21:16:30,7824.0,372553,7824.5,429382,171390,5701,165689,-56829,0.5
1900-01-23 21:16:45,7813.0,49434,7813.5,20000,121696,220947,-99251,29434,0.5
1900-01-23 21:17:00,7810.5,540664,7811.0,506676,30328,36086,-5758,33988,0.5
1900-01-23 21:17:15,7810.5,25758,7811.0,950471,6098,56169,-50071,-924713,0.5
1900-01-23 21:17:30,7803.5,346175,7804.0,661899,4905,226882,-221977,-315724,0.5
1900-01-23 21:17:45,7797.5,453954,7798.0,410914,79346,170660,-91314,43040,0.5
1900-01-23 21:18:00,7797.5,517277,7798.0,487082,44255,45293,-1038,30195,0.5
1900-01-23 21:18:15,7797.5,524843,7798.0,485396,35785,69806,-34021,39447,0.5
1900-01-23 21:18:30,7797.5,588862,7798.0,227510,130078,6707,123371,361352,0.5
1900-01-23 21:18:45,7804.5,490968,7805.0,467675,197310,3859,193451,23293,0.5
1900-01-23 21:19:00,7804.5,614378,7805.0,514826,71933,2745,69188,99552,0.5
1900-01-23 21:19:15,7804.5,725116,7805.0,484887,65744,23075,42669,240229,0.5
1900-01-23 21:19:30,7804.5,808879,7805.0,405784,73053,23075,49978,403095,0.5
1900-01-23 21:19:45,7804.5,550706,7805.0,385279,30692,11366,19326,165427,0.5
1900-01-23 21:20:00,7804.5,632569,7805.0,681123,94342,2510,91832,-48554,0.5
1900-01-23 21:20:15,7804.5,631412,7805.0,648861,31854,1009,30845,-17449,0.5
1900-01-23 21:20:30,7804.5,639068,7805.0,635965,16206,2210,13996,3103,0.5
1900-01-23 21:20:45,7804.5,713440,7805.0,671936,13183,2110,11073,41504,0.5
1900-01-23 21:21:00,7804.5,702274,7805.0,662066,9870,7717,2153,40208,0.5
1900-01-23 21:21:15,7804.5,511925,7805.0,614572,12780,17841,-5061,-102647,0.5
1900-01-23 21:21:30,7804.5,554998,7805.0,618278,8979,107657,-98678,-63280,0.5
1900-01-23 21:21:45,7804.5,663595,7805.0,616812,20416,2501,17915,46783,0.5
1900-01-23 21:22:00,7804.5,723316,7805.0,661523,11350,5771,5579,61793,0.5
1900-01-23 21:22:15,7804.5,746715,7805.0,640707,5177,7391,-2214,106008,0.5
1900-01-23 21:22:30,7804.5,539178,7805.0,892754,49100,407,48693,-353576,0.5
1900-01-23 21:22:45,7804.5,729804,7805.0,898574,18100,13121,4979,-168770,0.5
1900-01-23 21:23:00,7804.5,728357,7805.0,863247,34206,6551,27655,-134890,0.5
1900-01-23 21:23:15,7803.0,5836,7803.5,739217,14407,202826,-188419,-733381,0.5
1900-01-23 21:23:30,7796.5,175868,7797.0,627136,8019,100157,-92138,-451268,0.5
1900-01-23 21:23:45,7790.0,13575,7790.5,306169,18878,165956,-147078,-292594,0.5
1900-01-23 21:24:00,7785.0,46244,7785.5,1124630,22605,278353,-255748,-1078386,0.5
1900-01-23 21:24:15,7768.0,161148,7768.5,8000,29452,747681,-718229,153148,0.5
1900-01-23 21:24:30,7760.5,482940,7761.0,82437,407424,1129397,-721973,400503,0.5
1900-01-23 21:24:45,7761.5,207282,7762.0,330448,206395,464030,-257635,-123166,0.5
1900-01-23 21:25:00,7761.0,127155,7761.5,522790,175758,454944,-279186,-395635,0.5
1900-01-23 21:25:15,7765.5,411185,7766.0,99100,108007,216128,-108121,312085,0.5
1900-01-23 21:25:30,7776.0,711248,7776.5,2954,374492,5361,369131,708294,0.5
1900-01-23 21:25:45,7779.5,284438,7780.0,185827,580328,31406,548922,98611,0.5
1900-01-23 21:26:00,7783.0,497077,7783.5,160726,314673,31883,282790,336351,0.5
1900-01-23 21:26:15,7785.0,797886,7785.5,63300,226825,21012,205813,734586,0.5
1900-01-23 21:26:30,7792.5,305875,7793.0,74277,389821,9445,380376,231598,0.5
1900-01-23 21:26:45,7797.0,251387,7797.5,68880,135509,63181,72328,182507,0.5
1900-01-23 21:27:00,7799.0,222665,7799.5,412612,63234,96707,-33473,-189947,0.5
1900-01-23 21:27:15,7784.5,351911,7785.0,245357,59107,582484,-523377,106554,0.5
1900-01-23 21:27:30,7791.5,66770,7792.0,285975,37404,142436,-105032,-219205,0.5
1900-01-23 21:27:45,7785.0,272068,7785.5,176347,41121,28054,13067,95721,0.5
1900-01-23 21:28:00,7785.0,3861,7785.5,358471,32485,97343,-64858,-354610,0.5
1900-01-23 21:28:15,7784.5,64397,7785.0,380906,35447,148193,-112746,-316509,0.5
1900-01-23 21:28:30,7786.5,125649,7787.0,22,20312,28138,-7826,125627,0.5
1900-01-23 21:28:45,7790.5,393264,7791.0,18642,26880,13438,13442,374622,0.5
1900-01-23 21:29:00,7791.0,382476,7791.5,4452,51600,2820,48780,378024,0.5
1900-01-23 21:29:15,7791.5,29645,7792.0,437323,34474,94091,-59617,-407678,0.5
1900-01-23 21:29:30,7783.5,266889,7784.0,26409,85240,58111,27129,240480,0.5
1900-01-23 21:29:45,7780.5,300307,7781.0,201053,15214,118658,-103444,99254,0.5
1900-01-23 21:30:00,7780.0,247648,7780.5,344362,18607,23342,-4735,-96714,0.5
1900-01-23 21:30:15,7780.0,99721,7780.5,570144,360,115167,-114807,-470423,0.5
1900-01-23 21:30:30,7773.5,9076,7774.0,518438,13373,70087,-56714,-509362,0.5
1900-01-23 21:30:45,7767.5,62493,7768.0,302658,29494,196361,-166867,-240165,0.5
1900-01-23 21:31:00,7769.0,383546,7769.5,50773,98321,190425,-92104,332773,0.5
1900-01-23 21:31:15,7769.0,313978,7769.5,311759,79595,41707,37888,2219,0.5
1900-01-23 21:31:30,7766.0,225325,7766.5,311283,82142,19439,62703,-85958,0.5
1900-01-23 21:31:45,7762.5,365482,7763.0,266959,18720,119808,-101088,98523,0.5
1900-01-23 21:32:00,7760.0,4067,7760.5,631567,45866,211403,-165537,-627500,0.5
1900-01-23 21:32:15,7758.5,9718,7763.0,61602,143048,315881,-172833,-51884,4.5
1900-01-23 21:32:30,7757.0,302477,7757.5,6105,114572,23651,90921,296372,0.5
1900-01-23 21:32:45,7764.5,139887,7765.0,215074,175378,67204,108174,-75187,0.5
1900-01-23 21:33:00,7765.0,71707,7765.5,203624,286528,65165,221363,-131917,0.5
1900-01-23 21:33:15,7766.0,338941,7766.5,49044,115539,21786,93753,289897,0.5
1900-01-23 21:33:30,7766.5,106204,7767.0,8444,117109,4901,112208,97760,0.5
1900-01-23 21:33:45,7770.0,257283,7770.5,117313,70683,3555,67128,139970,0.5
1900-01-23 21:34:00,7767.5,1069,7768.0,269025,28715,17644,11071,-267956,0.5
1900-01-23 21:34:15,7764.5,289372,7765.0,85680,18905,90146,-71241,203692,0.5
1900-01-23 21:34:30,7762.5,1604,7763.0,192440,34119,96284,-62165,-190836,0.5
1900-01-23 21:34:45,7766.0,270425,7766.5,95436,16229,73144,-56915,174989,0.5
1900-01-23 21:35:00,7766.5,392163,7767.0,312467,25736,117576,-91840,79696,0.5
1900-01-23 21:35:15,7768.5,764099,7769.0,17169,11502,6147,5355,746930,0.5
1900-01-23 21:35:30,7769.0,8498,7769.5,686883,106218,28803,77415,-678385,0.5
1900-01-23 21:35:45,7755.5,289246,7756.0,343277,16196,188847,-172651,-54031,0.5
1900-01-23 21:36:00,7752.0,27972,7752.5,179755,5265,144814,-139549,-151783,0.5
1900-01-23 21:36:15,7722.5,79203,7735.0,1982,40957,895999,-855042,77221,12.5
1900-01-23 21:36:30,7748.0,19496,7748.5,468062,1109791,304654,805137,-448566,0.5
1900-01-23 21:36:45,7741.0,214019,7741.5,349393,146356,302072,-155716,-135374,0.5
1900-01-23 21:37:00,7729.5,489601,7730.0,75753,757125,316442,440683,413848,0.5
1900-01-23 21:37:15,7729.5,50056,7730.0,685960,295260,420025,-124765,-635904,0.5
1900-01-23 21:37:30,7719.0,363390,7719.5,88628,89660,662946,-573286,274762,0.5
1900-01-23 21:37:45,7711.0,537771,7711.5,1260443,1208170,203240,1004930,-722672,0.5
1900-01-23 21:38:00,7709.5,218008,7710.0,345637,502085,231872,270213,-127629,0.5
1900-01-23 21:38:15,7722.0,77508,7723.5,70374,276806,144939,131867,7134,1.5
1900-01-23 21:38:30,7726.5,215587,7727.0,1089601,277989,48025,229964,-874014,0.5
1900-01-23 21:38:45,7733.5,257673,7734.0,395579,709178,26243,682935,-137906,0.5
1900-01-23 21:39:00,7733.5,564065,7734.0,340420,199811,171787,28024,223645,0.5
1900-01-23 21:39:15,7739.5,508313,7740.0,195341,312502,49181,263321,312972,0.5
1900-01-23 21:39:30,7741.5,194656,7742.0,533908,268471,34983,233488,-339252,0.5
1900-01-23 21:39:45,7732.0,151757,7732.5,202860,93234,166962,-73728,-51103,0.5
1900-01-23 21:40:00,7728.0,4303,7728.5,289893,20571,214999,-194428,-285590,0.5
1900-01-23 21:40:15,7731.0,88737,7731.5,9366,44774,207499,-162725,79371,0.5
1900-01-23 21:40:30,7732.5,243264,7733.0,142381,197302,115525,81777,100883,0.5
1900-01-23 21:40:45,7731.5,295095,7732.0,360522,154550,29074,125476,-65427,0.5
1900-01-23 21:41:00,7733.5,764925,7734.0,31827,72043,15141,56902,733098,0.5
1900-01-23 21:41:15,7736.0,521157,7736.5,22217,75970,194253,-118283,498940,0.5
1900-01-23 21:41:30,7740.0,709016,7740.5,246601,175585,21843,153742,462415,0.5
1900-01-23 21:41:45,7745.0,1148246,7745.5,33016,136074,180023,-43949,1115230,0.5
1900-01-23 21:42:00,7749.5,122331,7750.0,35958,241165,24743,216422,86373,0.5
1900-01-23 21:42:15,7750.0,7522,7750.5,407749,424510,329417,95093,-400227,0.5
1900-01-23 21:42:30,7752.0,497873,7752.5,79569,62544,55270,7274,418304,0.5
1900-01-23 21:42:45,7744.5,26515,7745.0,10000,72614,148083,-75469,16515,0.5
1900-01-23 21:43:00,7744.5,425424,7745.0,198960,209019,20944,188075,226464,0.5
1900-01-23 21:43:15,7744.5,989928,7745.0,166469,186736,118715,68021,823459,0.5
1900-01-23 21:43:30,7744.5,907307,7745.0,343913,294789,32411,262378,563394,0.5
1900-01-23 21:43:45,7741.0,2214,7741.5,94071,29046,254038,-224992,-91857,0.5
1900-01-23 21:44:00,7728.0,62923,7728.5,28542,53524,231691,-178167,34381,0.5
1900-01-23 21:44:15,7724.5,542171,7725.0,8690,98401,430509,-332108,533481,0.5
1900-01-23 21:44:30,7726.5,299634,7727.0,275,1124074,73405,1050669,299359,0.5
1900-01-23 21:44:45,7731.0,258,7731.5,11359,221706,115754,105952,-11101,0.5
1900-01-23 21:45:00,7714.5,20383,7715.0,4000,24353,1035992,-1011639,16383,0.5
1900-01-23 21:45:15,7710.0,1272142,7710.5,230862,295238,577331,-282093,1041280,0.5
1900-01-23 21:45:30,7716.5,102187,7717.0,320891,284075,634829,-350754,-218704,0.5
1900-01-23 21:45:45,7718.0,355104,7718.5,53471,534684,264505,270179,301633,0.5
1900-01-23 21:46:00,7730.0,32350,7730.5,1290,968256,127617,840639,31060,0.5
1900-01-23 21:46:15,7723.0,255556,7723.5,407854,310668,156119,154549,-152298,0.5
1900-01-23 21:46:30,7719.5,151860,7720.0,637934,92993,192657,-99664,-486074,0.5
1900-01-23 21:46:45,7719.5,545273,7720.0,294671,462751,259784,202967,250602,0.5
1900-01-23 21:47:00,7710.0,159922,7710.5,375723,457844,800378,-342534,-215801,0.5
1900-01-23 21:47:15,7710.0,28348,7710.5,264411,104515,593610,-489095,-236063,0.5
1900-01-23 21:47:30,7712.5,1054018,7713.0,65673,480710,134904,345806,988345,0.5
1900-01-23 21:47:45,7701.0,409047,7704.0,4200,62087,1058708,-996621,404847,3.0
1900-01-23 21:48:00,7693.0,91723,7693.5,277728,41575,981279,-939704,-186005,0.5
1900-01-23 21:48:15,7682.0,92293,7684.0,10647,109557,707223,-597666,81646,2.0
1900-01-23 21:48:30,7682.0,34400,7682.5,41550,928196,840343,87853,-7150,0.5
1900-01-23 21:48:45,7695.5,65400,7696.0,99359,832252,342194,490058,-33959,0.5
1900-01-23 21:49:00,7711.5,123111,7712.0,80522,832544,74848,757696,42589,0.5
1900-01-23 21:49:15,7707.0,28361,7707.5,3200,210948,133413,77535,25161,0.5
1900-01-23 21:49:30,7699.0,57311,7700.5,43411,219332,1069648,-850316,13900,1.5
1900-01-23 21:49:45,7699.5,406146,7700.0,272190,238585,219380,19205,133956,0.5
1900-01-23 21:50:00,7694.5,630,7695.0,434119,349807,316214,33593,-433489,0.5
1900-01-23 21:50:15,7685.0,50768,7685.5,564580,43945,149759,-105814,-513812,0.5
1900-01-23 21:50:30,7687.0,176743,7687.5,25000,254212,292904,-38692,151743,0.5
1900-01-23 21:50:45,7688.5,22,7689.0,7399,195959,72121,123838,-7377,0.5
1900-01-23 21:51:00,7684.0,101464,7684.5,631798,29457,69356,-39899,-530334,0.5
1900-01-23 21:51:15,7693.5,120091,7695.0,31606,788734,52309,736425,88485,1.5
1900-01-23 21:51:30,7708.5,27385,7709.0,4200,347278,9293,337985,23185,0.5
1900-01-23 21:51:45,7712.5,564204,7713.0,176731,293277,111081,182196,387473,0.5
1900-01-23 21:52:00,7703.0,31000,7703.5,266733,105218,211636,-106418,-235733,0.5
1900-01-23 21:52:15,7699.5,364682,7700.0,53502,330001,63590,266411,311180,0.5
1900-01-23 21:52:30,7691.5,309,7692.0,123362,293983,213728,80255,-123053,0.5
1900-01-23 21:52:45,7701.0,35380,7701.5,8283,125080,23343,101737,27097,0.5
1900-01-23 21:53:00,7697.5,161349,7698.0,825773,88912,207799,-118887,-664424,0.5
1900-01-23 21:53:15,7692.0,105640,7692.5,454380,236831,355091,-118260,-348740,0.5
1900-01-23 21:53:30,7677.0,12381,7677.5,9000,105539,441294,-335755,3381,0.5
1900-01-23 21:53:45,7678.5,116777,7679.0,10889,225088,175070,50018,105888,0.5
1900-01-23 21:54:00,7681.5,213288,7682.0,99447,1831224,34194,1797030,113841,0.5
1900-01-23 21:54:15,7684.5,707496,7685.0,463947,461015,35326,425689,243549,0.5
1900-01-23 21:54:30,7673.5,112186,7674.0,410526,137436,1393836,-1256400,-298340,0.5
1900-01-23 21:54:45,7669.5,12846,7670.0,429433,146117,176475,-30358,-416587,0.5
1900-01-23 21:55:00,7669.5,147471,7670.0,185987,473154,1117807,-644653,-38516,0.5
1900-01-23 21:55:15,7659.5,783375,7660.0,46304,275047,513503,-238456,737071,0.5
1900-01-23 21:55:30,7664.5,744324,7665.0,335095,593955,235480,358475,409229,0.5
1900-01-23 21:55:45,7657.5,32957,7658.0,127140,306003,151461,154542,-94183,0.5
1900-01-23 21:56:00,7661.0,376836,7661.5,67524,167803,175452,-7649,309312,0.5
1900-01-23 21:56:15,7656.0,20000,7656.5,224343,169144,229778,-60634,-204343,0.5
1900-01-23 21:56:30,7642.0,162945,7642.5,421340,102240,1551269,-1449029,-258395,0.5
1900-01-23 21:56:45,7624.0,255198,7633.0,179324,133166,1026297,-893131,75874,9.0
1900-01-23 21:57:00,7629.0,12737,7629.5,62999,828672,1789658,-960986,-50262,0.5
1900-01-23 21:57:15,7641.5,999058,7642.0,44402,434448,254270,180178,954656,0.5
1900-01-23 21:57:30,7650.0,338603,7650.5,51455,427603,371403,56200,287148,0.5
1900-01-23 21:57:45,7650.0,521333,7650.5,24142,480500,534738,-54238,497191,0.5
1900-01-23 21:58:00,7666.5,176173,7667.0,888875,480549,51823,428726,-712702,0.5
1900-01-23 21:58:15,7660.5,1016185,7661.0,433467,358349,990152,-631803,582718,0.5
1900-01-23 21:58:30,7671.5,525806,7672.0,4220,318339,253745,64594,521586,0.5
1900-01-23 21:58:45,7684.0,559,7684.5,30146,1507432,120666,1386766,-29587,0.5
1900-01-23 21:59:00,7682.0,112965,7682.5,13133,223832,107737,116095,99832,0.5
1900-01-23 21:59:15,7678.5,31588,7679.0,521223,289826,128435,161391,-489635,0.5
1900-01-23 21:59:30,7679.5,407631,7680.0,71727,209006,284750,-75744,335904,0.5
1900-01-23 21:59:45,7674.5,7094,7680.5,9500,491241,306295,184946,-2406,6.0
1900-01-23 22:00:00,7675.0,49982,7675.5,451972,125788,27840,97948,-401990,0.5
1900-01-23 22:00:15,7670.0,485090,7670.5,467090,237143,360651,-123508,18000,0.5
1900-01-23 22:00:30,7661.5,508043,7662.0,393673,28646,267331,-238685,114370,0.5
1900-01-23 22:00:45,7664.0,69923,7664.5,349790,237273,271249,-33976,-279867,0.5
1900-01-23 22:01:00,7655.5,43337,7656.0,189653,746784,115424,631360,-146316,0.5
1900-01-23 22:01:15,7652.5,544402,7653.0,187841,248029,348569,-100540,356561,0.5
1900-01-23 22:01:30,7640.0,549225,7640.5,378293,112359,327557,-215198,170932,0.5
1900-01-23 22:01:45,7644.5,160850,7645.0,724520,215222,524696,-309474,-563670,0.5
1900-01-23 22:02:00,7646.0,144168,7646.5,233569,712791,264983,447808,-89401,0.5
1900-01-23 22:02:15,7632.5,180551,7633.0,420533,171289,259797,-88508,-239982,0.5
1900-01-23 22:02:30,7615.0,138898,7618.5,118373,57713,916087,-858374,20525,3.5
1900-01-23 22:02:45,7610.0,455139,7610.5,757980,94266,2034412,-1940146,-302841,0.5
1900-01-23 22:03:00,7615.0,46287,7615.5,47395,246356,1978139,-1731783,-1108,0.5
1900-01-23 22:03:15,7631.0,62295,7632.0,13773,396677,260647,136030,48522,1.0
1900-01-23 22:03:30,7642.0,44710,7642.5,149816,585919,102302,483617,-105106,0.5
1900-01-23 22:03:45,7623.0,652934,7623.5,114705,609451,626408,-16957,538229,0.5
1900-01-23 22:04:00,7623.0,87403,7623.5,131421,190874,325762,-134888,-44018,0.5
1900-01-23 22:04:15,7621.0,6022,7621.5,180481,143490,487016,-343526,-174459,0.5
1900-01-23 22:04:30,7606.5,39857,7607.0,13900,313850,274330,39520,25957,0.5
1900-01-23 22:04:45,7602.0,166697,7602.5,543971,128842,1070911,-942069,-377274,0.5
1900-01-23 22:05:00,7572.0,63221,7586.5,13050,305111,4965440,-4660329,50171,14.5
1900-01-23 22:05:15,7541.5,895,7543.0,380,191664,3972793,-3781129,515,1.5
1900-01-23 22:05:30,7515.0,22250,7522.5,6328,1960131,3626418,-1666287,15922,7.5
1900-01-23 22:05:45,7504.0,151905,7513.5,8169206,3322122,715017,2607105,-8017301,9.5
1900-01-23 22:06:00,7568.0,745613,7574.5,223679,5624605,761113,4863492,521934,6.5
1900-01-23 22:06:15,7564.5,25,7565.5,736317,988894,1184797,-195903,-736292,1.0
1900-01-23 22:06:30,7578.5,16051,7579.0,6813,459399,339627,119772,9238,0.5
1900-01-23 22:06:45,7579.0,73349,7579.5,1139438,1110171,146165,964006,-1066089,0.5
1900-01-23 22:07:00,7599.0,168049,7599.5,30500,1860479,201277,1659202,137549,0.5
1900-01-23 22:07:15,7616.5,36020,7617.0,391737,1528010,128346,1399664,-355717,0.5
1900-01-23 22:07:30,7610.5,53208,7611.0,172770,787296,149793,637503,-119562,0.5
1900-01-23 22:07:45,7605.0,511147,7605.5,136861,320360,283694,36666,374286,0.5
1900-01-23 22:08:00,7620.5,24025,7622.5,1666,574474,137252,437222,22359,2.0
1900-01-23 22:08:15,7626.5,46833,7627.0,92836,789337,142367,646970,-46003,0.5
1900-01-23 22:08:30,7624.5,12094,7626.0,830472,493507,170119,323388,-818378,1.5
1900-01-23 22:08:45,7637.0,19359,7637.5,148897,442272,1724997,-1282725,-129538,0.5
1900-01-23 22:09:00,7640.0,21000,7640.5,37714,1039318,167630,871688,-16714,0.5
1900-01-23 22:09:15,7649.5,444982,7650.0,707308,506166,140443,365723,-262326,0.5
1900-01-23 22:09:30,7638.0,471827,7638.5,46431,230734,207962,22772,425396,0.5
1900-01-23 22:09:45,7639.0,3771,7640.0,453457,168282,196683,-28401,-449686,1.0
1900-01-23 22:10:00,7625.5,1099416,7626.0,360800,139231,436675,-297444,738616,0.5
1900-01-23 22:10:15,7631.5,298071,7632.0,25619,355437,325546,29891,272452,0.5
1900-01-23 22:10:30,7631.5,30625,7632.0,10000,178382,100009,78373,20625,0.5
1900-01-23 22:10:45,7625.0,500980,7625.5,1144125,44923,160693,-115770,-643145,0.5
1900-01-23 22:11:00,7625.0,195060,7625.5,703448,87264,397370,-310106,-508388,0.5
1900-01-23 22:11:15,7610.5,38052,7611.0,46080,28853,493215,-464362,-8028,0.5
1900-01-23 22:11:30,7607.0,613943,7607.5,403204,34178,287758,-253580,210739,0.5
1900-01-23 22:11:45,7619.5,25730,7620.0,16958,934064,375435,558629,8772,0.5
1900-01-23 22:12:00,7628.0,13253,7628.5,37000,826271,107831,718440,-23747,0.5
1900-01-23 22:12:15,7639.5,1358595,7640.0,49316,427782,125150,302632,1309279,0.5
1900-01-23 22:12:30,7635.5,64577,7636.5,13600,437914,394759,43155,50977,1.0
1900-01-23 22:12:45,7639.5,213377,7640.0,873865,257525,99818,157707,-660488,0.5
1900-01-23 22:13:00,7649.0,230256,7649.5,106806,893017,53213,839804,123450,0.5
1900-01-23 22:13:15,7661.0,206080,7661.5,317346,679082,55313,623769,-111266,0.5
1900-01-23 22:13:30,7669.5,572234,7670.0,1414547,1838866,49552,1789314,-842313,0.5
1900-01-23 22:13:45,7670.0,15902,7670.5,180081,1117342,215973,901369,-164179,0.5
1900-01-23 22:14:00,7646.0,10,7649.0,60941,229644,1996842,-1767198,-60931,3.0
1900-01-23 22:14:15,7640.5,145391,7641.0,85360,139654,227052,-87398,60031,0.5
1900-01-23 22:14:30,7641.5,57648,7642.0,189828,280755,133685,147070,-132180,0.5
1900-01-23 22:14:45,7641.5,245225,7642.0,109607,145870,128452,17418,135618,0.5
1900-01-23 22:15:00,7645.5,43725,7646.5,142,144710,48710,96000,43583,1.0
1900-01-23 22:15:15,7656.0,14191,7656.5,3274,645207,5077,640130,10917,0.5
1900-01-23 22:15:30,7659.5,905855,7660.0,850556,430059,42035,388024,55299,0.5
1900-01-23 22:15:45,7659.5,138745,7660.0,1117209,266743,174404,92339,-978464,0.5
1900-01-23 22:16:00,7651.5,115493,7652.0,458679,73241,1033150,-959909,-343186,0.5
1900-01-23 22:16:15,7635.5,176606,7636.0,600326,50491,534241,-483750,-423720,0.5
1900-01-23 22:16:30,7644.0,1150786,7644.5,489882,283602,200247,83355,660904,0.5
1900-01-23 22:16:45,7639.5,1458141,7640.0,2843,161244,84811,76433,1455298,0.5
1900-01-23 22:17:00,7649.0,968,7652.0,278621,380408,96650,283758,-277653,3.0
1900-01-23 22:17:15,7646.5,1069164,7647.0,13017,154521,205419,-50898,1056147,0.5
1900-01-23 22:17:30,7649.0,19924,7649.5,178640,56502,244725,-188223,-158716,0.5
1900-01-23 22:17:45,7654.0,913590,7654.5,162979,222359,233847,-11488,750611,0.5
1900-01-23 22:18:00,7654.0,489728,7654.5,223925,170172,54544,115628,265803,0.5
1900-01-23 22:18:15,7654.5,173198,7655.0,656472,106864,29213,77651,-483274,0.5
1900-01-23 22:18:30,7650.0,18505,7650.5,112646,90440,134437,-43997,-94141,0.5
1900-01-23 22:18:45,7653.0,128484,7653.5,11641,150528,130403,20125,116843,0.5
1900-01-23 22:19:00,7655.0,400497,7655.5,263465,99721,35447,64274,137032,0.5
1900-01-23 22:19:15,7658.0,1106045,7658.5,41024,103823,53743,50080,1065021,0.5
1900-01-23 22:19:30,7662.0,455835,7662.5,928,511745,75120,436625,454907,0.5
1900-01-23 22:19:45,7669.5,880372,7670.0,597392,119204,23834,95370,282980,0.5
1900-01-23 22:20:00,7674.0,524190,7674.5,200359,621103,5890,615213,323831,0.5
1900-01-23 22:20:15,7665.5,4000,7666.0,682795,232034,654374,-422340,-678795,0.5
1900-01-23 22:20:30,7673.0,574380,7673.5,401579,189150,121620,67530,172801,0.5
1900-01-23 22:20:45,7670.0,705881,7670.5,194696,37432,168491,-131059,511185,0.5
1900-01-23 22:21:00,7676.5,330324,7677.0,328437,1067088,108548,958540,1887,0.5
1900-01-23 22:21:15,7691.5,2737,7692.0,44780,638316,69788,568528,-42043,0.5
1900-01-23 22:21:30,7691.5,13254,7692.0,681880,385061,367320,17741,-668626,0.5
1900-01-23 22:21:45,7688.5,993528,7689.0,37087,339117,203357,135760,956441,0.5
1900-01-23 22:22:00,7708.5,161254,7709.0,681119,1001979,112132,889847,-519865,0.5
1900-01-23 22:22:15,7701.5,164525,7707.5,72731,379329,158968,220361,91794,6.0
1900-01-23 22:22:30,7709.5,199925,7712.0,5420,450208,201377,248831,194505,2.5
1900-01-23 22:22:45,7713.0,1123759,7713.5,155135,484206,207532,276674,968624,0.5
1900-01-23 22:23:00,7716.5,556948,7717.0,292791,372670,59309,313361,264157,0.5
1900-01-23 22:23:15,7713.5,1336,7714.0,37600,726935,144493,582442,-36264,0.5
1900-01-23 22:23:30,7701.0,7390,7701.5,88721,37091,246718,-209627,-81331,0.5
1900-01-23 22:23:45,7709.5,264797,7710.0,377198,371766,351018,20748,-112401,0.5
1900-01-23 22:24:00,7709.5,378627,7710.0,443205,82510,114381,-31871,-64578,0.5
1900-01-23 22:24:15,7708.5,281,7709.0,836046,33298,129271,-95973,-835765,0.5
1900-01-23 22:24:30,7709.5,749210,7710.0,549968,126960,216014,-89054,199242,0.5
1900-01-23 22:24:45,7709.5,784790,7710.0,463870,56357,47300,9057,320920,0.5
1900-01-23 22:25:00,7709.5,330175,7710.0,106841,388947,386670,2277,223334,0.5
1900-01-23 22:25:15,7701.5,308287,7702.0,691278,34874,540360,-505486,-382991,0.5
1900-01-23 22:25:30,7693.0,115050,7693.5,168763,53328,679641,-626313,-53713,0.5
1900-01-23 22:25:45,7687.0,44839,7687.5,741116,31962,432964,-401002,-696277,0.5
1900-01-23 22:26:00,7680.5,400262,7681.0,660094,231542,1050932,-819390,-259832,0.5
1900-01-23 22:26:15,7686.0,111018,7687.5,34025,276656,441686,-165030,76993,1.5
1900-01-23 22:26:30,7692.5,155174,7693.0,215721,360945,125576,235369,-60547,0.5
1900-01-23 22:26:45,7694.0,346038,7694.5,22503,123664,149044,-25380,323535,0.5
1900-01-23 22:27:00,7692.0,167698,7692.5,815472,65431,172840,-107409,-647774,0.5
1900-01-23 22:27:15,7690.0,1375350,7690.5,964944,16110,316333,-300223,410406,0.5
1900-01-23 22:27:30,7690.0,1557110,7690.5,207975,96154,46621,49533,1349135,0.5
1900-01-23 22:27:45,7690.5,853601,7691.0,32330,84203,153987,-69784,821271,0.5
1900-01-23 22:28:00,7695.0,298107,7695.5,2203,360234,95010,265224,295904,0.5
1900-01-23 22:28:15,7705.5,69552,7707.0,64231,299203,41696,257507,5321,1.5
1900-01-23 22:28:30,7708.5,117861,7709.0,191765,208516,267906,-59390,-73904,0.5
1900-01-23 22:28:45,7715.0,46448,7715.5,451485,106962,156860,-49898,-405037,0.5
1900-01-23 22:29:00,7708.5,810518,7709.0,50674,105769,168461,-62692,759844,0.5
1900-01-23 22:29:15,7708.5,229690,7709.0,528345,61259,118759,-57500,-298655,0.5
1900-01-23 22:29:30,7705.0,49681,7705.5,634790,56926,442904,-385978,-585109,0.5
1900-01-23 22:29:45,7699.5,221030,7700.0,37311,23575,147968,-124393,183719,0.5
1900-01-23 22:30:00,7708.0,350372,7708.5,783219,147278,111854,35424,-432847,0.5
1900-01-23 22:30:15,7699.0,165100,7699.5,235428,10771,143195,-132424,-70328,0.5
1900-01-23 22:30:30,7697.0,3004,7697.5,194890,115812,131538,-15726,-191886,0.5
1900-01-23 22:30:45,7695.0,592459,7695.5,1004891,5852,844234,-838382,-412432,0.5
1900-01-23 22:31:00,7695.0,261770,7695.5,774743,26671,382790,-356119,-512973,0.5
1900-01-23 22:31:15,7683.0,52522,7683.5,203366,22515,374626,-352111,-150844,0.5
1900-01-23 22:31:30,7674.0,42447,7674.5,130488,20756,352393,-331637,-88041,0.5
1900-01-23 22:31:45,7679.5,20000,7680.0,16717,151719,405577,-253858,3283,0.5
1900-01-23 22:32:00,7687.0,257682,7687.5,633261,148917,87460,61457,-375579,0.5
1900-01-23 22:32:15,7687.0,73698,7687.5,485056,95991,128895,-32904,-411358,0.5
1900-01-23 22:32:30,7677.0,80153,7677.5,507583,43668,247704,-204036,-427430,0.5
1900-01-23 22:32:45,7676.0,158690,7676.5,444802,86105,74127,11978,-286112,0.5
1900-01-23 22:33:00,7675.0,642390,7675.5,89776,24464,474549,-450085,552614,0.5
1900-01-23 22:33:15,7679.5,551580,7680.0,2510,250800,154667,96133,549070,0.5
1900-01-23 22:33:30,7679.5,869896,7680.0,142354,64391,93234,-28843,727542,0.5
1900-01-23 22:33:45,7682.0,726406,7682.5,272465,296910,13743,283167,453941,0.5
1900-01-23 22:34:00,7682.5,1058123,7683.0,5354,7712,50725,-43013,1052769,0.5
1900-01-23 22:34:15,7686.5,1329215,7687.0,17360,186645,5749,180896,1311855,0.5
1900-01-23 22:34:30,7694.5,1179726,7695.0,535934,368024,5244,362780,643792,0.5
1900-01-23 22:34:45,7704.5,36323,7705.0,80171,487226,13866,473360,-43848,0.5
1900-01-23 22:35:00,7701.0,8611,7701.5,82194,146161,129147,17014,-73583,0.5
1900-01-23 22:35:15,7686.5,442257,7687.0,282095,34823,342978,-308155,160162,0.5
1900-01-23 22:35:30,7686.0,89643,7686.5,783851,31709,78941,-47232,-694208,0.5
1900-01-23 22:35:45,7694.5,243330,7695.0,3391,89636,8249,81387,239939,0.5
1900-01-23 22:36:00,7687.5,167217,7688.0,101829,65427,48058,17369,65388,0.5
1900-01-23 22:36:15,7692.0,1265,7693.5,12660,142071,75144,66927,-11395,1.5
1900-01-23 22:36:30,7695.0,278124,7695.5,115204,69511,31287,38224,162920,0.5
1900-01-23 22:36:45,7698.5,336889,7699.0,496091,94540,4393,90147,-159202,0.5
1900-01-23 22:37:00,7703.0,309523,7703.5,309370,204894,46537,158357,153,0.5
1900-01-23 22:37:15,7697.0,231508,7697.5,418276,16310,30152,-13842,-186768,0.5
1900-01-23 22:37:30,7697.0,261155,7697.5,430306,33393,4300,29093,-169151,0.5
1900-01-23 22:37:45,7697.0,296506,7697.5,493995,11328,61023,-49695,-197489,0.5
1900-01-23 22:38:00,7696.0,626487,7696.5,13456,61338,41834,19504,613031,0.5
1900-01-23 22:38:15,7694.5,81186,7695.0,530105,36292,158003,-121711,-448919,0.5
1900-01-23 22:38:30,7689.5,106791,7690.0,527762,16669,74461,-57792,-420971,0.5
1900-01-23 22:38:45,7687.5,2269,7688.0,899513,31767,82669,-50902,-897244,0.5
1900-01-23 22:39:00,7684.0,635538,7684.5,523938,12581,32962,-20381,111600,0.5
1900-01-23 22:39:15,7693.0,277709,7693.5,154436,195205,10290,184915,123273,0.5
1900-01-23 22:39:30,7693.0,355976,7693.5,125839,143348,58259,85089,230137,0.5
1900-01-23 22:39:45,7697.5,660636,7698.0,124982,54087,51232,2855,535654,0.5
1900-01-23 22:40:00,7697.5,575071,7698.0,72041,45291,49868,-4577,503030,0.5
1900-01-23 22:40:15,7699.0,529085,7699.5,68146,74168,6240,67928,460939,0.5
1900-01-23 22:40:30,7699.5,1306666,7700.0,88852,148350,8493,139857,1217814,0.5
1900-01-23 22:40:45,7702.0,348993,7702.5,3616,289449,8100,281349,345377,0.5
1900-01-23 22:41:00,7703.0,1310064,7703.5,220723,54515,9002,45513,1089341,0.5
1900-01-23 22:41:15,7703.0,354127,7703.5,608290,138878,125271,13607,-254163,0.5
1900-01-23 22:41:30,7705.5,867333,7706.0,40350,52375,47386,4989,826983,0.5
1900-01-23 22:41:45,7707.0,865052,7707.5,102083,71895,10782,61113,762969,0.5
1900-01-23 22:42:00,7714.5,182165,7715.0,312860,205320,10756,194564,-130695,0.5
1900-01-23 22:42:15,7711.5,692863,7712.0,356849,56607,249569,-192962,336014,0.5
1900-01-23 22:42:30,7719.5,783952,7720.0,171105,1140100,87175,1052925,612847,0.5
1900-01-23 22:42:45,7720.5,1488174,7721.0,19192,302938,28291,274647,1468982,0.5
1900-01-23 22:43:00,7722.5,1804311,7723.0,769036,214202,19211,194991,1035275,0.5
1900-01-23 22:43:15,7717.5,154517,7718.0,303240,256628,727149,-470521,-148723,0.5
1900-01-23 22:43:30,7711.0,410543,7711.5,152151,46042,321186,-275144,258392,0.5
1900-01-23 22:43:45,7721.0,329816,7721.5,588601,266374,108361,158013,-258785,0.5
1900-01-23 22:44:00,7717.0,76562,7717.5,794101,6862,224579,-217717,-717539,0.5
1900-01-23 22:44:15,7715.0,1218232,7715.5,100179,35164,62668,-27504,1118053,0.5
1900-01-23 22:44:30,7715.0,271539,7715.5,765429,57528,48727,8801,-493890,0.5
1900-01-23 22:44:45,7717.0,680981,7717.5,571299,169425,100101,69324,109682,0.5
1900-01-23 22:45:00,7721.5,790609,7722.0,31447,84887,3405,81482,759162,0.5
1900-01-23 22:45:15,7722.5,222275,7723.0,956112,311813,12280,299533,-733837,0.5
1900-01-23 22:45:30,7722.5,1051869,7723.0,407986,91065,32037,59028,643883,0.5
1900-01-23 22:45:45,7723.5,1239934,7724.0,355975,177181,14550,162631,883959,0.5
1900-01-23 22:46:00,7724.5,1584844,7725.0,512361,377967,12011,365956,1072483,0.5
1900-01-23 22:46:15,7726.0,1246850,7726.5,12971,356053,8975,347078,1233879,0.5
1900-01-23 22:46:30,7724.0,73424,7724.5,347961,408163,172275,235888,-274537,0.5
1900-01-23 22:46:45,7728.5,194921,7729.0,704131,181943,81343,100600,-509210,0.5
1900-01-23 22:47:00,7727.5,727959,7728.0,97060,80188,28197,51991,630899,0.5
1900-01-23 22:47:15,7729.5,1825603,7730.0,838972,592381,3886,588495,986631,0.5
1900-01-23 22:47:30,7734.5,44400,7735.0,1103052,1097131,19008,1078123,-1058652,0.5
1900-01-23 22:47:45,7734.5,447843,7735.0,1103099,431986,38059,393927,-655256,0.5
1900-01-23 22:48:00,7734.0,3420,7734.5,798339,295031,216663,78368,-794919,0.5
1900-01-23 22:48:15,7727.0,31041,7727.5,1327981,76964,273878,-196914,-1296940,0.5
1900-01-23 22:48:30,7727.0,620217,7727.5,1092887,24116,15374,8742,-472670,0.5
1900-01-23 22:48:45,7727.0,1457520,7727.5,131445,24003,145430,-121427,1326075,0.5
1900-01-23 22:49:00,7733.5,207001,7734.0,18788,319244,31453,287791,188213,0.5
1900-01-23 22:49:15,7737.5,751948,7738.0,435585,91849,5317,86532,316363,0.5
1900-01-23 22:49:30,7729.0,610555,7729.5,598057,189899,238087,-48188,12498,0.5
1900-01-23 22:49:45,7732.5,309436,7733.0,3467,87351,29347,58004,305969,0.5
1900-01-23 22:50:00,7730.0,1333423,7730.5,55886,50743,30278,20465,1277537,0.5
1900-01-23 22:50:15,7735.0,225976,7735.5,562115,19671,46431,-26760,-336139,0.5
1900-01-23 22:50:30,7735.0,252031,7735.5,510608,32047,9497,22550,-258577,0.5
1900-01-23 22:50:45,7733.0,667722,7733.5,255521,14801,61404,-46603,412201,0.5
1900-01-23 22:51:00,7734.5,396127,7735.0,684608,102923,228060,-125137,-288481,0.5
1900-01-23 22:51:15,7727.0,84140,7727.5,547869,16217,214383,-198166,-463729,0.5
1900-01-23 22:51:30,7723.0,1651,7723.5,598461,12656,175965,-163309,-596810,0.5
1900-01-23 22:51:45,7715.0,26664,7715.5,41145,73397,289302,-215905,-14481,0.5
1900-01-23 22:52:00,7715.0,486345,7715.5,596260,99564,291752,-192188,-109915,0.5
1900-01-23 22:52:15,7715.0,23907,7715.5,1035977,9291,229116,-219825,-1012070,0.5
1900-01-23 22:52:30,7712.5,1136991,7713.0,141936,34543,156121,-121578,995055,0.5
1900-01-23 22:52:45,7715.5,1644101,7716.0,9590,432143,57547,374596,1634511,0.5
1900-01-23 22:53:00,7712.5,791422,7713.0,343625,73171,80674,-7503,447797,0.5
1900-01-23 22:53:15,7719.0,381160,7719.5,170965,111565,14273,97292,210195,0.5
1900-01-23 22:53:30,7719.0,135625,7719.5,674099,22103,38956,-16853,-538474,0.5
1900-01-23 22:53:45,7712.0,49899,7712.5,282776,17489,198362,-180873,-232877,0.5
1900-01-23 22:54:00,7706.0,27542,7706.5,523301,4505,1568488,-1563983,-495759,0.5
1900-01-23 22:54:15,7703.5,1091744,7704.0,14087,77719,200334,-122615,1077657,0.5
1900-01-23 22:54:30,7704.5,63453,7705.0,704285,206566,135645,70921,-640832,0.5
1900-01-23 22:54:45,7699.0,20953,7699.5,150501,5122,206079,-200957,-129548,0.5
1900-01-23 22:55:00,7699.5,256303,7700.0,647128,29004,294379,-265375,-390825,0.5
1900-01-23 22:55:15,7700.5,219073,7701.0,558242,95407,90107,5300,-339169,0.5
1900-01-23 22:55:30,7703.0,933518,7703.5,266269,178376,112067,66309,667249,0.5
1900-01-23 22:55:45,7705.0,73500,7705.5,882341,215396,142162,73234,-808841,0.5
1900-01-23 22:56:00,7708.5,873943,7709.0,17911,88157,85404,2753,856032,0.5
1900-01-23 22:56:15,7709.5,927498,7710.0,15180,40943,5400,35543,912318,0.5
1900-01-23 22:56:30,7713.0,206049,7713.5,427859,114251,19055,95196,-221810,0.5
1900-01-23 22:56:45,7718.0,108825,7718.5,360513,559200,52440,506760,-251688,0.5
1900-01-23 22:57:00,7719.0,728431,7719.5,241018,556734,32222,524512,487413,0.5
1900-01-23 22:57:15,7713.0,963562,7713.5,96751,252269,112613,139656,866811,0.5
1900-01-23 22:57:30,7711.0,35246,7711.5,637301,44328,77591,-33263,-602055,0.5
1900-01-23 22:57:45,7707.5,120022,7708.0,215101,6770,43294,-36524,-95079,0.5
1900-01-23 22:58:00,7712.5,753653,7713.0,17931,47162,39563,7599,735722,0.5
1900-01-23 22:58:15,7712.5,1177421,7713.0,25007,34232,44221,-9989,1152414,0.5
1900-01-23 22:58:30,7714.0,182633,7714.5,641923,78082,41272,36810,-459290,0.5
1900-01-23 22:58:45,7717.5,83543,7718.0,533138,129573,17110,112463,-449595,0.5
1900-01-23 22:59:00,7716.5,70843,7717.0,691062,44764,13891,30873,-620219,0.5
1900-01-23 22:59:15,7714.0,25035,7714.5,285713,17340,84204,-66864,-260678,0.5
1900-01-23 22:59:30,7712.5,622790,7713.0,174981,19367,29398,-10031,447809,0.5
1900-01-23 22:59:45,7712.5,856046,7713.0,138323,9873,17435,-7562,717723,0.5
1900-01-23 23:00:00,7714.0,206794,7714.5,139147,7163,23541,-16378,67647,0.5
1900-01-23 23:00:15,7714.0,955031,7714.5,100230,130968,80160,50808,854801,0.5
1900-01-23 23:00:30,7715.0,1017060,7715.5,318,52469,30135,22334,1016742,0.5
1900-01-23 23:00:45,7717.5,974241,7718.0,27134,130391,8482,121909,947107,0.5
1900-01-23 23:01:00,7724.5,1027607,7725.0,1363855,652523,15055,637468,-336248,0.5
1900-01-23 23:01:15,7721.5,174511,7722.0,695374,267797,86301,181496,-520863,0.5
1900-01-23 23:01:30,7722.0,1400084,7722.5,18644,50619,12706,37913,1381440,0.5
1900-01-23 23:01:45,7724.5,1237203,7725.0,566888,537253,7649,529604,670315,0.5
1900-01-23 23:02:00,7724.5,1022044,7725.0,468486,131059,56566,74493,553558,0.5
1900-01-23 23:02:15,7724.5,768262,7725.0,427363,83933,28875,55058,340899,0.5
1900-01-23 23:02:30,7719.0,443412,7719.5,426031,45248,143328,-98080,17381,0.5
1900-01-23 23:02:45,7719.0,563445,7719.5,442019,4380,6210,-1830,121426,0.5
1900-01-23 23:03:00,7719.0,36620,7719.5,843556,26726,132591,-105865,-806936,0.5
1900-01-23 23:03:15,7718.5,161974,7719.0,1039862,4778,196099,-191321,-877888,0.5
1900-01-23 23:03:30,7715.0,63760,7715.5,962433,20451,32811,-12360,-898673,0.5
1900-01-23 23:03:45,7704.0,234279,7704.5,396825,14455,176269,-161814,-162546,0.5
1900-01-23 23:04:00,7704.0,1082818,7704.5,24701,147818,26034,121784,1058117,0.5
1900-01-23 23:04:15,7709.5,452646,7710.0,151106,100608,67677,32931,301540,0.5
1900-01-23 23:04:30,7716.0,290460,7716.5,725997,170809,2800,168009,-435537,0.5
1900-01-23 23:04:45,7709.0,50,7709.5,132222,26100,68359,-42259,-132172,0.5
1900-01-23 23:05:00,7708.0,607874,7708.5,203207,61958,151587,-89629,404667,0.5
1900-01-23 23:05:15,7711.5,961053,7712.0,6052,11906,6321,5585,955001,0.5
1900-01-23 23:05:30,7708.0,5812,7708.5,1131117,22298,14191,8107,-1125305,0.5
1900-01-23 23:05:45,7701.5,61397,7702.0,91415,30646,153914,-123268,-30018,0.5
1900-01-23 23:06:00,7697.0,646254,7697.5,597356,16377,302095,-285718,48898,0.5
1900-01-23 23:06:15,7699.0,386984,7699.5,160000,159959,159286,673,226984,0.5
1900-01-23 23:06:30,7692.5,429429,7693.0,378870,19735,458644,-438909,50559,0.5
1900-01-23 23:06:45,7692.5,577053,7693.0,577189,67463,104166,-36703,-136,0.5
1900-01-23 23:07:00,7685.0,295718,7685.5,152829,126689,1099391,-972702,142889,0.5
1900-01-23 23:07:15,7678.0,663321,7678.5,268820,136597,528613,-392016,394501,0.5
1900-01-23 23:07:30,7679.5,162855,7680.0,185913,307095,276527,30568,-23058,0.5
1900-01-23 23:07:45,7678.0,11505,7678.5,747674,214448,75275,139173,-736169,0.5
1900-01-23 23:08:00,7675.0,1080280,7675.5,1068770,47255,202449,-155194,11510,0.5
1900-01-23 23:08:15,7661.0,7494,7661.5,64243,30410,1425906,-1395496,-56749,0.5
1900-01-23 23:08:30,7673.0,66151,7673.5,237125,422037,357297,64740,-170974,0.5
1900-01-23 23:08:45,7676.5,1215772,7677.0,207294,477874,105926,371948,1008478,0.5
1900-01-23 23:09:00,7676.5,862445,7677.0,30350,277437,127922,149515,832095,0.5
1900-01-23 23:09:15,7679.0,156139,7679.5,742975,266989,53685,213304,-586836,0.5
1900-01-23 23:09:30,7679.0,836177,7679.5,400490,110187,80840,29347,435687,0.5
1900-01-23 23:09:45,7679.0,1228606,7679.5,181030,218932,60683,158249,1047576,0.5
1900-01-23 23:10:00,7679.0,1285423,7679.5,140836,154270,100,154170,1144587,0.5
1900-01-23 23:10:15,7683.5,1123287,7684.0,105673,216636,6602,210034,1017614,0.5
1900-01-23 23:10:30,7687.0,507083,7687.5,704851,41801,29621,12180,-197768,0.5
1900-01-23 23:10:45,7687.0,536669,7687.5,570802,73609,24231,49378,-34133,0.5
1900-01-23 23:11:00,7687.0,109843,7687.5,1045662,40146,110274,-70128,-935819,0.5
1900-01-23 23:11:15,7681.5,52901,7682.0,261448,19556,219337,-199781,-208547,0.5
1900-01-23 23:11:30,7679.0,789074,7679.5,416057,16804,200384,-183580,373017,0.5
1900-01-23 23:11:45,7679.0,5821,7679.5,1143690,68111,50466,17645,-1137869,0.5
1900-01-23 23:12:00,7670.5,452041,7671.0,475471,13395,209780,-196385,-23430,0.5
1900-01-23 23:12:15,7670.5,32494,7671.0,784263,103871,73737,30134,-751769,0.5
1900-01-23 23:12:30,7669.0,38293,7669.5,1095586,16498,250477,-233979,-1057293,0.5
1900-01-23 23:12:45,7674.0,503616,7674.5,48624,164883,140906,23977,454992,0.5
1900-01-23 23:13:00,7673.5,76132,7674.0,1186303,35789,67256,-31467,-1110171,0.5
1900-01-23 23:13:15,7668.5,26228,7669.0,658788,50008,117848,-67840,-632560,0.5
1900-01-23 23:13:30,7670.0,58866,7670.5,584355,111158,44720,66438,-525489,0.5
1900-01-23 23:13:45,7669.5,231129,7670.0,770797,19133,117263,-98130,-539668,0.5
1900-01-23 23:14:00,7669.5,71578,7670.0,754012,20191,228281,-208090,-682434,0.5
1900-01-23 23:14:15,7669.5,271604,7670.0,293067,26849,9169,17680,-21463,0.5
1900-01-23 23:14:30,7671.5,533289,7672.0,328256,258119,37192,220927,205033,0.5
1900-01-23 23:14:45,7671.5,246541,7672.0,1045961,43255,136172,-92917,-799420,0.5
1900-01-23 23:15:00,7671.5,115177,7672.0,719423,93595,154052,-60457,-604246,0.5
1900-01-23 23:15:15,7666.0,71487,7666.5,1000716,52442,303911,-251469,-929229,0.5
1900-01-23 23:15:30,7661.0,4623,7661.5,1126643,9371,455166,-445795,-1122020,0.5
1900-01-23 23:15:45,7644.0,54332,7644.5,41582,11599,567675,-556076,12750,0.5
1900-01-23 23:16:00,7661.0,84145,7661.5,25123,1966102,90468,1875634,59022,0.5
1900-01-23 23:16:15,7669.5,900055,7670.0,405577,216871,43829,173042,494478,0.5
1900-01-23 23:16:30,7669.5,1262786,7670.0,118023,279472,52883,226589,1144763,0.5
1900-01-23 23:16:45,7672.0,832941,7672.5,139484,131380,2770,128610,693457,0.5
1900-01-23 23:17:00,7678.5,12880,7679.0,37016,533871,19478,514393,-24136,0.5
1900-01-23 23:17:15,7683.5,1128516,7684.0,437323,251655,8340,243315,691193,0.5
1900-01-23 23:17:30,7685.5,1217568,7686.0,176042,256486,3504,252982,1041526,0.5
1900-01-23 23:17:45,7686.5,3715210,7687.0,91567,154126,71220,82906,3623643,0.5
1900-01-23 23:18:00,7696.5,906596,7697.0,393237,255141,2362,252779,513359,0.5
1900-01-23 23:18:15,7689.5,36072,7690.0,1350094,101167,189133,-87966,-1314022,0.5
1900-01-23 23:18:30,7692.0,70769,7692.5,70999,60134,130722,-70588,-230,0.5
1900-01-23 23:18:45,7692.0,608310,7692.5,689295,10481,152604,-142123,-80985,0.5
1900-01-23 23:19:00,7692.0,600770,7692.5,822307,54563,29106,25457,-221537,0.5
1900-01-23 23:19:15,7691.0,10693,7691.5,88845,7646,497030,-489384,-78152,0.5
1900-01-23 23:19:30,7688.5,293706,7689.0,277465,109482,505180,-395698,16241,0.5
1900-01-23 23:19:45,7688.5,769764,7689.0,18866,170539,55220,115319,750898,0.5
1900-01-23 23:20:00,7692.0,860050,7692.5,82366,28939,4105,24834,777684,0.5
1900-01-23 23:20:15,7693.0,672902,7693.5,176352,63493,176,63317,496550,0.5
1900-01-23 23:20:30,7696.5,90033,7697.0,71709,303942,31762,272180,18324,0.5
1900-01-23 23:20:45,7699.5,1022715,7700.0,123969,323137,42267,280870,898746,0.5
1900-01-23 23:21:00,7704.5,476713,7705.0,439920,303167,7410,295757,36793,0.5
1900-01-23 23:21:15,7704.5,1260479,7705.0,12189,216159,10313,205846,1248290,0.5
1900-01-23 23:21:30,7706.5,326232,7707.0,1769216,169067,5896,163171,-1442984,0.5
1900-01-23 23:21:45,7706.0,244655,7706.5,285346,119260,389514,-270254,-40691,0.5
1900-01-23 23:22:00,7708.5,195438,7709.0,56070,121335,22023,99312,139368,0.5
1900-01-23 23:22:15,7707.0,1685,7707.5,442980,88657,23291,65366,-441295,0.5
1900-01-23 23:22:30,7706.5,1050709,7707.0,37714,108604,40192,68412,1012995,0.5
1900-01-23 23:22:45,7707.5,1206933,7708.0,22026,53065,83219,-30154,1184907,0.5
1900-01-23 23:23:00,7708.5,202933,7709.0,10091,95936,46248,49688,192842,0.5
1900-01-23 23:23:15,7716.0,245041,7716.5,65290,191724,1514,190210,179751,0.5
1900-01-23 23:23:30,7716.0,731357,7716.5,123029,139472,15799,123673,608328,0.5
1900-01-23 23:23:45,7716.0,271172,7716.5,401537,34704,84047,-49343,-130365,0.5
1900-01-23 23:24:00,7718.0,1147408,7718.5,32632,82359,107548,-25189,1114776,0.5
1900-01-23 23:24:15,7719.5,1057402,7720.0,284336,225386,32673,192713,773066,0.5
1900-01-23 23:24:30,7711.5,101921,7712.0,10000,67117,553278,-486161,91921,0.5
1900-01-23 23:24:45,7709.0,112803,7709.5,507623,19787,395664,-375877,-394820,0.5
1900-01-23 23:25:00,7709.0,778893,7709.5,892519,3810,348945,-345135,-113626,0.5
1900-01-23 23:25:15,7710.5,207621,7711.0,20090,148740,30267,118473,187531,0.5
1900-01-23 23:25:30,7715.5,44152,7716.0,728246,154809,13972,140837,-684094,0.5
1900-01-23 23:25:45,7709.5,259407,7710.0,335003,14031,13553,478,-75596,0.5
1900-01-23 23:26:00,7709.5,285135,7710.0,824193,21237,18717,2520,-539058,0.5
1900-01-23 23:26:15,7709.5,1194848,7710.0,313301,50150,5021,45129,881547,0.5
1900-01-23 23:26:30,7713.0,657135,7713.5,11142,35457,28850,6607,645993,0.5
1900-01-23 23:26:45,7714.0,942490,7714.5,174230,119741,105,119636,768260,0.5
1900-01-23 23:27:00,7714.0,1155099,7714.5,277355,89066,13638,75428,877744,0.5
1900-01-23 23:27:15,7714.0,301391,7714.5,1111492,17465,103418,-85953,-810101,0.5
1900-01-23 23:27:30,7713.5,120681,7714.0,1392366,2850,107283,-104433,-1271685,0.5
1900-01-23 23:27:45,7711.0,24059,7711.5,1129411,3900,42917,-39017,-1105352,0.5
1900-01-23 23:28:00,7711.0,970575,7711.5,408389,1848,5810,-3962,562186,0.5
1900-01-23 23:28:15,7712.5,261759,7713.0,560679,64461,8200,56261,-298920,0.5
1900-01-23 23:28:30,7712.5,103758,7713.0,448844,50165,600,49565,-345086,0.5
1900-01-23 23:28:45,7709.5,50834,7710.0,253119,63063,42843,20220,-202285,0.5
1900-01-23 23:29:00,7708.0,358652,7708.5,807044,7682,60513,-52831,-448392,0.5
1900-01-23 23:29:15,7710.0,906322,7710.5,33569,27010,7833,19177,872753,0.5
1900-01-23 23:29:30,7710.0,109997,7710.5,1062800,21570,70026,-48456,-952803,0.5
1900-01-23 23:29:45,7709.5,484775,7710.0,492808,98218,135831,-37613,-8033,0.5
1900-01-23 23:30:00,7709.5,308044,7710.0,928569,56885,14330,42555,-620525,0.5
1900-01-23 23:30:15,7709.0,387972,7709.5,333242,26447,25649,798,54730,0.5
1900-01-23 23:30:30,7709.0,886418,7709.5,98999,19316,10381,8935,787419,0.5
1900-01-23 23:30:45,7710.0,582426,7710.5,272072,7023,93443,-86420,310354,0.5
1900-01-23 23:31:00,7719.5,135167,7720.0,549431,107964,14629,93335,-414264,0.5
1900-01-23 23:31:15,7712.0,30249,7712.5,797822,86697,59803,26894,-767573,0.5
1900-01-23 23:31:30,7709.0,38621,7709.5,978245,29691,59681,-29990,-939624,0.5
1900-01-23 23:31:45,7708.0,61975,7708.5,1122853,9850,70462,-60612,-1060878,0.5
1900-01-23 23:32:00,7707.5,65403,7708.0,1164330,12210,17610,-5400,-1098927,0.5
1900-01-23 23:32:15,7707.0,175125,7707.5,865514,20848,61167,-40319,-690389,0.5
1900-01-23 23:32:30,7707.0,686997,7707.5,526202,1467,55289,-53822,160795,0.5
1900-01-23 23:32:45,7707.0,451505,7707.5,653172,8050,97263,-89213,-201667,0.5
1900-01-23 23:33:00,7707.0,807107,7707.5,527747,11718,23634,-11916,279360,0.5
1900-01-23 23:33:15,7707.0,257466,7707.5,1160936,6715,4961,1754,-903470,0.5
1900-01-23 23:33:30,7698.0,87208,7698.5,1790031,130,384654,-384524,-1702823,0.5
1900-01-23 23:33:45,7696.0,224673,7696.5,886401,103834,244974,-141140,-661728,0.5
1900-01-23 23:34:00,7693.0,22079,7693.5,912206,48620,291758,-243138,-890127,0.5
1900-01-23 23:34:15,7686.5,193596,7687.0,1025091,59301,356643,-297342,-831495,0.5
1900-01-23 23:34:30,7686.5,347436,7687.0,479073,66123,246217,-180094,-131637,0.5
1900-01-23 23:34:45,7686.5,690142,7687.0,48115,242162,124433,117729,642027,0.5
1900-01-23 23:35:00,7686.0,281585,7686.5,467999,94805,118245,-23440,-186414,0.5
1900-01-23 23:35:15,7686.0,60398,7686.5,676758,56260,9855,46405,-616360,0.5
1900-01-23 23:35:30,7680.0,117497,7680.5,25400,13348,327378,-314030,92097,0.5
1900-01-23 23:35:45,7676.0,203803,7676.5,272029,25684,472246,-446562,-68226,0.5
1900-01-23 23:36:00,7682.5,543697,7683.0,105926,110387,35998,74389,437771,0.5
1900-01-23 23:36:15,7687.0,756855,7687.5,1489,85671,601,85070,755366,0.5
1900-01-23 23:36:30,7691.0,432359,7691.5,601258,88670,25505,63165,-168899,0.5
1900-01-23 23:36:45,7693.0,436821,7693.5,24959,72614,4436,68178,411862,0.5
1900-01-23 23:37:00,7694.0,775240,7694.5,73067,138880,825,138055,702173,0.5
1900-01-23 23:37:15,7697.0,457737,7697.5,354987,64251,3590,60661,102750,0.5
1900-01-23 23:37:30,7697.0,239084,7697.5,273440,17389,16903,486,-34356,0.5
1900-01-23 23:37:45,7696.0,255,7696.5,1342198,15717,41470,-25753,-1341943,0.5
1900-01-23 23:38:00,7691.0,5401,7691.5,1093972,7621,43681,-36060,-1088571,0.5
1900-01-23 23:38:15,7688.0,2139,7688.5,721175,7590,68972,-61382,-719036,0.5
1900-01-23 23:38:30,7681.5,41336,7682.0,274609,4710,83601,-78891,-233273,0.5
1900-01-23 23:38:45,7696.0,95831,7696.5,14980,142521,190395,-47874,80851,0.5
1900-01-23 23:39:00,7696.5,42691,7697.0,840398,182313,210202,-27889,-797707,0.5
1900-01-23 23:39:15,7696.0,670399,7696.5,54147,55857,62340,-6483,616252,0.5
1900-01-23 23:39:30,7697.5,385414,7698.0,770992,64406,7871,56535,-385578,0.5
1900-01-23 23:39:45,7697.5,895563,7698.0,194978,106943,14900,92043,700585,0.5
1900-01-23 23:40:00,7697.5,984886,7698.0,103580,11318,8178,3140,881306,0.5
1900-01-23 23:40:15,7697.5,847072,7698.0,303190,88135,1862,86273,543882,0.5
1900-01-23 23:40:30,7688.0,89304,7688.5,787489,61868,464726,-402858,-698185,0.5
1900-01-23 23:40:45,7688.0,260624,7688.5,622344,28326,54763,-26437,-361720,0.5
1900-01-23 23:41:00,7687.5,30152,7688.0,682169,15816,21006,-5190,-652017,0.5
1900-01-23 23:41:15,7686.0,101404,7686.5,480242,22318,22935,-617,-378838,0.5
1900-01-23 23:41:30,7686.0,194082,7686.5,630500,151578,13712,137866,-436418,0.5
1900-01-23 23:41:45,7686.0,82960,7686.5,702132,73835,90959,-17124,-619172,0.5
1900-01-23 23:42:00,7684.5,17572,7685.0,938688,107595,34486,73109,-921116,0.5
1900-01-23 23:42:15,7682.5,585527,7683.0,401082,3711,40522,-36811,184445,0.5
1900-01-23 23:42:30,7678.5,24327,7679.0,7679,82715,40741,41974,16648,0.5
1900-01-23 23:42:45,7672.0,96384,7672.5,400572,185285,147701,37584,-304188,0.5
1900-01-23 23:43:00,7691.5,44000,7692.0,417749,339187,167914,171273,-373749,0.5
1900-01-23 23:43:15,7691.5,172571,7692.0,2861715,198745,23162,175583,-2689144,0.5
1900-01-23 23:43:30,7688.0,543163,7688.5,384097,10862,78380,-67518,159066,0.5
1900-01-23 23:43:45,7688.0,120568,7688.5,755003,18064,6547,11517,-634435,0.5
1900-01-23 23:44:00,7688.0,40603,7688.5,1069655,5535,20806,-15271,-1029052,0.5
1900-01-23 23:44:15,7685.5,110267,7686.0,909389,6876,29475,-22599,-799122,0.5
1900-01-23 23:44:30,7687.0,555206,7687.5,2310,70344,5042,65302,552896,0.5
1900-01-23 23:44:45,7687.0,100,7687.5,663391,16483,700,15783,-663291,0.5
1900-01-23 23:45:00,7656.5,7836,7657.5,36288,125695,1910380,-1784685,-28452,1.0
1900-01-23 23:45:15,7650.0,74331,7650.5,848377,162089,329203,-167114,-774046,0.5
1900-01-23 23:45:30,7645.0,241634,7645.5,95964,55343,448971,-393628,145670,0.5
1900-01-23 23:45:45,7639.5,20000,7640.0,42990,343539,634809,-291270,-22990,0.5
1900-01-23 23:46:00,7623.0,89732,7624.0,21368,17983,886075,-868092,68364,1.0
1900-01-23 23:46:15,7633.0,42000,7633.5,1000,368391,341163,27228,41000,0.5
1900-01-23 23:46:30,7645.0,284670,7645.5,11900,311892,18840,293052,272770,0.5
1900-01-23 23:46:45,7642.0,30190,7642.5,155212,246590,499109,-252519,-125022,0.5
1900-01-23 23:47:00,7639.5,72539,7640.5,14209,61894,148837,-86943,58330,1.0
1900-01-23 23:47:15,7649.5,209963,7650.0,1016925,1205041,100105,1104936,-806962,0.5
1900-01-23 23:47:30,7659.5,338460,7660.0,12194,1032777,14947,1017830,326266,0.5
1900-01-23 23:47:45,7659.5,193694,7660.0,302792,485345,409230,76115,-109098,0.5
1900-01-23 23:48:00,7658.5,323265,7659.0,223520,20176,68123,-47947,99745,0.5
1900-01-23 23:48:15,7663.5,841208,7664.0,204600,604824,14124,590700,636608,0.5
1900-01-23 23:48:30,7663.5,107494,7664.0,624320,125368,64003,61365,-516826,0.5
1900-01-23 23:48:45,7661.0,1046008,7661.5,50278,13925,110174,-96249,995730,0.5
1900-01-23 23:49:00,7656.5,51660,7657.0,233111,10955,351577,-340622,-181451,0.5
1900-01-23 23:49:15,7656.0,531647,7656.5,657617,9671,139620,-129949,-125970,0.5
1900-01-23 23:49:30,7658.0,636347,7658.5,58604,213703,78510,135193,577743,0.5
1900-01-23 23:49:45,7659.5,2348494,7660.0,183764,243780,6063,237717,2164730,0.5
1900-01-23 23:50:00,7659.5,437420,7660.0,809613,95388,557058,-461670,-372193,0.5
1900-01-23 23:50:15,7644.0,11797,7644.5,253248,12217,457545,-445328,-241451,0.5
1900-01-23 23:50:30,7644.0,529890,7644.5,610316,48353,52920,-4567,-80426,0.5
1900-01-23 23:50:45,7637.5,67238,7638.0,1264137,6574,281895,-275321,-1196899,0.5
1900-01-23 23:51:00,7638.0,195878,7638.5,9748,317336,173726,143610,186130,0.5
1900-01-23 23:51:15,7643.0,3605,7643.5,831171,78956,267635,-188679,-827566,0.5
1900-01-23 23:51:30,7631.5,960937,7632.0,129065,50387,226265,-175878,831872,0.5
1900-01-23 23:51:45,7635.0,240096,7635.5,507644,95640,84557,11083,-267548,0.5
1900-01-23 23:52:00,7630.0,107935,7630.5,796350,30972,316382,-285410,-688415,0.5
1900-01-23 23:52:15,7635.0,17783,7636.5,17357,308908,309799,-891,426,1.5
1900-01-23 23:52:30,7635.5,12577,7636.0,134018,139788,35123,104665,-121441,0.5
1900-01-23 23:52:45,7641.5,14000,7642.0,7565,204066,98775,105291,6435,0.5
1900-01-23 23:53:00,7651.0,69472,7651.5,668249,362002,9044,352958,-598777,0.5
1900-01-23 23:53:15,7644.0,12270,7644.5,558895,51081,175095,-124014,-546625,0.5
1900-01-23 23:53:30,7644.5,578025,7645.0,438290,127810,31250,96560,139735,0.5
1900-01-23 23:53:45,7644.0,571480,7644.5,440590,15803,59564,-43761,130890,0.5
1900-01-23 23:54:00,7650.5,153493,7651.0,633766,28545,13773,14772,-480273,0.5
1900-01-23 23:54:15,7650.5,1007686,7651.0,32471,379514,5373,374141,975215,0.5
1900-01-23 23:54:30,7654.0,574769,7654.5,285929,105692,2566,103126,288840,0.5
1900-01-23 23:54:45,7649.5,782284,7650.0,246839,30358,256854,-226496,535445,0.5
1900-01-23 23:55:00,7649.5,58555,7650.0,831577,16799,180039,-163240,-773022,0.5
1900-01-23 23:55:15,7650.0,814425,7650.5,223929,65727,121650,-55923,590496,0.5
1900-01-23 23:55:30,7650.0,273582,7650.5,781239,4467,35947,-31480,-507657,0.5
1900-01-23 23:55:45,7653.5,266029,7654.0,11121,282372,15950,266422,254908,0.5
1900-01-23 23:56:00,7654.0,1292040,7654.5,63195,301408,4760,296648,1228845,0.5
1900-01-23 23:56:15,7654.0,717169,7654.5,641545,97428,7340,90088,75624,0.5
1900-01-23 23:56:30,7643.0,18049,7643.5,1971283,12111,240484,-228373,-1953234,0.5
1900-01-23 23:56:45,7638.5,156592,7639.0,476568,8743,359312,-350569,-319976,0.5
1900-01-23 23:57:00,7638.5,8745,7639.0,529261,108531,27672,80859,-520516,0.5
1900-01-23 23:57:15,7644.5,50300,7645.0,20504,109774,255421,-145647,29796,0.5
1900-01-23 23:57:30,7636.0,295343,7636.5,394366,87169,72350,14819,-99023,0.5
1900-01-23 23:57:45,7632.5,4455,7633.0,378478,59108,195747,-136639,-374023,0.5
1900-01-23 23:58:00,7629.0,4081,7629.5,430715,64252,239609,-175357,-426634,0.5
1900-01-23 23:58:15,7628.0,346523,7628.5,162229,315256,254447,60809,184294,0.5
1900-01-23 23:58:30,7629.5,60066,7630.0,1185854,590037,47753,542284,-1125788,0.5
1900-01-23 23:58:45,7625.0,227721,7625.5,755712,125674,149724,-24050,-527991,0.5
1900-01-23 23:59:00,7625.0,61880,7625.5,1005242,111838,25531,86307,-943362,0.5
1900-01-23 23:59:15,7622.5,21622,7623.0,587634,85894,93209,-7315,-566012,0.5
1900-01-23 23:59:30,7611.0,39829,7613.0,34000,58206,1308086,-1249880,5829,2.0
1900-01-23 23:59:45,7624.0,122926,7624.5,100,176971,230938,-53967,122826,0.5
