time,bid,bidSize,ask,askSize,buyMO,sellMO,buySellImb,orderImb,spread
1900-01-01 00:00:00,7255.0,14392,7255.5,474703,21024,88248,-67224,-460311,0.5
1900-01-01 00:00:15,7251.0,412077,7251.5,665739,85790,229249,-143459,-253662,0.5
1900-01-01 00:00:30,7246.0,640,7246.5,684735,37898,794202,-756304,-684095,0.5
1900-01-01 00:00:45,7263.5,51137,7264.0,13058,354615,229044,125571,38079,0.5
1900-01-01 00:01:00,7262.5,78802,7263.0,1006739,316269,164057,152212,-927937,0.5
1900-01-01 00:01:15,7269.0,684600,7269.5,101442,493646,172823,320823,583158,0.5
1900-01-01 00:01:30,7270.5,665569,7271.0,5503,430802,25828,404974,660066,0.5
1900-01-01 00:01:45,7274.0,339577,7274.5,276033,109152,56347,52805,63544,0.5
1900-01-01 00:02:00,7275.5,748348,7276.0,89226,318704,19144,299560,659122,0.5
1900-01-01 00:02:15,7275.5,480707,7276.0,194925,90511,11082,79429,285782,0.5
1900-01-01 00:02:30,7276.0,1015808,7276.5,88547,41275,10215,31060,927261,0.5
1900-01-01 00:02:45,7276.0,1095482,7276.5,31543,55822,56168,-346,1063939,0.5
1900-01-01 00:03:00,7278.5,668,7279.0,423391,137767,164524,-26757,-422723,0.5
1900-01-01 00:03:15,7274.0,1012499,7274.5,12252,75421,90342,-14921,1000247,0.5
1900-01-01 00:03:30,7279.5,4991,7280.0,594921,171237,36173,135064,-589930,0.5
1900-01-01 00:03:45,7279.0,115588,7279.5,615827,92004,340038,-248034,-500239,0.5
1900-01-01 00:04:00,7279.0,1107509,7279.5,84560,74047,23891,50156,1022949,0.5
1900-01-01 00:04:15,7292.5,122350,7293.0,73010,295043,17316,277727,49340,0.5
1900-01-01 00:04:30,7288.0,31339,7288.5,120921,457234,363762,93472,-89582,0.5
1900-01-01 00:04:45,7283.5,883989,7284.0,731337,264508,66045,198463,152652,0.5
1900-01-01 00:05:00,7283.5,145386,7284.0,881753,34829,56669,-21840,-736367,0.5
1900-01-01 00:05:15,7282.5,178489,7283.0,692035,60604,33232,27372,-513546,0.5
1900-01-01 00:05:30,7280.0,122146,7280.5,882976,4460,257493,-253033,-760830,0.5
1900-01-01 00:05:45,7278.0,292729,7278.5,160147,89475,69428,20047,132582,0.5
1900-01-01 00:06:00,7278.0,193899,7278.5,411432,40131,13451,26680,-217533,0.5
1900-01-01 00:06:15,7278.0,309408,7278.5,318694,51783,2468,49315,-9286,0.5
1900-01-01 00:06:30,7278.0,128662,7278.5,965499,9567,100,9467,-836837,0.5
1900-01-01 00:06:45,7277.0,398122,7277.5,943545,11090,30826,-19736,-545423,0.5
1900-01-01 00:07:00,7277.0,358665,7277.5,336491,3882,91359,-87477,22174,0.5
1900-01-01 00:07:15,7278.5,157165,7279.0,36811,69746,19001,50745,120354,0.5
1900-01-01 00:07:30,7284.5,575416,7285.0,38254,66592,40508,26084,537162,0.5
1900-01-01 00:07:45,7284.5,181375,7285.0,490411,17273,22230,-4957,-309036,0.5
1900-01-01 00:08:00,7284.5,868803,7285.0,223744,53194,30968,22226,645059,0.5
1900-01-01 00:08:15,7285.5,462353,7286.0,10,44820,1000,43820,462343,0.5
1900-01-01 00:08:30,7291.0,153342,7291.5,726831,172061,78230,93831,-573489,0.5
1900-01-01 00:08:45,7285.0,30062,7285.5,264269,61399,211106,-149707,-234207,0.5
1900-01-01 00:09:00,7285.0,187521,7285.5,413397,17557,51187,-33630,-225876,0.5
1900-01-01 00:09:15,7286.5,529501,7287.0,14067,84880,2332,82548,515434,0.5
1900-01-01 00:09:30,7290.0,705969,7290.5,203,67160,91610,-24450,705766,0.5
1900-01-01 00:09:45,7293.5,460409,7294.0,96804,107676,29716,77960,363605,0.5
1900-01-01 00:10:00,7296.5,434826,7297.0,63788,231187,67011,164176,371038,0.5
1900-01-01 00:10:15,7296.5,31120,7297.0,397569,226008,149711,76297,-366449,0.5
1900-01-01 00:10:30,7291.0,468669,7291.5,58891,11124,21314,-10190,409778,0.5
1900-01-01 00:10:45,7291.0,607046,7291.5,675,89956,13263,76693,606371,0.5
1900-01-01 00:11:00,7291.5,148242,7292.0,601961,24642,47093,-22451,-453719,0.5
1900-01-01 00:11:15,7291.5,412139,7292.0,172069,16450,12818,3632,240070,0.5
1900-01-01 00:11:30,7291.5,587348,7292.0,222122,14853,5100,9753,365226,0.5
1900-01-01 00:11:45,7291.5,374167,7292.0,77777,174119,112600,61519,296390,0.5
1900-01-01 00:12:00,7291.5,125280,7292.0,701186,12,25191,-25179,-575906,0.5
1900-01-01 00:12:15,7289.5,277905,7290.0,887514,2663,41575,-38912,-609609,0.5
1900-01-01 00:12:30,7289.5,166391,7290.0,608988,458,64053,-63595,-442597,0.5
1900-01-01 00:12:45,7286.0,407931,7286.5,202195,64424,140573,-76149,205736,0.5
1900-01-01 00:13:00,7286.0,507863,7286.5,260340,17538,47179,-29641,247523,0.5
1900-01-01 00:13:15,7286.0,469268,7286.5,238894,23775,47179,-23404,230374,0.5
1900-01-01 00:13:30,7286.0,64517,7286.5,687777,3591,4006,-415,-623260,0.5
1900-01-01 00:13:45,7285.0,22476,7285.5,880496,508,34535,-34027,-858020,0.5
1900-01-01 00:14:00,7285.0,670548,7285.5,729201,210,97923,-97713,-58653,0.5
1900-01-01 00:14:15,7285.0,930053,7285.5,274706,32804,20400,12404,655347,0.5
1900-01-01 00:14:30,7285.0,1043615,7285.5,261883,11803,20400,-8597,781732,0.5
1900-01-01 00:14:45,7285.0,847551,7285.5,505480,168981,2,168979,342071,0.5
1900-01-01 00:15:00,7285.0,748312,7285.5,799347,9503,14864,-5361,-51035,0.5
1900-01-01 00:15:15,7285.0,695634,7285.5,779816,13094,20000,-6906,-84182,0.5
1900-01-01 00:15:30,7285.0,784661,7285.5,386014,9501,560,8941,398647,0.5
1900-01-01 00:15:45,7285.0,890675,7285.5,317739,22926,6150,16776,572936,0.5
1900-01-01 00:16:00,7285.0,1323824,7285.5,87673,24394,6150,18244,1236151,0.5
1900-01-01 00:16:15,7285.5,914046,7286.0,37518,45441,6150,39291,876528,0.5
1900-01-01 00:16:30,7287.0,717341,7287.5,33608,95973,6150,89823,683733,0.5
1900-01-01 00:16:45,7287.0,370720,7287.5,136050,20015,8366,11649,234670,0.5
1900-01-01 00:17:00,7287.0,94007,7287.5,687740,13625,2200,11425,-593733,0.5
1900-01-01 00:17:15,7287.0,171357,7287.5,747349,4,4097,-4093,-575992,0.5
1900-01-01 00:17:30,7287.0,375782,7287.5,444150,6200,20351,-14151,-68368,0.5
1900-01-01 00:17:45,7287.0,156262,7287.5,807066,15004,14000,1004,-650804,0.5
1900-01-01 00:18:00,7286.5,105635,7287.0,1081214,77,25484,-25407,-975579,0.5
1900-01-01 00:18:15,7285.5,6257,7286.0,193859,2,52985,-52983,-187602,0.5
1900-01-01 00:18:30,7285.0,150137,7285.5,1486673,11435,1296824,-1285389,-1336536,0.5
1900-01-01 00:18:45,7275.0,463795,7275.5,216990,2258,233784,-231526,246805,0.5
1900-01-01 00:19:00,7276.5,707932,7277.0,132081,34061,18441,15620,575851,0.5
1900-01-01 00:19:15,7276.5,1146693,7277.0,27999,81557,147008,-65451,1118694,0.5
1900-01-01 00:19:30,7276.5,219144,7277.0,350897,31909,101638,-69729,-131753,0.5
1900-01-01 00:19:45,7276.5,216888,7277.0,484934,1828,28347,-26519,-268046,0.5
1900-01-01 00:20:00,7276.5,163531,7277.0,748612,1828,28683,-26855,-585081,0.5
1900-01-01 00:20:15,7277.0,18322,7277.5,645339,84920,35456,49464,-627017,0.5
1900-01-01 00:20:30,7275.0,730309,7275.5,194,6044,106820,-100776,730115,0.5
1900-01-01 00:20:45,7277.5,463525,7278.0,1228,15717,52678,-36961,462297,0.5
1900-01-01 00:21:00,7278.5,333387,7279.0,3031,14080,132,13948,330356,0.5
1900-01-01 00:21:15,7279.0,365633,7279.5,890,44037,8000,36037,364743,0.5
1900-01-01 00:21:30,7280.0,138493,7280.5,432967,14948,22991,-8043,-294474,0.5
1900-01-01 00:21:45,7282.0,168934,7282.5,964190,46303,68,46235,-795256,0.5
1900-01-01 00:22:00,7282.0,13129,7282.5,1094206,16300,9934,6366,-1081077,0.5
1900-01-01 00:22:15,7280.0,3641,7280.5,984034,12002,60372,-48370,-980393,0.5
1900-01-01 00:22:30,7277.0,20026,7277.5,412261,1000,58943,-57943,-392235,0.5
1900-01-01 00:22:45,7276.5,434439,7277.0,236396,5002,132758,-127756,198043,0.5
1900-01-01 00:23:00,7277.0,895895,7277.5,6998,56872,2979,53893,888897,0.5
1900-01-01 00:23:15,7277.5,319026,7278.0,46313,6868,2238,4630,272713,0.5
1900-01-01 00:23:30,7279.5,435736,7280.0,9034,33830,1942,31888,426702,0.5
1900-01-01 00:23:45,7283.0,251194,7283.5,37691,9361,3756,5605,213503,0.5
1900-01-01 00:24:00,7283.0,566138,7283.5,7976,45451,6176,39275,558162,0.5
1900-01-01 00:24:15,7283.5,659756,7284.0,146889,38132,6176,31956,512867,0.5
1900-01-01 00:24:30,7283.5,56806,7284.0,739426,10152,18852,-8700,-682620,0.5
1900-01-01 00:24:45,7281.5,119241,7282.0,183653,1010,33080,-32070,-64412,0.5
1900-01-01 00:25:00,7281.0,1436,7281.5,540919,505,3773,-3268,-539483,0.5
1900-01-01 00:25:15,7281.0,15173,7281.5,590695,8010,1312,6698,-575522,0.5
1900-01-01 00:25:30,7281.0,12727,7281.5,599914,10,58196,-58186,-587187,0.5
1900-01-01 00:25:45,7279.0,356936,7279.5,129807,10010,23050,-13040,227129,0.5
1900-01-01 00:26:00,7279.0,484443,7279.5,138053,1558,144,1414,346390,0.5
1900-01-01 00:26:15,7279.0,237041,7279.5,176706,20000,7312,12688,60335,0.5
1900-01-01 00:26:30,7279.0,792686,7279.5,27977,19103,49617,-30514,764709,0.5
1900-01-01 00:26:45,7279.0,460462,7279.5,22450,11022,52254,-41232,438012,0.5
1900-01-01 00:27:00,7279.5,104704,7280.0,634,40038,1007,39031,104070,0.5
1900-01-01 00:27:15,7282.5,673610,7283.0,34228,14589,5,14584,639382,0.5
1900-01-01 00:27:30,7283.0,710001,7283.5,191103,125196,9310,115886,518898,0.5
1900-01-01 00:27:45,7283.0,723712,7283.5,169571,87224,1200,86024,554141,0.5
1900-01-01 00:28:00,7283.5,1550649,7284.0,265290,43612,8,43604,1285359,0.5
1900-01-01 00:28:15,7285.5,510243,7286.0,6032,67573,8,67565,504211,0.5
1900-01-01 00:28:30,7295.5,385426,7296.0,403842,97747,1930,95817,-18416,0.5
1900-01-01 00:28:45,7294.5,3867,7295.0,969118,88046,40515,47531,-965251,0.5
1900-01-01 00:29:00,7295.5,424657,7296.0,91809,239874,55556,184318,332848,0.5
1900-01-01 00:29:15,7297.0,499693,7297.5,506528,593983,47290,546693,-6835,0.5
1900-01-01 00:29:30,7299.0,430549,7299.5,167873,209762,76002,133760,262676,0.5
1900-01-01 00:29:45,7299.0,354158,7299.5,401374,11470,16660,-5190,-47216,0.5
1900-01-01 00:30:00,7299.0,258870,7299.5,788884,11916,39479,-27563,-530014,0.5
1900-01-01 00:30:15,7298.5,3335,7299.0,615066,65706,101812,-36106,-611731,0.5
1900-01-01 00:30:30,7296.5,385236,7297.0,311171,14900,22997,-8097,74065,0.5
1900-01-01 00:30:45,7296.5,209472,7297.0,164401,145424,149868,-4444,45071,0.5
1900-01-01 00:31:00,7296.5,613699,7297.0,169223,57636,65945,-8309,444476,0.5
1900-01-01 00:31:15,7296.5,581052,7297.0,111430,32132,16000,16132,469622,0.5
1900-01-01 00:31:30,7296.5,1040664,7297.0,34998,52665,13852,38813,1005666,0.5
1900-01-01 00:31:45,7297.0,984793,7297.5,52287,56286,54281,2005,932506,0.5
1900-01-01 00:32:00,7297.0,1179064,7297.5,12147,128294,105230,23064,1166917,0.5
1900-01-01 00:32:15,7299.0,357898,7299.5,383584,209805,14330,195475,-25686,0.5
1900-01-01 00:32:30,7299.0,756334,7299.5,214655,12932,47455,-34523,541679,0.5
1900-01-01 00:32:45,7302.5,486532,7303.0,372790,130852,6884,123968,113742,0.5
1900-01-01 00:33:00,7304.0,367622,7304.5,505422,16744,14630,2114,-137800,0.5
1900-01-01 00:33:15,7304.0,237989,7304.5,592953,17660,83364,-65704,-354964,0.5
1900-01-01 00:33:30,7304.0,31509,7304.5,906441,3280,54187,-50907,-874932,0.5
1900-01-01 00:33:45,7302.0,103467,7302.5,499741,5530,66610,-61080,-396274,0.5
1900-01-01 00:34:00,7302.0,70488,7302.5,540403,8726,39211,-30485,-469915,0.5
1900-01-01 00:34:15,7302.0,2010,7302.5,600513,7090,59138,-52048,-598503,0.5
1900-01-01 00:34:30,7300.0,706609,7300.5,700637,11022,60641,-49619,5972,0.5
1900-01-01 00:34:45,7300.0,1054883,7300.5,116214,48,414964,-414916,938669,0.5
1900-01-01 00:35:00,7306.0,704842,7306.5,45032,62544,25472,37072,659810,0.5
1900-01-01 00:35:15,7307.5,1000447,7308.0,56085,33239,37133,-3894,944362,0.5
1900-01-01 00:35:30,7309.0,1255751,7309.5,239647,23441,300,23141,1016104,0.5
1900-01-01 00:35:45,7309.0,1065657,7309.5,616896,38056,1512,36544,448761,0.5
1900-01-01 00:36:00,7309.0,1031925,7309.5,691918,14188,36537,-22349,340007,0.5
1900-01-01 00:36:15,7309.0,344763,7309.5,748904,50114,52603,-2489,-404141,0.5
1900-01-01 00:36:30,7304.5,24149,7305.0,753002,50114,141340,-91226,-728853,0.5
1900-01-01 00:36:45,7303.0,64,7303.5,936271,9452,13665,-4213,-936207,0.5
1900-01-01 00:37:00,7300.0,359068,7300.5,609041,42396,166850,-124454,-249973,0.5
1900-01-01 00:37:15,7297.0,44618,7297.5,628379,34084,157018,-122934,-583761,0.5
1900-01-01 00:37:30,7293.0,55828,7293.5,630884,20470,221555,-201085,-575056,0.5
1900-01-01 00:37:45,7292.0,594443,7292.5,124143,22001,215697,-193696,470300,0.5
1900-01-01 00:38:00,7293.5,243122,7294.0,259250,107507,60278,47229,-16128,0.5
1900-01-01 00:38:15,7294.5,436279,7295.0,5840,72829,4130,68699,430439,0.5
1900-01-01 00:38:30,7296.0,108972,7296.5,336168,14963,17576,-2613,-227196,0.5
1900-01-01 00:38:45,7296.0,248568,7296.5,505266,1500,8762,-7262,-256698,0.5
1900-01-01 00:39:00,7296.0,490702,7296.5,165747,10578,5295,5283,324955,0.5
1900-01-01 00:39:15,7290.5,104806,7291.0,728208,11984,230801,-218817,-623402,0.5
1900-01-01 00:39:30,7281.5,472885,7282.0,814318,8461,76666,-68205,-341433,0.5
1900-01-01 00:39:45,7283.5,682642,7284.0,1147,213557,142458,71099,681495,0.5
1900-01-01 00:40:00,7286.0,171723,7286.5,193306,38395,21190,17205,-21583,0.5
1900-01-01 00:40:15,7286.0,1042845,7286.5,91129,22440,4042,18398,951716,0.5
1900-01-01 00:40:30,7287.5,97112,7288.0,483251,40308,442,39866,-386139,0.5
1900-01-01 00:40:45,7285.0,26506,7285.5,643521,2,32143,-32141,-617015,0.5
1900-01-01 00:41:00,7285.0,10273,7285.5,928724,2,6464,-6462,-918451,0.5
1900-01-01 00:41:15,7284.5,44118,7285.0,1119292,100,7999,-7899,-1075174,0.5
1900-01-01 00:41:30,7284.0,52750,7284.5,843021,48000,18083,29917,-790271,0.5
1900-01-01 00:41:45,7284.0,161607,7284.5,493855,8410,36803,-28393,-332248,0.5
1900-01-01 00:42:00,7284.0,557447,7284.5,194740,25012,22244,2768,362707,0.5
1900-01-01 00:42:15,7284.0,500546,7284.5,349724,13678,23198,-9520,150822,0.5
1900-01-01 00:42:30,7284.0,676607,7284.5,224845,3010,41,2969,451762,0.5
1900-01-01 00:42:45,7284.0,651339,7284.5,256291,3000,24076,-21076,395048,0.5
1900-01-01 00:43:00,7284.0,816703,7284.5,109379,183142,4586,178556,707324,0.5
1900-01-01 00:43:15,7284.0,774638,7284.5,64819,6100,9996,-3896,709819,0.5
1900-01-01 00:43:30,7284.0,447183,7284.5,457103,8000,12493,-4493,-9920,0.5
1900-01-01 00:43:45,7282.0,114227,7282.5,587888,200,22994,-22794,-473661,0.5
1900-01-01 00:44:00,7281.0,6538,7281.5,641394,2,39165,-39163,-634856,0.5
1900-01-01 00:44:15,7279.0,1000625,7279.5,38131,7831,82077,-74246,962494,0.5
1900-01-01 00:44:30,7282.0,697421,7282.5,70435,221544,666142,-444598,626986,0.5
1900-01-01 00:44:45,7282.0,886299,7282.5,6124,34879,9276,25603,880175,0.5
1900-01-01 00:45:00,7281.5,133656,7282.0,180357,35053,98886,-63833,-46701,0.5
1900-01-01 00:45:15,7283.0,645603,7283.5,273,53992,23260,30732,645330,0.5
1900-01-01 00:45:30,7283.5,249943,7284.0,35329,10450,17684,-7234,214614,0.5
1900-01-01 00:45:45,7284.0,140663,7284.5,9070,43930,100,43830,131593,0.5
1900-01-01 00:46:00,7284.5,685416,7285.0,274846,15810,1034,14776,410570,0.5
1900-01-01 00:46:15,7284.5,986764,7285.0,202972,68193,32,68161,783792,0.5
1900-01-01 00:46:30,7284.5,913407,7285.0,128974,94371,828,93543,784433,0.5
1900-01-01 00:46:45,7287.0,633239,7287.5,33057,131826,4,131822,600182,0.5
1900-01-01 00:47:00,7287.5,205188,7288.0,376524,27953,5025,22928,-171336,0.5
1900-01-01 00:47:15,7288.5,308725,7289.0,30378,233674,4014,229660,278347,0.5
1900-01-01 00:47:30,7288.5,443737,7289.0,48920,2709,4014,-1305,394817,0.5
1900-01-01 00:47:45,7288.5,516637,7289.0,62950,9000,20316,-11316,453687,0.5
1900-01-01 00:48:00,7288.5,382391,7289.0,55746,16658,5014,11644,326645,0.5
1900-01-01 00:48:15,7290.5,823456,7291.0,14686,82815,5014,77801,808770,0.5
1900-01-01 00:48:30,7291.5,60907,7292.0,404497,11264,120,11144,-343590,0.5
1900-01-01 00:48:45,7292.0,360428,7292.5,14511,6382,13772,-7390,345917,0.5
1900-01-01 00:49:00,7292.5,249570,7293.0,19911,17791,4101,13690,229659,0.5
1900-01-01 00:49:15,7294.0,462565,7294.5,1254,15256,110,15146,461311,0.5
1900-01-01 00:49:30,7295.0,771234,7295.5,33104,90750,330,90420,738130,0.5
1900-01-01 00:49:45,7297.5,172280,7298.0,559814,22454,18400,4054,-387534,0.5
1900-01-01 00:50:00,7298.5,1234398,7299.0,899,35646,290,35356,1233499,0.5
1900-01-01 00:50:15,7304.0,9,7304.5,786249,155882,32795,123087,-786240,0.5
1900-01-01 00:50:30,7302.5,160924,7303.0,252000,26806,15960,10846,-91076,0.5
1900-01-01 00:50:45,7302.5,230885,7303.0,335272,11653,102390,-90737,-104387,0.5
1900-01-01 00:51:00,7302.5,83508,7303.0,622863,2428,31703,-29275,-539355,0.5
1900-01-01 00:51:15,7302.5,39159,7303.0,832949,6402,34006,-27604,-793790,0.5
1900-01-01 00:51:30,7299.5,74499,7300.0,624599,1269,25160,-23891,-550100,0.5
1900-01-01 00:51:45,7299.5,25139,7300.0,648416,56,18856,-18800,-623277,0.5
1900-01-01 00:52:00,7297.5,151170,7298.0,559589,3115,52140,-49025,-408419,0.5
1900-01-01 00:52:15,7297.5,159638,7298.0,537624,25864,11950,13914,-377986,0.5
1900-01-01 00:52:30,7297.5,85077,7298.0,708582,41,9300,-9259,-623505,0.5
1900-01-01 00:52:45,7297.0,60199,7297.5,613658,24588,13424,11164,-553459,0.5
1900-01-01 00:53:00,7293.5,5120,7294.0,482434,30326,170228,-139902,-477314,0.5
1900-01-01 00:53:15,7292.5,438858,7293.0,207757,7805,117650,-109845,231101,0.5
1900-01-01 00:53:30,7292.5,33903,7293.0,675068,5216,25200,-19984,-641165,0.5
1900-01-01 00:53:45,7292.5,27593,7293.0,652795,3359,2031,1328,-625202,0.5
1900-01-01 00:54:00,7292.5,550010,7293.0,64808,35158,1908,33250,485202,0.5
1900-01-01 00:54:15,7292.5,457387,7293.0,482640,3279,15512,-12233,-25253,0.5
1900-01-01 00:54:30,7292.5,890995,7293.0,82634,11163,11200,-37,808361,0.5
1900-01-01 00:54:45,7293.0,2910964,7293.5,6215,14888,47,14841,2904749,0.5
1900-01-01 00:55:00,7297.0,2420304,7297.5,149477,32652,2,32650,2270827,0.5
1900-01-01 00:55:15,7303.0,1927188,7303.5,74294,116297,2674,113623,1852894,0.5
1900-01-01 00:55:30,7306.0,890909,7306.5,1023207,231212,2519,228693,-132298,0.5
1900-01-01 00:55:45,7306.0,666693,7306.5,778711,201118,54664,146454,-112018,0.5
1900-01-01 00:56:00,7306.0,979852,7306.5,911264,5200,50037,-44837,68588,0.5
1900-01-01 00:56:15,7306.0,803007,7306.5,1067237,110,21930,-21820,-264230,0.5
1900-01-01 00:56:30,7306.0,801239,7306.5,1096089,4256,40941,-36685,-294850,0.5
1900-01-01 00:56:45,7306.0,937073,7306.5,1221072,6092,3895,2197,-283999,0.5
1900-01-01 00:57:00,7306.0,815179,7306.5,1278464,6092,22526,-16434,-463285,0.5
1900-01-01 00:57:15,7306.0,742195,7306.5,1103961,49642,199705,-150063,-361766,0.5
1900-01-01 00:57:30,7306.0,694367,7306.5,1089492,10078,44125,-34047,-395125,0.5
1900-01-01 00:57:45,7300.5,3568,7301.0,571961,1072,95471,-94399,-568393,0.5
1900-01-01 00:58:00,7299.0,406101,7299.5,277309,700,35923,-35223,128792,0.5
1900-01-01 00:58:15,7299.0,602193,7299.5,372080,6066,12914,-6848,230113,0.5
1900-01-01 00:58:30,7299.0,676055,7299.5,378935,660,5300,-4640,297120,0.5
1900-01-01 00:58:45,7299.0,100541,7299.5,672002,3066,10376,-7310,-571461,0.5
1900-01-01 00:59:00,7299.0,87781,7299.5,759034,3066,25944,-22878,-671253,0.5
1900-01-01 00:59:15,7295.0,123946,7295.5,539181,3052,138788,-135736,-415235,0.5
1900-01-01 00:59:30,7295.0,5373,7295.5,766009,48,25711,-25663,-760636,0.5
1900-01-01 00:59:45,7293.5,359459,7294.0,319494,450,9795,-9345,39965,0.5
1900-01-01 01:00:00,7293.5,690064,7294.0,254911,3943,1135,2808,435153,0.5
1900-01-01 01:00:15,7293.5,764535,7294.0,172349,28408,13940,14468,592186,0.5
1900-01-01 01:00:30,7299.5,888969,7300.0,59471,73685,13940,59745,829498,0.5
1900-01-01 01:00:45,7302.0,213752,7302.5,733659,62416,10002,52414,-519907,0.5
1900-01-01 01:01:00,7302.0,927074,7302.5,246262,12088,9654,2434,680812,0.5
1900-01-01 01:01:15,7302.0,1354793,7302.5,53036,85432,34680,50752,1301757,0.5
1900-01-01 01:01:30,7303.5,1148311,7304.0,2808,52771,7100,45671,1145503,0.5
1900-01-01 01:01:45,7305.5,1422730,7306.0,10174,44661,420,44241,1412556,0.5
1900-01-01 01:02:00,7310.0,2312193,7310.5,2796,213552,610,212942,2309397,0.5
1900-01-01 01:02:15,7314.0,1423004,7314.5,31124,254164,1298,252866,1391880,0.5
1900-01-01 01:02:30,7314.5,1230904,7315.0,1855563,158700,50796,107904,-624659,0.5
1900-01-01 01:02:45,7316.5,1424166,7317.0,17973,2478909,45172,2433737,1406193,0.5
1900-01-01 01:03:00,7316.5,1361043,7317.0,87165,190544,22000,168544,1273878,0.5
1900-01-01 01:03:15,7318.5,100297,7319.0,350286,239548,39855,199693,-249989,0.5
1900-01-01 01:03:30,7318.5,891603,7319.0,402251,79397,29614,49783,489352,0.5
1900-01-01 01:03:45,7318.5,312592,7319.0,504911,101816,115537,-13721,-192319,0.5
1900-01-01 01:04:00,7318.5,293057,7319.0,767457,8603,50304,-41701,-474400,0.5
1900-01-01 01:04:15,7318.5,272235,7319.0,681091,22654,99627,-76973,-408856,0.5
1900-01-01 01:04:30,7318.5,228371,7319.0,717014,402241,95481,306760,-488643,0.5
1900-01-01 01:04:45,7318.5,11957,7319.0,1425332,120782,220649,-99867,-1413375,0.5
1900-01-01 01:05:00,7316.0,49,7316.5,1476100,33874,251393,-217519,-1476051,0.5
1900-01-01 01:05:15,7314.0,11038,7314.5,1362880,464,39363,-38899,-1351842,0.5
1900-01-01 01:05:30,7312.5,23666,7313.0,1076007,10247,60108,-49861,-1052341,0.5
1900-01-01 01:05:45,7311.5,8208,7312.0,948358,10428,65817,-55389,-940150,0.5
1900-01-01 01:06:00,7311.5,461424,7312.0,888933,14022,30340,-16318,-427509,0.5
1900-01-01 01:06:15,7311.5,1045100,7312.0,213612,21784,98801,-77017,831488,0.5
1900-01-01 01:06:30,7317.5,517775,7318.0,266154,120396,8002,112394,251621,0.5
1900-01-01 01:06:45,7325.0,343871,7325.5,527497,149299,114680,34619,-183626,0.5
1900-01-01 01:07:00,7329.0,1116755,7329.5,83208,411578,108519,303059,1033547,0.5
1900-01-01 01:07:15,7332.0,1433030,7332.5,4407,669545,53018,616527,1428623,0.5
1900-01-01 01:07:30,7338.5,485484,7339.0,692290,365810,65439,300371,-206806,0.5
1900-01-01 01:07:45,7334.0,538635,7334.5,127152,125353,458733,-333380,411483,0.5
1900-01-01 01:08:00,7334.0,346633,7334.5,359123,62696,399908,-337212,-12490,0.5
1900-01-01 01:08:15,7346.5,83833,7347.0,1078909,1051940,246789,805151,-995076,0.5
1900-01-01 01:08:30,7365.0,120516,7369.5,2341,2684804,414740,2270064,118175,4.5
1900-01-01 01:08:45,7354.5,22058,7355.0,258,854268,477665,376603,21800,0.5
1900-01-01 01:09:00,7366.0,9707,7366.5,57366,517149,590117,-72968,-47659,0.5
1900-01-01 01:09:15,7364.0,616908,7364.5,80312,278844,198008,80836,536596,0.5
1900-01-01 01:09:30,7369.5,81191,7370.0,1445331,630506,178272,452234,-1364140,0.5
1900-01-01 01:09:45,7374.5,314799,7375.0,136846,1329649,355787,973862,177953,0.5
1900-01-01 01:10:00,7378.5,262842,7379.0,196044,928129,70222,857907,66798,0.5
1900-01-01 01:10:15,7386.0,103750,7386.5,40393,768706,213003,555703,63357,0.5
1900-01-01 01:10:30,7383.0,588793,7383.5,26181,689923,936009,-246086,562612,0.5
1900-01-01 01:10:45,7390.5,71383,7391.0,38940,495154,497919,-2765,32443,0.5
1900-01-01 01:11:00,7390.0,135958,7390.5,950104,239392,3137037,-2897645,-814146,0.5
1900-01-01 01:11:15,7385.0,848078,7385.5,186798,408172,978464,-570292,661280,0.5
1900-01-01 01:11:30,7384.5,39456,7385.0,297772,91574,415155,-323581,-258316,0.5
1900-01-01 01:11:45,7385.5,26417,7386.0,12042,129262,128432,830,14375,0.5
1900-01-01 01:12:00,7395.5,16895,7396.5,1600,171912,2437923,-2266011,15295,1.0
1900-01-01 01:12:15,7395.0,152273,7395.5,557250,397027,1602792,-1205765,-404977,0.5
1900-01-01 01:12:30,7398.5,641705,7399.0,220606,1237114,500974,736140,421099,0.5
1900-01-01 01:12:45,7399.5,1157298,7400.0,391337,1611249,241760,1369489,765961,0.5
1900-01-01 01:13:00,7395.5,231177,7396.0,237202,243249,143913,99336,-6025,0.5
1900-01-01 01:13:15,7395.0,525070,7395.5,563195,40399,1542557,-1502158,-38125,0.5
1900-01-01 01:13:30,7398.0,261378,7398.5,331162,212885,1368347,-1155462,-69784,0.5
1900-01-01 01:13:45,7398.5,1023529,7399.0,13581,142524,935773,-793249,1009948,0.5
1900-01-01 01:14:00,7418.5,16403,7419.0,36000,1828849,274374,1554475,-19597,0.5
1900-01-01 01:14:15,7421.5,4535,7428.5,164914,4469844,1143681,3326163,-160379,7.0
1900-01-01 01:14:30,7429.5,309965,7430.0,120211,495185,577029,-81844,189754,0.5
1900-01-01 01:14:45,7440.0,313330,7440.5,210693,361973,2328289,-1966316,102637,0.5
1900-01-01 01:15:00,7449.5,198023,7450.0,718470,1551241,259114,1292127,-520447,0.5
1900-01-01 01:15:15,7448.5,127273,7449.0,270080,398009,340375,57634,-142807,0.5
1900-01-01 01:15:30,7446.0,503941,7446.5,51731,1377039,746199,630840,452210,0.5
1900-01-01 01:15:45,7455.0,999794,7455.5,133646,813780,178558,635222,866148,0.5
1900-01-01 01:16:00,7461.5,651663,7462.0,2231,950809,132145,818664,649432,0.5
1900-01-01 01:16:15,7459.0,21935,7459.5,209508,636645,924222,-287577,-187573,0.5
1900-01-01 01:16:30,7455.0,36484,7456.5,39956,422900,1568310,-1145410,-3472,1.5
1900-01-01 01:16:45,7440.0,366221,7440.5,62933,196914,1795386,-1598472,303288,0.5
1900-01-01 01:17:00,7428.0,39312,7428.5,115635,58425,1577654,-1519229,-76323,0.5
1900-01-01 01:17:15,7436.0,58500,7436.5,10376,407149,1197187,-790038,48124,0.5
1900-01-01 01:17:30,7444.0,33943,7444.5,16000,448495,742555,-294060,17943,0.5
1900-01-01 01:17:45,7454.5,283184,7455.0,430912,648230,198574,449656,-147728,0.5
1900-01-01 01:18:00,7473.5,867418,7474.0,1316597,763502,372717,390785,-449179,0.5
1900-01-01 01:18:15,7496.0,29472,7499.0,951642,4652108,355778,4296330,-922170,3.0
1900-01-01 01:18:30,7511.5,34539,7514.0,74332,4911777,439847,4471930,-39793,2.5
1900-01-01 01:18:45,7512.5,34678,7513.0,76770,4544738,836626,3708112,-42092,0.5
1900-01-01 01:19:00,7499.0,13839,7499.5,11454,1228019,1503383,-275364,2385,0.5
1900-01-01 01:19:15,7489.5,1199281,7490.0,8029,3033449,984285,2049164,1191252,0.5
1900-01-01 01:19:30,7493.5,33862,7494.0,295634,973315,1109358,-136043,-261772,0.5
1900-01-01 01:19:45,7508.0,81899,7508.5,16739,1218701,624898,593803,65160,0.5
1900-01-01 01:20:00,7521.0,4521,7521.5,20000,1225141,460688,764453,-15479,0.5
1900-01-01 01:20:15,7554.5,3832,7555.5,3000,5748759,620413,5128346,832,1.0
1900-01-01 01:20:30,7550.0,46188,7550.5,10000,1131258,1187672,-56414,36188,0.5
1900-01-01 01:20:45,7550.0,147349,7550.5,259,428338,3807298,-3378960,147090,0.5
1900-01-01 01:21:00,7547.0,16390,7547.5,19577,333062,1232016,-898954,-3187,0.5
1900-01-01 01:21:15,7555.5,147375,7560.0,172048,1723936,582709,1141227,-24673,4.5
1900-01-01 01:21:30,7569.5,600,7571.0,79034,1120685,343770,776915,-78434,1.5
1900-01-01 01:21:45,7578.0,10000,7578.5,2000,1791236,482533,1308703,8000,0.5
1900-01-01 01:22:00,7572.0,315631,7572.5,231465,1241692,929043,312649,84166,0.5
1900-01-01 01:22:15,7559.5,173565,7560.0,81576,481145,1285573,-804428,91989,0.5
1900-01-01 01:22:30,7553.0,185009,7553.5,124813,673340,1117653,-444313,60196,0.5
1900-01-01 01:22:45,7549.5,180173,7550.0,48151,1067134,786205,280929,132022,0.5
1900-01-01 01:23:00,7559.5,428157,7560.0,46881,469470,404927,64543,381276,0.5
1900-01-01 01:23:15,7572.5,109361,7573.0,216035,2118398,314131,1804267,-106674,0.5
1900-01-01 01:23:30,7560.5,235150,7561.0,364956,751224,541816,209408,-129806,0.5
1900-01-01 01:23:45,7550.5,446591,7551.0,112313,550632,1061223,-510591,334278,0.5
1900-01-01 01:24:00,7550.0,416884,7550.5,85825,236663,573230,-336567,331059,0.5
1900-01-01 01:24:15,7540.5,2546,7541.0,312021,245226,1690469,-1445243,-309475,0.5
1900-01-01 01:24:30,7530.0,118623,7530.5,278547,93172,2802739,-2709567,-159924,0.5
1900-01-01 01:24:45,7520.0,57563,7520.5,19573,451544,1601441,-1149897,37990,0.5
1900-01-01 01:25:00,7520.0,111714,7520.5,39330,497711,3569113,-3071402,72384,0.5
1900-01-01 01:25:15,7528.0,483953,7528.5,168355,604199,1385231,-781032,315598,0.5
1900-01-01 01:25:30,7536.5,112940,7537.5,36084,935360,612336,323024,76856,1.0
1900-01-01 01:25:45,7536.0,241310,7536.5,164748,443462,247824,195638,76562,0.5
1900-01-01 01:26:00,7531.0,24988,7531.5,372759,242038,548830,-306792,-347771,0.5
1900-01-01 01:26:15,7533.5,149800,7534.0,58,687940,622816,65124,149742,0.5
1900-01-01 01:26:30,7542.5,156868,7543.0,392732,419284,574509,-155225,-235864,0.5
1900-01-01 01:26:45,7528.5,624298,7529.0,99654,303267,275619,27648,524644,0.5
1900-01-01 01:27:00,7530.5,4129,7531.0,84393,222954,403386,-180432,-80264,0.5
1900-01-01 01:27:15,7557.0,221171,7557.5,683,245558,460070,-214512,220488,0.5
1900-01-01 01:27:30,7548.5,12304,7549.0,117213,459147,764417,-305270,-104909,0.5
1900-01-01 01:27:45,7555.0,86172,7555.5,83860,330293,614902,-284609,2312,0.5
1900-01-01 01:28:00,7554.0,1473,7554.5,239850,561635,425967,135668,-238377,0.5
1900-01-01 01:28:15,7545.5,811164,7546.0,352484,248774,498953,-250179,458680,0.5
1900-01-01 01:28:30,7553.5,227403,7554.0,147363,765802,310443,455359,80040,0.5
1900-01-01 01:28:45,7550.0,93037,7550.5,8000,500312,413616,86696,85037,0.5
1900-01-01 01:29:00,7546.0,339295,7546.5,127351,563178,291528,271650,211944,0.5
1900-01-01 01:29:15,7549.5,43000,7550.0,16027,982599,226358,756241,26973,0.5
1900-01-01 01:29:30,7563.0,146332,7563.5,265877,1295170,142847,1152323,-119545,0.5
1900-01-01 01:29:45,7569.5,1863187,7570.0,23422,833154,502613,330541,1839765,0.5
1900-01-01 01:30:00,7577.0,108265,7577.5,17525,3835691,40444,3795247,90740,0.5
1900-01-01 01:30:15,7592.0,6218,7598.0,460808,3522850,382612,3140238,-454590,6.0
1900-01-01 01:30:30,7599.5,58504,7600.0,215927,2764815,829099,1935716,-157423,0.5
1900-01-01 01:30:45,7615.5,83066,7616.0,36152,4724577,238792,4485785,46914,0.5
1900-01-01 01:31:00,7600.0,514018,7600.5,14193,2106162,1096293,1009869,499825,0.5
1900-01-01 01:31:15,7588.0,29153,7588.5,482791,486437,1445203,-958766,-453638,0.5
1900-01-01 01:31:30,7589.0,27998,7589.5,3796,396756,795922,-399166,24202,0.5
1900-01-01 01:31:45,7602.0,79201,7602.5,307635,1586034,439088,1146946,-228434,0.5
1900-01-01 01:32:00,7600.5,72230,7601.0,216122,660022,603224,56798,-143892,0.5
1900-01-01 01:32:15,7608.5,14608,7609.0,58021,1031745,540792,490953,-43413,0.5
1900-01-01 01:32:30,7614.0,253435,7614.5,323958,1706586,306366,1400220,-70523,0.5
1900-01-01 01:32:45,7625.0,1236066,7625.5,234486,2194878,358125,1836753,1001580,0.5
1900-01-01 01:33:00,7629.5,88802,7630.0,465290,1658748,1955046,-296298,-376488,0.5
1900-01-01 01:33:15,7637.0,75234,7638.5,5906,961631,928391,33240,69328,1.5
1900-01-01 01:33:30,7640.5,86251,7641.0,70519,1522868,1163610,359258,15732,0.5
1900-01-01 01:33:45,7640.0,115901,7640.5,89245,802911,1706961,-904050,26656,0.5
1900-01-01 01:34:00,7617.0,6850,7617.5,74775,185124,1081893,-896769,-67925,0.5
1900-01-01 01:34:15,7610.0,1010,7612.0,84400,654041,1134704,-480663,-83390,2.0
1900-01-01 01:34:30,7585.0,56574,7585.5,154581,330528,2507068,-2176540,-98007,0.5
1900-01-01 01:34:45,7600.0,205823,7600.5,10528,807412,6030366,-5222954,195295,0.5
1900-01-01 01:35:00,7620.5,159820,7621.0,164179,955319,378208,577111,-4359,0.5
1900-01-01 01:35:15,7623.0,9545,7623.5,339496,1215162,685162,530000,-329951,0.5
1900-01-01 01:35:30,7622.5,18998,7623.0,109251,581307,601085,-19778,-90253,0.5
1900-01-01 01:35:45,7623.5,12817,7624.0,244824,733347,269498,463849,-232007,0.5
1900-01-01 01:36:00,7623.5,276968,7624.0,490717,407596,719029,-311433,-213749,0.5
1900-01-01 01:36:15,7629.0,338223,7629.5,43787,828976,279966,549010,294436,0.5
1900-01-01 01:36:30,7643.0,214099,7643.5,54615,435489,185598,249891,159484,0.5
1900-01-01 01:36:45,7633.0,69570,7637.0,1198084,631970,500123,131847,-1128514,4.0
1900-01-01 01:37:00,7621.0,41570,7621.5,921557,467053,922456,-455403,-879987,0.5
1900-01-01 01:37:15,7610.5,466321,7611.0,71798,334312,1086527,-752215,394523,0.5
1900-01-01 01:37:30,7582.0,127491,7593.5,30037,156179,1478533,-1322354,97454,11.5
1900-01-01 01:37:45,7597.5,6000,7598.0,22148,467572,1094620,-627048,-16148,0.5
1900-01-01 01:38:00,7599.5,765092,7600.0,15009,407140,374204,32936,750083,0.5
1900-01-01 01:38:15,7598.0,2170,7598.5,434738,181800,291364,-109564,-432568,0.5
1900-01-01 01:38:30,7591.0,227649,7591.5,88321,138953,713975,-575022,139328,0.5
1900-01-01 01:38:45,7576.5,86087,7577.0,11596,150580,787891,-637311,74491,0.5
1900-01-01 01:39:00,7577.5,284452,7578.0,19800,284360,1497291,-1212931,264652,0.5
1900-01-01 01:39:15,7565.0,274514,7565.5,283775,306799,3831618,-3524819,-9261,0.5
1900-01-01 01:39:30,7571.0,9749,7571.5,16062,1034836,1101243,-66407,-6313,0.5
1900-01-01 01:39:45,7578.5,235648,7579.0,32949,531784,336075,195709,202699,0.5
1900-01-01 01:40:00,7587.5,2196769,7588.0,38511,909954,502392,407562,2158258,0.5
1900-01-01 01:40:15,7590.0,154169,7590.5,5391,1431664,596375,835289,148778,0.5
1900-01-01 01:40:30,7581.5,17215,7582.0,54000,523344,673162,-149818,-36785,0.5
1900-01-01 01:40:45,7580.0,297071,7580.5,461853,195532,239308,-43776,-164782,0.5
1900-01-01 01:41:00,7570.5,456203,7571.0,247905,625356,429364,195992,208298,0.5
1900-01-01 01:41:15,7587.0,45947,7587.5,16493,1030025,121196,908829,29454,0.5
1900-01-01 01:41:30,7588.5,145976,7589.0,64938,478007,290810,187197,81038,0.5
1900-01-01 01:41:45,7596.0,50026,7596.5,349480,170594,201649,-31055,-299454,0.5
1900-01-01 01:42:00,7585.0,1328879,7585.5,82979,77216,467555,-390339,1245900,0.5
1900-01-01 01:42:15,7579.5,61318,7580.0,294706,135688,1544640,-1408952,-233388,0.5
1900-01-01 01:42:30,7587.5,703874,7588.0,101331,285372,111899,173473,602543,0.5
1900-01-01 01:42:45,7573.5,1152964,7574.0,75000,65859,611731,-545872,1077964,0.5
1900-01-01 01:43:00,7583.5,67126,7584.0,447027,350064,64732,285332,-379901,0.5
1900-01-01 01:43:15,7580.0,102981,7580.5,631496,100430,504811,-404381,-528515,0.5
1900-01-01 01:43:30,7580.0,261691,7580.5,308156,242803,309862,-67059,-46465,0.5
1900-01-01 01:43:45,7575.5,6633,7576.5,4386,82667,1255833,-1173166,2247,1.0
1900-01-01 01:44:00,7571.5,16440,7572.0,8025,193743,952635,-758892,8415,0.5
1900-01-01 01:44:15,7569.5,20,7570.0,152452,509724,1386362,-876638,-152432,0.5
1900-01-01 01:44:30,7579.5,165240,7580.0,149255,335789,302903,32886,15985,0.5
1900-01-01 01:44:45,7566.5,812299,7567.0,29841,137333,1064060,-926727,782458,0.5
1900-01-01 01:45:00,7566.5,436442,7567.0,211674,414946,118019,296927,224768,0.5
1900-01-01 01:45:15,7561.0,18770,7561.5,87228,92217,488747,-396530,-68458,0.5
1900-01-01 01:45:30,7555.0,90434,7555.5,134550,52529,328822,-276293,-44116,0.5
1900-01-01 01:45:45,7558.5,176257,7559.0,41534,1407997,608679,799318,134723,0.5
1900-01-01 01:46:00,7572.5,11172,7573.0,903788,762580,476758,285822,-892616,0.5
1900-01-01 01:46:15,7567.5,15706,7568.0,648422,50342,1540788,-1490446,-632716,0.5
1900-01-01 01:46:30,7579.5,1348446,7580.0,204607,523074,77335,445739,1143839,0.5
1900-01-01 01:46:45,7579.5,150919,7580.0,495693,501225,373447,127778,-344774,0.5
1900-01-01 01:47:00,7590.0,679315,7590.5,16412,399653,156363,243290,662903,0.5
1900-01-01 01:47:15,7589.5,1047468,7590.0,5455,317441,246137,71304,1042013,0.5
1900-01-01 01:47:30,7602.0,105512,7602.5,460480,946215,466096,480119,-354968,0.5
1900-01-01 01:47:45,7599.5,348809,7600.0,1497219,1069802,751849,317953,-1148410,0.5
1900-01-01 01:48:00,7614.0,78000,7615.0,1435055,894455,601263,293192,-1357055,1.0
1900-01-01 01:48:15,7606.0,101960,7606.5,33858,1063560,941585,121975,68102,0.5
1900-01-01 01:48:30,7602.0,368138,7602.5,2321,352966,538096,-185130,365817,0.5
1900-01-01 01:48:45,7602.5,129046,7603.0,116131,203445,288586,-85141,12915,0.5
1900-01-01 01:49:00,7609.5,219571,7610.0,411285,796812,203196,593616,-191714,0.5
1900-01-01 01:49:15,7605.0,616960,7605.5,125500,132517,295610,-163093,491460,0.5
1900-01-01 01:49:30,7596.5,121444,7597.0,405183,86970,745204,-658234,-283739,0.5
1900-01-01 01:49:45,7597.5,666471,7598.0,488913,253168,285894,-32726,177558,0.5
1900-01-01 01:50:00,7604.5,307754,7605.0,390240,631040,133858,497182,-82486,0.5
1900-01-01 01:50:15,7608.5,572939,7609.0,123625,127186,149332,-22146,449314,0.5
1900-01-01 01:50:30,7612.0,145590,7612.5,59153,455619,83442,372177,86437,0.5
1900-01-01 01:50:45,7621.5,290164,7622.0,13573,2303750,39174,2264576,276591,0.5
1900-01-01 01:51:00,7624.0,294374,7626.0,16000,1399488,319942,1079546,278374,2.0
1900-01-01 01:51:15,7636.0,43405,7636.5,26362,873778,133233,740545,17043,0.5
1900-01-01 01:51:30,7624.0,124173,7624.5,471270,161221,749530,-588309,-347097,0.5
1900-01-01 01:51:45,7599.5,275236,7600.0,2464543,1932238,907364,1024874,-2189307,0.5
1900-01-01 01:52:00,7590.5,19806,7591.0,47000,3452180,849410,2602770,-27194,0.5
1900-01-01 01:52:15,7594.5,971939,7595.0,7678,136127,633771,-497644,964261,0.5
1900-01-01 01:52:30,7594.5,99845,7595.0,580418,940965,147745,793220,-480573,0.5
1900-01-01 01:52:45,7597.5,596113,7598.0,65725,723647,114550,609097,530388,0.5
1900-01-01 01:53:00,7590.0,136267,7590.5,505660,140996,221865,-80869,-369393,0.5
1900-01-01 01:53:15,7588.5,58719,7589.0,761466,95416,225807,-130391,-702747,0.5
1900-01-01 01:53:30,7588.5,232038,7589.0,354614,309713,439280,-129567,-122576,0.5
1900-01-01 01:53:45,7584.5,641150,7585.0,203209,210726,205882,4844,437941,0.5
1900-01-01 01:54:00,7586.0,365618,7586.5,297947,383811,45634,338177,67671,0.5
1900-01-01 01:54:15,7589.0,382324,7589.5,24026,98432,51068,47364,358298,0.5
1900-01-01 01:54:30,7593.0,309008,7593.5,126996,175525,90376,85149,182012,0.5
1900-01-01 01:54:45,7591.0,8058,7591.5,463851,174174,262134,-87960,-455793,0.5
1900-01-01 01:55:00,7599.0,216371,7599.5,31444,356553,256906,99647,184927,0.5
1900-01-01 01:55:15,7600.5,327873,7601.0,5082,1954369,94641,1859728,322791,0.5
1900-01-01 01:55:30,7605.5,46760,7606.0,149162,738206,75367,662839,-102402,0.5
1900-01-01 01:55:45,7597.5,40,7598.0,27902,397103,360712,36391,-27862,0.5
1900-01-01 01:56:00,7591.0,407699,7591.5,7940,57618,253348,-195730,399759,0.5
1900-01-01 01:56:15,7586.0,18259,7586.5,442067,43230,156731,-113501,-423808,0.5
1900-01-01 01:56:30,7590.0,790570,7590.5,6925,295514,2994436,-2698922,783645,0.5
1900-01-01 01:56:45,7593.5,432845,7594.0,224487,158226,126132,32094,208358,0.5
1900-01-01 01:57:00,7599.5,52086,7600.0,117369,329749,66482,263267,-65283,0.5
1900-01-01 01:57:15,7589.5,363846,7590.0,165,576200,903160,-326960,363681,0.5
1900-01-01 01:57:30,7597.0,267792,7597.5,212766,227470,38205,189265,55026,0.5
1900-01-01 01:57:45,7593.5,540206,7594.0,5847,311873,416975,-105102,534359,0.5
1900-01-01 01:58:00,7600.0,356195,7600.5,23339,172518,29164,143354,332856,0.5
1900-01-01 01:58:15,7604.5,214300,7605.0,37883,160817,79321,81496,176417,0.5
1900-01-01 01:58:30,7612.0,180178,7612.5,110564,368475,58227,310248,69614,0.5
1900-01-01 01:58:45,7603.5,345564,7604.0,122009,239594,272912,-33318,223555,0.5
1900-01-01 01:59:00,7610.5,309665,7611.0,19043,203042,63012,140030,290622,0.5
1900-01-01 01:59:15,7607.0,485232,7607.5,225131,27485,236129,-208644,260101,0.5
1900-01-01 01:59:30,7604.0,557209,7604.5,341259,420559,261348,159211,215950,0.5
1900-01-01 01:59:45,7604.5,339943,7605.0,104273,113256,34844,78412,235670,0.5
1900-01-01 02:00:00,7604.5,921594,7605.0,25409,44663,339559,-294896,896185,0.5
1900-01-01 02:00:15,7623.5,14877,7624.0,36000,1280592,173942,1106650,-21123,0.5
1900-01-01 02:00:30,7624.5,10000,7630.0,41845,1684689,1020541,664148,-31845,5.5
1900-01-01 02:00:45,7629.5,199885,7630.0,42446,730539,80014,650525,157439,0.5
1900-01-01 02:01:00,7626.5,302053,7627.0,10000,423377,587425,-164048,292053,0.5
1900-01-01 02:01:15,7634.5,308077,7635.0,250935,1061316,203022,858294,57142,0.5
1900-01-01 02:01:30,7630.5,552042,7631.0,80972,214029,239510,-25481,471070,0.5
1900-01-01 02:01:45,7627.5,361987,7628.0,14071,645740,700894,-55154,347916,0.5
1900-01-01 02:02:00,7633.0,324671,7633.5,132764,704774,353404,351370,191907,0.5
1900-01-01 02:02:15,7622.5,897,7623.0,180101,86652,767744,-681092,-179204,0.5
1900-01-01 02:02:30,7612.5,298128,7613.0,163057,109929,713694,-603765,135071,0.5
1900-01-01 02:02:45,7620.0,678128,7620.5,213194,396096,118555,277541,464934,0.5
1900-01-01 02:03:00,7616.0,375111,7616.5,226727,312957,98890,214067,148384,0.5
1900-01-01 02:03:15,7618.0,469885,7618.5,158325,118275,85266,33009,311560,0.5
1900-01-01 02:03:30,7620.0,627710,7620.5,24205,157400,265171,-107771,603505,0.5
1900-01-01 02:03:45,7622.0,575571,7622.5,306749,188752,169834,18918,268822,0.5
1900-01-01 02:04:00,7625.5,461525,7626.0,11216,201327,117050,84277,450309,0.5
1900-01-01 02:04:15,7627.5,165017,7628.0,347802,64909,28521,36388,-182785,0.5
1900-01-01 02:04:30,7629.5,480596,7630.0,127824,286898,84862,202036,352772,0.5
1900-01-01 02:04:45,7638.5,56820,7639.0,156819,1151696,128690,1023006,-99999,0.5
1900-01-01 02:05:00,7644.5,374272,7645.0,8,2843297,48626,2794671,374264,0.5
1900-01-01 02:05:15,7653.5,501140,7654.0,813207,5769753,206602,5563151,-312067,0.5
1900-01-01 02:05:30,7677.0,8000,7677.5,165005,7984450,292044,7692406,-157005,0.5
1900-01-01 02:05:45,7730.0,2375,7765.5,19450,6842136,391944,6450192,-17075,35.5
1900-01-01 02:06:00,7753.5,1805949,7754.0,22016,3482386,1563808,1918578,1783933,0.5
1900-01-01 02:06:15,7729.0,9539,7730.0,48000,3040423,3244839,-204416,-38461,1.0
1900-01-01 02:06:30,7759.5,9679,7760.0,17963,1281378,1964171,-682793,-8284,0.5
1900-01-01 02:06:45,7763.5,200000,7764.0,10600,1930464,947374,983090,189400,0.5
1900-01-01 02:07:00,7771.0,41525,7771.5,101210,4038452,2625340,1413112,-59685,0.5
1900-01-01 02:07:15,7783.5,51159,7784.0,70136,3213657,517082,2696575,-18977,0.5
1900-01-01 02:07:30,7765.5,4093,7767.0,9439,640145,932255,-292110,-5346,1.5
1900-01-01 02:07:45,7760.5,64531,7763.5,6000,898567,727211,171356,58531,3.0
1900-01-01 02:08:00,7749.0,500490,7749.5,788553,345280,1143443,-798163,-288063,0.5
1900-01-01 02:08:15,7734.5,5000,7736.0,4200,552096,2221462,-1669366,800,1.5
1900-01-01 02:08:30,7743.0,89381,7743.5,6513,956269,1380225,-423956,82868,0.5
1900-01-01 02:08:45,7749.5,218259,7750.5,146,1375070,382691,992379,218113,1.0
1900-01-01 02:09:00,7753.0,53990,7753.5,43237,637868,704041,-66173,10753,0.5
1900-01-01 02:09:15,7760.0,51205,7760.5,71044,416063,990699,-574636,-19839,0.5
1900-01-01 02:09:30,7769.5,48992,7770.0,130236,1297722,289501,1008221,-81244,0.5
1900-01-01 02:09:45,7770.0,747014,7770.5,50,791920,684035,107885,746964,0.5
1900-01-01 02:10:00,7780.0,199681,7780.5,1000,1486514,105202,1381312,198681,0.5
1900-01-01 02:10:15,7786.5,46646,7787.0,16968,3906759,549256,3357503,29678,0.5
1900-01-01 02:10:30,7789.0,253134,7789.5,26130,1736435,4355780,-2619345,227004,0.5
1900-01-01 02:10:45,7790.5,20602,7791.0,186655,851664,395993,455671,-166053,0.5
1900-01-01 02:11:00,7771.0,2009,7771.5,32865,451149,1785090,-1333941,-30856,0.5
1900-01-01 02:11:15,7760.0,161973,7760.5,81735,206525,1086275,-879750,80238,0.5
1900-01-01 02:11:30,7751.0,264398,7751.5,86931,98384,1682591,-1584207,177467,0.5
1900-01-01 02:11:45,7767.0,181977,7767.5,757867,710192,500918,209274,-575890,0.5
1900-01-01 02:12:00,7757.5,4987,7758.0,29200,846400,914973,-68573,-24213,0.5
1900-01-01 02:12:15,7745.5,396824,7746.0,15853,133048,774961,-641913,380971,0.5
1900-01-01 02:12:30,7748.5,24072,7749.0,32245,404435,429030,-24595,-8173,0.5
1900-01-01 02:12:45,7735.5,370468,7736.0,471030,113757,694417,-580660,-100562,0.5
1900-01-01 02:13:00,7744.0,518,7757.5,3008,3534847,351394,3183453,-2490,13.5
1900-01-01 02:13:15,7768.0,11319,7768.5,4200,853089,273852,579237,7119,0.5
1900-01-01 02:13:30,7763.0,15751,7763.5,63725,504322,262488,241834,-47974,0.5
1900-01-01 02:13:45,7771.0,237521,7771.5,105226,607840,608483,-643,132295,0.5
1900-01-01 02:14:00,7782.5,6310,7783.0,8000,1199882,409610,790272,-1690,0.5
1900-01-01 02:14:15,7817.0,3062,7818.0,50543,2767537,530487,2237050,-47481,1.0
1900-01-01 02:14:30,7835.5,1663557,7836.0,26700,2787520,1568629,1218891,1636857,0.5
1900-01-01 02:14:45,7827.0,584467,7827.5,33762,3087931,2914623,173308,550705,0.5
1900-01-01 02:15:00,7830.5,276697,7831.0,149720,848542,359377,489165,126977,0.5
1900-01-01 02:15:15,7834.0,30000,7834.5,1103219,1861603,357422,1504181,-1073219,0.5
1900-01-01 02:15:30,7808.0,22808,7808.5,434108,141937,933065,-791128,-411300,0.5
1900-01-01 02:15:45,7800.0,269978,7803.0,854857,740026,1162569,-422543,-584879,3.0
1900-01-01 02:16:00,7780.0,623515,7780.5,147485,549223,1186045,-636822,476030,0.5
1900-01-01 02:16:15,7798.0,115868,7798.5,795044,892805,996239,-103434,-679176,0.5
1900-01-01 02:16:30,7785.0,59560,7785.5,286,671558,1056143,-384585,59274,0.5
1900-01-01 02:16:45,7782.0,30370,7782.5,919405,646655,455378,191277,-889035,0.5
1900-01-01 02:17:00,7787.5,12806,7788.0,575924,297568,916984,-619416,-563118,0.5
1900-01-01 02:17:15,7777.0,367814,7777.5,231712,228433,1320283,-1091850,136102,0.5
1900-01-01 02:17:30,7772.0,256714,7772.5,305304,327235,465899,-138664,-48590,0.5
1900-01-01 02:17:45,7768.0,241403,7768.5,538887,70508,2343043,-2272535,-297484,0.5
1900-01-01 02:18:00,7771.0,169650,7771.5,26566,133786,1042086,-908300,143084,0.5
1900-01-01 02:18:15,7789.0,56676,7790.0,2950,758827,284102,474725,53726,1.0
1900-01-01 02:18:30,7800.0,61157,7800.5,10000,2242587,502016,1740571,51157,0.5
1900-01-01 02:18:45,7790.5,560784,7791.0,177299,631063,589311,41752,383485,0.5
1900-01-01 02:19:00,7781.0,47743,7781.5,387156,441850,162935,278915,-339413,0.5
1900-01-01 02:19:15,7781.0,503554,7781.5,9599,112840,172233,-59393,493955,0.5
1900-01-01 02:19:30,7777.0,338894,7777.5,112819,337620,675715,-338095,226075,0.5
1900-01-01 02:19:45,7775.0,68794,7775.5,312662,11892,529878,-517986,-243868,0.5
1900-01-01 02:20:00,7770.0,735422,7770.5,254290,218732,168601,50131,481132,0.5
1900-01-01 02:20:15,7763.0,115091,7763.5,430904,489327,510823,-21496,-315813,0.5
1900-01-01 02:20:30,7779.5,161651,7780.0,585035,1109850,211266,898584,-423384,0.5
1900-01-01 02:20:45,7773.0,220205,7773.5,162568,687185,155205,531980,57637,0.5
1900-01-01 02:21:00,7770.0,480278,7770.5,106398,55703,254087,-198384,373880,0.5
1900-01-01 02:21:15,7779.5,261379,7780.0,475613,534006,105001,429005,-214234,0.5
1900-01-01 02:21:30,7786.5,144892,7787.0,59764,484220,99455,384765,85128,0.5
1900-01-01 02:21:45,7787.0,903762,7787.5,11403,603083,118071,485012,892359,0.5
1900-01-01 02:22:00,7790.0,1721,7790.5,661425,205135,183374,21761,-659704,0.5
1900-01-01 02:22:15,7777.0,45677,7777.5,405745,133258,317867,-184609,-360068,0.5
1900-01-01 02:22:30,7778.5,129126,7779.0,23248,53062,267426,-214364,105878,0.5
1900-01-01 02:22:45,7776.0,144374,7776.5,513125,201548,406957,-205409,-368751,0.5
1900-01-01 02:23:00,7775.5,6351,7776.0,560754,17060,211782,-194722,-554403,0.5
1900-01-01 02:23:15,7769.0,172931,7769.5,495597,98914,767197,-668283,-322666,0.5
1900-01-01 02:23:30,7776.5,65007,7777.0,448924,157507,106131,51376,-383917,0.5
1900-01-01 02:23:45,7773.0,1896,7773.5,57241,94102,110416,-16314,-55345,0.5
1900-01-01 02:24:00,7764.0,10232,7764.5,436367,21840,854111,-832271,-426135,0.5
1900-01-01 02:24:15,7760.0,59857,7760.5,447165,222924,917134,-694210,-387308,0.5
1900-01-01 02:24:30,7756.0,98127,7756.5,577554,155993,156513,-520,-479427,0.5
1900-01-01 02:24:45,7750.0,773687,7750.5,469985,80756,1118917,-1038161,303702,0.5
1900-01-01 02:25:00,7747.5,60931,7748.5,2710,186398,1814131,-1627733,58221,1.0
1900-01-01 02:25:15,7756.5,483869,7757.0,290229,382393,241886,140507,193640,0.5
1900-01-01 02:25:30,7762.0,642334,7762.5,309400,639498,74538,564960,332934,0.5
1900-01-01 02:25:45,7780.5,289848,7781.0,277785,720636,116378,604258,12063,0.5
1900-01-01 02:26:00,7760.0,8394,7760.5,49800,135056,996450,-861394,-41406,0.5
1900-01-01 02:26:15,7766.0,212771,7766.5,205587,434819,350761,84058,7184,0.5
1900-01-01 02:26:30,7763.0,475594,7763.5,100139,527277,119825,407452,375455,0.5
1900-01-01 02:26:45,7770.0,139094,7770.5,678472,87304,21289,66015,-539378,0.5
1900-01-01 02:27:00,7771.0,448594,7771.5,91612,280372,482805,-202433,356982,0.5
1900-01-01 02:27:15,7770.5,19919,7771.0,732377,45518,83677,-38159,-712458,0.5
1900-01-01 02:27:30,7767.0,13288,7767.5,659261,115786,95189,20597,-645973,0.5
1900-01-01 02:27:45,7762.5,735,7763.0,657356,14328,820372,-806044,-656621,0.5
1900-01-01 02:28:00,7755.0,1114202,7755.5,15192,110769,578696,-467927,1099010,0.5
1900-01-01 02:28:15,7761.5,29724,7762.0,244958,464773,240502,224271,-215234,0.5
1900-01-01 02:28:30,7765.0,137141,7765.5,444757,78616,61949,16667,-307616,0.5
1900-01-01 02:28:45,7764.5,293538,7765.0,283297,131828,129040,2788,10241,0.5
1900-01-01 02:29:00,7758.0,655803,7758.5,38817,75346,75830,-484,616986,0.5
1900-01-01 02:29:15,7763.5,50,7764.0,24432,344088,94142,249946,-24382,0.5
1900-01-01 02:29:30,7761.5,1165475,7762.0,545839,88711,772021,-683310,619636,0.5
1900-01-01 02:29:45,7765.0,578743,7765.5,3552473,1674654,185896,1488758,-2973730,0.5
1900-01-01 02:30:00,7779.5,1312050,7780.0,93788,486807,126102,360705,1218262,0.5
1900-01-01 02:30:15,7789.0,262724,7789.5,243206,730686,102478,628208,19518,0.5
1900-01-01 02:30:30,7785.0,219228,7785.5,538001,528626,195624,333002,-318773,0.5
1900-01-01 02:30:45,7796.5,513221,7797.0,231646,681533,136292,545241,281575,0.5
1900-01-01 02:31:00,7787.0,14337,7787.5,227082,663027,266012,397015,-212745,0.5
1900-01-01 02:31:15,7798.5,34000,7799.0,17406,655497,311341,344156,16594,0.5
1900-01-01 02:31:30,7811.5,105726,7812.0,344641,2419873,19212,2400661,-238915,0.5
1900-01-01 02:31:45,7801.0,14110,7803.5,2000,513906,569115,-55209,12110,2.5
1900-01-01 02:32:00,7790.5,506823,7791.0,189169,160879,1154623,-993744,317654,0.5
1900-01-01 02:32:15,7794.5,23744,7795.0,241174,547874,534858,13016,-217430,0.5
1900-01-01 02:32:30,7796.0,170560,7796.5,196479,552305,354099,198206,-25919,0.5
1900-01-01 02:32:45,7804.0,65000,7804.5,183069,261898,81453,180445,-118069,0.5
1900-01-01 02:33:00,7796.0,82124,7796.5,305503,658408,595568,62840,-223379,0.5
1900-01-01 02:33:15,7799.5,3720,7800.5,615839,70026,82203,-12177,-612119,1.0
1900-01-01 02:33:30,7788.0,3059,7788.5,722007,132824,386672,-253848,-718948,0.5
1900-01-01 02:33:45,7777.5,239079,7778.5,1685,104094,499982,-395888,237394,1.0
1900-01-01 02:34:00,7773.0,58,7773.5,216220,156080,688992,-532912,-216162,0.5
1900-01-01 02:34:15,7760.0,306023,7760.5,115403,30066,550636,-520570,190620,0.5
1900-01-01 02:34:30,7764.0,80350,7764.5,37003,389400,506801,-117401,43347,0.5
1900-01-01 02:34:45,7758.0,399056,7758.5,384602,104168,212060,-107892,14454,0.5
1900-01-01 02:35:00,7756.5,167735,7757.0,57239,484710,805364,-320654,110496,0.5
1900-01-01 02:35:15,7760.0,450011,7760.5,154859,808843,319567,489276,295152,0.5
1900-01-01 02:35:30,7773.0,169236,7773.5,149291,206600,120040,86560,19945,0.5
1900-01-01 02:35:45,7769.0,5147,7769.5,57759,374281,177047,197234,-52612,0.5
1900-01-01 02:36:00,7767.5,49931,7768.0,442310,32393,99190,-66797,-392379,0.5
1900-01-01 02:36:15,7777.0,150000,7778.0,368153,148814,66818,81996,-218153,1.0
1900-01-01 02:36:30,7769.0,512509,7769.5,205581,149411,315427,-166016,306928,0.5
1900-01-01 02:36:45,7766.0,75109,7766.5,435973,106174,198036,-91862,-360864,0.5
1900-01-01 02:37:00,7766.0,727311,7766.5,229883,145483,124415,21068,497428,0.5
1900-01-01 02:37:15,7769.0,59722,7769.5,784431,352905,200554,152351,-724709,0.5
1900-01-01 02:37:30,7772.0,33499,7772.5,15509,104548,102902,1646,17990,0.5
1900-01-01 02:37:45,7788.0,35932,7788.5,662,692973,94826,598147,35270,0.5
1900-01-01 02:38:00,7783.0,5119,7783.5,113632,750856,210825,540031,-108513,0.5
1900-01-01 02:38:15,7776.5,585388,7777.0,5000,138154,338293,-200139,580388,0.5
1900-01-01 02:38:30,7784.5,243291,7785.0,19260,721730,55943,665787,224031,0.5
1900-01-01 02:38:45,7786.0,759211,7786.5,30,216420,150800,65620,759181,0.5
1900-01-01 02:39:00,7792.0,114326,7792.5,486643,310191,46192,263999,-372317,0.5
1900-01-01 02:39:15,7796.5,397620,7798.0,82753,317679,168309,149370,314867,1.5
1900-01-01 02:39:30,7800.0,277067,7800.5,598253,555216,272784,282432,-321186,0.5
1900-01-01 02:39:45,7798.0,25794,7798.5,555980,245693,1073137,-827444,-530186,0.5
1900-01-01 02:40:00,7797.0,114084,7797.5,29658,79515,238237,-158722,84426,0.5
1900-01-01 02:40:15,7784.5,314122,7785.0,449798,107906,178433,-70527,-135676,0.5
1900-01-01 02:40:30,7782.0,524,7782.5,134275,117968,554676,-436708,-133751,0.5
1900-01-01 02:40:45,7783.0,644202,7783.5,1230,470373,24038,446335,642972,0.5
1900-01-01 02:41:00,7784.5,709736,7785.0,77506,96580,40338,56242,632230,0.5
1900-01-01 02:41:15,7795.5,432699,7796.0,101388,427589,66609,360980,331311,0.5
1900-01-01 02:41:30,7810.5,109586,7811.0,142201,2589541,209785,2379756,-32615,0.5
1900-01-01 02:41:45,7811.5,5736,7812.0,362318,449695,175593,274102,-356582,0.5
1900-01-01 02:42:00,7811.5,525513,7812.0,49579,270825,212879,57946,475934,0.5
1900-01-01 02:42:15,7819.5,424252,7820.0,73976,1179265,233017,946248,350276,0.5
1900-01-01 02:42:30,7820.0,532836,7820.5,31397,395255,313587,81668,501439,0.5
1900-01-01 02:42:45,7814.5,38584,7815.0,58662,411256,179720,231536,-20078,0.5
1900-01-01 02:43:00,7815.0,10143,7815.5,546636,499501,553547,-54046,-536493,0.5
1900-01-01 02:43:15,7806.5,704689,7807.0,158615,42109,787572,-745463,546074,0.5
1900-01-01 02:43:30,7804.5,41877,7805.0,138563,197151,643803,-446652,-96686,0.5
1900-01-01 02:43:45,7796.0,531571,7796.5,6570,226381,760555,-534174,525001,0.5
1900-01-01 02:44:00,7792.5,228850,7793.0,153888,140021,371876,-231855,74962,0.5
1900-01-01 02:44:15,7790.0,319210,7790.5,1775,57443,169213,-111770,317435,0.5
1900-01-01 02:44:30,7789.5,319760,7790.0,211802,77363,110169,-32806,107958,0.5
1900-01-01 02:44:45,7789.5,168301,7790.0,125356,144702,114952,29750,42945,0.5
1900-01-01 02:45:00,7788.0,33634,7788.5,145368,147469,110162,37307,-111734,0.5
1900-01-01 02:45:15,7785.0,215686,7785.5,460747,120676,419115,-298439,-245061,0.5
1900-01-01 02:45:30,7784.0,18061,7784.5,752939,30582,117957,-87375,-734878,0.5
1900-01-01 02:45:45,7766.0,183966,7766.5,54939,43322,1190380,-1147058,129027,0.5
1900-01-01 02:46:00,7776.0,557472,7776.5,271178,212410,157098,55312,286294,0.5
1900-01-01 02:46:15,7778.5,114874,7779.0,136405,251000,341306,-90306,-21531,0.5
1900-01-01 02:46:30,7778.5,72124,7779.0,331194,540646,154767,385879,-259070,0.5
1900-01-01 02:46:45,7781.5,89116,7782.0,416393,152888,416187,-263299,-327277,0.5
1900-01-01 02:47:00,7777.0,139808,7777.5,314737,22671,38259,-15588,-174929,0.5
1900-01-01 02:47:15,7774.0,15183,7774.5,261279,143036,151769,-8733,-246096,0.5
1900-01-01 02:47:30,7773.5,13975,7774.0,398740,98978,208259,-109281,-384765,0.5
1900-01-01 02:47:45,7775.0,176589,7775.5,7096,235835,256495,-20660,169493,0.5
1900-01-01 02:48:00,7775.0,868740,7775.5,9096,95975,170738,-74763,859644,0.5
1900-01-01 02:48:15,7774.0,149092,7774.5,640022,133690,674474,-540784,-490930,0.5
1900-01-01 02:48:30,7782.0,474261,7782.5,4648,373484,115454,258030,469613,0.5
1900-01-01 02:48:45,7785.5,36028,7786.0,904873,178757,86160,92597,-868845,0.5
1900-01-01 02:49:00,7778.5,25000,7779.0,15332,40298,381982,-341684,9668,0.5
1900-01-01 02:49:15,7771.0,600528,7771.5,20813,24395,153401,-129006,579715,0.5
1900-01-01 02:49:30,7780.0,579610,7780.5,306952,66987,156294,-89307,272658,0.5
1900-01-01 02:49:45,7780.0,487086,7780.5,508833,8870,46200,-37330,-21747,0.5
1900-01-01 02:50:00,7777.0,60390,7777.5,378950,47556,182263,-134707,-318560,0.5
1900-01-01 02:50:15,7774.5,153769,7775.0,242126,186986,102839,84147,-88357,0.5
1900-01-01 02:50:30,7765.0,740270,7765.5,326222,148178,232045,-83867,414048,0.5
1900-01-01 02:50:45,7771.5,104482,7772.0,21718,356014,905860,-549846,82764,0.5
1900-01-01 02:51:00,7763.5,7725,7764.0,1319,173795,158572,15223,6406,0.5
1900-01-01 02:51:15,7767.5,128837,7768.0,406393,248534,95244,153290,-277556,0.5
1900-01-01 02:51:30,7765.5,4350,7766.0,682960,150546,65045,85501,-678610,0.5
1900-01-01 02:51:45,7761.5,461931,7762.0,239198,12230,180857,-168627,222733,0.5
1900-01-01 02:52:00,7760.0,467171,7760.5,220388,78437,408960,-330523,246783,0.5
1900-01-01 02:52:15,7759.5,85116,7760.0,661589,184462,324407,-139945,-576473,0.5
1900-01-01 02:52:30,7757.0,537728,7757.5,370077,39916,386502,-346586,167651,0.5
1900-01-01 02:52:45,7768.0,302,7768.5,517331,310857,73202,237655,-517029,0.5
1900-01-01 02:53:00,7765.5,908512,7766.0,6220,340675,41661,299014,902292,0.5
1900-01-01 02:53:15,7776.0,123136,7776.5,13792,2125518,24185,2101333,109344,0.5
1900-01-01 02:53:30,7772.5,106046,7773.0,439259,114181,167876,-53695,-333213,0.5
1900-01-01 02:53:45,7776.5,505142,7777.0,146050,236390,83198,153192,359092,0.5
1900-01-01 02:54:00,7765.0,822228,7765.5,43773,90637,137513,-46876,778455,0.5
1900-01-01 02:54:15,7765.0,70552,7765.5,166355,13478,63721,-50243,-95803,0.5
1900-01-01 02:54:30,7767.0,622739,7767.5,46717,26958,42374,-15416,576022,0.5
1900-01-01 02:54:45,7767.5,585638,7768.0,64624,57366,52746,4620,521014,0.5
1900-01-01 02:55:00,7767.5,320426,7768.0,78764,63661,48335,15326,241662,0.5
1900-01-01 02:55:15,7760.5,58835,7761.0,248803,24720,512544,-487824,-189968,0.5
1900-01-01 02:55:30,7760.0,527901,7760.5,47361,50336,249485,-199149,480540,0.5
1900-01-01 02:55:45,7758.0,44927,7758.5,301883,16763,104571,-87808,-256956,0.5
1900-01-01 02:56:00,7756.5,284420,7757.0,344723,38001,254148,-216147,-60303,0.5
1900-01-01 02:56:15,7760.0,710678,7760.5,546240,105220,1729912,-1624692,164438,0.5
1900-01-01 02:56:30,7760.0,980188,7760.5,126110,548802,812143,-263341,854078,0.5
1900-01-01 02:56:45,7759.0,344167,7759.5,160720,281574,55284,226290,183447,0.5
1900-01-01 02:57:00,7759.0,369289,7759.5,232080,103333,32494,70839,137209,0.5
1900-01-01 02:57:15,7759.0,153864,7759.5,427946,28038,246079,-218041,-274082,0.5
1900-01-01 02:57:30,7752.5,82316,7753.0,174852,34330,116237,-81907,-92536,0.5
1900-01-01 02:57:45,7752.5,10370,7753.0,201726,31680,191821,-160141,-191356,0.5
1900-01-01 02:58:00,7750.0,2419628,7750.5,165083,52084,1302981,-1250897,2254545,0.5
1900-01-01 02:58:15,7740.0,166797,7740.5,840677,60665,3213636,-3152971,-673880,0.5
1900-01-01 02:58:30,7749.5,487113,7750.0,369627,1656106,798518,857588,117486,0.5
1900-01-01 02:58:45,7744.0,358830,7744.5,442533,1344216,638464,705752,-83703,0.5
1900-01-01 02:59:00,7752.5,47163,7753.0,449392,465032,243146,221886,-402229,0.5
1900-01-01 02:59:15,7745.0,461711,7745.5,33866,104969,972054,-867085,427845,0.5
1900-01-01 02:59:30,7738.0,95987,7738.5,482366,52169,811423,-759254,-386379,0.5
1900-01-01 02:59:45,7715.5,34637,7716.0,8500,225104,1949848,-1724744,26137,0.5
1900-01-01 03:00:00,7705.5,268878,7713.0,2863,278254,2017080,-1738826,266015,7.5
1900-01-01 03:00:15,7721.0,169439,7721.5,83334,355283,2380178,-2024895,86105,0.5
1900-01-01 03:00:30,7735.5,52136,7736.0,5254,741508,247955,493553,46882,0.5
1900-01-01 03:00:45,7751.0,10000,7752.0,730386,574880,91677,483203,-720386,1.0
1900-01-01 03:01:00,7749.5,508386,7750.0,56585,503887,639375,-135488,451801,0.5
1900-01-01 03:01:15,7749.0,11998,7749.5,331916,514236,657218,-142982,-319918,0.5
1900-01-01 03:01:30,7749.0,882799,7749.5,813841,1153135,478909,674226,68958,0.5
1900-01-01 03:01:45,7752.0,261150,7752.5,44660,771860,140538,631322,216490,0.5
1900-01-01 03:02:00,7763.5,534912,7764.0,166633,1653841,51229,1602612,368279,0.5
1900-01-01 03:02:15,7767.0,8000,7767.5,270006,608831,144983,463848,-262006,0.5
1900-01-01 03:02:30,7767.5,69532,7768.0,623681,754810,263668,491142,-554149,0.5
1900-01-01 03:02:45,7771.5,618417,7772.0,89730,471159,142614,328545,528687,0.5
1900-01-01 03:03:00,7767.5,183092,7768.0,278649,611800,59072,552728,-95557,0.5
1900-01-01 03:03:15,7767.0,110790,7767.5,580940,621314,134787,486527,-470150,0.5
1900-01-01 03:03:30,7755.5,629797,7756.0,255115,47100,882517,-835417,374682,0.5
1900-01-01 03:03:45,7761.0,93560,7761.5,389453,547548,110509,437039,-295893,0.5
1900-01-01 03:04:00,7761.0,831902,7761.5,56992,50010,97506,-47496,774910,0.5
1900-01-01 03:04:15,7761.5,662134,7762.0,260477,97593,32512,65081,401657,0.5
1900-01-01 03:04:30,7761.5,303389,7762.0,635564,250767,61786,188981,-332175,0.5
1900-01-01 03:04:45,7761.5,1010462,7762.0,322952,57194,29560,27634,687510,0.5
1900-01-01 03:05:00,7767.5,778918,7768.0,439986,235089,22302,212787,338932,0.5
1900-01-01 03:05:15,7773.5,396272,7774.0,66579,316756,34778,281978,329693,0.5
1900-01-01 03:05:30,7777.5,599145,7778.0,18815,744872,14042,730830,580330,0.5
1900-01-01 03:05:45,7777.5,750004,7778.0,181954,247186,216508,30678,568050,0.5
1900-01-01 03:06:00,7777.5,338077,7778.0,208500,80665,428072,-347407,129577,0.5
1900-01-01 03:06:15,7775.5,442035,7776.0,173273,22007,154216,-132209,268762,0.5
1900-01-01 03:06:30,7775.5,530127,7776.0,151544,48415,435399,-386984,378583,0.5
1900-01-01 03:06:45,7785.0,410016,7785.5,9636,511618,41354,470264,400380,0.5
1900-01-01 03:07:00,7785.5,273390,7786.0,714838,443669,146070,297599,-441448,0.5
1900-01-01 03:07:15,7779.5,2765,7780.0,463043,368239,184329,183910,-460278,0.5
1900-01-01 03:07:30,7780.5,4810,7781.0,208392,328219,257681,70538,-203582,0.5
1900-01-01 03:07:45,7779.5,173495,7780.0,326685,154713,82290,72423,-153190,0.5
1900-01-01 03:08:00,7779.0,109846,7779.5,425257,50830,157014,-106184,-315411,0.5
1900-01-01 03:08:15,7777.0,56400,7777.5,445278,43611,392606,-348995,-388878,0.5
1900-01-01 03:08:30,7771.5,619544,7772.0,291921,125289,260829,-135540,327623,0.5
1900-01-01 03:08:45,7771.0,1207,7771.5,994220,138086,235490,-97404,-993013,0.5
1900-01-01 03:09:00,7775.0,2378766,7775.5,617938,19090,372076,-352986,1760828,0.5
1900-01-01 03:09:15,7767.0,48892,7767.5,143910,174905,140715,34190,-95018,0.5
1900-01-01 03:09:30,7773.5,103898,7774.0,401489,67578,45312,22266,-297591,0.5
1900-01-01 03:09:45,7767.5,129966,7768.0,423019,23422,95192,-71770,-293053,0.5
1900-01-01 03:10:00,7771.5,530124,7772.0,151549,101723,24314,77409,378575,0.5
1900-01-01 03:10:15,7771.5,395736,7772.0,1274,233358,3223,230135,394462,0.5
1900-01-01 03:10:30,7778.0,123391,7778.5,941808,189499,40968,148531,-818417,0.5
1900-01-01 03:10:45,7774.5,323060,7775.0,474793,15553,167152,-151599,-151733,0.5
1900-01-01 03:11:00,7772.5,150753,7773.0,530982,124780,82002,42778,-380229,0.5
1900-01-01 03:11:15,7772.5,26263,7773.0,523488,117,77879,-77762,-497225,0.5
1900-01-01 03:11:30,7770.5,394731,7771.0,127467,22214,18750,3464,267264,0.5
1900-01-01 03:11:45,7769.5,8515,7770.0,489415,17060,310218,-293158,-480900,0.5
1900-01-01 03:12:00,7769.5,316828,7770.0,193004,37118,35116,2002,123824,0.5
1900-01-01 03:12:15,7776.5,565314,7777.0,50238,16196,32775,-16579,515076,0.5
1900-01-01 03:12:30,7780.0,572585,7780.5,323467,307401,36245,271156,249118,0.5
1900-01-01 03:12:45,7780.0,657074,7780.5,153967,230078,58644,171434,503107,0.5
1900-01-01 03:13:00,7785.0,885216,7785.5,35521,227317,74031,153286,849695,0.5
1900-01-01 03:13:15,7782.5,7110,7783.0,270095,132467,74986,57481,-262985,0.5
1900-01-01 03:13:30,7782.0,619293,7782.5,46022,57278,181361,-124083,573271,0.5
1900-01-01 03:13:45,7785.5,359529,7786.0,229766,243612,22176,221436,129763,0.5
1900-01-01 03:14:00,7785.0,62852,7785.5,501875,57271,39321,17950,-439023,0.5
1900-01-01 03:14:15,7782.5,364760,7783.0,469547,50963,98056,-47093,-104787,0.5
1900-01-01 03:14:30,7776.0,377768,7776.5,331569,185154,450150,-264996,46199,0.5
1900-01-01 03:14:45,7780.5,67960,7781.0,380899,86357,56010,30347,-312939,0.5
1900-01-01 03:15:00,7782.5,398857,7783.0,39970,144612,38719,105893,358887,0.5
1900-01-01 03:15:15,7784.5,451621,7785.0,103650,501972,15903,486069,347971,0.5
1900-01-01 03:15:30,7785.5,1071150,7786.0,109592,227190,5888,221302,961558,0.5
1900-01-01 03:15:45,7794.5,460473,7795.0,52011,1530300,12966,1517334,408462,0.5
1900-01-01 03:16:00,7799.5,1021471,7800.0,318240,718573,195543,523030,703231,0.5
1900-01-01 03:16:15,7806.5,13748,7807.0,16772,590460,119549,470911,-3024,0.5
1900-01-01 03:16:30,7801.5,1025274,7802.0,73682,329564,385723,-56159,951592,0.5
1900-01-01 03:16:45,7806.5,28541,7807.0,383222,221408,366614,-145206,-354681,0.5
1900-01-01 03:17:00,7811.0,562549,7811.5,30271,348545,292985,55560,532278,0.5
1900-01-01 03:17:15,7811.0,1034622,7811.5,278449,390995,58630,332365,756173,0.5
1900-01-01 03:17:30,7814.0,155098,7814.5,583536,314692,257791,56901,-428438,0.5
1900-01-01 03:17:45,7807.0,19841,7807.5,744535,159100,348203,-189103,-724694,0.5
1900-01-01 03:18:00,7802.0,711380,7802.5,28798,100342,581783,-481441,682582,0.5
1900-01-01 03:18:15,7799.5,683760,7800.0,48247,272375,304404,-32029,635513,0.5
1900-01-01 03:18:30,7802.0,525456,7802.5,1365,152638,329927,-177289,524091,0.5
1900-01-01 03:18:45,7797.0,411868,7797.5,94891,149857,138294,11563,316977,0.5
1900-01-01 03:19:00,7802.5,182726,7803.0,381654,60554,83129,-22575,-198928,0.5
1900-01-01 03:19:15,7799.5,269762,7800.0,1693848,316963,81404,235559,-1424086,0.5
1900-01-01 03:19:30,7801.0,383138,7801.5,94585,279929,60051,219878,288553,0.5
1900-01-01 03:19:45,7798.5,41710,7799.0,237030,81322,135012,-53690,-195320,0.5
1900-01-01 03:20:00,7793.5,387762,7794.0,42367,16523,221893,-205370,345395,0.5
1900-01-01 03:20:15,7793.5,87114,7794.0,263457,37015,80543,-43528,-176343,0.5
1900-01-01 03:20:30,7791.5,46613,7792.0,258134,166545,423977,-257432,-211521,0.5
1900-01-01 03:20:45,7790.5,10661,7791.0,434921,88542,412565,-324023,-424260,0.5
1900-01-01 03:21:00,7786.0,324678,7786.5,193361,186128,305376,-119248,131317,0.5
1900-01-01 03:21:15,7789.5,406415,7790.0,186149,113454,165921,-52467,220266,0.5
1900-01-01 03:21:30,7799.5,129472,7800.0,428220,190002,29507,160495,-298748,0.5
1900-01-01 03:21:45,7799.5,137755,7800.0,651597,31325,19613,11712,-513842,0.5
1900-01-01 03:22:00,7804.5,225266,7805.0,180701,222043,7220,214823,44565,0.5
1900-01-01 03:22:15,7804.5,54831,7805.0,182024,289492,20554,268938,-127193,0.5
1900-01-01 03:22:30,7803.5,465261,7804.0,137029,82438,34986,47452,328232,0.5
1900-01-01 03:22:45,7801.0,434424,7801.5,183539,36337,21008,15329,250885,0.5
1900-01-01 03:23:00,7803.0,493409,7803.5,76413,233646,142871,90775,416996,0.5
1900-01-01 03:23:15,7821.5,93957,7822.0,22708,384166,36785,347381,71249,0.5
1900-01-01 03:23:30,7829.5,53689,7830.0,34911,532201,84134,448067,18778,0.5
1900-01-01 03:23:45,7818.0,47689,7818.5,150211,875120,451734,423386,-102522,0.5
1900-01-01 03:24:00,7826.0,1226334,7826.5,71333,984096,181174,802922,1155001,0.5
1900-01-01 03:24:15,7841.0,136503,7841.5,119,1252678,381234,871444,136384,0.5
1900-01-01 03:24:30,7863.0,2232547,7864.0,2698,4405973,601507,3804466,2229849,1.0
1900-01-01 03:24:45,7863.5,3027,7864.0,9794,2348609,4014126,-1665517,-6767,0.5
1900-01-01 03:25:00,7849.5,8000,7850.0,520149,4682288,54065,4628223,-512149,0.5
1900-01-01 03:25:15,7864.0,30,7864.5,278833,2106534,472395,1634139,-278803,0.5
1900-01-01 03:25:30,7867.5,457968,7868.0,74229,1413106,439617,973489,383739,0.5
1900-01-01 03:25:45,7871.5,3811,7872.0,36976,517811,297330,220481,-33165,0.5
1900-01-01 03:26:00,7871.5,490607,7872.0,377890,404832,351056,53776,112717,0.5
1900-01-01 03:26:15,7852.5,14383,7853.0,25840,154868,1287330,-1132462,-11457,0.5
1900-01-01 03:26:30,7867.0,179010,7867.5,51987,521770,1023287,-501517,127023,0.5
1900-01-01 03:26:45,7856.0,1354600,7856.5,167959,229264,502590,-273326,1186641,0.5
1900-01-01 03:27:00,7860.0,174723,7860.5,13000,812174,254386,557788,161723,0.5
1900-01-01 03:27:15,7856.5,130623,7857.0,166481,99339,573108,-473769,-35858,0.5
1900-01-01 03:27:30,7857.0,171124,7857.5,231241,522324,465938,56386,-60117,0.5
1900-01-01 03:27:45,7857.0,339939,7857.5,153673,244324,86044,158280,186266,0.5
1900-01-01 03:28:00,7857.0,707194,7857.5,234420,28570,612126,-583556,472774,0.5
1900-01-01 03:28:15,7862.5,296771,7863.0,1198333,420826,208081,212745,-901562,0.5
1900-01-01 03:28:30,7869.5,1259657,7870.0,491475,915889,143212,772677,768182,0.5
1900-01-01 03:28:45,7869.0,687655,7869.5,406743,1187815,574686,613129,280912,0.5
1900-01-01 03:29:00,7870.5,1153744,7871.0,343843,1252732,156168,1096564,809901,0.5
1900-01-01 03:29:15,7866.5,310213,7867.0,51292,324575,469100,-144525,258921,0.5
1900-01-01 03:29:30,7870.5,574520,7871.0,1111278,231941,63848,168093,-536758,0.5
1900-01-01 03:29:45,7874.5,869404,7875.0,125803,605585,50150,555435,743601,0.5
1900-01-01 03:30:00,7872.5,1290,7873.0,1303055,266017,902995,-636978,-1301765,0.5
1900-01-01 03:30:15,7863.5,737250,7864.0,285517,248302,663961,-415659,451733,0.5
1900-01-01 03:30:30,7855.5,130051,7856.0,986383,83750,558915,-475165,-856332,0.5
1900-01-01 03:30:45,7857.0,334221,7857.5,488409,410614,473867,-63253,-154188,0.5
1900-01-01 03:31:00,7855.5,643118,7856.0,23486,193398,315320,-121922,619632,0.5
1900-01-01 03:31:15,7857.5,615755,7858.0,170930,686374,515143,171231,444825,0.5
1900-01-01 03:31:30,7861.0,361206,7861.5,83143,238429,39208,199221,278063,0.5
1900-01-01 03:31:45,7870.5,27165,7871.0,12464,469334,242130,227204,14701,0.5
1900-01-01 03:32:00,7883.5,128773,7884.0,65785,595964,66638,529326,62988,0.5
1900-01-01 03:32:15,7894.5,207271,7895.0,836087,3203820,120807,3083013,-628816,0.5
1900-01-01 03:32:30,7897.0,67183,7897.5,270102,4937355,475756,4461599,-202919,0.5
1900-01-01 03:32:45,7891.5,478274,7892.0,677792,574860,739682,-164822,-199518,0.5
1900-01-01 03:33:00,7879.5,1275,7880.0,278114,435986,402354,33632,-276839,0.5
1900-01-01 03:33:15,7873.5,202723,7874.0,391413,792140,982190,-190050,-188690,0.5
1900-01-01 03:33:30,7870.0,46366,7870.5,409110,423074,805836,-382762,-362744,0.5
1900-01-01 03:33:45,7863.0,732797,7863.5,1,253563,1355588,-1102025,732796,0.5
1900-01-01 03:34:00,7862.5,53631,7863.0,48471,977130,103275,873855,5160,0.5
1900-01-01 03:34:15,7869.5,4992,7870.0,323745,109652,218236,-108584,-318753,0.5
1900-01-01 03:34:30,7870.0,576716,7870.5,4723,436776,178318,258458,571993,0.5
1900-01-01 03:34:45,7868.0,19270,7868.5,516106,135797,46859,88938,-496836,0.5
1900-01-01 03:35:00,7870.0,455840,7870.5,1649,37400,79474,-42074,454191,0.5
1900-01-01 03:35:15,7870.5,281386,7871.0,41970,496819,153536,343283,239416,0.5
1900-01-01 03:35:30,7874.5,124984,7875.0,433370,423664,15996,407668,-308386,0.5
1900-01-01 03:35:45,7875.0,250262,7875.5,41166,677079,269638,407441,209096,0.5
1900-01-01 03:36:00,7881.5,36232,7882.0,21731,127382,70715,56667,14501,0.5
1900-01-01 03:36:15,7892.5,113991,7893.0,200734,524960,108374,416586,-86743,0.5
1900-01-01 03:36:30,7905.0,200000,7908.0,4041,6508072,560094,5947978,195959,3.0
1900-01-01 03:36:45,7910.5,36,7911.0,156453,1388454,1813703,-425249,-156417,0.5
1900-01-01 03:37:00,7906.5,1000,7907.0,33800,969483,434660,534823,-32800,0.5
1900-01-01 03:37:15,7906.0,42544,7906.5,109119,846302,337016,509286,-66575,0.5
1900-01-01 03:37:30,7900.0,172738,7900.5,192974,561657,506549,55108,-20236,0.5
1900-01-01 03:37:45,7893.5,196097,7894.0,152437,193872,459432,-265560,43660,0.5
1900-01-01 03:38:00,7896.5,42694,7897.0,269166,250897,227913,22984,-226472,0.5
1900-01-01 03:38:15,7896.5,5000,7897.5,4200,243542,398258,-154716,800,1.0
1900-01-01 03:38:30,7898.5,13378,7899.0,37615,153751,411859,-258108,-24237,0.5
1900-01-01 03:38:45,7905.0,126472,7905.5,197863,1069391,92411,976980,-71391,0.5
1900-01-01 03:39:00,7898.5,2011,7899.0,261747,209313,679229,-469916,-259736,0.5
1900-01-01 03:39:15,7890.5,2090,7891.0,46703,45302,1247201,-1201899,-44613,0.5
1900-01-01 03:39:30,7885.0,109918,7885.5,270618,193627,884825,-691198,-160700,0.5
1900-01-01 03:39:45,7879.0,167246,7879.5,381716,660628,1087040,-426412,-214470,0.5
1900-01-01 03:40:00,7871.0,1007,7871.5,580738,35101,751131,-716030,-579731,0.5
1900-01-01 03:40:15,7870.0,647638,7870.5,205695,162948,900194,-737246,441943,0.5
1900-01-01 03:40:30,7874.5,607789,7875.0,272785,275019,236654,38365,335004,0.5
1900-01-01 03:40:45,7877.5,545025,7878.0,2175,292721,70140,222581,542850,0.5
1900-01-01 03:41:00,7885.5,472519,7886.0,206317,393723,37300,356423,266202,0.5
1900-01-01 03:41:15,7889.0,234646,7889.5,585484,798173,244701,553472,-350838,0.5
1900-01-01 03:41:30,7881.5,8734,7886.0,447404,55704,418550,-362846,-438670,4.5
1900-01-01 03:41:45,7888.0,101329,7888.5,781094,56272,238948,-182676,-679765,0.5
1900-01-01 03:42:00,7880.0,261796,7880.5,54268,324191,205930,118261,207528,0.5
1900-01-01 03:42:15,7878.5,251,7879.0,548032,60968,124341,-63373,-547781,0.5
1900-01-01 03:42:30,7875.5,256575,7876.0,480540,30088,265418,-235330,-223965,0.5
1900-01-01 03:42:45,7876.5,3494,7877.0,258388,230814,193555,37259,-254894,0.5
1900-01-01 03:43:00,7876.0,621191,7876.5,127331,275360,26479,248881,493860,0.5
1900-01-01 03:43:15,7887.5,59359,7888.0,391808,262509,117060,145449,-332449,0.5
1900-01-01 03:43:30,7897.0,102952,7897.5,51153,646916,71317,575599,51799,0.5
1900-01-01 03:43:45,7895.5,240929,7896.0,343740,482757,391825,90932,-102811,0.5
1900-01-01 03:44:00,7906.5,1077405,7907.0,36957,329381,263965,65416,1040448,0.5
1900-01-01 03:44:15,7899.0,15672,7899.5,300853,277470,319072,-41602,-285181,0.5
1900-01-01 03:44:30,7904.5,1196364,7905.0,65689,607571,523646,83925,1130675,0.5
1900-01-01 03:44:45,7909.5,1067145,7910.0,37029,417373,113423,303950,1030116,0.5
1900-01-01 03:45:00,7920.0,197157,7920.5,9569,1316596,124914,1191682,187588,0.5
1900-01-01 03:45:15,7929.5,570225,7930.0,190899,1566347,351088,1215259,379326,0.5
1900-01-01 03:45:30,7924.0,15629,7924.5,352651,368135,1576973,-1208838,-337022,0.5
1900-01-01 03:45:45,7922.5,5133,7923.0,391706,234271,710847,-476576,-386573,0.5
1900-01-01 03:46:00,7908.0,8183,7908.5,566862,45581,1096570,-1050989,-558679,0.5
1900-01-01 03:46:15,7903.0,178720,7903.5,58528,114422,740554,-626132,120192,0.5
1900-01-01 03:46:30,7893.5,1334,7894.0,57483,931460,573310,358150,-56149,0.5
1900-01-01 03:46:45,7907.0,178887,7907.5,39535,434064,324644,109420,139352,0.5
1900-01-01 03:47:00,7894.5,332642,7895.0,84255,274767,284064,-9297,248387,0.5
1900-01-01 03:47:15,7898.5,50182,7899.0,163811,321938,157316,164622,-113629,0.5
1900-01-01 03:47:30,7897.0,647120,7897.5,34456,97233,63196,34037,612664,0.5
1900-01-01 03:47:45,7902.0,300929,7902.5,20607,411390,169586,241804,280322,0.5
1900-01-01 03:48:00,7903.0,468332,7903.5,158282,390617,266588,124029,310050,0.5
1900-01-01 03:48:15,7906.5,193939,7907.0,63077,364669,411572,-46903,130862,0.5
1900-01-01 03:48:30,7911.0,88087,7911.5,42477,510493,392993,117500,45610,0.5
1900-01-01 03:48:45,7906.5,449640,7907.0,56720,50930,296194,-245264,392920,0.5
1900-01-01 03:49:00,7914.5,162356,7915.0,325658,357563,43864,313699,-163302,0.5
1900-01-01 03:49:15,7909.5,15,7910.0,281641,37134,261115,-223981,-281626,0.5
1900-01-01 03:49:30,7908.5,534338,7909.0,53052,163329,260612,-97283,481286,0.5
1900-01-01 03:49:45,7908.5,4026711,7909.0,323062,161418,324740,-163322,3703649,0.5
1900-01-01 03:50:00,7910.5,798601,7911.0,31385,297466,170698,126768,767216,0.5
1900-01-01 03:50:15,7918.5,474111,7919.0,328252,643506,264108,379398,145859,0.5
1900-01-01 03:50:30,7915.5,69257,7916.0,305135,318479,118073,200406,-235878,0.5
1900-01-01 03:50:45,7919.5,161709,7920.0,12618,248001,87521,160480,149091,0.5
1900-01-01 03:51:00,7924.5,308494,7925.0,168680,656690,216289,440401,139814,0.5
1900-01-01 03:51:15,7925.0,1060400,7925.5,40751,445977,259308,186669,1019649,0.5
1900-01-01 03:51:30,7934.0,172952,7934.5,242257,498500,177478,321022,-69305,0.5
1900-01-01 03:51:45,7942.5,39283,7943.0,61526,1558830,375317,1183513,-22243,0.5
1900-01-01 03:52:00,7936.0,13500,7936.5,47358,776463,84252,692211,-33858,0.5
1900-01-01 03:52:15,7932.5,1039335,7933.0,6,424703,490644,-65941,1039329,0.5
1900-01-01 03:52:30,7939.5,243420,7940.0,547811,785809,429013,356796,-304391,0.5
1900-01-01 03:52:45,7934.5,6191,7935.0,747910,90075,789090,-699015,-741719,0.5
1900-01-01 03:53:00,7932.5,663573,7933.0,30058,401500,422314,-20814,633515,0.5
1900-01-01 03:53:15,7942.5,154389,7943.0,314033,347607,208209,139398,-159644,0.5
1900-01-01 03:53:30,7949.5,319633,7950.0,1748702,4106243,513885,3592358,-1429069,0.5
1900-01-01 03:53:45,7966.5,22906,7967.0,135434,2462191,124414,2337777,-112528,0.5
1900-01-01 03:54:00,7964.5,851,7965.5,29020,1516871,435947,1080924,-28169,1.0
1900-01-01 03:54:15,7955.5,20805,7956.0,159234,1704656,1033427,671229,-138429,0.5
1900-01-01 03:54:30,7949.5,307888,7950.0,419838,1028680,956404,72276,-111950,0.5
1900-01-01 03:54:45,7955.5,10670,7956.0,264020,530612,424283,106329,-253350,0.5
1900-01-01 03:55:00,7950.5,353782,7951.0,165828,168654,417479,-248825,187954,0.5
1900-01-01 03:55:15,7959.5,402656,7960.0,95675,920132,198982,721150,306981,0.5
1900-01-01 03:55:30,7957.0,86954,7957.5,289796,323262,497761,-174499,-202842,0.5
1900-01-01 03:55:45,7951.0,136975,7951.5,38888,139128,266362,-127234,98087,0.5
1900-01-01 03:56:00,7950.0,210185,7950.5,585204,578285,669199,-90914,-375019,0.5
1900-01-01 03:56:15,7941.5,470865,7942.0,94063,172574,768289,-595715,376802,0.5
1900-01-01 03:56:30,7940.0,4,7940.5,301456,154530,1764009,-1609479,-301452,0.5
1900-01-01 03:56:45,7927.5,58940,7928.0,350,41614,2313254,-2271640,58590,0.5
1900-01-01 03:57:00,7930.0,90992,7930.5,544049,390139,675967,-285828,-453057,0.5
1900-01-01 03:57:15,7925.5,80581,7926.0,455072,295882,619194,-323312,-374491,0.5
1900-01-01 03:57:30,7915.0,344426,7915.5,418672,97600,1270819,-1173219,-74246,0.5
1900-01-01 03:57:45,7917.0,226426,7917.5,233321,230090,605125,-375035,-6895,0.5
1900-01-01 03:58:00,7924.0,142428,7924.5,62336,407065,163914,243151,80092,0.5
1900-01-01 03:58:15,7934.0,470180,7934.5,285645,392423,230938,161485,184535,0.5
1900-01-01 03:58:30,7941.5,151457,7942.0,149708,335216,141683,193533,1749,0.5
1900-01-01 03:58:45,7942.5,80138,7943.0,596092,883984,59319,824665,-515954,0.5
1900-01-01 03:59:00,7940.0,3402985,7940.5,180689,647728,900805,-253077,3222296,0.5
1900-01-01 03:59:15,7949.0,116148,7949.5,462328,482601,75825,406776,-346180,0.5
1900-01-01 03:59:30,7953.0,42691,7953.5,160894,646991,41328,605663,-118203,0.5
1900-01-01 03:59:45,7949.5,23365,7950.0,154835,113044,620491,-507447,-131470,0.5
1900-01-01 04:00:00,7949.0,23756,7949.5,594089,75527,132899,-57372,-570333,0.5
1900-01-01 04:00:15,7949.0,33722,7949.5,35900,338143,1710776,-1372633,-2178,0.5
1900-01-01 04:00:30,7947.5,13118,7948.0,140548,296796,364868,-68072,-127430,0.5
1900-01-01 04:00:45,7942.0,14047,7942.5,15035,649220,338037,311183,-988,0.5
1900-01-01 04:01:00,7935.0,94523,7935.5,152299,420540,1250103,-829563,-57776,0.5
1900-01-01 04:01:15,7920.0,209233,7922.0,71359,92758,458653,-365895,137874,2.0
1900-01-01 04:01:30,7916.5,165030,7917.0,401613,492062,1107198,-615136,-236583,0.5
1900-01-01 04:01:45,7916.0,111031,7916.5,213310,315993,971729,-655736,-102279,0.5
1900-01-01 04:02:00,7928.5,8000,7929.0,781,428551,538297,-109746,7219,0.5
1900-01-01 04:02:15,7931.5,383018,7932.0,354163,412002,212165,199837,28855,0.5
1900-01-01 04:02:30,7935.5,161838,7936.0,76102,521160,105659,415501,85736,0.5
1900-01-01 04:02:45,7932.5,405128,7933.0,149652,284540,195154,89386,255476,0.5
1900-01-01 04:03:00,7932.5,3742,7933.0,126943,485533,53189,432344,-123201,0.5
1900-01-01 04:03:15,7937.5,540901,7938.0,77510,522010,128004,394006,463391,0.5
1900-01-01 04:03:30,7939.5,672580,7940.0,49491,177892,31081,146811,623089,0.5
1900-01-01 04:03:45,7939.5,619950,7940.0,184509,388899,20390,368509,435441,0.5
1900-01-01 04:04:00,7941.0,545253,7941.5,3201,307439,35454,271985,542052,0.5
1900-01-01 04:04:15,7948.0,287854,7948.5,122192,261867,43192,218675,165662,0.5
1900-01-01 04:04:30,7954.0,1037475,7954.5,31501,313913,58885,255028,1005974,0.5
1900-01-01 04:04:45,7957.5,22042,7958.0,7054,765470,147656,617814,14988,0.5
1900-01-01 04:05:00,7965.5,587996,7966.0,87696,2154739,182798,1971941,500300,0.5
1900-01-01 04:05:15,7954.0,36665,7954.5,359900,490689,306726,183963,-323235,0.5
1900-01-01 04:05:30,7953.5,97096,7954.0,337896,815686,926453,-110767,-240800,0.5
1900-01-01 04:05:45,7947.0,33343,7947.5,415228,80641,1048519,-967878,-381885,0.5
1900-01-01 04:06:00,7937.5,930,7938.0,91457,30128,594778,-564650,-90527,0.5
1900-01-01 04:06:15,7939.5,11811,7940.0,565430,165040,449329,-284289,-553619,0.5
1900-01-01 04:06:30,7932.5,487784,7933.0,22120,124212,901984,-777772,465664,0.5
1900-01-01 04:06:45,7924.0,176523,7924.5,167152,115921,1045984,-930063,9371,0.5
1900-01-01 04:07:00,7924.5,745500,7925.0,137762,527218,1608429,-1081211,607738,0.5
1900-01-01 04:07:15,7930.0,419356,7930.5,504123,496809,596483,-99674,-84767,0.5
1900-01-01 04:07:30,7930.0,229187,7930.5,461993,246888,370925,-124037,-232806,0.5
1900-01-01 04:07:45,7930.0,617342,7930.5,553360,45596,17845,27751,63982,0.5
1900-01-01 04:08:00,7930.0,519111,7930.5,355245,366418,137946,228472,163866,0.5
1900-01-01 04:08:15,7930.0,1147450,7930.5,89649,551512,115771,435741,1057801,0.5
1900-01-01 04:08:30,7937.5,281230,7938.0,194391,1275383,67098,1208285,86839,0.5
1900-01-01 04:08:45,7925.0,669161,7925.5,111361,167200,5475635,-5308435,557800,0.5
1900-01-01 04:09:00,7925.0,31597,7925.5,557160,16220,476165,-459945,-525563,0.5
1900-01-01 04:09:15,7923.0,5086,7923.5,552613,60240,579274,-519034,-547527,0.5
1900-01-01 04:09:30,7915.5,12600,7916.0,622098,119160,1514876,-1395716,-609498,0.5
1900-01-01 04:09:45,7914.5,263122,7915.0,352602,311147,1655835,-1344688,-89480,0.5
1900-01-01 04:10:00,7914.0,121235,7914.5,431323,543401,567139,-23738,-310088,0.5
1900-01-01 04:10:15,7922.0,801191,7922.5,24979,510650,198605,312045,776212,0.5
1900-01-01 04:10:30,7922.5,29896,7923.0,290567,266182,140823,125359,-260671,0.5
1900-01-01 04:10:45,7922.0,278074,7922.5,304537,12590,172960,-160370,-26463,0.5
1900-01-01 04:11:00,7930.5,577371,7931.0,337435,534708,30095,504613,239936,0.5
1900-01-01 04:11:15,7934.5,318771,7935.0,78877,822378,128008,694370,239894,0.5
1900-01-01 04:11:30,7936.0,210027,7936.5,317082,203556,307564,-104008,-107055,0.5
1900-01-01 04:11:45,7934.0,36338,7934.5,240124,924662,317293,607369,-203786,0.5
1900-01-01 04:12:00,7931.5,1100517,7932.0,1380395,37779,281016,-243237,-279878,0.5
1900-01-01 04:12:15,7924.5,59023,7925.0,261508,147460,274334,-126874,-202485,0.5
1900-01-01 04:12:30,7922.0,3400,7922.5,474972,39328,175566,-136238,-471572,0.5
1900-01-01 04:12:45,7922.0,1137841,7922.5,181162,231435,157609,73826,956679,0.5
1900-01-01 04:13:00,7925.0,551911,7925.5,65008,424562,36965,387597,486903,0.5
1900-01-01 04:13:15,7926.5,82482,7927.0,38003,117656,540398,-422742,44479,0.5
1900-01-01 04:13:30,7931.0,129890,7931.5,148337,178322,18129,160193,-18447,0.5
1900-01-01 04:13:45,7929.0,68883,7929.5,236659,58723,38204,20519,-167776,0.5
1900-01-01 04:14:00,7933.0,173404,7933.5,108738,441057,80117,360940,64666,0.5
1900-01-01 04:14:15,7934.5,467424,7935.0,93502,65304,25204,40100,373922,0.5
1900-01-01 04:14:30,7942.5,663905,7943.0,50859,2251417,36868,2214549,613046,0.5
1900-01-01 04:14:45,7946.5,231061,7947.0,113962,238176,104955,133221,117099,0.5
1900-01-01 04:15:00,7941.0,74937,7941.5,74990,219128,182351,36777,-53,0.5
1900-01-01 04:15:15,7938.0,56659,7938.5,227428,29278,500550,-471272,-170769,0.5
1900-01-01 04:15:30,7938.5,153896,7939.0,144575,7713,242973,-235260,9321,0.5
1900-01-01 04:15:45,7943.0,148488,7943.5,306144,154178,38709,115469,-157656,0.5
1900-01-01 04:16:00,7943.0,246663,7943.5,239490,159095,90469,68626,7173,0.5
1900-01-01 04:16:15,7944.0,1643357,7944.5,166123,595600,32532,563068,1477234,0.5
1900-01-01 04:16:30,7947.0,600916,7947.5,4785,603060,13883,589177,596131,0.5
1900-01-01 04:16:45,7951.5,653406,7952.0,294498,575714,191171,384543,358908,0.5
1900-01-01 04:17:00,7956.5,564433,7957.0,138135,380083,35208,344875,426298,0.5
1900-01-01 04:17:15,7959.5,423994,7960.0,130506,632222,58921,573301,293488,0.5
1900-01-01 04:17:30,7952.0,1025121,7952.5,59240,163317,793086,-629769,965881,0.5
1900-01-01 04:17:45,7950.0,572659,7950.5,473530,165651,182599,-16948,99129,0.5
1900-01-01 04:18:00,7941.0,1059726,7941.5,569,65962,1149243,-1083281,1059157,0.5
1900-01-01 04:18:15,7928.0,85514,7928.5,309352,34762,406952,-372190,-223838,0.5
1900-01-01 04:18:30,7924.0,252409,7924.5,186333,95275,480794,-385519,66076,0.5
1900-01-01 04:18:45,7927.5,502038,7928.0,370,453647,366267,87380,501668,0.5
1900-01-01 04:19:00,7923.0,65328,7923.5,477616,122839,126629,-3790,-412288,0.5
1900-01-01 04:19:15,7923.0,41658,7923.5,15946,204741,152530,52211,25712,0.5
1900-01-01 04:19:30,7916.0,5612,7916.5,325473,222274,524812,-302538,-319861,0.5
1900-01-01 04:19:45,7912.5,31632,7913.0,423667,249577,894033,-644456,-392035,0.5
1900-01-01 04:20:00,7917.5,81015,7918.0,14200,534156,577135,-42979,66815,0.5
1900-01-01 04:20:15,7920.5,9930,7921.0,600862,623515,343688,279827,-590932,0.5
1900-01-01 04:20:30,7914.0,728441,7914.5,244807,64610,253676,-189066,483634,0.5
1900-01-01 04:20:45,7919.5,61627,7920.0,367923,293809,154816,138993,-306296,0.5
1900-01-01 04:21:00,7910.0,146589,7910.5,377732,14993,848942,-833949,-231143,0.5
1900-01-01 04:21:15,7926.0,14898,7926.5,39612,968597,961716,6881,-24714,0.5
1900-01-01 04:21:30,7918.0,4317,7918.5,567324,732443,194817,537626,-563007,0.5
1900-01-01 04:21:45,7909.5,606627,7910.0,227272,1858006,286341,1571665,379355,0.5
1900-01-01 04:22:00,7907.0,646,7907.5,62348,186906,602916,-416010,-61702,0.5
1900-01-01 04:22:15,7891.0,63943,7891.5,148793,58887,888558,-829671,-84850,0.5
1900-01-01 04:22:30,7866.0,123504,7866.5,16059,442979,2142221,-1699242,107445,0.5
1900-01-01 04:22:45,7889.5,54352,7890.0,8585,1604102,12646864,-11042762,45767,0.5
1900-01-01 04:23:00,7892.5,11161,7893.0,1106989,624880,446459,178421,-1095828,0.5
1900-01-01 04:23:15,7888.0,126371,7888.5,4648,429228,832434,-403206,121723,0.5
1900-01-01 04:23:30,7903.5,710781,7904.0,115067,1897396,2473674,-576278,595714,0.5
1900-01-01 04:23:45,7903.5,425315,7904.0,142367,1337241,242100,1095141,282948,0.5
1900-01-01 04:24:00,7892.5,39824,7893.0,33342,181626,526807,-345181,6482,0.5
1900-01-01 04:24:15,7892.5,267606,7893.0,52516,421911,210840,211071,215090,0.5
1900-01-01 04:24:30,7894.5,88508,7895.0,763430,175691,112064,63627,-674922,0.5
1900-01-01 04:24:45,7891.5,480146,7892.0,423167,116976,463014,-346038,56979,0.5
1900-01-01 04:25:00,7894.5,627169,7895.0,135109,2003516,293737,1709779,492060,0.5
1900-01-01 04:25:15,7894.0,11228,7894.5,294811,292126,111464,180662,-283583,0.5
1900-01-01 04:25:30,7888.5,131363,7889.0,3423349,171004,220849,-49845,-3291986,0.5
1900-01-01 04:25:45,7888.0,8000,7888.5,2324,1560247,693128,867119,5676,0.5
1900-01-01 04:26:00,7887.5,512385,7888.0,248,380629,111819,268810,512137,0.5
1900-01-01 04:26:15,7896.5,96639,7897.0,364172,887526,39298,848228,-267533,0.5
1900-01-01 04:26:30,7896.5,743061,7897.0,7392,238823,84591,154232,735669,0.5
1900-01-01 04:26:45,7902.5,344252,7903.0,47951,256352,23225,233127,296301,0.5
1900-01-01 04:27:00,7904.5,612653,7905.0,17064,460825,33309,427516,595589,0.5
1900-01-01 04:27:15,7910.0,2030,7910.5,231971,633720,37811,595909,-229941,0.5
1900-01-01 04:27:30,7910.0,573036,7910.5,393010,490997,62068,428929,180026,0.5
1900-01-01 04:27:45,7910.0,1173381,7910.5,166424,400193,57148,343045,1006957,0.5
1900-01-01 04:28:00,7910.5,754552,7911.0,377820,147446,36194,111252,376732,0.5
1900-01-01 04:28:15,7913.0,575308,7913.5,116722,436297,37584,398713,458586,0.5
1900-01-01 04:28:30,7914.5,206334,7915.0,304291,672404,91698,580706,-97957,0.5
1900-01-01 04:28:45,7914.5,253320,7915.0,263418,104182,107278,-3096,-10098,0.5
1900-01-01 04:29:00,7916.0,1126486,7916.5,104083,638880,67716,571164,1022403,0.5
1900-01-01 04:29:15,7921.5,159197,7922.0,114270,568363,5414,562949,44927,0.5
1900-01-01 04:29:30,7919.0,111207,7919.5,570304,576407,324660,251747,-459097,0.5
1900-01-01 04:29:45,7915.0,517859,7915.5,186720,139576,377996,-238420,331139,0.5
1900-01-01 04:30:00,7915.0,308432,7915.5,338069,70762,59322,11440,-29637,0.5
1900-01-01 04:30:15,7915.0,142015,7915.5,362685,81410,361543,-280133,-220670,0.5
1900-01-01 04:30:30,7910.5,563440,7911.0,173137,32286,203267,-170981,390303,0.5
1900-01-01 04:30:45,7904.5,58030,7905.0,105299,100766,279295,-178529,-47269,0.5
1900-01-01 04:31:00,7901.5,68518,7902.0,421551,153310,3480867,-3327557,-353033,0.5
1900-01-01 04:31:15,7908.0,387841,7908.5,144868,457489,84184,373305,242973,0.5
1900-01-01 04:31:30,7905.0,112579,7905.5,445149,222466,338312,-115846,-332570,0.5
1900-01-01 04:31:45,7905.0,72890,7905.5,363880,40128,30652,9476,-290990,0.5
1900-01-01 04:32:00,7909.5,304225,7910.0,89302,375237,86860,288377,214923,0.5
1900-01-01 04:32:15,7910.0,599707,7910.5,50426,131686,43928,87758,549281,0.5
1900-01-01 04:32:30,7912.0,137204,7912.5,245940,222175,58315,163860,-108736,0.5
1900-01-01 04:32:45,7913.5,369029,7914.0,61934,46567,126374,-79807,307095,0.5
1900-01-01 04:33:00,7912.0,547230,7912.5,10491,380026,45751,334275,536739,0.5
1900-01-01 04:33:15,7915.0,389331,7915.5,205041,246275,9170,237105,184290,0.5
1900-01-01 04:33:30,7915.0,383379,7915.5,225256,40322,10840,29482,158123,0.5
1900-01-01 04:33:45,7915.5,131654,7916.0,59739,71004,113078,-42074,71915,0.5
1900-01-01 04:34:00,7921.5,948182,7922.0,27434,722675,49496,673179,920748,0.5
1900-01-01 04:34:15,7921.0,52621,7921.5,821657,253513,368052,-114539,-769036,0.5
1900-01-01 04:34:30,7915.0,218397,7915.5,225940,54283,182925,-128642,-7543,0.5
1900-01-01 04:34:45,7916.0,29721,7916.5,435338,42108,35911,6197,-405617,0.5
1900-01-01 04:35:00,7912.5,12397,7913.0,887789,20858,283053,-262195,-875392,0.5
1900-01-01 04:35:15,7909.0,1625,7909.5,1192307,356,126799,-126443,-1190682,0.5
1900-01-01 04:35:30,7908.0,320,7908.5,498332,39080,123297,-84217,-498012,0.5
1900-01-01 04:35:45,7905.5,230208,7906.0,858790,5426,159748,-154322,-628582,0.5
1900-01-01 04:36:00,7902.0,596378,7902.5,51783,356644,390082,-33438,544595,0.5
1900-01-01 04:36:15,7904.5,484286,7905.0,30582,325970,81079,244891,453704,0.5
1900-01-01 04:36:30,7904.0,19703,7904.5,295611,150397,204658,-54261,-275908,0.5
1900-01-01 04:36:45,7903.5,7476,7904.0,443371,14346,28614,-14268,-435895,0.5
1900-01-01 04:37:00,7902.0,716604,7902.5,203332,27988,50217,-22229,513272,0.5
1900-01-01 04:37:15,7903.0,256978,7903.5,176201,208390,72865,135525,80777,0.5
1900-01-01 04:37:30,7902.0,102593,7902.5,426021,26617,81819,-55202,-323428,0.5
1900-01-01 04:37:45,7896.0,22543,7896.5,156337,217956,705577,-487621,-133794,0.5
1900-01-01 04:38:00,7893.5,400800,7894.0,79400,52063,95916,-43853,321400,0.5
1900-01-01 04:38:15,7891.0,1361346,7891.5,8861,173017,132568,40449,1352485,0.5
1900-01-01 04:38:30,7894.5,1018900,7895.0,26471,167578,38684,128894,992429,0.5
1900-01-01 04:38:45,7886.5,580882,7887.0,176669,181707,314938,-133231,404213,0.5
1900-01-01 04:39:00,7887.5,7291,7888.0,1051461,143689,51254,92435,-1044170,0.5
1900-01-01 04:39:15,7889.0,159915,7889.5,1097,228792,219736,9056,158818,0.5
1900-01-01 04:39:30,7892.0,17496,7892.5,213704,358523,92144,266379,-196208,0.5
1900-01-01 04:39:45,7894.0,29577,7894.5,565612,75603,48951,26652,-536035,0.5
1900-01-01 04:40:00,7894.0,128631,7894.5,742007,14930,31533,-16603,-613376,0.5
1900-01-01 04:40:15,7891.0,80552,7891.5,577908,259965,63991,195974,-497356,0.5
1900-01-01 04:40:30,7885.0,13584,7885.5,396470,48582,228063,-179481,-382886,0.5
1900-01-01 04:40:45,7878.0,71917,7878.5,654534,156814,813584,-656770,-582617,0.5
1900-01-01 04:41:00,7866.5,566552,7867.0,182397,24485,1645788,-1621303,384155,0.5
1900-01-01 04:41:15,7874.5,359404,7875.0,354797,411933,492945,-81012,4607,0.5
1900-01-01 04:41:30,7874.0,802845,7874.5,302359,148377,112060,36317,500486,0.5
1900-01-01 04:41:45,7872.0,431096,7872.5,296666,108774,350646,-241872,134430,0.5
1900-01-01 04:42:00,7863.0,244046,7863.5,137148,349724,1169001,-819277,106898,0.5
1900-01-01 04:42:15,7860.0,1192571,7860.5,2943,404539,560906,-156367,1189628,0.5
1900-01-01 04:42:30,7866.0,20226,7866.5,613539,102340,345762,-243422,-593313,0.5
1900-01-01 04:42:45,7874.0,422425,7874.5,11982,1174800,192886,981914,410443,0.5
1900-01-01 04:43:00,7883.0,320612,7883.5,107578,594626,17833,576793,213034,0.5
1900-01-01 04:43:15,7884.0,225199,7884.5,73988,705351,144344,561007,151211,0.5
1900-01-01 04:43:30,7891.0,66142,7891.5,2,242267,400668,-158401,66140,0.5
1900-01-01 04:43:45,7891.0,326333,7891.5,73754,220657,785,219872,252579,0.5
1900-01-01 04:44:00,7897.0,383188,7897.5,273993,437600,270297,167303,109195,0.5
1900-01-01 04:44:15,7910.0,126569,7910.5,66851,3332306,131336,3200970,59718,0.5
1900-01-01 04:44:30,7901.5,307447,7902.0,213439,250636,93246,157390,94008,0.5
1900-01-01 04:44:45,7896.0,74886,7896.5,505839,107677,107922,-245,-430953,0.5
1900-01-01 04:45:00,7890.5,566580,7891.0,271915,145436,138452,6984,294665,0.5
1900-01-01 04:45:15,7890.5,1296201,7891.0,32570,269788,239206,30582,1263631,0.5
1900-01-01 04:45:30,7890.5,1502618,7891.0,1094579,26765,36590,-9825,408039,0.5
1900-01-01 04:45:45,7899.5,964829,7900.0,1199311,453163,72020,381143,-234482,0.5
1900-01-01 04:46:00,7899.5,879190,7900.0,637942,648883,368552,280331,241248,0.5
1900-01-01 04:46:15,7899.5,587351,7900.0,63714,148711,32962,115749,523637,0.5
1900-01-01 04:46:30,7900.5,125138,7901.0,389897,275814,136744,139070,-264759,0.5
1900-01-01 04:46:45,7902.5,444244,7903.0,10902,61717,49288,12429,433342,0.5
1900-01-01 04:47:00,7905.0,442323,7905.5,95941,53590,15273,38317,346382,0.5
1900-01-01 04:47:15,7906.5,792080,7907.0,162072,322336,14908,307428,630008,0.5
1900-01-01 04:47:30,7911.0,190301,7911.5,51491,212052,231414,-19362,138810,0.5
1900-01-01 04:47:45,7914.5,55946,7915.0,510413,143670,279937,-136267,-454467,0.5
1900-01-01 04:48:00,7919.5,135227,7920.0,82067,233885,71802,162083,53160,0.5
1900-01-01 04:48:15,7917.0,43,7917.5,928834,131619,93121,38498,-928791,0.5
1900-01-01 04:48:30,7919.0,66261,7919.5,494205,333293,155931,177362,-427944,0.5
1900-01-01 04:48:45,7914.0,400779,7914.5,22559,67602,106011,-38409,378220,0.5
1900-01-01 04:49:00,7914.0,617947,7914.5,80735,38864,9695,29169,537212,0.5
1900-01-01 04:49:15,7914.0,1753786,7914.5,153214,21697,3221,18476,1600572,0.5
1900-01-01 04:49:30,7914.0,2003378,7914.5,53579,101952,32497,69455,1949799,0.5
1900-01-01 04:49:45,7920.0,770209,7920.5,13308,312933,23717,289216,756901,0.5
1900-01-01 04:50:00,7923.5,1556097,7924.0,33906,209760,36546,173214,1522191,0.5
1900-01-01 04:50:15,7932.0,62587,7932.5,9506,780278,34025,746253,53081,0.5
1900-01-01 04:50:30,7944.0,564703,7944.5,635823,681369,56201,625168,-71120,0.5
1900-01-01 04:50:45,7941.0,32545,7941.5,857151,291061,305453,-14392,-824606,0.5
1900-01-01 04:51:00,7939.0,37895,7939.5,1144753,435093,644576,-209483,-1106858,0.5
1900-01-01 04:51:15,7943.5,186800,7944.0,116119,237642,146845,90797,70681,0.5
1900-01-01 04:51:30,7959.5,49622,7960.0,130802,581402,222264,359138,-81180,0.5
1900-01-01 04:51:45,7964.0,483585,7964.5,109398,2846603,373469,2473134,374187,0.5
1900-01-01 04:52:00,7978.0,600,7979.0,143967,2026012,294353,1731659,-143367,1.0
1900-01-01 04:52:15,7978.0,96992,7978.5,46051,1630792,488402,1142390,50941,0.5
1900-01-01 04:52:30,7989.0,77197,7989.5,327138,2044517,446703,1597814,-249941,0.5
1900-01-01 04:52:45,7975.0,39132,7975.5,357036,677355,661391,15964,-317904,0.5
1900-01-01 04:53:00,7981.0,245181,7981.5,4072,629336,324259,305077,241109,0.5
1900-01-01 04:53:15,7987.0,341365,7987.5,157482,1962022,625921,1336101,183883,0.5
1900-01-01 04:53:30,7998.5,162019,7999.0,215850,1162516,81291,1081225,-53831,0.5
1900-01-01 04:53:45,8004.0,89986,8005.0,183638,6976449,999407,5977042,-93652,1.0
1900-01-01 04:54:00,8029.5,35042,8030.0,22,4067013,108330,3958683,35020,0.5
1900-01-01 04:54:15,8030.5,280772,8031.0,58849,6456985,1182754,5274231,221923,0.5
1900-01-01 04:54:30,8017.0,56137,8017.5,131099,3503288,1569088,1934200,-74962,0.5
1900-01-01 04:54:45,7990.5,8956,7994.5,12000,802439,2027759,-1225320,-3044,4.0
1900-01-01 04:55:00,7988.5,142613,7989.0,536261,543062,1270717,-727655,-393648,0.5
1900-01-01 04:55:15,7998.0,300758,7998.5,309753,1012509,281156,731353,-8995,0.5
1900-01-01 04:55:30,7998.0,329927,7998.5,434931,840919,250724,590195,-105004,0.5
1900-01-01 04:55:45,7980.5,91558,7986.0,7967,286632,1765997,-1479365,83591,5.5
1900-01-01 04:56:00,7986.0,76376,7986.5,77489,232686,362763,-130077,-1113,0.5
1900-01-01 04:56:15,7990.5,332035,7991.0,129032,346759,54178,292581,203003,0.5
1900-01-01 04:56:30,7994.0,58606,7994.5,710177,637538,395588,241950,-651571,0.5
1900-01-01 04:56:45,7999.5,438652,8000.0,492222,688553,134512,554041,-53570,0.5
1900-01-01 04:57:00,7999.5,428296,8000.0,31486,421615,243382,178233,396810,0.5
1900-01-01 04:57:15,8004.5,11159,8005.0,133581,110362,68715,41647,-122422,0.5
1900-01-01 04:57:30,8009.5,63610,8010.0,601482,320542,485682,-165140,-537872,0.5
1900-01-01 04:57:45,8016.0,265024,8016.5,19566,835501,96275,739226,245458,0.5
1900-01-01 04:58:00,8013.0,305794,8013.5,467210,241649,156938,84711,-161416,0.5
1900-01-01 04:58:15,8002.5,4379,8003.0,21932,46227,2226291,-2180064,-17553,0.5
1900-01-01 04:58:30,7988.5,803671,7989.0,109045,53562,444648,-391086,694626,0.5
1900-01-01 04:58:45,7990.5,184086,7991.0,117078,294078,706985,-412907,67008,0.5
1900-01-01 04:59:00,7990.0,272802,7990.5,148888,37690,978853,-941163,123914,0.5
1900-01-01 04:59:15,7988.0,520150,7988.5,136214,45601,743192,-697591,383936,0.5
1900-01-01 04:59:30,7999.5,223863,8000.0,682302,637246,224868,412378,-458439,0.5
1900-01-01 04:59:45,7991.5,774926,7992.0,17970,158762,331564,-172802,756956,0.5
1900-01-01 05:00:00,7993.0,357926,7993.5,39261,64421,196813,-132392,318665,0.5
1900-01-01 05:00:15,7993.0,13999,7993.5,803896,576691,674934,-98243,-789897,0.5
1900-01-01 05:00:30,7985.0,95857,7987.0,7406,61384,628571,-567187,88451,2.0
1900-01-01 05:00:45,7982.0,444607,7982.5,98836,91040,972687,-881647,345771,0.5
1900-01-01 05:01:00,7980.0,151835,7980.5,438356,159885,801958,-642073,-286521,0.5
1900-01-01 05:01:15,7972.0,196461,7972.5,209712,48168,583996,-535828,-13251,0.5
1900-01-01 05:01:30,7971.0,92171,7971.5,176878,149212,922852,-773640,-84707,0.5
1900-01-01 05:01:45,7976.0,360018,7976.5,187717,967242,125379,841863,172301,0.5
1900-01-01 05:02:00,7971.5,645139,7972.0,69264,340593,131960,208633,575875,0.5
1900-01-01 05:02:15,7977.5,546017,7978.0,62075,295070,128968,166102,483942,0.5
1900-01-01 05:02:30,7976.0,6036,7976.5,662415,123143,221669,-98526,-656379,0.5
1900-01-01 05:02:45,7975.0,290072,7975.5,425457,43320,229842,-186522,-135385,0.5
1900-01-01 05:03:00,7971.0,96992,7971.5,485201,146258,220353,-74095,-388209,0.5
1900-01-01 05:03:15,7966.0,1131285,7966.5,16124,116635,432649,-316014,1115161,0.5
1900-01-01 05:03:30,7975.5,423934,7976.0,8916,1132207,188498,943709,415018,0.5
1900-01-01 05:03:45,7983.0,713956,7983.5,172821,161459,169554,-8095,541135,0.5
1900-01-01 05:04:00,7983.0,350977,7983.5,125726,287121,224826,62295,225251,0.5
1900-01-01 05:04:15,7984.5,104879,7985.0,521982,213885,109136,104749,-417103,0.5
1900-01-01 05:04:30,7980.5,296486,7981.0,1088592,80558,242720,-162162,-792106,0.5
1900-01-01 05:04:45,7980.0,970853,7980.5,323970,147681,825698,-678017,646883,0.5
1900-01-01 05:05:00,7981.5,872652,7982.0,40682,942496,264197,678299,831970,0.5
1900-01-01 05:05:15,7994.5,1924659,7995.0,116795,567911,71612,496299,1807864,0.5
1900-01-01 05:05:30,7989.5,32383,7990.0,323365,251726,246270,5456,-290982,0.5
1900-01-01 05:05:45,7998.0,12664,7998.5,467082,189335,65431,123904,-454418,0.5
1900-01-01 05:06:00,7993.0,450855,7993.5,15909,103753,166812,-63059,434946,0.5
1900-01-01 05:06:15,7990.5,45203,7991.0,411932,201561,205067,-3506,-366729,0.5
1900-01-01 05:06:30,7995.5,22525,7996.0,681148,33119,444931,-411812,-658623,0.5
1900-01-01 05:06:45,7992.0,1077997,7992.5,170,267342,46818,220524,1077827,0.5
1900-01-01 05:07:00,7996.5,512520,7997.0,276129,541701,70542,471159,236391,0.5
1900-01-01 05:07:15,7999.0,1214325,7999.5,187527,511093,24557,486536,1026798,0.5
1900-01-01 05:07:30,8008.5,501140,8009.0,267553,666627,97834,568793,233587,0.5
1900-01-01 05:07:45,8013.0,348057,8013.5,1681,407649,185321,222328,346376,0.5
1900-01-01 05:08:00,8022.5,3105,8023.0,130856,1002210,32364,969846,-127751,0.5
1900-01-01 05:08:15,8015.5,1106921,8016.0,43992,408513,342702,65811,1062929,0.5
1900-01-01 05:08:30,8023.0,1210585,8023.5,17648,331836,60468,271368,1192937,0.5
1900-01-01 05:08:45,8029.5,219815,8030.0,761030,677520,335274,342246,-541215,0.5
1900-01-01 05:09:00,8029.0,316321,8029.5,550304,406198,343765,62433,-233983,0.5
1900-01-01 05:09:15,8016.0,31424,8016.5,419094,220401,391669,-171268,-387670,0.5
1900-01-01 05:09:30,8015.5,30000,8016.0,36233,246544,235140,11404,-6233,0.5
1900-01-01 05:09:45,8014.5,314221,8015.0,577521,908304,325391,582913,-263300,0.5
1900-01-01 05:10:00,8002.0,62175,8002.5,177300,90903,517022,-426119,-115125,0.5
1900-01-01 05:10:15,8008.5,1403,8009.0,214368,98444,289718,-191274,-212965,0.5
1900-01-01 05:10:30,8001.0,13969,8001.5,287284,45602,144457,-98855,-273315,0.5
1900-01-01 05:11:45,8008.5,333176,8009.0,27602,239223,8376,230847,305574,0.5
1900-01-01 05:12:00,8012.0,609501,8012.5,69451,195791,44515,151276,540050,0.5
1900-01-01 05:12:15,8012.0,252427,8012.5,645388,35564,51893,-16329,-392961,0.5
1900-01-01 05:12:30,8010.5,17367,8011.0,867042,88504,300991,-212487,-849675,0.5
1900-01-01 05:12:45,8002.5,356866,8003.0,593589,52871,81918,-29047,-236723,0.5
1900-01-01 05:13:00,8000.0,78233,8000.5,938119,193714,498749,-305035,-859886,0.5
1900-01-01 05:13:15,8000.0,563102,8000.5,122,19358,189504,-170146,562980,0.5
1900-01-01 05:13:30,7990.0,721151,7990.5,274404,116552,708564,-592012,446747,0.5
1900-01-01 05:13:45,7993.5,67957,7994.0,497311,201769,214246,-12477,-429354,0.5
1900-01-01 05:14:00,7993.5,50536,7994.0,618199,31094,54830,-23736,-567663,0.5
1900-01-01 05:14:15,7991.0,306592,7991.5,177048,165916,136062,29854,129544,0.5
1900-01-01 05:14:30,7997.0,1240220,7997.5,22310,104482,44085,60397,1217910,0.5
1900-01-01 05:14:45,8002.5,179073,8003.0,35000,455479,43565,411914,144073,0.5
1900-01-01 05:15:00,8004.5,42409,8005.0,523767,262174,208982,53192,-481358,0.5
1900-01-01 05:15:15,8000.0,412366,8000.5,847479,117623,37496,80127,-435113,0.5
1900-01-01 05:15:30,7992.0,96886,7992.5,836425,47094,357812,-310718,-739539,0.5
1900-01-01 05:15:45,7990.0,123842,7990.5,529218,30850,101002,-70152,-405376,0.5
1900-01-01 05:16:00,7982.0,36180,7982.5,856199,6590,355682,-349092,-820019,0.5
1900-01-01 05:16:15,7976.5,102468,7977.0,410648,40954,2131785,-2090831,-308180,0.5
1900-01-01 05:16:30,7979.5,32092,7980.0,498299,85707,418359,-332652,-466207,0.5
1900-01-01 05:16:45,7992.0,152504,7992.5,5040,193842,51614,142228,147464,0.5
1900-01-01 05:17:00,7985.5,32,7986.0,35744,201984,153730,48254,-35712,0.5
1900-01-01 05:17:15,7985.0,9900,7985.5,377211,661079,405020,256059,-367311,0.5
1900-01-01 05:17:30,7975.0,1156427,7975.5,42276,75412,233295,-157883,1114151,0.5
1900-01-01 05:17:45,7975.0,490050,7975.5,369754,141901,156736,-14835,120296,0.5
1900-01-01 05:18:00,7979.5,179178,7980.0,352247,200487,94328,106159,-173069,0.5
1900-01-01 05:18:15,7976.5,232189,7977.0,438756,23706,45193,-21487,-206567,0.5
1900-01-01 05:18:30,7975.5,140525,7976.0,566614,77026,278593,-201567,-426089,0.5
1900-01-01 05:18:45,7986.5,143374,7987.0,358519,121381,233066,-111685,-215145,0.5
1900-01-01 05:19:00,7979.5,354669,7980.0,425247,595003,48526,546477,-70578,0.5
1900-01-01 05:19:15,7982.5,232808,7983.0,361072,85434,82112,3322,-128264,0.5
1900-01-01 05:19:30,7985.0,128864,7985.5,567452,104689,116327,-11638,-438588,0.5
1900-01-01 05:19:45,7983.0,475128,7983.5,812333,410,287193,-286783,-337205,0.5
1900-01-01 05:20:00,7975.0,115282,7975.5,677235,11057,221352,-210295,-561953,0.5
1900-01-01 05:20:15,7970.0,196058,7970.5,759386,38201,397219,-359018,-563328,0.5
1900-01-01 05:20:30,7967.0,45326,7967.5,735791,26503,1686752,-1660249,-690465,0.5
1900-01-01 05:20:45,7965.0,40158,7965.5,701099,27480,458705,-431225,-660941,0.5
1900-01-01 05:21:00,7969.0,211487,7969.5,13466,191649,105425,86224,198021,0.5
1900-01-01 05:21:15,7975.0,207849,7975.5,1179422,250455,273762,-23307,-971573,0.5
1900-01-01 05:21:30,7978.5,1066363,7979.0,112683,172672,377280,-204608,953680,0.5
1900-01-01 05:21:45,7981.0,495898,7981.5,502036,307921,26962,280959,-6138,0.5
1900-01-01 05:22:00,7981.0,468859,7981.5,832013,42209,71456,-29247,-363154,0.5
1900-01-01 05:22:15,7981.0,67975,7981.5,1462664,44812,189701,-144889,-1394689,0.5
1900-01-01 05:22:30,7977.5,1012016,7978.0,7288,50055,210764,-160709,1004728,0.5
1900-01-01 05:22:45,7982.0,1099954,7982.5,39117,358459,103030,255429,1060837,0.5
1900-01-01 05:23:00,7982.5,1421468,7983.0,110080,41455,43074,-1619,1311388,0.5
1900-01-01 05:23:15,7987.5,528713,7988.0,399,394689,33582,361107,528314,0.5
1900-01-01 05:23:30,7994.5,304396,7995.0,716271,362634,16888,345746,-411875,0.5
1900-01-01 05:23:45,7991.0,391061,7991.5,657776,126772,122899,3873,-266715,0.5
1900-01-01 05:24:00,7991.0,154241,7991.5,451624,75275,66562,8713,-297383,0.5
1900-01-01 05:24:15,7990.0,818069,7990.5,215211,178814,722796,-543982,602858,0.5
1900-01-01 05:24:30,7982.0,294813,7982.5,256549,25653,1897728,-1872075,38264,0.5
1900-01-01 05:24:45,7983.0,1208517,7983.5,1071,38205,66868,-28663,1207446,0.5
1900-01-01 05:25:00,7983.0,22028,7983.5,628438,51244,43524,7720,-606410,0.5
1900-01-01 05:25:15,7978.0,279918,7978.5,32666,56429,162437,-106008,247252,0.5
1900-01-01 05:25:30,7982.5,152918,7983.0,331502,131060,16010,115050,-178584,0.5
1900-01-01 05:25:45,7987.0,398708,7987.5,16648,211735,66437,145298,382060,0.5
1900-01-01 05:26:00,7978.5,500467,7979.0,155133,33821,23319,10502,345334,0.5
1900-01-01 05:26:15,7980.5,121847,7981.0,14257,71090,29907,41183,107590,0.5
1900-01-01 05:26:30,7976.0,104690,7976.5,395558,21436,58394,-36958,-290868,0.5
1900-01-01 05:26:45,7975.0,28879,7975.5,523693,19404,170081,-150677,-494814,0.5
1900-01-01 05:27:00,7977.0,468019,7977.5,13834,116356,37374,78982,454185,0.5
1900-01-01 05:27:15,7979.0,280100,7979.5,241278,114186,55080,59106,38822,0.5
1900-01-01 05:27:30,7975.5,1311568,7976.0,42081,34504,129034,-94530,1269487,0.5
1900-01-01 05:27:45,7978.5,34791,7979.0,531464,61145,40018,21127,-496673,0.5
1900-01-01 05:28:00,7978.5,73995,7979.0,745742,6000,22966,-16966,-671747,0.5
1900-01-01 05:28:15,7970.5,43002,7971.0,521183,5982,249735,-243753,-478181,0.5
1900-01-01 05:28:30,7970.0,627385,7970.5,60713,117786,285515,-167729,566672,0.5
1900-01-01 05:28:45,7979.5,68377,7980.0,923064,178332,30654,147678,-854687,0.5
1900-01-01 05:29:00,7978.5,455281,7979.0,347606,112835,47223,65612,107675,0.5
1900-01-01 05:29:15,7978.5,503310,7979.0,156460,70287,57592,12695,346850,0.5
1900-01-01 05:29:30,7978.5,832216,7979.0,183319,30704,8829,21875,648897,0.5
1900-01-01 05:29:45,7978.5,291635,7979.0,359060,148525,44260,104265,-67425,0.5
1900-01-01 05:30:00,7978.5,15186,7979.0,1968318,27123,100546,-73423,-1953132,0.5
1900-01-01 05:30:15,7970.0,143552,7970.5,695145,62151,430560,-368409,-551593,0.5
1900-01-01 05:30:30,7963.0,4216,7963.5,47748,65710,509297,-443587,-43532,0.5
1900-01-01 05:30:45,7957.0,61629,7957.5,692083,29750,939025,-909275,-630454,0.5
1900-01-01 05:31:00,7950.5,454670,7951.0,18690,350692,2743622,-2392930,435980,0.5
1900-01-01 05:31:15,7959.5,498116,7960.0,277470,1088468,219981,868487,220646,0.5
1900-01-01 05:31:30,7954.5,124170,7955.0,218174,237544,421527,-183983,-94004,0.5
1900-01-01 05:31:45,7954.5,279543,7955.0,686715,74778,171808,-97030,-407172,0.5
1900-01-01 05:32:00,7951.5,169829,7952.0,810712,39916,322658,-282742,-640883,0.5
1900-01-01 05:32:15,7942.0,489689,7942.5,688098,62411,1013650,-951239,-198409,0.5
1900-01-01 05:32:30,7942.0,708492,7942.5,452514,297558,536331,-238773,255978,0.5
1900-01-01 05:32:45,7952.0,172820,7953.0,7103,612532,179921,432611,165717,1.0
1900-01-01 05:33:00,7946.0,808393,7946.5,4469,234851,505801,-270950,803924,0.5
1900-01-01 05:33:15,7951.5,569830,7952.0,198350,743903,230005,513898,371480,0.5
1900-01-01 05:33:30,7951.5,563657,7952.0,313707,82050,137179,-55129,249950,0.5
1900-01-01 05:33:45,7961.0,120035,7967.0,75311,857019,134626,722393,44724,6.0
1900-01-01 05:34:00,7978.0,628234,7978.5,4685,571219,30099,541120,623549,0.5
1900-01-01 05:34:15,7967.5,41809,7968.0,543289,192601,323142,-130541,-501480,0.5
1900-01-01 05:34:30,7976.0,55,7976.5,75711,293870,276678,17192,-75656,0.5
1900-01-01 05:34:45,7969.5,40578,7970.0,575964,37092,53421,-16329,-535386,0.5
1900-01-01 05:35:00,7965.0,71625,7965.5,672384,39455,590587,-551132,-600759,0.5
1900-01-01 05:35:15,7963.0,103189,7963.5,1501824,3858,280896,-277038,-1398635,0.5
1900-01-01 05:35:30,7956.0,20000,7956.5,2045,41164,1924155,-1882991,17955,0.5
1900-01-01 05:35:45,7964.0,8057,7964.5,367054,478094,95520,382574,-358997,0.5
1900-01-01 05:36:00,7967.5,567671,7968.0,56951,92014,25528,66486,510720,0.5
1900-01-01 05:36:15,7971.5,614756,7975.0,14790,240662,137066,103596,599966,3.5
1900-01-01 05:36:30,7974.0,645234,7974.5,2814,82996,86182,-3186,642420,0.5
1900-01-01 05:36:45,7981.5,4164,7984.0,50000,257840,18006,239834,-45836,2.5
1900-01-01 05:37:00,7966.0,22008,7966.5,10350,248223,208432,39791,11658,0.5
1900-01-01 05:37:15,7969.5,313440,7970.0,586412,188264,117728,70536,-272972,0.5
1900-01-01 05:37:30,7963.5,363921,7964.0,25000,95218,398055,-302837,338921,0.5
1900-01-01 05:37:45,7969.5,135234,7970.0,590452,248339,24224,224115,-455218,0.5
1900-01-01 05:38:00,7972.5,1090657,7973.0,82922,398495,89229,309266,1007735,0.5
1900-01-01 05:38:15,7974.5,1394276,7975.0,101583,161687,2000,159687,1292693,0.5
1900-01-01 05:38:30,7972.0,133,7972.5,241361,436779,105250,331529,-241228,0.5
1900-01-01 05:38:45,7969.5,408798,7970.0,825,21504,247575,-226071,407973,0.5
1900-01-01 05:39:00,7968.0,315762,7968.5,315992,95145,163335,-68190,-230,0.5
1900-01-01 05:39:15,7972.0,291226,7972.5,757266,82766,13087,69679,-466040,0.5
1900-01-01 05:39:30,7973.5,752861,7974.0,60404,297650,249176,48474,692457,0.5
1900-01-01 05:39:45,7973.5,242608,7974.0,543639,12980,11412,1568,-301031,0.5
1900-01-01 05:40:00,7970.0,43099,7970.5,1353289,43026,66412,-23386,-1310190,0.5
1900-01-01 05:40:15,7968.5,10737,7969.0,465069,257957,58842,199115,-454332,0.5
1900-01-01 05:40:30,7962.5,510439,7963.0,186084,72234,115591,-43357,324355,0.5
1900-01-01 05:40:45,7964.5,303078,7965.0,309030,24719,16030,8689,-5952,0.5
1900-01-01 05:41:00,7969.5,481890,7970.0,112918,70737,27446,43291,368972,0.5
1900-01-01 05:41:15,7976.5,232341,7977.0,1160,283822,42805,241017,231181,0.5
1900-01-01 05:41:30,7968.5,604331,7969.0,77704,48043,30722,17321,526627,0.5
1900-01-01 05:41:45,7970.5,83848,7971.0,498878,304836,199988,104848,-415030,0.5
1900-01-01 05:42:00,7970.5,108642,7971.0,338433,125980,55704,70276,-229791,0.5
1900-01-01 05:42:15,7974.5,237899,7975.0,230556,187144,17208,169936,7343,0.5
1900-01-01 05:42:30,7972.5,65234,7973.0,214139,98337,148100,-49763,-148905,0.5
1900-01-01 05:42:45,7971.0,1123,7971.5,167470,12159,20786,-8627,-166347,0.5
1900-01-01 05:43:00,7968.0,48381,7968.5,644652,5948,431770,-425822,-596271,0.5
1900-01-01 05:43:15,7965.0,9856,7965.5,477076,51668,123776,-72108,-467220,0.5
1900-01-01 05:43:30,7961.0,22527,7961.5,523888,51860,118121,-66261,-501361,0.5
1900-01-01 05:43:45,7956.5,298966,7957.0,7974,44193,348706,-304513,290992,0.5
1900-01-01 05:44:00,7957.5,802237,7958.0,220528,120432,31544,88888,581709,0.5
1900-01-01 05:44:15,7960.5,2437,7961.0,291983,300830,155587,145243,-289546,0.5
1900-01-01 05:44:30,7960.0,466908,7960.5,380036,46316,161464,-115148,86872,0.5
1900-01-01 05:44:45,7958.0,3509,7958.5,833309,72365,119895,-47530,-829800,0.5
1900-01-01 05:45:00,7959.5,724147,7960.0,67750,119080,201348,-82268,656397,0.5
1900-01-01 05:45:15,7961.5,573830,7962.0,18535,144280,27222,117058,555295,0.5
1900-01-01 05:45:30,7966.0,464231,7966.5,24386,99432,9704,89728,439845,0.5
1900-01-01 05:45:45,7966.5,779607,7967.0,11176,49221,2692,46529,768431,0.5
1900-01-01 05:46:00,7970.0,495794,7970.5,1649,422232,36894,385338,494145,0.5
1900-01-01 05:46:15,7971.5,568108,7972.0,289290,272346,132184,140162,278818,0.5
1900-01-01 05:46:30,7970.0,54372,7970.5,1450362,26621,276716,-250095,-1395990,0.5
1900-01-01 05:46:45,7967.5,1112904,7968.0,77642,14410,70963,-56553,1035262,0.5
1900-01-01 05:47:00,7967.5,514135,7968.0,548894,51975,39662,12313,-34759,0.5
1900-01-01 05:47:15,7967.5,507212,7968.0,876137,26578,81595,-55017,-368925,0.5
1900-01-01 05:47:30,7962.0,50702,7963.5,227897,233608,682993,-449385,-177195,1.5
1900-01-01 05:47:45,7963.0,96819,7963.5,280580,26062,28862,-2800,-183761,0.5
1900-01-01 05:48:00,7960.0,6344,7960.5,448455,3914,118351,-114437,-442111,0.5
1900-01-01 05:48:15,7953.5,119415,7954.0,398664,31435,359151,-327716,-279249,0.5
1900-01-01 05:48:30,7958.0,174376,7958.5,78126,136492,204894,-68402,96250,0.5
1900-01-01 05:48:45,7955.5,43237,7957.0,715657,71052,79296,-8244,-672420,1.5
1900-01-01 05:49:00,7955.5,13946,7956.0,522729,25248,77909,-52661,-508783,0.5
1900-01-01 05:49:15,7954.0,78308,7954.5,695187,18592,462955,-444363,-616879,0.5
1900-01-01 05:49:30,7953.0,158668,7953.5,670194,61763,136950,-75187,-511526,0.5
1900-01-01 05:49:45,7953.0,140738,7953.5,622620,59368,175884,-116516,-481882,0.5
1900-01-01 05:50:00,7949.0,10988,7949.5,793460,151282,449740,-298458,-782472,0.5
1900-01-01 05:50:15,7937.0,240441,7937.5,118600,108972,942136,-833164,121841,0.5
1900-01-01 05:50:30,7943.5,252555,7944.0,11882,889157,544622,344535,240673,0.5
1900-01-01 05:50:45,7933.0,373204,7933.5,160655,188957,495274,-306317,212549,0.5
1900-01-01 05:51:00,7946.0,93424,7946.5,130037,664951,309052,355899,-36613,0.5
1900-01-01 05:51:15,7941.0,22651,7941.5,487347,56285,78503,-22218,-464696,0.5
1900-01-01 05:51:30,7944.0,5000,7944.5,1022912,183368,159556,23812,-1017912,0.5
1900-01-01 05:51:45,7941.0,68197,7941.5,532007,60898,85238,-24340,-463810,0.5
1900-01-01 05:52:00,7933.0,482533,7933.5,208258,102483,328026,-225543,274275,0.5
1900-01-01 05:52:15,7935.5,75022,7936.0,449268,230742,34889,195853,-374246,0.5
1900-01-01 05:52:30,7933.5,917265,7934.0,7170,91814,87093,4721,910095,0.5
1900-01-01 05:52:45,7937.5,148654,7938.0,105,143356,359,142997,148549,0.5
1900-01-01 05:53:00,7946.5,478,7947.0,1036611,424413,104486,319927,-1036133,0.5
1900-01-01 05:53:15,7945.0,455190,7945.5,58314,180703,69093,111610,396876,0.5
1900-01-01 05:53:30,7933.0,77033,7933.5,325285,60394,464916,-404522,-248252,0.5
1900-01-01 05:53:45,7927.0,145652,7927.5,247284,123984,455464,-331480,-101632,0.5
1900-01-01 05:54:00,7933.5,44946,7934.0,449925,192912,361090,-168178,-404979,0.5
1900-01-01 05:54:15,7930.0,176644,7930.5,422986,128574,638192,-509618,-246342,0.5
1900-01-01 05:54:30,7926.5,246947,7927.0,114728,132086,434375,-302289,132219,0.5
1900-01-01 05:54:45,7926.5,243830,7927.0,467639,19786,173582,-153796,-223809,0.5
1900-01-01 05:55:00,7933.5,33196,7934.0,535422,386008,74593,311415,-502226,0.5
1900-01-01 05:55:15,7934.5,153660,7935.0,435231,120472,167462,-46990,-281571,0.5
1900-01-01 05:55:30,7934.5,1062700,7935.0,85042,152100,39434,112666,977658,0.5
1900-01-01 05:55:45,7936.5,675534,7937.0,90209,217430,33731,183699,585325,0.5
1900-01-01 05:56:00,7943.5,343020,7944.0,21939,344449,34164,310285,321081,0.5
1900-01-01 05:56:15,7945.5,534648,7946.0,836734,305170,88008,217162,-302086,0.5
1900-01-01 05:56:30,7942.0,12933,7943.5,126730,102240,1478702,-1376462,-113797,1.5
1900-01-01 05:56:45,7939.0,354853,7939.5,331,275874,416586,-140712,354522,0.5
1900-01-01 05:57:00,7941.0,141840,7941.5,355780,352596,110502,242094,-213940,0.5
1900-01-01 05:57:15,7941.0,18519,7941.5,738400,36540,25230,11310,-719881,0.5
1900-01-01 05:57:30,7940.0,412178,7940.5,184282,61050,38768,22282,227896,0.5
1900-01-01 05:57:45,7943.0,278980,7943.5,568686,819340,44564,774776,-289706,0.5
1900-01-01 05:58:00,7943.0,665127,7943.5,205006,120518,1442,119076,460121,0.5
1900-01-01 05:58:15,7949.5,193255,7950.0,566787,528365,163830,364535,-373532,0.5
1900-01-01 05:58:30,7951.0,410244,7951.5,716141,541884,149216,392668,-305897,0.5
1900-01-01 05:58:45,7951.0,50675,7951.5,696564,18239,206477,-188238,-645889,0.5
1900-01-01 05:59:00,7947.5,146479,7948.0,155052,84904,164840,-79936,-8573,0.5
1900-01-01 05:59:15,7953.5,226295,7954.0,1047164,339140,137012,202128,-820869,0.5
1900-01-01 05:59:30,7953.5,672888,7954.0,627080,379951,97906,282045,45808,0.5
1900-01-01 05:59:45,7953.5,601648,7954.0,512091,423202,116643,306559,89557,0.5
1900-01-01 06:00:00,7953.5,530614,7954.0,126985,406264,120285,285979,403629,0.5
1900-01-01 06:00:15,7953.5,585146,7954.0,511439,252801,311641,-58840,73707,0.5
1900-01-01 06:00:30,7959.5,216435,7960.0,836783,688196,42600,645596,-620348,0.5
1900-01-01 06:00:45,7960.0,417142,7960.5,329,346249,34298,311951,416813,0.5
1900-01-01 06:01:00,7962.5,63522,7963.0,734492,426072,272998,153074,-670970,0.5
1900-01-01 06:01:15,7954.0,33817,7954.5,20000,150795,111414,39381,13817,0.5
1900-01-01 06:01:30,7952.0,1671598,7952.5,15000,95531,303618,-208087,1656598,0.5
1900-01-01 06:01:45,7957.5,30303,7958.0,478175,156576,88387,68189,-447872,0.5
1900-01-01 06:02:00,7956.5,176732,7957.0,567655,87505,57053,30452,-390923,0.5
1900-01-01 06:02:15,7953.5,27694,7954.0,551567,118632,757793,-639161,-523873,0.5
1900-01-01 06:02:30,7956.0,521204,7956.5,765,51408,39016,12392,520439,0.5
1900-01-01 06:02:45,7956.0,132123,7956.5,426367,57373,27294,30079,-294244,0.5
1900-01-01 06:03:00,7959.0,87975,7959.5,572299,166540,68601,97939,-484324,0.5
1900-01-01 06:03:15,7956.0,288,7956.5,508285,278418,38937,239481,-507997,0.5
1900-01-01 06:03:30,7953.0,26419,7953.5,768031,33732,45401,-11669,-741612,0.5
1900-01-01 06:03:45,7950.0,13871,7950.5,627772,7014,246098,-239084,-613901,0.5
1900-01-01 06:04:00,7949.0,233951,7949.5,655615,21358,51321,-29963,-421664,0.5
1900-01-01 06:04:15,7949.0,150665,7949.5,726991,4832,42529,-37697,-576326,0.5
1900-01-01 06:04:30,7948.0,23946,7948.5,416096,15715,109936,-94221,-392150,0.5
1900-01-01 06:04:45,7943.5,19412,7944.0,436499,7896,170841,-162945,-417087,0.5
1900-01-01 06:05:00,7945.5,9085,7946.0,7723,170037,116033,54004,1362,0.5
1900-01-01 06:05:15,7946.5,51,7947.0,261320,64340,307051,-242711,-261269,0.5
1900-01-01 06:05:30,7946.0,512713,7946.5,491953,152846,37839,115007,20760,0.5
1900-01-01 06:05:45,7949.0,607231,7949.5,76604,66861,50843,16018,530627,0.5
1900-01-01 06:06:00,7953.5,271511,7954.0,25,505389,111856,393533,271486,0.5
1900-01-01 06:06:15,7957.0,121899,7957.5,724014,72416,215398,-142982,-602115,0.5
1900-01-01 06:06:30,7959.0,600017,7959.5,419275,171976,58682,113294,180742,0.5
1900-01-01 06:06:45,7959.0,365852,7959.5,498691,58401,149206,-90805,-132839,0.5
1900-01-01 06:07:00,7959.0,99284,7959.5,529669,24225,116512,-92287,-430385,0.5
1900-01-01 06:07:15,7963.0,904121,7963.5,16360,343391,103529,239862,887761,0.5
1900-01-01 06:07:30,7967.5,323860,7968.0,1418338,514277,57692,456585,-1094478,0.5
1900-01-01 06:07:45,7967.5,519420,7968.0,953632,193650,174043,19607,-434212,0.5
1900-01-01 06:08:00,7972.5,605231,7973.0,49657,438835,80462,358373,555574,0.5
1900-01-01 06:08:15,7975.5,51271,7976.0,142026,245995,168713,77282,-90755,0.5
1900-01-01 06:08:30,7972.5,561002,7973.0,159526,116860,233350,-116490,401476,0.5
1900-01-01 06:08:45,7975.5,443512,7976.0,154817,256420,151922,104498,288695,0.5
1900-01-01 06:09:00,7975.0,521057,7975.5,73401,112984,99746,13238,447656,0.5
1900-01-01 06:09:15,7979.0,526595,7979.5,231523,432800,286694,146106,295072,0.5
1900-01-01 06:09:30,7979.0,1004586,7979.5,106432,139965,27951,112014,898154,0.5
1900-01-01 06:09:45,7988.5,1081843,7989.0,138670,731285,54718,676567,943173,0.5
1900-01-01 06:10:00,7981.5,187664,7982.0,231448,298320,66100,232220,-43784,0.5
1900-01-01 06:10:15,7981.5,108292,7982.0,269483,182223,219621,-37398,-161191,0.5
1900-01-01 06:10:30,7980.0,107804,7980.5,81118,189089,359404,-170315,26686,0.5
1900-01-01 06:10:45,7981.5,1091902,7982.0,52170,359827,92171,267656,1039732,0.5
1900-01-01 06:11:00,7982.0,1027312,7982.5,98690,299318,20604,278714,928622,0.5
1900-01-01 06:11:15,7988.5,172501,7989.0,337278,119110,24072,95038,-164777,0.5
1900-01-01 06:11:30,7985.5,368619,7986.0,220028,299319,119181,180138,148591,0.5
1900-01-01 06:11:45,7989.5,139762,7990.0,766476,250187,478842,-228655,-626714,0.5
1900-01-01 06:12:00,7995.5,397851,7996.0,39580,303109,174250,128859,358271,0.5
1900-01-01 06:12:15,7997.5,415693,7998.0,161329,371645,398897,-27252,254364,0.5
1900-01-01 06:12:30,7998.5,259113,7999.0,235354,759501,182182,577319,23759,0.5
1900-01-01 06:12:45,7999.0,176572,7999.5,135308,272206,229674,42532,41264,0.5
1900-01-01 06:13:00,7991.0,190740,7991.5,257167,13247,244882,-231635,-66427,0.5
1900-01-01 06:13:15,7982.5,460633,7983.0,165223,210740,150430,60310,295410,0.5
1900-01-01 06:13:30,7989.0,476577,7989.5,98953,153625,102857,50768,377624,0.5
1900-01-01 06:13:45,7998.5,74694,7999.0,1230997,145862,23512,122350,-1156303,0.5
1900-01-01 06:14:00,7991.0,431000,7991.5,194834,126712,67921,58791,236166,0.5
1900-01-01 06:14:15,7994.5,232045,7995.0,306116,112960,49660,63300,-74071,0.5
1900-01-01 06:14:30,7987.0,420142,7987.5,89056,38163,121686,-83523,331086,0.5
1900-01-01 06:14:45,7986.0,20374,7986.5,540194,93493,176837,-83344,-519820,0.5
1900-01-01 06:15:00,7978.5,540400,7979.0,211784,23700,427119,-403419,328616,0.5
1900-01-01 06:15:15,7978.5,123527,7979.0,307245,58858,87169,-28311,-183718,0.5
1900-01-01 06:15:30,7974.5,347100,7975.0,500,72509,331431,-258922,346600,0.5
1900-01-01 06:15:45,7978.0,553507,7978.5,339610,124756,16793,107963,213897,0.5
1900-01-01 06:16:00,7978.0,179968,7978.5,550178,46802,277166,-230364,-370210,0.5
1900-01-01 06:16:15,7975.0,47291,7975.5,383035,153584,93153,60431,-335744,0.5
1900-01-01 06:16:30,7973.0,105316,7973.5,418923,300,67697,-67397,-313607,0.5
1900-01-01 06:16:45,7971.5,1317060,7972.0,308404,13372,18584,-5212,1008656,0.5
1900-01-01 06:17:00,7975.5,834633,7976.0,88698,333831,11354,322477,745935,0.5
1900-01-01 06:17:15,7975.5,405000,7976.0,207517,165594,104040,61554,197483,0.5
1900-01-01 06:17:30,7975.5,586773,7976.0,230598,8423,61924,-53501,356175,0.5
1900-01-01 06:17:45,7973.0,528514,7973.5,130702,14375,157947,-143572,397812,0.5
1900-01-01 06:18:00,7975.5,555853,7976.0,15431,136712,88901,47811,540422,0.5
1900-01-01 06:18:15,7976.0,965205,7976.5,31873,15752,21600,-5848,933332,0.5
1900-01-01 06:18:30,7978.5,106215,7979.0,725059,81067,24054,57013,-618844,0.5
1900-01-01 06:18:45,7977.0,212,7977.5,448207,4500,48182,-43682,-447995,0.5
1900-01-01 06:19:00,7974.5,26102,7975.0,559972,1730,42424,-40694,-533870,0.5
1900-01-01 06:19:15,7973.0,64931,7973.5,656347,4204,77366,-73162,-591416,0.5
1900-01-01 06:19:30,7964.5,128310,7965.0,698791,30982,494501,-463519,-570481,0.5
1900-01-01 06:19:45,7962.0,769455,7962.5,115760,132564,610632,-478068,653695,0.5
1900-01-01 06:20:00,7956.0,199647,7957.0,35352,46376,495611,-449235,164295,1.0
1900-01-01 06:20:15,7960.0,31055,7960.5,517486,108646,898002,-789356,-486431,0.5
1900-01-01 06:20:30,7957.5,737710,7958.0,133310,147936,59166,88770,604400,0.5
1900-01-01 06:20:45,7957.5,1047563,7958.0,35188,59841,300846,-241005,1012375,0.5
1900-01-01 06:21:00,7958.5,307831,7959.0,244073,53921,83991,-30070,63758,0.5
1900-01-01 06:21:15,7955.5,9319,7956.0,758444,59391,34089,25302,-749125,0.5
1900-01-01 06:21:30,7954.0,272308,7954.5,233276,119200,128764,-9564,39032,0.5
1900-01-01 06:21:45,7954.0,702227,7954.5,44862,198217,76418,121799,657365,0.5
1900-01-01 06:22:00,7955.5,993170,7956.0,20413,113865,547,113318,972757,0.5
1900-01-01 06:22:15,7956.5,508698,7957.0,392571,114555,7938,106617,116127,0.5
1900-01-01 06:22:30,7952.0,56717,7952.5,383353,14460,211672,-197212,-326636,0.5
1900-01-01 06:22:45,7950.0,825942,7950.5,663622,19690,879835,-860145,162320,0.5
1900-01-01 06:23:00,7950.0,146920,7950.5,769458,38374,1284325,-1245951,-622538,0.5
1900-01-01 06:23:15,7945.5,65966,7946.0,548924,4926,117175,-112249,-482958,0.5
1900-01-01 06:23:30,7951.0,232274,7951.5,172,127166,208651,-81485,232102,0.5
1900-01-01 06:23:45,7953.0,446355,7953.5,6469,34310,45744,-11434,439886,0.5
1900-01-01 06:24:00,7957.5,1103042,7958.0,67021,99567,24163,75404,1036021,0.5
1900-01-01 06:24:15,7960.5,739928,7961.0,1167,28839,38833,-9994,738761,0.5
1900-01-01 06:24:30,7962.5,25600,7963.0,492973,339927,158868,181059,-467373,0.5
1900-01-01 06:24:45,7966.0,705439,7966.5,403086,363789,34264,329525,302353,0.5
1900-01-01 06:25:00,7969.5,360041,7970.0,80991,573106,3600,569506,279050,0.5
1900-01-01 06:25:15,7969.5,355901,7970.0,314424,418177,56332,361845,41477,0.5
1900-01-01 06:25:30,7969.5,184959,7970.0,725339,32600,45236,-12636,-540380,0.5
1900-01-01 06:25:45,7966.0,111399,7966.5,956020,29180,547495,-518315,-844621,0.5
1900-01-01 06:26:00,7960.0,109891,7960.5,375362,2241,978469,-976228,-265471,0.5
1900-01-01 06:26:15,7957.5,39557,7958.0,1024085,58405,33579,24826,-984528,0.5
1900-01-01 06:26:30,7959.0,555381,7959.5,24774,59425,50492,8933,530607,0.5
1900-01-01 06:26:45,7959.0,16581,7959.5,414063,12444,28652,-16208,-397482,0.5
1900-01-01 06:27:00,7956.5,3127,7957.0,1462686,24394,167573,-143179,-1459559,0.5
1900-01-01 06:27:15,7953.5,13357,7954.0,493082,68790,36189,32601,-479725,0.5
1900-01-01 06:27:30,7945.0,464314,7945.5,254468,182294,260773,-78479,209846,0.5
1900-01-01 06:27:45,7945.0,150612,7945.5,494345,116861,141981,-25120,-343733,0.5
1900-01-01 06:28:00,7942.0,511437,7942.5,11768,61914,641622,-579708,499669,0.5
1900-01-01 06:28:15,7941.0,273602,7941.5,163644,173747,433996,-260249,109958,0.5
1900-01-01 06:28:30,7942.5,547463,7943.0,132274,287981,396258,-108277,415189,0.5
1900-01-01 06:28:45,7946.5,36416,7947.0,854644,204978,629985,-425007,-818228,0.5
1900-01-01 06:29:00,7941.0,382184,7941.5,128274,202,76624,-76422,253910,0.5
1900-01-01 06:29:15,7941.5,602882,7942.0,335591,124937,171042,-46105,267291,0.5
1900-01-01 06:29:30,7946.0,936450,7946.5,20177,731358,114258,617100,916273,0.5
1900-01-01 06:29:45,7951.5,351799,7952.0,189155,242615,21862,220753,162644,0.5
1900-01-01 06:30:00,7951.5,67451,7952.0,880942,56518,1378,55140,-813491,0.5
1900-01-01 06:30:15,7951.5,46918,7952.0,984481,46526,136765,-90239,-937563,0.5
1900-01-01 06:30:30,7941.5,427941,7942.0,87416,32142,389551,-357409,340525,0.5
1900-01-01 06:30:45,7945.0,462924,7945.5,25444,35105,23850,11255,437480,0.5
1900-01-01 06:31:00,7948.5,19735,7949.0,319305,41611,54070,-12459,-299570,0.5
1900-01-01 06:31:15,7947.5,464002,7948.0,37055,42932,132264,-89332,426947,0.5
1900-01-01 06:31:30,7941.5,689501,7942.0,135605,27356,129596,-102240,553896,0.5
1900-01-01 06:31:45,7941.5,192590,7942.0,334443,39238,59201,-19963,-141853,0.5
1900-01-01 06:32:00,7942.5,50303,7943.0,1369572,42200,169160,-126960,-1319269,0.5
1900-01-01 06:32:15,7941.5,89491,7942.0,1267238,209683,94769,114914,-1177747,0.5
1900-01-01 06:32:30,7941.0,30254,7941.5,1018610,9584,145127,-135543,-988356,0.5
1900-01-01 06:32:45,7941.0,136924,7941.5,689809,79349,256928,-177579,-552885,0.5
1900-01-01 06:33:00,7941.0,229191,7941.5,686188,12038,60067,-48029,-456997,0.5
1900-01-01 06:33:15,7940.5,423722,7941.0,777747,156658,195546,-38888,-354025,0.5
1900-01-01 06:33:30,7940.5,774845,7941.0,463254,96553,72270,24283,311591,0.5
1900-01-01 06:33:45,7943.0,482525,7943.5,145938,248677,23150,225527,336587,0.5
1900-01-01 06:34:00,7943.0,594104,7943.5,36150,15453,16310,-857,557954,0.5
1900-01-01 06:34:15,7947.0,489825,7947.5,188848,140973,5948,135025,300977,0.5
1900-01-01 06:34:30,7947.0,554946,7947.5,53713,24099,36080,-11981,501233,0.5
1900-01-01 06:34:45,7947.5,750155,7948.0,91645,112968,8560,104408,658510,0.5
1900-01-01 06:35:00,7947.5,495941,7948.0,129201,29252,52691,-23439,366740,0.5
1900-01-01 06:35:15,7947.5,69552,7948.0,1147359,57718,18688,39030,-1077807,0.5
1900-01-01 06:35:30,7945.0,1685886,7945.5,217307,116628,124795,-8167,1468579,0.5
1900-01-01 06:35:45,7945.0,2052038,7945.5,108337,37364,8066,29298,1943701,0.5
1900-01-01 06:36:00,7945.0,1951464,7945.5,133234,57367,111600,-54233,1818230,0.5
1900-01-01 06:36:15,7945.0,1785060,7945.5,850321,95758,80705,15053,934739,0.5
1900-01-01 06:36:30,7946.5,393651,7947.0,452065,99900,174120,-74220,-58414,0.5
1900-01-01 06:36:45,7950.0,925696,7950.5,109532,232812,53008,179804,816164,0.5
1900-01-01 06:37:00,7954.5,393852,7955.0,100281,470909,17113,453796,293571,0.5
1900-01-01 06:37:15,7958.5,154352,7959.0,547091,568219,39553,528666,-392739,0.5
1900-01-01 06:37:30,7959.5,630674,7960.0,20719,369530,109820,259710,609955,0.5
1900-01-01 06:37:45,7961.5,1500,7962.0,971736,229639,85476,144163,-970236,0.5
1900-01-01 06:38:00,7959.5,1500552,7960.0,416,378239,92200,286039,1500136,0.5
1900-01-01 06:38:15,7963.5,609971,7964.0,31099,24032,27861,-3829,578872,0.5
1900-01-01 06:38:30,7963.0,5988,7963.5,1099282,37562,64742,-27180,-1093294,0.5
1900-01-01 06:38:45,7961.5,519353,7962.0,54290,123814,29453,94361,465063,0.5
1900-01-01 06:39:00,7961.5,582578,7962.0,148282,31911,5946,25965,434296,0.5
1900-01-01 06:39:15,7961.5,66469,7962.0,547099,11726,17680,-5954,-480630,0.5
1900-01-01 06:39:30,7961.5,77619,7962.0,512933,35340,37968,-2628,-435314,0.5
1900-01-01 06:39:45,7961.5,59692,7962.0,4278089,5200,37065,-31865,-4218397,0.5
1900-01-01 06:40:00,7960.0,278348,7960.5,753296,2920,348810,-345890,-474948,0.5
1900-01-01 06:40:15,7959.0,1518914,7959.5,25566,82711,664932,-582221,1493348,0.5
1900-01-01 06:40:30,7965.0,1346959,7965.5,2729,529233,27790,501443,1344230,0.5
1900-01-01 06:40:45,7978.5,20000,7979.0,99555,164886,35712,129174,-79555,0.5
1900-01-01 06:41:00,7974.0,383072,7974.5,258633,565654,58186,507468,124439,0.5
1900-01-01 06:41:15,7978.5,160140,7979.0,384973,50693,116771,-66078,-224833,0.5
1900-01-01 06:41:30,7976.0,619584,7976.5,55518,268999,95061,173938,564066,0.5
1900-01-01 06:41:45,7979.0,376396,7979.5,56882,50457,61606,-11149,319514,0.5
1900-01-01 06:42:00,7979.5,623826,7980.0,333,448735,105824,342911,623493,0.5
1900-01-01 06:42:15,7984.0,15216,7984.5,1480257,219325,55390,163935,-1465041,0.5
1900-01-01 06:42:30,7974.5,750791,7975.0,232716,86040,663325,-577285,518075,0.5
1900-01-01 06:42:45,7974.5,284186,7975.0,1230360,77032,124210,-47178,-946174,0.5
1900-01-01 06:43:00,7970.0,447634,7970.5,530511,36132,234208,-198076,-82877,0.5
1900-01-01 06:43:15,7965.5,415416,7966.0,96893,7400,285932,-278532,318523,0.5
1900-01-01 06:43:30,7968.0,878374,7968.5,11768,22394,132300,-109906,866606,0.5
1900-01-01 06:43:45,7972.5,163297,7973.0,653521,149981,22618,127363,-490224,0.5
1900-01-01 06:44:00,7970.5,584787,7971.0,226122,19694,43076,-23382,358665,0.5
1900-01-01 06:44:15,7970.5,700356,7971.0,37522,42416,19951,22465,662834,0.5
1900-01-01 06:44:30,7973.0,736384,7973.5,55356,59726,2422,57304,681028,0.5
1900-01-01 06:44:45,7973.0,530,7973.5,768342,161288,158402,2886,-767812,0.5
1900-01-01 06:45:00,7970.0,9100,7970.5,1530321,61562,80233,-18671,-1521221,0.5
1900-01-01 06:45:15,7966.0,43772,7966.5,633792,10842,51618,-40776,-590020,0.5
1900-01-01 06:45:30,7966.0,38183,7966.5,323086,48124,67116,-18992,-284903,0.5
1900-01-01 06:45:45,7965.5,28864,7966.0,473735,66744,80412,-13668,-444871,0.5
1900-01-01 06:46:00,7965.0,598343,7965.5,635606,578,115297,-114719,-37263,0.5
1900-01-01 06:46:15,7962.0,37881,7962.5,512088,5140,676405,-671265,-474207,0.5
1900-01-01 06:46:30,7962.0,197596,7962.5,503610,59712,67268,-7556,-306014,0.5
1900-01-01 06:46:45,7959.0,153681,7959.5,147514,4332,96198,-91866,6167,0.5
1900-01-01 06:47:00,7959.0,507892,7959.5,99907,32728,88592,-55864,407985,0.5
1900-01-01 06:47:15,7959.0,145472,7959.5,403423,32039,17424,14615,-257951,0.5
1900-01-01 06:47:30,7959.0,660724,7959.5,10025,22248,9306,12942,650699,0.5
1900-01-01 06:47:45,7960.5,43625,7961.0,1072036,128452,32853,95599,-1028411,0.5
1900-01-01 06:48:00,7959.0,576108,7959.5,121679,3468,42766,-39298,454429,0.5
1900-01-01 06:48:15,7959.0,21665,7959.5,701742,20652,100515,-79863,-680077,0.5
1900-01-01 06:48:30,7958.0,661,7958.5,1200126,10500,81443,-70943,-1199465,0.5
1900-01-01 06:48:45,7955.0,508038,7955.5,61635,20516,62710,-42194,446403,0.5
1900-01-01 06:49:00,7958.0,151515,7958.5,648245,23013,52928,-29915,-496730,0.5
1900-01-01 06:49:15,7960.5,288507,7961.0,428409,27826,142064,-114238,-139902,0.5
1900-01-01 06:49:30,7960.5,78416,7961.0,1098545,10824,34695,-23871,-1020129,0.5
1900-01-01 06:49:45,7960.5,174832,7961.0,1070552,19250,40830,-21580,-895720,0.5
1900-01-01 06:50:00,7960.5,277261,7961.0,889221,8398,27995,-19597,-611960,0.5
1900-01-01 06:50:15,7960.5,458516,7961.0,558024,516,8080,-7564,-99508,0.5
1900-01-01 06:50:30,7960.5,130518,7961.0,995117,88378,15369,73009,-864599,0.5
1900-01-01 06:50:45,7958.0,22123,7958.5,189154,400,39256,-38856,-167031,0.5
1900-01-01 06:51:00,7957.0,669750,7957.5,22140,14640,73759,-59119,647610,0.5
1900-01-01 06:51:15,7957.0,690927,7957.5,81241,16184,127302,-111118,609686,0.5
1900-01-01 06:51:30,7957.0,1030581,7957.5,79590,5022,37692,-32670,950991,0.5
1900-01-01 06:51:45,7957.5,788877,7958.0,51744,6445,11488,-5043,737133,0.5
1900-01-01 06:52:00,7959.5,583687,7960.0,457116,152554,41902,110652,126571,0.5
1900-01-01 06:52:15,7961.0,894169,7961.5,216142,377451,331942,45509,678027,0.5
1900-01-01 06:52:30,7961.0,877486,7961.5,277941,123684,2318,121366,599545,0.5
1900-01-01 06:52:45,7962.5,655233,7963.0,35092,33100,8057,25043,620141,0.5
1900-01-01 06:53:00,7963.5,923185,7964.0,39497,150026,47430,102596,883688,0.5
1900-01-01 06:53:15,7963.0,94319,7963.5,1167873,148282,221137,-72855,-1073554,0.5
1900-01-01 06:53:30,7960.0,863033,7960.5,390055,7277,356610,-349333,472978,0.5
1900-01-01 06:53:45,7960.0,634647,7960.5,264236,217456,239418,-21962,370411,0.5
1900-01-01 06:54:00,7960.0,810562,7960.5,343598,21624,10020,11604,466964,0.5
1900-01-01 06:54:15,7960.0,520366,7960.5,911811,18,9606,-9588,-391445,0.5
1900-01-01 06:54:30,7956.0,56281,7956.5,1293365,9922,1089814,-1079892,-1237084,0.5
1900-01-01 06:54:45,7955.5,323394,7956.0,750367,45000,185825,-140825,-426973,0.5
1900-01-01 06:55:00,7949.0,873517,7949.5,251413,4082,284812,-280730,622104,0.5
1900-01-01 06:55:15,7949.0,523421,7949.5,90692,38486,99090,-60604,432729,0.5
1900-01-01 06:55:30,7951.5,292555,7952.0,426342,46207,4952,41255,-133787,0.5
1900-01-01 06:55:45,7951.5,259873,7952.0,447568,4439,25429,-20990,-187695,0.5
1900-01-01 06:56:00,7948.5,248855,7949.0,441709,2356,114148,-111792,-192854,0.5
1900-01-01 06:56:15,7948.5,48715,7949.0,1058388,5000,77050,-72050,-1009673,0.5
1900-01-01 06:56:30,7946.5,425291,7947.0,92201,100,233896,-233796,333090,0.5
1900-01-01 06:56:45,7946.5,887952,7947.0,279638,11010,81499,-70489,608314,0.5
1900-01-01 06:57:00,7946.5,870379,7947.0,89264,130274,45915,84359,781115,0.5
1900-01-01 06:57:15,7946.5,952912,7947.0,37278,45993,350,45643,915634,0.5
1900-01-01 06:57:30,7947.5,714401,7948.0,17570,39406,1048,38358,696831,0.5
1900-01-01 06:57:45,7947.5,451363,7948.0,92060,38798,37724,1074,359303,0.5
1900-01-01 06:58:00,7947.5,616628,7948.0,79437,51623,4840,46783,537191,0.5
1900-01-01 06:58:15,7949.0,216002,7949.5,625816,96716,29292,67424,-409814,0.5
1900-01-01 06:58:30,7947.5,611623,7948.0,82488,52416,209347,-156931,529135,0.5
1900-01-01 06:58:45,7947.5,354981,7948.0,3007398,47929,20223,27706,-2652417,0.5
1900-01-01 06:59:00,7947.5,6308,7948.0,3057324,122500,206806,-84306,-3051016,0.5
1900-01-01 06:59:15,7946.5,221050,7947.0,658138,3078,108161,-105083,-437088,0.5
1900-01-01 06:59:30,7945.5,147095,7946.0,1606953,3078,51947,-48869,-1459858,0.5
1900-01-01 06:59:45,7945.0,70668,7945.5,1455849,33392,451298,-417906,-1385181,0.5
1900-01-01 07:00:00,7942.5,124812,7943.0,794827,52260,2421045,-2368785,-670015,0.5
1900-01-01 07:00:15,7950.5,162141,7951.0,881240,1080682,310660,770022,-719099,0.5
1900-01-01 07:00:30,7947.5,104366,7948.0,721524,638317,150719,487598,-617158,0.5
1900-01-01 07:00:45,7947.5,136708,7948.0,709614,18680,62026,-43346,-572906,0.5
1900-01-01 07:01:00,7947.0,225789,7947.5,1552812,15676,128311,-112635,-1327023,0.5
1900-01-01 07:01:15,7945.5,38547,7946.5,452432,102000,43843,58157,-413885,1.0
1900-01-01 07:01:30,7945.5,8869,7946.0,866672,3850,52231,-48381,-857803,0.5
1900-01-01 07:01:45,7942.5,42524,7943.0,751259,3070,68179,-65109,-708735,0.5
1900-01-01 07:02:00,7942.0,19477,7942.5,963032,56660,163654,-106994,-943555,0.5
1900-01-01 07:02:15,7933.0,68152,7933.5,33790,99266,660777,-561511,34362,0.5
1900-01-01 07:02:30,7933.0,1222498,7933.5,37900,299221,1228876,-929655,1184598,0.5
1900-01-01 07:02:45,7934.5,34371,7935.0,766944,46288,218151,-171863,-732573,0.5
1900-01-01 07:03:00,7932.5,600117,7933.0,158706,100664,553938,-453274,441411,0.5
1900-01-01 07:03:15,7935.0,82132,7935.5,3017,117142,13808,103334,79115,0.5
1900-01-01 07:03:30,7936.5,285295,7937.0,295111,218804,39405,179399,-9816,0.5
1900-01-01 07:03:45,7936.5,367739,7937.0,633125,505,18000,-17495,-265386,0.5
1900-01-01 07:04:00,7936.5,452301,7937.0,1170463,24527,47138,-22611,-718162,0.5
1900-01-01 07:04:15,7936.5,360523,7937.0,1136042,27070,78246,-51176,-775519,0.5
1900-01-01 07:04:30,7936.0,11252,7936.5,1266113,6650,420447,-413797,-1254861,0.5
1900-01-01 07:04:45,7934.0,26391,7934.5,911296,25724,91217,-65493,-884905,0.5
1900-01-01 07:05:00,7932.0,413,7932.5,665675,31788,33202,-1414,-665262,0.5
1900-01-01 07:05:15,7926.0,482930,7926.5,191179,9602,918507,-908905,291751,0.5
1900-01-01 07:05:30,7934.0,489388,7934.5,818596,121529,589182,-467653,-329208,0.5
1900-01-01 07:05:45,7927.0,124894,7927.5,94866,18194,1228171,-1209977,30028,0.5
1900-01-01 07:06:00,7928.0,245428,7928.5,63986,24972,68580,-43608,181442,0.5
1900-01-01 07:06:15,7926.5,183162,7927.0,554942,343009,298650,44359,-371780,0.5
1900-01-01 07:06:30,7926.5,150346,7927.0,560943,231717,68993,162724,-410597,0.5
1900-01-01 07:06:45,7926.5,861243,7927.0,136100,61169,11591,49578,725143,0.5
1900-01-01 07:07:00,7934.0,393775,7934.5,50354,194246,9571,184675,343421,0.5
1900-01-01 07:07:15,7935.5,226,7936.0,127946,233260,265800,-32540,-127720,0.5
1900-01-01 07:07:30,7935.0,522806,7935.5,179352,37480,132241,-94761,343454,0.5
1900-01-01 07:07:45,7938.5,305347,7939.0,630408,472648,6835,465813,-325061,0.5
1900-01-01 07:08:00,7942.5,384451,7943.0,97344,715622,34704,680918,287107,0.5
1900-01-01 07:08:15,7944.5,285576,7945.0,496548,48700,600,48100,-210972,0.5
1900-01-01 07:08:30,7945.0,713626,7945.5,289370,582441,23217,559224,424256,0.5
1900-01-01 07:08:45,7945.0,626016,7945.5,6199,314921,121514,193407,619817,0.5
1900-01-01 07:09:00,7947.5,479265,7948.0,309914,129762,10606,119156,169351,0.5
1900-01-01 07:09:15,7949.0,251765,7949.5,474628,149840,31144,118696,-222863,0.5
1900-01-01 07:09:30,7949.0,296929,7949.5,603415,68196,51864,16332,-306486,0.5
1900-01-01 07:09:45,7949.0,91945,7949.5,1042853,210712,41649,169063,-950908,0.5
1900-01-01 07:10:00,7947.0,2652,7947.5,641363,84192,144403,-60211,-638711,0.5
1900-01-01 07:10:15,7947.0,28418,7947.5,2433742,145756,45402,100354,-2405324,0.5
1900-01-01 07:10:30,7945.0,32924,7945.5,538139,39572,19365,20207,-505215,0.5
1900-01-01 07:10:45,7942.5,121653,7943.0,432206,7852,87070,-79218,-310553,0.5
1900-01-01 07:11:00,7942.5,52057,7943.0,463057,36670,167816,-131146,-411000,0.5
1900-01-01 07:11:15,7942.0,104363,7942.5,973528,8117,129709,-121592,-869165,0.5
1900-01-01 07:11:30,7939.5,68458,7940.0,547815,11500,108661,-97161,-479357,0.5
1900-01-01 07:11:45,7939.5,779926,7940.0,152531,81717,43578,38139,627395,0.5
1900-01-01 07:12:00,7939.5,972304,7940.0,242348,67655,3608,64047,729956,0.5
1900-01-01 07:12:15,7939.5,618316,7940.0,611273,16639,10636,6003,7043,0.5
1900-01-01 07:12:30,7944.5,758007,7945.0,64876,74697,16880,57817,693131,0.5
1900-01-01 07:12:45,7945.0,817898,7945.5,56954,85985,304,85681,760944,0.5
1900-01-01 07:13:00,7949.5,1115113,7950.0,268879,623653,34825,588828,846234,0.5
1900-01-01 07:13:15,7951.5,146802,7952.0,817321,336441,9488,326953,-670519,0.5
1900-01-01 07:13:30,7954.0,233820,7954.5,388396,68862,53568,15294,-154576,0.5
1900-01-01 07:13:45,7954.0,258132,7954.5,410050,127404,41113,86291,-151918,0.5
1900-01-01 07:14:00,7954.0,281613,7954.5,434950,17286,3394,13892,-153337,0.5
1900-01-01 07:14:15,7954.0,253734,7954.5,455508,24315,12164,12151,-201774,0.5
1900-01-01 07:14:30,7954.0,127847,7954.5,2291133,25000,58686,-33686,-2163286,0.5
1900-01-01 07:14:45,7954.5,576704,7955.0,249282,22489,15009,7480,327422,0.5
1900-01-01 07:15:00,7954.5,1035713,7955.0,167143,172220,4210,168010,868570,0.5
1900-01-01 07:15:15,7956.0,512881,7956.5,307197,134007,10778,123229,205684,0.5
1900-01-01 07:15:30,7956.5,319232,7957.0,335757,28461,842,27619,-16525,0.5
1900-01-01 07:15:45,7956.5,790536,7957.0,119430,35482,104425,-68943,671106,0.5
1900-01-01 07:16:00,7956.5,233607,7957.0,336331,46757,38650,8107,-102724,0.5
1900-01-01 07:16:15,7956.5,333214,7957.0,300808,190994,33183,157811,32406,0.5
1900-01-01 07:16:30,7956.5,267769,7957.0,305299,26700,37975,-11275,-37530,0.5
1900-01-01 07:16:45,7956.5,200518,7957.0,299406,2040,178095,-176055,-98888,0.5
1900-01-01 07:17:00,7956.5,300302,7957.0,353781,84079,80698,3381,-53479,0.5
1900-01-01 07:17:15,7958.0,344135,7958.5,172203,341736,26235,315501,171932,0.5
1900-01-01 07:17:30,7958.5,213983,7959.0,294926,184514,42773,141741,-80943,0.5
1900-01-01 07:17:45,7965.0,231179,7965.5,16199,69916,9768,60148,214980,0.5
1900-01-01 07:18:00,7968.0,124117,7968.5,624574,403827,113938,289889,-500457,0.5
1900-01-01 07:18:15,7975.5,2705365,7976.0,10,596890,249881,347009,2705355,0.5
1900-01-01 07:18:30,7978.0,114000,7978.5,1710436,791262,162086,629176,-1596436,0.5
1900-01-01 07:18:45,7978.0,390629,7978.5,402466,394018,198245,195773,-11837,0.5
1900-01-01 07:19:00,7979.5,1498966,7980.0,16979,481480,34912,446568,1481987,0.5
1900-01-01 07:19:15,7992.0,446486,7992.5,14665,1429878,48492,1381386,431821,0.5
1900-01-01 07:19:30,7992.5,448746,7993.0,540695,362260,266363,95897,-91949,0.5
1900-01-01 07:19:45,7990.5,55562,7991.0,215655,264914,577381,-312467,-160093,0.5
1900-01-01 07:20:00,7988.0,1257918,7988.5,119555,263043,466173,-203130,1138363,0.5
1900-01-01 07:20:15,7988.5,946420,7989.0,126729,191053,260860,-69807,819691,0.5
1900-01-01 07:20:30,7992.5,308745,7993.0,25594,476591,117312,359279,283151,0.5
1900-01-01 07:20:45,8006.5,8963,8007.0,10555,1179107,287322,891785,-1592,0.5
1900-01-01 07:21:00,8008.5,381429,8009.5,215848,1226228,150901,1075327,165581,1.0
1900-01-01 07:21:15,8008.0,230240,8008.5,111217,2133302,147016,1986286,119023,0.5
1900-01-01 07:21:30,8002.5,734,8003.0,321650,260197,1389830,-1129633,-320916,0.5
1900-01-01 07:21:45,7995.0,218850,7995.5,271727,888716,1095637,-206921,-52877,0.5
1900-01-01 07:22:00,8000.5,1870257,8001.0,487751,298048,502273,-204225,1382506,0.5
1900-01-01 07:22:15,8000.5,2300583,8001.0,231713,130306,104267,26039,2068870,0.5
1900-01-01 07:22:30,8000.5,4146285,8001.0,240420,91185,41391,49794,3905865,0.5
1900-01-01 07:22:45,8005.5,312451,8006.0,87905,1096955,55244,1041711,224546,0.5
1900-01-01 07:23:00,7991.5,716065,7992.0,136325,138201,476809,-338608,579740,0.5
1900-01-01 07:23:15,7991.0,1342,7991.5,975135,274375,170925,103450,-973793,0.5
1900-01-01 07:23:30,7985.0,340338,7985.5,242608,92472,284690,-192218,97730,0.5
1900-01-01 07:23:45,7985.0,517346,7985.5,474040,44326,219728,-175402,43306,0.5
1900-01-01 07:24:00,7988.5,1100708,7989.0,126237,483735,142244,341491,974471,0.5
1900-01-01 07:24:15,7986.0,642035,7986.5,268398,94890,126333,-31443,373637,0.5
1900-01-01 07:24:30,7986.0,389307,7986.5,330498,28425,255623,-227198,58809,0.5
1900-01-01 07:24:45,7986.0,195953,7986.5,134312,46416,87602,-41186,61641,0.5
1900-01-01 07:25:00,7982.5,374354,7983.0,227153,26960,148593,-121633,147201,0.5
1900-01-01 07:25:15,7979.0,13418,7980.0,519682,36504,559962,-523458,-506264,1.0
1900-01-01 07:25:30,7971.0,935086,7971.5,605022,15650,636712,-621062,330064,0.5
1900-01-01 07:25:45,7971.0,608119,7971.5,695173,63559,540917,-477358,-87054,0.5
1900-01-01 07:26:00,7971.5,38106,7972.0,10926,160017,109313,50704,27180,0.5
1900-01-01 07:26:15,7974.5,295453,7975.0,273108,342856,19614,323242,22345,0.5
1900-01-01 07:26:30,7974.5,166567,7975.0,408163,55890,178006,-122116,-241596,0.5
1900-01-01 07:26:45,7967.0,358453,7967.5,228349,183206,339480,-156274,130104,0.5
1900-01-01 07:27:00,7966.5,33161,7967.0,776002,125762,177896,-52134,-742841,0.5
1900-01-01 07:27:15,7967.5,543596,7968.0,148447,234566,48811,185755,395149,0.5
1900-01-01 07:27:30,7974.5,95842,7975.0,401168,179981,33139,146842,-305326,0.5
1900-01-01 07:27:45,7972.5,8167,7973.0,596514,20106,76263,-56157,-588347,0.5
1900-01-01 07:28:00,7971.0,67313,7971.5,306618,32456,17568,14888,-239305,0.5
1900-01-01 07:28:15,7970.5,124149,7971.0,381025,28322,56102,-27780,-256876,0.5
1900-01-01 07:28:30,7970.5,52544,7971.0,516702,57508,4568,52940,-464158,0.5
1900-01-01 07:28:45,7966.0,722196,7966.5,366382,20564,413404,-392840,355814,0.5
1900-01-01 07:29:00,7966.0,46795,7966.5,627563,67045,908949,-841904,-580768,0.5
1900-01-01 07:29:15,7966.0,634418,7966.5,58682,83076,167008,-83932,575736,0.5
1900-01-01 07:29:30,7969.5,649567,7970.0,241706,89054,45708,43346,407861,0.5
1900-01-01 07:29:45,7974.0,533409,7974.5,114318,300317,3132,297185,419091,0.5
1900-01-01 07:30:00,7974.0,546592,7974.5,188611,197631,164857,32774,357981,0.5
1900-01-01 07:30:15,7975.5,832478,7976.0,130678,845856,23204,822652,701800,0.5
1900-01-01 07:30:30,7978.5,712458,7979.0,120,375197,22978,352219,712338,0.5
1900-01-01 07:30:45,7981.5,160593,7982.0,1122155,266649,52828,213821,-961562,0.5
1900-01-01 07:31:00,7981.0,3032,7981.5,1137202,69825,76494,-6669,-1134170,0.5
1900-01-01 07:31:15,7980.0,811088,7980.5,83079,38297,41676,-3379,728009,0.5
1900-01-01 07:31:30,7980.0,784117,7980.5,36930,46202,22302,23900,747187,0.5
1900-01-01 07:31:45,7980.5,262783,7981.0,61879,39984,34510,5474,200904,0.5
1900-01-01 07:32:00,7981.5,68835,7982.0,124046,55401,141814,-86413,-55211,0.5
1900-01-01 07:32:15,7984.0,227862,7984.5,38444,182991,10180,172811,189418,0.5
1900-01-01 07:32:30,7984.0,108179,7984.5,211539,53650,283899,-230249,-103360,0.5
1900-01-01 07:32:45,7984.0,1111876,7984.5,13284,76905,31952,44953,1098592,0.5
1900-01-01 07:33:00,7989.5,326605,7990.0,284937,574004,6466,567538,41668,0.5
1900-01-01 07:33:15,7991.5,711386,7992.0,181093,168693,54008,114685,530293,0.5
1900-01-01 07:33:30,7994.0,218883,7994.5,9883,156882,24990,131892,209000,0.5
1900-01-01 07:33:45,7989.5,478772,7990.0,885863,46965,222422,-175457,-407091,0.5
1900-01-01 07:34:00,7988.0,34949,7988.5,1149467,131601,139027,-7426,-1114518,0.5
1900-01-01 07:34:15,7984.0,74966,7984.5,401827,20954,259013,-238059,-326861,0.5
1900-01-01 07:34:30,7984.5,2726,7985.0,387244,77107,99867,-22760,-384518,0.5
1900-01-01 07:34:45,7986.0,182873,7986.5,438555,30354,11242,19112,-255682,0.5
1900-01-01 07:35:00,7984.5,445530,7985.0,360924,13125,84094,-70969,84606,0.5
1900-01-01 07:35:15,7984.5,202970,7985.0,599581,15923,42040,-26117,-396611,0.5
1900-01-01 07:35:30,7984.5,33179,7985.0,688920,1800,22217,-20417,-655741,0.5
1900-01-01 07:35:45,7984.0,567435,7984.5,89974,48624,145530,-96906,477461,0.5
1900-01-01 07:36:00,7984.0,807824,7984.5,95133,43108,10927,32181,712691,0.5
1900-01-01 07:36:15,7993.0,190555,7993.5,387384,588684,201486,387198,-196829,0.5
1900-01-01 07:36:30,8000.0,22774,8000.5,36697,1109280,37890,1071390,-13923,0.5
1900-01-01 07:36:45,7994.0,85482,7994.5,300573,191516,341598,-150082,-215091,0.5
1900-01-01 07:37:00,7975.5,818289,7976.0,122599,48183,428836,-380653,695690,0.5
1900-01-01 07:37:15,7985.0,2151,7985.5,440468,153930,158805,-4875,-438317,0.5
1900-01-01 07:37:30,7982.0,62064,7982.5,571519,47750,10352,37398,-509455,0.5
1900-01-01 07:37:45,7981.5,175089,7982.0,528675,10649,114568,-103919,-353586,0.5
1900-01-01 07:38:00,7981.5,808026,7982.0,346867,199126,33742,165384,461159,0.5
1900-01-01 07:38:15,7985.0,768401,7985.5,20730,120269,1164,119105,747671,0.5
1900-01-01 07:38:30,7986.5,428052,7987.0,470703,128650,9152,119498,-42651,0.5
1900-01-01 07:38:45,7987.0,151430,7987.5,463786,133539,34587,98952,-312356,0.5
1900-01-01 07:39:00,7987.0,96261,7987.5,711269,23914,133707,-109793,-615008,0.5
1900-01-01 07:39:15,7982.5,50331,7983.0,894144,2501,198614,-196113,-843813,0.5
1900-01-01 07:39:30,7979.5,35754,7980.0,1143833,9905,360506,-350601,-1108079,0.5
1900-01-01 07:39:45,7976.5,571135,7977.0,726965,11600,61050,-49450,-155830,0.5
1900-01-01 07:40:00,7976.5,439453,7977.0,313091,65100,138226,-73126,126362,0.5
1900-01-01 07:40:15,7976.0,24765,7976.5,1170041,245432,78534,166898,-1145276,0.5
1900-01-01 07:40:30,7969.5,61615,7970.0,872936,47136,480873,-433737,-811321,0.5
1900-01-01 07:40:45,7968.0,6480,7968.5,625698,85428,127089,-41661,-619218,0.5
1900-01-01 07:41:00,7965.0,1742295,7965.5,162231,74479,137480,-63001,1580064,0.5
1900-01-01 07:41:15,7965.0,1520921,7965.5,124422,99147,620076,-520929,1396499,0.5
1900-01-01 07:41:30,7974.0,138405,7974.5,979117,239323,50111,189212,-840712,0.5
1900-01-01 07:41:45,7974.0,226434,7974.5,412768,142734,26546,116188,-186334,0.5
1900-01-01 07:42:00,7974.5,1164674,7975.0,25550,163405,7128,156277,1139124,0.5
1900-01-01 07:42:15,7979.5,187787,7980.0,438475,236085,12966,223119,-250688,0.5
1900-01-01 07:42:30,7977.0,23595,7977.5,473758,145430,101751,43679,-450163,0.5
1900-01-01 07:42:45,7976.5,93998,7977.0,333817,27576,11652,15924,-239819,0.5
1900-01-01 07:43:00,7976.5,48667,7977.0,372361,18931,3780,15151,-323694,0.5
1900-01-01 07:43:15,7976.5,801348,7977.0,138586,11406,47228,-35822,662762,0.5
1900-01-01 07:43:30,7979.5,443545,7980.0,22256,162230,69740,92490,421289,0.5
1900-01-01 07:43:45,7979.5,88076,7980.0,632909,17220,44955,-27735,-544833,0.5
1900-01-01 07:44:00,7978.5,63568,7979.0,1343692,53412,83172,-29760,-1280124,0.5
1900-01-01 07:44:15,7978.5,21793,7979.0,1379627,12964,35362,-22398,-1357834,0.5
1900-01-01 07:44:30,7977.5,252186,7978.0,705710,29484,82900,-53416,-453524,0.5
1900-01-01 07:44:45,7977.0,5831,7977.5,1218759,36978,69319,-32341,-1212928,0.5
1900-01-01 07:45:00,7977.0,20252,7977.5,1430581,20002,103165,-83163,-1410329,0.5
1900-01-01 07:45:15,7976.5,529960,7977.0,484501,106454,122683,-16229,45459,0.5
1900-01-01 07:45:30,7976.5,884266,7977.0,232366,106181,40300,65881,651900,0.5
1900-01-01 07:45:45,7979.5,562467,7980.0,53462,302321,33708,268613,509005,0.5
1900-01-01 07:46:00,7986.5,262873,7987.0,21013,192760,1520,191240,241860,0.5
1900-01-01 07:46:15,7991.5,353966,7992.0,261824,1022565,66912,955653,92142,0.5
1900-01-01 07:46:30,7999.5,518818,8000.0,118498,437996,402356,35640,400320,0.5
1900-01-01 07:46:45,8004.5,33843,8005.0,449305,440306,176442,263864,-415462,0.5
1900-01-01 07:47:00,8001.5,833378,8002.0,304412,194260,241450,-47190,528966,0.5
1900-01-01 07:47:15,8004.0,100,8004.5,702984,407095,838999,-431904,-702884,0.5
1900-01-01 07:47:30,8002.5,770066,8003.0,616583,218986,391264,-172278,153483,0.5
1900-01-01 07:47:45,8004.5,526299,8005.0,387502,215437,166434,49003,138797,0.5
1900-01-01 07:48:00,8004.5,522387,8005.0,1126774,700075,87485,612590,-604387,0.5
1900-01-01 07:48:15,8000.0,352476,8000.5,1569338,10592,328214,-317622,-1216862,0.5
1900-01-01 07:48:30,7999.5,947987,8000.0,311256,9324,531635,-522311,636731,0.5
1900-01-01 07:48:45,8000.0,71370,8000.5,779518,53157,156027,-102870,-708148,0.5
1900-01-01 07:49:00,8001.5,1196307,8002.0,70755,200594,88776,111818,1125552,0.5
1900-01-01 07:49:15,8005.0,491497,8005.5,90,406138,118739,287399,491407,0.5
1900-01-01 07:49:30,8016.0,284436,8016.5,473609,1139490,61431,1078059,-189173,0.5
1900-01-01 07:49:45,8029.0,94973,8030.0,249855,1684994,228248,1456746,-154882,1.0
1900-01-01 07:50:00,8025.0,1334,8025.5,233462,2228802,428345,1800457,-232128,0.5
1900-01-01 07:50:15,8011.0,595385,8011.5,256246,515947,424495,91452,339139,0.5
1900-01-01 07:50:30,8015.5,56431,8016.0,982181,384555,258578,125977,-925750,0.5
1900-01-01 07:50:45,8011.0,232061,8011.5,421997,119454,258905,-139451,-189936,0.5
1900-01-01 07:51:00,8011.0,818189,8011.5,482064,50483,257882,-207399,336125,0.5
1900-01-01 07:51:15,8011.0,1236427,8011.5,134275,174600,543604,-369004,1102152,0.5
1900-01-01 07:51:30,8022.0,48000,8022.5,18249,385231,279238,105993,29751,0.5
1900-01-01 07:51:45,8020.0,22625,8020.5,390104,459099,214061,245038,-367479,0.5
1900-01-01 07:52:00,8019.5,383127,8020.0,1100193,197325,250111,-52786,-717066,0.5
1900-01-01 07:52:15,8016.0,71009,8016.5,1128203,130232,151469,-21237,-1057194,0.5
1900-01-01 07:52:30,8011.0,37150,8011.5,1089325,220916,163583,57333,-1052175,0.5
1900-01-01 07:52:45,8011.0,352164,8011.5,17472,150482,394473,-243991,334692,0.5
1900-01-01 07:53:00,8011.0,9736,8011.5,779603,195741,321015,-125274,-769867,0.5
1900-01-01 07:53:15,8011.0,1618293,8011.5,107818,106606,188341,-81735,1510475,0.5
1900-01-01 07:53:30,8019.0,322176,8019.5,13033,962243,246463,715780,309143,0.5
1900-01-01 07:53:45,8019.0,37791,8019.5,601804,121893,103179,18714,-564013,0.5
1900-01-01 07:54:00,8019.0,205034,8019.5,577084,184141,41589,142552,-372050,0.5
1900-01-01 07:54:15,8019.0,57404,8019.5,972168,134536,318722,-184186,-914764,0.5
1900-01-01 07:54:30,8014.5,40000,8015.0,983677,209084,210208,-1124,-943677,0.5
1900-01-01 07:54:45,8012.0,1480159,8012.5,280845,125004,71223,53781,1199314,0.5
1900-01-01 07:55:00,8014.0,176710,8014.5,297707,243332,31425,211907,-120997,0.5
1900-01-01 07:55:15,8016.0,263829,8016.5,123234,70661,363151,-292490,140595,0.5
1900-01-01 07:55:30,8012.0,1507,8012.5,185507,91011,267543,-176532,-184000,0.5
1900-01-01 07:55:45,8001.5,627458,8002.0,325583,55414,220585,-165171,301875,0.5
1900-01-01 07:56:00,7996.5,452891,7997.0,203020,72468,477952,-405484,249871,0.5
1900-01-01 07:56:15,7990.0,59931,7990.5,304884,116260,757472,-641212,-244953,0.5
1900-01-01 07:56:30,7985.0,1323985,7985.5,50754,29279,387143,-357864,1273231,0.5
1900-01-01 07:56:45,7992.5,604795,7993.0,394650,207059,523866,-316807,210145,0.5
1900-01-01 07:57:00,7990.0,368748,7990.5,117820,235206,201835,33371,250928,0.5
1900-01-01 07:57:15,7986.0,16195,7986.5,754496,108720,163976,-55256,-738301,0.5
1900-01-01 07:57:30,7982.5,335052,7983.0,1046140,16040,293128,-277088,-711088,0.5
1900-01-01 07:57:45,7978.5,7570,7979.0,1398194,287036,873900,-586864,-1390624,0.5
1900-01-01 07:58:00,7982.5,815179,7983.0,18332,168399,249944,-81545,796847,0.5
1900-01-01 07:58:15,7979.5,443526,7980.0,187648,284412,260199,24213,255878,0.5
1900-01-01 07:58:30,7985.0,205096,7985.5,9460,194160,415084,-220924,195636,0.5
1900-01-01 07:58:45,7985.5,1889279,7986.0,92894,104774,334664,-229890,1796385,0.5
1900-01-01 07:59:00,7985.5,1024417,7986.0,994529,113674,105094,8580,29888,0.5
1900-01-01 07:59:15,7985.5,1016914,7986.0,1739664,137439,302016,-164577,-722750,0.5
1900-01-01 07:59:30,7984.5,15481,7985.0,643737,58288,332560,-274272,-628256,0.5
1900-01-01 07:59:45,7981.0,392435,7981.5,302120,143279,632105,-488826,90315,0.5
1900-01-01 08:00:00,7981.0,197564,7981.5,587781,193354,53010,140344,-390217,0.5
1900-01-01 08:00:15,7981.0,268049,7981.5,1219898,149053,71910,77143,-951849,0.5
1900-01-01 08:00:30,7981.0,103626,7981.5,1543633,96891,69618,27273,-1440007,0.5
1900-01-01 08:00:45,7978.0,35035,7978.5,1218017,33224,945830,-912606,-1182982,0.5
1900-01-01 08:01:00,7974.0,44517,7974.5,721948,44619,1022792,-978173,-677431,0.5
1900-01-01 08:01:15,7970.0,372731,7970.5,1262766,12733,1232752,-1220019,-890035,0.5
1900-01-01 08:01:30,7963.5,1060160,7964.0,1250818,44332,589168,-544836,-190658,0.5
1900-01-01 08:01:45,7964.5,837094,7965.0,92976,840126,415472,424654,744118,0.5
1900-01-01 08:02:00,7966.5,109487,7967.0,720254,147425,275534,-128109,-610767,0.5
1900-01-01 08:02:15,7960.0,103530,7960.5,748312,272693,1485089,-1212396,-644782,0.5
1900-01-01 08:02:30,7956.5,95888,7957.0,402013,87276,802021,-714745,-306125,0.5
1900-01-01 08:02:45,7941.5,9943,7942.0,80477,340374,1437740,-1097366,-70534,0.5
1900-01-01 08:03:00,7956.5,303303,7957.0,353078,767521,792992,-25471,-49775,0.5
1900-01-01 08:03:15,7956.5,108268,7957.0,1112544,434174,524664,-90490,-1004276,0.5
1900-01-01 08:03:30,7956.5,517288,7957.0,66115,170849,136723,34126,451173,0.5
1900-01-01 08:03:45,7956.5,311158,7957.0,697182,142683,108359,34324,-386024,0.5
1900-01-01 08:04:00,7955.0,50625,7955.5,1585299,77696,487459,-409763,-1534674,0.5
1900-01-01 08:04:15,7952.0,418980,7952.5,1011343,25424,868319,-842895,-592363,0.5
1900-01-01 08:04:30,7954.0,721814,7954.5,20194,243028,290031,-47003,701620,0.5
1900-01-01 08:04:45,7951.5,16469,7952.0,338700,330664,251336,79328,-322231,0.5
1900-01-01 08:05:00,7951.5,321652,7952.0,372302,211783,80481,131302,-50650,0.5
1900-01-01 08:05:15,7952.5,548992,7953.0,225,253216,116035,137181,548767,0.5
1900-01-01 08:05:30,7958.0,317131,7958.5,402061,322744,167539,155205,-84930,0.5
1900-01-01 08:05:45,7958.0,819972,7958.5,141412,273388,22990,250398,678560,0.5
1900-01-01 08:06:00,7962.0,1010306,7962.5,69339,283584,34313,249271,940967,0.5
1900-01-01 08:06:15,7964.0,822771,7964.5,417744,547198,76438,470760,405027,0.5
1900-01-01 08:06:30,7964.0,1214787,7964.5,106178,359163,96003,263160,1108609,0.5
1900-01-01 08:06:45,7973.0,107108,7973.5,863583,146929,95970,50959,-756475,0.5
1900-01-01 08:07:00,7969.5,97410,7970.0,1119636,74078,226199,-152121,-1022226,0.5
1900-01-01 08:07:15,7965.0,583201,7965.5,462298,122434,109260,13174,120903,0.5
1900-01-01 08:07:30,7963.5,46805,7964.0,1216793,16348,207724,-191376,-1169988,0.5
1900-01-01 08:07:45,7963.5,334792,7964.0,498517,283204,195350,87854,-163725,0.5
1900-01-01 08:08:00,7963.5,300225,7964.0,721896,24066,25157,-1091,-421671,0.5
1900-01-01 08:08:15,7963.5,651316,7964.0,282963,37610,102888,-65278,368353,0.5
1900-01-01 08:08:30,7968.5,428122,7969.0,276687,335152,42198,292954,151435,0.5
1900-01-01 08:08:45,7970.0,991368,7970.5,52,609365,26409,582956,991316,0.5
1900-01-01 08:09:00,7973.5,956148,7974.0,505098,191981,13506,178475,451050,0.5
1900-01-01 08:09:15,7973.5,264245,7974.0,890262,90476,134504,-44028,-626017,0.5
1900-01-01 08:09:30,7973.5,238554,7974.0,1183860,123447,29475,93972,-945306,0.5
1900-01-01 08:09:45,7973.5,169194,7974.0,1403878,32278,141504,-109226,-1234684,0.5
1900-01-01 08:10:00,7973.5,184919,7974.0,729066,17595,137814,-120219,-544147,0.5
1900-01-01 08:10:15,7973.5,554406,7974.0,227732,99757,24330,75427,326674,0.5
1900-01-01 08:10:30,7970.0,303632,7970.5,1180925,30724,135561,-104837,-877293,0.5
1900-01-01 08:10:45,7964.0,405997,7964.5,353693,4512,49745,-45233,52304,0.5
1900-01-01 08:11:00,7964.0,514092,7964.5,326605,57818,26722,31096,187487,0.5
1900-01-01 08:11:15,7964.0,135503,7964.5,893047,11775,24318,-12543,-757544,0.5
1900-01-01 08:11:30,7964.0,129106,7964.5,956622,9927,19870,-9943,-827516,0.5
1900-01-01 08:11:45,7964.0,178349,7964.5,1018405,20996,47667,-26671,-840056,0.5
1900-01-01 08:12:00,7964.0,115998,7964.5,737957,5634,27695,-22061,-621959,0.5
1900-01-01 08:12:15,7964.0,1403595,7964.5,32622,109251,29340,79911,1370973,0.5
1900-01-01 08:12:30,7964.5,1397248,7965.0,52542,90884,16170,74714,1344706,0.5
1900-01-01 08:12:45,7965.0,405397,7965.5,417531,28892,24711,4181,-12134,0.5
1900-01-01 08:13:00,7965.0,186521,7965.5,495959,24758,26877,-2119,-309438,0.5
1900-01-01 08:13:15,7965.0,342825,7965.5,476536,14188,10954,3234,-133711,0.5
1900-01-01 08:13:30,7965.0,555918,7965.5,226208,19205,182718,-163513,329710,0.5
1900-01-01 08:13:45,7965.0,1359998,7965.5,12644,49712,9120,40592,1347354,0.5
1900-01-01 08:14:00,7972.0,546885,7972.5,190846,208921,105488,103433,356039,0.5
1900-01-01 08:14:15,7972.0,222210,7972.5,636444,72576,94082,-21506,-414234,0.5
1900-01-01 08:14:30,7972.0,907116,7972.5,560210,8482,60976,-52494,346906,0.5
1900-01-01 08:14:45,7972.0,1359243,7972.5,77274,35264,42145,-6881,1281969,0.5
1900-01-01 08:15:00,7974.5,1178536,7975.0,57275,140063,28140,111923,1121261,0.5
1900-01-01 08:15:15,7977.0,42766,7977.5,1468044,162723,98423,64300,-1425278,0.5
1900-01-01 08:15:30,7977.0,509427,7977.5,1699749,130652,70903,59749,-1190322,0.5
1900-01-01 08:15:45,7977.0,675882,7977.5,1392888,32378,29100,3278,-717006,0.5
1900-01-01 08:16:00,7977.0,940101,7977.5,950710,1844,30179,-28335,-10609,0.5
1900-01-01 08:16:15,7983.5,569725,7984.0,40212,245469,107500,137969,529513,0.5
1900-01-01 08:16:30,7983.5,160260,7984.0,496533,88824,83331,5493,-336273,0.5
1900-01-01 08:16:45,7984.0,1294,7984.5,908668,49892,87825,-37933,-907374,0.5
1900-01-01 08:17:00,7975.0,100224,7975.5,1335838,62898,91738,-28840,-1235614,0.5
1900-01-01 08:17:15,7975.0,129939,7975.5,482223,46830,65814,-18984,-352284,0.5
1900-01-01 08:17:30,7973.5,384916,7974.0,412421,53400,81016,-27616,-27505,0.5
1900-01-01 08:17:45,7966.0,6100,7966.5,586950,15758,804995,-789237,-580850,0.5
1900-01-01 08:18:00,7966.0,942304,7966.5,498534,17753,38868,-21115,443770,0.5
1900-01-01 08:18:15,7966.0,790251,7966.5,422878,8096,43160,-35064,367373,0.5
1900-01-01 08:18:30,7966.0,1391954,7966.5,262327,46135,132853,-86718,1129627,0.5
1900-01-01 08:18:45,7966.0,1044451,7966.5,341862,59375,232630,-173255,702589,0.5
1900-01-01 08:19:00,7964.0,232105,7964.5,734512,72342,438537,-366195,-502407,0.5
1900-01-01 08:19:15,7964.0,233523,7964.5,600256,33986,62745,-28759,-366733,0.5
1900-01-01 08:19:30,7964.0,120011,7964.5,655876,124736,135410,-10674,-535865,0.5
1900-01-01 08:19:45,7962.0,699990,7962.5,633728,17244,58617,-41373,66262,0.5
1900-01-01 08:20:00,7962.0,9734,7962.5,1286747,8287,53362,-45075,-1277013,0.5
1900-01-01 08:20:15,7962.0,3153,7962.5,1385663,36338,10873,25465,-1382510,0.5
1900-01-01 08:20:30,7962.0,89130,7962.5,1489918,12327,25981,-13654,-1400788,0.5
1900-01-01 08:20:45,7962.0,423459,7962.5,717869,26815,36558,-9743,-294410,0.5
1900-01-01 08:21:00,7962.0,829206,7962.5,243882,249668,13574,236094,585324,0.5
1900-01-01 08:21:15,7962.0,1083430,7962.5,167460,104469,1182,103287,915970,0.5
1900-01-01 08:21:30,7962.0,1171685,7962.5,82117,82961,14780,68181,1089568,0.5
1900-01-01 08:21:45,7962.0,1364830,7962.5,58471,40086,2661,37425,1306359,0.5
1900-01-01 08:22:00,7962.0,1077596,7962.5,151296,8499,21736,-13237,926300,0.5
1900-01-01 08:22:15,7962.0,1045272,7962.5,105765,17706,70600,-52894,939507,0.5
1900-01-01 08:22:30,7962.0,1192937,7962.5,21822,13123,884,12239,1171115,0.5
1900-01-01 08:22:45,7963.5,702804,7964.0,133647,62229,88047,-25818,569157,0.5
1900-01-01 08:23:00,7963.5,1136268,7964.0,71684,53893,13800,40093,1064584,0.5
1900-01-01 08:23:15,7964.5,976810,7965.0,54916,40506,22918,17588,921894,0.5
1900-01-01 08:23:30,7964.5,1413879,7965.0,102320,39996,2002,37994,1311559,0.5
1900-01-01 08:23:45,7967.5,734973,7968.0,5020,31529,32350,-821,729953,0.5
1900-01-01 08:24:00,7969.5,1387498,7970.0,6588,50411,1562,48849,1380910,0.5
1900-01-01 08:24:15,7971.0,95053,7971.5,1132980,164258,86422,77836,-1037927,0.5
1900-01-01 08:24:30,7977.0,325557,7977.5,7574,88778,112696,-23918,317983,0.5
1900-01-01 08:24:45,7984.0,668532,7984.5,565710,102827,30507,72320,102822,0.5
1900-01-01 08:25:00,7984.0,802125,7984.5,712272,139131,23437,115694,89853,0.5
1900-01-01 08:25:15,7984.0,952685,7984.5,680257,330075,128835,201240,272428,0.5
1900-01-01 08:25:30,7984.0,103695,7984.5,820279,79623,42775,36848,-716584,0.5
1900-01-01 08:25:45,7984.0,607185,7984.5,879968,50588,17043,33545,-272783,0.5
1900-01-01 08:26:00,7979.0,397450,7979.5,237858,151124,398148,-247024,159592,0.5
1900-01-01 08:26:15,7979.0,1067203,7979.5,144851,48372,76771,-28399,922352,0.5
1900-01-01 08:26:30,7984.0,1119618,7984.5,84522,89367,22298,67069,1035096,0.5
1900-01-01 08:26:45,7987.5,1329878,7988.0,155921,123107,9160,113947,1173957,0.5
1900-01-01 08:27:00,7990.5,852288,7991.0,243738,488355,7682,480673,608550,0.5
1900-01-01 08:27:15,7990.5,490961,7991.0,57035,362274,106086,256188,433926,0.5
1900-01-01 08:27:30,7986.5,62047,7987.0,537263,5782,261612,-255830,-475216,0.5
1900-01-01 08:27:45,7985.5,314943,7986.0,281642,78331,203291,-124960,33301,0.5
1900-01-01 08:28:00,7985.5,30595,7986.0,731837,35040,21639,13401,-701242,0.5
1900-01-01 08:28:15,7988.5,172366,7989.0,589905,156502,11400,145102,-417539,0.5
1900-01-01 08:28:30,7988.0,344931,7988.5,277856,180000,37627,142373,67075,0.5
1900-01-01 08:28:45,7988.0,132387,7988.5,247685,152624,52503,100121,-115298,0.5
1900-01-01 08:29:00,7988.0,432001,7988.5,578022,51670,13768,37902,-146021,0.5
1900-01-01 08:29:15,7988.0,90764,7988.5,1585314,32635,32519,116,-1494550,0.5
1900-01-01 08:29:30,7988.0,110345,7988.5,1574212,17558,35310,-17752,-1463867,0.5
1900-01-01 08:29:45,7985.0,1001088,7985.5,314400,11902,36889,-24987,686688,0.5
1900-01-01 08:30:00,7985.0,657867,7985.5,701188,55000,58005,-3005,-43321,0.5
1900-01-01 08:30:15,7985.0,49092,7985.5,1620032,14813,16808,-1995,-1570940,0.5
1900-01-01 08:30:30,7985.0,485753,7985.5,758139,36248,30016,6232,-272386,0.5
1900-01-01 08:30:45,7985.0,339995,7985.5,1227030,13539,59472,-45933,-887035,0.5
1900-01-01 08:31:00,7983.0,44245,7983.5,1104969,8706,410599,-401893,-1060724,0.5
1900-01-01 08:31:15,7983.0,691557,7983.5,536049,19734,28505,-8771,155508,0.5
1900-01-01 08:31:30,7983.0,48925,7983.5,1250813,10984,28353,-17369,-1201888,0.5
1900-01-01 08:31:45,7980.5,6948,7981.0,745127,8160,54146,-45986,-738179,0.5
1900-01-01 08:32:00,7975.0,457661,7975.5,403250,2361,131339,-128978,54411,0.5
1900-01-01 08:32:15,7973.0,290578,7973.5,435637,69940,486243,-416303,-145059,0.5
1900-01-01 08:32:30,7973.0,737263,7973.5,267522,63414,26972,36442,469741,0.5
1900-01-01 08:32:45,7973.0,1069204,7973.5,114615,119265,22025,97240,954589,0.5
1900-01-01 08:33:00,7971.5,5538,7972.0,811947,144391,456261,-311870,-806409,0.5
1900-01-01 08:33:15,7958.0,12448,7958.5,1258792,69266,229071,-159805,-1246344,0.5
1900-01-01 08:33:30,7956.5,240385,7957.0,4003,175778,112102,63676,236382,0.5
1900-01-01 08:33:45,7961.5,184172,7962.0,1086964,139215,40290,98925,-902792,0.5
1900-01-01 08:34:00,7961.5,129971,7962.0,995628,154897,132099,22798,-865657,0.5
1900-01-01 08:34:15,7958.5,137241,7959.0,670602,8872,153842,-144970,-533361,0.5
1900-01-01 08:34:30,7953.5,23220,7954.0,868200,9000,128534,-119534,-844980,0.5
1900-01-01 08:34:45,7947.5,943008,7948.0,114878,156542,826773,-670231,828130,0.5
1900-01-01 08:35:00,7958.0,48118,7958.5,14022,478144,113938,364206,34096,0.5
1900-01-01 08:35:15,7964.0,465602,7964.5,750464,315775,34324,281451,-284862,0.5
1900-01-01 08:35:30,7964.0,1148417,7964.5,281399,186328,24002,162326,867018,0.5
1900-01-01 08:35:45,7964.0,873022,7964.5,107490,126564,32634,93930,765532,0.5
1900-01-01 08:36:00,7964.5,1334072,7965.0,52502,165315,109060,56255,1281570,0.5
1900-01-01 08:36:15,7964.5,1192164,7965.0,29897,36221,1860,34361,1162267,0.5
1900-01-01 08:36:30,7965.5,447902,7966.0,407175,73509,29791,43718,40727,0.5
1900-01-01 08:36:45,7965.5,563141,7966.0,558686,55106,4604,50502,4455,0.5
1900-01-01 08:37:00,7965.5,938334,7966.0,529271,103012,1200,101812,409063,0.5
1900-01-01 08:37:15,7966.5,1383532,7967.0,40964,44322,8320,36002,1342568,0.5
1900-01-01 08:37:30,7969.5,410538,7970.0,380704,31394,14410,16984,29834,0.5
1900-01-01 08:37:45,7969.5,575081,7970.0,103647,158700,15849,142851,471434,0.5
1900-01-01 08:38:00,7969.5,579484,7970.0,377956,40847,7784,33063,201528,0.5
1900-01-01 08:38:15,7965.5,168060,7967.5,581287,56896,338651,-281755,-413227,2.0
1900-01-01 08:38:30,7965.5,122252,7966.0,695152,11754,94818,-83064,-572900,0.5
1900-01-01 08:38:45,7965.0,24626,7965.5,867057,9014,118641,-109627,-842431,0.5
1900-01-01 08:39:00,7962.0,1089529,7962.5,655,25444,293673,-268229,1088874,0.5
1900-01-01 08:39:15,7962.0,1113312,7962.5,46489,31050,2192,28858,1066823,0.5
1900-01-01 08:39:30,7970.0,680391,7970.5,77524,78784,6806,71978,602867,0.5
1900-01-01 08:39:45,7970.0,105694,7970.5,1257896,56637,15013,41624,-1152202,0.5
1900-01-01 08:40:00,7970.0,53624,7970.5,565851,22111,18661,3450,-512227,0.5
1900-01-01 08:40:15,7965.5,562722,7966.0,224376,13507,112867,-99360,338346,0.5
1900-01-01 08:40:30,7965.5,37073,7966.0,1048191,3467,9018,-5551,-1011118,0.5
1900-01-01 08:40:45,7965.5,6335,7966.0,1379407,124,33927,-33803,-1373072,0.5
1900-01-01 08:41:00,7964.0,379934,7964.5,223827,18000,21875,-3875,156107,0.5
1900-01-01 08:41:15,7960.0,1108391,7960.5,72703,12600,272446,-259846,1035688,0.5
1900-01-01 08:41:30,7963.0,828208,7963.5,50670,19562,20682,-1120,777538,0.5
1900-01-01 08:41:45,7962.0,12204,7962.5,549326,3017,51338,-48321,-537122,0.5
1900-01-01 08:42:00,7962.0,143586,7962.5,627932,4426,1013,3413,-484346,0.5
1900-01-01 08:42:15,7962.0,49889,7962.5,1697650,7944,112589,-104645,-1647761,0.5
1900-01-01 08:42:30,7957.5,50336,7958.0,187375,4000,76089,-72089,-137039,0.5
1900-01-01 08:42:45,7957.5,1077697,7958.0,54075,139610,23889,115721,1023622,0.5
1900-01-01 08:43:00,7957.5,861744,7958.0,204054,40715,1500,39215,657690,0.5
1900-01-01 08:43:15,7957.5,783995,7958.0,147040,74938,10020,64918,636955,0.5
1900-01-01 08:43:30,7957.5,1163643,7958.0,47003,69366,1710,67656,1116640,0.5
1900-01-01 08:43:45,7957.5,1238406,7958.0,60223,46131,17486,28645,1178183,0.5
1900-01-01 08:44:00,7958.0,1058947,7958.5,28768,50949,63990,-13041,1030179,0.5
1900-01-01 08:44:15,7958.5,384144,7959.0,138947,10475,41881,-31406,245197,0.5
1900-01-01 08:44:30,7959.0,127622,7959.5,536810,174429,56136,118293,-409188,0.5
1900-01-01 08:44:45,7959.0,226331,7959.5,413808,77236,15946,61290,-187477,0.5
1900-01-01 08:45:00,7958.0,5732,7958.5,1869344,9590,167018,-157428,-1863612,0.5
1900-01-01 08:45:15,7957.0,203957,7957.5,1637517,1510,65544,-64034,-1433560,0.5
1900-01-01 08:45:30,7957.0,144767,7957.5,1321876,1360,160187,-158827,-1177109,0.5
1900-01-01 08:45:45,7957.0,628968,7957.5,335558,15704,41300,-25596,293410,0.5
1900-01-01 08:46:00,7957.0,533120,7957.5,504709,24005,24477,-472,28411,0.5
1900-01-01 08:46:15,7958.5,721649,7959.0,18946,94350,52000,42350,702703,0.5
1900-01-01 08:46:30,7960.0,745660,7960.5,217,85042,13200,71842,745443,0.5
1900-01-01 08:46:45,7963.5,254711,7964.0,27169,61604,2102,59502,227542,0.5
1900-01-01 08:47:00,7964.5,533188,7965.0,526449,258639,8700,249939,6739,0.5
1900-01-01 08:47:15,7962.5,347,7963.0,1743033,28962,191317,-162355,-1742686,0.5
1900-01-01 08:47:30,7962.5,37001,7963.0,1647876,9256,1506,7750,-1610875,0.5
1900-01-01 08:47:45,7957.0,624998,7957.5,1078489,3202,81696,-78494,-453491,0.5
1900-01-01 08:48:00,7957.0,869826,7957.5,714269,184184,168488,15696,155557,0.5
1900-01-01 08:48:15,7957.0,930802,7957.5,539811,16522,7332,9190,390991,0.5
1900-01-01 08:48:30,7957.0,1001899,7957.5,410380,23665,8120,15545,591519,0.5
1900-01-01 08:48:45,7957.0,1166391,7957.5,163800,190058,100,189958,1002591,0.5
1900-01-01 08:49:00,7957.5,802226,7958.0,1953,46339,4147,42192,800273,0.5
1900-01-01 08:49:15,7958.0,928938,7958.5,27086,61859,2900,58959,901852,0.5
1900-01-01 08:49:30,7960.0,23315,7960.5,393231,215732,31709,184023,-369916,0.5
1900-01-01 08:49:45,7959.5,2853,7960.0,664611,20536,27234,-6698,-661758,0.5
1900-01-01 08:50:00,7957.0,572811,7957.5,427395,50662,152157,-101495,145416,0.5
1900-01-01 08:50:15,7957.0,599018,7957.5,648291,6443,47840,-41397,-49273,0.5
1900-01-01 08:50:30,7957.0,716361,7957.5,618864,13531,32200,-18669,97497,0.5
1900-01-01 08:50:45,7957.0,630876,7957.5,643970,1048,6979,-5931,-13094,0.5
1900-01-01 08:51:00,7957.0,658272,7957.5,586585,2418,118892,-116474,71687,0.5
1900-01-01 08:51:15,7957.0,1019178,7957.5,202838,8200,38822,-30622,816340,0.5
1900-01-01 08:51:30,7959.5,785169,7960.0,27744,165388,31566,133822,757425,0.5
1900-01-01 08:51:45,7959.5,1135076,7960.0,2141,25701,14285,11416,1132935,0.5
1900-01-01 08:52:00,7963.0,675193,7963.5,34201,56908,4385,52523,640992,0.5
1900-01-01 08:52:15,7961.0,469707,7961.5,6393,35865,37741,-1876,463314,0.5
1900-01-01 08:52:30,7961.0,68941,7961.5,674802,9051,20757,-11706,-605861,0.5
1900-01-01 08:52:45,7959.0,343337,7959.5,411659,31624,61494,-29870,-68322,0.5
1900-01-01 08:53:00,7959.0,373997,7959.5,597450,5714,32174,-26460,-223453,0.5
1900-01-01 08:53:15,7959.0,373185,7959.5,516598,5402,27699,-22297,-143413,0.5
1900-01-01 08:53:30,7959.0,909602,7959.5,48948,10186,25720,-15534,860654,0.5
1900-01-01 08:53:45,7961.0,580250,7961.5,388252,223717,16017,207700,191998,0.5
1900-01-01 08:54:00,7963.0,1220934,7963.5,2314,134310,9100,125210,1218620,0.5
1900-01-01 08:54:15,7968.5,643344,7969.0,13852,359199,16754,342445,629492,0.5
1900-01-01 08:54:30,7968.5,370045,7969.0,598481,7648,41096,-33448,-228436,0.5
1900-01-01 08:54:45,7968.5,398359,7969.0,607685,30471,14116,16355,-209326,0.5
1900-01-01 08:55:00,7968.5,408950,7969.0,1097677,10803,93628,-82825,-688727,0.5
1900-01-01 08:55:15,7968.5,494981,7969.0,706854,103438,46100,57338,-211873,0.5
1900-01-01 08:55:30,7969.0,1517586,7969.5,58354,156482,8010,148472,1459232,0.5
1900-01-01 08:55:45,7973.5,1105333,7974.0,22394,500232,264,499968,1082939,0.5
1900-01-01 08:56:00,7974.0,996277,7974.5,73595,118213,42975,75238,922682,0.5
1900-01-01 08:56:15,7974.0,612603,7974.5,408947,40271,13652,26619,203656,0.5
1900-01-01 08:56:30,7974.0,14559,7974.5,1308584,114674,60701,53973,-1294025,0.5
1900-01-01 08:56:45,7974.5,867132,7975.0,175395,240451,122842,117609,691737,0.5
1900-01-01 08:57:00,7979.5,467847,7980.0,937434,267546,31706,235840,-469587,0.5
1900-01-01 08:57:15,7979.5,789472,7980.0,184245,504518,1018,503500,605227,0.5
1900-01-01 08:57:30,7999.0,61848,7999.5,434056,959243,451869,507374,-372208,0.5
1900-01-01 08:57:45,8006.0,459309,8006.5,58506,809804,187991,621813,400803,0.5
1900-01-01 08:58:00,8003.5,240583,8004.0,344538,630699,150756,479943,-103955,0.5
1900-01-01 08:58:15,7998.0,5867,7998.5,736575,67663,719750,-652087,-730708,0.5
1900-01-01 08:58:30,7991.0,947618,7991.5,25518,143531,764815,-621284,922100,0.5
1900-01-01 08:58:45,7994.5,143561,7995.0,312719,149327,205138,-55811,-169158,0.5
1900-01-01 08:59:00,7994.5,143431,7995.0,362300,117352,84381,32971,-218869,0.5
1900-01-01 08:59:15,7994.5,185664,7995.0,316260,47612,101502,-53890,-130596,0.5
1900-01-01 08:59:30,7994.0,67448,7994.5,665928,47892,107692,-59800,-598480,0.5
1900-01-01 08:59:45,7991.0,44645,7991.5,619032,119996,157853,-37857,-574387,0.5
1900-01-01 09:00:00,7990.0,211376,7990.5,420905,6617,156359,-149742,-209529,0.5
1900-01-01 09:00:15,7988.5,25066,7989.0,42557,133029,572054,-439025,-17491,0.5
1900-01-01 09:00:30,7987.5,548740,7988.0,369958,58784,294375,-235591,178782,0.5
1900-01-01 09:00:45,7988.0,943153,7988.5,24213,38410,24983,13427,918940,0.5
1900-01-01 09:01:00,7988.0,199556,7988.5,91487,15126,154547,-139421,108069,0.5
1900-01-01 09:01:15,7988.5,551867,7989.0,78911,51177,51518,-341,472956,0.5
1900-01-01 09:01:30,7990.0,455511,7990.5,5100,600557,10208,590349,450411,0.5
1900-01-01 09:01:45,7997.5,262493,7998.0,238082,347211,43735,303476,24411,0.5
1900-01-01 09:02:00,8000.0,3565572,8000.5,92886,417034,124166,292868,3472686,0.5
1900-01-01 09:02:15,8007.5,497301,8008.0,152545,653974,145503,508471,344756,0.5
1900-01-01 09:02:30,8007.5,10875,8008.0,287951,199026,166617,32409,-277076,0.5
1900-01-01 09:02:45,8004.5,1273655,8005.0,65054,209928,399639,-189711,1208601,0.5
1900-01-01 09:03:00,8012.5,833864,8013.0,28531,308666,90425,218241,805333,0.5
1900-01-01 09:03:15,8004.5,86933,8005.0,164156,252352,342880,-90528,-77223,0.5
1900-01-01 09:03:30,8000.0,242785,8000.5,781890,63857,252376,-188519,-539105,0.5
1900-01-01 09:03:45,8006.0,457061,8006.5,25000,514096,366072,148024,432061,0.5
1900-01-01 09:04:00,8006.0,452344,8006.5,418745,47455,20124,27331,33599,0.5
1900-01-01 09:04:15,8006.0,101935,8006.5,489366,185892,185388,504,-387431,0.5
1900-01-01 09:04:30,8003.5,40471,8004.0,475434,263736,160432,103304,-434963,0.5
1900-01-01 09:04:45,8003.0,560486,8003.5,260302,68182,162078,-93896,300184,0.5
1900-01-01 09:05:00,8006.0,522068,8006.5,361332,220853,75672,145181,160736,0.5
1900-01-01 09:05:15,8015.5,1246342,8016.0,37369,368871,117354,251517,1208973,0.5
1900-01-01 09:05:30,8021.5,116996,8022.0,654956,457950,243087,214863,-537960,0.5
1900-01-01 09:05:45,8000.0,62121,8000.5,239735,132837,368895,-236058,-177614,0.5
1900-01-01 09:06:00,8004.0,1001242,8004.5,74495,301731,228174,73557,926747,0.5
1900-01-01 09:06:15,8007.5,92191,8008.0,374909,132501,90915,41586,-282718,0.5
1900-01-01 09:06:30,8001.0,62780,8001.5,507894,59989,123583,-63594,-445114,0.5
1900-01-01 09:06:45,7996.0,468814,7996.5,13835,87631,272371,-184740,454979,0.5
1900-01-01 09:07:00,8000.5,306797,8001.0,126784,190791,34130,156661,180013,0.5
1900-01-01 09:07:15,8000.0,462759,8000.5,283638,42183,29169,13014,179121,0.5
1900-01-01 09:07:30,8000.0,29599,8000.5,262035,151433,98988,52445,-232436,0.5
1900-01-01 09:07:45,7993.0,92356,7993.5,776220,220048,84695,135353,-683864,0.5
1900-01-01 09:08:00,7985.5,629558,7986.0,39645,291256,1164523,-873267,589913,0.5
1900-01-01 09:08:15,7986.0,21506,7986.5,443279,342480,196541,145939,-421773,0.5
1900-01-01 09:08:30,7986.0,9942,7986.5,645196,39452,26345,13107,-635254,0.5
1900-01-01 09:08:45,7983.0,592910,7983.5,52540,327118,88800,238318,540370,0.5
1900-01-01 09:09:00,7985.5,611244,7986.0,110726,226138,26449,199689,500518,0.5
1900-01-01 09:09:15,7986.0,136052,7986.5,266540,167835,97129,70706,-130488,0.5
1900-01-01 09:09:30,7985.5,104093,7986.0,82273,34970,110680,-75710,21820,0.5
1900-01-01 09:09:45,7984.5,714,7985.0,264589,35306,39937,-4631,-263875,0.5
1900-01-01 09:10:00,7985.5,314077,7986.0,55664,150528,28243,122285,258413,0.5
1900-01-01 09:10:15,7993.5,91207,7994.0,25797,253050,70880,182170,65410,0.5
1900-01-01 09:10:30,7988.0,414759,7988.5,252864,101254,86406,14848,161895,0.5
1900-01-01 09:10:45,7988.0,321645,7988.5,287560,172844,195346,-22502,34085,0.5
1900-01-01 09:11:00,7985.5,909480,7986.0,213868,48003,320825,-272822,695612,0.5
1900-01-01 09:11:15,7985.0,48222,7985.5,637789,156026,84912,71114,-589567,0.5
1900-01-01 09:11:30,7984.5,91156,7985.0,403902,27414,75095,-47681,-312746,0.5
1900-01-01 09:11:45,7984.5,444263,7985.0,199802,27960,37027,-9067,244461,0.5
1900-01-01 09:12:00,7984.5,994731,7985.0,188004,78363,40237,38126,806727,0.5
1900-01-01 09:12:15,7984.5,624053,7985.0,257057,59371,95205,-35834,366996,0.5
1900-01-01 09:12:30,7984.5,1191537,7985.0,148725,88,8728,-8640,1042812,0.5
1900-01-01 09:12:45,7988.0,882330,7988.5,348385,118203,24298,93905,533945,0.5
1900-01-01 09:13:00,7988.0,1091077,7988.5,183379,59444,12954,46490,907698,0.5
1900-01-01 09:13:15,7989.5,25312,7990.0,37156,98500,156381,-57881,-11844,0.5
1900-01-01 09:13:30,7991.0,987057,7991.5,17694,127220,6836,120384,969363,0.5
1900-01-01 09:13:45,7993.0,252093,7993.5,50011,84305,8001,76304,202082,0.5
1900-01-01 09:14:00,7993.0,8416,7993.5,434626,46582,103244,-56662,-426210,0.5
1900-01-01 09:14:15,7991.0,768256,7991.5,119909,50536,40165,10371,648347,0.5
1900-01-01 09:14:30,7993.5,494713,7994.0,175859,75028,5005,70023,318854,0.5
1900-01-01 09:14:45,7993.5,203176,7994.0,234898,28528,291,28237,-31722,0.5
1900-01-01 09:15:00,7993.5,171877,7994.0,422607,24261,28047,-3786,-250730,0.5
1900-01-01 09:15:15,7992.5,20809,7993.0,298097,9390,41528,-32138,-277288,0.5
1900-01-01 09:15:30,7992.0,7862,7992.5,655863,17620,26224,-8604,-648001,0.5
1900-01-01 09:15:45,7990.0,210866,7990.5,480170,13404,50685,-37281,-269304,0.5
1900-01-01 09:16:00,7990.0,314980,7990.5,347657,18808,63023,-44215,-32677,0.5
1900-01-01 09:16:15,7987.5,754,7988.0,681791,2140,172107,-169967,-681037,0.5
1900-01-01 09:16:30,7985.5,10880,7986.0,311344,30232,22813,7419,-300464,0.5
1900-01-01 09:16:45,7985.5,779920,7986.0,172903,21726,12997,8729,607017,0.5
1900-01-01 09:17:00,7985.5,457517,7986.0,452708,21726,31076,-9350,4809,0.5
1900-01-01 09:17:15,7985.5,651121,7986.0,428895,46721,8551,38170,222226,0.5
1900-01-01 09:17:30,7985.5,955285,7986.0,22974,44065,39096,4969,932311,0.5
1900-01-01 09:17:45,7987.5,202818,7988.0,224017,25526,76446,-50920,-21199,0.5
1900-01-01 09:18:00,7986.0,36111,7986.5,622233,12371,57188,-44817,-586122,0.5
1900-01-01 09:18:15,7986.0,43396,7986.5,890617,229025,13565,215460,-847221,0.5
1900-01-01 09:18:30,7982.5,8913,7983.0,493089,20534,168187,-147653,-484176,0.5
1900-01-01 09:18:45,7975.0,464370,7975.5,838063,77992,757040,-679048,-373693,0.5
1900-01-01 09:19:00,7983.0,122577,7983.5,528706,160289,128228,32061,-406129,0.5
1900-01-01 09:19:15,7983.0,925654,7983.5,69735,72466,95769,-23303,855919,0.5
1900-01-01 09:19:30,7985.5,182506,7986.0,674964,183396,162572,20824,-492458,0.5
1900-01-01 09:19:45,7975.0,7301,7980.0,610902,6728,377249,-370521,-603601,5.0
1900-01-01 09:20:00,7980.0,862890,7980.5,29572,90398,124958,-34560,833318,0.5
1900-01-01 09:20:15,7980.0,752467,7980.5,63057,8711,16246,-7535,689410,0.5
1900-01-01 09:20:30,7982.0,206383,7982.5,244865,88801,22800,66001,-38482,0.5
1900-01-01 09:20:45,7982.0,427491,7982.5,366862,71946,149318,-77372,60629,0.5
1900-01-01 09:21:00,7981.5,46386,7982.0,792679,127845,60377,67468,-746293,0.5
1900-01-01 09:21:15,7981.0,13123,7981.5,1190910,12254,17395,-5141,-1177787,0.5
1900-01-01 09:21:30,7980.0,5791,7980.5,1801100,7358,26594,-19236,-1795309,0.5
1900-01-01 09:21:45,7974.5,4994,7975.0,727746,10432,668388,-657956,-722752,0.5
1900-01-01 09:22:00,7972.5,575737,7973.0,89290,39475,117429,-77954,486447,0.5
1900-01-01 09:22:15,7972.5,373498,7973.0,615976,60544,174588,-114044,-242478,0.5
1900-01-01 09:22:30,7972.5,647980,7973.0,745093,44336,34200,10136,-97113,0.5
1900-01-01 09:22:45,7972.5,759906,7973.0,589231,184300,6002,178298,170675,0.5
1900-01-01 09:23:00,7972.5,1006568,7973.0,574250,120312,8160,112152,432318,0.5
1900-01-01 09:23:15,7978.5,146310,7979.0,404645,312599,2216,310383,-258335,0.5
1900-01-01 09:23:30,7978.5,592223,7979.0,94453,33827,102676,-68849,497770,0.5
1900-01-01 09:23:45,7977.0,16812,7977.5,1151649,37702,92797,-55095,-1134837,0.5
1900-01-01 09:24:00,7976.5,158333,7977.0,177296,18472,42926,-24454,-18963,0.5
1900-01-01 09:24:15,7974.0,803970,7974.5,538,25169,7102,18067,803432,0.5
1900-01-01 09:24:30,7978.5,754651,7979.0,41654,121717,42000,79717,712997,0.5
1900-01-01 09:24:45,7979.5,667777,7980.0,115454,47788,4002,43786,552323,0.5
1900-01-01 09:25:00,7982.5,825104,7983.0,223067,110084,6612,103472,602037,0.5
1900-01-01 09:25:15,7984.5,542204,7985.0,342668,190051,5304,184747,199536,0.5
1900-01-01 09:25:30,7984.5,90447,7985.0,1005504,450166,51008,399158,-915057,0.5
1900-01-01 09:25:45,7982.0,40135,7982.5,764158,12900,50626,-37726,-724023,0.5
1900-01-01 09:26:00,7978.0,63677,7978.5,823119,15890,74708,-58818,-759442,0.5
1900-01-01 09:26:15,7976.5,100524,7977.0,525833,4592,68140,-63548,-425309,0.5
1900-01-01 09:26:30,7976.5,68586,7977.0,479519,7992,107506,-99514,-410933,0.5
1900-01-01 09:26:45,7975.0,68693,7975.5,474748,15304,145742,-130438,-406055,0.5
1900-01-01 09:27:00,7973.0,286719,7973.5,474704,85184,74227,10957,-187985,0.5
1900-01-01 09:27:15,7971.5,43700,7972.0,695978,22184,357970,-335786,-652278,0.5
1900-01-01 09:27:30,7970.5,97521,7971.0,655220,37320,94267,-56947,-557699,0.5
1900-01-01 09:27:45,7970.0,1189735,7970.5,25962,31879,97848,-65969,1163773,0.5
1900-01-01 09:28:00,7973.0,2250,7973.5,505018,46933,53213,-6280,-502768,0.5
1900-01-01 09:28:15,7972.5,196857,7973.0,280932,128564,8362,120202,-84075,0.5
1900-01-01 09:28:30,7972.5,164505,7973.0,457564,45414,87425,-42011,-293059,0.5
1900-01-01 09:28:45,7972.5,252157,7973.0,479435,77598,65659,11939,-227278,0.5
1900-01-01 09:29:00,7972.5,109280,7973.0,662298,111920,81257,30663,-553018,0.5
1900-01-01 09:29:15,7971.0,171600,7971.5,176750,600,58434,-57834,-5150,0.5
1900-01-01 09:29:30,7971.0,332854,7971.5,315625,31006,32059,-1053,17229,0.5
1900-01-01 09:29:45,7971.0,685525,7971.5,313328,34497,29196,5301,372197,0.5
1900-01-01 09:30:00,7971.0,368385,7971.5,264150,56482,41081,15401,104235,0.5
1900-01-01 09:30:15,7971.0,1154400,7971.5,38382,106370,1592,104778,1116018,0.5
1900-01-01 09:30:30,7971.5,921162,7972.0,72238,62196,20684,41512,848924,0.5
1900-01-01 09:30:45,7971.5,980078,7972.0,2781,112751,26374,86377,977297,0.5
1900-01-01 09:31:00,7979.5,494310,7980.0,146470,334123,63766,270357,347840,0.5
1900-01-01 09:31:15,7979.5,739051,7980.0,235731,182913,47250,135663,503320,0.5
1900-01-01 09:31:30,7979.5,846852,7980.0,201094,44072,72,44000,645758,0.5
1900-01-01 09:31:45,7979.5,716237,7980.0,141659,34348,2,34346,574578,0.5
1900-01-01 09:32:00,7980.0,1146781,7980.5,10033,43697,906,42791,1136748,0.5
1900-01-01 09:32:15,7980.5,893941,7981.0,34653,101875,106856,-4981,859288,0.5
1900-01-01 09:32:30,7981.5,1271551,7982.0,213799,7986,48730,-40744,1057752,0.5
1900-01-01 09:32:45,7981.5,1104875,7982.0,195374,63346,40164,23182,909501,0.5
1900-01-01 09:33:00,7981.5,540619,7982.0,272940,47577,6030,41547,267679,0.5
1900-01-01 09:33:15,7983.5,1387541,7984.0,1852,58004,282,57722,1385689,0.5
1900-01-01 09:33:30,7985.5,279192,7986.0,206416,66039,49328,16711,72776,0.5
1900-01-01 09:33:45,7985.5,1054934,7986.0,139492,23295,414,22881,915442,0.5
1900-01-01 09:34:00,7987.0,1022183,7987.5,9275,70363,6604,63759,1012908,0.5
1900-01-01 09:34:15,7988.5,911399,7989.0,23928,77275,2240,75035,887471,0.5
1900-01-01 09:34:30,7991.5,124674,7992.0,262197,176949,11416,165533,-137523,0.5
1900-01-01 09:34:45,7989.0,16864,7989.5,167696,219580,52987,166593,-150832,0.5
1900-01-01 09:35:00,7989.0,616797,7989.5,185509,40251,203677,-163426,431288,0.5
1900-01-01 09:35:15,7989.5,1028163,7990.0,84955,107983,5336,102647,943208,0.5
1900-01-01 09:35:30,7990.5,983270,7991.0,15309,70143,7257,62886,967961,0.5
1900-01-01 09:35:45,7992.5,723950,7993.0,178978,54669,45937,8732,544972,0.5
1900-01-01 09:36:00,7993.5,994048,7994.0,75700,278919,50126,228793,918348,0.5
1900-01-01 09:36:15,7994.5,488762,7995.0,663296,107512,23446,84066,-174534,0.5
1900-01-01 09:36:30,7991.0,104698,7991.5,179698,15438,498146,-482708,-75000,0.5
1900-01-01 09:36:45,7990.0,117837,7990.5,1134186,48780,307639,-258859,-1016349,0.5
1900-01-01 09:37:00,7990.0,253642,7990.5,1060237,2000,118544,-116544,-806595,0.5
1900-01-01 09:37:15,7991.0,718930,7991.5,72461,300336,28776,271560,646469,0.5
1900-01-01 09:37:30,7992.5,1243372,7999.0,47368,25344,6000,19344,1196004,6.5
1900-01-01 09:37:45,7999.5,520108,8000.0,1213703,832118,251001,581117,-693595,0.5
1900-01-01 09:38:00,8002.5,632958,8003.0,264344,631225,200136,431089,368614,0.5
1900-01-01 09:38:15,8000.0,853760,8000.5,30127,107080,86090,20990,823633,0.5
1900-01-01 09:38:30,8003.5,574662,8004.0,56560,422600,287188,135412,518102,0.5
1900-01-01 09:38:45,8003.5,234672,8004.0,562327,82034,71528,10506,-327655,0.5
1900-01-01 09:39:00,7999.5,459603,8000.0,291529,18652,84974,-66322,168074,0.5
1900-01-01 09:39:15,7999.0,88078,7999.5,241520,55529,113362,-57833,-153442,0.5
1900-01-01 09:39:30,7999.0,565704,7999.5,339356,143512,105566,37946,226348,0.5
1900-01-01 09:39:45,7999.0,275217,7999.5,500040,34756,15810,18946,-224823,0.5
1900-01-01 09:40:00,7998.0,108841,7998.5,657562,95583,190718,-95135,-548721,0.5
1900-01-01 09:40:15,7992.5,385393,7993.0,320100,9972,134206,-124234,65293,0.5
1900-01-01 09:40:30,7991.5,574195,7992.0,169239,136476,110810,25666,404956,0.5
1900-01-01 09:40:45,7992.5,858280,7993.0,177,150762,124902,25860,858103,0.5
1900-01-01 09:41:00,7994.5,882307,7995.0,240170,89753,6330,83423,642137,0.5
1900-01-01 09:41:15,7996.5,967165,7997.0,54780,152570,9248,143322,912385,0.5
1900-01-01 09:41:30,7999.0,954671,7999.5,1081,30447,2276,28171,953590,0.5
1900-01-01 09:41:45,7999.5,150922,8000.0,215101,151210,45397,105813,-64179,0.5
1900-01-01 09:42:00,7999.0,60621,7999.5,639502,5080,159466,-154386,-578881,0.5
1900-01-01 09:42:15,7996.0,83966,7996.5,916285,13533,96102,-82569,-832319,0.5
1900-01-01 09:42:30,7995.0,39340,7995.5,1360582,202,52211,-52009,-1321242,0.5
1900-01-01 09:42:45,7995.0,647446,7995.5,374323,229695,36281,193414,273123,0.5
1900-01-01 09:43:00,7995.0,1454616,7995.5,63548,59762,15396,44366,1391068,0.5
1900-01-01 09:43:15,7999.5,428862,8000.0,238377,100821,44552,56269,190485,0.5
1900-01-01 09:43:30,8009.5,259391,8010.5,205183,593506,28024,565482,54208,1.0
1900-01-01 09:43:45,8010.5,242992,8011.0,3000,499554,172524,327030,239992,0.5
1900-01-01 09:44:00,8011.5,950760,8012.0,14460,370724,324488,46236,936300,0.5
1900-01-01 09:44:15,8011.0,25304,8011.5,1478375,186421,299866,-113445,-1453071,0.5
1900-01-01 09:44:30,8004.0,486084,8004.5,241256,33258,170674,-137416,244828,0.5
1900-01-01 09:44:45,8003.5,101272,8004.0,2316903,84978,135962,-50984,-2215631,0.5
1900-01-01 09:45:00,8003.5,435871,8004.0,2273740,26990,189766,-162776,-1837869,0.5
1900-01-01 09:45:15,8003.5,1607025,8004.0,1700496,1025508,90871,934637,-93471,0.5
1900-01-01 09:45:30,8003.5,1645680,8004.0,1522032,216681,12830,203851,123648,0.5
1900-01-01 09:45:45,8003.5,1739670,8004.0,1407437,740119,107607,632512,332233,0.5
1900-01-01 09:46:00,8001.5,2989,8002.0,644033,432011,238279,193732,-641044,0.5
1900-01-01 09:46:15,8001.0,25230,8001.5,548854,31150,231134,-199984,-523624,0.5
1900-01-01 09:46:30,7994.0,46798,7994.5,1255060,30273,204118,-173845,-1208262,0.5
1900-01-01 09:46:45,7994.0,480294,7994.5,186611,42238,185441,-143203,293683,0.5
1900-01-01 09:47:00,7998.5,794773,7999.0,227846,102833,88915,13918,566927,0.5
1900-01-01 09:47:15,7999.5,746193,8000.0,95554,96467,10502,85965,650639,0.5
1900-01-01 09:47:30,8001.5,770263,8002.0,29302,70095,22250,47845,740961,0.5
1900-01-01 09:47:45,8003.5,671766,8004.0,801158,258910,751,258159,-129392,0.5
1900-01-01 09:48:00,8000.0,7937,8000.5,979470,62288,317633,-255345,-971533,0.5
1900-01-01 09:48:15,7999.0,123025,7999.5,627671,27730,37363,-9633,-504646,0.5
1900-01-01 09:48:30,7999.0,51739,7999.5,724882,87551,66664,20887,-673143,0.5
1900-01-01 09:48:45,7998.0,9527,7998.5,948246,2130,27729,-25599,-938719,0.5
1900-01-01 09:49:00,7996.5,1729355,7997.0,34992,134554,63546,71008,1694363,0.5
1900-01-01 09:49:15,8002.0,15000,8003.5,238,926182,115036,811146,14762,1.5
1900-01-01 09:49:30,8003.5,714324,8004.0,37971,104377,47140,57237,676353,0.5
1900-01-01 09:49:45,8005.5,363233,8006.0,93437,135408,425252,-289844,269796,0.5
1900-01-01 09:50:00,8012.5,73097,8013.0,367326,166831,102510,64321,-294229,0.5
1900-01-01 09:50:15,8012.5,735679,8013.0,117676,88523,44507,44016,618003,0.5
1900-01-01 09:50:30,8014.0,25622,8014.5,353269,148549,38538,110011,-327647,0.5
1900-01-01 09:50:45,8014.5,1637355,8015.0,5021,347260,34984,312276,1632334,0.5
1900-01-01 09:51:00,8024.5,161062,8025.0,620884,3813148,428091,3385057,-459822,0.5
1900-01-01 09:51:15,8043.5,22937,8044.0,63670,4808170,426708,4381462,-40733,0.5
1900-01-01 09:51:30,8049.5,106998,8050.0,1926391,39021890,332077,38689813,-1819393,0.5
1900-01-01 09:51:45,8092.0,5000,8100.0,299261,4858630,375944,4482686,-294261,8.0
1900-01-01 09:52:00,8115.5,97450,8116.0,74734,5728226,2335964,3392262,22716,0.5
1900-01-01 09:52:15,8076.5,21192,8077.0,3885,1969838,3661772,-1691934,17307,0.5
1900-01-01 09:52:30,8068.5,12576,8069.0,75753,847233,1086629,-239396,-63177,0.5
1900-01-01 09:52:45,8079.5,101795,8080.0,1020549,368048,510291,-142243,-918754,0.5
1900-01-01 09:53:00,8082.0,80215,8082.5,10503,793669,491899,301770,69712,0.5
1900-01-01 09:53:15,8084.0,2962,8084.5,237188,932820,724426,208394,-234226,0.5
1900-01-01 09:53:30,8084.0,1205166,8084.5,143942,972482,308239,664243,1061224,0.5
1900-01-01 09:53:45,8089.5,408480,8090.0,569374,673069,163860,509209,-160894,0.5
1900-01-01 09:54:00,8095.0,45378,8095.5,480746,1456655,751887,704768,-435368,0.5
1900-01-01 09:54:15,8076.0,67196,8076.5,87374,780419,1466242,-685823,-20178,0.5
1900-01-01 09:54:30,8072.5,200168,8073.0,750611,370105,738774,-368669,-550443,0.5
1900-01-01 09:54:45,8081.0,504390,8081.5,13000,242990,500432,-257442,491390,0.5
1900-01-01 09:55:00,8089.5,657652,8090.0,35078,424357,108642,315715,622574,0.5
1900-01-01 09:55:15,8099.5,318696,8100.0,598214,1369731,80748,1288983,-279518,0.5
1900-01-01 09:55:30,8100.5,21736,8101.0,24508,607283,417511,189772,-2772,0.5
1900-01-01 09:55:45,8072.5,18958,8073.0,40750,667601,454927,212674,-21792,0.5
1900-01-01 09:56:00,8085.0,37499,8085.5,247878,541150,310908,230242,-210379,0.5
1900-01-01 09:56:15,8093.0,937605,8093.5,351366,435290,198883,236407,586239,0.5
1900-01-01 09:56:30,8099.5,786868,8100.0,151881,589722,351795,237927,634987,0.5
1900-01-01 09:56:45,8099.5,1271629,8100.0,70019,1983635,369642,1613993,1201610,0.5
1900-01-01 09:57:00,8090.0,305580,8090.5,312318,1196157,2553078,-1356921,-6738,0.5
1900-01-01 09:57:15,8083.5,719250,8084.0,247631,261223,603662,-342439,471619,0.5
1900-01-01 09:57:30,8083.5,538413,8084.0,60123,247377,543890,-296513,478290,0.5
1900-01-01 09:57:45,8091.5,294032,8092.0,433644,568302,108623,459679,-139612,0.5
1900-01-01 09:58:00,8085.0,608308,8085.5,167401,127193,147896,-20703,440907,0.5
1900-01-01 09:58:15,8085.5,445896,8086.0,74076,181658,405753,-224095,371820,0.5
1900-01-01 09:58:30,8086.5,387257,8087.0,142563,174971,123750,51221,244694,0.5
1900-01-01 09:58:45,8090.5,528521,8091.0,51139,492243,169168,323075,477382,0.5
1900-01-01 09:59:00,8090.5,512263,8091.0,91343,540294,341205,199089,420920,0.5
1900-01-01 09:59:15,8094.0,611453,8094.5,115587,91203,263420,-172217,495866,0.5
1900-01-01 09:59:30,8099.5,219561,8100.0,5724239,1078061,66750,1011311,-5504678,0.5
1900-01-01 09:59:45,8109.5,262360,8110.0,401990,1078906,175428,903478,-139630,0.5
1900-01-01 10:00:00,8115.0,19788,8115.5,104763,967125,211159,755966,-84975,0.5
1900-01-01 10:00:15,8111.0,88727,8111.5,197758,1018672,1459221,-440549,-109031,0.5
1900-01-01 10:00:30,8109.5,25585,8110.0,549292,463365,515709,-52344,-523707,0.5
1900-01-01 10:00:45,8100.0,131472,8100.5,113297,111450,560050,-448600,18175,0.5
1900-01-01 10:01:00,8102.0,135118,8102.5,533590,262284,903458,-641174,-398472,0.5
1900-01-01 10:01:15,8090.5,972973,8091.0,228911,106843,734780,-627937,744062,0.5
1900-01-01 10:01:30,8096.5,621120,8097.0,1160152,226530,442493,-215963,-539032,0.5
1900-01-01 10:01:45,8096.5,713440,8097.0,362749,1279470,181504,1097966,350691,0.5
1900-01-01 10:02:00,8096.5,369575,8097.0,320687,350923,187147,163776,48888,0.5
1900-01-01 10:02:15,8083.0,745445,8083.5,243208,228622,523928,-295306,502237,0.5
1900-01-01 10:02:30,8092.5,114395,8093.0,651864,245047,206609,38438,-537469,0.5
1900-01-01 10:02:45,8084.5,275036,8085.0,409781,143203,514904,-371701,-134745,0.5
1900-01-01 10:03:00,8084.5,503050,8085.0,51678,122686,83444,39242,451372,0.5
1900-01-01 10:03:15,8075.0,177959,8075.5,243589,110934,575279,-464345,-65630,0.5
1900-01-01 10:03:30,8073.0,19601,8073.5,371638,111594,814491,-702897,-352037,0.5
1900-01-01 10:03:45,8062.0,227931,8062.5,7503,794723,1176976,-382253,220428,0.5
1900-01-01 10:04:00,8060.5,4803,8061.0,196375,599154,701000,-101846,-191572,0.5
1900-01-01 10:04:15,8052.0,413829,8052.5,693983,409253,1059766,-650513,-280154,0.5
1900-01-01 10:04:30,8055.5,256483,8056.0,171133,1350413,303504,1046909,85350,0.5
1900-01-01 10:04:45,8070.5,161999,8071.0,815849,398453,207932,190521,-653850,0.5
1900-01-01 10:05:00,8066.5,59613,8067.0,1577475,247228,202292,44936,-1517862,0.5
1900-01-01 10:05:15,8057.0,32297,8060.0,1408714,359376,280678,78698,-1376417,3.0
1900-01-01 10:05:30,8055.0,258203,8055.5,208628,600428,611025,-10597,49575,0.5
1900-01-01 10:05:45,8060.0,116985,8060.5,820968,522745,176185,346560,-703983,0.5
1900-01-01 10:06:00,8057.5,10103,8058.0,950146,276144,63668,212476,-940043,0.5
1900-01-01 10:06:15,8056.0,341260,8056.5,810057,54420,132753,-78333,-468797,0.5
1900-01-01 10:06:30,8050.5,13338,8051.0,819846,69476,892666,-823190,-806508,0.5
1900-01-01 10:06:45,8045.0,124962,8045.5,535714,232369,466099,-233730,-410752,0.5
1900-01-01 10:07:00,8052.0,160688,8052.5,129382,972612,1150053,-177441,31306,0.5
1900-01-01 10:07:15,8059.5,1004140,8060.0,129769,428856,44300,384556,874371,0.5
1900-01-01 10:07:30,8069.5,72072,8070.0,355595,525568,185467,340101,-283523,0.5
1900-01-01 10:07:45,8067.5,575088,8068.0,24299,235966,174381,61585,550789,0.5
1900-01-01 10:08:00,8071.5,241675,8072.0,64850,142734,27006,115728,176825,0.5
1900-01-01 10:08:15,8074.5,741177,8075.0,238319,607479,35142,572337,502858,0.5
1900-01-01 10:08:30,8075.5,591752,8076.0,303297,448933,134692,314241,288455,0.5
1900-01-01 10:08:45,8082.0,1542066,8082.5,230723,992891,19176,973715,1311343,0.5
1900-01-01 10:09:00,8077.0,2607,8077.5,614744,441626,173230,268396,-612137,0.5
1900-01-01 10:09:15,8074.5,1208628,8075.0,81872,102349,213823,-111474,1126756,0.5
1900-01-01 10:09:30,8079.0,788590,8079.5,322000,120368,73358,47010,466590,0.5
1900-01-01 10:09:45,8079.0,144379,8079.5,407112,86749,142990,-56241,-262733,0.5
1900-01-01 10:10:00,8076.5,354000,8077.0,327181,77334,239905,-162571,26819,0.5
1900-01-01 10:10:15,8077.5,59525,8078.0,417655,23189,85814,-62625,-358130,0.5
1900-01-01 10:10:30,8077.5,30932,8078.0,528036,18950,20868,-1918,-497104,0.5
1900-01-01 10:10:45,8079.0,468067,8079.5,47905,101558,283438,-181880,420162,0.5
1900-01-01 10:11:00,8085.0,938333,8085.5,233018,121055,44406,76649,705315,0.5
1900-01-01 10:11:15,8083.0,274672,8083.5,287270,476028,70043,405985,-12598,0.5
1900-01-01 10:11:30,8088.5,2306,8089.0,229959,197964,137774,60190,-227653,0.5
1900-01-01 10:11:45,8088.5,915738,8089.0,398213,482656,37072,445584,517525,0.5
1900-01-01 10:12:00,8091.5,835414,8092.0,79050,248633,208540,40093,756364,0.5
1900-01-01 10:12:15,8092.0,363665,8092.5,460177,49548,95726,-46178,-96512,0.5
1900-01-01 10:12:30,8094.5,817606,8095.0,128711,16121,79492,-63371,688895,0.5
1900-01-01 10:12:45,8095.0,470167,8095.5,236036,93010,59195,33815,234131,0.5
1900-01-01 10:13:00,8091.5,17582,8092.0,622574,165640,216570,-50930,-604992,0.5
1900-01-01 10:13:15,8085.5,488804,8086.0,38985,259805,1254803,-994998,449819,0.5
1900-01-01 10:13:30,8089.5,172889,8090.0,236441,332682,90906,241776,-63552,0.5
1900-01-01 10:13:45,8093.5,568532,8094.0,135064,215654,131924,83730,433468,0.5
1900-01-01 10:14:00,8118.0,36092,8118.5,88083,885790,167384,718406,-51991,0.5
1900-01-01 10:14:15,8103.0,23857,8103.5,299152,156854,1164675,-1007821,-275295,0.5
1900-01-01 10:14:30,8099.5,297200,8100.0,845966,310188,245221,64967,-548766,0.5
1900-01-01 10:14:45,8104.5,336148,8105.0,238444,422095,212158,209937,97704,0.5
1900-01-01 10:15:00,8109.5,809666,8110.0,24597,1252047,165523,1086524,785069,0.5
1900-01-01 10:15:15,8134.5,11998,8136.5,5744,3665440,186455,3478985,6254,2.0
1900-01-01 10:15:30,8145.5,7100,8146.0,192641,2974218,263576,2710642,-185541,0.5
1900-01-01 10:15:45,8140.5,109215,8146.0,117472,1744619,3528520,-1783901,-8257,5.5
1900-01-01 10:16:00,8123.5,169027,8124.0,78610,1105790,2979465,-1873675,90417,0.5
1900-01-01 10:16:15,8131.5,117828,8133.0,18220,300483,437285,-136802,99608,1.5
1900-01-01 10:16:30,8119.5,286136,8120.0,1316555,619161,352373,266788,-1030419,0.5
1900-01-01 10:16:45,8120.0,986090,8120.5,83143,1424326,539089,885237,902947,0.5
1900-01-01 10:17:00,8129.5,102216,8130.0,305285,3348071,264406,3083665,-203069,0.5
1900-01-01 10:17:15,8118.0,29358,8118.5,135312,221624,459914,-238290,-105954,0.5
1900-01-01 10:17:30,8107.0,22522,8107.5,172762,135144,1405718,-1270574,-150240,0.5
1900-01-01 10:17:45,8091.5,308284,8092.0,208025,381572,1463999,-1082427,100259,0.5
1900-01-01 10:18:00,8095.0,813567,8095.5,139603,594819,491479,103340,673964,0.5
1900-01-01 10:18:15,8107.0,594964,8107.5,27435,1143147,166743,976404,567529,0.5
1900-01-01 10:18:30,8104.0,238800,8104.5,449913,724577,366172,358405,-211113,0.5
1900-01-01 10:18:45,8108.5,265134,8109.0,63577,427341,2554216,-2126875,201557,0.5
1900-01-01 10:19:00,8106.5,156949,8107.0,251443,165995,876531,-710536,-94494,0.5
1900-01-01 10:19:15,8102.5,45684,8103.0,1083616,67986,655246,-587260,-1037932,0.5
1900-01-01 10:19:30,8093.0,183540,8095.0,243858,1323156,378512,944644,-60318,2.0
1900-01-01 10:19:45,8106.0,291781,8106.5,1518000,422594,343596,78998,-1226219,0.5
1900-01-01 10:20:00,8105.0,484557,8105.5,20985,150722,243365,-92643,463572,0.5
1900-01-01 10:20:15,8113.5,272009,8114.0,70,2131066,98914,2032152,271939,0.5
1900-01-01 10:20:30,8131.0,37682,8131.5,50115,589022,117954,471068,-12433,0.5
1900-01-01 10:20:45,8115.0,173440,8115.5,141332,448434,222850,225584,32108,0.5
1900-01-01 10:21:00,8115.0,571604,8115.5,55836,300461,194314,106147,515768,0.5
1900-01-01 10:21:15,8118.5,68886,8119.0,167782,423462,87879,335583,-98896,0.5
1900-01-01 10:21:30,8118.5,95762,8119.0,1174965,667822,233899,433923,-1079203,0.5
1900-01-01 10:21:45,8129.5,501417,8130.0,120569,183208,103804,79404,380848,0.5
1900-01-01 10:22:00,8129.0,23142,8129.5,345295,367518,73616,293902,-322153,0.5
1900-01-01 10:22:15,8121.5,1041606,8122.0,142110,259388,614461,-355073,899496,0.5
1900-01-01 10:22:30,8122.5,914275,8123.0,60810,329471,186564,142907,853465,0.5
1900-01-01 10:22:45,8129.5,541817,8130.0,199095,221858,538371,-316513,342722,0.5
1900-01-01 10:23:00,8131.5,1073034,8132.0,15076,223041,65989,157052,1057958,0.5
1900-01-01 10:23:15,8133.5,401190,8134.0,98842,405432,103454,301978,302348,0.5
1900-01-01 10:23:30,8131.0,62832,8131.5,443391,489744,901286,-411542,-380559,0.5
1900-01-01 10:23:45,8127.0,337691,8127.5,255029,88206,83729,4477,82662,0.5
1900-01-01 10:24:00,8115.0,167178,8115.5,63685,38499,485958,-447459,103493,0.5
1900-01-01 10:24:15,8111.0,197845,8111.5,626473,29947,177606,-147659,-428628,0.5
1900-01-01 10:24:30,8128.5,10000,8129.0,21,444151,162635,281516,9979,0.5
1900-01-01 10:24:45,8122.5,219770,8123.0,753800,49586,65278,-15692,-534030,0.5
1900-01-01 10:25:00,8119.5,301752,8120.0,470407,38343,109118,-70775,-168655,0.5
1900-01-01 10:25:15,8122.0,503678,8122.5,800,313708,149976,163732,502878,0.5
1900-01-01 10:25:30,8119.5,11283,8120.0,528619,35022,62032,-27010,-517336,0.5
1900-01-01 10:25:45,8116.0,247634,8116.5,14230,531563,349320,182243,233404,0.5
1900-01-01 10:26:00,8113.0,374658,8113.5,49477,57951,192062,-134111,325181,0.5
1900-01-01 10:26:15,8107.5,42354,8108.0,142083,78170,273792,-195622,-99729,0.5
1900-01-01 10:26:30,8110.0,166904,8110.5,481513,190978,199842,-8864,-314609,0.5
1900-01-01 10:26:45,8104.0,482537,8104.5,173073,206786,209998,-3212,309464,0.5
1900-01-01 10:27:00,8110.0,42470,8110.5,275956,233292,115320,117972,-233486,0.5
1900-01-01 10:27:15,8109.0,5142,8109.5,544932,159893,35070,124823,-539790,0.5
1900-01-01 10:27:30,8102.0,38246,8102.5,199274,116503,90402,26101,-161028,0.5
1900-01-01 10:27:45,8096.5,34179,8097.0,712943,43361,494132,-450771,-678764,0.5
1900-01-01 10:28:00,8096.5,511577,8097.0,77269,385190,435605,-50415,434308,0.5
1900-01-01 10:28:15,8089.5,14390,8090.0,290316,296552,582668,-286116,-275926,0.5
1900-01-01 10:28:30,8084.5,1253446,8085.0,74900,504111,587229,-83118,1178546,0.5
1900-01-01 10:28:45,8089.5,631364,8090.0,157086,249997,211845,38152,474278,0.5
1900-01-01 10:29:00,8093.5,574961,8094.0,24925,652436,25258,627178,550036,0.5
1900-01-01 10:29:15,8096.5,56186,8097.0,1067831,199614,79710,119904,-1011645,0.5
1900-01-01 10:29:30,8096.0,443020,8096.5,740327,218174,202311,15863,-297307,0.5
1900-01-01 10:29:45,8102.5,98601,8103.0,431062,581974,70282,511692,-332461,0.5
1900-01-01 10:30:00,8102.5,141623,8103.0,703049,281201,71011,210190,-561426,0.5
1900-01-01 10:30:15,8100.0,169105,8100.5,306768,66305,348005,-281700,-137663,0.5
1900-01-01 10:30:30,8100.0,957348,8100.5,56941,52932,134952,-82020,900407,0.5
1900-01-01 10:30:45,8106.0,472840,8106.5,27855,282218,33995,248223,444985,0.5
1900-01-01 10:31:00,8103.0,817928,8103.5,31984,455565,136958,318607,785944,0.5
1900-01-01 10:31:15,8103.0,534709,8103.5,349143,70641,256311,-185670,185566,0.5
1900-01-01 10:31:30,8104.5,651058,8105.0,153832,164769,116570,48199,497226,0.5
1900-01-01 10:31:45,8108.5,460739,8109.0,303419,130282,68049,62233,157320,0.5
1900-01-01 10:32:00,8114.5,399048,8115.0,50075,798064,23354,774710,348973,0.5
1900-01-01 10:32:15,8115.5,563187,8116.0,33199,255907,110653,145254,529988,0.5
1900-01-01 10:32:30,8115.0,598119,8115.5,102106,100660,243980,-143320,496013,0.5
1900-01-01 10:32:45,8123.5,108282,8124.0,475387,410740,64550,346190,-367105,0.5
1900-01-01 10:33:00,8123.5,125950,8124.0,894096,300019,211526,88493,-768146,0.5
1900-01-01 10:33:15,8118.0,239297,8118.5,378645,196958,184083,12875,-139348,0.5
1900-01-01 10:33:30,8122.0,466530,8122.5,38378,95934,99017,-3083,428152,0.5
1900-01-01 10:33:45,8120.5,6723,8121.0,195010,289865,103846,186019,-188287,0.5
1900-01-01 10:34:00,8119.5,626570,8120.0,106928,29935,166491,-136556,519642,0.5
1900-01-01 10:34:15,8119.5,127899,8120.0,1257067,135187,308301,-173114,-1129168,0.5
1900-01-01 10:34:30,8115.0,296240,8115.5,204979,64241,143149,-78908,91261,0.5
1900-01-01 10:34:45,8112.5,46303,8113.0,543887,28121,365393,-337272,-497584,0.5
1900-01-01 10:35:00,8112.0,358607,8112.5,118083,44028,411430,-367402,240524,0.5
1900-01-01 10:35:15,8121.5,416227,8122.0,68053,319067,130770,188297,348174,0.5
1900-01-01 10:35:30,8133.0,5475,8134.0,100,536256,328777,207479,5375,1.0
1900-01-01 10:35:45,8129.5,78406,8130.0,241256,613375,224838,388537,-162850,0.5
1900-01-01 10:36:00,8134.5,407717,8135.0,469997,245738,251196,-5458,-62280,0.5
1900-01-01 10:36:15,8125.0,2404,8125.5,96233,444032,119972,324060,-93829,0.5
1900-01-01 10:36:30,8125.0,95706,8125.5,626021,63118,655032,-591914,-530315,0.5
1900-01-01 10:36:45,8130.5,159342,8131.0,45671,250685,186109,64576,113671,0.5
1900-01-01 10:37:00,8136.5,441510,8137.0,450458,294065,97164,196901,-8948,0.5
1900-01-01 10:37:15,8141.5,203271,8142.0,198724,576641,414656,161985,4547,0.5
1900-01-01 10:37:30,8137.0,20953,8137.5,608528,99763,369492,-269729,-587575,0.5
1900-01-01 10:37:45,8134.0,310947,8134.5,202353,170610,191474,-20864,108594,0.5
1900-01-01 10:38:00,8144.5,326244,8145.0,588813,1065585,105174,960411,-262569,0.5
1900-01-01 10:38:15,8141.0,502886,8141.5,132381,556094,177634,378460,370505,0.5
1900-01-01 10:38:30,8144.0,1061864,8144.5,25619,1477371,63636,1413735,1036245,0.5
1900-01-01 10:38:45,8145.5,322373,8146.0,180591,341522,239091,102431,141782,0.5
1900-01-01 10:39:00,8144.0,649834,8144.5,486832,70166,588892,-518726,163002,0.5
1900-01-01 10:39:15,8140.0,2090172,8140.5,899891,585139,1684166,-1099027,1190281,0.5
1900-01-01 10:39:30,8128.0,303388,8128.5,125931,154110,3203835,-3049725,177457,0.5
1900-01-01 10:39:45,8139.5,815982,8140.0,20125,630011,450708,179303,795857,0.5
1900-01-01 10:40:00,8133.0,96863,8133.5,25,241159,263361,-22202,96838,0.5
1900-01-01 10:40:15,8130.5,671256,8131.0,425620,300836,105168,195668,245636,0.5
1900-01-01 10:40:30,8122.0,180354,8122.5,89843,34629,554674,-520045,90511,0.5
1900-01-01 10:40:45,8127.0,1496326,8127.5,45936,486408,150554,335854,1450390,0.5
1900-01-01 10:41:00,8119.5,122767,8120.0,124560,1023569,363899,659670,-1793,0.5
1900-01-01 10:41:15,8115.0,351438,8115.5,139394,213722,193523,20199,212044,0.5
1900-01-01 10:41:30,8123.0,41888,8123.5,99854,412002,196993,215009,-57966,0.5
1900-01-01 10:41:45,8127.5,181175,8128.0,522075,149099,9913,139186,-340900,0.5
1900-01-01 10:42:00,8136.5,225117,8137.0,300533,606201,197294,408907,-75416,0.5
1900-01-01 10:42:15,8136.5,116923,8137.0,547629,158591,72653,85938,-430706,0.5
1900-01-01 10:42:30,8127.5,618924,8128.0,180268,142364,259122,-116758,438656,0.5
1900-01-01 10:42:45,8134.0,504745,8134.5,137446,65557,33823,31734,367299,0.5
1900-01-01 10:43:00,8139.5,129898,8140.0,189584,76535,48295,28240,-59686,0.5
1900-01-01 10:43:15,8140.0,301979,8140.5,243394,786585,186802,599783,58585,0.5
1900-01-01 10:43:30,8146.0,162364,8146.5,228117,315076,174468,140608,-65753,0.5
1900-01-01 10:43:45,8140.5,541738,8141.0,38714,244468,1235219,-990751,503024,0.5
1900-01-01 10:44:00,8143.0,106255,8143.5,433000,327456,53636,273820,-326745,0.5
1900-01-01 10:44:15,8150.0,531614,8150.5,3229,1560576,159764,1400812,528385,0.5
1900-01-01 10:44:30,8159.5,516692,8160.0,167783,2308431,904611,1403820,348909,0.5
1900-01-01 10:44:45,8147.0,604666,8147.5,78394,496349,1145415,-649066,526272,0.5
1900-01-01 10:45:00,8151.5,947126,8152.0,71363,230265,63056,167209,875763,0.5
1900-01-01 10:45:15,8141.0,42898,8141.5,991819,433809,799049,-365240,-948921,0.5
1900-01-01 10:45:30,8137.5,131212,8138.0,548215,290540,396081,-105541,-417003,0.5
1900-01-01 10:45:45,8131.0,565616,8131.5,435270,132337,591796,-459459,130346,0.5
1900-01-01 10:46:00,8129.0,10,8129.5,9215,815139,77002,738137,-9205,0.5
1900-01-01 10:46:15,8117.0,971464,8117.5,43491,444123,829069,-384946,927973,0.5
1900-01-01 10:46:30,8117.0,1061402,8117.5,153717,227450,1859048,-1631598,907685,0.5
1900-01-01 10:46:45,8127.0,2599068,8127.5,48007,1083529,214998,868531,2551061,0.5
1900-01-01 10:47:00,8134.0,4000,8135.0,38380,398607,652828,-254221,-34380,1.0
1900-01-01 10:47:15,8134.0,26264,8134.5,810433,179838,122701,57137,-784169,0.5
1900-01-01 10:47:30,8127.0,737846,8127.5,287810,215152,84900,130252,450036,0.5
1900-01-01 10:47:45,8132.0,1420324,8132.5,285581,202037,156719,45318,1134743,0.5
1900-01-01 10:48:00,8133.0,986189,8133.5,483221,131370,9418,121952,502968,0.5
1900-01-01 10:48:15,8138.0,1446255,8138.5,74318,819581,30340,789241,1371937,0.5
1900-01-01 10:48:30,8140.5,79284,8141.0,425430,619098,4004,615094,-346146,0.5
1900-01-01 10:48:45,8135.5,582531,8136.0,131874,226411,617568,-391157,450657,0.5
1900-01-01 10:49:00,8130.0,318176,8130.5,594778,35550,783217,-747667,-276602,0.5
1900-01-01 10:49:15,8125.5,67512,8126.0,166201,4532,505090,-500558,-98689,0.5
1900-01-01 10:49:30,8120.0,1015403,8120.5,501086,25696,584397,-558701,514317,0.5
1900-01-01 10:49:45,8124.5,597809,8125.0,13348,210994,708113,-497119,584461,0.5
1900-01-01 10:50:00,8128.0,1713687,8128.5,28390,100211,58980,41231,1685297,0.5
1900-01-01 10:50:15,8133.0,1094410,8133.5,26396,153997,16363,137634,1068014,0.5
1900-01-01 10:50:30,8133.0,257892,8133.5,455060,20178,28346,-8168,-197168,0.5
1900-01-01 10:50:45,8124.5,10734,8125.0,233604,18318,58755,-40437,-222870,0.5
1900-01-01 10:51:00,8120.0,883530,8120.5,525256,12316,558825,-546509,358274,0.5
1900-01-01 10:51:15,8118.5,375036,8119.0,497923,67334,318035,-250701,-122887,0.5
1900-01-01 10:51:30,8118.5,3104339,8119.0,41582,86542,230837,-144295,3062757,0.5
1900-01-01 10:51:45,8123.5,331015,8124.0,288363,197877,9828,188049,42652,0.5
1900-01-01 10:52:00,8125.5,954840,8127.0,4815,114047,25400,88647,950025,1.5
1900-01-01 10:52:15,8129.5,41222,8130.0,1159372,153949,92870,61079,-1118150,0.5
1900-01-01 10:52:30,8126.5,215400,8127.0,74400,51161,63782,-12621,141000,0.5
1900-01-01 10:52:45,8129.0,56592,8129.5,965006,165816,98576,67240,-908414,0.5
1900-01-01 10:53:00,8124.5,329370,8125.0,77306,589598,304909,284689,252064,0.5
1900-01-01 10:53:15,8129.0,8444,8129.5,525473,83423,55715,27708,-517029,0.5
1900-01-01 10:53:30,8122.5,548200,8123.0,12544,119495,34770,84725,535656,0.5
1900-01-01 10:53:45,8128.5,253783,8129.0,438448,185594,58098,127496,-184665,0.5
1900-01-01 10:54:00,8130.0,112527,8130.5,422108,83491,61858,21633,-309581,0.5
1900-01-01 10:54:15,8131.0,759860,8131.5,10870,66646,74400,-7754,748990,0.5
1900-01-01 10:54:30,8131.5,267690,8132.0,446404,72286,53304,18982,-178714,0.5
1900-01-01 10:54:45,8131.5,229234,8132.0,582688,6710,144347,-137637,-353454,0.5
1900-01-01 10:55:00,8131.5,169813,8132.0,861550,161225,134093,27132,-691737,0.5
1900-01-01 10:55:15,8132.0,1101353,8132.5,5379,234568,360879,-126311,1095974,0.5
1900-01-01 10:55:30,8130.5,1741,8131.0,707298,121839,108928,12911,-705557,0.5
1900-01-01 10:55:45,8121.0,42165,8121.5,279089,17750,333000,-315250,-236924,0.5
1900-01-01 10:56:00,8114.0,88961,8114.5,647740,60784,516912,-456128,-558779,0.5
1900-01-01 10:56:15,8100.5,4528,8101.0,10000,88133,4061210,-3973077,-5472,0.5
1900-01-01 10:56:30,8097.5,131741,8098.0,13587,294820,1057280,-762460,118154,0.5
1900-01-01 10:56:45,8098.0,81660,8098.5,318091,535575,280474,255101,-236431,0.5
1900-01-01 10:57:00,8098.0,853596,8098.5,631100,142338,367505,-225167,222496,0.5
1900-01-01 10:57:15,8095.0,378602,8095.5,569973,158580,648075,-489495,-191371,0.5
1900-01-01 10:57:30,8090.0,478545,8090.5,543415,195002,545833,-350831,-64870,0.5
1900-01-01 10:57:45,8088.0,652476,8088.5,945127,156248,1049619,-893371,-292651,0.5
1900-01-01 10:58:00,8091.5,991641,8092.0,98005,262872,780268,-517396,893636,0.5
1900-01-01 10:58:15,8097.0,888118,8097.5,132666,762897,43204,719693,755452,0.5
1900-01-01 10:58:30,8097.0,573824,8097.5,315861,343579,46123,297456,257963,0.5
1900-01-01 10:58:45,8105.0,836748,8105.5,42927,698856,28584,670272,793821,0.5
1900-01-01 10:59:00,8103.0,4013,8103.5,153063,442853,164258,278595,-149050,0.5
1900-01-01 10:59:15,8092.5,1413512,8093.0,82943,37311,198522,-161211,1330569,0.5
1900-01-01 10:59:30,8094.0,1053061,8094.5,217246,260675,115354,145321,835815,0.5
1900-01-01 10:59:45,8092.5,4374,8093.0,380621,47630,231978,-184348,-376247,0.5
1900-01-01 11:00:00,8089.0,3597,8089.5,1659172,73105,113046,-39941,-1655575,0.5
1900-01-01 11:00:15,8087.5,35271,8088.0,360713,173234,876538,-703304,-325442,0.5
1900-01-01 11:00:30,8077.0,7277,8079.5,91454,173777,1839190,-1665413,-84177,2.5
1900-01-01 11:00:45,8065.5,247778,8066.0,137940,140304,2203805,-2063501,109838,0.5
1900-01-01 11:01:00,8075.5,171038,8076.0,29130,646239,593012,53227,141908,0.5
1900-01-01 11:01:15,8073.0,23837,8073.5,1363577,1242042,445186,796856,-1339740,0.5
1900-01-01 11:01:30,8063.0,92175,8063.5,332617,170976,1602260,-1431284,-240442,0.5
1900-01-01 11:01:45,8058.0,151447,8060.0,104000,127136,1816812,-1689676,47447,2.0
1900-01-01 11:02:00,8050.5,516409,8051.0,3266,295253,1327682,-1032429,513143,0.5
1900-01-01 11:02:15,8061.5,521983,8062.0,209783,1252624,940815,311809,312200,0.5
1900-01-01 11:02:30,8069.5,28400,8070.0,18639,1070535,503860,566675,9761,0.5
1900-01-01 11:02:45,8066.0,18564,8066.5,209409,1070902,465638,605264,-190845,0.5
1900-01-01 11:03:00,8069.5,608918,8070.0,50635,164886,285713,-120827,558283,0.5
1900-01-01 11:03:15,8078.5,628018,8079.0,17191,452622,51070,401552,610827,0.5
1900-01-01 11:03:30,8085.0,861662,8085.5,9510,225412,81718,143694,852152,0.5
1900-01-01 11:03:45,8080.0,9967,8081.0,978948,248091,276332,-28241,-968981,1.0
1900-01-01 11:04:00,8078.0,322059,8078.5,911691,114869,657631,-542762,-589632,0.5
1900-01-01 11:04:15,8078.0,718125,8078.5,537908,61813,70302,-8489,180217,0.5
1900-01-01 11:04:30,8078.0,383108,8078.5,1029318,73551,114065,-40514,-646210,0.5
1900-01-01 11:04:45,8080.0,1134674,8080.5,135090,796934,117934,679000,999584,0.5
1900-01-01 11:05:00,8081.5,535979,8082.0,142505,232329,70152,162177,393474,0.5
1900-01-01 11:05:15,8085.0,370941,8085.5,624542,249809,57300,192509,-253601,0.5
1900-01-01 11:05:30,8084.0,3748,8084.5,935211,248652,262536,-13884,-931463,0.5
1900-01-01 11:05:45,8082.0,15541,8082.5,1371472,20453,53684,-33231,-1355931,0.5
1900-01-01 11:06:00,8080.0,225332,8080.5,1036852,38600,76608,-38008,-811520,0.5
1900-01-01 11:06:15,8075.5,26499,8076.0,1000814,111720,321875,-210155,-974315,0.5
1900-01-01 11:06:30,8070.0,111947,8070.5,223483,70686,144487,-73801,-111536,0.5
1900-01-01 11:06:45,8067.0,958737,8067.5,268295,166718,338490,-171772,690442,0.5
1900-01-01 11:07:00,8070.0,571778,8070.5,34642,314117,952530,-638413,537136,0.5
1900-01-01 11:07:15,8075.0,891640,8075.5,95725,194147,111800,82347,795915,0.5
1900-01-01 11:07:30,8079.5,473658,8080.0,57138,223347,27186,196161,416520,0.5
1900-01-01 11:07:45,8084.0,447866,8084.5,106239,185042,109768,75274,341627,0.5
1900-01-01 11:08:00,8082.0,162954,8082.5,800576,45501,253011,-207510,-637622,0.5
1900-01-01 11:08:15,8079.0,1845,8079.5,1239157,46474,168953,-122479,-1237312,0.5
1900-01-01 11:08:30,8079.0,37032,8079.5,1448439,63616,122931,-59315,-1411407,0.5
1900-01-01 11:08:45,8078.0,670236,8078.5,194044,92819,11138,81681,476192,0.5
1900-01-01 11:09:00,8078.5,594065,8079.0,109837,114316,49220,65096,484228,0.5
1900-01-01 11:09:15,8082.5,65,8083.0,1071950,75246,181294,-106048,-1071885,0.5
1900-01-01 11:09:30,8081.0,483871,8081.5,169079,95960,32900,63060,314792,0.5
1900-01-01 11:09:45,8080.0,90244,8080.5,1673270,54097,113374,-59277,-1583026,0.5
1900-01-01 11:10:00,8074.5,61,8075.0,1356513,28639,343289,-314650,-1356452,0.5
1900-01-01 11:10:15,8072.5,607175,8073.0,105389,53901,203116,-149215,501786,0.5
1900-01-01 11:10:30,8075.5,726191,8076.0,168932,46895,50816,-3921,557259,0.5
1900-01-01 11:10:45,8072.5,96485,8073.0,438155,24076,78286,-54210,-341670,0.5
1900-01-01 11:11:00,8070.0,34030,8070.5,943899,167612,208786,-41174,-909869,0.5
1900-01-01 11:11:15,8067.5,268726,8068.0,235702,52880,71334,-18454,33024,0.5
1900-01-01 11:11:30,8068.0,905335,8068.5,22458,153005,20627,132378,882877,0.5
1900-01-01 11:11:45,8072.0,527156,8072.5,6460,249247,277550,-28303,520696,0.5
1900-01-01 11:12:00,8072.0,6181684,8072.5,43139,91290,10786,80504,6138545,0.5
1900-01-01 11:12:15,8081.5,169556,8082.0,1637840,140453,107406,33047,-1468284,0.5
1900-01-01 11:12:30,8085.0,584426,8085.5,457765,247732,172845,74887,126661,0.5
1900-01-01 11:12:45,8082.5,706616,8083.0,151750,297556,123777,173779,554866,0.5
1900-01-01 11:13:00,8084.0,42367,8084.5,1233453,154708,46514,108194,-1191086,0.5
1900-01-01 11:13:15,8082.5,6383,8083.0,514799,29758,102172,-72414,-508416,0.5
1900-01-01 11:13:30,8081.5,493046,8082.0,198575,77870,37792,40078,294471,0.5
1900-01-01 11:13:45,8081.0,567649,8081.5,265841,29267,68724,-39457,301808,0.5
1900-01-01 11:14:00,8081.5,547477,8082.0,97521,38535,31260,7275,449956,0.5
1900-01-01 11:14:15,8087.0,661313,8087.5,110367,219808,9252,210556,550946,0.5
1900-01-01 11:14:30,8099.5,454029,8100.0,47998,905497,122090,783407,406031,0.5
1900-01-01 11:14:45,8102.5,561429,8103.0,134,1919914,268518,1651396,561295,0.5
1900-01-01 11:15:00,8097.0,390130,8097.5,1142396,697621,459272,238349,-752266,0.5
1900-01-01 11:15:15,8092.0,13447,8092.5,135863,57498,260851,-203353,-122416,0.5
1900-01-01 11:15:30,8087.0,119296,8087.5,1147834,29538,483598,-454060,-1028538,0.5
1900-01-01 11:15:45,8081.5,1774254,8082.0,60327,278481,223788,54693,1713927,0.5
1900-01-01 11:16:00,8081.5,1734019,8082.0,2640,156934,9640,147294,1731379,0.5
1900-01-01 11:16:15,8081.5,247974,8082.0,317605,76061,432494,-356433,-69631,0.5
1900-01-01 11:16:30,8081.5,396826,8082.0,375159,105518,46896,58622,21667,0.5
1900-01-01 11:16:45,8080.0,676169,8080.5,22638,359896,460451,-100555,653531,0.5
1900-01-01 11:17:00,8092.5,82444,8093.0,531517,252540,78143,174397,-449073,0.5
1900-01-01 11:17:15,8091.0,124789,8091.5,360306,118218,31029,87189,-235517,0.5
1900-01-01 11:17:30,8086.0,515,8086.5,1167947,26470,104639,-78169,-1167432,0.5
1900-01-01 11:17:45,8086.0,6027220,8086.5,117250,312783,53041,259742,5909970,0.5
1900-01-01 11:18:00,8090.0,1104018,8090.5,145234,111888,9784,102104,958784,0.5
1900-01-01 11:18:15,8094.5,1045866,8095.0,12861,99543,4418,95125,1033005,0.5
1900-01-01 11:18:30,8094.5,437954,8095.0,511061,11175,69867,-58692,-73107,0.5
1900-01-01 11:18:45,8094.5,183552,8095.0,462539,73116,102357,-29241,-278987,0.5
1900-01-01 11:19:00,8087.0,599910,8087.5,186572,22846,146835,-123989,413338,0.5
1900-01-01 11:19:15,8087.0,102259,8087.5,297951,32818,107698,-74880,-195692,0.5
1900-01-01 11:19:30,8087.0,717924,8087.5,318734,62683,20458,42225,399190,0.5
1900-01-01 11:19:45,8087.0,803533,8087.5,304623,1590,25209,-23619,498910,0.5
1900-01-01 11:20:00,8089.5,993769,8090.0,42647,215043,100796,114247,951122,0.5
1900-01-01 11:20:15,8092.5,2078486,8093.0,102072,62573,23754,38819,1976414,0.5
1900-01-01 11:20:30,8093.0,1157911,8093.5,445,62108,148,61960,1157466,0.5
1900-01-01 11:20:45,8096.5,267761,8097.0,184948,39836,61504,-21668,82813,0.5
1900-01-01 11:21:00,8101.0,695440,8101.5,168711,231678,59374,172304,526729,0.5
1900-01-01 11:21:15,8101.5,487171,8102.0,581244,89310,17953,71357,-94073,0.5
1900-01-01 11:21:30,8103.0,923845,8103.5,374801,501578,97022,404556,549044,0.5
1900-01-01 11:21:45,8103.0,754325,8103.5,336261,440066,46752,393314,418064,0.5
1900-01-01 11:22:00,8108.5,232536,8109.0,232577,1030367,47376,982991,-41,0.5
1900-01-01 11:22:15,8104.0,365335,8104.5,262509,59324,466781,-407457,102826,0.5
1900-01-01 11:22:30,8105.5,222574,8106.0,624157,237132,58797,178335,-401583,0.5
1900-01-01 11:22:45,8102.5,255244,8103.0,643540,86039,162357,-76318,-388296,0.5
1900-01-01 11:23:00,8102.5,693104,8103.0,190364,48793,247980,-199187,502740,0.5
1900-01-01 11:23:15,8107.0,513218,8107.5,52016,86453,5460,80993,461202,0.5
1900-01-01 11:23:30,8111.0,1254472,8111.5,243792,677052,132261,544791,1010680,0.5
1900-01-01 11:23:45,8121.5,283533,8122.0,428780,185698,99533,86165,-145247,0.5
1900-01-01 11:24:00,8106.5,17233,8107.0,263116,118300,485907,-367607,-245883,0.5
1900-01-01 11:24:15,8106.5,116804,8107.0,652333,82254,152015,-69761,-535529,0.5
1900-01-01 11:24:30,8106.5,893105,8107.0,530364,44652,155950,-111298,362741,0.5
1900-01-01 11:24:45,8114.5,62371,8115.0,577818,228356,37269,191087,-515447,0.5
1900-01-01 11:25:00,8110.5,14444,8111.0,1065234,144226,128008,16218,-1050790,0.5
1900-01-01 11:25:15,8107.0,267192,8107.5,485017,45798,439098,-393300,-217825,0.5
1900-01-01 11:25:30,8106.0,24981,8106.5,715706,82917,257641,-174724,-690725,0.5
1900-01-01 11:25:45,8104.0,51148,8104.5,1532506,27188,194592,-167404,-1481358,0.5
1900-01-01 11:26:00,8098.0,54810,8098.5,18773,16704,186062,-169358,36037,0.5
1900-01-01 11:26:15,8093.0,215553,8093.5,389071,13586,496191,-482605,-173518,0.5
1900-01-01 11:26:30,8094.5,360871,8095.0,231522,81406,210180,-128774,129349,0.5
1900-01-01 11:26:45,8094.5,445839,8095.0,321296,151004,35408,115596,124543,0.5
1900-01-01 11:27:00,8092.5,63820,8093.0,722901,130619,107529,23090,-659081,0.5
1900-01-01 11:27:15,8091.5,479497,8092.0,211203,73952,292068,-218116,268294,0.5
1900-01-01 11:27:30,8098.0,377662,8098.5,345021,200212,10763,189449,32641,0.5
1900-01-01 11:27:45,8098.0,1125246,8098.5,71752,28888,127963,-99075,1053494,0.5
1900-01-01 11:28:00,8099.5,604961,8100.0,751656,401412,66556,334856,-146695,0.5
1900-01-01 11:28:15,8112.0,901685,8112.5,71297,229302,11170,218132,830388,0.5
1900-01-01 11:28:30,8103.0,43475,8104.0,89313,263649,277756,-14107,-45838,1.0
1900-01-01 11:28:45,8105.5,71391,8106.0,1375976,15374,68061,-52687,-1304585,0.5
1900-01-01 11:29:00,8103.5,60240,8104.0,959826,119265,280333,-161068,-899586,0.5
1900-01-01 11:29:15,8109.0,352750,8109.5,516824,261272,105794,155478,-164074,0.5
1900-01-01 11:29:30,8109.0,172497,8109.5,571512,31302,99684,-68382,-399015,0.5
1900-01-01 11:29:45,8105.5,36476,8106.0,720492,8404,50483,-42079,-684016,0.5
1900-01-01 11:30:00,8103.0,98594,8103.5,844110,93020,82382,10638,-745516,0.5
1900-01-01 11:30:15,8102.5,5857,8103.0,1046950,125703,37730,87973,-1041093,0.5
1900-01-01 11:30:30,8100.5,58038,8101.0,1067721,4648,65502,-60854,-1009683,0.5
1900-01-01 11:30:45,8100.0,61317,8100.5,955289,3000,97665,-94665,-893972,0.5
1900-01-01 11:31:00,8096.5,68465,8097.0,709404,5000,79833,-74833,-640939,0.5
1900-01-01 11:31:15,8089.0,15548,8089.5,2289272,11782,302175,-290393,-2273724,0.5
1900-01-01 11:31:30,8097.0,8100,8097.5,6337,93328,403954,-310626,1763,0.5
1900-01-01 11:31:45,8095.0,5334,8095.5,889301,231178,24678,206500,-883967,0.5
1900-01-01 11:32:00,8094.5,5149,8095.0,1598535,20136,191450,-171314,-1593386,0.5
1900-01-01 11:32:15,8090.0,67326,8090.5,794849,11019,40845,-29826,-727523,0.5
1900-01-01 11:32:30,8087.5,13202,8088.0,732186,3118,49083,-45965,-718984,0.5
1900-01-01 11:32:45,8086.0,801688,8086.5,252000,41884,145445,-103561,549688,0.5
1900-01-01 11:33:00,8086.0,634460,8086.5,191960,118937,22373,96564,442500,0.5
1900-01-01 11:33:15,8086.0,203453,8086.5,785472,77948,189306,-111358,-582019,0.5
1900-01-01 11:33:30,8086.0,217933,8086.5,1109736,21826,250488,-228662,-891803,0.5
1900-01-01 11:33:45,8086.0,3358,8086.5,1679719,15100,247263,-232163,-1676361,0.5
1900-01-01 11:34:00,8085.0,150129,8085.5,758452,27000,326058,-299058,-608323,0.5
1900-01-01 11:34:15,8082.5,204219,8083.0,1934447,25811,159743,-133932,-1730228,0.5
1900-01-01 11:34:30,8080.5,105456,8081.0,687684,151740,341779,-190039,-582228,0.5
1900-01-01 11:34:45,8080.5,386948,8081.0,166249,171831,358490,-186659,220699,0.5
1900-01-01 11:35:00,8080.5,128600,8081.0,4182366,28378,23621,4757,-4053766,0.5
1900-01-01 11:35:15,8068.0,484,8068.5,102252,63848,639834,-575986,-101768,0.5
1900-01-01 11:35:30,8075.0,50554,8075.5,745821,997388,386936,610452,-695267,0.5
1900-01-01 11:35:45,8078.0,149922,8078.5,487622,352378,602970,-250592,-337700,0.5
1900-01-01 11:36:00,8078.0,92108,8078.5,4494862,123932,224118,-100186,-4402754,0.5
1900-01-01 11:36:15,8075.5,35886,8076.0,933295,10316,49337,-39021,-897409,0.5
1900-01-01 11:36:30,8075.5,312689,8076.0,592017,108082,171554,-63472,-279328,0.5
1900-01-01 11:36:45,8075.5,562855,8076.0,171799,119500,87502,31998,391056,0.5
1900-01-01 11:37:00,8079.5,336973,8080.0,240114,151731,3823,147908,96859,0.5
1900-01-01 11:37:15,8079.5,585199,8080.0,223302,152377,49124,103253,361897,0.5
1900-01-01 11:37:30,8081.5,625772,8082.0,208181,241980,9490,232490,417591,0.5
1900-01-01 11:37:45,8081.5,1054985,8082.0,67428,134241,2154,132087,987557,0.5
1900-01-01 11:38:00,8081.5,204544,8082.0,416265,481265,65106,416159,-211721,0.5
1900-01-01 11:38:15,8080.0,97755,8080.5,819646,33908,175800,-141892,-721891,0.5
1900-01-01 11:38:30,8076.5,125127,8077.0,4004705,6260,89368,-83108,-3879578,0.5
1900-01-01 11:38:45,8074.5,12348,8075.0,583852,24574,65906,-41332,-571504,0.5
1900-01-01 11:39:00,8074.5,64284,8075.0,560875,20624,78935,-58311,-496591,0.5
1900-01-01 11:39:15,8077.5,377541,8078.0,402532,415735,28410,387325,-24991,0.5
1900-01-01 11:39:30,8077.5,422408,8078.0,392237,180671,81622,99049,30171,0.5
1900-01-01 11:39:45,8077.5,73149,8078.0,429919,220516,30310,190206,-356770,0.5
1900-01-01 11:40:00,8077.5,227465,8078.0,360186,54842,49676,5166,-132721,0.5
1900-01-01 11:40:15,8077.5,105053,8078.0,1019478,18600,13351,5249,-914425,0.5
1900-01-01 11:40:30,8077.5,40053,8078.0,753338,25967,82188,-56221,-713285,0.5
1900-01-01 11:40:45,8076.0,473188,8076.5,273259,15426,51286,-35860,199929,0.5
1900-01-01 11:41:00,8077.0,165601,8077.5,636966,320758,43371,277387,-471365,0.5
1900-01-01 11:41:15,8072.5,101772,8073.0,799868,194860,632765,-437905,-698096,0.5
1900-01-01 11:41:30,8071.5,12611,8072.0,749410,4,59520,-59516,-736799,0.5
1900-01-01 11:41:45,8069.5,3211,8070.0,731627,31888,85750,-53862,-728416,0.5
1900-01-01 11:42:00,8068.0,688390,8068.5,181561,58146,70147,-12001,506829,0.5
1900-01-01 11:42:15,8068.0,277881,8068.5,543112,49169,52530,-3361,-265231,0.5
1900-01-01 11:42:30,8068.0,271352,8068.5,462951,47276,192137,-144861,-191599,0.5
1900-01-01 11:42:45,8068.0,577921,8068.5,105028,58406,23406,35000,472893,0.5
1900-01-01 11:43:00,8065.0,357690,8065.5,1107874,78732,370594,-291862,-750184,0.5
1900-01-01 11:43:15,8065.0,202598,8065.5,1119110,24080,314471,-290391,-916512,0.5
1900-01-01 11:43:30,8065.0,284835,8065.5,860315,143814,137925,5889,-575480,0.5
1900-01-01 11:43:45,8063.5,12834,8064.0,957746,36586,38556,-1970,-944912,0.5
1900-01-01 11:44:00,8061.5,1000,8062.0,373810,5324,176766,-171442,-372810,0.5
1900-01-01 11:44:15,8056.5,510644,8057.0,120452,58283,235956,-177673,390192,0.5
1900-01-01 11:44:30,8062.5,1206654,8063.0,44936,604896,191638,413258,1161718,0.5
1900-01-01 11:44:45,8067.0,339248,8067.5,40675,335481,239100,96381,298573,0.5
1900-01-01 11:45:00,8064.0,19720,8065.5,8000,827486,215188,612298,11720,1.5
1900-01-01 11:45:15,8069.5,275425,8070.0,855718,68333,36901,31432,-580293,0.5
1900-01-01 11:45:30,8069.5,108654,8070.0,1320367,43886,119564,-75678,-1211713,0.5
1900-01-01 11:45:45,8069.0,5500,8069.5,1671372,93478,88153,5325,-1665872,0.5
1900-01-01 11:46:00,8067.0,252005,8067.5,1047735,191744,86154,105590,-795730,0.5
1900-01-01 11:46:15,8067.0,113029,8067.5,1075416,251855,102337,149518,-962387,0.5
1900-01-01 11:46:30,8067.0,133260,8067.5,1135336,114266,13926,100340,-1002076,0.5
1900-01-01 11:46:45,8066.0,8504,8066.5,1174206,32004,51696,-19692,-1165702,0.5
1900-01-01 11:47:00,8063.5,35175,8064.0,487777,5268,121704,-116436,-452602,0.5
1900-01-01 11:47:15,8060.0,557538,8060.5,73515,79900,136666,-56766,484023,0.5
1900-01-01 11:47:30,8064.0,270923,8064.5,410959,114288,159875,-45587,-140036,0.5
1900-01-01 11:47:45,8060.0,227273,8060.5,186559,6466,242995,-236529,40714,0.5
1900-01-01 11:48:00,8062.0,12805,8062.5,741619,3198,50479,-47281,-728814,0.5
1900-01-01 11:48:15,8060.0,8132,8060.5,1108682,5002,114378,-109376,-1100550,0.5
1900-01-01 11:48:30,8056.0,96233,8056.5,832312,14216,164687,-150471,-736079,0.5
1900-01-01 11:48:45,8036.0,41766,8036.5,1669248,126862,1706336,-1579474,-1627482,0.5
1900-01-01 11:49:00,8019.0,124031,8020.0,116911,248586,7084601,-6836015,7120,1.0
1900-01-01 11:49:15,8038.5,27630,8039.0,960447,2867496,2630268,237228,-932817,0.5
1900-01-01 11:49:30,8035.5,4013,8038.0,8501,506191,401050,105141,-4488,2.5
1900-01-01 11:49:45,8030.5,602,8031.0,173480,781972,365137,416835,-172878,0.5
1900-01-01 11:50:00,8026.0,362293,8026.5,59735,127942,559016,-431074,302558,0.5
1900-01-01 11:50:15,8026.0,380791,8026.5,703580,513163,368059,145104,-322789,0.5
1900-01-01 11:50:30,8020.0,470376,8020.5,627191,64737,627903,-563166,-156815,0.5
1900-01-01 11:50:45,8025.0,764237,8025.5,44085,157716,821451,-663735,720152,0.5
1900-01-01 11:51:00,8031.5,1526326,8032.0,58241,3661477,209712,3451765,1468085,0.5
1900-01-01 11:51:15,8039.5,638496,8040.0,49386,1031458,147332,884126,589110,0.5
1900-01-01 11:51:30,8048.0,17594,8048.5,125013,604089,226582,377507,-107419,0.5
1900-01-01 11:51:45,8039.0,208789,8039.5,25332,240679,129524,111155,183457,0.5
1900-01-01 11:52:00,8045.0,74601,8045.5,239619,383640,294737,88903,-165018,0.5
1900-01-01 11:52:15,8037.5,366446,8038.0,258884,148840,167812,-18972,107562,0.5
1900-01-01 11:52:30,8037.5,447524,8038.0,135212,82998,67628,15370,312312,0.5
1900-01-01 11:52:45,8035.0,942704,8035.5,233128,519660,71039,448621,709576,0.5
1900-01-01 11:53:00,8035.0,1230161,8035.5,631741,63356,70448,-7092,598420,0.5
1900-01-01 11:53:15,8035.0,1026389,8035.5,637992,195075,406399,-211324,388397,0.5
1900-01-01 11:53:30,8030.0,50673,8030.5,763402,21174,934078,-912904,-712729,0.5
1900-01-01 11:53:45,8032.5,601005,8033.0,3841,378567,202117,176450,597164,0.5
1900-01-01 11:54:00,8034.5,1237977,8035.0,437802,355558,216581,138977,800175,0.5
1900-01-01 11:54:15,8034.5,496174,8035.0,390208,252218,38644,213574,105966,0.5
1900-01-01 11:54:30,8034.5,665806,8035.0,367888,65398,81070,-15672,297918,0.5
1900-01-01 11:54:45,8025.0,174288,8025.5,1121160,102807,336150,-233343,-946872,0.5
1900-01-01 11:55:00,8023.5,10000,8024.0,367290,73104,279456,-206352,-357290,0.5
1900-01-01 11:55:15,8016.5,1708754,8017.0,22050,401795,3591458,-3189663,1686704,0.5
1900-01-01 11:55:30,8027.0,419818,8027.5,2443,256029,295610,-39581,417375,0.5
1900-01-01 11:55:45,8027.0,357592,8027.5,361580,131181,127386,3795,-3988,0.5
1900-01-01 11:56:00,8032.5,57986,8033.0,210279,209530,97137,112393,-152293,0.5
1900-01-01 11:56:15,8032.5,1068530,8033.0,656394,82375,208705,-126330,412136,0.5
1900-01-01 11:56:30,8032.5,1155376,8033.0,372006,83439,72796,10643,783370,0.5
1900-01-01 11:56:45,8038.5,1622559,8039.0,279823,264658,69320,195338,1342736,0.5
1900-01-01 11:57:00,8039.0,1219763,8039.5,546261,373519,138728,234791,673502,0.5
1900-01-01 11:57:15,8039.5,308537,8040.0,141030,283283,64236,219047,167507,0.5
1900-01-01 11:57:30,8043.0,1294175,8043.5,83471,190373,37696,152677,1210704,0.5
1900-01-01 11:57:45,8042.5,245118,8043.0,318188,438231,243922,194309,-73070,0.5
1900-01-01 11:58:00,8042.5,54963,8043.0,343136,260970,17524,243446,-288173,0.5
1900-01-01 11:58:15,8043.0,916438,8043.5,48873,163053,71772,91281,867565,0.5
1900-01-01 11:58:30,8047.0,417700,8047.5,101142,1711278,117524,1593754,316558,0.5
1900-01-01 11:58:45,8047.0,272541,8047.5,238189,107430,57304,50126,34352,0.5
1900-01-01 11:59:00,8047.0,425188,8047.5,311698,69264,38142,31122,113490,0.5
1900-01-01 11:59:15,8047.0,326184,8047.5,4323699,59153,95322,-36169,-3997515,0.5
1900-01-01 11:59:30,8045.5,16144,8046.0,265604,42812,541595,-498783,-249460,0.5
1900-01-01 11:59:45,8039.5,386382,8040.0,121804,34867,546816,-511949,264578,0.5
1900-01-01 12:00:00,8042.0,23340,8046.5,4540,93980,38305,55675,18800,4.5
1900-01-01 12:00:15,8034.0,35747,8034.5,82885,425441,255400,170041,-47138,0.5
1900-01-01 12:00:30,8039.5,519558,8040.0,542718,871011,112430,758581,-23160,0.5
1900-01-01 12:00:45,8039.5,496099,8040.0,1404197,331292,78490,252802,-908098,0.5
1900-01-01 12:01:00,8031.5,569702,8032.0,66289,75141,194593,-119452,503413,0.5
1900-01-01 12:01:15,8026.0,284073,8026.5,149037,174910,358444,-183534,135036,0.5
1900-01-01 12:01:30,8029.5,235618,8030.0,140281,840740,483912,356828,95337,0.5
1900-01-01 12:01:45,8021.0,129684,8021.5,288258,76943,2063110,-1986167,-158574,0.5
1900-01-01 12:02:00,8024.5,104355,8025.0,905915,25648,3824224,-3798576,-801560,0.5
1900-01-01 12:02:15,8021.0,389333,8021.5,78490,284332,720615,-436283,310843,0.5
1900-01-01 12:02:30,8021.0,329558,8021.5,476796,169132,704190,-535058,-147238,0.5
1900-01-01 12:02:45,8018.5,563089,8019.0,568571,132503,1643605,-1511102,-5482,0.5
1900-01-01 12:03:00,8016.5,12749,8017.0,51127,156186,347562,-191376,-38378,0.5
1900-01-01 12:03:15,8038.0,1958528,8038.5,210902,790404,327948,462456,1747626,0.5
1900-01-01 12:03:30,8034.0,14700,8034.5,8263,891724,246260,645464,6437,0.5
1900-01-01 12:03:45,8039.0,120917,8039.5,195694,1163800,115440,1048360,-74777,0.5
1900-01-01 12:04:00,8044.5,2806780,8045.0,242338,156663,19442,137221,2564442,0.5
1900-01-01 12:04:15,8044.5,552633,8045.0,301329,292395,210312,82083,251304,0.5
1900-01-01 12:04:30,8046.5,1186698,8047.0,67523,352036,25872,326164,1119175,0.5
1900-01-01 12:04:45,8052.5,130364,8053.0,64441,717192,49274,667918,65923,0.5
1900-01-01 12:05:00,8050.5,378042,8051.0,574872,113830,32402,81428,-196830,0.5
1900-01-01 12:05:15,8052.0,2108854,8052.5,369363,710376,122961,587415,1739491,0.5
1900-01-01 12:05:30,8054.5,952348,8055.0,156757,454805,165188,289617,795591,0.5
1900-01-01 12:05:45,8058.0,1705989,8058.5,172505,1220064,13726,1206338,1533484,0.5
1900-01-01 12:06:00,8059.5,502901,8060.0,177599,393454,125258,268196,325302,0.5
1900-01-01 12:06:15,8061.0,909380,8061.5,34156,318029,72024,246005,875224,0.5
1900-01-01 12:06:30,8066.5,53915,8067.0,371528,741035,85269,655766,-317613,0.5
1900-01-01 12:06:45,8062.5,767538,8063.0,49419,220777,226532,-5755,718119,0.5
1900-01-01 12:07:00,8062.5,96118,8063.0,424617,191193,241758,-50565,-328499,0.5
1900-01-01 12:07:15,8055.0,7975,8055.5,574501,28001,2762137,-2734136,-566526,0.5
1900-01-01 12:07:30,8046.5,503847,8047.0,360379,26740,391545,-364805,143468,0.5
1900-01-01 12:07:45,8049.5,138911,8050.0,480307,79692,257888,-178196,-341396,0.5
1900-01-01 12:08:00,8046.5,794,8047.0,107724,30238,109046,-78808,-106930,0.5
1900-01-01 12:08:15,8045.5,80730,8046.0,460112,63459,94816,-31357,-379382,0.5
1900-01-01 12:08:30,8043.0,7520,8043.5,450232,68736,17429,51307,-442712,0.5
1900-01-01 12:08:45,8042.0,41851,8042.5,551107,22509,75110,-52601,-509256,0.5
1900-01-01 12:09:00,8037.5,22166,8038.0,618313,7763,282978,-275215,-596147,0.5
1900-01-01 12:09:15,8034.5,615846,8035.0,322022,305191,60086,245105,293824,0.5
1900-01-01 12:09:30,8038.0,1624996,8038.5,10694,202315,120208,82107,1614302,0.5
1900-01-01 12:09:45,8044.5,348819,8045.0,668243,71301,3520,67781,-319424,0.5
1900-01-01 12:10:00,8040.0,38790,8040.5,646267,80936,102104,-21168,-607477,0.5
1900-01-01 12:10:15,8036.5,76139,8037.0,1059040,7876,318544,-310668,-982901,0.5
1900-01-01 12:10:30,8031.0,4256,8031.5,310655,12640,301085,-288445,-306399,0.5
1900-01-01 12:10:45,8030.0,112427,8030.5,950154,25941,179549,-153608,-837727,0.5
1900-01-01 12:11:00,8037.5,462543,8038.0,3333,274950,124198,150752,459210,0.5
1900-01-01 12:11:15,8037.5,31,8038.0,394811,68693,55228,13465,-394780,0.5
1900-01-01 12:11:30,8032.0,305,8032.5,122759,44170,311735,-267565,-122454,0.5
1900-01-01 12:11:45,8026.5,219629,8027.0,260318,63740,159956,-96216,-40689,0.5
1900-01-01 12:12:00,8026.5,230336,8027.0,455181,39287,506569,-467282,-224845,0.5
1900-01-01 12:12:15,8029.0,545823,8029.5,11484,272523,54370,218153,534339,0.5
1900-01-01 12:12:30,8026.0,392549,8026.5,647003,65106,377882,-312776,-254454,0.5
1900-01-01 12:12:45,8020.5,439295,8021.0,221412,55026,526960,-471934,217883,0.5
1900-01-01 12:13:00,8023.0,284147,8023.5,492530,100578,302484,-201906,-208383,0.5
1900-01-01 12:13:15,8023.0,758234,8023.5,357750,64395,100309,-35914,400484,0.5
1900-01-01 12:13:30,8023.0,798528,8023.5,529848,42466,108504,-66038,268680,0.5
1900-01-01 12:13:45,8016.0,665274,8016.5,118182,67205,498007,-430802,547092,0.5
1900-01-01 12:14:00,8029.5,230334,8030.0,536539,560647,454470,106177,-306205,0.5
1900-01-01 12:14:15,8020.5,679260,8021.0,320100,69755,199461,-129706,359160,0.5
1900-01-01 12:14:30,8020.5,458575,8021.0,570432,76128,58781,17347,-111857,0.5
1900-01-01 12:14:45,7993.0,854,7998.5,15,83901,1259112,-1175211,839,5.5
1900-01-01 12:15:00,7981.0,10000,7981.5,4824,542854,4926988,-4384134,5176,0.5
1900-01-01 12:15:15,7997.5,139500,7998.0,15000,2506964,3026334,-519370,124500,0.5
1900-01-01 12:15:30,8007.5,69229,8008.0,103647,549674,1021092,-471418,-34418,0.5
1900-01-01 12:15:45,8000.0,494712,8000.5,43155,542508,1523357,-980849,451557,0.5
1900-01-01 12:16:00,8000.0,240668,8000.5,670632,180708,954734,-774026,-429964,0.5
1900-01-01 12:16:15,8000.0,379388,8000.5,811694,39625,388199,-348574,-432306,0.5
1900-01-01 12:16:30,8007.0,1372823,8007.5,9083,559205,305952,253253,1363740,0.5
1900-01-01 12:16:45,8013.5,1843498,8014.0,132647,878160,196336,681824,1710851,0.5
1900-01-01 12:17:00,8026.5,222720,8027.0,77300,1088604,39910,1048694,145420,0.5
1900-01-01 12:17:15,8018.5,1376496,8019.0,43030,431883,385296,46587,1333466,0.5
1900-01-01 12:17:30,8015.0,5700,8015.5,182816,351983,128902,223081,-177116,0.5
1900-01-01 12:17:45,8012.0,386029,8012.5,66941,105062,356095,-251033,319088,0.5
1900-01-01 12:18:00,8005.5,270919,8006.0,894365,71008,349664,-278656,-623446,0.5
1900-01-01 12:18:15,8007.5,25379,8008.0,389729,185031,130710,54321,-364350,0.5
1900-01-01 12:18:30,8004.5,62364,8005.0,472872,61294,256627,-195333,-410508,0.5
1900-01-01 12:18:45,8004.5,348126,8005.0,26528,160733,134864,25869,321598,0.5
1900-01-01 12:19:00,8017.0,89633,8017.5,3350,415860,147000,268860,86283,0.5
1900-01-01 12:19:15,8018.0,22037,8018.5,527549,49845,149440,-99595,-505512,0.5
1900-01-01 12:19:30,8014.0,91194,8014.5,1057745,108665,134841,-26176,-966551,0.5
1900-01-01 12:19:45,8007.5,80038,8008.0,1541629,36215,37790,-1575,-1461591,0.5
1900-01-01 12:20:00,7996.5,46567,7997.0,120575,45396,678676,-633280,-74008,0.5
1900-01-01 12:20:15,7992.0,7209,7992.5,335485,38431,505056,-466625,-328276,0.5
1900-01-01 12:20:30,7987.0,175285,7987.5,402300,81662,1007991,-926329,-227015,0.5
1900-01-01 12:20:45,7975.0,382639,7975.5,13007,334261,1253078,-918817,369632,0.5
1900-01-01 12:21:00,7959.5,9700,7960.0,6995,1686358,2637165,-950807,2705,0.5
1900-01-01 12:21:15,7921.0,146597,7921.5,3267540,1073812,9023688,-7949876,-3120943,0.5
1900-01-01 12:21:30,7852.0,102599,7885.0,5000,2626634,5916904,-3290270,97599,33.0
1900-01-01 12:21:45,7804.0,39268,7830.0,1200,1562601,7546273,-5983672,38068,26.0
1900-01-01 12:22:00,7761.0,97882,7777.5,50,2254095,6674792,-4420697,97832,16.5
1900-01-01 12:22:15,7847.0,3442,7861.0,25766,22816281,1988742,20827539,-22324,14.0
1900-01-01 12:22:30,7858.5,471,7861.5,874,4690544,1088333,3602211,-403,3.0
1900-01-01 12:22:45,7865.5,2596,7869.5,657661,2558446,985820,1572626,-655065,4.0
1900-01-01 12:23:00,7889.5,2000,7897.0,181418,3298549,1434930,1863619,-179418,7.5
1900-01-01 12:23:15,7886.0,306608,7886.5,261772,1748011,721333,1026678,44836,0.5
1900-01-01 12:23:30,7900.0,1333351,7900.5,153019,3221768,1781910,1439858,1180332,0.5
1900-01-01 12:23:45,7906.0,741318,7906.5,118592,2455804,717578,1738226,622726,0.5
1900-01-01 12:24:00,7915.5,32436,7916.0,451059,2189260,603228,1586032,-418623,0.5
1900-01-01 12:24:15,7906.0,555403,7906.5,7560,730269,1071067,-340798,547843,0.5
1900-01-01 12:24:30,7913.5,8870,7914.0,536308,931153,771762,159391,-527438,0.5
1900-01-01 12:24:45,7907.5,434713,7908.0,92949,512768,657139,-144371,341764,0.5
1900-01-01 12:25:00,7915.0,429427,7915.5,467693,751228,463266,287962,-38266,0.5
1900-01-01 12:25:15,7915.5,320107,7916.0,22572,967416,348031,619385,297535,0.5
1900-01-01 12:25:30,7926.5,71527,7927.0,150864,1834537,587574,1246963,-79337,0.5
1900-01-01 12:25:45,7932.5,752756,7933.0,18410,850138,554413,295725,734346,0.5
1900-01-01 12:26:00,7934.0,239800,7934.5,231719,1415867,218121,1197746,8081,0.5
1900-01-01 12:26:15,7922.5,8949,7923.0,418010,817924,1850050,-1032126,-409061,0.5
1900-01-01 12:26:30,7921.0,59586,7921.5,271657,425897,847291,-421394,-212071,0.5
1900-01-01 12:26:45,7921.0,1015040,7921.5,135035,274930,434008,-159078,880005,0.5
1900-01-01 12:27:00,7924.0,213792,7924.5,514864,591101,331610,259491,-301072,0.5
1900-01-01 12:27:15,7921.5,139730,7922.0,254367,440160,429870,10290,-114637,0.5
1900-01-01 12:27:30,7923.0,78757,7923.5,62420,201007,1004988,-803981,16337,0.5
1900-01-01 12:27:45,7936.5,959502,7937.0,90483,555802,162886,392916,869019,0.5
1900-01-01 12:28:00,7943.0,2154653,7943.5,39185,730261,94722,635539,2115468,0.5
1900-01-01 12:28:15,7941.5,2263,7942.0,738893,1012350,364331,648019,-736630,0.5
1900-01-01 12:28:30,7931.0,598525,7931.5,270540,78457,460565,-382108,327985,0.5
1900-01-01 12:28:45,7938.5,525757,7939.0,19365,313131,217146,95985,506392,0.5
1900-01-01 12:29:00,7936.5,3925,7937.0,301228,337302,350779,-13477,-297303,0.5
1900-01-01 12:29:15,7930.0,4838,7930.5,682734,72586,659928,-587342,-677896,0.5
1900-01-01 12:29:30,7921.5,570729,7922.0,77216,259233,262616,-3383,493513,0.5
1900-01-01 12:29:45,7930.0,199981,7930.5,418442,156354,225143,-68789,-218461,0.5
1900-01-01 12:30:00,7928.5,116603,7929.0,283265,275348,388886,-113538,-166662,0.5
1900-01-01 12:30:15,7928.0,35047,7928.5,337576,91114,178728,-87614,-302529,0.5
1900-01-01 12:30:30,7916.5,26323,7917.0,47333,390013,217169,172844,-21010,0.5
1900-01-01 12:30:45,7911.5,237632,7912.0,121575,37601,676948,-639347,116057,0.5
1900-01-01 12:31:00,7921.0,465449,7921.5,35264,451587,2118611,-1667024,430185,0.5
1900-01-01 12:31:15,7923.0,142063,7923.5,368941,513503,618247,-104744,-226878,0.5
1900-01-01 12:31:30,7927.5,224776,7928.0,346863,368652,310621,58031,-122087,0.5
1900-01-01 12:31:45,7939.0,39113,7939.5,83300,297215,482876,-185661,-44187,0.5
1900-01-01 12:32:00,7937.5,24709,7938.0,103792,235305,230219,5086,-79083,0.5
1900-01-01 12:32:15,7944.5,678062,7945.0,125522,85438,506081,-420643,552540,0.5
1900-01-01 12:32:30,7945.5,273612,7946.0,115385,659650,236226,423424,158227,0.5
1900-01-01 12:32:45,7941.0,138038,7941.5,81000,405676,349354,56322,57038,0.5
1900-01-01 12:33:00,7943.0,488751,7944.0,40164,139367,93656,45711,448587,1.0
1900-01-01 12:33:15,7944.5,47141,7945.0,167369,194279,270259,-75980,-120228,0.5
1900-01-01 12:33:30,7944.5,402836,7945.0,310581,24578,190342,-165764,92255,0.5
1900-01-01 12:33:45,7958.5,452594,7959.0,118892,1428025,157842,1270183,333702,0.5
1900-01-01 12:34:00,7955.5,189448,7956.0,848888,1257120,188765,1068355,-659440,0.5
1900-01-01 12:34:15,7959.0,596669,7959.5,33407,569000,190098,378902,563262,0.5
1900-01-01 12:34:30,7965.5,653430,7966.0,125927,986861,140601,846260,527503,0.5
1900-01-01 12:34:45,7962.0,89437,7962.5,186249,217666,778865,-561199,-96812,0.5
1900-01-01 12:35:00,7954.5,480952,7955.0,320075,117084,521964,-404880,160877,0.5
1900-01-01 12:35:15,7951.0,517785,7951.5,50,60871,570569,-509698,517735,0.5
1900-01-01 12:35:30,7954.5,238426,7955.0,199998,593249,53268,539981,38428,0.5
1900-01-01 12:35:45,7952.0,26648,7952.5,272730,141693,238061,-96368,-246082,0.5
1900-01-01 12:36:00,7950.5,69088,7951.0,358762,26171,990070,-963899,-289674,0.5
1900-01-01 12:36:15,7947.0,15643,7947.5,138740,170836,628759,-457923,-123097,0.5
1900-01-01 12:36:30,7944.5,109357,7945.0,168406,250586,1004055,-753469,-59049,0.5
1900-01-01 12:36:45,7945.0,119021,7945.5,362219,182651,235963,-53312,-243198,0.5
1900-01-01 12:37:00,7945.0,1283758,7945.5,44596,185449,158169,27280,1239162,0.5
1900-01-01 12:37:15,7948.0,1289200,7948.5,167107,182400,21855,160545,1122093,0.5
1900-01-01 12:37:30,7948.0,21688,7948.5,1120905,127692,79798,47894,-1099217,0.5
1900-01-01 12:37:45,7945.5,799504,7946.0,382532,28902,43897,-14995,416972,0.5
1900-01-01 12:38:00,7945.5,1132033,7946.0,115646,89524,122858,-33334,1016387,0.5
1900-01-01 12:38:15,7949.5,603533,7950.0,995321,410994,53894,357100,-391788,0.5
1900-01-01 12:38:30,7956.5,192499,7957.0,346754,1296371,34026,1262345,-154255,0.5
1900-01-01 12:38:45,7954.0,748015,7954.5,124,94250,127804,-33554,747891,0.5
1900-01-01 12:39:00,7952.0,5065839,7952.5,130956,149672,75640,74032,4934883,0.5
1900-01-01 12:39:15,7960.0,184760,7960.5,451959,309531,183786,125745,-267199,0.5
1900-01-01 12:39:30,7961.5,694275,7962.0,57316,333824,42275,291549,636959,0.5
1900-01-01 12:39:45,7964.5,785330,7965.0,19123,201959,174146,27813,766207,0.5
1900-01-01 12:40:00,7961.5,1753,7962.0,861621,58956,228575,-169619,-859868,0.5
1900-01-01 12:40:15,7954.5,242096,7955.0,550722,152048,715684,-563636,-308626,0.5
1900-01-01 12:40:30,7952.0,91868,7952.5,538996,34725,415879,-381154,-447128,0.5
1900-01-01 12:40:45,7949.5,449804,7950.0,68262,140445,198324,-57879,381542,0.5
1900-01-01 12:41:00,7949.5,521850,7950.0,125203,192393,86071,106322,396647,0.5
1900-01-01 12:41:15,7950.5,676027,7951.0,2476,148357,142775,5582,673551,0.5
1900-01-01 12:41:30,7954.5,605763,7955.0,362081,75362,14934,60428,243682,0.5
1900-01-01 12:41:45,7955.0,703926,7955.5,8728,138620,161730,-23110,695198,0.5
1900-01-01 12:42:00,7958.5,629895,7959.0,43133,111684,248587,-136903,586762,0.5
1900-01-01 12:42:15,7962.0,403515,7962.5,407756,129409,149878,-20469,-4241,0.5
1900-01-01 12:42:30,7961.5,664335,7962.0,471445,78546,62772,15774,192890,0.5
1900-01-01 12:42:45,7950.0,31470,7950.5,802129,63656,806047,-742391,-770659,0.5
1900-01-01 12:43:00,7941.5,6924,7942.0,206065,33954,176706,-142752,-199141,0.5
1900-01-01 12:43:15,7926.5,14844,7927.0,341066,136568,2313554,-2176986,-326222,0.5
1900-01-01 12:43:30,7933.5,555128,7934.0,81670,337565,1046658,-709093,473458,0.5
1900-01-01 12:43:45,7946.5,339693,7947.0,406248,791390,78192,713198,-66555,0.5
1900-01-01 12:44:00,7938.5,26781,7939.0,861896,208408,321730,-113322,-835115,0.5
1900-01-01 12:44:15,7937.0,70134,7937.5,797423,17512,161603,-144091,-727289,0.5
1900-01-01 12:44:30,7927.0,480466,7927.5,47020,248566,241945,6621,433446,0.5
1900-01-01 12:44:45,7921.0,113787,7921.5,360023,121302,926146,-804844,-246236,0.5
1900-01-01 12:45:00,7930.5,68357,7931.0,12136,209213,353450,-144237,56221,0.5
1900-01-01 12:45:15,7931.5,520640,7932.0,141958,157080,23835,133245,378682,0.5
1900-01-01 12:45:30,7934.5,435395,7935.0,152726,427602,40578,387024,282669,0.5
1900-01-01 12:45:45,7936.5,270650,7937.0,675505,105311,77638,27673,-404855,0.5
1900-01-01 12:46:00,7931.5,93506,7932.0,477551,122342,201118,-78776,-384045,0.5
1900-01-01 12:46:15,7928.5,10971,7929.0,773163,98162,2019854,-1921692,-762192,0.5
1900-01-01 12:46:30,7925.5,964103,7926.0,55670,237389,170024,67365,908433,0.5
1900-01-01 12:46:45,7926.0,22861,7926.5,293,206365,2792452,-2586087,22568,0.5
1900-01-01 12:47:00,7928.5,281080,7929.0,324446,150139,94897,55242,-43366,0.5
1900-01-01 12:47:15,7928.5,2341095,7929.0,89775,329629,70902,258727,2251320,0.5
1900-01-01 12:47:30,7930.5,436697,7931.0,119716,328294,64260,264034,316981,0.5
1900-01-01 12:47:45,7931.0,574018,7931.5,57067,299006,20410,278596,516951,0.5
1900-01-01 12:48:00,7934.5,314338,7935.0,12791,190093,21731,168362,301547,0.5
1900-01-01 12:48:15,7943.0,597480,7943.5,317342,535857,53117,482740,280138,0.5
1900-01-01 12:48:30,7945.5,786772,7946.0,15428,312455,98727,213728,771344,0.5
1900-01-01 12:48:45,7945.0,26345,7945.5,244849,109394,543207,-433813,-218504,0.5
1900-01-01 12:49:00,7938.0,212589,7938.5,130380,40108,229815,-189707,82209,0.5
1900-01-01 12:49:15,7945.0,260146,7945.5,140576,181015,90693,90322,119570,0.5
1900-01-01 12:49:30,7944.5,746067,7945.0,10799,71852,43349,28503,735268,0.5
1900-01-01 12:49:45,7949.5,407834,7950.0,517856,720969,32247,688722,-110022,0.5
1900-01-01 12:50:00,7957.5,75834,7958.0,620,696559,138785,557774,75214,0.5
1900-01-01 12:50:15,7958.5,27816,7959.0,1055369,804791,78452,726339,-1027553,0.5
1900-01-01 12:50:30,7950.5,106265,7951.0,52,240080,279717,-39637,106213,0.5
1900-01-01 12:50:45,7950.0,13420,7950.5,228786,384156,90458,293698,-215366,0.5
1900-01-01 12:51:00,7958.5,722957,7959.0,49222,191528,115505,76023,673735,0.5
1900-01-01 12:51:15,7951.0,537132,7951.5,5044,190610,238860,-48250,532088,0.5
1900-01-01 12:51:30,7959.0,748359,7959.5,6856,99684,160886,-61202,741503,0.5
1900-01-01 12:51:45,7969.0,1515715,7969.5,31052,814133,18198,795935,1484663,0.5
1900-01-01 12:52:00,7959.0,32075,7959.5,6820,1025214,778473,246741,25255,0.5
1900-01-01 12:52:15,7959.0,236835,7959.5,144186,171099,584502,-413403,92649,0.5
1900-01-01 12:52:30,7959.5,682275,7960.0,36113,191710,83278,108432,646162,0.5
1900-01-01 12:52:45,7960.5,588244,7961.0,81976,89488,21934,67554,506268,0.5
1900-01-01 12:53:00,7955.0,1000,7955.5,143352,72794,323224,-250430,-142352,0.5
1900-01-01 12:53:15,7954.5,984980,7955.0,166162,77552,64422,13130,818818,0.5
1900-01-01 12:53:30,7949.5,10131,7950.0,309671,6872,593202,-586330,-299540,0.5
1900-01-01 12:53:45,7948.0,585356,7948.5,59620,76019,252000,-175981,525736,0.5
1900-01-01 12:54:00,7948.0,226874,7948.5,712111,95920,84370,11550,-485237,0.5
1900-01-01 12:54:15,7959.5,758901,7960.0,45208,324608,15576,309032,713693,0.5
1900-01-01 12:54:30,7959.5,236549,7960.0,587060,118630,146529,-27899,-350511,0.5
1900-01-01 12:54:45,7953.0,12190,7953.5,393255,151524,131471,20053,-381065,0.5
1900-01-01 12:55:00,7958.5,32147,7959.0,37640,44342,110254,-65912,-5493,0.5
1900-01-01 12:55:15,7958.5,369156,7959.0,60814,71614,179034,-107420,308342,0.5
1900-01-01 12:55:30,7958.5,403337,7959.0,344931,54207,18084,36123,58406,0.5
1900-01-01 12:55:45,7958.5,688255,7959.0,215559,95140,9840,85300,472696,0.5
1900-01-01 12:56:00,7967.5,425057,7968.0,90044,450239,13193,437046,335013,0.5
1900-01-01 12:56:15,7967.5,32170,7968.0,714172,318499,176076,142423,-682002,0.5
1900-01-01 12:56:30,7967.5,99164,7968.0,1160799,88975,14983,73992,-1061635,0.5
1900-01-01 12:56:45,7963.5,277,7964.0,118068,104848,344445,-239597,-117791,0.5
1900-01-01 12:57:00,7963.5,169536,7964.0,1157517,43960,11951,32009,-987981,0.5
1900-01-01 12:57:15,7960.0,161724,7960.5,627050,9326,299749,-290423,-465326,0.5
1900-01-01 12:57:30,7955.0,28205,7955.5,786201,143030,114015,29015,-757996,0.5
1900-01-01 12:57:45,7963.0,444311,7963.5,106243,118106,365734,-247628,338068,0.5
1900-01-01 12:58:00,7960.0,158498,7960.5,23,155232,229731,-74499,158475,0.5
1900-01-01 12:58:15,7967.5,580202,7968.0,126980,312874,125358,187516,453222,0.5
1900-01-01 12:58:30,7969.0,636557,7970.0,13534,418860,19416,399444,623023,1.0
1900-01-01 12:58:45,7968.5,66163,7969.0,348201,65758,78264,-12506,-282038,0.5
1900-01-01 12:59:00,7962.5,255178,7963.0,293344,75804,342020,-266216,-38166,0.5
1900-01-01 12:59:15,7968.0,210365,7968.5,338412,62417,12866,49551,-128047,0.5
1900-01-01 12:59:30,7968.0,85778,7968.5,544447,30468,47167,-16699,-458669,0.5
1900-01-01 12:59:45,7968.0,17181,7968.5,506442,60643,139397,-78754,-489261,0.5
1900-01-01 13:00:00,7961.5,36484,7962.0,1450201,4630,645319,-640689,-1413717,0.5
1900-01-01 13:00:15,7947.0,100,7947.5,19693,206414,389128,-182714,-19593,0.5
1900-01-01 13:00:30,7944.0,6767,7944.5,33588,192157,790948,-598791,-26821,0.5
1900-01-01 13:00:45,7943.0,69078,7943.5,1020358,69527,33622,35905,-951280,0.5
1900-01-01 13:01:00,7923.5,20558,7924.0,138786,111796,809716,-697920,-118228,0.5
1900-01-01 13:01:15,7903.0,10000,7904.0,12000,189185,988238,-799053,-2000,1.0
1900-01-01 13:01:30,7907.5,54879,7908.5,224610,998501,2040490,-1041989,-169731,1.0
1900-01-01 13:01:45,7909.5,1244135,7910.0,476213,1025367,626308,399059,767922,0.5
1900-01-01 13:02:00,7913.5,577791,7914.0,81028,442119,538541,-96422,496763,0.5
1900-01-01 13:02:15,7916.5,762421,7917.0,215953,1704896,43449,1661447,546468,0.5
1900-01-01 13:02:30,7918.5,17385,7919.0,378331,404914,188302,216612,-360946,0.5
1900-01-01 13:02:45,7912.0,250888,7912.5,497855,159348,910083,-750735,-246967,0.5
1900-01-01 13:03:00,7907.0,180093,7907.5,316797,72264,322324,-250060,-136704,0.5
1900-01-01 13:03:15,7900.0,68757,7900.5,268778,450054,648544,-198490,-200021,0.5
1900-01-01 13:03:30,7880.0,203752,7882.0,26062,362224,4697194,-4334970,177690,2.0
1900-01-01 13:03:45,7889.5,226180,7890.0,438440,1099157,811732,287425,-212260,0.5
1900-01-01 13:04:00,7883.5,6309,7884.0,838122,193376,565958,-372582,-831813,0.5
1900-01-01 13:04:15,7895.5,13200,7902.5,21292,922805,944576,-21771,-8092,7.0
1900-01-01 13:04:30,7898.0,10000,7898.5,156478,807305,546978,260327,-146478,0.5
1900-01-01 13:04:45,7909.5,478798,7910.0,1058217,441086,184847,256239,-579419,0.5
1900-01-01 13:05:00,7909.0,516846,7909.5,85949,264269,258671,5598,430897,0.5
1900-01-01 13:05:15,7907.5,1530,7908.0,260871,245030,74629,170401,-259341,0.5
1900-01-01 13:05:30,7910.5,579113,7911.0,107622,158932,346365,-187433,471491,0.5
1900-01-01 13:05:45,7910.5,480586,7911.0,151967,249696,68663,181033,328619,0.5
1900-01-01 13:06:00,7916.0,1092962,7916.5,543258,827449,386889,440560,549704,0.5
1900-01-01 13:06:15,7917.5,589206,7918.0,29471,334901,81027,253874,559735,0.5
1900-01-01 13:06:30,7915.5,98250,7916.0,187545,616344,411491,204853,-89295,0.5
1900-01-01 13:06:45,7918.0,659679,7918.5,372468,343248,135776,207472,287211,0.5
1900-01-01 13:07:00,7923.5,24750,7924.0,748,648048,29171,618877,24002,0.5
1900-01-01 13:07:15,7932.5,667810,7933.0,92404,563392,132548,430844,575406,0.5
1900-01-01 13:07:30,7932.5,595101,7933.0,593330,201522,73681,127841,1771,0.5
1900-01-01 13:07:45,7922.0,649097,7922.5,31622,214316,361358,-147042,617475,0.5
1900-01-01 13:08:00,7924.0,339978,7924.5,395216,53033,151227,-98194,-55238,0.5
1900-01-01 13:08:15,7925.5,1154674,7926.0,10390,200701,30014,170687,1144284,0.5
1900-01-01 13:08:30,7928.0,723387,7928.5,40538,286695,10974,275721,682849,0.5
1900-01-01 13:08:45,7928.5,580975,7929.0,221650,289382,49766,239616,359325,0.5
1900-01-01 13:09:00,7928.5,717057,7929.0,192018,211159,15319,195840,525039,0.5
1900-01-01 13:09:15,7924.5,5000,7925.0,538916,70926,433374,-362448,-533916,0.5
1900-01-01 13:09:30,7924.0,10000,7924.5,2940,234833,564098,-329265,7060,0.5
1900-01-01 13:09:45,7921.5,155,7922.0,348319,90502,292888,-202386,-348164,0.5
1900-01-01 13:10:00,7913.5,451925,7914.0,241182,41442,179586,-138144,210743,0.5
1900-01-01 13:10:15,7914.5,419035,7915.0,345863,184179,140258,43921,73172,0.5
1900-01-01 13:10:30,7945.5,73887,7946.0,365970,334110,451327,-117217,-292083,0.5
1900-01-01 13:10:45,7954.0,977,7965.0,7500,1413861,958809,455052,-6523,11.0
1900-01-01 13:11:00,7939.0,14328,7939.5,55079,561678,997236,-435558,-40751,0.5
1900-01-01 13:11:15,7963.5,480,7966.0,76241,813750,98750,715000,-75761,2.5
1900-01-01 13:11:30,7968.0,244330,7968.5,1627838,663447,388602,274845,-1383508,0.5
1900-01-01 13:11:45,7975.5,182911,7976.0,2897,678291,385630,292661,180014,0.5
1900-01-01 13:12:00,7981.0,453204,7981.5,198051,414482,45275,369207,255153,0.5
1900-01-01 13:12:15,7983.5,816680,7984.0,68575,853900,194563,659337,748105,0.5
1900-01-01 13:12:30,7983.5,207522,7984.0,921898,901288,452785,448503,-714376,0.5
1900-01-01 13:12:45,7961.0,106589,7961.5,283875,368654,1694911,-1326257,-177286,0.5
1900-01-01 13:13:00,7964.0,241904,7964.5,35152,110537,444274,-333737,206752,0.5
1900-01-01 13:13:15,7968.5,223064,7969.0,247815,133645,227177,-93532,-24751,0.5
1900-01-01 13:13:30,7964.5,431215,7965.0,180454,222150,311133,-88983,250761,0.5
1900-01-01 13:13:45,7964.5,537468,7965.0,242681,78137,295941,-217804,294787,0.5
1900-01-01 13:14:00,7971.5,1105171,7972.0,22495,672786,8340,664446,1082676,0.5
1900-01-01 13:14:15,7982.5,389023,7983.0,542407,112918,119058,-6140,-153384,0.5
1900-01-01 13:14:30,7978.0,467281,7978.5,387053,122586,144262,-21676,80228,0.5
1900-01-01 13:14:45,7968.5,89621,7969.0,32636,191430,355877,-164447,56985,0.5
1900-01-01 13:15:00,7964.5,551390,7965.0,10694,105289,67615,37674,540696,0.5
1900-01-01 13:15:15,7969.0,520705,7969.5,147810,102317,345242,-242925,372895,0.5
1900-01-01 13:15:30,7973.5,538798,7974.0,16342,176675,240500,-63825,522456,0.5
1900-01-01 13:15:45,7977.5,825477,7978.0,65492,80471,12134,68337,759985,0.5
1900-01-01 13:16:00,7982.0,151492,7982.5,173787,660890,498780,162110,-22295,0.5
1900-01-01 13:16:15,7976.0,241192,7976.5,982632,359367,265328,94039,-741440,0.5
1900-01-01 13:16:30,7973.0,2,7973.5,937154,89928,288315,-198387,-937152,0.5
1900-01-01 13:16:45,7970.0,540532,7970.5,30462,216539,140656,75883,510070,0.5
1900-01-01 13:17:00,7970.0,3268156,7970.5,3088,286532,370038,-83506,3265068,0.5
1900-01-01 13:17:15,7971.0,416486,7971.5,323449,89746,45326,44420,93037,0.5
1900-01-01 13:17:30,7960.0,44517,7960.5,813198,56026,258895,-202869,-768681,0.5
1900-01-01 13:17:45,7957.0,767468,7957.5,16732,75311,408821,-333510,750736,0.5
1900-01-01 13:18:00,7957.0,255688,7957.5,417800,183627,236916,-53289,-162112,0.5
1900-01-01 13:18:15,7955.0,502548,7955.5,129920,163690,92324,71366,372628,0.5
1900-01-01 13:18:30,7959.0,209564,7959.5,51204,60018,206584,-146566,158360,0.5
1900-01-01 13:18:45,7965.5,616659,7966.0,31203,49609,8404,41205,585456,0.5
1900-01-01 13:19:00,7967.5,809282,7968.0,131626,94444,8064,86380,677656,0.5
1900-01-01 13:19:15,7969.5,778485,7970.0,459704,1148952,13500,1135452,318781,0.5
1900-01-01 13:19:30,7969.5,830496,7970.0,369877,233381,6216,227165,460619,0.5
1900-01-01 13:19:45,7965.0,37124,7965.5,186475,489140,53854,435286,-149351,0.5
1900-01-01 13:20:00,7956.0,1143450,7956.5,2727,136614,565258,-428644,1140723,0.5
1900-01-01 13:20:15,7959.5,43306,7960.0,578594,56456,125696,-69240,-535288,0.5
1900-01-01 13:20:30,7959.5,472811,7960.0,315515,6970,161248,-154278,157296,0.5
1900-01-01 13:20:45,7961.0,497824,7961.5,26467,111502,22086,89416,471357,0.5
1900-01-01 13:21:00,7965.0,3579,7965.5,546702,96261,119374,-23113,-543123,0.5
1900-01-01 13:21:15,7966.5,217032,7967.0,17655,96479,92702,3777,199377,0.5
1900-01-01 13:21:30,7966.5,108289,7967.0,477911,23998,14246,9752,-369622,0.5
1900-01-01 13:21:45,7966.5,73802,7967.0,528324,25020,15086,9934,-454522,0.5
1900-01-01 13:22:00,7958.0,2785,7959.5,28079,119188,227065,-107877,-25294,1.5
1900-01-01 13:22:15,7963.0,1252756,7963.5,206,26351,60912,-34561,1252550,0.5
1900-01-01 13:22:30,7962.0,96578,7962.5,313165,7732,20316,-12584,-216587,0.5
1900-01-01 13:22:45,7955.0,641353,7955.5,8154,15272,166812,-151540,633199,0.5
1900-01-01 13:23:00,7958.0,821051,7958.5,7845,69382,22410,46972,813206,0.5
1900-01-01 13:23:15,7959.5,794628,7960.0,180527,217229,5224,212005,614101,0.5
1900-01-01 13:23:30,7960.5,958934,7961.0,56349,84691,8919,75772,902585,0.5
1900-01-01 13:23:45,7969.5,515664,7970.0,86716,162308,10834,151474,428948,0.5
1900-01-01 13:24:00,7969.5,113384,7970.0,1073152,55446,57470,-2024,-959768,0.5
1900-01-01 13:24:15,7967.5,460103,7968.0,276097,6566,26360,-19794,184006,0.5
1900-01-01 13:24:30,7967.5,235222,7968.0,281088,108725,56964,51761,-45866,0.5
1900-01-01 13:24:45,7967.5,285627,7968.0,344751,48377,21668,26709,-59124,0.5
1900-01-01 13:25:00,7967.5,504846,7968.0,264453,8802,4582,4220,240393,0.5
1900-01-01 13:25:15,7970.5,541998,7971.0,5812,271210,67836,203374,536186,0.5
1900-01-01 13:25:30,7973.0,42641,7973.5,51909,93761,21082,72679,-9268,0.5
1900-01-01 13:25:45,7969.5,805882,7970.0,47675,49976,244918,-194942,758207,0.5
1900-01-01 13:26:00,7969.5,636759,7970.0,11447,76375,148266,-71891,625312,0.5
1900-01-01 13:26:15,7973.5,451606,7974.0,625251,118557,14282,104275,-173645,0.5
1900-01-01 13:26:30,7963.5,353159,7964.0,49392,340726,450938,-110212,303767,0.5
1900-01-01 13:26:45,7967.5,1209,7968.0,343943,57784,39745,18039,-342734,0.5
1900-01-01 13:27:00,7957.5,415422,7958.0,288574,82944,325333,-242389,126848,0.5
1900-01-01 13:27:15,7957.5,3156028,7958.0,145217,237901,192072,45829,3010811,0.5
1900-01-01 13:27:30,7964.5,560091,7965.0,32081,255768,4117,251651,528010,0.5
1900-01-01 13:27:45,7961.0,1172508,7961.5,18201,20336,53292,-32956,1154307,0.5
1900-01-01 13:28:00,7966.5,213098,7967.0,433371,72640,90180,-17540,-220273,0.5
1900-01-01 13:28:15,7966.5,3033896,7967.0,8927,10128,44408,-34280,3024969,0.5
1900-01-01 13:28:30,7966.5,3082761,7967.0,373861,30600,17702,12898,2708900,0.5
1900-01-01 13:28:45,7966.5,1023701,7967.0,323272,26589,115950,-89361,700429,0.5
1900-01-01 13:29:00,7969.5,1157345,7970.0,111585,456556,204056,252500,1045760,0.5
1900-01-01 13:29:15,7973.5,622991,7974.0,199270,125245,33079,92166,423721,0.5
1900-01-01 13:29:30,7975.5,453567,7976.0,35917,124270,12020,112250,417650,0.5
1900-01-01 13:29:45,7979.0,1066239,7979.5,43540,109264,7446,101818,1022699,0.5
1900-01-01 13:30:00,7983.5,1321406,7984.0,18340,147330,64280,83050,1303066,0.5
1900-01-01 13:30:15,7984.5,1145138,7985.0,268315,336250,47378,288872,876823,0.5
1900-01-01 13:30:30,7987.5,879051,7988.0,76646,440171,65772,374399,802405,0.5
1900-01-01 13:30:45,7989.5,49081,7990.0,143927,138824,222113,-83289,-94846,0.5
1900-01-01 13:31:00,7980.0,1613059,7980.5,83564,249202,610883,-361681,1529495,0.5
1900-01-01 13:31:15,7985.5,219792,7986.0,7935,354115,234678,119437,211857,0.5
1900-01-01 13:31:30,7982.0,121561,7982.5,182531,82677,153507,-70830,-60970,0.5
1900-01-01 13:31:45,7983.0,515450,7983.5,85838,73748,26052,47696,429612,0.5
1900-01-01 13:32:00,7981.0,75218,7981.5,347011,90748,170136,-79388,-271793,0.5
1900-01-01 13:32:15,7982.5,141827,7983.0,115417,109642,5735,103907,26410,0.5
1900-01-01 13:32:30,7977.0,492266,7977.5,30639,40744,2069054,-2028310,461627,0.5
1900-01-01 13:32:45,7975.0,381086,7975.5,90486,161850,257458,-95608,290600,0.5
1900-01-01 13:33:00,7982.0,469077,7982.5,95940,185819,27341,158478,373137,0.5
1900-01-01 13:33:15,7982.0,96459,7982.5,884464,42085,63204,-21119,-788005,0.5
1900-01-01 13:33:30,7982.0,516673,7982.5,564893,122976,47048,75928,-48220,0.5
1900-01-01 13:33:45,7976.0,14208,7978.0,468840,30400,195128,-164728,-454632,2.0
1900-01-01 13:34:00,7976.0,2777,7976.5,296587,121295,142848,-21553,-293810,0.5
1900-01-01 13:34:15,7971.0,28354,7971.5,472360,23840,59915,-36075,-444006,0.5
1900-01-01 13:34:30,7971.0,1128207,7971.5,122078,265182,140041,125141,1006129,0.5
1900-01-01 13:34:45,7975.5,942861,7976.0,2934,130594,20793,109801,939927,0.5
1900-01-01 13:35:00,7978.5,425455,7979.0,219525,43095,80402,-37307,205930,0.5
1900-01-01 13:35:15,7979.0,84930,7979.5,609683,84891,75200,9691,-524753,0.5
1900-01-01 13:35:30,7977.5,793,7978.0,389045,93532,28991,64541,-388252,0.5
1900-01-01 13:35:45,7975.0,12234,7975.5,345475,1972,82238,-80266,-333241,0.5
1900-01-01 13:36:00,7970.5,73900,7971.0,441694,12980,508512,-495532,-367794,0.5
1900-01-01 13:36:15,7966.5,3557,7967.0,106318,28881,128913,-100032,-102761,0.5
1900-01-01 13:36:30,7967.0,635080,7967.5,12978,92538,23165,69373,622102,0.5
1900-01-01 13:36:45,7967.0,771161,7967.5,71262,107134,66110,41024,699899,0.5
1900-01-01 13:37:00,7968.0,918357,7968.5,943,36326,32971,3355,917414,0.5
1900-01-01 13:37:15,7968.5,73767,7969.0,373814,120607,162739,-42132,-300047,0.5
1900-01-01 13:37:30,7967.0,499101,7967.5,180344,22688,84122,-61434,318757,0.5
1900-01-01 13:37:45,7967.0,96011,7967.5,392205,88313,96517,-8204,-296194,0.5
1900-01-01 13:38:00,7967.0,774945,7967.5,211929,12732,71740,-59008,563016,0.5
1900-01-01 13:38:15,7962.5,1688,7963.0,491027,12500,201357,-188857,-489339,0.5
1900-01-01 13:38:30,7960.0,172259,7960.5,607374,40291,638980,-598689,-435115,0.5
1900-01-01 13:38:45,7957.0,912428,7957.5,216284,7996,330313,-322317,696144,0.5
1900-01-01 13:39:00,7959.5,765637,7960.0,548107,171358,76042,95316,217530,0.5
1900-01-01 13:39:15,7967.0,1234999,7967.5,83105,268693,65400,203293,1151894,0.5
1900-01-01 13:39:30,7967.0,203605,7967.5,538068,152781,152502,279,-334463,0.5
1900-01-01 13:39:45,7966.5,2710,7967.0,1625093,10228,51667,-41439,-1622383,0.5
1900-01-01 13:40:00,7964.0,626559,7964.5,45680,31108,17108,14000,580879,0.5
1900-01-01 13:40:15,7964.0,520003,7964.5,35540,64572,56700,7872,484463,0.5
1900-01-01 13:40:30,7964.0,683903,7964.5,3815,34201,64082,-29881,680088,0.5
1900-01-01 13:40:45,7966.5,731613,7967.0,132245,8205,47096,-38891,599368,0.5
1900-01-01 13:41:00,7967.5,886650,7968.0,50596,166470,20400,146070,836054,0.5
1900-01-01 13:41:15,7968.0,499791,7968.5,379856,476643,29686,446957,119935,0.5
1900-01-01 13:41:30,7968.0,497394,7968.5,403180,284798,66118,218680,94214,0.5
1900-01-01 13:41:45,7966.5,5927,7967.0,935053,3026,50788,-47762,-929126,0.5
1900-01-01 13:42:00,7959.5,5391,7960.0,102729,18320,290947,-272627,-97338,0.5
1900-01-01 13:42:15,7955.0,311517,7955.5,799335,4730,1241693,-1236963,-487818,0.5
1900-01-01 13:42:30,7941.0,145251,7941.5,510969,23859,1048088,-1024229,-365718,0.5
1900-01-01 13:42:45,7949.5,646782,7950.0,118376,337412,197185,140227,528406,0.5
1900-01-01 13:43:00,7951.0,199588,7951.5,714,71022,181504,-110482,198874,0.5
1900-01-01 13:43:15,7953.5,1649,7954.5,707261,208689,90308,118381,-705612,1.0
1900-01-01 13:43:30,7935.0,56939,7935.5,1000,340804,437361,-96557,55939,0.5
1900-01-01 13:43:45,7940.5,73759,7941.0,40850,179887,731158,-551271,32909,0.5
1900-01-01 13:44:00,7932.0,13612,7932.5,437217,95744,119060,-23316,-423605,0.5
1900-01-01 13:44:15,7936.5,45061,7937.0,91360,85425,313604,-228179,-46299,0.5
1900-01-01 13:44:30,7931.5,354303,7932.0,186432,147940,63652,84288,167871,0.5
1900-01-01 13:44:45,7942.5,12190,7943.0,812603,255783,158834,96949,-800413,0.5
1900-01-01 13:45:00,7938.0,165284,7938.5,162,237189,63196,173993,165122,0.5
1900-01-01 13:45:15,7938.5,20419,7939.0,474192,157653,109871,47782,-453773,0.5
1900-01-01 13:45:30,7938.5,498252,7939.0,58249,34057,2160,31897,440003,0.5
1900-01-01 13:45:45,7937.0,69568,7937.5,1118778,47950,32166,15784,-1049210,0.5
1900-01-01 13:46:00,7933.5,11203,7934.0,935302,34320,187777,-153457,-924099,0.5
1900-01-01 13:46:15,7931.5,5572,7932.0,1050109,23856,182788,-158932,-1044537,0.5
1900-01-01 13:46:30,7935.0,590661,7935.5,136282,227513,191597,35916,454379,0.5
1900-01-01 13:46:45,7929.0,106887,7929.5,503391,56360,411302,-354942,-396504,0.5
1900-01-01 13:47:00,7929.0,333909,7929.5,960971,5210,78745,-73535,-627062,0.5
1900-01-01 13:47:15,7929.0,146055,7929.5,1263147,18290,295456,-277166,-1117092,0.5
1900-01-01 13:47:30,7927.5,18015,7928.0,940524,23400,127962,-104562,-922509,0.5
1900-01-01 13:47:45,7929.0,14728,7929.5,1032781,451982,68328,383654,-1018053,0.5
1900-01-01 13:48:00,7888.0,129650,7919.5,122286,157713,442332,-284619,7364,31.5
1900-01-01 13:48:15,7907.0,555570,7907.5,120113,1049486,2305963,-1256477,435457,0.5
1900-01-01 13:48:30,7906.5,182177,7907.0,437599,1586790,407747,1179043,-255422,0.5
1900-01-01 13:48:45,7899.5,691987,7900.0,84262,825325,395078,430247,607725,0.5
1900-01-01 13:49:00,7890.0,37459,7890.5,101798,1728707,433144,1295563,-64339,0.5
1900-01-01 13:49:15,7899.0,177335,7899.5,41600,167746,221786,-54040,135735,0.5
1900-01-01 13:49:30,7921.5,180706,7922.5,1633,1198155,116588,1081567,179073,1.0
1900-01-01 13:49:45,7918.0,172312,7918.5,674535,474122,367433,106689,-502223,0.5
1900-01-01 13:50:00,7922.0,202393,7922.5,397644,189318,59320,129998,-195251,0.5
1900-01-01 13:50:15,7923.5,1058318,7924.0,52961,318649,347536,-28887,1005357,0.5
1900-01-01 13:50:30,7923.0,90813,7923.5,618146,365230,380341,-15111,-527333,0.5
1900-01-01 13:50:45,7923.0,162810,7923.5,649542,253272,114391,138881,-486732,0.5
1900-01-01 13:51:00,7923.0,506796,7923.5,157406,296697,366872,-70175,349390,0.5
1900-01-01 13:51:15,7922.0,291894,7922.5,790199,46530,461275,-414745,-498305,0.5
1900-01-01 13:51:30,7917.5,50236,7918.0,197831,21999,512410,-490411,-147595,0.5
1900-01-01 13:51:45,7929.5,707719,7930.0,125910,311760,51404,260356,581809,0.5
1900-01-01 13:52:00,7929.5,18431,7931.5,11825,657888,90471,567417,6606,2.0
1900-01-01 13:52:15,7933.5,4515,7934.0,1204079,813327,136828,676499,-1199564,0.5
1900-01-01 13:52:30,7922.0,154435,7922.5,200553,51000,466162,-415162,-46118,0.5
1900-01-01 13:52:45,7922.5,330002,7923.0,290360,348316,2037,346279,39642,0.5
1900-01-01 13:53:00,7922.5,262787,7923.0,417875,71422,113954,-42532,-155088,0.5
1900-01-01 13:53:15,7918.0,13904,7919.0,708745,15916,243130,-227214,-694841,1.0
1900-01-01 13:53:30,7917.0,313778,7917.5,241325,179891,123220,56671,72453,0.5
1900-01-01 13:53:45,7928.0,191824,7928.5,487246,2081614,233134,1848480,-295422,0.5
1900-01-01 13:54:00,7923.0,982108,7923.5,24449,84775,87668,-2893,957659,0.5
1900-01-01 13:54:15,7926.0,650340,7926.5,31054,109736,5760,103976,619286,0.5
1900-01-01 13:54:30,7927.5,1106194,7928.0,108307,41381,48190,-6809,997887,0.5
1900-01-01 13:54:45,7926.0,246984,7926.5,658192,81285,67146,14139,-411208,0.5
1900-01-01 13:55:00,7923.0,107656,7923.5,762972,299174,438842,-139668,-655316,0.5
1900-01-01 13:55:15,7920.5,700216,7921.0,12377,255469,452759,-197290,687839,0.5
1900-01-01 13:55:30,7917.5,287848,7918.0,272445,138719,324313,-185594,15403,0.5
1900-01-01 13:55:45,7920.5,568679,7921.0,25636,914618,31728,882890,543043,0.5
1900-01-01 13:56:00,7917.0,240917,7917.5,778369,168895,278010,-109115,-537452,0.5
1900-01-01 13:56:15,7908.5,26257,7909.0,43900,75318,335992,-260674,-17643,0.5
1900-01-01 13:56:30,7908.5,90765,7909.0,138522,121304,961278,-839974,-47757,0.5
1900-01-01 13:56:45,7905.0,15463,7905.5,1249537,63795,315957,-252162,-1234074,0.5
1900-01-01 13:57:00,7855.0,391500,7873.0,722777,1162707,3090523,-1927816,-331277,18.0
1900-01-01 13:57:15,7908.5,7908,7910.5,116,4245817,810611,3435206,7792,2.0
1900-01-01 13:57:30,7904.0,147109,7904.5,198711,528024,455288,72736,-51602,0.5
1900-01-01 13:57:45,7894.5,136966,7895.0,817572,806611,370899,435712,-680606,0.5
1900-01-01 13:58:00,7894.5,292270,7895.0,1972823,310113,161900,148213,-1680553,0.5
1900-01-01 13:58:15,7883.5,6186,7884.5,420455,46554,364874,-318320,-414269,1.0
1900-01-01 13:58:30,7880.0,379105,7880.5,20075,350145,618042,-267897,359030,0.5
1900-01-01 13:58:45,7894.5,962291,7895.0,10987,1597556,267792,1329764,951304,0.5
1900-01-01 13:59:00,7892.0,935150,7892.5,631,924367,181227,743140,934519,0.5
1900-01-01 13:59:15,7892.5,81303,7893.0,1151,1336402,222956,1113446,80152,0.5
1900-01-01 13:59:30,7902.0,472435,7902.5,7392,822264,30044,792220,465043,0.5
1900-01-01 13:59:45,7895.0,448436,7895.5,142338,226193,421463,-195270,306098,0.5
1900-01-01 14:00:00,7896.0,1568301,7896.5,847,79799,23610,56189,1567454,0.5
1900-01-01 14:00:15,7894.5,33086,7903.0,10000,255259,290216,-34957,23086,8.5
1900-01-01 14:00:30,7900.0,158429,7900.5,545455,389883,137266,252617,-387026,0.5
1900-01-01 14:00:45,7904.5,703219,7905.0,108359,132420,921117,-788697,594860,0.5
1900-01-01 14:01:00,7911.5,185124,7913.5,17203,1034076,75858,958218,167921,2.0
1900-01-01 14:01:15,7919.5,64071,7920.0,12008,754967,57491,697476,52063,0.5
1900-01-01 14:01:30,7928.0,10869,7928.5,5998,627452,243734,383718,4871,0.5
1900-01-01 14:01:45,7925.5,453006,7926.0,454973,208456,277316,-68860,-1967,0.5
1900-01-01 14:02:00,7925.5,328969,7926.0,820319,273466,258392,15074,-491350,0.5
1900-01-01 14:02:15,7922.0,552550,7922.5,291891,54024,120034,-66010,260659,0.5
1900-01-01 14:02:30,7922.0,538540,7922.5,921315,395440,306414,89026,-382775,0.5
1900-01-01 14:02:45,7922.0,399636,7922.5,723710,117870,49825,68045,-324074,0.5
1900-01-01 14:03:00,7917.5,9360,7918.0,70,102197,539511,-437314,9290,0.5
1900-01-01 14:03:15,7918.5,602026,7919.0,152112,256905,91492,165413,449914,0.5
1900-01-01 14:03:30,7922.0,869388,7922.5,22132,105122,58670,46452,847256,0.5
1900-01-01 14:03:45,7926.5,1129480,7927.0,4023,211374,175879,35495,1125457,0.5
1900-01-01 14:04:00,7929.5,1109198,7930.0,59124,157506,24848,132658,1050074,0.5
1900-01-01 14:04:15,7936.0,952409,7937.0,2516,258126,187458,70668,949893,1.0
1900-01-01 14:04:30,7927.0,15050,7927.5,425842,163453,602234,-438781,-410792,0.5
1900-01-01 14:04:45,7932.0,379451,7932.5,2609,191028,92158,98870,376842,0.5
1900-01-01 14:05:00,7934.0,21068,7934.5,649207,75456,26230,49226,-628139,0.5
1900-01-01 14:05:15,7931.0,770697,7931.5,28779,84626,365072,-280446,741918,0.5
1900-01-01 14:05:30,7933.0,194186,7933.5,481265,157009,10142,146867,-287079,0.5
1900-01-01 14:05:45,7933.0,199049,7933.5,457724,48170,131569,-83399,-258675,0.5
1900-01-01 14:06:00,7930.0,111419,7930.5,717515,99358,109011,-9653,-606096,0.5
1900-01-01 14:06:15,7928.0,303102,7928.5,354175,13439,129283,-115844,-51073,0.5
1900-01-01 14:06:30,7929.0,83366,7929.5,479381,165290,18782,146508,-396015,0.5
1900-01-01 14:06:45,7929.0,573062,7929.5,14751,30799,17866,12933,558311,0.5
1900-01-01 14:07:00,7929.0,62979,7929.5,440981,84121,42386,41735,-378002,0.5
1900-01-01 14:07:15,7922.5,254862,7923.0,70269,22926,348477,-325551,184593,0.5
1900-01-01 14:07:30,7917.0,44333,7917.5,431357,101858,405549,-303691,-387024,0.5
1900-01-01 14:07:45,7917.0,516894,7917.5,509424,112820,229314,-116494,7470,0.5
1900-01-01 14:08:00,7918.5,333874,7919.0,380890,228371,14456,213915,-47016,0.5
1900-01-01 14:08:15,7918.5,1660470,7919.0,13148,56014,42308,13706,1647322,0.5
1900-01-01 14:08:30,7923.5,655605,7924.0,25383,311726,11002,300724,630222,0.5
1900-01-01 14:08:45,7923.5,1428117,7924.0,147018,65077,107902,-42825,1281099,0.5
1900-01-01 14:09:00,7923.5,1117006,7924.0,61380,133750,24100,109650,1055626,0.5
1900-01-01 14:09:15,7923.5,513031,7924.0,401261,61020,12100,48920,111770,0.5
1900-01-01 14:09:30,7923.5,286710,7924.0,381722,20133,8648,11485,-95012,0.5
1900-01-01 14:09:45,7920.0,61619,7920.5,691469,94706,91631,3075,-629850,0.5
1900-01-01 14:10:00,7915.0,402000,7915.5,540084,79474,111136,-31662,-138084,0.5
1900-01-01 14:10:15,7915.0,1270783,7915.5,20421,38647,129052,-90405,1250362,0.5
1900-01-01 14:10:30,7919.5,704866,7920.0,40432,29646,45588,-15942,664434,0.5
1900-01-01 14:10:45,7923.5,713215,7924.0,447960,37873,800,37073,265255,0.5
1900-01-01 14:11:00,7923.5,784980,7924.0,512704,41478,36097,5381,272276,0.5
1900-01-01 14:11:15,7925.5,284007,7926.0,29949,368051,240569,127482,254058,0.5
1900-01-01 14:11:30,7929.5,266681,7930.0,335606,243344,2606,240738,-68925,0.5
1900-01-01 14:11:45,7932.5,908894,7933.0,138715,931682,7263,924419,770179,0.5
1900-01-01 14:12:00,7937.5,1056036,7938.0,33282,323886,30383,293503,1022754,0.5
1900-01-01 14:12:15,7939.5,962029,7940.0,53904,726911,51410,675501,908125,0.5
1900-01-01 14:12:30,7947.5,1354121,7948.0,22850,342539,23450,319089,1331271,0.5
1900-01-01 14:12:45,7943.5,400993,7944.0,305517,338323,248273,90050,95476,0.5
1900-01-01 14:13:00,7939.0,229543,7939.5,140149,83733,150641,-66908,89394,0.5
1900-01-01 14:13:15,7940.0,51936,7940.5,11349,82685,59505,23180,40587,0.5
1900-01-01 14:13:30,7940.0,571684,7940.5,73971,188412,87308,101104,497713,0.5
1900-01-01 14:13:45,7943.5,533979,7944.0,110305,474984,64602,410382,423674,0.5
1900-01-01 14:14:00,7943.5,996316,7944.0,165,134684,72656,62028,996151,0.5
1900-01-01 14:14:15,7947.5,11862,7948.0,899003,77442,48612,28830,-887141,0.5
1900-01-01 14:14:30,7949.5,41522,7950.0,706114,78557,46340,32217,-664592,0.5
1900-01-01 14:14:45,7941.0,89451,7941.5,793832,97597,193710,-96113,-704381,0.5
1900-01-01 14:15:00,7936.0,620791,7936.5,63347,52653,342005,-289352,557444,0.5
1900-01-01 14:15:15,7941.5,20161,7942.0,325045,78253,93350,-15097,-304884,0.5
1900-01-01 14:15:30,7945.0,261520,7945.5,52576,34387,86029,-51642,208944,0.5
1900-01-01 14:15:45,7953.5,367170,7954.0,398875,151354,112798,38556,-31705,0.5
1900-01-01 14:16:00,7947.0,300199,7947.5,406380,69109,446263,-377154,-106181,0.5
1900-01-01 14:16:15,7947.0,642618,7947.5,182190,72781,72878,-97,460428,0.5
1900-01-01 14:16:30,7947.0,181205,7947.5,690736,26878,9327,17551,-509531,0.5
1900-01-01 14:16:45,7947.0,696604,7947.5,1584715,49360,83420,-34060,-888111,0.5
1900-01-01 14:17:00,7940.0,112648,7943.0,437549,39498,113789,-74291,-324901,3.0
1900-01-01 14:17:15,7938.0,165692,7938.5,680420,37694,106291,-68597,-514728,0.5
1900-01-01 14:17:30,7938.0,628382,7938.5,243588,70736,16962,53774,384794,0.5
1900-01-01 14:17:45,7938.0,582710,7938.5,217925,29543,7656,21887,364785,0.5
1900-01-01 14:18:00,7939.5,572123,7940.0,1357882,53339,217966,-164627,-785759,0.5
1900-01-01 14:18:15,7939.5,721870,7940.0,1450684,23552,1600,21952,-728814,0.5
1900-01-01 14:18:30,7936.0,3874,7936.5,1288936,94685,163931,-69246,-1285062,0.5
1900-01-01 14:18:45,7934.0,1039016,7934.5,20256,29549,92802,-63253,1018760,0.5
1900-01-01 14:19:00,7937.0,204995,7937.5,473632,292761,39040,253721,-268637,0.5
1900-01-01 14:19:15,7937.0,68236,7937.5,1124662,21838,179078,-157240,-1056426,0.5
1900-01-01 14:19:30,7939.5,811911,7940.0,898329,828661,11743,816918,-86418,0.5
1900-01-01 14:19:45,7939.5,1510519,7940.0,78990,834191,17844,816347,1431529,0.5
1900-01-01 14:20:00,7944.0,510454,7944.5,673838,116579,5064,111515,-163384,0.5
1900-01-01 14:20:15,7944.5,778814,7945.0,31897,129975,8425,121550,746917,0.5
1900-01-01 14:20:30,7944.5,226981,7945.0,603928,39082,17793,21289,-376947,0.5
1900-01-01 14:20:45,7944.5,1247369,7945.0,89758,105691,11998,93693,1157611,0.5
1900-01-01 14:21:00,7944.5,819400,7945.0,131018,57872,2290,55582,688382,0.5
1900-01-01 14:21:15,7944.5,389781,7945.0,678647,32720,41778,-9058,-288866,0.5
1900-01-01 14:21:30,7940.0,66554,7940.5,817905,25668,293970,-268302,-751351,0.5
1900-01-01 14:21:45,7939.5,976675,7940.0,122374,122508,57380,65128,854301,0.5
1900-01-01 14:22:00,7939.5,1148449,7940.0,170071,265386,37562,227824,978378,0.5
1900-01-01 14:22:15,7940.0,950841,7940.5,3270,57723,32746,24977,947571,0.5
1900-01-01 14:22:30,7943.0,757958,7943.5,186487,17484,1100,16384,571471,0.5
1900-01-01 14:22:45,7944.0,1010284,7944.5,773621,177063,4322,172741,236663,0.5
1900-01-01 14:23:00,7944.0,909838,7944.5,670623,284091,24287,259804,239215,0.5
1900-01-01 14:23:15,7944.0,883410,7944.5,619477,14678,14621,57,263933,0.5
1900-01-01 14:23:30,7944.0,1099102,7944.5,494205,41685,202,41483,604897,0.5
1900-01-01 14:23:45,7944.0,1055456,7944.5,549858,23029,6004,17025,505598,0.5
1900-01-01 14:24:00,7944.0,1482686,7944.5,160760,38568,32940,5628,1321926,0.5
1900-01-01 14:24:15,7946.0,932383,7946.5,63914,95598,40349,55249,868469,0.5
1900-01-01 14:24:30,7946.5,179341,7947.0,773673,127451,4046,123405,-594332,0.5
1900-01-01 14:24:45,7946.5,134084,7947.0,875583,97446,34114,63332,-741499,0.5
1900-01-01 14:25:00,7946.5,88642,7947.0,946901,4130,25800,-21670,-858259,0.5
1900-01-01 14:25:15,7946.5,124117,7947.0,568781,174181,64376,109805,-444664,0.5
1900-01-01 14:25:30,7946.5,1143315,7947.0,705353,305861,1224,304637,437962,0.5
1900-01-01 14:25:45,7946.5,333227,7947.0,985672,94390,7284,87106,-652445,0.5
1900-01-01 14:26:00,7946.5,448032,7947.0,1024217,28222,4538,23684,-576185,0.5
1900-01-01 14:26:15,7946.5,1038924,7947.0,736744,12143,88008,-75865,302180,0.5
1900-01-01 14:26:30,7946.5,1183563,7947.0,752393,11848,4970,6878,431170,0.5
1900-01-01 14:26:45,7946.5,1943546,7947.0,561471,135714,2000,133714,1382075,0.5
1900-01-01 14:27:00,7948.5,2000032,7949.0,70489,351330,54000,297330,1929543,0.5
1900-01-01 14:27:15,7951.5,1657205,7952.0,34834,285593,5488,280105,1622371,0.5
1900-01-01 14:27:30,7954.0,1152285,7954.5,35825,138255,7900,130355,1116460,0.5
1900-01-01 14:27:45,7951.0,1578,7951.5,735965,77086,264212,-187126,-734387,0.5
1900-01-01 14:28:00,7948.0,143232,7948.5,674396,172422,220870,-48448,-531164,0.5
1900-01-01 14:28:15,7947.5,9457,7948.0,691397,22664,109353,-86689,-681940,0.5
1900-01-01 14:28:30,7945.5,520,7946.0,724943,57000,54386,2614,-724423,0.5
1900-01-01 14:28:45,7945.0,26532,7945.5,1014503,10836,46475,-35639,-987971,0.5
1900-01-01 14:29:00,7934.0,94576,7934.5,53210,31012,1421403,-1390391,41366,0.5
1900-01-01 14:29:15,7934.0,945656,7934.5,299065,138044,107890,30154,646591,0.5
1900-01-01 14:29:30,7937.5,481108,7938.0,70910,59840,46635,13205,410198,0.5
1900-01-01 14:29:45,7935.0,472258,7935.5,199875,12513,108657,-96144,272383,0.5
1900-01-01 14:30:00,7935.0,801053,7935.5,242731,77661,12782,64879,558322,0.5
1900-01-01 14:30:15,7935.0,1113487,7935.5,6223,128988,7226,121762,1107264,0.5
1900-01-01 14:30:30,7935.5,1181148,7936.0,34129,14263,67099,-52836,1147019,0.5
1900-01-01 14:30:45,7936.5,607439,7937.0,155794,39735,16932,22803,451645,0.5
1900-01-01 14:31:00,7936.5,145157,7937.0,493703,116110,35599,80511,-348546,0.5
1900-01-01 14:31:15,7935.5,1743,7936.0,82071,189626,78727,110899,-80328,0.5
1900-01-01 14:31:30,7935.0,79980,7935.5,615086,8324,41444,-33120,-535106,0.5
1900-01-01 14:31:45,7935.0,102938,7935.5,569459,39440,23900,15540,-466521,0.5
1900-01-01 14:32:00,7935.0,1315744,7935.5,288429,10122,29881,-19759,1027315,0.5
1900-01-01 14:32:15,7935.0,1689566,7935.5,47778,74412,8716,65696,1641788,0.5
1900-01-01 14:32:30,7941.5,437024,7942.0,39264,117103,1800,115303,397760,0.5
1900-01-01 14:32:45,7943.0,317546,7943.5,351549,46257,11650,34607,-34003,0.5
1900-01-01 14:33:00,7943.0,963397,7943.5,90750,48025,10248,37777,872647,0.5
1900-01-01 14:33:15,7943.0,978477,7943.5,45847,19956,235,19721,932630,0.5
1900-01-01 14:33:30,7943.0,924173,7943.5,24021,23776,4032,19744,900152,0.5
1900-01-01 14:33:45,7943.0,434648,7943.5,228696,11126,153334,-142208,205952,0.5
1900-01-01 14:34:00,7942.0,31,7942.5,597034,133197,107199,25998,-597003,0.5
1900-01-01 14:34:15,7936.0,446043,7936.5,112958,41938,74780,-32842,333085,0.5
1900-01-01 14:34:30,7935.0,179524,7935.5,440287,4164,67517,-63353,-260763,0.5
1900-01-01 14:34:45,7935.0,65559,7935.5,1237144,5501,254709,-249208,-1171585,0.5
1900-01-01 14:35:00,7933.0,80082,7933.5,961244,7964,226174,-218210,-881162,0.5
1900-01-01 14:35:15,7929.5,266591,7930.0,807747,10814,576028,-565214,-541156,0.5
1900-01-01 14:35:30,7929.5,89271,7930.0,1061429,18032,194294,-176262,-972158,0.5
1900-01-01 14:35:45,7924.5,1175889,7925.0,91842,67679,286368,-218689,1084047,0.5
1900-01-01 14:36:00,7925.5,125431,7926.0,456904,146282,283979,-137697,-331473,0.5
1900-01-01 14:36:15,7924.0,2963,7924.5,1001050,79826,197566,-117740,-998087,0.5
1900-01-01 14:36:30,7920.0,442349,7920.5,599044,40900,190816,-149916,-156695,0.5
1900-01-01 14:36:45,7920.0,1193898,7920.5,31239,126730,511164,-384434,1162659,0.5
1900-01-01 14:37:00,7923.5,26673,7924.0,1249217,59388,151034,-91646,-1222544,0.5
1900-01-01 14:37:15,7922.5,21931,7923.0,1165794,13598,34548,-20950,-1143863,0.5
1900-01-01 14:37:30,7919.5,16634,7920.0,855263,15149,99967,-84818,-838629,0.5
1900-01-01 14:37:45,7917.5,21020,7918.0,825187,41262,237819,-196557,-804167,0.5
1900-01-01 14:38:00,7916.0,546687,7916.5,319838,26104,459177,-433073,226849,0.5
1900-01-01 14:38:15,7919.5,181867,7920.0,917384,143669,220716,-77047,-735517,0.5
1900-01-01 14:38:30,7917.0,462630,7917.5,183544,11800,123823,-112023,279086,0.5
1900-01-01 14:38:45,7920.5,503848,7921.0,66844,108684,4500,104184,437004,0.5
1900-01-01 14:39:00,7922.0,624534,7922.5,28241,107616,79128,28488,596293,0.5
1900-01-01 14:39:15,7926.5,890662,7927.0,7972,156333,5000,151333,882690,0.5
1900-01-01 14:39:30,7923.5,181876,7924.0,427790,104208,170715,-66507,-245914,0.5
1900-01-01 14:39:45,7920.5,30831,7921.0,438994,17734,219102,-201368,-408163,0.5
1900-01-01 14:40:00,7915.5,38782,7916.0,462899,15679,185224,-169545,-424117,0.5
1900-01-01 14:40:15,7914.5,1467634,7915.0,47828,61025,276831,-215806,1419806,0.5
1900-01-01 14:40:30,7915.0,1209956,7915.5,28903,638749,90828,547921,1181053,0.5
1900-01-01 14:40:45,7920.5,767444,7921.0,76997,318583,3862,314721,690447,0.5
1900-01-01 14:41:00,7927.5,2115829,7928.0,2325,81957,4124,77833,2113504,0.5
1900-01-01 14:41:15,7932.5,74516,7933.0,1262600,561544,41880,519664,-1188084,0.5
1900-01-01 14:41:30,7930.0,152863,7930.5,1152191,26442,252135,-225693,-999328,0.5
1900-01-01 14:41:45,7928.5,5158,7929.0,1165090,10683,93473,-82790,-1159932,0.5
1900-01-01 14:42:00,7925.0,59776,7925.5,531822,5044,48021,-42977,-472046,0.5
1900-01-01 14:42:15,7921.0,1194881,7921.5,31945,21988,73210,-51222,1162936,0.5
1900-01-01 14:42:30,7924.0,910157,7924.5,27174,86954,4664,82290,882983,0.5
1900-01-01 14:42:45,7926.0,1214217,7926.5,6428,85069,14627,70442,1207789,0.5
1900-01-01 14:43:00,7929.5,638247,7930.0,31216,48168,59318,-11150,607031,0.5
1900-01-01 14:43:15,7931.5,244079,7932.0,320724,165231,6588,158643,-76645,0.5
1900-01-01 14:43:30,7931.5,114550,7932.0,446961,24200,69991,-45791,-332411,0.5
1900-01-01 14:43:45,7931.5,111069,7932.0,350026,188077,13062,175015,-238957,0.5
1900-01-01 14:44:00,7931.5,209276,7932.0,622829,51008,30,50978,-413553,0.5
1900-01-01 14:44:15,7932.5,1330691,7933.0,207415,488048,30,488018,1123276,0.5
1900-01-01 14:44:30,7937.5,1156801,7938.0,63660,284334,2316,282018,1093141,0.5
1900-01-01 14:44:45,7942.0,855272,7942.5,59578,223660,8460,215200,795694,0.5
1900-01-01 14:45:00,7942.0,919882,7942.5,95499,325647,50594,275053,824383,0.5
1900-01-01 14:45:15,7942.0,271804,7942.5,262009,47849,5474,42375,9795,0.5
1900-01-01 14:45:30,7942.0,147511,7942.5,411196,119113,50102,69011,-263685,0.5
1900-01-01 14:45:45,7938.0,55362,7938.5,634552,23600,82342,-58742,-579190,0.5
1900-01-01 14:46:00,7938.0,168146,7938.5,1077138,13890,62446,-48556,-908992,0.5
1900-01-01 14:46:15,7935.0,742304,7935.5,269327,11976,42192,-30216,472977,0.5
1900-01-01 14:46:30,7937.5,544898,7938.0,111159,125169,20028,105141,433739,0.5
1900-01-01 14:46:45,7940.5,913769,7941.0,68592,119005,7000,112005,845177,0.5
1900-01-01 14:47:00,7940.5,356805,7941.0,291941,26662,14674,11988,64864,0.5
1900-01-01 14:47:15,7940.5,250529,7941.0,527081,37182,23403,13779,-276552,0.5
1900-01-01 14:47:30,7940.5,340243,7941.0,462383,33300,5122,28178,-122140,0.5
1900-01-01 14:47:45,7940.5,320003,7941.0,584611,39200,10316,28884,-264608,0.5
1900-01-01 14:48:00,7940.5,178297,7941.0,635071,10550,72986,-62436,-456774,0.5
1900-01-01 14:48:15,7940.5,322732,7941.0,663666,46002,29560,16442,-340934,0.5
1900-01-01 14:48:30,7937.5,590878,7938.0,239258,34030,242014,-207984,351620,0.5
1900-01-01 14:48:45,7937.5,848632,7938.0,348904,12336,98752,-86416,499728,0.5
1900-01-01 14:49:00,7937.5,523515,7938.0,457409,3436,76901,-73465,66106,0.5
1900-01-01 14:49:15,7937.5,467766,7938.0,862068,8451,17116,-8665,-394302,0.5
1900-01-01 14:49:30,7936.0,67764,7936.5,656344,2140,1473963,-1471823,-588580,0.5
1900-01-01 14:49:45,7935.0,250992,7935.5,578078,22,149806,-149784,-327086,0.5
1900-01-01 14:50:00,7935.0,848550,7935.5,333187,8929,45982,-37053,515363,0.5
1900-01-01 14:50:15,7939.0,347301,7939.5,206341,116931,13300,103631,140960,0.5
1900-01-01 14:50:30,7940.5,712411,7941.0,106047,115165,27156,88009,606364,0.5
1900-01-01 14:50:45,7942.0,610254,7942.5,145820,130012,12980,117032,464434,0.5
1900-01-01 14:51:00,7942.0,128387,7942.5,443016,42997,76149,-33152,-314629,0.5
1900-01-01 14:51:15,7942.0,417790,7942.5,743134,2911,76149,-73238,-325344,0.5
1900-01-01 14:51:30,7942.0,838485,7942.5,272304,5000,5202,-202,566181,0.5
1900-01-01 14:51:45,7949.5,1192082,7950.0,492073,183388,15620,167768,700009,0.5
1900-01-01 14:52:00,7952.0,1087220,7952.5,275638,650918,110982,539936,811582,0.5
1900-01-01 14:52:15,7957.5,11011,7958.0,366027,348644,213719,134925,-355016,0.5
1900-01-01 14:52:30,7949.5,163069,7950.0,443148,109024,354509,-245485,-280079,0.5
1900-01-01 14:52:45,7949.0,58609,7949.5,1080459,21350,81566,-60216,-1021850,0.5
1900-01-01 14:53:00,7949.0,362267,7949.5,594953,21036,167422,-146386,-232686,0.5
1900-01-01 14:53:15,7949.0,451296,7949.5,258313,62684,15915,46769,192983,0.5
1900-01-01 14:53:30,7952.0,277033,7952.5,96527,139763,40816,98947,180506,0.5
1900-01-01 14:53:45,7956.5,123135,7957.0,499848,103216,53923,49293,-376713,0.5
1900-01-01 14:54:00,7957.0,537106,7957.5,94637,51571,15703,35868,442469,0.5
1900-01-01 14:54:15,7957.0,75009,7957.5,522953,154974,107106,47868,-447944,0.5
1900-01-01 14:54:30,7942.5,468097,7943.0,120041,31912,1032277,-1000365,348056,0.5
1900-01-01 14:54:45,7942.5,834383,7943.0,633340,135047,21105,113942,201043,0.5
1900-01-01 14:55:00,7942.5,873612,7943.0,577669,76816,98738,-21922,295943,0.5
1900-01-01 14:55:15,7946.0,139803,7946.5,361961,88632,102610,-13978,-222158,0.5
1900-01-01 14:55:30,7946.0,1063597,7946.5,167291,46177,22573,23604,896306,0.5
1900-01-01 14:55:45,7948.5,862812,7949.0,104558,217165,56193,160972,758254,0.5
1900-01-01 14:56:00,7953.0,335884,7953.5,269571,74162,14094,60068,66313,0.5
1900-01-01 14:56:15,7951.0,2922,7951.5,218993,186911,22766,164145,-216071,0.5
1900-01-01 14:56:30,7949.5,549054,7950.0,109759,14880,187381,-172501,439295,0.5
1900-01-01 14:56:45,7949.5,505176,7950.0,123030,9520,49,9471,382146,0.5
1900-01-01 14:57:00,7954.5,340772,7955.0,118451,98993,87326,11667,222321,0.5
1900-01-01 14:57:15,7954.5,468810,7955.0,196242,123983,8712,115271,272568,0.5
1900-01-01 14:57:30,7958.0,780565,7958.5,32632,138718,41974,96744,747933,0.5
1900-01-01 14:57:45,7958.5,580308,7959.0,120871,180996,24046,156950,459437,0.5
1900-01-01 14:58:00,7961.0,317573,7961.5,17398,156170,25827,130343,300175,0.5
1900-01-01 14:58:15,7958.5,38043,7959.0,471676,148191,191658,-43467,-433633,0.5
1900-01-01 14:58:30,7958.5,1675,7959.0,524066,29056,198129,-169073,-522391,0.5
1900-01-01 14:58:45,7960.0,38992,7960.5,478171,131238,83820,47418,-439179,0.5
1900-01-01 14:59:00,7960.0,605048,7960.5,69870,117153,118129,-976,535178,0.5
1900-01-01 14:59:15,7961.0,676921,7961.5,36773,95648,11052,84596,640148,0.5
1900-01-01 14:59:30,7964.5,367879,7965.0,65200,302640,29094,273546,302679,0.5
1900-01-01 14:59:45,7968.5,1414811,7969.0,78525,381860,7290,374570,1336286,0.5
1900-01-01 15:00:00,7969.5,125232,7970.0,103439,232947,14026,218921,21793,0.5
1900-01-01 15:00:15,7971.0,373642,7971.5,348762,456189,191398,264791,24880,0.5
1900-01-01 15:00:30,7970.0,385854,7970.5,285619,188796,142003,46793,100235,0.5
1900-01-01 15:00:45,7967.0,452836,7967.5,222815,53305,260575,-207270,230021,0.5
1900-01-01 15:01:00,7967.0,545872,7967.5,289596,29468,49080,-19612,256276,0.5
1900-01-01 15:01:15,7967.0,863323,7967.5,246380,33663,478094,-444431,616943,0.5
1900-01-01 15:01:30,7967.5,1422967,7968.0,5300,108083,114998,-6915,1417667,0.5
1900-01-01 15:01:45,7975.5,359639,7976.0,251127,519564,43924,475640,108512,0.5
1900-01-01 15:02:00,7970.5,535185,7971.0,133692,606834,302053,304781,401493,0.5
1900-01-01 15:02:15,7972.0,260478,7972.5,28669,45170,79148,-33978,231809,0.5
1900-01-01 15:02:30,7972.0,17259,7972.5,378818,10953,68708,-57755,-361559,0.5
1900-01-01 15:02:45,7970.5,62181,7971.0,270433,239399,117121,122278,-208252,0.5
1900-01-01 15:03:00,7969.5,94805,7970.0,668862,8426,268585,-260159,-574057,0.5
1900-01-01 15:03:15,7967.0,603945,7967.5,42450,20708,111678,-90970,561495,0.5
1900-01-01 15:03:30,7967.0,61552,7967.5,325057,16695,43382,-26687,-263505,0.5
1900-01-01 15:03:45,7963.5,442973,7964.0,93957,48630,59243,-10613,349016,0.5
1900-01-01 15:04:00,7956.5,73348,7957.0,137500,4110,259814,-255704,-64152,0.5
1900-01-01 15:04:15,7954.5,190,7955.0,856815,12961,271631,-258670,-856625,0.5
1900-01-01 15:04:30,7951.5,168027,7952.0,703821,66016,165675,-99659,-535794,0.5
1900-01-01 15:04:45,7954.0,366369,7954.5,105125,260954,490531,-229577,261244,0.5
1900-01-01 15:05:00,7954.0,551530,7954.5,41035,101992,118164,-16172,510495,0.5
1900-01-01 15:05:15,7955.5,834922,7956.0,71410,111091,150,110941,763512,0.5
1900-01-01 15:05:30,7956.0,1058589,7956.5,75104,68719,10400,58319,983485,0.5
1900-01-01 15:05:45,7958.0,1062098,7958.5,2856,93996,6702,87294,1059242,0.5
1900-01-01 15:06:00,7958.0,57341,7958.5,181768,15867,35143,-19276,-124427,0.5
1900-01-01 15:06:15,7955.0,77668,7955.5,164876,49594,78649,-29055,-87208,0.5
1900-01-01 15:06:30,7951.5,1152809,7952.0,117024,6832,103643,-96811,1035785,0.5
1900-01-01 15:06:45,7955.5,178678,7956.0,449801,88978,151739,-62761,-271123,0.5
1900-01-01 15:07:00,7953.5,80489,7954.0,318924,7978,77452,-69474,-238435,0.5
1900-01-01 15:07:15,7952.5,537119,7953.0,76085,14093,7582,6511,461034,0.5
1900-01-01 15:07:30,7952.5,51481,7953.0,243359,37208,126692,-89484,-191878,0.5
1900-01-01 15:07:45,7950.0,36035,7950.5,476926,24520,150995,-126475,-440891,0.5
1900-01-01 15:08:00,7943.0,11824,7943.5,333091,13412,300272,-286860,-321267,0.5
1900-01-01 15:08:15,7941.5,907134,7942.0,260556,107534,125041,-17507,646578,0.5
1900-01-01 15:08:30,7941.5,1368523,7942.0,105539,133470,37486,95984,1262984,0.5
1900-01-01 15:08:45,7946.0,1516865,7946.5,22263,324182,18804,305378,1494602,0.5
1900-01-01 15:09:00,7947.0,617428,7947.5,121609,213742,2236,211506,495819,0.5
1900-01-01 15:09:15,7947.0,137602,7947.5,177582,44651,55562,-10911,-39980,0.5
1900-01-01 15:09:30,7943.0,48804,7943.5,193383,57002,87185,-30183,-144579,0.5
1900-01-01 15:09:45,7943.0,506749,7943.5,159898,18607,207650,-189043,346851,0.5
1900-01-01 15:10:00,7943.0,238122,7943.5,212302,90891,8571,82320,25820,0.5
1900-01-01 15:10:15,7943.0,96088,7943.5,840635,4814,72668,-67854,-744547,0.5
1900-01-01 15:10:30,7943.0,410461,7943.5,354084,28520,131179,-102659,56377,0.5
1900-01-01 15:10:45,7943.0,1525321,7943.5,184429,102108,6808,95300,1340892,0.5
1900-01-01 15:11:00,7947.0,897620,7947.5,35852,186583,6966,179617,861768,0.5
1900-01-01 15:11:15,7952.0,1066639,7952.5,7480,517186,5438,511748,1059159,0.5
1900-01-01 15:11:30,7954.5,163294,7955.0,1234079,168247,65323,102924,-1070785,0.5
1900-01-01 15:11:45,7954.5,9223,7955.0,1406953,109124,56912,52212,-1397730,0.5
1900-01-01 15:12:00,7950.0,14217,7950.5,1348999,22262,129413,-107151,-1334782,0.5
1900-01-01 15:12:15,7943.0,16931,7943.5,69671,41233,330186,-288953,-52740,0.5
1900-01-01 15:12:30,7943.0,1194991,7943.5,120293,54191,214292,-160101,1074698,0.5
1900-01-01 15:12:45,7945.5,143679,7946.0,209389,63593,103430,-39837,-65710,0.5
1900-01-01 15:13:00,7945.5,700621,7946.0,163507,44502,24360,20142,537114,0.5
1900-01-01 15:13:15,7945.5,525367,7946.0,163263,11940,281462,-269522,362104,0.5
1900-01-01 15:13:30,7945.5,344127,7946.0,134740,70540,4720,65820,209387,0.5
1900-01-01 15:13:45,7945.5,519177,7946.0,91416,4300,4429,-129,427761,0.5
1900-01-01 15:14:00,7945.5,961874,7946.0,79599,25878,1568,24310,882275,0.5
1900-01-01 15:14:15,7945.5,431064,7946.0,201632,6516,86748,-80232,229432,0.5
1900-01-01 15:14:30,7945.5,394828,7946.0,393319,9140,10257,-1117,1509,0.5
1900-01-01 15:14:45,7945.5,133485,7946.0,478026,4381,9648,-5267,-344541,0.5
1900-01-01 15:15:00,7945.5,474158,7946.0,189711,121208,10333,110875,284447,0.5
1900-01-01 15:15:15,7945.5,176561,7946.0,439757,19704,25194,-5490,-263196,0.5
1900-01-01 15:15:30,7943.0,104478,7943.5,351485,12158,185035,-172877,-247007,0.5
1900-01-01 15:15:45,7943.0,55717,7943.5,478555,1592,52805,-51213,-422838,0.5
1900-01-01 15:16:00,7936.0,154762,7936.5,462203,14386,568647,-554261,-307441,0.5
1900-01-01 15:16:15,7936.0,730758,7936.5,146569,133012,22667,110345,584189,0.5
1900-01-01 15:16:30,7937.0,710617,7937.5,266704,71858,8932,62926,443913,0.5
1900-01-01 15:16:45,7937.5,58176,7938.0,1023969,35583,15597,19986,-965793,0.5
1900-01-01 15:17:00,7935.0,421361,7935.5,469743,215952,1006472,-790520,-48382,0.5
1900-01-01 15:17:15,7934.0,53938,7934.5,1119332,117868,220815,-102947,-1065394,0.5
1900-01-01 15:17:30,7930.5,420815,7931.0,299219,43094,256858,-213764,121596,0.5
1900-01-01 15:17:45,7930.5,6323,7931.0,733762,18910,132497,-113587,-727439,0.5
1900-01-01 15:18:00,7930.0,95184,7930.5,665835,13512,129106,-115594,-570651,0.5
1900-01-01 15:18:15,7930.0,459330,7930.5,315070,188317,81962,106355,144260,0.5
1900-01-01 15:18:30,7932.5,1119001,7933.0,38741,147070,454716,-307646,1080260,0.5
1900-01-01 15:18:45,7934.0,1011053,7934.5,58,106360,10654,95706,1010995,0.5
1900-01-01 15:19:00,7935.5,219886,7936.0,610410,99522,18219,81303,-390524,0.5
1900-01-01 15:19:15,7935.5,185002,7936.0,413519,122364,22782,99582,-228517,0.5
1900-01-01 15:19:30,7934.0,101447,7934.5,279998,17298,46573,-29275,-178551,0.5
1900-01-01 15:19:45,7933.0,568034,7933.5,157252,15338,105559,-90221,410782,0.5
1900-01-01 15:20:00,7933.0,359828,7933.5,440087,12102,26258,-14156,-80259,0.5
1900-01-01 15:20:15,7932.5,58909,7933.0,567917,21007,123888,-102881,-509008,0.5
1900-01-01 15:20:30,7930.5,33442,7931.0,522310,21007,27592,-6585,-488868,0.5
1900-01-01 15:20:45,7930.5,14447,7931.0,703889,2254,27427,-25173,-689442,0.5
1900-01-01 15:21:00,7930.5,38766,7931.0,801998,1328,17241,-15913,-763232,0.5
1900-01-01 15:21:15,7929.5,24759,7930.0,803640,27310,113638,-86328,-778881,0.5
1900-01-01 15:21:30,7929.0,85191,7929.5,584814,6408,115375,-108967,-499623,0.5
1900-01-01 15:21:45,7928.5,6586,7929.0,497859,17958,103594,-85636,-491273,0.5
1900-01-01 15:22:00,7928.0,332811,7928.5,302675,36880,22776,14104,30136,0.5
1900-01-01 15:22:15,7929.0,606515,7929.5,142548,64780,5656,59124,463967,0.5
1900-01-01 15:22:30,7936.5,826265,7937.0,21301,208275,95637,112638,804964,0.5
1900-01-01 15:22:45,7940.5,1614784,7941.0,9929,118445,23030,95415,1604855,0.5
1900-01-01 15:23:00,7942.5,4169,7943.0,825139,71271,85710,-14439,-820970,0.5
1900-01-01 15:23:15,7934.5,516837,7935.0,209458,17290,55837,-38547,307379,0.5
1900-01-01 15:23:30,7934.5,1097571,7935.0,43633,147985,16000,131985,1053938,0.5
1900-01-01 15:23:45,7938.0,840767,7938.5,296,43661,12140,31521,840471,0.5
1900-01-01 15:24:00,7940.0,733122,7940.5,104131,54186,7075,47111,628991,0.5
1900-01-01 15:24:15,7940.0,152711,7940.5,1089559,33732,1280,32452,-936848,0.5
1900-01-01 15:24:30,7938.0,10068,7938.5,614850,82086,42596,39490,-604782,0.5
1900-01-01 15:24:45,7936.0,96738,7936.5,479507,15994,19846,-3852,-382769,0.5
1900-01-01 15:25:00,7936.5,768870,7937.0,17311,8077,31432,-23355,751559,0.5
1900-01-01 15:25:15,7939.5,172214,7940.0,137338,81981,30700,51281,34876,0.5
1900-01-01 15:25:30,7939.5,190572,7940.0,346851,14004,11121,2883,-156279,0.5
1900-01-01 15:25:45,7939.5,172892,7940.0,517675,766,55711,-54945,-344783,0.5
1900-01-01 15:26:00,7942.5,143195,7943.0,1278217,21334,31559,-10225,-1135022,0.5
1900-01-01 15:26:15,7942.5,107978,7943.0,1214011,184940,65035,119905,-1106033,0.5
1900-01-01 15:26:30,7940.0,7597,7940.5,945949,22030,63888,-41858,-938352,0.5
1900-01-01 15:26:45,7940.0,43769,7940.5,831041,30,698,-668,-787272,0.5
1900-01-01 15:27:00,7940.0,26537,7940.5,961971,3286,26596,-23310,-935434,0.5
1900-01-01 15:27:15,7940.0,726651,7940.5,745277,242,18502,-18260,-18626,0.5
1900-01-01 15:27:30,7940.0,638772,7940.5,666186,66062,500,65562,-27414,0.5
1900-01-01 15:27:45,7939.5,12821,7940.0,1435979,7060,117688,-110628,-1423158,0.5
1900-01-01 15:28:00,7938.5,6872,7939.0,1133593,1367,32993,-31626,-1126721,0.5
1900-01-01 15:28:15,7928.5,113660,7929.0,8659,28082,325085,-297003,105001,0.5
1900-01-01 15:28:30,7928.0,1084699,7928.5,193848,62573,153657,-91084,890851,0.5
1900-01-01 15:28:45,7928.0,1218933,7928.5,41391,122142,67096,55046,1177542,0.5
1900-01-01 15:29:00,7928.5,1037505,7929.0,2731,138590,55722,82868,1034774,0.5
1900-01-01 15:29:15,7932.5,723610,7933.0,69209,125299,2904,122395,654401,0.5
1900-01-01 15:29:30,7936.0,317712,7936.5,487397,49567,670,48897,-169685,0.5
1900-01-01 15:29:45,7937.0,878085,7937.5,185,32327,101991,-69664,877900,0.5
1900-01-01 15:30:00,7939.5,761591,7940.0,44126,143402,61740,81662,717465,0.5
1900-01-01 15:30:15,7940.5,1369361,7941.0,81290,108207,1812,106395,1288071,0.5
1900-01-01 15:30:30,7941.0,1588890,7941.5,20445,75140,22500,52640,1568445,0.5
1900-01-01 15:30:45,7943.0,1571704,7943.5,4901,352817,2128,350689,1566803,0.5
1900-01-01 15:31:00,7947.0,1336702,7947.5,33210,129070,21012,108058,1303492,0.5
1900-01-01 15:31:15,7948.5,503997,7949.0,403037,184754,21414,163340,100960,0.5
1900-01-01 15:31:30,7948.5,133732,7949.0,714018,79944,74058,5886,-580286,0.5
1900-01-01 15:31:45,7945.0,164544,7945.5,1018995,128,201776,-201648,-854451,0.5
1900-01-01 15:32:00,7945.0,92947,7945.5,989611,4848,72429,-67581,-896664,0.5
1900-01-01 15:32:15,7945.0,501485,7945.5,362277,20310,140788,-120478,139208,0.5
1900-01-01 15:32:30,7945.5,907373,7946.0,114470,176800,5080,171720,792903,0.5
1900-01-01 15:32:45,7949.5,569940,7950.0,672423,259824,50226,209598,-102483,0.5
1900-01-01 15:33:00,7949.5,502277,7950.0,587515,70926,50226,20700,-85238,0.5
1900-01-01 15:33:15,7955.5,527602,7956.0,352853,241119,21818,219301,174749,0.5
1900-01-01 15:33:30,7955.5,338914,7956.0,562144,48683,64792,-16109,-223230,0.5
1900-01-01 15:33:45,7955.5,266984,7956.0,540704,45736,24759,20977,-273720,0.5
1900-01-01 15:34:00,7955.5,388051,7956.0,417122,32264,112024,-79760,-29071,0.5
1900-01-01 15:34:15,7955.5,412850,7956.0,389000,51940,2956,48984,23850,0.5
1900-01-01 15:34:30,7955.5,371641,7956.0,791658,38849,25000,13849,-420017,0.5
1900-01-01 15:34:45,7955.5,38086,7956.0,1258647,15221,111133,-95912,-1220561,0.5
1900-01-01 15:35:00,7948.5,49216,7949.0,794976,43196,291726,-248530,-745760,0.5
1900-01-01 15:35:15,7948.0,194993,7948.5,647838,14654,90397,-75743,-452845,0.5
1900-01-01 15:35:30,7948.0,1174265,7948.5,111845,30178,112860,-82682,1062420,0.5
1900-01-01 15:35:45,7954.0,2326874,7954.5,416,52042,15548,36494,2326458,0.5
1900-01-01 15:36:00,7955.0,505464,7955.5,622489,104012,15022,88990,-117025,0.5
1900-01-01 15:36:15,7955.0,469872,7955.5,691069,10132,25400,-15268,-221197,0.5
1900-01-01 15:36:30,7955.0,827613,7955.5,223554,14895,59952,-45057,604059,0.5
1900-01-01 15:36:45,7955.0,457139,7955.5,574976,87753,5150,82603,-117837,0.5
1900-01-01 15:37:00,7955.0,337961,7955.5,614134,11156,11678,-522,-276173,0.5
1900-01-01 15:37:15,7955.0,665742,7955.5,408985,32520,26082,6438,256757,0.5
1900-01-01 15:37:30,7955.5,687539,7956.0,147100,22850,20094,2756,540439,0.5
1900-01-01 15:37:45,7955.5,370428,7956.0,838258,29692,26400,3292,-467830,0.5
1900-01-01 15:38:00,7955.5,164467,7956.0,1220351,28012,7340,20672,-1055884,0.5
1900-01-01 15:38:15,7948.0,7138,7948.5,718751,4200,1189489,-1185289,-711613,0.5
1900-01-01 15:38:30,7944.5,827242,7945.0,409532,6862,361712,-354850,417710,0.5
1900-01-01 15:38:45,7944.5,1147078,7945.0,116170,13793,28840,-15047,1030908,0.5
1900-01-01 15:39:00,7944.5,940324,7945.0,272196,32961,18752,14209,668128,0.5
1900-01-01 15:39:15,7944.5,274499,7945.0,440715,6478,20200,-13722,-166216,0.5
1900-01-01 15:39:30,7944.5,37128,7945.0,643282,402,26901,-26499,-606154,0.5
1900-01-01 15:39:45,7944.5,59484,7945.0,792716,30502,8409,22093,-733232,0.5
1900-01-01 15:40:00,7943.0,8814,7943.5,1173542,46053,53195,-7142,-1164728,0.5
1900-01-01 15:40:15,7930.0,105555,7935.5,530060,126,732411,-732285,-424505,5.5
1900-01-01 15:40:30,7928.0,664392,7928.5,22025,47205,590102,-542897,642367,0.5
1900-01-01 15:40:45,7934.5,109969,7935.0,783308,424298,48012,376286,-673339,0.5
1900-01-01 15:41:00,7934.0,749427,7934.5,391393,80526,25752,54774,358034,0.5
1900-01-01 15:41:15,7930.0,230,7930.5,511832,120961,68818,52143,-511602,0.5
1900-01-01 15:41:30,7930.0,76937,7930.5,681616,195560,73231,122329,-604679,0.5
1900-01-01 15:41:45,7926.5,34453,7927.0,743384,27610,446938,-419328,-708931,0.5
1900-01-01 15:42:00,7926.5,200433,7927.0,614961,34524,111923,-77399,-414528,0.5
1900-01-01 15:42:15,7926.5,165361,7927.0,674430,23277,243763,-220486,-509069,0.5
1900-01-01 15:42:30,7926.5,1087971,7927.0,575002,79815,6364,73451,512969,0.5
1900-01-01 15:42:45,7926.5,1657284,7927.0,178194,186908,61876,125032,1479090,0.5
1900-01-01 15:43:00,7927.0,1050401,7927.5,132865,234977,111312,123665,917536,0.5
1900-01-01 15:43:15,7930.0,801846,7930.5,297032,82205,4482,77723,504814,0.5
1900-01-01 15:43:30,7930.0,739640,7930.5,363966,63502,25312,38190,375674,0.5
1900-01-01 15:43:45,7930.0,894120,7930.5,345382,9092,355936,-346844,548738,0.5
1900-01-01 15:44:00,7930.0,1122976,7930.5,385792,44248,28572,15676,737184,0.5
1900-01-01 15:44:15,7930.5,1227532,7931.0,93473,51978,45048,6930,1134059,0.5
1900-01-01 15:44:30,7930.5,1068778,7931.0,101011,40705,4539,36166,967767,0.5
1900-01-01 15:44:45,7930.5,924907,7931.0,278166,13802,6260,7542,646741,0.5
1900-01-01 15:45:00,7934.0,1192871,7934.5,321389,71491,9548,61943,871482,0.5
1900-01-01 15:45:15,7936.5,1038985,7937.0,154298,243713,5314,238399,884687,0.5
1900-01-01 15:45:30,7938.0,1534939,7938.5,28852,156522,12010,144512,1506087,0.5
1900-01-01 15:45:45,7940.0,1473833,7940.5,57459,59130,4316,54814,1416374,0.5
1900-01-01 15:46:00,7947.5,368960,7948.0,315848,192124,22775,169349,53112,0.5
1900-01-01 15:46:15,7945.5,119291,7946.0,557237,151595,310028,-158433,-437946,0.5
1900-01-01 15:46:30,7944.0,576590,7944.5,171547,2000,185299,-183299,405043,0.5
1900-01-01 15:46:45,7944.0,707391,7944.5,170437,36527,52242,-15715,536954,0.5
1900-01-01 15:47:00,7945.0,610561,7945.5,43957,136101,30477,105624,566604,0.5
1900-01-01 15:47:15,7949.5,383248,7950.0,908291,188436,20678,167758,-525043,0.5
1900-01-01 15:47:30,7949.5,516923,7950.0,807102,15704,15000,704,-290179,0.5
1900-01-01 15:47:45,7949.5,789171,7950.0,682615,20002,47999,-27997,106556,0.5
1900-01-01 15:48:00,7949.5,1073155,7950.0,95410,110004,18662,91342,977745,0.5
1900-01-01 15:48:15,7949.5,352280,7950.0,531594,320189,43841,276348,-179314,0.5
1900-01-01 15:48:30,7949.5,401958,7950.0,591505,11800,17002,-5202,-189547,0.5
1900-01-01 15:48:45,7950.5,1101157,7951.0,10217,155807,76290,79517,1090940,0.5
1900-01-01 15:49:00,7952.5,982554,7953.0,40838,137130,388,136742,941716,0.5
1900-01-01 15:49:15,7960.0,2377819,7960.5,3633,350225,63320,286905,2374186,0.5
1900-01-01 15:49:30,7962.5,1149657,7963.0,268417,366416,41776,324640,881240,0.5
1900-01-01 15:49:45,7962.5,559078,7963.0,609007,74334,22648,51686,-49929,0.5
1900-01-01 15:50:00,7964.5,518664,7965.0,244090,424937,471526,-46589,274574,0.5
1900-01-01 15:50:15,7964.5,836450,7965.0,201108,169093,79406,89687,635342,0.5
1900-01-01 15:50:30,7964.5,592924,7965.0,149074,31769,183121,-151352,443850,0.5
1900-01-01 15:50:45,7965.5,1240738,7966.0,23677,56309,251785,-195476,1217061,0.5
1900-01-01 15:51:00,7967.0,1577419,7967.5,99487,35974,168153,-132179,1477932,0.5
1900-01-01 15:51:15,7969.0,2500116,7969.5,9756,305820,20512,285308,2490360,0.5
1900-01-01 15:51:30,7981.5,18318,7982.0,314626,1869685,38604,1831081,-296308,0.5
1900-01-01 15:51:45,7984.0,632165,7984.5,410583,917444,466120,451324,221582,0.5
1900-01-01 15:52:00,7982.0,80480,7982.5,23326,409074,1209721,-800647,57154,0.5
1900-01-01 15:52:15,7978.5,762195,7979.0,388450,135945,315703,-179758,373745,0.5
1900-01-01 15:52:30,7978.5,1477356,7979.0,10208,25786,181750,-155964,1467148,0.5
1900-01-01 15:52:45,7982.5,986607,7983.0,306847,218304,126200,92104,679760,0.5
1900-01-01 15:53:00,7984.0,624813,7984.5,46623,184704,16789,167915,578190,0.5
1900-01-01 15:53:15,7984.5,1774089,7985.0,1625637,857708,83008,774700,148452,0.5
1900-01-01 15:53:30,7988.5,231864,7989.0,191772,2360212,96882,2263330,40092,0.5
1900-01-01 15:53:45,7993.5,1,7994.0,92627,1417750,181183,1236567,-92626,0.5
1900-01-01 15:54:00,7992.0,718741,7992.5,493907,360056,490962,-130906,224834,0.5
1900-01-01 15:54:15,7992.0,339515,7992.5,240326,184677,103895,80782,99189,0.5
1900-01-01 15:54:30,7992.0,2338516,7992.5,229925,254004,430474,-176470,2108591,0.5
1900-01-01 15:54:45,7996.5,261369,7997.0,270667,273051,57657,215394,-9298,0.5
1900-01-01 15:55:00,7996.5,1206658,7997.0,117746,255022,322981,-67959,1088912,0.5
1900-01-01 15:55:15,7998.0,839101,7998.5,167326,335936,49440,286496,671775,0.5
1900-01-01 15:55:30,8004.5,341579,8005.0,61846,4773403,72963,4700440,279733,0.5
1900-01-01 15:55:45,8013.5,20000,8015.0,86494,1744324,79268,1665056,-66494,1.5
1900-01-01 15:56:00,8005.0,91010,8005.5,822831,1484830,257077,1227753,-731821,0.5
1900-01-01 15:56:15,8000.0,622744,8000.5,317467,87358,496819,-409461,305277,0.5
1900-01-01 15:56:30,8002.0,312641,8002.5,9605,204464,557474,-353010,303036,0.5
1900-01-01 15:56:45,7998.5,49611,7999.0,1007973,122300,321162,-198862,-958362,0.5
1900-01-01 15:57:00,7996.0,336121,7996.5,6909,177803,524435,-346632,329212,0.5
1900-01-01 15:57:15,7993.5,152508,7994.0,727055,98378,242252,-143874,-574547,0.5
1900-01-01 15:57:30,7993.5,599554,7994.0,918861,107818,156183,-48365,-319307,0.5
1900-01-01 15:57:45,7993.5,192904,7994.0,1068748,108780,374563,-265783,-875844,0.5
1900-01-01 15:58:00,7998.0,18650,7999.0,18453,221422,189102,32320,197,1.0
1900-01-01 15:58:15,8001.5,1042060,8002.0,26221,1923071,97476,1825595,1015839,0.5
1900-01-01 15:58:30,7996.0,17975,7996.5,558361,204303,328964,-124661,-540386,0.5
1900-01-01 15:58:45,8000.5,62000,8001.0,23113,129981,69718,60263,38887,0.5
1900-01-01 15:59:00,7995.5,12033,7996.0,1726147,44826,226490,-181664,-1714114,0.5
1900-01-01 15:59:15,7995.0,565606,7995.5,324739,28870,144587,-115717,240867,0.5
1900-01-01 15:59:30,7995.0,227619,7995.5,583335,54373,60272,-5899,-355716,0.5
1900-01-01 15:59:45,7995.0,1186376,7995.5,95152,77298,49019,28279,1091224,0.5
1900-01-01 16:00:00,7996.5,521247,7997.0,154235,130921,8577,122344,367012,0.5
1900-01-01 16:00:15,7993.0,47817,7993.5,1268249,277224,689026,-411802,-1220432,0.5
1900-01-01 16:00:30,7990.0,93716,7990.5,1097253,101631,322095,-220464,-1003537,0.5
1900-01-01 16:00:45,7989.5,11860,7990.0,120833,105766,273630,-167864,-108973,0.5
1900-01-01 16:01:00,7976.5,56081,7977.0,1575109,70173,885024,-814851,-1519028,0.5
1900-01-01 16:01:15,7982.5,64136,7983.0,32334,304566,368373,-63807,31802,0.5
1900-01-01 16:01:30,7977.0,535302,7977.5,33865,71948,171364,-99416,501437,0.5
1900-01-01 16:01:45,7983.0,621666,7983.5,355625,101513,72583,28930,266041,0.5
1900-01-01 16:02:00,7985.5,823598,7986.0,29949,175559,43804,131755,793649,0.5
1900-01-01 16:02:15,7986.5,650518,7987.0,904813,393716,207738,185978,-254295,0.5
1900-01-01 16:02:30,7985.5,12304,7986.0,857317,56060,395835,-339775,-845013,0.5
1900-01-01 16:02:45,7975.5,547532,7976.0,163528,40018,476643,-436625,384004,0.5
1900-01-01 16:03:00,7978.5,823938,7979.0,58748,201638,74332,127306,765190,0.5
1900-01-01 16:03:15,7982.0,640588,7982.5,153811,66975,55830,11145,486777,0.5
1900-01-01 16:03:30,7984.0,525540,7984.5,512004,375495,13628,361867,13536,0.5
1900-01-01 16:03:45,7984.0,471132,7984.5,534122,42977,20222,22755,-62990,0.5
1900-01-01 16:04:00,7984.0,122223,7984.5,1341066,39850,109857,-70007,-1218843,0.5
1900-01-01 16:04:15,7979.0,481697,7979.5,435086,34900,1187930,-1153030,46611,0.5
1900-01-01 16:04:30,7979.0,316274,7979.5,495960,22712,186912,-164200,-179686,0.5
1900-01-01 16:04:45,7980.5,523179,7981.0,8859,172233,36000,136233,514320,0.5
1900-01-01 16:05:00,7987.0,84990,7987.5,29638,462268,11779,450489,55352,0.5
1900-01-01 16:05:15,7979.0,290399,7979.5,1496845,112012,42175,69837,-1206446,0.5
1900-01-01 16:05:30,7979.0,652835,7979.5,1162541,34166,46982,-12816,-509706,0.5
1900-01-01 16:05:45,7977.0,170848,7977.5,562052,485107,54092,431015,-391204,0.5
1900-01-01 16:06:00,7977.0,53763,7977.5,1449188,12333,274065,-261732,-1395425,0.5
1900-01-01 16:06:15,7971.0,191986,7971.5,823790,42857,78321,-35464,-631804,0.5
1900-01-01 16:06:30,7962.0,208418,7962.5,71895,47641,1181415,-1133774,136523,0.5
1900-01-01 16:06:45,7965.5,427640,7966.0,241204,114364,303361,-188997,186436,0.5
1900-01-01 16:07:00,7967.5,391939,7968.0,164258,217971,31382,186589,227681,0.5
1900-01-01 16:07:15,7970.0,346447,7970.5,554841,120093,5804,114289,-208394,0.5
1900-01-01 16:07:30,7970.0,287332,7970.5,745099,187239,240047,-52808,-457767,0.5
1900-01-01 16:07:45,7970.0,270121,7970.5,675994,15600,157055,-141455,-405873,0.5
1900-01-01 16:08:00,7970.0,118548,7970.5,608409,58452,92834,-34382,-489861,0.5
1900-01-01 16:08:15,7970.0,361819,7970.5,733836,42609,26344,16265,-372017,0.5
1900-01-01 16:08:30,7972.0,573971,7972.5,29087,116783,94467,22316,544884,0.5
1900-01-01 16:08:45,7973.5,225148,7974.0,294962,171947,19892,152055,-69814,0.5
1900-01-01 16:09:00,7973.5,657790,7974.0,330443,79328,3842,75486,327347,0.5
1900-01-01 16:09:15,7973.5,662422,7974.0,303971,47070,11402,35668,358451,0.5
1900-01-01 16:09:30,7973.5,814336,7974.0,308076,35754,23600,12154,506260,0.5
1900-01-01 16:09:45,7973.5,1132341,7974.0,150959,244056,3114,240942,981382,0.5
1900-01-01 16:10:00,7976.0,939094,7976.5,5052,191909,427,191482,934042,0.5
1900-01-01 16:10:15,7976.5,599532,7977.0,834771,216699,21288,195411,-235239,0.5
1900-01-01 16:10:30,7976.5,880095,7977.0,642877,245901,58862,187039,237218,0.5
1900-01-01 16:10:45,7976.5,1025393,7977.0,478455,170061,58862,111199,546938,0.5
1900-01-01 16:11:00,7977.0,643583,7978.5,50662,432256,4192,428064,592921,1.5
1900-01-01 16:11:15,7978.5,1135741,7979.0,413644,192761,4182,188579,722097,0.5
1900-01-01 16:11:30,7981.5,1400080,7982.0,547430,474106,13681,460425,852650,0.5
1900-01-01 16:11:45,7977.5,91993,7978.0,1216813,111099,258512,-147413,-1124820,0.5
1900-01-01 16:12:00,7977.5,190082,7978.0,1784859,161930,181528,-19598,-1594777,0.5
1900-01-01 16:12:15,7977.5,216916,7978.0,2034181,9988,139950,-129962,-1817265,0.5
1900-01-01 16:12:30,7977.0,83230,7977.5,1663805,38850,84270,-45420,-1580575,0.5
1900-01-01 16:12:45,7976.0,181768,7976.5,867265,33470,91674,-58204,-685497,0.5
1900-01-01 16:13:00,7970.0,112258,7970.5,905368,6646,252321,-245675,-793110,0.5
1900-01-01 16:13:15,7970.0,57448,7970.5,991868,2270,127081,-124811,-934420,0.5
1900-01-01 16:13:30,7970.0,512028,7970.5,682907,95426,36170,59256,-170879,0.5
1900-01-01 16:13:45,7970.0,766862,7970.5,825846,25448,63122,-37674,-58984,0.5
1900-01-01 16:14:00,7970.0,679538,7970.5,823983,4815,201240,-196425,-144445,0.5
1900-01-01 16:14:15,7970.0,48250,7970.5,829840,13000,71188,-58188,-781590,0.5
1900-01-01 16:14:30,7970.0,96732,7970.5,1195169,19808,509573,-489765,-1098437,0.5
1900-01-01 16:14:45,7967.5,104914,7968.0,1375904,3840,150403,-146563,-1270990,0.5
1900-01-01 16:15:00,7961.0,6753,7961.5,1670137,40570,259972,-219402,-1663384,0.5
1900-01-01 16:15:15,7943.0,5203,7943.5,20037,59226,961627,-902401,-14834,0.5
1900-01-01 16:15:30,7942.0,556777,7942.5,63106,246959,399663,-152704,493671,0.5
1900-01-01 16:15:45,7944.5,287990,7945.0,478390,431808,179601,252207,-190400,0.5
1900-01-01 16:16:00,7944.5,633170,7945.0,562102,182292,59654,122638,71068,0.5
1900-01-01 16:16:15,7947.5,595762,7948.0,115977,415715,22111,393604,479785,0.5
1900-01-01 16:16:30,7945.0,9249,7945.5,563131,177451,73262,104189,-553882,0.5
1900-01-01 16:16:45,7943.5,154707,7944.0,1102421,102642,207284,-104642,-947714,0.5
1900-01-01 16:17:00,7941.0,7476,7941.5,1157571,10677,1232891,-1222214,-1150095,0.5
1900-01-01 16:17:15,7936.5,423616,7937.0,506420,44980,739893,-694913,-82804,0.5
1900-01-01 16:17:30,7944.5,377483,7945.0,701256,313829,80036,233793,-323773,0.5
1900-01-01 16:17:45,7944.5,379540,7945.0,203976,320165,21063,299102,175564,0.5
1900-01-01 16:18:00,7945.0,450172,7945.5,143807,73894,24870,49024,306365,0.5
1900-01-01 16:18:15,7948.0,280970,7948.5,89307,169193,160132,9061,191663,0.5
1900-01-01 16:18:30,7948.5,299359,7949.0,12267,194375,32224,162151,287092,0.5
1900-01-01 16:18:45,7947.5,45560,7948.0,1390999,125157,37511,87646,-1345439,0.5
1900-01-01 16:19:00,7947.5,361012,7948.0,427783,17175,109518,-92343,-66771,0.5
1900-01-01 16:19:15,7945.5,26678,7946.0,110956,88579,96890,-8311,-84278,0.5
1900-01-01 16:19:30,7945.5,343179,7946.0,535430,12157,20690,-8533,-192251,0.5
1900-01-01 16:19:45,7945.5,734323,7946.0,273136,182329,54900,127429,461187,0.5
1900-01-01 16:20:00,7945.5,624195,7946.0,936439,140538,534,140004,-312244,0.5
1900-01-01 16:20:15,7945.5,444871,7946.0,863296,23345,5595,17750,-418425,0.5
1900-01-01 16:20:30,7945.5,743541,7946.0,448907,213537,5987,207550,294634,0.5
1900-01-01 16:20:45,7945.5,812924,7946.0,739200,117874,27568,90306,73724,0.5
1900-01-01 16:21:00,7945.5,547781,7946.0,893039,35852,164793,-128941,-345258,0.5
1900-01-01 16:21:15,7945.5,679019,7946.0,513398,190206,18932,171274,165621,0.5
1900-01-01 16:21:30,7942.5,2100,7943.0,296244,18863,350173,-331310,-294144,0.5
1900-01-01 16:21:45,7916.0,6627,7916.5,63880,19199,1110460,-1091261,-57253,0.5
1900-01-01 16:22:00,7912.5,170282,7913.0,116797,428436,1652408,-1223972,53485,0.5
1900-01-01 16:22:15,7919.0,376170,7919.5,1187102,542869,259149,283720,-810932,0.5
1900-01-01 16:22:30,7914.0,73960,7914.5,1237791,352516,465094,-112578,-1163831,0.5
1900-01-01 16:22:45,7913.0,21277,7913.5,1247834,366850,219099,147751,-1226557,0.5
1900-01-01 16:23:00,7912.0,509374,7912.5,1666783,172722,862641,-689919,-1157409,0.5
1900-01-01 16:23:15,7890.0,861007,7890.5,995242,135069,1949299,-1814230,-134235,0.5
1900-01-01 16:23:30,7896.0,428598,7896.5,3116,386777,1250127,-863350,425482,0.5
1900-01-01 16:23:45,7903.5,214360,7904.0,509911,250904,199882,51022,-295551,0.5
1900-01-01 16:24:00,7907.0,819311,7907.5,161822,456706,140991,315715,657489,0.5
1900-01-01 16:24:15,7912.5,86784,7913.0,975251,913160,191070,722090,-888467,0.5
1900-01-01 16:24:30,7914.5,552250,7915.0,105829,241175,129621,111554,446421,0.5
1900-01-01 16:24:45,7914.5,470215,7915.0,221672,227852,40596,187256,248543,0.5
1900-01-01 16:25:00,7914.5,16217,7915.0,859303,320793,55410,265383,-843086,0.5
1900-01-01 16:25:15,7909.5,299580,7910.0,334368,243855,289892,-46037,-34788,0.5
1900-01-01 16:25:30,7909.0,206938,7909.5,1217462,85145,366875,-281730,-1010524,0.5
1900-01-01 16:25:45,7908.5,988660,7909.0,143026,79277,149211,-69934,845634,0.5
1900-01-01 16:26:00,7914.5,1290670,7915.0,36253,287800,27370,260430,1254417,0.5
1900-01-01 16:26:15,7922.0,506340,7922.5,350776,315236,17251,297985,155564,0.5
1900-01-01 16:26:30,7922.5,366203,7923.0,67132,216794,3102,213692,299071,0.5
1900-01-01 16:26:45,7923.0,536899,7923.5,607786,276635,16256,260379,-70887,0.5
1900-01-01 16:27:00,7923.0,578334,7923.5,212923,143893,66216,77677,365411,0.5
1900-01-01 16:27:15,7923.0,721310,7923.5,1270093,32643,213007,-180364,-548783,0.5
1900-01-01 16:27:30,7923.0,646225,7923.5,1132801,262064,152344,109720,-486576,0.5
1900-01-01 16:27:45,7923.0,554309,7923.5,1202985,31296,149831,-118535,-648676,0.5
1900-01-01 16:28:00,7923.0,356192,7923.5,1350747,83454,340395,-256941,-994555,0.5
1900-01-01 16:28:15,7922.0,20896,7922.5,852043,15744,325250,-309506,-831147,0.5
1900-01-01 16:28:30,7922.0,322360,7922.5,482688,11896,67960,-56064,-160328,0.5
1900-01-01 16:28:45,7924.5,1043062,7925.0,195776,281862,27483,254379,847286,0.5
1900-01-01 16:29:00,7925.5,1287217,7926.0,194483,424046,6654,417392,1092734,0.5
1900-01-01 16:29:15,7928.5,616960,7929.0,175866,205955,19296,186659,441094,0.5
1900-01-01 16:29:30,7928.5,628056,7929.0,360013,144884,3489,141395,268043,0.5
1900-01-01 16:29:45,7928.5,271606,7929.0,883099,224131,10426,213705,-611493,0.5
1900-01-01 16:30:00,7928.5,143368,7929.0,1131535,91076,47083,43993,-988167,0.5
1900-01-01 16:30:15,7926.0,10940,7926.5,519655,29085,234403,-205318,-508715,0.5
1900-01-01 16:30:30,7921.0,258598,7921.5,670584,100,95341,-95241,-411986,0.5
1900-01-01 16:30:45,7913.0,22379,7913.5,87653,5496,235655,-230159,-65274,0.5
1900-01-01 16:31:00,7913.5,734333,7914.0,247111,47647,149334,-101687,487222,0.5
1900-01-01 16:31:15,7913.5,55683,7914.0,1333527,40488,50857,-10369,-1277844,0.5
1900-01-01 16:31:30,7906.0,26945,7906.5,2515597,27536,285511,-257975,-2488652,0.5
1900-01-01 16:31:45,7906.0,34026,7906.5,5004,564925,356576,208349,29022,0.5
1900-01-01 16:32:00,7915.0,5724,7915.5,42501,123407,120827,2580,-36777,0.5
1900-01-01 16:32:15,7911.5,703058,7912.0,163150,128120,179208,-51088,539908,0.5
1900-01-01 16:32:30,7913.0,411308,7913.5,147813,40647,131180,-90533,263495,0.5
1900-01-01 16:32:45,7913.0,1009102,7913.5,14136,206416,38764,167652,994966,0.5
1900-01-01 16:33:00,7917.0,499122,7917.5,282573,173066,37816,135250,216549,0.5
1900-01-01 16:33:15,7917.5,839694,7918.0,337341,106526,37110,69416,502353,0.5
1900-01-01 16:33:30,7917.5,1212498,7918.0,34631,514289,12610,501679,1177867,0.5
1900-01-01 16:33:45,7918.5,1221675,7919.0,24147,275308,3326,271982,1197528,0.5
1900-01-01 16:34:00,7922.5,929677,7923.0,10206,428403,272,428131,919471,0.5
1900-01-01 16:34:15,7925.0,83816,7925.5,1062551,64816,32015,32801,-978735,0.5
1900-01-01 16:34:30,7925.0,2539746,7925.5,175259,13068,54105,-41037,2364487,0.5
1900-01-01 16:34:45,7925.5,752255,7926.0,707447,674245,5684,668561,44808,0.5
1900-01-01 16:35:00,7925.5,956172,7926.0,1088177,832054,4604,827450,-132005,0.5
1900-01-01 16:35:15,7925.5,957486,7926.0,398547,1128950,2416,1126534,558939,0.5
1900-01-01 16:35:30,7927.5,728803,7928.0,12176,367545,2400,365145,716627,0.5
1900-01-01 16:35:45,7928.0,277642,7928.5,247586,67173,14326,52847,30056,0.5
1900-01-01 16:36:00,7928.0,401458,7928.5,491245,38875,22668,16207,-89787,0.5
1900-01-01 16:36:15,7928.0,830936,7928.5,286194,90412,14470,75942,544742,0.5
1900-01-01 16:36:30,7928.0,1005580,7928.5,651921,142051,193344,-51293,353659,0.5
1900-01-01 16:36:45,7928.0,833875,7928.5,616416,19844,49514,-29670,217459,0.5
1900-01-01 16:37:00,7928.0,508922,7928.5,575994,67936,25280,42656,-67072,0.5
1900-01-01 16:37:15,7928.0,908250,7928.5,207133,60214,26164,34050,701117,0.5
1900-01-01 16:37:30,7928.0,1088878,7928.5,555928,42500,23546,18954,532950,0.5
1900-01-01 16:37:45,7928.0,1653061,7928.5,170078,89086,15420,73666,1482983,0.5
1900-01-01 16:38:00,7928.0,1466662,7928.5,361432,60524,76988,-16464,1105230,0.5
1900-01-01 16:38:15,7929.5,675079,7930.0,184268,342835,103663,239172,490811,0.5
1900-01-01 16:38:30,7930.0,838742,7930.5,7308,154973,23032,131941,831434,0.5
1900-01-01 16:38:45,7931.0,368907,7931.5,514042,606910,3460,603450,-145135,0.5
1900-01-01 16:39:00,7943.5,641038,7944.0,192394,173106,59965,113141,448644,0.5
1900-01-01 16:39:15,7938.5,1033,7940.0,120698,100730,280307,-179577,-119665,1.5
1900-01-01 16:39:30,7938.0,1073128,7938.5,239354,45576,56265,-10689,833774,0.5
1900-01-01 16:39:45,7938.0,672382,7938.5,209920,28029,90824,-62795,462462,0.5
1900-01-01 16:40:00,7935.0,639476,7935.5,332493,21638,262467,-240829,306983,0.5
1900-01-01 16:40:15,7931.0,17023,7931.5,1322875,55716,751410,-695694,-1305852,0.5
1900-01-01 16:40:30,7929.0,99137,7929.5,648665,37698,150543,-112845,-549528,0.5
1900-01-01 16:40:45,7928.0,34172,7928.5,697141,37698,148366,-110668,-662969,0.5
1900-01-01 16:41:00,7926.0,72770,7926.5,412163,28006,66210,-38204,-339393,0.5
1900-01-01 16:41:15,7926.0,860041,7926.5,219508,30107,102728,-72621,640533,0.5
1900-01-01 16:41:30,7926.0,1280694,7926.5,214920,35840,9608,26232,1065774,0.5
1900-01-01 16:41:45,7926.5,141036,7927.0,340855,53436,784,52652,-199819,0.5
1900-01-01 16:42:00,7926.5,344360,7927.0,290174,280265,1808,278457,54186,0.5
1900-01-01 16:42:15,7926.5,1263696,7927.0,87881,56915,1808,55107,1175815,0.5
1900-01-01 16:42:30,7926.5,524547,7927.0,311306,33640,24320,9320,213241,0.5
1900-01-01 16:42:45,7926.5,806444,7927.0,230959,139187,3590,135597,575485,0.5
1900-01-01 16:43:00,7945.5,81751,7946.0,846211,306996,64979,242017,-764460,0.5
1900-01-01 16:43:15,7940.0,52712,7940.5,477680,48438,139201,-90763,-424968,0.5
1900-01-01 16:43:30,7942.5,378330,7943.0,302296,117765,149839,-32074,76034,0.5
1900-01-01 16:43:45,7946.5,244864,7947.0,51869,406135,43810,362325,192995,0.5
1900-01-01 16:44:00,7962.0,101057,7962.5,90429,466145,32689,433456,10628,0.5
1900-01-01 16:44:15,7949.5,688663,7950.0,836721,483226,120376,362850,-148058,0.5
1900-01-01 16:44:30,7949.5,465343,7950.0,482141,279629,311107,-31478,-16798,0.5
1900-01-01 16:44:45,7949.5,560465,7950.0,315814,115849,41535,74314,244651,0.5
1900-01-01 16:45:00,7953.0,637991,7953.5,64149,152584,16134,136450,573842,0.5
1900-01-01 16:45:15,7953.0,760441,7953.5,21823,63470,2220,61250,738618,0.5
1900-01-01 16:45:30,7955.0,498391,7955.5,49524,117028,36554,80474,448867,0.5
1900-01-01 16:45:45,7955.0,756898,7955.5,43989,45866,9216,36650,712909,0.5
1900-01-01 16:46:00,7957.0,392001,7957.5,190153,66242,28894,37348,201848,0.5
1900-01-01 16:46:15,7959.5,316454,7960.0,103113,30322,70637,-40315,213341,0.5
1900-01-01 16:46:30,7959.5,232434,7960.0,406208,52898,49717,3181,-173774,0.5
1900-01-01 16:46:45,7959.5,445174,7960.0,559888,21865,19430,2435,-114714,0.5
1900-01-01 16:47:00,7959.5,835848,7960.0,351270,201114,11300,189814,484578,0.5
1900-01-01 16:47:15,7960.0,1161869,7960.5,44487,252840,33068,219772,1117382,0.5
1900-01-01 16:47:30,7960.5,1257081,7961.0,13271,70295,29402,40893,1243810,0.5
1900-01-01 16:47:45,7950.5,330212,7951.0,817505,228437,393789,-165352,-487293,0.5
1900-01-01 16:48:00,7948.0,3921,7948.5,728778,26956,186216,-159260,-724857,0.5
1900-01-01 16:48:15,7934.5,22132,7935.0,91869,7078,422579,-415501,-69737,0.5
1900-01-01 16:48:30,7934.5,713892,7935.0,294951,88563,71635,16928,418941,0.5
1900-01-01 16:48:45,7941.5,171094,7942.0,707788,135047,130193,4854,-536694,0.5
1900-01-01 16:49:00,7938.0,58586,7938.5,807542,83154,100717,-17563,-748956,0.5
1900-01-01 16:49:15,7937.5,23646,7938.0,791444,28018,59489,-31471,-767798,0.5
1900-01-01 16:49:30,7937.5,857401,7938.0,285678,5625,21074,-15449,571723,0.5
1900-01-01 16:49:45,7939.0,585420,7939.5,3308,319868,17600,302268,582112,0.5
1900-01-01 16:50:00,7943.0,499518,7943.5,468978,39908,8482,31426,30540,0.5
1900-01-01 16:50:15,7945.5,920686,7946.0,336881,95865,20119,75746,583805,0.5
1900-01-01 16:50:30,7945.5,684454,7946.0,98065,112100,12554,99546,586389,0.5
1900-01-01 16:50:45,7945.5,613615,7946.0,63265,34989,18900,16089,550350,0.5
1900-01-01 16:51:00,7945.5,594606,7946.0,73205,6032,7196,-1164,521401,0.5
1900-01-01 16:51:15,7945.5,64181,7946.0,671248,20643,10688,9955,-607067,0.5
1900-01-01 16:51:30,7945.5,77213,7946.0,676718,8078,103076,-94998,-599505,0.5
1900-01-01 16:51:45,7945.0,7322,7945.5,563870,67480,42478,25002,-556548,0.5
1900-01-01 16:52:00,7940.0,516230,7940.5,480346,29237,106865,-77628,35884,0.5
1900-01-01 16:52:15,7938.0,5516,7938.5,961155,74500,267562,-193062,-955639,0.5
1900-01-01 16:52:30,7936.5,692529,7937.0,354069,82041,62182,19859,338460,0.5
1900-01-01 16:52:45,7936.5,797291,7937.0,264301,29105,56000,-26895,532990,0.5
1900-01-01 16:53:00,7936.5,151982,7937.0,1050121,27132,14830,12302,-898139,0.5
1900-01-01 16:53:15,7936.5,872807,7937.0,280728,174903,29615,145288,592079,0.5
1900-01-01 16:53:30,7936.5,627775,7937.0,590574,18571,11775,6796,37201,0.5
1900-01-01 16:53:45,7939.0,592864,7939.5,12146,381487,17835,363652,580718,0.5
1900-01-01 16:54:00,7944.5,274042,7945.0,970642,39459,4974,34485,-696600,0.5
1900-01-01 16:54:15,7944.5,59950,7945.0,1634434,409148,121646,287502,-1574484,0.5
1900-01-01 16:54:30,7943.5,483547,7944.0,793947,61700,82702,-21002,-310400,0.5
1900-01-01 16:54:45,7943.5,3955,7944.0,1213180,6898,28570,-21672,-1209225,0.5
1900-01-01 16:55:00,7940.5,726472,7941.0,155592,11945,28669,-16724,570880,0.5
1900-01-01 16:55:15,7940.0,22484,7940.5,1558073,11831,48980,-37149,-1535589,0.5
1900-01-01 16:55:30,7936.5,151986,7937.0,980497,25242,25073,169,-828511,0.5
1900-01-01 16:55:45,7936.0,229181,7936.5,829319,16200,83478,-67278,-600138,0.5
1900-01-01 16:56:00,7930.0,65492,7930.5,596486,810,237091,-236281,-530994,0.5
1900-01-01 16:56:15,7920.0,633859,7920.5,199423,56926,358050,-301124,434436,0.5
1900-01-01 16:56:30,7927.5,121439,7928.0,186432,99633,98517,1116,-64993,0.5
1900-01-01 16:56:45,7925.5,63403,7926.0,864601,82590,142538,-59948,-801198,0.5
1900-01-01 16:57:00,7924.0,1043842,7924.5,447481,125291,329958,-204667,596361,0.5
1900-01-01 16:57:15,7925.0,1424617,7925.5,169990,420202,5068,415134,1254627,0.5
1900-01-01 16:57:30,7927.5,844492,7928.0,20664,320695,888,319807,823828,0.5
1900-01-01 16:57:45,7927.5,936221,7928.0,92103,153897,14897,139000,844118,0.5
1900-01-01 16:58:00,7931.5,37905,7932.0,670421,108882,4108,104774,-632516,0.5
1900-01-01 16:58:15,7929.5,787681,7930.0,109353,137158,26747,110411,678328,0.5
1900-01-01 16:58:30,7937.0,585862,7937.5,639619,124203,2826,121377,-53757,0.5
1900-01-01 16:58:45,7937.5,821147,7938.0,19105,133869,40550,93319,802042,0.5
1900-01-01 16:59:00,7941.5,234288,7942.0,588627,421163,20600,400563,-354339,0.5
1900-01-01 16:59:15,7941.5,580780,7942.0,247091,18566,19721,-1155,333689,0.5
1900-01-01 16:59:30,7942.5,235689,7943.0,725106,268333,9506,258827,-489417,0.5
1900-01-01 16:59:45,7942.5,302785,7943.0,458097,437756,7480,430276,-155312,0.5
1900-01-01 17:00:00,7942.5,546615,7943.0,97724,341298,277006,64292,448891,0.5
1900-01-01 17:00:15,7942.5,551357,7943.0,10315,18375,15235,3140,541042,0.5
1900-01-01 17:00:30,7943.0,687881,7943.5,67198,16191,388,15803,620683,0.5
1900-01-01 17:00:45,7943.0,749793,7943.5,177281,4270,5712,-1442,572512,0.5
1900-01-01 17:01:00,7943.0,692111,7943.5,679216,27720,5720,22000,12895,0.5
1900-01-01 17:01:15,7943.0,138006,7943.5,906454,33441,30038,3403,-768448,0.5
1900-01-01 17:01:30,7938.0,1406,7938.5,581368,143041,529631,-386590,-579962,0.5
1900-01-01 17:01:45,7935.0,61410,7935.5,744657,3728,193914,-190186,-683247,0.5
1900-01-01 17:02:00,7931.5,64452,7932.0,525185,13060,40948,-27888,-460733,0.5
1900-01-01 17:02:15,7938.5,545204,7939.0,55877,71858,31327,40531,489327,0.5
1900-01-01 17:02:30,7938.5,287677,7939.0,479779,125613,26810,98803,-192102,0.5
1900-01-01 17:02:45,7938.5,63741,7939.0,573198,59516,70777,-11261,-509457,0.5
1900-01-01 17:03:00,7938.5,1048568,7939.0,119989,96690,532543,-435853,928579,0.5
1900-01-01 17:03:15,7939.0,592076,7939.5,14817,35372,254992,-219620,577259,0.5
1900-01-01 17:03:30,7941.0,480703,7941.5,142776,161504,37750,123754,337927,0.5
1900-01-01 17:03:45,7941.0,567507,7941.5,69991,32854,2550,30304,497516,0.5
1900-01-01 17:04:00,7941.0,781421,7941.5,69873,18469,18000,469,711548,0.5
1900-01-01 17:04:15,7942.5,49278,7943.0,11200,21002,5000,16002,38078,0.5
1900-01-01 17:04:30,7945.5,650907,7946.0,11595,70475,3408,67067,639312,0.5
1900-01-01 17:04:45,7953.0,403264,7953.5,287509,689214,10790,678424,115755,0.5
1900-01-01 17:05:00,7953.0,577655,7953.5,141706,192023,4272,187751,435949,0.5
1900-01-01 17:05:15,7955.0,940321,7955.5,9587,319629,31189,288440,930734,0.5
1900-01-01 17:05:30,7958.5,349326,7959.0,43222,144226,44810,99416,306104,0.5
1900-01-01 17:05:45,7955.5,269461,7956.0,237930,57453,218686,-161233,31531,0.5
1900-01-01 17:06:00,7955.5,232369,7956.0,440681,110582,33817,76765,-208312,0.5
1900-01-01 17:06:15,7954.0,207358,7954.5,277505,15754,60035,-44281,-70147,0.5
1900-01-01 17:06:30,7953.0,14895,7953.5,551717,6014,26035,-20021,-536822,0.5
1900-01-01 17:06:45,7950.0,145945,7950.5,605114,46921,151980,-105059,-459169,0.5
1900-01-01 17:07:00,7945.0,35889,7945.5,548797,88631,520188,-431557,-512908,0.5
1900-01-01 17:07:15,7944.0,504402,7944.5,653729,40802,37945,2857,-149327,0.5
1900-01-01 17:07:30,7944.0,2358,7944.5,738562,75154,14741,60413,-736204,0.5
1900-01-01 17:07:45,7944.0,2066305,7944.5,35178,119521,2484,117037,2031127,0.5
1900-01-01 17:08:00,7949.5,459295,7950.0,43452,654679,4100,650579,415843,0.5
1900-01-01 17:08:15,7951.5,871277,7952.0,142459,151378,694,150684,728818,0.5
1900-01-01 17:08:30,7952.0,548676,7952.5,338214,149209,44608,104601,210462,0.5
1900-01-01 17:08:45,7954.5,874514,7955.0,182772,250202,9500,240702,691742,0.5
1900-01-01 17:09:00,7957.0,548883,7957.5,155217,207310,7404,199906,393666,0.5
1900-01-01 17:09:15,7957.0,412727,7957.5,390417,43888,53814,-9926,22310,0.5
1900-01-01 17:09:30,7957.0,466714,7957.5,599077,11306,15058,-3752,-132363,0.5
1900-01-01 17:09:45,7957.0,97832,7957.5,518821,64485,93386,-28901,-420989,0.5
1900-01-01 17:10:00,7957.0,65399,7957.5,588930,21875,156988,-135113,-523531,0.5
1900-01-01 17:10:15,7955.0,62601,7955.5,638122,29728,17616,12112,-575521,0.5
1900-01-01 17:10:30,7955.0,838420,7955.5,558486,16134,82623,-66489,279934,0.5
1900-01-01 17:10:45,7955.0,637469,7955.5,315694,445809,106834,338975,321775,0.5
1900-01-01 17:11:00,7955.0,678822,7955.5,392555,22836,5120,17716,286267,0.5
1900-01-01 17:11:15,7955.0,826276,7955.5,666336,31664,18255,13409,159940,0.5
1900-01-01 17:11:30,7955.0,853602,7955.5,528706,53291,20068,33223,324896,0.5
1900-01-01 17:11:45,7955.0,780823,7955.5,398202,24268,6002,18266,382621,0.5
1900-01-01 17:12:00,7957.5,637351,7958.0,136498,165091,19666,145425,500853,0.5
1900-01-01 17:12:15,7957.5,701504,7958.0,266968,107595,37214,70381,434536,0.5
1900-01-01 17:12:30,7957.5,850282,7958.0,123596,124795,16468,108327,726686,0.5
1900-01-01 17:12:45,7957.5,902424,7958.0,138111,108212,42023,66189,764313,0.5
1900-01-01 17:13:00,7957.5,1031572,7958.0,44928,203738,3128,200610,986644,0.5
1900-01-01 17:13:15,7959.5,914705,7960.0,68571,90032,4118,85914,846134,0.5
1900-01-01 17:13:30,7960.0,1200099,7960.5,88975,123451,46508,76943,1111124,0.5
1900-01-01 17:13:45,7962.0,767741,7962.5,256781,108096,15365,92731,510960,0.5
1900-01-01 17:14:00,7961.0,60252,7961.5,504284,347974,123527,224447,-444032,0.5
1900-01-01 17:14:15,7955.5,215615,7956.0,214234,240924,275666,-34742,1381,0.5
1900-01-01 17:14:30,7953.5,1476,7954.0,56234,53320,344554,-291234,-54758,0.5
1900-01-01 17:14:45,7948.0,167230,7948.5,550,235657,176007,59650,166680,0.5
1900-01-01 17:15:00,7952.5,748760,7953.0,4702,32167,4602,27565,744058,0.5
1900-01-01 17:15:15,7963.0,99737,7963.5,363302,65802,22606,43196,-263565,0.5
1900-01-01 17:15:30,7960.5,477146,7961.0,893808,25305,16180,9125,-416662,0.5
1900-01-01 17:15:45,7954.5,3849,7955.0,535149,724,37332,-36608,-531300,0.5
1900-01-01 17:16:00,7954.5,1002323,7955.0,216971,43124,27864,15260,785352,0.5
1900-01-01 17:16:15,7954.5,801045,7955.0,156370,110430,92,110338,644675,0.5
1900-01-01 17:16:30,7954.5,264483,7955.0,671976,9337,19039,-9702,-407493,0.5
1900-01-01 17:16:45,7954.5,895350,7955.0,188813,21159,25974,-4815,706537,0.5
1900-01-01 17:17:00,7954.5,459254,7955.0,639868,27554,14202,13352,-180614,0.5
1900-01-01 17:17:15,7954.5,1184779,7955.0,82428,85838,12854,72984,1102351,0.5
1900-01-01 17:17:30,7958.0,1301392,7958.5,46,27237,280,26957,1301346,0.5
1900-01-01 17:17:45,7959.5,684582,7960.0,592566,20524,31030,-10506,92016,0.5
1900-01-01 17:18:00,7959.5,1293653,7960.0,279771,12794,6420,6374,1013882,0.5
1900-01-01 17:18:15,7962.5,624817,7963.0,694671,57720,6562,51158,-69854,0.5
1900-01-01 17:18:30,7962.5,529438,7963.0,530369,23402,10000,13402,-931,0.5
1900-01-01 17:18:45,7962.5,547953,7963.0,557726,1530537,7810,1522727,-9773,0.5
1900-01-01 17:19:00,7962.5,819266,7963.0,320766,161938,141998,19940,498500,0.5
1900-01-01 17:19:15,7957.5,5198,7958.0,807775,161938,76883,85055,-802577,0.5
1900-01-01 17:19:30,7957.5,1998807,7958.0,428,174577,78119,96458,1998379,0.5
1900-01-01 17:19:45,7959.0,582820,7959.5,182583,23331,17883,5448,400237,0.5
1900-01-01 17:20:00,7963.0,298827,7963.5,202906,13223,12640,583,95921,0.5
1900-01-01 17:20:15,7963.5,756942,7964.0,83189,304594,10601,293993,673753,0.5
1900-01-01 17:20:30,7963.5,880247,7964.0,43737,75102,13400,61702,836510,0.5
1900-01-01 17:20:45,7964.5,949832,7965.0,419511,67951,6016,61935,530321,0.5
1900-01-01 17:21:00,7964.5,654482,7965.0,566728,94777,3860,90917,87754,0.5
1900-01-01 17:21:15,7964.5,284192,7965.0,717149,53252,108400,-55148,-432957,0.5
1900-01-01 17:21:30,7964.5,791048,7965.0,721191,41650,96725,-55075,69857,0.5
1900-01-01 17:21:45,7968.0,719378,7968.5,10302,31175,10704,20471,709076,0.5
1900-01-01 17:22:00,7976.5,597693,7977.0,648522,342828,7430,335398,-50829,0.5
1900-01-01 17:22:15,7972.0,770108,7972.5,261056,361446,245067,116379,509052,0.5
1900-01-01 17:22:30,7974.5,752826,7975.0,658,1337602,103198,1234404,752168,0.5
1900-01-01 17:22:45,7979.5,43840,7980.0,546461,222557,20070,202487,-502621,0.5
1900-01-01 17:23:00,7979.5,94116,7980.0,747473,152540,178932,-26392,-653357,0.5
1900-01-01 17:23:15,7977.0,1170192,7977.5,292396,8590,46187,-37597,877796,0.5
1900-01-01 17:23:30,7977.0,1209044,7977.5,156831,19001,788,18213,1052213,0.5
1900-01-01 17:32:15,7990.5,436742,7991.0,212151,8400,18042,-9642,224591,0.5
1900-01-01 17:32:30,7990.5,184145,7991.0,664211,16561,74716,-58155,-480066,0.5
1900-01-01 17:32:45,7988.5,85786,7989.0,353191,1109,160595,-159486,-267405,0.5
1900-01-01 17:33:00,7988.0,42761,7988.5,404739,25546,500606,-475060,-361978,0.5
1900-01-01 17:33:15,7988.0,938338,7988.5,931582,8234,211502,-203268,6756,0.5
1900-01-01 17:33:30,7988.0,162172,7988.5,987387,18294,421000,-402706,-825215,0.5
1900-01-01 17:33:45,7988.0,203700,7988.5,1678250,11492,370253,-358761,-1474550,0.5
1900-01-01 17:34:00,7986.5,445995,7987.0,922100,11712,353208,-341496,-476105,0.5
1900-01-01 17:34:15,7986.5,222439,7987.0,1097333,40,294415,-294375,-874894,0.5
1900-01-01 17:34:30,7985.5,26352,7986.0,790153,105886,649292,-543406,-763801,0.5
1900-01-01 17:34:45,7983.0,723381,7983.5,511914,47664,160071,-112407,211467,0.5
1900-01-01 17:35:00,7984.0,1277619,7984.5,22187,9390,77383,-67993,1255432,0.5
1900-01-01 17:35:15,7990.5,1037772,7991.0,4772,103063,40746,62317,1033000,0.5
1900-01-01 17:35:30,7994.5,855646,7995.0,24669,204498,59156,145342,830977,0.5
1900-01-01 17:35:45,7995.0,586305,7995.5,2131,115937,27760,88177,584174,0.5
1900-01-01 17:36:00,7997.5,370977,7998.0,386575,194610,181004,13606,-15598,0.5
1900-01-01 17:36:15,7997.5,525333,7998.0,681504,24547,24859,-312,-156171,0.5
1900-01-01 17:36:30,7997.5,920809,7998.0,274478,53089,122492,-69403,646331,0.5
1900-01-01 17:36:45,8006.5,38212,8007.0,181098,395033,54332,340701,-142886,0.5
1900-01-01 17:37:00,8007.5,589491,8008.0,259601,794917,291770,503147,329890,0.5
1900-01-01 17:37:15,8012.5,478037,8013.0,300244,892007,175307,716700,177793,0.5
1900-01-01 17:37:30,8010.0,554942,8010.5,59929,405351,253981,151370,495013,0.5
1900-01-01 17:37:45,8010.0,248207,8010.5,337971,58440,47257,11183,-89764,0.5
1900-01-01 17:38:00,8010.0,541369,8010.5,205513,128311,81972,46339,335856,0.5
1900-01-01 17:38:15,8015.0,20305,8015.5,238,392301,95482,296819,20067,0.5
1900-01-01 17:38:30,8019.5,1488925,8020.0,925441,1957406,29623,1927783,563484,0.5
1900-01-01 17:38:45,8013.0,18283,8013.5,1233727,511762,351841,159921,-1215444,0.5
1900-01-01 17:39:00,8013.5,1159968,8014.0,51764,302639,478838,-176199,1108204,0.5
1900-01-01 17:39:15,8016.5,902063,8017.0,172971,257591,64498,193093,729092,0.5
1900-01-01 17:39:30,8018.5,227283,8019.0,725260,289298,79662,209636,-497977,0.5
1900-01-01 17:39:45,8018.5,208417,8019.0,616409,240853,177252,63601,-407992,0.5
1900-01-01 17:40:00,8018.5,74408,8019.0,947751,546916,223787,323129,-873343,0.5
1900-01-01 17:40:15,8017.5,822783,8018.0,701675,140012,193386,-53374,121108,0.5
1900-01-01 17:40:30,8017.5,511959,8018.0,295644,92152,163880,-71728,216315,0.5
1900-01-01 17:40:45,8017.5,268790,8018.0,1030545,17066,220161,-203095,-761755,0.5
1900-01-01 17:41:00,8017.5,190286,8018.0,1675594,57614,140843,-83229,-1485308,0.5
1900-01-01 17:41:15,8016.5,116482,8017.0,1054117,11302,272883,-261581,-937635,0.5
1900-01-01 17:41:30,8015.5,812085,8016.0,395517,22926,172937,-150011,416568,0.5
1900-01-01 17:41:45,8015.5,889953,8016.0,349612,50355,1066518,-1016163,540341,0.5
1900-01-01 17:42:00,8015.5,559867,8016.0,914856,39447,331066,-291619,-354989,0.5
1900-01-01 17:42:15,8015.5,811180,8016.0,807636,12943,259375,-246432,3544,0.5
1900-01-01 17:42:30,8015.5,1142612,8016.0,2117961,2407,248222,-245815,-975349,0.5
1900-01-01 17:42:45,8014.5,1152338,8015.0,558517,69901,167264,-97363,593821,0.5
1900-01-01 17:43:00,8014.5,1056258,8015.0,644249,19774,385396,-365622,412009,0.5
1900-01-01 17:43:15,8014.5,682715,8015.0,1745465,15116,95254,-80138,-1062750,0.5
1900-01-01 17:43:30,8014.5,1023780,8015.0,1725825,348280,174150,174130,-702045,0.5
1900-01-01 17:43:45,8014.5,735702,8015.0,1667192,50083,29280,20803,-931490,0.5
1900-01-01 17:44:00,8014.5,87924,8015.0,943179,14407,581894,-567487,-855255,0.5
1900-01-01 17:44:15,8001.0,4255,8001.5,417683,77468,1311268,-1233800,-413428,0.5
1900-01-01 17:44:30,7979.0,402373,7979.5,56394,94086,1701603,-1607517,345979,0.5
1900-01-01 17:44:45,7982.5,640092,7983.0,128465,308056,252926,55130,511627,0.5
1900-01-01 17:45:00,7995.0,30106,7995.5,48111,231245,14884,216361,-18005,0.5
1900-01-01 17:45:15,7998.5,643204,7999.0,640335,974804,313686,661118,2869,0.5
1900-01-01 17:45:30,7989.5,342272,7990.0,3248750,702211,93608,608603,-2906478,0.5
1900-01-01 17:45:45,7983.5,3607,7984.0,1096745,87332,309428,-222096,-1093138,0.5
1900-01-01 17:46:00,7978.0,622937,7978.5,272723,228912,217217,11695,350214,0.5
1900-01-01 17:46:15,7993.5,596894,7994.0,16218,371425,114781,256644,580676,0.5
1900-01-01 17:46:30,7990.5,104921,7991.0,633956,179869,201231,-21362,-529035,0.5
1900-01-01 17:46:45,7989.5,385749,7990.0,138398,73460,59412,14048,247351,0.5
1900-01-01 17:47:00,7988.0,128870,7988.5,696476,203346,90526,112820,-567606,0.5
1900-01-01 17:47:15,7987.5,91180,7988.0,608687,39350,59771,-20421,-517507,0.5
1900-01-01 17:47:30,7989.0,154421,7989.5,498299,27755,111297,-83542,-343878,0.5
1900-01-01 17:47:45,7988.0,589612,7988.5,638978,39482,78380,-38898,-49366,0.5
1900-01-01 17:48:00,7989.0,1053318,7989.5,8927,22295,6490,15805,1044391,0.5
1900-01-01 17:48:15,7989.5,911680,7990.0,159062,237191,13322,223869,752618,0.5
1900-01-01 17:48:30,7990.0,130594,7990.5,626296,203182,92612,110570,-495702,0.5
1900-01-01 17:48:45,7975.5,864104,7976.0,87939,49214,210254,-161040,776165,0.5
1900-01-01 17:49:00,7979.0,105948,7979.5,667896,125148,107324,17824,-561948,0.5
1900-01-01 17:49:15,7979.0,593430,7979.5,362595,50676,88411,-37735,230835,0.5
1900-01-01 17:49:30,7979.0,715937,7979.5,379076,31456,13391,18065,336861,0.5
1900-01-01 17:49:45,7979.0,107901,7979.5,1181563,144298,60553,83745,-1073662,0.5
1900-01-01 17:50:00,7978.0,317867,7978.5,600300,802,138854,-138052,-282433,0.5
1900-01-01 17:50:15,7974.0,496615,7974.5,30,21675,45860,-24185,496585,0.5
1900-01-01 17:50:30,7979.0,317149,7979.5,321533,116164,115915,249,-4384,0.5
1900-01-01 17:50:45,7979.0,194769,7979.5,616194,19776,51783,-32007,-421425,0.5
1900-01-01 17:51:00,7977.5,6708,7978.0,864061,2200,136462,-134262,-857353,0.5
1900-01-01 17:51:15,7972.5,197550,7973.0,603113,13224,208913,-195689,-405563,0.5
1900-01-01 17:51:30,7968.5,16424,7969.0,2656936,82218,552506,-470288,-2640512,0.5
1900-01-01 17:51:45,7962.0,275,7962.5,5000,41226,395384,-354158,-4725,0.5
1900-01-01 17:52:00,7973.0,212692,7973.5,515663,331438,116373,215065,-302971,0.5
1900-01-01 17:52:15,7949.5,832070,7950.0,690907,1322910,938027,384883,141163,0.5
1900-01-01 17:52:30,7952.5,197428,7953.0,562620,1197319,98622,1098697,-365192,0.5
1900-01-01 17:52:45,7944.0,14000,7944.5,145065,280729,1319384,-1038655,-131065,0.5
1900-01-01 17:53:00,7949.5,111232,7950.0,82435,376450,83284,293166,28797,0.5
1900-01-01 17:53:15,7953.0,529642,7953.5,254590,584486,36516,547970,275052,0.5
1900-01-01 17:53:30,7953.0,851656,7953.5,121240,242842,189189,53653,730416,0.5
1900-01-01 17:53:45,7953.5,126262,7954.0,697336,61445,110322,-48877,-571074,0.5
1900-01-01 17:54:00,7955.0,442430,7955.5,532523,81555,6400,75155,-90093,0.5
1900-01-01 17:54:15,7955.0,928727,7955.5,21935,128098,163268,-35170,906792,0.5
1900-01-01 17:54:30,7964.5,499917,7965.0,19803,240297,600,239697,480114,0.5
1900-01-01 17:54:45,7974.5,413250,7975.0,886356,311668,14532,297136,-473106,0.5
1900-01-01 17:55:00,7976.5,666955,7977.0,287792,153918,22776,131142,379163,0.5
1900-01-01 17:55:15,7975.0,47400,7975.5,680412,186009,352247,-166238,-633012,0.5
1900-01-01 17:55:30,7969.5,937419,7970.0,263972,18100,278142,-260042,673447,0.5
1900-01-01 17:55:45,7979.5,879668,7980.0,258315,72404,41520,30884,621353,0.5
1900-01-01 17:56:00,7973.0,368198,7973.5,1186219,224201,74998,149203,-818021,0.5
1900-01-01 17:56:15,7974.0,209708,7974.5,893012,36158,91909,-55751,-683304,0.5
1900-01-01 17:56:30,7974.5,714679,7975.0,227405,58001,47886,10115,487274,0.5
1900-01-01 17:56:45,7974.5,627172,7975.0,225086,124290,48006,76284,402086,0.5
1900-01-01 17:57:00,7977.0,812542,7977.5,9912,69293,7012,62281,802630,0.5
1900-01-01 17:57:15,7983.0,251049,7983.5,560819,210524,5328,205196,-309770,0.5
1900-01-01 17:57:30,7982.0,112720,7982.5,519262,130596,427660,-297064,-406542,0.5
1900-01-01 17:57:45,7982.0,558583,7982.5,582374,273448,1101,272347,-23791,0.5
1900-01-01 17:58:00,7982.0,585954,7982.5,170728,237728,54214,183514,415226,0.5
1900-01-01 17:58:15,7982.0,1055467,7982.5,324081,212347,21770,190577,731386,0.5
1900-01-01 17:58:30,7982.0,1179879,7982.5,230803,5016,4810,206,949076,0.5
1900-01-01 17:58:45,7983.0,915758,7983.5,51770,328483,11964,316519,863988,0.5
1900-01-01 17:59:00,7984.0,429680,7984.5,513127,80548,19658,60890,-83447,0.5
1900-01-01 17:59:15,7984.0,953167,7984.5,20054,177620,478,177142,933113,0.5
1900-01-01 17:59:30,7984.5,1053739,7985.0,112476,22823,1410,21413,941263,0.5
1900-01-01 17:59:45,7984.5,961571,7985.0,108165,10031,22342,-12311,853406,0.5
1900-01-01 18:00:00,7984.5,811536,7985.0,214477,26751,8675,18076,597059,0.5
1900-01-01 18:00:15,7984.5,57000,7985.0,1363997,62028,305843,-243815,-1306997,0.5
1900-01-01 18:00:30,7976.0,10890,7976.5,453960,16387,317317,-300930,-443070,0.5
1900-01-01 18:00:45,7976.0,36550,7976.5,1334451,13504,378598,-365094,-1297901,0.5
1900-01-01 18:01:00,7975.5,64465,7976.0,1166504,26626,48263,-21637,-1102039,0.5
1900-01-01 18:01:15,7975.5,87383,7976.0,897323,33446,65059,-31613,-809940,0.5
1900-01-01 18:01:30,7975.5,33630,7976.0,908663,4660,19735,-15075,-875033,0.5
1900-01-01 18:01:45,7975.5,436753,7976.0,686472,36202,8554,27648,-249719,0.5
1900-01-01 18:02:00,7975.5,855199,7976.0,148488,31772,13564,18208,706711,0.5
1900-01-01 18:02:15,7975.5,73835,7976.0,829941,6060,72244,-66184,-756106,0.5
1900-01-01 18:02:30,7975.0,589188,7975.5,1221876,26476,106342,-79866,-632688,0.5
1900-01-01 18:02:45,7973.0,108777,7973.5,1523094,9478,1037987,-1028509,-1414317,0.5
1900-01-01 18:03:00,7962.5,463702,7963.0,36,84015,133486,-49471,463666,0.5
1900-01-01 18:03:15,7965.5,732586,7966.0,376535,79894,5238,74656,356051,0.5
1900-01-01 18:03:30,7965.5,273980,7966.0,516168,90946,49410,41536,-242188,0.5
1900-01-01 18:03:45,7967.0,438562,7967.5,1633,433371,27026,406345,436929,0.5
1900-01-01 18:04:00,7975.0,56133,7975.5,889933,126638,54614,72024,-833800,0.5
1900-01-01 18:04:15,7970.5,424359,7971.0,586955,4176,46001,-41825,-162596,0.5
1900-01-01 18:04:30,7970.5,685590,7971.0,359792,2600,95485,-92885,325798,0.5
1900-01-01 18:04:45,7970.5,807450,7971.0,7904,396520,159688,236832,799546,0.5
1900-01-01 18:05:00,7975.5,28401,7976.0,660655,1380938,49554,1331384,-632254,0.5
1900-01-01 18:05:15,7976.5,629057,7977.0,340460,142407,6858,135549,288597,0.5
1900-01-01 18:05:30,7977.5,1227080,7978.0,1801,24200,1718,22482,1225279,0.5
1900-01-01 18:05:45,7980.5,1430991,7981.0,24923,55967,6060,49907,1406068,0.5
1900-01-01 18:06:00,7981.5,465807,7982.0,619191,30854,6034,24820,-153384,0.5
1900-01-01 18:06:15,7981.5,626025,7982.0,409587,25129,7129,18000,216438,0.5
1900-01-01 18:06:30,7982.0,1223464,7982.5,25699,390568,1214,389354,1197765,0.5
1900-01-01 18:06:45,7983.5,933622,7984.0,23692,354780,7775,347005,909930,0.5
1900-01-01 18:07:00,7984.0,1019835,7984.5,53203,48253,28818,19435,966632,0.5
1900-01-01 18:07:15,7984.0,397418,7984.5,347968,18240,8258,9982,49450,0.5
1900-01-01 18:07:30,7984.0,478962,7984.5,376781,7622,50277,-42655,102181,0.5
1900-01-01 18:07:45,7984.0,355071,7984.5,236548,15380,22370,-6990,118523,0.5
1900-01-01 18:08:00,7984.0,286438,7984.5,330374,5114,9051,-3937,-43936,0.5
1900-01-01 18:08:15,7984.0,334422,7984.5,342349,2006,12690,-10684,-7927,0.5
1900-01-01 18:08:30,7984.0,1161784,7984.5,186812,20503,7216,13287,974972,0.5
1900-01-01 18:08:45,7984.0,950202,7984.5,122700,123977,11400,112577,827502,0.5
1900-01-01 18:09:00,7984.5,302870,7985.0,855726,58903,11190,47713,-552856,0.5
1900-01-01 18:09:15,7983.5,12831,7984.0,599089,23406,49617,-26211,-586258,0.5
1900-01-01 18:09:30,7981.5,451397,7982.0,438584,8600,13548,-4948,12813,0.5
1900-01-01 18:09:45,7981.5,12182,7982.0,362139,6400,17729,-11329,-349957,0.5
1900-01-01 18:10:00,7981.5,949420,7982.0,520380,1021,61492,-60471,429040,0.5
1900-01-01 18:10:15,7981.5,1060493,7982.0,409824,40286,92422,-52136,650669,0.5
1900-01-01 18:10:30,7981.5,866577,7982.0,417163,16000,12516,3484,449414,0.5
1900-01-01 18:10:45,7981.5,951175,7982.0,241963,98148,4164,93984,709212,0.5
1900-01-01 18:11:00,7981.5,1128519,7982.0,275726,20518,82,20436,852793,0.5
1900-01-01 18:11:15,7981.5,142432,7982.0,367763,46385,5703,40682,-225331,0.5
1900-01-01 18:11:30,7981.5,6918,7982.0,466842,81200,211117,-129917,-459924,0.5
1900-01-01 18:11:45,7977.0,4062527,7977.5,227464,9437,141648,-132211,3835063,0.5
1900-01-01 18:12:00,7977.0,4261141,7977.5,379409,29589,24478,5111,3881732,0.5
1900-01-01 18:12:15,7977.0,4305538,7977.5,366215,20729,40470,-19741,3939323,0.5
1900-01-01 18:12:30,7977.0,4820829,7977.5,302,126236,4,126232,4820527,0.5
1900-01-01 18:12:45,7984.5,276388,7985.0,288133,108067,4028,104039,-11745,0.5
1900-01-01 18:13:00,7989.5,799483,7990.0,136341,173502,29078,144424,663142,0.5
1900-01-01 18:13:15,7990.0,1192273,7990.5,60604,548026,32475,515551,1131669,0.5
1900-01-01 18:13:30,7991.5,290075,7992.0,647289,51012,26368,24644,-357214,0.5
1900-01-01 18:13:45,7990.0,7989,7990.5,503734,43848,293900,-250052,-495745,0.5
1900-01-01 18:14:00,7989.0,157941,7989.5,978175,111541,40514,71027,-820234,0.5
1900-01-01 18:14:15,7988.0,13077,7988.5,680957,4004,156878,-152874,-667880,0.5
1900-01-01 18:14:30,7985.5,41053,7986.0,485747,102528,20361,82167,-444694,0.5
1900-01-01 18:14:45,7985.0,28154,7985.5,693110,6402,15491,-9089,-664956,0.5
1900-01-01 18:15:00,7985.0,261411,7985.5,642978,13612,18288,-4676,-381567,0.5
1900-01-01 18:15:15,7985.0,231599,7985.5,644483,123200,52855,70345,-412884,0.5
1900-01-01 18:15:30,7985.0,11948,7985.5,837749,11374,84574,-73200,-825801,0.5
1900-01-01 18:15:45,7983.0,998205,7983.5,236307,273216,20517,252699,761898,0.5
1900-01-01 18:16:00,7983.0,761682,7983.5,631109,6100,14015,-7915,130573,0.5
1900-01-01 18:16:15,7983.0,1738939,7983.5,315479,20712,26003,-5291,1423460,0.5
1900-01-01 18:16:30,7983.5,1017573,7984.0,230562,141601,505085,-363484,787011,0.5
1900-01-01 18:16:45,7983.5,969582,7984.0,241088,155899,8750,147149,728494,0.5
1900-01-01 18:17:00,7983.5,5729440,7984.0,376254,1500,102,1398,5353186,0.5
1900-01-01 18:17:15,7983.5,239320,7984.0,826048,30407,19275,11132,-586728,0.5
1900-01-01 18:17:30,7978.5,17724,7979.0,1654481,752,152042,-151290,-1636757,0.5
1900-01-01 18:17:45,7972.0,40295,7972.5,843133,43812,258487,-214675,-802838,0.5
1900-01-01 18:18:00,7972.0,559708,7972.5,347509,10986,38738,-27752,212199,0.5
1900-01-01 18:18:15,7974.5,432876,7975.0,22392,29558,13181,16377,410484,0.5
1900-01-01 18:18:30,7976.5,1209145,7977.0,42780,63108,4074,59034,1166365,0.5
1900-01-01 18:18:45,7976.5,1269941,7977.0,130728,67889,5501,62388,1139213,0.5
1900-01-01 18:19:00,7976.5,6316908,7977.0,105742,150540,3400,147140,6211166,0.5
1900-01-01 18:19:15,7976.5,1366582,7977.0,86804,21289,2000,19289,1279778,0.5
1900-01-01 18:19:30,7976.5,1178942,7977.0,58769,9125,404,8721,1120173,0.5
1900-01-01 18:19:45,7976.5,446697,7977.0,396031,22711,6582,16129,50666,0.5
1900-01-01 18:20:00,7976.5,677270,7977.0,471699,202455,15216,187239,205571,0.5
1900-01-01 18:20:15,7977.0,683213,7980.0,21751,99740,9489,90251,661462,3.0
1900-01-01 18:20:30,7986.0,429069,7986.5,117783,80316,946,79370,311286,0.5
1900-01-01 18:20:45,7987.5,647788,7988.0,44874,123701,1462,122239,602914,0.5
1900-01-01 18:21:00,7987.5,344110,7988.0,601408,23676,133602,-109926,-257298,0.5
1900-01-01 18:21:15,7986.5,572573,7987.0,104995,399753,32858,366895,467578,0.5
1900-01-01 18:21:30,7986.5,27529,7987.0,795816,13715,14274,-559,-768287,0.5
1900-01-01 18:21:45,7986.5,115231,7987.0,814667,16691,21783,-5092,-699436,0.5
1900-01-01 18:22:00,7986.0,14265,7986.5,920039,8288,33200,-24912,-905774,0.5
1900-01-01 18:22:15,7985.0,44248,7985.5,894468,33608,14243,19365,-850220,0.5
1900-01-01 18:22:30,7985.0,902320,7985.5,385986,92350,19692,72658,516334,0.5
1900-01-01 18:22:45,7985.0,83302,7985.5,846064,4386,101851,-97465,-762762,0.5
1900-01-01 18:23:00,7985.0,530283,7985.5,536243,4386,4000,386,-5960,0.5
1900-01-01 18:23:15,7985.0,21469,7985.5,641341,11202,95411,-84209,-619872,0.5
1900-01-01 18:23:30,7984.0,4028,7984.5,680914,202,9173,-8971,-676886,0.5
1900-01-01 18:23:45,7984.0,128737,7984.5,850260,5802,24836,-19034,-721523,0.5
1900-01-01 18:24:00,7984.0,80810,7984.5,1064328,422,65877,-65455,-983518,0.5
1900-01-01 18:24:15,7984.0,66957,7984.5,1090509,20,30922,-30902,-1023552,0.5
1900-01-01 18:24:30,7984.0,87544,7984.5,1009076,20,7000,-6980,-921532,0.5
1900-01-01 18:24:45,7983.5,20571,7984.0,1183375,1020,26186,-25166,-1162804,0.5
1900-01-01 18:25:00,7976.0,828821,7976.5,744705,47344,172075,-124731,84116,0.5
1900-01-01 18:25:15,7976.0,29753,7976.5,910415,16960,38296,-21336,-880662,0.5
1900-01-01 18:25:30,7976.0,747585,7976.5,737668,12588,26004,-13416,9917,0.5
1900-01-01 18:25:45,7976.0,555984,7976.5,811786,31038,6796,24242,-255802,0.5
1900-01-01 18:26:00,7976.0,820896,7976.5,769911,61378,5558,55820,50985,0.5
1900-01-01 18:26:15,7976.0,508794,7976.5,923365,5164,94626,-89462,-414571,0.5
1900-01-01 18:26:30,7975.0,211406,7975.5,765591,5164,76709,-71545,-554185,0.5
1900-01-01 18:26:45,7975.0,75447,7975.5,964585,174,322645,-322471,-889138,0.5
1900-01-01 18:27:00,7972.0,71063,7972.5,526609,17522,180913,-163391,-455546,0.5
1900-01-01 18:27:15,7970.5,799500,7971.0,372113,363189,132648,230541,427387,0.5
1900-01-01 18:27:30,7970.5,1080693,7971.0,207273,21283,20200,1083,873420,0.5
1900-01-01 18:27:45,7971.0,935936,7971.5,94,31689,11204,20485,935842,0.5
1900-01-01 18:28:00,7973.5,922278,7974.0,75227,272957,824,272133,847051,0.5
1900-01-01 18:28:15,7975.5,913878,7976.0,103307,213154,17080,196074,810571,0.5
1900-01-01 18:28:30,7975.5,421299,7976.0,361296,21575,17080,4495,60003,0.5
1900-01-01 18:28:45,7974.0,1861,7974.5,695713,147889,18702,129187,-693852,0.5
1900-01-01 18:29:00,7973.5,613510,7974.0,556285,12850,17395,-4545,57225,0.5
1900-01-01 18:29:15,7973.5,786299,7974.0,378166,850,17395,-16545,408133,0.5
1900-01-01 18:29:30,7973.5,772860,7974.0,211091,141701,600,141101,561769,0.5
1900-01-01 18:29:45,7975.0,860004,7975.5,149619,57169,93,57076,710385,0.5
1900-01-01 18:30:00,7975.0,474741,7975.5,357665,2548,53350,-50802,117076,0.5
1900-01-01 18:30:15,7975.0,696511,7975.5,258964,9635,27504,-17869,437547,0.5
1900-01-01 18:30:30,7975.0,464357,7975.5,759417,7400,14,7386,-295060,0.5
1900-01-01 18:30:45,7975.0,766540,7975.5,741722,8308,878,7430,24818,0.5
1900-01-01 18:31:00,7975.0,870404,7975.5,383519,85087,3600,81487,486885,0.5
1900-01-01 18:31:15,7975.0,1258697,7975.5,66954,24529,2184,22345,1191743,0.5
1900-01-01 18:31:30,7976.0,1034002,7976.5,11445,75118,11328,63790,1022557,0.5
1900-01-01 18:31:45,7976.5,863694,7977.0,56237,10781,18010,-7229,807457,0.5
1900-01-01 18:32:00,7976.5,616535,7977.0,69229,52962,49570,3392,547306,0.5
1900-01-01 18:32:15,7976.5,657638,7977.0,96001,8188,474,7714,561637,0.5
1900-01-01 18:32:30,7977.0,623070,7977.5,89487,15490,474,15016,533583,0.5
1900-01-01 18:32:45,7977.0,612338,7977.5,93530,65910,1110,64800,518808,0.5
1900-01-01 18:33:00,7978.5,1003519,7979.0,105157,34633,20,34613,898362,0.5
1900-01-01 18:33:15,7978.5,1171737,7979.0,173289,95081,20,95061,998448,0.5
1900-01-01 18:33:30,7978.5,620850,7979.0,570442,1972,20290,-18318,50408,0.5
1900-01-01 18:33:45,7978.5,615933,7979.0,384932,202540,22300,180240,231001,0.5
1900-01-01 18:34:00,7978.5,746612,7979.0,348142,1000,2,998,398470,0.5
1900-01-01 18:34:15,7978.5,368303,7979.0,570181,8399,2,8397,-201878,0.5
1900-01-01 18:34:30,7978.5,447825,7979.0,545550,42128,132,41996,-97725,0.5
1900-01-01 18:34:45,7978.5,442759,7979.0,585476,664,21467,-20803,-142717,0.5
1900-01-01 18:35:00,7978.5,596767,7979.0,520449,100777,7000,93777,76318,0.5
1900-01-01 18:35:15,7978.5,1180824,7979.0,177856,181911,1942,179969,1002968,0.5
1900-01-01 18:35:30,7978.5,1217741,7979.0,172506,13554,3140,10414,1045235,0.5
1900-01-01 18:35:45,7978.5,1397328,7979.0,40850,51129,1620,49509,1356478,0.5
1900-01-01 18:36:00,7978.5,852427,7979.0,604993,9657,3444,6213,247434,0.5
1900-01-01 18:36:15,7978.5,1368532,7979.0,32767,39571,3444,36127,1335765,0.5
1900-01-01 18:36:30,7979.5,1241647,7980.0,262198,109869,222,109647,979449,0.5
1900-01-01 18:36:45,7979.5,1260104,7980.0,209387,28821,42014,-13193,1050717,0.5
1900-01-01 18:37:00,7984.5,795521,7985.0,197160,332808,10502,322306,598361,0.5
1900-01-01 18:37:15,7984.5,1152065,7985.0,86112,105011,40,104971,1065953,0.5
1900-01-01 18:37:30,7988.5,660274,7989.0,1327,120864,79733,41131,658947,0.5
1900-01-01 18:37:45,7993.5,659535,7994.0,715363,223812,15482,208330,-55828,0.5
1900-01-01 18:38:00,7993.5,603687,7994.0,785223,90000,60300,29700,-181536,0.5
1900-01-01 18:38:15,7993.0,14413,7993.5,1485206,2050,179714,-177664,-1470793,0.5
1900-01-01 18:38:30,7988.5,24285,7989.0,1446258,22228,103964,-81736,-1421973,0.5
1900-01-01 18:38:45,7988.0,8026,7988.5,1288796,5942,21711,-15769,-1280770,0.5
1900-01-01 18:39:00,7987.0,460840,7987.5,650846,4767,11700,-6933,-190006,0.5
1900-01-01 18:39:15,7987.0,794615,7987.5,140397,32655,7356,25299,654218,0.5
1900-01-01 18:39:30,7987.5,1134657,7988.0,5380,141206,8272,132934,1129277,0.5
1900-01-01 18:39:45,7987.5,942835,7988.0,931312,144808,20000,124808,11523,0.5
1900-01-01 18:40:00,7987.5,1306403,7988.0,922808,9863,2344,7519,383595,0.5
1900-01-01 18:40:15,7987.5,1277809,7988.0,913753,29550,1404,28146,364056,0.5
1900-01-01 18:40:30,7987.5,1274783,7988.0,822789,148803,2692,146111,451994,0.5
1900-01-01 18:40:45,7987.5,1326870,7988.0,827919,52470,400,52070,498951,0.5
1900-01-01 18:41:00,7987.5,1296606,7988.0,792752,12304,3700,8604,503854,0.5
1900-01-01 18:41:15,7987.5,1354022,7988.0,691797,155447,4000,151447,662225,0.5
1900-01-01 18:41:30,7987.5,1509621,7988.0,107659,157824,2452,155372,1401962,0.5
1900-01-01 18:41:45,7991.0,1040117,7991.5,44523,56117,16200,39917,995594,0.5
1900-01-01 18:42:00,7994.0,374496,7994.5,1073437,51648,26848,24800,-698941,0.5
1900-01-01 18:42:15,7994.0,801352,7994.5,843448,111746,121470,-9724,-42096,0.5
1900-01-01 18:42:30,7994.0,786903,7994.5,769433,69052,32900,36152,17470,0.5
1900-01-01 18:42:45,7994.0,242063,7994.5,1206739,3066,59113,-56047,-964676,0.5
1900-01-01 18:43:00,7994.0,687850,7994.5,850982,4320,19708,-15388,-163132,0.5
1900-01-01 18:43:15,7994.0,852893,7994.5,679887,129556,6000,123556,173006,0.5
1900-01-01 18:43:30,7994.0,559031,7994.5,958668,52176,10427,41749,-399637,0.5
1900-01-01 18:43:45,7994.0,925983,7994.5,725644,136802,9326,127476,200339,0.5
1900-01-01 18:44:00,7994.0,1130465,7994.5,682053,27547,25972,1575,448412,0.5
1900-01-01 18:44:15,7988.5,46887,7989.0,700918,49650,599203,-549553,-654031,0.5
1900-01-01 18:44:30,7988.5,31218,7989.0,1024134,1708,37157,-35449,-992916,0.5
1900-01-01 18:44:45,7987.0,48678,7987.5,501389,21064,124062,-102998,-452711,0.5
1900-01-01 18:45:00,7980.5,58668,7981.0,460579,13972,44603,-30631,-401911,0.5
1900-01-01 18:45:15,7980.5,451357,7981.0,591439,27032,84110,-57078,-140082,0.5
1900-01-01 18:45:30,7980.5,174629,7981.0,561757,67182,60670,6512,-387128,0.5
1900-01-01 18:45:45,7980.5,1124844,7981.0,433681,74840,20411,54429,691163,0.5
1900-01-01 18:46:00,7980.5,1267076,7981.0,218870,60168,81358,-21190,1048206,0.5
1900-01-01 18:46:15,7981.0,1245763,7981.5,19091,384816,45071,339745,1226672,0.5
1900-01-01 18:46:30,7986.0,317210,7986.5,221716,48375,100,48275,95494,0.5
1900-01-01 18:46:45,7987.0,1633260,7987.5,16794,38513,4200,34313,1616466,0.5
1900-01-01 18:47:00,7988.0,313250,7988.5,441482,21238,11656,9582,-128232,0.5
1900-01-01 18:47:15,7984.0,1282035,7984.5,15962,94651,20502,74149,1266073,0.5
1900-01-01 18:47:30,7984.0,25870,7984.5,371835,7575,11868,-4293,-345965,0.5
1900-01-01 18:47:45,7984.0,140154,7984.5,482506,1195,26196,-25001,-342352,0.5
1900-01-01 18:48:00,7984.0,167342,7984.5,482752,1195,41482,-40287,-315410,0.5
1900-01-01 18:48:15,7984.0,432996,7984.5,461977,4396,42020,-37624,-28981,0.5
1900-01-01 18:48:30,7984.0,1314970,7984.5,68214,109525,2580,106945,1246756,0.5
1900-01-01 18:48:45,7985.5,558179,7986.0,56542,49975,122954,-72979,501637,0.5
1900-01-01 18:49:00,7985.5,189342,7986.0,593162,10336,1338,8998,-403820,0.5
1900-01-01 18:49:15,7985.5,135422,7986.0,706398,2800,568,2232,-570976,0.5
1900-01-01 18:49:30,7985.5,130881,7986.0,664587,57739,3377,54362,-533706,0.5
1900-01-01 18:49:45,7985.5,350176,7986.0,562455,6212,2460,3752,-212279,0.5
1900-01-01 18:50:00,7987.0,751393,7987.5,51979,61373,5000,56373,699414,0.5
1900-01-01 18:50:15,7988.5,286753,7989.0,621332,108077,80,107997,-334579,0.5
1900-01-01 18:50:30,7988.5,341220,7989.0,561803,2630,90081,-87451,-220583,0.5
1900-01-01 18:50:45,7988.5,212234,7989.0,651011,3460,192413,-188953,-438777,0.5
1900-01-01 18:51:00,7988.5,189950,7989.0,653167,200,20259,-20059,-463217,0.5
1900-01-01 18:51:15,7988.5,136750,7989.0,774018,1022,48874,-47852,-637268,0.5
1900-01-01 18:51:30,7985.0,26976,7985.5,672999,24720,125900,-101180,-646023,0.5
1900-01-01 18:51:45,7983.0,52873,7983.5,8753,73105,10272,62833,44120,0.5
1900-01-01 18:52:00,7983.5,1127726,7984.0,21716,87073,6852,80221,1106010,0.5
1900-01-01 18:52:15,7984.5,1010782,7985.0,9505,18230,23919,-5689,1001277,0.5
1900-01-01 18:52:30,7988.5,637391,7989.0,195740,75658,5032,70626,441651,0.5
1900-01-01 18:52:45,7988.5,587890,7989.0,153922,99968,53962,46006,433968,0.5
1900-01-01 18:53:00,7988.5,963661,7989.0,10701,60155,1600,58555,952960,0.5
1900-01-01 18:53:15,7988.5,1034658,7989.0,43404,16034,10358,5676,991254,0.5
1900-01-01 18:53:30,7989.0,1487895,7989.5,56509,11800,2400,9400,1431386,0.5
1900-01-01 18:53:45,7989.5,1996102,7990.0,624941,417125,4000,413125,1371161,0.5
1900-01-01 18:54:00,7989.5,1521093,7990.0,209902,446449,2000,444449,1311191,0.5
1900-01-01 18:54:15,7990.0,881287,7990.5,547,186131,878,185253,880740,0.5
1900-01-01 18:54:30,7990.5,631830,7991.0,65743,18505,1500,17005,566087,0.5
1900-01-01 18:54:45,7991.5,1043421,7992.0,19764,46015,1364,44651,1023657,0.5
1900-01-01 18:55:00,7992.0,1383491,7992.5,17309,45354,12906,32448,1366182,0.5
1900-01-01 18:55:15,7992.5,946420,7993.0,85083,70562,29140,41422,861337,0.5
1900-01-01 18:55:30,7993.0,912909,7993.5,20349,27630,218,27412,892560,0.5
1900-01-01 18:55:45,7993.5,934952,7994.0,39663,73296,50,73246,895289,0.5
1900-01-01 18:56:00,7993.0,155916,7993.5,629894,21289,1577393,-1556104,-473978,0.5
1900-01-01 18:56:15,7986.5,539602,7987.0,320195,26360,265178,-238818,219407,0.5
1900-01-01 18:56:30,7989.5,224637,7990.0,54215,42046,30843,11203,170422,0.5
1900-01-01 18:56:45,7989.5,112395,7990.0,1134444,2711,5107,-2396,-1022049,0.5
1900-01-01 18:57:00,7989.5,20062,7990.0,1033070,79220,24098,55122,-1013008,0.5
1900-01-01 18:57:15,7989.0,50537,7989.5,578109,10,6709,-6699,-527572,0.5
1900-01-01 18:57:30,7989.0,24259,7989.5,717085,6436,20035,-13599,-692826,0.5
1900-01-01 18:57:45,7986.5,12139,7987.0,587872,6414,488250,-481836,-575733,0.5
1900-01-01 18:58:00,7985.0,663534,7985.5,191289,18740,198742,-180002,472245,0.5
1900-01-01 18:58:15,7985.0,1607279,7985.5,47087,25146,1411,23735,1560192,0.5
1900-01-01 18:58:30,7986.0,1232292,7986.5,5597,38128,11354,26774,1226695,0.5
1900-01-01 18:58:45,7989.0,1407704,7989.5,8447,34127,14562,19565,1399257,0.5
1900-01-01 18:59:00,7990.0,675248,7990.5,61279,18889,450,18439,613969,0.5
1900-01-01 18:59:15,7990.0,859731,7990.5,516381,97419,4466,92953,343350,0.5
1900-01-01 18:59:30,7990.0,762457,7990.5,460120,340,11395,-11055,302337,0.5
1900-01-01 18:59:45,7990.0,662222,7990.5,646596,12012,46071,-34059,15626,0.5
1900-01-01 19:00:00,7990.0,747307,7990.5,438065,6018,4000,2018,309242,0.5
1900-01-01 19:00:15,7990.0,963027,7990.5,281862,59424,590,58834,681165,0.5
1900-01-01 19:00:30,7990.0,1127479,7990.5,111127,77656,2494,75162,1016352,0.5
1900-01-01 19:00:45,7992.0,1645264,7992.5,798,36215,510,35705,1644466,0.5
1900-01-01 19:01:00,7994.0,568447,7994.5,92029,60724,254,60470,476418,0.5
1900-01-01 19:01:15,7994.0,189375,7994.5,704186,7094,64393,-57299,-514811,0.5
1900-01-01 19:01:30,7994.0,195418,7994.5,678753,100,10181,-10081,-483335,0.5
1900-01-01 19:01:45,7993.0,17448,7993.5,547197,606,60636,-60030,-529749,0.5
1900-01-01 19:02:00,7990.5,269804,7991.0,431634,8088,69376,-61288,-161830,0.5
1900-01-01 19:02:15,7990.5,87944,7991.0,736688,7674,48113,-40439,-648744,0.5
1900-01-01 19:02:30,7990.5,125126,7991.0,741952,400,2315,-1915,-616826,0.5
1900-01-01 19:02:45,7990.5,1026862,7991.0,298803,18725,47375,-28650,728059,0.5
1900-01-01 19:03:00,7990.5,309734,7991.0,573993,6000,35963,-29963,-264259,0.5
1900-01-01 19:03:15,7990.5,989670,7991.0,270248,40002,2000,38002,719422,0.5
1900-01-01 19:03:30,7990.5,203416,7991.0,497081,120996,6000,114996,-293665,0.5
1900-01-01 19:03:45,7990.5,215124,7991.0,475533,1246,2004,-758,-260409,0.5
1900-01-01 19:04:00,7990.5,86293,7991.0,455450,1000,92556,-91556,-369157,0.5
1900-01-01 19:04:15,7990.5,707444,7991.0,345680,12562,10370,2192,361764,0.5
1900-01-01 19:04:30,7990.5,580737,7991.0,348961,4400,1720,2680,231776,0.5
1900-01-01 19:04:45,7991.5,774374,7992.0,722,110929,3205,107724,773652,0.5
1900-01-01 19:05:00,7993.5,812854,7994.0,28327,36264,11100,25164,784527,0.5
1900-01-01 19:05:15,7994.0,810017,7994.5,317591,172859,74,172785,492426,0.5
1900-01-01 19:05:30,7994.0,750682,7994.5,171060,284525,30512,254013,579622,0.5
1900-01-01 19:05:45,7994.0,737226,7994.5,121048,23800,32,23768,616178,0.5
1900-01-01 19:06:00,7994.0,1101102,7994.5,156991,3061,1776,1285,944111,0.5
1900-01-01 19:06:15,7999.5,1338050,8000.0,134486,326768,61086,265682,1203564,0.5
1900-01-01 19:06:30,8004.5,232579,8006.0,4,384014,212502,171512,232575,1.5
1900-01-01 19:06:45,8017.0,137693,8017.5,335415,358605,69880,288725,-197722,0.5
1900-01-01 19:07:00,8005.5,314692,8006.0,307974,106685,188897,-82212,6718,0.5
1900-01-01 19:07:15,8009.0,69515,8009.5,227285,82200,266636,-184436,-157770,0.5
1900-01-01 19:07:30,8009.0,72990,8009.5,253806,147309,51094,96215,-180816,0.5
1900-01-01 19:07:45,8008.5,91,8009.0,326918,44187,52109,-7922,-326827,0.5
1900-01-01 19:08:00,8008.5,106327,8009.0,365710,25980,325226,-299246,-259383,0.5
1900-01-01 19:08:15,8008.5,1183303,8009.0,68741,428145,35179,392966,1114562,0.5
1900-01-01 19:08:30,8014.5,551907,8015.0,336117,186105,4566,181539,215790,0.5
1900-01-01 19:08:45,8014.5,269363,8015.0,845986,158528,25811,132717,-576623,0.5
1900-01-01 19:09:00,8012.0,4570,8012.5,379630,8868,299462,-290594,-375060,0.5
1900-01-01 19:09:15,8009.5,634982,8010.0,3333,14183,141480,-127297,631649,0.5
1900-01-01 19:09:30,8012.5,57127,8013.0,581833,99687,46567,53120,-524706,0.5
1900-01-01 19:09:45,8012.0,692,8012.5,761669,18580,27316,-8736,-760977,0.5
1900-01-01 19:10:00,8009.5,569960,8010.0,96478,12966,27564,-14598,473482,0.5
1900-01-01 19:10:15,8007.0,11648,8007.5,632021,21034,262515,-241481,-620373,0.5
1900-01-01 19:10:30,8006.0,3858,8006.5,990223,13024,47464,-34440,-986365,0.5
1900-01-01 19:10:45,7996.0,97021,7996.5,85227,5932,234555,-228623,11794,0.5
1900-01-01 19:11:00,7990.0,107480,7990.5,602118,228202,316545,-88343,-494638,0.5
1900-01-01 19:11:15,7990.0,734913,7990.5,315859,75969,519135,-443166,419054,0.5
1900-01-01 19:11:30,7979.5,19787,7980.0,52728,98419,293150,-194731,-32941,0.5
1900-01-01 19:11:45,7977.0,582082,7977.5,198644,78361,756363,-678002,383438,0.5
1900-01-01 19:12:00,7988.0,373698,7988.5,342547,236606,221476,15130,31151,0.5
1900-01-01 19:12:15,7988.0,1212109,7988.5,150849,195814,4246,191568,1061260,0.5
1900-01-01 19:12:30,7992.5,666452,7993.0,12173,114201,31932,82269,654279,0.5
1900-01-01 19:12:45,7992.5,438450,7993.0,456230,305151,201711,103440,-17780,0.5
1900-01-01 19:13:00,7992.5,1206755,7993.0,216873,50432,1824,48608,989882,0.5
1900-01-01 19:13:15,7992.5,573775,7993.0,494930,34170,21365,12805,78845,0.5
1900-01-01 19:13:30,7990.0,264867,7990.5,649285,11020,229893,-218873,-384418,0.5
1900-01-01 19:13:45,7989.5,5180,7990.0,951492,14000,362370,-348370,-946312,0.5
1900-01-01 19:14:00,7988.0,615632,7988.5,524875,47144,167119,-119975,90757,0.5
1900-01-01 19:14:15,7988.0,810224,7988.5,458263,9486,12988,-3502,351961,0.5
1900-01-01 19:14:30,7990.0,268487,7990.5,132936,98442,432,98010,135551,0.5
1900-01-01 19:14:45,7990.0,556930,7990.5,272555,75614,7306,68308,284375,0.5
1900-01-01 19:15:00,7992.0,325414,7992.5,404276,146097,70624,75473,-78862,0.5
1900-01-01 19:15:15,7992.0,241807,7992.5,641453,24948,34917,-9969,-399646,0.5
1900-01-01 19:15:30,7992.0,229023,7992.5,1253168,32257,6121,26136,-1024145,0.5
1900-01-01 19:15:45,7992.0,159929,7992.5,1372946,3878,52421,-48543,-1213017,0.5
1900-01-01 19:16:00,7992.0,183704,7992.5,1199665,215372,36522,178850,-1015961,0.5
1900-01-01 19:16:15,7990.0,50000,7990.5,623489,10328,38440,-28112,-573489,0.5
1900-01-01 19:16:30,7988.5,26438,7989.0,625149,6300,79848,-73548,-598711,0.5
1900-01-01 19:16:45,7985.0,80028,7985.5,1179338,55031,269557,-214526,-1099310,0.5
1900-01-01 19:17:00,7985.0,30502,7985.5,610431,5300,82023,-76723,-579929,0.5
1900-01-01 19:17:15,7984.5,41089,7985.0,378526,211030,24388,186642,-337437,0.5
1900-01-01 19:17:30,7984.5,29855,7985.0,371857,9108,11932,-2824,-342002,0.5
1900-01-01 19:17:45,7984.5,621750,7985.0,174651,293463,1158,292305,447099,0.5
1900-01-01 19:18:00,7984.5,561863,7985.0,360031,10276,1258,9018,201832,0.5
1900-01-01 19:18:15,7984.5,551170,7985.0,360690,2104,2000,104,190480,0.5
1900-01-01 19:18:30,7984.5,946729,7985.0,220542,6102,200,5902,726187,0.5
1900-01-01 19:18:45,7990.0,2378204,7990.5,952,130479,4012,126467,2377252,0.5
1900-01-01 19:19:00,7992.0,822278,7992.5,464998,103467,3528,99939,357280,0.5
1900-01-01 19:19:15,7992.0,1403728,7992.5,472709,9142,5932,3210,931019,0.5
1900-01-01 19:19:30,7992.0,1600662,7992.5,395357,119842,5266,114576,1205305,0.5
1900-01-01 19:19:45,8000.5,770153,8001.0,76943,198036,726,197310,693210,0.5
1900-01-01 19:20:00,8005.0,1030445,8005.5,20840,230166,124474,105692,1009605,0.5
1900-01-01 19:20:15,8011.0,63255,8011.5,3743,175802,1540,174262,59512,0.5
1900-01-01 19:20:30,8011.0,263623,8011.5,314013,182718,92323,90395,-50390,0.5
1900-01-01 19:20:45,8009.0,216860,8009.5,365668,18148,194421,-176273,-148808,0.5
1900-01-01 19:21:00,8009.0,669141,8009.5,181345,52965,86348,-33383,487796,0.5
1900-01-01 19:21:15,8012.5,700167,8013.0,50217,149544,50554,98990,649950,0.5
1900-01-01 19:21:30,8012.5,334346,8013.0,522686,24558,22119,2439,-188340,0.5
1900-01-01 19:21:45,8012.0,66610,8012.5,655844,32210,50384,-18174,-589234,0.5
1900-01-01 19:22:00,8012.0,616357,8012.5,602895,22826,45605,-22779,13462,0.5
1900-01-01 19:22:15,8009.5,186559,8010.0,641480,300,103134,-102834,-454921,0.5
1900-01-01 19:22:30,8004.5,215458,8005.0,576963,16685,292126,-275441,-361505,0.5
1900-01-01 19:22:45,8004.5,748047,8005.0,146099,36892,41067,-4175,601948,0.5
1900-01-01 19:23:00,8007.0,451219,8007.5,236590,71531,1701,69830,214629,0.5
1900-01-01 19:23:15,8009.5,309576,8010.0,224682,230457,992,229465,84894,0.5
1900-01-01 19:23:30,8009.5,657815,8010.0,302967,137308,11102,126206,354848,0.5
1900-01-01 19:23:45,8009.5,579449,8010.0,338792,18001,6604,11397,240657,0.5
1900-01-01 19:24:00,8012.5,351258,8013.0,61915,164486,5531,158955,289343,0.5
1900-01-01 19:24:15,8013.0,89194,8013.5,380092,5152,14498,-9346,-290898,0.5
1900-01-01 19:24:30,8013.0,292421,8013.5,246851,10648,3600,7048,45570,0.5
1900-01-01 19:24:45,8013.0,588972,8013.5,227597,212040,42,211998,361375,0.5
1900-01-01 19:25:00,8013.5,740843,8014.0,291519,20067,507,19560,449324,0.5
1900-01-01 19:25:15,8013.5,871112,8014.0,5615,62124,21660,40464,865497,0.5
1900-01-01 19:25:30,8014.0,808751,8014.5,61963,89342,15719,73623,746788,0.5
1900-01-01 19:25:45,8014.0,671299,8014.5,92180,44408,1438,42970,579119,0.5
1900-01-01 19:26:00,8014.0,120654,8014.5,926333,35650,75716,-40066,-805679,0.5
1900-01-01 19:26:15,8011.0,210736,8011.5,616477,7602,227143,-219541,-405741,0.5
1900-01-01 19:26:30,8011.0,193133,8011.5,654657,100680,337231,-236551,-461524,0.5
1900-01-01 19:26:45,8011.0,5867,8011.5,692473,18545,36894,-18349,-686606,0.5
1900-01-01 19:27:00,8010.5,4976,8011.0,710780,1086,81719,-80633,-705804,0.5
1900-01-01 19:27:15,8010.0,303290,8010.5,564056,45552,38973,6579,-260766,0.5
1900-01-01 19:27:30,8010.0,54091,8010.5,596900,5373,38564,-33191,-542809,0.5
1900-01-01 19:27:45,8013.0,932843,8013.5,65420,327290,14223,313067,867423,0.5
1900-01-01 19:28:00,8016.5,687894,8017.0,6347,165470,3566,161904,681547,0.5
1900-01-01 19:28:15,8023.0,932028,8023.5,56097,1611195,37668,1573527,875931,0.5
1900-01-01 19:28:30,8038.5,93738,8039.0,132889,2815287,156266,2659021,-39151,0.5
1900-01-01 19:28:45,8035.0,753788,8035.5,48797,1410899,147437,1263462,704991,0.5
1900-01-01 19:29:00,8067.5,1770254,8080.0,15627,8540844,201446,8339398,1754627,12.5
1900-01-01 19:29:15,8094.5,13213,8095.5,13500,2415551,782431,1633120,-287,1.0
1900-01-01 19:29:30,8097.0,23074,8097.5,235030,1384928,682167,702761,-211956,0.5
1900-01-01 19:29:45,8066.5,31500,8067.0,11255,285358,1583524,-1298166,20245,0.5
1900-01-01 19:30:00,8061.0,836600,8061.5,770042,88799,838489,-749690,66558,0.5
1900-01-01 19:30:15,8061.0,244421,8061.5,164558,735566,803923,-68357,79863,0.5
1900-01-01 19:30:30,8061.5,687944,8062.0,81745,543344,186604,356740,606199,0.5
1900-01-01 19:30:45,8049.5,223194,8050.0,2767311,739415,605813,133602,-2544117,0.5
1900-01-01 19:31:00,8031.0,623203,8031.5,356423,289682,1283142,-993460,266780,0.5
1900-01-01 19:31:15,8040.5,8258,8041.0,295604,456690,243020,213670,-287346,0.5
1900-01-01 19:31:30,8039.5,711283,8040.0,73051,192982,437315,-244333,638232,0.5
1900-01-01 19:31:45,8043.0,416686,8043.5,1098018,487688,139859,347829,-681332,0.5
1900-01-01 19:32:00,8028.5,41191,8029.0,2188710,297884,323068,-25184,-2147519,0.5
1900-01-01 19:32:15,8026.5,530955,8027.0,1329462,105133,472102,-366969,-798507,0.5
1900-01-01 19:32:30,8032.5,489952,8033.0,47628,1113005,103645,1009360,442324,0.5
1900-01-01 19:32:45,8038.5,994596,8039.0,354986,358278,301774,56504,639610,0.5
1900-01-01 19:33:00,8032.5,62337,8033.0,434892,549429,220396,329033,-372555,0.5
1900-01-01 19:33:15,8032.5,27367,8033.0,1100144,47127,141701,-94574,-1072777,0.5
1900-01-01 19:33:30,8033.5,751103,8034.0,4111,38362,43058,-4696,746992,0.5
1900-01-01 19:33:45,8036.0,774775,8036.5,348772,129689,3300,126389,426003,0.5
1900-01-01 19:34:00,8034.5,10300,8035.0,1013188,23877,116167,-92290,-1002888,0.5
1900-01-01 19:34:15,8040.0,832911,8040.5,4824,159618,35391,124227,828087,0.5
1900-01-01 19:34:30,8036.0,1535911,8036.5,13792,175260,73464,101796,1522119,0.5
1900-01-01 19:34:45,8036.0,253561,8036.5,1663941,29938,1276720,-1246782,-1410380,0.5
1900-01-01 19:35:00,8032.0,3224,8032.5,1781023,22482,509757,-487275,-1777799,0.5
1900-01-01 19:35:15,8030.5,24079,8031.0,1137235,8736,324945,-316209,-1113156,0.5
1900-01-01 19:35:30,8035.5,30394,8036.0,113937,100667,291377,-190710,-83543,0.5
1900-01-01 19:35:45,8035.5,2572,8036.0,1632599,42255,34555,7700,-1630027,0.5
1900-01-01 19:36:00,8025.5,801964,8026.0,254933,211206,263799,-52593,547031,0.5
1900-01-01 19:36:15,8020.0,303478,8020.5,402174,82339,785159,-702820,-98696,0.5
1900-01-01 19:36:30,8014.0,2185727,8014.5,64612,78511,686592,-608081,2121115,0.5
1900-01-01 19:36:45,8029.5,56740,8030.0,481113,344284,61472,282812,-424373,0.5
1900-01-01 19:37:00,8020.5,119621,8021.0,971698,167043,358322,-191279,-852077,0.5
1900-01-01 19:37:15,8029.5,368728,8030.0,12842,351554,18806,332748,355886,0.5
1900-01-01 19:37:30,8027.5,99619,8028.0,604793,45882,220516,-174634,-505174,0.5
1900-01-01 19:37:45,8027.0,39064,8027.5,1674597,193228,30526,162702,-1635533,0.5
1900-01-01 19:38:00,8021.0,1815138,8021.5,121518,114617,78802,35815,1693620,0.5
1900-01-01 19:38:15,8021.0,234991,8021.5,649950,151684,594759,-443075,-414959,0.5
1900-01-01 19:38:30,8021.0,270568,8021.5,764325,49148,55610,-6462,-493757,0.5
1900-01-01 19:38:45,8021.0,518898,8021.5,466496,27721,465424,-437703,52402,0.5
1900-01-01 19:39:00,8020.0,49375,8020.5,167949,12792,395644,-382852,-118574,0.5
1900-01-01 19:39:15,8020.0,380905,8020.5,302841,264068,81935,182133,78064,0.5
1900-01-01 19:39:30,8019.0,50751,8019.5,482759,21594,128759,-107165,-432008,0.5
1900-01-01 19:39:45,8011.5,70455,8012.0,1343531,34375,483738,-449363,-1273076,0.5
1900-01-01 19:40:00,8005.0,61654,8005.5,13673,99900,338943,-239043,47981,0.5
1900-01-01 19:40:15,7999.5,32822,8000.0,38279,104339,653521,-549182,-5457,0.5
1900-01-01 19:40:30,8004.0,355322,8004.5,254009,362073,93238,268835,101313,0.5
1900-01-01 19:40:45,8008.5,369903,8009.0,467438,181164,125312,55852,-97535,0.5
1900-01-01 19:41:00,8001.5,338590,8002.0,284719,378841,61468,317373,53871,0.5
1900-01-01 19:41:15,7989.0,2561,7989.5,33085,115370,797888,-682518,-30524,0.5
1900-01-01 19:41:30,7994.0,2798,7994.5,30750,575879,794693,-218814,-27952,0.5
1900-01-01 19:41:45,8006.5,15582,8007.0,1336255,623867,64571,559296,-1320673,0.5
1900-01-01 19:42:00,7999.0,210653,7999.5,155961,296943,136871,160072,54692,0.5
1900-01-01 19:42:15,7990.5,82874,7991.0,959653,344558,102630,241928,-876779,0.5
1900-01-01 19:42:30,7990.5,303464,7991.0,212727,87215,48735,38480,90737,0.5
1900-01-01 19:42:45,7990.5,140662,7991.0,736580,82421,20685,61736,-595918,0.5
1900-01-01 19:43:00,7989.0,36918,7989.5,909087,60456,170002,-109546,-872169,0.5
1900-01-01 19:43:15,7965.0,186339,7965.5,69602,159042,1542390,-1383348,116737,0.5
1900-01-01 19:43:30,7955.5,4021,7956.0,56460,1956512,2745226,-788714,-52439,0.5
1900-01-01 19:43:45,7997.5,46199,7998.0,691106,1725430,419806,1305624,-644907,0.5
1900-01-01 19:44:00,7994.5,62022,7995.0,1625,905995,411413,494582,60397,0.5
1900-01-01 19:44:15,7981.5,10000,7985.0,8234,190456,673363,-482907,1766,3.5
1900-01-01 19:44:30,7988.0,77835,7988.5,1154561,531464,71064,460400,-1076726,0.5
1900-01-01 19:44:45,7980.0,7552,7980.5,436950,89687,35853,53834,-429398,0.5
1900-01-01 19:45:00,7977.0,56557,7977.5,4498,118933,493875,-374942,52059,0.5
1900-01-01 19:45:15,7977.0,498162,7977.5,373979,93733,263552,-169819,124183,0.5
1900-01-01 19:45:30,7977.0,692968,7977.5,334286,31854,128250,-96396,358682,0.5
1900-01-01 19:45:45,7965.0,53465,7965.5,722846,179431,298132,-118701,-669381,0.5
1900-01-01 19:46:00,7973.5,259291,7974.0,117259,185166,567148,-381982,142032,0.5
1900-01-01 19:46:15,7972.5,171675,7973.0,492400,161006,112093,48913,-320725,0.5
1900-01-01 19:46:30,7976.5,252842,7977.0,39456,483831,76703,407128,213386,0.5
1900-01-01 19:46:45,7977.0,752730,7977.5,43081,228506,62235,166271,709649,0.5
1900-01-01 19:47:00,7977.5,516687,7978.0,1389498,924835,107885,816950,-872811,0.5
1900-01-01 19:47:15,7969.5,5793,7970.0,773321,168986,279661,-110675,-767528,0.5
1900-01-01 19:47:30,7962.5,17626,7963.0,446915,22859,221412,-198553,-429289,0.5
1900-01-01 19:47:45,7958.0,305303,7958.5,273009,232789,787163,-554374,32294,0.5
1900-01-01 19:48:00,7959.0,28618,7959.5,744925,160867,693271,-532404,-716307,0.5
1900-01-01 19:48:15,7959.0,101522,7959.5,136352,40151,181852,-141701,-34830,0.5
1900-01-01 19:48:30,7971.0,392585,7971.5,495416,375472,35057,340415,-102831,0.5
1900-01-01 19:48:45,7961.5,484523,7962.0,37810,180080,97780,82300,446713,0.5
1900-01-01 19:49:00,7965.5,280988,7966.0,682552,85654,21979,63675,-401564,0.5
1900-01-01 19:49:15,7962.0,13138,7962.5,245767,43749,41267,2482,-232629,0.5
1900-01-01 19:49:30,7959.5,277170,7960.0,19032,55293,45233,10060,258138,0.5
1900-01-01 19:49:45,7961.0,137356,7961.5,292521,92604,35869,56735,-155165,0.5
1900-01-01 19:50:00,7965.5,133234,7966.0,785692,573355,28139,545216,-652458,0.5
1900-01-01 19:50:15,7969.5,407868,7970.0,265490,623498,50004,573494,142378,0.5
1900-01-01 19:50:30,7977.0,33700,7977.5,312629,930879,30722,900157,-278929,0.5
1900-01-01 19:50:45,7977.0,613768,7977.5,313064,378883,48624,330259,300704,0.5
1900-01-01 19:51:00,7979.5,66841,7980.0,390876,827896,40993,786903,-324035,0.5
1900-01-01 19:51:15,7979.5,213671,7980.0,856473,317930,12696,305234,-642802,0.5
1900-01-01 19:51:30,7971.0,4714,7971.5,26640,19220,201415,-182195,-21926,0.5
1900-01-01 19:51:45,7971.0,126003,7971.5,295171,92888,199944,-107056,-169168,0.5
1900-01-01 19:52:00,7968.5,610,7969.0,544068,28942,51562,-22620,-543458,0.5
1900-01-01 19:52:15,7968.5,315618,7969.0,18648,31523,394350,-362827,296970,0.5
1900-01-01 19:52:30,7971.5,1017015,7972.0,58567,266450,510,265940,958448,0.5
1900-01-01 19:52:45,7978.5,522051,7979.0,272991,343980,8252,335728,249060,0.5
1900-01-01 19:53:00,7978.5,1096645,7979.0,49859,250622,5316,245306,1046786,0.5
1900-01-01 19:53:15,7976.0,467,7979.0,1057403,113775,72761,41014,-1056936,3.0
1900-01-01 19:53:30,7976.5,301843,7977.0,62543,125519,21193,104326,239300,0.5
1900-01-01 19:53:45,7976.5,447404,7977.0,729736,15924,12838,3086,-282332,0.5
1900-01-01 19:54:00,7977.0,774038,7977.5,290357,103916,693,103223,483681,0.5
1900-01-01 19:54:15,7980.0,442434,7980.5,64264,425860,27702,398158,378170,0.5
1900-01-01 19:54:30,7985.5,960191,7986.0,48443,358227,5916,352311,911748,0.5
1900-01-01 19:54:45,7985.5,143966,7986.0,1143776,256110,34090,222020,-999810,0.5
1900-01-01 19:55:00,7984.5,49768,7985.0,1064920,56272,112959,-56687,-1015152,0.5
1900-01-01 19:55:15,7981.5,31985,7982.0,471783,18830,61973,-43143,-439798,0.5
1900-01-01 19:55:30,7982.0,727359,7982.5,241018,178340,56630,121710,486341,0.5
1900-01-01 19:55:45,7984.5,604785,7985.0,162337,143393,12712,130681,442448,0.5
1900-01-01 19:56:00,7989.5,299869,7990.0,231173,1748290,6905,1741385,68696,0.5
1900-01-01 19:56:15,7989.5,143863,7990.0,495204,178556,11569,166987,-351341,0.5
1900-01-01 19:56:30,7989.5,146436,7990.0,1011045,14111,5600,8511,-864609,0.5
1900-01-01 19:56:45,7988.0,165293,7988.5,1221497,94597,289668,-195071,-1056204,0.5
1900-01-01 19:57:00,7988.0,280558,7988.5,1288920,9603,71324,-61721,-1008362,0.5
1900-01-01 19:57:15,7988.0,196145,7988.5,1302443,526,12390,-11864,-1106298,0.5
1900-01-01 19:57:30,7988.0,161289,7988.5,1323030,9242,181015,-171773,-1161741,0.5
1900-01-01 19:57:45,7987.5,10277,7988.0,1475233,48478,161277,-112799,-1464956,0.5
1900-01-01 19:58:00,7981.5,1628,7982.0,785061,1002,187645,-186643,-783433,0.5
1900-01-01 19:58:15,7969.0,214350,7969.5,7466,104417,251709,-147292,206884,0.5
1900-01-01 19:58:30,7971.0,479219,7971.5,299962,234667,37510,197157,179257,0.5
1900-01-01 19:58:45,7971.0,89436,7971.5,1125108,44410,277298,-232888,-1035672,0.5
1900-01-01 19:59:00,7944.0,394853,7944.5,102811,61575,923011,-861436,292042,0.5
1900-01-01 19:59:15,7952.5,541565,7953.0,258818,489809,340591,149218,282747,0.5
1900-01-01 19:59:30,7958.5,454271,7959.0,178986,271930,94730,177200,275285,0.5
1900-01-01 19:59:45,7959.0,130232,7959.5,315903,182828,12421,170407,-185671,0.5
1900-01-01 20:00:00,7959.0,36551,7959.5,517332,350160,173228,176932,-480781,0.5
1900-01-01 20:00:15,7959.5,457512,7960.0,390074,266034,52043,213991,67438,0.5
1900-01-01 20:00:30,7969.5,461873,7970.0,74379,153236,16978,136258,387494,0.5
1900-01-01 20:00:45,7969.5,422300,7970.0,2267,157912,52882,105030,420033,0.5
1900-01-01 20:01:00,7974.5,630261,7975.0,153539,638067,20777,617290,476722,0.5
1900-01-01 20:01:15,7974.5,122241,7975.0,1964929,47496,108929,-61433,-1842688,0.5
1900-01-01 20:01:30,7969.0,16244,7969.5,1895703,20352,246266,-225914,-1879459,0.5
1900-01-01 20:01:45,7966.0,610900,7966.5,1108875,24613,117088,-92475,-497975,0.5
1900-01-01 20:02:00,7966.0,562951,7966.5,1240004,60851,118055,-57204,-677053,0.5
1900-01-01 20:02:15,7966.0,824167,7966.5,998101,248630,29061,219569,-173934,0.5
1900-01-01 20:02:30,7966.0,325356,7966.5,2199155,319174,14574,304600,-1873799,0.5
1900-01-01 20:02:45,7966.0,285159,7966.5,2209043,36976,51853,-14877,-1923884,0.5
1900-01-01 20:03:00,7966.0,211313,7966.5,2370989,44206,36368,7838,-2159676,0.5
1900-01-01 20:03:15,7965.0,624442,7965.5,1747880,44206,758354,-714148,-1123438,0.5
1900-01-01 20:03:30,7956.0,28030,7956.5,11248,5148,631853,-626705,16782,0.5
1900-01-01 20:03:45,7963.0,207101,7963.5,55926,104263,269705,-165442,151175,0.5
1900-01-01 20:04:00,7959.0,145,7959.5,231763,5982,146569,-140587,-231618,0.5
1900-01-01 20:04:15,7957.0,497489,7957.5,192666,147850,78092,69758,304823,0.5
1900-01-01 20:04:30,7954.5,2686,7955.0,424977,62077,164556,-102479,-422291,0.5
1900-01-01 20:04:45,7950.5,88486,7951.0,185744,51692,59283,-7591,-97258,0.5
1900-01-01 20:05:00,7951.0,887636,7951.5,56,113193,229508,-116315,887580,0.5
1900-01-01 20:05:15,7957.5,44556,7958.0,10000,237620,30322,207298,34556,0.5
1900-01-01 20:05:30,7956.5,565232,7957.0,147578,41636,9708,31928,417654,0.5
1900-01-01 20:05:45,7956.5,46166,7957.0,544911,15902,32171,-16269,-498745,0.5
1900-01-01 20:06:00,7956.5,500075,7957.0,258285,14600,7264,7336,241790,0.5
1900-01-01 20:06:15,7956.5,396216,7957.0,351397,212283,11012,201271,44819,0.5
1900-01-01 20:06:30,7957.0,821910,7957.5,4608,18580,17666,914,817302,0.5
1900-01-01 20:06:45,7956.5,125676,7957.0,393348,214956,22906,192050,-267672,0.5
1900-01-01 20:07:00,7956.5,242911,7957.0,235782,2024,8476,-6452,7129,0.5
1900-01-01 20:07:15,7959.5,351917,7960.0,204510,148931,16500,132431,147407,0.5
1900-01-01 20:07:30,7958.0,1432,7958.5,564032,5559,19035,-13476,-562600,0.5
1900-01-01 20:07:45,7957.0,493849,7957.5,365972,16020,91722,-75702,127877,0.5
1900-01-01 20:08:00,7957.0,412276,7957.5,460358,16002,31480,-15478,-48082,0.5
1900-01-01 20:08:15,7957.0,249135,7957.5,405891,35012,3600,31412,-156756,0.5
1900-01-01 20:08:30,7957.0,583335,7957.5,390586,16626,18798,-2172,192749,0.5
1900-01-01 20:08:45,7956.5,13307,7957.0,1700347,20000,196919,-176919,-1687040,0.5
1900-01-01 20:09:00,7921.5,64152,7925.5,5000,26000,2151160,-2125160,59152,4.0
1900-01-01 20:09:15,7911.5,408,7914.0,16298,257765,4674620,-4416855,-15890,2.5
1900-01-01 20:09:30,7931.5,479103,7932.0,289147,710766,832031,-121265,189956,0.5
1900-01-01 20:09:45,7931.5,593396,7932.0,232940,782797,207743,575054,360456,0.5
1900-01-01 20:10:00,7937.0,313096,7937.5,253223,567999,87854,480145,59873,0.5
1900-01-01 20:10:15,7930.0,8169,7930.5,682509,359080,156389,202691,-674340,0.5
1900-01-01 20:10:30,7923.0,292519,7923.5,896227,165665,874027,-708362,-603708,0.5
1900-01-01 20:10:45,7923.0,726178,7923.5,192729,94293,154720,-60427,533449,0.5
1900-01-01 20:11:00,7928.0,415465,7928.5,186811,361978,77256,284722,228654,0.5
1900-01-01 20:11:15,7938.0,112855,7938.5,6097,170814,28504,142310,106758,0.5
1900-01-01 20:11:30,7942.0,1271079,7942.5,23064,299911,91648,208263,1248015,0.5
1900-01-01 20:11:45,7953.5,928337,7954.0,1133993,287563,444401,-156838,-205656,0.5
1900-01-01 20:12:00,7961.0,434156,7961.5,27184,510120,43013,467107,406972,0.5
1900-01-01 20:12:15,7965.0,721364,7965.5,371287,384405,60627,323778,350077,0.5
1900-01-01 20:12:30,7970.0,694278,7970.5,99688,2216394,32020,2184374,594590,0.5
1900-01-01 20:12:45,7970.5,147724,7971.0,577014,132432,95364,37068,-429290,0.5
1900-01-01 20:13:00,7968.5,150,7969.0,644205,120614,98679,21935,-644055,0.5
1900-01-01 20:13:15,7942.0,1070047,7942.5,32337,343418,299260,44158,1037710,0.5
1900-01-01 20:13:30,7955.5,38769,7956.0,621385,350221,58827,291394,-582616,0.5
1900-01-01 20:13:45,7955.5,719962,7956.0,55527,69004,87615,-18611,664435,0.5
1900-01-01 20:14:00,7962.5,253402,7963.0,14223,270848,135810,135038,239179,0.5
1900-01-01 20:14:15,7963.5,788584,7964.0,352454,52363,13123,39240,436130,0.5
1900-01-01 20:14:30,7963.0,266622,7963.5,522348,91461,199749,-108288,-255726,0.5
1900-01-01 20:14:45,7962.5,5071,7963.0,523042,28478,40586,-12108,-517971,0.5
1900-01-01 20:15:00,7962.5,404961,7963.0,603766,67887,80847,-12960,-198805,0.5
1900-01-01 20:15:15,7962.0,72678,7962.5,309533,30107,25958,4149,-236855,0.5
1900-01-01 20:15:30,7962.0,16891,7962.5,961419,18140,86317,-68177,-944528,0.5
1900-01-01 20:15:45,7959.0,641577,7959.5,749889,8612,202176,-193564,-108312,0.5
1900-01-01 20:16:00,7959.0,1029942,7959.5,413391,52156,116101,-63945,616551,0.5
1900-01-01 20:16:15,7960.5,703120,7961.0,132789,105846,55397,50449,570331,0.5
1900-01-01 20:16:30,7963.5,466127,7964.0,102721,159257,200,159057,363406,0.5
1900-01-01 20:16:45,7967.5,790444,7968.0,49181,1319867,36560,1283307,741263,0.5
1900-01-01 20:17:00,7967.5,991751,7968.0,142342,187744,4,187740,849409,0.5
1900-01-01 20:17:15,7967.5,648123,7968.0,547950,91316,20358,70958,100173,0.5
1900-01-01 20:17:30,7967.5,680249,7968.0,546082,15318,24017,-8699,134167,0.5
1900-01-01 20:17:45,7967.5,1148343,7968.0,68539,61557,5223,56334,1079804,0.5
1900-01-01 20:18:00,7969.0,517786,7969.5,69113,19699,5223,14476,448673,0.5
1900-01-01 20:18:15,7972.0,249603,7972.5,297598,96165,10964,85201,-47995,0.5
1900-01-01 20:18:30,7972.5,676873,7973.0,1406,314007,154002,160005,675467,0.5
1900-01-01 20:18:45,7977.5,669292,7978.0,162031,239759,18060,221699,507261,0.5
1900-01-01 20:19:00,7977.5,1325147,7978.0,279165,91486,86588,4898,1045982,0.5
1900-01-01 20:19:15,7978.5,1175002,7979.0,299281,266497,3140,263357,875721,0.5
1900-01-01 20:19:30,7978.5,709861,7979.0,243652,250929,53768,197161,466209,0.5
1900-01-01 20:19:45,7978.5,178602,7979.0,308711,126055,22780,103275,-130109,0.5
1900-01-01 20:20:00,7977.5,532355,7978.0,778517,43324,324375,-281051,-246162,0.5
1900-01-01 20:20:15,7977.0,182629,7977.5,1094935,79104,446617,-367513,-912306,0.5
1900-01-01 20:20:30,7969.5,1354,7970.0,512652,694,216138,-215444,-511298,0.5
1900-01-01 20:20:45,7969.5,83570,7970.0,426180,27050,30657,-3607,-342610,0.5
1900-01-01 20:21:00,7969.5,7637,7970.0,822595,12762,25289,-12527,-814958,0.5
1900-01-01 20:21:15,7966.0,21114,7966.5,503475,10165,19483,-9318,-482361,0.5
1900-01-01 20:21:30,7966.0,413837,7966.5,389747,251297,19522,231775,24090,0.5
1900-01-01 20:21:45,7966.0,1403308,7966.5,24482,132536,3548,128988,1378826,0.5
1900-01-01 20:22:00,7971.0,106983,7971.5,166255,61606,40646,20960,-59272,0.5
1900-01-01 20:22:15,7971.0,150832,7971.5,141653,58464,21040,37424,9179,0.5
1900-01-01 20:22:30,7971.0,100899,7971.5,317535,78232,22254,55978,-216636,0.5
1900-01-01 20:22:45,7971.0,89562,7971.5,436402,2571,2198,373,-346840,0.5
1900-01-01 20:23:00,7971.0,91135,7971.5,309324,11621,11161,460,-218189,0.5
1900-01-01 20:23:15,7971.0,25521,7971.5,709124,76,267244,-267168,-683603,0.5
1900-01-01 20:23:30,7971.0,1233768,7971.5,34785,56772,8658,48114,1198983,0.5
1900-01-01 20:23:45,7976.0,435092,7976.5,1265,135784,16000,119784,433827,0.5
1900-01-01 20:24:00,7978.5,134154,7979.0,427533,43650,6492,37158,-293379,0.5
1900-01-01 20:24:15,7978.5,230810,7979.0,483151,50702,7436,43266,-252341,0.5
1900-01-01 20:24:30,7978.5,148653,7979.0,538720,13004,40258,-27254,-390067,0.5
1900-01-01 20:24:45,7978.5,7597,7979.0,1053253,8,82835,-82827,-1045656,0.5
1900-01-01 20:25:00,7975.5,118284,7976.0,383669,46028,73049,-27021,-265385,0.5
1900-01-01 20:25:15,7978.5,620045,7979.0,435,112877,71851,41026,619610,0.5
1900-01-01 20:25:30,7978.5,564952,7979.0,151339,40101,411720,-371619,413613,0.5
1900-01-01 20:25:45,7979.5,962141,7980.0,170231,88658,20489,68169,791910,0.5
1900-01-01 20:26:00,7979.5,453494,7980.0,76350,206499,116424,90075,377144,0.5
1900-01-01 20:26:15,7979.5,121263,7980.0,578607,38890,59404,-20514,-457344,0.5
1900-01-01 20:26:30,7975.0,712841,7975.5,29237,54236,72597,-18361,683604,0.5
1900-01-01 20:26:45,7978.5,226824,7979.0,448030,26285,70880,-44595,-221206,0.5
1900-01-01 20:27:00,7979.5,614991,7980.0,78579,75844,340,75504,536412,0.5
1900-01-01 20:27:15,7979.5,271368,7980.0,512368,18008,16558,1450,-241000,0.5
1900-01-01 20:27:30,7971.0,126285,7971.5,344830,8060,141504,-133444,-218545,0.5
1900-01-01 20:27:45,7971.5,89083,7972.0,673129,9342,85565,-76223,-584046,0.5
1900-01-01 20:28:00,7970.0,31550,7970.5,709545,9224,245842,-236618,-677995,0.5
1900-01-01 20:28:15,7968.0,9078,7968.5,673076,486,265786,-265300,-663998,0.5
1900-01-01 20:28:30,7967.0,70799,7967.5,438147,48602,152466,-103864,-367348,0.5
1900-01-01 20:28:45,7967.0,1252299,7967.5,63668,23495,1200,22295,1188631,0.5
1900-01-01 20:29:00,7967.0,201948,7967.5,338068,16497,4038,12459,-136120,0.5
1900-01-01 20:29:15,7967.0,139693,7967.5,642434,29938,31112,-1174,-502741,0.5
1900-01-01 20:29:30,7967.0,33584,7967.5,582785,1000,68399,-67399,-549201,0.5
1900-01-01 20:29:45,7981.5,317905,7982.0,56311,60994,67135,-6141,261594,0.5
1900-01-01 20:30:00,7987.0,201129,7987.5,17164,409981,25757,384224,183965,0.5
1900-01-01 20:30:15,7989.0,821263,7989.5,45180,654478,36065,618413,776083,0.5
1900-01-01 20:30:30,7980.5,11424,7981.0,1689087,74824,890034,-815210,-1677663,0.5
1900-01-01 20:30:45,7976.0,1147982,7976.5,2188,229118,151863,77255,1145794,0.5
1900-01-01 20:31:00,7982.0,287248,7982.5,408647,25465,26171,-706,-121399,0.5
1900-01-01 20:31:15,7982.0,997395,7982.5,27512,27834,23178,4656,969883,0.5
1900-01-01 20:31:30,7976.5,209990,7977.0,715354,819,657139,-656320,-505364,0.5
1900-01-01 20:31:45,7984.0,707448,7984.5,11274,104356,64044,40312,696174,0.5
1900-01-01 20:32:00,7984.5,66700,7985.0,835727,19862,218190,-198328,-769027,0.5
1900-01-01 20:32:15,7982.0,47131,7982.5,930724,13767,49472,-35705,-883593,0.5
1900-01-01 20:32:30,7982.0,14477,7982.5,843035,19960,66137,-46177,-828558,0.5
1900-01-01 20:32:45,7977.0,5680,7977.5,706014,5960,125426,-119466,-700334,0.5
1900-01-01 20:33:00,7977.0,579674,7977.5,311497,6098,36738,-30640,268177,0.5
1900-01-01 20:33:15,7977.0,61544,7977.5,734565,6100,67202,-61102,-673021,0.5
1900-01-01 20:33:30,7976.5,9535,7977.0,1015893,1891,169425,-167534,-1006358,0.5
1900-01-01 20:33:45,7975.5,190597,7976.0,916704,566,55766,-55200,-726107,0.5
1900-01-01 20:34:00,7975.5,241477,7976.0,785520,57128,20073,37055,-544043,0.5
1900-01-01 20:34:15,7975.5,187490,7976.0,693590,59100,48000,11100,-506100,0.5
1900-01-01 20:34:30,7979.5,558478,7980.0,77132,203619,1334,202285,481346,0.5
1900-01-01 20:34:45,7979.5,1053721,7980.0,22018,131013,20,130993,1031703,0.5
1900-01-01 20:35:00,7979.5,1141169,7980.0,28799,57374,942,56432,1112370,0.5
1900-01-01 20:35:15,7979.5,1107374,7980.0,95957,181994,14445,167549,1011417,0.5
1900-01-01 20:35:30,7979.5,279381,7980.0,590839,21600,107868,-86268,-311458,0.5
1900-01-01 20:35:45,7979.5,673032,7980.0,176920,18128,44015,-25887,496112,0.5
1900-01-01 20:36:00,7979.5,1290085,7980.0,5883,13192,123000,-109808,1284202,0.5
1900-01-01 20:36:15,7981.0,662577,7981.5,3429,4550,20000,-15450,659148,0.5
1900-01-01 20:36:30,7984.5,624272,7985.0,52194,148383,20000,128383,572078,0.5
1900-01-01 20:36:45,7990.0,919638,7990.5,55743,355785,105720,250065,863895,0.5
1900-01-01 20:37:00,7992.0,872847,7992.5,21177,92537,158606,-66069,851670,0.5
1900-01-01 20:37:15,7992.0,200081,7992.5,477906,111723,167418,-55695,-277825,0.5
1900-01-01 20:37:30,7992.0,276432,7992.5,469786,142952,141933,1019,-193354,0.5
1900-01-01 20:37:45,7992.0,320454,7992.5,238841,40874,67123,-26249,81613,0.5
1900-01-01 20:38:00,7992.0,329818,7992.5,196885,21141,11664,9477,132933,0.5
1900-01-01 20:38:15,7992.0,204260,7992.5,272568,29890,34152,-4262,-68308,0.5
1900-01-01 20:38:30,7992.0,357974,7992.5,53936,79446,200,79246,304038,0.5
1900-01-01 20:38:45,7992.5,853456,7993.0,39759,32417,1615,30802,813697,0.5
1900-01-01 20:39:00,7996.5,654824,7997.0,68521,134336,17030,117306,586303,0.5
1900-01-01 20:39:15,7996.5,575184,7997.0,72804,26254,19877,6377,502380,0.5
1900-01-01 20:39:30,7996.5,182630,7997.0,71551,52425,51232,1193,111079,0.5
1900-01-01 20:39:45,7996.5,201308,7997.0,61956,37531,15812,21719,139352,0.5
1900-01-01 20:40:00,7998.5,1550468,7999.0,24823,350406,51504,298902,1525645,0.5
1900-01-01 20:40:15,7999.0,586443,7999.5,60490,152541,490,152051,525953,0.5
1900-01-01 20:40:30,7999.5,746548,8000.0,409663,769088,55526,713562,336885,0.5
1900-01-01 20:40:45,8001.5,609885,8002.0,754927,314845,13888,300957,-145042,0.5
1900-01-01 20:41:00,8001.5,92639,8002.0,1008428,89537,58113,31424,-915789,0.5
1900-01-01 20:41:15,7999.5,28582,8000.0,300018,28644,76654,-48010,-271436,0.5
1900-01-01 20:41:30,7996.0,6804,7996.5,403858,76026,41680,34346,-397054,0.5
1900-01-01 20:41:45,7993.5,58864,7994.0,824557,38100,678538,-640438,-765693,0.5
1900-01-01 20:42:00,7992.0,154770,7992.5,917763,3416,172585,-169169,-762993,0.5
1900-01-01 20:42:15,7992.0,1276424,7992.5,77780,17340,77528,-60188,1198644,0.5
1900-01-01 20:42:30,7995.5,760190,7996.0,29690,24366,20407,3959,730500,0.5
1900-01-01 20:42:45,8002.5,215211,8003.0,24131,1000619,500,1000119,191080,0.5
1900-01-01 20:43:00,8006.0,306546,8006.5,119429,354195,9124,345071,187117,0.5
1900-01-01 20:43:15,8014.5,93064,8015.0,576301,586846,41277,545569,-483237,0.5
1900-01-01 20:43:30,8004.0,39,8004.5,264211,32584,189166,-156582,-264172,0.5
1900-01-01 20:43:45,8001.5,519,8002.0,901562,8018,58503,-50485,-901043,0.5
1900-01-01 20:44:00,8000.5,148624,8001.0,592831,68786,250002,-181216,-444207,0.5
1900-01-01 20:44:15,8000.5,610310,8001.0,12494,133882,17879,116003,597816,0.5
1900-01-01 20:44:30,8009.5,231882,8010.0,26066,49989,38982,11007,205816,0.5
1900-01-01 20:44:45,8012.0,443552,8012.5,36511,31738,20873,10865,407041,0.5
1900-01-01 20:45:00,8022.0,244576,8022.5,62139,186255,20062,166193,182437,0.5
1900-01-01 20:45:15,8033.0,173324,8033.5,222055,777406,229702,547704,-48731,0.5
1900-01-01 20:45:30,8025.0,230817,8025.5,1124855,177554,882217,-704663,-894038,0.5
1900-01-01 20:45:45,8016.0,479071,8016.5,373322,132723,244645,-111922,105749,0.5
1900-01-01 20:46:00,8012.5,38954,8013.0,587526,40317,336451,-296134,-548572,0.5
1900-01-01 20:46:15,8007.5,833093,8008.0,2322,51370,278510,-227140,830771,0.5
1900-01-01 20:46:30,8012.5,152201,8013.0,472497,65643,108092,-42449,-320296,0.5
1900-01-01 20:46:45,8012.5,45697,8013.0,689061,70880,85321,-14441,-643364,0.5
1900-01-01 20:47:00,8012.0,403712,8012.5,319924,185360,52718,132642,83788,0.5
1900-01-01 20:47:15,8006.5,550428,8007.0,258614,5872,64872,-59000,291814,0.5
1900-01-01 20:47:30,8004.0,5072,8004.5,29482,2422,162199,-159777,-24410,0.5
1900-01-01 20:47:45,8004.0,391954,8004.5,252529,17726,104844,-87118,139425,0.5
1900-01-01 20:48:00,8004.0,59527,8004.5,983600,30306,106061,-75755,-924073,0.5
1900-01-01 20:48:15,8003.0,531687,8003.5,378924,1704,47604,-45900,152763,0.5
1900-01-01 20:48:30,8003.0,519356,8003.5,278751,201055,284595,-83540,240605,0.5
1900-01-01 20:48:45,8003.0,766348,8003.5,353313,12650,15875,-3225,413035,0.5
1900-01-01 20:49:00,8006.5,816398,8007.0,43746,81289,4170,77119,772652,0.5
1900-01-01 20:49:15,8009.0,776693,8009.5,22524,83261,202,83059,754169,0.5
1900-01-01 20:49:30,8009.0,156386,8009.5,485182,5925,41323,-35398,-328796,0.5
1900-01-01 20:49:45,7993.5,1552731,7994.0,65393,29280,225490,-196210,1487338,0.5
1900-01-01 20:50:00,7993.5,607689,7994.0,979885,283846,2167452,-1883606,-372196,0.5
1900-01-01 20:50:15,7999.0,364806,7999.5,89210,288323,122164,166159,275596,0.5
1900-01-01 20:50:30,7999.0,390785,7999.5,223370,210868,5248,205620,167415,0.5
1900-01-01 20:50:45,7999.0,71393,7999.5,530708,103062,34364,68698,-459315,0.5
1900-01-01 20:51:00,7999.0,1140164,7999.5,5287,133388,47008,86380,1134877,0.5
1900-01-01 20:51:15,7999.5,203078,8000.0,471422,12257,159528,-147271,-268344,0.5
1900-01-01 20:51:30,7999.5,955013,8000.0,3741,45517,8000,37517,951272,0.5
1900-01-01 20:51:45,8004.5,600694,8005.0,20985,40548,10920,29628,579709,0.5
1900-01-01 20:52:00,8004.5,212700,8005.0,569920,58943,127738,-68795,-357220,0.5
1900-01-01 20:52:15,8005.0,948501,8005.5,16775,14774,1032,13742,931726,0.5
1900-01-01 20:52:30,8005.0,413110,8005.5,628181,3928,38938,-35010,-215071,0.5
1900-01-01 20:52:45,8005.0,70929,8005.5,702440,28207,20848,7359,-631511,0.5
1900-01-01 20:53:00,8002.5,496043,8003.0,106886,728,295088,-294360,389157,0.5
1900-01-01 20:53:15,8007.5,610292,8008.0,1445,57402,26081,31321,608847,0.5
1900-01-01 20:53:30,8011.0,661240,8011.5,18230,66238,9352,56886,643010,0.5
1900-01-01 20:53:45,8014.0,485479,8014.5,478689,21908,9623,12285,6790,0.5
1900-01-01 20:54:00,8018.0,265048,8018.5,1023684,62311,2600,59711,-758636,0.5
1900-01-01 20:54:15,8018.0,199682,8018.5,606956,124137,53343,70794,-407274,0.5
1900-01-01 20:54:30,8022.5,929187,8023.0,744,147403,48601,98802,928443,0.5
1900-01-01 20:54:45,8029.0,107441,8029.5,162508,641563,86613,554950,-55067,0.5
1900-01-01 20:55:00,8029.0,135556,8029.5,665444,79920,64445,15475,-529888,0.5
1900-01-01 20:55:15,8032.5,205664,8033.0,187433,387224,279021,108203,18231,0.5
1900-01-01 20:55:30,8027.0,475586,8027.5,174399,72022,55914,16108,301187,0.5
1900-01-01 20:55:45,8017.5,85803,8018.0,535291,18200,264198,-245998,-449488,0.5
1900-01-01 20:56:00,8011.0,1114883,8011.5,141877,128259,157171,-28912,973006,0.5
1900-01-01 20:56:15,8015.0,552069,8016.5,23879,279471,29290,250181,528190,1.5
1900-01-01 20:56:30,8021.5,763577,8022.0,16682,68663,21888,46775,746895,0.5
1900-01-01 20:56:45,8027.5,748739,8028.0,272164,410232,11874,398358,476575,0.5
1900-01-01 20:57:00,8034.5,694,8035.0,527180,270486,134746,135740,-526486,0.5
1900-01-01 20:57:15,8030.5,10296,8031.0,643040,165390,96820,68570,-632744,0.5
1900-01-01 20:57:30,8030.5,6146,8031.0,698759,31462,24186,7276,-692613,0.5
1900-01-01 20:57:45,8026.5,20307,8027.0,782146,18688,656296,-637608,-761839,0.5
1900-01-01 20:58:00,8030.5,151799,8031.0,9743,83655,136554,-52899,142056,0.5
1900-01-01 20:58:15,8032.0,689562,8032.5,18088,62853,3378,59475,671474,0.5
1900-01-01 20:58:30,8034.5,311002,8035.0,71082,381231,91997,289234,239920,0.5
1900-01-01 20:58:45,8035.0,626874,8035.5,1110,55654,10624,45030,625764,0.5
1900-01-01 20:59:00,8040.0,538287,8040.5,22205,121855,51180,70675,516082,0.5
1900-01-01 20:59:15,8040.0,300961,8040.5,290097,259000,424310,-165310,10864,0.5
1900-01-01 20:59:30,8040.0,140990,8040.5,380036,41298,238930,-197632,-239046,0.5
1900-01-01 20:59:45,8024.5,20685,8025.5,153305,9592,395388,-385796,-132620,1.0
1900-01-01 21:00:00,8024.5,545053,8025.0,16214,187498,41227,146271,528839,0.5
1900-01-01 21:00:15,8024.5,290842,8025.0,596589,234117,224585,9532,-305747,0.5
1900-01-01 21:00:30,8024.5,390963,8025.0,821267,75090,33509,41581,-430304,0.5
1900-01-01 21:00:45,8025.5,543859,8026.0,166,74456,61997,12459,543693,0.5
1900-01-01 21:01:00,8030.5,777159,8031.0,52741,173603,59215,114388,724418,0.5
1900-01-01 21:01:15,8030.5,497063,8031.0,289194,33768,13214,20554,207869,0.5
1900-01-01 21:01:30,8033.5,799165,8034.0,62869,49727,24897,24830,736296,0.5
1900-01-01 21:01:45,8040.0,1081597,8040.5,52810,104984,2166,102818,1028787,0.5
1900-01-01 21:02:00,8045.0,10770,8045.5,845332,156069,159108,-3039,-834562,0.5
1900-01-01 21:02:15,8037.0,621730,8037.5,450227,22250,359466,-337216,171503,0.5
1900-01-01 21:02:30,8037.0,392303,8037.5,494188,32131,34056,-1925,-101885,0.5
1900-01-01 21:02:45,8037.0,190429,8037.5,542591,6882,21202,-14320,-352162,0.5
1900-01-01 21:03:00,8033.0,2938,8036.0,887626,26914,189663,-162749,-884688,3.0
1900-01-01 21:03:15,8030.0,93385,8030.5,993042,61276,248776,-187500,-899657,0.5
1900-01-01 21:03:30,8028.0,606773,8028.5,618435,1780,141620,-139840,-11662,0.5
1900-01-01 21:03:45,8031.5,110308,8032.0,193,28683,26580,2103,110115,0.5
1900-01-01 21:04:00,8032.5,1110915,8033.0,14006,172125,30283,141842,1096909,0.5
1900-01-01 21:04:15,8034.5,706134,8035.0,271742,76913,34214,42699,434392,0.5
1900-01-01 21:04:30,8034.5,770214,8035.0,282774,43814,30818,12996,487440,0.5
1900-01-01 21:04:45,8034.5,962892,8035.0,48662,283058,13118,269940,914230,0.5
1900-01-01 21:05:00,8037.5,261125,8038.0,5683,100464,16301,84163,255442,0.5
1900-01-01 21:05:15,8035.0,29123,8035.5,430808,22913,88135,-65222,-401685,0.5
1900-01-01 21:05:30,8035.0,140004,8035.5,963913,20775,62802,-42027,-823909,0.5
1900-01-01 21:05:45,8031.5,64956,8032.0,494657,5002,109744,-104742,-429701,0.5
1900-01-01 21:06:00,8031.5,1324116,8032.0,127706,7867,19317,-11450,1196410,0.5
1900-01-01 21:06:15,8035.5,268280,8036.0,671872,179646,5414,174232,-403592,0.5
1900-01-01 21:06:30,8035.5,641463,8036.0,49019,126968,28884,98084,592444,0.5
1900-01-01 21:06:45,8037.5,709080,8038.0,28896,98437,6062,92375,680184,0.5
1900-01-01 21:07:00,8038.0,980287,8038.5,1318,47604,62610,-15006,978969,0.5
1900-01-01 21:07:15,8042.0,497967,8042.5,143731,60679,7454,53225,354236,0.5
1900-01-01 21:07:30,8042.0,160267,8042.5,1040935,50941,54938,-3997,-880668,0.5
1900-01-01 21:07:45,8041.0,105643,8041.5,610374,7248,148798,-141550,-504731,0.5
1900-01-01 21:08:00,8041.0,35601,8041.5,1073933,11456,120040,-108584,-1038332,0.5
1900-01-01 21:08:15,8040.5,188727,8041.0,789266,2264,34377,-32113,-600539,0.5
1900-01-01 21:08:30,8039.5,51159,8040.0,737384,139050,204388,-65338,-686225,0.5
1900-01-01 21:08:45,8038.0,11409,8038.5,720232,920,57597,-56677,-708823,0.5
1900-01-01 21:09:00,8034.0,1045273,8034.5,18041,34076,34110,-34,1027232,0.5
1900-01-01 21:09:15,8037.5,623701,8038.0,118958,25436,11028,14408,504743,0.5
1900-01-01 21:09:30,8039.5,793138,8040.0,145497,106449,5754,100695,647641,0.5
1900-01-01 21:09:45,8039.5,983663,8040.0,16685,131633,101112,30521,966978,0.5
1900-01-01 21:10:00,8045.0,463842,8045.5,86777,88806,33628,55178,377065,0.5
1900-01-01 21:10:15,8037.0,558326,8037.5,98143,8660,204674,-196014,460183,0.5
1900-01-01 21:10:30,8039.0,470043,8039.5,1161,53155,204674,-151519,468882,0.5
1900-01-01 21:10:45,8040.5,46553,8041.0,380348,3403,4500,-1097,-333795,0.5
1900-01-01 21:11:00,8040.5,518301,8041.0,86566,25255,27665,-2410,431735,0.5
1900-01-01 21:11:15,8043.5,622619,8044.0,59377,54704,2957,51747,563242,0.5
1900-01-01 21:11:30,8044.0,610213,8044.5,3215,73981,16303,57678,606998,0.5
1900-01-01 21:11:45,8047.5,743765,8048.0,27702,179956,110816,69140,716063,0.5
1900-01-01 21:12:00,8051.0,8922,8051.5,476079,1075322,610509,464813,-467157,0.5
1900-01-01 21:12:15,8051.0,4357,8051.5,487428,54290,192397,-138107,-483071,0.5
1900-01-01 21:12:30,8048.0,778905,8048.5,108673,41426,125791,-84365,670232,0.5
1900-01-01 21:12:45,8051.5,260706,8052.0,376575,126904,50122,76782,-115869,0.5
1900-01-01 21:13:00,8050.5,247623,8051.0,44359,60649,141293,-80644,203264,0.5
1900-01-01 21:13:15,8051.5,1711480,8052.0,442079,90761,28512,62249,1269401,0.5
1900-01-01 21:13:30,8055.5,372275,8059.5,142856,717251,6012,711239,229419,4.0
1900-01-01 21:13:45,8059.0,169176,8059.5,241626,603447,716125,-112678,-72450,0.5
1900-01-01 21:14:00,8057.0,235771,8057.5,677362,15840,100831,-84991,-441591,0.5
1900-01-01 21:14:15,8057.0,138305,8057.5,636148,105458,11606,93852,-497843,0.5
1900-01-01 21:14:30,8053.0,592761,8053.5,133989,82298,190521,-108223,458772,0.5
1900-01-01 21:14:45,8053.0,766775,8053.5,13266,334360,65677,268683,753509,0.5
1900-01-01 21:15:00,8057.5,30162,8058.0,673481,130710,27104,103606,-643319,0.5
1900-01-01 21:15:15,8060.5,461170,8061.0,102235,195042,311364,-116322,358935,0.5
1900-01-01 21:15:30,8072.0,107988,8072.5,9878,352166,132222,219944,98110,0.5
1900-01-01 21:15:45,8055.5,106379,8056.0,159616,248270,533052,-284782,-53237,0.5
1900-01-01 21:16:00,8064.5,499338,8065.0,33582,352400,174285,178115,465756,0.5
1900-01-01 21:16:15,8069.5,229559,8070.0,522136,432239,96862,335377,-292577,0.5
1900-01-01 21:16:30,8072.5,584213,8073.0,4055,1789843,25346,1764497,580158,0.5
1900-01-01 21:16:45,8074.5,214722,8075.0,530643,807744,75613,732131,-315921,0.5
1900-01-01 21:17:00,8074.5,457945,8075.0,161764,308575,43360,265215,296181,0.5
1900-01-01 21:17:15,8075.0,560628,8075.5,216521,309493,536377,-226884,344107,0.5
1900-01-01 21:17:30,8076.5,615197,8077.0,64556,354116,235971,118145,550641,0.5
1900-01-01 21:17:45,8074.5,40286,8075.0,439361,107295,309093,-201798,-399075,0.5
1900-01-01 21:18:00,8069.0,24273,8069.5,181861,84862,239774,-154912,-157588,0.5
1900-01-01 21:18:15,8069.0,745000,8069.5,54635,47318,131190,-83872,690365,0.5
1900-01-01 21:18:30,8070.5,914914,8071.0,253269,475374,14576,460798,661645,0.5
1900-01-01 21:18:45,8063.0,33736,8063.5,906867,301801,518845,-217044,-873131,0.5
1900-01-01 21:19:00,8055.5,4371,8056.0,240719,103951,716321,-612370,-236348,0.5
1900-01-01 21:19:15,8042.5,76,8043.0,19738,261378,776185,-514807,-19662,0.5
1900-01-01 21:19:30,8043.5,595797,8044.0,154315,290355,436737,-146382,441482,0.5
1900-01-01 21:19:45,8046.5,465620,8047.0,11721,223686,77729,145957,453899,0.5
1900-01-01 21:20:00,8056.5,211325,8057.0,539865,157828,32628,125200,-328540,0.5
1900-01-01 21:20:15,8064.0,562532,8064.5,252552,148770,58638,90132,309980,0.5
1900-01-01 21:20:30,8064.5,461585,8065.0,348484,240988,33299,207689,113101,0.5
1900-01-01 21:20:45,8064.5,84985,8065.0,563606,117618,177500,-59882,-478621,0.5
1900-01-01 21:21:00,8056.5,13500,8057.0,2079616,442824,387652,55172,-2066116,0.5
1900-01-01 21:21:15,8052.5,201527,8053.0,427910,125653,180291,-54638,-226383,0.5
1900-01-01 21:21:30,8044.5,35287,8045.0,518407,152058,225381,-73323,-483120,0.5
1900-01-01 21:21:45,8040.0,298851,8061.0,12955,414198,456037,-41839,285896,21.0
1900-01-01 21:22:00,8054.5,405490,8055.0,294343,84392,77421,6971,111147,0.5
1900-01-01 21:22:15,8058.5,669705,8059.0,291799,156787,46459,110328,377906,0.5
1900-01-01 21:22:30,8058.5,654845,8059.0,485026,100659,11575,89084,169819,0.5
1900-01-01 21:22:45,8058.5,534194,8059.0,220729,76416,9582,66834,313465,0.5
1900-01-01 21:23:00,8059.0,655642,8059.5,6862,220702,37707,182995,648780,0.5
1900-01-01 21:23:15,8059.5,441191,8060.0,134674,128041,23265,104776,306517,0.5
1900-01-01 21:23:30,8059.5,572582,8060.0,51615,32100,21270,10830,520967,0.5
1900-01-01 21:23:45,8059.5,127106,8060.0,586404,32100,137499,-105399,-459298,0.5
1900-01-01 21:24:00,8058.5,31258,8059.0,641961,36471,91023,-54552,-610703,0.5
1900-01-01 21:24:15,8057.0,827093,8057.5,519249,45178,31227,13951,307844,0.5
1900-01-01 21:24:30,8057.0,1078394,8057.5,55554,63130,32000,31130,1022840,0.5
1900-01-01 21:24:45,8061.5,760179,8062.0,24811,157785,1082,156703,735368,0.5
1900-01-01 21:25:00,8067.0,417539,8067.5,5836,162616,41090,121526,411703,0.5
1900-01-01 21:25:15,8069.5,400991,8070.0,69537,187523,32087,155436,331454,0.5
1900-01-01 21:25:30,8072.5,64960,8073.0,418689,106694,205429,-98735,-353729,0.5
1900-01-01 21:25:45,8072.0,274886,8072.5,282137,104558,334441,-229883,-7251,0.5
1900-01-01 21:26:00,8063.0,736502,8063.5,49629,44304,384133,-339829,686873,0.5
1900-01-01 21:26:15,8066.5,339478,8067.0,7043,111216,18910,92306,332435,0.5
1900-01-01 21:26:30,8066.5,314880,8067.0,331804,41604,41014,590,-16924,0.5
1900-01-01 21:26:45,8066.5,630225,8067.0,419819,130100,149276,-19176,210406,0.5
1900-01-01 21:27:00,8066.5,566102,8067.0,558952,32002,29020,2982,7150,0.5
1900-01-01 21:27:15,8066.5,615227,8067.0,601246,62568,44967,17601,13981,0.5
1900-01-01 21:27:30,8066.5,791436,8067.0,559890,66896,167520,-100624,231546,0.5
1900-01-01 21:27:45,8066.5,788765,8067.0,422825,60662,32504,28158,365940,0.5
1900-01-01 21:28:00,8066.5,728557,8067.0,198617,123740,23532,100208,529940,0.5
1900-01-01 21:28:15,8067.5,303469,8068.0,25049,57320,64100,-6780,278420,0.5
1900-01-01 21:28:30,8068.0,738265,8068.5,49341,122062,2334,119728,688924,0.5
1900-01-01 21:28:45,8068.5,600050,8069.0,242629,21286,57165,-35879,357421,0.5
1900-01-01 21:29:00,8068.5,171807,8069.0,669659,41699,280251,-238552,-497852,0.5
1900-01-01 21:29:15,8067.5,63367,8068.0,686006,183743,468927,-285184,-622639,0.5
1900-01-01 21:29:30,8067.0,149138,8067.5,584634,115507,161312,-45805,-435496,0.5
1900-01-01 21:29:45,8066.5,86910,8067.0,1140036,1400,319384,-317984,-1053126,0.5
1900-01-01 21:30:00,8065.0,418368,8065.5,844556,15344,444660,-429316,-426188,0.5
1900-01-01 21:30:15,8065.0,306130,8065.5,774875,104582,180984,-76402,-468745,0.5
1900-01-01 21:30:30,8065.0,134028,8065.5,818690,39096,138247,-99151,-684662,0.5
1900-01-01 21:30:45,8045.5,807532,8046.0,56886,53293,294798,-241505,750646,0.5
1900-01-01 21:31:00,8050.0,356757,8050.5,202077,94251,98869,-4618,154680,0.5
1900-01-01 21:31:15,8050.0,148620,8050.5,280140,284974,172830,112144,-131520,0.5
1900-01-01 21:31:30,8048.0,40646,8048.5,518965,156,331057,-330901,-478319,0.5
1900-01-01 21:31:45,8046.0,266817,8046.5,311527,21969,51989,-30020,-44710,0.5
1900-01-01 21:32:00,8046.0,454952,8046.5,290058,171744,103943,67801,164894,0.5
1900-01-01 21:32:15,8046.0,345860,8046.5,337990,26207,72004,-45797,7870,0.5
1900-01-01 21:32:30,8046.0,222093,8046.5,386115,108,90864,-90756,-164022,0.5
1900-01-01 21:32:45,8038.5,101747,8039.0,291701,25896,207150,-181254,-189954,0.5
1900-01-01 21:33:00,8039.5,215353,8040.0,220006,35338,270970,-235632,-4653,0.5
1900-01-01 21:33:15,8042.5,430838,8043.0,182463,224212,45745,178467,248375,0.5
1900-01-01 21:33:30,8046.5,515160,8047.0,6423,26589,57273,-30684,508737,0.5
1900-01-01 21:33:45,8048.0,673285,8048.5,39411,18811,40595,-21784,633874,0.5
1900-01-01 21:34:00,8049.0,348263,8049.5,10333,38991,70279,-31288,337930,0.5
1900-01-01 21:34:15,8051.5,381800,8052.0,321305,56902,16300,40602,60495,0.5
1900-01-01 21:34:30,8051.0,35794,8051.5,761746,63399,129879,-66480,-725952,0.5
1900-01-01 21:34:45,8048.5,213958,8049.0,402534,5782,122083,-116301,-188576,0.5
1900-01-01 21:35:00,8048.5,639331,8049.0,221758,52297,57390,-5093,417573,0.5
1900-01-01 21:35:15,8048.5,668170,8049.0,58044,9538,9805,-267,610126,0.5
1900-01-01 21:35:30,8049.5,474621,8050.0,102555,118990,30868,88122,372066,0.5
1900-01-01 21:35:45,8050.5,724281,8051.0,22458,105439,24817,80622,701823,0.5
1900-01-01 21:36:00,8051.0,780963,8051.5,182251,103560,158420,-54860,598712,0.5
1900-01-01 21:36:15,8053.0,687601,8053.5,47492,179561,5562,173999,640109,0.5
1900-01-01 21:36:30,8055.0,296389,8055.5,434213,103450,109102,-5652,-137824,0.5
1900-01-01 21:36:45,8055.0,655601,8055.5,76300,43409,47420,-4011,579301,0.5
1900-01-01 21:37:00,8055.0,475342,8055.5,178680,43900,17734,26166,296662,0.5
1900-01-01 21:37:15,8055.0,86881,8055.5,304781,860,139984,-139124,-217900,0.5
1900-01-01 21:37:30,8051.5,539469,8052.0,277297,16483,74795,-58312,262172,0.5
1900-01-01 21:37:45,8051.5,558791,8052.0,70542,159789,129558,30231,488249,0.5
1900-01-01 21:38:00,8051.5,1193417,8052.0,21513,10424,17002,-6578,1171904,0.5
1900-01-01 21:38:15,8053.0,784476,8053.5,9863,4881,6281,-1400,774613,0.5
1900-01-01 21:38:30,8053.5,705200,8054.0,66279,41454,8320,33134,638921,0.5
1900-01-01 21:38:45,8056.0,609827,8056.5,242818,137894,5307,132587,367009,0.5
1900-01-01 21:39:00,8056.0,783941,8056.5,494624,137894,2094,135800,289317,0.5
1900-01-01 21:39:15,8056.0,1005071,8056.5,201172,79688,97600,-17912,803899,0.5
1900-01-01 21:39:30,8058.5,403517,8059.0,301563,78231,70584,7647,101954,0.5
1900-01-01 21:39:45,8058.5,358607,8059.0,125969,274789,14812,259977,232638,0.5
1900-01-01 21:40:00,8058.5,295275,8059.0,573918,25873,95906,-70033,-278643,0.5
1900-01-01 21:40:15,8058.5,240207,8059.0,615618,6100,55306,-49206,-375411,0.5
1900-01-01 21:40:30,8058.5,166180,8059.0,596652,2946,36935,-33989,-430472,0.5
1900-01-01 21:40:45,8058.5,324580,8059.0,193711,60788,22981,37807,130869,0.5
1900-01-01 21:41:00,8058.5,806013,8059.0,22783,202815,3003,199812,783230,0.5
1900-01-01 21:41:15,8059.5,725600,8060.0,541143,23054,10626,12428,184457,0.5
1900-01-01 21:41:30,8059.5,751773,8060.0,356143,292969,96614,196355,395630,0.5
1900-01-01 21:41:45,8059.5,1036115,8060.0,267579,115832,1222,114610,768536,0.5
1900-01-01 21:42:00,8061.0,857394,8061.5,7314,81212,8835,72377,850080,0.5
1900-01-01 21:42:15,8065.0,939318,8065.5,15665,65667,2115,63552,923653,0.5
1900-01-01 21:42:30,8071.5,469254,8072.0,78841,179110,26298,152812,390413,0.5
1900-01-01 21:42:45,8072.5,928512,8073.0,28673,109313,8346,100967,899839,0.5
1900-01-01 21:43:00,8082.0,48637,8082.5,26888,701635,69032,632603,21749,0.5
1900-01-01 21:43:15,8066.5,661053,8067.0,319425,691432,690491,941,341628,0.5
1900-01-01 21:43:30,8066.5,1262618,8067.0,107400,108125,78998,29127,1155218,0.5
1900-01-01 21:43:45,8066.5,128005,8067.0,609498,65126,372999,-307873,-481493,0.5
1900-01-01 21:44:00,8060.0,600178,8060.5,336924,20390,241134,-220744,263254,0.5
1900-01-01 21:44:15,8064.5,1111484,8065.0,57746,97684,190422,-92738,1053738,0.5
1900-01-01 21:44:30,8067.0,511920,8067.5,183108,102500,27803,74697,328812,0.5
1900-01-01 21:44:45,8069.0,143177,8069.5,377402,65655,19963,45692,-234225,0.5
1900-01-01 21:45:00,8069.0,690431,8069.5,95157,36708,38565,-1857,595274,0.5
1900-01-01 21:45:15,8076.5,34971,8077.0,16031,148337,7207,141130,18940,0.5
1900-01-01 21:45:30,8079.0,460393,8079.5,269647,162711,62662,100049,190746,0.5
1900-01-01 21:45:45,8079.0,515228,8079.5,18733,196082,92180,103902,496495,0.5
1900-01-01 21:46:00,8083.5,735452,8084.0,175957,130128,61493,68635,559495,0.5
1900-01-01 21:46:15,8071.5,373221,8072.0,11767,45750,278036,-232286,361454,0.5
1900-01-01 21:46:30,8079.0,511597,8079.5,35632,92282,22485,69797,475965,0.5
1900-01-01 21:46:45,8078.5,254794,8079.0,547479,28165,134743,-106578,-292685,0.5
1900-01-01 21:47:00,8078.5,678630,8079.0,322981,7204,51832,-44628,355649,0.5
1900-01-01 21:47:15,8078.5,595681,8079.0,190402,53660,31051,22609,405279,0.5
1900-01-01 21:47:30,8078.5,695898,8079.0,151161,10534,9996,538,544737,0.5
1900-01-01 21:47:45,8079.5,769722,8080.0,215119,190439,36030,154409,554603,0.5
1900-01-01 21:48:00,8079.5,448148,8080.0,289737,209894,41994,167900,158411,0.5
1900-01-01 21:48:15,8081.5,915576,8082.0,52526,436494,20644,415850,863050,0.5
1900-01-01 21:48:30,8082.5,792778,8083.0,73798,120275,17865,102410,718980,0.5
1900-01-01 21:48:45,8082.5,215151,8083.0,310132,38739,93777,-55038,-94981,0.5
1900-01-01 21:49:00,8076.5,920916,8077.0,30408,84630,354885,-270255,890508,0.5
1900-01-01 21:49:15,8076.5,162926,8077.0,417268,34845,41184,-6339,-254342,0.5
1900-01-01 21:49:30,8074.5,34852,8075.0,667848,27516,120585,-93069,-632996,0.5
1900-01-01 21:49:45,8074.0,190415,8074.5,586562,14624,79510,-64886,-396147,0.5
1900-01-01 21:50:00,8074.0,44840,8074.5,641572,8558,113438,-104880,-596732,0.5
1900-01-01 21:50:15,8073.0,1006534,8073.5,8019,11757,208810,-197053,998515,0.5
1900-01-01 21:50:30,8073.0,55290,8073.5,536510,45291,61396,-16105,-481220,0.5
1900-01-01 21:50:45,8069.5,836518,8070.0,231111,60316,165741,-105425,605407,0.5
1900-01-01 21:51:00,8070.0,1428019,8070.5,2197,136852,25262,111590,1425822,0.5
1900-01-01 21:51:15,8080.5,307876,8081.0,3554,402549,22186,380363,304322,0.5
1900-01-01 21:51:30,8082.0,826548,8082.5,39023,422352,19160,403192,787525,0.5
1900-01-01 21:51:45,8086.0,990980,8086.5,18358,405043,8742,396301,972622,0.5
1900-01-01 21:52:00,8088.5,393603,8089.0,805521,147215,288985,-141770,-411918,0.5
1900-01-01 21:52:15,8088.5,767004,8089.0,186435,40896,290081,-249185,580569,0.5
1900-01-01 21:52:30,8089.5,533773,8090.0,415412,236510,35228,201282,118361,0.5
1900-01-01 21:52:45,8088.5,10182,8089.0,267801,53661,22346,31315,-257619,0.5
1900-01-01 21:53:00,8086.0,38625,8086.5,551310,9272,216395,-207123,-512685,0.5
1900-01-01 21:53:15,8086.0,143833,8086.5,569370,23551,17408,6143,-425537,0.5
1900-01-01 21:53:30,8084.0,13587,8084.5,626114,12664,134552,-121888,-612527,0.5
1900-01-01 21:53:45,8077.0,762059,8077.5,195489,122443,306795,-184352,566570,0.5
1900-01-01 21:54:00,8084.5,287616,8085.0,514930,119780,74207,45573,-227314,0.5
1900-01-01 21:54:15,8084.5,1093407,8085.0,24853,75441,9448,65993,1068554,0.5
1900-01-01 21:54:30,8084.5,496053,8085.0,351034,115371,10007,105364,145019,0.5
1900-01-01 21:54:45,8084.5,21827,8085.0,732528,21374,140303,-118929,-710701,0.5
1900-01-01 21:55:00,8084.5,549421,8085.0,103001,138476,50229,88247,446420,0.5
1900-01-01 21:55:15,8084.5,654269,8085.0,51740,39072,13710,25362,602529,0.5
1900-01-01 21:55:30,8086.5,36248,8087.0,1206798,177480,10757,166723,-1170550,0.5
1900-01-01 21:55:45,8082.5,840272,8083.0,312405,93948,42503,51445,527867,0.5
1900-01-01 21:56:00,8077.0,1096349,8077.5,50046,41334,118911,-77577,1046303,0.5
1900-01-01 21:56:15,8079.0,5429,8079.5,765647,30414,132922,-102508,-760218,0.5
1900-01-01 21:56:30,8075.5,18321,8076.0,568320,5344,71178,-65834,-549999,0.5
1900-01-01 21:56:45,8075.0,775428,8075.5,656782,4086,52666,-48580,118646,0.5
1900-01-01 21:57:00,8075.0,423575,8075.5,690925,23212,68428,-45216,-267350,0.5
1900-01-01 21:57:15,8075.0,702824,8075.5,569512,38463,45101,-6638,133312,0.5
1900-01-01 21:57:30,8075.0,1071713,8075.5,92913,54856,1317,53539,978800,0.5
1900-01-01 21:57:45,8077.5,566141,8078.0,42043,43894,2774,41120,524098,0.5
1900-01-01 21:58:00,8079.0,177050,8079.5,1021777,66621,17444,49177,-844727,0.5
1900-01-01 21:58:15,8079.0,12337,8079.5,1401491,3170,52569,-49399,-1389154,0.5
1900-01-01 21:58:30,8077.5,87364,8078.0,1082835,22878,70842,-47964,-995471,0.5
1900-01-01 21:58:45,8077.0,266051,8077.5,710692,3468,42891,-39423,-444641,0.5
1900-01-01 21:59:00,8077.0,1083573,8077.5,49771,32108,86275,-54167,1033802,0.5
1900-01-01 21:59:15,8079.5,785182,8080.0,388801,172053,37150,134903,396381,0.5
1900-01-01 21:59:30,8083.5,167653,8084.0,776772,170025,13170,156855,-609119,0.5
1900-01-01 21:59:45,8085.0,239945,8085.5,342986,36000,53673,-17673,-103041,0.5
1900-01-01 22:00:00,8082.5,45351,8083.0,712066,8125,44327,-36202,-666715,0.5
1900-01-01 22:00:15,8068.0,12809,8068.5,36066,22640,827959,-805319,-23257,0.5
1900-01-01 22:00:30,8070.5,662715,8071.0,386509,248124,101493,146631,276206,0.5
1900-01-01 22:00:45,8070.5,64120,8071.0,1044713,45780,195505,-149725,-980593,0.5
1900-01-01 22:01:00,8060.0,11586,8060.5,350510,7452,692225,-684773,-338924,0.5
1900-01-01 22:01:15,8050.5,132129,8051.0,891,145339,1501709,-1356370,131238,0.5
1900-01-01 22:01:30,8056.0,465582,8056.5,1005731,581384,475459,105925,-540149,0.5
1900-01-01 22:01:45,8049.0,1246,8049.5,1751879,13679,53221,-39542,-1750633,0.5
1900-01-01 22:02:00,8030.0,163989,8030.5,89666,44366,1414861,-1370495,74323,0.5
1900-01-01 22:02:15,8035.0,1133092,8035.5,16459,411590,674441,-262851,1116633,0.5
1900-01-01 22:02:30,8041.5,86697,8042.0,801073,272266,136045,136221,-714376,0.5
1900-01-01 22:02:45,8040.0,4624482,8040.5,643566,87912,225464,-137552,3980916,0.5
1900-01-01 22:03:00,8041.5,169643,8042.0,556894,160480,188996,-28516,-387251,0.5
1900-01-01 22:03:15,8041.5,332929,8042.0,708038,219039,225893,-6854,-375109,0.5
1900-01-01 22:03:30,8040.0,3694454,8040.5,403773,47080,1085878,-1038798,3290681,0.5
1900-01-01 22:03:45,8040.0,3440689,8040.5,588789,174800,1082515,-907715,2851900,0.5
1900-01-01 22:04:00,8040.0,3749957,8040.5,1040340,50687,392211,-341524,2709617,0.5
1900-01-01 22:04:15,8040.0,3173281,8040.5,952583,35464,967427,-931963,2220698,0.5
1900-01-01 22:04:30,8041.5,719265,8042.0,61912,507236,259596,247640,657353,0.5
1900-01-01 22:04:45,8047.5,568408,8048.0,706584,226926,934,225992,-138176,0.5
1900-01-01 22:05:00,8047.5,957429,8048.0,486189,1275553,72073,1203480,471240,0.5
1900-01-01 22:05:15,8047.5,1182330,8048.0,104592,123430,53521,69909,1077738,0.5
1900-01-01 22:05:30,8047.5,1760674,8048.0,1381,77764,21508,56256,1759293,0.5
1900-01-01 22:05:45,8048.0,87809,8048.5,2229826,168128,56657,111471,-2142017,0.5
1900-01-01 22:06:00,8044.5,49475,8045.0,450371,31594,49917,-18323,-400896,0.5
1900-01-01 22:06:15,8040.0,770661,8040.5,522355,14144,424177,-410033,248306,0.5
1900-01-01 22:06:30,8040.0,870165,8040.5,304503,108574,219803,-111229,565662,0.5
1900-01-01 22:06:45,8040.0,770562,8040.5,463054,4930,85970,-81040,307508,0.5
1900-01-01 22:07:00,8045.0,283014,8045.5,443313,95351,168089,-72738,-160299,0.5
1900-01-01 22:07:15,8042.5,336249,8043.0,561845,116496,41497,74999,-225596,0.5
1900-01-01 22:07:30,8040.0,707758,8040.5,617159,13700,430042,-416342,90599,0.5
1900-01-01 22:07:45,8033.5,676794,8034.0,57215,6434,609625,-603191,619579,0.5
1900-01-01 22:08:00,8040.0,153650,8040.5,730619,139741,139314,427,-576969,0.5
1900-01-01 22:08:15,8040.0,228690,8040.5,720455,16754,61948,-45194,-491765,0.5
1900-01-01 22:08:30,8040.0,1182611,8040.5,633362,167023,26672,140351,549249,0.5
1900-01-01 22:08:45,8040.0,1834205,8040.5,531081,37624,36299,1325,1303124,0.5
1900-01-01 22:09:00,8040.0,1271609,8040.5,29770,8804,1902,6902,1241839,0.5
1900-01-01 22:09:15,8047.0,966223,8047.5,269,278228,63584,214644,965954,0.5
1900-01-01 22:09:30,8054.5,182829,8055.0,780301,92872,4252,88620,-597472,0.5
1900-01-01 22:09:45,8060.0,252247,8060.5,280661,149393,453907,-304514,-28414,0.5
1900-01-01 22:10:00,8060.0,1265952,8060.5,106600,167370,228800,-61430,1159352,0.5
1900-01-01 22:10:15,8071.5,402795,8072.0,78089,350689,36805,313884,324706,0.5
1900-01-01 22:10:30,8080.5,345,8081.0,133443,331436,43478,287958,-133098,0.5
1900-01-01 22:10:45,8069.5,20200,8070.5,5664,27002,325358,-298356,14536,1.0
1900-01-01 22:11:00,8078.5,358561,8079.0,3496,112414,52856,59558,355065,0.5
1900-01-01 22:11:15,8083.0,591040,8083.5,40765,120077,29840,90237,550275,0.5
1900-01-01 22:11:30,8083.5,838801,8084.0,153934,206126,110320,95806,684867,0.5
1900-01-01 22:11:45,8084.0,136319,8084.5,762737,216558,33278,183280,-626418,0.5
1900-01-01 22:12:00,8073.0,43507,8073.5,27876,23448,1765795,-1742347,15631,0.5
1900-01-01 22:12:15,8072.5,877122,8073.0,34893,251846,348284,-96438,842229,0.5
1900-01-01 22:12:30,8073.0,1087513,8073.5,223,104898,13982,90916,1087290,0.5
1900-01-01 22:12:45,8077.5,40926,8078.0,807486,42893,19543,23350,-766560,0.5
1900-01-01 22:13:00,8077.5,176815,8078.0,1033582,17026,44153,-27127,-856767,0.5
1900-01-01 22:13:15,8076.0,859,8076.5,1438049,3240,172486,-169246,-1437190,0.5
1900-01-01 22:13:30,8074.0,587498,8074.5,648593,843530,119468,724062,-61095,0.5
1900-01-01 22:13:45,8074.0,300504,8074.5,646012,262442,31054,231388,-345508,0.5
1900-01-01 22:14:00,8061.0,1033507,8061.5,109473,5194,290155,-284961,924034,0.5
1900-01-01 22:14:15,8063.5,728036,8064.0,11829,183384,69456,113928,716207,0.5
1900-01-01 22:14:30,8066.0,111,8066.5,592650,214766,15577,199189,-592539,0.5
1900-01-01 22:14:45,8064.0,155761,8064.5,470462,10302,23108,-12806,-314701,0.5
1900-01-01 22:15:00,8064.0,498603,8064.5,552141,57978,19841,38137,-53538,0.5
1900-01-01 22:15:15,8064.0,940402,8064.5,67003,22816,20374,2442,873399,0.5
1900-01-01 22:15:30,8064.0,699616,8064.5,529164,49298,76170,-26872,170452,0.5
1900-01-01 22:15:45,8064.0,285715,8064.5,747650,130730,62548,68182,-461935,0.5
1900-01-01 22:16:00,8063.5,65219,8064.0,1229498,59424,406813,-347389,-1164279,0.5
1900-01-01 22:16:15,8052.5,417461,8053.0,110060,3406,153737,-150331,307401,0.5
1900-01-01 22:16:30,8052.5,823815,8053.0,420911,23622,1532139,-1508517,402904,0.5
1900-01-01 22:16:45,8055.5,136804,8056.0,497374,36233,141511,-105278,-360570,0.5
1900-01-01 22:17:00,8055.5,8529,8056.0,746681,466,149813,-149347,-738152,0.5
1900-01-01 22:17:15,8055.5,6015,8056.0,952490,52052,86813,-34761,-946475,0.5
1900-01-01 22:17:30,8055.5,13059,8056.0,1178416,13804,88753,-74949,-1165357,0.5
1900-01-01 22:17:45,8055.5,105080,8056.0,1358929,2400,66839,-64439,-1253849,0.5
1900-01-01 22:18:00,8055.5,17320,8056.0,1048489,2400,371194,-368794,-1031169,0.5
1900-01-01 22:18:15,8055.5,123418,8056.0,1076241,152,174900,-174748,-952823,0.5
1900-01-01 22:18:30,8055.5,67641,8056.0,1086383,17550,138030,-120480,-1018742,0.5
1900-01-01 22:18:45,8055.5,39852,8056.0,1555097,30100,81903,-51803,-1515245,0.5
1900-01-01 22:19:00,8055.5,128774,8056.0,1382994,202000,317093,-115093,-1254220,0.5
1900-01-01 22:19:15,8056.5,183009,8057.0,298027,340507,158074,182433,-115018,0.5
1900-01-01 22:19:30,8062.5,625607,8063.0,1039,316523,11650,304873,624568,0.5
1900-01-01 22:19:45,8066.0,876553,8066.5,360888,232966,4447,228519,515665,0.5
1900-01-01 22:20:00,8066.0,336554,8066.5,667123,424119,49876,374243,-330569,0.5
1900-01-01 22:20:15,8059.0,885,8059.5,144289,19637,134012,-114375,-143404,0.5
1900-01-01 22:20:30,8059.0,108064,8059.5,1099507,200,142928,-142728,-991443,0.5
1900-01-01 22:20:45,8059.0,106884,8059.5,1197778,200,10156,-9956,-1090894,0.5
1900-01-01 22:21:00,8059.0,692079,8059.5,250139,27200,61913,-34713,441940,0.5
1900-01-01 22:21:15,8062.5,427345,8063.0,480242,33413,32684,729,-52897,0.5
1900-01-01 22:21:30,8070.0,231155,8070.5,157364,110819,272884,-162065,73791,0.5
1900-01-01 22:21:45,8070.0,306612,8070.5,187831,33516,81408,-47892,118781,0.5
1900-01-01 22:22:00,8071.0,335237,8071.5,67677,159936,259962,-100026,267560,0.5
1900-01-01 22:22:15,8071.0,233810,8071.5,694873,83451,21483,61968,-461063,0.5
1900-01-01 22:22:30,8070.0,137581,8070.5,1341557,525,308439,-307914,-1203976,0.5
1900-01-01 22:22:45,8070.0,111425,8070.5,1613944,31300,64041,-32741,-1502519,0.5
1900-01-01 22:23:00,8069.5,5566,8070.0,1167857,3100,37046,-33946,-1162291,0.5
1900-01-01 22:23:15,8069.5,503855,8070.0,816465,80646,30722,49924,-312610,0.5
1900-01-01 22:23:30,8065.0,121931,8065.5,1560905,2600,86117,-83517,-1438974,0.5
1900-01-01 22:23:45,8056.0,1264800,8056.5,90309,23410,231697,-208287,1174491,0.5
1900-01-01 22:24:00,8056.0,911552,8056.5,274951,39326,16454,22872,636601,0.5
1900-01-01 22:24:15,8056.0,158425,8056.5,1002158,10743,10772,-29,-843733,0.5
1900-01-01 22:24:30,8063.5,437269,8064.0,44469,201965,109333,92632,392800,0.5
1900-01-01 22:24:45,8063.5,414990,8064.0,691070,74940,8512,66428,-276080,0.5
1900-01-01 22:25:00,8063.5,438668,8064.0,203637,118291,43165,75126,235031,0.5
1900-01-01 22:25:15,8063.5,267185,8064.0,742334,39714,37239,2475,-475149,0.5
1900-01-01 22:25:30,8065.0,1076391,8065.5,20421,3652,105250,-101598,1055970,0.5
1900-01-01 22:25:45,8069.0,737184,8069.5,58017,146421,3672,142749,679167,0.5
1900-01-01 22:26:00,8070.5,774498,8071.0,2101,56212,22015,34197,772397,0.5
1900-01-01 22:26:15,8071.0,1439775,8071.5,512,167368,50834,116534,1439263,0.5
1900-01-01 22:26:30,8071.5,798833,8072.0,55072,43472,3012,40460,743761,0.5
1900-01-01 22:26:45,8072.0,1248174,8072.5,11629,86496,100752,-14256,1236545,0.5
1900-01-01 22:27:00,8072.5,989621,8073.0,48416,77508,15959,61549,941205,0.5
1900-01-01 22:27:15,8079.5,49407,8080.0,181554,102931,13836,89095,-132147,0.5
1900-01-01 22:27:30,8079.5,282755,8080.0,322383,104631,19580,85051,-39628,0.5
1900-01-01 22:27:45,8079.5,201978,8080.0,346458,26833,40466,-13633,-144480,0.5
1900-01-01 22:28:00,8079.5,188126,8080.0,456499,169320,89736,79584,-268373,0.5
1900-01-01 22:28:15,8079.5,136236,8080.0,587241,22350,77088,-54738,-451005,0.5
1900-01-01 22:28:30,8079.5,232504,8080.0,511585,66602,151800,-85198,-279081,0.5
1900-01-01 22:28:45,8080.0,234329,8080.5,45514,18998,102840,-83842,188815,0.5
1900-01-01 22:29:00,8080.0,396035,8080.5,386582,40088,53956,-13868,9453,0.5
1900-01-01 22:29:15,8080.0,949157,8080.5,47602,72978,32397,40581,901555,0.5
1900-01-01 22:29:30,8083.0,1299453,8083.5,5043,35344,4592,30752,1294410,0.5
1900-01-01 22:29:45,8086.5,583085,8087.0,12613,195525,42219,153306,570472,0.5
1900-01-01 22:30:00,8086.5,865886,8087.0,18936,90141,64139,26002,846950,0.5
1900-01-01 22:30:15,8089.0,13129,8089.5,8433,85353,31082,54271,4696,0.5
1900-01-01 22:30:30,8089.5,324328,8090.0,528932,82425,37961,44464,-204604,0.5
1900-01-01 22:30:45,8089.5,646879,8090.0,292549,58926,55035,3891,354330,0.5
1900-01-01 22:31:00,8089.5,688151,8090.0,610338,277578,36694,240884,77813,0.5
1900-01-01 22:31:15,8089.5,614466,8090.0,627454,22511,49305,-26794,-12988,0.5
1900-01-01 22:31:30,8089.5,229979,8090.0,588912,81032,12960,68072,-358933,0.5
1900-01-01 22:31:45,8089.5,730202,8090.0,325332,173100,42839,130261,404870,0.5
1900-01-01 22:32:00,8089.5,179215,8090.0,808644,20680,52354,-31674,-629429,0.5
1900-01-01 22:32:15,8089.5,136785,8090.0,646970,119462,111930,7532,-510185,0.5
1900-01-01 22:32:30,8089.5,801251,8090.0,282566,45708,66770,-21062,518685,0.5
1900-01-01 22:32:45,8089.5,855176,8090.0,70879,214555,39945,174610,784297,0.5
1900-01-01 22:33:00,8089.5,100978,8090.0,448900,20626,137426,-116800,-347922,0.5
1900-01-01 22:33:15,8088.0,106703,8088.5,727728,10050,132002,-121952,-621025,0.5
1900-01-01 22:33:30,8086.0,19483,8086.5,514822,286,92752,-92466,-495339,0.5
1900-01-01 22:33:45,8087.0,1400107,8087.5,316212,91690,88163,3527,1083895,0.5
1900-01-01 22:34:00,8090.5,593692,8091.0,41872,79628,24206,55422,551820,0.5
1900-01-01 22:34:15,8104.0,109931,8104.5,463812,673434,60528,612906,-353881,0.5
1900-01-01 22:34:30,8109.5,165313,8110.0,187454,1480884,25200,1455684,-22141,0.5
1900-01-01 22:34:45,8140.5,85622,8141.5,14960,7459947,317359,7142588,70662,1.0
1900-01-01 22:35:00,8122.0,117068,8122.5,15043,429693,764746,-335053,102025,0.5
1900-01-01 22:35:15,8127.0,833002,8127.5,110739,726873,618704,108169,722263,0.5
1900-01-01 22:35:30,8136.0,596256,8136.5,1076544,705126,227183,477943,-480288,0.5
1900-01-01 22:35:45,8142.5,228901,8143.0,1122534,579619,475555,104064,-893633,0.5
1900-01-01 22:36:00,8143.0,173101,8143.5,46082,1590004,512999,1077005,127019,0.5
1900-01-01 22:36:15,8149.5,162206,8150.0,1445735,2150492,186428,1964064,-1283529,0.5
1900-01-01 22:36:30,8149.5,405791,8150.0,1341457,1715970,553631,1162339,-935666,0.5
1900-01-01 22:36:45,8149.5,1218849,8150.0,2324,1198813,230939,967874,1216525,0.5
1900-01-01 22:37:00,8156.0,11698,8156.5,4856,1161908,58852,1103056,6842,0.5
1900-01-01 22:37:15,8155.5,8251,8156.0,1266183,301814,217097,84717,-1257932,0.5
1900-01-01 22:37:30,8152.0,486519,8152.5,12207,965900,270200,695700,474312,0.5
1900-01-01 22:37:45,8160.0,154049,8160.5,23,1070544,182077,888467,154026,0.5
1900-01-01 22:38:00,8175.5,74132,8176.0,21331,1777579,892675,884904,52801,0.5
1900-01-01 22:38:15,8189.5,7460,8190.0,1285043,2189032,193244,1995788,-1277583,0.5
1900-01-01 22:38:30,8189.5,150350,8190.0,25846,2603573,461677,2141896,124504,0.5
1900-01-01 22:38:45,8194.0,533746,8194.5,196990,1121178,767278,353900,336756,0.5
1900-01-01 22:39:00,8194.0,7424,8194.5,547021,989726,700348,289378,-539597,0.5
1900-01-01 22:39:15,8191.5,651733,8192.0,210266,648366,444076,204290,441467,0.5
1900-01-01 22:39:30,8199.5,698295,8200.0,1210405,2177524,499064,1678460,-512110,0.5
1900-01-01 22:39:45,8215.5,3419,8240.0,2618823,4417464,239959,4177505,-2615404,24.5
1900-01-01 22:40:00,8213.5,43101,8214.0,58855,36012406,1042525,34969881,-15754,0.5
1900-01-01 22:40:15,8173.5,4114,8174.0,24595,317474,1666326,-1348852,-20481,0.5
1900-01-01 22:40:30,8164.5,93677,8169.0,23,435739,2086312,-1650573,93654,4.5
1900-01-01 22:40:45,8152.0,6383,8152.5,20177,226680,799544,-572864,-13794,0.5
1900-01-01 22:41:00,8166.0,6864,8167.0,16462,2431590,562504,1869086,-9598,1.0
1900-01-01 22:41:15,8171.0,458,8171.5,120682,1080750,77382,1003368,-120224,0.5
1900-01-01 22:41:30,8203.0,222464,8203.5,522270,868066,437133,430933,-299806,0.5
1900-01-01 22:41:45,8200.0,614010,8200.5,972533,671584,4868222,-4196638,-358523,0.5
1900-01-01 22:42:00,8192.5,379839,8193.0,664623,787169,1124549,-337380,-284784,0.5
1900-01-01 22:42:15,8197.5,1126038,8198.0,20754,695107,565200,129907,1105284,0.5
1900-01-01 22:42:30,8212.5,1170425,8213.0,6227,821534,239879,581655,1164198,0.5
1900-01-01 22:42:45,8218.0,77943,8218.5,625022,1964165,749853,1214312,-547079,0.5
1900-01-01 22:43:00,8177.5,65539,8178.5,1096,132495,679334,-546839,64443,1.0
1900-01-01 22:43:15,8195.5,80349,8196.0,98206,978906,155989,822917,-17857,0.5
1900-01-01 22:43:30,8188.0,843735,8188.5,19173,470740,1197111,-726371,824562,0.5
1900-01-01 22:43:45,8190.5,176509,8191.0,590191,642059,175265,466794,-413682,0.5
1900-01-01 22:44:00,8190.0,375023,8190.5,734941,189364,181310,8054,-359918,0.5
1900-01-01 22:44:15,8213.5,97830,8215.5,96718,672643,316365,356278,1112,2.0
1900-01-01 22:44:30,8216.5,3032,8217.0,24585,261401,94907,166494,-21553,0.5
1900-01-01 22:44:45,8214.0,366171,8214.5,598025,188956,319701,-130745,-231854,0.5
1900-01-01 22:45:00,8222.5,10376,8223.0,51586,522678,274473,248205,-41210,0.5
1900-01-01 22:45:15,8228.5,332,8233.0,226097,1320271,210346,1109925,-225765,4.5
1900-01-01 22:45:30,8237.0,9992,8237.5,53808,1371796,499338,872458,-43816,0.5
1900-01-01 22:45:45,8240.0,560049,8240.5,58520,715762,233649,482113,501529,0.5
1900-01-01 22:46:00,8234.0,923725,8234.5,165429,279581,434662,-155081,758296,0.5
1900-01-01 22:46:15,8239.0,1078750,8239.5,65107,306355,473187,-166832,1013643,0.5
1900-01-01 22:46:30,8247.0,1379975,8247.5,172917,692103,220513,471590,1207058,0.5
1900-01-01 22:46:45,8259.0,124478,8259.5,116280,1607904,585501,1022403,8198,0.5
1900-01-01 22:47:00,8272.0,307556,8272.5,407841,2346565,530498,1816067,-100285,0.5
1900-01-01 22:47:15,8261.0,60472,8261.5,313431,1041479,626987,414492,-252959,0.5
1900-01-01 22:47:30,8188.0,53633,8256.0,44566,650474,1083146,-432672,9067,68.0
1900-01-01 22:47:45,8216.0,179566,8216.5,5899,395490,1010672,-615182,173667,0.5
1900-01-01 22:48:00,8221.5,19292,8222.0,87138,158801,382469,-223668,-67846,0.5
1900-01-01 22:48:15,8211.5,46291,8212.0,24850,198985,992491,-793506,21441,0.5
1900-01-01 22:48:30,8211.5,277945,8212.0,355011,266217,413510,-147293,-77066,0.5
1900-01-01 22:48:45,8202.0,345320,8202.5,352514,244639,709728,-465089,-7194,0.5
1900-01-01 22:49:00,8193.0,991654,8193.5,53839,413067,554065,-140998,937815,0.5
1900-01-01 22:49:15,8197.5,2115,8198.0,857638,721735,430414,291321,-855523,0.5
1900-01-01 22:49:30,8197.5,366176,8201.5,1,681018,384841,296177,366175,4.0
1900-01-01 22:49:45,8209.5,2681,8210.0,280626,660136,49292,610844,-277945,0.5
1900-01-01 22:50:00,8208.5,1410423,8209.0,16422,206663,254917,-48254,1394001,0.5
1900-01-01 22:50:15,8214.5,701570,8215.0,20620,685169,137818,547351,680950,0.5
1900-01-01 22:50:30,8219.5,843053,8220.0,13168,312746,56058,256688,829885,0.5
1900-01-01 22:50:45,8208.0,1111,8208.5,15920,195479,291397,-95918,-14809,0.5
1900-01-01 22:51:00,8197.0,112754,8197.5,284579,60793,1253275,-1192482,-171825,0.5
1900-01-01 22:51:15,8193.5,176386,8194.0,19734,134715,1805764,-1671049,156652,0.5
1900-01-01 22:51:30,8187.5,51685,8188.0,316616,277327,295095,-17768,-264931,0.5
1900-01-01 22:51:45,8190.5,747956,8192.0,190090,284802,168809,115993,557866,1.5
1900-01-01 22:52:00,8185.0,749485,8185.5,438475,390287,258783,131504,311010,0.5
1900-01-01 22:52:15,8189.0,7560,8189.5,94446,213675,209953,3722,-86886,0.5
1900-01-01 22:52:30,8188.0,810182,8188.5,9885,287875,281940,5935,800297,0.5
1900-01-01 22:52:45,8197.5,71137,8198.0,49867,138740,330131,-191391,21270,0.5
1900-01-01 22:53:00,8193.5,503326,8194.0,198401,346364,627213,-280849,304925,0.5
1900-01-01 22:53:15,8197.0,172437,8197.5,956965,101527,256649,-155122,-784528,0.5
1900-01-01 22:53:30,8199.5,671798,8200.0,29047,376005,351646,24359,642751,0.5
1900-01-01 22:53:45,8199.5,85040,8200.0,260993,631748,147217,484531,-175953,0.5
1900-01-01 22:54:00,8208.0,49917,8208.5,42699,285770,84164,201606,7218,0.5
1900-01-01 22:54:15,8207.0,505542,8207.5,517669,379077,77510,301567,-12127,0.5
1900-01-01 22:54:30,8207.0,601595,8207.5,781094,97972,101100,-3128,-179499,0.5
1900-01-01 22:54:45,8199.5,83345,8200.0,2773958,529978,163814,366164,-2690613,0.5
1900-01-01 22:55:00,8195.0,71792,8195.5,548485,65154,94481,-29327,-476693,0.5
1900-01-01 22:55:15,8208.0,261284,8208.5,390372,378281,232907,145374,-129088,0.5
1900-01-01 22:55:30,8199.5,709245,8200.0,1238521,2512243,47205,2465038,-529276,0.5
1900-01-01 22:55:45,8199.5,589846,8200.0,372137,1645405,377986,1267419,217709,0.5
1900-01-01 22:56:00,8205.0,996045,8205.5,27678,137647,118644,19003,968367,0.5
1900-01-01 22:56:15,8213.0,469760,8213.5,30890,398029,24218,373811,438870,0.5
1900-01-01 22:56:30,8229.5,83065,8230.0,75588,609902,25142,584760,7477,0.5
1900-01-01 22:56:45,8229.5,2450,8230.5,160174,388106,148482,239624,-157724,1.0
1900-01-01 22:57:00,8233.0,745657,8233.5,100724,285319,311392,-26073,644933,0.5
1900-01-01 22:57:15,8229.0,103054,8229.5,751352,298332,120199,178133,-648298,0.5
1900-01-01 22:57:30,8222.0,333081,8222.5,362810,58187,727557,-669370,-29729,0.5
1900-01-01 22:57:45,8222.0,498271,8222.5,468181,335796,202230,133566,30090,0.5
1900-01-01 22:58:00,8217.0,931691,8217.5,114889,36902,41582,-4680,816802,0.5
1900-01-01 22:58:15,8220.5,1048882,8221.0,24536,100291,13910,86381,1024346,0.5
1900-01-01 22:58:30,8222.0,996846,8222.5,34997,152473,22106,130367,961849,0.5
1900-01-01 22:58:45,8205.5,77136,8206.0,266328,325241,484194,-158953,-189192,0.5
1900-01-01 22:59:00,8219.0,260413,8219.5,50472,147453,181362,-33909,209941,0.5
1900-01-01 22:59:15,8234.5,12231,8235.0,200403,270394,589634,-319240,-188172,0.5
1900-01-01 22:59:30,8222.0,4960,8222.5,289716,185350,149780,35570,-284756,0.5
1900-01-01 22:59:45,8221.0,8331,8221.5,1496668,103694,22642,81052,-1488337,0.5
1900-01-01 23:34:00,8215.0,130097,8215.5,112276,18860,9191,9669,17821,0.5
1900-01-01 23:34:15,8210.0,530181,8210.5,473918,351868,2083732,-1731864,56263,0.5
1900-01-01 23:34:30,8203.0,698769,8203.5,6211,580801,832729,-251928,692558,0.5
1900-01-01 23:34:45,8219.0,1129522,8219.5,268662,292499,318910,-26411,860860,0.5
1900-01-01 23:35:00,8229.5,605128,8230.0,74655,343974,85570,258404,530473,0.5
1900-01-01 23:35:15,8219.5,18786,8220.0,440305,544289,168470,375819,-421519,0.5
1900-01-01 23:35:30,8229.5,428021,8230.0,80956,252736,21347,231389,347065,0.5
1900-01-01 23:35:45,8226.0,7528,8226.5,42334,116824,161700,-44876,-34806,0.5
1900-01-01 23:36:00,8229.5,363496,8230.0,337426,31371,81126,-49755,26070,0.5
1900-01-01 23:36:15,8222.0,117619,8222.5,744911,223609,443509,-219900,-627292,0.5
1900-01-01 23:36:30,8220.0,494273,8220.5,7915,60378,862586,-802208,486358,0.5
1900-01-01 23:36:45,8219.5,6464,8220.0,537065,71708,271354,-199646,-530601,0.5
1900-01-01 23:37:00,8227.5,533977,8228.0,5644,95294,14961,80333,528333,0.5
1900-01-01 23:37:15,8227.5,625,8228.0,517995,189778,56557,133221,-517370,0.5
1900-01-01 23:37:30,8233.0,129779,8233.5,600187,27250,692042,-664792,-470408,0.5
1900-01-01 23:37:45,8226.0,236877,8226.5,1099772,19461,63111,-43650,-862895,0.5
1900-01-01 23:38:00,8229.5,500902,8230.0,183620,583480,37440,546040,317282,0.5
1900-01-01 23:38:15,8225.5,1587,8226.0,575176,136291,60486,75805,-573589,0.5
1900-01-01 23:38:30,8220.5,45478,8221.0,646027,25638,140438,-114800,-600549,0.5
1900-01-01 23:38:45,8220.0,91330,8220.5,418510,20158,95863,-75705,-327180,0.5
1900-01-01 23:39:00,8221.5,41005,8222.0,989639,239126,52013,187113,-948634,0.5
1900-01-01 23:39:15,8213.5,246786,8214.0,287455,32152,180103,-147951,-40669,0.5
1900-01-01 23:39:30,8217.5,98378,8218.0,612934,195109,193702,1407,-514556,0.5
1900-01-01 23:39:45,8217.5,483399,8218.0,449119,183488,160868,22620,34280,0.5
1900-01-01 23:40:00,8217.5,546288,8218.0,359814,482509,70542,411967,186474,0.5
1900-01-01 23:40:15,8221.0,8039,8221.5,776168,104417,393093,-288676,-768129,0.5
1900-01-01 23:40:30,8220.0,677673,8220.5,24146,121516,1001778,-880262,653527,0.5
1900-01-01 23:40:45,8222.5,177641,8223.0,688286,166968,94189,72779,-510645,0.5
1900-01-01 23:41:00,8218.5,46468,8219.0,600244,44501,154953,-110452,-553776,0.5
1900-01-01 23:41:15,8215.0,274904,8215.5,109785,132578,246469,-113891,165119,0.5
1900-01-01 23:41:30,8215.0,667692,8215.5,195980,103460,31445,72015,471712,0.5
1900-01-01 23:41:45,8214.5,71831,8215.0,410215,106666,501905,-395239,-338384,0.5
1900-01-01 23:42:00,8211.0,234580,8211.5,521901,257194,272546,-15352,-287321,0.5
1900-01-01 23:42:15,8211.0,356529,8211.5,532299,165592,888331,-722739,-175770,0.5
1900-01-01 23:42:30,8211.0,542869,8211.5,239318,47926,226853,-178927,303551,0.5
1900-01-01 23:42:45,8214.5,1241345,8215.0,32433,59224,141036,-81812,1208912,0.5
1900-01-01 23:43:00,8214.5,69501,8215.0,943562,63467,230110,-166643,-874061,0.5
1900-01-01 23:43:15,8210.0,253870,8210.5,679929,207850,113910,93940,-426059,0.5
1900-01-01 23:43:30,8203.0,136899,8203.5,686976,21952,315467,-293515,-550077,0.5
1900-01-01 23:43:45,8202.5,155105,8203.0,1126958,44728,573604,-528876,-971853,0.5
1900-01-01 23:44:00,8190.0,37766,8193.0,12000,119790,2096037,-1976247,25766,3.0
1900-01-01 23:44:15,8192.0,8960,8192.5,18612,463190,1311640,-848450,-9652,0.5
1900-01-01 23:44:30,8203.0,27296,8203.5,1037865,2258079,432560,1825519,-1010569,0.5
1900-01-01 23:44:45,8199.5,910260,8200.0,21904,289000,219514,69486,888356,0.5
1900-01-01 23:45:00,8204.5,196038,8205.0,324692,1399873,186279,1213594,-128654,0.5
1900-01-01 23:45:15,8216.0,214268,8216.5,99391,627023,19954,607069,114877,0.5
1900-01-01 23:45:30,8214.5,20,8215.0,1087792,280830,75300,205530,-1087772,0.5
1900-01-01 23:45:45,8214.5,790160,8215.0,211143,606722,60880,545842,579017,0.5
1900-01-01 23:46:00,8217.5,826196,8218.0,28775,208050,21953,186097,797421,0.5
1900-01-01 23:46:15,8219.5,142877,8220.0,551024,289026,18046,270980,-408147,0.5
1900-01-01 23:46:30,8218.0,215196,8218.5,396896,77330,105195,-27865,-181700,0.5
1900-01-01 23:46:45,8221.5,826412,8222.0,20041,406083,39328,366755,806371,0.5
1900-01-01 23:47:00,8225.0,829495,8225.5,147734,363614,44622,318992,681761,0.5
1900-01-01 23:47:15,8227.5,1253839,8228.0,100923,354811,128312,226499,1152916,0.5
1900-01-01 23:47:30,8235.5,508046,8236.0,7171,247910,12826,235084,500875,0.5
1900-01-01 23:47:45,8234.5,525,8235.0,13806,726929,231931,494998,-13281,0.5
1900-01-01 23:48:00,8241.5,113540,8242.0,42,101120,119597,-18477,113498,0.5
1900-01-01 23:48:15,8243.5,433158,8244.0,299323,324742,56898,267844,133835,0.5
1900-01-01 23:48:30,8244.5,1042883,8245.0,90638,423779,8242,415537,952245,0.5
1900-01-01 23:48:45,8244.5,1027195,8245.0,3489,132380,37878,94502,1023706,0.5
1900-01-01 23:49:00,8241.5,350160,8242.0,732511,111818,166743,-54925,-382351,0.5
1900-01-01 23:49:15,8245.5,2294,8246.0,422985,387467,271987,115480,-420691,0.5
1900-01-01 23:49:30,8241.5,214585,8242.0,699326,32876,172049,-139173,-484741,0.5
1900-01-01 23:49:45,8235.5,303744,8236.0,1788,45622,293583,-247961,301956,0.5
1900-01-01 23:50:00,8236.0,686145,8236.5,1362392,31723,27047,4676,-676247,0.5
1900-01-01 23:50:15,8232.0,424781,8232.5,324097,25202,968799,-943597,100684,0.5
1900-01-01 23:50:30,8234.0,299692,8234.5,1045173,216336,70660,145676,-745481,0.5
1900-01-01 23:50:45,8234.0,28862,8234.5,1293163,245816,132561,113255,-1264301,0.5
1900-01-01 23:51:00,8231.5,54600,8232.0,769560,71481,120017,-48536,-714960,0.5
1900-01-01 23:51:15,8230.5,21646,8231.0,1126171,115008,350485,-235477,-1104525,0.5
1900-01-01 23:51:30,8230.0,58737,8230.5,1426398,64497,76229,-11732,-1367661,0.5
1900-01-01 23:51:45,8229.5,56951,8230.0,1058044,61743,71614,-9871,-1001093,0.5
1900-01-01 23:52:00,8229.0,436823,8229.5,649107,99010,82408,16602,-212284,0.5
1900-01-01 23:52:15,8232.0,4867,8232.5,15668,196899,180057,16842,-10801,0.5
1900-01-01 23:52:30,8235.5,897376,8236.0,26228,49061,28342,20719,871148,0.5
1900-01-01 23:52:45,8237.5,813486,8238.0,93393,659652,41720,617932,720093,0.5
1900-01-01 23:53:00,8239.5,163433,8240.0,648537,325116,166848,158268,-485104,0.5
1900-01-01 23:53:15,8239.5,548066,8240.0,48817,106603,31625,74978,499249,0.5
1900-01-01 23:53:30,8228.0,604519,8228.5,58395,77911,229362,-151451,546124,0.5
1900-01-01 23:53:45,8228.0,978199,8228.5,73874,402832,46566,356266,904325,0.5
1900-01-01 23:54:00,8231.0,9954,8231.5,1060241,31692,352508,-320816,-1050287,0.5
1900-01-01 23:54:15,8225.0,211697,8225.5,638190,28976,255851,-226875,-426493,0.5
1900-01-01 23:54:30,8212.5,2129,8214.0,140453,79264,109692,-30428,-138324,1.5
1900-01-01 23:54:45,8211.5,340234,8212.0,6396,369911,570847,-200936,333838,0.5
1900-01-01 23:55:00,8213.0,244910,8213.5,597117,184712,40702,144010,-352207,0.5
1900-01-01 23:55:15,8201.5,25943,8202.0,144628,117092,116102,990,-118685,0.5
1900-01-01 23:55:30,8208.0,285900,8211.0,129964,364063,652669,-288606,155936,3.0
1900-01-01 23:55:45,8225.5,6209,8228.0,2200,249756,443125,-193369,4009,2.5
1900-01-01 23:56:00,8223.5,370653,8224.0,51411,449378,177329,272049,319242,0.5
1900-01-01 23:56:15,8212.0,177927,8212.5,349348,28822,1218662,-1189840,-171421,0.5
1900-01-01 23:56:30,8191.5,584551,8192.0,55814,190363,1026316,-835953,528737,0.5
1900-01-01 23:56:45,8197.5,1804374,8198.0,510092,151308,275373,-124065,1294282,0.5
1900-01-01 23:57:00,8208.5,662000,8209.0,59692,1915612,61348,1854264,602308,0.5
1900-01-01 23:57:15,8200.5,486264,8201.0,160686,130871,266112,-135241,325578,0.5
1900-01-01 23:57:30,8205.0,40600,8205.5,498310,154840,140418,14422,-457710,0.5
1900-01-01 23:57:45,8202.0,479626,8202.5,649966,246179,93816,152363,-170340,0.5
1900-01-01 23:58:00,8194.0,317584,8194.5,283866,65645,204822,-139177,33718,0.5
1900-01-01 23:58:15,8202.0,464384,8202.5,841359,543296,99673,443623,-376975,0.5
1900-01-01 23:58:30,8202.0,831132,8202.5,157550,216196,83165,133031,673582,0.5
1900-01-01 23:58:45,8198.5,1051692,8199.0,148291,220466,167577,52889,903401,0.5
1900-01-01 23:59:00,8193.5,15573,8194.0,694343,44365,188929,-144564,-678770,0.5
1900-01-01 23:59:15,8198.5,313417,8199.0,725653,177013,461229,-284216,-412236,0.5
1900-01-01 23:59:30,8193.5,403377,8194.0,824,85929,456859,-370930,402553,0.5
1900-01-01 23:59:45,8206.5,3254,8207.0,751806,1132443,176206,956237,-748552,0.5
1900-01-21 00:00:00,8202.5,37457,8203.0,150525,3150,23160,-20010,-113068,0.5
1900-01-21 00:00:15,8191.0,15314,8191.5,25702,91439,673000,-581561,-10388,0.5
1900-01-21 00:00:30,8189.0,1800166,8190.0,30867,211503,873269,-661766,1769299,1.0
1900-01-21 00:00:45,8192.5,430047,8193.0,452316,70292,132588,-62296,-22269,0.5
1900-01-21 00:01:00,8193.0,611123,8193.5,28228,272206,199993,72213,582895,0.5
1900-01-21 00:01:15,8183.0,29998,8183.5,197410,189189,370476,-181287,-167412,0.5
1900-01-21 00:01:30,8177.0,77420,8177.5,224818,23576,1551929,-1528353,-147398,0.5
1900-01-21 00:01:45,8165.5,8475,8166.0,103053,192780,4236258,-4043478,-94578,0.5
1900-01-21 00:02:00,8189.5,1450,8190.0,42780,3309241,975701,2333540,-41330,0.5
1900-01-21 00:02:15,8177.5,728095,8178.0,116111,379523,284338,95185,611984,0.5
1900-01-21 00:02:30,8179.0,21714,8179.5,216171,1051903,290810,761093,-194457,0.5
1900-01-21 00:02:45,8165.5,65900,8166.0,90630,162564,1336309,-1173745,-24730,0.5
1900-01-21 00:03:00,8150.0,394587,8151.5,16683,86004,2458234,-2372230,377904,1.5
1900-01-21 00:03:15,8143.0,20000,8147.5,28909,207127,4298580,-4091453,-8909,4.5
1900-01-21 00:03:30,8150.0,157328,8150.5,677602,1399804,671099,728705,-520274,0.5
1900-01-21 00:03:45,8161.5,58500,8162.0,487546,2582083,368448,2213635,-429046,0.5
1900-01-21 00:04:00,8157.0,288072,8157.5,418645,207402,412546,-205144,-130573,0.5
1900-01-21 00:04:15,8155.0,172844,8155.5,521649,416533,552335,-135802,-348805,0.5
1900-01-21 00:04:30,8148.5,9965,8149.0,739973,284114,820750,-536636,-730008,0.5
1900-01-21 00:04:45,8130.0,719372,8130.5,63661,257565,2819294,-2561729,655711,0.5
1900-01-21 00:05:00,8130.0,61494,8130.5,1624,146627,484846,-338219,59870,0.5
1900-01-21 00:05:15,8122.5,12000,8125.0,200,528968,1349005,-820037,11800,2.5
1900-01-21 00:05:30,8040.0,171295,8060.5,99160,36660,2495984,-2459324,72135,20.5
1900-01-21 00:05:45,8005.0,57644,8006.0,2450321,2175831,5801949,-3626118,-2392677,1.0
1900-01-21 00:06:00,7941.0,45312,7980.5,791705,5104464,6061304,-956840,-746393,39.5
1900-01-21 00:06:15,8027.5,3358,8028.0,764131,3713857,4123622,-409765,-760773,0.5
1900-01-21 00:06:30,8036.0,19690,8036.5,17326,3061334,1748421,1312913,2364,0.5
1900-01-21 00:06:45,8041.0,143920,8043.0,25338,1294104,849516,444588,118582,2.0
1900-01-21 00:07:00,8051.5,30913,8052.5,1186264,1948753,419942,1528811,-1155351,1.0
1900-01-21 00:07:15,8069.5,16000,8070.0,54288,1563323,415071,1148252,-38288,0.5
1900-01-21 00:07:30,8080.0,1051467,8080.5,678385,2390163,107445,2282718,373082,0.5
1900-01-21 00:07:45,8068.5,1510845,8069.0,27261,1320521,1947816,-627295,1483584,0.5
1900-01-21 00:08:00,8062.5,4,8063.0,8972,1753470,510996,1242474,-8968,0.5
1900-01-21 00:08:15,8085.5,56954,8086.0,97148,626846,307557,319289,-40194,0.5
1900-01-21 00:08:30,8073.0,21305,8073.5,53488,522264,998677,-476413,-32183,0.5
1900-01-21 00:08:45,8080.5,174373,8081.0,357306,753438,252738,500700,-182933,0.5
1900-01-21 00:09:00,8092.5,682897,8093.0,16727,1366399,341016,1025383,666170,0.5
1900-01-21 00:09:15,8094.0,98500,8094.5,21657,811800,227022,584778,76843,0.5
1900-01-21 00:09:30,8090.0,626032,8090.5,273802,421997,270288,151709,352230,0.5
1900-01-21 00:09:45,8091.5,6028,8093.0,7255,964983,487788,477195,-1227,1.5
1900-01-21 00:10:00,8090.0,24768,8090.5,16548,305472,147440,158032,8220,0.5
1900-01-21 00:10:15,8108.5,4925,8109.5,79547,1235430,658676,576754,-74622,1.0
1900-01-21 00:10:30,8109.5,10000,8110.5,48144,536223,184762,351461,-38144,1.0
1900-01-21 00:10:45,8115.5,924675,8116.0,20474,499720,120777,378943,904201,0.5
1900-01-21 00:11:00,8129.0,382049,8129.5,71502,769238,5194,764044,310547,0.5
1900-01-21 00:11:15,8125.5,57310,8126.0,76639,1394984,256588,1138396,-19329,0.5
1900-01-21 00:11:30,8125.5,761866,8126.0,237824,331026,264649,66377,524042,0.5
1900-01-21 00:11:45,8125.5,348894,8126.0,83351,1003372,505964,497408,265543,0.5
1900-01-21 00:12:00,8119.5,71958,8120.0,950,282691,1808416,-1525725,71008,0.5
1900-01-21 00:12:15,8113.0,330255,8113.5,340276,167004,1993897,-1826893,-10021,0.5
1900-01-21 00:12:30,8117.0,300339,8117.5,33021,238256,964826,-726570,267318,0.5
1900-01-21 00:12:45,8120.0,1388,8126.0,7500,274141,350716,-76575,-6112,6.0
1900-01-21 00:13:00,8121.5,765941,8122.0,10910,142215,108177,34038,755031,0.5
1900-01-21 00:13:15,8125.0,1047496,8125.5,26,247068,230032,17036,1047470,0.5
1900-01-21 00:13:30,8127.5,15793,8128.0,282670,294459,211102,83357,-266877,0.5
1900-01-21 00:13:45,8127.5,646,8128.0,471812,75301,315854,-240553,-471166,0.5
1900-01-21 00:14:00,8121.5,362699,8122.0,390911,69870,592987,-523117,-28212,0.5
1900-01-21 00:14:15,8113.5,44900,8114.0,12000,238940,765029,-526089,32900,0.5
1900-01-21 00:14:30,8105.0,1456234,8105.5,427512,91256,1479323,-1388067,1028722,0.5
1900-01-21 00:14:45,8101.5,68493,8102.0,294618,123374,2264734,-2141360,-226125,0.5
1900-01-21 00:15:00,8102.5,47980,8105.5,13990,445542,1109088,-663546,33990,3.0
1900-01-21 00:15:15,8115.5,1523580,8116.0,9549,478441,194146,284295,1514031,0.5
1900-01-21 00:15:30,8124.5,305668,8125.0,1075518,269923,206998,62925,-769850,0.5
1900-01-21 00:15:45,8120.0,277078,8120.5,50,267381,361123,-93742,277028,0.5
1900-01-21 00:16:00,8116.0,31576,8116.5,321210,258942,181292,77650,-289634,0.5
1900-01-21 00:16:15,8123.0,1719346,8123.5,14944,436327,159687,276640,1704402,0.5
1900-01-21 00:16:30,8123.0,605245,8123.5,162883,42328,522168,-479840,442362,0.5
1900-01-21 00:16:45,8123.0,73596,8123.5,610456,78262,342039,-263777,-536860,0.5
1900-01-21 00:17:00,8129.5,326625,8130.0,191285,501742,45794,455948,135340,0.5
1900-01-21 00:17:15,8130.0,900578,8130.5,145945,551765,88906,462859,754633,0.5
1900-01-21 00:17:30,8137.5,126752,8138.0,130299,591352,80660,510692,-3547,0.5
1900-01-21 00:17:45,8135.5,771703,8136.0,309668,198889,116715,82174,462035,0.5
1900-01-21 00:18:00,8138.0,914244,8138.5,270490,466921,218940,247981,643754,0.5
1900-01-21 00:18:15,8140.5,1659234,8141.0,16862,346134,38012,308122,1642372,0.5
1900-01-21 00:18:30,8135.0,61804,8135.5,361953,792385,327789,464596,-300149,0.5
1900-01-21 00:18:45,8130.0,286501,8130.5,428598,217419,306520,-89101,-142097,0.5
1900-01-21 00:19:00,8135.5,772813,8136.0,5532,85564,44456,41108,767281,0.5
1900-01-21 00:19:15,8135.5,45328,8136.0,187983,127886,151745,-23859,-142655,0.5
1900-01-21 00:19:30,8140.0,243266,8140.5,184495,102444,65772,36672,58771,0.5
1900-01-21 00:19:45,8132.5,188609,8133.0,679154,30945,173788,-142843,-490545,0.5
1900-01-21 00:20:00,8132.5,85086,8133.0,737458,12399,550862,-538463,-652372,0.5
1900-01-21 00:20:15,8128.0,1110438,8128.5,79709,39246,347900,-308654,1030729,0.5
1900-01-21 00:20:30,8129.0,20580,8129.5,58,164700,115274,49426,20522,0.5
1900-01-21 00:20:45,8127.5,16868,8128.0,422122,89068,44163,44905,-405254,0.5
1900-01-21 00:21:00,8125.5,160909,8126.0,448214,112352,145388,-33036,-287305,0.5
1900-01-21 00:21:15,8111.5,254035,8112.0,402578,266730,782418,-515688,-148543,0.5
1900-01-21 00:21:30,8120.5,661387,8121.0,74754,649760,116450,533310,586633,0.5
1900-01-21 00:21:45,8120.5,314434,8121.0,399258,48613,88431,-39818,-84824,0.5
1900-01-21 00:22:00,8120.0,32731,8120.5,685302,23570,274542,-250972,-652571,0.5
1900-01-21 00:22:15,8111.5,1258328,8112.0,336139,34568,298342,-263774,922189,0.5
1900-01-21 00:22:30,8111.5,4448,8112.0,683527,292418,514769,-222351,-679079,0.5
1900-01-21 00:22:45,8111.0,1264196,8111.5,144947,22697,46996,-24299,1119249,0.5
1900-01-21 00:23:00,8112.5,700216,8113.0,219049,258491,140106,118385,481167,0.5
1900-01-21 00:23:15,8114.5,907211,8115.0,194024,419423,327301,92122,713187,0.5
1900-01-21 00:23:30,8111.0,915765,8111.5,664271,46664,169850,-123186,251494,0.5
1900-01-21 00:23:45,8110.0,32320,8110.5,914637,12844,210472,-197628,-882317,0.5
1900-01-21 00:24:00,8090.0,1506308,8090.5,13972,2242,894577,-892335,1492336,0.5
1900-01-21 00:24:15,8098.5,119156,8099.0,115866,203135,1699486,-1496351,3290,0.5
1900-01-21 00:24:30,8103.5,582137,8104.0,305551,627726,88199,539527,276586,0.5
1900-01-21 00:24:45,8103.5,146043,8104.0,599995,196722,73992,122730,-453952,0.5
1900-01-21 00:25:00,8097.5,491403,8098.0,599134,46118,234756,-188638,-107731,0.5
1900-01-21 00:25:15,8094.0,38919,8094.5,714811,166893,198592,-31699,-675892,0.5
1900-01-21 00:25:30,8085.0,33269,8085.5,6800,271101,2388706,-2117605,26469,0.5
1900-01-21 00:25:45,8085.0,519571,8085.5,622603,404579,341627,62952,-103032,0.5
1900-01-21 00:26:00,8072.0,779237,8072.5,310780,397614,1049540,-651926,468457,0.5
1900-01-21 00:26:15,8071.5,16111,8072.0,153569,771904,332888,439016,-137458,0.5
1900-01-21 00:26:30,8060.0,348503,8060.5,5861,51421,1761412,-1709991,342642,0.5
1900-01-21 00:26:45,8053.5,713363,8054.0,101692,146770,1255968,-1109198,611671,0.5
1900-01-21 00:27:00,8065.5,42814,8066.0,69764,721254,3146339,-2425085,-26950,0.5
1900-01-21 00:27:15,8053.0,76432,8053.5,390242,169890,944588,-774698,-313810,0.5
1900-01-21 00:27:30,8040.0,75360,8040.5,93923,56124,876273,-820149,-18563,0.5
1900-01-21 00:27:45,8027.0,10050,8028.0,7742,900186,759415,140771,2308,1.0
1900-01-21 00:28:00,8039.5,386035,8040.0,14108,934585,341390,593195,371927,0.5
1900-01-21 00:28:15,8056.0,243488,8056.5,538829,961504,162919,798585,-295341,0.5
1900-01-21 00:28:30,8062.5,176984,8063.0,11038,1448408,280992,1167416,165946,0.5
1900-01-21 00:28:45,8060.0,434132,8060.5,427864,347357,234311,113046,6268,0.5
1900-01-21 00:29:00,8056.5,1323,8058.0,273885,283692,425764,-142072,-272562,1.5
1900-01-21 00:29:15,8049.5,161240,8050.0,96382,103402,312158,-208756,64858,0.5
1900-01-21 00:29:30,8035.5,22207,8036.0,20000,1121003,1204751,-83748,2207,0.5
1900-01-21 00:29:45,8043.5,166874,8044.0,1207133,516056,87683,428373,-1040259,0.5
1900-01-21 00:30:00,8038.5,22193,8039.0,672321,691089,583285,107804,-650128,0.5
1900-01-21 00:30:15,8022.0,10118,8022.5,174953,27263,784905,-757642,-164835,0.5
1900-01-21 00:30:30,8019.5,527048,8020.0,422467,1802637,556551,1246086,104581,0.5
1900-01-21 00:30:45,8028.5,1246270,8029.0,351537,228873,647827,-418954,894733,0.5
1900-01-21 00:31:00,8028.5,947533,8029.0,9802,641841,1504098,-862257,937731,0.5
1900-01-21 00:31:15,8046.5,77000,8047.0,11257,1223246,112715,1110531,65743,0.5
1900-01-21 00:31:30,8045.0,181213,8045.5,635116,339338,220092,119246,-453903,0.5
1900-01-21 00:31:45,8042.5,1183616,8043.0,981353,691419,222630,468789,202263,0.5
1900-01-21 00:32:00,8049.5,92475,8050.0,338051,458729,60709,398020,-245576,0.5
1900-01-21 00:32:15,8048.5,521858,8049.0,770281,415741,406504,9237,-248423,0.5
1900-01-21 00:32:30,8058.5,1489751,8059.0,852865,635325,54198,581127,636886,0.5
1900-01-21 00:32:45,8071.5,46748,8072.0,86164,1067109,108645,958464,-39416,0.5
1900-01-21 00:33:00,8060.0,25845,8060.5,276521,1389376,559821,829555,-250676,0.5
1900-01-21 00:33:15,8067.0,192621,8067.5,1395820,417479,235167,182312,-1203199,0.5
1900-01-21 00:33:30,8067.0,1096729,8067.5,447803,730456,173288,557168,648926,0.5
1900-01-21 00:33:45,8077.5,130936,8078.0,4745,861425,7094,854331,126191,0.5
1900-01-21 00:34:00,8083.5,2100,8084.0,3115302,751335,189658,561677,-3113202,0.5
1900-01-21 00:34:15,8079.5,442496,8080.0,735994,929589,358650,570939,-293498,0.5
1900-01-21 00:34:30,8099.5,353478,8100.0,47,1693892,135306,1558586,353431,0.5
1900-01-21 00:34:45,8098.5,31523,8099.0,637163,605073,182929,422144,-605640,0.5
1900-01-21 00:35:00,8092.0,9689,8092.5,516322,369877,438710,-68833,-506633,0.5
1900-01-21 00:35:15,8088.0,230562,8088.5,480603,38377,666626,-628249,-250041,0.5
1900-01-21 00:35:30,8070.0,1183462,8070.5,18636,1025010,2817463,-1792453,1164826,0.5
1900-01-21 00:35:45,8073.0,28521,8073.5,403976,286992,594284,-307292,-375455,0.5
1900-01-21 00:36:00,8064.0,951828,8064.5,623282,41879,196732,-154853,328546,0.5
1900-01-21 00:36:15,8079.5,837984,8080.0,829073,554171,194891,359280,8911,0.5
1900-01-21 00:36:30,8066.0,72978,8066.5,978129,156713,224404,-67691,-905151,0.5
1900-01-21 00:36:45,8064.0,680888,8064.5,376069,77339,449312,-371973,304819,0.5
1900-01-21 00:37:00,8061.0,96775,8061.5,677922,306362,185451,120911,-581147,0.5
1900-01-21 00:37:15,8050.0,45117,8050.5,205364,49560,228557,-178997,-160247,0.5
1900-01-21 00:37:30,8053.0,1994,8055.0,1205235,408968,644562,-235594,-1203241,2.0
1900-01-21 00:37:45,8047.0,7882,8047.5,820521,157275,154212,3063,-812639,0.5
1900-01-21 00:38:00,8053.5,533011,8054.0,36107,126852,272786,-145934,496904,0.5
1900-01-21 00:38:15,8046.5,1265,8047.0,22500,341346,168096,173250,-21235,0.5
1900-01-21 00:38:30,8052.0,886959,8052.5,75585,205946,167117,38829,811374,0.5
1900-01-21 00:38:45,8038.0,380059,8038.5,197234,170583,231097,-60514,182825,0.5
1900-01-21 00:39:00,8056.0,10020,8056.5,31674,1515466,351608,1163858,-21654,0.5
1900-01-21 00:39:15,8030.0,165090,8030.5,79578,195462,1529249,-1333787,85512,0.5
1900-01-21 00:39:30,8013.0,136631,8013.5,105630,569997,1969214,-1399217,31001,0.5
1900-01-21 00:39:45,7987.0,22,7987.5,284992,149121,3389539,-3240418,-284970,0.5
1900-01-21 00:40:00,7989.0,133868,7989.5,34400,330686,1476470,-1145784,99468,0.5
1900-01-21 00:40:15,7983.5,95939,7994.0,273623,1178699,1901587,-722888,-177684,10.5
1900-01-21 00:40:30,7974.0,106311,7974.5,1152732,636976,446534,190442,-1046421,0.5
1900-01-21 00:40:45,7956.0,1281156,7956.5,695066,158118,1210987,-1052869,586090,0.5
1900-01-21 00:41:00,7946.0,973,7946.5,15810,528485,3942951,-3414466,-14837,0.5
1900-01-21 00:41:15,7968.5,4000,7969.0,188970,872097,2793242,-1921145,-184970,0.5
1900-01-21 00:41:30,7963.0,368624,7963.5,358341,1024453,695567,328886,10283,0.5
1900-01-21 00:41:45,7975.0,328717,7975.5,30073,2088294,965835,1122459,298644,0.5
1900-01-21 00:42:00,7975.0,415277,7975.5,224296,1108751,2813300,-1704549,190981,0.5
1900-01-21 00:42:15,7970.0,204,7970.5,68152,797118,765652,31466,-67948,0.5
1900-01-21 00:42:30,7962.5,7628,7963.0,404892,445908,178146,267762,-397264,0.5
1900-01-21 00:42:45,7960.5,33573,7961.0,53000,564702,1509786,-945084,-19427,0.5
1900-01-21 00:43:00,7898.0,13625,7900.5,450,569099,4705077,-4135978,13175,2.5
1900-01-21 00:43:15,7874.5,4500,7875.0,970175,4227027,5784556,-1557529,-965675,0.5
1900-01-21 00:43:30,7907.0,161953,7914.0,17332,7354102,2495846,4858256,144621,7.0
1900-01-21 00:43:45,7914.0,915410,7914.5,67616,1150180,1730776,-580596,847794,0.5
1900-01-21 00:44:00,7922.5,1945,7923.0,227600,1912666,890344,1022322,-225655,0.5
1900-01-21 00:44:15,7907.0,178891,7907.5,359467,6478127,853038,5625089,-180576,0.5
1900-01-21 00:44:30,7895.0,51927,7895.5,67588,570461,677026,-106565,-15661,0.5
1900-01-21 00:44:45,7878.5,120597,7879.0,12400,502593,939728,-437135,108197,0.5
1900-01-21 00:45:00,7852.0,962398,7852.5,35750,673232,2639724,-1966492,926648,0.5
1900-01-21 00:45:15,7821.5,103100,7825.0,10000,1426410,5527089,-4100679,93100,3.5
1900-01-21 00:45:30,7855.0,165385,7855.5,9001,1521683,5584947,-4063264,156384,0.5
1900-01-21 00:45:45,7851.5,39105,7853.0,21500,3299484,2086238,1213246,17605,1.5
1900-01-21 00:46:00,7869.5,109734,7870.0,36831,1017394,664716,352678,72903,0.5
1900-01-21 00:46:15,7900.0,569194,7900.5,8046,1245667,274660,971007,561148,0.5
1900-01-21 00:46:30,7926.5,1758,7927.0,14900,1224676,3308100,-2083424,-13142,0.5
1900-01-21 00:46:45,7929.5,186143,7930.0,244786,1460153,334741,1125412,-58643,0.5
1900-01-21 00:47:00,7938.5,118272,7939.0,62033,948387,960670,-12283,56239,0.5
1900-01-21 00:47:15,7925.5,15246,7931.0,3705,539019,1238256,-699237,11541,5.5
1900-01-21 00:47:30,7922.0,121344,7922.5,7350,1131094,676270,454824,113994,0.5
1900-01-21 00:47:45,7929.5,208000,7930.0,558289,1972693,190179,1782514,-350289,0.5
1900-01-21 00:48:00,7929.0,442826,7929.5,257186,717983,936512,-218529,185640,0.5
1900-01-21 00:48:15,7926.5,58345,7927.0,38612,409390,428426,-19036,19733,0.5
1900-01-21 00:48:30,7934.5,735336,7935.0,37020,641882,78970,562912,698316,0.5
1900-01-21 00:48:45,7937.0,227695,7937.5,185057,1453719,216017,1237702,42638,0.5
1900-01-21 00:49:00,7936.0,17445,7936.5,182574,927200,371973,555227,-165129,0.5
1900-01-21 00:49:15,7921.5,18463,7924.0,1591,912161,1502085,-589924,16872,2.5
1900-01-21 00:49:30,7911.0,25811,7911.5,876937,556368,333400,222968,-851126,0.5
1900-01-21 00:49:45,7889.0,65818,7890.0,116936,720425,617430,102995,-51118,1.0
1900-01-21 00:50:00,7896.0,236903,7896.5,417277,1429626,1750211,-320585,-180374,0.5
1900-01-21 00:50:15,7908.5,32249,7909.5,9151,683766,360669,323097,23098,1.0
1900-01-21 00:50:30,7904.5,9331,7905.0,538174,932045,563436,368609,-528843,0.5
1900-01-21 00:50:45,7910.5,939767,7911.0,118881,646051,135968,510083,820886,0.5
1900-01-21 00:51:00,7924.5,19980,7925.0,351072,1359778,145523,1214255,-331092,0.5
1900-01-21 00:51:15,7907.5,1086,7908.0,7935,554254,158090,396164,-6849,0.5
1900-01-21 00:51:30,7924.5,84702,7925.0,137997,682765,619025,63740,-53295,0.5
1900-01-21 00:51:45,7909.0,823278,7909.5,64372,153600,388167,-234567,758906,0.5
1900-01-21 00:52:00,7921.0,372540,7921.5,246000,472551,291637,180914,126540,0.5
1900-01-21 00:52:15,7930.5,3500,7931.0,80091,350281,324095,26186,-76591,0.5
1900-01-21 00:52:30,7928.5,505497,7929.0,114103,187603,140275,47328,391394,0.5
1900-01-21 00:52:45,7939.5,275708,7940.0,142242,281666,385619,-103953,133466,0.5
1900-01-21 00:53:00,7949.5,393058,7950.0,546991,504047,19126,484921,-153933,0.5
1900-01-21 00:53:15,7963.5,13000,7964.0,18421,955493,102722,852771,-5421,0.5
1900-01-21 00:53:30,7959.0,36919,7960.5,857424,865494,374222,491272,-820505,1.5
1900-01-21 00:53:45,7946.0,19959,7946.5,537719,284539,544715,-260176,-517760,0.5
1900-01-21 00:54:00,7941.0,506321,7941.5,157418,243488,355296,-111808,348903,0.5
1900-01-21 00:54:15,7941.5,643200,7942.0,44246,153096,183853,-30757,598954,0.5
1900-01-21 00:54:30,7946.0,40845,7946.5,309298,156712,142108,14604,-268453,0.5
1900-01-21 00:54:45,7939.5,521207,7940.0,315402,451972,130889,321083,205805,0.5
1900-01-21 00:55:00,7940.0,83142,7940.5,284455,468562,333090,135472,-201313,0.5
1900-01-21 00:55:15,7935.0,151095,7935.5,412211,177595,862996,-685401,-261116,0.5
1900-01-21 00:55:30,7954.5,524422,7955.0,349603,1079972,60869,1019103,174819,0.5
1900-01-21 00:55:45,7945.0,108758,7945.5,679194,336143,155906,180237,-570436,0.5
1900-01-21 00:56:00,7949.5,1011418,7950.0,432819,396955,110346,286609,578599,0.5
1900-01-21 00:56:15,7955.5,37451,7956.0,474,343075,148389,194686,36977,0.5
1900-01-21 00:56:30,7953.5,669073,7954.0,76995,550670,98422,452248,592078,0.5
1900-01-21 00:56:45,7945.5,46854,7950.5,116775,120402,45712,74690,-69921,5.0
1900-01-21 00:57:00,7948.0,135557,7948.5,489911,87053,17360,69693,-354354,0.5
1900-01-21 00:57:15,7944.0,1383679,7944.5,668385,347111,1420077,-1072966,715294,0.5
1900-01-21 00:57:30,7931.0,142255,7931.5,1088865,325221,2070111,-1744890,-946610,0.5
1900-01-21 00:57:45,7941.0,576614,7941.5,89385,233542,320395,-86853,487229,0.5
1900-01-21 00:58:00,7936.0,9025,7936.5,585756,42022,196376,-154354,-576731,0.5
1900-01-21 00:58:15,7926.0,437039,7926.5,114285,61772,159470,-97698,322754,0.5
1900-01-21 00:58:30,7929.5,30302,7930.0,148755,696705,479389,217316,-118453,0.5
1900-01-21 00:58:45,7949.0,486576,7949.5,356725,341569,469036,-127467,129851,0.5
1900-01-21 00:59:00,7948.5,6441,7949.0,842908,75040,227927,-152887,-836467,0.5
1900-01-21 00:59:15,7944.5,64810,7945.0,639915,25246,49335,-24089,-575105,0.5
1900-01-21 00:59:30,7953.5,305286,7954.0,92663,425482,219336,206146,212623,0.5
1900-01-21 00:59:45,7948.0,369513,7948.5,225510,135054,276939,-141885,144003,0.5
1900-01-21 01:00:00,7948.0,212178,7948.5,567430,139384,202414,-63030,-355252,0.5
1900-01-21 01:00:15,7943.0,37390,7943.5,225040,61999,304665,-242666,-187650,0.5
1900-01-21 01:00:30,7925.5,40,7926.0,22472,74060,285848,-211788,-22432,0.5
1900-01-21 01:00:45,7915.0,38997,7915.5,86926,258094,1419420,-1161326,-47929,0.5
1900-01-21 01:01:00,7930.5,190374,7931.0,491607,327341,154470,172871,-301233,0.5
1900-01-21 01:01:15,7919.0,35863,7919.5,447415,145867,54896,90971,-411552,0.5
1900-01-21 01:01:30,7919.0,36102,7919.5,423327,292660,431358,-138698,-387225,0.5
1900-01-21 01:01:45,7895.0,538034,7895.5,23432,111751,1999425,-1887674,514602,0.5
1900-01-21 01:02:00,7916.0,55929,7916.5,474659,373712,232214,141498,-418730,0.5
1900-01-21 01:02:15,7886.0,2,7893.0,292891,622025,1709901,-1087876,-292889,7.0
1900-01-21 01:02:30,7883.5,4656,7884.0,68659,733430,480990,252440,-64003,0.5
1900-01-21 01:02:45,7893.5,57072,7894.0,6000,501995,129049,372946,51072,0.5
1900-01-21 01:03:00,7890.0,603570,7890.5,1031604,367430,880025,-512595,-428034,0.5
1900-01-21 01:03:15,7901.0,112088,7901.5,148999,1478921,282153,1196768,-36911,0.5
1900-01-21 01:03:30,7905.5,19943,7906.0,212071,446376,161899,284477,-192128,0.5
1900-01-21 01:03:45,7899.0,97830,7899.5,534398,199159,248427,-49268,-436568,0.5
1900-01-21 01:04:00,7897.5,32846,7898.0,7301,35680,186389,-150709,25545,0.5
1900-01-21 01:04:15,7895.5,365355,7896.0,644586,74921,456720,-381799,-279231,0.5
1900-01-21 01:04:30,7886.0,500008,7886.5,165437,87204,897325,-810121,334571,0.5
1900-01-21 01:04:45,7894.0,392210,7894.5,411999,306081,1032253,-726172,-19789,0.5
1900-01-21 01:05:00,7905.0,150065,7905.5,53841,125207,148806,-23599,96224,0.5
1900-01-21 01:05:15,7915.0,552053,7915.5,303436,664485,37406,627079,248617,0.5
1900-01-21 01:05:30,7918.5,485086,7919.0,33149,717202,1250597,-533395,451937,0.5
1900-01-21 01:05:45,7921.5,62662,7922.0,873226,380475,680161,-299686,-810564,0.5
1900-01-21 01:06:00,7914.0,55270,7914.5,992714,110868,109697,1171,-937444,0.5
1900-01-21 01:06:15,7910.0,74614,7910.5,646368,38881,194258,-155377,-571754,0.5
1900-01-21 01:06:30,7900.0,130671,7900.5,426725,76300,650676,-574376,-296054,0.5
1900-01-21 01:06:45,7897.5,251164,7898.0,339711,83617,152324,-68707,-88547,0.5
1900-01-21 01:07:00,7907.5,360554,7908.0,19114,255811,294755,-38944,341440,0.5
1900-01-21 01:07:15,7912.5,363686,7913.0,385704,305499,24388,281111,-22018,0.5
1900-01-21 01:07:30,7916.0,410411,7916.5,385154,647392,29651,617741,25257,0.5
1900-01-21 01:07:45,7918.5,2191267,7919.0,6035,497408,150256,347152,2185232,0.5
1900-01-21 01:08:00,7923.0,161233,7923.5,466053,362058,207250,154808,-304820,0.5
1900-01-21 01:08:15,7916.0,110134,7916.5,979844,143808,92919,50889,-869710,0.5
1900-01-21 01:08:30,7919.0,953917,7919.5,48522,66404,69470,-3066,905395,0.5
1900-01-21 06:11:15,8007.5,6106,8008.0,644175,1344,56578,-55234,-638069,0.5
1900-01-21 06:11:30,8005.5,448662,8006.0,691404,2820,25930,-23110,-242742,0.5
1900-01-21 06:11:45,8005.5,576546,8006.0,474582,57272,21010,36262,101964,0.5
1900-01-21 06:12:00,8005.5,1105621,8006.0,23857,161992,31200,130792,1081764,0.5
1900-01-21 06:12:15,8008.5,887088,8009.0,136787,146491,14596,131895,750301,0.5
1900-01-21 06:12:30,8009.5,959152,8010.0,340142,62246,2260,59986,619010,0.5
1900-01-21 06:12:45,8009.5,643631,8010.0,601449,39744,26022,13722,42182,0.5
1900-01-21 06:13:00,8009.5,735850,8010.0,616041,1220,161,1059,119809,0.5
1900-01-21 06:13:15,8009.5,831561,8010.0,678018,20004,12000,8004,153543,0.5
1900-01-21 06:13:30,8009.5,754745,8010.0,678117,20004,9759,10245,76628,0.5
1900-01-21 06:13:45,8009.5,681142,8010.0,702320,10052,20713,-10661,-21178,0.5
1900-01-21 06:14:00,8008.0,741,8008.5,1011537,64000,66184,-2184,-1010796,0.5
1900-01-21 06:14:15,8006.5,18101,8007.0,881026,220,28603,-28383,-862925,0.5
1900-01-21 06:14:30,8006.0,1270336,8006.5,621689,67400,149783,-82383,648647,0.5
1900-01-21 06:14:45,8006.0,1848745,8006.5,47877,258967,17638,241329,1800868,0.5
1900-01-21 06:15:00,8006.0,1767193,8006.5,138974,22886,11500,11386,1628219,0.5
1900-01-21 06:15:15,8008.0,225613,8008.5,641654,155406,27846,127560,-416041,0.5
1900-01-21 06:15:30,8008.0,747369,8008.5,204382,1260,46160,-44900,542987,0.5
1900-01-21 06:15:45,8005.5,73201,8006.0,768285,25240,211205,-185965,-695084,0.5
1900-01-21 06:16:00,8005.0,815727,8005.5,303329,143912,105964,37948,512398,0.5
1900-01-21 06:16:15,8008.0,928114,8008.5,24885,29553,86290,-56737,903229,0.5
1900-01-21 06:16:30,8008.0,651416,8008.5,42609,115378,6600,108778,608807,0.5
1900-01-21 06:16:45,8009.0,1071580,8009.5,63165,21158,7200,13958,1008415,0.5
1900-01-21 06:17:00,8009.5,1586439,8010.0,373955,303648,1062,302586,1212484,0.5
1900-01-21 06:17:15,8014.0,994932,8014.5,62719,521142,200,520942,932213,0.5
1900-01-21 06:17:30,8014.5,1280634,8015.0,538370,54672,16518,38154,742264,0.5
1900-01-21 06:17:45,8014.5,263981,8015.0,744198,96049,29452,66597,-480217,0.5
1900-01-21 06:18:00,8014.5,714091,8015.0,712642,1082,13023,-11941,1449,0.5
1900-01-21 06:18:15,8014.5,907008,8015.0,702032,60327,2688,57639,204976,0.5
1900-01-21 06:18:30,8014.5,664769,8015.0,744778,11000,4618,6382,-80009,0.5
1900-01-21 06:18:45,8014.5,515205,8015.0,384896,135024,34476,100548,130309,0.5
1900-01-21 06:19:00,8014.5,567770,8015.0,305362,100618,127128,-26510,262408,0.5
1900-01-21 06:19:15,8014.5,602458,8015.0,584516,86735,5870,80865,17942,0.5
1900-01-21 06:19:30,8014.5,3350,8015.0,405091,5642,663612,-657970,-401741,0.5
1900-01-21 06:19:45,8009.0,14645,8009.5,183735,1124,163570,-162446,-169090,0.5
1900-01-21 06:20:00,8008.0,1294588,8008.5,17146,28977,21045,7932,1277442,0.5
1900-01-21 06:20:15,8009.5,1119642,8010.0,470,55169,1513,53656,1119172,0.5
1900-01-21 06:20:30,8014.0,817509,8014.5,48921,24052,30186,-6134,768588,0.5
1900-01-21 06:20:45,8014.0,12205,8014.5,573749,5372,33252,-27880,-561544,0.5
1900-01-21 06:21:00,8011.0,99515,8011.5,125521,52,38203,-38151,-26006,0.5
1900-01-21 06:21:15,8009.5,45422,8010.0,249291,45002,91719,-46717,-203869,0.5
1900-01-21 06:21:30,8009.0,28758,8009.5,250621,17242,33933,-16691,-221863,0.5
1900-01-21 06:21:45,8009.0,90698,8009.5,501736,2926,34140,-31214,-411038,0.5
1900-01-21 06:22:00,8009.0,32199,8009.5,653193,4000,41224,-37224,-620994,0.5
1900-01-21 06:22:15,8007.0,339597,8007.5,329998,5058,100214,-95156,9599,0.5
1900-01-21 06:22:30,8005.0,148837,8005.5,288537,13606,222241,-208635,-139700,0.5
1900-01-21 06:22:45,8005.0,847897,8005.5,34024,73683,248123,-174440,813873,0.5
1900-01-21 06:23:00,8005.0,330975,8005.5,943138,78579,361910,-283331,-612163,0.5
1900-01-21 06:23:15,8004.5,181104,8005.0,889541,28342,317398,-289056,-708437,0.5
1900-01-21 06:23:30,8001.0,38974,8001.5,558574,1602,497959,-496357,-519600,0.5
1900-01-21 06:23:45,8001.0,440222,8001.5,177920,60174,61910,-1736,262302,0.5
1900-01-21 06:24:00,8005.0,562961,8005.5,30271,143602,165142,-21540,532690,0.5
1900-01-21 06:24:15,8009.0,374187,8009.5,582440,25493,82368,-56875,-208253,0.5
1900-01-21 06:24:30,8004.5,154,8005.0,1004899,56,14819,-14763,-1004745,0.5
1900-01-21 06:24:45,8000.0,185427,8000.5,203633,3412,78863,-75451,-18206,0.5
1900-01-21 06:25:00,7996.5,606583,7997.0,135257,42520,202696,-160176,471326,0.5
1900-01-21 06:25:15,8004.5,497636,8005.0,265875,173486,58292,115194,231761,0.5
1900-01-21 06:25:30,8004.5,29232,8005.0,997642,10400,174389,-163989,-968410,0.5
1900-01-21 06:25:45,8004.5,52015,8005.0,856024,72413,19864,52549,-804009,0.5
1900-01-21 06:26:00,8004.5,714032,8005.0,44094,265431,32487,232944,669938,0.5
1900-01-21 06:26:15,8004.5,77840,8005.0,824369,14369,108554,-94185,-746529,0.5
1900-01-21 06:26:30,8004.0,49941,8004.5,914823,2102,55489,-53387,-864882,0.5
1900-01-21 06:26:45,8004.0,34036,8004.5,1215909,102332,58515,43817,-1181873,0.5
1900-01-21 06:27:00,7997.5,168121,7998.0,639670,8608,19987,-11379,-471549,0.5
1900-01-21 06:27:15,7997.5,573884,7998.0,471299,18592,212498,-193906,102585,0.5
1900-01-21 06:27:30,7994.0,770630,7994.5,141241,17708,118281,-100573,629389,0.5
1900-01-21 06:27:45,7998.0,104797,7998.5,848797,42112,29976,12136,-744000,0.5
1900-01-21 06:28:00,7997.5,2145,7998.0,1155387,6464,95853,-89389,-1153242,0.5
1900-01-21 06:28:15,7991.0,73923,7991.5,788815,6068,126478,-120410,-714892,0.5
1900-01-21 06:28:30,7981.0,55508,7981.5,847179,10556,488573,-478017,-791671,0.5
1900-01-21 06:28:45,7988.0,1287115,7988.5,32225,163894,282263,-118369,1254890,0.5
1900-01-21 06:29:00,7987.0,2913,7987.5,930073,47910,357930,-310020,-927160,0.5
1900-01-21 06:29:15,7985.0,567647,7985.5,196419,18782,73351,-54569,371228,0.5
1900-01-21 06:29:30,7985.0,15767,7985.5,978783,249129,60203,188926,-963016,0.5
1900-01-21 06:29:45,7978.0,47126,7978.5,415604,4531,122250,-117719,-368478,0.5
1900-01-21 06:30:00,7973.0,37718,7973.5,1292487,21528,1188089,-1166561,-1254769,0.5
1900-01-21 06:30:15,7950.5,104999,7951.0,3080,213307,1333824,-1120517,101919,0.5
1900-01-21 06:30:30,7968.5,69217,7969.0,931159,552029,133361,418668,-861942,0.5
1900-01-21 06:30:45,7962.0,50,7962.5,1284521,227444,82669,144775,-1284471,0.5
1900-01-21 06:31:00,7958.0,662324,7958.5,6948,337021,292782,44239,655376,0.5
1900-01-21 06:31:15,7968.5,559504,7969.0,62516,458370,105482,352888,496988,0.5
1900-01-21 06:31:30,7965.5,2025,7966.0,678613,121214,133368,-12154,-676588,0.5
1900-01-21 06:31:45,7968.0,616313,7968.5,61568,180267,82972,97295,554745,0.5
1900-01-21 06:32:00,7951.5,73828,7952.0,23752,335469,309586,25883,50076,0.5
1900-01-21 06:32:15,7953.0,353557,7953.5,432836,62927,376151,-313224,-79279,0.5
1900-01-21 06:32:30,7942.0,10842,7942.5,454793,93168,887437,-794269,-443951,0.5
1900-01-21 06:32:45,7942.5,68636,7943.0,29594,233671,878042,-644371,39042,0.5
1900-01-21 06:33:00,7955.0,70201,7955.5,1400,414180,77429,336751,68801,0.5
1900-01-21 06:33:15,7945.0,43170,7945.5,527578,149543,175435,-25892,-484408,0.5
1900-01-21 06:33:30,7949.0,258182,7949.5,13916,127902,45139,82763,244266,0.5
1900-01-21 06:33:45,7941.0,62881,7941.5,558621,259994,80319,179675,-495740,0.5
1900-01-21 06:34:00,7943.5,994396,7944.0,483,101014,193360,-92346,993913,0.5
1900-01-21 06:34:15,7949.0,153617,7949.5,612368,459302,72039,387263,-458751,0.5
1900-01-21 06:34:30,7949.5,726719,7950.0,342649,270238,288568,-18330,384070,0.5
1900-01-21 06:34:45,7953.5,917195,7954.0,184557,335387,22305,313082,732638,0.5
1900-01-21 06:35:00,7954.0,7738,7954.5,3012,331823,12400,319423,4726,0.5
1900-01-21 06:35:15,7953.5,26392,7954.0,187082,329018,384972,-55954,-160690,0.5
1900-01-21 06:35:30,7961.0,224431,7961.5,531338,697456,186696,510760,-306907,0.5
1900-01-21 06:35:45,7962.0,689562,7962.5,72213,116392,50911,65481,617349,0.5
1900-01-21 06:36:00,7966.0,82638,7966.5,469682,134235,96593,37642,-387044,0.5
1900-01-21 06:36:15,7968.0,1043331,7968.5,6931,59325,250373,-191048,1036400,0.5
1900-01-21 06:36:30,7968.5,28899,7969.0,875692,95600,138840,-43240,-846793,0.5
1900-01-21 06:36:45,7968.5,595512,7969.0,140075,136143,31908,104235,455437,0.5
1900-01-21 06:37:00,7968.5,90136,7969.0,602939,36692,53034,-16342,-512803,0.5
1900-01-21 06:37:15,7964.5,2767,7965.0,635872,55009,219180,-164171,-633105,0.5
1900-01-21 06:37:30,7964.5,30320,7965.0,398696,71821,143505,-71684,-368376,0.5
1900-01-21 06:37:45,7960.5,50263,7961.0,511000,72,50082,-50010,-460737,0.5
1900-01-21 06:38:00,7957.0,807156,7957.5,120551,44006,448916,-404910,686605,0.5
1900-01-21 06:38:15,7960.5,45851,7961.0,910573,332620,43064,289556,-864722,0.5
1900-01-21 06:38:30,7956.0,873474,7956.5,32838,108868,101399,7469,840636,0.5
1900-01-21 06:38:45,7959.5,866927,7960.0,56201,7728,39900,-32172,810726,0.5
1900-01-21 06:39:00,7963.0,48240,7963.5,788622,79072,84940,-5868,-740382,0.5
1900-01-21 06:39:15,7964.0,718461,7964.5,401,52867,14954,37913,718060,0.5
1900-01-21 06:39:30,7971.5,38439,7972.0,447676,199451,22502,176949,-409237,0.5
1900-01-21 06:39:45,7971.5,363414,7972.0,122407,26623,15601,11022,241007,0.5
1900-01-21 06:40:00,7971.5,881899,7972.0,77857,39223,22844,16379,804042,0.5
1900-01-21 06:40:15,7974.5,1042282,7975.0,54411,99299,20956,78343,987871,0.5
1900-01-21 06:40:30,7982.0,658925,7982.5,431911,220151,5052,215099,227014,0.5
1900-01-21 06:40:45,7979.5,701378,7980.0,353208,77660,16298,61362,348170,0.5
1900-01-21 06:41:00,7974.0,118,7974.5,522812,101562,34332,67230,-522694,0.5
1900-01-21 06:41:15,7971.0,1917,7971.5,845135,13582,147366,-133784,-843218,0.5
1900-01-21 06:41:30,7979.5,438991,7980.0,79839,409476,25910,383566,359152,0.5
1900-01-21 06:41:45,7975.0,179847,7975.5,440972,63668,63454,214,-261125,0.5
1900-01-21 06:42:00,7982.5,150221,7983.0,768345,91533,27464,64069,-618124,0.5
1900-01-21 06:42:15,7981.0,693166,7981.5,87273,126860,38632,88228,605893,0.5
1900-01-21 06:42:30,7969.5,3211,7970.0,103750,101737,578095,-476358,-100539,0.5
1900-01-21 06:42:45,7972.5,527365,7973.0,390071,388856,95102,293754,137294,0.5
1900-01-21 06:43:00,7959.5,452823,7960.0,271833,21100,326419,-305319,180990,0.5
1900-01-21 06:43:15,7972.5,262871,7973.0,799631,338986,71050,267936,-536760,0.5
1900-01-21 06:43:30,7962.5,670012,7963.0,152030,22532,338891,-316359,517982,0.5
1900-01-21 06:43:45,7968.5,821722,7969.0,37297,77416,12637,64779,784425,0.5
1900-01-21 06:44:00,7965.5,15216,7966.0,153887,19075,165524,-146449,-138671,0.5
1900-01-21 06:44:15,7964.5,942591,7965.0,4027,15642,158630,-142988,938564,0.5
1900-01-21 06:44:30,7962.5,11822,7963.0,426628,18350,24772,-6422,-414806,0.5
1900-01-21 06:44:45,7967.0,184696,7967.5,729977,45210,64046,-18836,-545281,0.5
1900-01-21 06:45:00,7964.5,522294,7965.0,339,5278,79557,-74279,521955,0.5
1900-01-21 06:45:15,7964.5,111035,7965.0,764966,12370,34252,-21882,-653931,0.5
1900-01-21 06:45:30,7966.5,149147,7967.0,982915,36489,56522,-20033,-833768,0.5
1900-01-21 06:45:45,7961.5,133,7962.0,739257,22802,74053,-51251,-739124,0.5
1900-01-21 06:46:00,7960.0,344389,7960.5,208982,12142,6016,6126,135407,0.5
1900-01-21 06:46:15,7965.5,276677,7966.0,8393,119397,26856,92541,268284,0.5
1900-01-21 06:46:30,7965.5,270132,7966.0,22884,135532,16004,119528,247248,0.5
1900-01-21 06:46:45,7972.5,188224,7973.0,1020149,398739,3660,395079,-831925,0.5
1900-01-21 06:47:00,7972.5,725,7973.0,1062912,66881,139011,-72130,-1062187,0.5
1900-01-21 06:47:15,7963.5,1517,7964.0,1027176,22052,81408,-59356,-1025659,0.5
1900-01-21 06:47:30,7963.0,106356,7963.5,579353,200,82089,-81889,-472997,0.5
1900-01-21 06:47:45,7959.0,175214,7959.5,439387,335366,252122,83244,-264173,0.5
1900-01-21 06:48:00,7956.5,149720,7957.0,376894,40009,23782,16227,-227174,0.5
1900-01-21 06:48:15,7958.5,234016,7959.0,617898,23029,17234,5795,-383882,0.5
1900-01-21 06:48:30,7956.5,101743,7957.0,714351,19672,79467,-59795,-612608,0.5
1900-01-21 06:48:45,7953.0,34720,7953.5,895076,46229,288041,-241812,-860356,0.5
1900-01-21 06:49:00,7949.5,401493,7950.0,239334,358080,329403,28677,162159,0.5
1900-01-21 06:49:15,7949.5,193214,7950.0,675389,90200,191018,-100818,-482175,0.5
1900-01-21 06:49:30,7949.0,1636,7949.5,650078,31050,213576,-182526,-648442,0.5
1900-01-21 06:49:45,7913.0,42335,7937.0,7322,212736,298514,-85778,35013,24.0
1900-01-21 06:50:00,7915.5,48000,7916.0,13000,362234,1019971,-657737,35000,0.5
1900-01-21 06:50:15,7899.5,75739,7900.0,38110,1223387,1579482,-356095,37629,0.5
1900-01-21 06:50:30,7899.5,703226,7900.0,117273,4435912,329999,4105913,585953,0.5
1900-01-21 06:50:45,7910.5,32592,7911.0,463589,659185,193724,465461,-430997,0.5
1900-01-21 06:51:00,7899.0,147993,7899.5,787021,449305,343696,105609,-639028,0.5
1900-01-21 06:51:15,7872.5,9170,7873.0,185555,313046,2008673,-1695627,-176385,0.5
1900-01-21 06:51:30,7870.0,268998,7870.5,354819,2378481,3585071,-1206590,-85821,0.5
1900-01-21 06:51:45,7875.0,342957,7875.5,31900,549588,855247,-305659,311057,0.5
1900-01-21 06:52:00,7865.0,209248,7865.5,765871,771962,2386628,-1614666,-556623,0.5
1900-01-21 06:52:15,7874.5,644329,7875.0,604524,2002430,384465,1617965,39805,0.5
1900-01-21 06:52:30,7881.0,1278604,7881.5,341838,1329078,144892,1184186,936766,0.5
1900-01-21 06:52:45,7880.5,35375,7881.0,915085,1277792,531383,746409,-879710,0.5
1900-01-21 06:53:00,7884.5,433398,7885.0,195834,609519,508295,101224,237564,0.5
1900-01-21 06:53:15,7889.0,1023838,7889.5,238041,1133254,79212,1054042,785797,0.5
1900-01-21 06:53:30,7891.5,1435122,7892.5,229403,1176342,25672,1150670,1205719,1.0
1900-01-21 06:53:45,7893.0,1055435,7893.5,7978,371170,178686,192484,1047457,0.5
1900-01-21 06:54:00,7890.0,237966,7890.5,1005141,563464,451519,111945,-767175,0.5
1900-01-21 06:54:15,7885.5,78996,7886.0,554399,50754,530633,-479879,-475403,0.5
1900-01-21 06:54:30,7895.5,38615,7896.0,1621,640483,152905,487578,36994,0.5
1900-01-21 06:54:45,7896.5,793409,7897.0,367232,449277,51276,398001,426177,0.5
1900-01-21 06:55:00,7896.5,918832,7897.0,30019,596205,166130,430075,888813,0.5
1900-01-21 06:55:15,7881.5,33917,7882.0,48645,25719,389026,-363307,-14728,0.5
1900-01-21 06:55:30,7886.5,1143004,7887.0,45534,96985,64498,32487,1097470,0.5
1900-01-21 06:55:45,7893.5,497968,7894.0,36106,134872,20318,114554,461862,0.5
1900-01-21 06:56:00,7899.0,725314,7899.5,251640,934461,33096,901365,473674,0.5
1900-01-21 06:56:15,7899.0,155726,7899.5,448379,208101,107341,100760,-292653,0.5
1900-01-21 06:56:30,7895.0,158079,7895.5,443998,259687,163827,95860,-285919,0.5
1900-01-21 06:56:45,7879.0,1148480,7879.5,50557,258495,717051,-458556,1097923,0.5
1900-01-21 06:57:00,7889.0,606115,7889.5,64563,1210707,50945,1159762,541552,0.5
1900-01-21 06:57:15,7885.5,159120,7886.0,979333,36558,1877671,-1841113,-820213,0.5
1900-01-21 06:57:30,7867.0,26115,7867.5,218485,58873,510610,-451737,-192370,0.5
1900-01-21 06:57:45,7875.5,628359,7876.0,22783,595511,620416,-24905,605576,0.5
1900-01-21 06:58:00,7882.5,5475,7883.0,141159,158210,135830,22380,-135684,0.5
1900-01-21 06:58:15,7894.0,43300,7894.5,1737,559741,222516,337225,41563,0.5
1900-01-21 06:58:30,7885.0,40558,7885.5,58426,534281,288164,246117,-17868,0.5
1900-01-21 06:58:45,7899.0,440150,7899.5,318663,1105258,87755,1017503,121487,0.5
1900-01-21 06:59:00,7892.5,525,7895.0,90082,212212,256238,-44026,-89557,2.5
1900-01-21 06:59:15,7898.5,327518,7899.0,5851,436950,79655,357295,321667,0.5
1900-01-21 06:59:30,7898.5,58352,7899.0,965020,694666,97567,597099,-906668,0.5
1900-01-21 06:59:45,7899.5,742795,7900.0,5943,338984,17056,321928,736852,0.5
1900-01-21 07:00:00,7906.0,439272,7906.5,473178,862162,78094,784068,-33906,0.5
1900-01-21 07:00:15,7899.0,585916,7899.5,219870,218024,243563,-25539,366046,0.5
1900-01-21 07:00:30,7909.5,1161934,7910.0,18656,231026,153064,77962,1143278,0.5
1900-01-21 07:00:45,7913.5,212644,7914.0,322296,749196,32626,716570,-109652,0.5
1900-01-21 07:01:00,7912.5,654018,7913.0,112028,138252,23844,114408,541990,0.5
1900-01-21 07:01:15,7917.0,2097,7917.5,519017,208482,145142,63340,-516920,0.5
1900-01-21 07:01:30,7917.5,1407474,7918.0,154855,363670,76679,286991,1252619,0.5
1900-01-21 07:01:45,7924.0,772391,7924.5,85132,260656,31644,229012,687259,0.5
1900-01-21 07:02:00,7927.5,350806,7928.0,157042,456954,88876,368078,193764,0.5
1900-01-21 07:02:15,7917.5,488123,7918.0,10000,237347,375192,-137845,478123,0.5
1900-01-21 07:02:30,7924.5,433380,7925.0,151577,93665,375610,-281945,281803,0.5
1900-01-21 07:02:45,7924.0,4196,7924.5,880006,98120,420470,-322350,-875810,0.5
1900-01-21 07:03:00,7921.0,435288,7921.5,479668,56264,120377,-64113,-44380,0.5
1900-01-21 07:03:15,7921.0,249141,7921.5,749466,53046,65847,-12801,-500325,0.5
1900-01-21 07:03:30,7920.0,799419,7920.5,306768,51262,84408,-33146,492651,0.5
1900-01-21 07:03:45,7920.0,539416,7920.5,288997,126884,29502,97382,250419,0.5
1900-01-21 07:04:00,7922.0,1221297,7922.5,13394,510391,27982,482409,1207903,0.5
1900-01-21 07:04:15,7922.0,411517,7922.5,425625,180240,133264,46976,-14108,0.5
1900-01-21 07:04:30,7922.0,218290,7922.5,666095,75469,154572,-79103,-447805,0.5
1900-01-21 07:04:45,7922.0,711853,7922.5,142621,181348,13198,168150,569232,0.5
1900-01-21 07:05:00,7924.5,1099740,7925.0,271878,278717,78244,200473,827862,0.5
1900-01-21 07:05:15,7925.5,298089,7926.0,143652,273574,18664,254910,154437,0.5
1900-01-21 07:05:30,7922.5,1102889,7923.0,102405,33747,267144,-233397,1000484,0.5
1900-01-21 07:05:45,7924.5,1033407,7925.0,5525,215653,3818,211835,1027882,0.5
1900-01-21 07:06:00,7924.5,299867,7925.0,735953,25648,5879,19769,-436086,0.5
1900-01-21 07:06:15,7924.5,347811,7925.0,1049798,28610,13146,15464,-701987,0.5
1900-01-21 07:06:30,7919.0,10916,7919.5,493102,30384,533798,-503414,-482186,0.5
1900-01-21 07:06:45,7918.5,755659,7919.0,274505,139185,44780,94405,481154,0.5
1900-01-21 07:07:00,7918.5,756717,7919.0,326431,106526,98222,8304,430286,0.5
1900-01-21 07:07:15,7918.5,140778,7919.0,683310,92962,52516,40446,-542532,0.5
1900-01-21 07:07:30,7918.5,87794,7919.0,748857,4488,130940,-126452,-661063,0.5
1900-01-21 07:07:45,7917.5,23904,7918.0,915681,36360,391210,-354850,-891777,0.5
1900-01-21 07:08:00,7915.5,19649,7916.0,855291,65558,88542,-22984,-835642,0.5
1900-01-21 07:08:15,7914.5,54363,7915.0,821080,33904,177850,-143946,-766717,0.5
1900-01-21 07:08:30,7903.0,47509,7903.5,389261,6516,758304,-751788,-341752,0.5
1900-01-21 07:08:45,7913.0,654602,7913.5,327776,149271,367037,-217766,326826,0.5
1900-01-21 07:09:00,7902.0,340442,7902.5,550715,30932,501567,-470635,-210273,0.5
1900-01-21 07:09:15,7887.5,37768,7888.0,101291,20190,328427,-308237,-63523,0.5
1900-01-21 07:09:30,7890.0,579504,7890.5,29312,161723,409001,-247278,550192,0.5
1900-01-21 07:09:45,7891.5,4648,7892.0,580805,384202,209362,174840,-576157,0.5
1900-01-21 07:10:00,7885.5,189407,7886.0,5491,85734,135075,-49341,183916,0.5
1900-01-21 07:10:15,7893.0,623943,7893.5,123551,214876,107613,107263,500392,0.5
1900-01-21 07:10:30,7886.5,11331,7887.0,741795,231118,186816,44302,-730464,0.5
1900-01-21 07:10:45,7881.5,596910,7882.0,99234,168172,374744,-206572,497676,0.5
1900-01-21 07:11:00,7881.0,145428,7881.5,594456,615228,185162,430066,-449028,0.5
1900-01-21 07:11:15,7870.0,1819244,7870.5,51833,36720,1818862,-1782142,1767411,0.5
1900-01-21 07:11:30,7866.0,90536,7866.5,61604,169777,2882000,-2712223,28932,0.5
1900-01-21 07:11:45,7840.0,277460,7841.5,24427,472048,1412765,-940717,253033,1.5
1900-01-21 07:12:00,7853.5,10000,7855.0,20,881475,4574797,-3693322,9980,1.5
1900-01-21 07:12:15,7869.5,585008,7870.0,528460,851499,391585,459914,56548,0.5
1900-01-21 07:12:30,7884.0,287948,7884.5,1194783,582332,248963,333369,-906835,0.5
1900-01-21 07:12:45,7880.5,652596,7881.0,152601,119404,1089353,-969949,499995,0.5
1900-01-21 07:13:00,7887.5,155197,7888.0,625620,438021,251746,186275,-470423,0.5
1900-01-21 07:13:15,7887.0,507079,7887.5,102694,154501,239837,-85336,404385,0.5
1900-01-21 07:13:30,7887.0,28917,7887.5,592133,534974,413879,121095,-563216,0.5
1900-01-21 07:13:45,7902.5,214505,7903.0,7251,275929,312773,-36844,207254,0.5
1900-01-21 07:14:00,7902.5,15746,7903.0,506586,303101,83328,219773,-490840,0.5
1900-01-21 07:14:15,7916.0,494624,7916.5,39517,1066509,76474,990035,455107,0.5
1900-01-21 07:14:30,7930.0,1075495,7930.5,513051,548569,581698,-33129,562444,0.5
1900-01-21 07:14:45,7923.0,102755,7923.5,16364,345633,1795525,-1449892,86391,0.5
1900-01-21 07:15:00,7931.5,370638,7932.0,24140,368683,55225,313458,346498,0.5
1900-01-21 07:15:15,7934.0,11424,7934.5,760083,279637,343829,-64192,-748659,0.5
1900-01-21 07:15:30,7931.5,4309,7932.0,838298,157194,264913,-107719,-833989,0.5
1900-01-21 07:15:45,7934.5,604292,7935.0,194738,131906,164710,-32804,409554,0.5
1900-01-21 07:16:00,7939.5,965013,7940.0,231657,1384748,288857,1095891,733356,0.5
1900-01-21 07:16:15,7946.5,1345434,7947.0,5000,681202,17220,663982,1340434,0.5
1900-01-21 07:16:30,7939.5,95442,7940.0,732509,631452,484407,147045,-637067,0.5
1900-01-21 07:16:45,7944.5,407519,7945.0,161268,167736,233293,-65557,246251,0.5
1900-01-21 07:17:00,7932.5,7600,7933.0,410344,148269,729649,-581380,-402744,0.5
1900-01-21 07:17:15,7936.5,528204,7937.0,18396,98543,175045,-76502,509808,0.5
1900-01-21 07:17:30,7935.5,14000,7936.0,27,67915,155629,-87714,13973,0.5
1900-01-21 07:17:45,7946.5,126095,7947.0,272546,467131,37561,429570,-146451,0.5
1900-01-21 07:18:00,7946.5,599395,7947.0,126824,227665,37363,190302,472571,0.5
1900-01-21 07:18:15,7959.5,271906,7960.0,538136,639040,31939,607101,-266230,0.5
1900-01-21 07:18:30,7956.5,136943,7957.0,528101,212728,174965,37763,-391158,0.5
1900-01-21 07:18:45,7950.5,88441,7951.0,325952,176887,332917,-156030,-237511,0.5
1900-01-21 07:19:00,7951.5,20144,7952.0,541071,12552,204439,-191887,-520927,0.5
1900-01-21 07:19:15,7947.0,181485,7947.5,435232,33010,706440,-673430,-253747,0.5
1900-01-21 07:19:30,7949.5,129877,7950.0,668,109470,189031,-79561,129209,0.5
1900-01-21 07:19:45,7967.5,30025,7968.0,223129,1062995,219751,843244,-193104,0.5
1900-01-21 07:20:00,7976.5,167034,7977.0,412921,698214,580605,117609,-245887,0.5
1900-01-21 07:20:15,7974.5,354742,7975.0,270773,658144,322019,336125,83969,0.5
1900-01-21 07:20:30,7972.0,25988,7972.5,461773,78653,114587,-35934,-435785,0.5
1900-01-21 07:20:45,7970.5,66481,7971.0,462082,17897,167677,-149780,-395601,0.5
1900-01-21 07:21:00,7978.0,73025,7978.5,32037,547525,88863,458662,40988,0.5
1900-01-21 07:21:15,7980.0,362740,7980.5,97459,387511,231561,155950,265281,0.5
1900-01-21 07:21:30,8008.5,261092,8009.0,563314,1701311,264039,1437272,-302222,0.5
1900-01-21 07:21:45,8010.0,97998,8010.5,2145,1446768,758893,687875,95853,0.5
1900-01-21 07:22:00,8020.0,112073,8020.5,125350,566153,279798,286355,-13277,0.5
1900-01-21 07:22:15,8007.0,210862,8007.5,110826,462382,929629,-467247,100036,0.5
1900-01-21 07:22:30,8002.0,871230,8002.5,305068,49787,928905,-879118,566162,0.5
1900-01-21 07:22:45,8002.0,564458,8002.5,338286,159772,446638,-286866,226172,0.5
1900-01-21 07:23:00,8004.5,119659,8005.0,104381,476263,116968,359295,15278,0.5
1900-01-21 07:23:15,8000.0,91419,8000.5,1233174,58738,430881,-372143,-1141755,0.5
1900-01-21 07:23:30,7998.0,278529,7998.5,234076,347230,787166,-439936,44453,0.5
1900-01-21 07:23:45,8006.0,134241,8006.5,806339,116386,258051,-141665,-672098,0.5
1900-01-21 07:24:00,8010.5,443230,8011.0,54751,948161,156332,791829,388479,0.5
1900-01-21 07:24:15,8002.0,114723,8002.5,611613,89987,325624,-235637,-496890,0.5
1900-01-21 07:24:30,7996.0,9004,7996.5,208709,57321,275312,-217991,-199705,0.5
1900-01-21 07:24:45,7995.0,79863,7995.5,653519,6784,285523,-278739,-573656,0.5
1900-01-21 07:25:00,7996.0,535570,7996.5,10889,286149,233059,53090,524681,0.5
1900-01-21 07:25:15,7993.0,456689,7993.5,322283,71513,310710,-239197,134406,0.5
1900-01-21 07:25:30,7993.0,599083,7993.5,285943,53310,179757,-126447,313140,0.5
1900-01-21 07:25:45,7995.0,627246,7995.5,57495,232559,156393,76166,569751,0.5
1900-01-21 07:26:00,7993.0,154887,7993.5,392283,84140,308504,-224364,-237396,0.5
1900-01-21 07:26:15,7990.0,35106,7990.5,822978,28970,244987,-216017,-787872,0.5
1900-01-21 07:26:30,7987.5,357796,7988.0,1106448,17970,946972,-929002,-748652,0.5
1900-01-21 07:26:45,7985.0,308698,7985.5,257418,1044,404690,-403646,51280,0.5
1900-01-21 07:27:00,7990.5,471345,7991.0,25443,381611,155206,226405,445902,0.5
1900-01-21 07:27:15,8005.5,678267,8006.0,110072,189147,59104,130043,568195,0.5
1900-01-21 07:27:30,8004.0,106395,8004.5,564340,139524,133302,6222,-457945,0.5
1900-01-21 07:27:45,7996.5,38763,7997.0,237593,432918,394369,38549,-198830,0.5
1900-01-21 07:28:00,8000.5,171934,8001.0,758967,286531,579022,-292491,-587033,0.5
1900-01-21 07:28:15,7996.5,1161551,7997.0,27903,51770,213629,-161859,1133648,0.5
1900-01-21 07:28:30,7999.5,337061,8000.0,965594,51598,30446,21152,-628533,0.5
1900-01-21 07:28:45,7997.0,80621,7997.5,1081244,12033,260172,-248139,-1000623,0.5
1900-01-21 07:29:00,7987.5,2273,7988.0,150755,16222,571851,-555629,-148482,0.5
1900-01-21 07:29:15,7965.0,1260235,7965.5,11646,231839,1547173,-1315334,1248589,0.5
1900-01-21 07:29:30,7970.0,2438,7971.0,132483,238410,294277,-55867,-130045,1.0
1900-01-21 07:29:45,7973.0,550580,7973.5,51734,68286,402306,-334020,498846,0.5
1900-01-21 07:30:00,7969.5,55952,7970.0,422057,100471,868819,-768348,-366105,0.5
1900-01-21 07:30:15,7965.0,324112,7965.5,680135,35310,494269,-458959,-356023,0.5
1900-01-21 07:30:30,7971.5,38149,7972.0,7650,449381,261309,188072,30499,0.5
1900-01-21 07:30:45,7969.5,459963,7970.0,347491,26737,151880,-125143,112472,0.5
1900-01-21 07:31:00,7969.5,27658,7970.0,990211,22507,228851,-206344,-962553,0.5
1900-01-21 07:31:15,7963.5,965,7964.0,416370,159058,322156,-163098,-415405,0.5
1900-01-21 07:31:30,7934.5,29700,7935.0,660,64634,1126134,-1061500,29040,0.5
1900-01-21 07:31:45,7951.0,835741,7951.5,5365,309601,140853,168748,830376,0.5
1900-01-21 07:32:00,7956.5,1565953,7957.0,43873,464070,227296,236774,1522080,0.5
1900-01-21 07:32:15,7962.5,904331,7963.0,9227,374327,86157,288170,895104,0.5
1900-01-21 07:32:30,7958.5,712166,7959.0,115822,66713,279945,-213232,596344,0.5
1900-01-21 07:32:45,7960.0,57919,7960.5,423356,107266,257395,-150129,-365437,0.5
1900-01-21 07:33:00,7957.5,767723,7958.0,143822,19687,240624,-220937,623901,0.5
1900-01-21 07:33:15,7956.0,1485,7956.5,184961,524685,48059,476626,-183476,0.5
1900-01-21 07:33:30,7959.0,125258,7959.5,210834,19952,587458,-567506,-85576,0.5
1900-01-21 07:33:45,7960.0,37960,7960.5,15079,398131,147954,250177,22881,0.5
1900-01-21 07:34:00,7961.5,387687,7962.0,133669,347663,64532,283131,254018,0.5
1900-01-21 07:34:15,7962.5,625919,7963.0,334972,300818,27294,273524,290947,0.5
1900-01-21 07:34:30,7956.5,35241,7957.0,422431,27700,258719,-231019,-387190,0.5
1900-01-21 07:34:45,7964.5,834302,7965.0,343830,163206,47975,115231,490472,0.5
1900-01-21 07:35:00,7964.5,1263967,7965.0,502063,32241,7758,24483,761904,0.5
1900-01-21 07:35:15,7984.0,285349,7984.5,6531,1410643,103733,1306910,278818,0.5
1900-01-21 07:35:30,7986.0,9022,7986.5,433662,238229,341108,-102879,-424640,0.5
1900-01-21 07:35:45,7982.5,1152383,7983.0,665897,16715,83562,-66847,486486,0.5
1900-01-21 07:36:00,7982.5,1215115,7983.0,711846,48656,222556,-173900,503269,0.5
1900-01-21 07:36:15,7982.5,1178428,7983.0,762317,36283,84044,-47761,416111,0.5
1900-01-21 07:36:30,7982.5,638178,7983.0,872312,118624,1018260,-899636,-234134,0.5
1900-01-21 07:36:45,7979.0,138609,7979.5,204875,3540,986145,-982605,-66266,0.5
1900-01-21 07:37:00,7979.0,886484,7979.5,16792,9821,60972,-51151,869692,0.5
1900-01-21 07:37:15,7989.5,296618,7990.0,291582,540568,16728,523840,5036,0.5
1900-01-21 07:37:30,7986.0,697275,7986.5,1178802,99066,71017,28049,-481527,0.5
1900-01-21 07:37:45,8001.0,29686,8001.5,88234,907787,137110,770677,-58548,0.5
1900-01-21 07:38:00,8002.5,341827,8003.0,798698,546408,327611,218797,-456871,0.5
1900-01-21 07:38:15,8002.5,873962,8003.0,202412,912652,236170,676482,671550,0.5
1900-01-21 07:38:30,8002.5,123825,8003.0,467987,153182,135158,18024,-344162,0.5
1900-01-21 07:38:45,8002.0,160599,8002.5,607854,28759,84417,-55658,-447255,0.5
1900-01-21 07:39:00,8000.5,57343,8001.0,977871,73159,148562,-75403,-920528,0.5
1900-01-21 07:39:15,7999.5,50716,8000.0,1468481,38628,624532,-585904,-1417765,0.5
1900-01-21 07:39:30,7989.5,207842,7990.0,293895,14828,447972,-433144,-86053,0.5
1900-01-21 07:39:45,7994.0,1760178,7994.5,47647,105239,42059,63180,1712531,0.5
1900-01-21 07:40:00,7991.0,233,7991.5,53820,934513,245551,688962,-53587,0.5
1900-01-21 07:40:15,7992.0,796639,7992.5,5152,105889,557923,-452034,791487,0.5
1900-01-21 07:40:30,7988.0,58051,7988.5,441706,25314,425610,-400296,-383655,0.5
1900-01-21 07:40:45,7986.0,188876,7986.5,397693,14150,1494519,-1480369,-208817,0.5
1900-01-21 07:41:00,7986.5,685464,7987.0,51490,149283,31320,117963,633974,0.5
1900-01-21 07:41:15,7986.5,75805,7987.0,705406,20608,21160,-552,-629601,0.5
1900-01-21 07:41:30,7975.0,324887,7975.5,186640,27037,160648,-133611,138247,0.5
1900-01-21 07:41:45,7976.0,6132,7976.5,380566,161108,106898,54210,-374434,0.5
1900-01-21 07:42:00,7976.0,85173,7976.5,509644,82380,70562,11818,-424471,0.5
1900-01-21 07:42:15,7973.0,243830,7973.5,471559,10710,289067,-278357,-227729,0.5
1900-01-21 07:42:30,7973.0,743683,7973.5,187531,43876,172776,-128900,556152,0.5
1900-01-21 07:42:45,7976.0,708577,7976.5,137971,52613,13000,39613,570606,0.5
1900-01-21 07:43:00,7969.5,722404,7970.0,1378111,219342,25144,194198,-655707,0.5
1900-01-21 07:43:15,7961.0,6628,7961.5,271363,85187,678228,-593041,-264735,0.5
1900-01-21 07:43:30,7954.0,582888,7954.5,73207,169214,319137,-149923,509681,0.5
1900-01-21 07:43:45,7958.0,49835,7958.5,130091,1102460,555252,547208,-80256,0.5
1900-01-21 07:44:00,7965.0,178222,7965.5,50790,68036,131347,-63311,127432,0.5
1900-01-21 07:44:15,7955.0,53965,7955.5,198895,79011,156164,-77153,-144930,0.5
1900-01-21 07:44:30,7958.0,31214,7958.5,1116241,25271,125439,-100168,-1085027,0.5
1900-01-21 07:44:45,7953.0,407729,7953.5,135317,53192,17206,35986,272412,0.5
1900-01-21 07:45:00,7948.0,8684,7948.5,929470,9758,143032,-133274,-920786,0.5
1900-01-21 07:45:15,7941.5,33644,7942.0,20000,92986,494104,-401118,13644,0.5
1900-01-21 07:45:30,7929.0,4,7929.5,74265,68506,1353777,-1285271,-74261,0.5
1900-01-21 07:45:45,7926.5,380821,7927.0,100340,460402,2890545,-2430143,280481,0.5
1900-01-21 07:46:00,7921.5,24637,7922.5,180149,360459,239638,120821,-155512,1.0
1900-01-21 07:46:15,7900.0,599010,7900.5,278911,124542,615208,-490666,320099,0.5
1900-01-21 07:46:30,7916.5,716407,7917.0,30073,502078,275315,226763,686334,0.5
1900-01-21 07:46:45,7917.0,501575,7917.5,49948,258824,306169,-47345,451627,0.5
1900-01-21 07:47:00,7919.5,33880,7920.0,1393465,693462,112297,581165,-1359585,0.5
1900-01-21 07:47:15,7917.0,607502,7917.5,318,117659,208342,-90683,607184,0.5
1900-01-21 07:47:30,7910.5,67555,7911.0,725968,782143,443726,338417,-658413,0.5
1900-01-21 07:47:45,7917.5,281490,7918.0,766503,163517,110253,53264,-485013,0.5
1900-01-21 07:48:00,7916.0,565653,7916.5,391269,130324,140647,-10323,174384,0.5
1900-01-21 07:48:15,7925.5,1699410,7926.0,11286,1756723,59857,1696866,1688124,0.5
1900-01-21 07:48:30,7927.5,459357,7928.0,789389,600107,180380,419727,-330032,0.5
1900-01-21 07:48:45,7924.5,568419,7925.0,11366,219999,291429,-71430,557053,0.5
1900-01-21 07:49:00,7924.5,19106,7925.0,776823,162409,79475,82934,-757717,0.5
1900-01-21 07:49:15,7924.5,429350,7925.0,140185,29866,33895,-4029,289165,0.5
1900-01-21 07:49:30,7924.5,550524,7925.0,195898,97149,147755,-50606,354626,0.5
1900-01-21 07:49:45,7920.5,125920,7921.0,544499,47701,62928,-15227,-418579,0.5
1900-01-21 07:50:00,7914.0,60946,7914.5,986805,42539,115298,-72759,-925859,0.5
1900-01-21 07:50:15,7918.5,260085,7919.0,24097,64186,80596,-16410,235988,0.5
1900-01-21 07:50:30,7914.0,32982,7914.5,1769340,67605,77852,-10247,-1736358,0.5
1900-01-21 07:50:45,7913.0,391146,7913.5,650,223620,132175,91445,390496,0.5
1900-01-21 07:51:00,7910.5,495381,7911.0,351260,257280,225611,31669,144121,0.5
1900-01-21 07:51:15,7912.5,483589,7913.0,61,368627,122219,246408,483528,0.5
1900-01-21 07:51:30,7910.0,32335,7910.5,71049,75458,107350,-31892,-38714,0.5
1900-01-21 07:51:45,7900.5,60184,7901.0,46273,34614,508974,-474360,13911,0.5
1900-01-21 07:52:00,7888.5,140373,7889.0,475858,35525,793478,-757953,-335485,0.5
1900-01-21 07:52:15,7884.5,153749,7885.0,3817061,779385,1365039,-585654,-3663312,0.5
1900-01-21 07:52:30,7891.5,286774,7892.0,2117,4144071,176532,3967539,284657,0.5
1900-01-21 07:52:45,7886.0,126163,7886.5,386970,608285,193258,415027,-260807,0.5
1900-01-21 07:53:00,7881.0,171545,7881.5,134727,197222,538777,-341555,36818,0.5
1900-01-21 07:53:15,7888.5,324997,7889.0,114155,362814,190052,172762,210842,0.5
1900-01-21 07:53:30,7877.0,105218,7877.5,113836,175361,522164,-346803,-8618,0.5
1900-01-21 07:53:45,7876.0,218306,7876.5,52388,547873,219994,327879,165918,0.5
1900-01-21 07:54:00,7880.5,298505,7881.0,68963,685207,62406,622801,229542,0.5
1900-01-21 07:54:15,7878.0,38893,7878.5,601494,228368,119865,108503,-562601,0.5
1900-01-21 07:54:30,7876.0,69212,7876.5,473561,96641,641478,-544837,-404349,0.5
1900-01-21 07:54:45,7866.0,302970,7866.5,417671,63479,345351,-281872,-114701,0.5
1900-01-21 07:55:00,7875.5,123261,7876.0,71587,441515,200696,240819,51674,0.5
1900-01-21 07:55:15,7882.5,335698,7883.0,166406,202825,132035,70790,169292,0.5
1900-01-21 07:55:30,7885.0,233423,7885.5,179954,753885,32604,721281,53469,0.5
1900-01-21 07:55:45,7894.5,278303,7895.0,455503,1124674,238467,886207,-177200,0.5
1900-01-21 07:56:00,7897.5,226639,7898.0,28208,652059,108068,543991,198431,0.5
1900-01-21 07:56:15,7897.5,1113324,7898.0,1846,397810,101496,296314,1111478,0.5
1900-01-21 07:56:30,7880.0,180894,7880.5,636641,239384,209693,29691,-455747,0.5
1900-01-21 07:56:45,7880.0,1311063,7880.5,556859,180778,343771,-162993,754204,0.5
1900-01-21 07:57:00,7886.0,285276,7886.5,7134,167137,1179687,-1012550,278142,0.5
1900-01-21 07:57:15,7904.0,145927,7904.5,40547,387386,36535,350851,105380,0.5
1900-01-21 07:57:30,7888.5,154138,7889.0,87642,755673,144255,611418,66496,0.5
1900-01-21 07:57:45,7897.5,351654,7898.0,150585,123344,82819,40525,201069,0.5
1900-01-21 07:58:00,7897.5,180732,7898.0,54208,229000,72549,156451,126524,0.5
1900-01-21 07:58:15,7899.5,882396,7900.0,11653,107593,8996,98597,870743,0.5
1900-01-21 07:58:30,7905.5,269794,7906.0,7335,56554,24580,31974,262459,0.5
1900-01-21 07:58:45,7904.0,44320,7904.5,897187,77078,200067,-122989,-852867,0.5
1900-01-21 07:59:00,7904.0,317349,7904.5,339102,41942,59030,-17088,-21753,0.5
1900-01-21 07:59:15,7912.0,1063900,7913.0,10352,406747,26820,379927,1053548,1.0
1900-01-21 07:59:30,7913.0,14964,7913.5,317877,153609,20005,133604,-302913,0.5
1900-01-21 07:59:45,7910.5,388570,7911.0,4618,106757,106956,-199,383952,0.5
1900-01-21 08:00:00,7911.5,608621,7912.0,330879,161293,13620,147673,277742,0.5
1900-01-21 08:00:15,7913.5,243403,7914.0,409893,210576,307528,-96952,-166490,0.5
1900-01-21 08:00:30,7905.0,480568,7905.5,279572,1218,455037,-453819,200996,0.5
1900-01-21 08:00:45,7905.0,701,7905.5,969194,53200,295052,-241852,-968493,0.5
1900-01-21 08:01:00,7900.5,860945,7901.0,94642,20111,99626,-79515,766303,0.5
1900-01-21 08:01:15,7905.0,418093,7905.5,20275,402266,70644,331622,397818,0.5
1900-01-21 08:01:30,7910.0,82262,7910.5,557133,145999,34506,111493,-474871,0.5
1900-01-21 08:01:45,7910.0,89472,7910.5,559161,117002,40431,76571,-469689,0.5
1900-01-21 08:02:00,7903.0,17605,7903.5,484378,4700,129982,-125282,-466773,0.5
1900-01-21 08:02:15,7890.5,76563,7891.0,670710,15686,337421,-321735,-594147,0.5
1900-01-21 08:02:30,7894.0,402,7894.5,292654,276347,406454,-130107,-292252,0.5
1900-01-21 08:02:45,7883.0,1065850,7883.5,41417,32185,408940,-376755,1024433,0.5
1900-01-21 08:03:00,7881.5,91389,7882.0,895980,111146,323891,-212745,-804591,0.5
1900-01-21 08:03:15,7878.5,45900,7879.0,892433,229454,435878,-206424,-846533,0.5
1900-01-21 08:03:30,7870.0,30629,7870.5,80954,47600,464938,-417338,-50325,0.5
1900-01-21 08:03:45,7879.0,153555,7879.5,287963,553869,140154,413715,-134408,0.5
1900-01-21 08:04:00,7881.5,870388,7882.0,73443,143569,111630,31939,796945,0.5
1900-01-21 08:04:15,7871.0,11771,7871.5,1102518,87994,44143,43851,-1090747,0.5
1900-01-21 08:04:30,7868.5,1032333,7869.0,69036,135628,308842,-173214,963297,0.5
1900-01-21 08:04:45,7868.5,52488,7869.0,1167221,279320,301138,-21818,-1114733,0.5
1900-01-21 08:05:00,7860.0,32756,7860.5,237079,72244,342566,-270322,-204323,0.5
1900-01-21 08:05:15,7860.0,359291,7860.5,373927,222188,393167,-170979,-14636,0.5
1900-01-21 08:05:30,7850.0,247204,7850.5,912918,51064,1081325,-1030261,-665714,0.5
1900-01-21 08:05:45,7863.0,275567,7864.0,37,488954,489589,-635,275530,1.0
1900-01-21 08:06:00,7850.0,302078,7850.5,186041,283401,339129,-55728,116037,0.5
1900-01-21 08:06:15,7856.0,27909,7856.5,647702,208627,118858,89769,-619793,0.5
1900-01-21 08:06:30,7840.0,467092,7841.0,120014,63744,597791,-534047,347078,1.0
1900-01-21 08:06:45,7836.0,5000,7836.5,2352,612734,2036487,-1423753,2648,0.5
1900-01-21 08:07:00,7843.5,2667,7844.0,30000,695633,337791,357842,-27333,0.5
1900-01-21 08:07:15,7859.5,88925,7860.0,213843,958069,61759,896310,-124918,0.5
1900-01-21 08:07:30,7854.0,24571,7854.5,201821,637505,201993,435512,-177250,0.5
1900-01-21 08:07:45,7854.0,310746,7854.5,127869,366413,382989,-16576,182877,0.5
1900-01-21 08:08:00,7867.5,15275,7868.0,36941,320893,301568,19325,-21666,0.5
1900-01-21 08:08:15,7877.5,18173,7878.0,124977,886355,146980,739375,-106804,0.5
1900-01-21 08:08:30,7881.5,500,7882.0,111447,500000,364823,135177,-110947,0.5
1900-01-21 08:08:45,7884.5,349844,7885.0,587511,353517,66386,287131,-237667,0.5
1900-01-21 08:09:00,7891.0,186458,7891.5,483527,688285,147959,540326,-297069,0.5
1900-01-21 08:09:15,7881.0,362585,7881.5,491145,93590,496755,-403165,-128560,0.5
1900-01-21 08:09:30,7875.5,7178,7876.0,661330,199879,158018,41861,-654152,0.5
1900-01-21 08:09:45,7884.0,128500,7884.5,314178,745000,365633,379367,-185678,0.5
1900-01-21 08:10:00,7883.5,378953,7884.0,491010,208122,285658,-77536,-112057,0.5
1900-01-21 08:10:15,7888.0,560858,7888.5,299923,356935,90493,266442,260935,0.5
1900-01-21 08:10:30,7883.5,586384,7884.0,76617,66870,73658,-6788,509767,0.5
1900-01-21 08:10:45,7877.0,157273,7877.5,101528,50360,42206,8154,55745,0.5
1900-01-21 08:11:00,7880.0,1130020,7880.5,9697,88464,148316,-59852,1120323,0.5
1900-01-21 08:11:15,7884.5,824159,7885.0,418897,257941,23612,234329,405262,0.5
1900-01-21 08:11:30,7889.5,748424,7890.0,241281,437884,19490,418394,507143,0.5
1900-01-21 08:11:45,7892.0,73006,7892.5,36714,376811,2789,374022,36292,0.5
1900-01-21 08:12:00,7892.5,1232490,7893.0,17675,230159,17508,212651,1214815,0.5
1900-01-21 08:12:15,7892.5,466877,7893.0,274491,296588,23889,272699,192386,0.5
1900-01-21 08:12:30,7876.5,1265979,7877.0,17721,208558,400599,-192041,1248258,0.5
1900-01-21 08:12:45,7883.0,542286,7883.5,86775,60875,80060,-19185,455511,0.5
1900-01-21 08:13:00,7865.5,15984,7866.0,29705,124118,310535,-186417,-13721,0.5
1900-01-21 08:13:15,7877.0,220521,7877.5,99294,258286,410865,-152579,121227,0.5
1900-01-21 08:13:30,7877.0,713073,7877.5,111791,92877,21770,71107,601282,0.5
1900-01-21 08:13:45,7869.0,14561,7869.5,619548,78228,240092,-161864,-604987,0.5
1900-01-21 08:14:00,7879.0,1101002,7879.5,66533,318642,91441,227201,1034469,0.5
1900-01-21 08:14:15,7881.0,1130609,7881.5,19848,164754,41876,122878,1110761,0.5
1900-01-21 08:14:30,7882.5,1010820,7883.0,8165,51834,29401,22433,1002655,0.5
1900-01-21 08:14:45,7885.5,293612,7886.0,294199,88424,2162,86262,-587,0.5
1900-01-21 08:15:00,7882.5,472385,7883.0,208310,62530,296851,-234321,264075,0.5
1900-01-21 08:15:15,7885.5,552071,7886.0,394065,88746,138127,-49381,158006,0.5
1900-01-21 08:15:30,7885.5,1009875,7886.0,91302,133686,62700,70986,918573,0.5
1900-01-21 08:15:45,7886.5,1041649,7887.0,138,137677,24144,113533,1041511,0.5
1900-01-21 08:16:00,7899.0,91458,7899.5,83758,663962,170389,493573,7700,0.5
1900-01-21 08:16:15,7907.0,940113,7907.5,44833,2326180,384153,1942027,895280,0.5
1900-01-21 08:16:30,7903.0,343590,7903.5,96470,582027,127755,454272,247120,0.5
1900-01-21 08:16:45,7907.5,1471368,7908.0,53318,283791,37284,246507,1418050,0.5
1900-01-21 08:17:00,7913.5,1422422,7914.0,143969,465768,22913,442855,1278453,0.5
1900-01-21 08:17:15,7914.5,910393,7915.0,174867,356851,226044,130807,735526,0.5
1900-01-21 08:17:30,7914.5,172169,7915.0,442658,89701,292530,-202829,-270489,0.5
1900-01-21 08:17:45,7914.5,698931,7915.0,131002,60594,54700,5894,567929,0.5
1900-01-21 08:18:00,7919.5,823828,7920.0,108914,626863,70964,555899,714914,0.5
1900-01-21 08:18:15,7922.5,236980,7923.0,283582,250944,81128,169816,-46602,0.5
1900-01-21 08:18:30,7922.5,292326,7923.0,475035,50463,163174,-112711,-182709,0.5
1900-01-21 08:18:45,7920.0,195850,7920.5,380005,191437,283843,-92406,-184155,0.5
1900-01-21 08:19:00,7920.0,93544,7920.5,444094,52629,490148,-437519,-350550,0.5
1900-01-21 08:19:15,7910.0,706817,7910.5,70993,69879,588086,-518207,635824,0.5
1900-01-21 08:19:30,7913.5,559353,7914.0,68536,63717,144477,-80760,490817,0.5
1900-01-21 08:19:45,7914.5,375323,7915.0,157307,69829,60120,9709,218016,0.5
1900-01-21 08:20:00,7914.5,314605,7915.0,443938,112848,206578,-93730,-129333,0.5
1900-01-21 08:20:15,7914.5,650613,7915.0,162705,161140,34214,126926,487908,0.5
1900-01-21 08:20:30,7914.5,728221,7915.0,24216,102026,75808,26218,704005,0.5
1900-01-21 08:20:45,7915.5,687135,7916.0,34701,37779,11290,26489,652434,0.5
1900-01-21 08:21:00,7918.0,125174,7918.5,279392,81811,40466,41345,-154218,0.5
1900-01-21 08:21:15,7915.5,1366955,7916.0,2919,54028,57863,-3835,1364036,0.5
1900-01-21 08:21:30,7914.0,319078,7914.5,1181740,213165,232148,-18983,-862662,0.5
1900-01-21 08:21:45,7913.0,351306,7913.5,489818,26900,291933,-265033,-138512,0.5
1900-01-21 08:22:00,7913.0,274947,7913.5,791503,30836,239752,-208916,-516556,0.5
1900-01-21 08:22:15,7912.0,14656,7912.5,932488,5250,475887,-470637,-917832,0.5
1900-01-21 08:22:30,7911.0,376239,7911.5,789984,4722,101822,-97100,-413745,0.5
1900-01-21 08:22:45,7907.0,131877,7907.5,955692,4002,1954477,-1950475,-823815,0.5
1900-01-21 08:23:00,7904.0,79098,7904.5,975689,12642,586669,-574027,-896591,0.5
1900-01-21 08:23:15,7901.0,782935,7901.5,134508,68742,1028116,-959374,648427,0.5
1900-01-21 08:23:30,7901.0,805921,7901.5,323887,45047,195807,-150760,482034,0.5
1900-01-21 08:23:45,7909.5,27632,7910.0,1206815,203460,73264,130196,-1179183,0.5
1900-01-21 08:24:00,7909.5,210157,7910.0,1246701,21070,41172,-20102,-1036544,0.5
1900-01-21 08:24:15,7909.5,1247605,7910.0,533908,144309,156002,-11693,713697,0.5
1900-01-21 08:24:30,7909.5,1038508,7910.0,299726,137842,173056,-35214,738782,0.5
1900-01-21 08:24:45,7917.5,467076,7918.0,59716,1011761,88260,923501,407360,0.5
1900-01-21 08:25:00,7918.5,204084,7919.0,750806,143053,76219,66834,-546722,0.5
1900-01-21 08:25:15,7922.0,90421,7922.5,36348,94400,124667,-30267,54073,0.5
1900-01-21 08:25:30,7924.0,427053,7924.5,522029,206559,10356,196203,-94976,0.5
1900-01-21 08:25:45,7924.0,13328,7924.5,724989,104300,218662,-114362,-711661,0.5
1900-01-21 08:26:00,7921.0,84200,7921.5,943002,8066,73295,-65229,-858802,0.5
1900-01-21 08:26:15,7919.5,5339,7920.0,433363,40000,222837,-182837,-428024,0.5
1900-01-21 08:26:30,7912.5,253334,7913.0,698566,7978,384244,-376266,-445232,0.5
1900-01-21 08:26:45,7909.5,528319,7910.0,248315,149482,435129,-285647,280004,0.5
1900-01-21 08:27:00,7915.0,258192,7915.5,686348,198739,58176,140563,-428156,0.5
1900-01-21 08:27:15,7916.0,979341,7916.5,69992,115590,96561,19029,909349,0.5
1900-01-21 08:27:30,7916.0,1255003,7916.5,45719,93859,109513,-15654,1209284,0.5
1900-01-21 08:27:45,7917.0,634982,7917.5,77773,53155,18026,35129,557209,0.5
1900-01-21 08:28:00,7918.5,193897,7919.0,548647,48161,662,47499,-354750,0.5
1900-01-21 08:28:15,7918.5,1122121,7919.0,77315,148557,68256,80301,1044806,0.5
1900-01-21 08:28:30,7919.5,165508,7920.0,412595,59295,2100,57195,-247087,0.5
1900-01-21 08:28:45,7919.5,65804,7920.0,529327,12225,94883,-82658,-463523,0.5
1900-01-21 08:29:00,7918.5,61554,7919.0,614021,19679,18703,976,-552467,0.5
1900-01-21 08:29:15,7910.0,825424,7910.5,191704,3802,162027,-158225,633720,0.5
1900-01-21 08:29:30,7910.0,175977,7910.5,629832,32419,199106,-166687,-453855,0.5
1900-01-21 08:29:45,7903.5,4950,7904.0,335503,20590,1152649,-1132059,-330553,0.5
1900-01-21 08:30:00,7893.0,511060,7893.5,271274,47186,440346,-393160,239786,0.5
1900-01-21 08:30:15,7880.0,569800,7880.5,231551,30208,353871,-323663,338249,0.5
1900-01-21 08:30:30,7886.0,610806,7886.5,41543,159565,505016,-345451,569263,0.5
1900-01-21 08:30:45,7890.5,16665,7891.0,669919,130928,55802,75126,-653254,0.5
1900-01-21 08:31:00,7873.5,4422,7874.0,80983,131480,787103,-655623,-76561,0.5
1900-01-21 08:31:15,7864.0,524817,7864.5,246972,70793,528297,-457504,277845,0.5
1900-01-21 08:31:30,7864.5,676091,7865.0,275036,169337,462242,-292905,401055,0.5
1900-01-21 08:31:45,7869.5,690551,7870.0,37966,488484,65450,423034,652585,0.5
1900-01-21 08:32:00,7866.5,378503,7867.0,545722,123523,196661,-73138,-167219,0.5
1900-01-21 08:32:15,7862.0,4058,7862.5,462502,241030,589266,-348236,-458444,0.5
1900-01-21 08:32:30,7869.5,114383,7870.0,341901,60111,382614,-322503,-227518,0.5
1900-01-21 08:32:45,7862.0,860863,7862.5,79697,256021,114632,141389,781166,0.5
1900-01-21 08:33:00,7863.0,980115,7863.5,6949,237049,163050,73999,973166,0.5
1900-01-21 08:33:15,7865.0,235,7865.5,1193455,192030,228922,-36892,-1193220,0.5
1900-01-21 08:33:30,7860.0,71080,7860.5,709615,63856,282351,-218495,-638535,0.5
1900-01-21 08:33:45,7848.0,28550,7848.5,150723,52481,1562662,-1510181,-122173,0.5
1900-01-21 08:34:00,7845.0,396069,7845.5,8100,294819,369427,-74608,387969,0.5
1900-01-21 08:34:15,7857.5,191747,7858.0,331092,1271375,242589,1028786,-139345,0.5
1900-01-21 08:34:30,7859.5,105316,7860.0,20432,395895,139031,256864,84884,0.5
1900-01-21 08:34:45,7859.0,1000,7860.0,4201,487397,221340,266057,-3201,1.0
1900-01-21 08:35:00,7860.0,514,7861.0,100,170836,109258,61578,414,1.0
1900-01-21 08:35:15,7864.5,81272,7865.0,742763,551287,47744,503543,-661491,0.5
1900-01-21 08:35:30,7865.5,530102,7866.0,406649,221995,262566,-40571,123453,0.5
1900-01-21 08:35:45,7867.5,74,7868.0,1035987,513435,72816,440619,-1035913,0.5
1900-01-21 08:36:00,7864.0,512536,7864.5,183648,43790,136464,-92674,328888,0.5
1900-01-21 08:36:15,7854.0,559812,7854.5,507046,183134,221915,-38781,52766,0.5
1900-01-21 08:36:30,7842.0,13998,7843.0,41975,88284,1023468,-935184,-27977,1.0
1900-01-21 08:36:45,7837.0,186132,7837.5,23424,378507,723614,-345107,162708,0.5
1900-01-21 08:37:00,7848.0,204851,7848.5,20424,299964,278738,21226,184427,0.5
1900-01-21 08:37:15,7843.5,119943,7844.0,729889,978031,298556,679475,-609946,0.5
1900-01-21 08:37:30,7849.5,1369007,7850.0,131590,554070,112401,441669,1237417,0.5
1900-01-21 08:37:45,7849.5,2831,7850.0,40388,389914,35856,354058,-37557,0.5
1900-01-21 08:38:00,7868.5,42090,7869.0,61166,858862,438957,419905,-19076,0.5
1900-01-21 08:38:15,7870.0,31514,7870.5,369675,1047480,116906,930574,-338161,0.5
1900-01-21 08:38:30,7870.0,10857,7870.5,728265,66191,221362,-155171,-717408,0.5
1900-01-21 08:38:45,7863.5,788478,7864.0,45437,59535,204309,-144774,743041,0.5
1900-01-21 08:39:00,7873.5,1529282,7874.0,25430,808200,37122,771078,1503852,0.5
1900-01-21 08:39:15,7889.5,46687,7890.0,5579,1945329,113337,1831992,41108,0.5
1900-01-21 08:39:30,7887.0,77139,7887.5,1246603,694351,311875,382476,-1169464,0.5
1900-01-21 08:39:45,7878.0,515935,7878.5,25392,274834,615738,-340904,490543,0.5
1900-01-21 08:40:00,7880.5,69,7881.0,468951,84086,75466,8620,-468882,0.5
1900-01-21 08:40:15,7878.5,540987,7879.0,6555,90643,68311,22332,534432,0.5
1900-01-21 08:40:30,7874.5,336300,7875.0,716652,74053,994907,-920854,-380352,0.5
1900-01-21 08:40:45,7879.0,1432715,7879.5,77431,120407,384185,-263778,1355284,0.5
1900-01-21 08:41:00,7879.0,1229160,7879.5,938478,147921,257952,-110031,290682,0.5
1900-01-21 08:41:15,7883.0,653821,7883.5,69253,837090,11371,825719,584568,0.5
1900-01-21 08:41:30,7883.0,12743,7883.5,1213131,186484,32778,153706,-1200388,0.5
1900-01-21 08:41:45,7869.0,220772,7869.5,116236,7002,355421,-348419,104536,0.5
1900-01-21 08:42:00,7867.0,20368,7867.5,822525,17664,906532,-888868,-802157,0.5
1900-01-21 08:42:15,7864.0,567635,7864.5,190255,38761,148329,-109568,377380,0.5
1900-01-21 08:42:30,7883.0,85494,7883.5,502191,355919,17452,338467,-416697,0.5
1900-01-21 08:42:45,7878.5,861999,7879.0,19091,608382,64516,543866,842908,0.5
1900-01-21 08:43:00,7874.0,7312,7874.5,615722,57850,218408,-160558,-608410,0.5
1900-01-21 08:43:15,7882.0,747665,7882.5,10440,38862,100472,-61610,737225,0.5
1900-01-21 08:43:30,7877.5,24600,7878.0,1013744,19066,110609,-91543,-989144,0.5
1900-01-21 08:43:45,7880.0,321181,7880.5,255624,245553,45370,200183,65557,0.5
1900-01-21 08:44:00,7881.5,28077,7882.0,619966,353833,93711,260122,-591889,0.5
1900-01-21 08:44:15,7887.0,224836,7887.5,420336,237480,9593,227887,-195500,0.5
1900-01-21 08:44:30,7887.5,723043,7888.0,67397,213276,271359,-58083,655646,0.5
1900-01-21 08:44:45,7892.5,819510,7893.0,210626,318404,31494,286910,608884,0.5
1900-01-21 08:45:00,7892.5,457194,7893.0,449962,214100,314744,-100644,7232,0.5
1900-01-21 08:45:15,7890.0,180959,7890.5,653384,57785,165699,-107914,-472425,0.5
1900-01-21 08:45:30,7880.0,502338,7880.5,325691,9002,156797,-147795,176647,0.5
1900-01-21 08:45:45,7880.0,1558,7883.5,228702,112894,28316,84578,-227144,3.5
1900-01-21 08:46:00,7877.0,990750,7877.5,122702,28056,189170,-161114,868048,0.5
1900-01-21 08:46:15,7870.5,51679,7871.0,2066,297780,221990,75790,49613,0.5
1900-01-21 08:46:30,7879.0,79055,7879.5,422931,192246,112851,79395,-343876,0.5
1900-01-21 08:46:45,7874.5,680222,7875.0,226929,11882,36672,-24790,453293,0.5
1900-01-21 08:47:00,7868.5,251008,7869.0,354315,41120,303790,-262670,-103307,0.5
1900-01-21 08:47:15,7860.0,92504,7860.5,675165,50902,248618,-197716,-582661,0.5
1900-01-21 08:47:30,7859.0,764815,7859.5,139581,106598,954572,-847974,625234,0.5
1900-01-21 08:47:45,7860.0,43456,7860.5,996606,89715,326146,-236431,-953150,0.5
1900-01-21 08:48:00,7869.0,225064,7869.5,1360,200075,156936,43139,223704,0.5
1900-01-21 08:48:15,7863.0,9113,7863.5,57849,137707,242165,-104458,-48736,0.5
1900-01-21 08:48:30,7860.5,227957,7861.0,600566,32150,104257,-72107,-372609,0.5
1900-01-21 08:48:45,7852.0,184276,7852.5,679600,155759,359066,-203307,-495324,0.5
1900-01-21 08:49:00,7859.0,249869,7859.5,771323,95998,146084,-50086,-521454,0.5
1900-01-21 08:49:15,7844.0,613953,7844.5,26299,86543,199568,-113025,587654,0.5
1900-01-21 08:49:30,7841.0,102700,7841.5,74152,108610,195474,-86864,28548,0.5
1900-01-21 08:49:45,7831.5,1380942,7832.0,27201,87366,4764382,-4677016,1353741,0.5
1900-01-21 08:50:00,7842.0,200,7842.5,57496,779925,1109593,-329668,-57296,0.5
1900-01-21 08:50:15,7842.0,31212,7842.5,19216,239312,1093280,-853968,11996,0.5
1900-01-21 08:50:30,7841.5,7469,7842.0,865525,284819,211538,73281,-858056,0.5
1900-01-21 08:50:45,7830.0,541423,7830.5,132902,20472,1026176,-1005704,408521,0.5
1900-01-21 08:51:00,7827.0,9999,7830.0,193057,369247,2691333,-2322086,-183058,3.0
1900-01-21 08:51:15,7812.0,55211,7812.5,17514,1194377,1022936,171441,37697,0.5
1900-01-21 08:51:30,7803.5,94032,7804.0,108162,524402,2231572,-1707170,-14130,0.5
1900-01-21 08:51:45,7807.5,5000,7808.0,4820,892701,2862828,-1970127,180,0.5
1900-01-21 08:52:00,7776.0,8724,7780.5,30951,180781,10411703,-10230922,-22227,4.5
1900-01-21 08:52:15,7793.0,434080,7793.5,14000,1644758,2663952,-1019194,420080,0.5
1900-01-21 08:52:30,7812.0,211634,7816.5,4200,1602113,1270003,332110,207434,4.5
1900-01-21 08:52:45,7830.0,2644052,7830.5,4439,1431129,359605,1071524,2639613,0.5
1900-01-21 08:53:00,7831.0,2476,7832.0,190478,839034,1307494,-468460,-188002,1.0
1900-01-21 08:53:15,7823.5,137957,7824.0,44273,789658,1009216,-219558,93684,0.5
1900-01-21 08:53:30,7833.5,571172,7834.0,4079,658372,317305,341067,567093,0.5
1900-01-21 08:53:45,7841.0,93713,7841.5,10527,797851,138261,659590,83186,0.5
1900-01-21 08:54:00,7862.5,23920,7863.0,31490,1055667,173303,882364,-7570,0.5
1900-01-21 08:54:15,7875.0,326861,7875.5,617427,683413,281978,401435,-290566,0.5
1900-01-21 08:54:30,7875.0,11600,7875.5,1694457,695914,1700576,-1004662,-1682857,0.5
1900-01-21 08:54:45,7858.0,1444628,7858.5,65446,263320,609070,-345750,1379182,0.5
1900-01-21 08:55:00,7868.5,2700,7869.0,953,231663,170746,60917,1747,0.5
1900-01-21 08:55:15,7870.5,1151335,7871.0,195125,1035024,176413,858611,956210,0.5
1900-01-21 08:55:30,7883.0,102737,7883.5,30953,751492,314070,437422,71784,0.5
1900-01-21 08:55:45,7888.0,106892,7888.5,1112384,2253787,222037,2031750,-1005492,0.5
1900-01-21 08:56:00,7887.0,120708,7887.5,690919,369573,788129,-418556,-570211,0.5
1900-01-21 08:56:15,7881.5,544909,7882.0,237371,390832,616985,-226153,307538,0.5
1900-01-21 08:56:30,7872.0,22603,7872.5,30000,470308,665856,-195548,-7397,0.5
1900-01-21 08:56:45,7870.0,221157,7870.5,36019,67837,202107,-134270,185138,0.5
1900-01-21 08:57:00,7879.5,1114971,7880.0,202017,288008,214365,73643,912954,0.5
1900-01-21 08:57:15,7901.0,276713,7901.5,236768,670601,109046,561555,39945,0.5
1900-01-21 08:57:30,7895.0,1004551,7895.5,701617,280439,886384,-605945,302934,0.5
1900-01-21 08:57:45,7909.5,22839,7910.0,96988,679050,511745,167305,-74149,0.5
1900-01-21 08:58:00,7909.0,88960,7909.5,299730,1801345,912497,888848,-210770,0.5
1900-01-21 08:58:15,7907.5,100373,7908.0,21838,404007,518941,-114934,78535,0.5
1900-01-21 08:58:30,7914.5,463952,7915.0,97465,3077788,169260,2908528,366487,0.5
1900-01-21 08:58:45,7905.5,31072,7906.0,224401,722914,152424,570490,-193329,0.5
1900-01-21 08:59:00,7910.5,284085,7911.0,461887,204534,361445,-156911,-177802,0.5
1900-01-21 08:59:15,7901.0,324718,7901.5,399179,288123,466006,-177883,-74461,0.5
1900-01-21 08:59:30,7899.5,502322,7900.0,112633,264710,198855,65855,389689,0.5
1900-01-21 08:59:45,7903.5,241384,7904.0,466288,128853,62542,66311,-224904,0.5
1900-01-21 09:00:00,7903.5,493036,7904.0,222582,472665,229648,243017,270454,0.5
1900-01-21 09:00:15,7917.0,106673,7918.0,128773,393760,76690,317070,-22100,1.0
1900-01-21 09:00:30,7923.5,1484786,7924.0,394736,590707,209444,381263,1090050,0.5
1900-01-21 09:00:45,7933.5,68058,7934.0,175126,1095032,104228,990804,-107068,0.5
1900-01-21 09:01:00,7932.0,1525,7932.5,23606,512526,365312,147214,-22081,0.5
1900-01-21 09:01:15,7935.5,6000,7938.0,188544,594490,310644,283846,-182544,2.5
1900-01-21 09:01:30,7946.0,427615,7946.5,22503,1488672,144358,1344314,405112,0.5
1900-01-21 09:01:45,7949.0,5983,7949.5,20161,784799,358832,425967,-14178,0.5
1900-01-21 09:02:00,7955.0,5316477,7955.5,51365,858452,1235606,-377154,5265112,0.5
1900-01-21 09:02:15,7941.0,27341,7941.5,382055,2031224,777103,1254121,-354714,0.5
1900-01-21 09:02:30,7949.0,69607,7949.5,4854,226279,307595,-81316,64753,0.5
1900-01-21 09:02:45,7953.5,212110,7954.0,6268,420484,154023,266461,205842,0.5
1900-01-21 09:03:00,7944.5,287731,7945.0,494610,231239,286102,-54863,-206879,0.5
1900-01-21 09:03:15,7933.0,54938,7933.5,1536589,72089,720896,-648807,-1481651,0.5
1900-01-21 09:03:30,7925.0,1509333,7925.5,2737,79344,448317,-368973,1506596,0.5
1900-01-21 09:03:45,7928.0,255696,7928.5,221775,628975,2969951,-2340976,33921,0.5
1900-01-21 09:04:00,7914.0,5239,7915.0,7999,161217,317887,-156670,-2760,1.0
1900-01-21 09:04:15,7900.5,15682,7901.0,234527,110926,888965,-778039,-218845,0.5
1900-01-21 09:04:30,7896.0,774823,7896.5,28926,405352,556721,-151369,745897,0.5
1900-01-21 09:04:45,7903.0,15548,7903.5,1145302,398064,442327,-44263,-1129754,0.5
1900-01-21 09:05:00,7902.5,38029,7903.0,9498,788426,206014,582412,28531,0.5
1900-01-21 09:05:15,7901.0,332,7901.5,514763,369144,272683,96461,-514431,0.5
1900-01-21 09:05:30,7905.5,653685,7906.0,124976,658923,171661,487262,528709,0.5
1900-01-21 09:05:45,7899.5,14937,7900.0,4939212,233124,296840,-63716,-4924275,0.5
1900-01-21 09:06:00,7888.0,2941,7888.5,25,556763,270915,285848,2916,0.5
1900-01-21 09:06:15,7886.0,20056,7886.5,121617,303615,2581650,-2278035,-101561,0.5
1900-01-21 09:06:30,7889.0,13475,7889.5,16891,714059,326363,387696,-3416,0.5
1900-01-21 09:06:45,7888.0,125378,7888.5,1426233,77104,203238,-126134,-1300855,0.5
1900-01-21 09:07:00,7886.5,252176,7887.0,1308088,27940,110763,-82823,-1055912,0.5
1900-01-21 09:07:15,7882.0,331127,7882.5,382166,32700,199561,-166861,-51039,0.5
1900-01-21 09:07:30,7882.0,38379,7882.5,299240,927811,430274,497537,-260861,0.5
1900-01-21 09:07:45,7870.0,1193826,7871.5,10912,367840,1366938,-999098,1182914,1.5
1900-01-21 09:08:00,7878.5,326104,7879.0,57220,1179297,50769,1128528,268884,0.5
1900-01-21 09:08:15,7878.0,24402,7878.5,362184,477701,244210,233491,-337782,0.5
1900-01-21 09:08:30,7887.5,114306,7888.0,106780,326352,379317,-52965,7526,0.5
1900-01-21 09:08:45,7887.5,195393,7888.0,1515040,541941,46092,495849,-1319647,0.5
1900-01-21 09:09:00,7885.5,123212,7886.0,900554,105891,142456,-36565,-777342,0.5
1900-01-21 09:09:15,7883.5,19208,7884.0,596200,37607,58082,-20475,-576992,0.5
1900-01-21 09:09:30,7889.0,606429,7889.5,16015,157961,45130,112831,590414,0.5
1900-01-21 09:09:45,7892.5,53244,7893.0,988376,604031,19620,584411,-935132,0.5
1900-01-21 09:10:00,7890.5,554427,7891.0,221533,202139,83082,119057,332894,0.5
1900-01-21 09:10:15,7887.5,3519,7888.0,347719,53553,106082,-52529,-344200,0.5
1900-01-21 09:10:30,7887.0,47909,7887.5,1046025,38012,243497,-205485,-998116,0.5
1900-01-21 09:10:45,7887.0,40201,7887.5,1314404,59106,91228,-32122,-1274203,0.5
1900-01-21 09:11:00,7884.0,708173,7884.5,63778,201966,45659,156307,644395,0.5
1900-01-21 09:11:15,7884.0,31535,7884.5,1059195,37861,108894,-71033,-1027660,0.5
1900-01-21 09:11:30,7878.0,3494,7878.5,1626307,18060,70909,-52849,-1622813,0.5
1900-01-21 09:11:45,7870.0,352579,7870.5,625156,22670,227426,-204756,-272577,0.5
1900-01-21 09:12:00,7870.0,308052,7870.5,371842,71697,102961,-31264,-63790,0.5
1900-01-21 09:12:15,7876.5,675843,7877.0,49671,308507,47392,261115,626172,0.5
1900-01-21 09:12:30,7877.0,473368,7877.5,753076,142864,16680,126184,-279708,0.5
1900-01-21 09:12:45,7876.5,47886,7877.0,1230586,22900,94017,-71117,-1182700,0.5
1900-01-21 09:13:00,7876.5,170282,7877.0,1089934,12544,30992,-18448,-919652,0.5
1900-01-21 09:13:15,7876.5,162127,7877.0,1481154,17690,16819,871,-1319027,0.5
1900-01-21 09:13:30,7875.5,366157,7876.0,671476,15326,49004,-33678,-305319,0.5
1900-01-21 09:13:45,7877.5,539103,7878.0,74992,565158,7964,557194,464111,0.5
1900-01-21 09:14:00,7879.5,500036,7880.0,298553,166400,34116,132284,201483,0.5
1900-01-21 09:14:15,7880.5,693245,7881.0,4470,42131,27952,14179,688775,0.5
1900-01-21 09:14:30,7881.5,582304,7882.0,107637,366636,3870,362766,474667,0.5
1900-01-21 09:14:45,7883.0,542392,7883.5,37457,176458,2000,174458,504935,0.5
1900-01-21 09:15:00,7881.5,41515,7882.0,1422530,92162,125713,-33551,-1381015,0.5
1900-01-21 09:15:15,7875.5,69702,7876.0,834614,90306,101856,-11550,-764912,0.5
1900-01-21 09:15:30,7873.0,74,7873.5,1212818,654,279394,-278740,-1212744,0.5
1900-01-21 09:15:45,7861.0,237989,7861.5,212517,74251,1529155,-1454904,25472,0.5
1900-01-21 09:16:00,7861.0,645390,7861.5,58216,282789,221505,61284,587174,0.5
1900-01-21 09:16:15,7861.0,293307,7861.5,370592,92560,396010,-303450,-77285,0.5
1900-01-21 09:16:30,7860.0,388026,7860.5,60367,164780,227455,-62675,327659,0.5
1900-01-21 09:16:45,7859.0,564935,7859.5,678306,28923,2151729,-2122806,-113371,0.5
1900-01-21 09:17:00,7853.0,96993,7853.5,1005514,23119,264123,-241004,-908521,0.5
1900-01-21 09:17:15,7843.0,25268,7843.5,1021935,59691,509555,-449864,-996667,0.5
1900-01-21 09:17:30,7852.5,89354,7853.0,900954,477760,127528,350232,-811600,0.5
1900-01-21 09:17:45,7852.5,289100,7853.0,382224,306054,766687,-460633,-93124,0.5
1900-01-21 09:18:00,7855.5,489424,7856.0,135459,244548,25534,219014,353965,0.5
1900-01-21 09:18:15,7848.0,7690,7848.5,519000,359641,224119,135522,-511310,0.5
1900-01-21 09:18:30,7842.0,85783,7842.5,868640,32934,100316,-67382,-782857,0.5
1900-01-21 09:18:45,7840.5,211687,7841.0,567078,60881,344137,-283256,-355391,0.5
1900-01-21 09:19:00,7853.0,193278,7853.5,85966,491721,53664,438057,107312,0.5
1900-01-21 09:19:15,7853.0,106516,7853.5,793377,216373,68553,147820,-686861,0.5
1900-01-21 09:19:30,7848.0,111112,7848.5,158,120736,243590,-122854,110954,0.5
1900-01-21 09:19:45,7845.5,492,7846.0,404602,263176,35827,227349,-404110,0.5
1900-01-21 09:20:00,7842.5,28627,7843.0,640505,65667,1404286,-1338619,-611878,0.5
1900-01-21 09:20:15,7835.0,1688670,7835.5,47900,37971,742708,-704737,1640770,0.5
1900-01-21 09:20:30,7839.0,446020,7839.5,21151,693417,61692,631725,424869,0.5
1900-01-21 09:20:45,7840.5,451121,7841.0,154344,334074,16078,317996,296777,0.5
1900-01-21 09:21:00,7846.5,962905,7847.0,21838,527659,9640,518019,941067,0.5
1900-01-21 09:21:15,7850.0,139904,7850.5,22958,153243,34899,118344,116946,0.5
1900-01-21 09:21:30,7844.5,69370,7845.0,313741,290189,159415,130774,-244371,0.5
1900-01-21 09:21:45,7852.0,347109,7852.5,98623,476087,61878,414209,248486,0.5
1900-01-21 09:22:00,7855.0,197522,7855.5,300313,339686,108150,231536,-102791,0.5
1900-01-21 09:22:15,7856.0,1203,7856.5,2413,411612,13646,397966,-1210,0.5
1900-01-21 09:22:30,7858.5,311754,7859.0,215372,567934,326698,241236,96382,0.5
1900-01-21 09:22:45,7858.5,185573,7859.0,568124,43789,109046,-65257,-382551,0.5
1900-01-21 09:23:00,7855.0,10567,7855.5,598078,22783,82698,-59915,-587511,0.5
1900-01-21 09:23:15,7854.5,578372,7855.0,739342,497708,222820,274888,-160970,0.5
1900-01-21 09:23:30,7854.5,205513,7855.0,781769,32804,25796,7008,-576256,0.5
1900-01-21 09:23:45,7854.5,347322,7855.0,1011377,58100,28475,29625,-664055,0.5
1900-01-21 09:24:00,7854.5,403160,7855.0,237254,132784,13911,118873,165906,0.5
1900-01-21 09:24:15,7863.5,651501,7864.0,19867,473834,2388,471446,631634,0.5
1900-01-21 09:24:30,7864.5,1031541,7865.0,149159,723674,260018,463656,882382,0.5
1900-01-21 09:24:45,7868.0,784500,7868.5,651092,271667,144866,126801,133408,0.5
1900-01-21 09:25:00,7868.5,256643,7869.0,620269,393641,229092,164549,-363626,0.5
1900-01-21 09:25:15,7865.5,25431,7866.0,772970,63762,107249,-43487,-747539,0.5
1900-01-21 09:25:30,7863.0,997110,7863.5,42958,15644,128145,-112501,954152,0.5
1900-01-21 09:25:45,7868.0,491865,7868.5,210283,314904,23120,291784,281582,0.5
1900-01-21 09:26:00,7868.0,1307125,7868.5,101980,201692,72000,129692,1205145,0.5
1900-01-21 09:26:15,7874.5,577294,7875.0,121546,199005,66056,132949,455748,0.5
1900-01-21 09:26:30,7874.5,176705,7875.0,697900,187840,58349,129491,-521195,0.5
1900-01-21 09:26:45,7879.5,113642,7880.0,718044,62821,105224,-42403,-604402,0.5
1900-01-21 09:27:00,7879.5,372094,7880.0,194594,298326,176100,122226,177500,0.5
1900-01-21 09:27:15,7882.0,191462,7882.5,600144,103620,70891,32729,-408682,0.5
1900-01-21 09:27:30,7879.0,651922,7879.5,508990,40118,191793,-151675,142932,0.5
1900-01-21 09:27:45,7888.0,47122,7888.5,666064,287478,145357,142121,-618942,0.5
1900-01-21 09:28:00,7888.0,653599,7888.5,260331,12284,166913,-154629,393268,0.5
1900-01-21 09:28:15,7889.5,1053094,7890.0,355436,432538,159093,273445,697658,0.5
1900-01-21 09:28:30,7892.0,424234,7892.5,357116,182694,23462,159232,67118,0.5
1900-01-21 09:28:45,7899.5,115799,7900.0,671186,297639,158270,139369,-555387,0.5
1900-01-21 09:29:00,7900.0,322451,7900.5,571503,199538,595527,-395989,-249052,0.5
1900-01-21 09:29:15,7896.5,348631,7897.0,464007,16186,629424,-613238,-115376,0.5
1900-01-21 09:29:30,7896.5,64884,7897.0,645740,17034,109466,-92432,-580856,0.5
1900-01-21 09:29:45,7896.0,31215,7896.5,837989,146022,343525,-197503,-806774,0.5
1900-01-21 09:30:00,7892.5,596206,7893.0,568472,85359,148460,-63101,27734,0.5
1900-01-21 09:30:15,7892.5,107975,7893.0,267448,212072,154508,57564,-159473,0.5
1900-01-21 09:30:30,7892.0,71071,7892.5,610755,1026,26944,-25918,-539684,0.5
1900-01-21 09:30:45,7890.0,93012,7890.5,414534,1380,167832,-166452,-321522,0.5
1900-01-21 09:31:00,7887.0,5608,7887.5,151255,282,113387,-113105,-145647,0.5
1900-01-21 09:31:15,7885.0,1432139,7885.5,465846,26728,150199,-123471,966293,0.5
1900-01-21 09:31:30,7885.0,545748,7885.5,564336,9474,946437,-936963,-18588,0.5
1900-01-21 09:31:45,7884.5,4341,7885.0,1016724,22632,724857,-702225,-1012383,0.5
1900-01-21 09:32:00,7867.0,165050,7867.5,484312,2592,954497,-951905,-319262,0.5
1900-01-21 09:32:15,7868.0,666403,7868.5,300244,421736,137496,284240,366159,0.5
1900-01-21 09:32:30,7871.5,158540,7872.0,609507,324364,284934,39430,-450967,0.5
1900-01-21 09:32:45,7871.5,72253,7872.0,1090174,30670,47545,-16875,-1017921,0.5
1900-01-21 09:33:00,7870.0,87568,7870.5,1102849,18319,143579,-125260,-1015281,0.5
1900-01-21 09:33:15,7863.5,379052,7864.0,447157,16716,83024,-66308,-68105,0.5
1900-01-21 09:33:30,7863.5,58700,7864.0,890969,2202,65020,-62818,-832269,0.5
1900-01-21 09:33:45,7863.5,33558,7864.0,968460,100959,129536,-28577,-934902,0.5
1900-01-21 09:34:00,7860.5,12394,7861.0,1050915,22506,258902,-236396,-1038521,0.5
1900-01-21 09:34:15,7857.5,1104680,7858.0,144398,355688,379971,-24283,960282,0.5
1900-01-21 09:34:30,7857.5,555948,7858.0,250081,192343,820,191523,305867,0.5
1900-01-21 09:34:45,7862.0,275114,7862.5,68457,128318,15860,112458,206657,0.5
1900-01-21 09:35:00,7864.5,955898,7865.0,238086,271785,1300,270485,717812,0.5
1900-01-21 09:35:15,7867.0,5607,7867.5,724633,108021,60424,47597,-719026,0.5
1900-01-21 09:35:30,7863.5,315,7864.0,197365,54000,167195,-113195,-197050,0.5
1900-01-21 09:35:45,7862.5,879913,7863.0,183156,245544,7363,238181,696757,0.5
1900-01-21 09:36:00,7864.5,956153,7865.0,67727,377070,12526,364544,888426,0.5
1900-01-21 09:36:15,7873.5,861969,7874.0,92983,205261,2040,203221,768986,0.5
1900-01-21 09:36:30,7874.5,1164331,7875.0,26368,255722,960,254762,1137963,0.5
1900-01-21 09:36:45,7879.5,259200,7880.0,83918,126635,21166,105469,175282,0.5
1900-01-21 09:37:00,7887.0,750567,7887.5,521605,250690,35536,215154,228962,0.5
1900-01-21 09:37:15,7882.5,713614,7883.0,453835,118987,195893,-76906,259779,0.5
1900-01-21 09:37:30,7882.5,630590,7883.0,374101,8883,150443,-141560,256489,0.5
1900-01-21 09:37:45,7887.5,1213795,7888.0,35764,298742,38967,259775,1178031,0.5
1900-01-21 09:38:00,7893.5,942083,7894.0,67170,1039499,30266,1009233,874913,0.5
1900-01-21 09:38:15,7902.0,214527,7903.0,81056,2259715,40024,2219691,133471,1.0
1900-01-21 09:38:30,7906.5,422945,7907.0,605754,637074,119308,517766,-182809,0.5
1900-01-21 09:38:45,7897.0,293689,7897.5,706838,60812,798160,-737348,-413149,0.5
1900-01-21 09:39:00,7903.0,1032524,7903.5,299691,59736,74034,-14298,732833,0.5
1900-01-21 09:39:15,7909.5,371039,7910.0,193238,432461,23810,408651,177801,0.5
1900-01-21 09:39:30,7910.0,189277,7910.5,746387,320021,224403,95618,-557110,0.5
1900-01-21 09:39:45,7909.5,23785,7910.0,884603,14176,186018,-171842,-860818,0.5
1900-01-21 09:40:00,7908.0,1128765,7908.5,321184,65978,313917,-247939,807581,0.5
1900-01-21 09:40:15,7909.5,1153629,7910.0,120260,354566,91736,262830,1033369,0.5
1900-01-21 09:40:30,7913.5,1190952,7914.0,109794,200645,21851,178794,1081158,0.5
1900-01-21 09:40:45,7925.5,2737,7926.0,99598,2270956,12282,2258674,-96861,0.5
1900-01-21 09:41:00,7918.0,6681,7918.5,49276,303234,646840,-343606,-42595,0.5
1900-01-21 09:41:15,7907.5,1050525,7908.0,436983,126544,264165,-137621,613542,0.5
1900-01-21 09:41:30,7914.5,847653,7915.0,200506,586184,215410,370774,647147,0.5
1900-01-21 09:41:45,7923.5,72728,7924.0,895186,224862,355173,-130311,-822458,0.5
1900-01-21 09:42:00,7913.0,411642,7913.5,542687,226968,200170,26798,-131045,0.5
1900-01-21 09:42:15,7906.0,30691,7906.5,919930,61579,318478,-256899,-889239,0.5
1900-01-21 09:42:30,7909.5,1060246,7910.0,72364,122283,230248,-107965,987882,0.5
1900-01-21 09:42:45,7907.5,480857,7908.0,479946,173109,182160,-9051,911,0.5
1900-01-21 09:43:00,7919.5,63014,7920.0,745176,115435,44130,71305,-682162,0.5
1900-01-21 09:43:15,7914.0,300818,7914.5,559353,56620,93677,-37057,-258535,0.5
1900-01-21 09:43:30,7916.5,500,7917.0,557518,69650,16727,52923,-557018,0.5
1900-01-21 09:43:45,7919.0,257354,7919.5,360691,194130,24897,169233,-103337,0.5
1900-01-21 09:44:00,7915.0,10000,7919.5,12845,947763,41512,906251,-2845,4.5
1900-01-21 09:44:15,7922.0,284965,7922.5,28753,318703,78750,239953,256212,0.5
1900-01-21 09:44:30,7929.0,351424,7929.5,335500,333092,66284,266808,15924,0.5
1900-01-21 09:44:45,7928.0,524167,7928.5,301683,106096,270163,-164067,222484,0.5
1900-01-21 09:45:00,7934.5,77067,7935.0,187827,585435,182371,403064,-110760,0.5
1900-01-21 09:45:15,7935.0,790446,7935.5,109077,578784,88291,490493,681369,0.5
1900-01-21 09:45:30,7935.0,1010268,7935.5,82639,132257,170071,-37814,927629,0.5
1900-01-21 09:45:45,7935.0,284238,7935.5,109597,262518,282593,-20075,174641,0.5
1900-01-21 09:46:00,7927.5,36368,7928.0,5711,85004,357791,-272787,30657,0.5
1900-01-21 09:46:15,7921.0,37628,7921.5,422812,11865,192481,-180616,-385184,0.5
1900-01-21 09:46:30,7916.5,62957,7917.0,623948,120382,86832,33550,-560991,0.5
1900-01-21 09:46:45,7916.5,186717,7917.0,590287,120886,374278,-253392,-403570,0.5
1900-01-21 09:47:00,7912.0,28060,7912.5,302349,190130,177098,13032,-274289,0.5
1900-01-21 09:47:15,7907.5,99449,7908.0,50,15664,462475,-446811,99399,0.5
1900-01-21 09:47:30,7898.5,67014,7899.0,15348,27986,458130,-430144,51666,0.5
1900-01-21 09:47:45,7904.5,882437,7905.0,364597,313680,315628,-1948,517840,0.5
1900-01-21 09:48:00,7909.0,2848,7909.5,668920,414998,196898,218100,-666072,0.5
1900-01-21 09:48:15,7899.5,188543,7900.0,724999,24201,100013,-75812,-536456,0.5
1900-01-21 09:48:30,7899.5,596843,7900.0,1574110,76976,274178,-197202,-977267,0.5
1900-01-21 09:48:45,7900.0,725862,7900.5,567,49529,266963,-217434,725295,0.5
1900-01-21 09:49:00,7902.5,7087,7903.0,527470,144814,34490,110324,-520383,0.5
1900-01-21 09:49:15,7910.0,159716,7910.5,876912,236609,32548,204061,-717196,0.5
1900-01-21 09:49:30,7910.0,468816,7910.5,782518,63132,65028,-1896,-313702,0.5
1900-01-21 09:49:45,7910.0,4063,7910.5,894735,958,197745,-196787,-890672,0.5
1900-01-21 09:50:00,7912.0,280114,7912.5,17713,133441,26149,107292,262401,0.5
1900-01-21 09:50:15,7923.5,25,7924.0,167233,319378,47909,271469,-167208,0.5
1900-01-21 09:50:30,7922.0,318778,7922.5,587463,36278,325504,-289226,-268685,0.5
1900-01-21 09:50:45,7924.5,373685,7925.0,3435,301981,60079,241902,370250,0.5
1900-01-21 09:51:00,7933.5,503951,7934.0,295833,491339,62249,429090,208118,0.5
1900-01-21 09:51:15,7937.5,236562,7938.0,96076,273615,58025,215590,140486,0.5
1900-01-21 09:51:30,7930.0,17515,7930.5,670084,88944,473892,-384948,-652569,0.5
1900-01-21 09:51:45,7917.5,49069,7918.0,127374,13490,162613,-149123,-78305,0.5
1900-01-21 09:52:00,7921.5,1049389,7922.0,28088,275700,121777,153923,1021301,0.5
1900-01-21 09:52:15,7937.5,13310,7938.0,23227,846642,5194,841448,-9917,0.5
1900-01-21 09:52:30,7934.5,493822,7935.0,259385,572167,85268,486899,234437,0.5
1900-01-21 09:52:45,7938.0,514274,7938.5,129322,340333,91230,249103,384952,0.5
1900-01-21 09:53:00,7938.0,235403,7938.5,377308,90834,139057,-48223,-141905,0.5
1900-01-21 09:53:15,7931.5,748046,7932.0,196375,38392,54843,-16451,551671,0.5
1900-01-21 09:53:30,7932.0,1302008,7932.5,202001,72526,4234,68292,1100007,0.5
1900-01-21 09:53:45,7938.0,313387,7938.5,161619,286552,79331,207221,151768,0.5
1900-01-21 09:54:00,7941.0,243522,7941.5,24962,81790,14856,66934,218560,0.5
1900-01-21 09:54:15,7938.5,522824,7939.0,132162,648791,162537,486254,390662,0.5
1900-01-21 09:54:30,7938.5,482847,7939.0,113013,66383,216356,-149973,369834,0.5
1900-01-21 09:54:45,7941.5,25,7942.0,142335,274125,29265,244860,-142310,0.5
1900-01-21 09:55:00,7939.0,758600,7939.5,37093,220865,18863,202002,721507,0.5
1900-01-21 09:55:15,7942.5,612099,7943.0,209193,138114,36475,101639,402906,0.5
1900-01-21 09:55:30,7935.5,148062,7936.0,355213,114909,444465,-329556,-207151,0.5
1900-01-21 09:55:45,7931.0,68985,7931.5,65071,17315,163588,-146273,3914,0.5
1900-01-21 09:56:00,7924.0,998284,7924.5,35491,105988,502608,-396620,962793,0.5
1900-01-21 09:56:15,7925.5,36142,7926.0,475200,151954,53693,98261,-439058,0.5
1900-01-21 09:56:30,7920.5,4145,7921.0,816221,20266,69182,-48916,-812076,0.5
1900-01-21 09:56:45,7917.5,481710,7918.0,508482,45752,60547,-14795,-26772,0.5
1900-01-21 09:57:00,7920.0,350212,7921.5,1468,311190,61575,249615,348744,1.5
1900-01-21 09:57:15,7925.5,1080733,7926.0,7937,86738,107952,-21214,1072796,0.5
1900-01-21 09:57:30,7929.5,734087,7930.0,38787,122204,19092,103112,695300,0.5
1900-01-21 09:57:45,7922.5,47007,7923.0,284063,26062,47686,-21624,-237056,0.5
1900-01-21 09:58:00,7911.0,733780,7911.5,307026,15518,387584,-372066,426754,0.5
1900-01-21 09:58:15,7911.0,295247,7911.5,695660,135837,548421,-412584,-400413,0.5
1900-01-21 09:58:30,7899.5,2000,7900.0,987130,173838,680742,-506904,-985130,0.5
1900-01-21 09:58:45,7906.0,272531,7906.5,401102,295209,388472,-93263,-128571,0.5
1900-01-21 09:59:00,7906.0,113120,7906.5,1464468,105836,211598,-105762,-1351348,0.5
1900-01-21 09:59:15,7904.0,558487,7904.5,186585,121686,700459,-578773,371902,0.5
1900-01-21 09:59:30,7909.5,128212,7910.0,683848,188061,38048,150013,-555636,0.5
1900-01-21 09:59:45,7909.5,534867,7910.0,420962,144154,19274,124880,113905,0.5
1900-01-21 10:00:00,7909.5,528729,7910.0,567400,329139,4742,324397,-38671,0.5
1900-01-21 10:00:15,7914.0,365833,7914.5,7340,570416,25704,544712,358493,0.5
1900-01-21 10:00:30,7916.5,435523,7917.0,285921,173110,82432,90678,149602,0.5
1900-01-21 10:00:45,7916.5,261622,7917.0,405331,96960,360644,-263684,-143709,0.5
1900-01-21 10:01:00,7918.0,342256,7918.5,879657,180858,22586,158272,-537401,0.5
1900-01-21 10:01:15,7919.0,461335,7919.5,705655,312082,24298,287784,-244320,0.5
1900-01-21 10:01:30,7919.0,545701,7919.5,606228,305475,305628,-153,-60527,0.5
1900-01-21 10:01:45,7917.0,57797,7917.5,960517,53200,315979,-262779,-902720,0.5
1900-01-21 10:02:00,7913.5,2019,7914.0,1073021,54176,116057,-61881,-1071002,0.5
1900-01-21 10:02:15,7911.5,27053,7912.0,882593,14207,63865,-49658,-855540,0.5
1900-01-21 10:02:30,7908.0,61518,7908.5,969480,4292,165391,-161099,-907962,0.5
1900-01-21 10:02:45,7902.0,725068,7902.5,306545,3264,154426,-151162,418523,0.5
1900-01-21 10:03:00,7902.0,540715,7902.5,164385,161549,86244,75305,376330,0.5
1900-01-21 10:03:15,7904.0,230443,7904.5,570081,78497,27357,51140,-339638,0.5
1900-01-21 10:03:30,7907.0,146929,7907.5,791633,34401,141804,-107403,-644704,0.5
1900-01-21 10:03:45,7904.5,981804,7905.0,140759,44103,53702,-9599,841045,0.5
1900-01-21 10:04:00,7904.5,840744,7905.0,155330,118544,49385,69159,685414,0.5
1900-01-21 10:04:15,7906.0,1018427,7906.5,53595,60012,17868,42144,964832,0.5
1900-01-21 10:04:30,7904.5,58783,7905.0,931235,59944,44864,15080,-872452,0.5
1900-01-21 10:04:45,7904.5,950674,7905.0,181670,44372,15868,28504,769004,0.5
1900-01-21 10:05:00,7904.5,819720,7905.0,186324,16336,8804,7532,633396,0.5
1900-01-21 10:05:15,7907.5,259557,7908.0,22283,113346,11102,102244,237274,0.5
1900-01-21 10:05:30,7907.5,230195,7908.0,908130,39641,1554,38087,-677935,0.5
1900-01-21 10:05:45,7908.5,990886,7909.0,226064,12688,32549,-19861,764822,0.5
1900-01-21 10:06:00,7908.5,931982,7909.0,14385,27770,32549,-4779,917597,0.5
1900-01-21 10:06:15,7910.0,953680,7910.5,3233,172834,65993,106841,950447,0.5
1900-01-21 10:06:30,7915.0,167910,7915.5,773429,119142,67630,51512,-605519,0.5
1900-01-21 10:06:45,7914.5,72600,7915.0,982153,30803,7138,23665,-909553,0.5
1900-01-21 10:07:00,7916.5,613583,7917.0,45723,34922,6166,28756,567860,0.5
1900-01-21 10:07:15,7923.0,1528253,7923.5,3076,132178,18910,113268,1525177,0.5
1900-01-21 10:07:30,7924.5,714375,7925.0,749284,129157,44909,84248,-34909,0.5
1900-01-21 10:07:45,7924.5,460985,7925.0,566801,42642,109067,-66425,-105816,0.5
1900-01-21 10:08:00,7924.5,1078427,7925.0,73334,228507,8430,220077,1005093,0.5
1900-01-21 10:08:15,7927.0,1234940,7927.5,71823,53840,33522,20318,1163117,0.5
1900-01-21 10:08:30,7932.5,950814,7933.0,79249,208958,14072,194886,871565,0.5
1900-01-21 10:08:45,7932.5,410808,7933.0,705210,214277,121604,92673,-294402,0.5
1900-01-21 10:09:00,7933.0,525073,7933.5,783400,104984,76389,28595,-258327,0.5
1900-01-21 10:09:15,7933.0,398092,7933.5,722122,83719,52938,30781,-324030,0.5
1900-01-21 10:09:30,7933.0,1024452,7933.5,44604,136260,10675,125585,979848,0.5
1900-01-21 10:09:45,7936.5,304280,7937.0,522025,181006,15672,165334,-217745,0.5
1900-01-21 10:10:00,7936.5,331784,7937.0,561818,271398,89249,182149,-230034,0.5
1900-01-21 10:10:15,7932.0,61572,7932.5,680462,25091,373086,-347995,-618890,0.5
1900-01-21 10:10:30,7931.5,6824,7932.0,845167,74644,65502,9142,-838343,0.5
1900-01-21 10:10:45,7937.5,282077,7938.0,130253,473520,103233,370287,151824,0.5
1900-01-21 10:11:00,7944.0,112047,7946.5,126046,429112,18373,410739,-13999,2.5
1900-01-21 10:11:15,7951.0,842119,7951.5,173098,547154,61299,485855,669021,0.5
1900-01-21 10:11:30,7959.5,308525,7960.0,154903,621266,533962,87304,153622,0.5
1900-01-21 10:11:45,7955.0,195522,7955.5,296076,644282,543333,100949,-100554,0.5
1900-01-21 10:12:00,7957.0,322139,7957.5,379174,205012,242210,-37198,-57035,0.5
1900-01-21 10:12:15,7962.0,247469,7962.5,213503,298266,111248,187018,33966,0.5
1900-01-21 10:12:30,7962.5,221762,7963.0,177437,105494,373901,-268407,44325,0.5
1900-01-21 10:12:45,7964.5,688341,7965.0,286768,269625,82139,187486,401573,0.5
1900-01-21 10:13:00,7977.0,86887,7977.5,1031,771264,800431,-29167,85856,0.5
1900-01-21 10:13:15,7945.5,14580,7946.0,4257,376768,484261,-107493,10323,0.5
1900-01-21 10:13:30,7956.5,1530844,7957.0,668449,173630,167175,6455,862395,0.5
1900-01-21 10:13:45,7956.5,1355506,7957.0,413057,250968,169669,81299,942449,0.5
1900-01-21 10:14:00,7956.5,1286061,7957.0,73827,655863,40470,615393,1212234,0.5
1900-01-21 10:14:15,7964.5,539658,7965.0,559773,1643956,209993,1433963,-20115,0.5
1900-01-21 10:14:30,7962.5,176521,7963.0,467341,454533,699203,-244670,-290820,0.5
1900-01-21 10:14:45,7965.0,251499,7965.5,562852,833204,113736,719468,-311353,0.5
1900-01-21 10:15:00,7959.0,137580,7959.5,490208,298567,138699,159868,-352628,0.5
1900-01-21 10:15:15,7957.0,305140,7957.5,466368,104932,319956,-215024,-161228,0.5
1900-01-21 10:15:30,7951.0,868575,7951.5,63945,15372,230704,-215332,804630,0.5
1900-01-21 10:15:45,7952.0,125997,7952.5,575079,58811,153362,-94551,-449082,0.5
1900-01-21 10:16:00,7945.0,43011,7948.0,550162,12449,164314,-151865,-507151,3.0
1900-01-21 10:16:15,7942.5,1065090,7943.0,100898,4250,439464,-435214,964192,0.5
1900-01-21 10:16:30,7940.0,267457,7940.5,471153,142969,124706,18263,-203696,0.5
1900-01-21 10:16:45,7931.0,35868,7931.5,19503,16614,412184,-395570,16365,0.5
1900-01-21 10:17:00,7939.0,944780,7939.5,14867,205784,462380,-256596,929913,0.5
1900-01-21 10:17:15,7947.5,440613,7948.0,1033205,810012,122712,687300,-592592,0.5
1900-01-21 10:17:30,7942.0,545289,7942.5,155892,36237,302349,-266112,389397,0.5
1900-01-21 10:17:45,7939.5,390171,7940.0,893810,44144,228321,-184177,-503639,0.5
1900-01-21 10:18:00,7939.0,81860,7939.5,1620692,163522,534812,-371290,-1538832,0.5
1900-01-21 10:18:15,7938.5,154122,7939.0,1265553,4540,271304,-266764,-1111431,0.5
1900-01-21 10:18:30,7938.5,781164,7939.0,7101,80881,50452,30429,774063,0.5
1900-01-21 10:18:45,7942.5,751355,7943.0,147428,126205,20214,105991,603927,0.5
1900-01-21 10:19:00,7942.5,630231,7943.0,364205,51300,72056,-20756,266026,0.5
1900-01-21 10:19:15,7942.5,238807,7943.0,1003666,26656,54466,-27810,-764859,0.5
1900-01-21 10:19:30,7942.5,407925,7943.0,1177577,16711,10579,6132,-769652,0.5
1900-01-21 10:19:45,7942.5,406566,7943.0,1047517,14586,68657,-54071,-640951,0.5
1900-01-21 10:20:00,7939.5,168457,7940.0,1219353,72294,480458,-408164,-1050896,0.5
1900-01-21 10:20:15,7938.5,170829,7939.0,962762,213060,74206,138854,-791933,0.5
1900-01-21 10:20:30,7936.5,71091,7937.0,778929,12200,68900,-56700,-707838,0.5
1900-01-21 10:20:45,7935.0,47900,7935.5,994604,5906,98020,-92114,-946704,0.5
1900-01-21 10:21:00,7935.0,31854,7935.5,978314,29204,15478,13726,-946460,0.5
1900-01-21 10:21:15,7935.0,593571,7935.5,434609,25120,7952,17168,158962,0.5
1900-01-21 10:21:30,7939.5,1272570,7940.0,86709,167626,100601,67025,1185861,0.5
1900-01-21 10:21:45,7949.5,681509,7950.0,121730,394449,226462,167987,559779,0.5
1900-01-21 10:22:00,7954.5,317018,7955.0,3227,53409,20082,33327,313791,0.5
1900-01-21 10:22:15,7956.0,411793,7956.5,712222,262200,182566,79634,-300429,0.5
1900-01-21 10:22:30,7956.0,406749,7956.5,658668,72584,16676,55908,-251919,0.5
1900-01-21 10:22:45,7953.5,325,7954.0,96400,33584,114759,-81175,-96075,0.5
1900-01-21 10:23:00,7947.0,534398,7947.5,342926,43966,195709,-151743,191472,0.5
1900-01-21 10:23:15,7953.0,3963,7953.5,456931,55393,26049,29344,-452968,0.5
1900-01-21 10:23:30,7951.0,592222,7951.5,129,122818,7256,115562,592093,0.5
1900-01-21 10:23:45,7952.5,1007479,7953.0,133463,90650,10582,80068,874016,0.5
1900-01-21 10:24:00,7952.5,858668,7953.0,200100,33689,6800,26889,658568,0.5
1900-01-21 10:24:15,7955.5,836304,7956.0,151824,223022,5608,217414,684480,0.5
1900-01-21 10:24:30,7955.5,793776,7956.0,157154,75438,29682,45756,636622,0.5
1900-01-21 10:24:45,7955.5,788904,7956.0,112087,66165,5400,60765,676817,0.5
1900-01-21 10:25:00,7968.0,59171,7968.5,5981,410321,6628,403693,53190,0.5
1900-01-21 10:25:15,7959.0,1899305,7959.5,27,431904,391701,40203,1899278,0.5
1900-01-21 10:25:30,7963.0,160178,7963.5,835021,209821,70636,139185,-674843,0.5
1900-01-21 10:25:45,7971.5,213453,7972.0,803665,348156,96842,251314,-590212,0.5
1900-01-21 10:26:00,7971.0,1228552,7971.5,4492,78166,446373,-368207,1224060,0.5
1900-01-21 10:26:15,7971.5,1408581,7972.0,10088,120169,34111,86058,1398493,0.5
1900-01-21 10:26:30,7974.0,814683,7974.5,597323,467585,772481,-304896,217360,0.5
1900-01-21 10:26:45,7970.5,102123,7971.0,424887,211808,160126,51682,-322764,0.5
1900-01-21 10:27:00,7969.5,1114573,7970.0,207156,41193,92175,-50982,907417,0.5
1900-01-21 10:27:15,7971.0,659040,7971.5,225981,241469,125229,116240,433059,0.5
1900-01-21 10:27:30,7977.5,175661,7978.0,414088,592495,346659,245836,-238427,0.5
1900-01-21 10:27:45,7977.5,1289755,7978.0,762845,83899,148614,-64715,526910,0.5
1900-01-21 10:28:00,7977.5,1094734,7978.0,970542,23744,156942,-133198,124192,0.5
1900-01-21 10:28:15,7976.0,6321,7976.5,217710,52488,1076898,-1024410,-211389,0.5
1900-01-21 10:28:30,7983.0,196878,7983.5,305868,500401,221806,278595,-108990,0.5
1900-01-21 10:28:45,7964.0,285959,7964.5,28738,129542,483631,-354089,257221,0.5
1900-01-21 10:29:00,7964.5,98699,7965.0,1295001,84807,1098549,-1013742,-1196302,0.5
1900-01-21 10:29:15,7964.5,214358,7965.0,826808,22722,121844,-99122,-612450,0.5
1900-01-21 10:29:30,7964.5,410573,7965.0,555488,139190,105026,34164,-144915,0.5
1900-01-21 10:29:45,7964.5,825269,7965.0,1172,251614,69910,181704,824097,0.5
1900-01-21 10:30:00,7965.0,1465651,7965.5,289156,623391,37348,586043,1176495,0.5
1900-01-21 10:30:15,7965.0,1344933,7965.5,279460,98317,28168,70149,1065473,0.5
1900-01-21 10:30:30,7965.5,757247,7966.0,48649,61830,15073,46757,708598,0.5
1900-01-21 10:30:45,7973.0,586676,7973.5,844241,89215,8280,80935,-257565,0.5
1900-01-21 10:31:00,7967.0,66563,7967.5,266095,144439,250249,-105810,-199532,0.5
1900-01-21 10:31:15,7962.0,252540,7962.5,712518,38067,71764,-33697,-459978,0.5
1900-01-21 10:31:30,7959.0,120690,7959.5,920936,33414,267050,-233636,-800246,0.5
1900-01-21 10:31:45,7956.5,2455840,7957.0,265901,116822,214255,-97433,2189939,0.5
1900-01-21 10:32:00,7957.5,1720451,7958.0,189128,407679,17896,389783,1531323,0.5
1900-01-21 10:32:15,7959.0,1328401,7959.5,460507,620304,33577,586727,867894,0.5
1900-01-21 10:32:30,7959.0,1019657,7959.5,185164,368160,342428,25732,834493,0.5
1900-01-21 10:32:45,7958.5,29213,7959.0,651910,4450,332020,-327570,-622697,0.5
1900-01-21 10:33:00,7956.0,752766,7956.5,191455,6554,92941,-86387,561311,0.5
1900-01-21 10:33:15,7955.0,24210,7955.5,812972,3600,43597,-39997,-788762,0.5
1900-01-21 10:33:30,7947.0,250616,7947.5,224007,20222,451694,-431472,26609,0.5
1900-01-21 10:33:45,7948.0,937304,7948.5,177051,21241,142411,-121170,760253,0.5
1900-01-21 10:34:00,7950.5,461341,7951.0,414306,251093,47720,203373,47035,0.5
1900-01-21 10:34:15,7953.5,32485,7954.0,801516,230540,102610,127930,-769031,0.5
1900-01-21 10:34:30,7952.5,16824,7953.0,807113,4400,233432,-229032,-790289,0.5
1900-01-21 10:34:45,7948.5,2226,7949.0,540074,3922,155606,-151684,-537848,0.5
1900-01-21 10:35:00,7947.0,30791,7947.5,1246526,1601,51092,-49491,-1215735,0.5
1900-01-21 10:35:15,7945.5,16890,7946.0,1320548,96048,207033,-110985,-1303658,0.5
1900-01-21 10:35:30,7942.0,655289,7942.5,297842,116120,123643,-7523,357447,0.5
1900-01-21 10:35:45,7942.0,632551,7942.5,528830,85124,576696,-491572,103721,0.5
1900-01-21 10:36:00,7942.0,20850,7942.5,1281525,40700,413607,-372907,-1260675,0.5
1900-01-21 10:36:15,7941.5,95246,7942.0,696432,248773,170692,78081,-601186,0.5
1900-01-21 10:36:30,7940.0,965476,7940.5,137575,129402,155958,-26556,827901,0.5
1900-01-21 10:36:45,7942.0,694299,7942.5,44023,175426,112040,63386,650276,0.5
1900-01-21 10:37:00,7944.5,691262,7945.0,48533,147890,24720,123170,642729,0.5
1900-01-21 10:37:15,7946.5,751283,7947.0,80355,79650,17678,61972,670928,0.5
1900-01-21 10:37:30,7949.0,663805,7949.5,146785,108014,2228,105786,517020,0.5
1900-01-21 10:37:45,7955.0,685328,7955.5,19357,215365,4600,210765,665971,0.5
1900-01-21 10:38:00,7955.0,272449,7955.5,1038834,47658,71604,-23946,-766385,0.5
1900-01-21 10:38:15,7955.0,28685,7955.5,1402494,10404,91625,-81221,-1373809,0.5
1900-01-21 10:38:30,7950.5,601,7951.0,1091543,2048,126379,-124331,-1090942,0.5
1900-01-21 10:38:45,7945.0,149437,7945.5,817470,119860,208908,-89048,-668033,0.5
1900-01-21 10:39:00,7937.0,730632,7937.5,220740,158597,149933,8664,509892,0.5
1900-01-21 10:39:15,7942.5,269052,7943.0,651122,101379,42250,59129,-382070,0.5
1900-01-21 10:39:30,7938.0,31494,7938.5,1314998,2290,364740,-362450,-1283504,0.5
1900-01-21 10:39:45,7936.0,102474,7936.5,1357450,6036,473898,-467862,-1254976,0.5
1900-01-21 10:40:00,7935.5,54690,7936.0,1208428,39482,223005,-183523,-1153738,0.5
1900-01-21 10:40:15,7936.0,781512,7936.5,52516,165996,354936,-188940,728996,0.5
1900-01-21 10:40:30,7944.0,815204,7944.5,336043,437692,30016,407676,479161,0.5
1900-01-21 10:40:45,7946.5,717742,7947.0,146772,95970,10834,85136,570970,0.5
1900-01-21 10:41:00,7946.5,689838,7947.0,655593,207662,35628,172034,34245,0.5
1900-01-21 10:41:15,7946.5,472897,7947.0,757803,255196,216217,38979,-284906,0.5
1900-01-21 10:41:30,7944.0,111178,7944.5,1458330,238653,412304,-173651,-1347152,0.5
1900-01-21 10:41:45,7936.0,2249,7936.5,277275,10979,767771,-756792,-275026,0.5
1900-01-21 10:42:00,7932.0,75719,7932.5,606462,138401,121616,16785,-530743,0.5
1900-01-21 10:42:15,7932.0,65484,7932.5,858756,28044,19173,8871,-793272,0.5
1900-01-21 10:42:30,7932.0,133526,7932.5,1065775,36025,224322,-188297,-932249,0.5
1900-01-21 10:42:45,7928.5,25524,7929.0,1179499,77532,408644,-331112,-1153975,0.5
1900-01-21 10:43:00,7928.0,743325,7928.5,295084,37918,190909,-152991,448241,0.5
1900-01-21 10:43:15,7928.0,90680,7928.5,549409,60120,372993,-312873,-458729,0.5
1900-01-21 10:43:30,7927.5,57685,7928.0,938604,36462,159570,-123108,-880919,0.5
1900-01-21 10:43:45,7924.0,186693,7924.5,1451385,400,95401,-95001,-1264692,0.5
1900-01-21 10:44:00,7920.0,207405,7920.5,1110873,62647,316714,-254067,-903468,0.5
1900-01-21 10:44:15,7911.0,299955,7911.5,678278,44291,560340,-516049,-378323,0.5
1900-01-21 10:44:30,7913.5,450527,7914.0,838790,409638,181578,228060,-388263,0.5
1900-01-21 10:44:45,7913.5,38799,7914.0,1089264,467987,142332,325655,-1050465,0.5
1900-01-21 10:45:00,7909.5,852260,7910.0,37077,142532,322022,-179490,815183,0.5
1900-01-21 10:45:15,7910.0,534288,7910.5,472820,166349,154884,11465,61468,0.5
1900-01-21 10:45:30,7910.0,650385,7910.5,4914,240673,100523,140150,645471,0.5
1900-01-21 10:45:45,7915.0,690316,7915.5,144200,437254,22976,414278,546116,0.5
1900-01-21 10:46:00,7917.0,751648,7917.5,73957,1051543,200875,850668,677691,0.5
1900-01-21 10:46:15,7920.0,2718,7920.5,907942,424405,18421,405984,-905224,0.5
1900-01-21 10:46:30,7917.5,854090,7918.0,147188,179743,81772,97971,706902,0.5
1900-01-21 10:46:45,7920.0,733509,7920.5,225915,234046,49420,184626,507594,0.5
1900-01-21 10:47:00,7920.0,806875,7920.5,135074,64328,1978,62350,671801,0.5
1900-01-21 10:47:15,7920.0,163521,7920.5,1097005,28935,106864,-77929,-933484,0.5
1900-01-21 10:47:30,7919.5,7709,7920.0,1215141,1354,149119,-147765,-1207432,0.5
1900-01-21 10:47:45,7918.0,65687,7918.5,1064937,4390,108750,-104360,-999250,0.5
1900-01-21 10:48:00,7916.0,9721,7916.5,537526,10616,107699,-97083,-527805,0.5
1900-01-21 10:48:15,7914.5,851337,7915.0,11607,156675,18884,137791,839730,0.5
1900-01-21 10:48:30,7917.0,727000,7917.5,283144,68238,71430,-3192,443856,0.5
1900-01-21 10:48:45,7917.0,655994,7917.5,158478,75018,16956,58062,497516,0.5
1900-01-21 10:49:00,7915.0,821186,7915.5,306617,107000,201357,-94357,514569,0.5
1900-01-21 10:49:15,7915.0,214887,7915.5,877009,57229,14130,43099,-662122,0.5
1900-01-21 10:49:30,7914.5,1629,7915.0,1140802,47432,56713,-9281,-1139173,0.5
1900-01-21 10:49:45,7911.0,278999,7911.5,801675,7756,82651,-74895,-522676,0.5
1900-01-21 10:50:00,7911.0,542997,7911.5,386840,15274,123535,-108261,156157,0.5
1900-01-21 10:50:15,7914.5,597940,7915.0,310224,57717,52042,5675,287716,0.5
1900-01-21 10:50:30,7914.5,622822,7915.0,110161,46419,26642,19777,512661,0.5
1900-01-21 10:50:45,7916.5,749136,7917.0,21326,300076,8646,291430,727810,0.5
1900-01-21 10:51:00,7920.0,813131,7920.5,19927,207589,31112,176477,793204,0.5
1900-01-21 10:51:15,7921.0,1173823,7921.5,251175,226217,20,226197,922648,0.5
1900-01-21 10:51:30,7926.5,983781,7927.0,118603,373723,20,373703,865178,0.5
1900-01-21 10:51:45,7926.5,378258,7927.0,1145982,245462,17241,228221,-767724,0.5
1900-01-21 10:52:00,7926.0,15898,7926.5,1543618,131414,215311,-83897,-1527720,0.5
1900-01-21 10:52:15,7922.5,719156,7923.0,428269,35255,10587,24668,290887,0.5
1900-01-21 10:52:30,7924.0,828040,7924.5,35309,68753,162,68591,792731,0.5
1900-01-21 10:52:45,7926.5,871691,7927.0,156572,108895,1400,107495,715119,0.5
1900-01-21 10:53:00,7927.0,1359201,7927.5,11014,53470,20080,33390,1348187,0.5
1900-01-21 10:53:15,7928.0,457422,7928.5,341971,42632,10266,32366,115451,0.5
1900-01-21 10:53:30,7929.0,318951,7929.5,686425,258659,770,257889,-367474,0.5
1900-01-21 10:53:45,7929.0,361772,7929.5,1049599,96919,24037,72882,-687827,0.5
1900-01-21 10:54:00,7929.5,904436,7930.0,82811,84361,27650,56711,821625,0.5
1900-01-21 10:54:15,7930.5,697435,7931.0,74612,83368,34726,48642,622823,0.5
1900-01-21 10:54:30,7931.0,855808,7931.5,724088,154885,1160,153725,131720,0.5
1900-01-21 10:54:45,7931.0,1078415,7931.5,681708,65806,610,65196,396707,0.5
1900-01-21 10:55:00,7931.0,52936,7931.5,1188426,58093,94039,-35946,-1135490,0.5
1900-01-21 10:55:15,7926.0,882384,7926.5,514161,36720,118733,-82013,368223,0.5
1900-01-21 10:55:30,7926.0,580275,7926.5,916875,1922,6566,-4644,-336600,0.5
1900-01-21 10:55:45,7926.0,1208955,7926.5,60319,22787,5317,17470,1148636,0.5
1900-01-21 10:56:00,7926.0,1476548,7926.5,2781,52088,142293,-90205,1473767,0.5
1900-01-21 10:56:15,7931.0,874829,7931.5,21874,79239,10774,68465,852955,0.5
1900-01-21 10:56:30,7932.5,598300,7933.0,27965,17164,31058,-13894,570335,0.5
1900-01-21 10:56:45,7936.5,560960,7937.0,490419,520461,12120,508341,70541,0.5
1900-01-21 10:57:00,7937.5,1070729,7938.0,457814,74313,14606,59707,612915,0.5
1900-01-21 10:57:15,7940.0,602024,7940.5,642497,273496,985,272511,-40473,0.5
1900-01-21 10:57:30,7940.0,480164,7940.5,990885,46692,53757,-7065,-510721,0.5
1900-01-21 10:57:45,7939.5,15591,7940.0,1312285,18536,30243,-11707,-1296694,0.5
1900-01-21 10:58:00,7939.5,581994,7940.0,343291,53362,15324,38038,238703,0.5
1900-01-21 10:58:15,7939.5,303586,7940.0,1082470,53362,10424,42938,-778884,0.5
1900-01-21 10:58:30,7939.5,62076,7940.0,964829,26092,42726,-16634,-902753,0.5
1900-01-21 10:58:45,7936.5,214896,7937.0,892960,8809,79593,-70784,-678064,0.5
1900-01-21 10:59:00,7933.5,503519,7934.0,507396,14010,156757,-142747,-3877,0.5
1900-01-21 10:59:15,7933.0,14277,7933.5,1575231,3660,129313,-125653,-1560954,0.5
1900-01-21 10:59:30,7926.0,571989,7926.5,994477,9622,229933,-220311,-422488,0.5
1900-01-21 10:59:45,7925.5,93780,7926.0,1024269,140,146406,-146266,-930489,0.5
1900-01-21 11:00:00,7925.5,365744,7926.0,793542,18672,77954,-59282,-427798,0.5
1900-01-21 11:00:15,7925.5,982437,7926.0,371401,68030,34596,33434,611036,0.5
1900-01-21 11:00:30,7925.5,1153311,7926.0,122380,314253,2312,311941,1030931,0.5
1900-01-21 11:00:45,7933.5,1123073,7934.0,445,223197,4096,219101,1122628,0.5
1900-01-21 11:01:00,7939.0,40833,7939.5,1240089,332072,18999,313073,-1199256,0.5
1900-01-21 11:01:15,7938.5,177329,7939.0,892591,47933,137142,-89209,-715262,0.5
1900-01-21 11:01:30,7939.5,496782,7940.0,40074,261230,54552,206678,456708,0.5
1900-01-21 11:01:45,7945.0,716428,7945.5,714155,567707,20063,547644,2273,0.5
1900-01-21 11:02:00,7945.0,610207,7945.5,1119731,25249,53001,-27752,-509524,0.5
1900-01-21 11:02:15,7945.0,406471,7945.5,1285331,5738,29990,-24252,-878860,0.5
1900-01-21 11:02:30,7943.5,651479,7944.0,511517,29856,32463,-2607,139962,0.5
1900-01-21 11:02:45,7951.5,129017,7952.0,432444,106160,42124,64036,-303427,0.5
1900-01-21 11:03:00,7973.0,7,7973.5,513188,1168569,286211,882358,-513181,0.5
1900-01-21 11:03:15,7935.0,20250,7935.5,13000,214920,1068272,-853352,7250,0.5
1900-01-21 11:03:30,7933.5,37107,7934.0,997694,156221,411769,-255548,-960587,0.5
1900-01-21 11:03:45,7925.5,121943,7926.0,1109593,21610,404403,-382793,-987650,0.5
1900-01-21 11:04:00,7921.0,71611,7921.5,36206,15892,421264,-405372,35405,0.5
1900-01-21 11:04:15,7910.0,119248,7910.5,19976,94556,855095,-760539,99272,0.5
1900-01-21 11:04:30,7902.5,1048811,7903.0,116037,731674,1798417,-1066743,932774,0.5
1900-01-21 11:04:45,7914.0,121927,7914.5,278423,876700,1009502,-132802,-156496,0.5
1900-01-21 11:05:00,7906.0,16966,7909.5,97336,171494,647990,-476496,-80370,3.5
1900-01-21 11:05:15,7891.5,46120,7892.0,12721,102126,1618509,-1516383,33399,0.5
1900-01-21 11:05:30,7890.5,17427,7891.0,19823,495874,124648,371226,-2396,0.5
1900-01-21 11:05:45,7893.5,29,7894.0,10448,612387,294076,318311,-10419,0.5
1900-01-21 11:06:00,7890.5,252752,7891.0,221280,300269,425349,-125080,31472,0.5
1900-01-21 11:06:15,7889.5,297947,7890.0,372263,349303,384304,-35001,-74316,0.5
1900-01-21 11:06:30,7872.0,39698,7872.5,128128,133217,931185,-797968,-88430,0.5
1900-01-21 11:06:45,7877.0,598715,7877.5,21480,296733,579749,-283016,577235,0.5
1900-01-21 11:07:00,7882.5,482496,7883.0,53157,1646932,229919,1417013,429339,0.5
1900-01-21 11:07:15,7894.0,91041,7895.5,13180,625975,268362,357613,77861,1.5
1900-01-21 11:07:30,7883.5,395,7884.0,228751,211282,70222,141060,-228356,0.5
1900-01-21 11:07:45,7881.0,301218,7881.5,276248,113750,112028,1722,24970,0.5
1900-01-21 11:08:00,7871.0,198622,7871.5,257354,59551,474964,-415413,-58732,0.5
1900-01-21 11:08:15,7869.5,5229,7870.0,645423,393582,568387,-174805,-640194,0.5
1900-01-21 11:08:30,7870.0,343207,7870.5,93640,229303,593278,-363975,249567,0.5
1900-01-21 11:08:45,7880.5,998150,7881.0,23,548182,26860,521322,998127,0.5
1900-01-21 11:09:00,7887.5,264242,7888.0,148904,241206,26364,214842,115338,0.5
1900-01-21 11:09:15,7888.5,325969,7889.0,585554,507293,13608,493685,-259585,0.5
1900-01-21 11:09:30,7889.0,199973,7889.5,516522,327089,59355,267734,-316549,0.5
1900-01-21 11:09:45,7883.5,554350,7884.0,267566,86323,168612,-82289,286784,0.5
1900-01-21 11:10:00,7888.0,489166,7888.5,218558,324748,77819,246929,270608,0.5
1900-01-21 11:10:15,7879.0,580374,7879.5,791154,59124,228491,-169367,-210780,0.5
1900-01-21 11:10:30,7888.0,428935,7888.5,211219,63639,57734,5905,217716,0.5
1900-01-21 11:10:45,7894.0,737585,7894.5,31208,136063,14238,121825,706377,0.5
1900-01-21 11:11:00,7894.0,429626,7894.5,1258575,36774,122886,-86112,-828949,0.5
1900-01-21 11:11:15,7886.0,317250,7886.5,693029,31000,223510,-192510,-375779,0.5
1900-01-21 11:11:30,7886.0,300334,7886.5,459697,136985,200562,-63577,-159363,0.5
1900-01-21 11:11:45,7886.5,617626,7887.0,135011,375196,88944,286252,482615,0.5
1900-01-21 11:12:00,7886.5,641679,7887.0,156822,83499,9236,74263,484857,0.5
1900-01-21 11:12:15,7892.5,775712,7893.0,4985,85509,2558,82951,770727,0.5
1900-01-21 11:12:30,7894.0,670570,7894.5,57411,199582,4366,195216,613159,0.5
1900-01-21 11:12:45,7910.0,747790,7910.5,551568,573478,548518,24960,196222,0.5
1900-01-21 11:13:00,7905.0,292974,7905.5,1004175,517628,72913,444715,-711201,0.5
1900-01-21 11:13:15,7905.0,95886,7905.5,1371085,9824,324245,-314421,-1275199,0.5
1900-01-21 11:13:30,7902.0,946708,7902.5,23326,23186,210400,-187214,923382,0.5
1900-01-21 11:13:45,7905.0,629006,7905.5,119145,206066,70426,135640,509861,0.5
1900-01-21 11:14:00,7909.5,723303,7910.0,45428,206251,89754,116497,677875,0.5
1900-01-21 11:14:15,7911.5,367955,7912.0,548235,358395,47300,311095,-180280,0.5
1900-01-21 11:14:30,7911.5,194111,7912.0,596759,147097,44215,102882,-402648,0.5
1900-01-21 11:14:45,7911.5,607702,7912.0,431300,39026,85679,-46653,176402,0.5
1900-01-21 11:15:00,7911.5,2436,7912.0,1273141,131844,49205,82639,-1270705,0.5
1900-01-21 11:15:15,7908.5,23388,7909.0,1397852,21280,342713,-321433,-1374464,0.5
1900-01-21 11:15:30,7901.5,186498,7902.0,1014476,1838,650006,-648168,-827978,0.5
1900-01-21 11:15:45,7899.5,454132,7900.0,902089,574,380170,-379596,-447957,0.5
1900-01-21 11:16:00,7899.5,20270,7900.0,1210909,338188,215612,122576,-1190639,0.5
1900-01-21 11:16:15,7899.5,740561,7900.0,164026,126259,257468,-131209,576535,0.5
1900-01-21 11:16:30,7893.5,17521,7894.0,1279226,22069,508347,-486278,-1261705,0.5
1900-01-21 11:16:45,7890.0,357957,7890.5,1160012,33656,345580,-311924,-802055,0.5
1900-01-21 11:17:00,7884.0,296023,7884.5,852600,37248,314928,-277680,-556577,0.5
1900-01-21 11:17:15,7889.0,87124,7889.5,624159,327872,124989,202883,-537035,0.5
1900-01-21 11:17:30,7887.5,44536,7888.0,358229,31362,215077,-183715,-313693,0.5
1900-01-21 11:17:45,7887.0,198435,7887.5,935517,200,116053,-115853,-737082,0.5
1900-01-21 11:18:00,7887.0,141676,7887.5,1212166,17162,61252,-44090,-1070490,0.5
1900-01-21 11:18:15,7890.0,238293,7890.5,775839,66598,323828,-257230,-537546,0.5
1900-01-21 11:18:30,7890.0,164545,7890.5,892303,67292,41010,26282,-727758,0.5
1900-01-21 11:18:45,7887.0,3972,7887.5,851201,23101,81216,-58115,-847229,0.5
1900-01-21 11:19:00,7884.0,102737,7884.5,897679,33222,89869,-56647,-794942,0.5
1900-01-21 11:19:15,7880.0,228151,7880.5,1176056,64159,487005,-422846,-947905,0.5
1900-01-21 11:19:30,7875.0,56120,7875.5,8999,208,413585,-413377,47121,0.5
1900-01-21 11:19:45,7878.0,322016,7878.5,357832,162085,68737,93348,-35816,0.5
1900-01-21 11:20:00,7878.5,82941,7879.0,1017275,141453,55298,86155,-934334,0.5
1900-01-21 11:20:15,7876.0,791403,7876.5,10659,89650,298593,-208943,780744,0.5
1900-01-21 11:20:30,7877.0,416567,7877.5,97524,62498,175227,-112729,319043,0.5
1900-01-21 11:20:45,7877.0,843105,7877.5,38281,22123,55428,-33305,804824,0.5
1900-01-21 11:21:00,7885.0,1055382,7885.5,2753,180965,13736,167229,1052629,0.5
1900-01-21 11:21:15,7889.5,271229,7890.0,864956,246109,128200,117909,-593727,0.5
1900-01-21 11:21:30,7889.5,62143,7890.0,1185404,123178,147394,-24216,-1123261,0.5
1900-01-21 11:21:45,7887.0,251596,7887.5,634366,22762,152963,-130201,-382770,0.5
1900-01-21 11:22:00,7887.0,29378,7887.5,1464015,89371,965846,-876475,-1434637,0.5
1900-01-21 11:22:15,7882.0,6706,7882.5,1019003,27356,71459,-44103,-1012297,0.5
1900-01-21 11:22:30,7880.0,428911,7880.5,229698,163503,23899,139604,199213,0.5
1900-01-21 11:22:45,7882.5,193438,7883.0,505337,318769,24377,294392,-311899,0.5
1900-01-21 11:23:00,7880.5,151268,7881.0,424612,24126,10610,13516,-273344,0.5
1900-01-21 11:23:15,7881.0,487837,7881.5,23387,137087,7070,130017,464450,0.5
1900-01-21 11:23:30,7882.0,563476,7882.5,4005,61076,25012,36064,559471,0.5
1900-01-21 11:23:45,7882.5,584051,7883.0,129950,367543,6200,361343,454101,0.5
1900-01-21 11:24:00,7886.5,870257,7887.0,73364,224916,13054,211862,796893,0.5
1900-01-21 11:24:15,7886.5,729754,7887.0,104315,37624,5474,32150,625439,0.5
1900-01-21 11:24:30,7886.5,974650,7887.0,34070,32488,9228,23260,940580,0.5
1900-01-21 11:24:45,7887.5,795625,7888.0,858303,178761,10400,168361,-62678,0.5
1900-01-21 11:25:00,7881.0,122528,7881.5,272816,83560,110115,-26555,-150288,0.5
1900-01-21 11:25:15,7880.0,483342,7880.5,654501,34327,104892,-70565,-171159,0.5
1900-01-21 11:25:30,7880.0,489527,7880.5,706012,11622,91548,-79926,-216485,0.5
1900-01-21 11:25:45,7876.0,328842,7876.5,197090,182686,392828,-210142,131752,0.5
1900-01-21 11:26:00,7871.5,57169,7872.0,434005,28129,199827,-171698,-376836,0.5
1900-01-21 11:26:15,7876.0,1065682,7876.5,86189,52037,7097,44940,979493,0.5
1900-01-21 11:26:30,7872.0,302323,7872.5,313544,108031,96824,11207,-11221,0.5
1900-01-21 11:26:45,7867.0,41895,7867.5,1642194,32820,417527,-384707,-1600299,0.5
1900-01-21 11:27:00,7868.5,20000,7869.0,25,287461,259107,28354,19975,0.5
1900-01-21 11:27:15,7877.5,756219,7878.0,4180,189933,5840,184093,752039,0.5
1900-01-21 11:27:30,7882.0,83178,7882.5,1933,144657,5840,138817,81245,0.5
1900-01-21 11:27:45,7884.5,17290,7885.0,1271667,403101,58483,344618,-1254377,0.5
1900-01-21 11:28:00,7880.0,300214,7880.5,28,821363,289106,532257,300186,0.5
1900-01-21 11:28:15,7884.0,863308,7884.5,144700,405793,154682,251111,718608,0.5
1900-01-21 11:28:30,7896.5,197164,7897.0,71958,1983538,3086,1980452,125206,0.5
1900-01-21 11:28:45,7896.5,1006984,7897.0,85579,247770,17642,230128,921405,0.5
1900-01-21 11:29:00,7901.5,410769,7902.0,83453,205705,55467,150238,327316,0.5
1900-01-21 11:29:15,7901.5,319533,7902.0,747314,214189,33942,180247,-427781,0.5
1900-01-21 11:29:30,7898.0,1068480,7898.5,198435,91164,277647,-186483,870045,0.5
1900-01-21 11:29:45,7901.5,972258,7902.0,138561,319668,29329,290339,833697,0.5
1900-01-21 11:30:00,7901.5,125795,7902.0,926899,118962,92679,26283,-801104,0.5
1900-01-21 11:30:15,7894.0,1352,7894.5,318907,20368,138914,-118546,-317555,0.5
1900-01-21 11:30:30,7892.0,428010,7892.5,4486,30996,132814,-101818,423524,0.5
1900-01-21 11:30:45,7898.0,1817196,7898.5,32395,60680,16930,43750,1784801,0.5
1900-01-21 11:31:00,7898.0,453087,7898.5,828369,76065,28224,47841,-375282,0.5
1900-01-21 11:31:15,7898.0,458986,7898.5,622811,13200,71541,-58341,-163825,0.5
1900-01-21 11:31:30,7898.0,1093807,7898.5,42373,127300,36550,90750,1051434,0.5
1900-01-21 11:31:45,7901.5,1397953,7902.0,27878,381752,6094,375658,1370075,0.5
1900-01-21 11:32:00,7905.0,1429519,7905.5,10032,121615,13140,108475,1419487,0.5
1900-01-21 11:32:15,7906.0,1181433,7906.5,117590,45924,2726,43198,1063843,0.5
1900-01-21 11:32:30,7907.0,1657715,7907.5,4016,37833,18672,19161,1653699,0.5
1900-01-21 11:32:45,7907.5,892630,7908.0,641653,98306,4044,94262,250977,0.5
1900-01-21 11:33:00,7907.5,871650,7908.0,828898,81269,18650,62619,42752,0.5
1900-01-21 11:33:15,7907.5,565062,7908.0,893462,30200,182076,-151876,-328400,0.5
1900-01-21 11:33:30,7907.5,428403,7908.0,1026326,634,90986,-90352,-597923,0.5
1900-01-21 11:33:45,7907.5,1002957,7908.0,509378,8800,17777,-8977,493579,0.5
1900-01-21 11:34:00,7907.5,628874,7908.0,830060,11712,1092,10620,-201186,0.5
1900-01-21 11:34:15,7907.5,1060833,7908.0,739416,51807,22038,29769,321417,0.5
1900-01-21 11:34:30,7901.5,401931,7902.0,428319,49282,233840,-184558,-26388,0.5
1900-01-21 11:34:45,7904.0,487379,7904.5,526153,1814,28524,-26710,-38774,0.5
1900-01-21 11:35:00,7903.0,98137,7903.5,561539,1399,197457,-196058,-463402,0.5
1900-01-21 11:35:15,7898.0,88791,7898.5,748864,4477,215428,-210951,-660073,0.5
1900-01-21 11:35:30,7895.0,61275,7895.5,613794,6000,221835,-215835,-552519,0.5
1900-01-21 11:35:45,7891.0,57369,7891.5,799721,12406,70062,-57656,-742352,0.5
1900-01-21 11:36:00,7888.0,977868,7888.5,709105,252627,200344,52283,268763,0.5
1900-01-21 11:36:15,7890.0,1177567,7890.5,2396,288487,206763,81724,1175171,0.5
1900-01-21 11:36:30,7893.5,1354876,7894.0,3537,17313,1062,16251,1351339,0.5
1900-01-21 11:36:45,7896.5,392358,7897.0,24003,48036,13000,35036,368355,0.5
1900-01-21 11:37:00,7899.5,831250,7900.0,96875,50186,48000,2186,734375,0.5
1900-01-21 11:37:15,7903.0,261679,7903.5,335025,44194,3556,40638,-73346,0.5
1900-01-21 11:37:30,7910.5,563198,7911.0,11431,312798,44832,267966,551767,0.5
1900-01-21 11:37:45,7910.0,265664,7910.5,833437,107467,340231,-232764,-567773,0.5
1900-01-21 11:38:00,7910.0,204019,7910.5,839980,17680,70777,-53097,-635961,0.5
1900-01-21 11:38:15,7906.5,75167,7907.0,651307,18277,302340,-284063,-576140,0.5
1900-01-21 11:38:30,7906.5,33558,7907.0,656661,82,256856,-256774,-623103,0.5
1900-01-21 11:38:45,7906.0,90260,7906.5,580175,2,27077,-27075,-489915,0.5
1900-01-21 11:39:00,7895.5,523659,7896.0,248530,64481,146375,-81894,275129,0.5
1900-01-21 11:39:15,7903.5,50361,7904.0,813205,91470,12761,78709,-762844,0.5
1900-01-21 11:39:30,7895.0,204215,7895.5,553610,16644,139506,-122862,-349395,0.5
1900-01-21 11:39:45,7895.0,184682,7895.5,469328,37786,46325,-8539,-284646,0.5
1900-01-21 11:40:00,7893.5,68180,7894.0,595937,536,78118,-77582,-527757,0.5
1900-01-21 11:40:15,7893.5,39717,7894.0,674799,12778,40403,-27625,-635082,0.5
1900-01-21 11:40:30,7893.5,476681,7894.0,876029,6078,9164,-3086,-399348,0.5
1900-01-21 11:40:45,7893.5,460409,7894.0,1024787,928,15259,-14331,-564378,0.5
1900-01-21 11:41:00,7885.0,64843,7885.5,426322,2502,621883,-619381,-361479,0.5
1900-01-21 11:41:15,7891.0,772368,7891.5,209695,218456,230327,-11871,562673,0.5
1900-01-21 11:41:30,7891.0,74952,7891.5,857495,15940,24944,-9004,-782543,0.5
1900-01-21 11:41:45,7887.5,246198,7888.0,741518,28506,196218,-167712,-495320,0.5
1900-01-21 11:42:00,7885.0,152,7885.5,769934,81889,315965,-234076,-769782,0.5
1900-01-21 11:42:15,7882.0,1047067,7882.5,66714,207174,28341,178833,980353,0.5
1900-01-21 11:42:30,7886.5,686878,7887.0,237116,159803,1402,158401,449762,0.5
1900-01-21 11:42:45,7889.5,431363,7890.0,4368,87194,1260,85934,426995,0.5
1900-01-21 11:43:00,7889.5,100783,7890.0,891891,96983,9580,87403,-791108,0.5
1900-01-21 11:43:15,7882.0,310205,7882.5,1040362,139829,186834,-47005,-730157,0.5
1900-01-21 11:43:30,7882.0,62441,7882.5,340221,6016,107466,-101450,-277780,0.5
1900-01-21 11:43:45,7880.0,524903,7880.5,352149,14995,168465,-153470,172754,0.5
1900-01-21 11:44:00,7888.0,145252,7888.5,3765,97437,10755,86682,141487,0.5
1900-01-21 11:44:15,7885.0,12769,7885.5,1132818,47039,23372,23667,-1120049,0.5
1900-01-21 11:44:30,7884.0,664087,7884.5,125218,34938,36496,-1558,538869,0.5
1900-01-21 11:44:45,7884.0,766361,7884.5,435316,49280,27542,21738,331045,0.5
1900-01-21 11:45:00,7884.0,674647,7884.5,396036,18663,134555,-115892,278611,0.5
1900-01-21 11:45:15,7885.5,928766,7886.0,68313,430739,61268,369471,860453,0.5
1900-01-21 11:45:30,7893.5,584873,7894.0,10743,257766,11864,245902,574130,0.5
1900-01-21 11:45:45,7888.5,248031,7889.0,248799,89994,85061,4933,-768,0.5
1900-01-21 11:46:00,7890.0,253338,7890.5,15,141175,18752,122423,253323,0.5
1900-01-21 11:46:15,7892.0,216342,7892.5,406381,20487,336070,-315583,-190039,0.5
1900-01-21 11:46:30,7893.0,726181,7893.5,3381,99736,16016,83720,722800,0.5
1900-01-21 11:46:45,7895.0,702813,7895.5,23869,15567,824,14743,678944,0.5
1900-01-21 11:47:00,7897.0,1091312,7897.5,23142,391778,7300,384478,1068170,0.5
1900-01-21 11:47:15,7897.5,1089238,7898.0,58170,36474,2716,33758,1031068,0.5
1900-01-21 11:47:30,7898.5,525001,7899.0,754298,60070,4906,55164,-229297,0.5
1900-01-21 11:47:45,7897.5,244,7898.0,1209126,42794,77521,-34727,-1208882,0.5
1900-01-21 11:48:00,7899.0,824029,7899.5,145181,369821,55511,314310,678848,0.5
1900-01-21 11:48:15,7904.0,372461,7904.5,789916,129055,10002,119053,-417455,0.5
1900-01-21 11:48:30,7904.0,191886,7904.5,884465,31822,29900,1922,-692579,0.5
1900-01-21 11:48:45,7904.0,411302,7904.5,896229,1800,38576,-36776,-484927,0.5
1900-01-21 11:49:00,7904.0,327733,7904.5,936377,12470,22788,-10318,-608644,0.5
1900-01-21 11:49:15,7898.5,26001,7899.0,739105,15002,278241,-263239,-713104,0.5
1900-01-21 11:49:30,7901.5,791844,7902.0,4134,80372,18844,61528,787710,0.5
1900-01-21 11:49:45,7903.0,9655,7903.5,1156648,135972,115476,20496,-1146993,0.5
1900-01-21 11:50:00,7897.0,99711,7897.5,869176,17064,51696,-34632,-769465,0.5
1900-01-21 11:50:15,7896.0,3028,7896.5,1068624,6779,95058,-88279,-1065596,0.5
1900-01-21 11:50:30,7890.5,3227,7891.5,1076593,2184,16640,-14456,-1073366,1.0
1900-01-21 11:50:45,7890.5,26904,7891.0,759739,13336,81389,-68053,-732835,0.5
1900-01-21 11:51:00,7893.5,977565,7894.0,36442,257214,34829,222385,941123,0.5
1900-01-21 11:51:15,7888.0,794565,7888.5,256931,54138,81211,-27073,537634,0.5
1900-01-21 11:51:30,7882.5,4163,7883.0,522716,26100,70906,-44806,-518553,0.5
1900-01-21 11:51:45,7878.5,761674,7879.0,106984,102808,430353,-327545,654690,0.5
1900-01-21 11:52:00,7875.0,454045,7875.5,715924,122329,18553,103776,-261879,0.5
1900-01-21 11:52:15,7884.5,8181,7885.0,471775,82204,95602,-13398,-463594,0.5
1900-01-21 11:52:30,7878.5,13035,7879.0,45653,76116,203864,-127748,-32618,0.5
1900-01-21 11:52:45,7879.0,256074,7879.5,1016965,105213,169910,-64697,-760891,0.5
1900-01-21 11:53:00,7872.5,515376,7873.0,703833,1990,38286,-36296,-188457,0.5
1900-01-21 11:53:15,7873.5,460035,7874.0,473960,223427,236040,-12613,-13925,0.5
1900-01-21 11:53:30,7869.0,86326,7869.5,804198,114842,504383,-389541,-717872,0.5
1900-01-21 11:53:45,7869.0,708062,7869.5,12719,93172,195560,-102388,695343,0.5
1900-01-21 11:54:00,7870.5,885073,7871.0,321012,198435,119428,79007,564061,0.5
1900-01-21 11:54:15,7870.5,728769,7871.0,269705,140781,16100,124681,459064,0.5
1900-01-21 11:54:30,7872.0,903137,7872.5,72076,310429,36115,274314,831061,0.5
1900-01-21 11:54:45,7870.0,155456,7870.5,768819,256016,323813,-67797,-613363,0.5
1900-01-21 11:55:00,7865.0,59086,7865.5,329084,54226,306897,-252671,-269998,0.5
1900-01-21 11:55:15,7855.0,816852,7855.5,107982,98226,2697502,-2599276,708870,0.5
1900-01-21 11:55:30,7864.0,301191,7864.5,1077466,436801,194538,242263,-776275,0.5
1900-01-21 11:55:45,7861.5,276811,7862.0,605549,105818,496778,-390960,-328738,0.5
1900-01-21 11:56:00,7860.5,389748,7861.0,601909,45160,331978,-286818,-212161,0.5
1900-01-21 11:56:15,7858.0,75343,7858.5,918436,59676,541153,-481477,-843093,0.5
1900-01-21 11:56:30,7862.0,71916,7862.5,410704,347736,247476,100260,-338788,0.5
1900-01-21 11:56:45,7862.0,100718,7862.5,1199343,53488,33964,19524,-1098625,0.5
1900-01-21 11:57:00,7856.0,55931,7856.5,889548,44844,897671,-852827,-833617,0.5
1900-01-21 11:57:15,7852.0,68755,7852.5,985003,29483,602122,-572639,-916248,0.5
1900-01-21 11:57:30,7848.5,93773,7849.0,2206,391212,1794341,-1403129,91567,0.5
1900-01-21 11:57:45,7854.0,56172,7854.5,568283,584588,267967,316621,-512111,0.5
1900-01-21 11:58:00,7859.0,1047156,7859.5,36499,363703,233363,130340,1010657,0.5
1900-01-21 11:58:15,7870.0,300088,7870.5,1151994,278377,44519,233858,-851906,0.5
1900-01-21 11:58:30,7875.0,257775,7875.5,471246,1040277,177694,862583,-213471,0.5
1900-01-21 11:58:45,7875.0,28976,7875.5,967152,55390,94842,-39452,-938176,0.5
1900-01-21 11:59:00,7870.5,125106,7871.0,662763,55054,493572,-438518,-537657,0.5
1900-01-21 11:59:15,7869.5,41253,7870.0,1085107,15014,51199,-36185,-1043854,0.5
1900-01-21 11:59:30,7865.0,521643,7865.5,396065,51177,174296,-123119,125578,0.5
1900-01-21 11:59:45,7867.0,730151,7867.5,19014,388503,122001,266502,711137,0.5
1900-01-21 12:00:00,7867.5,90042,7868.0,22176,114782,5604,109178,67866,0.5
1900-01-21 12:00:15,7869.5,473855,7870.0,115399,21848,1959,19889,358456,0.5
1900-01-21 12:00:30,7874.5,1316835,7875.0,30276,2987,8000,-5013,1286559,0.5
1900-01-21 12:00:45,7882.5,347263,7883.0,254683,611492,64647,546845,92580,0.5
1900-01-21 12:01:00,7878.5,503844,7879.0,265167,541937,239544,302393,238677,0.5
1900-01-21 12:01:15,7882.5,109596,7883.0,912869,78515,321918,-243403,-803273,0.5
1900-01-21 12:01:30,7887.0,405947,7887.5,35742,442219,144848,297371,370205,0.5
1900-01-21 12:01:45,7889.5,1160701,7890.0,79113,381390,74236,307154,1081588,0.5
1900-01-21 12:02:00,7909.5,1144771,7910.0,262043,965008,111533,853475,882728,0.5
1900-01-21 12:02:15,7922.0,11137,7924.5,160996,2961337,161649,2799688,-149859,2.5
1900-01-21 12:02:30,7932.5,8622,7933.5,181927,752323,506178,246145,-173305,1.0
1900-01-21 12:02:45,7916.0,64803,7916.5,41279,1298656,1487869,-189213,23524,0.5
1900-01-21 12:03:00,7922.5,1181517,7923.0,24294,563589,925433,-361844,1157223,0.5
1900-01-21 12:03:15,7929.0,567870,7929.5,139430,306228,206803,99425,428440,0.5
1900-01-21 12:03:30,7929.0,563665,7929.5,164603,618170,701935,-83765,399062,0.5
1900-01-21 12:03:45,7922.0,10942,7922.5,198562,224869,729313,-504444,-187620,0.5
1900-01-21 12:04:00,7920.0,19904,7920.5,1174788,296053,260189,35864,-1154884,0.5
1900-01-21 12:04:15,7915.0,81718,7915.5,8031,239570,370301,-130731,73687,0.5
1900-01-21 12:04:30,7912.5,24578,7913.0,724653,135801,657321,-521520,-700075,0.5
1900-01-21 12:04:45,7912.5,683239,7913.0,101929,232284,248961,-16677,581310,0.5
1900-01-21 12:05:00,7918.0,234188,7918.5,168708,165531,94001,71530,65480,0.5
1900-01-21 12:05:15,7926.5,13070,7927.0,1260787,254180,157892,96288,-1247717,0.5
1900-01-21 12:05:30,7924.5,16623,7925.0,1216357,103992,63653,40339,-1199734,0.5
1900-01-21 12:05:45,7916.0,137035,7916.5,291333,63636,550421,-486785,-154298,0.5
1900-01-21 12:06:00,7923.0,525183,7923.5,250674,389018,52440,336578,274509,0.5
1900-01-21 12:06:15,7913.5,28000,7914.0,1278388,37690,473930,-436240,-1250388,0.5
1900-01-21 12:06:30,7910.0,220954,7910.5,880204,3736,425708,-421972,-659250,0.5
1900-01-21 12:06:45,7917.0,979427,7917.5,119861,73132,126193,-53061,859566,0.5
1900-01-21 12:07:00,7906.5,4184,7907.0,62184,28138,231769,-203631,-58000,0.5
1900-01-21 12:07:15,7909.5,697536,7910.0,10250,65648,96684,-31036,687286,0.5
1900-01-21 12:07:30,7915.0,62937,7915.5,1020344,351243,39985,311258,-957407,0.5
1900-01-21 12:07:45,7909.5,246304,7910.0,1224350,63941,184659,-120718,-978046,0.5
1900-01-21 12:08:00,7909.5,166429,7910.0,758978,19444,160027,-140583,-592549,0.5
1900-01-21 12:08:15,7909.5,664449,7910.0,635441,9970,107570,-97600,29008,0.5
1900-01-21 12:08:30,7911.5,123627,7912.0,599158,304703,63580,241123,-475531,0.5
1900-01-21 12:08:45,7909.5,71845,7910.0,1219057,16214,384663,-368449,-1147212,0.5
1900-01-21 12:09:00,7909.5,112539,7910.0,1693373,10768,233489,-222721,-1580834,0.5
1900-01-21 12:09:15,7909.5,24600,7910.0,1196979,5844,67751,-61907,-1172379,0.5
1900-01-21 12:09:30,7905.0,115697,7905.5,786877,9809,335035,-325226,-671180,0.5
1900-01-21 12:09:45,7902.0,537965,7902.5,1331472,3192,134028,-130836,-793507,0.5
1900-01-21 12:10:00,7900.0,71569,7900.5,774887,7374,618990,-611616,-703318,0.5
1900-01-21 12:10:15,7896.5,172695,7897.0,1466867,2396,314832,-312436,-1294172,0.5
1900-01-21 12:10:30,7901.5,28734,7903.5,50850,276525,364616,-88091,-22116,2.0
1900-01-21 12:10:45,7903.0,581775,7903.5,1295402,243472,53237,190235,-713627,0.5
1900-01-21 12:11:00,7895.5,31395,7896.0,276211,118027,63748,54279,-244816,0.5
1900-01-21 12:11:15,7895.0,373075,7895.5,430819,19342,38924,-19582,-57744,0.5
1900-01-21 12:11:30,7895.0,1207771,7895.5,32890,27690,23653,4037,1174881,0.5
1900-01-21 12:11:45,7895.0,946457,7895.5,166612,32150,189092,-156942,779845,0.5
1900-01-21 12:12:00,7895.5,547095,7896.0,209418,19092,10200,8892,337677,0.5
1900-01-21 12:12:15,7892.0,360662,7892.5,696672,45076,56482,-11406,-336010,0.5
1900-01-21 12:12:30,7890.0,629193,7890.5,229185,27384,240378,-212994,400008,0.5
1900-01-21 12:12:45,7891.0,591153,7891.5,218994,164300,54476,109824,372159,0.5
1900-01-21 12:13:00,7891.0,868895,7891.5,70403,80006,431902,-351896,798492,0.5
1900-01-21 12:13:15,7891.5,501077,7892.0,209637,128143,216426,-88283,291440,0.5
1900-01-21 12:13:30,7889.5,21379,7890.0,395508,108491,643828,-535337,-374129,0.5
1900-01-21 12:13:45,7887.0,126703,7887.5,1095520,105159,536029,-430870,-968817,0.5
1900-01-21 12:14:00,7889.5,500430,7890.0,279597,370529,707757,-337228,220833,0.5
1900-01-21 12:14:15,7889.5,302880,7890.0,117766,56788,617874,-561086,185114,0.5
1900-01-21 12:14:30,7887.0,38180,7887.5,249175,65148,96189,-31041,-210995,0.5
1900-01-21 12:14:45,7881.0,249370,7881.5,527110,56237,136948,-80711,-277740,0.5
1900-01-21 12:15:00,7882.0,661603,7882.5,274127,250276,19352,230924,387476,0.5
1900-01-21 12:15:15,7876.0,33845,7876.5,405355,39998,411711,-371713,-371510,0.5
1900-01-21 12:15:30,7868.5,14431,7869.0,8346,96123,715148,-619025,6085,0.5
1900-01-21 12:15:45,7873.5,222794,7874.0,193967,205770,248288,-42518,28827,0.5
1900-01-21 12:16:00,7869.0,6880,7869.5,1009037,248620,415091,-166471,-1002157,0.5
1900-01-21 12:16:15,7877.0,69824,7877.5,353797,335506,106092,229414,-283973,0.5
1900-01-21 12:16:30,7865.5,285241,7866.0,149699,265227,311554,-46327,135542,0.5
1900-01-21 12:16:45,7875.5,375645,7876.0,366257,438968,201394,237574,9388,0.5
1900-01-21 12:17:00,7869.0,391424,7869.5,470121,54148,181201,-127053,-78697,0.5
1900-01-21 12:17:15,7871.0,437515,7871.5,49648,444595,225986,218609,387867,0.5
1900-01-21 12:17:30,7865.0,144268,7865.5,461962,213918,161712,52206,-317694,0.5
1900-01-21 12:17:45,7865.0,396321,7865.5,292929,98326,85008,13318,103392,0.5
1900-01-21 12:18:00,7866.5,243478,7867.0,426501,579042,18408,560634,-183023,0.5
1900-01-21 12:18:15,7860.5,120242,7861.5,50,31753,617758,-586005,120192,1.0
1900-01-21 12:18:30,7856.5,212986,7857.0,12737,314376,548608,-234232,200249,0.5
1900-01-21 12:18:45,7858.5,353556,7859.0,338084,535484,60256,475228,15472,0.5
1900-01-21 12:19:00,7860.0,1127548,7860.5,46793,423384,120252,303132,1080755,0.5
1900-01-21 12:19:15,7858.0,44181,7858.5,344332,591101,490579,100522,-300151,0.5
1900-01-21 12:19:30,7861.5,186632,7862.0,44,264707,128483,136224,186588,0.5
1900-01-21 12:19:45,7868.0,175569,7868.5,499210,594732,137286,457446,-323641,0.5
1900-01-21 12:20:00,7868.0,168849,7868.5,1078640,304738,47060,257678,-909791,0.5
1900-01-21 12:20:15,7867.5,378408,7868.0,111134,36571,122245,-85674,267274,0.5
1900-01-21 12:20:30,7866.0,198563,7866.5,278064,824950,219835,605115,-79501,0.5
1900-01-21 12:20:45,7866.0,329344,7866.5,225006,18929,216486,-197557,104338,0.5
1900-01-21 12:21:00,7868.5,531141,7869.0,375711,246912,39602,207310,155430,0.5
1900-01-21 12:21:15,7872.5,446156,7873.0,67486,469607,45452,424155,378670,0.5
1900-01-21 12:21:30,7881.5,123203,7882.0,33859,182933,2134,180799,89344,0.5
1900-01-21 12:21:45,7884.0,7019,7884.5,1356238,394260,392574,1686,-1349219,0.5
1900-01-21 12:22:00,7875.0,262093,7875.5,473727,147328,37647,109681,-211634,0.5
1900-01-21 12:22:15,7885.5,245868,7886.0,1302190,318620,89257,229363,-1056322,0.5
1900-01-21 12:22:30,7883.0,343217,7883.5,253409,63333,174165,-110832,89808,0.5
1900-01-21 12:22:45,7886.5,531385,7887.0,22481,115344,33904,81440,508904,0.5
1900-01-21 12:23:00,7883.0,13383,7883.5,150093,97967,160168,-62201,-136710,0.5
1900-01-21 12:23:15,7882.0,276114,7882.5,200786,50752,25344,25408,75328,0.5
1900-01-21 12:23:30,7882.0,494742,7882.5,348819,118882,7956,110926,145923,0.5
1900-01-21 12:23:45,7882.0,572528,7882.5,202446,45055,84060,-39005,370082,0.5
1900-01-21 12:24:00,7884.0,503783,7884.5,49388,94166,4000,90166,454395,0.5
1900-01-21 12:24:15,7885.5,60305,7886.0,1363230,72308,78426,-6118,-1302925,0.5
1900-01-21 12:24:30,7876.5,6375,7877.0,430544,9530,355558,-346028,-424169,0.5
1900-01-21 12:24:45,7871.5,49103,7872.0,528483,36813,219678,-182865,-479380,0.5
1900-01-21 12:25:00,7871.5,85883,7872.0,1424184,60584,93579,-32995,-1338301,0.5
1900-01-21 12:25:15,7870.0,170909,7870.5,999274,10219,186996,-176777,-828365,0.5
1900-01-21 12:25:30,7870.0,230651,7870.5,882499,34995,82012,-47017,-651848,0.5
1900-01-21 12:25:45,7876.0,190987,7876.5,478549,127139,45924,81215,-287562,0.5
1900-01-21 12:26:00,7870.0,65861,7870.5,1041918,176287,132764,43523,-976057,0.5
1900-01-21 12:26:15,7866.5,7159,7867.0,1691819,175413,113745,61668,-1684660,0.5
1900-01-21 12:26:30,7859.5,342,7860.0,49038,127133,291750,-164617,-48696,0.5
1900-01-21 12:26:45,7866.5,202537,7867.0,239261,293478,32336,261142,-36724,0.5
1900-01-21 12:27:00,7862.0,20186,7862.5,793061,120996,175913,-54917,-772875,0.5
1900-01-21 12:27:15,7862.5,388288,7863.0,121303,344963,16447,328516,266985,0.5
1900-01-21 12:27:30,7857.5,59658,7858.0,616345,68311,211554,-143243,-556687,0.5
1900-01-21 12:27:45,7857.5,436630,7858.0,435139,40093,69121,-29028,1491,0.5
1900-01-21 12:28:00,7860.5,511636,7861.0,297023,223935,29470,194465,214613,0.5
1900-01-21 12:28:15,7862.0,342678,7862.5,23818,55614,1056,54558,318860,0.5
1900-01-21 12:28:30,7862.5,707238,7863.0,319186,62603,1998,60605,388052,0.5
1900-01-21 12:28:45,7858.0,125780,7858.5,991574,61618,194211,-132593,-865794,0.5
1900-01-21 12:29:00,7858.0,357524,7858.5,747094,138938,47854,91084,-389570,0.5
1900-01-21 12:29:15,7852.5,174234,7853.0,539505,3932,231411,-227479,-365271,0.5
1900-01-21 12:29:30,7846.0,140959,7846.5,783983,102272,216204,-113932,-643024,0.5
1900-01-21 12:29:45,7840.0,824641,7841.0,7529,157643,1186958,-1029315,817112,1.0
1900-01-21 12:30:00,7852.0,139715,7852.5,59659,378753,948490,-569737,80056,0.5
1900-01-21 12:30:15,7845.0,36062,7845.5,1946378,282511,276712,5799,-1910316,0.5
1900-01-21 12:30:30,7850.5,38077,7851.0,400764,337936,258576,79360,-362687,0.5
1900-01-21 12:30:45,7850.5,50934,7851.0,969612,100520,56978,43542,-918678,0.5
1900-01-21 12:31:00,7857.5,659151,7858.0,63061,338233,209032,129201,596090,0.5
1900-01-21 12:31:15,7855.5,31563,7856.0,619804,378340,33050,345290,-588241,0.5
1900-01-21 12:31:30,7854.0,181972,7854.5,406964,169086,73657,95429,-224992,0.5
1900-01-21 12:31:45,7850.0,264362,7850.5,102348,33878,249019,-215141,162014,0.5
1900-01-21 12:32:00,7854.0,367749,7854.5,869328,321909,72805,249104,-501579,0.5
1900-01-21 12:32:15,7845.0,601365,7845.5,71719,67666,412894,-345228,529646,0.5
1900-01-21 12:32:30,7850.0,4825,7850.5,1057677,364224,161540,202684,-1052852,0.5
1900-01-21 12:32:45,7835.5,1183294,7836.0,551049,56004,1425367,-1369363,632245,0.5
1900-01-21 12:33:00,7838.0,464609,7838.5,6008,352037,1252206,-900169,458601,0.5
1900-01-21 12:33:15,7835.5,198992,7836.0,774156,160626,1227362,-1066736,-575164,0.5
1900-01-21 12:33:30,7825.0,6096,7825.5,176501,453414,1556012,-1102598,-170405,0.5
1900-01-21 12:33:45,7825.5,55000,7826.0,91884,686889,1010563,-323674,-36884,0.5
1900-01-21 12:34:00,7815.5,40064,7816.0,65476,339680,2666735,-2327055,-25412,0.5
1900-01-21 12:34:15,7811.5,82054,7812.0,183600,664449,3165352,-2500903,-101546,0.5
1900-01-21 12:34:30,7814.0,17005,7814.5,24330,1088213,999535,88678,-7325,0.5
1900-01-21 12:34:45,7821.0,137919,7821.5,95690,1079739,288048,791691,42229,0.5
1900-01-21 12:35:00,7827.5,411953,7828.0,279118,339966,281751,58215,132835,0.5
1900-01-21 12:35:15,7845.0,6746,7845.5,5198,910968,64562,846406,1548,0.5
1900-01-21 12:35:30,7843.5,149952,7844.0,824094,402975,745736,-342761,-674142,0.5
1900-01-21 12:35:45,7856.5,61210,7857.0,72065,1104519,343658,760861,-10855,0.5
1900-01-21 12:36:00,7852.5,4333,7853.0,20050,881139,144451,736688,-15717,0.5
1900-01-21 12:36:15,7856.0,581600,7856.5,20166,513596,510000,3596,561434,0.5
1900-01-21 12:36:30,7860.5,150679,7861.0,331728,235676,233852,1824,-181049,0.5
1900-01-21 12:36:45,7854.5,203098,7855.0,854401,136786,820090,-683304,-651303,0.5
1900-01-21 12:37:00,7845.5,662744,7846.0,102376,82481,1002023,-919542,560368,0.5
1900-01-21 12:37:15,7847.5,174889,7848.0,854563,168421,557085,-388664,-679674,0.5
1900-01-21 12:37:30,7849.5,776887,7850.0,487588,42537,43136,-599,289299,0.5
1900-01-21 12:37:45,7850.0,733770,7850.5,7012,242488,4596,237892,726758,0.5
1900-01-21 12:38:00,7851.5,815379,7852.0,35627,99495,13000,86495,779752,0.5
1900-01-21 12:38:15,7855.0,902649,7855.5,51274,115213,63460,51753,851375,0.5
1900-01-21 12:38:30,7857.0,101332,7857.5,933156,424245,51766,372479,-831824,0.5
1900-01-21 12:38:45,7857.0,384705,7857.5,553344,78372,215310,-136938,-168639,0.5
1900-01-21 12:39:00,7862.5,614022,7863.0,345537,1302714,17876,1284838,268485,0.5
1900-01-21 12:39:15,7862.5,193899,7863.0,1112733,368141,106180,261961,-918834,0.5
1900-01-21 12:39:30,7862.5,567782,7863.0,413945,43888,90778,-46890,153837,0.5
1900-01-21 12:39:45,7854.0,534261,7854.5,462062,41203,498249,-457046,72199,0.5
1900-01-21 12:40:00,7860.0,653050,7860.5,237,210336,166398,43938,652813,0.5
1900-01-21 12:40:15,7861.5,355500,7862.0,951455,41888,122070,-80182,-595955,0.5
1900-01-21 12:40:30,7861.5,277430,7862.0,962808,9853,32401,-22548,-685378,0.5
1900-01-21 12:40:45,7861.5,67531,7862.0,1173776,4626,46951,-42325,-1106245,0.5
1900-01-21 12:41:00,7858.0,18276,7858.5,746778,22232,441738,-419506,-728502,0.5
1900-01-21 12:41:15,7847.5,468698,7848.0,773577,52550,464935,-412385,-304879,0.5
1900-01-21 12:41:30,7846.5,595198,7847.0,283033,143863,108934,34929,312165,0.5
1900-01-21 12:41:45,7849.5,780886,7850.0,36157,252161,43896,208265,744729,0.5
1900-01-21 12:42:00,7852.0,496030,7852.5,217204,160557,10042,150515,278826,0.5
1900-01-21 12:42:15,7853.5,902241,7854.0,4732,109000,16896,92104,897509,0.5
1900-01-21 12:42:30,7854.5,31307,7855.0,1143940,70527,70163,364,-1112633,0.5
1900-01-21 12:42:45,7850.5,7636,7851.0,805509,194530,83083,111447,-797873,0.5
1900-01-21 12:43:00,7836.0,73149,7837.5,116261,120072,683243,-563171,-43112,1.5
1900-01-21 12:43:15,7841.5,873538,7842.0,10454,231023,83842,147181,863084,0.5
1900-01-21 12:43:30,7835.5,476515,7836.0,918581,217906,130073,87833,-442066,0.5
1900-01-21 12:43:45,7841.5,1042803,7842.0,120000,424875,109398,315477,922803,0.5
1900-01-21 12:44:00,7851.0,118126,7851.5,957271,122220,62719,59501,-839145,0.5
1900-01-21 12:44:15,7842.5,116285,7843.0,342202,26725,59799,-33074,-225917,0.5
1900-01-21 12:44:30,7842.5,821,7843.0,1174756,14310,92765,-78455,-1173935,0.5
1900-01-21 12:44:45,7837.0,352550,7837.5,336361,10900,643083,-632183,16189,0.5
1900-01-21 12:45:00,7837.5,100279,7838.0,1053025,146549,227400,-80851,-952746,0.5
1900-01-21 12:45:15,7820.0,67386,7820.5,142296,153072,384300,-231228,-74910,0.5
1900-01-21 12:45:30,7820.0,653586,7820.5,10667,59220,1213142,-1153922,642919,0.5
1900-01-21 12:45:45,7820.5,29299,7821.0,1228590,364412,148757,215655,-1199291,0.5
1900-01-21 12:46:00,7809.0,104288,7809.5,145231,120748,1273221,-1152473,-40943,0.5
1900-01-21 12:46:15,7811.5,616996,7812.0,148914,346351,609805,-263454,468082,0.5
1900-01-21 12:46:30,7807.5,30554,7808.0,118694,446785,1339549,-892764,-88140,0.5
1900-01-21 12:46:45,7785.0,119031,7785.5,17720,264513,4043564,-3779051,101311,0.5
1900-01-21 12:47:00,7782.0,39191,7782.5,16576,1570510,1474929,95581,22615,0.5
1900-01-21 12:47:15,7809.5,7200,7810.0,98096,1560690,632810,927880,-90896,0.5
1900-01-21 12:47:30,7810.5,872659,7815.0,15295,491237,178702,312535,857364,4.5
1900-01-21 12:47:45,7823.0,168229,7828.0,482072,1297431,214131,1083300,-313843,5.0
1900-01-21 12:48:00,7819.5,78704,7820.0,1556504,980600,160469,820131,-1477800,0.5
1900-01-21 12:48:15,7802.5,233892,7803.0,924314,177860,734468,-556608,-690422,0.5
1900-01-21 12:48:30,7813.0,171821,7813.5,20036,643710,441649,202061,151785,0.5
1900-01-21 12:48:45,7800.0,561747,7800.5,367960,362950,777689,-414739,193787,0.5
1900-01-21 12:49:00,7785.0,21846,7785.5,137,245832,421995,-176163,21709,0.5
1900-01-21 12:49:15,7788.0,55614,7788.5,101872,778554,573780,204774,-46258,0.5
1900-01-21 12:49:30,7793.0,730372,7793.5,765708,897166,167460,729706,-35336,0.5
1900-01-21 12:49:45,7806.5,181052,7807.0,55199,512327,120308,392019,125853,0.5
1900-01-21 12:50:00,7801.0,11169,7801.5,158804,72178,535114,-462936,-147635,0.5
1900-01-21 12:50:15,7784.5,13503,7785.0,55308,97134,441312,-344178,-41805,0.5
1900-01-21 12:50:30,7771.5,86895,7772.0,41150,171837,1212580,-1040743,45745,0.5
1900-01-21 12:50:45,7778.5,56697,7780.0,237100,1344059,3245168,-1901109,-180403,1.5
1900-01-21 12:51:00,7785.5,1013,7786.0,29051,532331,160453,371878,-28038,0.5
1900-01-21 12:51:15,7787.5,53745,7788.0,10894,406297,731242,-324945,42851,0.5
1900-01-21 12:51:30,7800.5,132629,7801.0,17303,417609,415438,2171,115326,0.5
1900-01-21 12:51:45,7781.0,8000,7781.5,106086,151161,418892,-267731,-98086,0.5
1900-01-21 12:52:00,7784.5,103951,7785.0,43994,172334,1082707,-910373,59957,0.5
1900-01-21 12:52:15,7778.0,162811,7778.5,288736,312565,667264,-354699,-125925,0.5
1900-01-21 12:52:30,7771.5,304084,7772.0,457435,302723,1490902,-1188179,-153351,0.5
1900-01-21 12:52:45,7759.5,2289,7760.5,18846,174685,2171700,-1997015,-16557,1.0
1900-01-21 12:53:00,7737.0,25919,7740.0,454936,63974,5337222,-5273248,-429017,3.0
1900-01-21 12:53:15,7722.0,610574,7723.0,112866,4759403,9695782,-4936379,497708,1.0
1900-01-21 12:53:30,7742.0,24435,7742.5,235937,6141103,2546722,3594381,-211502,0.5
1900-01-21 12:53:45,7748.0,433625,7748.5,30101,4698529,584485,4114044,403524,0.5
1900-01-21 12:54:00,7750.5,190128,7751.0,4744,1006938,766436,240502,185384,0.5
1900-01-21 12:54:15,7740.5,37006,7741.0,28069,881963,734527,147436,8937,0.5
1900-01-21 12:54:30,7736.5,7949,7738.0,3848,433392,2049050,-1615658,4101,1.5
1900-01-21 12:54:45,7718.0,197871,7718.5,37675,365655,926689,-561034,160196,0.5
1900-01-21 12:55:00,7710.0,142455,7712.0,3684,790521,2332585,-1542064,138771,2.0
1900-01-21 12:55:15,7680.0,264860,7683.0,24502,985156,5138109,-4152953,240358,3.0
1900-01-21 12:55:30,7679.0,20000,7683.0,17410,4681921,4316024,365897,2590,4.0
1900-01-21 12:55:45,7707.5,294576,7708.0,22174,2827196,2443008,384188,272402,0.5
1900-01-21 12:56:00,7717.0,343145,7717.5,143929,2802231,1490162,1312069,199216,0.5
1900-01-21 12:56:15,7729.5,197808,7730.0,111420,1903885,813187,1090698,86388,0.5
1900-01-21 12:56:30,7741.0,278635,7741.5,77820,2182620,230828,1951792,200815,0.5
1900-01-21 12:56:45,7722.0,57440,7722.5,442338,622548,1105004,-482456,-384898,0.5
1900-01-21 12:57:00,7728.0,148999,7738.0,6000,596800,662915,-66115,142999,10.0
1900-01-21 12:57:15,7725.5,364341,7726.0,57036,537239,418354,118885,307305,0.5
1900-01-21 12:57:30,7703.0,676234,7703.5,525006,311225,612395,-301170,151228,0.5
1900-01-21 12:57:45,7714.0,640040,7714.5,142332,474419,536423,-62004,497708,0.5
1900-01-21 12:58:00,7711.5,543558,7712.0,4654,335881,453529,-117648,538904,0.5
1900-01-21 12:58:15,7701.5,1020191,7702.0,26792,554916,472932,81984,993399,0.5
1900-01-21 12:58:30,7707.0,103546,7707.5,37892,326887,819219,-492332,65654,0.5
1900-01-21 12:58:45,7717.5,164295,7718.0,2001,769745,718468,51277,162294,0.5
1900-01-21 12:59:00,7727.0,300931,7730.0,1962,729311,129794,599517,298969,3.0
1900-01-21 12:59:15,7729.0,239720,7729.5,274823,1527402,652499,874903,-35103,0.5
1900-01-21 12:59:30,7727.5,541598,7728.0,141201,691430,227224,464206,400397,0.5
1900-01-21 12:59:45,7739.5,453444,7740.0,133071,861970,280630,581340,320373,0.5
1900-01-21 13:00:00,7743.0,85468,7743.5,327931,395461,45284,350177,-242463,0.5
1900-01-21 13:00:15,7743.0,702533,7743.5,950225,752006,1270332,-518326,-247692,0.5
1900-01-21 13:00:30,7749.5,253723,7750.0,107038,677841,384556,293285,146685,0.5
1900-01-21 13:00:45,7757.0,97418,7757.5,20691,2161808,135166,2026642,76727,0.5
1900-01-21 13:01:00,7764.0,12348,7764.5,5578,2443930,413152,2030778,6770,0.5
1900-01-21 13:01:15,7754.0,107205,7754.5,7105,392811,282555,110256,100100,0.5
1900-01-21 13:01:30,7759.5,4400,7760.0,12050,277286,330147,-52861,-7650,0.5
1900-01-21 13:01:45,7749.5,5000,7750.0,79878,1143440,902336,241104,-74878,0.5
1900-01-21 13:02:00,7741.0,489753,7741.5,208471,59620,872004,-812384,281282,0.5
1900-01-21 13:02:15,7741.0,296192,7741.5,675211,287133,441990,-154857,-379019,0.5
1900-01-21 13:02:30,7728.5,936565,7729.0,123707,72662,632903,-560241,812858,0.5
1900-01-21 13:02:45,7725.0,622112,7725.5,374128,65629,701035,-635406,247984,0.5
1900-01-21 13:03:00,7722.5,446547,7723.0,136744,442124,824267,-382143,309803,0.5
1900-01-21 13:03:15,7722.5,9407,7725.5,431127,668209,429745,238464,-421720,3.0
1900-01-21 13:03:30,7712.5,27939,7713.0,72150,80516,522361,-441845,-44211,0.5
1900-01-21 13:03:45,7694.5,1250,7695.0,40159,126364,1456597,-1330233,-38909,0.5
1900-01-21 13:04:00,7702.0,17442,7702.5,1510,357246,1173247,-816001,15932,0.5
1900-01-21 13:04:15,7707.5,364038,7708.0,129200,1065003,301068,763935,234838,0.5
1900-01-21 13:04:30,7717.0,192291,7717.5,24724,946821,162063,784758,167567,0.5
1900-01-21 13:04:45,7723.0,69255,7723.5,193102,724875,139466,585409,-123847,0.5
1900-01-21 13:05:00,7711.0,240193,7711.5,3393,121634,909722,-788088,236800,0.5
1900-01-21 13:05:15,7699.5,365938,7700.0,1985112,802409,636988,165421,-1619174,0.5
1900-01-21 13:05:30,7686.5,1886,7687.0,20950,1231636,3660321,-2428685,-19064,0.5
1900-01-21 13:05:45,7677.0,358734,7677.5,67374,222010,2496598,-2274588,291360,0.5
1900-01-21 13:06:00,7661.0,66847,7666.5,17291,3730802,849260,2881542,49556,5.5
1900-01-21 13:06:15,7680.5,11452,7681.0,129895,873783,944348,-70565,-118443,0.5
1900-01-21 13:06:30,7650.0,1772803,7652.5,54471,910081,1848756,-938675,1718332,2.5
1900-01-21 13:06:45,7625.5,233480,7645.5,26613,1063986,3741975,-2677989,206867,20.0
1900-01-21 13:07:00,7660.0,87921,7661.0,279821,2195627,1791309,404318,-191900,1.0
1900-01-21 13:07:15,7646.5,16101,7647.0,5042,3275176,2049105,1226071,11059,0.5
1900-01-21 13:07:30,7647.5,134896,7650.0,776481,2190553,3072435,-881882,-641585,2.5
1900-01-21 13:07:45,7637.0,68029,7637.5,5,5577153,794534,4782619,68024,0.5
1900-01-21 13:08:00,7634.0,108401,7634.5,287401,884805,969706,-84901,-179000,0.5
1900-01-21 13:08:15,7603.0,519331,7617.0,160482,920154,4810063,-3889909,358849,14.0
1900-01-21 13:08:30,7632.5,84000,7633.5,45156,1210313,1408501,-198188,38844,1.0
1900-01-21 13:08:45,7629.5,220809,7630.0,35523,1954025,1845789,108236,185286,0.5
1900-01-21 13:09:00,7632.0,660989,7632.5,3000,1587446,1190495,396951,657989,0.5
1900-01-21 13:09:15,7620.5,7619,7622.0,9384,568423,2513195,-1944772,-1765,1.5
1900-01-21 13:09:30,7589.0,480456,7599.5,9880,458337,1931536,-1473199,470576,10.5
1900-01-21 13:09:45,7588.5,58034,7589.0,102919,642520,5160665,-4518145,-44885,0.5
1900-01-21 13:10:00,7609.5,49892,7610.0,36202,1157693,1868776,-711083,13690,0.5
1900-01-21 13:10:15,7629.5,30099,7630.0,3193,2159712,561004,1598708,26906,0.5
1900-01-21 13:10:30,7635.5,235777,7636.0,190402,1671338,671283,1000055,45375,0.5
1900-01-21 13:10:45,7642.5,1606,7643.0,64945,1165979,585396,580583,-63339,0.5
1900-01-21 13:11:00,7666.0,6091,7671.0,11069,1189267,708784,480483,-4978,5.0
1900-01-21 13:11:15,7668.5,57288,7669.0,16840,1114903,333895,781008,40448,0.5
1900-01-21 13:11:30,7659.5,516151,7660.0,377178,390043,701024,-310981,138973,0.5
1900-01-21 13:11:45,7658.0,19345,7658.5,2305743,369526,687069,-317543,-2286398,0.5
1900-01-21 13:12:00,7655.0,149033,7658.0,21130,685285,590320,94965,127903,3.0
1900-01-21 13:12:15,7679.5,430449,7680.0,144135,534461,488417,46044,286314,0.5
1900-01-21 13:12:30,7667.0,52800,7667.5,19249,853372,433283,420089,33551,0.5
1900-01-21 13:12:45,7679.5,179583,7680.0,186640,2824091,243165,2580926,-7057,0.5
1900-01-21 13:13:00,7679.5,407896,7680.0,98761,428712,137796,290916,309135,0.5
1900-01-21 13:13:15,7679.5,4534,7680.0,783456,954246,672928,281318,-778922,0.5
1900-01-21 13:13:30,7664.0,223052,7664.5,267090,227182,499758,-272576,-44038,0.5
1900-01-21 13:13:45,7663.5,297230,7664.0,92087,390630,901571,-510941,205143,0.5
1900-01-21 13:14:00,7674.5,585600,7675.0,28711,300221,138131,162090,556889,0.5
1900-01-21 13:14:15,7679.0,659480,7679.5,24074,510933,81514,429419,635406,0.5
1900-01-21 13:14:30,7690.0,452094,7690.5,12999,1146955,244928,902027,439095,0.5
1900-01-21 13:14:45,7690.0,852868,7690.5,236815,1206490,610582,595908,616053,0.5
1900-01-21 13:15:00,7690.5,913094,7691.0,193646,844671,269446,575225,719448,0.5
1900-01-21 13:15:15,7695.0,70986,7695.5,2355,1271250,374223,897027,68631,0.5
1900-01-21 13:15:30,7707.5,91349,7708.0,220449,2713760,59182,2654578,-129100,0.5
1900-01-21 13:15:45,7706.0,265627,7706.5,677060,859373,1272104,-412731,-411433,0.5
1900-01-21 13:16:00,7689.0,18105,7689.5,45536,844759,638792,205967,-27431,0.5
1900-01-21 13:16:15,7683.5,57713,7684.0,3160,169036,1272620,-1103584,54553,0.5
1900-01-21 13:16:30,7691.5,11459,7692.0,806890,766950,316741,450209,-795431,0.5
1900-01-21 13:16:45,7677.0,12092,7677.5,249660,49911,303835,-253924,-237568,0.5
1900-01-21 13:17:00,7679.5,612520,7680.0,303931,470113,206961,263152,308589,0.5
1900-01-21 13:17:15,7675.0,273710,7676.0,792890,159755,1761148,-1601393,-519180,1.0
1900-01-21 13:17:30,7672.0,4949,7672.5,4201,134003,1211912,-1077909,748,0.5
1900-01-21 13:17:45,7669.5,1273233,7670.0,121999,61899,604596,-542697,1151234,0.5
1900-01-21 13:18:00,7686.0,1554909,7686.5,133108,692112,102993,589119,1421801,0.5
1900-01-21 13:18:15,7692.0,557702,7692.5,497302,547131,113826,433305,60400,0.5
1900-01-21 13:18:30,7688.0,3290,7688.5,99549,746356,542032,204324,-96259,0.5
1900-01-21 13:18:45,7684.0,524268,7684.5,335458,42545,646825,-604280,188810,0.5
1900-01-21 13:19:00,7669.5,95043,7670.0,63626,89860,327286,-237426,31417,0.5
1900-01-21 13:19:15,7676.0,1350765,7676.5,22000,332219,293782,38437,1328765,0.5
1900-01-21 13:19:30,7683.5,625970,7684.0,117651,187927,128014,59913,508319,0.5
1900-01-21 13:19:45,7689.0,28496,7689.5,2723,211619,292294,-80675,25773,0.5
1900-01-21 13:20:00,7692.0,682336,7692.5,28305,318374,95022,223352,654031,0.5
1900-01-21 13:20:15,7699.5,1006648,7700.0,1469105,424703,15020,409683,-462457,0.5
1900-01-21 13:20:30,7695.5,87241,7696.0,265656,670500,636994,33506,-178415,0.5
1900-01-21 13:21:45,7717.5,86895,7718.0,169754,589690,600634,-10944,-82859,0.5
1900-01-21 13:22:00,7710.0,169381,7710.5,415151,772148,487515,284633,-245770,0.5
1900-01-21 13:22:15,7713.5,339481,7714.0,1216317,483700,106440,377260,-876836,0.5
1900-01-21 13:22:30,7713.5,326577,7714.0,196320,698429,381621,316808,130257,0.5
1900-01-21 13:22:45,7718.0,411230,7718.5,220237,401300,261726,139574,190993,0.5
1900-01-21 13:23:00,7719.5,794989,7720.0,198455,1126738,96584,1030154,596534,0.5
1900-01-21 13:23:15,7717.0,22036,7717.5,36769,1105035,862321,242714,-14733,0.5
1900-01-21 13:23:30,7695.5,3500,7696.0,4200,87419,1635495,-1548076,-700,0.5
1900-01-21 13:23:45,7700.5,625517,7701.0,449598,810386,168563,641823,175919,0.5
1900-01-21 13:24:00,7694.5,14720,7695.0,771294,202545,225186,-22641,-756574,0.5
1900-01-21 13:24:15,7686.5,979385,7687.0,143908,74781,649334,-574553,835477,0.5
1900-01-21 13:24:30,7699.5,287438,7700.0,882669,521025,373102,147923,-595231,0.5
1900-01-21 13:24:45,7699.5,368759,7700.0,824907,504102,308617,195485,-456148,0.5
1900-01-21 13:25:00,7705.5,1124300,7706.0,19774,1274385,357241,917144,1104526,0.5
1900-01-21 13:25:15,7709.0,181298,7709.5,451648,688617,118598,570019,-270350,0.5
1900-01-21 13:25:30,7709.5,233088,7710.0,172534,569292,249203,320089,60554,0.5
1900-01-21 13:25:45,7716.0,426366,7716.5,725709,351992,489990,-137998,-299343,0.5
1900-01-21 13:26:00,7711.5,207238,7712.0,971329,325218,351908,-26690,-764091,0.5
1900-01-21 13:26:15,7707.5,372522,7708.0,58666,462853,128454,334399,313856,0.5
1900-01-21 13:26:30,7708.5,654015,7709.0,33174,353880,12946,340934,620841,0.5
1900-01-21 13:26:45,7711.5,655399,7712.0,49397,237625,123843,113782,606002,0.5
1900-01-21 13:27:00,7711.5,200616,7712.0,930593,90815,205107,-114292,-729977,0.5
1900-01-21 13:27:15,7700.5,1818,7701.0,331133,96139,388448,-292309,-329315,0.5
1900-01-21 13:27:30,7700.0,397183,7700.5,410017,51895,433618,-381723,-12834,0.5
1900-01-21 13:27:45,7700.0,527333,7700.5,216399,138877,227780,-88903,310934,0.5
1900-01-21 13:28:00,7707.0,307601,7707.5,555535,343501,93691,249810,-247934,0.5
1900-01-21 13:28:15,7700.0,22926,7700.5,976869,65994,299978,-233984,-953943,0.5
1900-01-21 13:28:30,7690.5,145041,7691.0,530868,60218,505208,-444990,-385827,0.5
1900-01-21 13:28:45,7693.0,61733,7693.5,856201,207892,625288,-417396,-794468,0.5
1900-01-21 13:29:00,7690.0,190743,7690.5,756241,99042,2163807,-2064765,-565498,0.5
1900-01-21 13:29:15,7684.0,52885,7684.5,1036667,60112,829337,-769225,-983782,0.5
1900-01-21 13:29:30,7697.5,111095,7698.0,35415,657229,90849,566380,75680,0.5
1900-01-21 13:29:45,7703.5,3003,7704.0,10000,181334,353876,-172542,-6997,0.5
1900-01-21 13:30:00,7701.0,250805,7701.5,211776,145942,497810,-351868,39029,0.5
1900-01-21 13:30:15,7701.0,678003,7701.5,1809,268216,226449,41767,676194,0.5
1900-01-21 13:30:30,7706.5,562966,7707.0,43427,751532,52690,698842,519539,0.5
1900-01-21 13:30:45,7706.5,648796,7707.0,330359,456572,30586,425986,318437,0.5
1900-01-21 13:31:00,7701.5,31072,7702.0,262909,252203,152905,99298,-231837,0.5
1900-01-21 13:31:15,7696.0,89401,7696.5,856480,51090,418674,-367584,-767079,0.5
1900-01-21 13:31:30,7698.0,668182,7698.5,14997,727867,233154,494713,653185,0.5
1900-01-21 13:31:45,7703.5,343239,7704.0,524057,50849,111843,-60994,-180818,0.5
1900-01-21 13:32:00,7703.5,312220,7704.0,674837,113256,130772,-17516,-362617,0.5
1900-01-21 13:32:15,7702.0,29626,7702.5,968245,70541,162719,-92178,-938619,0.5
1900-01-21 13:32:30,7696.0,423903,7696.5,600810,25950,293890,-267940,-176907,0.5
1900-01-21 13:32:45,7699.5,512288,7700.0,1099246,167706,88739,78967,-586958,0.5
1900-01-21 13:33:00,7699.5,1113508,7700.0,1547243,82010,33307,48703,-433735,0.5
1900-01-21 13:33:15,7696.0,74604,7696.5,201130,77220,680978,-603758,-126526,0.5
1900-01-21 13:33:30,7691.5,2886,7692.0,880818,6048,139099,-133051,-877932,0.5
1900-01-21 13:33:45,7691.0,618207,7691.5,192527,211733,103394,108339,425680,0.5
1900-01-21 13:34:00,7686.5,99299,7687.0,719499,493362,458259,35103,-620200,0.5
1900-01-21 13:34:15,7698.5,643677,7699.0,1037515,1392217,190604,1201613,-393838,0.5
1900-01-21 13:34:30,7698.5,682136,7699.0,585651,135471,478398,-342927,96485,0.5
1900-01-21 13:34:45,7698.5,646309,7699.0,1658232,46864,125274,-78410,-1011923,0.5
1900-01-21 13:35:00,7693.0,177329,7693.5,551190,14113,327046,-312933,-373861,0.5
1900-01-21 13:35:15,7690.0,7899,7690.5,1413543,15598,61741,-46143,-1405644,0.5
1900-01-21 13:35:30,7685.0,333809,7685.5,450581,183235,242167,-58932,-116772,0.5
1900-01-21 13:35:45,7685.0,721205,7685.5,306409,284931,90516,194415,414796,0.5
1900-01-21 13:36:00,7685.0,651625,7685.5,199045,302888,107147,195741,452580,0.5
1900-01-21 13:36:15,7685.5,603270,7686.0,275311,273992,3020,270972,327959,0.5
1900-01-21 13:36:30,7683.0,10752,7683.5,559660,83390,259426,-176036,-548908,0.5
1900-01-21 13:36:45,7669.0,26844,7670.0,11475,14030,525782,-511752,15369,1.0
1900-01-21 13:37:00,7673.0,398166,7673.5,199759,173242,381262,-208020,198407,0.5
1900-01-21 13:37:15,7673.0,265049,7673.5,852693,399080,212238,186842,-587644,0.5
1900-01-21 13:37:30,7671.0,45734,7671.5,1432111,140034,342171,-202137,-1386377,0.5
1900-01-21 13:37:45,7667.0,3546,7667.5,1021839,149914,257851,-107937,-1018293,0.5
1900-01-21 13:38:00,7659.5,8000,7660.0,103984,167697,688788,-521091,-95984,0.5
1900-01-21 13:38:15,7669.5,215,7670.0,102094,582771,209960,372811,-101879,0.5
1900-01-21 13:38:30,7670.5,766641,7671.0,229060,287693,530143,-242450,537581,0.5
1900-01-21 13:38:45,7672.0,221920,7672.5,915129,435867,471562,-35695,-693209,0.5
1900-01-21 13:39:00,7679.5,34354,7680.0,500372,341197,149302,191895,-466018,0.5
1900-01-21 13:39:15,7683.0,675981,7683.5,279471,815155,29606,785549,396510,0.5
1900-01-21 13:39:30,7694.5,164742,7695.0,27556,579871,35660,544211,137186,0.5
1900-01-21 13:39:45,7689.0,5633,7689.5,1118407,370424,182254,188170,-1112774,0.5
1900-01-21 13:40:00,7688.0,231372,7688.5,920882,47356,252979,-205623,-689510,0.5
1900-01-21 13:40:15,7688.0,283189,7688.5,945938,124718,171129,-46411,-662749,0.5
1900-01-21 13:40:30,7693.0,646185,7693.5,341369,484392,101145,383247,304816,0.5
1900-01-21 13:40:45,7697.0,1036617,7697.5,56089,353086,25470,327616,980528,0.5
1900-01-21 13:41:00,7705.5,20000,7706.5,63671,3252837,87746,3165091,-43671,1.0
1900-01-21 13:41:15,7707.0,94923,7707.5,537127,435032,88289,346743,-442204,0.5
1900-01-21 13:41:30,7707.0,1041229,7707.5,267062,244152,185833,58319,774167,0.5
1900-01-21 13:41:45,7706.0,1012827,7706.5,96403,257819,270462,-12643,916424,0.5
1900-01-21 13:42:00,7723.0,10070,7723.5,25573,567347,129776,437571,-15503,0.5
1900-01-21 13:42:15,7718.0,105183,7718.5,514436,961259,592682,368577,-409253,0.5
1900-01-21 13:42:30,7716.0,64028,7716.5,18127,372927,519406,-146479,45901,0.5
1900-01-21 13:42:45,7717.0,148203,7717.5,669692,404941,199622,205319,-521489,0.5
1900-01-21 13:43:00,7714.5,1023463,7715.0,21802,230328,188091,42237,1001661,0.5
1900-01-21 13:43:15,7717.0,991874,7717.5,89215,417391,150320,267071,902659,0.5
1900-01-21 13:43:30,7727.5,388110,7728.0,42150,246303,141640,104663,345960,0.5
1900-01-21 13:43:45,7732.0,2317798,7732.5,14189,1081266,64210,1017056,2303609,0.5
1900-01-21 13:44:00,7734.5,1116797,7735.0,526220,2992074,46940,2945134,590577,0.5
1900-01-21 13:44:15,7732.0,33267,7732.5,1186581,1285785,577825,707960,-1153314,0.5
1900-01-21 13:44:30,7730.0,924582,7730.5,144588,241538,3165586,-2924048,779994,0.5
1900-01-21 13:44:45,7737.5,1129564,7738.0,397399,746149,99379,646770,732165,0.5
1900-01-21 13:45:00,7742.0,26000,7742.5,108,388562,55406,333156,25892,0.5
1900-01-21 13:45:15,7748.5,89362,7749.0,19114,696670,327563,369107,70248,0.5
1900-01-21 13:45:30,7749.5,1728477,7750.0,722427,4543686,481053,4062633,1006050,0.5
1900-01-21 13:45:45,7743.5,187149,7744.0,539315,260454,654471,-394017,-352166,0.5
1900-01-21 13:46:00,7738.0,551163,7738.5,19401,182748,1396398,-1213650,531762,0.5
1900-01-21 13:46:15,7742.5,1458493,7743.0,269962,325745,219575,106170,1188531,0.5
1900-01-21 13:46:30,7739.0,581138,7739.5,468058,213460,656740,-443280,113080,0.5
1900-01-21 13:46:45,7742.0,2103517,7742.5,32239,134790,272036,-137246,2071278,0.5
1900-01-21 13:47:00,7748.5,238952,7749.0,667377,202606,73206,129400,-428425,0.5
1900-01-21 13:47:15,7748.5,279933,7749.0,599671,185018,180016,5002,-319738,0.5
1900-01-21 13:47:30,7741.5,71567,7742.0,676512,98222,369474,-271252,-604945,0.5
1900-01-21 13:47:45,7739.0,181895,7739.5,460451,121812,389784,-267972,-278556,0.5
1900-01-21 13:48:00,7737.0,403848,7737.5,448310,46704,450033,-403329,-44462,0.5
1900-01-21 13:48:15,7735.5,105712,7736.0,876833,24983,462277,-437294,-771121,0.5
1900-01-21 13:48:30,7739.5,879586,7740.0,55667,96924,144194,-47270,823919,0.5
1900-01-21 13:48:45,7737.0,38143,7737.5,533499,103653,449701,-346048,-495356,0.5
1900-01-21 13:49:00,7735.5,1263901,7736.0,85762,20072,56076,-36004,1178139,0.5
1900-01-21 13:49:15,7737.5,985201,7738.0,181303,91178,127170,-35992,803898,0.5
1900-01-21 13:49:30,7737.5,527867,7738.0,617196,181409,130322,51087,-89329,0.5
1900-01-21 13:49:45,7737.0,853019,7737.5,176275,15040,471492,-456452,676744,0.5
1900-01-21 13:50:00,7736.0,159847,7736.5,629466,70074,56991,13083,-469619,0.5
1900-01-21 13:50:15,7718.0,586953,7718.5,343202,13654,607010,-593356,243751,0.5
1900-01-21 13:50:30,7730.0,37888,7730.5,81710,450548,393793,56755,-43822,0.5
1900-01-21 13:50:45,7719.5,874,7720.0,88507,18429,287433,-269004,-87633,0.5
1900-01-21 13:51:00,7713.5,631408,7714.0,8689,92053,1185356,-1093303,622719,0.5
1900-01-21 13:51:15,7721.5,24634,7722.0,1010457,273447,183979,89468,-985823,0.5
1900-01-21 13:51:30,7711.5,109886,7712.0,147012,65174,370300,-305126,-37126,0.5
1900-01-21 13:51:45,7707.5,1149458,7708.0,400360,83418,383791,-300373,749098,0.5
1900-01-21 13:52:00,7719.5,467187,7720.0,260022,385621,209323,176298,207165,0.5
1900-01-21 13:52:15,7718.0,1529,7718.5,242058,176246,100049,76197,-240529,0.5
1900-01-21 13:52:30,7717.5,1463740,7718.0,163279,209735,129893,79842,1300461,0.5
1900-01-21 13:52:45,7717.0,1036914,7717.5,187732,27858,111541,-83683,849182,0.5
1900-01-21 13:53:00,7722.5,1286265,7723.0,202085,936535,69522,867013,1084180,0.5
1900-01-21 13:53:15,7726.0,1045348,7726.5,2,170432,33652,136780,1045346,0.5
1900-01-21 13:53:30,7729.5,806074,7730.0,52322,152536,186105,-33569,753752,0.5
1900-01-21 13:53:45,7733.5,1357492,7734.0,28782,151066,71166,79900,1328710,0.5
1900-01-21 13:54:00,7732.0,26336,7732.5,897134,107022,165013,-57991,-870798,0.5
1900-01-21 13:54:15,7726.0,1084117,7726.5,150169,107454,246965,-139511,933948,0.5
1900-01-21 13:54:30,7726.0,245407,7726.5,703494,154732,87222,67510,-458087,0.5
1900-01-21 13:54:45,7728.0,1485746,7728.5,51521,96612,28444,68168,1434225,0.5
1900-01-21 13:55:00,7734.5,483597,7735.0,10935,91462,88642,2820,472662,0.5
1900-01-21 13:55:15,7737.0,617511,7737.5,606397,261006,68400,192606,11114,0.5
1900-01-21 13:55:30,7737.0,662372,7737.5,469797,50157,73000,-22843,192575,0.5
1900-01-21 13:55:45,7737.0,1205560,7737.5,119178,297943,47484,250459,1086382,0.5
1900-01-21 13:56:00,7740.0,1834979,7740.5,42362,933133,28852,904281,1792617,0.5
1900-01-21 13:56:15,7749.5,609942,7750.0,490191,481795,309918,171877,119751,0.5
1900-01-21 13:56:30,7754.0,57756,7754.5,26200,604045,550321,53724,31556,0.5
1900-01-21 13:56:45,7757.0,130698,7757.5,6953,798751,841090,-42339,123745,0.5
1900-01-21 13:57:00,7744.5,185700,7745.0,58864,640515,341643,298872,126836,0.5
1900-01-21 13:57:15,7753.0,627245,7753.5,34885,189917,342549,-152632,592360,0.5
1900-01-21 13:57:30,7753.0,837579,7753.5,198868,203887,80533,123354,638711,0.5
1900-01-21 13:57:45,7750.0,300676,7750.5,341055,137917,144749,-6832,-40379,0.5
1900-01-21 13:58:00,7749.5,701904,7750.0,166588,102943,422978,-320035,535316,0.5
1900-01-21 13:58:15,7750.0,443124,7750.5,466732,160432,78777,81655,-23608,0.5
1900-01-21 13:58:30,7745.5,836071,7746.0,317186,62778,399832,-337054,518885,0.5
1900-01-21 13:58:45,7745.5,57863,7746.0,1028517,69624,59284,10340,-970654,0.5
1900-01-21 13:59:00,7745.0,815171,7745.5,473792,35499,70783,-35284,341379,0.5
1900-01-21 13:59:15,7745.0,66681,7745.5,962049,5828,215916,-210088,-895368,0.5
1900-01-21 13:59:30,7744.5,1158736,7745.0,161257,114946,110672,4274,997479,0.5
1900-01-21 13:59:45,7760.0,10917,7760.5,95137,841301,71270,770031,-84220,0.5
1900-01-21 14:00:00,7761.5,271476,7762.0,509130,761140,37247,723893,-237654,0.5
1900-01-21 14:00:15,7769.5,52901,7770.0,159288,1576933,268112,1308821,-106387,0.5
1900-01-21 14:00:30,7773.5,797476,7774.0,309337,1160497,63726,1096771,488139,0.5
1900-01-21 14:00:45,7769.0,10000,7769.5,477814,430858,581537,-150679,-467814,0.5
1900-01-21 14:01:00,7771.5,363755,7772.0,165653,844633,788590,56043,198102,0.5
1900-01-21 14:01:15,7769.5,58353,7770.0,476045,1002156,415106,587050,-417692,0.5
1900-01-21 14:01:30,7768.5,226079,7769.0,409768,287276,324954,-37678,-183689,0.5
1900-01-21 14:01:45,7761.0,75145,7761.5,282592,52594,149039,-96445,-207447,0.5
1900-01-21 14:02:00,7761.0,279552,7761.5,1032338,102133,1332178,-1230045,-752786,0.5
1900-01-21 14:02:15,7754.5,987560,7755.0,410556,74732,310295,-235563,577004,0.5
1900-01-21 14:02:30,7761.0,1020037,7761.5,361414,365124,189126,175998,658623,0.5
1900-01-21 14:02:45,7761.0,942108,7761.5,281678,199635,54361,145274,660430,0.5
1900-01-21 14:03:00,7761.0,744311,7761.5,35124,559793,208208,351585,709187,0.5
1900-01-21 14:03:15,7763.5,491413,7764.0,221130,108035,334679,-226644,270283,0.5
1900-01-21 14:03:30,7760.0,3463136,7760.5,1103284,590364,1292525,-702161,2359852,0.5
1900-01-21 14:03:45,7752.5,314177,7753.0,791427,52618,610503,-557885,-477250,0.5
1900-01-21 14:04:00,7750.5,1058923,7751.0,265160,383619,574130,-190511,793763,0.5
1900-01-21 14:04:15,7756.0,510470,7756.5,34250,126455,118540,7915,476220,0.5
1900-01-21 14:04:30,7756.0,912378,7756.5,4794,63908,32612,31296,907584,0.5
1900-01-21 14:04:45,7746.0,68307,7746.5,12631,114952,122824,-7872,55676,0.5
1900-01-21 14:05:00,7745.0,68405,7745.5,1267321,48465,1698184,-1649719,-1198916,0.5
1900-01-21 14:05:15,7736.5,187095,7737.0,454070,26158,847634,-821476,-266975,0.5
1900-01-21 14:05:30,7749.0,204013,7749.5,737891,454610,340038,114572,-533878,0.5
1900-01-21 14:05:45,7747.0,284909,7747.5,343,392058,208837,183221,284566,0.5
1900-01-21 14:06:00,7754.0,223539,7754.5,68305,424367,101335,323032,155234,0.5
1900-01-21 14:06:15,7755.5,224552,7756.0,1073914,166401,37096,129305,-849362,0.5
1900-01-21 14:06:30,7770.5,104955,7771.0,165044,297728,344529,-46801,-60089,0.5
1900-01-21 14:06:45,7755.0,815803,7755.5,200187,142003,675329,-533326,615616,0.5
1900-01-21 14:07:00,7768.5,888074,7769.0,787406,499279,98540,400739,100668,0.5
1900-01-21 14:07:15,7756.0,165327,7756.5,550092,240743,1125118,-884375,-384765,0.5
1900-01-21 14:07:30,7757.0,622067,7757.5,25,177033,8912,168121,622042,0.5
1900-01-21 14:07:45,7764.0,886622,7764.5,145693,273049,820,272229,740929,0.5
1900-01-21 14:08:00,7767.5,275730,7768.0,627853,266367,56264,210103,-352123,0.5
1900-01-21 14:08:15,7767.5,858579,7768.0,62018,138084,179823,-41739,796561,0.5
1900-01-21 14:08:30,7766.0,853775,7766.5,323896,124424,110004,14420,529879,0.5
1900-01-21 14:08:45,7766.0,850204,7766.5,100247,130352,115296,15056,749957,0.5
1900-01-21 14:09:00,7767.5,429000,7768.0,192061,376491,11643,364848,236939,0.5
1900-01-21 14:09:15,7767.5,1030284,7768.0,70631,105197,30600,74597,959653,0.5
1900-01-21 14:09:30,7768.5,601794,7769.0,102326,142446,197932,-55486,499468,0.5
1900-01-21 14:09:45,7769.5,1051979,7770.0,43199,182366,7000,175366,1008780,0.5
1900-01-21 14:10:00,7770.5,1419665,7771.0,69946,257972,6606,251366,1349719,0.5
1900-01-21 14:10:15,7788.5,50469,7789.0,270448,2197777,18762,2179015,-219979,0.5
1900-01-21 14:10:30,7777.0,40267,7779.5,8000,735523,369039,366484,32267,2.5
1900-01-21 14:10:45,7779.5,99144,7780.0,6979,368255,183502,184753,92165,0.5
1900-01-21 14:11:00,7783.0,3298,7783.5,20898,344010,100928,243082,-17600,0.5
1900-01-21 14:11:15,7783.0,806664,7783.5,23401,167432,253016,-85584,783263,0.5
1900-01-21 14:11:30,7785.5,16009,7786.0,147307,852064,140797,711267,-131298,0.5
1900-01-21 14:11:45,7787.0,689190,7787.5,276745,444521,192678,251843,412445,0.5
1900-01-21 14:12:00,7786.0,641892,7786.5,154045,248019,353553,-105534,487847,0.5
1900-01-21 14:12:15,7788.5,362116,7789.0,6889,160359,348500,-188141,355227,0.5
1900-01-21 14:12:30,7789.5,299151,7790.0,503640,741678,70357,671321,-204489,0.5
1900-01-21 14:12:45,7789.5,16632,7790.0,688633,334537,237319,97218,-672001,0.5
1900-01-21 14:13:00,7788.5,250907,7789.0,742141,53088,507747,-454659,-491234,0.5
1900-01-21 14:13:15,7787.0,100319,7787.5,383172,34335,1247932,-1213597,-282853,0.5
1900-01-21 14:13:30,7787.0,231221,7787.5,768110,138531,621475,-482944,-536889,0.5
1900-01-21 14:13:45,7786.0,457604,7786.5,1063732,30065,520897,-490832,-606128,0.5
1900-01-21 14:14:00,7783.5,11280,7784.0,1357217,5821,686608,-680787,-1345937,0.5
1900-01-21 14:14:15,7776.0,179200,7776.5,199758,16348,354858,-338510,-20558,0.5
1900-01-21 14:14:30,7789.5,307261,7790.0,983522,281414,215277,66137,-676261,0.5
1900-01-21 14:14:45,7781.5,61522,7782.0,730105,176632,195389,-18757,-668583,0.5
1900-01-21 14:15:00,7781.5,544597,7782.0,502822,62731,21624,41107,41775,0.5
1900-01-21 14:15:15,7788.5,120686,7789.0,22837,203117,15068,188049,97849,0.5
1900-01-21 14:15:30,7786.0,312054,7786.5,419850,160156,55774,104382,-107796,0.5
1900-01-21 14:15:45,7784.0,180619,7784.5,616001,46080,213974,-167894,-435382,0.5
1900-01-21 14:16:00,7781.5,1291142,7782.0,50485,42965,68829,-25864,1240657,0.5
1900-01-21 14:16:15,7780.5,46134,7781.0,25540,153190,303847,-150657,20594,0.5
1900-01-21 14:16:30,7776.0,114062,7776.5,754956,16278,608905,-592627,-640894,0.5
1900-01-21 14:16:45,7773.0,95537,7773.5,5763561,53278,616019,-562741,-5668024,0.5
1900-01-21 14:17:00,7769.0,147346,7769.5,1025677,18422,475208,-456786,-878331,0.5
1900-01-21 14:17:15,7769.5,242758,7770.0,807686,190372,633156,-442784,-564928,0.5
1900-01-21 14:17:30,7767.0,75927,7767.5,962700,190938,275813,-84875,-886773,0.5
1900-01-21 14:17:45,7766.0,747759,7766.5,332356,13262,171228,-157966,415403,0.5
1900-01-21 14:18:00,7766.0,976588,7766.5,660717,51503,113357,-61854,315871,0.5
1900-01-21 14:18:15,7766.0,28538,7766.5,1389279,20633,116231,-95598,-1360741,0.5
1900-01-21 14:18:30,7763.5,3111,7764.0,1217763,44144,120737,-76593,-1214652,0.5
1900-01-21 14:18:45,7760.5,548338,7761.0,533970,30462,624439,-593977,14368,0.5
1900-01-21 14:19:00,7763.5,1429884,7764.0,26337,321967,76318,245649,1403547,0.5
1900-01-21 14:19:15,7765.5,878866,7766.0,525687,435087,197194,237893,353179,0.5
1900-01-21 14:19:30,7768.0,1103317,7768.5,26982,55602,34941,20661,1076335,0.5
1900-01-21 14:19:45,7771.0,372809,7771.5,21366,302015,1710,300305,351443,0.5
1900-01-21 14:20:00,7778.0,84932,7778.5,9600,167205,14654,152551,75332,0.5
1900-01-21 14:20:15,7782.0,515672,7782.5,299752,375976,65808,310168,215920,0.5
1900-01-21 14:20:30,7781.5,3448,7782.0,1029873,121068,359732,-238664,-1026425,0.5
1900-01-21 14:20:45,7775.0,12918,7775.5,30047,121374,137401,-16027,-17129,0.5
1900-01-21 14:21:00,7778.0,204545,7778.5,638331,123812,30804,93008,-433786,0.5
1900-01-21 14:21:15,7778.0,348978,7778.5,671391,124234,131759,-7525,-322413,0.5
1900-01-21 14:21:30,7778.0,1062641,7778.5,26713,138802,25042,113760,1035928,0.5
1900-01-21 14:21:45,7778.5,1186234,7779.0,56342,58605,30918,27687,1129892,0.5
1900-01-21 14:22:00,7778.5,127319,7779.0,770165,60691,29282,31409,-642846,0.5
1900-01-21 14:22:15,7766.5,179116,7767.0,88885,121724,322232,-200508,90231,0.5
1900-01-21 14:22:30,7766.5,1679745,7767.0,41888,38863,197244,-158381,1637857,0.5
1900-01-21 14:22:45,7766.5,1190039,7767.0,198968,55111,100608,-45497,991071,0.5
1900-01-21 14:23:00,7765.0,4951,7765.5,703382,29584,138907,-109323,-698431,0.5
1900-01-21 14:23:15,7755.0,182661,7755.5,132087,27998,360203,-332205,50574,0.5
1900-01-21 14:23:30,7751.0,185353,7751.5,1075159,41447,752272,-710825,-889806,0.5
1900-01-21 14:23:45,7749.0,748893,7749.5,170152,60392,1051140,-990748,578741,0.5
1900-01-21 14:24:00,7749.5,622574,7750.0,314516,467050,291026,176024,308058,0.5
1900-01-21 14:24:15,7749.5,581382,7750.0,1875760,94835,179678,-84843,-1294378,0.5
1900-01-21 14:24:30,7736.5,53571,7737.0,179074,78877,1341702,-1262825,-125503,0.5
1900-01-21 14:24:45,7724.5,204228,7725.0,384481,45146,1026099,-980953,-180253,0.5
1900-01-21 14:25:00,7740.0,236823,7740.5,1000,1423841,520456,903385,235823,0.5
1900-01-21 14:25:15,7736.5,61237,7737.0,1256376,156776,233336,-76560,-1195139,0.5
1900-01-21 14:25:30,7738.0,174907,7738.5,1202,360039,357034,3005,173705,0.5
1900-01-21 14:25:45,7739.5,282991,7740.0,881716,257045,78099,178946,-598725,0.5
1900-01-21 14:26:00,7740.0,1439486,7740.5,1010155,135811,53394,82417,429331,0.5
1900-01-21 14:26:15,7740.0,930524,7740.5,634746,416262,443902,-27640,295778,0.5
1900-01-21 14:26:30,7740.0,109825,7740.5,1773240,212748,244089,-31341,-1663415,0.5
1900-01-21 14:26:45,7735.0,453042,7735.5,332181,10866,190424,-179558,120861,0.5
1900-01-21 14:27:00,7740.0,170115,7740.5,1366135,478307,97311,380996,-1196020,0.5
1900-01-21 14:27:15,7740.0,271499,7740.5,497122,10704,27036,-16332,-225623,0.5
1900-01-21 14:27:30,7740.0,1048303,7740.5,22653,95259,17398,77861,1025650,0.5
1900-01-21 14:27:45,7741.5,683950,7742.0,152006,63441,2298,61143,531944,0.5
1900-01-21 14:28:00,7748.0,395760,7748.5,33858,479471,20621,458850,361902,0.5
1900-01-21 14:28:15,7748.0,65523,7748.5,1051032,93346,348841,-255495,-985509,0.5
1900-01-21 14:28:30,7747.5,566078,7748.0,222940,28706,60873,-32167,343138,0.5
1900-01-21 14:28:45,7748.0,804256,7748.5,40611,82836,94180,-11344,763645,0.5
1900-01-21 14:29:00,7748.0,876917,7748.5,76846,37706,4576,33130,800071,0.5
1900-01-21 14:29:15,7749.5,723423,7750.0,19130,56906,22672,34234,704293,0.5
1900-01-21 14:29:30,7752.5,481173,7753.0,817297,675553,6916,668637,-336124,0.5
1900-01-21 14:29:45,7752.5,82599,7753.0,1068899,9999,39820,-29821,-986300,0.5
1900-01-21 14:30:00,7739.0,247664,7739.5,763953,60506,95222,-34716,-516289,0.5
1900-01-21 14:30:15,7735.5,142298,7736.0,1311180,36238,149666,-113428,-1168882,0.5
1900-01-21 14:30:30,7735.5,848945,7736.0,278730,127031,73482,53549,570215,0.5
1900-01-21 14:30:45,7738.0,407484,7738.5,54209,89665,62388,27277,353275,0.5
1900-01-21 14:31:00,7738.0,180500,7738.5,998539,228766,40233,188533,-818039,0.5
1900-01-21 14:31:15,7736.0,40414,7736.5,1290565,15348,279211,-263863,-1250151,0.5
1900-01-21 14:31:30,7724.5,88568,7725.0,77661,12906,270494,-257588,10907,0.5
1900-01-21 14:31:45,7734.0,667576,7734.5,14000,508375,144800,363575,653576,0.5
1900-01-21 14:32:00,7734.0,80789,7734.5,1236690,50290,20835,29455,-1155901,0.5
1900-01-21 14:32:15,7731.0,528608,7731.5,459986,12404,140982,-128578,68622,0.5
1900-01-21 14:32:30,7731.0,513890,7731.5,254388,154686,114324,40362,259502,0.5
1900-01-21 14:32:45,7731.0,357019,7731.5,1018783,16734,24034,-7300,-661764,0.5
1900-01-21 14:33:00,7726.0,42716,7726.5,556247,8914,169340,-160426,-513531,0.5
1900-01-21 14:33:15,7723.0,7287,7723.5,1176917,68315,253523,-185208,-1169630,0.5
1900-01-21 14:33:30,7720.0,64394,7720.5,1217646,61116,694847,-633731,-1153252,0.5
1900-01-21 14:33:45,7724.0,150155,7724.5,675474,252106,285220,-33114,-525319,0.5
1900-01-21 14:34:00,7719.5,21542,7720.0,567125,74355,797272,-722917,-545583,0.5
1900-01-21 14:34:15,7713.5,2109,7714.0,138724,29342,372183,-342841,-136615,0.5
1900-01-21 14:34:30,7711.0,613935,7711.5,118612,122770,352698,-229928,495323,0.5
1900-01-21 14:34:45,7720.5,142349,7721.0,1256706,722315,267857,454458,-1114357,0.5
1900-01-21 14:35:00,7712.5,47950,7713.0,39259,210245,59994,150251,8691,0.5
1900-01-21 14:35:15,7719.5,384599,7720.0,668729,184649,82939,101710,-284130,0.5
1900-01-21 14:35:30,7719.5,162980,7720.0,556798,85804,83378,2426,-393818,0.5
1900-01-21 14:35:45,7720.5,717768,7721.0,162596,613435,8542,604893,555172,0.5
1900-01-21 14:36:00,7727.0,423955,7727.5,40234,371676,122630,249046,383721,0.5
1900-01-21 14:36:15,7727.0,207416,7727.5,1041538,64390,124736,-60346,-834122,0.5
1900-01-21 14:36:30,7727.0,527038,7727.5,267734,235876,34969,200907,259304,0.5
1900-01-21 14:36:45,7726.5,14603,7727.0,1464117,59384,447848,-388464,-1449514,0.5
1900-01-21 14:37:00,7721.0,62960,7721.5,518635,27448,47044,-19596,-455675,0.5
1900-01-21 14:37:15,7721.0,85841,7721.5,1116488,100,327077,-326977,-1030647,0.5
1900-01-21 14:37:30,7719.0,32353,7719.5,1409015,24,120826,-120802,-1376662,0.5
1900-01-21 14:37:45,7717.0,64711,7717.5,709806,32702,474534,-441832,-645095,0.5
1900-01-21 14:38:00,7715.5,812986,7716.0,63221,234878,105542,129336,749765,0.5
1900-01-21 14:38:15,7722.5,292070,7723.0,12371,230752,36186,194566,279699,0.5
1900-01-21 14:38:30,7727.0,129761,7727.5,6428,76428,65596,10832,123333,0.5
1900-01-21 14:38:45,7720.5,470036,7721.0,154011,58103,185627,-127524,316025,0.5
1900-01-21 14:39:00,7728.5,1143198,7729.0,24949,248884,7746,241138,1118249,0.5
1900-01-21 14:39:15,7729.5,543933,7730.0,114731,260424,31852,228572,429202,0.5
1900-01-21 14:39:30,7733.5,476245,7734.0,399705,467397,18140,449257,76540,0.5
1900-01-21 14:39:45,7728.5,636132,7729.0,79270,158159,51198,106961,556862,0.5
1900-01-21 14:40:00,7730.5,770630,7731.0,18217,146338,39333,107005,752413,0.5
1900-01-21 14:40:15,7733.0,975025,7733.5,64326,65582,115022,-49440,910699,0.5
1900-01-21 14:40:30,7736.0,587555,7736.5,34651,145763,31236,114527,552904,0.5
1900-01-21 14:40:45,7737.5,844525,7738.0,106809,149280,128656,20624,737716,0.5
1900-01-21 14:41:00,7738.5,1028469,7739.0,61075,105344,29498,75846,967394,0.5
1900-01-21 14:41:15,7744.5,377715,7745.0,498593,305736,21644,284092,-120878,0.5
1900-01-21 14:41:30,7742.0,674388,7742.5,149864,97378,165545,-68167,524524,0.5
1900-01-21 14:41:45,7742.0,705035,7742.5,32577,109242,205328,-96086,672458,0.5
1900-01-21 14:42:00,7744.0,282501,7744.5,687707,120804,173601,-52797,-405206,0.5
1900-01-21 14:42:15,7740.0,848136,7740.5,121025,51031,268788,-217757,727111,0.5
1900-01-21 14:42:30,7740.5,874310,7741.0,137055,98295,245658,-147363,737255,0.5
1900-01-21 14:42:45,7740.5,674446,7741.0,56004,33388,52229,-18841,618442,0.5
1900-01-21 14:43:00,7744.0,381829,7744.5,248727,224866,198492,26374,133102,0.5
1900-01-21 14:43:15,7744.0,974898,7744.5,8359,54050,48760,5290,966539,0.5
1900-01-21 14:43:30,7744.5,1410111,7745.0,15946,110725,42500,68225,1394165,0.5
1900-01-21 14:43:45,7747.5,1445538,7748.0,95609,32099,7845,24254,1349929,0.5
1900-01-21 14:44:00,7748.0,2750181,7748.5,40671,127824,16654,111170,2709510,0.5
1900-01-21 14:44:15,7750.0,1080499,7750.5,6651,143925,34642,109283,1073848,0.5
1900-01-21 14:44:30,7751.5,1065692,7752.0,284,148545,16680,131865,1065408,0.5
1900-01-21 14:44:45,7754.5,1441770,7755.0,52907,238685,9984,228701,1388863,0.5
1900-01-21 14:45:00,7755.5,1574746,7756.0,55867,246164,8280,237884,1518879,0.5
1900-01-21 14:45:15,7759.5,589129,7760.0,201116,134327,4230,130097,388013,0.5
1900-01-21 14:45:30,7765.0,332658,7765.5,445191,685310,36546,648764,-112533,0.5
1900-01-21 14:45:45,7765.0,179567,7765.5,801865,183174,155200,27974,-622298,0.5
1900-01-21 14:46:00,7759.0,1192018,7759.5,196645,288474,251981,36493,995373,0.5
1900-01-21 14:46:15,7765.5,666957,7766.0,16134,202095,80747,121348,650823,0.5
1900-01-21 14:46:30,7767.0,751659,7767.5,37341,507386,71156,436230,714318,0.5
1900-01-21 14:46:45,7770.0,914334,7770.5,412229,124112,56649,67463,502105,0.5
1900-01-21 14:47:00,7771.5,829005,7772.0,353877,130765,59790,70975,475128,0.5
1900-01-21 14:47:15,7773.5,633709,7774.0,55651,213671,14472,199199,578058,0.5
1900-01-21 14:47:30,7774.0,1462310,7774.5,72956,467985,87606,380379,1389354,0.5
1900-01-21 14:47:45,7774.0,281987,7774.5,801648,52741,351364,-298623,-519661,0.5
1900-01-21 14:48:00,7774.0,1157450,7774.5,291660,63250,216809,-153559,865790,0.5
1900-01-21 14:48:15,7774.0,1046287,7774.5,48953,403265,331147,72118,997334,0.5
1900-01-21 14:48:30,7774.0,616262,7774.5,390543,96716,70312,26404,225719,0.5
1900-01-21 14:48:45,7776.5,886353,7777.0,101805,231874,223311,8563,784548,0.5
1900-01-21 14:49:00,7782.5,550014,7783.0,135479,1075595,27818,1047777,414535,0.5
1900-01-21 14:49:15,7786.5,85117,7787.0,655998,554315,112966,441349,-570881,0.5
1900-01-21 14:49:30,7783.0,193141,7783.5,953933,54298,297535,-243237,-760792,0.5
1900-01-21 14:49:45,7783.0,1284571,7783.5,35031,142792,147660,-4868,1249540,0.5
1900-01-21 14:50:00,7782.5,279268,7783.0,873417,71635,255359,-183724,-594149,0.5
1900-01-21 14:50:15,7782.5,414427,7783.0,649559,125682,50901,74781,-235132,0.5
1900-01-21 14:50:30,7782.5,1544720,7783.0,592122,22312,6832,15480,952598,0.5
1900-01-21 14:50:45,7787.0,1484333,7787.5,146039,115447,6402,109045,1338294,0.5
1900-01-21 14:51:00,7794.5,767607,7798.0,78780,628853,16122,612731,688827,3.5
1900-01-21 14:51:15,7798.0,256534,7798.5,512886,263075,94097,168978,-256352,0.5
1900-01-21 14:51:30,7789.5,158232,7790.0,195860,388941,611190,-222249,-37628,0.5
1900-01-21 14:51:45,7789.5,80588,7790.0,960019,92985,357046,-264061,-879431,0.5
1900-01-21 14:52:00,7780.0,128563,7780.5,411063,57412,526065,-468653,-282500,0.5
1900-01-21 14:52:15,7774.5,4266,7775.0,278170,73268,493967,-420699,-273904,0.5
1900-01-21 14:52:30,7774.5,1440497,7775.0,208814,62443,279144,-216701,1231683,0.5
1900-01-21 14:52:45,7776.5,1237596,7777.0,17979,145487,23284,122203,1219617,0.5
1900-01-21 14:53:00,7777.5,1360710,7778.0,81358,264302,14322,249980,1279352,0.5
1900-01-21 14:53:15,7772.0,265184,7772.5,357826,199315,158411,40904,-92642,0.5
1900-01-21 14:53:30,7783.0,27744,7783.5,1026920,76458,137231,-60773,-999176,0.5
1900-01-21 14:53:45,7782.5,1379336,7783.0,59337,57258,68058,-10800,1319999,0.5
1900-01-21 14:54:00,7787.5,679695,7788.0,33154,216730,16740,199990,646541,0.5
1900-01-21 14:54:15,7786.0,4211,7786.5,149296,157120,294912,-137792,-145085,0.5
1900-01-21 14:54:30,7783.5,1485702,7784.0,39125,44083,105173,-61090,1446577,0.5
1900-01-21 14:54:45,7789.5,468335,7790.0,604937,225458,9864,215594,-136602,0.5
1900-01-21 14:55:00,7789.5,700278,7790.0,262027,82302,326713,-244411,438251,0.5
1900-01-21 14:55:15,7789.5,219367,7790.0,620821,50754,80904,-30150,-401454,0.5
1900-01-21 14:55:30,7789.5,47229,7790.0,703033,185779,271367,-85588,-655804,0.5
1900-01-21 14:55:45,7787.0,1278129,7787.5,29856,56606,148830,-92224,1248273,0.5
1900-01-21 14:56:00,7787.5,1092165,7788.0,16894,57978,97332,-39354,1075271,0.5
1900-01-21 14:56:15,7787.5,106363,7788.0,880112,50820,22870,27950,-773749,0.5
1900-01-21 14:56:30,7787.5,782683,7788.0,173362,51244,20058,31186,609321,0.5
1900-01-21 14:56:45,7789.0,406190,7789.5,69596,66534,190406,-123872,336594,0.5
1900-01-21 14:57:00,7790.0,1324086,7790.5,73929,178021,32662,145359,1250157,0.5
1900-01-21 14:57:15,7797.5,1644001,7798.0,17555,358360,21782,336578,1626446,0.5
1900-01-21 14:57:30,7806.5,134324,7807.0,173048,1069659,61577,1008082,-38724,0.5
1900-01-21 14:57:45,7807.5,295572,7808.0,353228,443426,175858,267568,-57656,0.5
1900-01-21 14:58:00,7807.5,209838,7808.0,879205,143662,28122,115540,-669367,0.5
1900-01-21 14:58:15,7807.0,298307,7807.5,421556,107044,475992,-368948,-123249,0.5
1900-01-21 14:58:30,7809.5,1699038,7810.0,547836,804668,149798,654870,1151202,0.5
1900-01-21 14:58:45,7819.5,712675,7820.0,294542,1411509,60167,1351342,418133,0.5
1900-01-21 14:59:00,7818.5,1654496,7819.0,189583,647461,668443,-20982,1464913,0.5
1900-01-21 14:59:15,7825.5,62590,7826.0,7215,2883447,188235,2695212,55375,0.5
1900-01-21 14:59:30,7827.5,1211291,7828.0,93366,526620,79886,446734,1117925,0.5
1900-01-21 14:59:45,7827.0,45682,7827.5,1193012,321546,517474,-195928,-1147330,0.5
1900-01-21 15:00:00,7825.0,1381466,7825.5,444266,61895,877753,-815858,937200,0.5
1900-01-21 15:00:15,7808.0,94375,7808.5,55000,279754,2554135,-2274381,39375,0.5
1900-01-21 15:00:30,7808.0,14000,7808.5,4633,664606,2493048,-1828442,9367,0.5
1900-01-21 15:00:45,7813.0,625427,7813.5,284467,156816,189037,-32221,340960,0.5
1900-01-21 15:01:00,7813.0,1578513,7813.5,115549,309475,132691,176784,1462964,0.5
1900-01-21 15:01:15,7816.0,809744,7816.5,175994,323417,184303,139114,633750,0.5
1900-01-21 15:01:30,7808.5,1150,7809.0,143797,130653,641945,-511292,-142647,0.5
1900-01-21 15:01:45,7802.0,864021,7802.5,228279,40260,613368,-573108,635742,0.5
1900-01-21 15:02:00,7812.0,357510,7812.5,98246,428816,130680,298136,259264,0.5
1900-01-21 15:02:15,7812.5,1828882,7813.0,71230,179701,111140,68561,1757652,0.5
1900-01-21 15:02:30,7814.5,1244992,7815.0,93399,303643,105888,197755,1151593,0.5
1900-01-21 15:02:45,7814.5,174519,7815.0,463173,117156,53758,63398,-288654,0.5
1900-01-21 15:03:00,7812.0,178574,7812.5,598326,20188,257128,-236940,-419752,0.5
1900-01-21 15:03:15,7805.0,168736,7805.5,687682,45780,113089,-67309,-518946,0.5
1900-01-21 15:03:30,7802.0,530295,7802.5,569625,27736,237682,-209946,-39330,0.5
1900-01-21 15:03:45,7801.5,86185,7802.0,758623,95000,95041,-41,-672438,0.5
1900-01-21 15:04:00,7793.0,478141,7793.5,392335,69318,719962,-650644,85806,0.5
1900-01-21 15:04:15,7796.0,110961,7796.5,743694,134840,308687,-173847,-632733,0.5
1900-01-21 15:04:30,7796.0,1403109,7796.5,77953,66576,152055,-85479,1325156,0.5
1900-01-21 15:04:45,7796.0,831971,7796.5,310569,46283,79894,-33611,521402,0.5
1900-01-21 15:05:00,7796.0,804422,7796.5,324680,229828,85196,144632,479742,0.5
1900-01-21 15:05:15,7798.0,910713,7798.5,458820,72985,79175,-6190,451893,0.5
1900-01-21 15:05:30,7798.0,939203,7798.5,45250,176105,12990,163115,893953,0.5
1900-01-21 15:05:45,7801.0,1149552,7801.5,77896,120809,56266,64543,1071656,0.5
1900-01-21 15:06:00,7802.5,451751,7803.0,14605,23116,434898,-411782,437146,0.5
1900-01-21 15:06:15,7808.5,1234004,7809.0,4789,124644,131490,-6846,1229215,0.5
1900-01-21 15:06:30,7812.5,95114,7813.0,872315,394904,84871,310033,-777201,0.5
1900-01-21 15:06:45,7819.5,20000,7820.0,182181,332473,1634370,-1301897,-162181,0.5
1900-01-21 15:07:00,7820.5,233478,7821.0,449304,611380,256702,354678,-215826,0.5
1900-01-21 15:07:15,7810.5,1233900,7811.0,93046,58234,504139,-445905,1140854,0.5
1900-01-21 15:07:30,7816.5,421514,7817.0,516430,120377,23732,96645,-94916,0.5
1900-01-21 15:07:45,7810.5,40630,7811.0,348814,62996,211342,-148346,-308184,0.5
1900-01-21 15:08:00,7810.0,378392,7810.5,669653,66208,144534,-78326,-291261,0.5
1900-01-21 15:08:15,7810.0,766103,7810.5,618089,6444,97723,-91279,148014,0.5
1900-01-21 15:08:30,7810.0,492465,7810.5,505342,95436,138329,-42893,-12877,0.5
1900-01-21 15:08:45,7809.5,108734,7810.0,831254,48672,310491,-261819,-722520,0.5
1900-01-21 15:09:00,7801.0,750569,7801.5,318698,57788,252485,-194697,431871,0.5
1900-01-21 15:09:15,7809.5,236057,7810.0,457192,413693,88441,325252,-221135,0.5
1900-01-21 15:09:30,7805.5,77,7806.0,149564,135560,39327,96233,-149487,0.5
1900-01-21 15:09:45,7801.0,1136,7801.5,1032736,11320,87167,-75847,-1031600,0.5
1900-01-21 15:10:00,7797.5,708526,7798.0,375274,6398,97439,-91041,333252,0.5
1900-01-21 15:10:15,7797.5,3287,7798.0,1254610,109216,571701,-462485,-1251323,0.5
1900-01-21 15:10:30,7792.5,652267,7793.0,257401,91239,409690,-318451,394866,0.5
1900-01-21 15:10:45,7793.5,540510,7794.0,2864,107774,926022,-818248,537646,0.5
1900-01-21 15:11:00,7791.5,4105,7792.0,86000,78505,736620,-658115,-81895,0.5
1900-01-21 15:11:15,7786.0,409496,7786.5,426407,25298,599530,-574232,-16911,0.5
1900-01-21 15:11:30,7786.0,713716,7786.5,62022,234987,165917,69070,651694,0.5
1900-01-21 15:11:45,7789.5,82751,7790.0,996140,1286776,68949,1217827,-913389,0.5
1900-01-21 15:12:00,7786.0,881478,7786.5,112510,67756,171677,-103921,768968,0.5
1900-01-21 15:12:15,7786.0,895309,7786.5,273208,52016,135744,-83728,622101,0.5
1900-01-21 15:12:30,7786.0,1014125,7786.5,63628,80059,3100,76959,950497,0.5
1900-01-21 15:12:45,7788.5,841815,7789.0,103099,217939,2052,215887,738716,0.5
1900-01-21 15:13:00,7789.5,988927,7790.0,415978,95946,11032,84914,572949,0.5
1900-01-21 15:13:15,7789.5,1067569,7790.0,344158,101516,70,101446,723411,0.5
1900-01-21 15:13:30,7789.5,1090341,7790.0,249756,159199,6180,153019,840585,0.5
1900-01-21 15:13:45,7789.5,539558,7790.0,807403,41750,80,41670,-267845,0.5
1900-01-21 15:14:00,7786.0,3558,7786.5,1136908,18482,287279,-268797,-1133350,0.5
1900-01-21 15:14:15,7785.5,687312,7786.0,369014,17770,125865,-108095,318298,0.5
1900-01-21 15:14:30,7785.5,679832,7786.0,504683,34678,159601,-124923,175149,0.5
1900-01-21 15:14:45,7785.5,941356,7786.0,116235,42955,216696,-173741,825121,0.5
1900-01-21 15:15:00,7785.5,705020,7786.0,341695,68630,160672,-92042,363325,0.5
1900-01-21 15:15:15,7785.5,932733,7786.0,32346,33512,6193,27319,900387,0.5
1900-01-21 15:15:30,7785.5,685649,7786.0,307685,79098,67038,12060,377964,0.5
1900-01-21 15:15:45,7785.5,407934,7786.0,414703,12467,76121,-63654,-6769,0.5
1900-01-21 15:16:00,7785.5,552209,7786.0,384086,19463,79350,-59887,168123,0.5
1900-01-21 15:16:15,7785.0,960212,7785.5,679856,42632,247706,-205074,280356,0.5
1900-01-21 15:16:30,7785.0,963275,7785.5,699014,7630,58278,-50648,264261,0.5
1900-01-21 15:16:45,7765.0,5267,7765.5,89620,23174,487195,-464021,-84353,0.5
1900-01-21 15:17:00,7777.5,9000,7778.0,4650,227081,213955,13126,4350,0.5
1900-01-21 15:17:15,7770.0,50590,7770.5,651350,728375,216201,512174,-600760,0.5
1900-01-21 15:17:30,7772.5,300072,7773.0,47863,87927,85959,1968,252209,0.5
1900-01-21 15:17:45,7770.0,68569,7770.5,905354,33334,611218,-577884,-836785,0.5
1900-01-21 15:18:00,7767.0,877488,7767.5,205623,14540,338647,-324107,671865,0.5
1900-01-21 15:18:15,7767.0,497704,7767.5,550199,34337,550562,-516225,-52495,0.5
1900-01-21 15:18:30,7762.5,233683,7763.0,566760,26064,282996,-256932,-333077,0.5
1900-01-21 15:18:45,7764.0,214032,7764.5,710783,359730,98573,261157,-496751,0.5
1900-01-21 15:19:00,7764.0,866841,7764.5,60275,127328,146079,-18751,806566,0.5
1900-01-21 15:19:15,7762.0,24325,7762.5,1139293,50230,410030,-359800,-1114968,0.5
1900-01-21 15:19:30,7760.0,58621,7760.5,742774,18192,320163,-301971,-684153,0.5
1900-01-21 15:19:45,7758.0,257536,7758.5,413639,226046,252730,-26684,-156103,0.5
1900-01-21 15:20:00,7758.0,237235,7758.5,282361,240410,142087,98323,-45126,0.5
1900-01-21 15:20:15,7772.5,525590,7773.0,237451,327482,168467,159015,288139,0.5
1900-01-21 15:20:30,7776.5,1099268,7777.0,98843,335481,44934,290547,1000425,0.5
1900-01-21 15:20:45,7777.5,217940,7778.0,1321294,301444,72818,228626,-1103354,0.5
1900-01-21 15:21:00,7777.5,99695,7778.0,1007368,763387,119869,643518,-907673,0.5
1900-01-21 15:21:15,7778.5,1073840,7779.0,19308,211413,102487,108926,1054532,0.5
1900-01-21 15:21:30,7782.5,935470,7783.0,38053,230883,123118,107765,897417,0.5
1900-01-21 15:21:45,7782.5,527456,7783.0,406778,125103,36084,89019,120678,0.5
1900-01-21 15:22:00,7784.5,1550257,7785.0,68258,577737,29424,548313,1481999,0.5
1900-01-21 15:22:15,7785.5,1554415,7786.0,108464,82331,208547,-126216,1445951,0.5
1900-01-21 15:22:30,7788.0,1616546,7788.5,30969,419632,31676,387956,1585577,0.5
1900-01-21 15:22:45,7790.5,53269,7791.0,16693,195514,24216,171298,36576,0.5
1900-01-21 15:23:00,7797.0,31499,7797.5,19247,88876,14164,74712,12252,0.5
1900-01-21 15:23:15,7795.0,135536,7795.5,634777,428757,253533,175224,-499241,0.5
1900-01-21 15:23:30,7793.5,1095558,7794.0,176906,95574,73166,22408,918652,0.5
1900-01-21 15:23:45,7795.5,452781,7796.0,5504,173286,150710,22576,447277,0.5
1900-01-21 15:24:00,7797.5,1204214,7798.0,98377,120637,21404,99233,1105837,0.5
1900-01-21 15:24:15,7797.5,1634908,7798.0,33098,72770,100,72670,1601810,0.5
1900-01-21 15:24:30,7806.0,1730343,7806.5,900,76405,43884,32521,1729443,0.5
1900-01-21 15:24:45,7798.0,186692,7798.5,883012,150542,73864,76678,-696320,0.5
1900-01-21 15:25:00,7796.0,198846,7796.5,844552,43710,168652,-124942,-645706,0.5
1900-01-21 15:25:15,7796.0,265466,7796.5,592687,36431,417318,-380887,-327221,0.5
1900-01-21 15:25:30,7807.0,22104,7807.5,1069889,182713,111796,70917,-1047785,0.5
1900-01-21 15:25:45,7799.5,72400,7800.0,151508,102068,250738,-148670,-79108,0.5
1900-01-21 15:26:00,7800.0,1115998,7800.5,84342,165411,182436,-17025,1031656,0.5
1900-01-21 15:26:15,7806.0,520716,7806.5,799933,67761,85033,-17272,-279217,0.5
1900-01-21 15:26:30,7806.0,993148,7806.5,248064,65376,23344,42032,745084,0.5
1900-01-21 15:26:45,7806.0,176357,7806.5,1108381,41242,113218,-71976,-932024,0.5
1900-01-21 15:27:00,7802.5,440482,7803.0,382101,1734,142037,-140303,58381,0.5
1900-01-21 15:27:15,7799.0,5900,7799.5,432597,24900,96748,-71848,-426697,0.5
1900-01-21 15:27:30,7795.5,177520,7796.0,674949,9378,69061,-59683,-497429,0.5
1900-01-21 15:27:45,7793.0,303541,7793.5,744160,11500,777970,-766470,-440619,0.5
1900-01-21 15:28:00,7793.0,1242951,7793.5,207182,263717,273102,-9385,1035769,0.5
1900-01-21 15:28:15,7793.0,1037946,7793.5,343429,66879,21320,45559,694517,0.5
1900-01-21 15:28:30,7793.0,515792,7793.5,400695,9686,57940,-48254,115097,0.5
1900-01-21 15:28:45,7793.0,658684,7793.5,433908,4528,63180,-58652,224776,0.5
1900-01-21 15:29:00,7793.0,870262,7793.5,252339,25716,20010,5706,617923,0.5
1900-01-21 15:29:15,7793.0,902452,7793.5,293808,16654,77842,-61188,608644,0.5
1900-01-21 15:29:30,7793.0,1092225,7793.5,33884,125412,80010,45402,1058341,0.5
1900-01-21 15:29:45,7793.5,737382,7794.0,331838,36961,3618,33343,405544,0.5
1900-01-21 15:30:00,7791.5,3339,7792.0,1711742,59138,210566,-151428,-1708403,0.5
1900-01-21 15:30:15,7782.0,17434,7782.5,1752732,11435,201650,-190215,-1735298,0.5
1900-01-21 15:30:30,7779.0,465630,7779.5,357630,46720,415103,-368383,108000,0.5
1900-01-21 15:30:45,7779.0,764354,7779.5,356254,94668,66584,28084,408100,0.5
1900-01-21 15:31:00,7779.0,105175,7779.5,1605469,60040,173974,-113934,-1500294,0.5
1900-01-21 15:31:15,7774.5,14173,7775.0,199613,22094,88966,-66872,-185440,0.5
1900-01-21 15:31:30,7772.5,1189652,7773.0,197160,25617,70100,-44483,992492,0.5
1900-01-21 15:31:45,7778.0,532469,7778.5,314591,276266,37624,238642,217878,0.5
1900-01-21 15:32:00,7778.0,631609,7778.5,194315,345348,77131,268217,437294,0.5
1900-01-21 15:32:15,7778.0,258590,7778.5,958193,72384,21016,51368,-699603,0.5
1900-01-21 15:32:30,7773.0,7950,7773.5,869606,3260,244762,-241502,-861656,0.5
1900-01-21 15:32:45,7770.5,12321,7771.0,1392570,124687,380613,-255926,-1380249,0.5
1900-01-21 15:33:00,7768.0,647021,7768.5,392539,24504,350611,-326107,254482,0.5
1900-01-21 15:33:15,7768.0,683541,7768.5,445523,273553,138688,134865,238018,0.5
1900-01-21 15:33:30,7768.0,942146,7768.5,278402,13283,59489,-46206,663744,0.5
1900-01-21 15:33:45,7771.5,659788,7772.0,291124,649803,88366,561437,368664,0.5
1900-01-21 15:34:00,7771.5,981958,7772.0,65379,344550,10630,333920,916579,0.5
1900-01-21 15:34:15,7772.0,1157963,7772.5,6974,48856,23500,25356,1150989,0.5
1900-01-21 15:34:30,7776.5,1121747,7777.0,30255,41849,7242,34607,1091492,0.5
1900-01-21 15:34:45,7779.5,1112399,7780.0,407794,362364,20122,342242,704605,0.5
1900-01-21 15:35:00,7779.5,904238,7780.0,741537,55800,735,55065,162701,0.5
1900-01-21 15:35:15,7779.5,727928,7780.0,1998380,180352,120611,59741,-1270452,0.5
1900-01-21 15:35:30,7779.0,2103,7779.5,1180699,4176,211334,-207158,-1178596,0.5
1900-01-21 15:35:45,7773.0,901229,7773.5,339215,8289,349682,-341393,562014,0.5
1900-01-21 15:36:00,7774.5,378043,7775.0,500,46098,32142,13956,377543,0.5
1900-01-21 15:36:15,7783.0,601034,7783.5,1274071,163607,4078,159529,-673037,0.5
1900-01-21 15:36:30,7783.5,669407,7784.0,2171497,229936,117116,112820,-1502090,0.5
1900-01-21 15:36:45,7783.5,981123,7784.0,1419708,2660,20572,-17912,-438585,0.5
1900-01-21 15:37:00,7787.0,157501,7787.5,18126,76759,1017,75742,139375,0.5
1900-01-21 15:37:15,7787.0,709631,7787.5,754437,128324,24102,104222,-44806,0.5
1900-01-21 15:37:30,7787.0,1068924,7787.5,1501727,141029,36000,105029,-432803,0.5
1900-01-21 15:37:45,7787.0,1077169,7787.5,85132,65756,6404,59352,992037,0.5
1900-01-21 15:38:00,7787.0,904155,7787.5,1939430,28102,16146,11956,-1035275,0.5
1900-01-21 15:38:15,7787.0,310348,7787.5,1924669,251582,290542,-38960,-1614321,0.5
1900-01-21 15:38:30,7787.0,30556,7787.5,1945975,4440,154681,-150241,-1915419,0.5
1900-01-21 15:38:45,7784.0,349964,7784.5,776276,26692,71570,-44878,-426312,0.5
1900-01-21 15:39:00,7781.0,75538,7781.5,237778,6008,183064,-177056,-162240,0.5
1900-01-21 15:39:15,7780.0,861576,7780.5,559400,4082,35519,-31437,302176,0.5
1900-01-21 15:39:30,7778.5,322952,7779.0,792883,6680,94233,-87553,-469931,0.5
1900-01-21 15:39:45,7778.5,283563,7779.0,739861,20320,82225,-61905,-456298,0.5
1900-01-21 15:40:00,7778.5,976023,7779.0,558322,3152,65139,-61987,417701,0.5
1900-01-21 15:40:15,7778.5,1132762,7779.0,79000,154399,7854,146545,1053762,0.5
1900-01-21 15:40:30,7778.0,574351,7778.5,748698,41987,21088,20899,-174347,0.5
1900-01-21 15:40:45,7778.0,10112,7778.5,945831,4464,60833,-56369,-935719,0.5
1900-01-21 15:41:00,7773.5,759303,7774.0,255228,16972,44231,-27259,504075,0.5
1900-01-21 15:41:15,7774.0,483966,7774.5,19472,24917,659646,-634729,464494,0.5
1900-01-21 15:41:30,7774.5,1258554,7775.0,45500,163316,27718,135598,1213054,0.5
1900-01-21 15:41:45,7776.5,1156346,7777.0,91931,68060,10152,57908,1064415,0.5
1900-01-21 15:42:00,7779.0,1051417,7779.5,197866,113868,1317,112551,853551,0.5
1900-01-21 15:42:15,7779.5,908481,7780.0,26872,24992,1040,23952,881609,0.5
1900-01-21 15:42:30,7780.0,902835,7780.5,226,25881,31,25850,902609,0.5
1900-01-21 15:42:45,7781.5,485765,7782.0,925158,51385,1440,49945,-439393,0.5
1900-01-21 15:43:00,7779.0,998202,7779.5,194644,398483,14164,384319,803558,0.5
1900-01-21 15:43:15,7779.0,1029240,7779.5,153319,69220,14810,54410,875921,0.5
1900-01-21 15:43:30,7780.5,700707,7781.0,3625,64845,22602,42243,697082,0.5
1900-01-21 15:43:45,7788.5,899710,7789.0,318829,157510,52388,105122,580881,0.5
1900-01-21 15:44:00,7795.5,291410,7796.0,26431,254599,12232,242367,264979,0.5
1900-01-21 15:44:15,7799.5,629915,7800.0,520569,324827,11638,313189,109346,0.5
1900-01-21 15:44:30,7799.5,944560,7800.0,536669,182870,393495,-210625,407891,0.5
1900-01-21 15:44:45,7799.5,901125,7800.0,173256,92425,6008,86417,727869,0.5
1900-01-21 15:45:00,7802.0,1167575,7802.5,81150,561461,27560,533901,1086425,0.5
1900-01-21 15:45:15,7805.5,136101,7806.0,89727,224334,45212,179122,46374,0.5
1900-01-21 15:45:30,7806.0,804450,7806.5,662152,288432,2829,285603,142298,0.5
1900-01-21 15:45:45,7799.0,112274,7799.5,1103713,34748,395301,-360553,-991439,0.5
1900-01-21 15:46:00,7799.0,167474,7799.5,754586,17666,172135,-154469,-587112,0.5
1900-01-21 15:46:15,7793.0,758,7793.5,294423,73324,213216,-139892,-293665,0.5
1900-01-21 15:46:30,7790.0,996157,7790.5,295645,8406,44446,-36040,700512,0.5
1900-01-21 15:46:45,7802.0,822609,7802.5,14917,157157,56990,100167,807692,0.5
1900-01-21 15:47:00,7803.0,859299,7803.5,8521,144133,20332,123801,850778,0.5
1900-01-21 15:47:15,7806.0,846867,7806.5,670904,186910,27322,159588,175963,0.5
1900-01-21 15:47:30,7805.5,288,7806.0,771693,140675,202990,-62315,-771405,0.5
1900-01-21 15:47:45,7805.0,83788,7805.5,792802,74866,23447,51419,-709014,0.5
1900-01-21 15:48:00,7805.0,1563,7805.5,1018936,18580,85965,-67385,-1017373,0.5
1900-01-21 15:48:15,7803.0,54443,7803.5,847349,23588,29936,-6348,-792906,0.5
1900-01-21 15:48:30,7803.0,28213,7803.5,824558,10020,25148,-15128,-796345,0.5
1900-01-21 15:48:45,7803.0,13243,7803.5,939411,6528,15420,-8892,-926168,0.5
1900-01-21 15:49:00,7802.5,2748,7803.0,1004765,6810,48788,-41978,-1002017,0.5
1900-01-21 15:49:15,7800.5,595,7801.0,869160,16560,46073,-29513,-868565,0.5
1900-01-21 15:49:30,7794.5,39966,7795.0,662297,4500,57758,-53258,-622331,0.5
1900-01-21 15:49:45,7782.5,599463,7783.0,79907,48735,225186,-176451,519556,0.5
1900-01-21 15:50:00,7791.5,851360,7792.0,44800,110668,102291,8377,806560,0.5
1900-01-21 15:50:15,7792.0,1144853,7792.5,16493,73269,196988,-123719,1128360,0.5
1900-01-21 15:50:30,7799.5,686304,7800.0,209598,91054,9180,81874,476706,0.5
1900-01-21 15:50:45,7800.0,987773,7800.5,1345881,79427,818,78609,-358108,0.5
1900-01-21 15:51:00,7792.0,294249,7792.5,646513,95112,653131,-558019,-352264,0.5
1900-01-21 15:51:15,7792.0,322500,7792.5,607018,7000,44753,-37753,-284518,0.5
1900-01-21 15:51:30,7793.0,998784,7793.5,4187,65006,44753,20253,994597,0.5
1900-01-21 15:51:45,7796.0,562038,7796.5,399297,83831,3808,80023,162741,0.5
1900-01-21 15:52:00,7796.0,79047,7796.5,850785,85,124700,-124615,-771738,0.5
1900-01-21 15:52:15,7796.0,539655,7796.5,445330,27002,36067,-9065,94325,0.5
1900-01-21 15:52:30,7797.0,575194,7798.0,10499,41278,5836,35442,564695,1.0
1900-01-21 15:52:45,7800.0,486919,7800.5,294021,646874,12,646862,192898,0.5
1900-01-21 15:53:00,7800.0,217119,7800.5,796770,46257,113803,-67546,-579651,0.5
1900-01-21 15:53:15,7800.5,991737,7801.0,86092,276165,435446,-159281,905645,0.5
1900-01-21 15:53:30,7800.5,1140090,7801.0,34549,84684,13942,70742,1105541,0.5
1900-01-21 15:53:45,7802.5,1115312,7803.0,32930,41820,5310,36510,1082382,0.5
1900-01-21 15:54:00,7802.5,119581,7803.0,707972,17037,20098,-3061,-588391,0.5
1900-01-21 15:54:15,7802.5,783883,7803.0,76370,27221,267736,-240515,707513,0.5
1900-01-21 15:54:30,7805.5,403563,7806.0,692830,41187,11888,29299,-289267,0.5
1900-01-21 15:54:45,7814.5,741734,7815.0,78781,564779,18008,546771,662953,0.5
1900-01-21 15:55:00,7815.5,544709,7816.0,412861,302451,49357,253094,131848,0.5
1900-01-21 15:55:15,7817.5,1375561,7818.0,10882,68490,67816,674,1364679,0.5
1900-01-21 15:55:30,7823.5,1632,7830.0,58651,358102,61087,297015,-57019,6.5
1900-01-21 15:55:45,7832.0,10000,7834.0,33544,2431468,771928,1659540,-23544,2.0
1900-01-21 15:56:00,7834.5,268019,7835.0,18476,2051706,424634,1627072,249543,0.5
1900-01-21 15:56:15,7838.5,301665,7839.0,317036,577941,151981,425960,-15371,0.5
1900-01-21 15:56:30,7838.5,22319,7839.0,644741,305626,137598,168028,-622422,0.5
1900-01-21 15:56:45,7842.0,90677,7842.5,37333,257395,227043,30352,53344,0.5
1900-01-21 15:57:00,7849.5,27672,7850.0,242489,1051709,69396,982313,-214817,0.5
1900-01-21 15:57:15,7845.5,243072,7846.0,471704,699954,563591,136363,-228632,0.5
1900-01-21 15:57:30,7843.5,82404,7844.0,601516,175936,1001808,-825872,-519112,0.5
1900-01-21 15:57:45,7834.5,1230744,7835.0,3607,99424,331583,-232159,1227137,0.5
1900-01-21 15:58:00,7842.5,614207,7843.0,406900,179304,123919,55385,207307,0.5
1900-01-21 15:58:15,7842.5,1681962,7843.0,519698,510875,92255,418620,1162264,0.5
1900-01-21 15:58:30,7842.5,1711072,7843.0,344596,338706,78886,259820,1366476,0.5
1900-01-21 15:58:45,7844.5,1302364,7845.0,94456,326640,42926,283714,1207908,0.5
1900-01-21 15:59:00,7844.0,10967,7844.5,744584,173570,274662,-101092,-733617,0.5
1900-01-21 15:59:15,7836.5,675613,7837.0,46403,51464,421972,-370508,629210,0.5
1900-01-21 15:59:30,7836.5,1445831,7837.0,102627,82214,266905,-184691,1343204,0.5
1900-01-21 15:59:45,7839.0,955583,7839.5,307328,123279,33701,89578,648255,0.5
1900-01-21 16:00:00,7839.5,91997,7840.0,972678,835231,35886,799345,-880681,0.5
1900-01-21 16:00:15,7850.5,221609,7851.0,363246,1357140,115240,1241900,-141637,0.5
1900-01-21 16:00:30,7853.5,126242,7854.0,19014,502018,219781,282237,107228,0.5
1900-01-21 16:00:45,7853.5,1343025,7854.0,533768,202042,132210,69832,809257,0.5
1900-01-21 16:01:00,7857.5,371075,7858.0,36222,1080103,33712,1046391,334853,0.5
1900-01-21 16:01:15,7865.5,61986,7866.0,178034,729972,480100,249872,-116048,0.5
1900-01-21 16:01:30,7859.0,3644,7859.5,13000,723174,920490,-197316,-9356,0.5
1900-01-21 16:01:45,7868.0,39023,7868.5,23956,559941,271487,288454,15067,0.5
1900-01-21 16:02:00,7868.0,155743,7868.5,1258960,369647,322844,46803,-1103217,0.5
1900-01-21 16:02:15,7868.0,872103,7868.5,645936,392527,707684,-315157,226167,0.5
1900-01-21 16:02:30,7868.0,1201276,7868.5,329462,254833,433739,-178906,871814,0.5
1900-01-21 16:02:45,7868.0,180202,7868.5,628748,259674,112276,147398,-448546,0.5
1900-01-21 16:03:00,7866.5,98082,7867.0,730568,306589,246175,60414,-632486,0.5
1900-01-21 16:03:15,7862.5,4058,7863.0,555052,28117,290697,-262580,-550994,0.5
1900-01-21 16:03:30,7860.0,190388,7860.5,794624,39800,632362,-592562,-604236,0.5
1900-01-21 16:03:45,7865.0,1385365,7865.5,105197,355908,497218,-141310,1280168,0.5
1900-01-21 16:04:00,7866.0,1585493,7866.5,84174,173492,71021,102471,1501319,0.5
1900-01-21 16:04:15,7868.0,291717,7868.5,40549,130813,144535,-13722,251168,0.5
1900-01-21 16:04:30,7877.5,2277948,7878.0,54792,3466714,112910,3353804,2223156,0.5
1900-01-21 16:04:45,7878.0,294180,7878.5,1029965,474067,225508,248559,-735785,0.5
1900-01-21 16:05:00,7868.0,1073592,7868.5,329053,267113,903106,-635993,744539,0.5
1900-01-21 16:05:15,7866.5,69128,7867.0,490401,121707,306924,-185217,-421273,0.5
1900-01-21 16:05:30,7870.0,855780,7870.5,49030,62061,114572,-52511,806750,0.5
1900-01-21 16:05:45,7866.5,34373,7867.0,517376,95084,287128,-192044,-483003,0.5
1900-01-21 16:06:00,7865.0,452261,7865.5,756656,137176,986323,-849147,-304395,0.5
1900-01-21 16:06:15,7865.0,464859,7865.5,604130,117084,53370,63714,-139271,0.5
1900-01-21 16:06:30,7861.5,140532,7862.0,546241,190979,388848,-197869,-405709,0.5
1900-01-21 16:06:45,7854.5,1319734,7855.0,308,31267,551201,-519934,1319426,0.5
1900-01-21 16:07:00,7858.5,677037,7859.0,402716,137024,40792,96232,274321,0.5
1900-01-21 16:07:15,7851.5,608585,7852.0,771863,116528,298436,-181908,-163278,0.5
1900-01-21 16:07:30,7856.0,32000,7856.5,33020,79473,249011,-169538,-1020,0.5
1900-01-21 16:07:45,7857.0,29400,7857.5,30469,198442,146598,51844,-1069,0.5
1900-01-21 16:08:00,7858.5,1226820,7859.0,5601,157215,9574,147641,1221219,0.5
1900-01-21 16:08:15,7859.0,12222,7859.5,768191,107373,116206,-8833,-755969,0.5
1900-01-21 16:08:30,7856.0,175645,7856.5,826306,61578,122534,-60956,-650661,0.5
1900-01-21 16:08:45,7857.5,1041286,7858.0,140629,104702,139064,-34362,900657,0.5
1900-01-21 16:09:00,7857.5,16919,7858.0,948273,66369,235376,-169007,-931354,0.5
1900-01-21 16:09:15,7857.5,835760,7858.0,701759,101086,97836,3250,134001,0.5
1900-01-21 16:09:30,7854.0,238720,7854.5,304659,52202,281209,-229007,-65939,0.5
1900-01-21 16:09:45,7854.0,1029067,7854.5,111449,98622,74346,24276,917618,0.5
1900-01-21 16:10:00,7855.5,212375,7856.0,622781,92622,13642,78980,-410406,0.5
1900-01-21 16:10:15,7855.5,422008,7856.0,294823,106379,33904,72475,127185,0.5
1900-01-21 16:10:30,7853.5,30282,7854.0,824202,62444,81066,-18622,-793920,0.5
1900-01-21 16:10:45,7851.5,329311,7852.0,574188,22660,93621,-70961,-244877,0.5
1900-01-21 16:11:00,7851.0,97825,7851.5,56012,25808,480257,-454449,41813,0.5
1900-01-21 16:11:15,7850.0,222496,7850.5,955576,207630,235593,-27963,-733080,0.5
1900-01-21 16:11:30,7846.0,430162,7846.5,658842,104634,288748,-184114,-228680,0.5
1900-01-21 16:11:45,7850.5,1167514,7851.0,93076,376074,176944,199130,1074438,0.5
1900-01-21 16:12:00,7854.5,1120550,7855.0,9315,119551,23640,95911,1111235,0.5
1900-01-21 16:12:15,7858.0,135216,7858.5,30200,239768,40560,199208,105016,0.5
1900-01-21 16:12:30,7855.0,17011,7855.5,1470225,130525,179836,-49311,-1453214,0.5
1900-01-21 16:12:45,7850.5,150239,7851.0,1372845,125611,140855,-15244,-1222606,0.5
1900-01-21 16:13:00,7846.0,304477,7846.5,760143,22602,312461,-289859,-455666,0.5
1900-01-21 16:13:15,7853.0,333716,7853.5,257736,204856,76926,127930,75980,0.5
1900-01-21 16:13:30,7850.5,2688,7851.0,1348393,55554,87991,-32437,-1345705,0.5
1900-01-21 16:13:45,7849.0,213759,7849.5,645252,38113,51024,-12911,-431493,0.5
1900-01-21 16:14:00,7851.5,786129,7852.0,317347,319513,10848,308665,468782,0.5
1900-01-21 16:14:15,7855.0,900438,7855.5,6072,359111,25520,333591,894366,0.5
1900-01-21 16:14:30,7859.0,988249,7859.5,2554,171338,55204,116134,985695,0.5
1900-01-21 16:14:45,7852.5,11644,7853.0,152750,114285,245632,-131347,-141106,0.5
1900-01-21 16:15:00,7849.0,525126,7849.5,361899,59913,196915,-137002,163227,0.5
1900-01-21 16:15:15,7853.0,278632,7853.5,1177329,75562,17498,58064,-898697,0.5
1900-01-21 16:15:30,7851.5,707494,7852.0,659818,39502,396259,-356757,47676,0.5
1900-01-21 16:15:45,7851.5,259314,7852.0,1124019,134384,242051,-107667,-864705,0.5
1900-01-21 16:16:00,7851.5,38761,7852.0,1190396,275310,188488,86822,-1151635,0.5
1900-01-21 16:16:15,7851.5,921760,7852.0,27602,70845,32420,38425,894158,0.5
1900-01-21 16:16:30,7858.5,824465,7859.0,161448,77969,77235,734,663017,0.5
1900-01-21 16:16:45,7859.0,599210,7859.5,104294,143171,56790,86381,494916,0.5
1900-01-21 16:17:00,7868.0,680109,7868.5,607103,270346,200,270146,73006,0.5
1900-01-21 16:17:15,7868.0,499120,7868.5,275374,282610,29200,253410,223746,0.5
1900-01-21 16:17:30,7864.5,620,7865.0,784300,156970,215717,-58747,-783680,0.5
1900-01-21 16:17:45,7860.5,1238477,7861.0,41650,99170,413097,-313927,1196827,0.5
1900-01-21 16:18:00,7867.5,1494530,7868.0,6694,69634,38469,31165,1487836,0.5
1900-01-21 16:18:15,7869.5,1072968,7870.0,114786,283662,22678,260984,958182,0.5
1900-01-21 16:18:30,7871.5,1615023,7872.0,14157,118222,21928,96294,1600866,0.5
1900-01-21 16:18:45,7880.0,853072,7880.5,185212,489344,103616,385728,667860,0.5
1900-01-21 16:19:00,7885.0,163029,7885.5,8391,530235,55220,475015,154638,0.5
1900-01-21 16:19:15,7898.0,15569,7898.5,5000,1990515,978361,1012154,10569,0.5
1900-01-21 16:19:30,7870.0,810744,7870.5,209839,235953,1128625,-892672,600905,0.5
1900-01-21 16:19:45,7894.5,87834,7895.0,113242,861963,175381,686582,-25408,0.5
1900-01-21 16:20:00,7886.0,897978,7886.5,149694,142569,218222,-75653,748284,0.5
1900-01-21 16:20:15,7886.0,354041,7886.5,440522,188577,430593,-242016,-86481,0.5
1900-01-21 16:20:30,7888.5,1054241,7889.0,76787,137776,93284,44492,977454,0.5
1900-01-21 16:20:45,7888.5,785184,7889.0,473078,136345,48790,87555,312106,0.5
1900-01-21 16:21:00,7888.5,508848,7889.0,275911,138778,225543,-86765,232937,0.5
1900-01-21 16:21:15,7884.5,5471,7885.0,878560,45556,251949,-206393,-873089,0.5
1900-01-21 16:21:30,7881.5,9657,7882.0,1516397,28860,269361,-240501,-1506740,0.5
1900-01-21 16:21:45,7879.0,295755,7879.5,14231,68872,354882,-286010,281524,0.5
1900-01-21 16:22:00,7881.0,1016659,7881.5,108836,337105,13460,323645,907823,0.5
1900-01-21 16:22:15,7884.5,1222930,7885.0,39409,350958,40622,310336,1183521,0.5
1900-01-21 16:22:30,7886.5,321934,7887.0,15649,118259,14478,103781,306285,0.5
1900-01-21 16:22:45,7887.0,268956,7887.5,1853824,45596,6004,39592,-1584868,0.5
1900-01-21 16:23:00,7884.5,109496,7885.0,892426,46828,178443,-131615,-782930,0.5
1900-01-21 16:23:15,7884.5,88222,7885.0,831698,61432,17832,43600,-743476,0.5
1900-01-21 16:23:30,7881.5,14328,7882.0,768795,33413,56543,-23130,-754467,0.5
1900-01-21 16:23:45,7875.0,47888,7875.5,1832503,37555,142288,-104733,-1784615,0.5
1900-01-21 16:24:00,7872.0,578946,7872.5,162632,28794,74863,-46069,416314,0.5
1900-01-21 16:24:15,7876.5,2138,7877.0,221485,80963,61675,19288,-219347,0.5
1900-01-21 16:24:30,7872.0,298680,7872.5,332053,27697,191628,-163931,-33373,0.5
1900-01-21 16:24:45,7869.5,110281,7870.0,942292,8708,103407,-94699,-832011,0.5
1900-01-21 16:25:00,7872.0,120039,7872.5,47652,196605,227754,-31149,72387,0.5
1900-01-21 16:25:15,7874.5,195251,7875.0,1139446,181233,16626,164607,-944195,0.5
1900-01-21 16:25:30,7874.5,260298,7875.0,1172778,131715,116000,15715,-912480,0.5
1900-01-21 16:25:45,7874.0,237,7874.5,652389,31585,174405,-142820,-652152,0.5
1900-01-21 16:26:00,7861.0,46536,7861.5,747705,14102,267368,-253266,-701169,0.5
1900-01-21 16:26:15,7869.5,137711,7870.0,1949205,63116,236937,-173821,-1811494,0.5
1900-01-21 16:26:30,7860.5,752536,7861.0,617553,43492,127223,-83731,134983,0.5
1900-01-21 16:26:45,7860.5,469827,7861.0,617103,22636,35780,-13144,-147276,0.5
1900-01-21 16:27:00,7851.0,959740,7851.5,133083,401274,549700,-148426,826657,0.5
1900-01-21 16:27:15,7851.0,693288,7851.5,83849,198116,84390,113726,609439,0.5
1900-01-21 16:27:30,7842.0,1119409,7842.5,140508,132904,1255564,-1122660,978901,0.5
1900-01-21 16:27:45,7843.5,903279,7844.0,220496,78812,283679,-204867,682783,0.5
1900-01-21 16:28:00,7848.5,10000,7849.0,5513382,258589,184040,74549,-5503382,0.5
1900-01-21 16:28:15,7847.0,998104,7847.5,1419,70316,168345,-98029,996685,0.5
1900-01-21 16:28:30,7851.5,991769,7852.0,290678,242050,34244,207806,701091,0.5
1900-01-21 16:28:45,7851.0,3721,7851.5,719014,241223,207468,33755,-715293,0.5
1900-01-21 16:29:00,7849.0,151764,7849.5,1090831,7230,308671,-301441,-939067,0.5
1900-01-21 16:29:15,7848.5,438732,7849.0,428626,15618,74893,-59275,10106,0.5
1900-01-21 16:29:30,7846.5,758395,7847.0,673417,45183,82115,-36932,84978,0.5
1900-01-21 16:29:45,7849.0,389617,7849.5,850,98481,18600,79881,388767,0.5
1900-01-21 16:30:00,7854.5,668841,7855.0,483425,222578,46706,175872,185416,0.5
1900-01-21 16:30:15,7859.0,508798,7859.5,446930,218861,9136,209725,61868,0.5
1900-01-21 16:30:30,7859.0,354451,7859.5,897901,97163,35433,61730,-543450,0.5
1900-01-21 16:30:45,7859.0,940691,7859.5,211538,36128,442289,-406161,729153,0.5
1900-01-21 16:31:00,7865.0,798629,7865.5,42620,94042,340,93702,756009,0.5
1900-01-21 16:31:15,7866.0,710,7866.5,597564,401147,34404,366743,-596854,0.5
1900-01-21 16:31:30,7861.5,409713,7862.0,447462,9592,172376,-162784,-37749,0.5
1900-01-21 16:31:45,7861.5,989273,7862.0,113931,46266,57476,-11210,875342,0.5
1900-01-21 16:32:00,7864.0,1172160,7864.5,33988,56194,30804,25390,1138172,0.5
1900-01-21 16:32:15,7868.0,139685,7868.5,575742,52432,1100,51332,-436057,0.5
1900-01-21 16:32:30,7867.5,1136012,7868.0,241418,161388,57429,103959,894594,0.5
1900-01-21 16:32:45,7867.5,1047318,7868.0,169231,292451,18229,274222,878087,0.5
1900-01-21 16:33:00,7873.5,1186414,7874.0,101394,104112,14364,89748,1085020,0.5
1900-01-21 16:33:15,7868.5,145392,7869.0,608344,172574,189321,-16747,-462952,0.5
1900-01-21 16:33:30,7868.0,205864,7868.5,439328,13920,42195,-28275,-233464,0.5
1900-01-21 16:33:45,7865.5,225694,7866.0,781161,19260,63816,-44556,-555467,0.5
1900-01-21 16:34:00,7865.0,212837,7865.5,680774,9608,43502,-33894,-467937,0.5
1900-01-21 16:34:15,7863.5,70709,7864.0,877366,4318,331677,-327359,-806657,0.5
1900-01-21 16:34:30,7858.5,31738,7859.0,951591,36472,134701,-98229,-919853,0.5
1900-01-21 16:34:45,7858.5,428448,7859.0,794260,14276,67454,-53178,-365812,0.5
1900-01-21 16:35:00,7858.5,4246,7859.0,894691,66766,135671,-68905,-890445,0.5
1900-01-21 16:35:15,7852.0,794199,7852.5,296205,12940,291202,-278262,497994,0.5
1900-01-21 16:35:30,7852.0,89723,7852.5,490983,315409,213082,102327,-401260,0.5
1900-01-21 16:35:45,7847.5,8284,7848.0,310193,31844,220020,-188176,-301909,0.5
1900-01-21 16:36:00,7848.0,966009,7848.5,26301,83395,190997,-107602,939708,0.5
1900-01-21 16:36:15,7851.5,541735,7852.0,43869,43644,128500,-84856,497866,0.5
1900-01-21 16:36:30,7851.5,164648,7852.0,857445,62568,194617,-132049,-692797,0.5
1900-01-21 16:36:45,7851.0,1855,7851.5,617446,676,80883,-80207,-615591,0.5
1900-01-21 16:37:00,7849.5,1324202,7850.0,104298,18820,39339,-20519,1219904,0.5
1900-01-21 16:37:15,7858.0,490177,7858.5,411559,2005631,46748,1958883,78618,0.5
1900-01-21 16:37:30,7858.0,140268,7858.5,603970,1550,98891,-97341,-463702,0.5
1900-01-21 16:37:45,7851.0,510167,7851.5,243330,138600,105251,33349,266837,0.5
1900-01-21 16:38:00,7851.0,56713,7851.5,608023,14183,72947,-58764,-551310,0.5
1900-01-21 16:38:15,7846.5,1126287,7847.0,401620,2221,169099,-166878,724667,0.5
1900-01-21 16:38:30,7846.5,179418,7847.0,998707,31607,191772,-160165,-819289,0.5
1900-01-21 16:38:45,7846.5,429650,7847.0,1099508,10778,98518,-87740,-669858,0.5
1900-01-21 16:39:00,7845.0,30335,7845.5,290809,40560,59596,-19036,-260474,0.5
1900-01-21 16:39:15,7843.0,206737,7843.5,916524,78143,135000,-56857,-709787,0.5
1900-01-21 16:39:30,7841.5,32709,7842.0,523555,1548,141648,-140100,-490846,0.5
1900-01-21 16:39:45,7841.0,107004,7841.5,1422270,31466,474849,-443383,-1315266,0.5
1900-01-21 16:40:00,7830.5,49047,7831.0,61218,12802,517981,-505179,-12171,0.5
1900-01-21 16:40:15,7829.0,754241,7829.5,710741,153239,1450577,-1297338,43500,0.5
1900-01-21 16:40:30,7829.5,797543,7830.0,745277,195382,197945,-2563,52266,0.5
1900-01-21 16:40:45,7836.0,927457,7836.5,197060,162451,86186,76265,730397,0.5
1900-01-21 16:41:00,7840.0,777909,7840.5,55941,754557,46981,707576,721968,0.5
1900-01-21 16:41:15,7846.5,519256,7847.0,422089,211038,70797,140241,97167,0.5
1900-01-21 16:41:30,7846.5,89069,7847.0,1458227,174730,60659,114071,-1369158,0.5
1900-01-21 16:41:45,7840.0,165459,7840.5,428037,13615,195467,-181852,-262578,0.5
1900-01-21 16:42:00,7833.5,474962,7834.0,315607,6810,186548,-179738,159355,0.5
1900-01-21 16:42:15,7834.5,1038695,7835.0,81783,54092,209135,-155043,956912,0.5
1900-01-21 16:42:30,7835.0,843275,7835.5,5549,42083,17417,24666,837726,0.5
1900-01-21 16:42:45,7838.0,137208,7838.5,717418,39780,29988,9792,-580210,0.5
1900-01-21 16:43:00,7837.0,1266532,7837.5,114551,449521,38462,411059,1151981,0.5
1900-01-21 16:43:15,7837.0,43692,7837.5,803571,97150,139124,-41974,-759879,0.5
1900-01-21 16:43:30,7834.5,47910,7835.0,1068330,10006,137086,-127080,-1020420,0.5
1900-01-21 16:43:45,7829.0,860909,7829.5,573977,40909,364160,-323251,286932,0.5
1900-01-21 16:44:00,7828.5,59418,7829.0,871516,351136,179263,171873,-812098,0.5
1900-01-21 16:44:15,7828.5,1006460,7829.0,84437,122818,246602,-123784,922023,0.5
1900-01-21 16:44:30,7829.0,990692,7829.5,81133,137837,21320,116517,909559,0.5
1900-01-21 16:44:45,7829.0,686762,7829.5,294768,74612,9560,65052,391994,0.5
1900-01-21 16:45:00,7829.5,720682,7830.0,11173,137372,150357,-12985,709509,0.5
1900-01-21 16:45:15,7840.5,309956,7841.0,223898,301458,5108,296350,86058,0.5
1900-01-21 16:45:30,7840.5,743559,7841.0,67579,968155,38032,930123,675980,0.5
1900-01-21 16:45:45,7841.5,251958,7842.0,710250,636477,111141,525336,-458292,0.5
1900-01-21 16:46:00,7841.5,702391,7842.0,402512,214250,7376,206874,299879,0.5
1900-01-21 16:46:15,7841.5,1359949,7842.0,27981,63159,5060,58099,1331968,0.5
1900-01-21 16:46:30,7849.5,814608,7850.0,14945,180668,48542,132126,799663,0.5
1900-01-21 16:46:45,7851.0,13452,7851.5,1203394,410437,195879,214558,-1189942,0.5
1900-01-21 16:47:00,7847.5,211128,7848.0,1210531,29422,284601,-255179,-999403,0.5
1900-01-21 16:47:15,7845.0,562477,7845.5,270840,65751,491034,-425283,291637,0.5
1900-01-21 16:47:30,7845.0,1239661,7845.5,59361,256035,16054,239981,1180300,0.5
1900-01-21 16:47:45,7856.0,111137,7856.5,1323723,234684,26058,208626,-1212586,0.5
1900-01-21 16:48:00,7853.0,923445,7853.5,664228,320462,107465,212997,259217,0.5
1900-01-21 16:48:15,7850.0,313192,7850.5,676326,24916,55900,-30984,-363134,0.5
1900-01-21 16:48:30,7850.0,1076652,7850.5,145767,102948,71300,31648,930885,0.5
1900-01-21 16:48:45,7853.0,748041,7853.5,58842,241433,36922,204511,689199,0.5
1900-01-21 16:49:00,7854.0,1249944,7854.5,85545,128359,4538,123821,1164399,0.5
1900-01-21 16:49:15,7854.0,794675,7854.5,627524,91439,14457,76982,167151,0.5
1900-01-21 16:49:30,7854.0,281741,7854.5,938701,9103,50407,-41304,-656960,0.5
1900-01-21 16:49:45,7859.0,495941,7859.5,84299,2082644,62762,2019882,411642,0.5
1900-01-21 16:50:00,7863.5,89895,7864.0,833815,125374,30859,94515,-743920,0.5
1900-01-21 16:50:15,7853.5,243,7854.0,2133004,54446,355422,-300976,-2132761,0.5
1900-01-21 16:50:30,7850.0,319883,7850.5,569757,5272,30512,-25240,-249874,0.5
1900-01-21 16:50:45,7853.5,962193,7854.0,25470,36770,99677,-62907,936723,0.5
1900-01-21 16:51:00,7861.0,12014,7861.5,1141319,283988,26032,257956,-1129305,0.5
1900-01-21 16:51:15,7858.5,1041407,7859.0,119251,56268,86554,-30286,922156,0.5
1900-01-21 16:51:30,7858.5,426552,7859.0,752189,94154,126002,-31848,-325637,0.5
1900-01-21 16:51:45,7858.5,31178,7859.0,916753,17602,248310,-230708,-885575,0.5
1900-01-21 16:52:00,7858.5,1124507,7859.0,54485,98541,47803,50738,1070022,0.5
1900-01-21 16:52:15,7863.0,859124,7863.5,37443,125606,44000,81606,821681,0.5
1900-01-21 16:52:30,7857.5,122452,7858.0,132443,140011,194567,-54556,-9991,0.5
1900-01-21 16:52:45,7857.5,860871,7858.0,136626,33256,125155,-91899,724245,0.5
1900-01-21 16:53:00,7857.5,643213,7858.0,208990,30171,51796,-21625,434223,0.5
1900-01-21 16:53:15,7857.5,693798,7858.0,532113,33242,64044,-30802,161685,0.5
1900-01-21 16:53:30,7857.5,688971,7858.0,267603,2948,19696,-16748,421368,0.5
1900-01-21 16:53:45,7857.5,395155,7858.0,741803,12840,10150,2690,-346648,0.5
1900-01-21 16:54:00,7857.5,613133,7858.0,349012,2000,14238,-12238,264121,0.5
1900-01-21 16:54:15,7857.5,69972,7858.0,795525,1624,9574,-7950,-725553,0.5
1900-01-21 16:54:30,7857.5,212777,7858.0,745432,4000,57082,-53082,-532655,0.5
1900-01-21 16:54:45,7856.5,50936,7857.0,655417,200,8089,-7889,-604481,0.5
1900-01-21 16:55:00,7856.5,313304,7857.0,759394,14844,45529,-30685,-446090,0.5
1900-01-21 16:55:15,7856.5,694117,7857.0,395460,33102,27410,5692,298657,0.5
1900-01-21 16:55:30,7856.5,1114731,7857.0,126621,23043,3834,19209,988110,0.5
1900-01-21 16:55:45,7856.5,1017766,7857.0,237573,12055,37742,-25687,780193,0.5
1900-01-21 16:56:00,7856.5,661185,7857.0,419333,31151,4000,27151,241852,0.5
1900-01-21 16:56:15,7856.5,970807,7857.0,298756,10296,13802,-3506,672051,0.5
1900-01-21 16:56:30,7856.5,1031592,7857.0,166903,38774,5422,33352,864689,0.5
1900-01-21 16:56:45,7856.5,664466,7857.0,523834,4205,5782,-1577,140632,0.5
1900-01-21 16:57:00,7856.5,711168,7857.0,617581,20,10516,-10496,93587,0.5
1900-01-21 16:57:15,7856.5,484394,7857.0,1043964,2046,5624,-3578,-559570,0.5
1900-01-21 16:57:30,7856.5,535874,7857.0,960605,33440,19830,13610,-424731,0.5
1900-01-21 16:57:45,7856.5,464937,7857.0,962097,400,33552,-33152,-497160,0.5
1900-01-21 16:58:00,7853.0,105627,7853.5,1118464,16245,374738,-358493,-1012837,0.5
1900-01-21 16:58:15,7841.0,35364,7841.5,129905,15780,292059,-276279,-94541,0.5
1900-01-21 16:58:30,7847.5,110087,7848.0,284350,267294,238045,29249,-174263,0.5
1900-01-21 16:58:45,7847.5,785013,7848.0,435760,57920,57430,490,349253,0.5
1900-01-21 16:59:00,7847.5,815666,7848.0,244532,173886,9276,164610,571134,0.5
1900-01-21 16:59:15,7844.0,2000,7844.5,888478,40468,24473,15995,-886478,0.5
1900-01-21 16:59:30,7837.5,485975,7838.0,307955,20708,67499,-46791,178020,0.5
1900-01-21 16:59:45,7837.5,204065,7838.0,727716,57082,133471,-76389,-523651,0.5
1900-01-21 17:00:00,7837.5,133060,7838.0,1063971,190713,36351,154362,-930911,0.5
1900-01-21 17:00:15,7833.0,28590,7833.5,1269781,63201,238190,-174989,-1241191,0.5
1900-01-21 17:00:30,7829.5,328032,7830.0,361299,61422,672616,-611194,-33267,0.5
1900-01-21 17:00:45,7829.5,200340,7830.0,1200467,144274,229775,-85501,-1000127,0.5
1900-01-21 17:01:00,7823.0,235996,7823.5,769059,27686,191228,-163542,-533063,0.5
1900-01-21 17:01:15,7838.0,10000,7843.0,20722,613228,189214,424014,-10722,5.0
1900-01-21 17:01:30,7838.5,277156,7839.0,948825,231854,42860,188994,-671669,0.5
1900-01-21 17:01:45,7838.5,863466,7839.0,171642,196953,17205,179748,691824,0.5
1900-01-21 17:02:00,7838.5,299077,7839.0,637504,143519,83567,59952,-338427,0.5
1900-01-21 17:02:15,7838.5,349684,7839.0,500804,9894,25785,-15891,-151120,0.5
1900-01-21 17:02:30,7838.5,925033,7839.0,48879,59975,14295,45680,876154,0.5
1900-01-21 17:02:45,7842.0,877333,7842.5,140179,162399,12276,150123,737154,0.5
1900-01-21 17:03:00,7842.0,970982,7842.5,199158,64210,107332,-43122,771824,0.5
1900-01-21 17:03:15,7842.0,537667,7842.5,903885,12822,35142,-22320,-366218,0.5
1900-01-21 17:03:30,7842.0,715955,7842.5,923086,40857,25968,14889,-207131,0.5
1900-01-21 17:03:45,7842.0,1511696,7842.5,70868,629584,39835,589749,1440828,0.5
1900-01-21 17:04:00,7842.0,1651662,7842.5,72527,54995,14100,40895,1579135,0.5
1900-01-21 17:04:15,7851.0,1333950,7851.5,177815,144554,1210,143344,1156135,0.5
1900-01-21 17:04:30,7851.5,1079634,7852.0,102693,101749,109114,-7365,976941,0.5
1900-01-21 17:04:45,7856.0,659146,7856.5,499009,74679,36994,37685,160137,0.5
1900-01-21 17:05:00,7857.5,1099111,7858.0,367758,89338,295790,-206452,731353,0.5
1900-01-21 17:05:15,7862.5,870051,7863.0,90166,362685,40652,322033,779885,0.5
1900-01-21 17:05:30,7867.0,108984,7867.5,19635,195676,7638,188038,89349,0.5
1900-01-21 17:05:45,7865.0,5400,7865.5,348953,220753,635002,-414249,-343553,0.5
1900-01-21 17:06:00,7865.0,539998,7865.5,851377,67438,284117,-216679,-311379,0.5
1900-01-21 17:06:15,7865.0,496441,7865.5,848410,27300,188842,-161542,-351969,0.5
1900-01-21 17:06:30,7864.5,708292,7865.0,805528,2182,31135,-28953,-97236,0.5
1900-01-21 17:06:45,7861.5,692136,7862.0,424148,2658,168345,-165687,267988,0.5
1900-01-21 17:07:00,7861.5,120786,7862.0,1148007,3565,22984,-19419,-1027221,0.5
1900-01-21 17:07:15,7861.5,17962,7862.0,1226196,46346,39343,7003,-1208234,0.5
1900-01-21 17:07:30,7859.0,778031,7859.5,508993,41062,29560,11502,269038,0.5
1900-01-21 17:07:45,7859.0,735489,7859.5,607659,13776,27577,-13801,127830,0.5
1900-01-21 17:08:00,7859.0,1431543,7859.5,279939,197732,19520,178212,1151604,0.5
1900-01-21 17:08:15,7859.0,1495768,7859.5,60033,100485,8102,92383,1435735,0.5
1900-01-21 17:08:30,7861.5,779632,7862.0,983851,103311,67494,35817,-204219,0.5
1900-01-21 17:08:45,7861.5,803456,7862.0,230690,22898,29106,-6208,572766,0.5
1900-01-21 17:09:00,7861.5,927063,7862.0,374418,202038,786,201252,552645,0.5
1900-01-21 17:09:15,7861.5,242840,7862.0,700223,72260,1162,71098,-457383,0.5
1900-01-21 17:09:30,7861.5,160601,7862.0,727396,25090,36965,-11875,-566795,0.5
1900-01-21 17:09:45,7861.5,432140,7862.0,886072,42645,14312,28333,-453932,0.5
1900-01-21 17:10:00,7861.5,876512,7862.0,285404,14038,21947,-7909,591108,0.5
1900-01-21 17:10:15,7861.5,598028,7862.0,679122,93928,29072,64856,-81094,0.5
1900-01-21 17:10:30,7861.5,897295,7862.0,777332,53730,200,53530,119963,0.5
1900-01-21 17:10:45,7861.5,1022851,7862.0,574460,50600,42254,8346,448391,0.5
1900-01-21 17:11:00,7861.5,1307279,7862.0,484534,31409,20302,11107,822745,0.5
1900-01-21 17:11:15,7861.5,762312,7862.0,612841,51625,2452,49173,149471,0.5
1900-01-21 17:11:30,7861.5,464685,7862.0,1109645,469583,6024,463559,-644960,0.5
1900-01-21 17:11:45,7861.5,848472,7862.0,528949,5642,170,5472,319523,0.5
1900-01-21 17:12:00,7861.5,362278,7862.0,468027,84759,380114,-295355,-105749,0.5
1900-01-21 17:12:15,7861.0,214988,7861.5,1107256,6400,15310,-8910,-892268,0.5
1900-01-21 17:12:30,7861.0,131720,7861.5,1056183,51444,298310,-246866,-924463,0.5
1900-01-21 17:12:45,7861.0,430090,7861.5,634741,6592,71570,-64978,-204651,0.5
1900-01-21 17:13:00,7861.0,721834,7861.5,237019,107444,7187,100257,484815,0.5
1900-01-21 17:13:15,7861.0,924228,7861.5,108512,34534,2034,32500,815716,0.5
1900-01-21 17:13:30,7861.0,1350661,7861.5,49362,84466,5491,78975,1301299,0.5
1900-01-21 17:13:45,7869.0,931434,7869.5,19033,290705,1960,288745,912401,0.5
1900-01-21 17:14:00,7871.0,1280888,7871.5,523486,346279,32714,313565,757402,0.5
1900-01-21 17:14:15,7871.5,1408800,7872.0,134971,739530,1834,737696,1273829,0.5
1900-01-21 17:14:30,7871.5,434589,7872.0,526186,265643,2,265641,-91597,0.5
1900-01-21 17:14:45,7864.0,15000,7864.5,48524,2900,201835,-198935,-33524,0.5
1900-01-21 17:15:00,7863.0,821419,7863.5,266413,9702,40182,-30480,555006,0.5
1900-01-21 17:15:15,7864.5,5632,7865.0,23459,50910,96166,-45256,-17827,0.5
1900-01-21 17:15:30,7868.5,528363,7869.0,352148,34237,200,34037,176215,0.5
1900-01-21 17:15:45,7866.0,4220,7866.5,1324299,4804,25138,-20334,-1320079,0.5
1900-01-21 17:16:00,7862.5,48768,7863.0,699339,68204,32692,35512,-650571,0.5
1900-01-21 17:16:15,7862.5,37863,7863.0,861497,8,19201,-19193,-823634,0.5
1900-01-21 17:16:30,7861.5,21497,7862.0,690249,7786,45046,-37260,-668752,0.5
1900-01-21 17:16:45,7852.5,355318,7853.0,815050,35640,60327,-24687,-459732,0.5
1900-01-21 17:17:00,7856.0,251734,7856.5,11621,52948,896638,-843690,240113,0.5
1900-01-21 17:17:15,7856.0,132245,7856.5,753490,21995,5828,16167,-621245,0.5
1900-01-21 17:17:30,7856.0,20830,7856.5,1173965,1083,766052,-764969,-1153135,0.5
1900-01-21 17:17:45,7855.5,81344,7856.0,1061951,25400,60099,-34699,-980607,0.5
1900-01-21 17:18:00,7850.0,89446,7850.5,224573,6882,19276,-12394,-135127,0.5
1900-01-21 17:18:15,7846.5,12449,7847.0,1313395,34661,350427,-315766,-1300946,0.5
1900-01-21 17:18:30,7845.0,740786,7845.5,558720,8688,39756,-31068,182066,0.5
1900-01-21 17:18:45,7849.5,716197,7850.0,783768,98482,4723,93759,-67571,0.5
1900-01-21 17:19:00,7849.5,749121,7850.0,148107,365178,29252,335926,601014,0.5
1900-01-21 17:19:15,7849.5,316311,7850.0,1157539,9817,14739,-4922,-841228,0.5
1900-01-21 17:19:30,7849.5,841300,7850.0,414284,18497,21583,-3086,427016,0.5
1900-01-21 17:19:45,7849.5,802079,7850.0,173518,206906,2492,204414,628561,0.5
1900-01-21 17:20:00,7849.5,1036164,7850.0,301537,79191,1040,78151,734627,0.5
1900-01-21 17:20:15,7849.5,956173,7850.0,241056,3072,1462,1610,715117,0.5
1900-01-21 17:20:30,7848.0,73112,7848.5,970122,203180,225874,-22694,-897010,0.5
1900-01-21 17:20:45,7846.0,328698,7846.5,853285,1000,37403,-36403,-524587,0.5
1900-01-21 17:21:00,7846.0,53571,7846.5,992754,17746,334770,-317024,-939183,0.5
1900-01-21 17:21:15,7844.0,1079872,7844.5,206441,20000,97564,-77564,873431,0.5
1900-01-21 17:21:30,7846.0,930031,7846.5,2681,9961,14110,-4149,927350,0.5
1900-01-21 17:21:45,7846.5,873061,7847.0,97638,21888,14110,7778,775423,0.5
1900-01-21 17:22:00,7846.5,198913,7847.0,1054718,67342,3430,63912,-855805,0.5
1900-01-21 17:22:15,7846.5,737479,7847.0,998631,67652,3728,63924,-261152,0.5
1900-01-21 17:22:30,7846.5,942749,7847.0,418426,35070,60404,-25334,524323,0.5
1900-01-21 17:22:45,7845.0,200737,7845.5,1959811,4116,1332146,-1328030,-1759074,0.5
1900-01-21 17:23:00,7845.0,101786,7845.5,2269179,358,151370,-151012,-2167393,0.5
1900-01-21 17:23:15,7839.5,38049,7840.0,154997,318,115882,-115564,-116948,0.5
1900-01-21 17:23:30,7838.0,237974,7838.5,702084,50848,274309,-223461,-464110,0.5
1900-01-21 17:23:45,7838.0,45006,7838.5,1582322,24426,25582,-1156,-1537316,0.5
1900-01-21 17:24:00,7837.0,435427,7837.5,698301,22202,153880,-131678,-262874,0.5
1900-01-21 17:24:15,7836.5,500577,7837.0,280321,29940,17361,12579,220256,0.5
1900-01-21 17:24:30,7836.5,705637,7837.0,58007,15278,14030,1248,647630,0.5
1900-01-21 17:24:45,7838.0,498985,7838.5,41983,44129,25962,18167,457002,0.5
1900-01-21 17:25:00,7838.0,49080,7838.5,1961505,16278,104136,-87858,-1912425,0.5
1900-01-21 17:25:15,7831.0,146458,7831.5,1177125,24922,158402,-133480,-1030667,0.5
1900-01-21 17:25:30,7830.0,764750,7830.5,752259,10494,93798,-83304,12491,0.5
1900-01-21 17:25:45,7822.5,112181,7823.0,679530,50898,155696,-104798,-567349,0.5
1900-01-21 17:26:00,7822.5,601,7823.0,1015441,141720,482019,-340299,-1014840,0.5
1900-01-21 17:26:15,7815.0,146572,7816.0,343800,17555,13009236,-12991681,-197228,1.0
1900-01-21 17:26:30,7810.5,192434,7811.0,60082,405371,1225026,-819655,132352,0.5
1900-01-21 17:26:45,7823.5,204341,7824.0,860609,559128,693314,-134186,-656268,0.5
1900-01-21 17:27:00,7819.0,12677,7819.5,338296,210973,187992,22981,-325619,0.5
1900-01-21 17:27:15,7816.5,513315,7817.0,359933,51123,332056,-280933,153382,0.5
1900-01-21 17:27:30,7810.5,64123,7811.0,10000,212406,93833,118573,54123,0.5
1900-01-21 17:27:45,7813.5,5000,7814.0,15000,312346,356360,-44014,-10000,0.5
1900-01-21 17:28:00,7818.0,276395,7819.0,10000,292214,171276,120938,266395,1.0
1900-01-21 17:28:15,7817.0,1647,7817.5,1078901,209783,46820,162963,-1077254,0.5
1900-01-21 17:28:30,7812.5,174071,7813.0,853440,67104,21233,45871,-679369,0.5
1900-01-21 17:28:45,7812.0,485666,7812.5,364860,74540,77029,-2489,120806,0.5
1900-01-21 17:29:00,7813.0,716924,7813.5,1125,109718,188487,-78769,715799,0.5
1900-01-21 17:29:15,7815.0,57500,7815.5,177775,82468,84820,-2352,-120275,0.5
1900-01-21 17:29:30,7812.0,265103,7812.5,1286975,29961,263280,-233319,-1021872,0.5
1900-01-21 17:29:45,7806.0,13573,7806.5,1176924,192556,1771208,-1578652,-1163351,0.5
1900-01-21 17:30:00,7802.0,726297,7802.5,69298,125480,510800,-385320,656999,0.5
1900-01-21 17:30:15,7811.5,718874,7812.0,145000,493604,77846,415758,573874,0.5
1900-01-21 17:30:30,7811.5,9927,7812.0,692575,246077,112086,133991,-682648,0.5
1900-01-21 17:30:45,7809.0,76,7809.5,535480,39504,32329,7175,-535404,0.5
1900-01-21 17:31:00,7802.0,66063,7805.5,2977039,136654,227937,-91283,-2910976,3.5
1900-01-21 17:31:15,7801.0,892273,7801.5,1073002,52546,1074429,-1021883,-180729,0.5
1900-01-21 17:31:30,7801.0,1337571,7801.5,535881,18514,139622,-121108,801690,0.5
1900-01-21 17:31:45,7793.0,50928,7793.5,31761,442609,2789950,-2347341,19167,0.5
1900-01-21 17:32:00,7790.0,274490,7792.0,29981,215373,981933,-766560,244509,2.0
1900-01-21 17:32:15,7803.5,56497,7804.0,116118,611243,154839,456404,-59621,0.5
1900-01-21 17:32:30,7804.5,194977,7805.0,267158,651892,70835,581057,-72181,0.5
1900-01-21 17:32:45,7805.0,205705,7805.5,738437,242951,137632,105319,-532732,0.5
1900-01-21 17:33:00,7805.0,235072,7805.5,729843,149364,190696,-41332,-494771,0.5
1900-01-21 17:33:15,7805.0,219414,7805.5,900637,46866,77260,-30394,-681223,0.5
1900-01-21 17:33:30,7801.0,4803,7801.5,652754,33600,146966,-113366,-647951,0.5
1900-01-21 17:33:45,7796.0,159662,7796.5,937427,24664,108094,-83430,-777765,0.5
1900-01-21 17:34:00,7794.0,35334,7794.5,413739,29860,517330,-487470,-378405,0.5
1900-01-21 17:34:15,7799.5,271490,7800.0,2714,89725,198956,-109231,268776,0.5
1900-01-21 17:34:30,7798.0,411516,7798.5,337812,417576,92471,325105,73704,0.5
1900-01-21 17:34:45,7793.0,2186,7793.5,786016,18822,128653,-109831,-783830,0.5
1900-01-21 17:35:00,7784.0,818603,7784.5,33295,72032,243627,-171595,785308,0.5
1900-01-21 17:35:15,7789.0,243690,7789.5,808523,60857,140299,-79442,-564833,0.5
1900-01-21 17:35:30,7784.5,847243,7785.0,177176,103946,445180,-341234,670067,0.5
1900-01-21 17:35:45,7782.5,250301,7783.0,258774,211425,446061,-234636,-8473,0.5
1900-01-21 17:36:00,7779.0,309402,7779.5,1195201,28020,678612,-650592,-885799,0.5
1900-01-21 17:36:15,7777.5,489137,7778.0,1059426,65080,989601,-924521,-570289,0.5
1900-01-21 17:36:30,7785.0,507174,7785.5,3389,131874,257439,-125565,503785,0.5
1900-01-21 17:36:45,7795.0,369287,7795.5,512062,764683,39814,724869,-142775,0.5
1900-01-21 17:37:00,7799.0,340115,7799.5,412751,872372,44052,828320,-72636,0.5
1900-01-21 17:37:15,7799.0,114281,7799.5,733706,328957,59603,269354,-619425,0.5
1900-01-21 17:37:30,7797.5,1377671,7798.0,12344,147986,44336,103650,1365327,0.5
1900-01-21 17:37:45,7797.5,1130472,7798.0,54767,70496,3436,67060,1075705,0.5
1900-01-21 17:38:00,7799.5,1213757,7800.0,157912,60339,6066,54273,1055845,0.5
1900-01-21 17:38:15,7800.5,1508808,7801.0,130380,399820,4266,395554,1378428,0.5
1900-01-21 17:38:30,7802.5,406901,7803.0,820551,86159,134453,-48294,-413650,0.5
1900-01-21 17:38:45,7803.0,1008150,7803.5,29792,110361,22200,88161,978358,0.5
1900-01-21 17:39:00,7814.5,531597,7815.0,136446,282368,25817,256551,395151,0.5
1900-01-21 17:39:15,7814.5,1072666,7815.0,140338,528242,74589,453653,932328,0.5
1900-01-21 17:39:30,7817.0,1264477,7817.5,93564,329634,3842,325792,1170913,0.5
1900-01-21 17:39:45,7817.5,366737,7818.0,489831,99184,46223,52961,-123094,0.5
1900-01-21 17:40:00,7815.5,1063826,7816.0,268579,127428,213261,-85833,795247,0.5
1900-01-21 17:40:15,7815.5,231288,7816.0,686798,39399,40280,-881,-455510,0.5
1900-01-21 17:40:30,7812.0,17966,7812.5,859254,11076,170085,-159009,-841288,0.5
1900-01-21 17:40:45,7809.0,737692,7809.5,743128,32120,63539,-31419,-5436,0.5
1900-01-21 17:41:00,7809.0,436005,7809.5,882514,5733,102978,-97245,-446509,0.5
1900-01-21 17:41:15,7795.5,668839,7796.0,406786,6280,324661,-318381,262053,0.5
1900-01-21 17:41:30,7795.5,50291,7796.0,1565319,73236,382186,-308950,-1515028,0.5
1900-01-21 17:41:45,7792.5,1599118,7793.0,11597,192496,139394,53102,1587521,0.5
1900-01-21 17:42:00,7795.5,1029662,7796.0,786283,490053,57284,432769,243379,0.5
1900-01-21 20:19:30,7834.0,686986,7834.5,6313,39250,7072,32178,680673,0.5
1900-01-21 20:19:45,7838.0,784089,7838.5,328134,1133801,18659,1115142,455955,0.5
1900-01-21 20:20:00,7838.0,536490,7838.5,673187,540244,64936,475308,-136697,0.5
1900-01-21 20:20:15,7827.0,33533,7827.5,315053,83263,438565,-355302,-281520,0.5
1900-01-21 20:20:30,7824.0,1118608,7824.5,25214,78614,354709,-276095,1093394,0.5
1900-01-21 20:20:45,7825.0,73356,7825.5,752369,194627,66958,127669,-679013,0.5
1900-01-21 20:21:00,7820.0,878806,7820.5,135618,77018,171623,-94605,743188,0.5
1900-01-21 20:21:15,7823.5,1163949,7824.0,155461,240469,101587,138882,1008488,0.5
1900-01-21 20:21:30,7828.5,826200,7829.0,84997,193821,1156,192665,741203,0.5
1900-01-21 20:21:45,7831.5,875706,7832.0,140876,129344,1802,127542,734830,0.5
1900-01-21 20:22:00,7833.0,520935,7833.5,676904,11454,54956,-43502,-155969,0.5
1900-01-21 20:22:15,7833.0,894618,7833.5,76404,21277,57095,-35818,818214,0.5
1900-01-21 20:22:30,7833.0,121094,7833.5,1024561,89930,267461,-177531,-903467,0.5
1900-01-21 20:22:45,7820.5,14607,7821.0,451728,4474,93345,-88871,-437121,0.5
1900-01-21 20:23:00,7820.0,287144,7820.5,522338,6020,375301,-369281,-235194,0.5
1900-01-21 20:23:15,7825.0,127770,7825.5,20000,127436,100008,27428,107770,0.5
1900-01-21 20:23:30,7820.0,32263,7820.5,88549,209294,420631,-211337,-56286,0.5
1900-01-21 20:23:45,7820.0,668251,7820.5,643524,49677,102143,-52466,24727,0.5
1900-01-21 20:24:00,7817.5,439530,7818.0,540111,58190,193871,-135681,-100581,0.5
1900-01-21 20:24:15,7819.0,129489,7819.5,937274,378373,35174,343199,-807785,0.5
1900-01-21 20:24:30,7819.0,170744,7819.5,883425,7757,13801,-6044,-712681,0.5
1900-01-21 20:24:45,7820.0,782232,7820.5,26757,121800,62194,59606,755475,0.5
1900-01-21 20:25:00,7827.5,33000,7828.0,94363,301725,62900,238825,-61363,0.5
1900-01-21 20:25:15,7825.0,250255,7825.5,235762,70043,19584,50459,14493,0.5
1900-01-21 20:25:30,7825.0,1117391,7825.5,14254,28351,7006,21345,1103137,0.5
1900-01-21 20:25:45,7825.0,66911,7825.5,968814,37029,21868,15161,-901903,0.5
1900-01-21 20:26:00,7825.0,15523,7825.5,4086682,56768,220586,-163818,-4071159,0.5
1900-01-21 20:26:15,7811.0,4348,7811.5,735897,5090,196087,-190997,-731549,0.5
1900-01-21 20:26:30,7808.5,138493,7809.0,636147,12896,244250,-231354,-497654,0.5
1900-01-21 20:26:45,7808.5,567542,7809.0,268559,82944,139840,-56896,298983,0.5
1900-01-21 20:27:00,7808.0,26196,7808.5,1271969,79986,242017,-162031,-1245773,0.5
1900-01-21 20:27:15,7801.0,118217,7801.5,423419,13794,225209,-211415,-305202,0.5
1900-01-21 20:27:30,7801.0,593730,7801.5,32328,313905,395097,-81192,561402,0.5
1900-01-21 20:27:45,7803.0,666163,7803.5,2634,128288,91574,36714,663529,0.5
1900-01-21 20:28:00,7804.5,1004700,7805.0,192271,413462,129614,283848,812429,0.5
1900-01-21 20:28:15,7808.0,122741,7808.5,761596,177502,2838,174664,-638855,0.5
1900-01-21 20:28:30,7805.5,23554,7806.0,1358041,36746,37521,-775,-1334487,0.5
1900-01-21 20:28:45,7804.5,47908,7805.0,1440826,26424,162631,-136207,-1392918,0.5
1900-01-21 20:29:00,7803.0,1087261,7803.5,812420,6646,387428,-380782,274841,0.5
1900-01-21 20:29:15,7803.0,1230859,7803.5,820041,22948,182967,-160019,410818,0.5
1900-01-21 20:29:30,7803.0,1201861,7803.5,742501,32745,86716,-53971,459360,0.5
1900-01-21 20:29:45,7803.0,1198387,7803.5,781605,11628,51888,-40260,416782,0.5
1900-01-21 20:30:00,7804.5,122524,7805.0,8766,490608,13414,477194,113758,0.5
1900-01-21 20:30:15,7810.5,601946,7811.0,531193,288402,83764,204638,70753,0.5
1900-01-21 20:30:30,7810.5,482141,7811.0,263129,177937,5380,172557,219012,0.5
1900-01-21 20:30:45,7814.0,472512,7814.5,700918,78591,33970,44621,-228406,0.5
1900-01-21 20:31:00,7815.5,193324,7816.0,2063,107915,2240,105675,191261,0.5
1900-01-21 20:31:15,7819.5,367126,7820.0,624690,231345,66032,165313,-257564,0.5
1900-01-21 20:31:30,7819.5,457222,7820.0,815039,13333,33019,-19686,-357817,0.5
1900-01-21 20:31:45,7822.5,969929,7823.0,61507,184402,25547,158855,908422,0.5
1900-01-21 20:32:00,7826.5,411186,7827.0,227074,35713,7182,28531,184112,0.5
1900-01-21 20:32:15,7826.5,307704,7827.0,823290,10145,19014,-8869,-515586,0.5
1900-01-21 20:32:30,7827.5,52674,7828.0,822595,84582,46292,38290,-769921,0.5
1900-01-21 20:32:45,7827.0,19127,7828.0,739328,6582,2200383,-2193801,-720201,1.0
1900-01-21 20:33:00,7826.0,1394530,7826.5,55163,16820,18288,-1468,1339367,0.5
1900-01-21 20:33:15,7831.0,209978,7831.5,12224,123709,9224,114485,197754,0.5
1900-01-21 20:33:30,7836.5,1033425,7837.0,150,132610,7702,124908,1033275,0.5
1900-01-21 20:33:45,7837.5,205943,7838.0,558792,285485,25047,260438,-352849,0.5
1900-01-21 20:34:00,7838.0,1145099,7838.5,181602,111561,3936,107625,963497,0.5
1900-01-21 20:34:15,7838.0,1427217,7838.5,47390,239151,9708,229443,1379827,0.5
1900-01-21 20:34:30,7839.0,1025523,7839.5,149916,160498,50933,109565,875607,0.5
1900-01-21 20:34:45,7839.0,167244,7839.5,805191,29858,66565,-36707,-637947,0.5
1900-01-21 20:35:00,7839.0,1195436,7839.5,84871,41762,118807,-77045,1110565,0.5
1900-01-21 20:35:15,7839.5,1803540,7840.0,61443,199323,23062,176261,1742097,0.5
1900-01-21 20:35:30,7846.0,817392,7846.5,398978,291701,19255,272446,418414,0.5
1900-01-21 20:35:45,7843.0,24067,7843.5,954499,125303,92984,32319,-930432,0.5
1900-01-21 20:36:00,7843.0,387089,7843.5,551346,51920,37632,14288,-164257,0.5
1900-01-21 20:36:15,7847.5,1021294,7848.0,13533,274041,3720,270321,1007761,0.5
1900-01-21 20:36:30,7848.5,268214,7849.0,603229,112897,129715,-16818,-335015,0.5
1900-01-21 20:36:45,7848.5,423318,7849.0,601001,110915,105300,5615,-177683,0.5
1900-01-21 20:37:00,7848.5,360961,7849.0,577446,225962,6201,219761,-216485,0.5
1900-01-21 20:37:15,7847.0,45590,7847.5,865960,50038,209752,-159714,-820370,0.5
1900-01-21 20:37:30,7845.5,255405,7846.0,562527,52526,92504,-39978,-307122,0.5
1900-01-21 20:37:45,7842.5,6642,7843.0,1220051,822,119191,-118369,-1213409,0.5
1900-01-21 20:38:00,7841.0,773648,7841.5,191885,81194,175079,-93885,581763,0.5
1900-01-21 20:38:15,7841.0,673802,7841.5,228470,39140,49825,-10685,445332,0.5
1900-01-21 20:38:30,7841.0,38992,7841.5,937308,85744,106692,-20948,-898316,0.5
1900-01-21 20:38:45,7837.5,1065536,7838.0,64068,1748,115467,-113719,1001468,0.5
1900-01-21 20:39:00,7837.5,115836,7838.0,780672,15468,44464,-28996,-664836,0.5
1900-01-21 20:39:15,7837.5,1032968,7838.0,272048,15355,29444,-14089,760920,0.5
1900-01-21 20:39:30,7837.5,43636,7838.0,870140,3112,7554,-4442,-826504,0.5
1900-01-21 20:39:45,7835.5,1005110,7836.0,105039,74712,73139,1573,900071,0.5
1900-01-21 20:40:00,7835.5,883069,7836.0,272005,114800,9707,105093,611064,0.5
1900-01-21 20:40:15,7837.5,384606,7838.0,87377,65198,12002,53196,297229,0.5
1900-01-21 20:40:30,7853.5,133906,7854.0,56940,120312,27224,93088,76966,0.5
1900-01-21 20:40:45,7853.5,930799,7854.0,276588,86459,26036,60423,654211,0.5
1900-01-21 20:41:00,7867.0,4945,7867.5,73033,388134,63050,325084,-68088,0.5
1900-01-21 20:41:15,7851.0,709189,7851.5,3699,94219,66281,27938,705490,0.5
1900-01-21 20:41:30,7856.0,1800,7856.5,263900,111110,86279,24831,-262100,0.5
1900-01-21 20:41:45,7851.0,572508,7851.5,1700,37126,37640,-514,570808,0.5
1900-01-21 20:42:00,7870.0,5000,7870.5,46387,522535,145530,377005,-41387,0.5
1900-01-21 20:42:15,7874.0,494620,7874.5,269648,204239,493213,-288974,224972,0.5
1900-01-21 20:42:30,7888.0,59642,7888.5,1360,326290,81182,245108,58282,0.5
1900-01-21 20:42:45,7884.5,169768,7885.0,159321,1182191,926984,255207,10447,0.5
1900-01-21 20:43:00,7880.0,31836,7880.5,308678,164904,1051591,-886687,-276842,0.5
1900-01-21 20:43:15,7872.0,217358,7872.5,1290348,69550,331382,-261832,-1072990,0.5
1900-01-21 20:43:30,7880.0,855094,7880.5,56205,319393,71314,248079,798889,0.5
1900-01-21 20:43:45,7884.0,704383,7884.5,382927,232711,172743,59968,321456,0.5
1900-01-21 20:44:00,7884.0,563963,7884.5,697760,379280,52628,326652,-133797,0.5
1900-01-21 20:44:15,7882.0,48055,7882.5,31258,113924,347157,-233233,16797,0.5
1900-01-21 20:44:30,7884.0,221660,7884.5,666723,159612,133896,25716,-445063,0.5
1900-01-21 20:44:45,7887.0,967113,7887.5,162242,156722,39292,117430,804871,0.5
1900-01-21 20:45:00,7915.0,15000,7941.0,63551,2587346,35168,2552178,-48551,26.0
1900-01-21 20:45:15,7971.5,1100,7972.5,8274,3482531,854291,2628240,-7174,1.0
1900-01-21 20:45:30,7964.0,1846260,7968.0,2955,1592608,3971695,-2379087,1843305,4.0
1900-01-21 20:45:45,7963.5,194443,7964.0,545927,1605032,950446,654586,-351484,0.5
1900-01-21 20:46:00,7956.5,4937,7957.0,5000,729423,858025,-128602,-63,0.5
1900-01-21 20:46:15,7974.5,7546,7975.0,15871,904037,428791,475246,-8325,0.5
1900-01-21 20:46:30,7963.5,160963,7964.0,34119,566804,1071543,-504739,126844,0.5
1900-01-21 20:46:45,7979.5,257844,7980.0,315352,1315830,106012,1209818,-57508,0.5
1900-01-21 20:47:00,7975.5,88104,7976.0,406040,376294,778242,-401948,-317936,0.5
1900-01-21 20:47:15,7975.0,486723,7975.5,349471,1400935,716978,683957,137252,0.5
1900-01-21 20:47:30,7967.5,15096,7968.0,406251,260986,452992,-192006,-391155,0.5
1900-01-21 20:47:45,7965.0,25639,7965.5,17627,429092,266437,162655,8012,0.5
1900-01-21 20:48:00,7962.0,240073,7962.5,183364,158681,783116,-624435,56709,0.5
1900-01-21 20:48:15,7947.0,410235,7947.5,317143,95440,954340,-858900,93092,0.5
1900-01-21 20:48:30,7960.5,302520,7961.0,106437,668946,830244,-161298,196083,0.5
1900-01-21 20:48:45,7954.5,895656,7955.0,30617,119918,89423,30495,865039,0.5
1900-01-21 20:49:00,7966.0,13331,7966.5,5367,2042610,543848,1498762,7964,0.5
1900-01-21 20:49:15,7947.5,479890,7948.0,1371621,77213,1296924,-1219711,-891731,0.5
1900-01-21 20:49:30,7962.5,584538,7963.0,127549,242527,212242,30285,456989,0.5
1900-01-21 20:49:45,7978.5,693785,7979.0,795819,385354,175368,209986,-102034,0.5
1900-01-21 20:50:00,7974.0,259953,7974.5,211065,2475224,345632,2129592,48888,0.5
1900-01-21 20:50:15,7960.5,532384,7961.0,227892,907506,991363,-83857,304492,0.5
1900-01-21 20:50:30,7961.0,723608,7961.5,69951,200175,145389,54786,653657,0.5
1900-01-21 20:50:45,7967.0,169316,7967.5,4750,134448,206904,-72456,164566,0.5
1900-01-21 20:51:00,7967.0,466379,7967.5,345398,367424,480131,-112707,120981,0.5
1900-01-21 20:51:15,7961.5,625,7962.0,538619,148934,464624,-315690,-537994,0.5
1900-01-21 20:51:30,7960.0,26773,7960.5,724896,74215,354765,-280550,-698123,0.5
1900-01-21 20:51:45,7957.5,592176,7958.0,15299,61066,363417,-302351,576877,0.5
1900-01-21 20:52:00,7959.0,861149,7959.5,2069,333089,62607,270482,859080,0.5
1900-01-21 20:52:15,7965.5,421494,7966.0,643,704456,161750,542706,420851,0.5
1900-01-21 20:52:30,7973.5,46051,7974.0,32474,161014,129876,31138,13577,0.5
1900-01-21 20:52:45,7973.0,207345,7973.5,484295,418202,108400,309802,-276950,0.5
1900-01-21 20:53:00,7974.0,381801,7974.5,211065,909782,116174,793608,170736,0.5
1900-01-21 20:53:15,7967.0,522934,7967.5,482562,53954,596054,-542100,40372,0.5
1900-01-21 20:53:30,7966.5,406070,7967.0,269001,121640,155387,-33747,137069,0.5
1900-01-21 20:53:45,7963.0,12803,7963.5,927606,54050,297401,-243351,-914803,0.5
1900-01-21 20:54:00,7957.0,15627,7957.5,18882,25135,277209,-252074,-3255,0.5
1900-01-21 20:54:15,7950.0,159802,7950.5,1231835,21254,585683,-564429,-1072033,0.5
1900-01-21 20:54:30,7948.5,74553,7949.0,1171998,214727,244292,-29565,-1097445,0.5
1900-01-21 20:54:45,7959.5,93792,7960.0,32476,296140,107784,188356,61316,0.5
1900-01-21 20:55:00,7962.0,69177,7962.5,535661,618199,71380,546819,-466484,0.5
1900-01-21 20:55:15,7968.0,361374,7968.5,1320,341361,20712,320649,360054,0.5
1900-01-21 20:55:30,7972.5,901032,7973.0,4542,236480,123596,112884,896490,0.5
1900-01-21 20:55:45,7977.0,119449,7977.5,416500,364616,154914,209702,-297051,0.5
1900-01-21 20:56:00,7970.5,42050,7971.0,411273,361186,928205,-567019,-369223,0.5
1900-01-21 20:56:15,7963.0,92703,7963.5,819008,122250,566547,-444297,-726305,0.5
1900-01-21 20:56:30,7965.0,575540,7965.5,25,56855,126909,-70054,575515,0.5
1900-01-21 20:56:45,7970.5,908718,7971.0,12359,91571,99162,-7591,896359,0.5
1900-01-21 20:57:00,7972.0,338620,7972.5,30269,69849,31632,38217,308351,0.5
1900-01-21 20:57:15,7976.0,738864,7976.5,397534,240414,47216,193198,341330,0.5
1900-01-21 20:57:30,8004.5,49472,8005.0,454214,1728136,224285,1503851,-404742,0.5
1900-01-21 20:57:45,8008.5,997896,8009.0,53160,1014051,251423,762628,944736,0.5
1900-01-21 20:58:00,8025.5,12034,8026.0,345170,2925761,99588,2826173,-333136,0.5
1900-01-21 20:58:15,8027.5,43900,8028.0,286516,3628997,2937730,691267,-242616,0.5
1900-01-21 20:58:30,8021.0,35808,8021.5,49767,1783915,734353,1049562,-13959,0.5
1900-01-21 20:58:45,8010.5,45125,8011.0,561381,486217,521866,-35649,-516256,0.5
1900-01-21 20:59:00,8004.5,77180,8006.5,364967,1040542,639349,401193,-287787,2.0
1900-01-21 20:59:15,8003.5,556762,8004.0,309053,56390,567829,-511439,247709,0.5
1900-01-21 20:59:30,8014.0,501656,8014.5,343934,566687,335496,231191,157722,0.5
1900-01-21 20:59:45,8012.0,42627,8012.5,404583,203294,305928,-102634,-361956,0.5
1900-01-21 21:00:00,8010.0,204066,8010.5,235936,69961,73866,-3905,-31870,0.5
1900-01-21 21:00:15,8034.0,30990,8034.5,28699,1338933,276742,1062191,2291,0.5
1900-01-21 21:00:30,8023.0,226551,8023.5,23848,912801,382461,530340,202703,0.5
1900-01-21 21:00:45,8029.5,43218,8030.0,83609,552960,46726,506234,-40391,0.5
1900-01-21 21:01:00,8061.0,9375,8063.0,46499,1569172,210482,1358690,-37124,2.0
1900-01-21 21:01:15,8050.5,4957,8051.5,56371,2191717,185560,2006157,-51414,1.0
1900-01-21 21:01:30,8054.0,53417,8054.5,22208,475332,403125,72207,31209,0.5
1900-01-21 21:01:45,8059.5,51739,8060.0,114054,2593321,472259,2121062,-62315,0.5
1900-01-21 21:02:00,8061.0,688514,8061.5,10987,928421,475233,453188,677527,0.5
1900-01-21 21:02:15,8070.5,342412,8074.0,69539,1041622,1760968,-719346,272873,3.5
1900-01-21 21:02:30,8077.0,65285,8077.5,36721,1240838,518325,722513,28564,0.5
1900-01-21 21:02:45,8081.5,1016473,8082.0,45176,675980,288355,387625,971297,0.5
1900-01-21 21:03:00,8090.5,25102,8091.0,47222,939263,288541,650722,-22120,0.5
1900-01-21 21:03:15,8099.0,405045,8099.5,119969,1299217,315081,984136,285076,0.5
1900-01-21 21:03:30,8100.0,362925,8100.5,346189,1441032,658991,782041,16736,0.5
1900-01-21 21:03:45,8090.5,13197,8091.0,245264,422175,1703494,-1281319,-232067,0.5
1900-01-21 21:04:00,8074.0,56749,8074.5,296866,483198,1130433,-647235,-240117,0.5
1900-01-21 21:04:15,8063.5,42334,8064.0,17526,669036,3109446,-2440410,24808,0.5
1900-01-21 21:04:30,8070.0,576287,8070.5,513534,291295,751063,-459768,62753,0.5
1900-01-21 21:04:45,8069.0,77610,8069.5,610702,141303,1266953,-1125650,-533092,0.5
1900-01-21 21:05:00,8064.5,422862,8065.0,170294,169325,565288,-395963,252568,0.5
1900-01-21 21:05:15,8074.0,86354,8074.5,171867,155281,296016,-140735,-85513,0.5
1900-01-21 21:05:30,8080.5,275892,8081.0,359,232167,99781,132386,275533,0.5
1900-01-21 21:05:45,8096.5,4000,8097.0,35875,466650,66457,400193,-31875,0.5
1900-01-21 21:06:00,8087.0,119610,8087.5,53547,1220929,298516,922413,66063,0.5
1900-01-21 21:06:15,8077.5,50645,8078.0,112,162588,409832,-247244,50533,0.5
1900-01-21 21:06:30,8060.0,843985,8060.5,9341,350253,569570,-219317,834644,0.5
1900-01-21 21:06:45,8065.5,221498,8066.0,525984,1430275,415305,1014970,-304486,0.5
1900-01-21 21:07:00,8079.5,151511,8080.0,52112,855259,112774,742485,99399,0.5
1900-01-21 21:07:15,8074.5,168989,8075.0,857022,231292,496254,-264962,-688033,0.5
1900-01-21 21:07:30,8060.0,67152,8060.5,151480,130186,296502,-166316,-84328,0.5
1900-01-21 21:07:45,8063.5,364132,8064.0,165502,225577,208446,17131,198630,0.5
1900-01-21 21:08:00,8070.0,2279609,8070.5,35118,140725,193913,-53188,2244491,0.5
1900-01-21 21:08:15,8085.0,1794936,8085.5,925378,182046,401464,-219418,869558,0.5
1900-01-21 21:08:30,8086.0,542805,8086.5,20305,274824,185868,88956,522500,0.5
1900-01-21 21:08:45,8086.5,102740,8087.0,204380,119053,555182,-436129,-101640,0.5
1900-01-21 21:09:00,8078.5,9848,8079.0,489227,432373,482295,-49922,-479379,0.5
1900-01-21 21:09:15,8085.5,625642,8086.0,361337,653438,213800,439638,264305,0.5
1900-01-21 21:09:30,8078.5,161777,8079.0,334148,81594,135380,-53786,-172371,0.5
1900-01-21 21:09:45,8086.0,16732,8086.5,109988,213266,266089,-52823,-93256,0.5
1900-01-21 21:10:00,8072.0,16691,8072.5,4700,83757,356893,-273136,11991,0.5
1900-01-21 21:10:15,8071.5,898790,8072.0,2954,92863,797485,-704622,895836,0.5
1900-01-21 21:10:30,8072.0,196967,8072.5,537946,74625,497551,-422926,-340979,0.5
1900-01-21 21:10:45,8062.5,249727,8063.0,563191,27909,795752,-767843,-313464,0.5
1900-01-21 21:11:00,8062.5,10941,8063.0,570345,70105,554079,-483974,-559404,0.5
1900-01-21 21:11:15,8058.0,1230381,8058.5,275112,42544,683655,-641111,955269,0.5
1900-01-21 21:11:30,8059.5,424993,8060.0,100738,296710,212080,84630,324255,0.5
1900-01-21 21:11:45,8058.5,39317,8059.0,616771,89282,194092,-104810,-577454,0.5
1900-01-21 21:12:00,8055.0,109399,8055.5,1043213,133266,1317289,-1184023,-933814,0.5
1900-01-21 21:12:15,8049.5,113262,8050.0,10700,57889,625550,-567661,102562,0.5
1900-01-21 21:12:30,8046.0,100992,8046.5,354143,178740,890777,-712037,-253151,0.5
1900-01-21 21:12:45,8039.0,23411,8039.5,69712,166317,383892,-217575,-46301,0.5
1900-01-21 21:13:00,8031.5,2949447,8032.0,280768,124054,599586,-475532,2668679,0.5
1900-01-21 21:13:15,8039.0,263821,8039.5,22638,865540,463722,401818,241183,0.5
1900-01-21 21:13:30,8048.5,306130,8049.0,143100,458863,50916,407947,163030,0.5
1900-01-21 21:13:45,8049.0,256808,8049.5,631857,511378,224605,286773,-375049,0.5
1900-01-21 21:14:00,8046.0,161283,8046.5,788678,202520,303926,-101406,-627395,0.5
1900-01-21 21:14:15,8041.0,5849,8041.5,669203,16316,433425,-417109,-663354,0.5
1900-01-21 21:14:30,8034.5,37000,8035.0,459604,28388,340471,-312083,-422604,0.5
1900-01-21 21:14:45,8011.5,7058,8012.0,218316,395409,1869095,-1473686,-211258,0.5
1900-01-21 21:15:00,8011.0,391662,8011.5,516093,518210,639563,-121353,-124431,0.5
1900-01-21 21:15:15,8026.5,391454,8027.0,421662,838064,362324,475740,-30208,0.5
1900-01-21 21:15:30,8030.5,711467,8031.0,33860,1108295,200971,907324,677607,0.5
1900-01-21 21:15:45,8031.0,393630,8031.5,39781,437276,185451,251825,353849,0.5
1900-01-21 21:16:00,8034.5,585513,8035.0,210645,490211,269647,220564,374868,0.5
1900-01-21 21:16:15,8029.5,28453,8030.0,478381,152826,409785,-256959,-449928,0.5
1900-01-21 21:16:30,8034.0,66290,8034.5,488902,542501,176116,366385,-422612,0.5
1900-01-21 21:16:45,8031.5,1957368,8032.0,438254,179587,460075,-280488,1519114,0.5
1900-01-21 21:17:00,8031.5,426534,8032.0,335626,214808,11610996,-11396188,90908,0.5
1900-01-21 21:17:15,8034.5,1138392,8035.0,19859,260208,80402,179806,1118533,0.5
1900-01-21 21:17:30,8038.5,514664,8039.0,23703,299250,224181,75069,490961,0.5
1900-01-21 21:17:45,8046.0,107692,8046.5,385300,228605,95107,133498,-277608,0.5
1900-01-21 21:18:00,8046.0,514921,8046.5,37778,492131,189025,303106,477143,0.5
1900-01-21 21:18:15,8046.5,131185,8047.0,199658,90432,318706,-228274,-68473,0.5
1900-01-21 21:18:30,8051.0,429847,8051.5,38999,409194,14114,395080,390848,0.5
1900-01-21 21:18:45,8042.5,28505,8043.0,299792,100854,322803,-221949,-271287,0.5
1900-01-21 21:19:00,8042.5,402,8043.0,172034,321616,308263,13353,-171632,0.5
1900-01-21 21:19:15,8037.0,501010,8037.5,120160,128606,443045,-314439,380850,0.5
1900-01-21 21:19:30,8040.5,662139,8041.0,12412,52159,56015,-3856,649727,0.5
1900-01-21 21:19:45,8040.5,324273,8041.0,467666,25548,209966,-184418,-143393,0.5
1900-01-21 21:20:00,8040.5,886468,8041.0,678326,55436,90410,-34974,208142,0.5
1900-01-21 21:20:15,8037.5,16735,8038.0,189806,19685,156008,-136323,-173071,0.5
1900-01-21 21:20:30,8034.5,1141889,8035.0,42254,48505,165992,-117487,1099635,0.5
1900-01-21 21:20:45,8040.5,479786,8041.0,628157,101933,154850,-52917,-148371,0.5
1900-01-21 21:21:00,8040.5,862117,8041.0,250363,711436,10616,700820,611754,0.5
1900-01-21 21:21:15,8042.0,827429,8042.5,8986,231991,28065,203926,818443,0.5
1900-01-21 21:21:30,8045.5,452122,8046.0,262659,259318,13652,245666,189463,0.5
1900-01-21 21:21:45,8047.5,851871,8048.0,4161,93736,97554,-3818,847710,0.5
1900-01-21 21:22:00,8049.5,451239,8050.0,289538,201773,110928,90845,161701,0.5
1900-01-21 21:22:15,8050.0,288868,8050.5,272311,122232,30082,92150,16557,0.5
1900-01-21 21:22:30,8056.0,83374,8056.5,427345,162766,215304,-52538,-343971,0.5
1900-01-21 21:22:45,8056.0,719494,8056.5,48167,277332,11008,266324,671327,0.5
1900-01-21 21:23:00,8059.0,539517,8059.5,22866,143850,8096,135754,516651,0.5
1900-01-21 21:23:15,8063.0,317493,8063.5,196752,395219,78390,316829,120741,0.5
1900-01-21 21:23:30,8069.5,62839,8070.0,143975,865136,416258,448878,-81136,0.5
1900-01-21 21:23:45,8075.0,205728,8075.5,42048,175888,1666526,-1490638,163680,0.5
1900-01-21 21:24:00,8086.5,441832,8087.0,68518,153172,204482,-51310,373314,0.5
1900-01-21 21:24:15,8078.0,8733,8078.5,24862,459339,364725,94614,-16129,0.5
1900-01-21 21:24:30,8099.5,12763,8105.5,11666,1468838,497779,971059,1097,6.0
1900-01-21 21:24:45,8119.5,61804,8120.0,450253,1216148,433191,782957,-388449,0.5
1900-01-21 21:25:00,8115.0,25583,8115.5,6475,967220,728458,238762,19108,0.5
1900-01-21 21:25:15,8110.0,53237,8110.5,454644,349732,598261,-248529,-401407,0.5
1900-01-21 21:25:30,8119.5,62865,8120.0,168786,1245378,685135,560243,-105921,0.5
1900-01-21 21:25:45,8119.0,4562,8120.0,721102,288820,1075768,-786948,-716540,1.0
1900-01-21 21:26:00,8114.0,208812,8114.5,78282,856800,334298,522502,130530,0.5
1900-01-21 21:26:15,8109.0,2437,8109.5,400992,169558,235863,-66305,-398555,0.5
1900-01-21 21:26:30,8092.0,39480,8092.5,91215,80914,822448,-741534,-51735,0.5
1900-01-21 21:26:45,8099.0,105618,8099.5,781369,913173,398408,514765,-675751,0.5
1900-01-21 21:27:00,8098.0,90505,8098.5,312006,81213,303384,-222171,-221501,0.5
1900-01-21 21:27:15,8109.0,129210,8109.5,23022,642137,209142,432995,106188,0.5
1900-01-21 21:27:30,8105.5,23396,8106.0,417816,152555,248177,-95622,-394420,0.5
1900-01-21 21:27:45,8104.5,396347,8105.0,14800,462113,259530,202583,381547,0.5
1900-01-21 21:28:00,8118.0,52810,8118.5,440724,228187,278000,-49813,-387914,0.5
1900-01-21 21:28:15,8126.0,56597,8126.5,5,218067,119438,98629,56592,0.5
1900-01-21 21:28:30,8122.5,51475,8123.0,257462,94088,90461,3627,-205987,0.5
1900-01-21 21:28:45,8135.5,14940,8136.0,18699,473363,277861,195502,-3759,0.5
1900-01-21 21:29:00,8129.5,260977,8130.0,83231,318157,394781,-76624,177746,0.5
1900-01-21 21:29:15,8150.0,876182,8150.5,32804,331225,265735,65490,843378,0.5
1900-01-21 21:29:30,8145.5,4737,8146.0,150193,2229702,1575670,654032,-145456,0.5
1900-01-21 21:29:45,8147.5,83646,8148.0,190849,506777,704395,-197618,-107203,0.5
1900-01-21 21:30:00,8137.5,71794,8138.0,109639,219991,999935,-779944,-37845,0.5
1900-01-21 21:30:15,8144.0,503053,8144.5,32833,150812,548440,-397628,470220,0.5
1900-01-21 21:30:30,8149.5,440031,8150.0,172980,463314,195353,267961,267051,0.5
1900-01-21 21:30:45,8167.5,27685,8170.5,300000,2511036,476854,2034182,-272315,3.0
1900-01-21 21:31:00,8161.0,304624,8161.5,105320,717170,496133,221037,199304,0.5
1900-01-21 21:31:15,8165.5,45849,8166.0,1262459,580125,406679,173446,-1216610,0.5
1900-01-21 21:31:30,8145.0,128593,8145.5,96708,301357,1418397,-1117040,31885,0.5
1900-01-21 21:31:45,8135.5,318886,8136.0,161793,108776,810466,-701690,157093,0.5
1900-01-21 21:32:00,8127.5,108819,8128.0,31463,392213,733528,-341315,77356,0.5
1900-01-21 21:32:15,8107.5,1378,8108.0,184514,94067,1125649,-1031582,-183136,0.5
1900-01-21 21:32:30,8104.5,262105,8105.0,386111,392970,916670,-523700,-124006,0.5
1900-01-21 21:32:45,8104.0,35228,8104.5,871967,978732,846338,132394,-836739,0.5
1900-01-21 21:33:00,8079.5,7537,8080.0,1914866,921091,2031135,-1110044,-1907329,0.5
1900-01-21 21:33:15,8091.5,104130,8092.0,10000,927390,536232,391158,94130,0.5
1900-01-21 21:33:30,8087.5,172995,8088.0,13997,846497,201821,644676,158998,0.5
1900-01-21 21:33:45,8127.5,1875,8128.0,4044,1730425,156126,1574299,-2169,0.5
1900-01-21 21:34:00,8121.0,96164,8121.5,558727,653319,260243,393076,-462563,0.5
1900-01-21 21:34:15,8126.5,94784,8127.0,35784,515377,396685,118692,59000,0.5
1900-01-21 21:34:30,8115.0,2249,8116.0,127314,401735,258069,143666,-125065,1.0
1900-01-21 21:34:45,8099.5,141237,8100.0,485010,193238,330712,-137474,-343773,0.5
1900-01-21 21:35:00,8111.5,73063,8112.0,33074,279322,179958,99364,39989,0.5
1900-01-21 21:35:15,8111.5,436230,8112.0,16148,143619,100164,43455,420082,0.5
1900-01-21 21:35:30,8119.5,486235,8120.0,58147,262910,22831,240079,428088,0.5
1900-01-21 21:35:45,8115.5,12158,8116.0,426250,56370,201539,-145169,-414092,0.5
1900-01-21 21:36:00,8108.5,886,8109.0,606847,190589,244225,-53636,-605961,0.5
1900-01-21 21:36:15,8109.5,189280,8110.0,23572,198753,67591,131162,165708,0.5
1900-01-21 21:36:30,8099.0,421781,8099.5,53223,73933,395524,-321591,368558,0.5
1900-01-21 21:36:45,8102.5,162556,8103.0,396754,93953,95481,-1528,-234198,0.5
1900-01-21 21:37:00,8097.5,29682,8098.0,341819,111637,329025,-217388,-312137,0.5
1900-01-21 21:37:15,8091.5,261081,8092.0,154953,85380,646339,-560959,106128,0.5
1900-01-21 21:37:30,8077.0,51914,8077.5,4000,226991,781607,-554616,47914,0.5
1900-01-21 21:37:45,8078.5,94650,8079.0,156099,306586,618985,-312399,-61449,0.5
1900-01-21 21:38:00,8064.5,125369,8065.0,615275,113451,1449161,-1335710,-489906,0.5
1900-01-21 21:38:15,8053.0,23976,8053.5,42955,1736011,1200107,535904,-18979,0.5
1900-01-21 21:38:30,8081.0,46816,8081.5,356856,1931659,168313,1763346,-310040,0.5
1900-01-21 21:38:45,8074.0,253581,8074.5,90965,475364,289776,185588,162616,0.5
1900-01-21 21:39:00,8082.0,3799,8083.0,4873,881436,40371,841065,-1074,1.0
1900-01-21 21:39:15,8085.5,51116,8086.0,533812,363569,334453,29116,-482696,0.5
1900-01-21 21:39:30,8085.5,103826,8086.0,513558,106295,43604,62691,-409732,0.5
1900-01-21 21:39:45,8080.0,94476,8080.5,419057,81492,252134,-170642,-324581,0.5
1900-01-21 21:40:00,8089.5,469609,8090.0,35573,209811,91058,118753,434036,0.5
1900-01-21 21:40:15,8085.5,19487,8086.0,211184,659103,129488,529615,-191697,0.5
1900-01-21 21:40:30,8093.5,661394,8094.0,29095,210767,61458,149309,632299,0.5
1900-01-21 21:40:45,8093.5,143222,8094.0,437889,62836,100744,-37908,-294667,0.5
1900-01-21 21:41:00,8096.0,431211,8096.5,5015,216906,282884,-65978,426196,0.5
1900-01-21 21:41:15,8095.0,17420,8095.5,331314,38065,40105,-2040,-313894,0.5
1900-01-21 21:41:30,8076.0,37,8076.5,12079,39785,784737,-744952,-12042,0.5
1900-01-21 21:41:45,8070.5,32033,8071.0,572650,103794,406565,-302771,-540617,0.5
1900-01-21 21:42:00,8069.5,516076,8070.0,991417,181368,588801,-407433,-475341,0.5
1900-01-21 21:42:15,8075.5,592053,8076.0,92693,375443,1088451,-713008,499360,0.5
1900-01-21 21:42:30,8080.0,715138,8080.5,164685,262735,341799,-79064,550453,0.5
1900-01-21 21:42:45,8070.0,20681,8070.5,760675,68236,235528,-167292,-739994,0.5
1900-01-21 21:43:00,8061.0,824496,8061.5,150575,18020,193288,-175268,673921,0.5
1900-01-21 21:43:15,8072.5,69317,8073.0,46695,322096,127416,194680,22622,0.5
1900-01-21 21:43:30,8065.0,590522,8065.5,109633,121698,66494,55204,480889,0.5
1900-01-21 21:43:45,8070.0,1328471,8070.5,96892,111171,93952,17219,1231579,0.5
1900-01-21 21:44:00,8073.5,425269,8074.0,3638,122832,130707,-7875,421631,0.5
1900-01-21 21:44:15,8074.5,148041,8075.0,369153,62390,7348,55042,-221112,0.5
1900-01-21 21:44:30,8078.5,144735,8079.0,229863,96339,157091,-60752,-85128,0.5
1900-01-21 21:44:45,8073.5,35149,8074.0,478811,35798,272965,-237167,-443662,0.5
1900-01-21 21:45:00,8069.5,23430,8070.0,751885,191059,52544,138515,-728455,0.5
1900-01-21 21:45:15,8073.5,59179,8074.0,921279,15600,107925,-92325,-862100,0.5
1900-01-21 21:45:30,8071.5,109335,8072.0,550305,92552,86262,6290,-440970,0.5
1900-01-21 21:45:45,8075.0,51223,8075.5,679096,210979,258356,-47377,-627873,0.5
1900-01-21 21:46:00,8069.5,269645,8070.0,508476,38625,110232,-71607,-238831,0.5
1900-01-21 21:46:15,8052.5,344981,8053.0,13361,78212,734856,-656644,331620,0.5
1900-01-21 21:46:30,8069.0,122614,8069.5,411763,916897,663963,252934,-289149,0.5
1900-01-21 21:46:45,8056.0,216540,8056.5,529181,128434,319832,-191398,-312641,0.5
1900-01-21 21:47:00,8056.0,51010,8056.5,504824,71396,214265,-142869,-453814,0.5
1900-01-21 21:47:15,8050.0,85693,8050.5,561939,47700,390000,-342300,-476246,0.5
1900-01-21 21:47:30,8053.5,2928,8054.5,2000,361001,595991,-234990,928,1.0
1900-01-21 21:47:45,8049.0,331962,8049.5,30804,50992,159214,-108222,301158,0.5
1900-01-21 21:48:00,8041.0,451424,8041.5,313402,158555,264578,-106023,138022,0.5
1900-01-21 21:48:15,8033.5,69725,8034.0,1000,51473,1095981,-1044508,68725,0.5
1900-01-21 21:48:30,8036.0,10000,8036.5,9359,242462,1120724,-878262,641,0.5
1900-01-21 21:48:45,8039.5,12653,8040.0,230991,629925,115638,514287,-218338,0.5
1900-01-21 21:49:00,8021.5,625150,8022.0,62110,68895,197619,-128724,563040,0.5
1900-01-21 21:49:15,8029.5,179275,8030.0,382607,130656,243889,-113233,-203332,0.5
1900-01-21 21:49:30,8028.5,16202,8029.0,718958,527175,239734,287441,-702756,0.5
1900-01-21 21:49:45,8023.0,324837,8023.5,119113,717160,460301,256859,205724,0.5
1900-01-21 21:50:00,8030.0,978725,8030.5,147094,626552,626722,-170,831631,0.5
1900-01-21 21:50:15,8028.5,17176,8029.0,272267,325204,318763,6441,-255091,0.5
1900-01-21 21:50:30,8028.5,424225,8029.0,52837,589676,110663,479013,371388,0.5
1900-01-21 21:50:45,8032.5,138402,8033.0,363331,107967,17372,90595,-224929,0.5
1900-01-21 21:51:00,8032.5,369579,8033.0,295747,303955,56737,247218,73832,0.5
1900-01-21 21:51:15,8029.0,202952,8029.5,247713,431958,280262,151696,-44761,0.5
1900-01-21 21:51:30,8036.5,118280,8037.0,821519,285075,33325,251750,-703239,0.5
1900-01-21 21:51:45,8032.0,31372,8032.5,664733,411511,105224,306287,-633361,0.5
1900-01-21 21:52:00,8032.0,493536,8032.5,513504,96008,27050,68958,-19968,0.5
1900-01-21 21:52:15,8040.0,570838,8040.5,27068,244787,11355,233432,543770,0.5
1900-01-21 21:52:30,8042.0,533735,8042.5,186513,348877,127000,221877,347222,0.5
1900-01-21 21:52:45,8041.5,396990,8042.0,21043,213401,88618,124783,375947,0.5
1900-01-21 21:53:00,8054.5,338952,8055.0,595195,2312372,57034,2255338,-256243,0.5
1900-01-21 21:53:15,8054.5,372895,8055.0,447800,248609,25370,223239,-74905,0.5
1900-01-21 21:53:30,8070.0,81928,8070.5,477094,222821,763242,-540421,-395166,0.5
1900-01-21 21:53:45,8057.0,30571,8057.5,101294,424458,117834,306624,-70723,0.5
1900-01-21 21:54:00,8062.5,6050,8063.0,102606,118416,64267,54149,-96556,0.5
1900-01-21 21:54:15,8058.5,321693,8059.0,287562,218830,146029,72801,34131,0.5
1900-01-21 21:54:30,8068.5,100054,8069.0,509815,417144,53474,363670,-409761,0.5
1900-01-21 21:54:45,8059.0,640773,8059.5,35879,70882,222824,-151942,604894,0.5
1900-01-21 21:55:00,8074.5,214038,8075.0,456990,426449,55567,370882,-242952,0.5
1900-01-21 21:55:15,8066.5,681272,8067.0,895,68581,130660,-62079,680377,0.5
1900-01-21 21:55:30,8065.0,3922,8065.5,511029,41385,130765,-89380,-507107,0.5
1900-01-21 21:55:45,8069.5,17431,8070.0,91611,257093,31552,225541,-74180,0.5
1900-01-21 21:56:00,8074.0,336631,8074.5,314768,119274,26968,92306,21863,0.5
1900-01-21 21:56:15,8074.0,317038,8074.5,643233,17426,38260,-20834,-326195,0.5
1900-01-21 21:56:30,8070.5,467226,8071.0,163264,67185,518527,-451342,303962,0.5
1900-01-21 21:56:45,8067.0,1728,8067.5,677045,112930,259525,-146595,-675317,0.5
1900-01-21 21:57:00,8056.5,12030,8057.0,132951,2356,94159,-91803,-120921,0.5
1900-01-21 21:57:15,8061.5,674174,8062.0,21700,752555,364156,388399,652474,0.5
1900-01-21 21:57:30,8067.0,210842,8067.5,577979,95254,1920,93334,-367137,0.5
1900-01-21 21:57:45,8067.0,143223,8067.5,649616,103822,45883,57939,-506393,0.5
1900-01-21 21:58:00,8067.0,534363,8067.5,36306,40690,82731,-42041,498057,0.5
1900-01-21 21:58:15,8063.0,820987,8063.5,113999,47239,182663,-135424,706988,0.5
1900-01-21 21:58:30,8063.0,507686,8063.5,262547,31404,123028,-91624,245139,0.5
1900-01-21 21:58:45,8063.0,692004,8063.5,331870,13260,4348,8912,360134,0.5
1900-01-21 21:59:00,8066.5,89793,8067.0,151473,430238,215860,214378,-61680,0.5
1900-01-21 21:59:15,8064.5,244360,8065.0,506329,133822,69294,64528,-261969,0.5
1900-01-21 21:59:30,8060.0,1222842,8060.5,437490,70936,169316,-98380,785352,0.5
1900-01-21 21:59:45,8054.5,1030,8055.0,525809,5636,1345294,-1339658,-524779,0.5
1900-01-21 22:00:00,8054.5,221826,8055.0,671326,36493,29320,7173,-449500,0.5
1900-01-21 22:00:15,8062.5,61392,8063.0,190749,666978,133942,533036,-129357,0.5
1900-01-21 22:00:30,8062.5,30905,8063.0,548675,315060,165481,149579,-517770,0.5
1900-01-21 22:00:45,8066.0,134096,8066.5,10323,123606,9249,114357,123773,0.5
1900-01-21 22:01:00,8075.5,764312,8076.0,251313,674014,155984,518030,512999,0.5
1900-01-21 22:01:15,8076.0,543853,8076.5,409785,548955,13941,535014,134068,0.5
1900-01-21 22:01:30,8082.0,216246,8082.5,95782,421552,7785,413767,120464,0.5
1900-01-21 22:01:45,8083.5,904748,8084.0,65751,304125,207956,96169,838997,0.5
1900-01-21 22:02:00,8098.5,145976,8099.0,1736,224288,11624,212664,144240,0.5
1900-01-21 22:02:15,8096.5,11838,8097.0,1000,1102933,172500,930433,10838,0.5
1900-01-21 22:02:30,8113.5,192,8114.0,67323,1509137,900013,609124,-67131,0.5
1900-01-21 22:02:45,8108.0,633389,8109.0,10021,303881,487130,-183249,623368,1.0
1900-01-21 22:03:00,8117.0,257083,8117.5,584203,961534,105803,855731,-327120,0.5
1900-01-21 22:03:15,8102.0,5663,8102.5,253586,301529,539646,-238117,-247923,0.5
1900-01-21 22:03:30,8099.5,6414,8100.0,255232,42397,399745,-357348,-248818,0.5
1900-01-21 22:03:45,8101.5,516460,8102.0,14654,46918,197100,-150182,501806,0.5
1900-01-21 22:04:00,8110.0,33761,8110.5,1286,790026,61099,728927,32475,0.5
1900-01-21 22:04:15,8113.5,44192,8114.0,625778,126223,93375,32848,-581586,0.5
1900-01-21 22:04:30,8098.0,492621,8098.5,18600,91567,271225,-179658,474021,0.5
1900-01-21 22:04:45,8093.5,413431,8094.0,221447,143978,1003202,-859224,191984,0.5
1900-01-21 22:05:00,8093.5,376180,8094.0,107757,137098,501710,-364612,268423,0.5
1900-01-21 22:05:15,8095.5,395511,8096.0,37581,281635,321729,-40094,357930,0.5
1900-01-21 22:05:30,8092.5,997,8093.0,445913,2121510,448610,1672900,-444916,0.5
1900-01-21 22:05:45,8090.0,412628,8090.5,53998,153226,1326648,-1173422,358630,0.5
1900-01-21 22:06:00,8083.0,10581,8083.5,602040,78354,151997,-73643,-591459,0.5
1900-01-21 22:06:15,8084.5,10624,8085.0,93498,223481,303721,-80240,-82874,0.5
1900-01-21 22:06:30,8077.0,305246,8077.5,63725,236954,216888,20066,241521,0.5
1900-01-21 22:06:45,8078.5,558060,8079.0,86550,159278,344510,-185232,471510,0.5
1900-01-21 22:07:00,8089.5,97337,8090.0,862237,106715,66782,39933,-764900,0.5
1900-01-21 22:07:15,8078.0,12139,8078.5,427631,64700,104129,-39429,-415492,0.5
1900-01-21 22:07:30,8086.0,154308,8086.5,292871,435709,100221,335488,-138563,0.5
1900-01-21 22:07:45,8090.0,80221,8090.5,577863,747482,51513,695969,-497642,0.5
1900-01-21 22:08:00,8090.0,169490,8090.5,544982,78744,45497,33247,-375492,0.5
1900-01-21 22:08:15,8084.5,52152,8085.0,408380,181066,71973,109093,-356228,0.5
1900-01-21 22:08:30,8079.0,4003,8079.5,695494,68066,437242,-369176,-691491,0.5
1900-01-21 22:08:45,8079.0,117723,8079.5,253327,345378,597164,-251786,-135604,0.5
1900-01-21 22:09:00,8088.5,63901,8089.0,716009,106281,38012,68269,-652108,0.5
1900-01-21 22:09:15,8087.5,354755,8088.0,242846,55280,69340,-14060,111909,0.5
1900-01-21 22:09:30,8093.5,437772,8094.0,1286,257893,59160,198733,436486,0.5
1900-01-21 22:09:45,8094.5,25603,8095.0,580390,387526,65345,322181,-554787,0.5
1900-01-21 22:10:00,8087.0,1994,8087.5,358351,31392,144634,-113242,-356357,0.5
1900-01-21 22:10:15,8089.0,383329,8089.5,75743,66476,106110,-39634,307586,0.5
1900-01-21 22:10:30,8089.5,140657,8090.0,111240,122637,4556,118081,29417,0.5
1900-01-21 22:10:45,8093.5,139591,8094.0,548921,143881,8578,135303,-409330,0.5
1900-01-21 22:11:00,8092.0,566522,8092.5,190995,69066,185194,-116128,375527,0.5
1900-01-21 22:11:15,8094.5,15884,8095.0,599889,109540,136860,-27320,-584005,0.5
1900-01-21 22:11:30,8094.5,540893,8095.0,6486,146103,12252,133851,534407,0.5
1900-01-21 22:11:45,8097.0,254648,8097.5,671280,106878,41896,64982,-416632,0.5
1900-01-21 22:12:00,8101.5,887908,8102.0,235605,394457,47493,346964,652303,0.5
1900-01-21 22:12:15,8109.5,81091,8110.0,59492,328608,8300,320308,21599,0.5
1900-01-21 22:12:30,8107.5,34837,8108.0,385296,188804,84575,104229,-350459,0.5
1900-01-21 22:12:45,8112.5,454060,8113.0,132278,275654,90480,185174,321782,0.5
1900-01-21 22:13:00,8096.0,6590,8099.5,135231,46257,369635,-323378,-128641,3.5
1900-01-21 22:13:15,8100.5,261266,8101.0,25759,141258,112156,29102,235507,0.5
1900-01-21 22:13:30,8091.5,49148,8092.0,274206,90328,233339,-143011,-225058,0.5
1900-01-21 22:13:45,8091.0,873196,8091.5,17044,90682,115096,-24414,856152,0.5
1900-01-21 22:14:00,8094.5,41410,8095.0,522813,50302,68000,-17698,-481403,0.5
1900-01-21 22:14:15,8094.5,167205,8095.0,72630,19289,147341,-128052,94575,0.5
1900-01-21 22:14:30,8089.5,143319,8090.0,351917,496340,45164,451176,-208598,0.5
1900-01-21 22:14:45,8089.5,489318,8090.0,262651,20142,16152,3990,226667,0.5
1900-01-21 22:15:00,8088.5,15449,8089.0,829095,22327,333034,-310707,-813646,0.5
1900-01-21 22:15:15,8079.5,30495,8080.0,418285,20668,189382,-168714,-387790,0.5
1900-01-21 22:15:30,8071.5,353161,8072.5,37532,108544,258874,-150330,315629,1.0
1900-01-21 22:15:45,8077.0,23241,8077.5,439673,318464,143489,174975,-416432,0.5
1900-01-21 22:16:00,8070.0,267475,8070.5,103075,57558,117712,-60154,164400,0.5
1900-01-21 22:16:15,8093.0,70587,8093.5,228337,469788,103984,365804,-157750,0.5
1900-01-21 22:16:30,8086.5,852885,8087.0,72980,14093,206981,-192888,779905,0.5
1900-01-21 22:16:45,8089.5,559219,8090.0,131380,130497,20647,109850,427839,0.5
1900-01-21 22:17:00,8085.5,1122,8086.0,456763,27868,34535,-6667,-455641,0.5
1900-01-21 22:17:15,8084.5,70045,8085.0,549518,15166,54348,-39182,-479473,0.5
1900-01-21 22:17:30,8082.0,644,8082.5,309771,223638,31715,191923,-309127,0.5
1900-01-21 22:17:45,8080.5,33579,8081.0,508915,11640,37157,-25517,-475336,0.5
1900-01-21 22:18:00,8080.0,954349,8080.5,74423,35233,29985,5248,879926,0.5
1900-01-21 22:18:15,8080.0,15515,8080.5,953509,33792,16545,17247,-937994,0.5
1900-01-21 22:18:30,8074.0,426829,8074.5,135914,992,43740,-42748,290915,0.5
1900-01-21 22:18:45,8071.5,39164,8072.0,410026,984,155699,-154715,-370862,0.5
1900-01-21 22:19:00,8068.0,28541,8068.5,816130,131951,108069,23882,-787589,0.5
1900-01-21 22:19:15,8071.0,542316,8071.5,556763,260526,136603,123923,-14447,0.5
1900-01-21 22:19:30,8070.5,20491,8071.0,529807,152745,202995,-50250,-509316,0.5
1900-01-21 22:19:45,8070.0,1437778,8070.5,229601,40740,155474,-114734,1208177,0.5
1900-01-21 22:20:00,8070.0,1375370,8070.5,275826,52166,175991,-123825,1099544,0.5
1900-01-21 22:20:15,8071.0,849922,8071.5,349242,349218,142656,206562,500680,0.5
1900-01-21 22:20:30,8068.5,1000,8069.0,221919,483946,458859,25087,-220919,0.5
1900-01-21 22:20:45,8049.5,9564,8050.5,98081,7894,566462,-558568,-88517,1.0
1900-01-21 22:21:00,8046.0,133127,8046.5,533330,193161,583217,-390056,-400203,0.5
1900-01-21 22:21:15,8044.0,526881,8044.5,143200,736804,201978,534826,383681,0.5
1900-01-21 22:21:30,8041.0,86911,8041.5,768924,39570,573684,-534114,-682013,0.5
1900-01-21 22:21:45,8033.0,405849,8033.5,44436,158816,576944,-418128,361413,0.5
1900-01-21 22:22:00,8047.5,196144,8048.0,18038,568066,601659,-33593,178106,0.5
1900-01-21 22:22:15,8057.5,184994,8058.0,369995,571092,23863,547229,-185001,0.5
1900-01-21 22:22:30,8057.5,577399,8058.0,54290,67986,127596,-59610,523109,0.5
1900-01-21 22:22:45,8050.5,164040,8051.0,88485,430414,108293,322121,75555,0.5
1900-01-21 22:23:00,8055.0,58645,8055.5,1115514,146081,222171,-76090,-1056869,0.5
1900-01-21 22:23:15,8048.5,103916,8049.0,155025,27376,70759,-43383,-51109,0.5
1900-01-21 22:23:30,8041.0,213571,8041.5,119965,26169,450467,-424298,93606,0.5
1900-01-21 22:23:45,8041.0,362588,8041.5,145710,15170,155920,-140750,216878,0.5
1900-01-21 22:24:00,8041.0,1136524,8041.5,14904,24455,13231,11224,1121620,0.5
1900-01-21 22:24:15,8044.0,101118,8044.5,565944,100602,83982,16620,-464826,0.5
1900-01-21 22:24:30,8046.5,469108,8047.0,249234,137754,16102,121652,219874,0.5
1900-01-21 22:24:45,8050.5,571158,8051.0,11849,47279,45340,1939,559309,0.5
1900-01-21 22:25:00,8051.5,172473,8052.0,643083,176522,55015,121507,-470610,0.5
1900-01-21 22:25:15,8051.5,495928,8052.0,61575,74860,32643,42217,434353,0.5
1900-01-21 22:25:30,8051.5,3469,8052.0,1181113,2950,32958,-30008,-1177644,0.5
1900-01-21 22:25:45,8054.0,509977,8054.5,207666,210418,108973,101445,302311,0.5
1900-01-21 22:26:00,8053.0,479417,8053.5,70861,74743,40610,34133,408556,0.5
1900-01-21 22:26:15,8065.5,81003,8066.0,4849,236212,25600,210612,76154,0.5
1900-01-21 22:26:30,8065.5,71770,8066.0,807782,95277,23348,71929,-736012,0.5
1900-01-21 22:26:45,8065.5,212476,8066.0,506164,136115,117206,18909,-293688,0.5
1900-01-21 22:27:00,8065.5,220882,8066.0,876734,36273,85568,-49295,-655852,0.5
1900-01-21 22:27:15,8066.0,969357,8066.5,54627,334106,42210,291896,914730,0.5
1900-01-21 22:27:30,8075.0,271045,8075.5,596,242788,8064,234724,270449,0.5
1900-01-21 22:27:45,8072.5,6442,8073.0,920432,205951,15022,190929,-913990,0.5
1900-01-21 22:28:00,8075.0,245,8075.5,346171,105013,87527,17486,-345926,0.5
1900-01-21 22:28:15,8070.5,485357,8071.0,337162,8956,136562,-127606,148195,0.5
1900-01-21 22:28:30,8070.5,803900,8071.0,273053,163938,50725,113213,530847,0.5
1900-01-21 22:28:45,8070.5,150552,8071.0,874793,92667,47389,45278,-724241,0.5
1900-01-21 22:29:00,8067.5,468306,8068.0,421403,43692,24324,19368,46903,0.5
1900-01-21 22:29:15,8068.0,723521,8068.5,67241,78154,135441,-57287,656280,0.5
1900-01-21 22:29:30,8069.5,747340,8070.0,6422,44290,4354,39936,740918,0.5
1900-01-21 22:29:45,8070.5,191844,8071.0,816350,24438,16088,8350,-624506,0.5
1900-01-21 22:30:00,8078.0,57908,8078.5,685151,494323,87989,406334,-627243,0.5
1900-01-21 22:30:15,8071.5,545856,8072.0,206478,208116,89450,118666,339378,0.5
1900-01-21 22:30:30,8071.0,32208,8071.5,826910,49417,40337,9080,-794702,0.5
1900-01-21 22:30:45,8063.0,148478,8063.5,1227076,227151,85268,141883,-1078598,0.5
1900-01-21 22:31:00,8060.5,3631,8061.0,730679,3820,492174,-488354,-727048,0.5
1900-01-21 22:31:15,8049.5,561,8050.0,206572,1900,207868,-205968,-206011,0.5
1900-01-21 22:31:30,8054.0,391690,8054.5,39260,265481,303687,-38206,352430,0.5
1900-01-21 22:31:45,8053.0,1000,8053.5,3333,69144,182786,-113642,-2333,0.5
1900-01-21 22:32:00,8053.0,133944,8053.5,518789,55134,50598,4536,-384845,0.5
1900-01-21 22:32:15,8046.0,658504,8046.5,3854,67616,286503,-218887,654650,0.5
1900-01-21 22:32:30,8047.0,617721,8047.5,281239,56509,109674,-53165,336482,0.5
1900-01-21 22:32:45,8050.0,1201147,8050.5,529568,108339,18866,89473,671579,0.5
1900-01-21 22:33:00,8050.0,1084965,8050.5,528258,33413,103200,-69787,556707,0.5
1900-01-21 22:33:15,8050.0,809735,8050.5,1040871,62404,318077,-255673,-231136,0.5
1900-01-21 22:33:30,8041.0,349834,8041.5,1007825,23740,1235372,-1211632,-657991,0.5
1900-01-21 22:33:45,8041.0,538611,8041.5,1117127,42388,396113,-353725,-578516,0.5
1900-01-21 22:34:00,8036.0,3922,8036.5,1118186,17214,538892,-521678,-1114264,0.5
1900-01-21 22:34:15,8035.0,1683773,8035.5,302153,33426,227725,-194299,1381620,0.5
1900-01-21 22:34:30,8046.0,11248,8046.5,114332,536885,123919,412966,-103084,0.5
1900-01-21 22:34:45,8042.5,40301,8043.0,1036250,110679,626850,-516171,-995949,0.5
1900-01-21 22:35:00,8044.0,500,8044.5,689381,92894,369790,-276896,-688881,0.5
1900-01-21 22:35:15,8042.0,900320,8042.5,243032,91550,206766,-115216,657288,0.5
1900-01-21 22:35:30,8042.0,1019187,8042.5,187087,135658,28,135630,832100,0.5
1900-01-21 22:35:45,8042.0,1040862,8042.5,386979,27486,27240,246,653883,0.5
1900-01-21 22:36:00,8042.0,1049684,8042.5,651189,90453,23000,67453,398495,0.5
1900-01-21 22:36:15,8042.0,491345,8042.5,966316,24520,781095,-756575,-474971,0.5
1900-01-21 22:36:30,8026.0,24985,8026.5,373564,100510,1545034,-1444524,-348579,0.5
1900-01-21 22:36:45,8025.0,190011,8025.5,2449728,74748,494068,-419320,-2259717,0.5
1900-01-21 22:37:00,8025.0,568993,8025.5,73385,360922,305062,55860,495608,0.5
1900-01-21 22:37:15,8026.5,413287,8027.0,413915,325872,212878,112994,-628,0.5
1900-01-21 22:37:30,8035.0,173442,8035.5,5417,287612,83158,204454,168025,0.5
1900-01-21 22:37:45,8034.0,10773,8034.5,448372,100800,67682,33118,-437599,0.5
1900-01-21 22:38:00,8025.5,262631,8026.0,993588,108580,280574,-171994,-730957,0.5
1900-01-21 22:38:15,8025.0,184936,8025.5,948934,43098,249085,-205987,-763998,0.5
1900-01-21 22:38:30,8018.0,139119,8018.5,244692,95292,507152,-411860,-105573,0.5
1900-01-21 22:38:45,8024.0,126590,8024.5,404087,241930,379457,-137527,-277497,0.5
1900-01-21 22:39:00,8025.0,384595,8025.5,171463,69135,224196,-155061,213132,0.5
1900-01-21 22:39:15,8025.0,26573,8025.5,716398,325762,177631,148131,-689825,0.5
1900-01-21 22:39:30,8024.5,5733,8025.0,1386039,13200,31333,-18133,-1380306,0.5
1900-01-21 22:39:45,8020.0,61624,8020.5,960594,31702,1318249,-1286547,-898970,0.5
1900-01-21 22:40:00,8016.0,217144,8016.5,523921,22872,374634,-351762,-306777,0.5
1900-01-21 22:40:15,8015.0,704255,8015.5,1013514,40600,395482,-354882,-309259,0.5
1900-01-21 22:40:30,8012.0,112997,8012.5,313996,71398,1482404,-1411006,-200999,0.5
1900-01-21 22:40:45,8005.0,872156,8005.5,1194428,110750,2044300,-1933550,-322272,0.5
1900-01-21 22:41:00,7992.0,199157,7992.5,22689,107035,6855864,-6748829,176468,0.5
1900-01-21 22:41:15,7994.5,237458,7995.0,564064,1383217,2480004,-1096787,-326606,0.5
1900-01-21 22:41:30,7994.5,78260,7995.0,772557,475555,396742,78813,-694297,0.5
1900-01-21 22:41:45,7988.0,165204,7988.5,248906,83388,903711,-820323,-83702,0.5
1900-01-21 22:42:00,7993.0,42451,7993.5,77056,758010,718930,39080,-34605,0.5
1900-01-21 22:42:15,7994.0,149380,7994.5,24920,639665,43446,596219,124460,0.5
1900-01-21 22:42:30,7989.5,138132,7990.0,767944,912901,258896,654005,-629812,0.5
1900-01-21 22:42:45,7985.0,296736,7985.5,645334,331298,584843,-253545,-348598,0.5
1900-01-21 22:43:00,7985.0,223149,7985.5,594009,145187,536529,-391342,-370860,0.5
1900-01-21 22:43:15,7970.5,12000,7971.0,138454,56118,1033145,-977027,-126454,0.5
1900-01-21 22:43:30,7967.5,520620,7968.0,49968,123545,1471460,-1347915,470652,0.5
1900-01-21 22:43:45,7960.0,430375,7962.5,1121468,946559,1498402,-551843,-691093,2.5
1900-01-21 22:44:00,7950.5,105411,7951.0,610394,560973,1568585,-1007612,-504983,0.5
1900-01-21 22:44:15,7957.0,174294,7957.5,14091,993518,626188,367330,160203,0.5
1900-01-21 22:44:30,7963.5,886477,7964.0,202420,1035630,99523,936107,684057,0.5
1900-01-21 22:44:45,7979.0,185414,7979.5,522225,1016157,303871,712286,-336811,0.5
1900-01-21 22:45:00,7977.0,444484,7977.5,201161,341704,114966,226738,243323,0.5
1900-01-21 22:45:15,7982.5,717064,7983.0,760920,2301564,86535,2215029,-43856,0.5
1900-01-21 22:45:30,7988.5,457046,7989.0,837852,938172,17946,920226,-380806,0.5
1900-01-21 22:45:45,7983.0,13123,7983.5,510727,849183,102562,746621,-497604,0.5
1900-01-21 22:46:00,7979.5,388179,7980.0,28000,333915,125915,208000,360179,0.5
1900-01-21 22:46:15,7983.5,656270,7984.0,99451,439957,38175,401782,556819,0.5
1900-01-21 22:46:30,7979.5,267790,7980.0,148418,178958,151333,27625,119372,0.5
1900-01-21 22:46:45,7974.0,24812,7974.5,1120677,49006,322222,-273216,-1095865,0.5
1900-01-21 22:47:00,7965.0,215392,7965.5,677786,99144,347462,-248318,-462394,0.5
1900-01-21 22:47:15,7961.5,514522,7962.0,168999,229705,282870,-53165,345523,0.5
1900-01-21 22:47:30,7950.5,49465,7951.0,62576,470848,687732,-216884,-13111,0.5
1900-01-21 22:47:45,7942.5,150005,7943.0,21201,538994,1003070,-464076,128804,0.5
1900-01-21 22:48:00,7947.0,561982,7947.5,1234,296544,1093540,-796996,560748,0.5
1900-01-21 22:48:15,7941.0,75818,7941.5,747861,275703,899157,-623454,-672043,0.5
1900-01-21 22:48:30,7921.5,314638,7922.0,184967,341186,2155836,-1814650,129671,0.5
1900-01-21 22:48:45,7918.5,28573,7919.0,22996,308917,1572667,-1263750,5577,0.5
1900-01-21 22:49:00,7928.5,5000,7929.0,18997,854744,132189,722555,-13997,0.5
1900-01-21 22:49:15,7941.0,190641,7941.5,268212,1231580,229637,1001943,-77571,0.5
1900-01-21 22:49:30,7922.5,121662,7923.0,535016,377779,1120104,-742325,-413354,0.5
1900-01-21 22:49:45,7922.0,137221,7922.5,344256,321161,1846266,-1525105,-207035,0.5
1900-01-21 22:50:00,7910.0,412396,7910.5,59954,659585,1451363,-791778,352442,0.5
1900-01-21 22:50:15,7944.5,89184,7945.0,145298,2701380,708846,1992534,-56114,0.5
1900-01-21 22:50:30,7934.0,856674,7934.5,120548,242381,73663,168718,736126,0.5
1900-01-21 22:50:45,7944.5,73974,7945.0,217297,1442722,358590,1084132,-143323,0.5
1900-01-21 22:51:00,7943.0,16646,7943.5,838521,475031,105815,369216,-821875,0.5
1900-01-21 22:51:15,7944.5,881375,7945.0,8682,573635,395737,177898,872693,0.5
1900-01-21 22:51:30,7955.0,33590,7955.5,320124,1012688,196796,815892,-286534,0.5
1900-01-21 22:51:45,7955.0,269322,7955.5,765794,642169,78206,563963,-496472,0.5
1900-01-21 22:52:00,7959.5,271154,7960.0,380497,272260,119457,152803,-109343,0.5
1900-01-21 22:52:15,7949.5,208985,7950.0,1231417,165795,530134,-364339,-1022432,0.5
1900-01-21 22:52:30,7953.0,1104036,7953.5,20655,288232,113850,174382,1083381,0.5
1900-01-21 22:52:45,7950.0,225961,7950.5,54245,331467,298698,32769,171716,0.5
1900-01-21 22:53:00,7952.0,1068423,7952.5,35213,61736,63212,-1476,1033210,0.5
1900-01-21 22:53:15,7944.5,30192,7945.0,303950,283899,376785,-92886,-273758,0.5
1900-01-21 22:53:30,7947.5,134556,7948.0,836826,215732,51338,164394,-702270,0.5
1900-01-21 22:53:45,7948.5,241744,7949.0,11622,118723,130832,-12109,230122,0.5
1900-01-21 22:54:00,7949.0,15806,7949.5,771,151141,78286,72855,15035,0.5
1900-01-21 22:54:15,7954.0,800783,7954.5,89727,398096,73402,324694,711056,0.5
1900-01-21 22:54:30,7960.0,891487,7960.5,2000,403802,9543,394259,889487,0.5
1900-01-21 22:54:45,7968.5,1025,7969.0,246075,286443,71340,215103,-245050,0.5
1900-01-21 22:55:00,7971.5,138090,7972.0,485379,384353,337915,46438,-347289,0.5
1900-01-21 22:55:15,7967.0,1140435,7967.5,20082,376692,122318,254374,1120353,0.5
1900-01-21 22:55:30,7971.5,395484,7972.0,712482,228578,61714,166864,-316998,0.5
1900-01-21 22:55:45,7965.0,600903,7965.5,225508,195748,608732,-412984,375395,0.5
1900-01-21 22:56:00,7958.5,659116,7959.0,343118,41196,161155,-119959,315998,0.5
1900-01-21 22:56:15,7954.5,793189,7955.0,300158,90136,233235,-143099,493031,0.5
1900-01-21 22:56:30,7946.0,2744,7946.5,39930,225244,350051,-124807,-37186,0.5
1900-01-21 22:56:45,7954.5,265337,7955.0,29053,597111,486877,110234,236284,0.5
1900-01-21 22:57:00,7947.5,385977,7948.0,10058,288853,42857,245996,375919,0.5
1900-01-21 22:57:15,7954.5,55361,7955.0,940788,634448,182146,452302,-885427,0.5
1900-01-21 22:57:30,7944.5,615163,7945.0,601017,144017,626674,-482657,14146,0.5
1900-01-21 22:57:45,7927.0,149359,7927.5,169907,141177,1620645,-1479468,-20548,0.5
1900-01-21 22:58:00,7937.5,331813,7938.0,383913,448324,189341,258983,-52100,0.5
1900-01-21 22:58:15,7933.0,40637,7933.5,46000,518510,318534,199976,-5363,0.5
1900-01-21 22:58:30,7928.0,88152,7928.5,280364,22123,284836,-262713,-192212,0.5
1900-01-21 22:58:45,7934.0,252104,7934.5,177657,322003,70918,251085,74447,0.5
1900-01-21 22:59:00,7922.0,33106,7922.5,205337,100046,320799,-220753,-172231,0.5
1900-01-21 22:59:15,7917.5,558027,7918.0,253432,376495,411131,-34636,304595,0.5
1900-01-21 22:59:30,7925.5,18752,7926.0,464535,402839,630643,-227804,-445783,0.5
1900-01-21 22:59:45,7923.5,325288,7924.0,194426,940632,1730654,-790022,130862,0.5
1900-01-21 23:00:00,7923.5,70989,7924.0,517414,53620,161843,-108223,-446425,0.5
1900-01-21 23:00:15,7923.5,545230,7924.0,219893,295669,63462,232207,325337,0.5
1900-01-21 23:00:30,7932.5,67759,7933.0,616429,671674,77527,594147,-548670,0.5
1900-01-21 23:00:45,7934.5,412295,7935.0,803210,1269331,37466,1231865,-390915,0.5
1900-01-21 23:01:00,7953.0,344452,7953.5,171282,1603045,378287,1224758,173170,0.5
1900-01-21 23:01:15,7950.0,170613,7950.5,320145,113477,436705,-323228,-149532,0.5
1900-01-21 23:01:30,7937.5,30000,7938.0,64671,70375,342005,-271630,-34671,0.5
1900-01-21 23:01:45,7949.5,12963,7950.0,633351,452446,327374,125072,-620388,0.5
1900-01-21 23:02:00,7944.5,148120,7945.0,217433,141797,47166,94631,-69313,0.5
1900-01-21 23:02:15,7949.5,290676,7950.0,19146,164408,26244,138164,271530,0.5
1900-01-21 23:02:30,7949.5,197980,7950.0,706975,140132,39694,100438,-508995,0.5
1900-01-21 23:02:45,7950.0,499964,7950.5,165829,205417,27992,177425,334135,0.5
1900-01-21 23:03:00,7940.0,38616,7940.5,219787,164642,187568,-22926,-181171,0.5
1900-01-21 23:03:15,7936.5,386070,7937.0,541222,76130,235806,-159676,-155152,0.5
1900-01-21 23:03:30,7924.0,37238,7924.5,123229,46835,294006,-247171,-85991,0.5
1900-01-21 23:03:45,7938.5,99196,7939.0,28162,564240,187344,376896,71034,0.5
1900-01-21 23:04:00,7939.5,52279,7940.0,10535,289309,91350,197959,41744,0.5
1900-01-21 23:04:15,7943.5,462045,7944.0,113298,368094,44627,323467,348747,0.5
1900-01-21 23:04:30,7937.5,11899,7938.0,974768,17580,208275,-190695,-962869,0.5
1900-01-21 23:04:45,7938.5,724,7939.0,441224,162200,35048,127152,-440500,0.5
1900-01-21 23:05:00,7929.5,248527,7930.0,260120,35788,67477,-31689,-11593,0.5
1900-01-21 23:05:15,7945.0,189430,7945.5,364992,227810,123467,104343,-175562,0.5
1900-01-21 23:05:30,7949.0,369606,7949.5,131560,262999,26776,236223,238046,0.5
1900-01-21 23:05:45,7947.5,90531,7948.0,66,82887,95136,-12249,90465,0.5
1900-01-21 23:06:00,7956.5,34284,7957.0,798828,1381899,45340,1336559,-764544,0.5
1900-01-21 23:06:15,7955.0,1226138,7955.5,11615,225925,27045,198880,1214523,0.5
1900-01-21 23:06:30,7955.5,593985,7956.0,6434,145743,15706,130037,587551,0.5
1900-01-21 23:06:45,7958.5,660284,7959.0,22832,123520,11194,112326,637452,0.5
1900-01-21 23:07:00,7953.0,1244859,7953.5,5132,116926,124254,-7328,1239727,0.5
1900-01-21 23:07:15,7959.5,771952,7960.0,119015,56122,29816,26306,652937,0.5
1900-01-21 23:07:30,7962.0,546842,7962.5,84375,55029,40614,14415,462467,0.5
1900-01-21 23:07:45,7962.0,20659,7962.5,634312,59277,51925,7352,-613653,0.5
1900-01-21 23:08:00,7963.5,597367,7964.0,39520,227448,120668,106780,557847,0.5
1900-01-21 23:08:15,7964.5,533736,7965.0,325551,71356,20015,51341,208185,0.5
1900-01-21 23:08:30,7964.5,991375,7965.0,104560,169523,13038,156485,886815,0.5
1900-01-21 23:08:45,7967.5,881492,7968.0,107910,371213,26160,345053,773582,0.5
1900-01-21 23:09:00,7968.0,1172271,7968.5,214972,410125,13304,396821,957299,0.5
1900-01-21 23:09:15,7968.0,825859,7968.5,410249,463665,8668,454997,415610,0.5
1900-01-21 23:09:30,7958.5,2772,7959.0,264806,144122,1007490,-863368,-262034,0.5
1900-01-21 23:09:45,7955.5,833574,7956.0,149789,16145,65959,-49814,683785,0.5
1900-01-21 23:10:00,7955.0,213279,7955.5,684808,37046,43553,-6507,-471529,0.5
1900-01-21 23:10:15,7952.0,130939,7952.5,996173,125161,188785,-63624,-865234,0.5
1900-01-21 23:10:30,7966.5,224373,7967.0,817486,275970,83760,192210,-593113,0.5
1900-01-21 23:10:45,7966.5,264735,7967.0,116842,26868,28704,-1836,147893,0.5
1900-01-21 23:11:00,7954.0,46678,7954.5,60046,21604,448290,-426686,-13368,0.5
1900-01-21 23:11:15,7960.0,499735,7960.5,26893,85296,45199,40097,472842,0.5
1900-01-21 23:11:30,7957.5,6097,7958.0,423524,19726,100418,-80692,-417427,0.5
1900-01-21 23:11:45,7957.5,605,7958.0,859372,6428,36473,-30045,-858767,0.5
1900-01-21 23:12:00,7953.5,18160,7954.0,473752,183658,30291,153367,-455592,0.5
1900-01-21 23:12:15,7948.5,480163,7949.0,249303,39224,76603,-37379,230860,0.5
1900-01-21 23:12:30,7943.5,125987,7944.0,1072358,24197,173360,-149163,-946371,0.5
1900-01-21 23:12:45,7943.5,224818,7944.0,116359,267661,14606,253055,108459,0.5
1900-01-21 23:13:00,7941.0,11783,7941.5,1132535,37912,98302,-60390,-1120752,0.5
1900-01-21 23:13:15,7932.5,18858,7933.0,303284,15457,408879,-393422,-284426,0.5
1900-01-21 23:13:30,7931.0,146555,7931.5,175460,96460,225334,-128874,-28905,0.5
1900-01-21 23:13:45,7939.0,217221,7939.5,345085,242798,82018,160780,-127864,0.5
1900-01-21 23:14:00,7939.0,276697,7939.5,991450,17747,93305,-75558,-714753,0.5
1900-01-21 23:14:15,7932.5,45062,7933.0,23482,5750,165085,-159335,21580,0.5
1900-01-21 23:14:30,7935.0,340165,7935.5,8400,60354,91006,-30652,331765,0.5
1900-01-21 23:14:45,7939.5,105409,7940.0,991585,86695,34382,52313,-886176,0.5
1900-01-21 23:15:00,7939.5,104949,7940.0,715822,52412,73233,-20821,-610873,0.5
1900-01-21 23:15:15,7937.5,115354,7938.0,478507,11333,226439,-215106,-363153,0.5
1900-01-21 23:15:30,7937.0,13995,7937.5,819242,30,20612,-20582,-805247,0.5
1900-01-21 23:15:45,7934.0,144273,7934.5,474858,2376,4456,-2080,-330585,0.5
1900-01-21 23:16:00,7939.5,353267,7940.0,13819,150932,286769,-135837,339448,0.5
1900-01-21 23:16:15,7943.5,170912,7944.0,499679,229226,207608,21618,-328767,0.5
1900-01-21 23:16:30,7949.5,288751,7950.0,49975,240413,9860,230553,238776,0.5
1900-01-21 23:16:45,7947.0,3678,7947.5,37100,213248,97237,116011,-33422,0.5
1900-01-21 23:17:00,7945.0,599400,7945.5,70925,21258,27914,-6656,528475,0.5
1900-01-21 23:17:15,7945.0,158863,7945.5,760736,19294,33311,-14017,-601873,0.5
1900-01-21 23:17:30,7949.5,448868,7950.0,28637,20687,7034,13653,420231,0.5
1900-01-21 23:17:45,7952.5,616715,7953.0,2273,45281,145083,-99802,614442,0.5
1900-01-21 23:18:00,7960.0,592538,7960.5,112593,82754,28930,53824,479945,0.5
1900-01-21 23:18:15,7960.0,554550,7960.5,1365746,155732,180590,-24858,-811196,0.5
1900-01-21 23:18:30,7967.5,219079,7968.0,582658,350595,13420,337175,-363579,0.5
1900-01-21 23:18:45,7970.5,561807,7971.0,229431,136734,46465,90269,332376,0.5
1900-01-21 23:19:00,7979.5,258421,7980.0,547248,608201,68128,540073,-288827,0.5
1900-01-21 23:19:15,7987.0,269010,7987.5,263021,811549,247805,563744,5989,0.5
1900-01-21 23:19:30,7982.5,814,7983.0,163226,431549,270486,161063,-162412,0.5
1900-01-21 23:19:45,7977.5,82428,7978.0,541011,85941,142792,-56851,-458583,0.5
1900-01-21 23:20:00,7972.5,31360,7973.0,343834,195204,516962,-321758,-312474,0.5
1900-01-21 23:20:15,7986.5,148992,7987.0,111455,457769,53465,404304,37537,0.5
1900-01-21 23:20:30,7989.5,738554,7990.0,55135,90486,38560,51926,683419,0.5
1900-01-21 23:20:45,7993.5,1048698,7994.0,24909,228170,20218,207952,1023789,0.5
1900-01-21 23:21:00,7996.5,382477,7997.0,336927,558767,117376,441391,45550,0.5
1900-01-21 23:21:15,8006.5,1272548,8007.0,32664,428394,269046,159348,1239884,0.5
1900-01-21 23:21:30,8007.0,6000,8007.5,191313,783727,1863963,-1080236,-185313,0.5
1900-01-21 23:21:45,7968.0,27388,7968.5,2193,375388,1849138,-1473750,25195,0.5
1900-01-21 23:22:00,7973.5,445091,7974.0,201586,267666,209628,58038,243505,0.5
1900-01-21 23:22:15,7986.5,218883,7987.0,379090,276911,69411,207500,-160207,0.5
1900-01-21 23:22:30,7990.0,59621,7990.5,31512,367800,340729,27071,28109,0.5
1900-01-21 23:22:45,7991.5,710948,7992.0,83739,669514,51774,617740,627209,0.5
1900-01-21 23:23:00,7991.5,237671,7992.0,235916,93097,16114,76983,1755,0.5
1900-01-21 23:23:15,7984.0,664797,7984.5,234600,8056,1328781,-1320725,430197,0.5
1900-01-21 23:23:30,7989.5,566538,7990.0,135778,93071,50334,42737,430760,0.5
1900-01-21 23:23:45,7988.0,652151,7988.5,132705,20859,108751,-87892,519446,0.5
1900-01-21 23:24:00,7988.0,1249951,7988.5,188331,54396,43472,10924,1061620,0.5
1900-01-21 23:24:15,7993.5,692731,7994.0,264904,179754,24002,155752,427827,0.5
1900-01-21 23:24:30,7992.0,3927,7992.5,633920,91046,607277,-516231,-629993,0.5
1900-01-21 23:24:45,7994.5,142930,7995.0,496621,94427,210239,-115812,-353691,0.5
1900-01-21 23:25:00,7997.0,59211,7997.5,11439,484729,2076666,-1591937,47772,0.5
1900-01-21 23:25:15,8000.0,97623,8000.5,858440,208904,36814,172090,-760817,0.5
1900-01-21 23:25:30,7995.5,131859,7999.5,605554,243830,129635,114195,-473695,4.0
1900-01-21 23:25:45,7999.5,22327,8000.0,1130238,148026,178321,-30295,-1107911,0.5
1900-01-21 23:26:00,7999.0,636007,7999.5,12466,259181,125684,133497,623541,0.5
1900-01-21 23:26:15,7999.0,49298,7999.5,127352,864851,215199,649652,-78054,0.5
1900-01-21 23:26:30,7999.0,588475,7999.5,167102,101635,91951,9684,421373,0.5
1900-01-21 23:26:45,7999.0,346952,7999.5,871333,27853,198166,-170313,-524381,0.5
1900-01-21 23:27:00,7988.5,956368,7989.0,230824,35972,380773,-344801,725544,0.5
1900-01-21 23:27:15,7987.0,81741,7987.5,23300,34019,260106,-226087,58441,0.5
1900-01-21 23:27:30,7987.5,651746,7988.0,56753,228551,166834,61717,594993,0.5
1900-01-21 23:27:45,7995.0,255174,7995.5,356567,359862,135818,224044,-101393,0.5
1900-01-21 23:28:00,7998.5,494155,7999.0,10007,284293,7772,276521,484148,0.5
1900-01-21 23:28:15,8000.0,8774,8000.5,262323,205792,63355,142437,-253549,0.5
1900-01-21 23:28:30,7991.0,798709,7991.5,5025,475350,366619,108731,793684,0.5
1900-01-21 23:28:45,7999.0,63154,7999.5,98628,171682,13580,158102,-35474,0.5
1900-01-21 23:29:00,7998.5,980768,7999.0,36425,35374,54963,-19589,944343,0.5
1900-01-21 23:29:15,8000.5,797682,8001.0,20078,194892,6506,188386,777604,0.5
1900-01-21 23:29:30,8006.5,413560,8007.0,56721,95975,19600,76375,356839,0.5
1900-01-21 23:29:45,8006.5,273236,8007.0,253819,38644,10220,28424,19417,0.5
1900-01-21 23:30:00,8008.0,379534,8008.5,45487,140644,32717,107927,334047,0.5
1900-01-21 23:30:15,8008.0,539553,8008.5,98391,64919,84775,-19856,441162,0.5
1900-01-21 23:30:30,8008.0,5714,8008.5,319904,33925,143368,-109443,-314190,0.5
1900-01-21 23:30:45,8001.0,11617,8001.5,166419,15906,306940,-291034,-154802,0.5
1900-01-21 23:31:00,7993.5,3052,7994.0,411398,25426,711368,-685942,-408346,0.5
1900-01-21 23:31:15,8004.0,226873,8004.5,130318,68925,273395,-204470,96555,0.5
1900-01-21 23:31:30,8004.0,19825,8004.5,222951,30030,95801,-65771,-203126,0.5
1900-01-21 23:31:45,8001.0,744062,8001.5,4567,31873,309477,-277604,739495,0.5
1900-01-21 23:32:00,8003.0,292396,8003.5,44752,15027,7347,7680,247644,0.5
1900-01-21 23:32:15,8000.0,28045,8000.5,190519,62858,64724,-1866,-162474,0.5
1900-01-21 23:32:30,7996.0,46615,7996.5,1818227,19286,43461,-24175,-1771612,0.5
1900-01-21 23:32:45,7993.0,384027,7993.5,57737,640869,521671,119198,326290,0.5
1900-01-21 23:33:00,7994.0,309825,7994.5,209990,30098,35806,-5708,99835,0.5
1900-01-21 23:33:15,7994.0,46819,7994.5,299668,18892,34010,-15118,-252849,0.5
1900-01-21 23:33:30,7989.0,974301,7989.5,120261,10354,147014,-136660,854040,0.5
1900-01-21 23:33:45,7989.0,399380,7989.5,188955,600,51006,-50406,210425,0.5
1900-01-21 23:34:00,7994.5,981432,7995.0,10283,347699,114474,233225,971149,0.5
1900-01-21 23:34:15,7997.0,886330,7997.5,6826,20767,33955,-13188,879504,0.5
1900-01-21 23:34:30,7988.0,124637,7988.5,815020,460349,737513,-277164,-690383,0.5
1900-01-21 23:34:45,7987.5,16771,7988.0,987053,2300,93873,-91573,-970282,0.5
1900-01-21 23:35:00,7986.5,25821,7987.0,973784,2022,193489,-191467,-947963,0.5
1900-01-21 23:35:15,7985.0,461781,7985.5,428105,102250,101214,1036,33676,0.5
1900-01-21 23:35:30,7984.5,3341,7985.0,873366,3202,20435,-17233,-870025,0.5
1900-01-21 23:35:45,7984.0,95869,7984.5,1039886,34372,350384,-316012,-944017,0.5
1900-01-21 23:36:00,7983.0,422443,7983.5,970284,18746,114762,-96016,-547841,0.5
1900-01-21 23:36:15,7983.0,379585,7983.5,892278,84134,82894,1240,-512693,0.5
1900-01-21 23:36:30,7983.0,254600,7983.5,936598,200,131130,-130930,-681998,0.5
1900-01-21 23:36:45,7983.0,532728,7983.5,624323,8976,68838,-59862,-91595,0.5
1900-01-21 23:37:00,7983.0,78791,7983.5,877345,62368,391904,-329536,-798554,0.5
1900-01-21 23:37:15,7983.0,153617,7983.5,606097,539650,74550,465100,-452480,0.5
1900-01-21 23:37:30,7986.0,710415,7986.5,13186,499161,62766,436395,697229,0.5
1900-01-21 23:37:45,7989.5,299134,7990.0,225745,120628,7224,113404,73389,0.5
1900-01-21 23:38:00,7991.5,1033404,7992.0,165241,119626,15800,103826,868163,0.5
1900-01-21 23:38:15,7991.5,397561,7992.0,508606,25261,2660,22601,-111045,0.5
1900-01-21 23:38:30,7991.5,297851,7992.0,623763,31210,43662,-12452,-325912,0.5
1900-01-21 23:38:45,7991.5,756000,7992.0,343672,177031,12260,164771,412328,0.5
1900-01-21 23:39:00,7991.5,290642,7992.0,326936,246050,139173,106877,-36294,0.5
1900-01-21 23:39:15,7989.0,92618,7989.5,577298,35576,113464,-77888,-484680,0.5
1900-01-21 23:39:30,7989.0,861779,7989.5,179736,189525,78418,111107,682043,0.5
1900-01-21 23:39:45,7989.5,854891,7990.0,399925,121309,3160,118149,454966,0.5
1900-01-21 23:40:00,7994.5,45814,7995.0,129775,798249,2776,795473,-83961,0.5
1900-01-21 23:40:15,7997.0,559826,7997.5,60213,212943,4146,208797,499613,0.5
1900-01-21 23:40:30,7997.0,507410,7997.5,136548,48584,30220,18364,370862,0.5
1900-01-21 23:40:45,7997.0,225145,7997.5,343573,16856,206459,-189603,-118428,0.5
1900-01-21 23:41:00,7997.0,70730,7997.5,470991,32500,145791,-113291,-400261,0.5
1900-01-21 23:41:15,7993.0,91942,7993.5,168080,61182,146748,-85566,-76138,0.5
1900-01-21 23:41:30,7982.5,13396,7983.0,819700,1323,274099,-272776,-806304,0.5
1900-01-21 23:41:45,7981.0,479790,7981.5,541199,101802,63679,38123,-61409,0.5
1900-01-21 23:42:00,7980.0,17601,7980.5,611273,430,133230,-132800,-593672,0.5
1900-01-21 23:42:15,7972.0,793671,7972.5,409237,10368,124403,-114035,384434,0.5
1900-01-21 23:42:30,7972.0,766496,7972.5,403857,15116,71158,-56042,362639,0.5
1900-01-21 23:42:45,7976.0,483373,7976.5,2472,109844,18218,91626,480901,0.5
1900-01-21 23:43:00,7974.5,1835,7975.0,261921,34513,66566,-32053,-260086,0.5
1900-01-21 23:43:15,7974.5,115101,7975.0,413830,1848,4488,-2640,-298729,0.5
1900-01-21 23:43:30,7972.5,136952,7973.0,426307,13362,98535,-85173,-289355,0.5
1900-01-21 23:43:45,7971.5,11086,7972.0,1101735,7950,116790,-108840,-1090649,0.5
1900-01-21 23:44:00,7970.0,1301792,7970.5,1103346,28995,255028,-226033,198446,0.5
1900-01-21 23:44:15,7958.5,596832,7959.0,594075,21337,2947474,-2926137,2757,0.5
1900-01-21 23:44:30,7961.0,459880,7961.5,113567,379831,383329,-3498,346313,0.5
1900-01-21 23:44:45,7961.5,219798,7962.0,321228,58968,52056,6912,-101430,0.5
1900-01-21 23:45:00,7961.5,17823,7962.0,897270,17521,149143,-131622,-879447,0.5
1900-01-21 23:45:15,7957.5,352426,7958.0,684466,66931,94047,-27116,-332040,0.5
1900-01-21 23:45:30,7955.0,39019,7955.5,849773,100078,236429,-136351,-810754,0.5
1900-01-21 23:45:45,7952.5,370488,7953.0,272308,31050,354491,-323441,98180,0.5
1900-01-21 23:46:00,7962.0,292859,7965.5,24648,335143,275795,59348,268211,3.5
1900-01-21 23:46:15,7965.0,25510,7965.5,1176875,57926,15165,42761,-1151365,0.5
1900-01-21 23:46:30,7973.5,48104,7974.0,20000,188036,19841,168195,28104,0.5
1900-01-21 23:46:45,7978.5,216101,7979.0,424345,226102,13546,212556,-208244,0.5
1900-01-21 23:47:00,7980.5,1242553,7981.0,30431,187226,144474,42752,1212122,0.5
1900-01-21 23:47:15,7982.5,182400,7983.0,651760,167498,33016,134482,-469360,0.5
1900-01-21 23:47:30,7980.5,657245,7981.0,916125,50290,97638,-47348,-258880,0.5
1900-01-21 23:47:45,7983.0,70396,7983.5,5188,15512,21018,-5506,65208,0.5
1900-01-21 23:48:00,7990.5,59745,7991.0,862676,139234,16776,122458,-802931,0.5
1900-01-21 23:48:15,7987.5,74947,7988.0,746911,130748,159136,-28388,-671964,0.5
1900-01-21 23:48:30,7986.5,444894,7987.0,210698,139883,41010,98873,234196,0.5
1900-01-21 23:48:45,7986.5,551920,7987.0,66923,23900,1756,22144,484997,0.5
1900-01-21 23:49:00,7991.5,243935,7992.0,941556,327102,3424,323678,-697621,0.5
1900-01-21 23:49:15,7990.0,64442,7990.5,1132392,132682,92499,40183,-1067950,0.5
1900-01-21 23:49:30,7987.5,390,7988.0,500236,8082,78764,-70682,-499846,0.5
1900-01-21 23:49:45,7984.0,183308,7984.5,43494,53148,26307,26841,139814,0.5
1900-01-21 23:50:00,7985.5,864986,7986.0,46255,74134,3912,70222,818731,0.5
1900-01-21 23:50:15,7992.5,661666,7993.0,7836,480097,248,479849,653830,0.5
1900-01-21 23:50:30,7993.0,194521,7993.5,399994,268431,18800,249631,-205473,0.5
1900-01-21 23:50:45,7993.0,248298,7993.5,306577,2882,22263,-19381,-58279,0.5
1900-01-21 23:51:00,7993.0,196920,7993.5,288363,29000,69838,-40838,-91443,0.5
1900-01-21 23:51:15,7993.0,350044,7993.5,239164,2800,43840,-41040,110880,0.5
1900-01-21 23:51:30,7993.5,668034,7994.0,24415,103922,3758,100164,643619,0.5
1900-01-21 23:51:45,7995.5,852499,7996.0,24361,65659,3758,61901,828138,0.5
1900-01-21 23:52:00,7996.0,1058912,7996.5,33375,39815,11438,28377,1025537,0.5
1900-01-21 23:52:15,7996.0,233509,7996.5,155450,340683,85600,255083,78059,0.5
1900-01-21 23:52:30,7998.5,492257,7999.0,486010,36748,386412,-349664,6247,0.5
1900-01-21 23:52:45,7998.5,199265,7999.0,213616,276614,207570,69044,-14351,0.5
1900-01-21 23:53:00,8009.5,6000,8010.0,194117,329756,74402,255354,-188117,0.5
1900-01-21 23:53:15,8009.0,677133,8009.5,75155,261080,165424,95656,601978,0.5
1900-01-21 23:53:30,8014.5,642856,8015.0,132571,286257,160522,125735,510285,0.5
1900-01-21 23:53:45,8024.5,86103,8025.0,2417,1109414,7100,1102314,83686,0.5
1900-01-21 23:54:00,8028.5,198547,8029.0,262741,364032,170348,193684,-64194,0.5
1900-01-21 23:54:15,8015.0,201335,8015.5,544943,241529,780049,-538520,-343608,0.5
1900-01-21 23:54:30,8021.5,269432,8022.0,214819,152515,183791,-31276,54613,0.5
1900-01-21 23:54:45,8021.5,740359,8022.0,100480,211462,175138,36324,639879,0.5
1900-01-21 23:55:00,8021.5,457411,8022.0,312498,25671,46,25625,144913,0.5
1900-01-21 23:55:15,8021.5,1186234,8022.0,80616,48302,19900,28402,1105618,0.5
1900-01-21 23:55:30,8026.0,270633,8026.5,106183,315071,9798,305273,164450,0.5
1900-01-21 23:55:45,8026.0,660788,8026.5,41846,55167,244068,-188901,618942,0.5
1900-01-21 23:56:00,8021.5,693916,8022.0,145481,18188,103807,-85619,548435,0.5
1900-01-21 23:56:15,8021.5,1125553,8022.0,17150,105277,28566,76711,1108403,0.5
1900-01-21 23:56:30,8021.5,217473,8022.0,194941,5388,196301,-190913,22532,0.5
1900-01-21 23:56:45,8018.5,694422,8019.0,182831,16782,157587,-140805,511591,0.5
1900-01-21 23:57:00,8018.5,361111,8019.0,620395,68524,301546,-233022,-259284,0.5
1900-01-21 23:57:15,8018.5,879145,8019.0,72182,31243,87406,-56163,806963,0.5
1900-01-21 23:57:30,8018.5,356888,8019.0,445457,2570,32710,-30140,-88569,0.5
1900-01-21 23:57:45,8018.5,900307,8019.0,122369,12401,102651,-90250,777938,0.5
1900-01-21 23:58:00,8013.5,10066,8014.0,590421,33165,416120,-382955,-580355,0.5
1900-01-21 23:58:15,8006.0,289231,8006.5,360472,17466,198791,-181325,-71241,0.5
1900-01-21 23:58:30,8014.5,410946,8015.0,273795,453156,11220,441936,137151,0.5
1900-01-21 23:58:45,8014.5,26746,8015.0,686226,225341,96216,129125,-659480,0.5
1900-01-21 23:59:00,8011.0,377351,8011.5,350914,82932,82626,306,26437,0.5
1900-01-21 23:59:15,8011.0,662372,8011.5,139069,111487,15854,95633,523303,0.5
1900-01-21 23:59:30,8011.0,82673,8011.5,493351,30940,10514,20426,-410678,0.5
1900-01-21 23:59:45,8009.5,672982,8010.0,76569,44520,84009,-39489,596413,0.5
1900-01-22 00:00:00,8010.5,17142,8011.0,28881,63687,171808,-108121,-11739,0.5
1900-01-22 00:00:15,8011.0,808160,8011.5,96250,181278,72424,108854,711910,0.5
1900-01-22 00:00:30,8020.5,702368,8021.0,2403,160161,14974,145187,699965,0.5
1900-01-22 00:00:45,8023.5,362931,8024.0,30678,49928,56605,-6677,332253,0.5
1900-01-22 00:01:00,8025.5,962516,8026.0,9533,276727,12163,264564,952983,0.5
1900-01-22 00:01:15,8031.0,632617,8031.5,8611,444170,59962,384208,624006,0.5
1900-01-22 00:01:30,8033.0,268260,8033.5,742559,515563,3004,512559,-474299,0.5
1900-01-22 00:01:45,8025.0,1239140,8025.5,316316,42383,134347,-91964,922824,0.5
1900-01-22 00:02:00,8031.5,27268,8032.0,7518,162358,27804,134554,19750,0.5
1900-01-22 00:02:15,8033.5,928248,8034.0,82674,146679,29182,117497,845574,0.5
1900-01-22 00:02:30,8034.5,1763388,8035.0,911740,583939,71964,511975,851648,0.5
1900-01-22 00:02:45,8024.0,10453,8024.5,429903,154799,123949,30850,-419450,0.5
1900-01-22 00:03:00,8024.0,844962,8024.5,225550,27366,89924,-62558,619412,0.5
1900-01-22 00:03:15,8034.5,965004,8035.0,1214805,321781,6240,315541,-249801,0.5
1900-01-22 00:03:30,8039.0,284199,8039.5,70199,445632,24064,421568,214000,0.5
1900-01-22 00:03:45,8040.0,483396,8040.5,408941,223859,18711,205148,74455,0.5
1900-01-22 00:04:00,8041.0,946714,8041.5,3901,234561,18698,215863,942813,0.5
1900-01-22 00:04:15,8041.5,833489,8042.0,18786,58053,247306,-189253,814703,0.5
1900-01-22 00:04:30,8043.5,798425,8044.0,102972,144450,22665,121785,695453,0.5
1900-01-22 00:04:45,8037.0,104822,8037.5,325114,204385,371307,-166922,-220292,0.5
1900-01-22 00:05:00,8037.0,38048,8037.5,385582,166251,158307,7944,-347534,0.5
1900-01-22 00:05:15,8037.5,887904,8038.0,130110,193454,109129,84325,757794,0.5
1900-01-22 00:05:30,8045.0,171084,8045.5,127235,213299,9770,203529,43849,0.5
1900-01-22 00:05:45,8041.5,1115181,8042.0,1351,32499,57512,-25013,1113830,0.5
1900-01-22 00:06:00,8044.0,315683,8044.5,329443,85376,22262,63114,-13760,0.5
1900-01-22 00:06:15,8044.0,434839,8044.5,475126,71324,65660,5664,-40287,0.5
1900-01-22 00:06:30,8038.0,20000,8038.5,41496,37985,84632,-46647,-21496,0.5
1900-01-22 00:06:45,8035.5,104187,8036.0,46,37728,157846,-120118,104141,0.5
1900-01-22 00:07:00,8033.5,9731,8034.0,248795,148062,62226,85836,-239064,0.5
1900-01-22 00:07:15,8030.5,125979,8031.0,382159,10021,245965,-235944,-256180,0.5
1900-01-22 00:07:30,8030.5,50248,8031.0,511404,2105,37744,-35639,-461156,0.5
1900-01-22 00:07:45,8032.0,471841,8032.5,21103,56471,3500,52971,450738,0.5
1900-01-22 00:08:00,8042.0,208375,8042.5,55863,80674,32991,47683,152512,0.5
1900-01-22 00:08:15,8042.0,795069,8042.5,117984,101906,9325,92581,677085,0.5
1900-01-22 00:08:30,8049.0,248476,8049.5,62363,132209,8905,123304,186113,0.5
1900-01-22 00:08:45,8049.0,493270,8049.5,241418,164899,6212,158687,251852,0.5
1900-01-22 00:09:00,8049.5,522069,8050.0,52580,128228,62956,65272,469489,0.5
1900-01-22 00:09:15,8050.5,26457,8051.0,560629,104395,15651,88744,-534172,0.5
1900-01-22 00:09:30,8048.0,81520,8048.5,495141,89356,85812,3544,-413621,0.5
1900-01-22 00:09:45,8044.0,203246,8044.5,551591,116386,120940,-4554,-348345,0.5
1900-01-22 00:10:00,8047.5,90599,8048.0,20199,107055,75079,31976,70400,0.5
1900-01-22 00:10:15,8049.0,646277,8049.5,52440,89239,10709,78530,593837,0.5
1900-01-22 00:10:30,8062.5,76962,8064.0,8559,259048,4893,254155,68403,1.5
1900-01-22 00:10:45,8067.5,77455,8068.0,192073,95947,17710,78237,-114618,0.5
1900-01-22 00:11:00,8052.0,526983,8052.5,108097,27609,460245,-432636,418886,0.5
1900-01-22 00:11:15,8061.0,94280,8061.5,10075,72893,48127,24766,84205,0.5
1900-01-22 00:11:30,8058.5,336768,8059.0,74048,125898,27027,98871,262720,0.5
1900-01-22 00:11:45,8057.0,590627,8057.5,177821,69860,62990,6870,412806,0.5
1900-01-22 00:12:00,8052.0,230009,8052.5,615099,71249,115095,-43846,-385090,0.5
1900-01-22 00:12:15,8053.5,266882,8054.0,350130,4781,47061,-42280,-83248,0.5
1900-01-22 00:12:30,8049.5,24907,8050.0,339179,7674,72686,-65012,-314272,0.5
1900-01-22 00:12:45,8044.0,17301,8044.5,488614,154,185354,-185200,-471313,0.5
1900-01-22 00:13:00,8043.0,4260,8043.5,42668,31696,359625,-327929,-38408,0.5
1900-01-22 00:13:15,8039.0,80638,8039.5,169086,30310,231764,-201454,-88448,0.5
1900-01-22 00:13:30,8036.5,818549,8037.0,257309,22681,238485,-215804,561240,0.5
1900-01-22 00:13:45,8036.5,380112,8037.0,655718,49224,3284,45940,-275606,0.5
1900-01-22 00:14:00,8036.5,780763,8037.0,71801,92990,16769,76221,708962,0.5
1900-01-22 00:14:15,8039.5,477830,8040.0,220594,52243,5835,46408,257236,0.5
1900-01-22 00:14:30,8039.5,641582,8040.0,452250,22353,3905,18448,189332,0.5
1900-01-22 00:14:45,8040.0,268486,8040.5,509189,32869,7807,25062,-240703,0.5
1900-01-22 00:15:00,8040.0,162920,8040.5,820270,11627,25373,-13746,-657350,0.5
1900-01-22 00:15:15,8040.0,324657,8040.5,644427,10269,78215,-67946,-319770,0.5
1900-01-22 00:15:30,8040.0,284802,8040.5,935564,10899,90852,-79953,-650762,0.5
1900-01-22 00:15:45,8040.0,311663,8040.5,731284,9993,12358,-2365,-419621,0.5
1900-01-22 00:16:00,8040.0,230045,8040.5,859535,560,78982,-78422,-629490,0.5
1900-01-22 00:16:15,8038.0,666119,8038.5,321244,1240,68795,-67555,344875,0.5
1900-01-22 00:16:30,8038.0,303249,8038.5,998971,3513,66228,-62715,-695722,0.5
1900-01-22 00:16:45,8036.5,115058,8037.0,774271,1802,63689,-61887,-659213,0.5
1900-01-22 00:17:00,8028.0,23619,8028.5,43304,17872,317337,-299465,-19685,0.5
1900-01-22 00:17:15,8021.5,253224,8022.0,222087,8800,329478,-320678,31137,0.5
1900-01-22 00:17:30,8022.5,251297,8023.0,12387,91554,58177,33377,238910,0.5
1900-01-22 00:17:45,8019.0,184324,8019.5,1287566,20681,339582,-318901,-1103242,0.5
1900-01-22 00:18:00,8020.0,11500,8022.5,33587,119580,299007,-179427,-22087,2.5
1900-01-22 00:18:15,8024.5,387909,8025.0,317607,161319,44823,116496,70302,0.5
1900-01-22 00:18:30,8029.5,368982,8030.0,253960,130769,4298,126471,115022,0.5
1900-01-22 00:18:45,8024.5,165336,8025.0,895997,38899,97876,-58977,-730661,0.5
1900-01-22 00:19:00,8022.5,22,8023.0,1078492,22600,56920,-34320,-1078470,0.5
1900-01-22 00:19:15,8019.5,72056,8020.0,1161179,12090,156866,-144776,-1089123,0.5
1900-01-22 00:19:30,8018.5,491002,8019.0,283502,10934,17563,-6629,207500,0.5
1900-01-22 00:19:45,8020.0,552274,8020.5,109086,46415,57896,-11481,443188,0.5
1900-01-22 00:20:00,8020.0,565194,8020.5,86136,55647,15199,40448,479058,0.5
1900-01-22 00:20:15,8020.0,674261,8020.5,30444,18985,31466,-12481,643817,0.5
1900-01-22 00:20:30,8022.5,492578,8023.0,51126,99457,6001,93456,441452,0.5
1900-01-22 00:20:45,8020.0,78955,8020.5,999474,36123,28635,7488,-920519,0.5
1900-01-22 00:21:00,8015.0,72214,8015.5,720225,8511,81799,-73288,-648011,0.5
1900-01-22 00:21:15,8012.5,320430,8013.0,294987,5500,109708,-104208,25443,0.5
1900-01-22 00:21:30,8012.0,24176,8012.5,1269860,70753,99854,-29101,-1245684,0.5
1900-01-22 00:21:45,8008.5,75830,8009.0,719058,25507,185638,-160131,-643228,0.5
1900-01-22 00:22:00,8008.0,664825,8008.5,54474,37067,63653,-26586,610351,0.5
1900-01-22 00:22:15,8012.0,451550,8012.5,352405,57492,61064,-3572,99145,0.5
1900-01-22 00:22:30,8009.0,282365,8009.5,524417,34476,92943,-58467,-242052,0.5
1900-01-22 00:22:45,8000.0,1168189,8000.5,557774,89967,466190,-376223,610415,0.5
1900-01-22 00:23:00,8014.5,201585,8015.0,432453,429423,137494,291929,-230868,0.5
1900-01-22 00:23:15,8014.5,998638,8015.0,27743,166837,13270,153567,970895,0.5
1900-01-22 00:23:30,8018.0,120517,8018.5,646374,50043,54585,-4542,-525857,0.5
1900-01-22 00:23:45,8018.0,691470,8018.5,113727,62381,28120,34261,577743,0.5
1900-01-22 00:24:00,8018.0,527172,8018.5,207076,22167,14465,7702,320096,0.5
1900-01-22 00:24:15,8017.0,155461,8017.5,754353,9608,82437,-72829,-598892,0.5
1900-01-22 00:24:30,8008.0,5600,8009.0,18199,21728,69775,-48047,-12599,1.0
1900-01-22 00:24:45,8007.0,960744,8007.5,19121,19348,124627,-105279,941623,0.5
1900-01-22 00:25:00,8010.5,32912,8011.0,3633063,14490,39246,-24756,-3600151,0.5
1900-01-22 00:25:15,8010.0,2349,8010.5,884463,15272,46093,-30821,-882114,0.5
1900-01-22 00:25:30,8008.0,623088,8008.5,33975,2519,48313,-45794,589113,0.5
1900-01-22 00:25:45,8011.5,871855,8012.0,47923,111194,1073,110121,823932,0.5
1900-01-22 00:26:00,8017.0,136628,8017.5,702765,123653,11029,112624,-566137,0.5
1900-01-22 00:26:15,8017.0,298600,8017.5,833968,20472,226,20246,-535368,0.5
1900-01-22 00:26:30,8016.5,980,8017.0,798696,35099,6672,28427,-797716,0.5
1900-01-22 00:26:45,8014.0,38812,8014.5,149674,23408,50115,-26707,-110862,0.5
1900-01-22 00:27:00,8012.5,23183,8013.0,780505,8391,32108,-23717,-757322,0.5
1900-01-22 00:27:15,8010.0,239777,8010.5,736055,136,17070,-16934,-496278,0.5
1900-01-22 00:27:30,8001.5,571438,8002.0,380224,11021,132525,-121504,191214,0.5
1900-01-22 00:27:45,8000.0,414449,8000.5,992111,18062,666241,-648179,-577662,0.5
1900-01-22 00:28:00,8000.0,1062888,8000.5,1101754,59001,447664,-388663,-38866,0.5
1900-01-22 00:28:15,8009.5,778047,8010.0,323733,150933,12820,138113,454314,0.5
1900-01-22 00:28:30,8009.5,757726,8010.0,137689,202844,7002,195842,620037,0.5
1900-01-22 00:28:45,8011.5,927085,8012.0,106716,90072,7911,82161,820369,0.5
1900-01-22 00:29:00,8015.0,564457,8015.5,427813,77444,5210,72234,136644,0.5
1900-01-22 00:29:15,8015.0,166165,8015.5,622194,60940,47390,13550,-456029,0.5
1900-01-22 00:29:30,8018.0,1142053,8018.5,141967,77061,14389,62672,1000086,0.5
1900-01-22 00:29:45,8018.0,839774,8018.5,109546,225695,1650,224045,730228,0.5
1900-01-22 00:30:00,8019.5,879334,8020.0,118241,83713,25037,58676,761093,0.5
1900-01-22 00:30:15,8027.0,404981,8027.5,5449,142047,48563,93484,399532,0.5
1900-01-22 00:30:30,8027.0,382038,8027.5,547099,57404,34754,22650,-165061,0.5
1900-01-22 00:30:45,8027.0,594061,8027.5,442157,59270,53980,5290,151904,0.5
1900-01-22 00:31:00,8023.0,1906,8023.5,644525,27990,75675,-47685,-642619,0.5
1900-01-22 00:31:15,8012.0,1056749,8012.5,392666,3088,240925,-237837,664083,0.5
1900-01-22 00:31:30,8012.0,888699,8012.5,664510,5207,244118,-238911,224189,0.5
1900-01-22 00:31:45,8012.5,1464836,8013.0,14373,16612,924,15688,1450463,0.5
1900-01-22 00:32:00,8013.5,939132,8014.0,248920,34750,12996,21754,690212,0.5
1900-01-22 00:32:15,8013.0,1073,8013.5,661805,3346,176324,-172978,-660732,0.5
1900-01-22 00:32:30,8011.0,48189,8011.5,678335,1100,19912,-18812,-630146,0.5
1900-01-22 00:32:45,8010.0,79495,8010.5,650276,6100,26205,-20105,-570781,0.5
1900-01-22 00:33:00,8000.0,11508,8000.5,1161853,28243,157955,-129712,-1150345,0.5
1900-01-22 00:33:15,7990.5,974050,7991.0,329361,6831,534806,-527975,644689,0.5
1900-01-22 00:33:30,7990.5,156182,7991.0,887694,41910,422554,-380644,-731512,0.5
1900-01-22 00:33:45,7993.0,183143,7993.5,802904,68973,98991,-30018,-619761,0.5
1900-01-22 00:34:00,7982.5,121315,7983.0,546957,35224,315298,-280074,-425642,0.5
1900-01-22 00:34:15,7982.5,125833,7983.0,847402,20701,190390,-169689,-721569,0.5
1900-01-22 00:34:30,7980.0,553515,7980.5,1093314,47807,1208657,-1160850,-539799,0.5
1900-01-22 00:34:45,7950.0,111601,7950.5,44043,6915,1442007,-1435092,67558,0.5
1900-01-22 00:35:00,7934.5,33552,7945.0,183749,170158,1471405,-1301247,-150197,10.5
1900-01-22 00:35:15,7962.5,105,7963.5,18000,785423,304336,481087,-17895,1.0
1900-01-22 00:35:30,7965.0,495604,7965.5,130030,749278,167692,581586,365574,0.5
1900-01-22 00:35:45,7968.5,873155,7969.0,515347,530158,21159,508999,357808,0.5
1900-01-22 00:36:00,7966.5,318641,7967.0,430697,571546,107852,463694,-112056,0.5
1900-01-22 00:36:15,7954.0,121954,7954.5,181073,10426,109625,-99199,-59119,0.5
1900-01-22 00:36:30,7964.5,1019539,7965.0,211496,158268,145304,12964,808043,0.5
1900-01-22 00:36:45,7965.5,1415084,7966.0,93378,418707,39328,379379,1321706,0.5
1900-01-22 00:37:00,7970.0,340661,7970.5,260900,312596,14433,298163,79761,0.5
1900-01-22 00:37:15,7960.5,76006,7961.0,7496,150585,60081,90504,68510,0.5
1900-01-22 00:37:30,7964.5,219353,7965.0,333627,35572,34112,1460,-114274,0.5
1900-01-22 00:37:45,7957.0,48144,7957.5,3044,13952,242713,-228761,45100,0.5
1900-01-22 00:38:00,7958.5,25130,7959.0,467839,61665,31164,30501,-442709,0.5
1900-01-22 00:38:15,7957.5,347628,7958.0,152170,25854,444871,-419017,195458,0.5
1900-01-22 00:38:30,7950.5,18571,7951.0,63722,135500,209797,-74297,-45151,0.5
1900-01-22 00:38:45,7947.0,619842,7947.5,192447,60684,342502,-281818,427395,0.5
1900-01-22 00:39:00,7952.5,725104,7953.0,108153,87454,209788,-122334,616951,0.5
1900-01-22 00:39:15,7939.5,9123,7940.0,105566,32723,385214,-352491,-96443,0.5
1900-01-22 00:39:30,7948.5,662888,7949.0,43798,131494,64815,66679,619090,0.5
1900-01-22 00:39:45,7938.0,898668,7938.5,100505,58667,99732,-41065,798163,0.5
1900-01-22 00:40:00,7946.5,15315,7947.0,341395,114314,54227,60087,-326080,0.5
1900-01-22 00:40:15,7950.0,519652,7950.5,21388,28594,169775,-141181,498264,0.5
1900-01-22 00:40:30,7950.0,870803,7950.5,148783,80882,4938,75944,722020,0.5
1900-01-22 00:40:45,7952.5,1256603,7953.0,52194,149951,13111,136840,1204409,0.5
1900-01-22 00:41:00,7952.5,38184,7953.0,1560,52514,59306,-6792,36624,0.5
1900-01-22 00:41:15,7950.0,56488,7950.5,1028825,7006,75022,-68016,-972337,0.5
1900-01-22 00:41:30,7946.0,468317,7946.5,188177,48921,68347,-19426,280140,0.5
1900-01-22 00:41:45,7946.0,448685,7946.5,436459,43741,168242,-124501,12226,0.5
1900-01-22 00:42:00,7946.5,297045,7947.0,559623,75627,152361,-76734,-262578,0.5
1900-01-22 00:42:15,7946.5,595197,7947.0,516259,21079,11216,9863,78938,0.5
1900-01-22 00:42:30,7938.0,681959,7938.5,309426,54731,712267,-657536,372533,0.5
1900-01-22 00:42:45,7933.5,1369,7934.0,709447,6064,420635,-414571,-708078,0.5
1900-01-22 00:43:00,7936.5,251306,7937.0,12991,122710,413175,-290465,238315,0.5
1900-01-22 00:43:15,7944.5,27521,7945.0,96050,375043,42518,332525,-68529,0.5
1900-01-22 00:43:30,7939.0,381024,7939.5,861332,5051,8496,-3445,-480308,0.5
1900-01-22 00:43:45,7938.5,355,7939.0,683854,16176,50671,-34495,-683499,0.5
1900-01-22 00:44:00,7946.5,346854,7947.0,340461,264605,27067,237538,6393,0.5
1900-01-22 00:44:15,7946.5,721102,7947.0,286134,44622,13902,30720,434968,0.5
1900-01-22 00:44:30,7942.5,178243,7943.0,403558,59890,25336,34554,-225315,0.5
1900-01-22 00:44:45,7949.0,115257,7949.5,472244,202792,38175,164617,-356987,0.5
1900-01-22 00:45:00,7947.0,337026,7947.5,211940,110351,52559,57792,125086,0.5
1900-01-22 00:45:15,7954.0,777251,7954.5,230537,78313,14678,63635,546714,0.5
1900-01-22 00:45:30,7959.5,1566636,7960.0,12027,95378,3368,92010,1554609,0.5
1900-01-22 00:45:45,7961.5,489787,7962.0,4669,164383,10640,153743,485118,0.5
1900-01-22 00:46:00,7962.0,126156,7962.5,237360,126109,118534,7575,-111204,0.5
1900-01-22 00:46:15,7960.0,748690,7960.5,79715,65683,178401,-112718,668975,0.5
1900-01-22 00:46:30,7961.0,478171,7961.5,24608,115181,92738,22443,453563,0.5
1900-01-22 00:46:45,7965.0,6349,7965.5,45707,54609,1700,52909,-39358,0.5
1900-01-22 00:47:00,7965.0,624538,7965.5,75782,36830,9974,26856,548756,0.5
1900-01-22 00:47:15,7965.0,2102566,7965.5,77819,127773,28011,99762,2024747,0.5
1900-01-22 00:47:30,7956.5,184669,7957.0,858368,23400,76609,-53209,-673699,0.5
1900-01-22 00:47:45,7951.5,12000,7952.0,46751,178109,299693,-121584,-34751,0.5
1900-01-22 00:48:00,7951.5,802774,7952.0,10008,104058,45614,58444,792766,0.5
1900-01-22 00:48:15,7951.5,970246,7952.0,2232,74859,202,74657,968014,0.5
1900-01-22 00:48:30,7956.5,142487,7957.0,700,45148,2741,42407,141787,0.5
1900-01-22 00:48:45,7960.0,282610,7960.5,441688,53326,54085,-759,-159078,0.5
1900-01-22 00:49:00,7955.5,122087,7956.0,342338,7207,100355,-93148,-220251,0.5
1900-01-22 00:49:15,7954.5,9120,7955.0,620528,14136,30455,-16319,-611408,0.5
1900-01-22 00:49:30,7951.0,659067,7951.5,69075,11217,130405,-119188,589992,0.5
1900-01-22 00:49:45,7955.5,486964,7956.0,72868,14653,19522,-4869,414096,0.5
1900-01-22 00:50:00,7955.5,120995,7956.0,336567,44316,13710,30606,-215572,0.5
1900-01-22 00:50:15,7952.5,977,7953.0,980561,804,12276,-11472,-979584,0.5
1900-01-22 00:50:30,7952.0,10263,7952.5,1045989,13888,30578,-16690,-1035726,0.5
1900-01-22 00:50:45,7950.0,9726,7950.5,933742,21002,400114,-379112,-924016,0.5
1900-01-22 00:51:00,7947.5,406,7948.0,1191142,8240,82139,-73899,-1190736,0.5
1900-01-22 00:51:15,7947.0,219822,7947.5,55878,58101,17787,40314,163944,0.5
1900-01-22 00:51:30,7948.5,238885,7949.0,2065,25198,7403,17795,236820,0.5
1900-01-22 00:51:45,7957.5,42714,7958.0,1044693,14496,12971,1525,-1001979,0.5
1900-01-22 00:52:00,7957.5,124591,7958.0,764375,60161,485,59676,-639784,0.5
1900-01-22 00:52:15,7953.0,26152,7953.5,265440,52690,19001,33689,-239288,0.5
1900-01-22 00:52:30,7955.0,213690,7955.5,662473,178,47327,-47149,-448783,0.5
1900-01-22 00:52:45,7954.0,31910,7954.5,706401,3892,33389,-29497,-674491,0.5
1900-01-22 00:53:00,7950.0,10972,7950.5,890030,11238,8376,2862,-879058,0.5
1900-01-22 00:53:15,7947.0,125068,7947.5,40300,4009,40403,-36394,84768,0.5
1900-01-22 00:53:30,7946.0,8935,7946.5,664400,410,151944,-151534,-655465,0.5
1900-01-22 00:53:45,7945.0,111052,7945.5,691316,1613,26923,-25310,-580264,0.5
1900-01-22 00:54:00,7942.0,30682,7942.5,889558,21431,77539,-56108,-858876,0.5
1900-01-22 00:54:15,7934.0,6491,7934.5,208385,7715,431244,-423529,-201894,0.5
1900-01-22 00:54:30,7949.0,47351,7949.5,20892,154496,83366,71130,26459,0.5
1900-01-22 00:54:45,7949.0,160540,7949.5,544343,41114,12027,29087,-383803,0.5
1900-01-22 00:55:00,7949.0,397425,7949.5,780824,9978,130864,-120886,-383399,0.5
1900-01-22 00:55:15,7944.0,50444,7944.5,657792,216,8446,-8230,-607348,0.5
1900-01-22 00:55:30,7935.0,56662,7935.5,727885,3851,37224,-33373,-671223,0.5
1900-01-22 00:55:45,7933.0,244490,7933.5,154389,27453,144501,-117048,90101,0.5
1900-01-22 00:56:00,7935.0,719164,7935.5,98872,123818,655222,-531404,620292,0.5
1900-01-22 00:56:15,7937.0,416669,7938.0,106,35039,23368,11671,416563,1.0
1900-01-22 00:56:30,7935.5,508625,7936.0,23920,21662,225171,-203509,484705,0.5
1900-01-22 00:56:45,7938.0,1001632,7938.5,21411,72580,107721,-35141,980221,0.5
1900-01-22 00:57:00,7938.0,740835,7938.5,170505,15457,102350,-86893,570330,0.5
1900-01-22 00:57:15,7944.0,80341,7944.5,828120,57780,34353,23427,-747779,0.5
1900-01-22 00:57:30,7944.5,1023461,7945.0,10914,131472,59894,71578,1012547,0.5
1900-01-22 00:57:45,7945.5,932951,7946.0,183976,22519,2654,19865,748975,0.5
1900-01-22 00:58:00,7946.0,1391854,7946.5,28794,184409,2654,181755,1363060,0.5
1900-01-22 00:58:15,7947.0,126897,7947.5,707684,88562,174331,-85769,-580787,0.5
1900-01-22 00:58:30,7945.0,3036,7945.5,785758,5300,191086,-185786,-782722,0.5
1900-01-22 00:58:45,7942.5,617000,7943.0,458911,3441,24645,-21204,158089,0.5
1900-01-22 00:59:00,7942.5,507762,7943.0,471536,37103,11000,26103,36226,0.5
1900-01-22 00:59:15,7942.0,790,7942.5,653645,2672,37836,-35164,-652855,0.5
1900-01-22 00:59:30,7935.0,438811,7935.5,813318,13052,145817,-132765,-374507,0.5
1900-01-22 00:59:45,7944.5,95952,7945.0,667860,248134,40117,208017,-571908,0.5
1900-01-22 01:00:00,7944.0,757,7944.5,74166,46562,10707,35855,-73409,0.5
1900-01-22 01:00:15,7944.0,471552,7944.5,52438,65345,21369,43976,419114,0.5
1900-01-22 01:00:30,7960.0,498111,7960.5,212410,525153,12962,512191,285701,0.5
1900-01-22 01:00:45,7960.0,1125390,7960.5,153762,182080,7031,175049,971628,0.5
1900-01-22 01:01:00,7960.5,433429,7961.0,6566,292377,112017,180360,426863,0.5
1900-01-22 01:01:15,7960.5,314870,7961.0,121704,104044,55139,48905,193166,0.5
1900-01-22 01:01:30,7966.0,863881,7966.5,132584,544456,4000,540456,731297,0.5
1900-01-22 01:01:45,7966.0,970614,7966.5,42073,38538,14750,23788,928541,0.5
1900-01-22 01:02:00,7967.0,1187361,7967.5,7165,21855,2604,19251,1180196,0.5
1900-01-22 01:02:15,7970.0,107380,7970.5,537682,76971,14088,62883,-430302,0.5
1900-01-22 01:02:30,7984.5,264465,7985.0,820369,329358,38795,290563,-555904,0.5
1900-01-22 01:02:45,7974.5,460322,7975.0,93146,67255,471675,-404420,367176,0.5
1900-01-22 01:03:00,7980.5,311711,7981.0,560438,58189,113964,-55775,-248727,0.5
1900-01-22 01:03:15,7976.0,570583,7976.5,423331,111764,198811,-87047,147252,0.5
1900-01-22 01:03:30,7976.5,1421421,7977.0,83341,36517,45988,-9471,1338080,0.5
1900-01-22 01:03:45,7980.0,40641,7980.5,616303,334951,4485,330466,-575662,0.5
1900-01-22 01:04:00,7980.0,852036,7980.5,88570,14107,59069,-44962,763466,0.5
1900-01-22 01:04:15,7983.0,470440,7983.5,685,159366,10464,148902,469755,0.5
1900-01-22 01:04:30,7984.5,1341000,7985.0,120163,98608,1003,97605,1220837,0.5
1900-01-22 01:04:45,7984.5,637592,7985.0,651397,87537,10141,77396,-13805,0.5
1900-01-22 01:05:00,7981.0,803,7981.5,1299356,214967,101993,112974,-1298553,0.5
1900-01-22 01:05:15,7980.0,1242456,7980.5,66847,71250,44112,27138,1175609,0.5
1900-01-22 01:05:30,7984.0,792864,7984.5,196468,48836,30503,18333,596396,0.5
1900-01-22 01:05:45,7984.5,1228412,7985.0,176036,67473,82079,-14606,1052376,0.5
1900-01-22 01:06:00,7988.0,150667,7988.5,647122,141254,28096,113158,-496455,0.5
1900-01-22 01:06:15,7983.5,3803,7984.0,295608,24610,103667,-79057,-291805,0.5
1900-01-22 01:06:30,7981.0,999548,7981.5,99870,27699,35135,-7436,899678,0.5
1900-01-22 01:06:45,7980.5,62204,7981.0,761791,40754,57856,-17102,-699587,0.5
1900-01-22 01:07:00,7978.0,723,7978.5,628613,61642,155776,-94134,-627890,0.5
1900-01-22 01:07:15,7975.0,1027925,7975.5,398488,8251,290632,-282381,629437,0.5
1900-01-22 01:07:30,7975.0,1253721,7975.5,3037,14281,9738,4543,1250684,0.5
1900-01-22 01:07:45,7975.0,1111595,7975.5,288184,14065,660,13405,823411,0.5
1900-01-22 01:08:00,7975.0,193241,7975.5,223402,66207,18356,47851,-30161,0.5
1900-01-22 01:08:15,7973.5,251497,7974.0,526152,100,70967,-70867,-274655,0.5
1900-01-22 01:08:30,7970.5,3602,7971.0,678867,3225,240453,-237228,-675265,0.5
1900-01-22 01:08:45,7966.5,409039,7967.0,273925,206,232698,-232492,135114,0.5
1900-01-22 01:09:00,7966.5,521733,7967.0,256297,177877,120450,57427,265436,0.5
1900-01-22 01:09:15,7968.5,752490,7969.0,265826,84338,3221,81117,486664,0.5
1900-01-22 01:09:30,7973.0,88125,7973.5,697246,84588,15671,68917,-609121,0.5
1900-01-22 01:09:45,7972.0,41025,7972.5,1091290,22060,31090,-9030,-1050265,0.5
1900-01-22 01:10:00,7966.5,13492,7967.0,447189,15632,60852,-45220,-433697,0.5
1900-01-22 01:10:15,7966.5,21936,7967.0,386638,60676,6957,53719,-364702,0.5
1900-01-22 01:10:30,7966.0,289371,7966.5,815137,58379,41439,16940,-525766,0.5
1900-01-22 01:10:45,7966.0,417751,7966.5,489691,58379,49482,8897,-71940,0.5
1900-01-22 01:11:00,7969.0,842965,7969.5,9722,7352,50700,-43348,833243,0.5
1900-01-22 01:11:15,7974.5,101264,7975.0,1433031,51228,14519,36709,-1331767,0.5
1900-01-22 01:11:30,7974.5,70452,7975.0,1171466,56529,28591,27938,-1101014,0.5
1900-01-22 01:11:45,7974.5,18303,7975.0,1291423,12710,16421,-3711,-1273120,0.5
1900-01-22 01:12:00,7966.5,23,7967.0,890220,12710,69564,-56854,-890197,0.5
1900-01-22 01:12:15,7962.0,499569,7962.5,395621,6371,19003,-12632,103948,0.5
1900-01-22 01:12:30,7964.5,569300,7965.0,183864,38909,2512,36397,385436,0.5
1900-01-22 01:12:45,7964.5,508044,7965.0,204015,109101,15773,93328,304029,0.5
1900-01-22 01:13:00,7961.0,14960,7961.5,902848,11812,33611,-21799,-887888,0.5
1900-01-22 01:13:15,7959.5,22553,7960.0,1044827,1017,19839,-18822,-1022274,0.5
1900-01-22 01:13:30,7957.0,393632,7957.5,370646,10233,111875,-101642,22986,0.5
1900-01-22 01:13:45,7964.5,552954,7965.0,217758,193323,14073,179250,335196,0.5
1900-01-22 01:14:00,7960.5,46,7961.0,474460,7490,55820,-48330,-474414,0.5
1900-01-22 01:14:15,7959.5,39959,7960.0,635582,3052,12080,-9028,-595623,0.5
1900-01-22 01:14:30,7959.5,529534,7960.0,28111,167394,2212,165182,501423,0.5
1900-01-22 01:14:45,7962.5,777703,7963.0,150007,94590,8100,86490,627696,0.5
1900-01-22 01:15:00,7962.5,208417,7963.0,700233,8670,251,8419,-491816,0.5
1900-01-22 01:15:15,7963.5,453120,7964.0,515140,35256,18942,16314,-62020,0.5
1900-01-22 01:15:30,7963.0,179147,7963.5,869066,2599,40469,-37870,-689919,0.5
1900-01-22 01:15:45,7961.0,435775,7961.5,601194,8000,10184,-2184,-165419,0.5
1900-01-22 01:16:00,7961.0,437991,7961.5,537657,26418,111358,-84940,-99666,0.5
1900-01-22 01:16:15,7961.0,205238,7961.5,1092510,10300,1810,8490,-887272,0.5
1900-01-22 01:16:30,7960.5,367741,7961.0,602160,2720,74621,-71901,-234419,0.5
1900-01-22 01:16:45,7960.5,423584,7961.0,469649,1,49129,-49128,-46065,0.5
1900-01-22 01:17:00,7967.5,224463,7968.0,18875,297894,89322,208572,205588,0.5
1900-01-22 01:17:15,7969.5,168702,7970.0,1218372,142677,20226,122451,-1049670,0.5
1900-01-22 01:17:30,7969.5,319513,7970.0,1267487,17100,9883,7217,-947974,0.5
1900-01-22 01:17:45,7973.5,197142,7974.0,1011652,45683,18391,27292,-814510,0.5
1900-01-22 01:18:00,7974.5,611020,7975.0,1039,58625,25459,33166,609981,0.5
1900-01-22 01:18:15,7976.5,613008,7977.0,62541,377209,1745,375464,550467,0.5
1900-01-22 01:18:30,7978.0,382556,7978.5,758753,56102,50991,5111,-376197,0.5
1900-01-22 01:18:45,7978.0,890921,7978.5,158550,13830,24400,-10570,732371,0.5
1900-01-22 01:19:00,7978.0,62630,7978.5,881799,2386,179929,-177543,-819169,0.5
1900-01-22 01:19:15,7977.0,290206,7977.5,581842,15064,62015,-46951,-291636,0.5
1900-01-22 01:19:30,7974.5,436246,7975.0,129890,1187,33683,-32496,306356,0.5
1900-01-22 01:19:45,7975.5,564770,7976.0,25669,53478,4274,49204,539101,0.5
1900-01-22 01:20:00,7976.0,1057507,7976.5,31147,26456,18515,7941,1026360,0.5
1900-01-22 01:20:15,7976.5,1087697,7977.0,53312,25178,1,25177,1034385,0.5
1900-01-22 01:20:30,7976.5,828035,7977.0,443835,2866,6509,-3643,384200,0.5
1900-01-22 01:20:45,7976.5,67511,7977.0,972931,125435,20994,104441,-905420,0.5
1900-01-22 01:21:00,7976.0,24031,7976.5,997333,6182,24874,-18692,-973302,0.5
1900-01-22 01:21:15,7975.0,63160,7975.5,665047,3287,22745,-19458,-601887,0.5
1900-01-22 01:21:30,7976.0,869604,7976.5,13145,13907,9401,4506,856459,0.5
1900-01-22 01:21:45,7977.5,1028625,7978.0,158782,71782,5385,66397,869843,0.5
1900-01-22 01:22:00,7977.5,569916,7978.0,908560,32477,100100,-67623,-338644,0.5
1900-01-22 01:22:15,7977.5,440221,7978.0,962150,5650,14142,-8492,-521929,0.5
1900-01-22 01:22:30,7977.5,341516,7978.0,941860,16274,158338,-142064,-600344,0.5
1900-01-22 01:22:45,7977.0,25258,7977.5,1079522,1,179760,-179759,-1054264,0.5
1900-01-22 01:23:00,7975.5,12925,7976.0,1026443,4021,26536,-22515,-1013518,0.5
1900-01-22 01:23:15,7975.5,578627,7976.0,490132,2000,5246,-3246,88495,0.5
1900-01-22 01:23:30,7975.5,288619,7976.0,797711,2000,1,1999,-509092,0.5
1900-01-22 01:23:45,7975.5,217405,7976.0,1073060,3500,8553,-5053,-855655,0.5
1900-01-22 01:24:00,7975.5,217331,7976.0,1131022,4068,14000,-9932,-913691,0.5
1900-01-22 01:24:15,7975.5,594218,7976.0,418261,59543,36903,22640,175957,0.5
1900-01-22 01:24:30,7977.5,619992,7978.0,36654,253949,21468,232481,583338,0.5
1900-01-22 01:24:45,7980.0,1320505,7980.5,35599,604290,11651,592639,1284906,0.5
1900-01-22 01:25:00,7984.5,1339620,7985.0,35762,76628,2700,73928,1303858,0.5
1900-01-22 01:25:15,7986.5,273640,7987.0,907580,14040,1467,12573,-633940,0.5
1900-01-22 01:25:30,7984.5,258366,7985.0,542912,8140,47505,-39365,-284546,0.5
1900-01-22 01:25:45,7984.5,59127,7985.0,891171,3301,12625,-9324,-832044,0.5
1900-01-22 01:26:00,7984.5,1256373,7985.0,10476,173064,3339,169725,1245897,0.5
1900-01-22 01:26:15,7985.5,1041100,7986.0,149767,14232,844,13388,891333,0.5
1900-01-22 01:26:30,7987.0,996623,7987.5,105964,142752,28444,114308,890659,0.5
1900-01-22 01:26:45,7989.5,722102,7990.0,28363,163638,33000,130638,693739,0.5
1900-01-22 01:27:00,7996.0,741192,7996.5,525,389466,9139,380327,740667,0.5
1900-01-22 01:27:15,7997.5,937771,7998.0,48349,263231,45847,217384,889422,0.5
1900-01-22 01:27:30,7997.5,274240,7998.0,674447,193080,10653,182427,-400207,0.5
1900-01-22 01:27:45,7997.5,712225,7998.0,19332,34411,6823,27588,692893,0.5
1900-01-22 01:28:00,7997.0,25738,7997.5,613225,15885,32277,-16392,-587487,0.5
1900-01-22 01:28:15,7996.0,29844,7996.5,613589,2000,354356,-352356,-583745,0.5
1900-01-22 01:28:30,7989.5,348518,7990.0,747360,1,120441,-120440,-398842,0.5
1900-01-22 01:28:45,7989.5,209719,7990.0,841968,149898,354845,-204947,-632249,0.5
1900-01-22 01:29:00,7989.5,190403,7990.0,745075,14601,86454,-71853,-554672,0.5
1900-01-22 01:29:15,7986.0,205628,7986.5,567374,2201,92035,-89834,-361746,0.5
1900-01-22 01:29:30,7983.0,113291,7983.5,767348,12908,82557,-69649,-654057,0.5
1900-01-22 01:29:45,7982.0,178547,7982.5,841284,10225,46435,-36210,-662737,0.5
1900-01-22 01:30:00,7982.0,556688,7982.5,361774,175029,17087,157942,194914,0.5
1900-01-22 01:30:15,7979.5,923299,7980.0,289530,8219,38993,-30774,633769,0.5
1900-01-22 01:30:30,7979.5,790845,7980.0,144679,48785,14218,34567,646166,0.5
1900-01-22 01:30:45,7979.5,78345,7980.0,890246,100,142696,-142596,-811901,0.5
1900-01-22 01:31:00,7976.5,22000,7977.0,526404,14810,55302,-40492,-504404,0.5
1900-01-22 01:31:15,7963.5,27065,7964.5,72564,60,49129,-49069,-45499,1.0
1900-01-22 01:31:30,7965.0,722774,7965.5,173859,40116,219740,-179624,548915,0.5
1900-01-22 01:31:45,7967.5,1090665,7968.0,19002,71220,19321,51899,1071663,0.5
1900-01-22 01:32:00,7964.0,117253,7964.5,944905,29062,67527,-38465,-827652,0.5
1900-01-22 01:32:15,7959.5,16862,7960.0,628255,5343,136379,-131036,-611393,0.5
1900-01-22 01:32:30,7957.5,703463,7958.0,166101,8293,140255,-131962,537362,0.5
1900-01-22 01:32:45,7958.0,137785,7958.5,461904,73068,66472,6596,-324119,0.5
1900-01-22 01:33:00,7958.0,74861,7958.5,685103,1121,119932,-118811,-610242,0.5
1900-01-22 01:33:15,7963.0,117153,7963.5,681159,100766,4402,96364,-564006,0.5
1900-01-22 01:33:30,7963.0,20945,7963.5,684514,1000,13572,-12572,-663569,0.5
1900-01-22 01:33:45,7968.0,321453,7968.5,817646,75032,4301,70731,-496193,0.5
1900-01-22 01:34:00,7968.0,54087,7968.5,1192769,956,8763,-7807,-1138682,0.5
1900-01-22 01:34:15,7968.0,23009,7968.5,961360,8443,2749,5694,-938351,0.5
1900-01-22 01:34:30,7969.0,1429141,7969.5,1879,27018,18063,8955,1427262,0.5
1900-01-22 01:34:45,7969.0,630878,7969.5,18185,36800,96746,-59946,612693,0.5
1900-01-22 01:35:00,7969.0,24929,7969.5,605188,52737,13545,39192,-580259,0.5
1900-01-22 01:35:15,7967.5,18281,7968.0,830168,3086,4697,-1611,-811887,0.5
1900-01-22 01:35:30,7967.0,36055,7967.5,867706,2255,120800,-118545,-831651,0.5
1900-01-22 01:35:45,7967.0,1005527,7967.5,79173,32300,15612,16688,926354,0.5
1900-01-22 01:36:00,7967.0,994606,7967.5,12152,68063,26418,41645,982454,0.5
1900-01-22 01:36:15,7967.0,79211,7967.5,836007,13059,7409,5650,-756796,0.5
1900-01-22 01:36:30,7966.0,13103,7966.5,1022610,1,87869,-87868,-1009507,0.5
1900-01-22 01:36:45,7960.5,206423,7961.0,75892,21644,175864,-154220,130531,0.5
1900-01-22 01:37:00,7957.5,276035,7958.0,651691,47297,164831,-117534,-375656,0.5
1900-01-22 01:37:15,7957.5,299614,7958.0,549146,108050,53248,54802,-249532,0.5
1900-01-22 01:37:30,7962.0,485585,7962.5,354221,128027,52343,75684,131364,0.5
1900-01-22 01:37:45,7961.0,80010,7961.5,772119,31339,77795,-46456,-692109,0.5
1900-01-22 01:38:00,7959.5,77611,7960.0,1033529,601,41217,-40616,-955918,0.5
1900-01-22 01:38:15,7959.5,781972,7960.0,288627,24993,42488,-17495,493345,0.5
1900-01-22 01:38:30,7959.5,153567,7960.0,875851,3775,8121,-4346,-722284,0.5
1900-01-22 01:38:45,7959.5,698806,7960.0,182771,40142,1025,39117,516035,0.5
1900-01-22 01:39:00,7959.5,1293164,7960.0,58433,39766,2130,37636,1234731,0.5
1900-01-22 01:39:15,7967.5,264576,7968.0,942289,97631,25550,72081,-677713,0.5
1900-01-22 01:39:30,7967.5,544705,7968.0,383984,2551,10958,-8407,160721,0.5
1900-01-22 01:39:45,7963.5,782,7964.0,448450,11150,20634,-9484,-447668,0.5
1900-01-22 01:40:00,7959.5,21769,7960.0,1327712,2032,103190,-101158,-1305943,0.5
1900-01-22 01:40:15,7953.5,13023,7954.0,592475,236,326910,-326674,-579452,0.5
1900-01-22 01:40:30,7961.0,441394,7961.5,101966,446618,117267,329351,339428,0.5
1900-01-22 01:40:45,7960.0,143,7960.5,1080505,2984,26861,-23877,-1080362,0.5
1900-01-22 01:41:00,7958.0,774101,7958.5,243862,25010,3499,21511,530239,0.5
1900-01-22 01:41:15,7958.0,1279366,7958.5,39786,36264,476,35788,1239580,0.5
1900-01-22 01:41:30,7958.5,895643,7959.0,342949,9770,771,8999,552694,0.5
1900-01-22 01:41:45,7958.5,163834,7959.0,856662,41796,1,41795,-692828,0.5
1900-01-22 01:42:00,7953.0,135295,7953.5,841450,2790,96900,-94110,-706155,0.5
1900-01-22 01:42:15,7940.0,56867,7940.5,29478,13790,422214,-408424,27389,0.5
1900-01-22 01:42:30,7950.0,620627,7950.5,11190,56313,117687,-61374,609437,0.5
1900-01-22 01:42:45,7950.0,741555,7950.5,243273,14325,153314,-138989,498282,0.5
1900-01-22 01:43:00,7951.5,52212,7952.0,967015,354974,50629,304345,-914803,0.5
1900-01-22 01:43:15,7948.5,775969,7949.0,19638,61203,78058,-16855,756331,0.5
1900-01-22 01:43:30,7941.0,430499,7941.5,367128,3222,257007,-253785,63371,0.5
1900-01-22 01:43:45,7938.0,42341,7938.5,608565,56618,365719,-309101,-566224,0.5
1900-01-22 01:44:00,7943.0,729737,7943.5,284889,19615,203841,-184226,444848,0.5
1900-01-22 01:44:15,7938.5,182244,7939.0,532552,65798,223431,-157633,-350308,0.5
1900-01-22 01:44:30,7937.5,462044,7938.0,605,26726,254073,-227347,461439,0.5
1900-01-22 01:44:45,7938.0,91532,7938.5,734051,36895,83993,-47098,-642519,0.5
1900-01-22 01:45:00,7945.5,266740,7946.0,209503,206130,23288,182842,57237,0.5
1900-01-22 01:45:15,7949.5,599187,7950.0,62022,190530,35216,155314,537165,0.5
1900-01-22 01:45:30,7942.0,60128,7942.5,980479,31546,184758,-153212,-920351,0.5
1900-01-22 01:45:45,7943.0,92146,7943.5,739011,103650,13209,90441,-646865,0.5
1900-01-22 01:46:00,7941.5,812904,7942.0,3431,56450,59088,-2638,809473,0.5
1900-01-22 01:46:15,7943.5,825441,7944.0,17844,32125,3772,28353,807597,0.5
1900-01-22 01:46:30,7944.0,547911,7944.5,101198,19358,46201,-26843,446713,0.5
1900-01-22 01:46:45,7944.5,663552,7945.0,74973,39930,1999,37931,588579,0.5
1900-01-22 01:47:00,7942.0,14763,7942.5,1361385,17773,72137,-54364,-1346622,0.5
1900-01-22 01:47:15,7936.0,224823,7936.5,968491,54343,112620,-58277,-743668,0.5
1900-01-22 01:47:30,7933.5,111413,7934.0,1265512,8056,487615,-479559,-1154099,0.5
1900-01-22 01:47:45,7925.5,44870,7926.0,660111,549,246601,-246052,-615241,0.5
1900-01-22 01:48:00,7929.5,778675,7930.0,24553,299444,305633,-6189,754122,0.5
1900-01-22 01:48:15,7925.5,328454,7926.0,227502,181897,284577,-102680,100952,0.5
1900-01-22 01:48:30,7920.0,17069,7920.5,417965,6646,310282,-303636,-400896,0.5
1900-01-22 01:48:45,7922.0,513040,7922.5,201525,177904,433136,-255232,311515,0.5
1900-01-22 01:49:00,7920.0,85812,7920.5,394824,48415,242928,-194513,-309012,0.5
1900-01-22 01:49:15,7909.5,175839,7910.0,127458,35880,1014511,-978631,48381,0.5
1900-01-22 01:49:30,7923.0,4356,7923.5,1318812,287106,166516,120590,-1314456,0.5
1900-01-22 01:49:45,7917.0,285044,7917.5,316596,33539,207792,-174253,-31552,0.5
1900-01-22 01:50:00,7915.0,320499,7915.5,1139226,16142,92958,-76816,-818727,0.5
1900-01-22 01:50:15,7910.5,17778,7911.0,4048,24032,70878,-46846,13730,0.5
1900-01-22 01:50:30,7919.5,261934,7920.0,330896,121730,6701,115029,-68962,0.5
1900-01-22 01:50:45,7927.5,116773,7928.0,29731,353504,74337,279167,87042,0.5
1900-01-22 01:51:00,7934.5,145081,7935.0,1087191,132922,17555,115367,-942110,0.5
1900-01-22 01:51:15,7940.5,348141,7941.0,66236,204747,23524,181223,281905,0.5
1900-01-22 01:51:30,7936.0,398062,7936.5,139055,178173,65513,112660,259007,0.5
1900-01-22 01:51:45,7936.0,938609,7936.5,103720,22739,45554,-22815,834889,0.5
1900-01-22 01:52:00,7939.5,465100,7940.0,526720,177923,28562,149361,-61620,0.5
1900-01-22 01:52:15,7939.5,447174,7940.0,49478,29830,250904,-221074,397696,0.5
1900-01-22 01:52:30,7939.5,417597,7940.0,11247,23517,37640,-14123,406350,0.5
1900-01-22 01:52:45,7940.5,84852,7941.0,681788,92171,26598,65573,-596936,0.5
1900-01-22 01:53:00,7938.0,160115,7938.5,604473,4268,37319,-33051,-444358,0.5
1900-01-22 01:53:15,7936.5,55385,7937.0,888490,14070,812691,-798621,-833105,0.5
1900-01-22 01:53:30,7935.0,319499,7935.5,380370,1200,175904,-174704,-60871,0.5
1900-01-22 01:53:45,7939.0,151628,7939.5,841272,87073,18566,68507,-689644,0.5
1900-01-22 01:54:00,7939.0,285311,7939.5,803762,14094,13679,415,-518451,0.5
1900-01-22 01:54:15,7939.0,138416,7939.5,748623,25599,42499,-16900,-610207,0.5
1900-01-22 01:54:30,7939.0,29856,7939.5,884672,1560,27346,-25786,-854816,0.5
1900-01-22 01:54:45,7936.0,32152,7936.5,696314,2451,14805,-12354,-664162,0.5
1900-01-22 01:55:00,7935.0,26235,7935.5,1254317,31210,37939,-6729,-1228082,0.5
1900-01-22 01:55:15,7929.0,33982,7929.5,947897,15238,96813,-81575,-913915,0.5
1900-01-22 01:55:30,7929.0,121130,7929.5,609235,2892,12602,-9710,-488105,0.5
1900-01-22 01:55:45,7926.0,321711,7926.5,638717,12100,49293,-37193,-317006,0.5
1900-01-22 01:56:00,7926.5,788324,7927.0,64,63962,1371,62591,788260,0.5
1900-01-22 01:56:15,7930.5,30954,7931.0,1049076,10572,73919,-63347,-1018122,0.5
1900-01-22 01:56:30,7932.5,316042,7933.0,18966,107488,7870,99618,297076,0.5
1900-01-22 01:56:45,7932.5,598643,7933.0,1297,3266,29076,-25810,597346,0.5
1900-01-22 01:57:00,7934.5,552495,7935.0,331414,23143,15000,8143,221081,0.5
1900-01-22 01:57:15,7930.0,152,7930.5,1612775,33553,71449,-37896,-1612623,0.5
1900-01-22 01:57:30,7923.5,6889,7924.0,769873,5968,57545,-51577,-762984,0.5
1900-01-22 01:57:45,7922.0,539027,7922.5,78537,64459,24409,40050,460490,0.5
1900-01-22 01:58:00,7925.0,66129,7925.5,507951,100280,46750,53530,-441822,0.5
1900-01-22 01:58:15,7925.0,363861,7925.5,4608,118023,32601,85422,359253,0.5
1900-01-22 01:58:30,7924.5,1772,7925.0,13076,32996,66301,-33305,-11304,0.5
1900-01-22 01:58:45,7936.0,40320,7936.5,17000,104546,30519,74027,23320,0.5
1900-01-22 01:59:00,7937.0,190041,7937.5,374828,215437,168011,47426,-184787,0.5
1900-01-22 01:59:15,7937.0,840768,7937.5,467695,55762,50313,5449,373073,0.5
1900-01-22 01:59:30,7937.0,941464,7937.5,358711,22926,10411,12515,582753,0.5
1900-01-22 01:59:45,7942.0,399619,7942.5,559640,393514,3028,390486,-160021,0.5
1900-01-22 02:00:00,7942.0,172215,7942.5,1094795,33144,27401,5743,-922580,0.5
1900-01-22 02:00:15,7936.5,9307,7937.0,129690,20862,164548,-143686,-120383,0.5
1900-01-22 02:00:30,7931.0,654167,7931.5,9058,139187,82251,56936,645109,0.5
1900-01-22 02:00:45,7932.5,543105,7933.0,75116,277187,89043,188144,467989,0.5
1900-01-22 02:01:00,7933.0,4526,7933.5,327772,23137,54743,-31606,-323246,0.5
1900-01-22 02:01:15,7931.0,4727,7931.5,869473,811,86684,-85873,-864746,0.5
1900-01-22 02:01:30,7930.0,1527,7930.5,1304787,5000,16111,-11111,-1303260,0.5
1900-01-22 02:01:45,7925.0,38064,7925.5,764328,55213,42308,12905,-726264,0.5
1900-01-22 02:02:00,7932.0,329934,7932.5,907619,184653,88497,96156,-577685,0.5
1900-01-22 02:02:15,7929.0,26650,7929.5,587666,12696,133923,-121227,-561016,0.5
1900-01-22 02:02:30,7928.5,1123671,7929.0,65249,226924,17292,209632,1058422,0.5
1900-01-22 02:02:45,7928.5,809814,7929.0,17378,34258,11803,22455,792436,0.5
1900-01-22 02:03:00,7930.5,603239,7931.0,72817,85575,23654,61921,530422,0.5
1900-01-22 02:03:15,7927.5,23390,7928.0,119633,49995,49710,285,-96243,0.5
1900-01-22 02:03:30,7926.5,364053,7927.0,640546,201,19030,-18829,-276493,0.5
1900-01-22 02:03:45,7925.0,688606,7925.5,358814,2131,45042,-42911,329792,0.5
1900-01-22 02:04:00,7923.0,35774,7923.5,1179997,86893,64791,22102,-1144223,0.5
1900-01-22 02:04:15,7918.0,9581,7918.5,546224,3274,141737,-138463,-536643,0.5
1900-01-22 02:04:30,7919.0,844076,7919.5,5122,88017,230230,-142213,838954,0.5
1900-01-22 02:04:45,7915.0,129906,7915.5,443907,47818,185535,-137717,-314001,0.5
1900-01-22 02:05:00,7915.0,382618,7915.5,385681,28067,106379,-78312,-3063,0.5
1900-01-22 02:05:15,7912.0,14011,7912.5,690864,25041,77286,-52245,-676853,0.5
1900-01-22 02:05:30,7907.5,293765,7908.0,11914,34657,323901,-289244,281851,0.5
1900-01-22 02:05:45,7910.5,564785,7911.0,53388,97922,505582,-407660,511397,0.5
1900-01-22 02:06:00,7911.5,672361,7912.0,22913,36817,28959,7858,649448,0.5
1900-01-22 02:06:15,7905.0,62377,7905.5,429862,38489,372291,-333802,-367485,0.5
1900-01-22 02:06:30,7900.0,476760,7900.5,369262,21101,886939,-865838,107498,0.5
1900-01-22 02:06:45,7911.5,74064,7912.0,1185542,90716,36849,53867,-1111478,0.5
1900-01-22 02:07:00,7915.5,85278,7916.0,151117,108054,65292,42762,-65839,0.5
1900-01-22 02:07:15,7911.0,78304,7911.5,389341,122328,171648,-49320,-311037,0.5
1900-01-22 02:07:30,7914.0,107617,7914.5,783171,226977,30336,196641,-675554,0.5
1900-01-22 02:07:45,7913.5,376324,7914.0,517152,9626,34647,-25021,-140828,0.5
1900-01-22 02:08:00,7908.0,193961,7908.5,829617,40327,105747,-65420,-635656,0.5
1900-01-22 02:08:15,7890.0,98459,7890.5,16585,27308,791574,-764266,81874,0.5
1900-01-22 02:08:30,7879.0,40000,7880.0,455337,848443,2204990,-1356547,-415337,1.0
1900-01-22 02:08:45,7889.5,147578,7890.0,199370,296412,555898,-259486,-51792,0.5
1900-01-22 02:09:00,7893.5,156683,7894.0,89450,279898,133934,145964,67233,0.5
1900-01-22 02:09:15,7887.0,32002,7887.5,171484,211934,118979,92955,-139482,0.5
1900-01-22 02:09:30,7882.0,81,7882.5,1349129,28787,361465,-332678,-1349048,0.5
1900-01-22 02:09:45,7882.0,559927,7882.5,457880,231207,405385,-174178,102047,0.5
1900-01-22 02:10:00,7885.5,39556,7886.0,19317,348154,54811,293343,20239,0.5
1900-01-22 02:10:15,7877.5,28004,7878.0,280047,333022,73005,260017,-252043,0.5
1900-01-22 02:10:30,7882.0,521793,7883.0,10132,83886,113748,-29862,511661,1.0
1900-01-22 02:10:45,7887.5,295941,7888.0,605571,124678,74306,50372,-309630,0.5
1900-01-22 02:11:00,7883.0,933193,7883.5,48567,34862,252332,-217470,884626,0.5
1900-01-22 02:11:15,7884.0,210592,7885.0,1402524,48290,60664,-12374,-1191932,1.0
1900-01-22 02:11:30,7884.0,115058,7884.5,854269,17006,79875,-62869,-739211,0.5
1900-01-22 02:11:45,7882.0,104724,7882.5,772842,8376,172307,-163931,-668118,0.5
1900-01-22 02:12:00,7878.5,2203,7879.0,437260,30828,100051,-69223,-435057,0.5
1900-01-22 02:12:15,7858.5,24506,7859.0,92351,25328,681106,-655778,-67845,0.5
1900-01-22 02:12:30,7873.0,66717,7873.5,704647,304506,269978,34528,-637930,0.5
1900-01-22 02:12:45,7861.5,18253,7862.0,210950,115226,129440,-14214,-192697,0.5
1900-01-22 02:13:00,7873.0,304204,7873.5,1494139,438418,66128,372290,-1189935,0.5
1900-01-22 02:13:15,7870.0,103727,7870.5,952559,94544,75567,18977,-848832,0.5
1900-01-22 02:13:30,7866.5,30064,7867.0,39000,83636,134542,-50906,-8936,0.5
1900-01-22 02:13:45,7863.5,9336,7864.0,747971,16506,167018,-150512,-738635,0.5
1900-01-22 02:14:00,7865.0,569109,7865.5,457898,114557,35874,78683,111211,0.5
1900-01-22 02:14:15,7868.0,121242,7868.5,1211396,242380,112307,130073,-1090154,0.5
1900-01-22 02:14:30,7862.5,241843,7863.0,223337,55323,75872,-20549,18506,0.5
1900-01-22 02:14:45,7863.0,370089,7863.5,30767,61497,99133,-37636,339322,0.5
1900-01-22 02:15:00,7865.0,135167,7865.5,378147,302946,18287,284659,-242980,0.5
1900-01-22 02:15:15,7865.0,618057,7865.5,306802,65183,13314,51869,311255,0.5
1900-01-22 02:15:30,7863.5,184127,7864.0,590914,22915,21367,1548,-406787,0.5
1900-01-22 02:15:45,7842.0,36000,7842.5,68351,48368,917293,-868925,-32351,0.5
1900-01-22 02:16:00,7862.5,21671,7863.0,162783,115537,302123,-186586,-141112,0.5
1900-01-22 02:16:15,7861.5,491802,7862.0,428526,173836,37536,136300,63276,0.5
1900-01-22 02:16:30,7866.5,1246540,7867.0,37703,396463,62145,334318,1208837,0.5
1900-01-22 02:16:45,7874.5,93396,7875.0,192940,1631636,30482,1601154,-99544,0.5
1900-01-22 02:17:00,7877.0,11864,7877.5,304906,456574,188719,267855,-293042,0.5
1900-01-22 02:17:15,7883.0,169929,7883.5,865,76457,42067,34390,169064,0.5
1900-01-22 02:17:30,7883.0,18791,7883.5,697027,489804,174123,315681,-678236,0.5
1900-01-22 02:17:45,7884.0,63587,7884.5,52901,77067,166699,-89632,10686,0.5
1900-01-22 02:18:00,7882.0,580841,7882.5,146090,26505,31068,-4563,434751,0.5
1900-01-22 02:18:15,7884.5,1262089,7885.0,49958,78753,17115,61638,1212131,0.5
1900-01-22 02:18:30,7885.0,1403330,7885.5,25825,42652,25657,16995,1377505,0.5
1900-01-22 02:18:45,7890.0,99896,7890.5,78396,449720,77824,371896,21500,0.5
1900-01-22 02:19:00,7898.0,107539,7898.5,821287,92660,144779,-52119,-713748,0.5
1900-01-22 02:19:15,7895.0,181260,7895.5,675393,50010,126505,-76495,-494133,0.5
1900-01-22 02:19:30,7895.0,80345,7895.5,639260,190053,27510,162543,-558915,0.5
1900-01-22 02:19:45,7896.0,351399,7896.5,538270,158498,80061,78437,-186871,0.5
1900-01-22 02:20:00,7896.0,338502,7896.5,548648,96151,19552,76599,-210146,0.5
1900-01-22 02:20:15,7896.0,311613,7896.5,548838,37231,52564,-15333,-237225,0.5
1900-01-22 02:20:30,7894.5,14308,7895.0,883505,7082,175029,-167947,-869197,0.5
1900-01-22 02:20:45,7874.5,83742,7875.0,146812,38660,64306,-25646,-63070,0.5
1900-01-22 02:21:00,7884.5,401627,7885.0,886951,199419,34565,164854,-485324,0.5
1900-01-22 02:21:15,7883.0,845044,7883.5,18970,13749,75811,-62062,826074,0.5
1900-01-22 02:21:30,7884.0,143631,7884.5,946839,45262,150413,-105151,-803208,0.5
1900-01-22 02:21:45,7883.5,554052,7884.0,380532,16017,77276,-61259,173520,0.5
1900-01-22 02:22:00,7883.5,479865,7884.0,150338,120955,32011,88944,329527,0.5
1900-01-22 02:22:15,7883.5,473860,7884.0,580520,21061,8500,12561,-106660,0.5
1900-01-22 02:22:30,7880.0,846894,7880.5,171813,2047,79443,-77396,675081,0.5
1900-01-22 02:22:45,7880.0,669332,7880.5,319874,38977,120000,-81023,349458,0.5
1900-01-22 02:23:00,7881.0,54437,7881.5,25,231785,8051,223734,54412,0.5
1900-01-22 02:23:15,7890.0,482154,7890.5,48151,109363,10000,99363,434003,0.5
1900-01-22 02:23:30,7894.0,792281,7894.5,103310,123416,51,123365,688971,0.5
1900-01-22 02:23:45,7894.5,500178,7895.0,515597,39959,17,39942,-15419,0.5
1900-01-22 02:24:00,7890.0,732367,7890.5,109970,79679,124762,-45083,622397,0.5
1900-01-22 02:24:15,7892.5,755667,7893.0,204674,74112,12632,61480,550993,0.5
1900-01-22 02:24:30,7899.5,669813,7900.0,328514,135487,924,134563,341299,0.5
1900-01-22 02:24:45,7899.5,1011195,7900.0,31936,232873,42737,190136,979259,0.5
1900-01-22 02:25:00,7902.5,1117430,7903.0,525834,118594,8804,109790,591596,0.5
1900-01-22 02:25:15,7893.5,825,7894.0,47721,31605,47419,-15814,-46896,0.5
1900-01-22 02:25:30,7898.5,1442002,7899.0,3573,74047,53678,20369,1438429,0.5
1900-01-22 02:25:45,7901.5,468753,7902.0,458,18885,4237,14648,468295,0.5
1900-01-22 02:26:00,7901.5,16297,7902.0,589766,54979,43336,11643,-573469,0.5
1900-01-22 02:26:15,7897.0,38396,7897.5,654157,7785,31892,-24107,-615761,0.5
1900-01-22 02:26:30,7895.0,13242,7895.5,696645,45519,26867,18652,-683403,0.5
1900-01-22 02:26:45,7893.5,755699,7894.0,164437,19500,37871,-18371,591262,0.5
1900-01-22 02:27:00,7891.0,5734,7891.5,1000631,11920,18503,-6583,-994897,0.5
1900-01-22 02:27:15,7891.0,1077702,7891.5,113127,155443,77034,78409,964575,0.5
1900-01-22 02:27:30,7892.5,742902,7893.0,83810,87769,5704,82065,659092,0.5
1900-01-22 02:27:45,7892.5,751791,7893.0,156197,16824,30155,-13331,595594,0.5
1900-01-22 02:28:00,7893.5,793813,7894.0,22521,60517,581,59936,771292,0.5
1900-01-22 02:28:15,7896.0,754052,7896.5,59858,46671,12410,34261,694194,0.5
1900-01-22 02:28:30,7896.0,1331104,7896.5,37141,22242,14760,7482,1293963,0.5
1900-01-22 02:28:45,7896.0,1312167,7896.5,63987,17320,1314,16006,1248180,0.5
1900-01-22 02:29:00,7892.5,211281,7893.0,702609,5921,90388,-84467,-491328,0.5
1900-01-22 02:29:15,7891.0,86,7891.5,404771,15914,108795,-92881,-404685,0.5
1900-01-22 02:29:30,7890.5,1133282,7891.0,108074,118678,92949,25729,1025208,0.5
1900-01-22 02:29:45,7885.0,413781,7885.5,397875,17740,112822,-95082,15906,0.5
1900-01-22 02:30:00,7887.0,744795,7887.5,13311,14002,39292,-25290,731484,0.5
1900-01-22 02:30:15,7890.0,57503,7890.5,993324,10794,64834,-54040,-935821,0.5
1900-01-22 02:30:30,7884.5,203081,7885.0,526057,57193,56539,654,-322976,0.5
1900-01-22 02:30:45,7883.5,52579,7884.0,779692,303,87305,-87002,-727113,0.5
1900-01-22 02:31:00,7883.0,21123,7883.5,929442,3600,24096,-20496,-908319,0.5
1900-01-22 02:31:15,7881.0,962241,7881.5,355366,14545,74771,-60226,606875,0.5
1900-01-22 02:31:30,7883.0,675930,7883.5,157096,48058,34862,13196,518834,0.5
1900-01-22 02:31:45,7882.5,23356,7883.0,646486,11104,89741,-78637,-623130,0.5
1900-01-22 02:32:00,7879.0,162863,7879.5,859916,519,30030,-29511,-697053,0.5
1900-01-22 02:32:15,7877.0,89754,7877.5,1126441,6080,29506,-23426,-1036687,0.5
1900-01-22 02:32:30,7877.0,307263,7877.5,552232,21351,46536,-25185,-244969,0.5
1900-01-22 02:32:45,7872.0,1379348,7872.5,68926,21281,104818,-83537,1310422,0.5
1900-01-22 02:33:00,7876.5,844999,7877.0,205802,297339,34112,263227,639197,0.5
1900-01-22 02:33:15,7873.0,1287322,7873.5,77839,18648,50589,-31941,1209483,0.5
1900-01-22 02:33:30,7874.0,280683,7874.5,582262,45285,6800,38485,-301579,0.5
1900-01-22 02:33:45,7872.0,247910,7872.5,618723,8604,154950,-146346,-370813,0.5
1900-01-22 02:34:00,7872.0,1093270,7872.5,489975,4505,65402,-60897,603295,0.5
1900-01-22 02:34:15,7872.0,815624,7872.5,326744,143485,67595,75890,488880,0.5
1900-01-22 02:34:30,7872.0,273447,7872.5,662680,23251,31407,-8156,-389233,0.5
1900-01-22 02:34:45,7865.0,2035,7865.5,47064,21247,375489,-354242,-45029,0.5
1900-01-22 02:35:00,7866.0,707880,7866.5,24506,42285,294064,-251779,683374,0.5
1900-01-22 02:35:15,7869.5,209684,7870.0,57393,76855,47317,29538,152291,0.5
1900-01-22 02:35:30,7874.5,443732,7875.0,295535,211651,23190,188461,148197,0.5
1900-01-22 02:35:45,7874.5,780029,7875.0,415716,31772,5580,26192,364313,0.5
1900-01-22 02:36:00,7876.5,648723,7877.0,21371,71574,2966,68608,627352,0.5
1900-01-22 02:36:15,7879.5,1019360,7880.0,3822,96755,6008,90747,1015538,0.5
1900-01-22 02:36:30,7880.5,1096387,7881.0,57263,18093,28586,-10493,1039124,0.5
1900-01-22 02:36:45,7881.0,1083291,7881.5,4515,155391,11752,143639,1078776,0.5
1900-01-22 02:37:00,7881.0,432862,7881.5,617505,11290,12954,-1664,-184643,0.5
1900-01-22 02:37:15,7882.5,1086869,7883.0,12935,143922,3895,140027,1073934,0.5
1900-01-22 02:37:30,7883.5,832135,7884.0,51522,13947,26,13921,780613,0.5
1900-01-22 02:37:45,7884.0,1177019,7884.5,67676,13531,26,13505,1109343,0.5
1900-01-22 02:38:00,7884.5,974889,7885.0,329155,60840,13394,47446,645734,0.5
1900-01-22 02:38:15,7887.0,1320299,7887.5,4017,308009,40000,268009,1316282,0.5
1900-01-22 02:38:30,7889.5,1218018,7890.0,58896,70837,4,70833,1159122,0.5
1900-01-22 02:38:45,7893.5,1166232,7894.0,5342,149790,2401,147389,1160890,0.5
1900-01-22 02:39:00,7905.0,1109439,7905.5,68375,127741,104710,23031,1041064,0.5
1900-01-22 02:39:15,7907.0,307264,7907.5,10795,548480,5494,542986,296469,0.5
1900-01-22 02:39:30,7914.0,200958,7914.5,535894,353840,33907,319933,-334936,0.5
1900-01-22 02:39:45,7917.5,381823,7918.0,756484,196802,99825,96977,-374661,0.5
1900-01-22 02:40:00,7917.5,229252,7918.0,590947,40514,67854,-27340,-361695,0.5
1900-01-22 02:40:15,7914.5,29311,7915.0,152355,51247,84874,-33627,-123044,0.5
1900-01-22 02:40:30,7907.5,609470,7908.0,48639,25298,36278,-10980,560831,0.5
1900-01-22 02:40:45,7907.5,735953,7908.0,119660,36877,56403,-19526,616293,0.5
1900-01-22 02:41:00,7907.5,95133,7908.0,626832,11749,31054,-19305,-531699,0.5
1900-01-22 02:41:15,7908.0,838987,7908.5,40434,96956,28499,68457,798553,0.5
1900-01-22 02:41:30,7909.0,1081899,7909.5,133792,17758,281,17477,948107,0.5
1900-01-22 02:41:45,7909.0,957196,7909.5,60420,74354,1200,73154,896776,0.5
1900-01-22 02:42:00,7909.5,804948,7910.0,132324,61691,911,60780,672624,0.5
1900-01-22 02:42:15,7909.5,396633,7910.0,405321,21170,7622,13548,-8688,0.5
1900-01-22 02:42:30,7909.5,1078283,7910.0,99965,54001,78104,-24103,978318,0.5
1900-01-22 02:42:45,7909.5,838076,7910.0,247789,85521,7581,77940,590287,0.5
1900-01-22 02:43:00,7907.5,35316,7908.0,964740,37450,60964,-23514,-929424,0.5
1900-01-22 02:43:15,7907.5,341021,7908.0,855544,37450,116191,-78741,-514523,0.5
1900-01-22 02:43:30,7906.0,118477,7906.5,1208168,5000,114006,-109006,-1089691,0.5
1900-01-22 02:43:45,7901.0,16250,7901.5,409375,2890,203489,-200599,-393125,0.5
1900-01-22 02:44:00,7900.0,626861,7900.5,505989,97249,165740,-68491,120872,0.5
1900-01-22 02:44:15,7900.0,9631,7900.5,951251,14027,77005,-62978,-941620,0.5
1900-01-22 02:44:30,7898.5,548381,7899.0,620488,9031,114391,-105360,-72107,0.5
1900-01-22 02:44:45,7894.0,143035,7894.5,609165,2060,107992,-105932,-466130,0.5
1900-01-22 02:45:00,7894.0,171475,7894.5,1595673,34212,12566,21646,-1424198,0.5
1900-01-22 02:45:15,7894.0,1184757,7894.5,315833,80903,11026,69877,868924,0.5
1900-01-22 02:45:30,7894.0,109577,7894.5,1334647,14518,130254,-115736,-1225070,0.5
1900-01-22 02:45:45,7899.0,602746,7899.5,475537,140352,3366,136986,127209,0.5
1900-01-22 02:46:00,7896.5,15421,7897.0,1276178,112329,168281,-55952,-1260757,0.5
1900-01-22 02:46:15,7896.5,7935,7897.0,1355423,2100,9621,-7521,-1347488,0.5
1900-01-22 02:46:30,7895.0,30072,7895.5,1161088,23089,2046,21043,-1131016,0.5
1900-01-22 02:46:45,7895.0,11269,7895.5,1187386,50,17145,-17095,-1176117,0.5
1900-01-22 02:47:00,7877.0,49824,7877.5,40265,35300,230162,-194862,9559,0.5
1900-01-22 02:47:15,7877.0,802611,7877.5,196285,79174,287945,-208771,606326,0.5
1900-01-22 02:47:30,7882.5,533749,7883.0,39349,136162,23976,112186,494400,0.5
1900-01-22 02:47:45,7892.5,472015,7893.0,279493,83377,53008,30369,192522,0.5
1900-01-22 02:48:00,7888.5,16018,7889.0,941376,141055,14046,127009,-925358,0.5
1900-01-22 02:48:15,7886.5,9453,7887.0,758547,146995,22476,124519,-749094,0.5
1900-01-22 02:48:30,7886.5,936749,7887.0,343560,115542,27496,88046,593189,0.5
1900-01-22 02:48:45,7890.0,370701,7890.5,389964,39066,87085,-48019,-19263,0.5
1900-01-22 02:49:00,7890.0,1469944,7890.5,91142,61855,2100,59755,1378802,0.5
1900-01-22 02:49:15,7893.0,860129,7893.5,18350,107607,60,107547,841779,0.5
1900-01-22 02:49:30,7898.0,984918,7898.5,83304,151372,1559,149813,901614,0.5
1900-01-22 02:49:45,7897.5,4045,7898.0,977699,28343,14436,13907,-973654,0.5
1900-01-22 02:50:00,7897.0,714502,7897.5,102423,33423,14995,18428,612079,0.5
1900-01-22 02:50:15,7899.0,1335949,7899.5,3110,132988,7500,125488,1332839,0.5
1900-01-22 02:50:30,7906.5,896537,7907.0,219409,214511,5999,208512,677128,0.5
1900-01-22 02:50:45,7906.5,873017,7907.0,62749,34320,46122,-11802,810268,0.5
1900-01-22 02:51:00,7906.5,396961,7907.0,635649,30781,948,29833,-238688,0.5
1900-01-22 02:51:15,7899.5,580,7900.0,354630,15829,248411,-232582,-354050,0.5
1900-01-22 02:51:30,7899.5,1092264,7900.0,265992,23872,4556,19316,826272,0.5
1900-01-22 02:51:45,7903.0,1012925,7903.5,40995,91153,108500,-17347,971930,0.5
1900-01-22 02:52:00,7905.5,953443,7906.0,231367,26363,3838,22525,722076,0.5
1900-01-22 02:52:15,7909.5,221257,7910.0,674596,48540,3838,44702,-453339,0.5
1900-01-22 02:52:30,7909.5,1112114,7910.0,937,58088,15740,42348,1111177,0.5
1900-01-22 02:52:45,7910.5,141291,7911.0,564290,135619,12301,123318,-422999,0.5
1900-01-22 02:53:00,7912.5,1268589,7913.0,92876,255518,6320,249198,1175713,0.5
1900-01-22 02:53:15,7910.5,1173,7911.0,901548,105337,163668,-58331,-900375,0.5
1900-01-22 02:53:30,7910.0,78760,7910.5,914948,3653,17806,-14153,-836188,0.5
1900-01-22 02:53:45,7909.5,99948,7910.0,988140,3653,76132,-72479,-888192,0.5
1900-01-22 02:54:00,7905.0,350461,7905.5,330610,2509,27449,-24940,19851,0.5
1900-01-22 02:54:15,7912.0,529232,7912.5,183578,32217,1230,30987,345654,0.5
1900-01-22 02:54:30,7919.0,657144,7919.5,15588,116421,3664,112757,641556,0.5
1900-01-22 02:54:45,7923.5,150,7924.0,16000,813647,52927,760720,-15850,0.5
1900-01-22 02:55:00,7920.0,319881,7920.5,229125,112450,343114,-230664,90756,0.5
1900-01-22 02:55:15,7923.5,367356,7924.0,137681,111163,61863,49300,229675,0.5
1900-01-22 02:55:30,7927.5,906480,7928.0,20035,84455,25602,58853,886445,0.5
1900-01-22 02:55:45,7927.5,333808,7928.0,457366,154758,14496,140262,-123558,0.5
1900-01-22 02:56:00,7925.0,723717,7925.5,125277,32668,71198,-38530,598440,0.5
1900-01-22 02:56:15,7923.5,923,7924.0,706725,26041,64658,-38617,-705802,0.5
1900-01-22 02:56:30,7923.0,696275,7923.5,322611,425,11004,-10579,373664,0.5
1900-01-22 02:56:45,7922.0,30248,7922.5,686068,14670,156090,-141420,-655820,0.5
1900-01-22 02:57:00,7922.0,429432,7922.5,573575,35552,192620,-157068,-144143,0.5
1900-01-22 02:57:15,7920.0,141278,7920.5,927365,29321,39060,-9739,-786087,0.5
1900-01-22 02:57:30,7919.5,613420,7920.0,545898,10595,100659,-90064,67522,0.5
1900-01-22 02:57:45,7919.5,835726,7920.0,79704,43160,79532,-36372,756022,0.5
1900-01-22 02:58:00,7920.0,1170428,7920.5,35739,88842,21296,67546,1134689,0.5
1900-01-22 02:58:15,7921.5,1337575,7922.0,37913,49505,35,49470,1299662,0.5
1900-01-22 02:58:30,7922.5,1382747,7923.0,7370,46930,3000,43930,1375377,0.5
1900-01-22 02:58:45,7923.5,1047996,7924.0,79041,58597,596,58001,968955,0.5
1900-01-22 02:59:00,7923.5,263580,7924.0,830086,51401,19008,32393,-566506,0.5
1900-01-22 02:59:15,7920.0,317577,7920.5,450322,17218,15178,2040,-132745,0.5
1900-01-22 02:59:30,7917.5,173121,7918.0,444965,5550,243000,-237450,-271844,0.5
1900-01-22 02:59:45,7917.5,831976,7918.0,280668,14160,25750,-11590,551308,0.5
1900-01-22 03:00:00,7917.5,629361,7918.0,579007,74371,6072,68299,50354,0.5
1900-01-22 03:00:15,7917.5,895763,7918.0,221288,22241,1467,20774,674475,0.5
1900-01-22 03:00:30,7917.5,1672081,7918.0,6526,33403,4012,29391,1665555,0.5
1900-01-22 03:00:45,7922.0,78158,7922.5,559936,108187,7738,100449,-481778,0.5
1900-01-22 03:01:00,7924.5,612344,7925.0,516816,195449,921,194528,95528,0.5
1900-01-22 03:01:15,7924.5,947529,7925.0,111069,70796,25518,45278,836460,0.5
1900-01-22 03:01:30,7927.5,1014834,7928.0,178561,169110,20099,149011,836273,0.5
1900-01-22 03:01:45,7934.0,370319,7934.5,227581,351709,19860,331849,142738,0.5
1900-01-22 03:02:00,7930.0,82678,7930.5,321816,57536,85313,-27777,-239138,0.5
1900-01-22 03:02:15,7930.0,734491,7930.5,196574,35712,66252,-30540,537917,0.5
1900-01-22 03:02:30,7930.0,776651,7930.5,220780,14250,6601,7649,555871,0.5
1900-01-22 03:02:45,7930.0,1055130,7930.5,70367,16169,106002,-89833,984763,0.5
1900-01-22 03:03:00,7931.0,998783,7931.5,5,19205,53,19152,998778,0.5
1900-01-22 03:03:15,7934.5,903008,7935.0,111199,62426,3972,58454,791809,0.5
1900-01-22 03:03:30,7935.5,1163404,7936.0,68872,46160,6594,39566,1094532,0.5
1900-01-22 03:03:45,7949.5,168706,7950.0,575204,510836,42936,467900,-406498,0.5
1900-01-22 03:04:00,7948.5,31956,7949.0,1164555,150250,58118,92132,-1132599,0.5
1900-01-22 03:04:15,7959.0,22583,7959.5,46682,134442,15249,119193,-24099,0.5
1900-01-22 03:04:30,7956.0,28920,7956.5,68652,311708,58539,253169,-39732,0.5
1900-01-22 03:04:45,7953.0,60181,7953.5,825030,36366,34237,2129,-764849,0.5
1900-01-22 03:05:00,7953.0,785785,7953.5,409107,59404,96337,-36933,376678,0.5
1900-01-22 03:05:15,7959.5,558666,7960.0,484594,159551,67041,92510,74072,0.5
1900-01-22 03:05:30,7963.0,1313563,7963.5,47981,94231,11489,82742,1265582,0.5
1900-01-22 03:05:45,7961.0,204258,7961.5,390748,83785,36548,47237,-186490,0.5
1900-01-22 03:06:00,7961.0,1267309,7961.5,126455,89841,25347,64494,1140854,0.5
1900-01-22 03:06:15,7961.0,1142073,7961.5,51409,42418,32554,9864,1090664,0.5
1900-01-22 03:06:30,7963.0,261004,7963.5,341943,25239,112993,-87754,-80939,0.5
1900-01-22 03:06:45,7955.5,88704,7956.0,364931,2511,103517,-101006,-276227,0.5
1900-01-22 03:07:00,7955.0,485843,7955.5,479557,38177,130831,-92654,6286,0.5
1900-01-22 03:07:15,7955.0,1299555,7955.5,68348,47480,11576,35904,1231207,0.5
1900-01-22 03:07:30,7959.0,898916,7959.5,31570,104697,19204,85493,867346,0.5
1900-01-22 03:07:45,7960.0,528767,7960.5,589863,32000,31272,728,-61096,0.5
1900-01-22 03:08:00,7960.0,284632,7960.5,639095,7850,72271,-64421,-354463,0.5
1900-01-22 03:08:15,7958.5,14592,7959.0,104154,9568,285642,-276074,-89562,0.5
1900-01-22 03:08:30,7952.0,864045,7952.5,266050,70874,81363,-10489,597995,0.5
1900-01-22 03:08:45,7952.0,927589,7952.5,469605,13936,84440,-70504,457984,0.5
1900-01-22 03:09:00,7952.0,68438,7952.5,616034,11383,20789,-9406,-547596,0.5
1900-01-22 03:09:15,7948.0,845308,7948.5,445921,8785,163748,-154963,399387,0.5
1900-01-22 03:09:30,7948.0,923529,7948.5,340945,25564,71393,-45829,582584,0.5
1900-01-22 03:09:45,7948.0,1111073,7948.5,29644,15125,31186,-16061,1081429,0.5
1900-01-22 03:10:00,7950.0,781354,7950.5,6617,35286,3141,32145,774737,0.5
1900-01-22 03:10:15,7951.0,1151012,7951.5,30348,19492,1155,18337,1120664,0.5
1900-01-22 03:10:30,7954.0,777985,7954.5,238172,55202,2350,52852,539813,0.5
1900-01-22 03:10:45,7954.0,399590,7954.5,560797,8800,16700,-7900,-161207,0.5
1900-01-22 03:11:00,7948.0,23823,7948.5,699245,13670,147091,-133421,-675422,0.5
1900-01-22 03:11:15,7946.0,828727,7946.5,469364,15018,51413,-36395,359363,0.5
1900-01-22 03:11:30,7946.0,96815,7946.5,837595,16245,49027,-32782,-740780,0.5
1900-01-22 03:11:45,7945.5,516579,7946.0,578565,3011,154223,-151212,-61986,0.5
1900-01-22 03:12:00,7945.5,17971,7946.0,1266262,518,25763,-25245,-1248291,0.5
1900-01-22 03:12:15,7943.0,2230,7943.5,1041825,1000,184101,-183101,-1039595,0.5
1900-01-22 03:12:30,7936.0,534202,7936.5,500615,12728,189828,-177100,33587,0.5
1900-01-22 03:12:45,7936.0,229533,7936.5,639658,43621,55325,-11704,-410125,0.5
1900-01-22 03:13:00,7936.0,866786,7936.5,293308,59477,31051,28426,573478,0.5
1900-01-22 03:13:15,7944.0,552613,7944.5,35297,109910,32622,77288,517316,0.5
1900-01-22 03:13:30,7944.0,667616,7944.5,159489,104332,55673,48659,508127,0.5
1900-01-22 03:13:45,7945.5,614482,7946.0,679577,56706,8708,47998,-65095,0.5
1900-01-22 03:14:00,7945.5,648232,7946.0,154911,11297,922,10375,493321,0.5
1900-01-22 03:14:15,7945.5,1064615,7953.0,45024,47204,805,46399,1019591,7.5
1900-01-22 03:14:30,7959.5,20313,7960.0,853526,727502,5456,722046,-833213,0.5
1900-01-22 03:14:45,7958.5,1243610,7959.0,500949,54603,10631,43972,742661,0.5
1900-01-22 03:15:00,7958.5,1224011,7959.0,384616,89601,60196,29405,839395,0.5
1900-01-22 03:15:15,7958.5,584446,7959.0,732348,27756,588064,-560308,-147902,0.5
1900-01-22 03:15:30,7957.0,9027,7957.5,820727,24000,348178,-324178,-811700,0.5
1900-01-22 03:15:45,7952.0,86615,7952.5,764200,29198,34997,-5799,-677585,0.5
1900-01-22 03:16:00,7950.5,37914,7951.0,1223677,17786,40719,-22933,-1185763,0.5
1900-01-22 03:16:15,7943.0,70267,7943.5,529735,17786,89340,-71554,-459468,0.5
1900-01-22 03:16:30,7943.0,202343,7943.5,905380,4970,35660,-30690,-703037,0.5
1900-01-22 03:16:45,7943.0,32571,7943.5,1123902,1000,68474,-67474,-1091331,0.5
1900-01-22 03:17:00,7941.0,24819,7941.5,622973,1204,62130,-60926,-598154,0.5
1900-01-22 03:17:15,7940.0,48478,7940.5,1401502,1204,42193,-40989,-1353024,0.5
1900-01-22 03:17:30,7940.0,17570,7940.5,1242349,12763,27064,-14301,-1224779,0.5
1900-01-22 03:17:45,7940.0,615556,7940.5,452634,4600,20592,-15992,162922,0.5
1900-01-22 03:18:00,7939.5,32452,7940.0,1015401,17391,34731,-17340,-982949,0.5
1900-01-22 03:18:15,7938.0,115001,7938.5,1590576,7783,133721,-125938,-1475575,0.5
1900-01-22 03:18:30,7913.0,43560,7913.5,4210,4742,201553,-196811,39350,0.5
1900-01-22 03:18:45,7916.0,9489,7919.5,100,166202,390218,-224016,9389,3.5
1900-01-22 03:19:00,7926.5,126328,7927.0,28000,87902,200623,-112721,98328,0.5
1900-01-22 03:19:15,7923.5,120695,7924.0,780188,22511,164142,-141631,-659493,0.5
1900-01-22 03:19:30,7923.5,181029,7924.0,795388,95881,86507,9374,-614359,0.5
1900-01-22 03:19:45,7923.5,80381,7924.0,1309709,30812,125678,-94866,-1229328,0.5
1900-01-22 03:20:00,7923.5,7598,7924.0,1671253,4262,58307,-54045,-1663655,0.5
1900-01-22 03:20:15,7920.5,396258,7921.0,839217,3640,26600,-22960,-442959,0.5
1900-01-22 03:20:30,7920.5,618996,7921.0,369042,54789,35920,18869,249954,0.5
1900-01-22 03:20:45,7920.5,590230,7921.0,297344,147154,24235,122919,292886,0.5
1900-01-22 03:21:00,7920.5,31090,7921.0,968137,49008,11299,37709,-937047,0.5
1900-01-22 03:21:15,7902.5,781421,7903.0,20691,113792,317773,-203981,760730,0.5
1900-01-22 03:21:30,7902.5,783198,7903.0,29441,57950,36189,21761,753757,0.5
1900-01-22 03:21:45,7908.5,357888,7909.0,619675,113253,104460,8793,-261787,0.5
1900-01-22 03:22:00,7909.0,220518,7909.5,568840,81901,42614,39287,-348322,0.5
1900-01-22 03:22:15,7905.0,446143,7905.5,425457,77965,229064,-151099,20686,0.5
1900-01-22 03:22:30,7904.0,558095,7904.5,155644,12500,140056,-127556,402451,0.5
1900-01-22 03:22:45,7904.0,1023779,7904.5,79151,63356,1480,61876,944628,0.5
1900-01-22 03:23:00,7909.5,499896,7910.0,4806,261389,324,261065,495090,0.5
1900-01-22 03:23:15,7916.5,55671,7917.0,1181923,107205,11974,95231,-1126252,0.5
1900-01-22 03:23:30,7914.5,30315,7915.0,946008,44227,43838,389,-915693,0.5
1900-01-22 03:23:45,7914.5,22364,7915.0,1137296,33579,21155,12424,-1114932,0.5
1900-01-22 03:24:00,7911.5,53445,7912.0,624551,19721,1038,18683,-571106,0.5
1900-01-22 03:24:15,7911.5,21960,7912.0,1369320,5620,40095,-34475,-1347360,0.5
1900-01-22 03:24:30,7910.5,655350,7911.0,13558,9666,36654,-26988,641792,0.5
1900-01-22 03:24:45,7910.5,611384,7911.0,348872,102364,13156,89208,262512,0.5
1900-01-22 03:25:00,7911.0,869289,7911.5,2941,70850,9630,61220,866348,0.5
1900-01-22 03:25:15,7912.5,638479,7913.0,612875,36424,12214,24210,25604,0.5
1900-01-22 03:25:30,7912.5,696367,7913.0,96145,55520,8192,47328,600222,0.5
1900-01-22 03:25:45,7914.5,669521,7915.0,561769,48877,5039,43838,107752,0.5
1900-01-22 03:26:00,7914.5,805856,7915.0,451611,30479,806,29673,354245,0.5
1900-01-22 03:26:15,7914.5,89705,7915.0,892764,31164,52277,-21113,-803059,0.5
1900-01-22 03:26:30,7913.0,895,7913.5,574921,1616,32807,-31191,-574026,0.5
1900-01-22 03:26:45,7912.0,26363,7912.5,730219,10010,67026,-57016,-703856,0.5
1900-01-22 03:27:00,7910.5,1518,7911.0,831400,100,16383,-16283,-829882,0.5
1900-01-22 03:27:15,7910.0,738091,7910.5,456278,116,17451,-17335,281813,0.5
1900-01-22 03:27:30,7919.5,117096,7920.0,927032,94135,1053,93082,-809936,0.5
1900-01-22 03:27:45,7919.5,430776,7920.0,243752,15463,32269,-16806,187024,0.5
1900-01-22 03:28:00,7919.5,440407,7920.0,791021,15010,15987,-977,-350614,0.5
1900-01-22 03:28:15,7919.5,580960,7920.0,824465,62884,16356,46528,-243505,0.5
1900-01-22 03:28:30,7919.5,642587,7920.0,517943,139100,16550,122550,124644,0.5
1900-01-22 03:28:45,7919.5,174042,7920.0,1050563,16249,3585,12664,-876521,0.5
1900-01-22 03:29:00,7919.5,311952,7920.0,875207,31304,10050,21254,-563255,0.5
1900-01-22 03:29:15,7925.0,443146,7925.5,526423,56316,16799,39517,-83277,0.5
1900-01-22 03:29:30,7925.0,377192,7925.5,629462,69611,43871,25740,-252270,0.5
1900-01-22 03:29:45,7942.0,288201,7942.5,62204,213195,71652,141543,225997,0.5
1900-01-22 03:30:00,7940.5,8906,7941.0,918667,203133,73184,129949,-909761,0.5
1900-01-22 03:30:15,7943.5,895412,7944.0,25207,79375,42506,36869,870205,0.5
1900-01-22 03:30:30,7950.0,950486,7950.5,67681,172259,12803,159456,882805,0.5
1900-01-22 03:30:45,7955.5,823994,7956.0,521848,206480,38097,168383,302146,0.5
1900-01-22 03:31:00,7960.0,121537,7960.5,864742,141218,273928,-132710,-743205,0.5
1900-01-22 03:31:15,7957.0,1015555,7957.5,129830,110046,342658,-232612,885725,0.5
1900-01-22 03:31:30,7962.5,158503,7963.0,310820,96964,10392,86572,-152317,0.5
1900-01-22 03:31:45,7976.5,1600,7977.0,752640,595671,507379,88292,-751040,0.5
1900-01-22 03:32:00,7966.5,1163375,7967.0,89058,162016,120427,41589,1074317,0.5
1900-01-22 03:32:15,7967.0,10286,7967.5,400200,64845,34219,30626,-389914,0.5
1900-01-22 03:32:30,7961.0,215731,7961.5,712158,14086,181875,-167789,-496427,0.5
1900-01-22 03:32:45,7961.0,1034904,7961.5,717162,29724,73368,-43644,317742,0.5
1900-01-22 03:33:00,7961.0,1234458,7961.5,660275,67234,85999,-18765,574183,0.5
1900-01-22 03:33:15,7962.0,1195544,7962.5,82112,120561,12782,107779,1113432,0.5
1900-01-22 03:33:30,7974.0,20656,7974.5,27860,86456,74565,11891,-7204,0.5
1900-01-22 03:33:45,7969.5,51216,7970.0,701922,59911,211017,-151106,-650706,0.5
1900-01-22 03:34:00,7976.0,544166,7976.5,24054,147356,30785,116571,520112,0.5
1900-01-22 03:34:15,7979.0,353077,7979.5,712286,173338,16282,157056,-359209,0.5
1900-01-22 03:34:30,7977.0,177536,7977.5,542398,29166,96990,-67824,-364862,0.5
1900-01-22 03:34:45,7977.0,11789,7977.5,562924,51266,93098,-41832,-551135,0.5
1900-01-22 03:35:00,7971.0,907507,7971.5,25346,13312,226159,-212847,882161,0.5
1900-01-22 03:35:15,7971.5,1124356,7972.0,35735,172274,344551,-172277,1088621,0.5
1900-01-22 03:35:30,7969.5,11245,7970.0,684122,35957,30178,5779,-672877,0.5
1900-01-22 03:35:45,7952.0,330144,7952.5,17117,43248,497868,-454620,313027,0.5
1900-01-22 03:36:00,7954.5,5980,7955.0,538770,102724,53020,49704,-532790,0.5
1900-01-22 03:36:15,7964.0,637424,7964.5,451340,132661,30910,101751,186084,0.5
1900-01-22 03:36:30,7960.0,39684,7960.5,402263,17368,57666,-40298,-362579,0.5
1900-01-22 03:36:45,7958.0,188658,7958.5,426286,22200,53415,-31215,-237628,0.5
1900-01-22 03:37:00,7958.0,92927,7958.5,672259,14210,2988,11222,-579332,0.5
1900-01-22 03:37:15,7952.5,335299,7953.0,534860,14210,280121,-265911,-199561,0.5
1900-01-22 03:37:30,7951.0,30908,7951.5,609735,51049,11619,39430,-578827,0.5
1900-01-22 03:37:45,7951.0,130292,7951.5,672794,15021,55660,-40639,-542502,0.5
1900-01-22 03:38:00,7950.0,721276,7950.5,427580,32418,239504,-207086,293696,0.5
1900-01-22 03:38:15,7950.0,348897,7950.5,586681,2200,67800,-65600,-237784,0.5
1900-01-22 03:38:30,7947.5,3446,7948.0,11234,13547,94834,-81287,-7788,0.5
1900-01-22 03:38:45,7947.0,770734,7947.5,6352,24904,56871,-31967,764382,0.5
1900-01-22 03:39:00,7949.5,1420856,7950.0,769838,90857,1827,89030,651018,0.5
1900-01-22 03:39:15,7958.5,759296,7959.0,2154,455162,14601,440561,757142,0.5
1900-01-22 03:39:30,7958.5,190484,7959.0,452190,37999,155007,-117008,-261706,0.5
1900-01-22 03:39:45,7959.0,1401675,7959.5,5214,8270,20038,-11768,1396461,0.5
1900-01-22 03:40:00,7959.5,1510997,7960.0,206847,129888,2131,127757,1304150,0.5
1900-01-22 03:40:15,7959.5,1282995,7960.0,402224,25848,2235,23613,880771,0.5
1900-01-22 03:40:30,7959.5,1720434,7960.0,81135,97619,25266,72353,1639299,0.5
1900-01-22 03:40:45,7961.0,797249,7961.5,389640,45905,66222,-20317,407609,0.5
1900-01-22 03:41:00,7961.0,596893,7961.5,547031,83818,59290,24528,49862,0.5
1900-01-22 03:41:15,7957.0,37003,7957.5,207340,16701,138778,-122077,-170337,0.5
1900-01-22 03:41:30,7952.0,108562,7952.5,529262,3,84693,-84690,-420700,0.5
1900-01-22 03:41:45,7951.0,148528,7951.5,623410,3,139661,-139658,-474882,0.5
1900-01-22 03:42:00,7950.5,1071170,7951.0,436709,5675,15271,-9596,634461,0.5
1900-01-22 03:42:15,7950.5,941823,7951.0,492935,1205,23420,-22215,448888,0.5
1900-01-22 03:42:30,7950.5,1060580,7951.0,486851,15794,37112,-21318,573729,0.5
1900-01-22 03:42:45,7950.0,13633,7950.5,794784,4969,92539,-87570,-781151,0.5
1900-01-22 03:43:00,7947.0,177390,7947.5,841976,5480,82095,-76615,-664586,0.5
1900-01-22 03:43:15,7947.0,749524,7947.5,555161,4775,99782,-95007,194363,0.5
1900-01-22 03:43:30,7947.0,79540,7947.5,992941,15695,11711,3984,-913401,0.5
1900-01-22 03:43:45,7946.5,8202,7947.0,1020723,1,74681,-74680,-1012521,0.5
1900-01-22 03:44:00,7946.0,59307,7946.5,1023490,4570,30883,-26313,-964183,0.5
1900-01-22 03:44:15,7946.0,662952,7946.5,655947,5000,5947,-947,7005,0.5
1900-01-22 03:44:30,7954.0,631246,7954.5,695590,73953,6501,67452,-64344,0.5
1900-01-22 03:44:45,7954.0,822038,7954.5,267243,138350,24626,113724,554795,0.5
1900-01-22 03:45:00,7959.5,87935,7960.0,542468,57974,7741,50233,-454533,0.5
1900-01-22 03:45:15,7959.5,305652,7960.0,536830,11706,302,11404,-231178,0.5
1900-01-22 03:45:30,7959.5,328714,7960.0,748085,45740,8355,37385,-419371,0.5
1900-01-22 03:45:45,7959.5,286699,7960.0,706783,3643,638,3005,-420084,0.5
1900-01-22 03:46:00,7961.5,657635,7962.0,14492,105462,17168,88294,643143,0.5
1900-01-22 03:46:15,7961.5,79550,7962.0,567458,87359,66678,20681,-487908,0.5
1900-01-22 03:46:30,7960.5,164037,7961.0,499000,3118,66339,-63221,-334963,0.5
1900-01-22 03:46:45,7964.5,1203326,7965.0,7082,69036,1000,68036,1196244,0.5
1900-01-22 03:47:00,7965.0,841625,7965.5,414950,13307,32590,-19283,426675,0.5
1900-01-22 03:47:15,7965.0,63753,7965.5,895702,29724,74517,-44793,-831949,0.5
1900-01-22 03:47:30,7965.0,36244,7965.5,887886,12703,16554,-3851,-851642,0.5
1900-01-22 03:47:45,7965.0,898454,7965.5,743834,10100,4369,5731,154620,0.5
1900-01-22 03:48:00,7966.5,1298390,7967.0,3336,124204,100,124104,1295054,0.5
1900-01-22 03:48:15,7971.5,374562,7972.0,52141,258375,8000,250375,322421,0.5
1900-01-22 03:48:30,7978.0,771207,7978.5,247234,113870,124061,-10191,523973,0.5
1900-01-22 03:48:45,7978.0,697384,7978.5,204814,95860,35124,60736,492570,0.5
1900-01-22 03:49:00,7978.0,1061452,7978.5,6670,93964,20347,73617,1054782,0.5
1900-01-22 03:49:15,7977.0,5638,7977.5,1323926,40902,248387,-207485,-1318288,0.5
1900-01-22 03:49:30,7978.0,359655,7978.5,263838,80885,90807,-9922,95817,0.5
1900-01-22 03:49:45,7978.5,565635,7979.0,201111,81278,8832,72446,364524,0.5
1900-01-22 03:50:00,7975.0,1291967,7975.5,100,211557,50457,161100,1291867,0.5
1900-01-22 03:50:15,7979.0,780747,7979.5,56172,135275,27642,107633,724575,0.5
1900-01-22 03:50:30,7979.0,108689,7979.5,1391732,37880,71472,-33592,-1283043,0.5
1900-01-22 03:50:45,7978.5,139120,7979.0,528375,83018,50857,32161,-389255,0.5
1900-01-22 03:51:00,7972.5,795637,7973.0,193339,13830,99921,-86091,602298,0.5
1900-01-22 03:51:15,7969.5,19547,7970.0,55843,100108,209086,-108978,-36296,0.5
1900-01-22 03:51:30,7965.5,106816,7966.0,355943,7172,135512,-128340,-249127,0.5
1900-01-22 03:51:45,7961.5,18797,7962.0,598562,1920,33698,-31778,-579765,0.5
1900-01-22 03:52:00,7961.5,425880,7962.0,1245434,8929,74432,-65503,-819554,0.5
1900-01-22 03:52:15,7958.0,1140198,7958.5,1022642,11044,90560,-79516,117556,0.5
1900-01-22 03:52:30,7958.0,798614,7958.5,983121,12627,200127,-187500,-184507,0.5
1900-01-22 03:52:45,7958.0,1376440,7958.5,877376,28962,3827,25135,499064,0.5
1900-01-22 03:53:00,7958.0,1364230,7958.5,607715,344065,15933,328132,756515,0.5
1900-01-22 03:53:15,7958.0,204782,7958.5,1049890,59750,20134,39616,-845108,0.5
1900-01-22 03:53:30,7952.5,27696,7953.0,1117208,4257,101140,-96883,-1089512,0.5
1900-01-22 03:53:45,7952.5,364787,7953.0,855702,55326,37155,18171,-490915,0.5
1900-01-22 03:54:00,7950.5,1000637,7951.0,527020,9751,162869,-153118,473617,0.5
1900-01-22 03:54:15,7950.5,1276939,7951.0,700449,15001,783,14218,576490,0.5
1900-01-22 03:54:30,7950.5,920297,7951.0,878555,28857,42231,-13374,41742,0.5
1900-01-22 03:54:45,7950.5,806439,7951.0,769634,14568,35451,-20883,36805,0.5
1900-01-22 03:55:00,7946.5,365679,7947.0,359224,10282,93151,-82869,6455,0.5
1900-01-22 03:55:15,7945.5,14650,7946.0,1075323,28655,84076,-55421,-1060673,0.5
1900-01-22 03:55:30,7937.0,955431,7937.5,191023,65929,216114,-150185,764408,0.5
1900-01-22 03:55:45,7933.0,865738,7933.5,160456,44061,154682,-110621,705282,0.5
1900-01-22 03:56:00,7936.5,1383164,7937.0,413359,198225,23241,174984,969805,0.5
1900-01-22 03:56:15,7936.5,716679,7937.0,165677,259885,403141,-143256,551002,0.5
1900-01-22 03:56:30,7936.5,795670,7937.0,413010,100229,7101,93128,382660,0.5
1900-01-22 03:56:45,7938.0,1067091,7938.5,45673,81173,479,80694,1021418,0.5
1900-01-22 03:57:00,7939.0,1193101,7939.5,784136,92187,120,92067,408965,0.5
1900-01-22 03:57:15,7939.0,1592025,7939.5,536069,224817,8000,216817,1055956,0.5
1900-01-22 03:57:30,7939.0,1605160,7939.5,496159,69813,2000,67813,1109001,0.5
1900-01-22 03:57:45,7939.0,1636806,7939.5,444299,51685,5062,46623,1192507,0.5
1900-01-22 03:58:00,7939.0,339458,7939.5,626662,74101,90928,-16827,-287204,0.5
1900-01-22 03:58:15,7935.5,33254,7936.0,922760,11320,57031,-45711,-889506,0.5
1900-01-22 03:58:30,7935.5,553034,7936.0,331090,58680,7299,51381,221944,0.5
1900-01-22 03:58:45,7935.5,592381,7936.0,112680,15874,17114,-1240,479701,0.5
1900-01-22 03:59:00,7935.5,118476,7936.0,923201,1501,53799,-52298,-804725,0.5
1900-01-22 03:59:15,7930.0,342062,7930.5,357553,5220,91577,-86357,-15491,0.5
1900-01-22 03:59:30,7934.0,538908,7934.5,89991,109993,42834,67159,448917,0.5
1900-01-22 03:59:45,7934.5,489529,7935.0,91706,119869,2110,117759,397823,0.5
1900-01-22 04:00:00,7934.5,816782,7935.0,120036,133347,23362,109985,696746,0.5
1900-01-22 04:00:15,7938.0,455360,7938.5,668566,215274,42105,173169,-213206,0.5
1900-01-22 04:00:30,7938.0,750669,7938.5,911456,105902,3120,102782,-160787,0.5
1900-01-22 04:00:45,7938.0,1009952,7938.5,564449,210658,14032,196626,445503,0.5
1900-01-22 04:01:00,7938.0,861102,7938.5,104872,113787,4120,109667,756230,0.5
1900-01-22 04:01:15,7938.0,865312,7938.5,116040,73863,5205,68658,749272,0.5
1900-01-22 04:01:30,7938.0,257479,7938.5,1173916,36771,36205,566,-916437,0.5
1900-01-22 04:01:45,7938.0,318199,7938.5,1250275,15758,27790,-12032,-932076,0.5
1900-01-22 04:02:00,7938.0,125296,7938.5,1331663,850,23449,-22599,-1206367,0.5
1900-01-22 04:02:15,7935.0,54811,7935.5,1209439,10087,111744,-101657,-1154628,0.5
1900-01-22 04:02:30,7930.0,37625,7930.5,658955,542,98883,-98341,-621330,0.5
1900-01-22 04:02:45,7924.0,437228,7924.5,605178,1252,177352,-176100,-167950,0.5
1900-01-22 04:03:00,7926.5,445567,7927.0,512550,282663,335237,-52574,-66983,0.5
1900-01-22 04:03:15,7926.5,909581,7927.0,176502,68245,24392,43853,733079,0.5
1900-01-22 04:03:30,7926.5,443736,7927.0,762959,75317,21850,53467,-319223,0.5
1900-01-22 04:03:45,7926.5,343548,7927.0,1147997,39108,71865,-32757,-804449,0.5
1900-01-22 04:04:00,7920.0,102930,7920.5,8235,41147,835218,-794071,94695,0.5
1900-01-22 04:04:15,7895.0,6539,7895.5,20038,68458,1716006,-1647548,-13499,0.5
1900-01-22 04:04:30,7903.0,922237,7903.5,271120,108739,84075,24664,651117,0.5
1900-01-22 04:04:45,7893.0,9501,7893.5,24679,67608,618383,-550775,-15178,0.5
1900-01-22 04:05:00,7897.5,878056,7898.0,125522,25703,307907,-282204,752534,0.5
1900-01-22 04:05:15,7901.5,295375,7902.0,315,498728,100958,397770,295060,0.5
1900-01-22 04:05:30,7904.5,210745,7905.0,520470,199270,39566,159704,-309725,0.5
1900-01-22 04:05:45,7907.0,515007,7907.5,514512,142082,129869,12213,495,0.5
1900-01-22 04:06:00,7907.5,121439,7908.0,272292,234890,165371,69519,-150853,0.5
1900-01-22 04:06:15,7904.5,15558,7905.0,1541437,16361,56290,-39929,-1525879,0.5
1900-01-22 04:06:30,7899.5,385395,7900.0,400318,6396,50704,-44308,-14923,0.5
1900-01-22 04:06:45,7896.0,1025234,7896.5,496262,99961,154591,-54630,528972,0.5
1900-01-22 04:07:00,7899.5,1246749,7900.0,67490,213368,20506,192862,1179259,0.5
1900-01-22 04:07:15,7904.5,1632589,7905.0,3202,175254,41368,133886,1629387,0.5
1900-01-22 04:07:30,7906.0,744038,7906.5,550884,239404,2096,237308,193154,0.5
1900-01-22 04:07:45,7906.0,866784,7906.5,168436,149294,25296,123998,698348,0.5
1900-01-22 04:08:00,7906.0,1156714,7906.5,59710,93518,13288,80230,1097004,0.5
1900-01-22 04:08:15,7906.0,90151,7906.5,739560,126028,68420,57608,-649409,0.5
1900-01-22 04:08:30,7906.0,138387,7906.5,436796,166622,157324,9298,-298409,0.5
1900-01-22 04:08:45,7904.5,1406189,7905.0,105509,118226,173352,-55126,1300680,0.5
1900-01-22 04:09:00,7904.5,760657,7905.0,544355,130674,173352,-42678,216302,0.5
1900-01-22 04:09:15,7904.5,59854,7905.0,711986,72302,249014,-176712,-652132,0.5
1900-01-22 04:09:30,7906.0,1389625,7906.5,10100,283900,7020,276880,1379525,0.5
1900-01-22 04:09:45,7906.0,1543299,7906.5,35347,78348,1800,76548,1507952,0.5
1900-01-22 04:10:00,7910.5,642753,7911.0,1745,223442,2020,221422,641008,0.5
1900-01-22 04:10:15,7912.0,2076302,7912.5,16489,637110,212,636898,2059813,0.5
1900-01-22 04:10:30,7914.0,13474,7914.5,1023718,52548,355814,-303266,-1010244,0.5
1900-01-22 04:10:45,7914.0,499428,7914.5,277202,18294,75722,-57428,222226,0.5
1900-01-22 04:11:00,7914.0,668296,7914.5,35044,152362,166210,-13848,633252,0.5
1900-01-22 04:11:15,7916.0,860550,7916.5,97342,66008,166210,-100202,763208,0.5
1900-01-22 04:11:30,7918.5,532127,7919.0,48440,105202,33340,71862,483687,0.5
1900-01-22 04:11:45,7919.5,1174731,7920.0,102010,112104,254,111850,1072721,0.5
1900-01-22 04:12:00,7921.5,664063,7922.0,232747,144538,2234,142304,431316,0.5
1900-01-22 04:12:15,7921.5,299867,7922.0,647984,51878,3902,47976,-348117,0.5
1900-01-22 04:12:30,7920.0,19510,7920.5,903513,248414,230868,17546,-884003,0.5
1900-01-22 04:12:45,7914.0,1156260,7914.5,22835,8290,177350,-169060,1133425,0.5
1900-01-22 04:13:00,7913.5,4189,7914.0,688073,91644,148274,-56630,-683884,0.5
1900-01-22 04:13:15,7915.0,533099,7915.5,225192,26274,39088,-12814,307907,0.5
1900-01-22 04:13:30,7915.0,1156648,7915.5,204288,25456,4062,21394,952360,0.5
1900-01-22 04:13:45,7915.0,1169555,7915.5,194862,177906,18000,159906,974693,0.5
1900-01-22 04:14:00,7915.5,49448,7916.0,296,65520,10100,55420,49152,0.5
1900-01-22 04:14:15,7917.5,1512680,7918.0,47873,90944,258,90686,1464807,0.5
1900-01-22 04:14:30,7920.0,1190517,7920.5,36341,78578,4766,73812,1154176,0.5
1900-01-22 04:14:45,7921.0,1166340,7921.5,214413,177326,1010,176316,951927,0.5
1900-01-22 04:15:00,7922.0,1374952,7922.5,36168,160038,4130,155908,1338784,0.5
1900-01-22 04:15:15,7922.5,1258298,7923.0,209969,131964,320,131644,1048329,0.5
1900-01-22 04:15:30,7922.5,1349054,7923.0,201245,131890,6600,125290,1147809,0.5
1900-01-22 04:15:45,7922.5,1363069,7923.0,134906,40352,38056,2296,1228163,0.5
1900-01-22 04:16:00,7922.5,661132,7923.0,664903,40856,8778,32078,-3771,0.5
1900-01-22 04:16:15,7922.0,489145,7922.5,916896,3736,220924,-217188,-427751,0.5
1900-01-22 04:16:30,7933.5,1049450,7934.0,338673,125154,47378,77776,710777,0.5
1900-01-22 04:16:45,7933.5,1475889,7934.0,4451,470846,12064,458782,1471438,0.5
1900-01-22 04:17:00,7933.5,1452728,7934.0,3175,144624,19588,125036,1449553,0.5
1900-01-22 04:17:15,7934.0,189652,7934.5,429990,89110,236650,-147540,-240338,0.5
1900-01-22 04:17:30,7933.5,190239,7934.0,653553,9800,84058,-74258,-463314,0.5
1900-01-22 04:17:45,7933.5,69997,7934.0,823749,26366,64266,-37900,-753752,0.5
1900-01-22 04:18:00,7932.0,216823,7932.5,616836,1022,69478,-68456,-400013,0.5
1900-01-22 04:18:15,7932.0,178338,7932.5,655162,1262,34960,-33698,-476824,0.5
1900-01-22 04:18:30,7931.0,1010029,7931.5,372045,5200,99526,-94326,637984,0.5
1900-01-22 04:18:45,7931.0,797424,7931.5,216817,84472,8830,75642,580607,0.5
1900-01-22 04:19:00,7931.0,246163,7931.5,547855,7400,48554,-41154,-301692,0.5
1900-01-22 04:19:15,7931.0,235005,7931.5,566787,25500,140,25360,-331782,0.5
1900-01-22 04:19:30,7931.5,1358312,7932.0,6764,7676,141014,-133338,1351548,0.5
1900-01-22 04:19:45,7932.0,9286,7932.5,868980,16428,80822,-64394,-859694,0.5
1900-01-22 04:20:00,7925.0,176599,7925.5,604614,20802,264184,-243382,-428015,0.5
1900-01-22 04:20:15,7925.0,30467,7925.5,871196,2146,79074,-76928,-840729,0.5
1900-01-22 04:20:30,7921.0,195548,7921.5,610144,12372,97122,-84750,-414596,0.5
1900-01-22 04:20:45,7919.0,342631,7919.5,593971,9008,71002,-61994,-251340,0.5
1900-01-22 04:21:00,7917.0,9653,7917.5,714206,20020,152134,-132114,-704553,0.5
1900-01-22 04:21:15,7911.0,1295984,7911.5,374051,17002,262468,-245466,921933,0.5
1900-01-22 04:21:30,7911.0,851522,7911.5,302688,265076,61310,203766,548834,0.5
1900-01-22 04:21:45,7911.0,1199553,7911.5,315096,48280,72288,-24008,884457,0.5
1900-01-22 04:22:00,7911.0,844325,7911.5,360827,28200,127318,-99118,483498,0.5
1900-01-22 04:22:15,7911.0,914741,7911.5,307797,28200,207200,-179000,606944,0.5
1900-01-22 04:22:30,7911.0,1045856,7911.5,239197,27576,19970,7606,806659,0.5
1900-01-22 04:22:45,7911.0,93846,7911.5,810291,12094,2,12092,-716445,0.5
1900-01-22 04:23:00,7909.5,17775,7910.0,959725,20402,378682,-358280,-941950,0.5
1900-01-22 04:23:15,7903.0,826239,7903.5,492880,72944,323722,-250778,333359,0.5
1900-01-22 04:23:30,7900.0,434431,7900.5,712243,45468,358122,-312654,-277812,0.5
1900-01-22 04:23:45,7901.0,790244,7901.5,56689,150180,669302,-519122,733555,0.5
1900-01-22 04:24:00,7908.5,293878,7909.0,22470,229802,13420,216382,271408,0.5
1900-01-22 04:24:15,7910.5,659186,7911.0,629043,153362,7424,145938,30143,0.5
1900-01-22 04:24:30,7910.5,808569,7911.0,424007,18000,41700,-23700,384562,0.5
1900-01-22 04:24:45,7909.0,25052,7909.5,214377,8138,174494,-166356,-189325,0.5
1900-01-22 04:25:00,7907.0,1351,7907.5,891962,7802,148322,-140520,-890611,0.5
1900-01-22 04:25:15,7908.0,360066,7908.5,1823,134914,45306,89608,358243,0.5
1900-01-22 04:25:30,7914.0,313048,7914.5,58405,270402,26704,243698,254643,0.5
1900-01-22 04:25:45,7914.0,330170,7914.5,784640,30328,32900,-2572,-454470,0.5
1900-01-22 04:26:00,7914.0,100947,7914.5,917746,39414,147506,-108092,-816799,0.5
1900-01-22 04:26:15,7909.5,2732,7910.0,600274,52000,59172,-7172,-597542,0.5
1900-01-22 04:26:30,7909.5,14356,7910.0,898543,5980,8902,-2922,-884187,0.5
1900-01-22 04:26:45,7907.0,604029,7907.5,426791,6802,24340,-17538,177238,0.5
1900-01-22 04:27:00,7906.0,2640,7906.5,838668,9204,45810,-36606,-836028,0.5
1900-01-22 04:27:15,7905.5,650496,7906.0,409910,9204,3930,5274,240586,0.5
1900-01-22 04:27:30,7905.5,741542,7906.0,516977,22100,9074,13026,224565,0.5
1900-01-22 04:27:45,7905.5,892013,7906.0,185035,12002,30380,-18378,706978,0.5
1900-01-22 04:28:00,7905.5,812955,7906.0,132730,36698,102,36596,680225,0.5
1900-01-22 04:28:15,7907.0,885752,7907.5,23767,103574,102,103472,861985,0.5
1900-01-22 04:28:30,7907.5,1231523,7908.0,15498,22398,1820,20578,1216025,0.5
1900-01-22 04:28:45,7909.5,394686,7910.0,892620,22450,44474,-22024,-497934,0.5
1900-01-22 04:29:00,7909.5,823475,7910.0,105668,5150,15000,-9850,717807,0.5
1900-01-22 04:29:15,7909.5,614182,7910.0,692045,33362,33820,-458,-77863,0.5
1900-01-22 04:29:30,7909.5,1031843,7910.0,38153,7704,2000,5704,993690,0.5
1900-01-22 04:29:45,7910.5,868318,7911.0,3380,47450,6000,41450,864938,0.5
1900-01-22 04:30:00,7918.0,427577,7918.5,35183,365916,5610,360306,392394,0.5
1900-01-22 04:30:15,7921.0,799601,7921.5,645679,359078,40040,319038,153922,0.5
1900-01-22 04:30:30,7926.0,706066,7926.5,349885,683294,22924,660370,356181,0.5
1900-01-22 04:30:45,7926.5,1018866,7927.0,684008,72156,29464,42692,334858,0.5
1900-01-22 04:31:00,7928.5,1138219,7929.0,271545,215518,12800,202718,866674,0.5
1900-01-22 04:31:15,7929.5,1672532,7930.0,83793,483488,24000,459488,1588739,0.5
1900-01-22 04:31:30,7933.0,1091027,7933.5,483947,358288,40066,318222,607080,0.5
1900-01-22 04:31:45,7937.5,839232,7938.0,544299,144478,36046,108432,294933,0.5
1900-01-22 04:32:00,7935.0,27082,7935.5,340449,48950,288792,-239842,-313367,0.5
1900-01-22 04:32:15,7932.5,436284,7933.0,927308,124916,556758,-431842,-491024,0.5
1900-01-22 04:32:30,7932.5,191945,7933.0,982319,124916,17758,107158,-790374,0.5
1900-01-22 04:32:45,7934.0,234141,7934.5,87,78130,313620,-235490,234054,0.5
1900-01-22 04:33:00,7937.0,1087099,7937.5,2391,177636,30540,147096,1084708,0.5
1900-01-22 04:33:15,7937.5,448881,7938.0,584358,423992,9302,414690,-135477,0.5
1900-01-22 04:33:30,7939.0,1403764,7939.5,213487,330034,9836,320198,1190277,0.5
1900-01-22 04:33:45,7941.0,513487,7941.5,461132,358728,10624,348104,52355,0.5
1900-01-22 04:34:00,7938.5,774583,7939.0,285143,33878,61206,-27328,489440,0.5
1900-01-22 04:34:15,7938.5,818942,7939.0,162465,141634,57192,84442,656477,0.5
1900-01-22 04:34:30,7938.5,1438997,7939.0,24310,277574,15910,261664,1414687,0.5
1900-01-22 04:34:45,7939.0,1009413,7939.5,2633,328070,13948,314122,1006780,0.5
1900-01-22 04:35:00,7944.5,150231,7945.0,789495,38208,32514,5694,-639264,0.5
1900-01-22 04:35:15,7944.5,25738,7945.0,1277117,7124,53062,-45938,-1251379,0.5
1900-01-22 04:35:30,7940.0,1609,7940.5,1357374,42,105464,-105422,-1355765,0.5
1900-01-22 04:35:45,7939.0,3007,7939.5,644752,6500,162100,-155600,-641745,0.5
1900-01-22 04:36:00,7935.0,826724,7935.5,534644,36760,62320,-25560,292080,0.5
1900-01-22 04:36:15,7935.0,1125699,7935.5,84418,65754,53054,12700,1041281,0.5
1900-01-22 04:36:30,7935.0,973713,7935.5,600715,99382,132622,-33240,372998,0.5
1900-01-22 04:36:45,7935.0,956844,7935.5,230614,26308,4202,22106,726230,0.5
1900-01-22 04:37:00,7936.5,1302427,7937.0,30229,127864,2154,125710,1272198,0.5
1900-01-22 04:37:15,7937.5,1369800,7938.0,145865,73554,600,72954,1223935,0.5
1900-01-22 04:37:30,7937.5,1631670,7938.0,255333,151684,2002,149682,1376337,0.5
1900-01-22 04:37:45,7939.5,889709,7940.0,190686,25038,20910,4128,699023,0.5
1900-01-22 04:38:00,7934.5,42485,7935.0,449651,50136,22064,28072,-407166,0.5
1900-01-22 04:38:15,7930.0,1246485,7930.5,338960,220618,221148,-530,907525,0.5
1900-01-22 04:38:30,7930.0,1515320,7930.5,80634,17044,65366,-48322,1434686,0.5
1900-01-22 04:38:45,7930.0,482492,7930.5,648358,35564,65366,-29802,-165866,0.5
1900-01-22 04:39:00,7930.0,891262,7930.5,308504,79274,75930,3344,582758,0.5
1900-01-22 04:39:15,7928.5,78351,7929.0,1282105,14000,112546,-98546,-1203754,0.5
1900-01-22 04:39:30,7928.0,23154,7928.5,873693,81438,30188,51250,-850539,0.5
1900-01-22 04:39:45,7926.0,9977,7926.5,650058,14790,23296,-8506,-640081,0.5
1900-01-22 04:40:00,7925.5,119715,7926.0,905032,248,19054,-18806,-785317,0.5
1900-01-22 04:40:15,7925.5,801376,7926.0,222804,110598,34692,75906,578572,0.5
1900-01-22 04:40:30,7925.0,287137,7925.5,658421,2100,32176,-30076,-371284,0.5
1900-01-22 04:40:45,7926.0,1246296,7926.5,52318,9018,33330,-24312,1193978,0.5
1900-01-22 04:41:00,7926.0,1146924,7926.5,331754,77028,288938,-211910,815170,0.5
1900-01-22 04:41:15,7926.0,720404,7926.5,344128,22462,476,21986,376276,0.5
1900-01-22 04:41:30,7926.0,602931,7926.5,624328,22462,38800,-16338,-21397,0.5
1900-01-22 04:41:45,7926.0,515700,7926.5,757761,12200,35040,-22840,-242061,0.5
1900-01-22 04:42:00,7920.0,32631,7920.5,689498,28072,927022,-898950,-656867,0.5
1900-01-22 04:42:15,7918.0,1220734,7918.5,27137,52906,66452,-13546,1193597,0.5
1900-01-22 04:42:30,7918.0,1055798,7918.5,15577,21770,92440,-70670,1040221,0.5
1900-01-22 04:42:45,7921.5,835785,7922.0,5523,25488,27478,-1990,830262,0.5
1900-01-22 04:43:00,7925.0,1092702,7925.5,302108,205698,18162,187536,790594,0.5
1900-01-22 04:43:15,7925.5,798557,7926.0,399,33580,5200,28380,798158,0.5
1900-01-22 04:43:30,7931.5,811560,7932.0,204970,131684,34,131650,606590,0.5
1900-01-22 04:43:45,7931.5,470369,7932.0,411033,15724,11254,4470,59336,0.5
1900-01-22 04:44:00,7928.5,4019,7929.0,616545,17074,204310,-187236,-612526,0.5
1900-01-22 04:44:15,7926.5,15417,7927.0,665181,3200,42502,-39302,-649764,0.5
1900-01-22 04:44:30,7925.5,1527429,7926.0,2045,694,73784,-73090,1525384,0.5
1900-01-22 04:44:45,7926.0,986924,7926.5,43515,5256,1586,3670,943409,0.5
1900-01-22 04:45:00,7926.0,1260317,7926.5,583518,9442,17328,-7886,676799,0.5
1900-01-22 04:45:15,7926.0,1458355,7926.5,142046,74634,16216,58418,1316309,0.5
1900-01-22 04:45:30,7926.0,263576,7926.5,543599,18372,160000,-141628,-280023,0.5
1900-01-22 04:45:45,7925.5,20206,7926.0,748392,5360,142042,-136682,-728186,0.5
1900-01-22 04:46:00,7923.5,12213,7924.0,551392,59752,580400,-520648,-539179,0.5
1900-01-22 04:46:15,7920.0,812552,7920.5,284346,15980,167280,-151300,528206,0.5
1900-01-22 04:46:30,7920.0,1053629,7920.5,301480,54476,4444,50032,752149,0.5
1900-01-22 04:46:45,7920.0,1090710,7920.5,60780,55954,79000,-23046,1029930,0.5
1900-01-22 04:47:00,7920.5,967292,7921.0,506192,30708,280,30428,461100,0.5
1900-01-22 04:47:15,7920.5,795022,7921.0,435765,22014,29450,-7436,359257,0.5
1900-01-22 04:47:30,7920.5,872310,7921.0,470220,65620,29450,36170,402090,0.5
1900-01-22 04:47:45,7920.5,1214254,7921.0,77929,7212,5000,2212,1136325,0.5
1900-01-22 04:48:00,7920.5,618443,7921.0,285053,1650,40,1610,333390,0.5
1900-01-22 04:48:15,7920.5,294729,7921.0,668663,3600,41018,-37418,-373934,0.5
1900-01-22 04:48:30,7920.5,286089,7921.0,661395,1000,34000,-33000,-375306,0.5
1900-01-22 04:48:45,7920.5,313930,7921.0,673143,7464,20502,-13038,-359213,0.5
1900-01-22 04:49:00,7920.5,221615,7921.0,743233,6402,171644,-165242,-521618,0.5
1900-01-22 04:49:15,7910.5,523809,7911.0,28246,16534,391670,-375136,495563,0.5
1900-01-22 04:49:30,7910.0,2229,7910.5,249718,74418,164870,-90452,-247489,0.5
1900-01-22 04:49:45,7909.5,588703,7910.0,568183,28320,117540,-89220,20520,0.5
1900-01-22 04:50:00,7904.5,331243,7905.0,619871,40242,172952,-132710,-288628,0.5
1900-01-22 04:50:15,7901.5,490422,7902.0,433931,337552,133192,204360,56491,0.5
1900-01-22 04:50:30,7899.0,25874,7899.5,855236,15852,475370,-459518,-829362,0.5
1900-01-22 04:50:45,7893.5,150687,7894.0,939089,554,668982,-668428,-788402,0.5
1900-01-22 04:51:00,7899.5,481550,7900.0,170236,506358,574178,-67820,311314,0.5
1900-01-22 04:51:15,7897.5,45405,7898.0,989838,213102,97786,115316,-944433,0.5
1900-01-22 04:51:30,7893.5,47518,7894.0,1176968,24102,65902,-41800,-1129450,0.5
1900-01-22 04:51:45,7893.0,31997,7893.5,1438735,3500,119058,-115558,-1406738,0.5
1900-01-22 04:52:00,7892.0,157048,7892.5,1279195,51560,217878,-166318,-1122147,0.5
1900-01-22 04:52:15,7891.5,832862,7892.0,135735,256610,234718,21892,697127,0.5
1900-01-22 04:52:30,7891.5,248313,7892.0,1347844,65886,207648,-141762,-1099531,0.5
1900-01-22 04:52:45,7891.5,176431,7892.0,1688194,20428,504292,-483864,-1511763,0.5
1900-01-22 04:53:00,7879.5,1843650,7880.0,64064,284612,1125896,-841284,1779586,0.5
1900-01-22 04:53:15,7883.0,333506,7883.5,931329,129670,365286,-235616,-597823,0.5
1900-01-22 04:53:30,7879.5,65120,7880.0,990017,24774,3343790,-3319016,-924897,0.5
1900-01-22 04:53:45,7874.0,5936,7874.5,951751,54766,651202,-596436,-945815,0.5
1900-01-22 04:54:00,7872.5,553847,7873.0,525852,2321822,197544,2124278,27995,0.5
1900-01-22 04:54:15,7874.0,564184,7874.5,81454,1028954,69058,959896,482730,0.5
1900-01-22 04:54:30,7879.0,443744,7879.5,246273,457946,15218,442728,197471,0.5
1900-01-22 04:54:45,7872.5,865198,7873.0,412940,251054,265512,-14458,452258,0.5
1900-01-22 04:55:00,7877.5,691155,7878.0,159472,127354,42770,84584,531683,0.5
1900-01-22 04:55:15,7883.0,883504,7883.5,157428,356766,48558,308208,726076,0.5
1900-01-22 04:55:30,7886.0,889630,7886.5,124102,301710,48500,253210,765528,0.5
1900-01-22 04:55:45,7885.0,571056,7885.5,303333,55464,331442,-275978,267723,0.5
1900-01-22 04:56:00,7888.0,1035529,7888.5,37592,286742,130760,155982,997937,0.5
1900-01-22 04:56:15,7892.0,1054432,7892.5,61297,242952,76568,166384,993135,0.5
1900-01-22 04:56:30,7893.0,1081180,7893.5,18968,163988,31140,132848,1062212,0.5
1900-01-22 04:56:45,7893.5,953196,7894.0,24841,240318,181770,58548,928355,0.5
1900-01-22 04:57:00,7894.5,967621,7895.0,11944,241856,130346,111510,955677,0.5
1900-01-22 04:57:15,7900.5,99640,7901.0,253749,353100,612650,-259550,-154109,0.5
1900-01-22 04:57:30,7910.0,135374,7910.5,28316,657276,3884,653392,107058,0.5
1900-01-22 04:57:45,7906.0,3348263,7906.5,806762,274698,458052,-183354,2541501,0.5
1900-01-22 04:58:00,7904.5,1146,7905.0,27645,100784,225862,-125078,-26499,0.5
1900-01-22 04:58:15,7897.5,338361,7898.0,749473,34412,906630,-872218,-411112,0.5
1900-01-22 04:58:30,7892.0,201955,7892.5,558971,200,831754,-831554,-357016,0.5
1900-01-22 04:58:45,7897.5,1036215,7898.0,572847,101100,34226,66874,463368,0.5
1900-01-22 04:59:00,7897.5,818511,7898.0,614071,47368,1200,46168,204440,0.5
1900-01-22 04:59:15,7897.5,639982,7898.0,1234719,64544,49956,14588,-594737,0.5
1900-01-22 04:59:30,7897.5,636354,7898.0,1271232,64544,66628,-2084,-634878,0.5
1900-01-22 04:59:45,7897.5,649102,7898.0,1279392,1036,30002,-28966,-630290,0.5
1900-01-22 05:00:00,7897.5,91735,7898.0,379337,61840,717990,-656150,-287602,0.5
1900-01-22 05:00:15,7897.5,578145,7898.0,84562,97290,213062,-115772,493583,0.5
1900-01-22 05:00:30,7898.0,390691,7898.5,962,232982,664,232318,389729,0.5
1900-01-22 05:00:45,7906.0,145736,7906.5,1186662,50068,48608,1460,-1040926,0.5
1900-01-22 05:01:00,7906.0,703879,7906.5,48275,100642,297602,-196960,655604,0.5
1900-01-22 05:01:15,7907.0,58145,7907.5,1088768,57518,3002,54516,-1030623,0.5
1900-01-22 05:01:30,7905.0,16275,7905.5,1275057,3000,48254,-45254,-1258782,0.5
1900-01-22 05:01:45,7900.0,3534,7900.5,255280,300,173088,-172788,-251746,0.5
1900-01-22 05:02:00,7897.5,4359,7898.0,1344599,23598,73688,-50090,-1340240,0.5
1900-01-22 05:02:15,7888.5,10,7889.0,113338,61514,55346,6168,-113328,0.5
1900-01-22 05:02:30,7890.5,20000,7891.0,8594,283370,97092,186278,11406,0.5
1900-01-22 05:02:45,7889.5,113,7890.0,372058,57400,37132,20268,-371945,0.5
1900-01-22 05:03:00,7883.0,141431,7883.5,842478,38108,89498,-51390,-701047,0.5
1900-01-22 05:03:15,7880.5,551155,7881.0,567848,19728,263828,-244100,-16693,0.5
1900-01-22 05:03:30,7880.5,200263,7881.0,402837,1704,569800,-568096,-202574,0.5
1900-01-22 05:03:45,7877.0,255568,7877.5,339177,15562,229606,-214044,-83609,0.5
1900-01-22 05:04:00,7878.0,672183,7878.5,293979,233834,83112,150722,378204,0.5
1900-01-22 05:04:15,7871.0,178148,7871.5,511695,17714,300546,-282832,-333547,0.5
1900-01-22 05:04:30,7863.0,138345,7863.5,420158,49834,1011578,-961744,-281813,0.5
1900-01-22 05:04:45,7866.0,1270,7866.5,140546,356832,99082,257750,-139276,0.5
1900-01-22 05:05:00,7856.0,14975,7856.5,395600,171644,1046622,-874978,-380625,0.5
1900-01-22 05:05:15,7856.0,167114,7856.5,6366,408900,578774,-169874,160748,0.5
1900-01-22 05:05:30,7883.0,30619,7883.5,29163,575772,52602,523170,1456,0.5
1900-01-22 05:05:45,7873.5,677,7874.0,74548,260696,233852,26844,-73871,0.5
1900-01-22 05:06:00,7865.5,378653,7866.0,311384,88998,94128,-5130,67269,0.5
1900-01-22 05:06:15,7865.5,58571,7866.0,735120,40038,188938,-148900,-676549,0.5
1900-01-22 05:06:30,7850.5,38900,7851.0,23128,205464,409042,-203578,15772,0.5
1900-01-22 05:06:45,7844.0,691328,7844.5,169131,68104,794800,-726696,522197,0.5
1900-01-22 05:07:00,7859.0,508259,7859.5,432827,846822,698708,148114,75432,0.5
1900-01-22 05:07:15,7861.5,1033917,7862.0,120685,768676,161440,607236,913232,0.5
1900-01-22 05:07:30,7863.0,417294,7863.5,557724,375182,433456,-58274,-140430,0.5
1900-01-22 05:07:45,7851.0,16752,7851.5,359694,38678,682796,-644118,-342942,0.5
1900-01-22 05:08:00,7860.0,478533,7860.5,455554,134778,400392,-265614,22979,0.5
1900-01-22 05:08:15,7860.0,91278,7860.5,831557,273612,343398,-69786,-740279,0.5
1900-01-22 05:08:30,7859.0,588,7859.5,837481,115284,114968,316,-836893,0.5
1900-01-22 05:08:45,7849.0,3909,7849.5,391842,112410,199398,-86988,-387933,0.5
1900-01-22 05:09:00,7849.0,31804,7849.5,27053,128584,1243302,-1114718,4751,0.5
1900-01-22 05:09:15,7855.0,112694,7855.5,90760,243216,464850,-221634,21934,0.5
1900-01-22 05:09:30,7853.0,88045,7853.5,175729,159254,289872,-130618,-87684,0.5
1900-01-22 05:09:45,7857.5,425735,7858.0,2188,260220,271034,-10814,423547,0.5
1900-01-22 05:10:00,7864.0,305942,7864.5,49,227248,26008,201240,305893,0.5
1900-01-22 05:10:15,7865.0,323815,7865.5,62498,438050,224464,213586,261317,0.5
1900-01-22 05:10:30,7867.0,98344,7867.5,870690,249914,18530,231384,-772346,0.5
1900-01-22 05:10:45,7863.0,692,7863.5,445817,140164,78926,61238,-445125,0.5
1900-01-22 05:11:00,7860.0,1114368,7860.5,102188,39422,111226,-71804,1012180,0.5
1900-01-22 05:11:15,7871.5,148563,7872.0,64,205910,19878,186032,148499,0.5
1900-01-22 05:11:30,7876.0,825376,7876.5,6445,291730,66948,224782,818931,0.5
1900-01-22 05:11:45,7878.0,139248,7878.5,638482,248526,451384,-202858,-499234,0.5
1900-01-22 05:12:00,7878.0,861390,7878.5,3264,73186,80648,-7462,858126,0.5
1900-01-22 05:12:15,7881.5,354564,7882.0,632622,286088,64196,221892,-278058,0.5
1900-01-22 05:12:30,7883.5,792343,7884.0,86276,174698,65602,109096,706067,0.5
1900-01-22 05:12:45,7887.5,100122,7888.0,115258,230034,122600,107434,-15136,0.5
1900-01-22 05:13:00,7878.0,22709,7878.5,418978,125720,95626,30094,-396269,0.5
1900-01-22 05:13:15,7876.5,551494,7877.0,42838,337106,155026,182080,508656,0.5
1900-01-22 05:13:30,7876.5,841976,7877.0,39093,70696,279774,-209078,802883,0.5
1900-01-22 05:13:45,7876.5,560,7877.0,821525,16704,295096,-278392,-820965,0.5
1900-01-22 05:14:00,7872.5,941774,7873.0,122676,34772,483194,-448422,819098,0.5
1900-01-22 05:14:15,7865.5,13951,7866.0,454523,84412,125782,-41370,-440572,0.5
1900-01-22 05:14:30,7869.0,405902,7869.5,376363,49542,89488,-39946,29539,0.5
1900-01-22 05:14:45,7874.0,1088551,7874.5,335,89610,133096,-43486,1088216,0.5
1900-01-22 05:15:00,7878.0,2309,7878.5,584482,163496,35430,128066,-582173,0.5
1900-01-22 05:15:15,7870.5,808493,7871.0,182982,67794,121098,-53304,625511,0.5
1900-01-22 05:15:30,7865.5,651887,7866.0,121432,21778,105244,-83466,530455,0.5
1900-01-22 05:15:45,7870.5,130525,7871.0,54332,75682,79212,-3530,76193,0.5
1900-01-22 05:16:00,7873.5,220546,7874.0,20261,92046,65472,26574,200285,0.5
1900-01-22 05:16:15,7878.0,275280,7878.5,584319,126992,57560,69432,-309039,0.5
1900-01-22 05:16:30,7877.0,1195305,7877.5,18600,36552,116580,-80028,1176705,0.5
1900-01-22 05:16:45,7878.0,42250,7878.5,2216,42600,10706,31894,40034,0.5
1900-01-22 05:17:00,7880.0,470146,7880.5,670326,201004,43112,157892,-200180,0.5
1900-01-22 05:17:15,7884.5,801278,7885.0,166634,51788,11906,39882,634644,0.5
1900-01-22 05:17:30,7896.5,110071,7897.0,188651,377368,12900,364468,-78580,0.5
1900-01-22 05:17:45,7891.5,58006,7892.0,759818,217134,464834,-247700,-701812,0.5
1900-01-22 05:18:00,7893.0,319459,7893.5,544851,219304,25558,193746,-225392,0.5
1900-01-22 05:18:15,7893.0,1063641,7893.5,141602,141600,84490,57110,922039,0.5
1900-01-22 05:18:30,7893.0,156097,7893.5,592799,65776,39780,25996,-436702,0.5
1900-01-22 05:18:45,7885.5,723234,7886.0,228324,29164,212822,-183658,494910,0.5
1900-01-22 05:19:00,7885.5,324362,7886.0,587696,55958,156026,-100068,-263334,0.5
1900-01-22 05:19:15,7888.0,98798,7888.5,663875,59662,51088,8574,-565077,0.5
1900-01-22 05:19:30,7888.0,53656,7888.5,634256,3400,70686,-67286,-580600,0.5
1900-01-22 05:19:45,7879.5,316516,7880.0,444020,46936,179926,-132990,-127504,0.5
1900-01-22 05:20:00,7876.5,30659,7877.0,847243,14902,74514,-59612,-816584,0.5
1900-01-22 05:20:15,7878.5,160630,7879.0,543189,145868,57892,87976,-382559,0.5
1900-01-22 05:20:30,7878.5,133250,7879.0,680525,45714,698992,-653278,-547275,0.5
1900-01-22 05:20:45,7872.5,905824,7873.0,257058,18312,20822,-2510,648766,0.5
1900-01-22 05:21:00,7872.5,37355,7873.0,652929,26460,19204,7256,-615574,0.5
1900-01-22 05:21:15,7869.0,9832,7869.5,704575,3006,128774,-125768,-694743,0.5
1900-01-22 05:21:30,7866.0,424272,7866.5,10139,48138,82140,-34002,414133,0.5
1900-01-22 05:21:45,7869.0,262282,7869.5,3707,197378,44042,153336,258575,0.5
1900-01-22 05:22:00,7873.0,1593166,7873.5,184656,582710,1036,581674,1408510,0.5
1900-01-22 05:22:15,7879.5,603079,7880.0,354767,113194,15940,97254,248312,0.5
1900-01-22 05:22:30,7880.0,1198780,7880.5,499292,149004,68112,80892,699488,0.5
1900-01-22 05:22:45,7880.0,970566,7880.5,366433,403354,202288,201066,604133,0.5
1900-01-22 05:23:00,7880.0,2437909,7880.5,210366,197888,61920,135968,2227543,0.5
1900-01-22 05:23:15,7884.5,1142759,7885.0,8926,197302,10160,187142,1133833,0.5
1900-01-22 05:23:30,7887.5,349743,7888.0,664186,99384,6520,92864,-314443,0.5
1900-01-22 05:23:45,7887.5,1160392,7888.0,14310,6548,79038,-72490,1146082,0.5
1900-01-22 05:24:00,7889.5,1648144,7890.0,398797,239688,26012,213676,1249347,0.5
1900-01-22 05:24:15,7889.5,2488474,7890.0,96505,266296,200,266096,2391969,0.5
1900-01-22 05:24:30,7898.5,1055188,7899.0,126109,1278608,67714,1210894,929079,0.5
1900-01-22 05:24:45,7898.5,78720,7899.0,849820,178180,74162,104018,-771100,0.5
1900-01-22 05:25:00,7898.5,1198048,7899.0,57610,32286,38692,-6406,1140438,0.5
1900-01-22 05:25:15,7901.0,338165,7901.5,29398,1382024,73750,1308274,308767,0.5
1900-01-22 05:25:30,7902.5,1017066,7903.0,745295,449264,461372,-12108,271771,0.5
1900-01-22 05:25:45,7902.5,1866598,7903.0,735657,36312,198362,-162050,1130941,0.5
1900-01-22 05:26:00,7902.5,1874751,7903.0,987797,36432,31448,4984,886954,0.5
1900-01-22 05:26:15,7902.5,1909889,7903.0,986800,10658,16408,-5750,923089,0.5
1900-01-22 05:26:30,7903.5,968970,7904.0,6283,120034,10154,109880,962687,0.5
1900-01-22 05:26:45,7904.5,1144141,7905.0,14337,88554,12300,76254,1129804,0.5
1900-01-22 05:27:00,7908.0,150070,7908.5,1979,519872,36224,483648,148091,0.5
1900-01-22 05:27:15,7913.5,10449,7914.0,207680,1458448,194600,1263848,-197231,0.5
1900-01-22 05:27:30,7908.0,1258914,7908.5,40873,256866,404900,-148034,1218041,0.5
1900-01-22 05:27:45,7904.0,3782,7908.0,136796,371010,124798,246212,-133014,4.0
1900-01-22 05:28:00,7903.5,52867,7904.0,694724,49526,479338,-429812,-641857,0.5
1900-01-22 05:28:15,7903.5,1197500,7904.0,41970,240684,64254,176430,1155530,0.5
1900-01-22 05:28:30,7905.5,617934,7906.0,29943,30660,52940,-22280,587991,0.5
1900-01-22 05:28:45,7907.0,161911,7907.5,576763,184544,18030,166514,-414852,0.5
1900-01-22 05:29:00,7901.0,233576,7901.5,678562,12206,222252,-210046,-444986,0.5
1900-01-22 05:29:15,7900.5,27941,7901.0,844511,61800,110644,-48844,-816570,0.5
1900-01-22 05:29:30,7899.0,13935,7899.5,817999,102664,228254,-125590,-804064,0.5
1900-01-22 05:29:45,7899.0,981206,7899.5,119695,118492,220638,-102146,861511,0.5
1900-01-22 05:30:00,7898.5,732271,7899.0,184016,52102,108316,-56214,548255,0.5
1900-01-22 05:30:15,7898.5,1071167,7899.0,150768,61644,30702,30942,920399,0.5
1900-01-22 05:30:30,7898.5,2051356,7899.0,117454,131334,4144,127190,1933902,0.5
1900-01-22 05:30:45,7901.0,7758,7901.5,2675,188958,4144,184814,5083,0.5
1900-01-22 05:31:00,7907.0,937425,7907.5,152368,101516,70594,30922,785057,0.5
1900-01-22 05:31:15,7907.0,523998,7907.5,118852,166724,45116,121608,405146,0.5
1900-01-22 05:31:30,7907.0,1402052,7907.5,42369,18046,24102,-6056,1359683,0.5
1900-01-22 05:31:45,7909.0,910723,7909.5,143593,38668,2002,36666,767130,0.5
1900-01-22 05:32:00,7911.5,1200992,7912.0,1406,440342,30874,409468,1199586,0.5
1900-01-22 05:32:15,7912.5,143443,7913.0,653292,29266,33024,-3758,-509849,0.5
1900-01-22 05:32:30,7914.5,908795,7915.0,169472,175928,43530,132398,739323,0.5
1900-01-22 05:32:45,7916.0,1155230,7916.5,970,89060,11246,77814,1154260,0.5
1900-01-22 05:33:00,7919.5,1255876,7920.0,81473,412980,64926,348054,1174403,0.5
1900-01-22 05:33:15,7922.5,724454,7923.0,147378,278808,22284,256524,577076,0.5
1900-01-22 05:33:30,7922.5,485158,7923.0,362521,143612,207862,-64250,122637,0.5
1900-01-22 05:33:45,7924.5,1080292,7925.0,36253,214056,24964,189092,1044039,0.5
1900-01-22 05:34:00,7926.0,920932,7926.5,27598,93810,60196,33614,893334,0.5
1900-01-22 05:34:15,7926.0,996694,7926.5,187399,183390,24262,159128,809295,0.5
1900-01-22 05:34:30,7926.5,1186715,7927.0,58711,159856,32042,127814,1128004,0.5
1900-01-22 05:34:45,7927.5,1138728,7928.0,171755,144418,20124,124294,966973,0.5
1900-01-22 05:35:00,7927.5,422541,7928.0,439738,138886,81072,57814,-17197,0.5
1900-01-22 05:35:15,7924.5,17005,7925.0,560125,18362,530940,-512578,-543120,0.5
1900-01-22 05:35:30,7923.0,173934,7923.5,891120,4070,1151032,-1146962,-717186,0.5
1900-01-22 05:35:45,7923.0,85546,7923.5,809614,27400,135262,-107862,-724068,0.5
1900-01-22 05:36:00,7920.5,153970,7921.0,480174,22190,173196,-151006,-326204,0.5
1900-01-22 05:36:15,7920.5,15708,7921.0,878620,2000,179096,-177096,-862912,0.5
1900-01-22 05:36:30,7914.0,1321547,7914.5,52449,94240,264926,-170686,1269098,0.5
1900-01-22 05:36:45,7914.0,1317707,7914.5,34145,38,5834,-5796,1283562,0.5
1900-01-22 05:37:00,7916.0,560476,7916.5,5497,109970,108908,1062,554979,0.5
1900-01-22 05:37:15,7916.5,1331172,7917.0,82489,16988,31206,-14218,1248683,0.5
1900-01-22 05:37:30,7919.0,1054467,7919.5,14256,309852,5000,304852,1040211,0.5
1900-01-22 05:37:45,7923.0,812759,7923.5,449881,278974,394,278580,362878,0.5
1900-01-22 05:38:00,7923.0,1312470,7923.5,50529,364460,6216,358244,1261941,0.5
1900-01-22 05:38:15,7928.5,208402,7929.0,496361,116934,211222,-94288,-287959,0.5
1900-01-22 05:38:30,7928.5,1003884,7929.0,125697,65600,42122,23478,878187,0.5
1900-01-22 05:38:45,7926.5,500,7927.0,142837,39764,33606,6158,-142337,0.5
1900-01-22 05:39:00,7923.5,10488,7924.0,671412,6220,145782,-139562,-660924,0.5
1900-01-22 05:39:15,7918.5,575,7919.0,561835,1528,262550,-261022,-561260,0.5
1900-01-22 05:39:30,7918.5,453723,7919.0,611468,17200,70750,-53550,-157745,0.5
1900-01-22 05:39:45,7914.5,582985,7915.0,552833,5336,237184,-231848,30152,0.5
1900-01-22 05:40:00,7915.5,1187821,7916.0,78515,131050,125088,5962,1109306,0.5
1900-01-22 05:40:15,7918.5,25266,7919.0,547834,8062,21728,-13666,-522568,0.5
1900-01-22 05:40:30,7915.0,176365,7915.5,484845,16946,62940,-45994,-308480,0.5
1900-01-22 05:40:45,7915.0,6033,7915.5,680704,10120,48718,-38598,-674671,0.5
1900-01-22 05:41:00,7904.0,10768,7904.5,1212379,17044,199540,-182496,-1201611,0.5
1900-01-22 05:41:15,7909.5,556199,7910.0,270431,343854,212354,131500,285768,0.5
1900-01-22 05:41:30,7906.0,1131014,7906.5,16425,98988,41612,57376,1114589,0.5
1900-01-22 05:41:45,7909.5,718773,7910.0,386248,34516,57358,-22842,332525,0.5
1900-01-22 05:42:00,7909.5,476879,7910.0,497856,24512,22032,2480,-20977,0.5
1900-01-22 05:42:15,7906.0,129344,7906.5,124912,233456,97280,136176,4432,0.5
1900-01-22 05:42:30,7906.0,999107,7906.5,5996,239546,621640,-382094,993111,0.5
1900-01-22 05:42:45,7908.5,825133,7909.0,223580,112142,217224,-105082,601553,0.5
1900-01-22 05:43:00,7908.5,814527,7909.0,200889,55170,30642,24528,613638,0.5
1900-01-22 05:43:15,7908.5,760789,7909.0,549343,60578,14174,46404,211446,0.5
1900-01-22 05:43:30,7908.5,818080,7909.0,99988,35584,22380,13204,718092,0.5
1900-01-22 05:43:45,7908.5,714426,7909.0,585020,26084,22380,3704,129406,0.5
1900-01-22 05:44:00,7909.5,950870,7910.0,278929,232852,32382,200470,671941,0.5
1900-01-22 05:44:15,7909.5,1016658,7910.0,153971,247630,36080,211550,862687,0.5
1900-01-22 05:44:30,7909.5,1411448,7910.0,33861,241802,36080,205722,1377587,0.5
1900-01-22 05:44:45,7915.0,81822,7915.5,4258,158396,63066,95330,77564,0.5
1900-01-22 05:45:00,7916.5,767949,7917.0,93521,151654,120,151534,674428,0.5
1900-01-22 05:45:15,7917.5,494302,7918.0,13212,71814,63948,7866,481090,0.5
1900-01-22 05:45:30,7920.5,915238,7921.0,100506,78402,4522,73880,814732,0.5
1900-01-22 05:45:45,7922.5,699842,7923.0,1129,67922,17220,50702,698713,0.5
1900-01-22 05:46:00,7924.0,561067,7924.5,838056,277852,293446,-15594,-276989,0.5
1900-01-22 05:46:15,7921.5,505297,7922.0,438119,394848,251762,143086,67178,0.5
1900-01-22 05:46:30,7921.5,885708,7922.0,135187,47882,37124,10758,750521,0.5
1900-01-22 05:46:45,7921.5,509430,7922.0,741494,14926,56100,-41174,-232064,0.5
1900-01-22 05:47:00,7921.5,856034,7922.0,408667,91916,28404,63512,447367,0.5
1900-01-22 05:47:15,7928.0,469678,7928.5,244715,99128,60,99068,224963,0.5
1900-01-22 05:47:30,7928.0,548037,7928.5,511301,134070,40840,93230,36736,0.5
1900-01-22 05:47:45,7928.0,718088,7928.5,61576,85052,157328,-72276,656512,0.5
1900-01-22 05:48:00,7932.5,897272,7933.0,545456,474504,41600,432904,351816,0.5
1900-01-22 05:48:15,7932.5,988309,7933.0,523789,313116,12130,300986,464520,0.5
1900-01-22 05:48:30,7929.5,961808,7930.0,5217513,93364,323140,-229776,-4255705,0.5
1900-01-22 05:48:45,7929.5,540427,7930.0,791410,70814,260624,-189810,-250983,0.5
1900-01-22 05:49:00,7924.5,670318,7925.0,383234,211268,570520,-359252,287084,0.5
1900-01-22 05:49:15,7924.5,694483,7925.0,176192,22718,192462,-169744,518291,0.5
1900-01-22 05:49:30,7925.5,460873,7926.0,13108,20592,65140,-44548,447765,0.5
1900-01-22 05:49:45,7925.5,994608,7926.0,546377,31852,2000,29852,448231,0.5
1900-01-22 05:50:00,7925.5,1749093,7926.0,15507,207482,11026,196456,1733586,0.5
1900-01-22 05:50:15,7929.5,950073,7930.0,308350,46948,2276,44672,641723,0.5
1900-01-22 05:50:30,7930.0,726735,7930.5,14876,276334,916,275418,711859,0.5
1900-01-22 05:50:45,7931.5,111575,7932.0,459255,82370,22622,59748,-347680,0.5
1900-01-22 05:51:00,7930.0,118756,7930.5,806445,19528,227324,-207796,-687689,0.5
1900-01-22 05:51:15,7928.0,22173,7928.5,640602,8364,37076,-28712,-618429,0.5
1900-01-22 05:51:30,7925.5,199343,7926.0,663666,32866,181388,-148522,-464323,0.5
1900-01-22 05:51:45,7921.0,166469,7921.5,707769,42888,154002,-111114,-541300,0.5
1900-01-22 05:52:00,7914.0,470652,7914.5,315019,66408,160172,-93764,155633,0.5
1900-01-22 05:52:15,7912.5,1094229,7913.0,24124,68576,417752,-349176,1070105,0.5
1900-01-22 05:52:30,7915.5,171817,7916.0,591028,82656,23960,58696,-419211,0.5
1900-01-22 05:52:45,7913.0,830771,7913.5,385387,8426,105126,-96700,445384,0.5
1900-01-22 05:53:00,7908.5,20985,7909.0,406899,82162,143996,-61834,-385914,0.5
1900-01-22 05:53:15,7909.5,768446,7910.0,49561,525138,322398,202740,718885,0.5
1900-01-22 05:53:30,7910.5,817155,7911.0,2145,26888,96224,-69336,815010,0.5
1900-01-22 05:53:45,7911.0,903512,7911.5,19258,14562,20742,-6180,884254,0.5
1900-01-22 05:54:00,7911.5,218535,7912.0,879368,117778,38694,79084,-660833,0.5
1900-01-22 05:54:15,7911.5,197679,7912.0,692111,235366,152826,82540,-494432,0.5
1900-01-22 05:54:30,7907.0,26726,7907.5,235194,354,204550,-204196,-208468,0.5
1900-01-22 05:54:45,7902.5,502952,7903.0,392268,3268,412930,-409662,110684,0.5
1900-01-22 05:55:00,7904.0,660476,7904.5,234455,376328,22506,353822,426021,0.5
1900-01-22 05:55:15,7904.0,570062,7904.5,254859,186488,107662,78826,315203,0.5
1900-01-22 05:55:30,7904.0,464340,7904.5,717034,159794,37926,121868,-252694,0.5
1900-01-22 05:55:45,7904.0,976428,7904.5,86550,211566,8830,202736,889878,0.5
1900-01-22 05:56:00,7905.0,3535815,7905.5,15885,173376,152028,21348,3519930,0.5
1900-01-22 05:56:15,7911.0,34497,7911.5,909058,81922,65322,16600,-874561,0.5
1900-01-22 05:56:30,7910.5,1600085,7911.0,197922,80288,28980,51308,1402163,0.5
1900-01-22 05:56:45,7920.0,360933,7920.5,827317,279352,30000,249352,-466384,0.5
1900-01-22 05:57:00,7920.5,1046582,7921.0,7716,356792,36452,320340,1038866,0.5
1900-01-22 05:57:15,7920.5,698721,7921.0,575875,4688,153582,-148894,122846,0.5
1900-01-22 05:57:30,7920.5,905925,7921.0,224724,45504,110136,-64632,681201,0.5
1900-01-22 05:57:45,7920.5,419085,7921.0,633593,23994,108000,-84006,-214508,0.5
1900-01-22 05:58:00,7921.0,1219956,7921.5,14678,81532,53408,28124,1205278,0.5
1900-01-22 05:58:15,7920.5,36507,7921.0,679715,26700,112584,-85884,-643208,0.5
1900-01-22 05:58:30,7920.5,142302,7921.0,979152,14500,70470,-55970,-836850,0.5
1900-01-22 05:58:45,7920.5,178861,7921.0,731771,13158,41762,-28604,-552910,0.5
1900-01-22 05:59:00,7917.5,196669,7918.0,369333,2192,93606,-91414,-172664,0.5
1900-01-22 05:59:15,7917.5,2113,7918.0,957437,2192,341266,-339074,-955324,0.5
1900-01-22 05:59:30,7915.0,503318,7915.5,272021,11618,33284,-21666,231297,0.5
1900-01-22 05:59:45,7920.5,223158,7921.0,809443,18206,25626,-7420,-586285,0.5
1900-01-22 06:00:00,7923.0,479499,7923.5,3490,19894,50758,-30864,476009,0.5
1900-01-22 06:00:15,7929.5,1133916,7933.0,131014,384806,15404,369402,1002902,3.5
1900-01-22 06:00:30,7936.5,1346695,7937.0,614440,1387016,64888,1322128,732255,0.5
1900-01-22 06:00:45,7936.5,437406,7937.0,1062780,385432,241878,143554,-625374,0.5
1900-01-22 06:01:00,7934.5,62418,7935.0,979271,246470,255876,-9406,-916853,0.5
1900-01-22 06:01:15,7933.0,677772,7933.5,299537,104972,80500,24472,378235,0.5
1900-01-22 06:01:30,7933.0,1252342,7933.5,14626,135798,17816,117982,1237716,0.5
1900-01-22 06:01:45,7938.0,952984,7938.5,184620,458648,4660,453988,768364,0.5
1900-01-22 06:02:00,7938.5,1031672,7939.0,110149,390544,33648,356896,921523,0.5
1900-01-22 06:02:15,7948.5,595808,7949.0,83804,2470968,22850,2448118,512004,0.5
1900-01-22 06:02:30,7944.5,175452,7945.0,1047962,359148,414812,-55664,-872510,0.5
1900-01-22 06:02:45,7940.0,42544,7940.5,709555,217316,656358,-439042,-667011,0.5
1900-01-22 06:03:00,7939.5,540023,7940.0,487966,34856,89124,-54268,52057,0.5
1900-01-22 06:03:15,7937.0,1538979,7937.5,10522,123886,156290,-32404,1528457,0.5
1900-01-22 06:03:30,7939.5,80693,7940.0,699821,211850,127534,84316,-619128,0.5
1900-01-22 06:03:45,7942.5,443281,7943.0,123802,233912,27052,206860,319479,0.5
1900-01-22 06:04:00,7942.5,1644190,7943.0,32792,114140,26364,87776,1611398,0.5
1900-01-22 06:04:15,7948.5,297997,7949.0,576585,589700,13476,576224,-278588,0.5
1900-01-22 06:04:30,7947.0,4866,7947.5,440552,1387664,77736,1309928,-435686,0.5
1900-01-22 06:04:45,7943.0,2453541,7943.5,696439,151426,417860,-266434,1757102,0.5
1900-01-22 06:05:00,7944.5,1175991,7945.0,27742,565108,170556,394552,1148249,0.5
1900-01-22 06:05:15,7942.5,442718,7943.0,659886,359556,143454,216102,-217168,0.5
1900-01-22 06:05:30,7945.0,76278,7945.5,650505,112854,186546,-73692,-574227,0.5
1900-01-22 06:05:45,7945.0,1343730,7945.5,17634,79620,33604,46016,1326096,0.5
1900-01-22 06:06:00,7952.5,457255,7953.0,95957,169428,11480,157948,361298,0.5
1900-01-22 06:06:15,7955.0,1152494,7955.5,16648,512560,74154,438406,1135846,0.5
1900-01-22 06:06:30,7958.5,450795,7959.0,472555,474774,29824,444950,-21760,0.5
1900-01-22 06:06:45,7958.5,197310,7959.0,764350,114222,257836,-143614,-567040,0.5
1900-01-22 06:07:00,7958.5,380473,7959.0,909531,69778,326478,-256700,-529058,0.5
1900-01-22 06:07:15,7958.5,399855,7959.0,884530,53826,296020,-242194,-484675,0.5
1900-01-22 06:07:30,7954.0,1923,7954.5,476436,107942,1469782,-1361840,-474513,0.5
1900-01-22 06:07:45,7948.0,770808,7948.5,10,300,237522,-237222,770798,0.5
1900-01-22 06:08:00,7953.5,189480,7954.0,1400028,123594,192770,-69176,-1210548,0.5
1900-01-22 06:08:15,7953.5,505801,7954.0,1121139,68688,47578,21110,-615338,0.5
1900-01-22 06:08:30,7948.0,173033,7948.5,442938,20000,559992,-539992,-269905,0.5
1900-01-22 06:08:45,7947.5,68975,7948.0,1019221,10760,158840,-148080,-950246,0.5
1900-01-22 06:09:00,7945.0,630654,7945.5,352648,28380,97504,-69124,278006,0.5
1900-01-22 06:09:15,7937.0,6823,7938.5,598337,34748,546924,-512176,-591514,1.5
1900-01-22 06:09:30,7932.5,316259,7933.0,5632,215214,449430,-234216,310627,0.5
1900-01-22 06:09:45,7944.0,565393,7944.5,10086,437610,23448,414162,555307,0.5
1900-01-22 06:10:00,7952.5,76128,7953.0,49256,224072,17450,206622,26872,0.5
1900-01-22 06:10:15,7952.0,5665,7952.5,275968,210746,136912,73834,-270303,0.5
1900-01-22 06:10:30,7954.5,25080,7955.0,86613,131794,115362,16432,-61533,0.5
1900-01-22 06:10:45,7954.5,87668,7955.0,634806,64436,119036,-54600,-547138,0.5
1900-01-22 06:11:00,7951.0,25405,7951.5,577043,46192,119996,-73804,-551638,0.5
1900-01-22 06:11:15,7948.5,5914,7949.0,801539,40208,78200,-37992,-795625,0.5
1900-01-22 06:11:30,7948.0,17216,7948.5,590583,10000,16716,-6716,-573367,0.5
1900-01-22 06:11:45,7945.5,114871,7946.0,630151,40,48000,-47960,-515280,0.5
1900-01-22 06:12:00,7941.0,584466,7941.5,313125,36600,357886,-321286,271341,0.5
1900-01-22 06:12:15,7943.0,652007,7943.5,136951,88554,502370,-413816,515056,0.5
1900-01-22 06:12:30,7944.5,4549,7945.0,942578,82898,119608,-36710,-938029,0.5
1900-01-22 06:12:45,7940.5,1832,7941.0,1006719,82898,810658,-727760,-1004887,0.5
1900-01-22 06:13:00,7940.0,30246,7940.5,586665,100,38976,-38876,-556419,0.5
1900-01-22 06:13:15,7938.0,606215,7938.5,584708,722,63674,-62952,21507,0.5
1900-01-22 06:13:30,7938.0,744875,7938.5,35696,33502,108638,-75136,709179,0.5
1900-01-22 06:13:45,7938.0,431218,7938.5,688735,54676,51244,3432,-257517,0.5
1900-01-22 06:14:00,7938.0,260653,7938.5,779030,2018,119482,-117464,-518377,0.5
1900-01-22 06:14:15,7938.0,289485,7938.5,815131,1730,19586,-17856,-525646,0.5
1900-01-22 06:14:30,7938.0,763314,7938.5,198404,600,34000,-33400,564910,0.5
1900-01-22 06:14:45,7945.5,996442,7946.0,9717,1386180,800,1385380,986725,0.5
1900-01-22 06:15:00,7952.0,42615,7952.5,16072,297860,800,297060,26543,0.5
1900-01-22 06:15:15,7930.5,51431,7931.0,22465,141780,292000,-150220,28966,0.5
1900-01-22 06:15:30,7940.0,569619,7940.5,136338,319570,204760,114810,433281,0.5
1900-01-22 06:15:45,7935.5,802735,7936.0,138794,56564,283666,-227102,663941,0.5
1900-01-22 06:16:00,7935.5,585756,7936.0,601921,108600,13714,94886,-16165,0.5
1900-01-22 06:16:15,7935.5,557696,7936.0,577415,1742,10796,-9054,-19719,0.5
1900-01-22 06:16:30,7935.5,1307703,7936.0,13123,65572,139732,-74160,1294580,0.5
1900-01-22 06:16:45,7938.5,270916,7939.0,666456,81990,48534,33456,-395540,0.5
1900-01-22 06:17:00,7938.5,291248,7939.0,556653,10020,120162,-110142,-265405,0.5
1900-01-22 06:17:15,7938.5,104784,7939.0,603487,290040,173008,117032,-498703,0.5
1900-01-22 06:17:30,7937.0,180046,7937.5,894846,1040,84776,-83736,-714800,0.5
1900-01-22 06:17:45,7937.0,302354,7937.5,774193,28768,33932,-5164,-471839,0.5
1900-01-22 06:18:00,7938.0,1104567,7938.5,352474,319680,57030,262650,752093,0.5
1900-01-22 06:18:15,7939.5,1094204,7940.0,61761,296326,24400,271926,1032443,0.5
1900-01-22 06:18:30,7939.0,1302706,7939.5,40546,80438,139894,-59456,1262160,0.5
1900-01-22 06:18:45,7939.0,165493,7939.5,739698,139680,191642,-51962,-574205,0.5
1900-01-22 06:19:00,7933.5,22332,7934.0,534752,4336,273540,-269204,-512420,0.5
1900-01-22 06:19:15,7928.0,497342,7928.5,716734,17650,380540,-362890,-219392,0.5
1900-01-22 06:19:30,7927.5,314083,7928.0,1185943,28398,285420,-257022,-871860,0.5
1900-01-22 06:19:45,7927.0,1001290,7927.5,216018,86306,451134,-364828,785272,0.5
1900-01-22 06:20:00,7927.5,1036834,7928.0,19298,319544,13856,305688,1017536,0.5
1900-01-22 06:20:15,7931.0,912534,7931.5,48357,99370,11018,88352,864177,0.5
1900-01-22 06:20:30,7929.5,7963,7930.0,902693,4380,314132,-309752,-894730,0.5
1900-01-22 06:20:45,7923.0,27604,7923.5,366692,4020,180350,-176330,-339088,0.5
1900-01-22 06:21:00,7921.0,1336117,7921.5,106733,21938,230900,-208962,1229384,0.5
1900-01-22 06:21:15,7921.0,636101,7921.5,681410,80314,214166,-133852,-45309,0.5
1900-01-22 06:21:30,7918.5,320394,7919.0,816748,124364,609960,-485596,-496354,0.5
1900-01-22 06:21:45,7918.5,709677,7919.0,326895,10400,332184,-321784,382782,0.5
1900-01-22 06:22:00,7921.0,557937,7921.5,304330,360060,61700,298360,253607,0.5
1900-01-22 06:22:15,7922.0,1310662,7922.5,8949,53290,14340,38950,1301713,0.5
1900-01-22 06:22:30,7924.5,788106,7925.0,18913,53006,92568,-39562,769193,0.5
1900-01-22 06:22:45,7925.5,810901,7926.0,531586,32602,3020,29582,279315,0.5
1900-01-22 06:23:00,7925.5,102375,7926.0,1191023,101534,107700,-6166,-1088648,0.5
1900-01-22 06:23:15,7924.5,60439,7925.0,1057753,4902,108242,-103340,-997314,0.5
1900-01-22 06:23:30,7916.0,358901,7916.5,511999,56660,341188,-284528,-153098,0.5
1900-01-22 06:23:45,7915.0,523110,7915.5,302206,44124,91810,-47686,220904,0.5
1900-01-22 06:24:00,7915.0,478678,7915.5,329868,21410,49914,-28504,148810,0.5
1900-01-22 06:24:15,7916.0,392540,7916.5,12541,61264,159212,-97948,379999,0.5
1900-01-22 06:24:30,7924.5,584953,7925.0,14905,127040,4514,122526,570048,0.5
1900-01-22 06:24:45,7925.0,932109,7925.5,51266,51710,92950,-41240,880843,0.5
1900-01-22 06:25:00,7922.5,542987,7923.0,176776,33082,45844,-12762,366211,0.5
1900-01-22 06:25:15,7922.0,3732,7922.5,1140655,173716,1848,171868,-1136923,0.5
1900-01-22 06:25:30,7915.0,1275008,7915.5,55409,42714,381920,-339206,1219599,0.5
1900-01-22 06:25:45,7915.0,1645465,7915.5,52364,24664,3082,21582,1593101,0.5
1900-01-22 06:26:00,7916.5,1476081,7917.0,4617,119318,1000,118318,1471464,0.5
1900-01-22 06:26:15,7920.5,925382,7921.0,519,38724,4440,34284,924863,0.5
1900-01-22 06:26:30,7923.0,1589359,7923.5,6757,53108,10798,42310,1582602,0.5
1900-01-22 06:26:45,7924.0,123408,7924.5,794832,21512,160162,-138650,-671424,0.5
1900-01-22 06:27:00,7923.0,10797,7923.5,1076248,140164,440110,-299946,-1065451,0.5
1900-01-22 06:27:15,7910.0,1014584,7910.5,159468,38270,145166,-106896,855116,0.5
1900-01-22 06:27:30,7918.0,57768,7918.5,883396,197786,239752,-41966,-825628,0.5
1900-01-22 06:27:45,7914.5,105539,7915.0,15002,105300,39528,65772,90537,0.5
1900-01-22 06:28:00,7914.5,1010491,7915.0,317727,1976,29510,-27534,692764,0.5
1900-01-22 06:28:15,7916.5,943152,7917.0,19762,102938,6460,96478,923390,0.5
1900-01-22 06:28:30,7916.5,846498,7917.0,104934,36834,7600,29234,741564,0.5
1900-01-22 06:28:45,7916.5,1015052,7917.0,197568,64182,41280,22902,817484,0.5
1900-01-22 06:29:00,7916.5,487157,7917.0,592899,20478,35560,-15082,-105742,0.5
1900-01-22 06:29:15,7919.0,175561,7919.5,577123,6680,1134,5546,-401562,0.5
1900-01-22 06:29:30,7919.0,956278,7919.5,40118,7500,12626,-5126,916160,0.5
1900-01-22 06:29:45,7919.5,1154025,7920.0,4706,19474,20212,-738,1149319,0.5
1900-01-22 06:30:00,7922.5,976515,7923.0,32957,47004,8876,38128,943558,0.5
1900-01-22 06:30:15,7927.5,1287315,7928.0,354077,145374,520,144854,933238,0.5
1900-01-22 06:30:30,7933.0,679460,7933.5,67110,298438,8000,290438,612350,0.5
1900-01-22 06:30:45,7931.0,668,7931.5,946766,43196,81702,-38506,-946098,0.5
1900-01-22 06:31:00,7930.0,1410284,7930.5,17095,110958,318462,-207504,1393189,0.5
1900-01-22 06:31:15,7934.0,1164557,7934.5,2030,100904,1222,99682,1162527,0.5
1900-01-22 06:31:30,7934.5,993540,7935.0,439183,44648,12,44636,554357,0.5
1900-01-22 06:31:45,7934.5,1001453,7935.0,431986,66100,16170,49930,569467,0.5
1900-01-22 06:32:00,7933.0,20258,7933.5,1035483,22154,114440,-92286,-1015225,0.5
1900-01-22 06:32:15,7930.0,66095,7930.5,954576,22154,68944,-46790,-888481,0.5
1900-01-22 06:32:30,7929.5,20414,7930.0,1133457,40530,79078,-38548,-1113043,0.5
1900-01-22 06:32:45,7926.0,9827,7926.5,1059726,4050,25946,-21896,-1049899,0.5
1900-01-22 06:33:00,7925.0,5691,7925.5,1106464,87432,76604,10828,-1100773,0.5
1900-01-22 06:33:15,7924.5,715145,7925.0,627343,2302,1454,848,87802,0.5
1900-01-22 06:33:30,7923.5,776310,7924.0,517341,430,44858,-44428,258969,0.5
1900-01-22 06:33:45,7927.0,458187,7927.5,11226,77434,22940,54494,446961,0.5
1900-01-22 06:34:00,7927.0,1669601,7927.5,8697,74326,7902,66424,1660904,0.5
1900-01-22 06:34:15,7934.5,311885,7935.0,440623,121104,32002,89102,-128738,0.5
1900-01-22 06:34:30,7934.5,1228380,7935.0,232637,87968,10646,77322,995743,0.5
1900-01-22 06:34:45,7936.0,1206867,7936.5,4445,272810,2040,270770,1202422,0.5
1900-01-22 06:35:00,7939.0,1362950,7939.5,21238,85952,1900,84052,1341712,0.5
1900-01-22 06:35:15,7939.0,95002,7939.5,695920,171114,167398,3716,-600918,0.5
1900-01-22 06:35:30,7937.5,222330,7938.0,978101,5700,51732,-46032,-755771,0.5
1900-01-22 06:35:45,7937.5,379007,7938.0,964921,7344,52316,-44972,-585914,0.5
1900-01-22 06:36:00,7937.5,150976,7938.0,1319001,27256,417380,-390124,-1168025,0.5
1900-01-22 06:36:15,7937.5,239653,7938.0,1171208,6516,54000,-47484,-931555,0.5
1900-01-22 06:36:30,7937.5,252434,7938.0,988690,38990,39632,-642,-736256,0.5
1900-01-22 06:36:45,7937.5,41097,7938.0,1186732,18,5302,-5284,-1145635,0.5
1900-01-22 06:37:00,7929.0,1035821,7929.5,330627,4402,207480,-203078,705194,0.5
1900-01-22 06:37:15,7929.0,1107816,7929.5,142801,44838,121560,-76722,965015,0.5
1900-01-22 06:37:30,7929.0,1263867,7929.5,296610,7640,110048,-102408,967257,0.5
1900-01-22 06:37:45,7927.5,6213,7928.0,979153,98680,173054,-74374,-972940,0.5
1900-01-22 06:38:00,7927.0,1085285,7927.5,12749,19740,27092,-7352,1072536,0.5
1900-01-22 06:38:15,7927.0,288562,7927.5,635593,10372,16200,-5828,-347031,0.5
1900-01-22 06:38:30,7927.0,11088,7927.5,597614,96084,144414,-48330,-586526,0.5
1900-01-22 06:38:45,7926.5,22508,7927.0,901022,100,9198,-9098,-878514,0.5
1900-01-22 06:39:00,7927.0,1437640,7927.5,42574,63912,12736,51176,1395066,0.5
1900-01-22 06:39:15,7925.0,218420,7925.5,568264,2950,89460,-86510,-349844,0.5
1900-01-22 06:39:30,7925.0,115014,7925.5,1005456,34388,214200,-179812,-890442,0.5
1900-01-22 06:39:45,7925.0,145703,7925.5,734749,5854,197328,-191474,-589046,0.5
1900-01-22 06:40:00,7925.0,80389,7925.5,856732,6002,14864,-8862,-776343,0.5
1900-01-22 06:40:15,7925.0,74760,7925.5,1120968,4,212354,-212350,-1046208,0.5
1900-01-22 06:40:30,7924.0,2264,7924.5,751972,2,105368,-105366,-749708,0.5
1900-01-22 06:40:45,7922.5,11479,7923.0,1014150,5494,22264,-16770,-1002671,0.5
1900-01-22 06:41:00,7919.0,33695,7919.5,875316,2200,122914,-120714,-841621,0.5
1900-01-22 06:41:15,7918.0,386916,7918.5,842769,13926,88952,-75026,-455853,0.5
1900-01-22 06:41:30,7923.5,403444,7924.0,10832,211976,115024,96952,392612,0.5
1900-01-22 06:41:45,7925.0,515182,7925.5,518853,162102,90542,71560,-3671,0.5
1900-01-22 06:42:00,7922.0,3376,7922.5,611719,99008,36060,62948,-608343,0.5
1900-01-22 06:42:15,7917.5,39574,7918.0,634845,1800,196774,-194974,-595271,0.5
1900-01-22 06:42:30,7916.0,748875,7916.5,309669,3550,117526,-113976,439206,0.5
1900-01-22 06:42:45,7916.0,25448,7916.5,797404,23118,20056,3062,-771956,0.5
1900-01-22 06:43:00,7915.0,48864,7915.5,1188044,16028,456758,-440730,-1139180,0.5
1900-01-22 06:43:15,7909.0,404033,7909.5,278491,3442,267342,-263900,125542,0.5
1900-01-22 06:43:30,7909.0,103389,7909.5,811741,11972,65384,-53412,-708352,0.5
1900-01-22 06:43:45,7909.0,900954,7909.5,63,253708,68696,185012,900891,0.5
1900-01-22 06:44:00,7914.5,635929,7915.0,222922,38762,38104,658,413007,0.5
1900-01-22 06:44:15,7914.5,852418,7915.0,163382,94574,71002,23572,689036,0.5
1900-01-22 06:44:30,7910.0,653578,7910.5,210515,167544,84902,82642,443063,0.5
1900-01-22 06:44:45,7910.0,47305,7910.5,843816,7298,32546,-25248,-796511,0.5
1900-01-22 06:45:00,7904.0,592208,7904.5,246537,12436,361196,-348760,345671,0.5
1900-01-22 06:45:15,7909.0,649490,7909.5,382711,78044,234008,-155964,266779,0.5
1900-01-22 06:45:30,7909.0,507733,7909.5,750981,44194,125156,-80962,-243248,0.5
1900-01-22 06:45:45,7909.0,565929,7909.5,385336,125920,9200,116720,180593,0.5
1900-01-22 06:46:00,7909.0,733722,7909.5,135730,23480,3654,19826,597992,0.5
1900-01-22 06:46:15,7919.5,104116,7920.0,547670,333930,8910,325020,-443554,0.5
1900-01-22 06:46:30,7918.5,22183,7919.0,808218,97300,32516,64784,-786035,0.5
1900-01-22 06:46:45,7918.5,22465,7919.0,953783,53402,92848,-39446,-931318,0.5
1900-01-22 06:47:00,7915.5,18425,7916.0,1025641,27542,68166,-40624,-1007216,0.5
1900-01-22 06:47:15,7915.0,600112,7915.5,428440,2080,16834,-14754,171672,0.5
1900-01-22 06:47:30,7914.5,366,7915.0,1055370,68252,1102,67150,-1055004,0.5
1900-01-22 06:47:45,7915.0,1296058,7915.5,31051,78986,12778,66208,1265007,0.5
1900-01-22 06:48:00,7915.0,1607700,7915.5,1213,56042,9622,46420,1606487,0.5
1900-01-22 06:48:15,7917.5,984209,7918.0,210255,66040,9622,56418,773954,0.5
1900-01-22 06:48:30,7920.5,764107,7921.0,283159,119500,29000,90500,480948,0.5
1900-01-22 06:48:45,7920.5,1172438,7921.0,104402,61668,8498,53170,1068036,0.5
1900-01-22 06:49:00,7920.5,686970,7921.0,445795,158124,2024,156100,241175,0.5
1900-01-22 06:49:15,7920.0,1064619,7920.5,21211,13480,246708,-233228,1043408,0.5
1900-01-22 06:49:30,7922.0,532326,7922.5,9760,78750,2000,76750,522566,0.5
1900-01-22 06:49:45,7923.0,565204,7923.5,178873,78968,187986,-109018,386331,0.5
1900-01-22 06:50:00,7923.0,99242,7923.5,886168,17590,36622,-19032,-786926,0.5
1900-01-22 06:50:15,7923.0,664027,7923.5,226235,56462,918,55544,437792,0.5
1900-01-22 06:50:30,7925.0,1020782,7925.5,34884,71576,276,71300,985898,0.5
1900-01-22 06:50:45,7925.0,1030682,7925.5,398812,9356,2100,7256,631870,0.5
1900-01-22 06:51:00,7925.0,921434,7925.5,1006495,23608,10000,13608,-85061,0.5
1900-01-22 06:51:15,7925.0,1161454,7925.5,240931,24012,2270,21742,920523,0.5
1900-01-22 06:51:30,7925.0,1545891,7925.5,198817,92100,14076,78024,1347074,0.5
1900-01-22 06:51:45,7925.0,1551139,7925.5,165109,209342,1102,208240,1386030,0.5
1900-01-22 06:52:00,7928.5,1667210,7929.0,77831,725648,1002,724646,1589379,0.5
1900-01-22 06:52:15,7931.5,1156603,7932.0,588,202434,3992,198442,1156015,0.5
1900-01-22 06:52:30,7928.5,1106694,7929.0,113619,58410,267290,-208880,993075,0.5
1900-01-22 06:52:45,7931.5,664913,7932.0,208748,2952,874,2078,456165,0.5
1900-01-22 06:53:00,7931.5,974239,7932.0,132706,9082,4902,4180,841533,0.5
1900-01-22 06:53:15,7931.5,446033,7932.0,752209,12516,62520,-50004,-306176,0.5
1900-01-22 06:53:30,7932.0,571070,7932.5,24288,487034,13402,473632,546782,0.5
1900-01-22 06:53:45,7933.5,939857,7934.0,146135,133466,9124,124342,793722,0.5
1900-01-22 06:54:00,7933.5,1162667,7934.0,94327,38590,17210,21380,1068340,0.5
1900-01-22 06:54:15,7933.5,1397127,7934.0,51675,46628,11210,35418,1345452,0.5
1900-01-22 06:54:30,7934.5,1295469,7935.0,203870,62738,38,62700,1091599,0.5
1900-01-22 06:54:45,7933.0,5616,7933.5,962470,22104,97896,-75792,-956854,0.5
1900-01-22 06:55:00,7932.0,1225853,7932.5,6710,12888,139186,-126298,1219143,0.5
1900-01-22 06:55:15,7933.0,717237,7933.5,553672,95134,16644,78490,163565,0.5
1900-01-22 06:55:30,7933.0,752935,7933.5,52790,33476,86258,-52782,700145,0.5
1900-01-22 06:55:45,7933.0,1383914,7933.5,78386,320,14064,-13744,1305528,0.5
1900-01-22 06:56:00,7933.0,1886656,7933.5,98402,30890,20838,10052,1788254,0.5
1900-01-22 06:56:15,7934.5,1164643,7935.0,237646,44724,30000,14724,926997,0.5
1900-01-22 06:56:30,7935.0,928070,7935.5,109370,93652,2402,91250,818700,0.5
1900-01-22 06:56:45,7941.0,610030,7941.5,407103,542484,20330,522154,202927,0.5
1900-01-22 06:57:00,7941.0,98700,7941.5,974684,48974,60876,-11902,-875984,0.5
1900-01-22 06:57:15,7940.5,7900,7941.0,1163374,1934,65114,-63180,-1155474,0.5
1900-01-22 06:57:30,7940.5,657895,7941.0,519223,15150,118864,-103714,138672,0.5
1900-01-22 06:57:45,7943.0,566612,7943.5,285858,480610,8130,472480,280754,0.5
1900-01-22 06:58:00,7943.0,958178,7943.5,257723,100148,26284,73864,700455,0.5
1900-01-22 06:58:15,7945.0,594816,7945.5,122506,492916,4354,488562,472310,0.5
1900-01-22 06:58:30,7948.0,602353,7948.5,24974,173666,30504,143162,577379,0.5
1900-01-22 06:58:45,7949.0,25570,7949.5,526452,392484,31456,361028,-500882,0.5
1900-01-22 06:59:00,7948.5,48640,7949.0,1107573,128932,307752,-178820,-1058933,0.5
1900-01-22 06:59:15,7946.0,497880,7946.5,560667,18956,96728,-77772,-62787,0.5
1900-01-22 06:59:30,7944.5,11949,7945.0,325442,49300,196944,-147644,-313493,0.5
1900-01-22 06:59:45,7944.5,1192143,7945.0,32126,62492,33268,29224,1160017,0.5
1900-01-22 07:00:00,7949.5,216633,7950.0,18272,126332,93838,32494,198361,0.5
1900-01-22 07:00:15,7954.5,679540,7955.0,259129,330352,75728,254624,420411,0.5
1900-01-22 07:00:30,7952.5,4948,7953.0,50736,112366,62282,50084,-45788,0.5
1900-01-22 07:00:45,7954.0,277913,7954.5,462076,94102,59596,34506,-184163,0.5
1900-01-22 07:01:00,7953.5,600818,7954.0,50818,272906,604598,-331692,550000,0.5
1900-01-22 07:01:15,7953.5,1766235,7954.0,184020,223558,3344,220214,1582215,0.5
1900-01-22 07:01:30,7957.5,1344864,7958.0,165740,508340,21060,487280,1179124,0.5
1900-01-22 07:01:45,7958.5,691769,7959.0,421937,366494,16034,350460,269832,0.5
1900-01-22 07:02:00,7961.0,1199678,7961.5,5388,447278,47300,399978,1194290,0.5
1900-01-22 07:02:15,7962.5,900369,7963.5,6499,477510,30072,447438,893870,1.0
1900-01-22 07:02:30,7966.0,1473525,7966.5,29337,453626,61224,392402,1444188,0.5
1900-01-22 07:02:45,7969.0,1388941,7970.0,284493,475232,315160,160072,1104448,1.0
1900-01-22 07:03:00,7972.0,243789,7972.5,761834,278234,675358,-397124,-518045,0.5
1900-01-22 07:03:15,7964.0,30033,7964.5,209201,231640,1117758,-886118,-179168,0.5
1900-01-22 07:03:30,7964.5,467414,7965.0,32430,258960,465390,-206430,434984,0.5
1900-01-22 07:03:45,7966.5,151439,7967.0,529502,177000,19220,157780,-378063,0.5
1900-01-22 07:04:00,7969.5,482755,7970.0,68808,234744,18634,216110,413947,0.5
1900-01-22 07:04:15,7972.5,430432,7973.0,781358,375910,166318,209592,-350926,0.5
1900-01-22 07:04:30,7972.5,483704,7973.0,647139,409678,34610,375068,-163435,0.5
1900-01-22 07:04:45,7973.0,513925,7973.5,109338,247862,140564,107298,404587,0.5
1900-01-22 07:05:00,7974.5,12600,7975.0,690243,507326,19878,487448,-677643,0.5
1900-01-22 07:05:15,7978.0,327414,7978.5,58281,2034160,34312,1999848,269133,0.5
1900-01-22 07:05:30,7986.5,102037,7987.0,308893,1332824,87352,1245472,-206856,0.5
1900-01-22 07:05:45,7993.5,245554,7994.0,440024,1515432,174370,1341062,-194470,0.5
1900-01-22 07:06:00,7987.5,118433,7988.0,291978,726452,856546,-130094,-173545,0.5
1900-01-22 07:06:15,7984.5,192459,7985.0,310499,55662,635782,-580120,-118040,0.5
1900-01-22 07:06:30,7980.5,542372,7981.0,743610,258986,437956,-178970,-201238,0.5
1900-01-22 07:06:45,7975.5,409911,7976.0,67236,141010,475870,-334860,342675,0.5
1900-01-22 07:07:00,7968.0,46349,7968.5,70274,718078,545944,172134,-23925,0.5
1900-01-22 07:07:15,7968.0,776569,7968.5,130552,286978,552894,-265916,646017,0.5
1900-01-22 07:07:30,7975.5,851259,7976.0,88064,559630,328634,230996,763195,0.5
1900-01-22 07:07:45,7977.0,236170,7977.5,806625,232938,12046,220892,-570455,0.5
1900-01-22 07:08:00,7969.0,159,7969.5,591391,29042,85780,-56738,-591232,0.5
1900-01-22 07:08:15,7968.0,455849,7968.5,360817,59672,257632,-197960,95032,0.5
1900-01-22 07:08:30,7965.5,158767,7966.0,601055,18000,116488,-98488,-442288,0.5
1900-01-22 07:08:45,7965.5,321157,7966.0,403306,18356,121680,-103324,-82149,0.5
1900-01-22 07:09:00,7969.5,415100,7970.0,56444,116330,34700,81630,358656,0.5
1900-01-22 07:09:15,7965.0,60025,7965.5,320544,170618,461842,-291224,-260519,0.5
1900-01-22 07:09:30,7964.0,400203,7964.5,244204,122182,72958,49224,155999,0.5
1900-01-22 07:09:45,7962.5,38383,7963.0,1217165,68006,430772,-362766,-1178782,0.5
1900-01-22 07:10:00,7957.5,1827,7958.0,626332,50340,539174,-488834,-624505,0.5
1900-01-22 07:10:15,7957.5,628522,7958.0,19241,326098,357708,-31610,609281,0.5
1900-01-22 07:10:30,7961.0,746085,7961.5,175790,124972,35504,89468,570295,0.5
1900-01-22 07:10:45,7961.0,665273,7961.5,269053,74146,66640,7506,396220,0.5
1900-01-22 07:11:00,7961.0,702573,7961.5,331204,226842,25120,201722,371369,0.5
1900-01-22 07:11:15,7961.0,112464,7961.5,844628,112700,107402,5298,-732164,0.5
1900-01-22 07:11:30,7961.0,172195,7961.5,1058498,177386,52552,124834,-886303,0.5
1900-01-22 07:11:45,7957.0,633111,7957.5,531196,449662,612876,-163214,101915,0.5
1900-01-22 07:12:00,7958.5,244460,7959.0,507723,26478,866314,-839836,-263263,0.5
1900-01-22 07:12:15,7958.5,977358,7959.0,281282,169498,52762,116736,696076,0.5
1900-01-22 07:12:30,7958.5,1302469,7959.0,115213,253216,6358,246858,1187256,0.5
1900-01-22 07:12:45,7967.0,1000360,7967.5,26196,302294,7150,295144,974164,0.5
1900-01-22 07:13:00,7969.0,20613,7969.5,17272,324776,2684,322092,3341,0.5
1900-01-22 07:13:15,7969.5,1010656,7970.0,9171,170180,3044,167136,1001485,0.5
1900-01-22 07:13:30,7973.0,275481,7973.5,968263,175748,129910,45838,-692782,0.5
1900-01-22 07:13:45,7970.0,53223,7970.5,830427,63792,349860,-286068,-777204,0.5
1900-01-22 07:14:00,7970.0,812684,7970.5,104846,94148,25466,68682,707838,0.5
1900-01-22 07:14:15,7970.0,203075,7970.5,1002753,8434,44246,-35812,-799678,0.5
1900-01-22 07:14:30,7970.0,128618,7970.5,1069957,15412,153480,-138068,-941339,0.5
1900-01-22 07:14:45,7968.5,4518,7969.0,939457,482,80778,-80296,-934939,0.5
1900-01-22 07:15:00,7965.0,535143,7965.5,174560,8502,190912,-182410,360583,0.5
1900-01-22 07:15:15,7965.0,503897,7965.5,234003,156152,218852,-62700,269894,0.5
1900-01-22 07:15:30,7969.5,392163,7970.0,326106,318454,2202,316252,66057,0.5
1900-01-22 07:15:45,7969.5,247387,7970.0,995785,47206,11518,35688,-748398,0.5
1900-01-22 07:16:00,7965.5,361713,7966.0,587264,17320,18618,-1298,-225551,0.5
1900-01-22 07:16:15,7965.0,421505,7965.5,1201006,41960,71440,-29480,-779501,0.5
1900-01-22 07:16:30,7965.0,169272,7965.5,880071,11874,566890,-555016,-710799,0.5
1900-01-22 07:16:45,7963.5,548749,7964.0,316319,3000,194570,-191570,232430,0.5
1900-01-22 07:17:00,7963.5,470659,7964.0,1262832,154636,37024,117612,-792173,0.5
1900-01-22 07:17:15,7963.0,23646,7963.5,1615681,8464,115102,-106638,-1592035,0.5
1900-01-22 07:17:30,7961.0,57655,7961.5,997958,1200,182218,-181018,-940303,0.5
1900-01-22 07:17:45,7960.0,391030,7960.5,543549,20718,93546,-72828,-152519,0.5
1900-01-22 07:18:00,7959.0,38600,7959.5,259242,17026,132300,-115274,-220642,0.5
1900-01-22 07:18:15,7956.0,15026,7956.5,539531,1200,192020,-190820,-524505,0.5
1900-01-22 07:18:30,7953.0,32855,7953.5,819507,25322,345382,-320060,-786652,0.5
1900-01-22 07:18:45,7953.0,206952,7953.5,1276822,41200,36714,4486,-1069870,0.5
1900-01-22 07:19:00,7960.0,104085,7960.5,1306898,170172,235364,-65192,-1202813,0.5
1900-01-22 07:19:15,7959.5,4187,7960.0,1051883,3094,50598,-47504,-1047696,0.5
1900-01-22 07:19:30,7955.5,4639,7956.0,1044268,27330,251972,-224642,-1039629,0.5
1900-01-22 07:19:45,7955.5,396181,7956.0,541232,133460,25452,108008,-145051,0.5
1900-01-22 07:20:00,7955.5,62267,7956.0,1393625,11650,292834,-281184,-1331358,0.5
1900-01-22 07:20:15,7954.0,308341,7954.5,216973,36680,100732,-64052,91368,0.5
1900-01-22 07:20:30,7953.5,6862,7954.0,1029693,34160,58028,-23868,-1022831,0.5
1900-01-22 07:20:45,7950.0,235658,7950.5,517051,16536,51550,-35014,-281393,0.5
1900-01-22 07:21:00,7947.0,55389,7947.5,572574,274,246818,-246544,-517185,0.5
1900-01-22 07:21:15,7949.0,218495,7949.5,31584,225204,201444,23760,186911,0.5
1900-01-22 07:21:30,7949.0,534440,7949.5,152806,73710,104020,-30310,381634,0.5
1900-01-22 07:21:45,7949.0,656037,7949.5,190224,515040,26648,488392,465813,0.5
1900-01-22 07:22:00,7952.5,413751,7953.0,156291,173170,100636,72534,257460,0.5
1900-01-22 07:22:15,7954.0,622538,7954.5,102502,259478,8000,251478,520036,0.5
1900-01-22 07:22:30,7954.0,398326,7954.5,760674,121816,82348,39468,-362348,0.5
1900-01-22 07:22:45,7956.0,218566,7956.5,523755,287196,3420,283776,-305189,0.5
1900-01-22 07:23:00,7956.5,723587,7957.0,5236,85522,220,85302,718351,0.5
1900-01-22 07:23:15,7959.0,404247,7959.5,846291,239030,35260,203770,-442044,0.5
1900-01-22 07:23:30,7960.0,765934,7960.5,75556,119458,120,119338,690378,0.5
1900-01-22 07:23:45,7960.5,546646,7961.0,295786,93050,2204,90846,250860,0.5
1900-01-22 07:24:00,7961.5,945688,7962.0,55014,49034,3210,45824,890674,0.5
1900-01-22 07:24:15,7962.5,601490,7963.0,215962,82998,72520,10478,385528,0.5
1900-01-22 07:24:30,7969.5,689214,7970.0,124584,592642,162000,430642,564630,0.5
1900-01-22 07:24:45,7969.5,692573,7970.0,401369,144388,14040,130348,291204,0.5
1900-01-22 07:25:00,7973.0,432037,7973.5,889350,86782,19388,67394,-457313,0.5
1900-01-22 07:25:15,7970.0,20744,7970.5,756213,19298,166468,-147170,-735469,0.5
1900-01-22 07:25:30,7968.0,20659,7968.5,1199473,15944,205394,-189450,-1178814,0.5
1900-01-22 07:25:45,7963.0,45664,7963.5,888932,2802,37486,-34684,-843268,0.5
1900-01-22 07:26:00,7962.5,17565,7963.0,1161670,6360,79140,-72780,-1144105,0.5
1900-01-22 07:26:15,7962.5,57790,7963.0,1250265,18148,66268,-48120,-1192475,0.5
1900-01-22 07:26:30,7962.5,631080,7963.0,143850,424098,3708,420390,487230,0.5
1900-01-22 07:26:45,7970.0,427708,7970.5,518023,568180,2000,566180,-90315,0.5
1900-01-22 07:27:00,7970.0,407598,7970.5,388022,91832,2562,89270,19576,0.5
1900-01-22 07:27:15,7969.5,619030,7970.0,235494,134636,140478,-5842,383536,0.5
1900-01-22 07:27:30,7973.0,714225,7973.5,64802,33544,14778,18766,649423,0.5
1900-01-22 07:27:45,7974.5,907040,7975.0,185500,657246,34640,622606,721540,0.5
1900-01-22 07:28:00,7974.0,919,7974.5,839403,27964,113344,-85380,-838484,0.5
1900-01-22 07:28:15,7972.0,24494,7972.5,965627,324,73044,-72720,-941133,0.5
1900-01-22 07:28:30,7969.5,22047,7970.0,393954,37252,87808,-50556,-371907,0.5
1900-01-22 07:28:45,7969.5,1382206,7970.0,250725,54178,14802,39376,1131481,0.5
1900-01-22 07:29:00,7968.0,10257,7968.5,984167,53246,154190,-100944,-973910,0.5
1900-01-22 07:29:15,7964.0,558425,7964.5,346377,17234,107358,-90124,212048,0.5
1900-01-22 07:29:30,7964.0,1270165,7964.5,237372,80024,62112,17912,1032793,0.5
1900-01-22 07:29:45,7964.5,1319327,7965.0,116874,356236,37012,319224,1202453,0.5
1900-01-22 07:30:00,7968.0,241614,7968.5,699513,52118,35150,16968,-457899,0.5
1900-01-22 07:30:15,7968.0,353624,7968.5,569711,40870,8654,32216,-216087,0.5
1900-01-22 07:30:30,7968.0,56547,7968.5,950066,438,87304,-86866,-893519,0.5
1900-01-22 07:30:45,7967.0,198276,7967.5,909153,1682,113730,-112048,-710877,0.5
1900-01-22 07:31:00,7960.0,5017,7960.5,1340289,688,315006,-314318,-1335272,0.5
1900-01-22 07:31:15,7959.5,349061,7960.0,760137,65884,134956,-69072,-411076,0.5
1900-01-22 07:31:30,7959.5,484614,7960.0,485398,402,114732,-114330,-784,0.5
1900-01-22 07:31:45,7959.5,557178,7960.0,240274,9082,92402,-83320,316904,0.5
1900-01-22 07:32:00,7959.5,498567,7960.0,711786,4500,45220,-40720,-213219,0.5
1900-01-22 07:32:15,7955.5,53388,7956.0,807846,9306,144896,-135590,-754458,0.5
1900-01-22 07:32:30,7955.5,49490,7956.0,1815775,10218,495324,-485106,-1766285,0.5
1900-01-22 07:32:45,7951.0,6244,7951.5,1040264,2634,189040,-186406,-1034020,0.5
1900-01-22 07:33:00,7949.0,18722,7949.5,1024936,16594,237086,-220492,-1006214,0.5
1900-01-22 07:33:15,7954.5,240525,7955.0,676874,169506,132490,37016,-436349,0.5
1900-01-22 07:33:30,7951.0,2950,7951.5,949519,4912,81632,-76720,-946569,0.5
1900-01-22 07:33:45,7950.0,292581,7950.5,2001342,700,183922,-183222,-1708761,0.5
1900-01-22 07:34:00,7950.0,129201,7950.5,1843824,37600,387756,-350156,-1714623,0.5
1900-01-22 07:34:15,7950.0,82738,7950.5,1209025,80024,84122,-4098,-1126287,0.5
1900-01-22 07:34:30,7954.5,411719,7955.0,835036,78502,33518,44984,-423317,0.5
1900-01-22 07:34:45,7954.0,1870,7954.5,451813,39794,81322,-41528,-449943,0.5
1900-01-22 07:35:00,7952.5,4722,7953.0,1000035,13642,16616,-2974,-995313,0.5
1900-01-22 07:35:15,7945.5,195381,7946.0,235835,25986,79398,-53412,-40454,0.5
1900-01-22 07:35:30,7948.0,73842,7948.5,1146598,189584,21504,168080,-1072756,0.5
1900-01-22 07:35:45,7946.0,17396,7946.5,952580,189584,31740,157844,-935184,0.5
1900-01-22 07:36:00,7944.5,222363,7945.0,404709,24924,97506,-72582,-182346,0.5
1900-01-22 07:36:15,7945.5,1197012,7946.0,48005,154108,122364,31744,1149007,0.5
1900-01-22 07:36:30,7948.0,508155,7948.5,61330,42810,180324,-137514,446825,0.5
1900-01-22 07:36:45,7948.0,901714,7948.5,40149,611514,83452,528062,861565,0.5
1900-01-22 07:37:00,7948.0,100987,7948.5,1046265,175324,26554,148770,-945278,0.5
1900-01-22 07:37:15,7943.5,118554,7944.0,526162,30186,277666,-247480,-407608,0.5
1900-01-22 07:37:30,7943.5,340637,7944.0,361252,129062,68842,60220,-20615,0.5
1900-01-22 07:37:45,7943.5,411252,7944.0,158987,79918,11356,68562,252265,0.5
1900-01-22 07:38:00,7948.0,462889,7948.5,639448,285044,544,284500,-176559,0.5
1900-01-22 07:38:15,7948.0,399420,7948.5,674085,40202,67286,-27084,-274665,0.5
1900-01-22 07:38:30,7947.5,2402,7948.0,1127977,1040,75518,-74478,-1125575,0.5
1900-01-22 07:38:45,7944.0,524756,7944.5,409596,18062,2200,15862,115160,0.5
1900-01-22 07:39:00,7943.0,29369,7943.5,1656966,3436,65122,-61686,-1627597,0.5
1900-01-22 07:39:15,7942.0,36827,7942.5,936446,14000,103380,-89380,-899619,0.5
1900-01-22 07:39:30,7942.0,315619,7942.5,430060,25344,45080,-19736,-114441,0.5
1900-01-22 07:39:45,7942.0,481815,7942.5,114300,56740,12482,44258,367515,0.5
1900-01-22 07:40:00,7943.0,597500,7943.5,223816,133330,16348,116982,373684,0.5
1900-01-22 07:40:15,7948.0,288953,7948.5,1224639,162614,8478,154136,-935686,0.5
1900-01-22 07:40:30,7948.0,624680,7948.5,1038080,89306,81854,7452,-413400,0.5
1900-01-22 07:40:45,7947.5,54329,7948.0,1045801,2976,164806,-161830,-991472,0.5
1900-01-22 07:41:00,7946.5,18415,7947.0,1046769,54308,57446,-3138,-1028354,0.5
1900-01-22 07:41:15,7947.0,292494,7947.5,297,59594,130652,-71058,292197,0.5
1900-01-22 07:41:30,7948.0,430046,7948.5,574197,58340,73700,-15360,-144151,0.5
1900-01-22 07:41:45,7948.0,243437,7948.5,1279875,40,1080,-1040,-1036438,0.5
1900-01-22 07:42:00,7944.0,197813,7944.5,1488534,78762,108864,-30102,-1290721,0.5
1900-01-22 07:42:15,7941.5,53928,7942.0,648037,1000,108354,-107354,-594109,0.5
1900-01-22 07:42:30,7941.0,550104,7941.5,827540,13114,60398,-47284,-277436,0.5
1900-01-22 07:42:45,7941.0,238616,7941.5,809670,400,652002,-651602,-571054,0.5
1900-01-22 07:43:00,7938.0,160651,7938.5,761634,16128,719838,-703710,-600983,0.5
1900-01-22 07:43:15,7938.0,290112,7938.5,439481,406,202818,-202412,-149369,0.5
1900-01-22 07:43:30,7942.0,904623,7942.5,336,177020,90504,86516,904287,0.5
1900-01-22 07:43:45,7942.0,1228030,7942.5,13974,319744,5956,313788,1214056,0.5
1900-01-22 07:44:00,7949.5,316002,7950.0,912930,218818,38634,180184,-596928,0.5
1900-01-22 07:44:15,7949.5,370225,7950.0,320375,320,12692,-12372,49850,0.5
1900-01-22 07:44:30,7950.0,672639,7950.5,159569,202802,30146,172656,513070,0.5
1900-01-22 07:44:45,7950.0,1097633,7950.5,162053,88228,10290,77938,935580,0.5
1900-01-22 07:45:00,7950.0,809849,7950.5,49816,122820,5144,117676,760033,0.5
1900-01-22 07:45:15,7950.5,13161,7951.0,901232,56768,99468,-42700,-888071,0.5
1900-01-22 07:45:30,7950.0,39567,7950.5,924170,52520,41604,10916,-884603,0.5
1900-01-22 07:45:45,7949.5,10782,7950.0,1604598,4802,28226,-23424,-1593816,0.5
1900-01-22 07:46:00,7946.5,1617,7947.0,241256,31860,59326,-27466,-239639,0.5
1900-01-22 07:46:15,7945.0,361819,7945.5,479586,38310,242452,-204142,-117767,0.5
1900-01-22 07:46:30,7947.0,622239,7947.5,486376,557360,43170,514190,135863,0.5
1900-01-22 07:46:45,7947.0,388702,7947.5,359078,110316,2802,107514,29624,0.5
1900-01-22 07:47:00,7947.0,129430,7947.5,915326,10068,11364,-1296,-785896,0.5
1900-01-22 07:47:15,7946.0,55463,7946.5,1105887,14740,46092,-31352,-1050424,0.5
1900-01-22 07:47:30,7941.5,51608,7942.0,788394,33064,143284,-110220,-736786,0.5
1900-01-22 07:47:45,7938.0,29926,7938.5,866543,403298,41550,361748,-836617,0.5
1900-01-22 07:48:00,7934.5,833780,7935.0,226570,75882,312954,-237072,607210,0.5
1900-01-22 07:48:15,7937.0,31749,7937.5,692199,54436,317814,-263378,-660450,0.5
1900-01-22 07:48:30,7935.0,737034,7935.5,62373,240530,153708,86822,674661,0.5
1900-01-22 07:48:45,7939.5,388539,7940.0,121969,412838,20510,392328,266570,0.5
1900-01-22 07:49:00,7939.5,412301,7940.0,120530,63484,24510,38974,291771,0.5
1900-01-22 07:49:15,7939.5,37611,7940.0,1475251,88340,78404,9936,-1437640,0.5
1900-01-22 07:49:30,7938.5,12055,7939.0,1228111,13102,56216,-43114,-1216056,0.5
1900-01-22 07:49:45,7938.0,18465,7938.5,1092327,21002,49988,-28986,-1073862,0.5
1900-01-22 07:50:00,7937.5,8594,7938.0,1188011,22164,29568,-7404,-1179417,0.5
1900-01-22 07:50:15,7936.5,6670,7937.0,808141,8954,66018,-57064,-801471,0.5
1900-01-22 07:50:30,7935.0,586687,7935.5,395828,4512,25812,-21300,190859,0.5
1900-01-22 07:50:45,7935.0,1041399,7935.5,486715,69572,49260,20312,554684,0.5
1900-01-22 07:51:00,7935.0,328044,7935.5,408586,100484,70910,29574,-80542,0.5
1900-01-22 07:51:15,7935.0,581158,7935.5,444866,9382,196000,-186618,136292,0.5
1900-01-22 07:51:30,7935.5,1529181,7936.0,6834,82422,606,81816,1522347,0.5
1900-01-22 07:51:45,7939.5,917775,7940.0,100548,140750,26002,114748,817227,0.5
1900-01-22 07:52:00,7941.5,513974,7942.0,783107,43812,40300,3512,-269133,0.5
1900-01-22 07:52:15,7942.5,446869,7943.0,5012,94684,26002,68682,441857,0.5
1900-01-22 07:52:30,7944.5,337509,7945.0,726006,137650,1224,136426,-388497,0.5
1900-01-22 07:52:45,7944.5,348277,7945.0,485707,139444,56,139388,-137430,0.5
1900-01-22 07:53:00,7944.5,551746,7945.0,310413,136802,20,136782,241333,0.5
1900-01-22 07:53:15,7945.5,571741,7946.0,31198,339224,37418,301806,540543,0.5
1900-01-22 07:53:30,7945.5,656154,7946.0,674824,157304,86622,70682,-18670,0.5
1900-01-22 07:53:45,7945.5,1098770,7946.0,110917,129490,40,129450,987853,0.5
1900-01-22 07:54:00,7945.5,1306910,7946.0,54702,103666,22,103644,1252208,0.5
1900-01-22 07:54:15,7947.5,1008666,7948.0,204848,274066,24186,249880,803818,0.5
1900-01-22 07:54:30,7950.0,1092203,7950.5,3803,293248,2002,291246,1088400,0.5
1900-01-22 07:54:45,7950.5,408426,7951.0,475606,236252,12832,223420,-67180,0.5
1900-01-22 07:55:00,7950.5,587155,7951.0,637286,67082,19200,47882,-50131,0.5
1900-01-22 07:55:15,7953.5,366222,7954.0,576808,268368,8524,259844,-210586,0.5
1900-01-22 07:55:30,7953.5,548690,7954.0,549276,117454,27350,90104,-586,0.5
1900-01-22 07:55:45,7952.5,36,7953.0,824628,82196,330604,-248408,-824592,0.5
1900-01-22 07:56:00,7946.5,206082,7947.0,1300496,73246,94176,-20930,-1094414,0.5
1900-01-22 07:56:15,7946.5,2346,7947.0,1129753,7310,114906,-107596,-1127407,0.5
1900-01-22 07:56:30,7945.5,2253,7946.0,793629,1100,9454,-8354,-791376,0.5
1900-01-22 07:56:45,7945.5,970372,7946.0,208531,73028,2678,70350,761841,0.5
1900-01-22 07:57:00,7945.5,772855,7946.0,471310,8980,32916,-23936,301545,0.5
1900-01-22 07:57:15,7945.5,110027,7946.0,1315030,5024,123056,-118032,-1205003,0.5
1900-01-22 07:57:30,7945.0,49973,7945.5,953214,54,179772,-179718,-903241,0.5
1900-01-22 07:57:45,7942.0,509403,7942.5,306212,15834,200706,-184872,203191,0.5
1900-01-22 07:58:00,7940.0,35563,7940.5,415386,100800,22840,77960,-379823,0.5
1900-01-22 07:58:15,7939.0,32781,7939.5,434631,6158,26076,-19918,-401850,0.5
1900-01-22 07:58:30,7938.0,23173,7938.5,1256960,1068,250166,-249098,-1233787,0.5
1900-01-22 07:58:45,7937.5,23164,7938.0,1177967,1256,92692,-91436,-1154803,0.5
1900-01-22 07:59:00,7936.0,659714,7936.5,177844,30110,140894,-110784,481870,0.5
1900-01-22 07:59:15,7936.0,1612283,7936.5,98090,248634,24136,224498,1514193,0.5
1900-01-22 07:59:30,7942.0,511632,7942.5,443048,257238,2000,255238,68584,0.5
1900-01-22 07:59:45,7942.0,449375,7942.5,435910,7100,44072,-36972,13465,0.5
1900-01-22 08:00:00,7942.0,202860,7942.5,943026,71806,6818,64988,-740166,0.5
1900-01-22 08:00:15,7937.5,17454,7940.5,1180048,12660,242446,-229786,-1162594,3.0
1900-01-22 08:00:30,7937.5,35994,7938.0,968577,5562,129620,-124058,-932583,0.5
1900-01-22 08:00:45,7937.5,3353,7938.0,1323036,102,119712,-119610,-1319683,0.5
1900-01-22 08:01:00,7935.5,56242,7936.0,687086,219402,357504,-138102,-630844,0.5
1900-01-22 08:01:15,7934.5,2513,7935.0,937521,20360,216226,-195866,-935008,0.5
1900-01-22 08:01:30,7926.0,265973,7926.5,634647,10760,544432,-533672,-368674,0.5
1900-01-22 08:01:45,7931.0,257861,7931.5,749617,368572,279282,89290,-491756,0.5
1900-01-22 08:02:00,7930.5,398178,7931.0,360134,58342,76476,-18134,38044,0.5
1900-01-22 08:02:15,7930.5,47244,7931.0,957521,2200,14490,-12290,-910277,0.5
1900-01-22 08:02:30,7928.0,156959,7928.5,356619,26680,575568,-548888,-199660,0.5
1900-01-22 08:02:45,7934.0,885944,7934.5,6000,333334,63130,270204,879944,0.5
1900-01-22 08:03:00,7933.5,1155,7934.0,147488,10248,30336,-20088,-146333,0.5
1900-01-22 08:03:15,7931.5,997743,7932.0,86599,27108,31458,-4350,911144,0.5
1900-01-22 08:03:30,7932.0,519312,7932.5,343688,199074,61110,137964,175624,0.5
1900-01-22 08:03:45,7932.5,1416682,7933.0,104137,98908,60702,38206,1312545,0.5
1900-01-22 08:04:00,7932.5,1224504,7933.0,248146,48966,27226,21740,976358,0.5
1900-01-22 08:04:15,7933.0,874387,7933.5,29069,197400,52700,144700,845318,0.5
1900-01-22 08:04:30,7934.5,1007797,7935.0,479964,58606,35826,22780,527833,0.5
1900-01-22 08:04:45,7934.5,792467,7935.0,198149,125270,18718,106552,594318,0.5
1900-01-22 08:05:00,7939.5,526328,7940.0,128330,306682,247466,59216,397998,0.5
1900-01-22 08:05:15,7947.0,244822,7947.5,938076,249100,36478,212622,-693254,0.5
1900-01-22 08:05:30,7947.5,1672590,7948.0,618,246238,15496,230742,1671972,0.5
1900-01-22 08:05:45,7950.0,216945,7950.5,514397,698580,39132,659448,-297452,0.5
1900-01-22 08:06:00,7951.5,1645239,7952.0,7392,179232,18728,160504,1637847,0.5
1900-01-22 08:06:15,7952.5,1885620,7953.0,42478,143218,24582,118636,1843142,0.5
1900-01-22 08:06:30,7957.5,1392497,7958.0,97025,275140,2500,272640,1295472,0.5
1900-01-22 08:06:45,7958.0,203530,7958.5,648959,125510,326622,-201112,-445429,0.5
1900-01-22 08:07:00,7958.0,740721,7958.5,315753,315476,228916,86560,424968,0.5
1900-01-22 08:07:15,7959.5,1613433,7960.0,281145,423118,23800,399318,1332288,0.5
1900-01-22 08:07:30,7959.5,1726135,7960.0,168829,146998,6982,140016,1557306,0.5
1900-01-22 08:07:45,7959.5,279870,7960.0,804321,39910,138940,-99030,-524451,0.5
1900-01-22 08:08:00,7958.0,304209,7958.5,699000,8200,131990,-123790,-394791,0.5
1900-01-22 08:08:15,7958.0,5212,7958.5,878771,30000,109956,-79956,-873559,0.5
1900-01-22 08:08:30,7958.0,639255,7958.5,708072,43920,189600,-145680,-68817,0.5
1900-01-22 08:08:45,7958.0,1094890,7958.5,331697,36902,103814,-66912,763193,0.5
1900-01-22 08:09:00,7958.0,1258179,7958.5,213898,50842,6700,44142,1044281,0.5
1900-01-22 08:09:15,7963.0,397178,7963.5,95298,247498,20524,226974,301880,0.5
1900-01-22 08:09:30,7963.0,634900,7963.5,554631,115596,30948,84648,80269,0.5
1900-01-22 08:09:45,7963.0,972709,7963.5,51507,273880,27072,246808,921202,0.5
1900-01-22 08:10:00,7964.0,355034,7964.5,760963,584594,6114,578480,-405929,0.5
1900-01-22 08:10:15,7963.0,274483,7963.5,745712,146356,80488,65868,-471229,0.5
1900-01-22 08:10:30,7961.5,797436,7962.0,574633,45220,61702,-16482,222803,0.5
1900-01-22 08:10:45,7958.0,35708,7958.5,1132325,35882,345396,-309514,-1096617,0.5
1900-01-22 08:11:00,7957.0,807865,7957.5,510883,2726,459024,-456298,296982,0.5
1900-01-22 08:11:15,7957.0,935927,7957.5,434755,41096,190160,-149064,501172,0.5
1900-01-22 08:11:30,7956.5,1142578,7957.0,540614,57598,42256,15342,601964,0.5
1900-01-22 08:11:45,7956.5,707471,7957.0,337930,60646,300802,-240156,369541,0.5
1900-01-22 08:12:00,7964.5,466203,7965.0,493040,158570,2000,156570,-26837,0.5
1900-01-22 08:12:15,7960.5,1850,7961.0,1422726,95818,37830,57988,-1420876,0.5
1900-01-22 08:12:30,7953.0,74552,7953.5,709592,53978,145110,-91132,-635040,0.5
1900-01-22 08:12:45,7955.5,313137,7956.0,613670,335778,12280,323498,-300533,0.5
1900-01-22 08:13:00,7955.5,163794,7956.0,873995,114,91264,-91150,-710201,0.5
1900-01-22 08:13:15,7953.0,1116230,7953.5,143556,80496,109000,-28504,972674,0.5
1900-01-22 08:13:30,7957.5,197494,7958.0,884537,33492,54862,-21370,-687043,0.5
1900-01-22 08:13:45,7957.5,184765,7958.0,844316,2400,1466,934,-659551,0.5
1900-01-22 08:14:00,7958.0,435060,7958.5,4851,962,17140,-16178,430209,0.5
1900-01-22 08:14:15,7960.0,143496,7960.5,1059601,38818,42900,-4082,-916105,0.5
1900-01-22 08:14:30,7961.5,429776,7962.0,14144,8788,11916,-3128,415632,0.5
1900-01-22 08:14:45,7965.0,562962,7965.5,394,223112,3340,219772,562568,0.5
1900-01-22 08:15:00,7967.5,11299,7968.0,73479,150568,35862,114706,-62180,0.5
1900-01-22 08:15:15,7964.0,630,7964.5,1085899,206260,44240,162020,-1085269,0.5
1900-01-22 08:15:30,7962.5,15938,7963.0,1327006,3128,49478,-46350,-1311068,0.5
1900-01-22 08:15:45,7962.0,51133,7962.5,1305130,500,209234,-208734,-1253997,0.5
1900-01-22 08:16:00,7961.5,18,7962.0,1194594,3362,67366,-64004,-1194576,0.5
1900-01-22 08:16:15,7960.0,2200,7960.5,1232883,14290,2144,12146,-1230683,0.5
1900-01-22 08:16:30,7959.5,68498,7960.0,1175798,1546,45070,-43524,-1107300,0.5
1900-01-22 08:16:45,7957.0,20476,7957.5,1398084,600,198352,-197752,-1377608,0.5
1900-01-22 08:17:00,7950.0,145910,7950.5,895452,3100,206304,-203204,-749542,0.5
1900-01-22 08:17:15,7948.0,20532,7948.5,955782,30902,268038,-237136,-935250,0.5
1900-01-22 08:17:30,7947.5,778247,7948.0,735700,30134,171512,-141378,42547,0.5
1900-01-22 08:17:45,7947.0,14,7947.5,1453771,40322,147178,-106856,-1453757,0.5
1900-01-22 08:18:00,7945.0,632686,7945.5,403830,14204,276042,-261838,228856,0.5
1900-01-22 08:18:15,7945.0,812028,7945.5,177351,50938,3600,47338,634677,0.5
1900-01-22 08:18:30,7945.0,986810,7945.5,480811,284672,25750,258922,505999,0.5
1900-01-22 08:18:45,7945.0,1186070,7945.5,311033,260920,125782,135138,875037,0.5
1900-01-22 08:19:00,7945.0,1055526,7945.5,443947,176400,125782,50618,611579,0.5
1900-01-22 08:19:15,7945.0,822563,7945.5,676988,13900,42016,-28116,145575,0.5
1900-01-22 08:19:30,7945.0,848897,7945.5,452214,32190,4020,28170,396683,0.5
1900-01-22 08:19:45,7945.0,839592,7945.5,537370,71934,512,71422,302222,0.5
1900-01-22 08:20:00,7941.5,56669,7942.0,1259392,50010,80730,-30720,-1202723,0.5
1900-01-22 08:20:15,7941.0,751296,7941.5,378100,1186,245718,-244532,373196,0.5
1900-01-22 08:20:30,7941.0,813488,7941.5,176436,424066,127258,296808,637052,0.5
1900-01-22 08:20:45,7944.5,867949,7945.0,393428,99014,230104,-131090,474521,0.5
1900-01-22 08:21:00,7945.0,1116998,7945.5,59851,43804,19140,24664,1057147,0.5
1900-01-22 08:21:15,7947.5,897750,7948.0,185480,112222,2,112220,712270,0.5
1900-01-22 08:21:30,7947.5,1012755,7948.0,532518,165960,2,165958,480237,0.5
1900-01-22 08:21:45,7947.5,1047264,7948.0,579939,53800,2,53798,467325,0.5
1900-01-22 08:22:00,7949.0,1576088,7949.5,129766,715332,614,714718,1446322,0.5
1900-01-22 08:22:15,7949.0,1258333,7949.5,225834,134806,6542,128264,1032499,0.5
1900-01-22 08:22:30,7949.0,102115,7949.5,1216086,35062,7854,27208,-1113971,0.5
1900-01-22 08:22:45,7947.0,1898,7947.5,662123,2180,78756,-76576,-660225,0.5
1900-01-22 08:23:00,7955.0,923953,7955.5,790992,885054,2276,882778,132961,0.5
1900-01-22 08:23:15,7955.0,902306,7955.5,780280,10602,64320,-53718,122026,0.5
1900-01-22 08:23:30,7957.5,1859993,7958.0,52061,930310,64320,865990,1807932,0.5
1900-01-22 08:23:45,7958.0,1379958,7958.5,44439,81594,3800,77794,1335519,0.5
1900-01-22 08:24:00,7958.0,1639339,7958.5,77612,447418,11278,436140,1561727,0.5
1900-01-22 08:24:15,7964.5,345999,7965.0,597321,193212,200,193012,-251322,0.5
1900-01-22 08:24:30,7960.5,208503,7961.0,805052,28950,133068,-104118,-596549,0.5
1900-01-22 08:24:45,7958.0,82129,7958.5,637557,32228,300600,-268372,-555428,0.5
1900-01-22 08:25:00,7958.0,40478,7958.5,688521,51474,39810,11664,-648043,0.5
1900-01-22 08:25:15,7957.0,1353610,7957.5,30469,42252,233542,-191290,1323141,0.5
1900-01-22 08:25:30,7960.0,229372,7960.5,33266,26844,802,26042,196106,0.5
1900-01-22 08:25:45,7965.0,766559,7965.5,25808,295344,6500,288844,740751,0.5
1900-01-22 08:26:00,7966.5,720114,7967.0,249526,188470,68196,120274,470588,0.5
1900-01-22 08:26:15,7970.5,452955,7971.0,7256,313134,18694,294440,445699,0.5
1900-01-22 08:26:30,7978.0,42122,7978.5,564253,752334,35260,717074,-522131,0.5
1900-01-22 08:26:45,7974.0,844368,7974.5,380622,298924,507332,-208408,463746,0.5
1900-01-22 08:27:00,7969.5,3454,7970.0,659738,94910,401830,-306920,-656284,0.5
1900-01-22 08:27:15,7971.5,887239,7972.0,53095,282652,74696,207956,834144,0.5
1900-01-22 08:27:30,7981.5,293044,7982.0,23475,679806,40148,639658,269569,0.5
1900-01-22 08:27:45,7978.5,170007,7979.0,678877,518582,244724,273858,-508870,0.5
1900-01-22 08:28:00,7979.0,705088,7979.5,188866,93978,80888,13090,516222,0.5
1900-01-22 08:28:15,7978.0,298981,7978.5,580158,61412,348022,-286610,-281177,0.5
1900-01-22 08:28:30,7976.0,110751,7976.5,350982,65264,343340,-278076,-240231,0.5
1900-01-22 08:28:45,7977.5,863533,7978.0,27804,186364,100000,86364,835729,0.5
1900-01-22 08:29:00,7982.0,934437,7982.5,7667,180624,126038,54586,926770,0.5
1900-01-22 08:29:15,7987.5,188884,7988.0,656146,140306,211940,-71634,-467262,0.5
1900-01-22 08:29:30,7993.0,662796,7993.5,111792,982530,47440,935090,551004,0.5
1900-01-22 08:29:45,7989.0,163831,7989.5,402880,725508,1563590,-838082,-239049,0.5
1900-01-22 08:30:00,7984.0,1014327,7984.5,215530,275330,314500,-39170,798797,0.5
1900-01-22 08:30:15,7989.5,345570,7990.0,20847,79970,303366,-223396,324723,0.5
1900-01-22 08:30:30,7986.5,1240,7987.0,626407,323366,138804,184562,-625167,0.5
1900-01-22 08:30:45,7981.5,97480,7982.0,459456,26882,322062,-295180,-361976,0.5
1900-01-22 08:31:00,7978.5,772496,7979.0,50700,50974,669638,-618664,721796,0.5
1900-01-22 08:31:15,7979.5,1152532,7980.0,4843,131864,28726,103138,1147689,0.5
1900-01-22 08:31:30,7983.5,172861,7984.0,21490,151392,76590,74802,151371,0.5
1900-01-22 08:31:45,7986.5,467529,7987.0,270855,53246,34440,18806,196674,0.5
1900-01-22 08:32:00,7986.5,164484,7987.0,443193,81568,177240,-95672,-278709,0.5
1900-01-22 08:32:15,7978.0,139592,7978.5,292613,6642,539370,-532728,-153021,0.5
1900-01-22 08:32:30,7980.0,566383,7980.5,174510,5864,179348,-173484,391873,0.5
1900-01-22 08:32:45,7976.5,246894,7977.0,534277,205014,74686,130328,-287383,0.5
1900-01-22 08:33:00,7975.5,604370,7976.0,416938,85466,430804,-345338,187432,0.5
1900-01-22 08:33:15,7974.5,450525,7975.0,700018,317798,262686,55112,-249493,0.5
1900-01-22 08:33:30,7971.0,54669,7971.5,749121,170146,343054,-172908,-694452,0.5
1900-01-22 08:33:45,7971.0,4228,7971.5,1120165,19336,59842,-40506,-1115937,0.5
1900-01-22 08:34:00,7971.0,19310,7971.5,1355023,14000,764516,-750516,-1335713,0.5
1900-01-22 08:34:15,7967.5,109123,7968.0,842309,57600,229970,-172370,-733186,0.5
1900-01-22 08:34:30,7961.5,917157,7962.0,435591,48128,105864,-57736,481566,0.5
1900-01-22 08:34:45,7963.0,862485,7963.5,225908,271652,39764,231888,636577,0.5
1900-01-22 08:35:00,7968.5,145066,7969.0,471512,446516,36054,410462,-326446,0.5
1900-01-22 08:35:15,7969.5,826792,7970.0,33324,166664,20500,146164,793468,0.5
1900-01-22 08:35:30,7976.5,163397,7977.0,13990,465428,10,465418,149407,0.5
1900-01-22 08:35:45,7975.0,35080,7975.5,1061962,148862,43098,105764,-1026882,0.5
1900-01-22 08:36:00,7970.0,34901,7970.5,758629,15700,38594,-22894,-723728,0.5
1900-01-22 08:36:15,7969.0,5464,7969.5,1409738,53384,197174,-143790,-1404274,0.5
1900-01-22 08:36:30,7959.5,485020,7960.0,343937,69056,22878,46178,141083,0.5
1900-01-22 08:36:45,7966.5,246338,7967.0,104670,624656,75340,549316,141668,0.5
1900-01-22 08:37:00,7959.5,275838,7960.0,585265,83308,67970,15338,-309427,0.5
1900-01-22 08:37:15,7959.5,609580,7960.0,212279,108010,226202,-118192,397301,0.5
1900-01-22 08:37:30,7953.5,345668,7954.0,710923,184562,613924,-429362,-365255,0.5
1900-01-22 08:37:45,7950.0,757054,7950.5,342062,36042,262664,-226622,414992,0.5
1900-01-22 08:38:00,7953.0,476306,7953.5,53024,259004,25050,233954,423282,0.5
1900-01-22 08:38:15,7953.0,919399,7953.5,173056,242500,77240,165260,746343,0.5
1900-01-22 08:38:30,7954.5,1057906,7955.0,16347,409226,20300,388926,1041559,0.5
1900-01-22 08:38:45,7957.5,143840,7958.0,1097930,54826,147998,-93172,-954090,0.5
1900-01-22 08:39:00,7958.0,1140292,7958.5,1361,71656,80000,-8344,1138931,0.5
1900-01-22 08:39:15,7964.5,90182,7965.0,1253771,36576,31194,5382,-1163589,0.5
1900-01-22 08:39:30,7963.5,14492,7964.0,1060647,2486,113838,-111352,-1046155,0.5
1900-01-22 08:39:45,7963.5,192062,7964.0,1094532,45428,140162,-94734,-902470,0.5
1900-01-22 08:40:00,7963.5,447439,7964.0,102229,43028,600,42428,345210,0.5
1900-01-22 08:40:15,7964.0,683153,7964.5,13748,93452,15674,77778,669405,0.5
1900-01-22 08:40:30,7970.5,76091,7971.0,1103306,103770,11200,92570,-1027215,0.5
1900-01-22 08:40:45,7970.5,240701,7971.0,901161,78560,84920,-6360,-660460,0.5
1900-01-22 08:41:00,7970.0,5384,7970.5,204151,3496,77520,-74024,-198767,0.5
1900-01-22 08:41:15,7966.5,578857,7967.0,185206,610,117224,-116614,393651,0.5
1900-01-22 08:41:30,7965.0,5067,7965.5,1080438,10232,77294,-67062,-1075371,0.5
1900-01-22 08:41:45,7963.0,24183,7963.5,901791,20094,51870,-31776,-877608,0.5
1900-01-22 08:42:00,7959.5,4204,7960.0,818715,4574,87470,-82896,-814511,0.5
1900-01-22 08:42:15,7959.0,65234,7959.5,811257,15446,17806,-2360,-746023,0.5
1900-01-22 08:42:30,7958.0,479332,7958.5,902368,11546,204392,-192846,-423036,0.5
1900-01-22 08:42:45,7958.0,721610,7958.5,444900,15744,44212,-28468,276710,0.5
1900-01-22 08:43:00,7955.5,107882,7956.0,520086,938,135796,-134858,-412204,0.5
1900-01-22 08:43:15,7957.5,157678,7958.0,834205,30204,77444,-47240,-676527,0.5
1900-01-22 08:43:30,7956.5,315992,7957.0,814766,224764,10614,214150,-498774,0.5
1900-01-22 08:43:45,7953.0,34159,7953.5,1067574,1204,155074,-153870,-1033415,0.5
1900-01-22 08:44:00,7950.5,86083,7951.0,915063,12080,123132,-111052,-828980,0.5
1900-01-22 08:44:15,7948.5,132341,7949.0,675282,81084,404504,-323420,-542941,0.5
1900-01-22 08:44:30,7952.5,311232,7953.0,869644,182634,376426,-193792,-558412,0.5
1900-01-22 08:44:45,7952.5,16172,7953.0,1085480,56400,114828,-58428,-1069308,0.5
1900-01-22 08:45:00,7949.5,122689,7950.0,2384966,61474,75054,-13580,-2262277,0.5
1900-01-22 08:45:15,7948.5,182493,7949.0,612789,22158,94026,-71868,-430296,0.5
1900-01-22 08:45:30,7947.0,229782,7947.5,923061,12184,274278,-262094,-693279,0.5
1900-01-22 08:45:45,7948.0,1018687,7948.5,128567,116636,1121064,-1004428,890120,0.5
1900-01-22 08:46:00,7944.5,314961,7945.0,645287,101196,179712,-78516,-330326,0.5
1900-01-22 08:46:15,7944.5,817513,7945.0,462702,171658,123392,48266,354811,0.5
1900-01-22 08:46:30,7946.5,651231,7947.0,243467,75160,44720,30440,407764,0.5
1900-01-22 08:46:45,7947.0,1180198,7947.5,51547,295158,6214,288944,1128651,0.5
1900-01-22 08:47:00,7947.5,1253882,7948.0,90392,147252,58,147194,1163490,0.5
1900-01-22 08:47:15,7950.5,899821,7951.0,53266,144842,962,143880,846555,0.5
1900-01-22 08:47:30,7952.0,517521,7952.5,260756,152464,4000,148464,256765,0.5
1900-01-22 08:47:45,7952.0,758871,7952.5,14757,192582,8076,184506,744114,0.5
1900-01-22 08:48:00,7953.5,932403,7954.0,6254,82682,14232,68450,926149,0.5
1900-01-22 08:48:15,7954.0,770800,7954.5,174079,25558,22900,2658,596721,0.5
1900-01-22 08:48:30,7954.0,925149,7954.5,56620,26182,2500,23682,868529,0.5
1900-01-22 08:48:45,7954.5,976992,7955.0,477780,72328,100,72228,499212,0.5
1900-01-22 08:49:00,7955.0,625501,7955.5,713932,39730,15692,24038,-88431,0.5
1900-01-22 08:49:15,7955.5,1238402,7956.0,59415,64964,462,64502,1178987,0.5
1900-01-22 08:49:30,7959.5,462996,7960.0,263444,145314,23968,121346,199552,0.5
1900-01-22 08:49:45,7960.0,887776,7960.5,12009,224628,500,224128,875767,0.5
1900-01-22 08:50:00,7966.5,708286,7967.0,702053,57070,90396,-33326,6233,0.5
1900-01-22 08:50:15,7965.0,99884,7965.5,160090,140310,297308,-156998,-60206,0.5
1900-01-22 08:50:30,7964.5,33393,7965.0,988604,25380,396936,-371556,-955211,0.5
1900-01-22 08:50:45,7964.5,333268,7965.0,654963,50888,124452,-73564,-321695,0.5
1900-01-22 08:51:00,7969.5,1251525,7970.0,509741,1919760,11184,1908576,741784,0.5
1900-01-22 08:51:15,7971.5,459543,7972.0,25652,965454,3050,962404,433891,0.5
1900-01-22 08:51:30,7971.5,455095,7972.0,562804,270528,82450,188078,-107709,0.5
1900-01-22 08:51:45,7971.5,314552,7972.0,1141146,500,95988,-95488,-826594,0.5
1900-01-22 08:52:00,7970.5,195539,7971.0,802177,8410,35752,-27342,-606638,0.5
1900-01-22 08:52:15,7966.0,60355,7966.5,33670,5000,468390,-463390,26685,0.5
1900-01-22 08:52:30,7965.5,1180,7966.0,772545,680,647776,-647096,-771365,0.5
1900-01-22 08:52:45,7965.0,689131,7965.5,169755,4086,11358,-7272,519376,0.5
1900-01-22 08:53:00,7966.5,601499,7967.0,71174,56660,15948,40712,530325,0.5
1900-01-22 08:53:15,7967.0,876919,7967.5,4388,73316,13278,60038,872531,0.5
1900-01-22 08:53:30,7968.0,997947,7968.5,8512,10744,2000,8744,989435,0.5
1900-01-22 08:53:45,7969.0,1005789,7969.5,3882,11480,9000,2480,1001907,0.5
1900-01-22 08:54:00,7970.0,1018195,7970.5,230089,480238,92304,387934,788106,0.5
1900-01-22 08:54:15,7970.0,354299,7970.5,799291,130522,61844,68678,-444992,0.5
1900-01-22 08:54:30,7969.0,117212,7969.5,698042,10418,130158,-119740,-580830,0.5
1900-01-22 08:54:45,7969.0,264637,7969.5,582496,700,16852,-16152,-317859,0.5
1900-01-22 08:55:00,7969.0,152576,7969.5,724973,130746,224008,-93262,-572397,0.5
1900-01-22 08:55:15,7966.0,858814,7966.5,274143,207410,216446,-9036,584671,0.5
1900-01-22 08:55:30,7977.0,440789,7977.5,35649,1989900,14866,1975034,405140,0.5
1900-01-22 08:55:45,7980.0,408522,7980.5,634711,361874,226978,134896,-226189,0.5
1900-01-22 08:56:00,7980.0,215632,7980.5,1179265,19504,281164,-261660,-963633,0.5
1900-01-22 08:56:15,7975.5,844019,7976.0,399562,14982,325782,-310800,444457,0.5
1900-01-22 08:56:30,7975.5,336303,7976.0,1060901,116,180192,-180076,-724598,0.5
1900-01-22 08:56:45,7972.0,478415,7972.5,640640,10600,379194,-368594,-162225,0.5
1900-01-22 08:57:00,7969.5,1993,7970.0,1288955,976,52330,-51354,-1286962,0.5
1900-01-22 08:57:15,7965.5,536930,7966.0,1116182,8016,92226,-84210,-579252,0.5
1900-01-22 08:57:30,7965.5,752359,7966.0,836118,24,206902,-206878,-83759,0.5
1900-01-22 08:57:45,7965.5,990311,7966.0,712743,19116,11022,8094,277568,0.5
1900-01-22 08:58:00,7965.5,125021,7966.0,977002,150066,39250,110816,-851981,0.5
1900-01-22 08:58:15,7964.5,15466,7965.0,867079,17776,22768,-4992,-851613,0.5
1900-01-22 08:58:30,7962.0,29305,7962.5,766540,10400,83798,-73398,-737235,0.5
1900-01-22 08:58:45,7961.5,258317,7962.0,792835,20056,90574,-70518,-534518,0.5
1900-01-22 08:59:00,7961.0,82072,7961.5,801839,7064,7482,-418,-719767,0.5
1900-01-22 08:59:15,7961.0,86073,7961.5,848485,23500,21102,2398,-762412,0.5
1900-01-22 08:59:30,7961.0,68300,7961.5,745269,35252,42086,-6834,-676969,0.5
1900-01-22 08:59:45,7960.0,106967,7960.5,876869,128422,111760,16662,-769902,0.5
1900-01-22 09:00:00,7960.0,119352,7960.5,972190,21910,81284,-59374,-852838,0.5
1900-01-22 09:00:15,7959.0,242368,7959.5,699920,26294,160528,-134234,-457552,0.5
1900-01-22 09:00:30,7953.5,59329,7954.0,437871,43478,381972,-338494,-378542,0.5
1900-01-22 09:00:45,7955.5,254594,7956.0,141,208422,43336,165086,254453,0.5
1900-01-22 09:01:00,7959.0,700583,7959.5,448268,206994,89774,117220,252315,0.5
1900-01-22 09:01:15,7959.0,631435,7959.5,159296,37824,117066,-79242,472139,0.5
1900-01-22 09:01:30,7959.5,123891,7960.0,683415,79762,79774,-12,-559524,0.5
1900-01-22 09:01:45,7959.0,591022,7959.5,389275,1800,59294,-57494,201747,0.5
1900-01-22 09:02:00,7955.5,613804,7956.0,328122,4334,69554,-65220,285682,0.5
1900-01-22 09:02:15,7956.0,820037,7956.5,7226,80394,10002,70392,812811,0.5
1900-01-22 09:02:30,7958.0,712383,7958.5,13551,494266,2380,491886,698832,0.5
1900-01-22 09:02:45,7959.5,761203,7960.0,73494,14492,71452,-56960,687709,0.5
1900-01-22 09:03:00,7960.0,743863,7960.5,260897,37572,300,37272,482966,0.5
1900-01-22 09:03:15,7960.5,938037,7961.0,245437,18156,1002,17154,692600,0.5
1900-01-22 09:03:30,7961.5,816519,7962.0,21855,35092,20,35072,794664,0.5
1900-01-22 09:03:45,7969.5,262665,7970.0,452105,67042,1022,66020,-189440,0.5
1900-01-22 09:04:00,7969.5,290160,7970.0,616634,92700,29778,62922,-326474,0.5
1900-01-22 09:04:15,7969.5,297514,7970.0,636266,96000,47600,48400,-338752,0.5
1900-01-22 09:04:30,7972.5,329954,7973.0,629999,213564,33602,179962,-300045,0.5
1900-01-22 09:04:45,7972.0,404203,7972.5,605255,103146,274666,-171520,-201052,0.5
1900-01-22 09:05:00,7967.5,4942,7968.0,743475,14106,82996,-68890,-738533,0.5
1900-01-22 09:05:15,7967.0,23261,7967.5,840701,7648,145006,-137358,-817440,0.5
1900-01-22 09:05:30,7966.0,294397,7966.5,635691,7648,373790,-366142,-341294,0.5
1900-01-22 09:05:45,7966.0,464345,7966.5,460070,100,41202,-41102,4275,0.5
1900-01-22 09:06:00,7966.5,907022,7967.0,139003,88500,4482,84018,768019,0.5
1900-01-22 09:06:15,7967.0,646837,7967.5,3181,48166,3244,44922,643656,0.5
1900-01-22 09:06:30,7966.0,39066,7966.5,1127812,4544,243702,-239158,-1088746,0.5
1900-01-22 09:06:45,7956.0,1017375,7956.5,26265,47292,238008,-190716,991110,0.5
1900-01-22 09:07:00,7956.0,991460,7956.5,73494,504322,16462,487860,917966,0.5
1900-01-22 09:07:15,7958.0,15935,7958.5,1067232,18570,133992,-115422,-1051297,0.5
1900-01-22 09:07:30,7958.0,294803,7958.5,728471,24102,72592,-48490,-433668,0.5
1900-01-22 09:07:45,7958.0,1159458,7958.5,141671,99508,11800,87708,1017787,0.5
1900-01-22 09:08:00,7958.0,787177,7958.5,317074,32330,10484,21846,470103,0.5
1900-01-22 09:08:15,7958.0,880746,7958.5,51097,58518,1000,57518,829649,0.5
1900-01-22 09:08:30,7964.5,643915,7965.0,188395,173910,78,173832,455520,0.5
1900-01-22 09:08:45,7964.5,715381,7965.0,50730,10402,43300,-32898,664651,0.5
1900-01-22 09:09:00,7964.5,856872,7965.0,118828,47078,5000,42078,738044,0.5
1900-01-22 09:09:15,7966.0,614380,7966.5,194859,26516,2038,24478,419521,0.5
1900-01-22 09:09:30,7966.0,341788,7966.5,492123,8170,34632,-26462,-150335,0.5
1900-01-22 09:09:45,7966.5,835947,7967.0,63192,121578,95994,25584,772755,0.5
1900-01-22 09:10:00,7968.5,939995,7969.0,127423,99784,8002,91782,812572,0.5
1900-01-22 09:10:15,7969.0,771970,7969.5,107579,220960,10010,210950,664391,0.5
1900-01-22 09:10:30,7969.0,1197019,7969.5,91244,142660,15118,127542,1105775,0.5
1900-01-22 09:10:45,7969.5,683496,7970.0,527,96372,27224,69148,682969,0.5
1900-01-22 09:11:00,7979.5,630331,7980.0,438188,390328,20262,370066,192143,0.5
1900-01-22 09:11:15,7979.5,515813,7980.0,726651,315206,94266,220940,-210838,0.5
1900-01-22 09:11:30,7976.0,233825,7976.5,531911,17174,475146,-457972,-298086,0.5
1900-01-22 09:11:45,7976.0,955039,7976.5,231771,79346,32354,46992,723268,0.5
1900-01-22 09:12:00,7983.5,896906,7984.0,269668,437618,25334,412284,627238,0.5
1900-01-22 09:12:15,7989.5,1404776,7990.0,222862,210772,10460,200312,1181914,0.5
1900-01-22 09:12:30,7988.5,34628,7989.0,217865,844382,139096,705286,-183237,0.5
1900-01-22 09:12:45,7987.0,367455,7987.5,60687,179598,355394,-175796,306768,0.5
1900-01-22 09:13:00,7980.5,934680,7981.0,15835,185956,401456,-215500,918845,0.5
1900-01-22 09:13:15,7983.5,926365,7984.0,121396,79712,270056,-190344,804969,0.5
1900-01-22 09:13:30,7988.0,388349,7988.5,152523,168008,31522,136486,235826,0.5
1900-01-22 09:13:45,7979.5,117782,7980.0,606069,116720,445248,-328528,-488287,0.5
1900-01-22 09:14:00,7977.5,1137284,7978.0,120491,253246,69990,183256,1016793,0.5
1900-01-22 09:14:15,7984.0,1059594,7984.5,40978,175852,80184,95668,1018616,0.5
1900-01-22 09:14:30,7988.0,716502,7988.5,166686,43700,76486,-32786,549816,0.5
1900-01-22 09:14:45,7997.5,135935,7998.0,58363,482916,31768,451148,77572,0.5
1900-01-22 09:15:00,8006.0,65253,8006.5,20698,4328896,123652,4205244,44555,0.5
1900-01-22 09:15:15,8004.0,179158,8004.5,22573,974428,507036,467392,156585,0.5
1900-01-22 09:15:30,8011.0,85916,8011.5,453396,464736,141334,323402,-367480,0.5
1900-01-22 09:15:45,8003.5,9950,8004.0,43642,948892,2736966,-1788074,-33692,0.5
1900-01-22 09:16:00,8014.0,186843,8015.0,270417,378778,239936,138842,-83574,1.0
1900-01-22 09:16:15,8019.5,223398,8020.0,115625,1775952,239076,1536876,107773,0.5
1900-01-22 09:16:30,8017.0,266453,8017.5,756668,880708,657422,223286,-490215,0.5
1900-01-22 09:16:45,8022.5,393460,8023.0,194620,535184,422342,112842,198840,0.5
1900-01-22 09:17:00,8035.5,310798,8036.0,108887,1615252,220954,1394298,201911,0.5
1900-01-22 09:17:15,8026.5,171980,8027.0,617239,255024,915364,-660340,-445259,0.5
1900-01-22 09:17:30,8027.5,16246,8029.0,78213,482770,585816,-103046,-61967,1.5
1900-01-22 09:17:45,8020.5,97233,8021.0,50864,281386,307242,-25856,46369,0.5
1900-01-22 09:18:00,8026.5,430511,8027.0,688869,244426,83008,161418,-258358,0.5
1900-01-22 09:18:15,8020.0,40017,8020.5,250522,72160,647786,-575626,-210505,0.5
1900-01-22 09:18:30,8013.5,307367,8014.0,122943,32248,761292,-729044,184424,0.5
1900-01-22 09:18:45,8017.5,839085,8018.0,261873,164300,149066,15234,577212,0.5
1900-01-22 09:19:00,8014.0,4883,8014.5,150045,527460,642138,-114678,-145162,0.5
1900-01-22 09:19:15,8011.5,540174,8012.0,68562,146494,338488,-191994,471612,0.5
1900-01-22 09:19:30,8008.0,27784,8008.5,952419,327168,226018,101150,-924635,0.5
1900-01-22 09:19:45,8008.0,284036,8008.5,13423,62652,305708,-243056,270613,0.5
1900-01-22 09:20:00,8009.5,487600,8010.0,61461,514342,41504,472838,426139,0.5
1900-01-22 09:20:15,8012.0,816946,8012.5,27606,183026,138124,44902,789340,0.5
1900-01-22 09:20:30,8014.0,752713,8014.5,146566,385930,135564,250366,606147,0.5
1900-01-22 09:20:45,8018.5,818838,8019.0,4163,218450,228194,-9744,814675,0.5
1900-01-22 09:21:00,8019.5,9802,8020.0,951331,396204,268184,128020,-941529,0.5
1900-01-22 09:21:15,8019.5,5061,8020.0,965298,67486,138268,-70782,-960237,0.5
1900-01-22 09:21:30,8018.5,1186151,8019.0,71086,255532,88318,167214,1115065,0.5
1900-01-22 09:21:45,8019.5,349402,8020.0,95528,162948,93420,69528,253874,0.5
1900-01-22 09:22:00,8022.0,654378,8022.5,378111,324788,146542,178246,276267,0.5
1900-01-22 09:22:15,8024.5,598026,8025.0,372500,410108,106938,303170,225526,0.5
1900-01-22 09:22:30,8027.5,625967,8028.0,40266,241316,111490,129826,585701,0.5
1900-01-22 09:22:45,8030.5,692482,8031.0,28124,676952,37892,639060,664358,0.5
1900-01-22 09:23:00,8037.0,36032,8038.5,7339,515694,694526,-178832,28693,1.5
1900-01-22 09:23:15,8032.0,939467,8032.5,239744,377448,272336,105112,699723,0.5
1900-01-22 09:23:30,8039.0,825629,8039.5,88641,425218,160468,264750,736988,0.5
1900-01-22 09:23:45,8039.0,429998,8039.5,214235,769584,211328,558256,215763,0.5
1900-01-22 09:24:00,8033.5,30396,8034.0,469805,187804,234866,-47062,-439409,0.5
1900-01-22 09:24:15,8023.0,513725,8023.5,783286,116420,590486,-474066,-269561,0.5
1900-01-22 09:24:30,8028.0,489983,8028.5,553582,247558,228942,18616,-63599,0.5
1900-01-22 09:24:45,8023.0,566347,8023.5,381956,239120,367916,-128796,184391,0.5
1900-01-22 09:25:00,8020.5,17313,8021.0,813847,24224,202234,-178010,-796534,0.5
1900-01-22 09:25:15,8014.5,23614,8015.0,26487,111962,174712,-62750,-2873,0.5
1900-01-22 09:25:30,8011.0,535178,8011.5,397539,80608,537512,-456904,137639,0.5
1900-01-22 09:25:45,8015.0,712058,8015.5,35162,345096,97698,247398,676896,0.5
1900-01-22 09:26:00,8012.0,30927,8012.5,845969,123966,150756,-26790,-815042,0.5
1900-01-22 09:26:15,8010.5,99401,8011.0,379526,17286,93944,-76658,-280125,0.5
1900-01-22 09:26:30,7996.0,112356,7996.5,89368,3248,1002426,-999178,22988,0.5
1900-01-22 09:26:45,7999.5,247716,8000.0,174223,309534,530914,-221380,73493,0.5
1900-01-22 09:27:00,8014.5,76362,8015.0,72843,600588,29982,570606,3519,0.5
1900-01-22 09:27:15,8010.5,20727,8011.0,322929,241438,133226,108212,-302202,0.5
1900-01-22 09:27:30,7992.0,34227,7992.5,4332,202382,686304,-483922,29895,0.5
1900-01-22 09:27:45,7997.0,559,7997.5,9103,268154,226070,42084,-8544,0.5
1900-01-22 09:28:00,7995.5,342512,7996.0,3188,257590,933068,-675478,339324,0.5
1900-01-22 09:28:15,7995.5,57202,7996.0,953149,113682,252418,-138736,-895947,0.5
1900-01-22 09:28:30,7994.0,50007,7994.5,897206,315176,155046,160130,-847199,0.5
1900-01-22 09:28:45,7991.5,389033,7992.0,148380,493430,187622,305808,240653,0.5
1900-01-22 09:29:00,7993.5,506523,7994.0,82342,221388,30550,190838,424181,0.5
1900-01-22 09:29:15,7993.5,566424,7994.0,12429,285834,3380,282454,553995,0.5
1900-01-22 09:29:30,7997.5,509748,7998.0,183819,522380,91234,431146,325929,0.5
1900-01-22 09:29:45,8000.5,397965,8001.0,77173,263640,42166,221474,320792,0.5
1900-01-22 09:30:00,8002.0,504948,8002.5,545522,183482,30496,152986,-40574,0.5
1900-01-22 09:30:15,8002.5,732708,8003.0,110716,682868,82588,600280,621992,0.5
1900-01-22 09:30:30,8011.5,420107,8012.0,259912,549566,70358,479208,160195,0.5
1900-01-22 09:30:45,8011.5,295736,8012.0,679422,144060,46372,97688,-383686,0.5
1900-01-22 09:31:00,8008.5,632761,8009.0,400605,116672,778910,-662238,232156,0.5
1900-01-22 09:31:15,8008.0,5358,8008.5,1335607,3544,262080,-258536,-1330249,0.5
1900-01-22 09:31:30,8003.0,15233,8003.5,679189,2198,316180,-313982,-663956,0.5
1900-01-22 09:31:45,8001.0,172440,8001.5,706739,10004,443104,-433100,-534299,0.5
1900-01-22 09:32:00,8000.0,235612,8000.5,829668,6080,246022,-239942,-594056,0.5
1900-01-22 09:32:15,8000.0,46358,8000.5,892770,52306,385630,-333324,-846412,0.5
1900-01-22 09:32:30,7999.0,50612,7999.5,611978,122,155124,-155002,-561366,0.5
1900-01-22 09:32:45,7995.0,31133,7995.5,835977,13180,262566,-249386,-804844,0.5
1900-01-22 09:33:00,7990.0,348439,7990.5,1165925,85364,343720,-258356,-817486,0.5
1900-01-22 09:33:15,7988.5,103160,7989.0,438598,75950,767016,-691066,-335438,0.5
1900-01-22 09:33:30,7996.0,106415,7996.5,80863,378924,159240,219684,25552,0.5
1900-01-22 09:33:45,7990.0,484222,7990.5,53409,61500,93252,-31752,430813,0.5
1900-01-22 09:34:00,7988.5,587108,7989.0,268717,104194,94828,9366,318391,0.5
1900-01-22 09:34:15,7986.5,132943,7987.0,526290,43346,106632,-63286,-393347,0.5
1900-01-22 09:34:30,7978.0,3705,7978.5,19971,332,1171512,-1171180,-16266,0.5
1900-01-22 09:34:45,7977.5,691009,7978.0,23049,217288,1546554,-1329266,667960,0.5
1900-01-22 09:35:00,7977.5,159904,7978.0,332432,404564,346782,57782,-172528,0.5
1900-01-22 09:35:15,7976.0,12250,7976.5,395800,66194,500380,-434186,-383550,0.5
1900-01-22 09:35:30,7973.0,623192,7973.5,89779,95950,251160,-155210,533413,0.5
1900-01-22 09:35:45,7976.5,192510,7977.0,761444,300816,59734,241082,-568934,0.5
1900-01-22 09:36:00,7981.5,100,7982.0,13772,194926,195962,-1036,-13672,0.5
1900-01-22 09:36:15,7984.0,559890,7984.5,270184,607304,110480,496824,289706,0.5
1900-01-22 09:36:30,7984.5,398238,7985.0,592116,564490,6034,558456,-193878,0.5
1900-01-22 09:36:45,7986.5,649794,7987.0,95051,214612,37328,177284,554743,0.5
1900-01-22 09:37:00,7986.5,100787,7987.0,895426,257176,65836,191340,-794639,0.5
1900-01-22 09:37:15,7983.0,134677,7983.5,756221,7488,692004,-684516,-621544,0.5
1900-01-22 09:37:30,7977.5,86648,7978.0,515932,54652,456222,-401570,-429284,0.5
1900-01-22 09:37:45,7977.5,45459,7978.0,304155,21168,73786,-52618,-258696,0.5
1900-01-22 09:38:00,7976.5,417072,7977.0,358234,25836,57140,-31304,58838,0.5
1900-01-22 09:38:15,7976.5,13463,7977.0,927727,25722,266860,-241138,-914264,0.5
1900-01-22 09:38:30,7975.5,377262,7976.0,7048,224974,70276,154698,370214,0.5
1900-01-22 09:38:45,7979.5,304523,7980.0,946499,212512,17992,194520,-641976,0.5
1900-01-22 09:39:00,7983.0,1272181,7983.5,30352,522638,15364,507274,1241829,0.5
1900-01-22 09:39:15,7976.0,462985,7976.5,16155,496086,382972,113114,446830,0.5
1900-01-22 09:39:30,7972.0,1182107,7972.5,649936,169518,822526,-653008,532171,0.5
1900-01-22 09:39:45,7972.0,1257863,7972.5,411541,106922,10862,96060,846322,0.5
1900-01-22 09:40:00,7972.5,586479,7973.0,190484,322234,149156,173078,395995,0.5
1900-01-22 09:40:15,7976.0,288748,7976.5,595245,204096,160482,43614,-306497,0.5
1900-01-22 09:40:30,7975.5,755492,7976.0,228211,269916,650004,-380088,527281,0.5
1900-01-22 09:40:45,7976.5,1236301,7977.0,351757,817444,11080,806364,884544,0.5
1900-01-22 09:41:00,7978.0,823093,7978.5,63521,659706,2336,657370,759572,0.5
1900-01-22 09:41:15,7981.0,1150895,7981.5,1090,76902,21026,55876,1149805,0.5
1900-01-22 09:41:30,7987.5,394359,7988.0,2718,221114,83416,137698,391641,0.5
1900-01-22 09:41:45,7989.0,742420,7989.5,13048,248004,15600,232404,729372,0.5
1900-01-22 09:42:00,7997.0,471699,7997.5,219515,454154,169376,284778,252184,0.5
1900-01-22 09:42:15,7997.0,552774,7997.5,438950,174962,285646,-110684,113824,0.5
1900-01-22 09:42:30,7997.0,253132,7997.5,254011,128370,62622,65748,-879,0.5
1900-01-22 09:42:45,7997.5,904216,7998.0,31249,169486,138696,30790,872967,0.5
1900-01-22 09:43:00,7997.5,1007325,7998.0,3331,56526,77152,-20626,1003994,0.5
1900-01-22 09:43:15,8004.0,438381,8004.5,15768,408770,112316,296454,422613,0.5
1900-01-22 09:43:30,8004.0,303760,8004.5,116876,29820,43922,-14102,186884,0.5
1900-01-22 09:43:45,7997.5,1117366,7998.0,71040,225540,200648,24892,1046326,0.5
1900-01-22 09:44:00,8003.5,311730,8004.0,342713,272506,44762,227744,-30983,0.5
1900-01-22 09:44:15,8003.5,820360,8004.0,666832,27860,70180,-42320,153528,0.5
1900-01-22 09:44:30,8003.5,1246414,8004.0,93823,259428,79292,180136,1152591,0.5
1900-01-22 09:44:45,8005.0,985903,8005.5,82541,198920,8020,190900,903362,0.5
1900-01-22 09:45:00,8003.5,464538,8004.0,777339,44988,236706,-191718,-312801,0.5
1900-01-22 09:45:15,8000.0,35246,8003.0,7000,40120,871850,-831730,28246,3.0
1900-01-22 09:45:30,7990.0,22645,7990.5,77040,4744,262838,-258094,-54395,0.5
1900-01-22 09:45:45,7999.5,820613,8000.0,44100,162750,319382,-156632,776513,0.5
1900-01-22 09:46:00,7999.0,285167,7999.5,710625,18732,273394,-254662,-425458,0.5
1900-01-22 09:46:15,7997.0,5759,7997.5,405578,4786,71636,-66850,-399819,0.5
1900-01-22 09:46:30,7991.0,624805,7991.5,26312,35426,140692,-105266,598493,0.5
1900-01-22 09:46:45,7990.5,286168,7991.0,718850,18294,147572,-129278,-432682,0.5
1900-01-22 09:47:00,7989.0,149093,7989.5,790007,1322,419106,-417784,-640914,0.5
1900-01-22 09:47:15,7986.0,567479,7986.5,230653,187196,224944,-37748,336826,0.5
1900-01-22 09:47:30,7988.5,627675,7989.0,575920,382340,116292,266048,51755,0.5
1900-01-22 09:47:45,7988.5,452263,7989.0,348281,217480,65974,151506,103982,0.5
1900-01-22 09:48:00,7991.0,413945,7991.5,811241,144974,19532,125442,-397296,0.5
1900-01-22 09:48:15,7991.0,64897,7991.5,164939,54836,52276,2560,-100042,0.5
1900-01-22 09:48:30,7987.0,523484,7987.5,468287,28286,140108,-111822,55197,0.5
1900-01-22 09:48:45,7987.0,5219,7987.5,884680,13860,118926,-105066,-879461,0.5
1900-01-22 09:49:00,7984.0,6469,7984.5,90054,36982,201570,-164588,-83585,0.5
1900-01-22 09:49:15,7983.0,665065,7983.5,348087,112546,220574,-108028,316978,0.5
1900-01-22 09:49:30,7983.0,692324,7983.5,367345,65046,4720,60326,324979,0.5
1900-01-22 09:49:45,7983.0,688068,7983.5,359258,64556,66460,-1904,328810,0.5
1900-01-22 09:50:00,7992.5,545696,7993.0,481865,125480,11662,113818,63831,0.5
1900-01-22 09:50:15,7997.5,438317,7998.0,886674,330424,16130,314294,-448357,0.5
1900-01-22 09:50:30,7997.5,85598,7998.0,1045892,65582,172280,-106698,-960294,0.5
1900-01-22 09:50:45,7997.5,648050,7998.0,315917,363810,26072,337738,332133,0.5
1900-01-22 09:51:00,7997.5,249027,7998.0,720961,50870,59570,-8700,-471934,0.5
1900-01-22 09:51:15,7997.5,239162,7998.0,804753,31242,51942,-20700,-565591,0.5
1900-01-22 09:51:30,7993.0,850280,7993.5,639005,4500,291100,-286600,211275,0.5
1900-01-22 09:51:45,7992.5,7079,7993.0,645843,35294,59948,-24654,-638764,0.5
1900-01-22 09:52:00,7995.0,61,7995.5,233371,29740,158176,-128436,-233310,0.5
1900-01-22 09:52:15,7995.0,390199,7995.5,733654,66692,128388,-61696,-343455,0.5
1900-01-22 09:52:30,7995.0,596696,7995.5,242060,65800,37068,28732,354636,0.5
1900-01-22 09:52:45,7995.0,803267,7995.5,38204,148368,20404,127964,765063,0.5
1900-01-22 09:53:00,7996.5,344583,7997.0,728662,89216,2202,87014,-384079,0.5
1900-01-22 09:53:15,7997.0,914921,7997.5,589329,79520,10640,68880,325592,0.5
1900-01-22 09:53:30,8000.5,876121,8001.0,84825,369866,416,369450,791296,0.5
1900-01-22 09:53:45,8006.0,832996,8007.5,44080,562214,3810,558404,788916,1.5
1900-01-22 09:54:00,8007.5,41243,8008.0,804794,155002,199672,-44670,-763551,0.5
1900-01-22 09:54:15,8005.0,11663,8005.5,330610,22050,219784,-197734,-318947,0.5
1900-01-22 09:54:30,8001.0,1188033,8001.5,39048,42724,62848,-20124,1148985,0.5
1900-01-22 09:54:45,8001.0,1193936,8001.5,13283,52878,231724,-178846,1180653,0.5
1900-01-22 09:55:00,8005.5,520120,8006.0,22501,42398,73412,-31014,497619,0.5
1900-01-22 09:55:15,8008.5,446362,8009.0,9271,86808,10382,76426,437091,0.5
1900-01-22 09:55:30,8008.5,4478,8009.0,611386,88598,68214,20384,-606908,0.5
1900-01-22 09:55:45,8008.5,613082,8009.0,137308,169252,29796,139456,475774,0.5
1900-01-22 09:56:00,8009.0,322393,8009.5,731484,92000,14956,77044,-409091,0.5
1900-01-22 09:56:15,8009.0,181790,8009.5,802131,41610,240156,-198546,-620341,0.5
1900-01-22 09:56:30,8009.0,180276,8009.5,876466,28618,109596,-80978,-696190,0.5
1900-01-22 09:56:45,8005.0,22786,8005.5,772334,19940,267394,-247454,-749548,0.5
1900-01-22 09:57:00,8002.0,57649,8002.5,956094,250,38138,-37888,-898445,0.5
1900-01-22 09:57:15,7998.5,2749,7999.0,706037,6420,569756,-563336,-703288,0.5
1900-01-22 09:57:30,7998.5,528504,7999.0,437727,17168,130704,-113536,90777,0.5
1900-01-22 09:57:45,7998.5,72734,7999.0,908695,85774,13672,72102,-835961,0.5
1900-01-22 09:58:00,7996.0,318715,7996.5,447592,118136,223344,-105208,-128877,0.5
1900-01-22 09:58:15,7995.5,104986,7996.0,882499,322002,127234,194768,-777513,0.5
1900-01-22 09:58:30,7995.5,20047,7996.0,971933,108428,169356,-60928,-951886,0.5
1900-01-22 09:58:45,7995.5,15946,7996.0,1162803,292,26552,-26260,-1146857,0.5
1900-01-22 09:59:00,7990.5,379167,7991.0,287734,39584,64854,-25270,91433,0.5
1900-01-22 09:59:15,7993.5,413013,7994.0,321883,238382,527086,-288704,91130,0.5
1900-01-22 09:59:30,7993.5,684231,7994.0,149158,92328,24258,68070,535073,0.5
1900-01-22 09:59:45,7996.0,563512,7996.5,116480,190510,93306,97204,447032,0.5
1900-01-22 10:00:00,7996.0,777006,7996.5,45571,67496,9906,57590,731435,0.5
1900-01-22 10:00:15,8000.0,66899,8000.5,937590,41278,124630,-83352,-870691,0.5
1900-01-22 10:00:30,8001.5,467863,8002.0,325088,51898,69330,-17432,142775,0.5
1900-01-22 10:00:45,8001.5,755379,8002.0,454179,12078,25474,-13396,301200,0.5
1900-01-22 10:01:00,8000.5,56,8001.0,681185,27892,70700,-42808,-681129,0.5
1900-01-22 10:01:15,7997.0,54356,7997.5,1122940,10314,175568,-165254,-1068584,0.5
1900-01-22 10:01:30,7993.0,58699,7993.5,1073359,2004,220592,-218588,-1014660,0.5
1900-01-22 10:01:45,7990.0,272900,7990.5,217884,52804,32330,20474,55016,0.5
1900-01-22 10:02:00,7991.5,1447453,7992.0,8414,93062,131088,-38026,1439039,0.5
1900-01-22 10:02:15,7994.5,102,7995.0,467358,128232,40598,87634,-467256,0.5
1900-01-22 10:02:30,7994.5,120234,7995.0,1057542,6644,73780,-67136,-937308,0.5
1900-01-22 10:02:45,7994.0,519080,7994.5,958298,27264,735308,-708044,-439218,0.5
1900-01-22 10:03:00,7994.0,82104,7994.5,1341978,102324,727948,-625624,-1259874,0.5
1900-01-22 10:03:15,7992.0,408088,7992.5,834305,16142,257352,-241210,-426217,0.5
1900-01-22 10:03:30,7992.0,303717,7992.5,1256481,7148,780500,-773352,-952764,0.5
1900-01-22 10:03:45,7992.0,52221,7992.5,1510409,1000,544612,-543612,-1458188,0.5
1900-01-22 10:04:00,7990.5,10000,7991.0,815604,104840,192290,-87450,-805604,0.5
1900-01-22 10:04:15,7988.5,23989,7989.0,806905,30974,49834,-18860,-782916,0.5
1900-01-22 10:04:30,7988.0,481264,7988.5,334640,69002,27336,41666,146624,0.5
1900-01-22 10:04:45,7988.0,447161,7988.5,875688,70080,14454,55626,-428527,0.5
1900-01-22 10:05:00,7987.5,19592,7988.0,728322,24154,39878,-15724,-708730,0.5
1900-01-22 10:05:15,7986.0,95061,7986.5,365390,62106,40844,21262,-270329,0.5
1900-01-22 10:05:30,7984.0,28496,7984.5,1469469,23458,129320,-105862,-1440973,0.5
1900-01-22 10:05:45,7981.5,101703,7982.0,871934,1600,198780,-197180,-770231,0.5
1900-01-22 10:06:00,7976.0,1214,7976.5,701154,70924,386726,-315802,-699940,0.5
1900-01-22 10:06:15,7973.5,6796,7975.5,90102,186762,370394,-183632,-83306,2.0
1900-01-22 10:06:30,7979.5,31497,7980.0,1417599,322182,159180,163002,-1386102,0.5
1900-01-22 10:06:45,7977.0,114684,7977.5,905856,85560,29212,56348,-791172,0.5
1900-01-22 10:07:00,7975.5,306466,7976.0,410272,42730,24514,18216,-103806,0.5
1900-01-22 10:07:15,7975.0,33213,7975.5,770417,20382,104490,-84108,-737204,0.5
1900-01-22 10:07:30,7974.5,17009,7975.0,941816,85058,194436,-109378,-924807,0.5
1900-01-22 10:07:45,7971.0,507326,7971.5,968209,187492,131448,56044,-460883,0.5
1900-01-22 10:08:00,7966.0,24705,7967.0,15000,1002,1352362,-1351360,9705,1.0
1900-01-22 10:08:15,7953.5,121585,7954.0,12000,116652,2221882,-2105230,109585,0.5
1900-01-22 10:08:30,7955.0,319338,7955.5,1159173,344562,1577392,-1232830,-839835,0.5
1900-01-22 10:08:45,7937.5,32336,7938.0,10000,151998,1232020,-1080022,22336,0.5
1900-01-22 10:09:00,7945.0,287914,7945.5,21092,1974892,827650,1147242,266822,0.5
1900-01-22 10:09:15,7955.5,85604,7956.0,1046022,808338,164002,644336,-960418,0.5
1900-01-22 10:09:30,7954.5,192552,7955.0,118244,595234,300964,294270,74308,0.5
1900-01-22 10:09:45,7948.0,260414,7948.5,165848,257856,361446,-103590,94566,0.5
1900-01-22 10:10:00,7945.0,90398,7945.5,104974,89450,526186,-436736,-14576,0.5
1900-01-22 10:10:15,7940.0,44537,7940.5,1340006,41890,417924,-376034,-1295469,0.5
1900-01-22 10:10:30,7929.0,26865,7930.0,2000,216014,1310340,-1094326,24865,1.0
1900-01-22 10:10:45,7940.0,6000,7942.5,12995,1411440,100512,1310928,-6995,2.5
1900-01-22 10:11:00,7944.0,34881,7944.5,40410,1689280,240684,1448596,-5529,0.5
1900-01-22 10:11:15,7944.0,83939,7944.5,116579,223488,404180,-180692,-32640,0.5
1900-01-22 10:11:30,7951.0,198725,7951.5,1350678,686542,33460,653082,-1151953,0.5
1900-01-22 10:11:45,7951.0,526176,7951.5,313025,427930,45050,382880,213151,0.5
1900-01-22 10:12:00,7949.0,4020,7949.5,1792272,221798,120754,101044,-1788252,0.5
1900-01-22 10:12:15,7938.0,225476,7938.5,446801,51840,242986,-191146,-221325,0.5
1900-01-22 10:12:30,7949.0,521685,7949.5,419763,1516556,55940,1460616,101922,0.5
1900-01-22 10:12:45,7951.5,95023,7952.0,129388,345218,117504,227714,-34365,0.5
1900-01-22 10:13:00,7955.5,983571,7956.0,104352,883032,69976,813056,879219,0.5
1900-01-22 10:13:15,7959.5,204075,7960.0,552201,623966,148120,475846,-348126,0.5
1900-01-22 10:13:30,7955.5,9832,7956.0,800024,257292,147026,110266,-790192,0.5
1900-01-22 10:13:45,7952.5,636064,7953.0,920146,91876,91532,344,-284082,0.5
1900-01-22 10:14:00,7950.0,788974,7950.5,429227,203596,216550,-12954,359747,0.5
1900-01-22 10:14:15,7945.0,47545,7945.5,568412,92536,183904,-91368,-520867,0.5
1900-01-22 10:14:30,7941.0,864276,7941.5,267758,58366,452938,-394572,596518,0.5
1900-01-22 10:14:45,7945.5,473760,7946.0,20386,303070,346898,-43828,453374,0.5
1900-01-22 10:15:00,7936.0,89579,7936.5,204346,49080,321136,-272056,-114767,0.5
1900-01-22 10:15:15,7940.0,676081,7940.5,50439,203690,82610,121080,625642,0.5
1900-01-22 10:15:30,7936.5,779809,7937.0,534076,33740,1318242,-1284502,245733,0.5
1900-01-22 10:15:45,7935.5,25000,7936.0,76550,350170,2244338,-1894168,-51550,0.5
1900-01-22 10:16:00,7930.5,192977,7931.0,261376,190244,1486840,-1296596,-68399,0.5
1900-01-22 10:16:15,7920.0,334573,7920.5,103226,21964,2672096,-2650132,231347,0.5
1900-01-22 10:16:30,7932.0,71428,7932.5,2232564,686470,1044630,-358160,-2161136,0.5
1900-01-22 10:16:45,7926.0,131750,7926.5,416650,251778,275964,-24186,-284900,0.5
1900-01-22 10:17:00,7931.5,567026,7932.0,6455,984036,98600,885436,560571,0.5
1900-01-22 10:17:15,7937.5,26050,7938.0,469139,2161624,18642,2142982,-443089,0.5
1900-01-22 10:17:30,7937.5,518253,7938.0,211656,402214,20876,381338,306597,0.5
1900-01-22 10:17:45,7939.5,338180,7940.0,515811,73914,24810,49104,-177631,0.5
1900-01-22 10:18:00,7939.5,739668,7940.0,453904,69008,13274,55734,285764,0.5
1900-01-22 10:18:15,7940.5,1052612,7941.0,171244,444642,17646,426996,881368,0.5
1900-01-22 10:18:30,7944.0,900122,7944.5,436473,2236524,18676,2217848,463649,0.5
1900-01-22 10:18:45,7944.0,778826,7944.5,16089,293192,302,292890,762737,0.5
1900-01-22 10:19:00,7948.0,503066,7948.5,12636,364502,30648,333854,490430,0.5
1900-01-22 10:19:15,7946.5,99620,7947.0,284998,1421462,112332,1309130,-185378,0.5
1900-01-22 10:19:30,7942.5,6047,7943.0,543671,240600,603500,-362900,-537624,0.5
1900-01-22 10:19:45,7941.0,486121,7941.5,326644,180592,221748,-41156,159477,0.5
1900-01-22 10:20:00,7941.5,479928,7942.0,14697,43644,10930,32714,465231,0.5
1900-01-22 10:20:15,7945.5,269660,7946.0,73080,134946,346,134600,196580,0.5
1900-01-22 10:20:30,7948.5,600694,7949.0,174851,315540,21254,294286,425843,0.5
1900-01-22 10:20:45,7952.0,495900,7952.5,37793,156988,88396,68592,458107,0.5
1900-01-22 10:21:00,7948.5,64908,7949.0,487915,204980,226230,-21250,-423007,0.5
1900-01-22 10:21:15,7948.5,774448,7949.0,2782,78188,15918,62270,771666,0.5
1900-01-22 10:21:30,7951.0,405034,7951.5,727242,104826,25516,79310,-322208,0.5
1900-01-22 10:21:45,7951.0,658600,7951.5,190307,134486,26244,108242,468293,0.5
1900-01-22 10:22:00,7950.0,298412,7950.5,554332,56264,80590,-24326,-255920,0.5
1900-01-22 10:22:15,7947.5,6768,7948.0,29656,61056,122938,-61882,-22888,0.5
1900-01-22 10:22:30,7945.5,27737,7946.0,847867,5232,848776,-843544,-820130,0.5
1900-01-22 10:22:45,7943.0,50939,7943.5,307338,52428,749272,-696844,-256399,0.5
1900-01-22 10:23:00,7941.5,112097,7942.0,6448,34734,184578,-149844,105649,0.5
1900-01-22 10:23:15,7939.5,66609,7940.0,333839,60422,486656,-426234,-267230,0.5
1900-01-22 10:23:30,7937.5,282823,7938.0,932941,13830,230310,-216480,-650118,0.5
1900-01-22 10:23:45,7937.5,41956,7938.0,468802,70724,69096,1628,-426846,0.5
1900-01-22 10:24:00,7936.0,517118,7936.5,166235,104546,103646,900,350883,0.5
1900-01-22 10:24:15,7940.5,727458,7941.0,49324,287826,28892,258934,678134,0.5
1900-01-22 10:24:30,7944.5,238042,7945.0,1171973,165122,324356,-159234,-933931,0.5
1900-01-22 10:24:45,7939.5,648,7940.0,614879,22704,408686,-385982,-614231,0.5
1900-01-22 10:25:00,7933.5,104822,7934.0,418969,18234,346390,-328156,-314147,0.5
1900-01-22 10:25:15,7923.5,48574,7924.0,46007,186262,1113256,-926994,2567,0.5
1900-01-22 10:25:30,7929.0,435778,7929.5,45868,359880,320110,39770,389910,0.5
1900-01-22 10:25:45,7925.5,66180,7926.0,388522,167630,194602,-26972,-322342,0.5
1900-01-22 10:26:00,7925.5,209200,7926.0,188486,608226,297398,310828,20714,0.5
1900-01-22 10:26:15,7920.0,135733,7920.5,1082096,118514,439612,-321098,-946363,0.5
1900-01-22 10:26:30,7920.0,584548,7920.5,34602,264856,560296,-295440,549946,0.5
1900-01-22 10:26:45,7928.5,806415,7929.0,268686,1290920,67064,1223856,537729,0.5
1900-01-22 10:27:00,7933.5,808802,7934.0,475274,229098,54864,174234,333528,0.5
1900-01-22 10:27:15,7932.5,546897,7933.0,107954,300824,871256,-570432,438943,0.5
1900-01-22 10:27:30,7936.0,524640,7936.5,486810,164498,58154,106344,37830,0.5
1900-01-22 10:27:45,7932.0,532015,7932.5,317422,214440,51720,162720,214593,0.5
1900-01-22 10:28:00,7936.0,660098,7936.5,132992,116052,69980,46072,527106,0.5
1900-01-22 10:28:15,7936.0,562692,7936.5,57321,316800,307806,8994,505371,0.5
1900-01-22 10:28:30,7938.0,885058,7938.5,44993,148902,2676,146226,840065,0.5
1900-01-22 10:28:45,7940.5,1709250,7941.0,484799,145530,98698,46832,1224451,0.5
1900-01-22 10:29:00,7941.5,1144042,7942.0,81717,101536,18958,82578,1062325,0.5
1900-01-22 10:29:15,7941.5,687102,7942.0,429973,82648,64958,17690,257129,0.5
1900-01-22 10:29:30,7936.0,408338,7936.5,255086,24746,1022688,-997942,153252,0.5
1900-01-22 10:29:45,7935.5,1155,7936.0,1164164,15330,218848,-203518,-1163009,0.5
1900-01-22 10:30:00,7931.0,637029,7931.5,598126,23078,94642,-71564,38903,0.5
1900-01-22 10:30:15,7931.0,193905,7931.5,1157728,20602,167022,-146420,-963823,0.5
1900-01-22 10:30:30,7924.5,49155,7925.0,121102,17740,1715076,-1697336,-71947,0.5
1900-01-22 10:30:45,7923.0,23114,7924.0,4067,248624,448670,-200046,19047,1.0
1900-01-22 10:31:00,7925.0,412913,7925.5,571756,668188,43558,624630,-158843,0.5
1900-01-22 10:31:15,7923.0,34171,7923.5,879399,306754,86284,220470,-845228,0.5
1900-01-22 10:31:30,7912.5,1483322,7913.0,69509,232000,1216222,-984222,1413813,0.5
1900-01-22 10:31:45,7918.5,250573,7919.0,1027034,368554,527078,-158524,-776461,0.5
1900-01-22 10:32:00,7912.0,38447,7912.5,1499663,181178,1484728,-1303550,-1461216,0.5
1900-01-22 10:32:15,7906.0,60875,7906.5,1480216,32556,2235678,-2203122,-1419341,0.5
1900-01-22 10:32:30,7900.0,964286,7900.5,35210,300402,3062744,-2762342,929076,0.5
1900-01-22 10:32:45,7905.0,629965,7905.5,176129,567248,801618,-234370,453836,0.5
1900-01-22 10:33:00,7910.0,794203,7910.5,182322,1167702,95904,1071798,611881,0.5
1900-01-22 10:33:15,7912.0,27749,7913.0,7780,561322,214988,346334,19969,1.0
1900-01-22 10:33:30,7912.5,637087,7913.5,90,165400,277544,-112144,636997,1.0
1900-01-22 10:33:45,7917.0,98583,7917.5,44310,178074,579834,-401760,54273,0.5
1900-01-22 10:34:00,7919.5,52265,7920.0,809777,234548,69482,165066,-757512,0.5
1900-01-22 10:34:15,7919.5,538780,7920.0,37352,38880,181928,-143048,501428,0.5
1900-01-22 10:34:30,7920.5,298659,7921.0,528580,562776,16934,545842,-229921,0.5
1900-01-22 10:34:45,7920.0,242740,7920.5,931345,78866,196458,-117592,-688605,0.5
1900-01-22 10:35:00,7910.0,572365,7910.5,325284,84514,257424,-172910,247081,0.5
1900-01-22 10:35:15,7919.5,464176,7920.0,597227,131270,60344,70926,-133051,0.5
1900-01-22 10:35:30,7919.5,431152,7920.0,825208,6070,227526,-221456,-394056,0.5
1900-01-22 10:35:45,7919.5,328244,7920.0,889791,115986,357078,-241092,-561547,0.5
1900-01-22 10:36:00,7917.0,532045,7917.5,399214,38554,263650,-225096,132831,0.5
1900-01-22 10:36:15,7917.0,684796,7917.5,317442,43892,43320,572,367354,0.5
1900-01-22 10:36:30,7919.0,1213952,7919.5,52926,215906,29940,185966,1161026,0.5
1900-01-22 10:36:45,7922.5,1045217,7923.0,75457,314674,53110,261564,969760,0.5
1900-01-22 10:37:00,7922.5,1413720,7923.0,834839,176840,30102,146738,578881,0.5
1900-01-22 10:37:15,7922.5,310354,7923.0,742738,82952,138176,-55224,-432384,0.5
1900-01-22 10:37:30,7923.0,908952,7923.5,21068,332322,13328,318994,887884,0.5
1900-01-22 10:37:45,7924.5,1187915,7925.0,95591,237488,1040,236448,1092324,0.5
1900-01-22 10:38:00,7924.5,1782220,7925.0,38519,190344,10786,179558,1743701,0.5
1900-01-22 10:38:15,7924.5,1810842,7925.0,226603,80642,13076,67566,1584239,0.5
1900-01-22 10:38:30,7925.5,1060812,7926.0,10767,197478,117582,79896,1050045,0.5
1900-01-22 10:38:45,7925.5,376709,7926.0,645056,121638,100584,21054,-268347,0.5
1900-01-22 10:39:00,7922.5,631380,7923.0,723516,98294,126552,-28258,-92136,0.5
1900-01-22 10:39:15,7922.5,1139887,7923.0,225870,72502,9948,62554,914017,0.5
1900-01-22 10:39:30,7924.0,1147419,7924.5,23242,162012,5210,156802,1124177,0.5
1900-01-22 10:39:45,7926.0,1461034,7926.5,149910,116538,30180,86358,1311124,0.5
1900-01-22 10:40:00,7926.0,906811,7926.5,274515,79602,8616,70986,632296,0.5
1900-01-22 10:40:15,7926.5,1198925,7927.0,17065,171806,27244,144562,1181860,0.5
1900-01-22 10:40:30,7927.0,559527,7927.5,730646,68212,8400,59812,-171119,0.5
1900-01-22 10:40:45,7929.5,1333118,7930.0,15050,406708,28636,378072,1318068,0.5
1900-01-22 10:41:00,7930.5,1006925,7931.0,95711,356758,4456,352302,911214,0.5
1900-01-22 10:41:15,7931.5,1254602,7932.0,67967,232264,18124,214140,1186635,0.5
1900-01-22 10:41:30,7933.0,1658922,7933.5,5917,331858,2002,329856,1653005,0.5
1900-01-22 10:41:45,7937.5,242237,7938.0,47004,389892,14526,375366,195233,0.5
1900-01-22 10:42:00,7937.5,335458,7938.0,755462,79072,208786,-129714,-420004,0.5
1900-01-22 10:42:15,7937.5,581670,7938.0,1233668,57806,437832,-380026,-651998,0.5
1900-01-22 10:42:30,7937.5,432164,7938.0,891772,46576,169570,-122994,-459608,0.5
1900-01-22 10:42:45,7937.0,126958,7937.5,1262860,74680,1245922,-1171242,-1135902,0.5
1900-01-22 10:43:00,7936.5,216606,7937.0,820494,24740,754240,-729500,-603888,0.5
1900-01-22 10:43:15,7936.5,319515,7937.0,627240,49284,142222,-92938,-307725,0.5
1900-01-22 10:43:30,7936.5,565827,7937.0,181335,106580,34240,72340,384492,0.5
1900-01-22 10:43:45,7936.5,623313,7937.0,645277,1974,270638,-268664,-21964,0.5
1900-01-22 10:44:00,7936.5,376912,7937.0,758241,5750,32374,-26624,-381329,0.5
1900-01-22 10:44:15,7936.5,353479,7937.0,793189,3500,118020,-114520,-439710,0.5
1900-01-22 10:44:30,7936.0,90969,7936.5,802233,10004,152986,-142982,-711264,0.5
1900-01-22 10:44:45,7936.0,83276,7936.5,874225,76630,26220,50410,-790949,0.5
1900-01-22 10:45:00,7936.0,472399,7936.5,535394,4328,69720,-65392,-62995,0.5
1900-01-22 10:45:15,7935.5,27503,7936.0,1344138,60420,50996,9424,-1316635,0.5
1900-01-22 10:45:30,7933.0,8128,7933.5,858291,21302,46074,-24772,-850163,0.5
1900-01-22 10:45:45,7933.0,58547,7933.5,763377,8000,35106,-27106,-704830,0.5
1900-01-22 10:46:00,7932.0,525691,7932.5,1224394,18130,109830,-91700,-698703,0.5
1900-01-22 10:46:15,7932.0,815953,7932.5,768103,44562,995136,-950574,47850,0.5
1900-01-22 10:46:30,7932.0,905339,7932.5,762709,4700,300352,-295652,142630,0.5
1900-01-22 10:46:45,7936.5,920739,7937.0,96171,75234,63964,11270,824568,0.5
1900-01-22 10:47:00,7937.5,750759,7938.0,79526,401572,8178,393394,671233,0.5
1900-01-22 10:47:15,7938.0,801881,7938.5,41701,140874,10068,130806,760180,0.5
1900-01-22 10:47:30,7939.0,863009,7939.5,48518,53612,452,53160,814491,0.5
1900-01-22 10:47:45,7939.0,651320,7939.5,450566,389478,2702,386776,200754,0.5
1900-01-22 10:48:00,7939.0,992857,7939.5,48573,192618,306,192312,944284,0.5
1900-01-22 10:48:15,7939.0,449112,7939.5,720432,33100,6902,26198,-271320,0.5
1900-01-22 10:48:30,7937.5,11707,7938.0,530408,20300,136156,-115856,-518701,0.5
1900-01-22 10:48:45,7937.5,1163272,7938.0,239976,113856,57218,56638,923296,0.5
1900-01-22 10:49:00,7939.5,612760,7940.0,56944,474648,1000,473648,555816,0.5
1900-01-22 10:49:15,7941.0,986044,7941.5,13202,105362,78774,26588,972842,0.5
1900-01-22 10:49:30,7942.5,1035453,7943.0,62880,316654,10324,306330,972573,0.5
1900-01-22 10:49:45,7942.5,931434,7943.0,330958,105940,4186,101754,600476,0.5
1900-01-22 10:50:00,7941.0,142373,7941.5,695332,157168,59452,97716,-552959,0.5
1900-01-22 10:50:15,7940.0,186805,7940.5,712184,12934,133134,-120200,-525379,0.5
1900-01-22 10:50:30,7939.5,660341,7940.0,120306,21010,284990,-263980,540035,0.5
1900-01-22 10:50:45,7939.5,316847,7940.0,419572,28120,3860,24260,-102725,0.5
1900-01-22 10:51:00,7940.0,870670,7940.5,12841,32986,3892,29094,857829,0.5
1900-01-22 10:51:15,7941.5,325350,7942.0,459810,26540,22000,4540,-134460,0.5
1900-01-22 10:51:30,7941.5,775277,7942.0,88823,15622,25882,-10260,686454,0.5
1900-01-22 10:51:45,7940.5,14615,7941.0,734180,41246,45462,-4216,-719565,0.5
1900-01-22 10:52:00,7940.5,497624,7941.0,124102,11900,25780,-13880,373522,0.5
1900-01-22 10:52:15,7939.0,6258,7939.5,823208,11904,71502,-59598,-816950,0.5
1900-01-22 10:52:30,7939.0,12131,7939.5,708555,3464,45794,-42330,-696424,0.5
1900-01-22 10:52:45,7936.5,569541,7937.0,174334,21464,45400,-23936,395207,0.5
1900-01-22 10:53:00,7938.0,810011,7938.5,5511,19724,62256,-42532,804500,0.5
1900-01-22 10:53:15,7942.0,467115,7942.5,326214,23144,42702,-19558,140901,0.5
1900-01-22 10:53:30,7942.0,827148,7942.5,11439,36594,69642,-33048,815709,0.5
1900-01-22 10:53:45,7942.0,502063,7942.5,462413,8168,4000,4168,39650,0.5
1900-01-22 10:54:00,7939.5,990038,7940.0,75341,106656,343178,-236522,914697,0.5
1900-01-22 10:54:15,7939.5,1254507,7940.0,19046,35402,343178,-307776,1235461,0.5
1900-01-22 10:54:30,7939.5,866942,7940.0,121695,16710,58988,-42278,745247,0.5
1900-01-22 10:54:45,7941.5,1540640,7942.0,12267,114626,54774,59852,1528373,0.5
1900-01-22 10:55:00,7945.0,903124,7945.5,7783,37196,1002,36194,895341,0.5
1900-01-22 10:55:15,7946.0,610002,7946.5,272397,43836,78272,-34436,337605,0.5
1900-01-22 10:55:30,7946.0,449895,7946.5,778472,72680,27966,44714,-328577,0.5
1900-01-22 10:55:45,7946.0,74997,7946.5,1299547,277684,316108,-38424,-1224550,0.5
1900-01-22 10:56:00,7942.5,289822,7943.0,532500,98556,26914,71642,-242678,0.5
1900-01-22 10:56:15,7941.5,2592,7942.0,588701,1260,26852,-25592,-586109,0.5
1900-01-22 10:56:30,7940.0,35545,7940.5,1331831,105144,99216,5928,-1296286,0.5
1900-01-22 10:56:45,7940.0,34015,7940.5,1248270,396,63564,-63168,-1214255,0.5
1900-01-22 10:57:00,7938.0,59843,7938.5,1199215,16802,58740,-41938,-1139372,0.5
1900-01-22 10:57:15,7933.5,44429,7934.0,1121625,14212,276070,-261858,-1077196,0.5
1900-01-22 10:57:30,7931.5,591373,7932.0,801390,1650,255390,-253740,-210017,0.5
1900-01-22 10:57:45,7931.5,776936,7932.0,606232,27262,195424,-168162,170704,0.5
1900-01-22 10:58:00,7932.0,965979,7932.5,57387,218014,12096,205918,908592,0.5
1900-01-22 10:58:15,7932.0,1030076,7932.5,6533,79658,15602,64056,1023543,0.5
1900-01-22 10:58:30,7933.5,1157027,7934.0,7505,83614,37266,46348,1149522,0.5
1900-01-22 10:58:45,7937.5,9939,7938.0,459152,128860,19396,109464,-449213,0.5
1900-01-22 10:59:00,7936.0,4406,7936.5,687422,95518,18084,77434,-683016,0.5
1900-01-22 10:59:15,7933.5,411345,7934.0,516518,136720,25186,111534,-105173,0.5
1900-01-22 10:59:30,7935.0,946093,7935.5,67748,31758,13248,18510,878345,0.5
1900-01-22 10:59:45,7938.0,769355,7938.5,119304,66958,3200,63758,650051,0.5
1900-01-22 11:00:00,7939.5,472811,7940.0,202461,276706,6156,270550,270350,0.5
1900-01-22 11:00:15,7939.5,780703,7940.0,249020,123174,6718,116456,531683,0.5
1900-01-22 11:00:30,7939.5,723248,7940.0,197965,72720,33022,39698,525283,0.5
1900-01-22 11:00:45,7939.5,740104,7940.0,266610,129470,16828,112642,473494,0.5
1900-01-22 11:01:00,7939.5,858504,7940.0,57301,222576,4778,217798,801203,0.5
1900-01-22 11:01:15,7940.5,936827,7941.0,126402,77324,61908,15416,810425,0.5
1900-01-22 11:01:30,7944.5,1033008,7945.0,27443,152290,7904,144386,1005565,0.5
1900-01-22 11:01:45,7948.0,692860,7948.5,21954,615042,13906,601136,670906,0.5
1900-01-22 11:02:00,7949.5,1970570,7950.0,39341,708136,78018,630118,1931229,0.5
1900-01-22 11:02:15,7951.5,1466797,7952.0,96463,502880,38154,464726,1370334,0.5
1900-01-22 11:02:30,7951.5,458872,7952.0,305301,69558,102786,-33228,153571,0.5
1900-01-22 11:02:45,7950.0,566692,7950.5,354176,39604,448176,-408572,212516,0.5
1900-01-22 11:03:00,7950.0,744966,7950.5,211637,157546,59744,97802,533329,0.5
1900-01-22 11:03:15,7950.0,1151952,7950.5,156626,43454,28254,15200,995326,0.5
1900-01-22 11:03:30,7951.0,1826262,7951.5,41951,379712,56204,323508,1784311,0.5
1900-01-22 11:03:45,7954.0,1490262,7954.5,11119,251824,32448,219376,1479143,0.5
1900-01-22 11:04:00,7957.0,1805866,7957.5,80950,464960,32280,432680,1724916,0.5
1900-01-22 11:04:15,7957.5,1258595,7958.0,249258,216572,2018,214554,1009337,0.5
1900-01-22 11:04:30,7955.0,774,7955.5,663156,204340,491198,-286858,-662382,0.5
1900-01-22 11:04:45,7954.5,852518,7955.0,439958,12820,212362,-199542,412560,0.5
1900-01-22 11:05:00,7954.5,1042357,7955.0,280582,205540,151360,54180,761775,0.5
1900-01-22 11:05:15,7954.5,1338507,7955.0,228870,64008,19034,44974,1109637,0.5
1900-01-22 11:05:30,7954.5,1125529,7955.0,187539,60578,80264,-19686,937990,0.5
1900-01-22 11:05:45,7954.5,1362747,7955.0,166392,54970,35200,19770,1196355,0.5
1900-01-22 11:06:00,7954.5,1468673,7955.0,157778,11474,21662,-10188,1310895,0.5
1900-01-22 11:06:15,7957.0,1566520,7957.5,230094,199102,32092,167010,1336426,0.5
1900-01-22 11:06:30,7957.5,528347,7958.0,393086,260782,31678,229104,135261,0.5
1900-01-22 11:06:45,7955.5,14675,7956.0,527988,207600,318976,-111376,-513313,0.5
1900-01-22 11:07:00,7954.0,55818,7954.5,549361,35664,163736,-128072,-493543,0.5
1900-01-22 11:07:15,7954.0,966217,7954.5,337262,84284,93392,-9108,628955,0.5
1900-01-22 11:07:30,7954.0,1250418,7954.5,54495,50980,41240,9740,1195923,0.5
1900-01-22 11:07:45,7954.5,941123,7955.0,173009,42736,7626,35110,768114,0.5
1900-01-22 11:08:00,7954.5,884451,7955.0,387893,9350,22538,-13188,496558,0.5
1900-01-22 11:08:15,7954.5,188213,7955.0,563799,147336,147628,-292,-375586,0.5
1900-01-22 11:08:30,7954.5,60681,7955.0,786702,2000,89644,-87644,-726021,0.5
1900-01-22 11:08:45,7950.5,8726,7951.0,977787,22428,112668,-90240,-969061,0.5
1900-01-22 11:09:00,7942.0,1391098,7942.5,290945,126202,355332,-229130,1100153,0.5
1900-01-22 11:09:15,7942.0,1930564,7942.5,328819,57784,45000,12784,1601745,0.5
1900-01-22 11:09:30,7943.5,398847,7944.0,45,336588,48044,288544,398802,0.5
1900-01-22 11:09:45,7945.0,505695,7945.5,700655,134686,15620,119066,-194960,0.5
1900-01-22 11:10:00,7945.0,489979,7945.5,309669,391146,24128,367018,180310,0.5
1900-01-22 11:10:15,7945.0,181261,7945.5,361360,32578,25120,7458,-180099,0.5
1900-01-22 11:10:30,7945.0,36570,7945.5,592474,4658,43174,-38516,-555904,0.5
1900-01-22 11:10:45,7944.5,317757,7945.0,763622,8258,264822,-256564,-445865,0.5
1900-01-22 11:11:00,7944.5,983,7945.0,947250,1792,210316,-208524,-946267,0.5
1900-01-22 11:11:15,7943.5,216494,7944.0,1128477,47016,326772,-279756,-911983,0.5
1900-01-22 11:11:30,7938.5,15884,7939.0,128544,40358,941784,-901426,-112660,0.5
1900-01-22 11:11:45,7935.0,139927,7935.5,747787,8982,798984,-790002,-607860,0.5
1900-01-22 11:12:00,7934.5,940914,7935.0,362131,5632,532144,-526512,578783,0.5
1900-01-22 11:12:15,7934.5,882759,7935.0,275281,1280,90222,-88942,607478,0.5
1900-01-22 11:12:30,7934.5,779721,7935.0,216448,32466,36180,-3714,563273,0.5
1900-01-22 11:12:45,7934.5,829025,7935.0,256147,4504,73326,-68822,572878,0.5
1900-01-22 11:13:00,7937.0,196459,7937.5,4206,45054,5232,39822,192253,0.5
1900-01-22 11:13:15,7939.0,1422033,7939.5,45934,65332,5232,60100,1376099,0.5
1900-01-22 11:13:30,7941.0,789322,7941.5,492857,141720,11684,130036,296465,0.5
1900-01-22 11:13:45,7941.0,283463,7941.5,4060137,15720,385858,-370138,-3776674,0.5
1900-01-22 11:14:00,7941.0,255768,7941.5,3910624,6000,125828,-119828,-3654856,0.5
1900-01-22 11:14:15,7941.0,174656,7941.5,3936063,1162,131818,-130656,-3761407,0.5
1900-01-22 11:14:30,7941.0,818076,7941.5,3683301,15140,106632,-91492,-2865225,0.5
1900-01-22 11:14:45,7941.0,848376,7941.5,3659014,5498,57456,-51958,-2810638,0.5
1900-01-22 11:15:00,7941.0,746854,7941.5,3481673,9216,244430,-235214,-2734819,0.5
1900-01-22 11:15:15,7941.0,1242722,7941.5,292200,147260,32218,115042,950522,0.5
1900-01-22 11:15:30,7941.0,1161461,7941.5,4684,336976,8,336968,1156777,0.5
1900-01-22 11:15:45,7942.0,1335987,7942.5,254759,115816,4632,111184,1081228,0.5
1900-01-22 11:16:00,7943.5,1164177,7944.0,1474,533860,4632,529228,1162703,0.5
1900-01-22 11:16:15,7944.5,1073265,7945.0,23189,30742,10000,20742,1050076,0.5
1900-01-22 11:16:30,7945.0,1100203,7945.5,147513,35018,2,35016,952690,0.5
1900-01-22 11:16:45,7949.0,995130,7949.5,48921,187978,1032,186946,946209,0.5
1900-01-22 11:17:00,7949.0,1210445,7949.5,36867,344838,1616,343222,1173578,0.5
1900-01-22 11:17:15,7949.0,541243,7949.5,608323,90098,6100,83998,-67080,0.5
1900-01-22 11:17:30,7949.0,10125,7949.5,1067960,2456,121498,-119042,-1057835,0.5
1900-01-22 11:17:45,7941.0,888805,7941.5,1221,3886,57842,-53956,887584,0.5
1900-01-22 11:18:00,7948.0,479751,7948.5,3747948,97162,13180,83982,-3268197,0.5
1900-01-22 11:18:15,7948.0,5714,7948.5,3906235,3522,81044,-77522,-3900521,0.5
1900-01-22 11:18:30,7946.5,610,7947.0,923458,5868,8438,-2570,-922848,0.5
1900-01-22 11:18:45,7946.0,23868,7946.5,1236536,7384,158030,-150646,-1212668,0.5
1900-01-22 11:19:00,7943.5,45101,7944.0,1000550,5428,66910,-61482,-955449,0.5
1900-01-22 11:19:15,7943.5,233774,7944.0,747137,1784,21832,-20048,-513363,0.5
1900-01-22 11:19:30,7943.0,54042,7943.5,1147817,35198,83884,-48686,-1093775,0.5
1900-01-22 11:19:45,7940.5,34467,7941.0,1111501,300,80158,-79858,-1077034,0.5
1900-01-22 11:20:00,7940.5,13463,7941.0,1328493,574,219810,-219236,-1315030,0.5
1900-01-22 11:20:15,7935.5,16682,7936.0,957820,240,280710,-280470,-941138,0.5
1900-01-22 11:20:30,7927.0,69214,7927.5,5000,4010,283704,-279694,64214,0.5
1900-01-22 11:20:45,7925.5,727325,7926.0,487279,55884,278202,-222318,240046,0.5
1900-01-22 11:21:00,7925.0,157044,7925.5,976533,238202,323420,-85218,-819489,0.5
1900-01-22 11:21:15,7925.0,634993,7925.5,401358,23996,186228,-162232,233635,0.5
1900-01-22 11:21:30,7928.5,663233,7929.0,17625,255324,15684,239640,645608,0.5
1900-01-22 11:21:45,7928.5,704418,7929.0,3488463,176772,36104,140668,-2784045,0.5
1900-01-22 11:22:00,7929.0,863068,7929.5,860,1528834,173960,1354874,862208,0.5
1900-01-22 11:22:15,7932.5,759023,7933.0,1503803,201280,6140,195140,-744780,0.5
1900-01-22 11:22:30,7932.5,452838,7933.0,4268788,55620,35566,20054,-3815950,0.5
1900-01-22 11:22:45,7929.5,50822,7930.0,488224,124640,225300,-100660,-437402,0.5
1900-01-22 11:23:00,7925.0,29612,7925.5,583018,50,326298,-326248,-553406,0.5
1900-01-22 11:23:15,7925.0,826291,7925.5,3835302,108450,85510,22940,-3009011,0.5
1900-01-22 11:23:30,7923.0,606688,7923.5,445120,488,1570012,-1569524,161568,0.5
1900-01-22 11:23:45,7936.0,225908,7936.5,11029,137038,10090,126948,214879,0.5
1900-01-22 11:24:00,7931.0,7229,7931.5,271018,103328,53656,49672,-263789,0.5
1900-01-22 11:24:15,7931.0,436253,7931.5,3364435,20936,119500,-98564,-2928182,0.5
1900-01-22 11:24:30,7931.0,442925,7931.5,3260073,7018,98000,-90982,-2817148,0.5
1900-01-22 11:24:45,7931.0,787921,7931.5,3261064,1056,76100,-75044,-2473143,0.5
1900-01-22 11:25:00,7931.0,791460,7931.5,3552785,57112,194504,-137392,-2761325,0.5
1900-01-22 11:25:15,7931.0,677001,7931.5,3113623,160228,48450,111778,-2436622,0.5
1900-01-22 11:25:30,7931.0,510398,7931.5,3483126,8016,75862,-67846,-2972728,0.5
1900-01-22 11:25:45,7931.0,770539,7931.5,2963063,610528,9280,601248,-2192524,0.5
1900-01-22 11:26:00,7934.5,370395,7935.0,3054837,216116,17320,198796,-2684442,0.5
1900-01-22 11:26:15,7938.0,741857,7938.5,21402,98124,26394,71730,720455,0.5
1900-01-22 11:26:30,7938.5,478041,7939.0,1771357,94188,320,93868,-1293316,0.5
1900-01-22 11:26:45,7938.5,269141,7939.0,952482,44050,104606,-60556,-683341,0.5
1900-01-22 11:27:00,7936.5,1635,7937.0,1175141,19220,114534,-95314,-1173506,0.5
1900-01-22 11:27:15,7933.5,20998,7934.0,3974971,12040,154160,-142120,-3953973,0.5
1900-01-22 11:27:30,7933.5,21759,7934.0,3922148,33300,28338,4962,-3900389,0.5
1900-01-22 11:27:45,7931.5,3794,7932.0,476753,21420,35232,-13812,-472959,0.5
1900-01-22 11:28:00,7931.0,694453,7931.5,318221,18366,193950,-175584,376232,0.5
1900-01-22 11:28:15,7930.5,350620,7931.0,598775,4000,358576,-354576,-248155,0.5
1900-01-22 11:28:30,7930.5,62059,7931.0,906933,39006,461094,-422088,-844874,0.5
1900-01-22 11:28:45,7928.0,106676,7928.5,1116973,39006,146754,-107748,-1010297,0.5
1900-01-22 11:29:00,7928.0,55875,7928.5,1305684,1634,65176,-63542,-1249809,0.5
1900-01-22 11:29:15,7927.5,8021,7928.0,1170029,510,101104,-100594,-1162008,0.5
1900-01-22 11:29:30,7924.0,86487,7924.5,899554,106920,241130,-134210,-813067,0.5
1900-01-22 11:29:45,7924.0,45288,7924.5,927742,4392,42680,-38288,-882454,0.5
1900-01-22 11:30:00,7924.0,887369,7924.5,366543,48532,23220,25312,520826,0.5
1900-01-22 11:30:15,7925.0,87775,7925.5,3945751,249108,111310,137798,-3857976,0.5
1900-01-22 11:30:30,7923.0,41138,7923.5,583177,15860,65790,-49930,-542039,0.5
1900-01-22 11:30:45,7917.0,32028,7918.5,25378,1920,1491058,-1489138,6650,1.5
1900-01-22 11:31:00,7912.5,320386,7913.0,1014920,10700,653022,-642322,-694534,0.5
1900-01-22 11:31:15,7910.0,311171,7910.5,1016238,196558,1158162,-961604,-705067,0.5
1900-01-22 11:31:30,7907.0,374941,7907.5,827878,83344,621276,-537932,-452937,0.5
1900-01-22 11:31:45,7904.5,335320,7905.0,934065,86498,378624,-292126,-598745,0.5
1900-01-22 11:32:00,7904.5,743451,7905.0,84428,229078,360122,-131044,659023,0.5
1900-01-22 11:32:15,7908.5,215100,7909.0,3753908,494254,146432,347822,-3538808,0.5
1900-01-22 11:32:30,7905.5,229181,7906.0,789180,961612,220032,741580,-559999,0.5
1900-01-22 11:32:45,7905.5,514109,7906.0,644499,15538,58426,-42888,-130390,0.5
1900-01-22 11:33:00,7907.5,12744,7908.0,726745,544196,464566,79630,-714001,0.5
1900-01-22 11:33:15,7901.0,95873,7901.5,624250,103284,877422,-774138,-528377,0.5
1900-01-22 11:33:30,7890.0,557769,7890.5,12668,446568,5103532,-4656964,545101,0.5
1900-01-22 11:33:45,7897.5,82809,7898.0,649905,751432,1181926,-430494,-567096,0.5
1900-01-22 11:34:00,7890.0,26782,7890.5,10602,260132,248044,12088,16180,0.5
1900-01-22 11:34:15,7888.5,74940,7889.0,559687,478962,196410,282552,-484747,0.5
1900-01-22 11:34:30,7890.5,754056,7891.0,152185,713980,525154,188826,601871,0.5
1900-01-22 11:34:45,7892.5,81421,7893.0,1394486,264318,107060,157258,-1313065,0.5
1900-01-22 11:35:00,7884.5,377232,7885.0,472746,55000,259718,-204718,-95514,0.5
1900-01-22 11:35:15,7880.0,280199,7880.5,1211125,491156,936052,-444896,-930926,0.5
1900-01-22 11:35:30,7878.0,211661,7878.5,65406,396592,932560,-535968,146255,0.5
1900-01-22 11:35:45,7882.5,332885,7883.0,23001,510874,923136,-412262,309884,0.5
1900-01-22 11:36:00,7882.5,65048,7883.0,770677,440396,282996,157400,-705629,0.5
1900-01-22 11:36:15,7878.0,223161,7878.5,1304821,207974,420210,-212236,-1081660,0.5
1900-01-22 11:36:30,7871.0,553934,7871.5,871073,180248,1981746,-1801498,-317139,0.5
1900-01-22 11:36:45,7865.0,659207,7865.5,945235,343994,4136728,-3792734,-286028,0.5
1900-01-22 11:37:00,7859.5,1896,7860.5,2437,138948,1476050,-1337102,-541,1.0
1900-01-22 11:37:15,7848.0,107352,7850.5,9838,464192,2876742,-2412550,97514,2.5
1900-01-22 11:37:30,7825.0,20338,7825.5,10599,514444,10169904,-9655460,9739,0.5
1900-01-22 11:37:45,7829.0,165310,7829.5,57761,3244754,1327010,1917744,107549,0.5
1900-01-22 11:38:00,7837.0,538078,7837.5,852648,741676,671902,69774,-314570,0.5
1900-01-22 11:38:15,7846.0,69050,7846.5,29807,726394,222238,504156,39243,0.5
1900-01-22 11:38:30,7848.5,23819,7849.0,578499,2551478,189816,2361662,-554680,0.5
1900-01-22 11:38:45,7850.5,918187,7851.0,364737,1165080,137856,1027224,553450,0.5
1900-01-22 11:39:00,7848.5,7716,7849.0,87858,1364518,252378,1112140,-80142,0.5
1900-01-22 11:39:15,7839.5,101720,7840.0,100717,1058190,200832,857358,1003,0.5
1900-01-22 11:39:30,7839.5,148304,7840.0,214264,516126,289318,226808,-65960,0.5
1900-01-22 11:39:45,7835.0,321537,7835.5,683028,412010,629176,-217166,-361491,0.5
1900-01-22 11:40:00,7843.0,194105,7843.5,68900,1560008,95518,1464490,125205,0.5
1900-01-22 11:40:15,7844.5,42179,7845.0,116254,885390,110412,774978,-74075,0.5
1900-01-22 11:40:30,7851.5,209268,7852.0,326131,1695728,31418,1664310,-116863,0.5
1900-01-22 11:40:45,7850.0,222640,7850.5,656008,362396,339754,22642,-433368,0.5
1900-01-22 11:41:00,7843.0,184021,7843.5,230050,424352,852936,-428584,-46029,0.5
1900-01-22 11:41:15,7835.5,649276,7836.0,465344,243966,448362,-204396,183932,0.5
1900-01-22 11:41:30,7833.0,156966,7833.5,382442,664642,261362,403280,-225476,0.5
1900-01-22 11:41:45,7831.5,34785,7832.0,262867,207186,526596,-319410,-228082,0.5
1900-01-22 11:42:00,7831.5,388637,7832.0,1044493,359566,170562,189004,-655856,0.5
1900-01-22 11:42:15,7844.5,118212,7845.0,30662,545568,277518,268050,87550,0.5
1900-01-22 11:42:30,7845.5,224452,7846.0,205398,876512,65216,811296,19054,0.5
1900-01-22 11:42:45,7845.5,103588,7846.0,137070,474550,240164,234386,-33482,0.5
1900-01-22 11:43:00,7852.0,313470,7852.5,162801,1626284,294708,1331576,150669,0.5
1900-01-22 11:43:15,7856.5,800085,7857.0,102598,1004120,108628,895492,697487,0.5
1900-01-22 11:43:30,7857.0,830348,7857.5,197030,715444,57514,657930,633318,0.5
1900-01-22 11:43:45,7857.0,647538,7857.5,418098,242630,27306,215324,229440,0.5
1900-01-22 11:44:00,7858.0,977904,7858.5,94870,868536,42882,825654,883034,0.5
1900-01-22 11:44:15,7860.5,3683389,7861.0,277121,1591042,11304,1579738,3406268,0.5
1900-01-22 11:44:30,7864.0,1358658,7864.5,6068,1372420,34704,1337716,1352590,0.5
1900-01-22 11:44:45,7866.5,674807,7867.0,342116,1069524,14400,1055124,332691,0.5
1900-01-22 11:45:00,7861.5,18474,7862.0,265104,330244,1313470,-983226,-246630,0.5
1900-01-22 11:45:15,7861.5,90502,7862.0,608484,289724,573992,-284268,-517982,0.5
1900-01-22 11:45:30,7860.0,109987,7860.5,356917,161762,460094,-298332,-246930,0.5
1900-01-22 11:45:45,7858.0,294972,7858.5,539012,55318,212250,-156932,-244040,0.5
1900-01-22 11:46:00,7859.0,1016699,7859.5,21832,112022,485332,-373310,994867,0.5
1900-01-22 11:46:15,7866.0,551486,7866.5,55661,431338,14222,417116,495825,0.5
1900-01-22 11:46:30,7865.5,45950,7866.0,635384,265640,485660,-220020,-589434,0.5
1900-01-22 11:46:45,7865.0,367792,7865.5,671353,131344,436414,-305070,-303561,0.5
1900-01-22 11:47:00,7865.0,355589,7865.5,711518,25104,184396,-159292,-355929,0.5
1900-01-22 11:47:15,7865.0,193965,7865.5,813929,67324,173330,-106006,-619964,0.5
1900-01-22 11:47:30,7865.0,336626,7865.5,672943,186462,52064,134398,-336317,0.5
1900-01-22 11:47:45,7858.5,29,7859.0,24864,10688,839282,-828594,-24835,0.5
1900-01-22 11:48:00,7856.0,757401,7856.5,261961,34248,599622,-565374,495440,0.5
1900-01-22 11:48:15,7857.0,1044613,7857.5,160499,196444,60808,135636,884114,0.5
1900-01-22 11:48:30,7858.0,1382052,7858.5,19237,206306,19546,186760,1362815,0.5
1900-01-22 11:48:45,7859.0,1142513,7859.5,39328,141046,18670,122376,1103185,0.5
1900-01-22 11:49:00,7860.0,504519,7860.5,360202,107434,11576,95858,144317,0.5
1900-01-22 11:49:15,7855.0,748016,7855.5,64466,78626,239030,-160404,683550,0.5
1900-01-22 11:49:30,7855.0,112496,7855.5,448499,15050,256912,-241862,-336003,0.5
1900-01-22 11:49:45,7847.5,370409,7848.0,630848,1700,952908,-951208,-260439,0.5
1900-01-22 11:50:00,7844.5,20733,7845.0,190009,27022,806312,-779290,-169276,0.5
1900-01-22 11:50:15,7838.0,116395,7838.5,379706,27060,1576410,-1549350,-263311,0.5
1900-01-22 11:50:30,7840.0,907738,7840.5,332666,411464,388046,23418,575072,0.5
1900-01-22 11:50:45,7840.0,645605,7840.5,551947,115672,23000,92672,93658,0.5
1900-01-22 11:51:00,7835.5,47093,7836.0,1823144,354190,669928,-315738,-1776051,0.5
1900-01-22 11:51:15,7826.0,47356,7826.5,12096,193246,324122,-130876,35260,0.5
1900-01-22 11:51:30,7825.0,990871,7825.5,557636,2324578,436170,1888408,433235,0.5
1900-01-22 11:51:45,7841.0,352692,7841.5,990130,1619008,331722,1287286,-637438,0.5
1900-01-22 11:52:00,7837.5,962439,7838.0,29527,627376,172730,454646,932912,0.5
1900-01-22 11:52:15,7846.5,1023207,7847.0,156744,1124336,42952,1081384,866463,0.5
1900-01-22 11:52:30,7854.5,234927,7855.0,502257,328870,147809,181061,-267330,0.5
1900-01-22 11:52:45,7856.5,710445,7857.0,54357,311828,283184,28644,656088,0.5
1900-01-22 11:53:00,7858.0,3311218,7858.5,520673,519792,241270,278522,2790545,0.5
1900-01-22 11:53:15,7856.5,93267,7858.0,1500,760290,448242,312048,91767,1.5
1900-01-22 11:53:30,7858.5,1065139,7859.0,68026,910548,224354,686194,997113,0.5
1900-01-22 11:53:45,7862.5,472081,7863.5,35179,941352,31902,909450,436902,1.0
1900-01-22 11:54:00,7867.5,1406490,7868.0,31777,901804,42102,859702,1374713,0.5
1900-01-22 11:54:15,7871.0,874741,7871.5,74013,795016,16480,778536,800728,0.5
1900-01-22 11:54:30,7872.0,200032,7872.5,419112,682180,620504,61676,-219080,0.5
1900-01-22 11:54:45,7867.5,862671,7868.0,14519,175974,507986,-332012,848152,0.5
1900-01-22 11:55:00,7869.5,1369864,7870.0,398956,210624,23158,187466,970908,0.5
1900-01-22 11:55:15,7872.0,1600660,7872.5,41150,412278,7410,404868,1559510,0.5
1900-01-22 11:55:30,7877.5,1077858,7878.0,281020,400808,225984,174824,796838,0.5
1900-01-22 11:55:45,7879.0,953854,7879.5,120214,821278,162234,659044,833640,0.5
1900-01-22 11:56:00,7876.5,70191,7877.0,396342,764606,588482,176124,-326151,0.5
1900-01-22 11:56:15,7868.5,147921,7869.0,641930,71806,528958,-457152,-494009,0.5
1900-01-22 11:56:30,7868.5,1217412,7869.0,187885,299348,247926,51422,1029527,0.5
1900-01-22 11:56:45,7873.0,146086,7873.5,222677,366350,214016,152334,-76591,0.5
1900-01-22 11:57:00,7870.5,931332,7871.0,231455,100078,415218,-315140,699877,0.5
1900-01-22 11:57:15,7870.5,908617,7871.0,373654,221236,106030,115206,534963,0.5
1900-01-22 11:57:30,7870.5,684898,7871.0,339095,74808,52266,22542,345803,0.5
1900-01-22 11:57:45,7874.5,1061939,7875.0,57270,521596,19970,501626,1004669,0.5
1900-01-22 11:58:00,7880.5,3222301,7881.0,483384,593432,34580,558852,2738917,0.5
1900-01-22 11:58:15,7880.5,3703622,7881.0,100250,748828,44976,703852,3603372,0.5
1900-01-22 11:58:30,7881.5,1063083,7882.0,45225,135162,32868,102294,1017858,0.5
1900-01-22 11:58:45,7883.5,1495169,7884.0,199387,430438,67742,362696,1295782,0.5
1900-01-22 11:59:00,7884.0,802409,7884.5,460032,56981,57523,-542,342377,0.5
1900-01-22 11:59:15,7880.0,1558863,7880.5,5448329,94808,2464718,-2369910,-3889466,0.5
1900-01-22 11:59:30,7879.5,665914,7880.0,298076,207380,1564946,-1357566,367838,0.5
1900-01-22 11:59:45,7879.5,762678,7880.0,530408,68018,42984,25034,232270,0.5
1900-01-22 12:00:00,7879.5,429095,7880.0,253447,59562,359052,-299490,175648,0.5
1900-01-22 12:00:15,7880.0,488334,7880.5,37249,129284,316858,-187574,451085,0.5
1900-01-22 12:00:30,7881.0,189805,7881.5,6166,580470,250736,329734,183639,0.5
1900-01-22 12:00:45,7880.0,72754,7880.5,665404,137798,409546,-271748,-592650,0.5
1900-01-22 12:01:00,7871.0,377671,7871.5,299492,113636,980766,-867130,78179,0.5
1900-01-22 12:01:15,7868.5,11328,7869.0,242656,325304,643308,-318004,-231328,0.5
1900-01-22 12:01:30,7860.5,412204,7861.0,580484,54618,722060,-667442,-168280,0.5
1900-01-22 12:01:45,7860.5,809579,7861.0,268257,288850,692508,-403658,541322,0.5
1900-01-22 12:02:00,7866.0,549493,7866.5,534749,845724,176400,669324,14744,0.5
1900-01-22 12:02:15,7860.0,134169,7860.5,1490278,353982,481756,-127774,-1356109,0.5
1900-01-22 12:02:30,7857.5,753058,7858.0,382093,43402,919430,-876028,370965,0.5
1900-01-22 12:02:45,7861.5,1006441,7862.0,183922,605672,186958,418714,822519,0.5
1900-01-22 12:03:00,7861.5,1779126,7862.0,39693,476914,9144,467770,1739433,0.5
1900-01-22 12:03:15,7866.5,368188,7867.0,29085,408648,111518,297130,339103,0.5
1900-01-22 12:03:30,7868.5,1199850,7869.0,4113,538604,37396,501208,1195737,0.5
1900-01-22 12:03:45,7865.5,261029,7866.0,753787,530472,394480,135992,-492758,0.5
1900-01-22 12:04:00,7867.0,1271510,7867.5,9554,186604,170102,16502,1261956,0.5
1900-01-22 12:04:15,7872.5,1178783,7873.0,3614,222804,91592,131212,1175169,0.5
1900-01-22 12:04:30,7876.5,1643624,7877.0,19205,62964,34548,28416,1624419,0.5
1900-01-22 12:04:45,7876.5,1447716,7878.5,18440,50478,20000,30478,1429276,2.0
1900-01-22 12:06:45,7863.0,322159,7863.5,790985,25816,14412,11404,-468826,0.5
1900-01-22 12:07:00,7862.0,20957,7862.5,769417,33236,574058,-540822,-748460,0.5
1900-01-22 12:07:15,7857.0,607309,7857.5,254159,13336,452848,-439512,353150,0.5
1900-01-22 12:07:30,7858.0,329227,7858.5,839202,168756,215282,-46526,-509975,0.5
1900-01-22 12:07:45,7854.5,653757,7855.0,366717,108160,283448,-175288,287040,0.5
1900-01-22 12:08:00,7856.0,1209383,7856.5,192192,1355112,206010,1149102,1017191,0.5
1900-01-22 12:08:15,7857.0,1644595,7857.5,135423,676638,33330,643308,1509172,0.5
1900-01-22 12:08:30,7859.5,1146367,7860.0,296219,316334,20518,295816,850148,0.5
1900-01-22 12:08:45,7868.5,153186,7869.0,31432,724364,8000,716364,121754,0.5
1900-01-22 12:09:00,7868.5,5892,7869.0,1037228,352578,66136,286442,-1031336,0.5
1900-01-22 12:09:15,7861.5,821741,7862.0,172303,70748,243854,-173106,649438,0.5
1900-01-22 12:09:30,7861.0,11527,7861.5,451120,28312,254468,-226156,-439593,0.5
1900-01-22 12:09:45,7858.5,4846,7859.0,194491,101652,172508,-70856,-189645,0.5
1900-01-22 12:10:00,7855.0,124750,7855.5,1638546,3312,241526,-238214,-1513796,0.5
1900-01-22 12:10:15,7850.0,146112,7850.5,539181,27500,957468,-929968,-393069,0.5
1900-01-22 12:10:30,7856.5,101246,7857.0,711411,139322,1042950,-903628,-610165,0.5
1900-01-22 12:10:45,7849.5,546109,7850.0,301451,118718,140794,-22076,244658,0.5
1900-01-22 12:11:00,7860.5,289200,7861.0,492656,590732,226478,364254,-203456,0.5
1900-01-22 12:11:15,7857.0,98524,7857.5,1326424,24466,99646,-75180,-1227900,0.5
1900-01-22 12:11:30,7857.0,59923,7857.5,943118,7066,158392,-151326,-883195,0.5
1900-01-22 12:11:45,7854.0,79724,7854.5,914748,19012,204376,-185364,-835024,0.5
1900-01-22 12:12:00,7859.5,313902,7860.0,18230,233756,57460,176296,295672,0.5
1900-01-22 12:12:15,7860.5,1360082,7861.0,5689,112292,12930,99362,1354393,0.5
1900-01-22 12:12:30,7864.5,419746,7865.0,329287,265634,38758,226876,90459,0.5
1900-01-22 12:12:45,7864.5,356174,7865.0,349415,101482,4214,97268,6759,0.5
1900-01-22 12:13:00,7864.5,482988,7865.0,545801,56442,86314,-29872,-62813,0.5
1900-01-22 12:13:15,7864.0,9417,7865.0,996959,30402,266540,-236138,-987542,1.0
1900-01-22 12:13:30,7856.5,18108,7857.0,1180736,22592,214198,-191606,-1162628,0.5
1900-01-22 12:13:45,7852.0,48082,7852.5,274280,1594,140900,-139306,-226198,0.5
1900-01-22 12:14:00,7850.5,21148,7851.0,506169,1200,380194,-378994,-485021,0.5
1900-01-22 12:14:15,7848.0,186668,7848.5,583400,13368,570798,-557430,-396732,0.5
1900-01-22 12:14:30,7854.5,368021,7855.0,138097,275732,257342,18390,229924,0.5
1900-01-22 12:14:45,7852.5,62025,7853.0,512350,300656,109710,190946,-450325,0.5
1900-01-22 12:15:00,7850.0,738604,7850.5,183462,21034,187384,-166350,555142,0.5
1900-01-22 12:15:15,7850.0,156726,7850.5,779710,81602,433916,-352314,-622984,0.5
1900-01-22 12:15:30,7846.0,32564,7846.5,669979,20278,176344,-156066,-637415,0.5
1900-01-22 12:15:45,7841.0,214259,7841.5,1018334,30310,533440,-503130,-804075,0.5
1900-01-22 12:16:00,7837.0,32067,7837.5,1200096,27548,543518,-515970,-1168029,0.5
1900-01-22 12:16:15,7832.5,54354,7833.0,938926,37266,599966,-562700,-884572,0.5
1900-01-22 12:16:30,7821.5,1048001,7822.0,160764,134630,719352,-584722,887237,0.5
1900-01-22 12:16:45,7827.5,1144652,7828.0,70846,1369380,237498,1131882,1073806,0.5
1900-01-22 12:17:00,7829.0,456037,7829.5,12061,636646,172994,463652,443976,0.5
1900-01-22 12:17:15,7833.0,587647,7833.5,769419,499318,200970,298348,-181772,0.5
1900-01-22 12:17:30,7833.5,846933,7834.0,138783,626232,174476,451756,708150,0.5
1900-01-22 12:17:45,7839.5,456355,7840.0,596300,277846,43412,234434,-139945,0.5
1900-01-22 12:18:00,7845.5,279540,7846.0,85235,730988,42944,688044,194305,0.5
1900-01-22 12:18:15,7849.0,309174,7849.5,791936,301114,50192,250922,-482762,0.5
1900-01-22 12:18:30,7837.0,513589,7837.5,357240,205640,474718,-269078,156349,0.5
1900-01-22 12:18:45,7842.0,687267,7842.5,252905,241940,150702,91238,434362,0.5
1900-01-22 12:19:00,7842.0,335654,7842.5,1114387,15940,58888,-42948,-778733,0.5
1900-01-22 12:19:15,7840.0,731934,7840.5,321714,25542,246962,-221420,410220,0.5
1900-01-22 12:19:30,7851.0,84480,7851.5,9880,306958,52084,254874,74600,0.5
1900-01-22 12:19:45,7856.5,207956,7857.0,16975,265580,14012,251568,190981,0.5
1900-01-22 12:20:00,7868.5,390381,7869.0,31028,115662,35561,80101,359353,0.5
1900-01-22 12:20:15,7873.0,34626,7873.5,80097,507305,133780,373525,-45471,0.5
1900-01-22 12:20:30,7868.0,336464,7869.0,130171,251950,619548,-367598,206293,1.0
1900-01-22 12:20:45,7868.5,545345,7869.0,87894,431152,116978,314174,457451,0.5
1900-01-22 12:21:00,7872.0,574883,7872.5,251219,309042,129010,180032,323664,0.5
1900-01-22 12:21:15,7872.5,581930,7873.0,43309,269118,80222,188896,538621,0.5
1900-01-22 12:21:30,7871.5,6628,7872.0,289706,270970,143652,127318,-283078,0.5
1900-01-22 12:21:45,7867.5,381104,7868.0,584009,167014,321806,-154792,-202905,0.5
1900-01-22 12:22:00,7873.0,4501495,7873.5,245281,140268,156126,-15858,4256214,0.5
1900-01-22 12:22:15,7873.0,78330,7873.5,871909,134320,150590,-16270,-793579,0.5
1900-01-22 12:22:30,7868.0,729371,7868.5,117891,32338,520644,-488306,611480,0.5
1900-01-22 12:22:45,7863.0,31416,7863.5,290239,35210,156400,-121190,-258823,0.5
1900-01-22 12:23:00,7859.0,860753,7859.5,290668,23964,115470,-91506,570085,0.5
1900-01-22 12:23:15,7865.5,98467,7866.0,760,229134,45452,183682,97707,0.5
1900-01-22 12:23:30,7871.0,623000,7871.5,382041,335510,66368,269142,240959,0.5
1900-01-22 12:23:45,7871.0,539953,7871.5,271362,401630,39288,362342,268591,0.5
1900-01-22 12:24:00,7877.5,5084239,7878.0,990586,488438,35456,452982,4093653,0.5
1900-01-22 12:24:15,7877.5,5271356,7878.0,114604,1669954,17982,1651972,5156752,0.5
1900-01-22 12:24:30,7879.5,71300,7880.0,67771,876374,166536,709838,3529,0.5
1900-01-22 12:24:45,7874.5,707578,7875.0,356307,146488,386028,-239540,351271,0.5
1900-01-22 12:25:00,7874.0,17682,7874.5,543646,56150,129714,-73564,-525964,0.5
1900-01-22 12:25:15,7870.0,638814,7870.5,314838,26602,636004,-609402,323976,0.5
1900-01-22 12:25:30,7873.5,32793,7874.0,1056341,72594,142888,-70294,-1023548,0.5
1900-01-22 12:25:45,7867.5,1087244,7868.0,183799,12902,287866,-274964,903445,0.5
1900-01-22 12:26:00,7869.5,656678,7870.0,227887,148980,102556,46424,428791,0.5
1900-01-22 12:26:15,7869.5,959508,7870.0,195435,86068,784,85284,764073,0.5
1900-01-22 12:26:30,7874.0,61405,7874.5,555216,189138,8350,180788,-493811,0.5
1900-01-22 12:26:45,7874.0,702952,7874.5,772220,323500,16200,307300,-69268,0.5
1900-01-22 12:27:00,7869.5,30455,7870.0,881946,12450,118796,-106346,-851491,0.5
1900-01-22 12:27:15,7867.5,64442,7868.0,940199,30736,147168,-116432,-875757,0.5
1900-01-22 12:27:30,7864.5,125064,7865.0,841295,3600,102962,-99362,-716231,0.5
1900-01-22 12:27:45,7864.5,44838,7865.0,1217144,112268,167910,-55642,-1172306,0.5
1900-01-22 12:28:00,7866.0,768834,7866.5,11190,567788,49028,518760,757644,0.5
1900-01-22 12:28:15,7869.0,300743,7869.5,433212,25928,27640,-1712,-132469,0.5
1900-01-22 12:28:30,7879.5,769969,7880.0,152789,248360,13830,234530,617180,0.5
1900-01-22 12:28:45,7883.0,992445,7883.5,430010,687998,39416,648582,562435,0.5
1900-01-22 12:29:00,7880.0,399433,7880.5,491587,136270,209564,-73294,-92154,0.5
1900-01-22 12:29:15,7882.5,575461,7883.0,341519,71922,30398,41524,233942,0.5
1900-01-22 12:29:30,7882.5,648236,7883.0,506046,431488,371434,60054,142190,0.5
1900-01-22 12:29:45,7886.5,4264,7887.0,3,420376,33462,386914,4261,0.5
1900-01-22 12:30:00,7891.0,818900,7891.5,10101,969192,14812,954380,808799,0.5
1900-01-22 12:30:15,7893.5,69618,7894.0,490828,879436,203878,675558,-421210,0.5
1900-01-22 12:30:30,7896.0,1097565,7896.5,85113,145450,203242,-57792,1012452,0.5
1900-01-22 12:30:45,7898.0,525107,7898.5,116536,952608,116018,836590,408571,0.5
1900-01-22 12:31:00,7898.5,371763,7899.0,283139,861784,106830,754954,88624,0.5
1900-01-22 12:31:15,7894.0,437832,7894.5,888153,252284,358496,-106212,-450321,0.5
1900-01-22 12:31:30,7879.5,2093943,7880.0,213911,106552,588482,-481930,1880032,0.5
1900-01-22 12:31:45,7889.5,213322,7890.0,23861,207828,56682,151146,189461,0.5
1900-01-22 12:32:00,7892.5,135341,7893.0,488272,284216,75088,209128,-352931,0.5
1900-01-22 12:32:15,7888.0,22783,7888.5,430194,82340,171358,-89018,-407411,0.5
1900-01-22 12:32:30,7884.5,515373,7885.0,530477,24706,116388,-91682,-15104,0.5
1900-01-22 12:32:45,7884.5,1450762,7885.0,42645,130082,191352,-61270,1408117,0.5
1900-01-22 12:33:00,7889.5,1383924,7890.0,53183,287730,115112,172618,1330741,0.5
1900-01-22 12:33:15,7890.5,738573,7891.0,139741,141926,105896,36030,598832,0.5
1900-01-22 12:33:30,7894.0,543311,7894.5,60236,152254,127196,25058,483075,0.5
1900-01-22 12:33:45,7886.5,1617150,7887.0,809336,275748,54556,221192,807814,0.5
1900-01-22 12:34:00,7889.0,289301,7889.5,525447,102756,1070422,-967666,-236146,0.5
1900-01-22 12:34:15,7884.5,19685,7885.0,695105,63838,1803046,-1739208,-675420,0.5
1900-01-22 12:34:30,7881.0,599907,7881.5,224135,367586,265266,102320,375772,0.5
1900-01-22 12:34:45,7865.5,47669,7866.0,99317,137898,1700336,-1562438,-51648,0.5
1900-01-22 12:35:00,7867.0,12632,7867.5,42146,262244,532994,-270750,-29514,0.5
1900-01-22 12:35:15,7867.5,23482,7868.0,749836,709256,321240,388016,-726354,0.5
1900-01-22 12:35:30,7863.0,400093,7863.5,605263,22278,353464,-331186,-205170,0.5
1900-01-22 12:35:45,7865.0,72754,7865.5,127,394396,470594,-76198,72627,0.5
1900-01-22 12:36:00,7866.5,185174,7867.0,749405,149170,70752,78418,-564231,0.5
1900-01-22 12:36:15,7864.0,340761,7864.5,1105770,3866,547472,-543606,-765009,0.5
1900-01-22 12:36:30,7861.0,129903,7861.5,844945,88176,752188,-664012,-715042,0.5
1900-01-22 12:36:45,7861.5,5000,7862.0,34714,386694,793882,-407188,-29714,0.5
1900-01-22 12:37:00,7873.0,799647,7873.5,628536,667506,135958,531548,171111,0.5
1900-01-22 12:37:15,7875.5,541391,7876.0,1768668,646164,136592,509572,-1227277,0.5
1900-01-22 12:37:30,7875.5,1861771,7876.0,476781,1979474,54160,1925314,1384990,0.5
1900-01-22 12:37:45,7875.5,5998451,7876.0,9769,818772,78622,740150,5988682,0.5
1900-01-22 12:38:00,7878.0,1753079,7878.5,21747,153790,37802,115988,1731332,0.5
1900-01-22 12:38:15,7874.0,118874,7874.5,753658,92452,567988,-475536,-634784,0.5
1900-01-22 12:38:30,7874.0,5561437,7874.5,74525,316384,77036,239348,5486912,0.5
1900-01-22 12:38:45,7877.5,15200,7878.0,122858,234164,206478,27686,-107658,0.5
1900-01-22 12:39:00,7873.5,113884,7874.0,1238475,16404,33624,-17220,-1124591,0.5
1900-01-22 12:39:15,7866.5,120915,7867.0,1586626,26592,454390,-427798,-1465711,0.5
1900-01-22 12:39:30,7865.0,70322,7865.5,655,116510,81066,35444,69667,0.5
1900-01-22 12:39:45,7869.5,198171,7870.0,929100,51032,184284,-133252,-730929,0.5
1900-01-22 12:40:00,7863.0,517406,7863.5,236968,79294,424434,-345140,280438,0.5
1900-01-22 12:40:15,7854.5,4741153,7855.0,106872,51170,270740,-219570,4634281,0.5
1900-01-22 12:40:30,7858.5,327700,7859.0,627587,231376,177776,53600,-299887,0.5
1900-01-22 12:40:45,7858.5,509117,7859.0,86405,83242,184648,-101406,422712,0.5
1900-01-22 12:41:00,7858.5,502616,7859.0,273503,85338,61086,24252,229113,0.5
1900-01-22 12:41:15,7865.0,62534,7865.5,123193,825902,33078,792824,-60659,0.5
1900-01-22 12:41:30,7888.5,12000,7889.0,204820,169386,70746,98640,-192820,0.5
1900-01-22 12:41:45,7888.5,11266,7889.0,379124,90846,196192,-105346,-367858,0.5
1900-01-22 12:42:00,7881.0,567474,7881.5,144401,193722,273572,-79850,423073,0.5
1900-01-22 12:42:15,7881.0,232397,7881.5,712751,16610,330154,-313544,-480354,0.5
1900-01-22 12:42:30,7881.0,801484,7881.5,23398,66966,191938,-124972,778086,0.5
1900-01-22 12:42:45,7880.5,16592,7881.0,368978,82188,240022,-157834,-352386,0.5
1900-01-22 12:43:00,7877.0,4908412,7877.5,156348,207030,85532,121498,4752064,0.5
1900-01-22 12:43:15,7882.0,968888,7882.5,2952,43542,39500,4042,965936,0.5
1900-01-22 12:43:30,7883.5,892282,7884.0,159465,21814,42902,-21088,732817,0.5
1900-01-22 12:43:45,7884.0,385371,7884.5,3093,139026,152182,-13156,382278,0.5
1900-01-22 12:44:00,7886.5,793630,7887.0,57502,273586,11312,262274,736128,0.5
1900-01-22 12:44:15,7889.5,899312,7890.0,50145,185354,45024,140330,849167,0.5
1900-01-22 12:44:30,7890.5,950645,7891.0,114368,102656,29004,73652,836277,0.5
1900-01-22 12:44:45,7892.0,935569,7892.5,135603,299542,57510,242032,799966,0.5
1900-01-22 12:45:00,7894.0,619931,7894.5,39601,378486,49696,328790,580330,0.5
1900-01-22 12:45:15,7909.5,92954,7910.0,326127,1944700,66396,1878304,-233173,0.5
1900-01-22 12:45:30,7908.0,112737,7908.5,609491,354550,353854,696,-496754,0.5
1900-01-22 12:45:45,7901.0,1031634,7901.5,187498,188018,1004718,-816700,844136,0.5
1900-01-22 12:46:00,7902.5,484750,7903.0,520276,267204,307198,-39994,-35526,0.5
1900-01-22 12:46:15,7903.0,852616,7903.5,478590,194420,741580,-547160,374026,0.5
1900-01-22 12:46:30,7905.5,676512,7906.0,117753,530412,403638,126774,558759,0.5
1900-01-22 12:46:45,7902.0,919257,7902.5,157291,226054,229294,-3240,761966,0.5
1900-01-22 12:47:00,7902.5,386536,7903.0,349098,340520,60490,280030,37438,0.5
1900-01-22 12:47:15,7903.5,1465483,7904.0,214,701738,17644,684094,1465269,0.5
1900-01-22 12:47:30,7915.5,4467983,7916.0,526575,785716,120290,665426,3941408,0.5
1900-01-22 12:47:45,7915.5,4909790,7916.0,231909,586162,18624,567538,4677881,0.5
1900-01-22 12:48:00,7916.5,1088746,7917.0,546507,579040,7610,571430,542239,0.5
1900-01-22 12:48:15,7915.5,1477517,7916.0,1307882,391892,5301666,-4909774,169635,0.5
1900-01-22 12:48:30,7907.5,750297,7908.0,133803,226894,2210222,-1983328,616494,0.5
1900-01-22 12:48:45,7910.0,37585,7910.5,1162615,223850,153680,70170,-1125030,0.5
1900-01-22 12:49:00,7903.5,553942,7904.0,316149,174592,602308,-427716,237793,0.5
1900-01-22 12:49:15,7905.0,79613,7905.5,901573,303704,125302,178402,-821960,0.5
1900-01-22 12:49:30,7913.5,439919,7914.0,509392,400252,70500,329752,-69473,0.5
1900-01-22 12:49:45,7910.0,53262,7910.5,654273,175090,199528,-24438,-601011,0.5
1900-01-22 12:50:00,7910.0,1004552,7910.5,51460,99044,129360,-30316,953092,0.5
1900-01-22 12:50:15,7913.5,97705,7914.0,1054027,48250,47706,544,-956322,0.5
1900-01-22 12:50:30,7914.0,1087131,7914.5,236930,323874,81568,242306,850201,0.5
1900-01-22 12:50:45,7914.0,555986,7914.5,366529,380642,512546,-131904,189457,0.5
1900-01-22 12:51:00,7914.0,517247,7914.5,329684,83808,302032,-218224,187563,0.5
1900-01-22 12:51:15,7918.5,279139,7919.0,37314,503762,106220,397542,241825,0.5
1900-01-22 12:51:30,7927.5,512036,7928.0,307092,1077440,30422,1047018,204944,0.5
1900-01-22 12:51:45,7925.0,209252,7925.5,1027850,210550,414834,-204284,-818598,0.5
1900-01-22 12:52:00,7930.0,413745,7930.5,370846,583882,176970,406912,42899,0.5
1900-01-22 12:52:15,7927.5,97182,7928.0,556577,305258,902300,-597042,-459395,0.5
1900-01-22 12:52:30,7917.5,1055168,7918.0,251982,155002,349704,-194702,803186,0.5
1900-01-22 12:52:45,7919.5,66831,7920.0,330881,282842,154232,128610,-264050,0.5
1900-01-22 12:53:00,7919.5,912485,7920.0,5930785,109496,571576,-462080,-5018300,0.5
1900-01-22 12:53:15,7915.0,40203,7915.5,973562,1852,1528732,-1526880,-933359,0.5
1900-01-22 12:53:30,7917.0,1195161,7917.5,5184,327266,501690,-174424,1189977,0.5
1900-01-22 12:53:45,7917.5,663083,7918.0,233659,266130,323240,-57110,429424,0.5
1900-01-22 12:54:00,7919.5,20412,7920.0,895639,218062,247808,-29746,-875227,0.5
1900-01-22 12:54:15,7915.5,106629,7916.0,368633,50434,548678,-498244,-262004,0.5
1900-01-22 12:54:30,7909.0,575903,7909.5,692332,45044,1102206,-1057162,-116429,0.5
1900-01-22 12:54:45,7910.0,726585,7910.5,18353,141998,219556,-77558,708232,0.5
1900-01-22 12:55:00,7908.5,24670,7909.0,440329,232158,333618,-101460,-415659,0.5
1900-01-22 12:55:15,7906.5,394603,7907.0,330647,173344,680104,-506760,63956,0.5
1900-01-22 12:55:30,7905.0,61998,7905.5,571806,187324,183526,3798,-509808,0.5
1900-01-22 12:55:45,7904.5,1131070,7905.0,345101,122700,533998,-411298,785969,0.5
1900-01-22 12:56:00,7904.5,12829,7905.0,731987,51930,1105542,-1053612,-719158,0.5
1900-01-22 12:56:15,7897.0,308721,7897.5,507012,490,895728,-895238,-198291,0.5
1900-01-22 12:56:30,7899.5,848221,7900.0,287477,452746,226844,225902,560744,0.5
1900-01-22 12:56:45,7899.5,398225,7900.0,812202,118984,149396,-30412,-413977,0.5
1900-01-22 12:57:00,7899.5,880651,7900.0,610803,58940,459962,-401022,269848,0.5
1900-01-22 12:57:15,7905.0,493987,7905.5,2816,296394,8130,288264,491171,0.5
1900-01-22 12:57:30,7905.0,1313568,7905.5,20734,205656,34704,170952,1292834,0.5
1900-01-22 12:57:45,7906.5,823723,7907.0,689689,95922,349364,-253442,134034,0.5
1900-01-22 12:58:00,7906.5,712441,7907.0,1106584,61450,424004,-362554,-394143,0.5
1900-01-22 12:58:15,7906.5,410728,7907.0,1351947,11136,431362,-420226,-941219,0.5
1900-01-22 12:58:30,7906.0,100816,7906.5,1469382,12336,307102,-294766,-1368566,0.5
1900-01-22 12:58:45,7906.0,149040,7906.5,1052802,106696,80266,26430,-903762,0.5
1900-01-22 12:59:00,7905.0,201863,7905.5,1015745,32054,110208,-78154,-813882,0.5
1900-01-22 12:59:15,7905.0,996847,7905.5,213479,143088,26556,116532,783368,0.5
1900-01-22 12:59:30,7912.5,427907,7913.0,593775,445564,17390,428174,-165868,0.5
1900-01-22 12:59:45,7910.5,48576,7911.0,1226662,717810,85016,632794,-1178086,0.5
1900-01-22 13:00:00,7910.5,45293,7911.0,753224,42004,180964,-138960,-707931,0.5
1900-01-22 13:00:15,7914.0,281739,7914.5,214,49636,55316,-5680,281525,0.5
1900-01-22 13:00:30,7922.0,730618,7922.5,10270,233206,46224,186982,720348,0.5
1900-01-22 13:00:45,7923.5,238249,7924.0,450429,180308,36076,144232,-212180,0.5
1900-01-22 13:01:00,7921.5,1352674,7922.0,229944,83038,309434,-226396,1122730,0.5
1900-01-22 13:01:15,7921.5,856202,7922.0,495542,124948,726964,-602016,360660,0.5
1900-01-22 13:01:30,7920.0,17831,7920.5,283633,43740,163450,-119710,-265802,0.5
1900-01-22 13:01:45,7920.0,631436,7920.5,449454,8148,134978,-126830,181982,0.5
1900-01-22 13:02:00,7915.5,576490,7916.0,518312,7590,142364,-134774,58178,0.5
1900-01-22 13:02:15,7919.5,375405,7920.0,28314,99392,166062,-66670,347091,0.5
1900-01-22 13:02:30,7919.5,702615,7920.0,127262,71660,21980,49680,575353,0.5
1900-01-22 13:02:45,7919.5,790885,7920.0,92726,32928,38438,-5510,698159,0.5
1900-01-22 13:03:00,7920.5,793716,7921.0,4305,72688,37922,34766,789411,0.5
1900-01-22 13:03:15,7925.5,789847,7926.0,14643,558132,5924,552208,775204,0.5
1900-01-22 13:03:30,7934.5,408060,7935.0,158694,598350,90314,508036,249366,0.5
1900-01-22 13:03:45,7949.5,8383,7950.0,727079,1280172,222428,1057744,-718696,0.5
1900-01-22 13:04:00,7936.5,658224,7937.0,505627,184578,310338,-125760,152597,0.5
1900-01-22 13:04:15,7938.5,1112737,7939.0,37579,799102,155462,643640,1075158,0.5
1900-01-22 13:04:30,7946.0,55594,7946.5,129212,314372,46438,267934,-73618,0.5
1900-01-22 13:04:45,7949.5,648850,7950.0,186872,651700,188582,463118,461978,0.5
1900-01-22 13:05:00,7957.5,105437,7958.0,446817,1129462,236808,892654,-341380,0.5
1900-01-22 13:05:15,7965.5,156479,7966.0,337768,1790814,536300,1254514,-181289,0.5
1900-01-22 13:05:30,7946.5,554746,7947.0,301415,533742,2965572,-2431830,253331,0.5
1900-01-22 13:05:45,7946.5,415144,7947.0,530955,477026,899000,-421974,-115811,0.5
1900-01-22 13:06:00,7946.5,440471,7947.0,782109,149446,422256,-272810,-341638,0.5
1900-01-22 13:06:15,7946.5,1045539,7947.0,56654,210160,143248,66912,988885,0.5
1900-01-22 13:06:30,7952.0,835401,7952.5,40519,201822,63750,138072,794882,0.5
1900-01-22 13:06:45,7957.0,136669,7957.5,90354,668104,44042,624062,46315,0.5
1900-01-22 13:07:00,7961.5,14973,7962.5,100,556412,22130,534282,14873,1.0
1900-01-22 13:07:15,7964.5,495475,7965.0,383624,932644,261312,671332,111851,0.5
1900-01-22 13:07:30,7964.5,56738,7965.0,842523,413832,441492,-27660,-785785,0.5
1900-01-22 13:07:45,7959.0,176457,7959.5,5000,202086,259338,-57252,171457,0.5
1900-01-22 13:08:00,7959.0,2618377,7959.5,1059612,345042,303022,42020,1558765,0.5
1900-01-22 13:08:15,7963.0,435688,7963.5,52357,619408,375920,243488,383331,0.5
1900-01-22 13:08:30,7964.0,1014157,7964.5,199910,378946,356244,22702,814247,0.5
1900-01-22 13:08:45,7972.5,489804,7973.0,73746,658346,74002,584344,416058,0.5
1900-01-22 13:09:00,7972.5,499976,7973.0,301693,564524,68100,496424,198283,0.5
1900-01-22 13:09:15,7972.5,306676,7973.0,376145,380472,611092,-230620,-69469,0.5
1900-01-22 13:09:30,7976.0,193697,7977.0,210914,798142,302580,495562,-17217,1.0
1900-01-22 13:09:45,7986.5,107426,7987.0,110119,789342,65078,724264,-2693,0.5
1900-01-22 13:10:00,7989.5,363160,7990.0,254548,1535164,98854,1436310,108612,0.5
1900-01-22 13:10:15,7993.5,876271,7994.0,168316,2699736,193202,2506534,707955,0.5
1900-01-22 13:10:30,7997.0,104418,7997.5,110507,5319100,414858,4904242,-6089,0.5
1900-01-22 13:10:45,7997.5,14823,7998.0,1000,515976,566132,-50156,13823,0.5
1900-01-22 13:11:00,7990.0,282156,7990.5,269989,358576,1907938,-1549362,12167,0.5
1900-01-22 13:11:15,7985.0,603738,7985.5,400302,208790,740564,-531774,203436,0.5
1900-01-22 13:11:30,7976.5,57932,7983.0,14787,175028,904592,-729564,43145,6.5
1900-01-22 13:11:45,7994.5,34033,7995.0,77954,357402,581908,-224506,-43921,0.5
1900-01-22 13:12:00,7986.0,170865,7986.5,758861,267222,348464,-81242,-587996,0.5
1900-01-22 13:12:15,7982.5,227659,7983.0,1107030,115088,399360,-284272,-879371,0.5
1900-01-22 13:12:30,7978.5,721549,7979.0,219994,63724,411032,-347308,501555,0.5
1900-01-22 13:12:45,7978.5,5135204,7979.0,998188,169250,405130,-235880,4137016,0.5
1900-01-22 13:13:00,7976.5,822387,7977.0,185952,299998,450606,-150608,636435,0.5
1900-01-22 13:13:15,7978.0,752264,7978.5,50922,217850,235644,-17794,701342,0.5
1900-01-22 13:13:30,7980.0,1350815,7980.5,4304,512476,89018,423458,1346511,0.5
1900-01-22 13:13:45,7985.5,57121,7986.0,27342,168088,126874,41214,29779,0.5
1900-01-22 13:14:00,7999.5,426834,8000.0,622088,888816,235682,653134,-195254,0.5
1900-01-22 13:14:15,7988.5,27510,7990.5,173058,148104,721420,-573316,-145548,2.0
1900-01-22 13:14:30,7996.0,1022938,7996.5,102704,321730,113196,208534,920234,0.5
1900-01-22 13:14:45,8004.5,190876,8005.0,1441180,1627744,116560,1511184,-1250304,0.5
1900-01-22 13:15:00,8004.5,1211532,8005.0,262754,2509220,673418,1835802,948778,0.5
1900-01-22 13:15:15,8007.0,602924,8007.5,185972,3190426,224148,2966278,416952,0.5
1900-01-22 13:15:30,8000.0,99975,8000.5,584807,418092,3408288,-2990196,-484832,0.5
1900-01-22 13:15:45,7996.5,345489,7997.0,367611,93730,776540,-682810,-22122,0.5
1900-01-22 13:16:00,7987.0,1126345,7987.5,561825,136028,521336,-385308,564520,0.5
1900-01-22 13:16:15,7981.5,34632,7982.0,136077,29132,1405242,-1376110,-101445,0.5
1900-01-22 13:16:30,7978.5,180964,7979.0,1182151,342490,1238064,-895574,-1001187,0.5
1900-01-22 13:16:45,7978.0,61093,7978.5,9943,168050,577004,-408954,51150,0.5
1900-01-22 13:17:00,7979.0,772369,7979.5,501637,297298,79980,217318,270732,0.5
1900-01-22 13:17:15,7966.0,197478,7966.5,89704,269794,1207008,-937214,107774,0.5
1900-01-22 13:17:30,7966.0,1253838,7966.5,25877,343148,1008036,-664888,1227961,0.5
1900-01-22 13:17:45,7965.5,8657,7968.5,25162,351508,439318,-87810,-16505,3.0
1900-01-22 13:18:00,7969.0,951830,7969.5,43,246552,368536,-121984,951787,0.5
1900-01-22 13:18:15,7979.0,403622,7979.5,1133728,727740,84758,642982,-730106,0.5
1900-01-22 13:18:30,7976.0,627014,7976.5,42803,233928,489894,-255966,584211,0.5
1900-01-22 13:18:45,7979.5,1221320,7980.0,163074,355732,117692,238040,1058246,0.5
1900-01-22 13:19:00,7980.5,897269,7981.0,180110,423078,33914,389164,717159,0.5
1900-01-22 13:19:15,7974.5,429955,7975.0,712469,127542,655456,-527914,-282514,0.5
1900-01-22 13:19:30,7970.5,762653,7971.0,371446,36194,507158,-470964,391207,0.5
1900-01-22 13:19:45,7972.5,1163134,7973.0,3685,181426,74426,107000,1159449,0.5
1900-01-22 13:20:00,7973.5,1849982,7974.0,706,190126,92434,97692,1849276,0.5
1900-01-22 13:20:15,7978.5,1000,7979.0,568723,508104,91656,416448,-567723,0.5
1900-01-22 13:20:30,7972.5,930540,7973.0,437893,175366,222844,-47478,492647,0.5
1900-01-22 13:20:45,7973.0,4993,7973.5,704349,95304,72162,23142,-699356,0.5
1900-01-22 13:21:00,7964.5,72391,7965.0,371258,33700,580780,-547080,-298867,0.5
1900-01-22 13:21:15,7950.0,721666,7950.5,40124,72914,987606,-914692,681542,0.5
1900-01-22 13:21:30,7947.0,2738,7947.5,25249,317010,2185896,-1868886,-22511,0.5
1900-01-22 13:21:45,7955.5,12642,7956.0,46284,718300,535802,182498,-33642,0.5
1900-01-22 13:22:00,7957.0,216752,7957.5,123804,230136,1006684,-776548,92948,0.5
1900-01-22 13:22:15,7941.0,322454,7941.5,187696,193362,846810,-653448,134758,0.5
1900-01-22 13:22:30,7940.5,1218,7941.0,9174,363212,735878,-372666,-7956,0.5
1900-01-22 13:22:45,7934.0,61363,7934.5,687829,164018,1470948,-1306930,-626466,0.5
1900-01-22 13:23:00,7937.5,277371,7938.0,52724,346594,553866,-207272,224647,0.5
1900-01-22 13:23:15,7951.5,217554,7952.0,544223,642968,176156,466812,-326669,0.5
1900-01-22 13:23:30,7951.5,413323,7952.0,162388,644228,430628,213600,250935,0.5
1900-01-22 13:23:45,7954.5,629729,7955.0,721305,263408,57526,205882,-91576,0.5
1900-01-22 13:24:00,7952.0,388197,7952.5,1137043,91906,2343880,-2251974,-748846,0.5
1900-01-22 13:24:15,7942.0,27645,7942.5,177862,66978,469470,-402492,-150217,0.5
1900-01-22 13:24:30,7947.0,1107884,7947.5,112920,373986,56206,317780,994964,0.5
1900-01-22 13:24:45,7947.0,283809,7947.5,995852,537368,548516,-11148,-712043,0.5
1900-01-22 13:25:00,7947.0,170871,7947.5,782387,271668,154032,117636,-611516,0.5
1900-01-22 13:25:15,7947.0,79438,7947.5,240541,277260,429632,-152372,-161103,0.5
1900-01-22 13:25:30,7949.5,525859,7950.0,518990,450862,27686,423176,6869,0.5
1900-01-22 13:25:45,7949.5,1031258,7950.0,233023,422012,2594,419418,798235,0.5
1900-01-22 13:26:00,7954.0,811497,7954.5,242808,447914,4650,443264,568689,0.5
1900-01-22 13:26:15,7954.5,958064,7955.0,39997,1201300,21316,1179984,918067,0.5
1900-01-22 13:26:30,7964.0,17764,7964.5,1174616,241362,172942,68420,-1156852,0.5
1900-01-22 13:26:45,7957.5,183312,7958.0,944650,106742,204818,-98076,-761338,0.5
1900-01-22 13:27:00,7952.0,10264,7952.5,10000,152586,119268,33318,264,0.5
1900-01-22 13:27:15,7950.5,41342,7951.0,1587533,37010,238348,-201338,-1546191,0.5
1900-01-22 13:27:30,7944.5,36835,7945.0,276823,1888,221592,-219704,-239988,0.5
1900-01-22 13:27:45,7940.5,597055,7941.0,677150,72904,282184,-209280,-80095,0.5
1900-01-22 13:28:00,7949.5,47000,7950.0,127371,200608,251706,-51098,-80371,0.5
1900-01-22 13:28:15,7949.5,184432,7950.0,1472601,193990,298614,-104624,-1288169,0.5
1900-01-22 13:28:30,7949.5,676392,7950.0,249939,215584,13476,202108,426453,0.5
1900-01-22 13:28:45,7951.0,1274219,7951.5,113148,125408,190408,-65000,1161071,0.5
1900-01-22 13:29:00,7954.0,672638,7954.5,13200,152292,10828,141464,659438,0.5
1900-01-22 13:29:15,7956.0,680492,7956.5,197655,321350,3278,318072,482837,0.5
1900-01-22 13:29:30,7959.0,947896,7959.5,48159,319664,206370,113294,899737,0.5
1900-01-22 13:29:45,7953.0,31219,7953.5,453829,81642,289880,-208238,-422610,0.5
1900-01-22 13:30:00,7950.5,2469,7951.0,1273563,18842,222626,-203784,-1271094,0.5
1900-01-22 13:30:15,7942.5,47204,7943.0,1092905,5858,888248,-882390,-1045701,0.5
1900-01-22 13:30:30,7940.0,118214,7940.5,692358,194272,828818,-634546,-574144,0.5
1900-01-22 13:30:45,7940.5,514508,7941.0,239282,308168,149760,158408,275226,0.5
1900-01-22 13:31:00,7943.0,319753,7943.5,703947,249496,281694,-32198,-384194,0.5
1900-01-22 13:31:15,7938.0,31416,7938.5,1504969,32368,771166,-738798,-1473553,0.5
1900-01-22 13:31:30,7933.0,57061,7933.5,1786449,14412,933526,-919114,-1729388,0.5
1900-01-22 13:31:45,7928.0,53722,7928.5,339672,9660,2172306,-2162646,-285950,0.5
1900-01-22 13:32:00,7914.5,26323,7916.5,9888,49430,2376148,-2326718,16435,2.0
1900-01-22 13:32:15,7910.0,150360,7910.5,293309,737550,2069930,-1332380,-142949,0.5
1900-01-22 13:32:30,7924.5,134900,7925.0,54000,1727260,730584,996676,80900,0.5
1900-01-22 13:32:45,7913.5,40034,7916.5,4199,330390,324800,5590,35835,3.0
1900-01-22 13:33:00,7919.5,421816,7920.0,1170467,431154,451396,-20242,-748651,0.5
1900-01-22 13:33:15,7910.0,457046,7910.5,893818,75936,898718,-822782,-436772,0.5
1900-01-22 13:33:30,7918.0,18248,7918.5,10451,514420,1547702,-1033282,7797,0.5
1900-01-22 13:33:45,7908.5,451744,7909.0,17230,787402,275566,511836,434514,0.5
1900-01-22 13:34:00,7910.5,232822,7911.0,1401099,405016,236934,168082,-1168277,0.5
1900-01-22 13:34:15,7906.0,264998,7906.5,708634,70704,883956,-813252,-443636,0.5
1900-01-22 13:34:30,7907.5,691182,7908.0,304706,699344,583104,116240,386476,0.5
1900-01-22 13:34:45,7917.5,285914,7918.0,90971,1268620,77280,1191340,194943,0.5
1900-01-22 13:35:00,7914.5,39588,7915.0,957008,69900,85088,-15188,-917420,0.5
1900-01-22 13:35:15,7905.0,324937,7905.5,10000,83908,682498,-598590,314937,0.5
1900-01-22 13:35:30,7899.0,50741,7899.5,22000,56344,776144,-719800,28741,0.5
1900-01-22 13:35:45,7891.0,27750,7891.5,283564,424444,1952300,-1527856,-255814,0.5
1900-01-22 13:36:00,7887.0,11737,7887.5,90,789722,970232,-180510,11647,0.5
1900-01-22 13:36:15,7890.0,252474,7890.5,779260,627626,346570,281056,-526786,0.5
1900-01-22 13:36:30,7885.0,293884,7885.5,640313,349562,994414,-644852,-346429,0.5
1900-01-22 13:36:45,7885.0,803887,7885.5,5664,1105810,343316,762494,798223,0.5
1900-01-22 13:37:00,7891.0,726910,7891.5,34051,1683368,54540,1628828,692859,0.5
1900-01-22 13:37:15,7896.0,716984,7896.5,734094,275904,23630,252274,-17110,0.5
1900-01-22 13:37:30,7891.5,78969,7892.0,1039027,490384,255548,234836,-960058,0.5
1900-01-22 13:37:45,7898.5,201808,7899.0,552356,114332,432964,-318632,-350548,0.5
1900-01-22 13:38:00,7889.5,324965,7890.0,727260,780408,200994,579414,-402295,0.5
1900-01-22 13:38:15,7888.5,490295,7889.0,55236,117714,453666,-335952,435059,0.5
1900-01-22 13:38:30,7895.0,1085690,7895.5,44423,520132,66786,453346,1041267,0.5
1900-01-22 13:38:45,7903.5,2711,7904.0,261413,825032,87048,737984,-258702,0.5
1900-01-22 13:39:00,7898.0,562155,7898.5,123628,363892,99804,264088,438527,0.5
1900-01-22 13:39:15,7890.0,656395,7890.5,92709,123308,225030,-101722,563686,0.5
1900-01-22 13:39:30,7896.5,853406,7897.0,23404,391972,122440,269532,830002,0.5
1900-01-22 13:39:45,7899.0,326436,7899.5,215512,338112,360410,-22298,110924,0.5
1900-01-22 13:40:00,7905.5,203412,7906.0,55575,1103548,2758,1100790,147837,0.5
1900-01-22 13:40:15,7905.5,1013666,7906.0,467765,362258,16500,345758,545901,0.5
1900-01-22 13:40:30,7909.5,1554560,7910.0,550568,612936,16480,596456,1003992,0.5
1900-01-22 13:40:45,7909.5,1042933,7910.0,352097,836510,10540,825970,690836,0.5
1900-01-22 13:41:00,7914.5,925849,7915.0,48493,769210,92126,677084,877356,0.5
1900-01-22 13:41:15,7914.5,901594,7915.0,735529,311316,12202,299114,166065,0.5
1900-01-22 13:41:30,7907.5,306572,7908.0,392037,241050,387650,-146600,-85465,0.5
1900-01-22 13:41:45,7900.0,239783,7900.5,397438,21452,205162,-183710,-157655,0.5
1900-01-22 13:42:00,7902.0,1130810,7902.5,498803,292900,193910,98990,632007,0.5
1900-01-22 13:42:15,7903.5,572975,7904.0,841,367150,118206,248944,572134,0.5
1900-01-22 13:42:30,7902.5,8563,7903.5,1290688,39056,1587550,-1548494,-1282125,1.0
1900-01-22 13:42:45,7900.0,798362,7900.5,348380,36984,246356,-209372,449982,0.5
1900-01-22 13:43:00,7906.5,893226,7907.0,587093,109356,38808,70548,306133,0.5
1900-01-22 13:43:15,7906.5,797453,7907.0,1135977,415040,226050,188990,-338524,0.5
1900-01-22 13:43:30,7906.5,227587,7907.0,1827384,16240,159156,-142916,-1599797,0.5
1900-01-22 13:43:45,7900.0,158661,7900.5,916640,8880,417578,-408698,-757979,0.5
1900-01-22 13:44:00,7897.0,60120,7897.5,520811,128016,368738,-240722,-460691,0.5
1900-01-22 13:44:15,7900.0,1119550,7900.5,125583,229706,174488,55218,993967,0.5
1900-01-22 13:44:30,7906.5,1279817,7907.0,171861,740926,35840,705086,1107956,0.5
1900-01-22 13:44:45,7909.5,391151,7910.0,1016376,519860,41196,478664,-625225,0.5
1900-01-22 13:45:00,7904.5,1975,7905.0,936060,39744,165450,-125706,-934085,0.5
1900-01-22 13:45:15,7902.5,647200,7903.0,804707,68718,52692,16026,-157507,0.5
1900-01-22 13:45:30,7899.5,759833,7900.0,473646,195298,167506,27792,286187,0.5
1900-01-22 13:45:45,7899.5,13681,7900.0,1209263,189258,394726,-205468,-1195582,0.5
1900-01-22 13:46:00,7891.5,114786,7892.0,1217666,14302,212486,-198184,-1102880,0.5
1900-01-22 13:46:15,7891.0,536097,7891.5,289508,89524,322820,-233296,246589,0.5
1900-01-22 13:46:30,7899.5,114541,7900.0,1078274,259220,129618,129602,-963733,0.5
1900-01-22 13:46:45,7905.0,104819,7905.5,188,104184,41368,62816,104631,0.5
1900-01-22 13:47:00,7907.5,747914,7908.0,831445,120194,152868,-32674,-83531,0.5
1900-01-22 13:47:15,7901.5,284498,7902.0,386268,233196,242584,-9388,-101770,0.5
1900-01-22 13:47:30,7903.5,154370,7904.0,105,43414,14630,28784,154265,0.5
1900-01-22 13:47:45,7909.0,637467,7909.5,13277,100858,23154,77704,624190,0.5
1900-01-22 13:48:00,7909.5,1279213,7910.0,45752,95160,94792,368,1233461,0.5
1900-01-22 13:48:15,7916.5,1240031,7917.0,98809,456376,7772,448604,1141222,0.5
1900-01-22 13:48:30,7919.5,22721,7920.0,103546,300136,349268,-49132,-80825,0.5
1900-01-22 13:48:45,7916.0,7768,7916.5,1106495,158434,221394,-62960,-1098727,0.5
1900-01-22 13:49:00,7918.0,545779,7920.5,12375,421392,177532,243860,533404,2.5
1900-01-22 13:49:15,7928.0,403676,7928.5,241106,475816,97666,378150,162570,0.5
1900-01-22 13:49:30,7926.5,683914,7927.0,122536,439818,137416,302402,561378,0.5
1900-01-22 13:49:45,7928.5,326180,7929.0,610559,449856,121432,328424,-284379,0.5
1900-01-22 13:50:00,7935.5,598214,7936.0,42196,1011002,94318,916684,556018,0.5
1900-01-22 13:50:15,7936.0,185760,7936.5,654106,925320,200516,724804,-468346,0.5
1900-01-22 13:50:30,7932.0,738421,7932.5,368085,126032,580986,-454954,370336,0.5
1900-01-22 13:50:45,7930.0,172638,7930.5,804390,51516,194508,-142992,-631752,0.5
1900-01-22 13:51:00,7930.0,1428028,7930.5,95881,87738,146814,-59076,1332147,0.5
1900-01-22 13:51:15,7936.0,1079709,7936.5,3561,100246,17792,82454,1076148,0.5
1900-01-22 13:51:30,7938.0,925980,7938.5,53533,604094,20540,583554,872447,0.5
1900-01-22 13:51:45,7934.5,11884,7935.0,694241,493606,71098,422508,-682357,0.5
1900-01-22 13:52:00,7924.0,14196,7924.5,575973,16182,292448,-276266,-561777,0.5
1900-01-22 13:52:15,7926.0,955474,7926.5,184377,130594,423356,-292762,771097,0.5
1900-01-22 13:52:30,7928.0,755906,7928.5,571570,138450,93748,44702,184336,0.5
1900-01-22 13:52:45,7926.5,442132,7927.0,1004029,121506,394164,-272658,-561897,0.5
1900-01-22 13:53:00,7919.0,28775,7919.5,202045,8536,323344,-314808,-173270,0.5
1900-01-22 13:53:15,7916.0,1211824,7916.5,263058,264260,179406,84854,948766,0.5
1900-01-22 13:53:30,7916.0,492925,7916.5,729719,30680,117414,-86734,-236794,0.5
1900-01-22 13:53:45,7917.0,262656,7917.5,520739,135380,79888,55492,-258083,0.5
1900-01-22 13:54:00,7919.5,603408,7920.0,12658,95648,104436,-8788,590750,0.5
1900-01-22 13:54:15,7922.0,271710,7922.5,664547,97404,254158,-156754,-392837,0.5
1900-01-22 13:54:30,7915.0,528022,7915.5,757865,49446,293652,-244206,-229843,0.5
1900-01-22 13:54:45,7915.5,134174,7916.0,961608,99354,119162,-19808,-827434,0.5
1900-01-22 13:55:00,7915.0,294769,7915.5,970324,22048,226112,-204064,-675555,0.5
1900-01-22 13:55:15,7916.5,235257,7917.0,16250,44684,43690,994,219007,0.5
1900-01-22 13:55:30,7920.0,1217515,7920.5,27090,56492,6782,49710,1190425,0.5
1900-01-22 13:55:45,7925.5,1010067,7926.0,66392,264578,61546,203032,943675,0.5
1900-01-22 13:56:00,7929.0,1076507,7929.5,320616,61820,5208,56612,755891,0.5
1900-01-22 13:56:15,7931.5,441351,7932.0,4943,81672,22180,59492,436408,0.5
1900-01-22 13:56:30,7933.5,118429,7934.0,664220,49178,166086,-116908,-545791,0.5
1900-01-22 13:56:45,7933.5,99293,7934.0,596957,28066,60786,-32720,-497664,0.5
1900-01-22 13:57:00,7931.5,283935,7932.0,628967,30376,54274,-23898,-345032,0.5
1900-01-22 13:57:15,7931.5,304480,7932.0,730456,90036,131096,-41060,-425976,0.5
1900-01-22 13:57:30,7934.5,1171451,7935.0,205826,222550,36092,186458,965625,0.5
1900-01-22 13:57:45,7937.5,846691,7938.0,114954,204302,9420,194882,731737,0.5
1900-01-22 13:58:00,7937.5,543242,7938.0,685139,50458,46196,4262,-141897,0.5
1900-01-22 13:58:15,7938.0,862306,7938.5,35087,119336,44748,74588,827219,0.5
1900-01-22 13:58:30,7940.0,1620437,7940.5,517228,107616,20734,86882,1103209,0.5
1900-01-22 13:58:45,7944.5,280950,7945.0,120754,427948,132220,295728,160196,0.5
1900-01-22 13:59:00,7944.0,1353,7944.5,308839,179026,556720,-377694,-307486,0.5
1900-01-22 13:59:15,7941.0,384979,7941.5,746471,18018,1184834,-1166816,-361492,0.5
1900-01-22 13:59:30,7940.5,244230,7941.0,595799,421358,236786,184572,-351569,0.5
1900-01-22 13:59:45,7940.5,49543,7941.0,981611,4954,391230,-386276,-932068,0.5
1900-01-22 14:00:00,7940.5,54744,7941.0,1381682,5326,209308,-203982,-1326938,0.5
1900-01-22 14:00:15,7934.0,1322,7934.5,170422,53908,255676,-201768,-169100,0.5
1900-01-22 14:00:30,7930.5,873912,7931.0,151969,62062,270774,-208712,721943,0.5
1900-01-22 14:00:45,7930.5,1324893,7932.5,271970,209886,33550,176336,1052923,2.0
1900-01-22 14:01:00,7932.0,315033,7932.5,608325,239252,223466,15786,-293292,0.5
1900-01-22 14:01:15,7930.0,15485,7930.5,1053926,904,1184488,-1183584,-1038441,0.5
1900-01-22 14:01:30,7920.0,1116119,7921.0,254,43508,661024,-617516,1115865,1.0
1900-01-22 14:01:45,7921.5,19749,7922.0,845055,90666,316838,-226172,-825306,0.5
1900-01-22 14:02:00,7918.5,614694,7919.0,465845,14606,44560,-29954,148849,0.5
1900-01-22 14:02:15,7919.0,1092740,7919.5,7064,523178,39272,483906,1085676,0.5
1900-01-22 14:02:30,7928.5,574766,7929.0,18926,243918,17508,226410,555840,0.5
1900-01-22 14:02:45,7929.5,1243219,7930.0,38876,116506,33914,82592,1204343,0.5
1900-01-22 14:03:00,7930.5,261296,7931.0,742715,89448,223640,-134192,-481419,0.5
1900-01-22 14:03:15,7930.5,188753,7931.0,880817,63650,464420,-400770,-692064,0.5
1900-01-22 14:03:30,7928.0,713719,7928.5,293778,50754,182196,-131442,419941,0.5
1900-01-22 14:03:45,7930.5,964924,7931.0,200337,262710,172524,90186,764587,0.5
1900-01-22 14:04:00,7932.5,431176,7933.0,5540,287088,31900,255188,425636,0.5
1900-01-22 14:04:15,7937.5,744467,7938.0,87484,152052,12202,139850,656983,0.5
1900-01-22 14:04:30,7938.5,67575,7939.0,527897,210212,30998,179214,-460322,0.5
1900-01-22 14:04:45,7932.5,32238,7933.0,736558,60232,86194,-25962,-704320,0.5
1900-01-22 14:05:00,7931.0,185375,7931.5,427944,91664,78102,13562,-242569,0.5
1900-01-22 14:05:15,7931.5,352908,7932.0,32190,82052,81052,1000,320718,0.5
1900-01-22 14:05:30,7932.5,446175,7933.0,469639,59250,16268,42982,-23464,0.5
1900-01-22 14:05:45,7928.0,77507,7928.5,677175,2066,106094,-104028,-599668,0.5
1900-01-22 14:06:00,7928.0,86437,7928.5,1023721,17284,75842,-58558,-937284,0.5
1900-01-22 14:06:15,7925.0,1265664,7925.5,194868,28668,347012,-318344,1070796,0.5
1900-01-22 14:06:30,7927.5,305666,7928.0,17018,184118,130574,53544,288648,0.5
1900-01-22 14:06:45,7927.5,125870,7928.0,1108957,85240,255076,-169836,-983087,0.5
1900-01-22 14:07:00,7922.5,26556,7923.0,568465,62382,178116,-115734,-541909,0.5
1900-01-22 14:07:15,7916.0,51427,7916.5,283639,14870,834458,-819588,-232212,0.5
1900-01-22 14:07:30,7916.0,546812,7916.5,111112,243562,299346,-55784,435700,0.5
1900-01-22 14:07:45,7919.5,1144133,7920.0,106330,349500,53680,295820,1037803,0.5
1900-01-22 14:08:00,7919.5,478511,7920.0,374886,105112,262564,-157452,103625,0.5
1900-01-22 14:08:15,7917.0,100514,7917.5,1138627,8060,344802,-336742,-1038113,0.5
1900-01-22 14:08:30,7912.0,1112309,7912.5,267993,46870,321676,-274806,844316,0.5
1900-01-22 14:08:45,7914.5,617636,7915.0,803535,406716,48528,358188,-185899,0.5
1900-01-22 14:09:00,7912.0,581462,7912.5,959111,22386,290340,-267954,-377649,0.5
1900-01-22 14:09:15,7905.0,97880,7905.5,151692,15048,2429424,-2414376,-53812,0.5
1900-01-22 14:09:30,7908.5,847401,7909.0,208699,322254,425774,-103520,638702,0.5
1900-01-22 14:09:45,7908.5,750968,7909.0,380989,209432,108202,101230,369979,0.5
1900-01-22 14:10:00,7908.5,531282,7909.0,820474,156076,243740,-87664,-289192,0.5
1900-01-22 14:10:15,7905.0,18815,7905.5,618180,80268,494146,-413878,-599365,0.5
1900-01-22 14:10:30,7901.5,88218,7902.0,1162989,5166,325524,-320358,-1074771,0.5
1900-01-22 14:10:45,7890.0,8992,7890.5,69262,53942,528932,-474990,-60270,0.5
1900-01-22 14:11:00,7896.0,62378,7896.5,3761,139520,326214,-186694,58617,0.5
1900-01-22 14:11:15,7899.5,494766,7900.0,863193,825072,29886,795186,-368427,0.5
1900-01-22 14:11:30,7901.0,1197331,7901.5,5835,60818,59968,850,1191496,0.5
1900-01-22 14:11:45,7903.5,532331,7904.0,358697,168596,56878,111718,173634,0.5
1900-01-22 14:12:00,7903.5,89370,7904.0,1015618,197980,150858,47122,-926248,0.5
1900-01-22 14:12:15,7903.5,845118,7904.0,261033,42854,66192,-23338,584085,0.5
1900-01-22 14:12:30,7905.5,958284,7906.0,148980,430980,230724,200256,809304,0.5
1900-01-22 14:12:45,7912.0,210663,7912.5,31960,347634,24420,323214,178703,0.5
1900-01-22 14:13:00,7915.5,632221,7916.0,7703,195806,225470,-29664,624518,0.5
1900-01-22 14:13:15,7911.0,93806,7911.5,657430,36496,276388,-239892,-563624,0.5
1900-01-22 14:13:30,7908.0,692498,7908.5,448654,21560,135220,-113660,243844,0.5
1900-01-22 14:13:45,7912.0,784432,7912.5,300860,72680,33324,39356,483572,0.5
1900-01-22 14:14:00,7912.0,67165,7912.5,1037771,249630,161228,88402,-970606,0.5
1900-01-22 14:14:15,7905.0,7909,7905.5,729265,1892,177800,-175908,-721356,0.5
1900-01-22 14:14:30,7893.0,35946,7898.0,242103,28070,961238,-933168,-206157,5.0
1900-01-22 14:14:45,7902.5,91140,7903.0,442619,390730,258994,131736,-351479,0.5
1900-01-22 14:15:00,7902.5,1033136,7903.0,24167,176534,48640,127894,1008969,0.5
1900-01-22 14:15:15,7898.0,30928,7898.5,315167,62756,198934,-136178,-284239,0.5
1900-01-22 14:15:30,7902.5,828041,7903.0,60354,65144,55818,9326,767687,0.5
1900-01-22 14:15:45,7903.0,995587,7903.5,1208,52424,42052,10372,994379,0.5
1900-01-22 14:16:00,7900.5,847740,7901.0,88700,21472,371048,-349576,759040,0.5
1900-01-22 14:16:15,7900.5,906193,7901.0,93626,76650,7314,69336,812567,0.5
1900-01-22 14:16:30,7901.5,731917,7902.0,249848,80842,146696,-65854,482069,0.5
1900-01-22 14:16:45,7906.0,203200,7906.5,613793,210564,146468,64096,-410593,0.5
1900-01-22 14:17:00,7906.0,628528,7906.5,599507,38878,67898,-29020,29021,0.5
1900-01-22 14:17:15,7906.5,761269,7907.0,25203,101706,5096,96610,736066,0.5
1900-01-22 14:17:30,7907.0,440962,7907.5,513499,118630,8342,110288,-72537,0.5
1900-01-22 14:17:45,7907.0,381258,7907.5,319471,19478,153412,-133934,61787,0.5
1900-01-22 14:18:00,7901.0,198510,7901.5,356198,113486,441744,-328258,-157688,0.5
1900-01-22 14:18:15,7901.0,52841,7901.5,922495,52618,422934,-370316,-869654,0.5
1900-01-22 14:18:30,7902.0,809507,7902.5,3625,43898,151986,-108088,805882,0.5
1900-01-22 14:18:45,7905.0,253970,7905.5,616780,97220,74746,22474,-362810,0.5
1900-01-22 14:19:00,7901.5,3218,7902.0,337148,20644,94568,-73924,-333930,0.5
1900-01-22 14:19:15,7900.5,29398,7901.0,1053238,7400,204076,-196676,-1023840,0.5
1900-01-22 14:19:30,7896.0,438451,7896.5,100778,661052,407640,253412,337673,0.5
1900-01-22 14:19:45,7897.5,497086,7898.0,351063,131776,427392,-295616,146023,0.5
1900-01-22 14:20:00,7897.5,27623,7898.0,1239805,99722,265444,-165722,-1212182,0.5
1900-01-22 14:20:15,7897.0,16916,7897.5,598923,10000,591524,-581524,-582007,0.5
1900-01-22 14:20:30,7895.5,1940,7896.0,722827,15372,44738,-29366,-720887,0.5
1900-01-22 14:20:45,7889.0,166362,7889.5,278932,133358,741946,-608588,-112570,0.5
1900-01-22 14:21:00,7896.5,943228,7897.5,14768,238422,249956,-11534,928460,1.0
1900-01-22 14:21:15,7900.5,598156,7901.0,456610,119346,73332,46014,141546,0.5
1900-01-22 14:21:30,7905.5,580314,7906.0,447969,112294,49256,63038,132345,0.5
1900-01-22 14:21:45,7909.5,603761,7910.0,191601,911396,49742,861654,412160,0.5
1900-01-22 14:22:00,7910.5,1069023,7911.0,79691,67398,59156,8242,989332,0.5
1900-01-22 14:22:15,7912.5,82534,7913.0,72450,256030,6,256024,10084,0.5
1900-01-22 14:22:30,7915.0,1417572,7915.5,38037,263934,56104,207830,1379535,0.5
1900-01-22 14:22:45,7919.0,1582255,7919.5,270203,815954,26970,788984,1312052,0.5
1900-01-22 14:23:00,7919.0,738093,7919.5,432720,252500,303786,-51286,305373,0.5
1900-01-22 14:23:15,7919.0,1772430,7919.5,245968,78888,53866,25022,1526462,0.5
1900-01-22 14:23:30,7926.5,189809,7927.0,1897,2342672,14628,2328044,187912,0.5
1900-01-22 14:23:45,7933.0,631878,7933.5,519729,318606,98486,220120,112149,0.5
1900-01-22 14:24:00,7924.0,739159,7924.5,198276,289526,629070,-339544,540883,0.5
1900-01-22 14:24:15,7924.0,1157523,7924.5,104441,660624,227742,432882,1053082,0.5
1900-01-22 14:24:30,7928.0,1513302,7928.5,68617,87832,203912,-116080,1444685,0.5
1900-01-22 14:24:45,7931.0,900181,7931.5,299595,146362,43798,102564,600586,0.5
1900-01-22 14:25:00,7931.0,171080,7931.5,1099482,27714,247088,-219374,-928402,0.5
1900-01-22 14:25:15,7931.0,979023,7931.5,101586,135474,683644,-548170,877437,0.5
1900-01-22 14:25:30,7931.0,1163463,7931.5,72770,76938,81082,-4144,1090693,0.5
1900-01-22 14:25:45,7936.5,452004,7937.0,606243,30950,27464,3486,-154239,0.5
1900-01-22 14:26:00,7937.0,1829919,7937.5,27989,176936,51968,124968,1801930,0.5
1900-01-22 14:26:15,7937.5,959819,7938.0,53783,154388,50350,104038,906036,0.5
1900-01-22 14:26:30,7939.5,1239667,7940.0,64670,239782,76902,162880,1174997,0.5
1900-01-22 14:26:45,7939.5,397629,7940.0,453215,122664,266376,-143712,-55586,0.5
1900-01-22 14:27:00,7941.0,1518425,7941.5,47735,667192,416516,250676,1470690,0.5
1900-01-22 14:27:15,7943.0,641514,7943.5,218491,528060,20154,507906,423023,0.5
1900-01-22 14:27:30,7935.0,5364,7935.5,140656,49072,879526,-830454,-135292,0.5
1900-01-22 14:27:45,7935.0,746665,7935.5,425127,5606,113416,-107810,321538,0.5
1900-01-22 14:28:00,7928.0,550846,7928.5,814853,101776,529294,-427518,-264007,0.5
1900-01-22 14:28:15,7928.5,43520,7929.0,38,216814,115756,101058,43482,0.5
1900-01-22 14:28:30,7932.0,168644,7932.5,515810,438796,46348,392448,-347166,0.5
1900-01-22 14:28:45,7926.5,103395,7927.0,846879,64200,245132,-180932,-743484,0.5
1900-01-22 14:29:00,7929.0,827140,7929.5,14427,74682,123606,-48924,812713,0.5
1900-01-22 14:29:15,7929.0,191549,7929.5,501891,70186,81194,-11008,-310342,0.5
1900-01-22 14:29:30,7928.5,1075204,7929.0,438017,19110,41808,-22698,637187,0.5
1900-01-22 14:29:45,7928.5,1009670,7929.0,281968,126674,55554,71120,727702,0.5
1900-01-22 14:30:00,7937.5,599167,7938.0,617288,224816,128926,95890,-18121,0.5
1900-01-22 14:30:15,7936.0,659596,7936.5,30507,118442,154728,-36286,629089,0.5
1900-01-22 14:30:30,7937.0,143175,7937.5,667860,147640,45336,102304,-524685,0.5
1900-01-22 14:30:45,7937.0,918890,7937.5,151080,30212,95376,-65164,767810,0.5
1900-01-22 14:31:00,7938.5,424536,7939.0,240175,41938,195962,-154024,184361,0.5
1900-01-22 14:31:15,7930.5,637829,7931.0,5072,85610,479846,-394236,632757,0.5
1900-01-22 14:31:30,7937.5,75172,7938.0,21852,76204,35020,41184,53320,0.5
1900-01-22 14:31:45,7943.0,76390,7943.5,6549,196520,48376,148144,69841,0.5
1900-01-22 14:32:00,7961.0,102121,7961.5,2000,1588168,34092,1554076,100121,0.5
1900-01-22 14:32:15,7957.0,23726,7957.5,743785,1016270,267972,748298,-720059,0.5
1900-01-22 14:32:30,7957.0,556170,7957.5,493788,545350,288288,257062,62382,0.5
1900-01-22 14:32:45,7960.0,93139,7960.5,30373,832406,49032,783374,62766,0.5
1900-01-22 14:33:00,7950.0,179517,7957.0,8211,572962,564928,8034,171306,7.0
1900-01-22 14:33:15,7953.5,342594,7954.0,143045,335360,719848,-384488,199549,0.5
1900-01-22 14:33:30,7949.5,53932,7950.0,488919,255170,187322,67848,-434987,0.5
1900-01-22 14:33:45,7946.5,94351,7947.0,433011,34902,175214,-140312,-338660,0.5
1900-01-22 14:34:00,7941.5,39521,7942.0,352236,6508,306070,-299562,-312715,0.5
1900-01-22 14:34:15,7940.0,648725,7940.5,304341,148556,204100,-55544,344384,0.5
1900-01-22 14:34:30,7940.0,748784,7940.5,314788,125820,154868,-29048,433996,0.5
1900-01-22 14:34:45,7944.0,255169,7944.5,945932,525632,51104,474528,-690763,0.5
1900-01-22 14:35:00,7939.0,265151,7939.5,596248,369040,420040,-51000,-331097,0.5
1900-01-22 14:35:15,7939.0,51793,7939.5,1257495,87866,621586,-533720,-1205702,0.5
1900-01-22 14:35:30,7935.5,641625,7936.0,380277,128722,162148,-33426,261348,0.5
1900-01-22 14:35:45,7935.5,585469,7936.0,257657,387328,116894,270434,327812,0.5
1900-01-22 14:36:00,7935.5,43242,7936.0,1283043,238314,5940,232374,-1239801,0.5
1900-01-22 14:36:15,7926.5,944102,7927.0,524158,23678,701586,-677908,419944,0.5
1900-01-22 14:36:30,7921.5,38195,7925.0,1629564,170108,525246,-355138,-1591369,3.5
1900-01-22 14:36:45,7911.0,807,7911.5,30206,118578,564012,-445434,-29399,0.5
1900-01-22 14:37:00,7929.5,192237,7930.0,657273,774006,113978,660028,-465036,0.5
1900-01-22 14:37:15,7926.0,23278,7926.5,798801,36986,447986,-411000,-775523,0.5
1900-01-22 14:37:30,7925.0,915316,7925.5,40364,228966,45776,183190,874952,0.5
1900-01-22 14:37:45,7925.5,1070725,7926.0,89525,289500,98888,190612,981200,0.5
1900-01-22 14:38:00,7928.0,731606,7928.5,327319,43874,20308,23566,404287,0.5
1900-01-22 14:38:15,7926.0,45869,7926.5,1120051,474534,325706,148828,-1074182,0.5
1900-01-22 14:38:30,7925.0,27711,7925.5,1222446,4060,379374,-375314,-1194735,0.5
1900-01-22 14:38:45,7927.0,650275,7927.5,13401,52314,6706,45608,636874,0.5
1900-01-22 14:39:00,7928.0,679906,7928.5,1917,129410,160,129250,677989,0.5
1900-01-22 14:39:15,7929.5,759736,7930.0,25178,27576,10988,16588,734558,0.5
1900-01-22 14:39:30,7938.0,183336,7938.5,844248,114558,104520,10038,-660912,0.5
1900-01-22 14:39:45,7936.5,931135,7937.0,66644,46360,250272,-203912,864491,0.5
1900-01-22 14:40:00,7938.0,1387921,7938.5,7996,536676,6372,530304,1379925,0.5
1900-01-22 14:40:15,7940.5,1249578,7941.0,286182,35314,7994,27320,963396,0.5
1900-01-22 14:40:30,7940.5,207061,7941.0,775666,114326,45598,68728,-568605,0.5
1900-01-22 14:40:45,7931.5,1034622,7932.0,127493,334026,564608,-230582,907129,0.5
1900-01-22 14:41:00,7931.5,1286728,7932.0,59955,8172,2500,5672,1226773,0.5
1900-01-22 14:41:15,7935.0,1147287,7935.5,49125,110824,31340,79484,1098162,0.5
1900-01-22 14:41:30,7939.0,743695,7939.5,89902,135888,508,135380,653793,0.5
1900-01-22 14:41:45,7937.5,852768,7938.0,148995,136294,107148,29146,703773,0.5
1900-01-22 14:42:00,7940.5,561396,7941.0,172784,133546,37808,95738,388612,0.5
1900-01-22 14:42:15,7946.0,810209,7946.5,25675,579964,10944,569020,784534,0.5
1900-01-22 14:42:30,7948.5,635238,7949.0,127629,142572,25284,117288,507609,0.5
1900-01-22 14:42:45,7946.5,465616,7947.0,265344,78500,391786,-313286,200272,0.5
1900-01-22 14:43:00,7948.0,281008,7948.5,924208,388022,259724,128298,-643200,0.5
1900-01-22 14:43:15,7937.5,260970,7938.0,771789,380,584006,-583626,-510819,0.5
1900-01-22 14:43:30,7931.0,196987,7931.5,686107,51652,140054,-88402,-489120,0.5
1900-01-22 14:43:45,7931.0,1176034,7931.5,79788,403200,294320,108880,1096246,0.5
1900-01-22 14:44:00,7936.0,842656,7936.5,69592,122290,7562,114728,773064,0.5
1900-01-22 14:44:15,7932.5,2931,7933.0,985998,223284,98402,124882,-983067,0.5
1900-01-22 14:44:30,7926.0,11731,7926.5,1146561,21992,309198,-287206,-1134830,0.5
1900-01-22 14:44:45,7919.5,54200,7920.0,65544,670220,501022,169198,-11344,0.5
1900-01-22 14:45:00,7923.5,1141272,7924.0,483723,206982,33996,172986,657549,0.5
1900-01-22 14:45:15,7923.5,723318,7924.0,1111739,80274,20996,59278,-388421,0.5
1900-01-22 14:45:30,7924.0,1088393,7924.5,37201,124360,206278,-81918,1051192,0.5
1900-01-22 14:45:45,7924.0,890177,7924.5,561890,252928,126760,126168,328287,0.5
1900-01-22 14:46:00,7924.0,173006,7924.5,800724,40912,1062,39850,-627718,0.5
1900-01-22 14:46:15,7924.0,21138,7924.5,1008054,56714,45516,11198,-986916,0.5
1900-01-22 14:46:30,7928.0,1347353,7928.5,103842,221690,57290,164400,1243511,0.5
1900-01-22 14:46:45,7928.5,1164813,7929.0,143528,156088,1220,154868,1021285,0.5
1900-01-22 14:47:00,7932.0,872795,7932.5,132659,175028,51574,123454,740136,0.5
1900-01-22 14:47:15,7932.0,32711,7932.5,774279,3960,4868,-908,-741568,0.5
1900-01-22 14:47:30,7931.5,506212,7932.0,778755,4620,29526,-24906,-272543,0.5
1900-01-22 14:47:45,7925.0,622030,7925.5,401226,213220,379162,-165942,220804,0.5
1900-01-22 14:48:00,7924.5,387619,7925.0,549429,75704,284280,-208576,-161810,0.5
1900-01-22 14:48:15,7924.5,47725,7925.0,1462998,6020,439232,-433212,-1415273,0.5
1900-01-22 14:48:30,7923.5,305236,7924.0,648352,130272,139624,-9352,-343116,0.5
1900-01-22 14:48:45,7923.5,1290653,7924.0,78956,54034,16610,37424,1211697,0.5
1900-01-22 14:49:00,7925.0,984437,7925.5,28610,147924,16610,131314,955827,0.5
1900-01-22 14:49:15,7929.5,690409,7930.0,275619,37832,6310,31522,414790,0.5
1900-01-22 14:49:30,7929.5,192946,7930.0,953934,8476,142904,-134428,-760988,0.5
1900-01-22 14:49:45,7922.5,133374,7923.0,735528,12926,416790,-403864,-602154,0.5
1900-01-22 14:50:00,7921.5,62128,7922.0,1038517,3460,194640,-191180,-976389,0.5
1900-01-22 14:50:15,7920.5,864501,7921.0,316070,44314,183902,-139588,548431,0.5
1900-01-22 14:50:30,7923.5,1201098,7924.0,25950,116118,128956,-12838,1175148,0.5
1900-01-22 14:50:45,7925.5,654411,7926.0,3428,268204,10000,258204,650983,0.5
1900-01-22 14:51:00,7925.5,217956,7926.0,615831,64634,40000,24634,-397875,0.5
1900-01-22 14:51:15,7925.5,793653,7926.0,71445,274904,750,274154,722208,0.5
1900-01-22 14:51:30,7926.0,387580,7926.5,584144,86758,1240,85518,-196564,0.5
1900-01-22 14:51:45,7927.0,461617,7927.5,198,396470,5000,391470,461419,0.5
1900-01-22 14:52:00,7931.5,320897,7932.0,19780,57686,11600,46086,301117,0.5
1900-01-22 14:52:15,7934.5,966428,7935.0,352256,367148,2810,364338,614172,0.5
1900-01-22 14:52:30,7938.0,1457125,7938.5,191711,545634,15956,529678,1265414,0.5
1900-01-22 14:52:45,7938.0,1162704,7938.5,10085,37384,65248,-27864,1152619,0.5
1900-01-22 14:53:00,7938.5,1028052,7939.0,78976,149458,42158,107300,949076,0.5
1900-01-22 14:53:15,7938.5,282372,7939.0,405606,8240,61360,-53120,-123234,0.5
1900-01-22 14:53:30,7938.0,202794,7938.5,485145,8240,281960,-273720,-282351,0.5
1900-01-22 14:53:45,7937.0,901384,7937.5,181616,2002,219964,-217962,719768,0.5
1900-01-22 14:54:00,7938.5,1650676,7939.0,60378,61608,13720,47888,1590298,0.5
1900-01-22 14:54:15,7939.5,1389272,7940.0,217155,621490,30426,591064,1172117,0.5
1900-01-22 14:54:30,7943.5,1432774,7944.0,28246,374714,46820,327894,1404528,0.5
1900-01-22 14:54:45,7946.5,506270,7947.0,57854,125534,23124,102410,448416,0.5
1900-01-22 14:55:00,7942.5,707796,7943.0,78650,94340,146240,-51900,629146,0.5
1900-01-22 14:55:15,7942.5,1252922,7943.0,26487,16428,19338,-2910,1226435,0.5
1900-01-22 14:55:30,7942.5,1411781,7943.0,34313,30060,42406,-12346,1377468,0.5
1900-01-22 14:55:45,7940.0,31012,7940.5,452911,62480,63408,-928,-421899,0.5
1900-01-22 14:56:00,7935.0,75816,7935.5,57,12720,304202,-291482,75759,0.5
1900-01-22 14:56:15,7939.0,258562,7939.5,211735,23784,8220,15564,46827,0.5
1900-01-22 14:56:30,7942.0,592344,7942.5,237247,30616,134756,-104140,355097,0.5
1900-01-22 14:56:45,7946.5,329252,7947.0,195821,112246,8500,103746,133431,0.5
1900-01-22 14:57:00,7949.5,339124,7950.0,1030480,260458,5342,255116,-691356,0.5
1900-01-22 14:57:15,7954.5,652420,7955.0,208347,1293798,4090,1289708,444073,0.5
1900-01-22 14:57:30,7954.5,237025,7955.0,573398,404194,145838,258356,-336373,0.5
1900-01-22 14:57:45,7948.5,1482084,7949.0,203022,207282,198294,8988,1279062,0.5
1900-01-22 14:58:00,7949.5,1456136,7950.0,108315,282348,154344,128004,1347821,0.5
1900-01-22 14:58:15,7953.5,520275,7954.0,11891,142136,6840,135296,508384,0.5
1900-01-22 14:58:30,7971.5,5000,7972.0,33742,715128,77536,637592,-28742,0.5
1900-01-22 14:58:45,7961.0,33117,7963.0,100000,150540,384556,-234016,-66883,2.0
1900-01-22 14:59:00,7967.0,394379,7967.5,783580,171372,129682,41690,-389201,0.5
1900-01-22 14:59:15,7981.5,57936,7982.0,90978,1055560,312766,742794,-33042,0.5
1900-01-22 14:59:30,7972.0,387488,7972.5,594874,370652,431234,-60582,-207386,0.5
1900-01-22 14:59:45,7967.0,82356,7967.5,631410,87870,620528,-532658,-549054,0.5
1900-01-22 15:00:00,7967.0,130556,7967.5,392357,95378,408610,-313232,-261801,0.5
1900-01-22 15:00:15,7963.0,760028,7963.5,245286,141504,453588,-312084,514742,0.5
1900-01-22 15:00:30,7961.5,702601,7962.0,585387,191828,408076,-216248,117214,0.5
1900-01-22 15:00:45,7961.5,868460,7962.0,375709,391540,236190,155350,492751,0.5
1900-01-22 15:01:00,7961.5,570982,7962.0,336733,140800,103822,36978,234249,0.5
1900-01-22 15:01:15,7961.5,677145,7962.0,503572,8550,77120,-68570,173573,0.5
1900-01-22 15:01:30,7953.5,1020,7954.0,579865,15974,1386624,-1370650,-578845,0.5
1900-01-22 15:01:45,7953.0,893450,7953.5,66863,194282,172044,22238,826587,0.5
1900-01-22 15:02:00,7961.5,1650069,7962.0,159379,525496,158300,367196,1490690,0.5
1900-01-22 15:02:15,7966.5,924529,7967.0,223383,527114,181886,345228,701146,0.5
1900-01-22 15:02:30,7966.5,840247,7967.0,246427,180200,153194,27006,593820,0.5
1900-01-22 15:02:45,7974.0,371087,7974.5,402194,420804,51260,369544,-31107,0.5
1900-01-22 15:03:00,7969.0,374871,7969.5,702971,185320,327188,-141868,-328100,0.5
1900-01-22 15:03:15,7964.5,5333,7965.0,278121,62006,367478,-305472,-272788,0.5
1900-01-22 15:03:30,7964.5,640244,7965.0,342280,23892,47606,-23714,297964,0.5
1900-01-22 15:03:45,7965.0,1069944,7965.5,2642,266540,284430,-17890,1067302,0.5
1900-01-22 15:04:00,7970.5,249082,7971.0,90869,115256,51218,64038,158213,0.5
1900-01-22 15:04:15,7976.5,159474,7977.0,322104,316186,45584,270602,-162630,0.5
1900-01-22 15:04:30,7976.5,576879,7977.0,510180,285870,210666,75204,66699,0.5
1900-01-22 15:04:45,7976.5,103383,7977.0,533443,273404,210848,62556,-430060,0.5
1900-01-22 15:05:00,7970.0,445520,7970.5,1062,192822,193626,-804,444458,0.5
1900-01-22 15:05:15,7972.5,20200,7973.0,380583,66572,29896,36676,-360383,0.5
1900-01-22 15:05:30,7971.0,5417,7971.5,243363,85394,25804,59590,-237946,0.5
1900-01-22 15:05:45,7964.5,141758,7965.0,405290,1818,64772,-62954,-263532,0.5
1900-01-22 15:06:00,7962.5,248503,7963.0,1082665,22450,84102,-61652,-834162,0.5
1900-01-22 15:06:15,7962.0,520907,7962.5,507689,22334,461234,-438900,13218,0.5
1900-01-22 15:06:30,7965.0,136040,7965.5,38895,374922,15824,359098,97145,0.5
1900-01-22 15:06:45,7963.5,9119,7964.0,869860,24032,183410,-159378,-860741,0.5
1900-01-22 15:07:00,7962.0,119465,7962.5,761272,44100,275522,-231422,-641807,0.5
1900-01-22 15:07:15,7958.5,429135,7959.0,551009,9000,349066,-340066,-121874,0.5
1900-01-22 15:07:30,7959.5,936654,7960.0,402722,432138,33778,398360,533932,0.5
1900-01-22 15:07:45,7963.0,182797,7963.5,21865,232618,63346,169272,160932,0.5
1900-01-22 15:08:00,7964.5,307052,7965.0,778841,111994,18822,93172,-471789,0.5
1900-01-22 15:08:15,7960.0,170,7960.5,536107,46260,295936,-249676,-535937,0.5
1900-01-22 15:08:30,7959.0,891795,7959.5,288719,9564,96532,-86968,603076,0.5
1900-01-22 15:08:45,7959.0,443236,7959.5,664044,178738,43558,135180,-220808,0.5
1900-01-22 15:09:00,7961.5,930373,7962.0,44007,650678,97138,553540,886366,0.5
1900-01-22 15:09:15,7963.0,858418,7963.5,8083,74174,33016,41158,850335,0.5
1900-01-22 15:09:30,7960.5,172262,7961.0,1300370,163078,92370,70708,-1128108,0.5
1900-01-22 15:09:45,7964.5,654209,7965.0,44701,154718,64882,89836,609508,0.5
1900-01-22 15:10:00,7964.5,623010,7965.0,323188,11622,28824,-17202,299822,0.5
1900-01-22 15:10:15,7962.5,15950,7963.0,317,43278,207058,-163780,15633,0.5
1900-01-22 15:10:30,7960.5,64661,7961.0,903784,104,332806,-332702,-839123,0.5
1900-01-22 15:10:45,7959.5,3464,7960.0,619852,10624,117246,-106622,-616388,0.5
1900-01-22 15:11:00,7954.5,397949,7955.0,411529,90398,595360,-504962,-13580,0.5
1900-01-22 15:11:15,7958.5,212436,7959.0,902269,47126,29030,18096,-689833,0.5
1900-01-22 15:11:30,7958.5,34721,7959.0,1243927,11694,156864,-145170,-1209206,0.5
1900-01-22 15:11:45,7945.0,25120,7945.5,137971,13050,800742,-787692,-112851,0.5
1900-01-22 15:12:00,7945.0,496849,7945.5,736506,22488,268552,-246064,-239657,0.5
1900-01-22 15:12:15,7943.0,383381,7943.5,361821,41712,514016,-472304,21560,0.5
1900-01-22 15:12:30,7945.0,709212,7945.5,64433,194834,147514,47320,644779,0.5
1900-01-22 15:12:45,7945.0,5834102,7945.5,8546,134826,144272,-9446,5825556,0.5
1900-01-22 15:13:00,7946.0,41369,7946.5,827043,42920,127698,-84778,-785674,0.5
1900-01-22 15:13:15,7945.0,77161,7945.5,1062143,28066,321272,-293206,-984982,0.5
1900-01-22 15:13:30,7944.0,105517,7944.5,878847,47518,334916,-287398,-773330,0.5
1900-01-22 15:13:45,7942.0,507149,7942.5,35,19260,345522,-326262,507114,0.5
1900-01-22 15:14:00,7945.0,521868,7945.5,293617,46374,22444,23930,228251,0.5
1900-01-22 15:14:15,7953.0,264048,7953.5,104448,70628,5018,65610,159600,0.5
1900-01-22 15:14:30,7949.5,18023,7950.0,192001,181150,60110,121040,-173978,0.5
1900-01-22 15:14:45,7949.5,9097,7950.0,1437079,808,86072,-85264,-1427982,0.5
1900-01-22 15:15:00,7949.0,45136,7949.5,1092695,72788,129602,-56814,-1047559,0.5
1900-01-22 15:15:15,7945.5,33644,7946.0,1220488,26752,34688,-7936,-1186844,0.5
1900-01-22 15:15:30,7945.0,510925,7945.5,177185,337328,23628,313700,333740,0.5
1900-01-22 15:15:45,7949.5,506262,7950.0,190643,75876,98864,-22988,315619,0.5
1900-01-22 15:16:00,7949.5,594033,7950.0,403326,131966,5012,126954,190707,0.5
1900-01-22 15:16:15,7949.5,99266,7950.0,1205377,164538,60262,104276,-1106111,0.5
1900-01-22 15:16:30,7947.5,723,7948.0,977933,2880,79342,-76462,-977210,0.5
1900-01-22 15:16:45,7946.5,587034,7947.0,820898,24112,32086,-7974,-233864,0.5
1900-01-22 15:17:00,7942.0,14728,7942.5,545595,53902,63356,-9454,-530867,0.5
1900-01-22 15:17:15,7941.5,715622,7942.0,325239,23196,17582,5614,390383,0.5
1900-01-22 15:17:30,7941.5,988023,7942.0,62986,262084,79394,182690,925037,0.5
1900-01-22 15:17:45,7942.5,1056310,7943.0,40992,343152,20000,323152,1015318,0.5
1900-01-22 15:18:00,7945.0,755158,7945.5,228590,59554,204,59350,526568,0.5
1900-01-22 15:18:15,7947.0,414841,7947.5,2527,110564,1460,109104,412314,0.5
1900-01-22 15:18:30,7947.0,303987,7947.5,649004,226302,38240,188062,-345017,0.5
1900-01-22 15:18:45,7951.0,125915,7951.5,13688,115580,25768,89812,112227,0.5
1900-01-22 15:19:00,7957.0,603880,7957.5,666892,332580,3410,329170,-63012,0.5
1900-01-22 15:19:15,7957.5,917268,7958.0,17589,1045392,25532,1019860,899679,0.5
1900-01-22 15:19:30,7957.0,1101,7957.5,482742,130060,285834,-155774,-481641,0.5
1900-01-22 15:19:45,7964.0,52524,7964.5,2353,154278,42984,111294,50171,0.5
1900-01-22 15:20:00,7963.5,12140,7964.0,602927,239596,68984,170612,-590787,0.5
1900-01-22 15:20:15,7962.0,547940,7962.5,402785,22900,55770,-32870,145155,0.5
1900-01-22 15:20:30,7962.0,1382176,7962.5,95909,231346,248938,-17592,1286267,0.5
1900-01-22 15:20:45,7964.0,124412,7964.5,3000,125444,749154,-623710,121412,0.5
1900-01-22 15:21:00,7965.5,104498,7966.0,1300153,37308,342646,-305338,-1195655,0.5
1900-01-22 15:21:15,7963.5,24405,7964.0,1276202,33292,95544,-62252,-1251797,0.5
1900-01-22 15:21:30,7959.5,662353,7960.0,163197,74000,23714,50286,499156,0.5
1900-01-22 15:21:45,7959.5,1186059,7960.0,75090,182948,22542,160406,1110969,0.5
1900-01-22 15:22:00,7963.0,1161471,7963.5,13183,54260,16800,37460,1148288,0.5
1900-01-22 15:22:15,7967.5,449183,7968.0,324001,323056,167734,155322,125182,0.5
1900-01-22 15:22:30,7960.0,7226,7960.5,613365,70870,185836,-114966,-606139,0.5
1900-01-22 15:22:45,7960.0,692903,7960.5,19333,115046,10896,104150,673570,0.5
1900-01-22 15:23:00,7958.0,4277,7958.5,885644,22596,81514,-58918,-881367,0.5
1900-01-22 15:23:15,7957.5,1283500,7958.0,43536,33814,133908,-100094,1239964,0.5
1900-01-22 15:23:30,7960.5,884908,7961.0,8356,17456,15618,1838,876552,0.5
1900-01-22 15:23:45,7960.5,634509,7961.0,231305,152024,14158,137866,403204,0.5
1900-01-22 15:24:00,7960.5,957738,7961.0,2516,12594,10768,1826,955222,0.5
1900-01-22 15:24:15,7961.5,1282962,7962.0,99014,19956,1822,18134,1183948,0.5
1900-01-22 15:24:30,7966.0,1229170,7966.5,8537,268734,16436,252298,1220633,0.5
1900-01-22 15:24:45,7972.0,68264,7972.5,84784,542672,21022,521650,-16520,0.5
1900-01-22 15:25:00,7972.0,23562,7972.5,4525,534658,105234,429424,19037,0.5
1900-01-22 15:25:15,7959.0,1350363,7959.5,54682,335746,304488,31258,1295681,0.5
1900-01-22 15:25:30,7966.0,613313,7966.5,65683,62990,12384,50606,547630,0.5
1900-01-22 15:25:45,7963.5,1269590,7964.0,61076,132234,323720,-191486,1208514,0.5
1900-01-22 15:26:00,7965.0,1280155,7965.5,33830,33810,8024,25786,1246325,0.5
1900-01-22 15:26:15,7965.0,1316574,7965.5,30588,38270,20068,18202,1285986,0.5
1900-01-22 15:26:30,7965.5,1668103,7966.0,108654,76820,10900,65920,1559449,0.5
1900-01-22 15:26:45,7966.5,893480,7967.0,85828,117370,367732,-250362,807652,0.5
1900-01-22 15:27:00,7969.0,815426,7969.5,13908,116828,3400,113428,801518,0.5
1900-01-22 15:27:15,7969.5,1637268,7970.0,219331,31928,20900,11028,1417937,0.5
1900-01-22 15:27:30,7969.5,1404074,7970.0,42289,111986,26412,85574,1361785,0.5
1900-01-22 15:27:45,7973.5,933925,7974.0,119619,138954,92010,46944,814306,0.5
1900-01-22 15:28:00,7971.5,605660,7972.0,772697,217034,383670,-166636,-167037,0.5
1900-01-22 15:28:15,7971.5,678217,7972.0,660044,50880,235774,-184894,18173,0.5
1900-01-22 15:28:30,7971.0,74760,7971.5,735139,22658,870778,-848120,-660379,0.5
1900-01-22 15:28:45,7974.5,714385,7975.0,100235,62322,203392,-141070,614150,0.5
1900-01-22 15:29:00,7975.0,869987,7975.5,443240,321512,26888,294624,426747,0.5
1900-01-22 15:29:15,7975.0,375484,7975.5,509543,279192,179952,99240,-134059,0.5
1900-01-22 15:29:30,7974.5,67,7975.0,968475,36110,277254,-241144,-968408,0.5
1900-01-22 15:29:45,7976.5,1532326,7977.0,54541,561628,53696,507932,1477785,0.5
1900-01-22 15:30:00,7976.5,1072843,7977.0,156632,99410,60904,38506,916211,0.5
1900-01-22 15:30:15,7976.5,924412,7977.0,413509,95132,54290,40842,510903,0.5
1900-01-22 15:30:30,7973.0,221313,7973.5,77468,118936,280420,-161484,143845,0.5
1900-01-22 15:30:45,7974.5,535213,7975.0,134245,47726,94920,-47194,400968,0.5
1900-01-22 15:31:00,7966.5,31687,7967.0,833628,100120,147946,-47826,-801941,0.5
1900-01-22 15:31:15,7959.5,32082,7960.0,418795,96248,237232,-140984,-386713,0.5
1900-01-22 15:31:30,7972.0,29230,7972.5,22264,189728,106272,83456,6966,0.5
1900-01-22 15:31:45,7966.5,531,7967.0,201404,106802,168706,-61904,-200873,0.5
1900-01-22 15:32:00,7963.5,331737,7964.0,48,125114,102918,22196,331689,0.5
1900-01-22 15:32:15,7966.0,689384,7966.5,403206,51202,54122,-2920,286178,0.5
1900-01-22 15:32:30,7961.0,868718,7961.5,321095,654,58476,-57822,547623,0.5
1900-01-22 15:32:45,7960.0,58536,7960.5,480548,8520,47914,-39394,-422012,0.5
1900-01-22 15:33:00,7960.0,141470,7960.5,957624,37998,446988,-408990,-816154,0.5
1900-01-22 15:33:15,7955.5,65119,7956.0,114814,29844,231208,-201364,-49695,0.5
1900-01-22 15:33:30,7955.5,30283,7956.0,734454,3904,129470,-125566,-704171,0.5
1900-01-22 15:33:45,7946.0,326945,7946.5,428376,63284,232960,-169676,-101431,0.5
1900-01-22 15:34:00,7947.0,223151,7947.5,941604,4155326,320024,3835302,-718453,0.5
1900-01-22 15:34:15,7956.5,999400,7957.0,759300,320916,43846,277070,240100,0.5
1900-01-22 15:34:30,7954.5,60127,7955.0,1097025,158502,117524,40978,-1036898,0.5
1900-01-22 15:34:45,7954.0,15,7954.5,1156643,111994,82188,29806,-1156628,0.5
1900-01-22 15:35:00,7950.0,7184,7950.5,1161465,24370,121018,-96648,-1154281,0.5
1900-01-22 15:35:15,7944.0,333494,7944.5,112765,117728,311544,-193816,220729,0.5
1900-01-22 15:35:30,7945.0,773664,7945.5,827435,245506,61482,184024,-53771,0.5
1900-01-22 15:35:45,7945.0,1060685,7945.5,322510,542540,7942,534598,738175,0.5
1900-01-22 15:36:00,7945.0,653681,7945.5,904523,499566,29036,470530,-250842,0.5
1900-01-22 15:36:15,7937.5,281733,7938.0,1990300,24418,1014162,-989744,-1708567,0.5
1900-01-22 15:36:30,7940.5,293883,7941.0,1242606,236384,408312,-171928,-948723,0.5
1900-01-22 15:36:45,7940.0,385952,7940.5,848157,152332,257012,-104680,-462205,0.5
1900-01-22 15:37:00,7942.5,626081,7943.0,656724,84748,23604,61144,-30643,0.5
1900-01-22 15:37:15,7942.5,593928,7943.0,600170,264722,732,263990,-6242,0.5
1900-01-22 15:37:30,7944.0,750205,7944.5,4406,932284,8120,924164,745799,0.5
1900-01-22 15:37:45,7944.0,689066,7944.5,425875,330260,6124,324136,263191,0.5
1900-01-22 15:38:00,7947.5,616604,7948.0,884244,493528,11302,482226,-267640,0.5
1900-01-22 15:38:15,7947.5,405994,7948.0,1097470,74136,7812,66324,-691476,0.5
1900-01-22 15:38:30,7947.5,689905,7948.0,442401,313004,12518,300486,247504,0.5
1900-01-22 15:38:45,7947.5,631794,7948.0,700047,380136,24000,356136,-68253,0.5
1900-01-22 15:39:00,7947.0,87270,7947.5,1210916,153314,77982,75332,-1123646,0.5
1900-01-22 15:39:15,7940.5,909507,7941.0,379676,383060,199590,183470,529831,0.5
1900-01-22 15:39:30,7939.0,12927,7939.5,78630,103366,381996,-278630,-65703,0.5
1900-01-22 15:39:45,7924.0,176689,7924.5,958249,28336,1342816,-1314480,-781560,0.5
1900-01-22 15:40:00,7915.5,30281,7916.0,144107,92668,902278,-809610,-113826,0.5
1900-01-22 15:40:15,7920.0,1009272,7920.5,162540,447630,259766,187864,846732,0.5
1900-01-22 15:40:30,7920.0,237,7920.5,1893021,814660,289416,525244,-1892784,0.5
1900-01-22 15:40:45,7906.5,374067,7907.0,475103,141890,575102,-433212,-101036,0.5
1900-01-22 15:41:00,7907.0,224690,7907.5,487325,916418,465768,450650,-262635,0.5
1900-01-22 15:41:15,7905.0,635213,7905.5,273750,1668950,219532,1449418,361463,0.5
1900-01-22 15:41:30,7917.5,269829,7918.0,34582,551400,164886,386514,235247,0.5
1900-01-22 15:41:45,7917.0,5738,7917.5,219114,441298,216922,224376,-213376,0.5
1900-01-22 15:42:00,7920.0,279966,7920.5,45852,449624,102906,346718,234114,0.5
1900-01-22 15:42:15,7920.0,914230,7920.5,53588,344042,64400,279642,860642,0.5
1900-01-22 15:42:30,7921.0,634589,7921.5,51841,333576,33300,300276,582748,0.5
1900-01-22 15:42:45,7923.5,367720,7924.0,3294,172122,28302,143820,364426,0.5
1900-01-22 15:43:00,7920.0,13102,7920.5,108023,154100,243486,-89386,-94921,0.5
1900-01-22 15:43:15,7917.0,557635,7917.5,336945,98508,746588,-648080,220690,0.5
1900-01-22 15:43:30,7917.0,253163,7917.5,528355,181784,250176,-68392,-275192,0.5
1900-01-22 15:43:45,7912.5,624870,7913.0,86457,32450,102792,-70342,538413,0.5
1900-01-22 15:44:00,7912.5,25655,7913.0,206005,743810,107402,636408,-180350,0.5
1900-01-22 15:44:15,7912.0,821520,7912.5,1,154716,15806,138910,821519,0.5
1900-01-22 15:44:30,7911.0,61679,7911.5,828735,285644,226454,59190,-767056,0.5
1900-01-22 15:44:45,7909.5,547011,7910.0,30564,148822,744884,-596062,516447,0.5
1900-01-22 15:45:00,7907.5,62312,7908.0,1276744,189094,328194,-139100,-1214432,0.5
1900-01-22 15:45:15,7916.5,151928,7917.0,72200,732428,54468,677960,79728,0.5
1900-01-22 15:45:30,7919.5,337942,7920.0,112563,582092,1916,580176,225379,0.5
1900-01-22 15:45:45,7924.0,21784,7924.5,1308888,375268,310854,64414,-1287104,0.5
1900-01-22 15:46:00,7920.0,533004,7920.5,229418,90810,119872,-29062,303586,0.5
1900-01-22 15:46:15,7917.5,16557,7918.0,289813,144732,60864,83868,-273256,0.5
1900-01-22 15:46:30,7914.0,24975,7914.5,576159,390,607146,-606756,-551184,0.5
1900-01-22 15:46:45,7914.5,182059,7915.0,542016,147616,265026,-117410,-359957,0.5
1900-01-22 15:47:00,7917.5,324280,7918.0,521780,315942,874,315068,-197500,0.5
1900-01-22 15:47:15,7917.5,618824,7918.0,76892,270012,874,269138,541932,0.5
1900-01-22 15:47:30,7919.0,472503,7919.5,2270,505924,60870,445054,470233,0.5
1900-01-22 15:47:45,7918.0,556830,7918.5,96812,78304,92864,-14560,460018,0.5
1900-01-22 15:48:00,7925.0,185611,7925.5,839482,398230,2370,395860,-653871,0.5
1900-01-22 15:48:15,7926.0,943668,7926.5,3573,633228,91614,541614,940095,0.5
1900-01-22 15:48:30,7936.0,208115,7936.5,154292,353276,2722,350554,53823,0.5
1900-01-22 15:48:45,7933.5,3683,7934.0,1752902,156962,254870,-97908,-1749219,0.5
1900-01-22 15:49:00,7931.5,296519,7932.0,688645,110846,418508,-307662,-392126,0.5
1900-01-22 15:49:15,7934.5,461299,7935.0,6959,111232,559218,-447986,454340,0.5
1900-01-22 15:49:30,7935.5,1204942,7936.0,60512,76980,37456,39524,1144430,0.5
1900-01-22 15:49:45,7940.5,901213,7941.0,33489,772848,108500,664348,867724,0.5
1900-01-22 15:50:00,7930.5,10404,7931.0,30000,185116,534264,-349148,-19596,0.5
1900-01-22 15:50:15,7931.0,280013,7931.5,1934,56612,215554,-158942,278079,0.5
1900-01-22 15:50:30,7935.5,14565,7936.0,884386,71552,62050,9502,-869821,0.5
1900-01-22 15:50:45,7933.5,702574,7934.0,269039,3222,52658,-49436,433535,0.5
1900-01-22 15:51:00,7933.5,112257,7934.0,870661,117608,135458,-17850,-758404,0.5
1900-01-22 15:51:15,7933.5,765986,7934.0,202806,2000,123606,-121606,563180,0.5
1900-01-22 15:51:30,7930.5,820182,7931.0,480931,12808,293620,-280812,339251,0.5
1900-01-22 15:51:45,7930.5,1009337,7931.0,366923,30800,31042,-242,642414,0.5
1900-01-22 15:52:00,7930.5,331958,7931.0,785749,143224,118186,25038,-453791,0.5
1900-01-22 15:52:15,7934.0,931687,7934.5,8029,117082,161224,-44142,923658,0.5
1900-01-22 15:52:30,7935.5,994112,7936.0,4166,31830,20266,11564,989946,0.5
1900-01-22 15:52:45,7937.5,11,7938.0,1317537,73196,64972,8224,-1317526,0.5
1900-01-22 15:53:00,7933.0,1402,7933.5,320694,11058,27634,-16576,-319292,0.5
1900-01-22 15:53:15,7934.0,714588,7934.5,98645,26150,21360,4790,615943,0.5
1900-01-22 15:53:30,7933.5,288,7934.0,1284251,15638,153708,-138070,-1283963,0.5
1900-01-22 15:53:45,7934.0,78116,7934.5,506556,176964,11658,165306,-428440,0.5
1900-01-22 15:54:00,7934.5,318481,7935.0,80,255106,32472,222634,318401,0.5
1900-01-22 15:54:15,7936.5,264345,7937.0,932947,2922,4056,-1134,-668602,0.5
1900-01-22 15:54:30,7936.5,442256,7937.0,665506,13052,17954,-4902,-223250,0.5
1900-01-22 15:54:45,7939.5,942748,7940.0,42431,358024,5936,352088,900317,0.5
1900-01-22 15:55:00,7939.5,466653,7940.0,566376,94616,8160,86456,-99723,0.5
1900-01-22 15:55:15,7940.0,745505,7940.5,73496,68964,33912,35052,672009,0.5
1900-01-22 15:55:30,7939.5,65131,7940.0,979427,12828,157558,-144730,-914296,0.5
1900-01-22 15:55:45,7939.5,437308,7940.0,692215,40454,19706,20748,-254907,0.5
1900-01-22 15:56:00,7939.5,964316,7940.0,175352,590,420,170,788964,0.5
1900-01-22 15:56:15,7942.0,1330022,7942.5,134925,227386,6102,221284,1195097,0.5
1900-01-22 15:56:30,7942.0,1520770,7942.5,22694,113650,18842,94808,1498076,0.5
1900-01-22 15:56:45,7942.5,584246,7943.0,872186,32478,1752,30726,-287940,0.5
1900-01-22 15:57:00,7937.5,672,7938.0,1168500,45470,271932,-226462,-1167828,0.5
1900-01-22 15:57:15,7932.0,836963,7932.5,462213,12020,136898,-124878,374750,0.5
1900-01-22 15:57:30,7929.5,543897,7930.0,718771,17050,55000,-37950,-174874,0.5
1900-01-22 15:57:45,7923.0,43180,7923.5,906696,32202,264154,-231952,-863516,0.5
1900-01-22 15:58:00,7918.0,42,7918.5,1510381,10208,69814,-59606,-1510339,0.5
1900-01-22 15:58:15,7923.0,149722,7923.5,30000,202110,193704,8406,119722,0.5
1900-01-22 15:58:30,7927.0,14080,7927.5,1751743,46786,592188,-545402,-1737663,0.5
1900-01-22 15:58:45,7919.5,23232,7920.0,1023737,35508,35338,170,-1000505,0.5
1900-01-22 15:59:00,7918.0,847110,7918.5,75932,42398,218044,-175646,771178,0.5
1900-01-22 15:59:15,7921.5,214659,7922.0,26555,69636,11540,58096,188104,0.5
1900-01-22 15:59:30,7927.0,705685,7927.5,216786,69606,480,69126,488899,0.5
1900-01-22 15:59:45,7929.5,101457,7930.0,900942,145576,108892,36684,-799485,0.5
1900-01-22 16:00:00,7922.5,5435,7923.0,386121,14232,160190,-145958,-380686,0.5
1900-01-22 16:00:15,7922.0,776060,7922.5,232904,70056,75632,-5576,543156,0.5
1900-01-22 16:00:30,7922.5,360965,7923.0,498211,223082,87342,135740,-137246,0.5
1900-01-22 16:00:45,7920.0,94855,7920.5,340473,94392,1063956,-969564,-245618,0.5
1900-01-22 16:01:00,7915.0,377221,7915.5,1670726,31394,148032,-116638,-1293505,0.5
1900-01-22 16:01:15,7915.0,283439,7915.5,1662319,58004,101802,-43798,-1378880,0.5
1900-01-22 16:01:30,7911.0,806010,7911.5,620161,728140,317712,410428,185849,0.5
1900-01-22 16:01:45,7911.0,177576,7911.5,1217105,235842,359226,-123384,-1039529,0.5
1900-01-22 16:02:00,7910.0,199132,7910.5,926362,36424,95794,-59370,-727230,0.5
1900-01-22 16:02:15,7915.0,147832,7915.5,467892,352760,30610,322150,-320060,0.5
1900-01-22 16:02:30,7911.0,6566,7911.5,261294,49840,90530,-40690,-254728,0.5
1900-01-22 16:02:45,7909.0,84367,7909.5,1143750,39768,61202,-21434,-1059383,0.5
1900-01-22 16:03:00,7895.0,105330,7895.5,138682,42210,1719126,-1676916,-33352,0.5
1900-01-22 16:03:15,7899.5,907354,7900.0,46007,922480,1175552,-253072,861347,0.5
1900-01-22 16:03:30,7896.0,241919,7896.5,635981,794034,180952,613082,-394062,0.5
1900-01-22 16:03:45,7905.0,185583,7905.5,796311,194494,46890,147604,-610728,0.5
1900-01-22 16:04:00,7902.0,197763,7902.5,826394,318792,199842,118950,-628631,0.5
1900-01-22 16:04:15,7908.0,505618,7908.5,8829,121642,93558,28084,496789,0.5
1900-01-22 16:04:30,7909.5,642697,7910.0,35166,294158,5600,288558,607531,0.5
1900-01-22 16:04:45,7910.0,488870,7910.5,525007,164270,43522,120748,-36137,0.5
1900-01-22 16:05:00,7910.0,252036,7910.5,562362,71784,116252,-44468,-310326,0.5
1900-01-22 16:05:15,7907.5,772,7908.0,879208,40864,142588,-101724,-878436,0.5
1900-01-22 16:05:30,7905.5,703484,7906.0,630478,4478,25576,-21098,73006,0.5
1900-01-22 16:05:45,7907.0,758822,7907.5,1489,96348,81460,14888,757333,0.5
1900-01-22 16:06:00,7911.0,431459,7911.5,104109,175700,202422,-26722,327350,0.5
1900-01-22 16:06:15,7911.0,120716,7911.5,815678,161910,48044,113866,-694962,0.5
1900-01-22 16:06:30,7911.5,302407,7912.0,493147,338872,302054,36818,-190740,0.5
1900-01-22 16:06:45,7914.0,831359,7914.5,196627,221168,194244,26924,634732,0.5
1900-01-22 16:07:00,7914.5,934808,7915.0,221418,233276,8202,225074,713390,0.5
1900-01-22 16:07:15,7914.5,768303,7915.0,165038,163264,15908,147356,603265,0.5
1900-01-22 16:07:30,7912.0,327343,7912.5,723487,50032,188582,-138550,-396144,0.5
1900-01-22 16:07:45,7915.5,495784,7916.0,3134,304892,20342,284550,492650,0.5
1900-01-22 16:08:00,7917.5,1272670,7918.0,26384,29542,30628,-1086,1246286,0.5
1900-01-22 16:10:45,7925.0,1093838,7925.5,23052,82,30628,-30546,1070786,0.5
1900-01-22 16:11:00,7925.5,1406390,7926.0,6469,34430,2960,31470,1399921,0.5
1900-01-22 16:11:15,7932.5,1122030,7933.0,251043,97826,15244,82582,870987,0.5
1900-01-22 16:11:30,7932.5,1101895,7933.0,311651,216770,64470,152300,790244,0.5
1900-01-22 16:11:45,7933.5,1113548,7934.0,53584,242752,138242,104510,1059964,0.5
1900-01-22 16:12:00,7934.0,785462,7934.5,4825,114100,21320,92780,780637,0.5
1900-01-22 16:12:15,7937.5,403785,7938.0,624668,240054,16510,223544,-220883,0.5
1900-01-22 16:12:30,7936.5,5413,7937.0,1129904,108918,281086,-172168,-1124491,0.5
1900-01-22 16:12:45,7935.0,938465,7935.5,468500,20222,15782,4440,469965,0.5
1900-01-22 16:13:00,7935.0,1564124,7935.5,140275,206784,37742,169042,1423849,0.5
1900-01-22 16:13:15,7937.0,420295,7937.5,564082,81506,904,80602,-143787,0.5
1900-01-22 16:13:30,7937.0,865911,7937.5,250730,74140,53080,21060,615181,0.5
1900-01-22 16:13:45,7937.0,1053766,7937.5,670170,55610,15702,39908,383596,0.5
1900-01-22 16:14:00,7937.0,493609,7937.5,937212,55610,20740,34870,-443603,0.5
1900-01-22 16:14:15,7937.0,1532441,7937.5,374699,124936,31432,93504,1157742,0.5
1900-01-22 16:14:30,7938.0,1247436,7938.5,17123,467700,25242,442458,1230313,0.5
1900-01-22 16:14:45,7938.5,493749,7939.0,708018,38324,16008,22316,-214269,0.5
1900-01-22 16:15:00,7938.0,68335,7938.5,2032438,14484,840916,-826432,-1964103,0.5
1900-01-22 16:15:15,7932.5,264781,7933.0,589833,400,220998,-220598,-325052,0.5
1900-01-22 16:15:30,7932.5,306196,7933.0,904216,80100,106706,-26606,-598020,0.5
1900-01-22 16:15:45,7932.0,27961,7932.5,755904,11498,196968,-185470,-727943,0.5
1900-01-22 16:16:00,7933.0,730372,7933.5,645719,86394,406564,-320170,84653,0.5
1900-01-22 16:16:15,7935.0,711661,7935.5,99131,44574,194610,-150036,612530,0.5
1900-01-22 16:16:30,7935.0,527134,7935.5,411952,19602,38400,-18798,115182,0.5
1900-01-22 16:16:45,7933.0,206650,7933.5,1093716,43218,318946,-275728,-887066,0.5
1900-01-22 16:17:00,7932.0,1364,7932.5,664888,68,64032,-63964,-663524,0.5
1900-01-22 16:17:15,7929.5,17068,7930.0,1081909,133080,46830,86250,-1064841,0.5
1900-01-22 16:17:30,7929.0,94935,7929.5,809597,14090,10262,3828,-714662,0.5
1900-01-22 16:17:45,7929.0,779521,7929.5,340122,20384,20422,-38,439399,0.5
1900-01-22 16:18:00,7929.0,1227263,7929.5,31310,52212,20160,32052,1195953,0.5
1900-01-22 16:18:15,7937.5,45792,7938.0,3488,440262,4124,436138,42304,0.5
1900-01-22 16:18:30,7939.5,978976,7940.0,372098,537572,20148,517424,606878,0.5
1900-01-22 16:18:45,7937.5,2551,7938.0,271323,59722,90982,-31260,-268772,0.5
1900-01-22 16:19:00,7933.5,92050,7934.0,238082,15242,48484,-33242,-146032,0.5
1900-01-22 16:19:15,7931.5,224497,7932.0,1028871,10536,131782,-121246,-804374,0.5
1900-01-22 16:19:30,7933.0,873727,7933.5,1663,185228,181658,3570,872064,0.5
1900-01-22 16:19:45,7933.0,51307,7933.5,1138352,13404,100828,-87424,-1087045,0.5
1900-01-22 16:20:00,7931.5,187027,7932.0,991707,812,95130,-94318,-804680,0.5
1900-01-22 16:20:15,7931.5,215273,7932.0,950139,452,105548,-105096,-734866,0.5
1900-01-22 16:20:30,7931.5,833402,7932.0,501296,1300,2842,-1542,332106,0.5
1900-01-22 16:20:45,7931.5,125550,7932.0,780596,4004,70280,-66276,-655046,0.5
1900-01-22 16:21:00,7931.0,27922,7931.5,1664210,750,72008,-71258,-1636288,0.5
1900-01-22 16:21:15,7928.5,88963,7929.0,847500,4150,93020,-88870,-758537,0.5
1900-01-22 16:21:30,7927.5,15081,7928.0,1399627,320,90212,-89892,-1384546,0.5
1900-01-22 16:21:45,7925.0,91761,7925.5,1207067,1400,89488,-88088,-1115306,0.5
1900-01-22 16:22:00,7925.0,804070,7925.5,269644,122346,44600,77746,534426,0.5
1900-01-22 16:22:15,7925.0,174892,7925.5,1204882,83640,200,83440,-1029990,0.5
1900-01-22 16:22:30,7925.0,132630,7925.5,865268,5300,90678,-85378,-732638,0.5
1900-01-22 16:22:45,7925.0,803268,7925.5,347350,16442,47588,-31146,455918,0.5
1900-01-22 16:23:00,7924.0,28640,7924.5,568325,3202,23960,-20758,-539685,0.5
1900-01-22 16:23:15,7924.0,519082,7924.5,671193,3634,37550,-33916,-152111,0.5
1900-01-22 16:23:30,7924.0,695806,7924.5,304774,42264,22272,19992,391032,0.5
1900-01-22 16:23:45,7924.0,693864,7924.5,44736,347654,2670,344984,649128,0.5
1900-01-22 16:24:00,7924.0,1087036,7924.5,8220,216394,1852,214542,1078816,0.5
1900-01-22 16:24:15,7925.0,940972,7925.5,50336,71588,21638,49950,890636,0.5
1900-01-22 16:24:30,7925.0,26967,7925.5,1395377,103660,52578,51082,-1368410,0.5
1900-01-22 16:24:45,7924.0,12492,7924.5,1162357,32122,33488,-1366,-1149865,0.5
1900-01-22 16:25:00,7920.5,12675,7921.0,1169088,9390,297534,-288144,-1156413,0.5
1900-01-22 16:25:15,7919.0,57981,7919.5,548370,71462,143924,-72462,-490389,0.5
1900-01-22 16:25:30,7919.0,480506,7919.5,329159,54486,101692,-47206,151347,0.5
1900-01-22 16:25:45,7919.0,58131,7919.5,1126142,9020,11734,-2714,-1068011,0.5
1900-01-22 16:26:00,7912.0,7328,7912.5,1114775,742,152656,-151914,-1107447,0.5
1900-01-22 16:26:15,7914.0,1059399,7914.5,69945,478612,51226,427386,989454,0.5
1900-01-22 16:26:30,7914.0,62609,7914.5,1024071,208086,73996,134090,-961462,0.5
1900-01-22 16:26:45,7914.0,1002183,7914.5,13402,289236,10328,278908,988781,0.5
1900-01-22 16:27:00,7914.0,136348,7914.5,787027,20338,23144,-2806,-650679,0.5
1900-01-22 16:27:15,7914.5,1300874,7915.0,3110,57882,12904,44978,1297764,0.5
1900-01-22 16:27:30,7916.5,1143981,7917.0,20418,27530,28524,-994,1123563,0.5
1900-01-22 16:27:45,7919.5,569742,7920.0,237603,87146,22590,64556,332139,0.5
1900-01-22 16:28:00,7921.5,480705,7922.0,5122,420814,1524,419290,475583,0.5
1900-01-22 16:28:15,7924.0,1181477,7924.5,41193,46218,1524,44694,1140284,0.5
1900-01-22 16:28:30,7926.0,659947,7926.5,507200,162910,14912,147998,152747,0.5
1900-01-22 16:28:45,7926.0,330608,7926.5,533387,165036,4156,160880,-202779,0.5
1900-01-22 16:29:00,7926.0,127170,7926.5,828020,18246,24892,-6646,-700850,0.5
1900-01-22 16:29:15,7926.0,340500,7926.5,1215072,29768,114632,-84864,-874572,0.5
1900-01-22 16:29:30,7929.5,1026244,7930.0,36281,279776,4390,275386,989963,0.5
1900-01-22 16:29:45,7929.5,431291,7930.0,632388,82110,80924,1186,-201097,0.5
1900-01-22 16:30:00,7929.5,354502,7930.0,728318,24932,176316,-151384,-373816,0.5
1900-01-22 16:30:15,7929.5,65327,7930.0,972932,65206,236086,-170880,-907605,0.5
1900-01-22 16:30:30,7930.5,777758,7931.0,156219,32702,19400,13302,621539,0.5
1900-01-22 16:30:45,7930.5,967609,7931.0,29299,226616,5824,220792,938310,0.5
1900-01-22 16:31:00,7930.5,980319,7931.0,54840,35882,3368,32514,925479,0.5
1900-01-22 16:31:15,7931.5,957146,7932.0,43409,43830,9930,33900,913737,0.5
1900-01-22 16:31:30,7933.5,1715139,7934.0,6708,404646,22908,381738,1708431,0.5
1900-01-22 16:31:45,7937.0,912683,7937.5,146886,257456,8110,249346,765797,0.5
1900-01-22 16:32:00,7938.5,210940,7939.0,548591,164134,8134,156000,-337651,0.5
1900-01-22 16:32:15,7938.5,40033,7939.0,957298,120612,139852,-19240,-917265,0.5
1900-01-22 16:32:30,7933.5,60381,7934.0,555117,12668,117792,-105124,-494736,0.5
1900-01-22 16:32:45,7931.5,4377,7932.0,1050243,2000,74604,-72604,-1045866,0.5
1900-01-22 16:33:00,7931.5,35160,7932.0,924527,10300,236114,-225814,-889367,0.5
1900-01-22 16:33:15,7931.5,988986,7932.0,119573,15616,534042,-518426,869413,0.5
1900-01-22 16:33:30,7930.5,79061,7931.0,1015452,3876,75564,-71688,-936391,0.5
1900-01-22 16:33:45,7928.0,53776,7928.5,1166245,3876,385906,-382030,-1112469,0.5
1900-01-22 16:34:00,7928.0,85395,7928.5,987230,620,38704,-38084,-901835,0.5
1900-01-22 16:34:15,7928.0,1164871,7928.5,20736,48932,64476,-15544,1144135,0.5
1900-01-22 16:34:30,7931.5,406552,7932.0,27600,116676,38976,77700,378952,0.5
1900-01-22 16:34:45,7931.5,50964,7932.0,1205130,65972,72140,-6168,-1154166,0.5
1900-01-22 16:35:00,7931.5,104834,7932.0,1082612,8472,33402,-24930,-977778,0.5
1900-01-22 16:35:15,7930.5,81197,7931.0,1301158,10002,32574,-22572,-1219961,0.5
1900-01-22 16:35:30,7930.5,88939,7931.0,1319544,858,22016,-21158,-1230605,0.5
1900-01-22 16:35:45,7930.0,264244,7930.5,1415833,3350,215814,-212464,-1151589,0.5
1900-01-22 16:36:00,7930.0,817011,7930.5,599826,3350,4676,-1326,217185,0.5
1900-01-22 16:36:15,7930.0,164201,7930.5,1281993,6094,161370,-155276,-1117792,0.5
1900-01-22 16:36:30,7930.0,157079,7930.5,1349051,9006,45502,-36496,-1191972,0.5
1900-01-22 16:36:45,7926.5,10034,7927.0,1566466,9006,143290,-134284,-1556432,0.5
1900-01-22 16:37:00,7925.5,347011,7926.0,1658088,17062,436292,-419230,-1311077,0.5
1900-01-22 16:37:15,7925.5,650882,7926.0,520915,21000,223162,-202162,129967,0.5
1900-01-22 16:37:30,7925.0,95396,7925.5,1109462,8504,255672,-247168,-1014066,0.5
1900-01-22 16:37:45,7925.0,59088,7925.5,1429502,25326,134042,-108716,-1370414,0.5
1900-01-22 16:38:00,7923.5,106043,7924.0,1124052,6930,89764,-82834,-1018009,0.5
1900-01-22 16:38:15,7923.0,143950,7923.5,1189481,8984,163574,-154590,-1045531,0.5
1900-01-22 16:38:30,7920.0,103311,7920.5,1164190,4900,301548,-296648,-1060879,0.5
1900-01-22 16:38:45,7919.5,14249,7920.0,966320,5488,23292,-17804,-952071,0.5
1900-01-22 16:39:00,7919.0,966526,7919.5,82530,3726,218632,-214906,883996,0.5
1900-01-22 16:39:15,7929.5,21479,7930.0,1344076,324726,16646,308080,-1322597,0.5
1900-01-22 16:39:30,7926.0,723381,7926.5,14409,51680,1158,50522,708972,0.5
1900-01-22 16:39:45,7928.5,687977,7929.0,562630,119430,17938,101492,125347,0.5
1900-01-22 16:40:00,7930.5,663867,7931.0,219550,95246,11744,83502,444317,0.5
1900-01-22 16:40:15,7935.0,863624,7935.5,66444,21462,15368,6094,797180,0.5
1900-01-22 16:40:30,7938.5,154359,7939.0,748186,679424,60028,619396,-593827,0.5
1900-01-22 16:40:45,7942.0,341642,7942.5,12111,111856,116414,-4558,329531,0.5
1900-01-22 16:41:00,7942.0,326871,7942.5,972727,339516,73844,265672,-645856,0.5
1900-01-22 16:41:15,7942.0,11610,7942.5,1225064,50110,83428,-33318,-1213454,0.5
1900-01-22 16:41:30,7940.5,184586,7941.0,742100,116366,49758,66608,-557514,0.5
1900-01-22 16:41:45,7940.5,610979,7941.0,189960,126398,168290,-41892,421019,0.5
1900-01-22 16:42:00,7941.0,816819,7941.5,100154,104704,4800,99904,716665,0.5
1900-01-22 16:42:15,7947.5,766964,7948.0,4407,928658,2940,925718,762557,0.5
1900-01-22 16:42:30,7946.5,305787,7947.0,529319,813872,71712,742160,-223532,0.5
1900-01-22 16:42:45,7949.0,14192,7949.5,485031,146502,279942,-133440,-470839,0.5
1900-01-22 16:43:00,7949.0,267563,7949.5,650412,80800,53194,27606,-382849,0.5
1900-01-22 16:43:15,7945.0,474548,7945.5,190487,198118,153708,44410,284061,0.5
1900-01-22 16:43:30,7947.5,684055,7948.0,171815,257544,42324,215220,512240,0.5
1900-01-22 16:43:45,7952.0,392971,7952.5,294778,150532,44120,106412,98193,0.5
1900-01-22 16:44:00,7950.0,580663,7950.5,137021,101860,59794,42066,443642,0.5
1900-01-22 16:44:15,7947.0,186410,7947.5,664402,261080,222102,38978,-477992,0.5
1900-01-22 16:44:30,7941.5,2419,7942.0,90930,8680,245022,-236342,-88511,0.5
1900-01-22 16:44:45,7938.0,22747,7938.5,1336260,40334,586308,-545974,-1313513,0.5
1900-01-22 16:45:00,7935.5,72925,7936.0,842927,18382,143896,-125514,-770002,0.5
1900-01-22 16:45:15,7925.5,696845,7926.0,32,299596,1448066,-1148470,696813,0.5
1900-01-22 16:45:30,7927.5,628303,7928.0,440206,789992,10462,779530,188097,0.5
1900-01-22 16:45:45,7921.0,902706,7921.5,411156,26440,522788,-496348,491550,0.5
1900-01-22 16:46:00,7921.0,1454908,7921.5,200388,64318,66400,-2082,1254520,0.5
1900-01-22 16:46:15,7921.5,804617,7922.0,434216,64758,472,64286,370401,0.5
1900-01-22 16:46:30,7924.0,1059561,7924.5,95204,790912,1320,789592,964357,0.5
1900-01-22 16:46:45,7927.5,786887,7928.0,116233,179060,2066,176994,670654,0.5
1900-01-22 16:47:00,7927.5,922284,7928.0,420341,52922,36404,16518,501943,0.5
1900-01-22 16:47:15,7927.5,1005928,7928.0,68936,147182,36404,110778,936992,0.5
1900-01-22 16:47:30,7927.5,1349328,7928.0,406281,156240,114108,42132,943047,0.5
1900-01-22 16:47:45,7927.5,1206547,7928.0,157082,31594,600,30994,1049465,0.5
1900-01-22 16:48:00,7927.5,1045584,7928.0,275640,3280,7740,-4460,769944,0.5
1900-01-22 16:48:15,7927.5,1235525,7928.0,69496,33208,3922,29286,1166029,0.5
1900-01-22 16:48:30,7927.5,960520,7928.0,282608,21896,4000,17896,677912,0.5
1900-01-22 16:48:45,7928.0,673373,7928.5,1878,17194,200,16994,671495,0.5
1900-01-22 16:49:00,7930.0,1047362,7930.5,29806,44292,5410,38882,1017556,0.5
1900-01-22 16:49:15,7931.0,248303,7931.5,478625,211886,25816,186070,-230322,0.5
1900-01-22 16:49:30,7931.0,545019,7931.5,394418,185730,20128,165602,150601,0.5
1900-01-22 16:49:45,7931.0,697507,7931.5,378297,16154,3176,12978,319210,0.5
1900-01-22 16:50:00,7931.0,621205,7931.5,583013,4728,30280,-25552,38192,0.5
1900-01-22 16:50:15,7931.0,603270,7931.5,490104,1166,914,252,113166,0.5
1900-01-22 16:50:45,7930.5,17124,7931.0,301062,2,12431,-12429,-283938,0.5
1900-01-22 16:51:00,7926.5,55866,7927.0,1032610,16304,165640,-149336,-976744,0.5
1900-01-22 16:51:15,7926.5,997387,7927.0,178130,32554,61752,-29198,819257,0.5
1900-01-22 16:51:30,7929.0,401865,7929.5,2553,48634,162,48472,399312,0.5
1900-01-22 16:51:45,7929.5,306306,7930.0,669394,22628,5322,17306,-363088,0.5
1900-01-22 16:52:00,7929.5,543564,7930.0,789552,17220,22032,-4812,-245988,0.5
1900-01-22 16:52:15,7926.5,235429,7927.0,704311,3480,150718,-147238,-468882,0.5
1900-01-22 16:52:30,7924.5,11680,7925.0,697432,3004,154986,-151982,-685752,0.5
1900-01-22 16:52:45,7915.5,924418,7916.0,116113,193230,607690,-414460,808305,0.5
1900-01-22 16:53:00,7917.5,302124,7918.0,59674,187102,12046,175056,242450,0.5
1900-01-22 16:53:15,7918.5,277233,7919.0,47953,785676,12200,773476,229280,0.5
1900-01-22 16:53:30,7921.0,353888,7921.5,121,83374,1818,81556,353767,0.5
1900-01-22 16:53:45,7921.0,297413,7921.5,508945,4806,18098,-13292,-211532,0.5
1900-01-22 16:54:00,7921.0,452857,7921.5,357953,14040,93234,-79194,94904,0.5
1900-01-22 16:54:15,7919.0,2184,7919.5,880685,56648,391782,-335134,-878501,0.5
1900-01-22 16:54:30,7918.5,313803,7919.0,722568,5100,129450,-124350,-408765,0.5
1900-01-22 16:54:45,7918.5,643499,7919.0,486196,4202,28630,-24428,157303,0.5
1900-01-22 16:55:00,7918.5,795286,7919.0,99494,4866,9346,-4480,695792,0.5
1900-01-22 16:55:15,7918.5,1004709,7919.0,83062,18920,574,18346,921647,0.5
1900-01-22 16:55:30,7918.5,858708,7919.0,60159,11278,60,11218,798549,0.5
1900-01-22 16:55:45,7919.5,1012297,7920.0,48185,55560,110,55450,964112,0.5
1900-01-22 16:56:00,7920.5,938588,7921.0,327,104952,2648,102304,938261,0.5
1900-01-22 16:56:15,7922.0,543322,7922.5,463452,21272,8324,12948,79870,0.5
1900-01-22 16:56:30,7923.5,415149,7924.0,879667,175774,60200,115574,-464518,0.5
1900-01-22 16:56:45,7924.5,1200776,7925.0,8672,20568,60200,-39632,1192104,0.5
1900-01-22 16:57:00,7928.0,876691,7928.5,20896,7004,182,6822,855795,0.5
1900-01-22 16:57:15,7921.5,313283,7922.0,620551,14340,92602,-78262,-307268,0.5
1900-01-22 16:57:30,7921.5,94205,7922.0,693804,7596,1052,6544,-599599,0.5
1900-01-22 16:57:45,7921.5,1006180,7922.0,31569,136182,51856,84326,974611,0.5
1900-01-22 16:58:00,7921.5,866881,7922.0,157478,20760,3316,17444,709403,0.5
1900-01-22 16:58:15,7921.5,50477,7922.0,756783,15242,18812,-3570,-706306,0.5
1900-01-22 16:58:30,7921.0,797783,7921.5,230556,1500,2618,-1118,567227,0.5
1900-01-22 16:58:45,7921.0,148169,7921.5,709788,18254,26378,-8124,-561619,0.5
1900-01-22 16:59:00,7921.0,63429,7921.5,699185,2000,49072,-47072,-635756,0.5
1900-01-22 16:59:15,7921.0,609157,7921.5,420492,4800,6400,-1600,188665,0.5
1900-01-22 16:59:30,7921.0,172267,7921.5,854479,8900,89498,-80598,-682212,0.5
1900-01-22 16:59:45,7918.5,391351,7919.0,649797,4524,245724,-241200,-258446,0.5
1900-01-22 17:00:00,7918.5,439611,7919.0,1116138,12908,97952,-85044,-676527,0.5
1900-01-22 17:00:15,7918.5,771946,7919.0,873544,8138,112326,-104188,-101598,0.5
1900-01-22 17:00:30,7918.5,1088602,7919.0,539164,101000,322142,-221142,549438,0.5
1900-01-22 17:00:45,7918.5,501972,7919.0,1122994,17760,8094,9666,-621022,0.5
1900-01-22 17:01:00,7918.5,587017,7919.0,1151702,49476,43154,6322,-564685,0.5
1900-01-22 17:01:15,7918.5,529656,7919.0,1170131,42884,119460,-76576,-640475,0.5
1900-01-22 17:01:30,7918.5,301872,7919.0,1592311,106844,195296,-88452,-1290439,0.5
1900-01-22 17:01:45,7915.0,153798,7915.5,985952,2586,245836,-243250,-832154,0.5
1900-01-22 17:02:00,7915.0,426316,7915.5,1177436,7800,183216,-175416,-751120,0.5
1900-01-22 17:02:15,7911.5,27358,7912.0,1044277,2252,355936,-353684,-1016919,0.5
1900-01-22 17:02:30,7911.5,647868,7912.0,791508,143422,323382,-179960,-143640,0.5
1900-01-22 17:02:45,7911.5,725419,7912.0,847537,155150,24202,130948,-122118,0.5
1900-01-22 17:03:00,7911.5,572692,7912.0,1241693,165084,190666,-25582,-669001,0.5
1900-01-22 17:03:15,7911.5,898532,7912.0,1025585,18144,572,17572,-127053,0.5
1900-01-22 17:03:30,7911.5,865125,7912.0,881864,219370,130374,88996,-16739,0.5
1900-01-22 17:03:45,7922.5,30028,7923.0,892849,926236,31682,894554,-862821,0.5
1900-01-22 17:04:00,7928.5,661689,7929.0,297618,190598,71892,118706,364071,0.5
1900-01-22 17:04:15,7928.5,345106,7929.0,850900,223214,433454,-210240,-505794,0.5
1900-01-22 17:04:30,7923.0,659727,7923.5,408911,69792,412480,-342688,250816,0.5
1900-01-22 17:04:45,7927.0,1314865,7927.5,8229,108666,39510,69156,1306636,0.5
1900-01-22 17:05:00,7928.5,814305,7929.0,31011,130204,32694,97510,783294,0.5
1900-01-22 17:05:15,7928.5,121779,7929.0,983301,26048,73092,-47044,-861522,0.5
1900-01-22 17:05:30,7928.5,43852,7929.0,1141759,2352,144782,-142430,-1097907,0.5
1900-01-22 17:05:45,7929.5,889092,7930.0,328949,98722,11990,86732,560143,0.5
1900-01-22 17:06:00,7929.5,49724,7930.0,1264716,550258,23252,527006,-1214992,0.5
1900-01-22 17:06:15,7929.5,650776,7930.0,688434,2946,28400,-25454,-37658,0.5
1900-01-22 17:06:30,7929.5,141392,7930.0,1241094,187054,5010,182044,-1099702,0.5
1900-01-22 17:06:45,7929.5,44669,7930.0,1276547,3416,146330,-142914,-1231878,0.5
1900-01-22 17:07:00,7929.5,600179,7930.0,721396,104136,46400,57736,-121217,0.5
1900-01-22 17:07:15,7929.5,650558,7930.0,426207,226226,1252,224974,224351,0.5
1900-01-22 17:07:30,7929.5,928184,7930.0,175688,294074,2160,291914,752496,0.5
1900-01-22 17:07:45,7933.0,1430375,7933.5,212746,2024698,402,2024296,1217629,0.5
1900-01-22 17:08:00,7934.5,518065,7935.0,611235,800808,201470,599338,-93170,0.5
1900-01-22 17:08:15,7934.5,828123,7935.0,788367,457928,2004,455924,39756,0.5
1900-01-22 17:08:30,7934.5,1937615,7935.0,40057,604424,1200,603224,1897558,0.5
1900-01-22 17:08:45,7936.5,353442,7937.0,365,26822,17000,9822,353077,0.5
1900-01-22 17:09:00,7938.0,1394337,7938.5,123773,154234,130384,23850,1270564,0.5
1900-01-22 17:09:15,7938.0,723878,7938.5,632042,129200,130384,-1184,91836,0.5
1900-01-22 17:09:30,7938.5,1205178,7939.0,244512,112712,10260,102452,960666,0.5
1900-01-22 17:09:45,7939.5,1187354,7940.0,95132,689786,3474,686312,1092222,0.5
1900-01-22 17:10:00,7939.5,1491592,7940.0,143539,237924,43008,194916,1348053,0.5
1900-01-22 17:10:15,7949.5,523645,7950.0,292065,1229880,27752,1202128,231580,0.5
1900-01-22 17:10:30,7945.5,150437,7946.0,797111,98572,100146,-1574,-646674,0.5
1900-01-22 17:10:45,7938.5,1253214,7939.0,43809,55486,57962,-2476,1209405,0.5
1900-01-22 17:11:00,7945.0,36080,7945.5,69626,208652,104112,104540,-33546,0.5
1900-01-22 17:11:15,7949.5,605964,7950.0,301012,234214,154526,79688,304952,0.5
1900-01-22 17:11:30,7949.5,322884,7950.0,645569,51392,56440,-5048,-322685,0.5
1900-01-22 17:11:45,7945.5,873568,7946.0,274850,430,467630,-467200,598718,0.5
1900-01-22 17:12:00,7945.5,989838,7946.0,249103,9690,160828,-151138,740735,0.5
1900-01-22 17:12:15,7945.5,1023663,7946.0,144606,108218,95476,12742,879057,0.5
1900-01-22 17:12:30,7948.5,822040,7949.0,77605,482844,56262,426582,744435,0.5
1900-01-22 17:12:45,7948.5,412359,7949.0,574786,132522,8120,124402,-162427,0.5
1900-01-22 17:13:00,7948.0,22796,7948.5,296230,16304,153072,-136768,-273434,0.5
1900-01-22 17:13:15,7945.5,808775,7946.0,333816,1994,154716,-152722,474959,0.5
1900-01-22 17:13:30,7945.5,41910,7946.0,1030057,141154,278234,-137080,-988147,0.5
1900-01-22 17:13:45,7942.0,422432,7942.5,1021156,832,163568,-162736,-598724,0.5
1900-01-22 17:14:00,7940.0,812668,7940.5,306753,7072,516810,-509738,505915,0.5
1900-01-22 17:14:15,7940.0,810552,7940.5,479438,11500,21060,-9560,331114,0.5
1900-01-22 17:14:30,7940.0,344943,7940.5,1092329,7058,69500,-62442,-747386,0.5
1900-01-22 17:14:45,7940.0,43562,7940.5,1090283,10000,666664,-656664,-1046721,0.5
1900-01-22 17:15:00,7937.0,16161,7937.5,847745,12200,153010,-140810,-831584,0.5
1900-01-22 17:15:15,7935.0,674281,7935.5,335263,14220,281648,-267428,339018,0.5
1900-01-22 17:15:30,7935.0,645635,7935.5,441499,28440,52244,-23804,204136,0.5
1900-01-22 17:15:45,7935.0,482181,7935.5,732375,127990,16044,111946,-250194,0.5
1900-01-22 17:16:00,7935.0,357351,7935.5,647330,101804,68108,33696,-289979,0.5
1900-01-22 17:16:15,7932.5,168443,7933.0,948324,197198,330224,-133026,-779881,0.5
1900-01-22 17:16:30,7932.5,48352,7933.0,876211,12,127626,-127614,-827859,0.5
1900-01-22 17:16:45,7932.5,580114,7933.0,634782,2000,16390,-14390,-54668,0.5
1900-01-22 17:17:00,7932.5,656217,7933.0,206947,40926,14796,26130,449270,0.5
1900-01-22 17:17:15,7934.0,460699,7934.5,2090,123338,14796,108542,458609,0.5
1900-01-22 17:17:30,7936.0,803757,7936.5,11100,187990,802,187188,792657,0.5
1900-01-22 17:17:45,7936.5,839136,7937.0,106665,30916,10704,20212,732471,0.5
1900-01-22 17:18:00,7936.5,916321,7937.0,15040,11896,4006,7890,901281,0.5
1900-01-22 17:18:15,7937.5,1115958,7938.0,39310,580566,5832,574734,1076648,0.5
1900-01-22 17:18:30,7939.5,998101,7940.0,322429,154740,4000,150740,675672,0.5
1900-01-22 17:18:45,7939.5,811529,7940.0,563743,145740,622,145118,247786,0.5
1900-01-22 17:19:00,7939.5,905011,7940.0,131449,282650,3002,279648,773562,0.5
1900-01-22 17:19:15,7940.5,788310,7941.0,59389,183568,9002,174566,728921,0.5
1900-01-22 17:19:30,7940.5,504184,7941.0,677206,259584,11600,247984,-173022,0.5
1900-01-22 17:19:45,7940.5,634208,7941.0,600155,26226,2242,23984,34053,0.5
1900-01-22 17:20:00,7946.0,1321131,7946.5,36193,372534,24758,347776,1284938,0.5
1900-01-22 17:20:15,7947.0,334800,7947.5,834761,168398,66330,102068,-499961,0.5
1900-01-22 17:20:30,7947.0,50549,7947.5,894961,118262,229626,-111364,-844412,0.5
1900-01-22 17:20:45,7947.0,916562,7947.5,154074,393036,49468,343568,762488,0.5
1900-01-22 17:21:00,7948.5,1213176,7949.0,19072,326286,52046,274240,1194104,0.5
1900-01-22 17:21:15,7953.0,27427,7953.5,9881,517660,52776,464884,17546,0.5
1900-01-22 17:21:30,7954.0,796277,7954.5,47367,753936,84032,669904,748910,0.5
1900-01-22 17:21:45,7954.5,1008258,7955.0,130426,204654,18700,185954,877832,0.5
1900-01-22 17:22:00,7954.0,49460,7954.5,278972,108650,160162,-51512,-229512,0.5
1900-01-22 17:22:15,7947.5,2914,7948.0,523011,91120,452284,-361164,-520097,0.5
1900-01-22 17:22:30,7949.5,823954,7950.0,370311,41944,210732,-168788,453643,0.5
1900-01-22 17:22:45,7949.5,1048054,7950.0,310574,135714,21700,114014,737480,0.5
1900-01-22 17:23:00,7949.5,298010,7950.0,587252,135714,500,135214,-289242,0.5
1900-01-22 17:23:15,7950.5,505709,7951.0,60216,74939,12843,62096,445493,0.5
1900-01-22 17:23:30,7953.0,1911422,7953.5,96,103832,28006,75826,1911326,0.5
1900-01-22 17:23:45,7955.0,1058895,7955.5,385100,52486,5470,47016,673795,0.5
1900-01-22 17:24:00,7955.0,335191,7955.5,737599,82411,7584,74827,-402408,0.5
1900-01-22 17:24:15,7951.5,345799,7952.0,9733,89142,197767,-108625,336066,0.5
1900-01-22 17:24:30,7952.0,1579018,7952.5,47811,37197,1022,36175,1531207,0.5
1900-01-22 17:24:45,7954.0,1050131,7954.5,17519,40562,54986,-14424,1032612,0.5
1900-01-22 17:25:00,7956.0,1189129,7956.5,66394,577697,52655,525042,1122735,0.5
1900-01-22 17:25:15,7958.0,1718729,7958.5,14989,165434,218804,-53370,1703740,0.5
1900-01-22 17:25:30,7962.5,12000,7964.5,5483,613576,36751,576825,6517,2.0
1900-01-22 17:25:45,7965.0,975524,7965.5,124390,856523,19637,836886,851134,0.5
1900-01-22 17:26:00,7965.5,1550286,7966.0,164103,295981,65699,230282,1386183,0.5
1900-01-22 17:26:15,7974.5,95094,7975.0,263093,642230,231462,410768,-167999,0.5
1900-01-22 17:26:30,7975.0,309969,7975.5,172270,219761,67079,152682,137699,0.5
1900-01-22 17:26:45,7976.5,104078,7977.0,597964,606584,117647,488937,-493886,0.5
1900-01-22 17:27:00,7973.5,18493,7974.0,25402,224922,846314,-621392,-6909,0.5
1900-01-22 17:27:15,7979.0,529369,7979.5,465323,335927,195494,140433,64046,0.5
1900-01-22 17:27:30,7982.5,93500,7983.0,198718,1577623,193311,1384312,-105218,0.5
1900-01-22 17:27:45,7987.5,295217,7988.0,68530,684667,83252,601415,226687,0.5
1900-01-22 17:28:00,7985.0,247447,7985.5,302215,123292,81515,41777,-54768,0.5
1900-01-22 17:28:15,7985.0,222126,7985.5,506739,43397,368850,-325453,-284613,0.5
1900-01-22 17:28:30,7982.5,438229,7983.0,193871,260625,475399,-214774,244358,0.5
1900-01-22 17:28:45,7980.0,57232,7980.5,477826,51301,154747,-103446,-420594,0.5
1900-01-22 17:29:00,7973.0,86,7973.5,221182,8335,269338,-261003,-221096,0.5
1900-01-22 17:29:15,7967.5,960422,7968.0,196634,23884,741946,-718062,763788,0.5
1900-01-22 17:29:30,7974.5,336900,7975.0,9808,286932,145794,141138,327092,0.5
1900-01-22 17:29:45,7974.5,1156812,7975.0,234434,162584,35482,127102,922378,0.5
1900-01-22 17:30:00,7974.0,3307,7974.5,785540,173742,33188,140554,-782233,0.5
1900-01-22 17:30:15,7974.0,118886,7974.5,1005400,44042,71227,-27185,-886514,0.5
1900-01-22 17:30:30,7970.0,86409,7970.5,607980,7002,87376,-80374,-521571,0.5
1900-01-22 17:30:45,7965.0,9705,7965.5,404187,8208,364215,-356007,-394482,0.5
1900-01-22 17:31:00,7959.5,357198,7960.0,45186,138497,213367,-74870,312012,0.5
1900-01-22 17:31:15,7960.0,555736,7960.5,115437,815262,122302,692960,440299,0.5
1900-01-22 17:31:30,7962.5,273929,7963.0,71814,293296,62007,231289,202115,0.5
1900-01-22 17:31:45,7962.5,575892,7963.0,298704,204829,21978,182851,277188,0.5
1900-01-22 17:32:00,7953.5,333435,7954.0,572198,183228,784183,-600955,-238763,0.5
1900-01-22 17:32:15,7948.0,711470,7948.5,5535,62863,253287,-190424,705935,0.5
1900-01-22 17:32:30,7951.5,254650,7952.0,2179,378979,5571,373408,252471,0.5
1900-01-22 17:32:45,7955.0,1091760,7955.5,40921,83616,1202,82414,1050839,0.5
1900-01-22 17:33:00,7947.5,79618,7948.0,187533,182080,440354,-258274,-107915,0.5
1900-01-22 17:33:15,7947.5,904364,7948.0,166793,95798,224858,-129060,737571,0.5
1900-01-22 17:33:30,7945.5,113719,7946.0,330444,198798,37265,161533,-216725,0.5
1900-01-22 17:33:45,7944.0,223664,7944.5,41246,211681,351944,-140263,182418,0.5
1900-01-22 17:34:00,7944.0,561477,7944.5,282516,569767,10248,559519,278961,0.5
1900-01-22 17:34:15,7944.0,140472,7944.5,771017,28732,20203,8529,-630545,0.5
1900-01-22 17:34:30,7941.0,791906,7941.5,335467,19947,63988,-44041,456439,0.5
1900-01-22 17:34:45,7941.0,661595,7941.5,697619,44180,29764,14416,-36024,0.5
1900-01-22 17:35:00,7942.5,768775,7943.0,806,173836,15770,158066,767969,0.5
1900-01-22 17:35:15,7952.0,576781,7952.5,118647,274779,1538,273241,458134,0.5
1900-01-22 17:35:30,7952.0,98426,7952.5,795057,201673,13908,187765,-696631,0.5
1900-01-22 17:35:45,7948.5,50238,7949.0,809589,22300,46073,-23773,-759351,0.5
1900-01-22 17:36:00,7948.5,875051,7949.0,45272,96544,46423,50121,829779,0.5
1900-01-22 17:36:15,7949.5,372588,7950.0,348485,38499,11481,27018,24103,0.5
1900-01-22 17:36:30,7950.0,386793,7950.5,20444,32036,1197,30839,366349,0.5
1900-01-22 17:36:45,7952.0,827479,7952.5,225202,98235,1846,96389,602277,0.5
1900-01-22 17:37:00,7953.0,691799,7954.0,30118,70553,3776,66777,661681,1.0
1900-01-22 17:37:15,7955.0,235634,7955.5,677818,333281,81573,251708,-442184,0.5
1900-01-22 17:37:30,7954.5,84811,7955.0,813363,84250,114381,-30131,-728552,0.5
1900-01-22 17:37:45,7954.5,227720,7955.0,803179,9298,26698,-17400,-575459,0.5
1900-01-22 17:38:00,7954.5,1331,7955.0,1068128,12770,70754,-57984,-1066797,0.5
1900-01-22 17:38:15,7954.0,34635,7954.5,1095292,31533,187905,-156372,-1060657,0.5
1900-01-22 17:38:30,7952.5,205167,7953.0,19428,69919,50837,19082,185739,0.5
1900-01-22 17:38:45,7952.5,147976,7953.0,828990,21547,17407,4140,-681014,0.5
1900-01-22 17:39:00,7952.5,624699,7953.0,578484,1438,17984,-16546,46215,0.5
1900-01-22 17:39:15,7952.5,602154,7953.0,77604,31831,908,30923,524550,0.5
1900-01-22 17:39:30,7954.0,206768,7954.5,10100,8559,24200,-15641,196668,0.5
1900-01-22 17:39:45,7956.5,944868,7957.0,38525,69820,73863,-4043,906343,0.5
1900-01-22 17:40:00,7956.5,854789,7957.0,142314,60297,109434,-49137,712475,0.5
1900-01-22 17:40:15,7956.5,936718,7957.0,406672,112552,7979,104573,530046,0.5
1900-01-22 17:40:30,7956.5,901715,7957.0,164762,20402,1211,19191,736953,0.5
1900-01-22 17:40:45,7956.5,247007,7957.0,871423,3414,58115,-54701,-624416,0.5
1900-01-22 17:41:00,7955.5,35433,7956.0,1693366,21330,144853,-123523,-1657933,0.5
1900-01-22 17:41:15,7955.5,873239,7956.0,178681,65692,25353,40339,694558,0.5
1900-01-22 17:41:30,7955.5,918600,7956.0,137694,23957,130122,-106165,780906,0.5
1900-01-22 17:41:45,7956.5,952077,7957.0,23563,104026,69866,34160,928514,0.5
1900-01-22 17:42:00,7958.5,1246493,7959.0,290420,66147,9662,56485,956073,0.5
1900-01-22 17:42:15,7958.5,624988,7959.0,873495,22333,1817,20516,-248507,0.5
1900-01-22 17:42:30,7958.5,882757,7959.0,334726,9963,18223,-8260,548031,0.5
1900-01-22 17:42:45,7958.5,1549065,7959.0,381419,92881,60532,32349,1167646,0.5
1900-01-22 17:43:00,7962.5,1898415,7963.0,316127,101917,2725,99192,1582288,0.5
1900-01-22 17:43:15,7962.5,1990384,7963.0,198750,127769,38422,89347,1791634,0.5
1900-01-22 17:43:30,7964.0,1717488,7964.5,23105,476106,152,475954,1694383,0.5
1900-01-22 17:43:45,7964.5,1193236,7965.0,369363,34530,26865,7665,823873,0.5
1900-01-22 17:44:00,7964.5,273609,7965.0,450296,134274,213349,-79075,-176687,0.5
1900-01-22 17:44:15,7962.0,44727,7962.5,562846,46655,56018,-9363,-518119,0.5
1900-01-22 17:44:30,7962.0,513518,7962.5,336271,11205,63860,-52655,177247,0.5
1900-01-22 17:44:45,7962.0,614987,7962.5,538390,21305,13248,8057,76597,0.5
1900-01-22 17:45:00,7962.0,222,7962.5,743171,30588,240560,-209972,-742949,0.5
1900-01-22 17:45:15,7960.5,17616,7961.0,897427,28,65203,-65175,-879811,0.5
1900-01-22 17:45:30,7959.0,731683,7959.5,378045,1552,84280,-82728,353638,0.5
1900-01-22 17:45:45,7959.0,1101373,7959.5,284226,23214,47287,-24073,817147,0.5
1900-01-22 17:46:00,7959.0,1083551,7959.5,398894,22019,108356,-86337,684657,0.5
1900-01-22 17:46:15,7959.0,1411544,7959.5,286498,21111,4006,17105,1125046,0.5
1900-01-22 17:46:30,7961.5,1023224,7962.0,316575,27028,5001,22027,706649,0.5
1900-01-22 17:46:45,7964.5,50101,7965.0,739494,95295,8308,86987,-689393,0.5
1900-01-22 17:47:00,7964.5,121207,7965.0,1344035,26429,89168,-62739,-1222828,0.5
1900-01-22 17:47:15,7964.5,39023,7965.0,1715447,4741,16248,-11507,-1676424,0.5
1900-01-22 17:47:30,7959.0,15993,7959.5,1109005,4870,932549,-927679,-1093012,0.5
1900-01-22 17:47:45,7947.5,1008024,7948.0,330063,108774,1126992,-1018218,677961,0.5
1900-01-22 17:48:00,7955.0,683643,7955.5,26876,248502,44776,203726,656767,0.5
1900-01-22 17:48:15,7957.0,880218,7957.5,282705,191166,77822,113344,597513,0.5
1900-01-22 17:48:30,7964.0,1223466,7964.5,500,233674,20000,213674,1222966,0.5
1900-01-22 17:48:45,7971.5,120050,7972.0,10558,411604,17840,393764,109492,0.5
1900-01-22 17:49:00,7972.0,138904,7972.5,465067,111080,167816,-56736,-326163,0.5
1900-01-22 17:49:15,7970.0,2710,7970.5,122388,46910,174942,-128032,-119678,0.5
1900-01-22 17:49:30,7968.5,336687,7969.0,502441,234,346056,-345822,-165754,0.5
1900-01-22 17:49:45,7968.5,321123,7969.0,675738,120260,46080,74180,-354615,0.5
1900-01-22 17:50:00,7964.5,784820,7965.0,779176,34,58646,-58612,5644,0.5
1900-01-22 17:50:15,7964.5,133475,7965.0,1126831,101890,73632,28258,-993356,0.5
1900-01-22 17:50:30,7963.0,84270,7963.5,750687,1000,88084,-87084,-666417,0.5
1900-01-22 17:50:45,7964.5,1324895,7965.0,543269,143506,39230,104276,781626,0.5
1900-01-22 17:51:00,7964.5,841262,7965.0,650229,48400,127536,-79136,191033,0.5
1900-01-22 17:51:15,7964.5,150460,7965.0,454476,206568,66486,140082,-304016,0.5
1900-01-22 17:51:30,7965.0,1581853,7965.5,2000,306480,33552,272928,1579853,0.5
1900-01-22 17:51:45,7974.5,508973,7975.0,334763,330666,41458,289208,174210,0.5
1900-01-22 17:52:00,7974.5,40701,7975.0,451538,371148,233512,137636,-410837,0.5
1900-01-22 17:52:15,7989.5,41091,7990.0,10000,1641888,250946,1390942,31091,0.5
1900-01-22 17:52:30,7986.0,341724,7986.5,1690400,295754,363626,-67872,-1348676,0.5
1900-01-22 17:52:45,7990.5,538400,7991.0,384661,428114,454948,-26834,153739,0.5
1900-01-22 17:53:00,7991.5,219272,7992.0,363539,334444,113954,220490,-144267,0.5
1900-01-22 17:53:15,7986.0,34963,7986.5,327646,296650,448380,-151730,-292683,0.5
1900-01-22 17:53:30,7986.0,1006863,7986.5,257968,23158,232648,-209490,748895,0.5
1900-01-22 17:53:45,7989.5,1214729,7990.0,28088,173658,16902,156756,1186641,0.5
1900-01-22 17:54:00,7990.5,816697,7991.0,566646,196750,64186,132564,250051,0.5
1900-01-22 17:54:15,7990.5,1102502,7991.0,501850,328924,182756,146168,600652,0.5
1900-01-22 17:54:30,7990.5,281753,7991.0,575766,334116,137216,196900,-294013,0.5
1900-01-22 17:54:45,7989.0,46229,7989.5,716375,538354,104384,433970,-670146,0.5
1900-01-22 17:55:00,7987.0,235624,7987.5,280958,35366,234404,-199038,-45334,0.5
1900-01-22 17:55:15,7987.5,569860,7988.0,143160,363594,117350,246244,426700,0.5
1900-01-22 17:55:30,7984.5,17000,7985.0,369464,34786,208604,-173818,-352464,0.5
1900-01-22 17:55:45,7984.0,3200,7984.5,590548,10862,63218,-52356,-587348,0.5
1900-01-22 17:56:00,7982.5,28623,7983.0,1167852,2760,164122,-161362,-1139229,0.5
1900-01-22 17:56:15,7978.0,16699,7978.5,597713,151300,465796,-314496,-581014,0.5
1900-01-22 17:56:30,7971.0,213333,7971.5,237076,11150,433436,-422286,-23743,0.5
1900-01-22 17:56:45,7977.0,325469,7977.5,272938,116384,172490,-56106,52531,0.5
1900-01-22 17:57:00,7977.0,100392,7977.5,888384,36808,71272,-34464,-787992,0.5
1900-01-22 17:57:15,7981.5,937617,7982.0,23108,113934,7416,106518,914509,0.5
1900-01-22 17:57:30,7981.5,607962,7982.0,124836,175868,36678,139190,483126,0.5
1900-01-22 17:57:45,7981.5,590027,7982.0,714280,49798,83700,-33902,-124253,0.5
1900-01-22 17:58:00,7981.5,337437,7982.0,650391,121842,86312,35530,-312954,0.5
1900-01-22 17:58:15,7986.5,784975,7987.0,388967,161778,464532,-302754,396008,0.5
1900-01-22 17:58:30,7992.5,483182,7993.0,3766,486280,12568,473712,479416,0.5
1900-01-22 17:58:45,8025.0,4700,8025.5,179828,4751592,188646,4562946,-175128,0.5
1900-01-22 17:59:00,8023.5,62000,8024.0,187805,2454732,4206450,-1751718,-125805,0.5
1900-01-22 17:59:15,8019.5,433771,8020.0,238682,563102,1057704,-494602,195089,0.5
1900-01-22 17:59:30,8019.5,158917,8020.0,700433,352698,347588,5110,-541516,0.5
1900-01-22 17:59:45,8017.0,14658,8017.5,312484,565164,502492,62672,-297826,0.5
1900-01-22 18:00:00,8018.0,33694,8018.5,39578,243466,165308,78158,-5884,0.5
1900-01-22 18:00:15,8034.0,46800,8034.5,30514,368894,860418,-491524,16286,0.5
1900-01-22 18:00:30,8034.5,253512,8035.0,281898,2553348,190310,2363038,-28386,0.5
1900-01-22 18:00:45,8060.5,5476,8066.0,20782,4254018,109024,4144994,-15306,5.5
1900-01-22 18:01:00,8050.0,1804642,8050.5,20000,3868652,5016684,-1148032,1784642,0.5
1900-01-22 18:01:15,8049.5,69698,8050.0,2116339,1017476,745972,271504,-2046641,0.5
1900-01-22 18:01:30,8040.5,452319,8041.0,316758,652278,1124020,-471742,135561,0.5
1900-01-22 18:01:45,8050.0,524974,8050.5,20000,738072,371022,367050,504974,0.5
1900-01-22 18:02:00,8059.0,44692,8059.5,280054,478122,173440,304682,-235362,0.5
1900-01-22 18:02:15,8044.0,2251,8044.5,5000,189828,536908,-347080,-2749,0.5
1900-01-22 18:02:30,8043.0,316160,8043.5,76226,652682,307686,344996,239934,0.5
1900-01-22 18:02:45,8034.5,419227,8035.0,91505,422272,1123482,-701210,327722,0.5
1900-01-22 18:03:00,8041.0,782029,8041.5,35282,93052,221954,-128902,746747,0.5
1900-01-22 18:03:15,8044.5,1335953,8045.0,118827,683102,223196,459906,1217126,0.5
1900-01-22 18:03:30,8044.5,34577,8049.5,2000,291634,128034,163600,32577,5.0
1900-01-22 18:03:45,8038.5,7489,8039.0,3000,120410,455494,-335084,4489,0.5
1900-01-22 18:04:00,8031.5,583214,8032.0,803994,26114,1177828,-1151714,-220780,0.5
1900-01-22 18:04:15,8018.0,366078,8018.5,168783,140462,1861580,-1721118,197295,0.5
1900-01-22 18:04:30,8017.0,2886,8017.5,238949,662930,329892,333038,-236063,0.5
1900-01-22 18:04:45,8015.5,411080,8016.0,14227,382970,422194,-39224,396853,0.5
1900-01-22 18:05:00,8018.5,617740,8019.0,60103,441504,287834,153670,557637,0.5
1900-01-22 18:05:15,8033.5,93320,8034.0,29860,313096,25044,288052,63460,0.5
1900-01-22 18:05:30,8031.5,140505,8032.0,694362,600508,418510,181998,-553857,0.5
1900-01-22 18:05:45,8028.0,39547,8028.5,299393,130752,168884,-38132,-259846,0.5
1900-01-22 18:06:00,8027.0,75375,8027.5,269078,94802,224214,-129412,-193703,0.5
1900-01-22 18:06:15,8027.5,429467,8028.0,57593,740168,55396,684772,371874,0.5
1900-01-22 18:06:30,8032.0,335066,8032.5,2579,339774,80364,259410,332487,0.5
1900-01-22 18:06:45,8025.5,9209,8026.0,181908,230770,86324,144446,-172699,0.5
1900-01-22 18:07:00,8022.0,135314,8022.5,938344,13672,202490,-188818,-803030,0.5
1900-01-22 18:07:15,8020.0,431746,8020.5,210812,223578,103618,119960,220934,0.5
1900-01-22 18:07:30,8018.5,408814,8019.0,418900,22992,721804,-698812,-10086,0.5
1900-01-22 18:07:45,8015.0,57251,8015.5,505222,712,506090,-505378,-447971,0.5
1900-01-22 18:08:00,8015.0,27020,8015.5,1145143,82414,361372,-278958,-1118123,0.5
1900-01-22 18:08:15,8015.0,583298,8015.5,1094837,25984,273614,-247630,-511539,0.5
1900-01-22 18:08:30,8005.0,36511,8005.5,164433,19810,2329958,-2310148,-127922,0.5
1900-01-22 18:08:45,7993.0,65800,7993.5,19000,238336,1778186,-1539850,46800,0.5
1900-01-22 18:09:00,7996.0,41530,7996.5,9697,550084,347328,202756,31833,0.5
1900-01-22 18:09:15,8006.0,246220,8006.5,351277,417062,338692,78370,-105057,0.5
1900-01-22 18:09:30,8004.0,7000,8004.5,147988,438382,394526,43856,-140988,0.5
1900-01-22 18:09:45,7997.5,835059,7998.0,70899,178216,276776,-98560,764160,0.5
1900-01-22 18:10:00,7998.0,1356963,7998.5,10186,255968,155762,100206,1346777,0.5
1900-01-22 18:10:15,7999.0,652258,7999.5,336392,199942,142810,57132,315866,0.5
1900-01-22 18:10:30,7992.5,61585,7993.0,146808,152400,426716,-274316,-85223,0.5
1900-01-22 18:10:45,7985.0,55133,7985.5,19599,17638,225766,-208128,35534,0.5
1900-01-22 18:11:00,7984.0,525836,7984.5,702983,94900,684292,-589392,-177147,0.5
1900-01-22 18:11:15,7992.0,753278,7992.5,7992,482076,480574,1502,745286,0.5
1900-01-22 18:11:30,7997.0,1659597,7997.5,28057,1067492,95364,972128,1631540,0.5
1900-01-22 18:11:45,8001.5,695026,8002.0,182006,162184,120242,41942,513020,0.5
1900-01-22 18:12:00,8002.0,907417,8002.5,245962,76232,31182,45050,661455,0.5
1900-01-22 18:12:15,8002.0,929400,8002.5,48283,192822,72130,120692,881117,0.5
1900-01-22 18:12:30,8004.5,850246,8005.0,5931,172298,92970,79328,844315,0.5
1900-01-22 18:12:45,8005.5,1444872,8006.0,5340,179368,87506,91862,1439532,0.5
1900-01-22 18:13:00,8015.0,581307,8015.5,559586,516600,187888,328712,21721,0.5
1900-01-22 18:13:15,8008.0,810050,8008.5,424822,139660,99896,39764,385228,0.5
1900-01-22 18:13:30,8009.5,1004696,8010.0,315843,161846,91608,70238,688853,0.5
1900-01-22 18:13:45,8007.5,22426,8008.0,429018,418774,225180,193594,-406592,0.5
1900-01-22 18:14:00,7993.5,126803,7994.0,45217,36906,52020,-15114,81586,0.5
1900-01-22 18:14:15,8004.0,1224063,8004.5,48504,290466,71082,219384,1175559,0.5
1900-01-22 18:14:30,8007.0,563764,8007.5,1839,25236,20026,5210,561925,0.5
1900-01-22 18:14:45,8009.5,360535,8010.0,578930,651026,36706,614320,-218395,0.5
1900-01-22 18:15:00,8009.5,71405,8010.0,694776,28118,79412,-51294,-623371,0.5
1900-01-22 18:15:15,8006.0,1106668,8006.5,97967,12228,32718,-20490,1008701,0.5
1900-01-22 18:15:30,7994.0,317560,7994.5,35321,16598,72800,-56202,282239,0.5
1900-01-22 18:15:45,8001.5,1265973,8002.0,200461,30574,197892,-167318,1065512,0.5
1900-01-22 18:16:00,8001.5,41895,8002.0,832286,351924,140338,211586,-790391,0.5
1900-01-22 18:16:15,8001.5,3361,8002.0,1169593,5964,252082,-246118,-1166232,0.5
1900-01-22 18:16:30,8000.0,146545,8000.5,1092747,11407,25688,-14281,-946202,0.5
1900-01-22 18:16:45,7995.5,6499,7996.0,1225316,23000,72864,-49864,-1218817,0.5
1900-01-22 18:17:00,7990.0,995888,7990.5,293057,14028,118371,-104343,702831,0.5
1900-01-22 18:17:15,7992.0,764267,7992.5,21322,73990,361408,-287418,742945,0.5
1900-01-22 18:19:45,7987.5,830386,7988.0,561211,166807,38969,127838,269175,0.5
1900-01-22 18:20:00,7989.5,521071,7990.0,164397,292623,67098,225525,356674,0.5
1900-01-22 18:20:15,7990.0,1320313,7990.5,46877,106649,11425,95224,1273436,0.5
1900-01-22 18:20:30,7994.0,439031,7994.5,653646,26238,9654,16584,-214615,0.5
1900-01-22 18:20:45,7994.0,1005157,7994.5,454189,42533,34855,7678,550968,0.5
1900-01-22 18:21:00,7994.0,968630,7994.5,651819,1719,13638,-11919,316811,0.5
1900-01-22 18:21:15,7994.5,1337378,7995.0,108269,101200,65280,35920,1229109,0.5
1900-01-22 18:21:30,7996.5,468177,7997.0,36534,164880,110,164770,431643,0.5
1900-01-22 18:21:45,8006.5,366371,8007.0,4654,62540,11160,51380,361717,0.5
1900-01-22 18:22:00,8021.0,16224,8021.5,77824,480161,144486,335675,-61600,0.5
1900-01-22 18:22:15,8014.0,927271,8014.5,15438,130666,63645,67021,911833,0.5
1900-01-22 18:22:30,8015.0,42069,8015.5,1091854,94221,54448,39773,-1049785,0.5
1900-01-22 18:22:45,8010.0,348003,8010.5,675374,202713,46695,156018,-327371,0.5
1900-01-22 18:23:00,8009.5,3303,8010.0,252402,146298,95554,50744,-249099,0.5
1900-01-22 18:23:15,8004.5,745787,8005.0,497903,21420,102959,-81539,247884,0.5
1900-01-22 18:23:30,8011.0,823543,8011.5,368,41674,33155,8519,823175,0.5
1900-01-22 18:23:45,8013.5,141165,8014.0,903005,33662,18840,14822,-761840,0.5
1900-01-22 18:24:00,8013.5,110550,8014.0,1022178,32265,57633,-25368,-911628,0.5
1900-01-22 18:24:15,8011.5,41890,8012.0,938596,18581,88437,-69856,-896706,0.5
1900-01-22 18:24:30,8007.0,154104,8007.5,1036667,21360,53769,-32409,-882563,0.5
1900-01-22 18:24:45,8007.0,709074,8007.5,74924,7147,61778,-54631,634150,0.5
1900-01-22 18:25:00,8009.5,774705,8010.0,186281,39532,30931,8601,588424,0.5
1900-01-22 18:25:15,8009.5,311022,8010.0,1075287,24110,19870,4240,-764265,0.5
1900-01-22 18:25:30,8012.5,265517,8013.0,715872,15030,11968,3062,-450355,0.5
1900-01-22 18:25:45,8012.5,90300,8013.0,893156,8347,30969,-22622,-802856,0.5
1900-01-22 18:26:00,8012.5,61303,8013.0,776857,156640,32416,124224,-715554,0.5
1900-01-22 18:26:15,8012.0,11915,8012.5,1194885,1434,18246,-16812,-1182970,0.5
1900-01-22 18:26:30,8009.5,1018,8010.0,953681,2101,27844,-25743,-952663,0.5
1900-01-22 18:26:45,8007.0,13322,8007.5,1329886,640,61560,-60920,-1316564,0.5
1900-01-22 18:27:00,8005.0,930686,8005.5,272660,24586,89551,-64965,658026,0.5
1900-01-22 18:27:15,8007.0,962253,8007.5,4145,52909,46522,6387,958108,0.5
1900-01-22 18:27:30,8007.5,933423,8008.0,176415,90094,4837,85257,757008,0.5
1900-01-22 18:27:45,8007.5,758961,8008.0,378574,36125,13895,22230,380387,0.5
1900-01-22 18:28:00,8005.0,892223,8005.5,1404539,8785,52169,-43384,-512316,0.5
1900-01-22 18:28:15,8005.0,709519,8005.5,1196193,14728,94036,-79308,-486674,0.5
1900-01-22 18:28:30,8005.0,966975,8005.5,425567,50731,198280,-147549,541408,0.5
1900-01-22 18:28:45,8005.0,326399,8005.5,1193853,24052,192554,-168502,-867454,0.5
1900-01-22 18:29:00,8003.0,82398,8003.5,1384631,100,171087,-170987,-1302233,0.5
1900-01-22 18:29:15,7997.5,66941,7998.0,393879,6008,153845,-147837,-326938,0.5
1900-01-22 18:29:30,7997.5,886151,7998.0,106066,26304,19370,6934,780085,0.5
1900-01-22 18:29:45,7999.5,811297,8000.0,2679,13803,9400,4403,808618,0.5
1900-01-22 18:30:00,8001.0,814527,8001.5,206991,20394,50596,-30202,607536,0.5
1900-01-22 18:30:15,8004.5,176271,8005.0,961607,198423,11001,187422,-785336,0.5
1900-01-22 18:30:30,8003.0,193,8003.5,917729,2026,67276,-65250,-917536,0.5
1900-01-22 18:30:45,8003.0,16592,8003.5,1164826,13118,34932,-21814,-1148234,0.5
1900-01-22 18:31:00,8002.0,889111,8002.5,167925,47712,13183,34529,721186,0.5
1900-01-22 18:31:15,8003.0,1057725,8003.5,64282,40850,4987,35863,993443,0.5
1900-01-22 18:31:30,8004.5,1002843,8005.0,14554,69871,6654,63217,988289,0.5
1900-01-22 18:31:45,8007.5,277418,8008.0,4062,26449,5013,21436,273356,0.5
1900-01-22 18:32:00,8007.5,725499,8008.0,654745,24237,1,24236,70754,0.5
1900-01-22 18:32:15,8007.5,764759,8008.0,733175,20762,36450,-15688,31584,0.5
1900-01-22 18:32:30,8008.0,930196,8008.5,236956,29057,2275,26782,693240,0.5
1900-01-22 18:32:45,8008.0,1315855,8008.5,36475,164512,3550,160962,1279380,0.5
1900-01-22 18:33:00,8008.0,1297060,8008.5,15889,34152,6200,27952,1281171,0.5
1900-01-22 18:33:15,8008.5,998329,8009.0,164431,28411,4550,23861,833898,0.5
1900-01-22 18:33:30,8009.0,1395984,8009.5,30008,230336,12740,217596,1365976,0.5
1900-01-22 18:33:45,8009.0,1205204,8009.5,192200,17839,332,17507,1013004,0.5
1900-01-22 18:34:00,8009.5,937073,8010.0,1537530,24401,1012,23389,-600457,0.5
1900-01-22 18:34:15,8009.5,1253796,8010.0,1143959,268341,2784,265557,109837,0.5
1900-01-22 18:34:30,8009.5,1412271,8010.0,352391,438490,200,438290,1059880,0.5
1900-01-22 18:34:45,8015.5,1037427,8016.0,7106,194216,11178,183038,1030321,0.5
1900-01-22 18:35:00,8017.5,1655023,8018.0,40532,51800,6550,45250,1614491,0.5
1900-01-22 18:35:15,8019.5,1549379,8020.0,147382,455300,34912,420388,1401997,0.5
1900-01-22 18:35:30,8024.5,252411,8025.0,62614,467094,16783,450311,189797,0.5
1900-01-22 18:35:45,8027.0,102801,8027.5,681844,196074,23593,172481,-579043,0.5
1900-01-22 18:36:00,8024.5,289660,8025.0,960535,139523,130826,8697,-670875,0.5
1900-01-22 18:36:15,8024.5,1106252,8025.0,127545,204009,36795,167214,978707,0.5
1900-01-22 18:36:30,8029.0,612059,8029.5,89682,102771,55985,46786,522377,0.5
1900-01-22 18:36:45,8029.0,232854,8029.5,664038,115565,17488,98077,-431184,0.5
1900-01-22 18:37:00,8027.5,37635,8028.0,856774,191402,52749,138653,-819139,0.5
1900-01-22 18:37:15,8029.0,1083426,8029.5,26462,235693,10138,225555,1056964,0.5
1900-01-22 18:37:30,8029.5,1061411,8030.0,74091,278101,32266,245835,987320,0.5
1900-01-22 18:37:45,8029.5,18360,8030.0,904219,25975,60681,-34706,-885859,0.5
1900-01-22 18:38:00,8020.5,6443,8021.0,236394,42946,218605,-175659,-229951,0.5
1900-01-22 18:38:15,8024.5,88250,8025.0,6251,53763,213727,-159964,81999,0.5
1900-01-22 18:38:30,8024.5,713911,8025.0,250123,70411,37071,33340,463788,0.5
1900-01-22 18:38:45,8022.0,137115,8022.5,188938,132886,25550,107336,-51823,0.5
1900-01-22 18:39:00,8028.5,697076,8029.0,3299,17205,35655,-18450,693777,0.5
1900-01-22 18:39:15,8035.5,106057,8036.0,51238,257606,57384,200222,54819,0.5
1900-01-22 18:39:30,8046.5,689,8047.0,26833,506519,64596,441923,-26144,0.5
1900-01-22 18:39:45,8042.5,669946,8043.0,191472,244179,79349,164830,478474,0.5
1900-01-22 18:40:00,8044.5,1224617,8045.0,23903,161795,22119,139676,1200714,0.5
1900-01-22 18:40:15,8047.5,627621,8048.0,31595,331829,22928,308901,596026,0.5
1900-01-22 18:40:30,8054.5,373032,8055.0,558186,319787,22454,297333,-185154,0.5
1900-01-22 18:40:45,8044.0,496500,8044.5,216201,52482,284744,-232262,280299,0.5
1900-01-22 18:41:00,8044.0,622470,8044.5,495871,78776,250666,-171890,126599,0.5
1900-01-22 18:41:15,8044.0,853122,8044.5,458582,17820,59318,-41498,394540,0.5
1900-01-22 18:41:30,8044.0,973008,8044.5,43833,37560,32693,4867,929175,0.5
1900-01-22 18:41:45,8044.5,109971,8045.0,896883,93170,21748,71422,-786912,0.5
1900-01-22 18:42:00,8037.5,44500,8038.0,121310,17786,81947,-64161,-76810,0.5
1900-01-22 18:42:15,8033.5,663,8034.0,456266,11212,563085,-551873,-455603,0.5
1900-01-22 18:42:30,8032.5,133317,8033.0,647418,22560,49118,-26558,-514101,0.5
1900-01-22 18:42:45,8025.0,327290,8025.5,467975,29959,191444,-161485,-140685,0.5
1900-01-22 18:43:00,8025.0,296264,8025.5,328217,44035,69522,-25487,-31953,0.5
1900-01-22 18:43:15,8027.0,962605,8027.5,129883,86696,57024,29672,832722,0.5
1900-01-22 18:43:30,8031.5,265346,8032.0,74111,68594,11200,57394,191235,0.5
1900-01-22 18:43:45,8038.5,195725,8039.0,813996,52885,25958,26927,-618271,0.5
1900-01-22 18:44:00,8038.5,409665,8039.0,706198,82873,27795,55078,-296533,0.5
1900-01-22 18:44:15,8039.5,522225,8040.0,648507,231020,7889,223131,-126282,0.5
1900-01-22 18:44:30,8045.5,40142,8046.0,1049308,86740,14454,72286,-1009166,0.5
1900-01-22 18:44:45,8045.5,383946,8046.0,340436,40583,46660,-6077,43510,0.5
1900-01-22 18:45:00,8049.0,323324,8049.5,28070,83032,76373,6659,295254,0.5
1900-01-22 18:45:15,8051.5,175562,8052.0,491457,177754,9528,168226,-315895,0.5
1900-01-22 18:45:30,8049.0,1013776,8049.5,2382,147094,160359,-13265,1011394,0.5
1900-01-22 18:45:45,8049.5,619745,8050.0,134112,81068,28587,52481,485633,0.5
1900-01-22 18:46:00,8050.0,71320,8050.5,138092,20773,66493,-45720,-66772,0.5
1900-01-22 18:46:15,8045.0,74761,8045.5,201000,38844,63957,-25113,-126239,0.5
1900-01-22 18:46:30,8044.0,494229,8044.5,583629,4888,187014,-182126,-89400,0.5
1900-01-22 18:46:45,8042.5,2352,8043.0,845094,3560,31799,-28239,-842742,0.5
1900-01-22 18:47:00,8039.0,1016934,8039.5,253886,32755,367212,-334457,763048,0.5
1900-01-22 18:47:15,8042.0,922408,8042.5,27126,26503,29782,-3279,895282,0.5
1900-01-22 18:47:30,8043.5,392181,8044.0,56561,95315,10866,84449,335620,0.5
1900-01-22 18:47:45,8055.0,106517,8055.5,117210,86191,1342,84849,-10693,0.5
1900-01-22 18:48:00,8055.0,434738,8055.5,220814,206398,16376,190022,213924,0.5
1900-01-22 18:48:15,8058.0,666615,8058.5,108275,289061,29265,259796,558340,0.5
1900-01-22 18:48:30,8066.0,103877,8066.5,989803,155698,143289,12409,-885926,0.5
1900-01-22 18:48:45,8053.0,770375,8053.5,254004,85446,291506,-206060,516371,0.5
1900-01-22 18:49:00,8053.5,148911,8054.0,23931,128856,67686,61170,124980,0.5
1900-01-22 18:49:15,8059.0,329369,8059.5,400041,306234,49221,257013,-70672,0.5
1900-01-22 18:49:30,8056.0,149885,8056.5,273430,89317,155797,-66480,-123545,0.5
1900-01-22 18:49:45,8059.0,68176,8059.5,500412,74922,158143,-83221,-432236,0.5
1900-01-22 18:50:00,8060.0,1383007,8060.5,62393,277507,26190,251317,1320614,0.5
1900-01-22 18:50:15,8065.0,100,8067.0,27259,98868,11455,87413,-27159,2.0
1900-01-22 18:50:30,8068.5,944157,8069.0,323711,196035,22556,173479,620446,0.5
1900-01-22 18:50:45,8068.5,156228,8069.0,610307,124287,128310,-4023,-454079,0.5
1900-01-22 18:51:00,8060.0,91842,8060.5,247897,36010,142232,-106222,-156055,0.5
1900-01-22 18:51:15,8054.5,1151998,8055.0,288245,27628,126931,-99303,863753,0.5
1900-01-22 18:51:30,8058.5,105992,8059.0,33850,116796,27998,88798,72142,0.5
1900-01-22 18:51:45,8062.5,184376,8063.0,64120,151812,9631,142181,120256,0.5
1900-01-22 18:52:00,8062.5,798497,8063.0,228182,40999,40276,723,570315,0.5
1900-01-22 18:52:15,8062.5,751679,8063.0,398399,8162,21835,-13673,353280,0.5
1900-01-22 18:52:30,8059.0,30121,8059.5,272167,6438,184934,-178496,-242046,0.5
1900-01-22 18:52:45,8052.0,82076,8052.5,118228,27241,241231,-213990,-36152,0.5
1900-01-22 18:53:00,8050.5,20000,8051.0,805078,57703,254642,-196939,-785078,0.5
1900-01-22 18:53:15,8042.5,703484,8043.0,266162,45230,493500,-448270,437322,0.5
1900-01-22 18:53:30,8046.0,77,8046.5,206108,103632,48523,55109,-206031,0.5
1900-01-22 18:53:45,8041.0,52155,8041.5,855364,68082,75679,-7597,-803209,0.5
1900-01-22 18:54:00,8010.0,120476,8010.5,44247,209578,995519,-785941,76229,0.5
1900-01-22 18:54:15,8037.0,86143,8037.5,45544,421308,208649,212659,40599,0.5
1900-01-22 18:54:30,8025.5,610135,8026.0,270731,425195,163072,262123,339404,0.5
1900-01-22 18:54:45,8025.5,1035349,8026.0,27679,196629,73073,123556,1007670,0.5
1900-01-22 18:55:00,8029.5,985161,8030.0,562406,1076292,50169,1026123,422755,0.5
1900-01-22 18:55:15,8032.5,999420,8033.0,250245,398691,16131,382560,749175,0.5
1900-01-22 18:55:30,8034.5,1070776,8035.0,673578,389774,1246,388528,397198,0.5
1900-01-22 18:55:45,8043.5,804396,8044.0,412761,425482,58867,366615,391635,0.5
1900-01-22 18:56:00,8043.5,2123127,8044.0,30838,93418,7929,85489,2092289,0.5
1900-01-22 18:56:15,8049.0,500616,8049.5,454869,66347,36427,29920,45747,0.5
1900-01-22 18:56:30,8051.0,143219,8051.5,699126,106510,26762,79748,-555907,0.5
1900-01-22 18:56:45,8051.0,187263,8051.5,626241,24354,319104,-294750,-438978,0.5
1900-01-22 18:57:00,8038.5,570975,8039.0,260442,22293,64880,-42587,310533,0.5
1900-01-22 18:57:15,8037.0,578172,8037.5,437920,22763,241208,-218445,140252,0.5
1900-01-22 18:57:30,8030.5,61208,8031.0,470290,3108,152171,-149063,-409082,0.5
1900-01-22 18:57:45,8038.0,845694,8038.5,4249,44346,98771,-54425,841445,0.5
1900-01-22 18:58:00,8044.0,232069,8044.5,784623,224909,159568,65341,-552554,0.5
1900-01-22 18:58:15,8034.0,26285,8034.5,1177380,5077,201385,-196308,-1151095,0.5
1900-01-22 18:58:30,8029.0,499835,8029.5,478044,16709,75499,-58790,21791,0.5
1900-01-22 18:58:45,8027.5,22414,8028.0,529980,4330,50152,-45822,-507566,0.5
1900-01-22 18:59:00,8031.0,444604,8031.5,14771,40419,15128,25291,429833,0.5
1900-01-22 18:59:15,8032.0,496151,8032.5,485838,68260,7829,60431,10313,0.5
1900-01-22 18:59:30,8033.5,933769,8034.0,53732,75046,2230,72816,880037,0.5
1900-01-22 18:59:45,8033.5,74973,8034.0,932839,32204,62820,-30616,-857866,0.5
1900-01-22 19:00:00,8030.5,820165,8031.0,602265,25090,216777,-191687,217900,0.5
1900-01-22 19:00:15,8023.5,27630,8024.0,250663,102171,849613,-747442,-223033,0.5
1900-01-22 19:00:30,8023.5,422121,8024.0,220031,73149,171290,-98141,202090,0.5
1900-01-22 19:00:45,8019.5,163013,8020.0,613207,5738,469496,-463758,-450194,0.5
1900-01-22 19:01:00,8019.5,44030,8020.0,535369,113884,154742,-40858,-491339,0.5
1900-01-22 19:01:15,8019.5,305593,8020.0,318676,32841,33075,-234,-13083,0.5
1900-01-22 19:01:30,8019.5,492928,8020.0,346124,26139,15604,10535,146804,0.5
1900-01-22 19:01:45,8019.5,348774,8020.0,405524,32685,2223,30462,-56750,0.5
1900-01-22 19:02:00,8019.5,251555,8020.0,401001,56214,83587,-27373,-149446,0.5
1900-01-22 19:02:15,8023.0,484199,8023.5,222710,22191,9097,13094,261489,0.5
1900-01-22 19:02:30,8028.5,851985,8029.0,176622,53330,43731,9599,675363,0.5
1900-01-22 19:02:45,8029.0,4452,8029.5,1089702,32129,29572,2557,-1085250,0.5
1900-01-22 19:03:00,8025.5,11092,8026.0,1216049,2506,15371,-12865,-1204957,0.5
1900-01-22 19:03:15,8019.0,220507,8019.5,497213,1635,68627,-66992,-276706,0.5
1900-01-22 19:03:30,8012.0,79089,8012.5,32529,12606,326360,-313754,46560,0.5
1900-01-22 19:03:45,8025.5,20072,8026.0,3000,144310,94140,50170,17072,0.5
1900-01-22 19:04:00,8025.0,121,8025.5,1010883,19639,29696,-10057,-1010762,0.5
1900-01-22 19:04:15,8015.0,418032,8015.5,439654,19178,19344,-166,-21622,0.5
1900-01-22 19:04:30,8015.0,54858,8015.5,545127,37272,7546,29726,-490269,0.5
1900-01-22 19:04:45,8020.0,34579,8020.5,1189554,7156,198530,-191374,-1154975,0.5
1900-01-22 19:05:00,8014.5,101037,8015.0,484318,3869,26786,-22917,-383281,0.5
1900-01-22 19:05:15,8012.0,39956,8012.5,913541,3690,51132,-47442,-873585,0.5
1900-01-22 19:05:30,8010.0,453439,8010.5,449644,12819,121721,-108902,3795,0.5
1900-01-22 19:05:45,8014.0,754656,8014.5,23977,117868,177956,-60088,730679,0.5
1900-01-22 19:06:00,8020.0,453835,8020.5,77769,214465,12252,202213,376066,0.5
1900-01-22 19:06:15,8024.0,6,8024.5,1127102,127711,15387,112324,-1127096,0.5
1900-01-22 19:06:30,8017.5,256419,8018.0,691963,3000,8117,-5117,-435544,0.5
1900-01-22 19:06:45,8022.5,170557,8023.0,1166730,3920,62688,-58768,-996173,0.5
1900-01-22 19:07:00,8022.5,33758,8023.0,1548394,25461,47965,-22504,-1514636,0.5
1900-01-22 19:07:15,8022.5,87218,8023.0,1166874,27609,12746,14863,-1079656,0.5
1900-01-22 19:07:30,8022.0,3019,8022.5,1391577,32000,7790,24210,-1388558,0.5
1900-01-22 19:07:45,8020.0,581624,8020.5,1022227,12715,49857,-37142,-440603,0.5
1900-01-22 19:08:00,8015.0,1501,8015.5,1041077,800,115480,-114680,-1039576,0.5
1900-01-22 19:08:15,8013.0,388726,8013.5,25839,17174,65356,-48182,362887,0.5
1900-01-22 19:08:30,8013.0,783591,8013.5,21761,32603,5276,27327,761830,0.5
1900-01-22 19:08:45,8018.0,47641,8018.5,1024748,34273,10675,23598,-977107,0.5
1900-01-22 19:09:00,8018.0,150884,8018.5,1147652,12630,11130,1500,-996768,0.5
1900-01-22 19:09:15,8018.0,466987,8018.5,248717,51290,40187,11103,218270,0.5
1900-01-22 19:09:30,8015.0,609273,8015.5,190354,6086,15298,-9212,418919,0.5
1900-01-22 19:09:45,8015.0,670239,8015.5,431847,39102,5755,33347,238392,0.5
1900-01-22 19:10:00,8015.0,761547,8015.5,346587,68220,6086,62134,414960,0.5
1900-01-22 19:10:15,8023.0,302014,8023.5,11855,112928,560,112368,290159,0.5
1900-01-22 19:10:30,8024.5,800472,8025.0,61322,76914,74417,2497,739150,0.5
1900-01-22 19:10:45,8029.0,361814,8029.5,53175,67499,34200,33299,308639,0.5
1900-01-22 19:11:00,8035.5,517140,8036.0,269908,213925,16960,196965,247232,0.5
1900-01-22 19:11:15,8025.0,470281,8025.5,111761,119928,196988,-77060,358520,0.5
1900-01-22 19:11:30,8030.5,599509,8031.0,6671,59293,7882,51411,592838,0.5
1900-01-22 19:11:45,8033.5,694887,8034.0,461442,24980,5572,19408,233445,0.5
1900-01-22 19:12:00,8033.5,121113,8034.0,974146,36141,32159,3982,-853033,0.5
1900-01-22 19:12:15,8036.5,145914,8037.0,1176143,83190,45104,38086,-1030229,0.5
1900-01-22 19:12:30,8036.5,288243,8037.0,645408,10139,28785,-18646,-357165,0.5
1900-01-22 19:12:45,8036.5,762910,8037.0,59240,396,15266,-14870,703670,0.5
1900-01-22 19:13:00,8039.5,779157,8040.0,168352,53328,89480,-36152,610805,0.5
1900-01-22 19:13:15,8036.0,726775,8036.5,202832,28571,366266,-337695,523943,0.5
1900-01-22 19:13:30,8035.0,1855,8035.5,401873,4449,103895,-99446,-400018,0.5
1900-01-22 19:13:45,8033.0,542976,8033.5,166389,2764,70544,-67780,376587,0.5
1900-01-22 19:14:00,8031.5,12695,8032.0,975771,25944,17231,8713,-963076,0.5
1900-01-22 19:14:15,8029.5,11929,8030.0,1192355,11264,169817,-158553,-1180426,0.5
1900-01-22 19:14:30,8025.5,25653,8026.0,856328,13522,35058,-21536,-830675,0.5
1900-01-22 19:14:45,8021.5,209854,8022.0,921529,33107,39650,-6543,-711675,0.5
1900-01-22 19:15:00,8021.5,43990,8022.0,526133,3209,99917,-96708,-482143,0.5
1900-01-22 19:15:15,8019.5,9700,8020.0,1112948,620,67761,-67141,-1103248,0.5
1900-01-22 19:15:30,8020.0,818359,8020.5,80916,46671,194949,-148278,737443,0.5
1900-01-22 19:15:45,8018.5,19212,8019.0,1066203,8309,46980,-38671,-1046991,0.5
1900-01-22 19:16:00,8015.0,345982,8015.5,528805,54403,158679,-104276,-182823,0.5
1900-01-22 19:16:15,8015.0,1009905,8015.5,68059,25289,17205,8084,941846,0.5
1900-01-22 19:16:30,8018.0,836318,8018.5,74358,88969,21056,67913,761960,0.5
1900-01-22 19:16:45,8020.5,540210,8021.0,254083,152196,28344,123852,286127,0.5
1900-01-22 19:17:00,8020.5,18792,8021.0,1042393,19905,7454,12451,-1023601,0.5
1900-01-22 19:17:15,8015.5,382684,8016.0,107586,11135,43611,-32476,275098,0.5
1900-01-22 19:17:30,8015.0,186628,8015.5,324488,17426,273501,-256075,-137860,0.5
1900-01-22 19:17:45,8012.0,63,8012.5,992961,969,86152,-85183,-992898,0.5
1900-01-22 19:18:00,8009.0,248191,8009.5,382513,16810,297957,-281147,-134322,0.5
1900-01-22 19:18:15,8011.0,462163,8011.5,18053,40698,34994,5704,444110,0.5
1900-01-22 19:18:30,8009.5,47021,8010.0,849323,11832,254115,-242283,-802302,0.5
1900-01-22 19:18:45,8004.5,660,8005.0,1153064,27467,209727,-182260,-1152404,0.5
1900-01-22 19:19:00,7988.0,19000,7988.5,86876,25975,670083,-644108,-67876,0.5
1900-01-22 19:19:15,7992.5,16969,7993.0,40000,98750,553112,-454362,-23031,0.5
1900-01-22 19:19:30,7995.0,1026464,7995.5,3054,146409,31506,114903,1023410,0.5
1900-01-22 19:19:45,7999.0,776049,7999.5,231737,84294,40565,43729,544312,0.5
1900-01-22 19:20:00,7998.5,21080,7999.0,14657,51247,168659,-117412,6423,0.5
1900-01-22 19:20:15,7994.5,17221,7995.0,968403,21099,71914,-50815,-951182,0.5
1900-01-22 19:20:30,7989.0,210454,7989.5,744871,137422,178740,-41318,-534417,0.5
1900-01-22 19:20:45,7989.0,489301,7989.5,906976,151983,39752,112231,-417675,0.5
1900-01-22 19:21:00,7994.5,784835,7995.0,700,106887,18217,88670,784135,0.5
1900-01-22 19:21:15,7997.5,2168,7998.0,1429010,171004,45699,125305,-1426842,0.5
1900-01-22 19:21:30,7994.5,901732,7995.0,116960,117415,60006,57409,784772,0.5
1900-01-22 19:21:45,7997.5,425861,7998.0,39566,56752,3801,52951,386295,0.5
1900-01-22 19:22:00,8000.5,226066,8001.0,564923,173870,9823,164047,-338857,0.5
1900-01-22 19:22:15,8000.5,720913,8001.0,71788,43782,47384,-3602,649125,0.5
1900-01-22 19:22:30,8004.0,96032,8004.5,984778,45300,31336,13964,-888746,0.5
1900-01-22 19:22:45,8004.0,463228,8004.5,476857,153623,13679,139944,-13629,0.5
1900-01-22 19:23:00,8004.5,1163328,8005.0,13386,182526,4245,178281,1149942,0.5
1900-01-22 19:23:15,8005.5,983277,8006.0,36340,156349,8064,148285,946937,0.5
1900-01-22 19:23:30,8005.5,1252414,8006.0,4447,30848,10343,20505,1247967,0.5
1900-01-22 19:23:45,8008.0,549577,8008.5,396612,23767,43127,-19360,152965,0.5
1900-01-22 19:24:00,8008.0,1063028,8008.5,115068,34256,8550,25706,947960,0.5
1900-01-22 19:24:15,8008.5,1443838,8009.0,91893,119883,18501,101382,1351945,0.5
1900-01-22 19:24:30,8014.0,532180,8014.5,684701,165034,8400,156634,-152521,0.5
1900-01-22 19:24:45,8014.0,229334,8014.5,791605,8648,157811,-149163,-562271,0.5
1900-01-22 19:25:00,8004.5,703639,8005.0,423935,4619,19392,-14773,279704,0.5
1900-01-22 19:25:15,8004.5,243428,8005.0,828896,12478,160320,-147842,-585468,0.5
1900-01-22 19:25:30,8004.5,665726,8005.0,292754,35882,7060,28822,372972,0.5
1900-01-22 19:25:45,8004.5,1036022,8005.0,83526,74846,150,74696,952496,0.5
1900-01-22 19:26:00,8004.5,1227928,8005.0,105513,34155,122,34033,1122415,0.5
1900-01-22 19:26:15,8004.5,142897,8005.0,742448,5210,10990,-5780,-599551,0.5
1900-01-22 19:26:30,8000.0,35278,8000.5,631090,35000,38794,-3794,-595812,0.5
1900-01-22 19:26:45,7996.5,882555,7997.0,185308,16293,62028,-45735,697247,0.5
1900-01-22 19:27:00,8006.5,170602,8007.0,788641,92677,59671,33006,-618039,0.5
1900-01-22 19:27:15,8006.5,304501,8007.0,643304,44015,13340,30675,-338803,0.5
1900-01-22 19:27:30,8006.5,183043,8007.0,784009,7500,3419,4081,-600966,0.5
1900-01-22 19:27:45,8006.5,57020,8007.0,1059720,1081,15883,-14802,-1002700,0.5
1900-01-22 19:28:00,8006.5,210525,8007.0,831563,21,9000,-8979,-621038,0.5
1900-01-22 19:28:15,8001.5,45894,8002.0,804482,8004,38661,-30657,-758588,0.5
1900-01-22 19:28:30,7997.5,42638,7998.0,926911,421,66523,-66102,-884273,0.5
1900-01-22 19:28:45,7998.5,1213590,7999.0,31,43578,39630,3948,1213559,0.5
1900-01-22 19:29:00,8003.0,503644,8003.5,439702,35131,32278,2853,63942,0.5
1900-01-22 19:29:15,8002.5,35070,8003.0,953858,1360,30284,-28924,-918788,0.5
1900-01-22 19:29:30,7997.5,24905,7998.0,1043364,1112,79241,-78129,-1018459,0.5
1900-01-22 19:29:45,7995.5,3557,7996.0,816515,13203,146027,-132824,-812958,0.5
1900-01-22 19:30:00,7995.0,906274,7995.5,30787,13052,58150,-45098,875487,0.5
1900-01-22 19:30:15,7995.0,123814,7995.5,526755,18310,12721,5589,-402941,0.5
1900-01-22 19:30:30,7990.0,203238,7990.5,1051057,19345,140307,-120962,-847819,0.5
1900-01-22 19:30:45,7990.0,400480,7990.5,681749,9294,103397,-94103,-281269,0.5
1900-01-22 19:31:00,7990.0,371887,7990.5,275447,36974,121641,-84667,96440,0.5
1900-01-22 19:31:15,7993.5,945311,7994.0,158,32850,8950,23900,945153,0.5
1900-01-22 19:31:30,7999.5,550273,8000.0,976878,46305,4203,42102,-426605,0.5
1900-01-22 19:31:45,7999.0,8029,7999.5,1354978,82644,30911,51733,-1346949,0.5
1900-01-22 19:32:00,7998.0,507277,7998.5,368191,4971,49660,-44689,139086,0.5
1900-01-22 19:32:15,7998.0,842719,7998.5,159001,52328,59796,-7468,683718,0.5
1900-01-22 19:32:30,7992.5,164061,7993.0,375402,102086,176126,-74040,-211341,0.5
1900-01-22 19:32:45,7990.5,227105,7991.0,773421,2130,209784,-207654,-546316,0.5
1900-01-22 19:33:00,7990.5,101008,7991.0,801316,1001,46771,-45770,-700308,0.5
1900-01-22 19:33:15,7990.0,98872,7990.5,941020,10463,77111,-66648,-842148,0.5
1900-01-22 19:33:30,7997.5,770560,7998.0,110169,77891,69102,8789,660391,0.5
1900-01-22 19:33:45,7995.0,56494,7995.5,837401,14629,59869,-45240,-780907,0.5
1900-01-22 19:34:00,7995.0,886312,7995.5,12076,54624,5850,48774,874236,0.5
1900-01-22 19:34:15,7996.5,513837,7997.0,740564,43833,15,43818,-226727,0.5
1900-01-22 19:34:30,7996.0,315033,7996.5,837972,6930,2072,4858,-522939,0.5
1900-01-22 19:34:45,7996.0,574429,7996.5,362590,200,5101,-4901,211839,0.5
1900-01-22 19:35:00,7996.5,702087,7997.0,9376,47046,58768,-11722,692711,0.5
1900-01-22 19:35:15,7997.5,166157,7998.0,996021,34785,1034,33751,-829864,0.5
1900-01-22 19:35:30,7997.5,109953,7998.0,974940,86362,4570,81792,-864987,0.5
1900-01-22 19:35:45,7999.0,570120,7999.5,130824,95184,150,95034,439296,0.5
1900-01-22 19:36:00,7999.5,419335,8000.0,528013,115561,2726,112835,-108678,0.5
1900-01-22 19:36:15,7999.5,705642,8000.0,236388,76640,1800,74840,469254,0.5
1900-01-22 19:36:30,8002.0,810984,8002.5,586698,57801,2192,55609,224286,0.5
1900-01-22 19:36:45,8002.0,830048,8002.5,662305,14498,5632,8866,167743,0.5
1900-01-22 19:37:00,8002.0,603595,8002.5,483324,107853,7132,100721,120271,0.5
1900-01-22 19:37:15,8002.0,910547,8002.5,243058,135370,500,134870,667489,0.5
1900-01-22 19:37:30,8003.0,901977,8003.5,55980,227860,54600,173260,845997,0.5
1900-01-22 19:37:45,8003.0,199086,8003.5,727397,70701,6039,64662,-528311,0.5
1900-01-22 19:38:00,8003.0,526764,8003.5,120512,54100,5500,48600,406252,0.5
1900-01-22 19:38:15,8004.0,1134175,8004.5,21480,106334,8599,97735,1112695,0.5
1900-01-22 19:38:30,8004.5,990926,8005.0,290780,129204,300,128904,700146,0.5
1900-01-22 19:38:45,8004.5,1012319,8005.0,187014,172740,300,172440,825305,0.5
1900-01-22 19:39:00,8004.5,468724,8005.0,1000675,18542,62345,-43803,-531951,0.5
1900-01-22 19:39:15,8004.5,23519,8005.0,1186686,17134,37010,-19876,-1163167,0.5
1900-01-22 19:39:30,8004.5,755384,8005.0,274552,1662,8354,-6692,480832,0.5
1900-01-22 19:39:45,8004.5,1281314,8005.0,59639,17122,7725,9397,1221675,0.5
1900-01-22 19:40:00,8004.5,1168340,8005.0,42873,16518,34972,-18454,1125467,0.5
1900-01-22 19:40:15,8005.0,676523,8005.5,490950,43898,1205,42693,185573,0.5
1900-01-22 19:40:30,8005.0,825076,8005.5,572651,3786,350,3436,252425,0.5
1900-01-22 19:40:45,8005.5,1076161,8006.0,17153,14521,3800,10721,1059008,0.5
1900-01-22 19:41:00,8006.5,1181882,8007.0,27619,56124,1866,54258,1154263,0.5
1900-01-22 19:41:15,8007.5,1220620,8008.0,5333,11112,11000,112,1215287,0.5
1900-01-22 19:41:30,8009.5,1070544,8010.0,46053,115233,4000,111233,1024491,0.5
1900-01-22 19:41:45,8010.5,1012984,8011.0,531,81046,13386,67660,1012453,0.5
1900-01-22 19:42:00,8019.5,296860,8020.0,576285,142423,10566,131857,-279425,0.5
1900-01-22 19:42:15,8019.5,41524,8020.0,809468,97118,10164,86954,-767944,0.5
1900-01-22 19:42:30,8019.5,554956,8020.0,238944,54045,57605,-3560,316012,0.5
1900-01-22 19:42:45,8019.5,1086184,8020.0,13225,64811,8314,56497,1072959,0.5
1900-01-22 19:43:00,8022.0,140849,8022.5,868913,118204,15949,102255,-728064,0.5
1900-01-22 19:43:15,8011.0,1718356,8011.5,310389,2125,138456,-136331,1407967,0.5
1900-01-22 19:43:30,8011.0,1861452,8011.5,295301,20501,97730,-77229,1566151,0.5
1900-01-22 19:43:45,8012.5,406548,8013.0,3763,24827,1600,23227,402785,0.5
1900-01-22 19:44:00,8012.5,554481,8013.0,592768,6930,4033,2897,-38287,0.5
1900-01-22 19:44:15,8014.5,362704,8015.0,25,14851,6975,7876,362679,0.5
1900-01-22 19:44:30,8014.5,756229,8015.0,139629,1957,7000,-5043,616600,0.5
1900-01-22 19:44:45,8015.0,903987,8015.5,3574,3090,2220,870,900413,0.5
1900-01-22 19:45:00,8019.5,483577,8020.0,679261,76797,5931,70866,-195684,0.5
1900-01-22 19:45:15,8019.5,353650,8020.0,777445,18505,10673,7832,-423795,0.5
1900-01-22 19:45:30,8019.5,365050,8020.0,787721,15812,19616,-3804,-422671,0.5
1900-01-22 19:45:45,8019.5,809606,8020.0,95657,4246,10064,-5818,713949,0.5
1900-01-22 19:46:00,8019.5,1067910,8020.0,29504,38579,14976,23603,1038406,0.5
1900-01-22 19:46:15,8023.5,865644,8024.0,54163,54940,13655,41285,811481,0.5
1900-01-22 19:46:30,8023.5,521395,8024.0,543612,7776,4504,3272,-22217,0.5
1900-01-22 19:46:45,8023.5,471637,8024.0,542280,119781,4504,115277,-70643,0.5
1900-01-22 19:47:00,8024.0,470897,8024.5,520720,51298,35407,15891,-49823,0.5
1900-01-22 19:47:15,8024.0,786988,8024.5,53230,21048,17522,3526,733758,0.5
1900-01-22 19:47:30,8024.0,801304,8024.5,40100,7714,2510,5204,761204,0.5
1900-01-22 19:47:45,8024.0,1031164,8024.5,47472,7685,2602,5083,983692,0.5
1900-01-22 19:48:00,8029.0,636258,8029.5,418504,589575,6146,583429,217754,0.5
1900-01-22 19:48:15,8029.0,309682,8029.5,668732,511027,50242,460785,-359050,0.5
1900-01-22 19:48:30,8030.5,421981,8031.0,32047,202518,51169,151349,389934,0.5
1900-01-22 19:48:45,8037.0,14949,8037.5,6348,443368,119047,324321,8601,0.5
1900-01-22 19:49:00,8034.5,1050439,8035.0,95664,48583,119487,-70904,954775,0.5
1900-01-22 19:49:15,8036.0,194892,8036.5,482946,116055,188791,-72736,-288054,0.5
1900-01-22 19:49:30,8039.5,55827,8040.0,11411,10755,149659,-138904,44416,0.5
1900-01-22 19:49:45,8039.5,444863,8040.0,259300,393815,36562,357253,185563,0.5
1900-01-22 19:50:00,8038.5,80276,8039.0,925808,416426,9578,406848,-845532,0.5
1900-01-22 19:50:15,8038.5,143683,8039.0,616381,72062,136331,-64269,-472698,0.5
1900-01-22 19:50:30,8039.0,892766,8039.5,13333,25738,93002,-67264,879433,0.5
1900-01-22 19:50:45,8039.0,105,8039.5,1217693,3692,37053,-33361,-1217588,0.5
1900-01-22 19:51:00,8028.5,268694,8029.0,75,43607,322481,-278874,268619,0.5
1900-01-22 19:51:15,8032.0,52542,8032.5,777211,8474,53171,-44697,-724669,0.5
1900-01-22 19:51:30,8030.0,46802,8030.5,712701,10754,16706,-5952,-665899,0.5
1900-01-22 19:51:45,8028.0,20411,8028.5,870988,50,42053,-42003,-850577,0.5
1900-01-22 19:52:00,8023.5,506044,8024.0,752367,2007,64601,-62594,-246323,0.5
1900-01-22 19:52:15,8023.0,10698,8023.5,1062247,520,216775,-216255,-1051549,0.5
1900-01-22 19:52:30,8022.5,550805,8023.0,164137,5851,198221,-192370,386668,0.5
1900-01-22 19:52:45,8022.5,127154,8023.0,697890,24119,2170,21949,-570736,0.5
1900-01-22 19:53:00,8022.5,470073,8023.0,274032,44960,6700,38260,196041,0.5
1900-01-22 19:53:15,8022.5,18556,8023.0,1483280,8810,17202,-8392,-1464724,0.5
1900-01-22 19:53:30,8022.5,476043,8023.0,219223,1010,6541,-5531,256820,0.5
1900-01-22 19:53:45,8022.5,789998,8023.0,64373,63528,195,63333,725625,0.5
1900-01-22 19:54:00,8022.5,796262,8023.0,67896,61769,637,61132,728366,0.5
1900-01-22 19:54:15,8023.0,856053,8023.5,126495,19032,637,18395,729558,0.5
1900-01-22 19:54:30,8023.0,885225,8023.5,442021,82157,7800,74357,443204,0.5
1900-01-22 19:54:45,8019.5,27796,8020.0,490567,2020,71067,-69047,-462771,0.5
1900-01-22 19:55:00,8017.5,169999,8018.0,625251,1009,186639,-185630,-455252,0.5
1900-01-22 19:55:15,8017.5,19722,8018.0,962172,700,76504,-75804,-942450,0.5
1900-01-22 19:55:30,8016.0,80993,8016.5,1038593,6600,22468,-15868,-957600,0.5
1900-01-22 19:55:45,8013.5,204468,8014.0,570033,5274,92907,-87633,-365565,0.5
1900-01-22 19:56:00,8013.0,47559,8013.5,1010941,42152,6638,35514,-963382,0.5
1900-01-22 19:56:15,8012.5,31094,8013.0,1545028,2991,17348,-14357,-1513934,0.5
1900-01-22 19:56:30,8011.0,5100,8011.5,1399578,266,28038,-27772,-1394478,0.5
1900-01-22 19:56:45,8010.0,173099,8010.5,729649,4800,107679,-102879,-556550,0.5
1900-01-22 19:57:00,8010.0,742282,8010.5,415069,18202,18130,72,327213,0.5
1900-01-22 19:57:15,8010.0,1276464,8010.5,18059,145991,18130,127861,1258405,0.5
1900-01-22 19:57:30,8018.5,75884,8019.0,858288,83262,11600,71662,-782404,0.5
1900-01-22 19:57:45,8018.5,40635,8019.0,903469,17665,6603,11062,-862834,0.5
1900-01-22 19:58:00,8014.5,4312,8015.0,1233579,4288,11009,-6721,-1229267,0.5
1900-01-22 19:58:15,8014.0,1650100,8014.5,332442,13183,89615,-76432,1317658,0.5
1900-01-22 19:58:30,8014.0,1659022,8014.5,303055,27221,1500,25721,1355967,0.5
1900-01-22 19:58:45,8014.5,301110,8015.0,47748,98175,4001,94174,253362,0.5
1900-01-22 19:59:00,8016.0,615789,8016.5,100299,27015,7352,19663,515490,0.5
1900-01-22 19:59:15,8017.0,622835,8017.5,36396,12668,321,12347,586439,0.5
1900-01-22 19:59:30,8020.5,415166,8021.0,455,140575,9777,130798,414711,0.5
1900-01-22 19:59:45,8024.0,383230,8024.5,94685,76556,3849,72707,288545,0.5
1900-01-22 20:00:00,8025.0,510876,8025.5,3598,28282,7049,21233,507278,0.5
1900-01-22 20:00:15,8029.5,345735,8030.0,284916,150898,27875,123023,60819,0.5
1900-01-22 20:00:30,8029.5,618741,8030.0,613981,63909,12324,51585,4760,0.5
1900-01-22 20:00:45,8035.5,847872,8036.0,5917,39809,8974,30835,841955,0.5
1900-01-22 20:01:00,8037.5,1141284,8038.0,295439,279417,18202,261215,845845,0.5
1900-01-22 20:01:15,8039.5,282477,8040.0,57425,160050,9030,151020,225052,0.5
1900-01-22 20:01:30,8039.5,75771,8040.0,445757,150271,125520,24751,-369986,0.5
1900-01-22 20:01:45,8049.5,149623,8050.0,2645,307849,65904,241945,146978,0.5
1900-01-22 20:02:00,8051.0,1858838,8051.5,1669,264584,149994,114590,1857169,0.5
1900-01-22 20:02:15,8060.0,392407,8060.5,12038,403923,16207,387716,380369,0.5
1900-01-22 20:02:30,8064.5,29131,8065.0,26175,438626,68192,370434,2956,0.5
1900-01-22 20:02:45,8056.0,296522,8056.5,648041,75771,574829,-499058,-351519,0.5
1900-01-22 20:03:00,8059.5,1667612,8060.0,12617,191247,49076,142171,1654995,0.5
1900-01-22 20:03:15,8061.5,5000,8062.0,4280,289951,241410,48541,720,0.5
1900-01-22 20:03:30,8058.5,783,8059.0,445733,51319,230663,-179344,-444950,0.5
1900-01-22 20:03:45,8048.5,2592,8049.0,18721,21416,157954,-136538,-16129,0.5
1900-01-22 20:04:00,8056.0,426324,8056.5,106802,206409,50720,155689,319522,0.5
1900-01-22 20:04:15,8056.0,375250,8056.5,479082,91368,24776,66592,-103832,0.5
1900-01-22 20:04:30,8056.0,617140,8056.5,360840,157952,59272,98680,256300,0.5
1900-01-22 20:04:45,8055.0,318745,8055.5,447220,11176,239231,-228055,-128475,0.5
1900-01-22 20:05:00,8060.0,62613,8060.5,178627,156497,166711,-10214,-116014,0.5
1900-01-22 20:05:15,8060.0,801219,8060.5,70644,186428,43670,142758,730575,0.5
1900-01-22 20:05:30,8056.0,567766,8056.5,673210,235504,580138,-344634,-105444,0.5
1900-01-22 20:05:45,8090.0,409532,8090.5,286534,1157207,1055330,101877,122998,0.5
1900-01-22 20:06:00,8086.5,12334,8087.0,174524,442501,432336,10165,-162190,0.5
1900-01-22 20:06:15,8081.5,1016656,8082.0,152955,293637,157375,136262,863701,0.5
1900-01-22 20:06:30,8086.0,531738,8086.5,433664,337047,182332,154715,98074,0.5
1900-01-22 20:06:45,8074.0,374476,8074.5,276830,227492,123435,104057,97646,0.5
1900-01-22 20:07:00,8076.5,69979,8077.0,1414704,238652,355451,-116799,-1344725,0.5
1900-01-22 20:07:15,8072.0,23094,8072.5,780149,35700,77224,-41524,-757055,0.5
1900-01-22 20:07:30,8066.5,8890,8067.0,406267,10814,185318,-174504,-397377,0.5
1900-01-22 20:07:45,8057.5,358268,8058.0,537312,51258,622588,-571330,-179044,0.5
1900-01-22 20:08:00,8057.5,674327,8058.0,425875,79067,276424,-197357,248452,0.5
1900-01-22 20:08:15,8062.0,1585,8062.5,89327,267902,91376,176526,-87742,0.5
1900-01-22 20:08:30,8053.5,39609,8054.0,72346,84753,123730,-38977,-32737,0.5
1900-01-22 20:08:45,8053.5,636149,8054.0,204036,106211,70363,35848,432113,0.5
1900-01-22 20:09:00,8053.5,60828,8054.0,615285,56225,71537,-15312,-554457,0.5
1900-01-22 20:09:15,8052.0,1669,8052.5,1266389,13865,41609,-27744,-1264720,0.5
1900-01-22 20:09:30,8047.5,103056,8048.0,893466,10776,47785,-37009,-790410,0.5
1900-01-22 20:09:45,8050.0,392222,8050.5,241053,168854,77690,91164,151169,0.5
1900-01-22 20:10:00,8050.0,268112,8050.5,773704,62414,66960,-4546,-505592,0.5
1900-01-22 20:10:15,8053.0,1338427,8053.5,43417,59435,25272,34163,1295010,0.5
1900-01-22 20:10:30,8056.5,579670,8057.0,931824,108965,2215,106750,-352154,0.5
1900-01-22 20:10:45,8057.0,244229,8057.5,280826,62063,64842,-2779,-36597,0.5
1900-01-22 20:11:00,8060.5,450036,8061.0,1046031,207379,19780,187599,-595995,0.5
1900-01-22 20:11:15,8057.0,235029,8057.5,1064720,22215,106172,-83957,-829691,0.5
1900-01-22 20:11:30,8057.0,103396,8057.5,1197675,27765,84416,-56651,-1094279,0.5
1900-01-22 20:11:45,8058.5,1264152,8059.0,1937,142484,24619,117865,1262215,0.5
1900-01-22 20:12:00,8060.5,688266,8061.0,225929,69902,20012,49890,462337,0.5
1900-01-22 20:12:15,8060.5,446321,8061.0,752888,29991,21855,8136,-306567,0.5
1900-01-22 20:12:30,8059.5,1456,8060.0,61669,9072,12887,-3815,-60213,0.5
1900-01-22 20:12:45,8057.0,169765,8057.5,665414,12597,43423,-30826,-495649,0.5
1900-01-22 20:13:00,8057.0,74507,8057.5,840229,35843,25329,10514,-765722,0.5
1900-01-22 20:13:15,8057.0,42539,8057.5,874468,2519,43657,-41138,-831929,0.5
1900-01-22 20:13:30,8056.5,10382,8057.0,1305598,11810,14855,-3045,-1295216,0.5
1900-01-22 20:13:45,8048.0,97249,8048.5,825787,5974,48145,-42171,-728538,0.5
1900-01-22 20:14:00,8048.0,728913,8048.5,248304,20545,21836,-1291,480609,0.5
1900-01-22 20:14:15,8050.5,589665,8051.0,120647,24178,41496,-17318,469018,0.5
1900-01-22 20:14:30,8043.0,4410,8043.5,112498,5257,245136,-239879,-108088,0.5
1900-01-22 20:14:45,8040.5,167778,8041.0,557686,2864,272796,-269932,-389908,0.5
1900-01-22 20:15:00,8040.5,315831,8041.0,774635,37599,93092,-55493,-458804,0.5
1900-01-22 20:15:15,8048.5,779386,8049.0,998654,111066,27687,83379,-219268,0.5
1900-01-22 20:15:30,8047.5,476328,8048.0,484463,66265,41218,25047,-8135,0.5
1900-01-22 20:15:45,8047.5,32801,8048.0,1413185,28142,31647,-3505,-1380384,0.5
1900-01-22 20:16:00,8047.5,249116,8048.0,563846,1191,13501,-12310,-314730,0.5
1900-01-22 20:16:15,8042.5,21041,8043.0,808528,10411,55706,-45295,-787487,0.5
1900-01-22 20:16:30,8040.5,169038,8041.0,711683,50,61658,-61608,-542645,0.5
1900-01-22 20:16:45,8031.5,27176,8032.0,348190,2345,602764,-600419,-321014,0.5
1900-01-22 20:17:00,8031.0,209528,8031.5,651955,27674,183970,-156296,-442427,0.5
1900-01-22 20:17:15,8028.0,78944,8028.5,1006784,2361,260068,-257707,-927840,0.5
1900-01-22 20:17:30,8029.0,571783,8029.5,46192,64741,128328,-63587,525591,0.5
1900-01-22 20:17:45,8023.5,169637,8024.0,255436,36620,514802,-478182,-85799,0.5
1900-01-22 20:18:00,8021.5,7846,8022.0,398678,15976,136919,-120943,-390832,0.5
1900-01-22 20:18:15,8022.5,563697,8023.0,32067,276504,63991,212513,531630,0.5
1900-01-22 20:18:30,8029.5,505935,8030.0,155806,235930,21001,214929,350129,0.5
1900-01-22 20:18:45,8036.5,339102,8037.0,860756,158816,6634,152182,-521654,0.5
1900-01-22 20:19:00,8035.5,16237,8036.0,273197,46555,66879,-20324,-256960,0.5
1900-01-22 20:19:15,8035.5,258175,8036.0,97370,46530,4169,42361,160805,0.5
1900-01-22 20:19:30,8036.5,660372,8037.0,20733,58394,6417,51977,639639,0.5
1900-01-22 20:19:45,8037.0,562049,8037.5,56100,34255,200,34055,505949,0.5
1900-01-22 20:20:00,8038.0,742337,8038.5,10524,30581,5701,24880,731813,0.5
1900-01-22 20:20:15,8039.0,54491,8039.5,1019061,108657,25451,83206,-964570,0.5
1900-01-22 20:20:30,8035.5,90983,8036.0,749811,2430,21564,-19134,-658828,0.5
1900-01-22 20:20:45,8035.5,41158,8036.0,957519,3000,35026,-32026,-916361,0.5
1900-01-22 20:21:00,8035.0,303942,8035.5,147098,1779,22322,-20543,156844,0.5
1900-01-22 20:21:15,8037.0,661736,8037.5,58016,146758,14115,132643,603720,0.5
1900-01-22 20:21:30,8038.5,536608,8039.0,26476,33816,2115,31701,510132,0.5
1900-01-22 20:21:45,8035.5,94129,8036.0,144059,20074,39768,-19694,-49930,0.5
1900-01-22 20:22:00,8031.5,1170,8032.0,530716,697,70333,-69636,-529546,0.5
1900-01-22 20:22:15,8027.0,4409,8027.5,13201,12892,73066,-60174,-8792,0.5
1900-01-22 20:22:30,8027.0,24445,8027.5,1063644,130,100658,-100528,-1039199,0.5
1900-01-22 20:22:45,8027.0,5117,8027.5,1110184,200,153010,-152810,-1105067,0.5
1900-01-22 20:23:00,8026.0,31473,8026.5,1250538,12761,32677,-19916,-1219065,0.5
1900-01-22 20:23:15,8025.5,324346,8026.0,216590,48422,34223,14199,107756,0.5
1900-01-22 20:23:30,8023.5,92073,8024.0,493803,26928,63712,-36784,-401730,0.5
1900-01-22 20:23:45,8023.5,187784,8024.0,248208,23580,4176,19404,-60424,0.5
1900-01-22 20:24:00,8024.0,227973,8024.5,266724,128676,4594,124082,-38751,0.5
1900-01-22 20:24:15,8024.0,201845,8024.5,298205,17319,4500,12819,-96360,0.5
1900-01-22 20:24:30,8024.0,776886,8024.5,76502,61832,4595,57237,700384,0.5
1900-01-22 20:24:45,8024.0,544077,8024.5,266469,97702,12005,85697,277608,0.5
1900-01-22 20:25:00,8024.0,103786,8024.5,794325,37504,21449,16055,-690539,0.5
1900-01-22 20:25:15,8023.0,64262,8023.5,975515,4644,72961,-68317,-911253,0.5
1900-01-22 20:25:30,8023.0,544866,8023.5,50278,31509,71914,-40405,494588,0.5
1900-01-22 20:25:45,8025.0,730529,8025.5,19716,63840,13000,50840,710813,0.5
1900-01-22 20:26:00,8027.0,684936,8027.5,15656,31063,110434,-79371,669280,0.5
1900-01-22 20:26:15,8027.5,816875,8028.0,5468,66884,115211,-48327,811407,0.5
1900-01-22 20:26:30,8032.0,378078,8032.5,6866,45033,127825,-82792,371212,0.5
1900-01-22 20:26:45,8032.5,682053,8033.0,237533,20304,10500,9804,444520,0.5
1900-01-22 20:27:00,8027.5,90765,8028.0,227403,45194,29841,15353,-136638,0.5
1900-01-22 20:27:15,8025.0,39508,8025.5,773857,20927,33525,-12598,-734349,0.5
1900-01-22 20:27:30,8025.5,513420,8026.0,7230,71815,35522,36293,506190,0.5
1900-01-22 20:27:45,8035.0,841818,8035.5,136488,19874,164,19710,705330,0.5
1900-01-22 20:28:00,8036.5,716852,8037.0,25943,81958,5201,76757,690909,0.5
1900-01-22 20:28:15,8042.5,519252,8043.0,657051,150959,3001,147958,-137799,0.5
1900-01-22 20:28:30,8042.5,350787,8043.0,667022,101510,42238,59272,-316235,0.5
1900-01-22 20:28:45,8042.0,25533,8042.5,912285,4106,103393,-99287,-886752,0.5
1900-01-22 20:29:00,8042.0,634393,8042.5,219822,1727,27980,-26253,414571,0.5
1900-01-22 20:29:15,8044.5,765132,8045.0,56430,16214,10991,5223,708702,0.5
1900-01-22 20:29:30,8047.0,1111238,8047.5,9951,98468,6637,91831,1101287,0.5
1900-01-22 20:29:45,8053.5,415105,8054.0,1236940,206002,19456,186546,-821835,0.5
1900-01-22 20:30:00,8053.5,449256,8054.0,1228412,111052,81775,29277,-779156,0.5
1900-01-22 20:30:15,8053.5,395972,8054.0,1213862,21062,108528,-87466,-817890,0.5
1900-01-22 20:30:30,8049.5,25326,8050.0,384463,50402,157523,-107121,-359137,0.5
1900-01-22 20:30:45,8049.5,466184,8050.0,442868,10513,76711,-66198,23316,0.5
1900-01-22 20:31:00,8049.5,765434,8050.0,263455,22793,54472,-31679,501979,0.5
1900-01-22 20:31:15,8050.0,870486,8050.5,61815,34033,1900,32133,808671,0.5
1900-01-22 20:31:30,8053.0,126359,8053.5,10196,90757,14601,76156,116163,0.5
1900-01-22 20:31:45,8056.0,715850,8056.5,71516,491081,3151,487930,644334,0.5
1900-01-22 20:32:00,8063.5,421683,8064.0,459519,223936,9773,214163,-37836,0.5
1900-01-22 20:32:15,8063.5,3329223,8064.0,166354,247220,171561,75659,3162869,0.5
1900-01-22 20:32:30,8064.5,3701398,8065.0,110547,210665,5001,205664,3590851,0.5
1900-01-22 20:32:45,8066.5,517106,8067.0,14015,126157,724,125433,503091,0.5
1900-01-22 20:33:00,8075.5,106140,8076.0,159094,135329,136867,-1538,-52954,0.5
1900-01-22 20:33:15,8078.5,792398,8079.0,14728,50310,142962,-92652,777670,0.5
1900-01-22 20:33:30,8082.5,626985,8083.0,1351221,81068,1395292,-1314224,-724236,0.5
1900-01-22 20:33:45,8082.5,2239087,8083.0,610872,187804,431434,-243630,1628215,0.5
1900-01-22 20:34:00,8089.5,98500,8090.0,630523,534512,87315,447197,-532023,0.5
1900-01-22 20:34:15,8084.0,709961,8084.5,7190,188224,141831,46393,702771,0.5
1900-01-22 20:34:30,8091.0,512867,8091.5,120900,180856,82135,98721,391967,0.5
1900-01-22 20:34:45,8096.0,944624,8096.5,123380,378582,78842,299740,821244,0.5
1900-01-22 20:35:00,8098.5,986168,8099.0,251292,640548,24216,616332,734876,0.5
1900-01-22 20:35:15,8114.5,62842,8115.0,616593,2169067,192394,1976673,-553751,0.5
1900-01-22 20:35:30,8103.0,1164109,8103.5,642482,330526,960933,-630407,521627,0.5
1900-01-22 20:35:45,8086.5,314387,8087.0,211436,77978,535858,-457880,102951,0.5
1900-01-22 20:36:00,8086.5,8058,8087.0,1077596,49035,365990,-316955,-1069538,0.5
1900-01-22 20:36:15,8072.0,352032,8072.5,79337,37124,309979,-272855,272695,0.5
1900-01-22 20:36:30,8075.5,683371,8076.0,414363,144982,222213,-77231,269008,0.5
1900-01-22 20:36:45,8075.0,275731,8075.5,1112941,82784,197902,-115118,-837210,0.5
1900-01-22 20:37:00,8072.0,563893,8072.5,179675,17638,130856,-113218,384218,0.5
1900-01-22 20:37:15,8072.0,14357,8072.5,768386,11302,74542,-63240,-754029,0.5
1900-01-22 20:37:30,8075.5,761348,8076.0,117273,334026,1645,332381,644075,0.5
1900-01-22 20:37:45,8089.5,2203869,8090.0,642897,130851,32909,97942,1560972,0.5
1900-01-22 20:38:00,8089.5,2284799,8090.0,1021,492997,21611,471386,2283778,0.5
1900-01-22 20:38:15,8096.5,565550,8097.0,227263,271446,23544,247902,338287,0.5
1900-01-22 20:38:30,8097.5,462290,8098.0,6121,179178,20629,158549,456169,0.5
1900-01-22 20:38:45,8105.0,782621,8105.5,96513,172644,76470,96174,686108,0.5
1900-01-22 20:39:00,8092.5,55179,8095.0,20000,23320,455657,-432337,35179,2.5
1900-01-22 20:39:15,8100.0,479217,8100.5,2837,150735,371550,-220815,476380,0.5
1900-01-22 20:39:30,8104.5,415516,8105.0,412374,55016,22097,32919,3142,0.5
1900-01-22 20:39:45,8106.0,766373,8106.5,2911,107004,280280,-173276,763462,0.5
1900-01-22 20:40:00,8109.5,26954,8110.0,277667,292221,81314,210907,-250713,0.5
1900-01-22 20:40:15,8105.0,16172,8105.5,221509,110225,109833,392,-205337,0.5
1900-01-22 20:40:30,8100.0,8509,8100.5,138029,106132,322926,-216794,-129520,0.5
1900-01-22 20:40:45,8093.5,19250,8094.0,18865,28859,82893,-54034,385,0.5
1900-01-22 20:41:00,8089.5,549817,8090.0,183794,472311,54262,418049,366023,0.5
1900-01-22 20:41:15,8085.5,75475,8086.0,271714,142339,236187,-93848,-196239,0.5
1900-01-22 20:41:30,8079.5,14579,8080.0,97072,35360,137896,-102536,-82493,0.5
1900-01-22 20:41:45,8073.5,382804,8074.0,743427,110632,117990,-7358,-360623,0.5
1900-01-22 20:42:00,8077.5,511601,8078.0,528300,124575,171876,-47301,-16699,0.5
1900-01-22 20:42:15,8077.5,1134426,8078.0,703473,375412,26809,348603,430953,0.5
1900-01-22 20:42:30,8079.0,402217,8079.5,22112,502868,232818,270050,380105,0.5
1900-01-22 20:42:45,8083.0,512486,8083.5,27274,262772,84972,177800,485212,0.5
1900-01-22 20:43:00,8077.5,322524,8078.0,949057,13026,370861,-357835,-626533,0.5
1900-01-22 20:43:15,8075.0,50100,8075.5,662430,7031,273311,-266280,-612330,0.5
1900-01-22 20:43:30,8075.0,3513558,8075.5,570950,276269,45295,230974,2942608,0.5
1900-01-22 20:43:45,8077.5,1216712,8078.0,17180,768739,4639,764100,1199532,0.5
1900-01-22 20:44:00,8079.0,767419,8079.5,781533,111766,44943,66823,-14114,0.5
1900-01-22 20:44:15,8081.0,576975,8081.5,109,59182,20412,38770,576866,0.5
1900-01-22 20:44:30,8084.0,119734,8084.5,1089347,89961,75083,14878,-969613,0.5
1900-01-22 20:44:45,8076.5,9718,8077.0,464912,15720,190655,-174935,-455194,0.5
1900-01-22 20:45:00,8072.5,6847,8073.0,343162,16228,50884,-34656,-336315,0.5
1900-01-22 20:45:15,8059.5,349568,8060.0,51612,14442,355850,-341408,297956,0.5
1900-01-22 20:45:30,8059.5,149340,8060.0,761918,54144,226767,-172623,-612578,0.5
1900-01-22 20:45:45,8053.0,366939,8053.5,238383,32446,130989,-98543,128556,0.5
1900-01-22 20:46:00,8055.0,658912,8055.5,41235,160116,47735,112381,617677,0.5
1900-01-22 20:46:15,8063.0,344691,8063.5,325493,219506,3242,216264,19198,0.5
1900-01-22 20:46:30,8063.0,1670308,8063.5,166348,223618,16947,206671,1503960,0.5
1900-01-22 20:46:45,8063.5,155255,8064.0,947973,76052,3050,73002,-792718,0.5
1900-01-22 20:47:00,8062.5,1941,8063.0,1045131,49742,25064,24678,-1043190,0.5
1900-01-22 20:47:15,8062.0,3616,8062.5,1236733,1323,51247,-49924,-1233117,0.5
1900-01-22 20:47:30,8061.0,52997,8061.5,1121782,7160,122530,-115370,-1068785,0.5
1900-01-22 20:47:45,8060.0,510874,8060.5,259071,2410,32420,-30010,251803,0.5
1900-01-22 20:48:00,8062.5,660781,8063.0,1454465,97285,6626,90659,-793684,0.5
1900-01-22 20:48:15,8076.0,112978,8076.5,619928,1187180,100,1187080,-506950,0.5
1900-01-22 20:48:30,8069.0,32512,8069.5,103980,134115,118401,15714,-71468,0.5
1900-01-22 20:48:45,8072.5,560178,8073.0,29019,10424,7548,2876,531159,0.5
1900-01-22 20:49:00,8074.0,936037,8075.0,41909,96358,967,95391,894128,1.0
1900-01-22 20:49:15,8078.0,878683,8078.5,1207,149468,103082,46386,877476,0.5
1900-01-22 20:49:30,8087.5,371694,8088.0,66989,158837,9374,149463,304705,0.5
1900-01-22 20:49:45,8095.0,117363,8095.5,1700,175574,36500,139074,115663,0.5
1900-01-22 20:50:00,8114.0,8406,8114.5,1000,1994158,58660,1935498,7406,0.5
1900-01-22 20:50:15,8111.0,98597,8111.5,942855,483226,254081,229145,-844258,0.5
1900-01-22 20:50:30,8103.0,14859,8103.5,26000,106144,381648,-275504,-11141,0.5
1900-01-22 20:50:45,8101.5,372656,8102.0,760938,5839,1138978,-1133139,-388282,0.5
1900-01-22 20:51:00,8099.0,9676,8099.5,1591043,141252,140399,853,-1581367,0.5
1900-01-22 20:51:15,8094.5,653429,8095.0,11638,123654,131742,-8088,641791,0.5
1900-01-22 20:51:30,8105.0,924701,8105.5,3681,261362,19790,241572,921020,0.5
1900-01-22 20:51:45,8107.5,750837,8108.0,131057,73244,47148,26096,619780,0.5
1900-01-22 20:52:00,8097.0,95227,8097.5,327955,43303,286850,-243547,-232728,0.5
1900-01-22 20:52:15,8089.5,591572,8090.0,353712,124804,523428,-398624,237860,0.5
1900-01-22 20:52:30,8090.0,1090101,8090.5,7179,243617,309823,-66206,1082922,0.5
1900-01-22 20:52:45,8100.0,952558,8100.5,3623,19362,13174,6188,948935,0.5
1900-01-22 20:53:00,8100.0,262152,8100.5,567834,149643,219366,-69723,-305682,0.5
1900-01-22 20:53:15,8100.0,856846,8100.5,34127,196849,21340,175509,822719,0.5
1900-01-22 20:53:30,8102.0,222733,8102.5,621773,130150,53305,76845,-399040,0.5
1900-01-22 20:53:45,8105.0,788470,8105.5,66873,57981,36135,21846,721597,0.5
1900-01-22 20:54:00,8105.5,617511,8106.0,9143,49817,5073,44744,608368,0.5
1900-01-22 20:54:15,8095.0,2907,8095.5,103990,14014,547293,-533279,-101083,0.5
1900-01-22 20:54:30,8093.0,760183,8093.5,183070,8929,123379,-114450,577113,0.5
1900-01-22 20:54:45,8099.5,42345,8100.0,82857,140529,72547,67982,-40512,0.5
1900-01-22 20:55:00,8103.5,116981,8104.0,789,105301,6031,99270,116192,0.5
1900-01-22 20:55:15,8109.5,222497,8110.0,306022,52581,23639,28942,-83525,0.5
1900-01-22 20:55:30,8101.0,534782,8101.5,228739,46320,178698,-132378,306043,0.5
1900-01-22 20:55:45,8102.5,37170,8103.0,442177,62176,20159,42017,-405007,0.5
1900-01-22 20:56:00,8102.0,220,8102.5,302223,42027,67811,-25784,-302003,0.5
1900-01-22 20:56:15,8096.0,1735,8096.5,325014,18218,53682,-35464,-323279,0.5
1900-01-22 20:56:30,8090.5,31329,8091.0,450093,5229,49536,-44307,-418764,0.5
1900-01-22 20:56:45,8087.5,5530,8088.0,101437,13093,108580,-95487,-95907,0.5
1900-01-22 20:57:00,8085.0,485510,8085.5,396986,27719,357893,-330174,88524,0.5
1900-01-22 20:57:15,8085.0,2005076,8085.5,20030,65978,150833,-84855,1985046,0.5
1900-01-22 20:57:30,8089.5,382852,8090.0,23808,219257,24622,194635,359044,0.5
1900-01-22 20:57:45,8090.0,389,8090.5,1308875,35407,211489,-176082,-1308486,0.5
1900-01-22 20:58:00,8090.0,240493,8090.5,463403,169106,253745,-84639,-222910,0.5
1900-01-22 20:58:15,8092.5,1011915,8093.0,91871,139051,11453,127598,920044,0.5
1900-01-22 20:58:30,8093.0,321780,8093.5,223063,35073,6955,28118,98717,0.5
1900-01-22 20:58:45,8092.0,1159,8092.5,626590,20175,470968,-450793,-625431,0.5
1900-01-22 20:59:00,8092.0,283375,8092.5,214300,39674,371301,-331627,69075,0.5
1900-01-22 20:59:15,8092.0,527856,8092.5,78154,26574,358833,-332259,449702,0.5
1900-01-22 20:59:30,8094.0,594646,8094.5,39107,45609,171188,-125579,555539,0.5
1900-01-22 20:59:45,8097.5,1302776,8098.0,16500,99269,3958,95311,1286276,0.5
1900-01-22 21:00:00,8099.5,224631,8100.0,711476,15133,19135,-4002,-486845,0.5
1900-01-22 21:00:15,8103.5,717480,8104.0,65191,574367,58596,515771,652289,0.5
1900-01-22 21:00:30,8105.5,656023,8106.0,69744,187342,14652,172690,586279,0.5
1900-01-22 21:00:45,8108.5,653793,8109.0,19409,11851,47307,-35456,634384,0.5
1900-01-22 21:01:00,8113.5,544280,8114.0,342602,149729,29674,120055,201678,0.5
1900-01-22 21:01:15,8113.5,76971,8114.0,442245,131113,143741,-12628,-365274,0.5
1900-01-22 21:01:30,8110.5,260944,8111.0,420664,81758,104641,-22883,-159720,0.5
1900-01-22 21:01:45,8111.0,1216689,8111.5,7866,196686,98498,98188,1208823,0.5
1900-01-22 21:02:00,8119.5,459514,8120.0,29006,116729,32612,84117,430508,0.5
1900-01-22 21:02:15,8123.0,106144,8123.5,30678,658928,82479,576449,75466,0.5
1900-01-22 21:02:30,8115.5,30900,8116.0,124994,147849,129874,17975,-94094,0.5
1900-01-22 21:02:45,8115.5,1056268,8116.0,103887,34094,102948,-68854,952381,0.5
1900-01-22 21:03:00,8120.0,899972,8120.5,66731,278685,35440,243245,833241,0.5
1900-01-22 21:03:15,8124.5,547550,8125.0,57039,233244,79287,153957,490511,0.5
1900-01-22 21:03:30,8125.0,101092,8125.5,861566,263085,84498,178587,-760474,0.5
1900-01-22 21:03:45,8122.5,9562,8123.0,517175,261836,374063,-112227,-507613,0.5
1900-01-22 21:04:00,8119.0,564948,8119.5,277939,57965,129788,-71823,287009,0.5
1900-01-22 21:04:15,8121.0,563043,8121.5,434157,76815,108586,-31771,128886,0.5
1900-01-22 21:04:30,8119.5,380872,8120.0,237238,8749,149108,-140359,143634,0.5
1900-01-22 21:04:45,8115.5,122602,8116.0,692242,108653,308514,-199861,-569640,0.5
1900-01-22 21:05:00,8111.5,3843,8112.0,39058,24626,142582,-117956,-35215,0.5
1900-01-22 21:05:15,8097.5,10000,8098.0,74911,12122,231456,-219334,-64911,0.5
1900-01-22 21:05:30,8103.0,304389,8103.5,88255,84031,180697,-96666,216134,0.5
1900-01-22 21:05:45,8101.5,10994,8102.0,565404,157817,136538,21279,-554410,0.5
1900-01-22 21:06:00,8092.5,30,8093.0,361309,46199,141738,-95539,-361279,0.5
1900-01-22 21:06:15,8076.5,84288,8077.0,56082,96968,581157,-484189,28206,0.5
1900-01-22 21:06:30,8077.0,92549,8077.5,424217,198755,124458,74297,-331668,0.5
1900-01-22 21:06:45,8073.5,636150,8074.0,25850,153973,415953,-261980,610300,0.5
1900-01-22 21:07:00,8067.0,17767,8067.5,461057,142277,169490,-27213,-443290,0.5
1900-01-22 21:07:15,8067.0,42835,8067.5,778710,72463,285746,-213283,-735875,0.5
1900-01-22 21:07:30,8062.0,1015742,8062.5,598541,91522,405543,-314021,417201,0.5
1900-01-22 21:07:45,8059.0,62350,8059.5,117581,933333,380230,553103,-55231,0.5
1900-01-22 21:08:00,8041.0,1008812,8041.5,172028,140226,1004986,-864760,836784,0.5
1900-01-22 21:08:15,8054.0,121800,8054.5,143464,233094,1048428,-815334,-21664,0.5
1900-01-22 21:08:30,8066.5,732522,8067.0,256861,413159,523789,-110630,475661,0.5
1900-01-22 21:08:45,8066.5,1286397,8067.0,1459104,240095,90234,149861,-172707,0.5
1900-01-22 21:09:00,8073.5,823310,8074.0,19671,1281721,21935,1259786,803639,0.5
1900-01-22 21:09:15,8069.0,38635,8069.5,80106,348391,193265,155126,-41471,0.5
1900-01-22 21:09:30,8066.5,172443,8067.0,176891,209952,199594,10358,-4448,0.5
1900-01-22 21:09:45,8076.0,49900,8076.5,8437,153377,230444,-77067,41463,0.5
1900-01-22 21:10:00,8072.0,8287,8072.5,488026,292032,58298,233734,-479739,0.5
1900-01-22 21:10:15,8072.0,1499972,8072.5,185086,53362,318992,-265630,1314886,0.5
1900-01-22 21:10:30,8072.0,1393918,8072.5,247187,41842,147275,-105433,1146731,0.5
1900-01-22 21:10:45,8072.0,1024594,8072.5,335412,74514,39167,35347,689182,0.5
1900-01-22 21:11:00,8070.0,875205,8070.5,876900,23013,631537,-608524,-1695,0.5
1900-01-22 21:11:15,8065.0,116834,8065.5,92334,14067,1189844,-1175777,24500,0.5
1900-01-22 21:11:30,8065.0,150736,8065.5,710384,1534,43477,-41943,-559648,0.5
1900-01-22 21:11:45,8065.0,95975,8065.5,947971,23564,67086,-43522,-851996,0.5
1900-01-22 21:12:00,8065.0,595976,8065.5,411926,13951,70020,-56069,184050,0.5
1900-01-22 21:13:00,8057.5,611114,8058.0,201546,18899,1000,17899,409568,0.5
1900-01-22 21:13:15,8057.5,610248,8058.0,290976,116935,13147,103788,319272,0.5
1900-01-22 21:13:30,8061.5,789431,8062.0,8141,217520,9478,208042,781290,0.5
1900-01-22 21:13:45,8063.0,258122,8063.5,589910,106090,17267,88823,-331788,0.5
1900-01-22 21:14:00,8069.0,124376,8069.5,94047,269237,41501,227736,30329,0.5
1900-01-22 21:14:15,8071.5,597782,8072.0,15310,45722,1646,44076,582472,0.5
1900-01-22 21:14:30,8072.5,481080,8073.0,346960,91260,3400,87860,134120,0.5
1900-01-22 21:14:45,8067.5,12436,8068.0,730428,33399,206983,-173584,-717992,0.5
1900-01-22 21:15:00,8065.0,56591,8065.5,656733,7184,2164,5020,-600142,0.5
1900-01-22 21:15:15,8061.5,1994,8062.0,137447,24062,149190,-125128,-135453,0.5
1900-01-22 21:15:30,8055.0,516304,8055.5,462958,16344,54228,-37884,53346,0.5
1900-01-22 21:15:45,8054.0,34075,8054.5,799991,130533,753072,-622539,-765916,0.5
1900-01-22 21:16:00,8052.0,327271,8052.5,550528,8724,90199,-81475,-223257,0.5
1900-01-22 21:16:15,8050.5,184465,8051.0,22500,72293,154738,-82445,161965,0.5
1900-01-22 21:16:30,8041.0,321686,8041.5,338836,63983,77818,-13835,-17150,0.5
1900-01-22 21:16:45,8047.0,127878,8047.5,477900,187563,52849,134714,-350022,0.5
1900-01-22 21:17:00,8041.0,7888,8041.5,94642,129612,84767,44845,-86754,0.5
1900-01-22 21:17:15,8026.0,111170,8026.5,153045,29787,563022,-533235,-41875,0.5
1900-01-22 21:17:30,8031.5,507154,8032.0,115033,348711,310195,38516,392121,0.5
1900-01-22 21:17:45,8033.5,870134,8034.0,1683,177650,14705,162945,868451,0.5
1900-01-22 21:18:00,8038.5,526361,8039.0,570081,85968,36505,49463,-43720,0.5
1900-01-22 21:18:15,8038.5,313591,8039.0,273732,193499,155574,37925,39859,0.5
1900-01-22 21:18:30,8043.5,470624,8044.0,34673,177423,15703,161720,435951,0.5
1900-01-22 21:18:45,8043.0,97939,8043.5,427202,315740,48696,267044,-329263,0.5
1900-01-22 21:19:00,8043.0,7464,8043.5,694693,19288,18359,929,-687229,0.5
1900-01-22 21:19:15,8039.0,327415,8039.5,547971,72159,99658,-27499,-220556,0.5
1900-01-22 21:19:30,8041.0,506725,8041.5,291406,99438,77614,21824,215319,0.5
1900-01-22 21:19:45,8043.0,573023,8043.5,425928,15054,152612,-137558,147095,0.5
1900-01-22 21:20:00,8044.5,762318,8045.0,136030,21319,79415,-58096,626288,0.5
1900-01-22 21:20:15,8047.5,873156,8048.0,84322,71232,23076,48156,788834,0.5
1900-01-22 21:20:30,8049.5,852435,8050.0,82010,141923,6310,135613,770425,0.5
1900-01-22 21:20:45,8052.0,19091,8052.5,1339762,72269,179126,-106857,-1320671,0.5
1900-01-22 21:21:00,8048.0,13659,8048.5,857896,5708,29461,-23753,-844237,0.5
1900-01-22 21:21:15,8047.0,19366,8047.5,1192017,49435,27857,21578,-1172651,0.5
1900-01-22 21:21:30,8044.0,46297,8044.5,1048593,25029,87197,-62168,-1002296,0.5
1900-01-22 21:21:45,8041.0,102856,8041.5,956596,4578,66950,-62372,-853740,0.5
1900-01-22 21:22:00,8038.5,70041,8039.0,1126921,17407,94273,-76866,-1056880,0.5
1900-01-22 21:22:15,8035.5,814638,8036.0,126073,100372,124812,-24440,688565,0.5
1900-01-22 21:22:30,8035.5,829975,8036.0,29053,54377,2359,52018,800922,0.5
1900-01-22 21:22:45,8040.0,559861,8040.5,248438,49245,2529,46716,311423,0.5
1900-01-22 21:23:00,8040.0,222327,8040.5,685402,7184,129975,-122791,-463075,0.5
1900-01-22 21:23:15,8040.0,198765,8040.5,793247,120,54834,-54714,-594482,0.5
1900-01-22 21:23:30,8036.0,15941,8036.5,568618,1000,30301,-29301,-552677,0.5
1900-01-22 21:23:45,8032.5,48099,8033.0,845490,10061,198232,-188171,-797391,0.5
1900-01-22 21:24:00,8030.0,531846,8030.5,15228,9742,130027,-120285,516618,0.5
1900-01-22 21:24:15,8030.5,473611,8031.0,65601,30594,4114,26480,408010,0.5
1900-01-22 21:24:30,8032.5,412153,8033.0,109202,42126,12285,29841,302951,0.5
1900-01-22 21:24:45,8035.0,495260,8035.5,167364,235234,45462,189772,327896,0.5
1900-01-22 21:25:00,8038.0,310997,8038.5,25783,51723,10689,41034,285214,0.5
1900-01-22 21:25:15,8043.5,401362,8044.0,12897,45158,1712,43446,388465,0.5
1900-01-22 21:25:30,8044.0,462374,8044.5,4463,49522,5315,44207,457911,0.5
1900-01-22 21:25:45,8044.5,425486,8045.0,35410,8817,2773,6044,390076,0.5
1900-01-22 21:26:00,8044.5,466541,8045.0,474424,28916,53147,-24231,-7883,0.5
1900-01-22 21:26:15,8044.5,802853,8045.0,406117,69740,7801,61939,396736,0.5
1900-01-22 21:26:30,8044.5,153103,8045.0,430252,116513,127095,-10582,-277149,0.5
1900-01-22 21:26:45,8044.5,178708,8045.0,429012,2661,37220,-34559,-250304,0.5
1900-01-22 21:27:00,8044.5,206767,8045.0,446383,4201,13666,-9465,-239616,0.5
1900-01-22 21:27:15,8044.5,271392,8045.0,451429,16142,13542,2600,-180037,0.5
1900-01-22 21:27:30,8044.5,267982,8045.0,523744,11951,2947,9004,-255762,0.5
1900-01-22 21:27:45,8044.5,105736,8045.0,725655,1503,133951,-132448,-619919,0.5
1900-01-22 21:28:00,8044.5,386512,8045.0,659988,48553,13631,34922,-273476,0.5
1900-01-22 21:28:15,8044.5,436502,8045.0,371320,87381,3000,84381,65182,0.5
1900-01-22 21:28:30,8044.5,454787,8045.0,358582,6722,8309,-1587,96205,0.5
1900-01-22 21:28:45,8047.5,428195,8048.0,53628,81597,31000,50597,374567,0.5
1900-01-22 21:29:00,8049.0,194976,8049.5,929438,62214,56524,5690,-734462,0.5
1900-01-22 21:29:15,8049.0,324973,8049.5,639194,1795,10607,-8812,-314221,0.5
1900-01-22 21:29:30,8049.0,250467,8049.5,657872,34361,5397,28964,-407405,0.5
1900-01-22 21:29:45,8049.0,274991,8049.5,537901,176393,14075,162318,-262910,0.5
1900-01-22 21:30:00,8047.5,25495,8048.0,182185,36278,160603,-124325,-156690,0.5
1900-01-22 21:30:15,8047.5,197531,8048.0,350424,43998,9075,34923,-152893,0.5
1900-01-22 21:30:30,8047.5,207273,8048.0,538095,3120,67925,-64805,-330822,0.5
1900-01-22 21:30:45,8047.5,20792,8048.0,646159,3420,46988,-43568,-625367,0.5
1900-01-22 21:31:00,8046.5,167195,8047.0,481710,17608,271852,-254244,-314515,0.5
1900-01-22 21:31:15,8046.5,141473,8047.0,676715,9529,26202,-16673,-535242,0.5
1900-01-22 21:31:30,8045.5,236596,8046.0,424461,26145,173125,-146980,-187865,0.5
1900-01-22 21:31:45,8044.0,5625,8044.5,208128,11286,30637,-19351,-202503,0.5
1900-01-22 21:32:00,8041.5,9856,8042.0,366170,5604,88781,-83177,-356314,0.5
1900-01-22 21:32:15,8041.5,28006,8042.0,445282,4969,10484,-5515,-417276,0.5
1900-01-22 21:32:30,8041.0,487511,8041.5,379988,3505,2405,1100,107523,0.5
1900-01-22 21:32:45,8041.0,1554228,8041.5,592279,7360,19450,-12090,961949,0.5
1900-01-22 21:33:00,8041.0,612332,8041.5,870785,41795,4258,37537,-258453,0.5
1900-01-22 21:33:15,8041.0,357887,8041.5,850898,1136,208650,-207514,-493011,0.5
1900-01-22 21:33:30,8041.0,486832,8041.5,907225,60,11150,-11090,-420393,0.5
1900-01-22 21:33:45,8041.0,104498,8041.5,986187,150,139787,-139637,-881689,0.5
1900-01-22 21:34:00,8039.0,142492,8039.5,533035,42807,75784,-32977,-390543,0.5
1900-01-22 21:34:15,8039.0,83085,8039.5,689485,14230,62059,-47829,-606400,0.5
1900-01-22 21:34:30,8038.5,42576,8039.0,928190,5000,82911,-77911,-885614,0.5
1900-01-22 21:34:45,8037.5,9008,8038.0,495323,5791,14871,-9080,-486315,0.5
1900-01-22 21:35:00,8033.0,325103,8033.5,9999,7783,116353,-108570,315104,0.5
1900-01-22 21:35:15,8035.0,904327,8035.5,270520,110882,113122,-2240,633807,0.5
1900-01-22 21:35:30,8035.0,1092686,8035.5,143021,80884,8300,72584,949665,0.5
1900-01-22 21:35:45,8037.0,917639,8037.5,14599,64581,1832,62749,903040,0.5
1900-01-22 21:36:00,8037.5,833038,8038.0,100091,60820,1030,59790,732947,0.5
1900-01-22 21:36:15,8040.5,512506,8041.0,862626,36311,1252,35059,-350120,0.5
1900-01-22 21:36:30,8043.5,488939,8044.0,48587,22181,9715,12466,440352,0.5
1900-01-22 21:36:45,8046.5,279676,8047.0,424424,34366,5582,28784,-144748,0.5
1900-01-22 21:37:00,8043.0,432112,8043.5,290203,92677,49486,43191,141909,0.5
1900-01-22 21:37:15,8043.0,486149,8043.5,295154,21889,1751,20138,190995,0.5
1900-01-22 21:37:30,8043.0,230139,8043.5,625115,14519,23,14496,-394976,0.5
1900-01-22 21:37:45,8037.5,65830,8038.0,579583,662,316751,-316089,-513753,0.5
1900-01-22 21:38:00,8039.0,753769,8039.5,3429,110235,24910,85325,750340,0.5
1900-01-22 21:38:15,8044.5,206626,8045.0,584075,19516,2558,16958,-377449,0.5
1900-01-22 21:38:30,8044.5,481210,8045.0,64246,55016,7693,47323,416964,0.5
1900-01-22 21:38:45,8045.0,441581,8045.5,82804,13998,83388,-69390,358777,0.5
1900-01-22 21:39:00,8046.5,473564,8047.0,146568,9227,1494,7733,326996,0.5
1900-01-22 21:39:15,8046.5,330613,8047.0,672090,4350,20244,-15894,-341477,0.5
1900-01-22 21:39:30,8046.5,92057,8047.0,777837,4996,28257,-23261,-685780,0.5
1900-01-22 21:39:45,8046.0,14787,8046.5,736749,807,31271,-30464,-721962,0.5
1900-01-22 21:40:00,8045.5,124646,8046.0,745060,3752,9927,-6175,-620414,0.5
1900-01-22 21:40:15,8045.5,485255,8046.0,221628,100481,25452,75029,263627,0.5
1900-01-22 21:40:30,8046.5,852972,8047.0,28800,53082,47557,5525,824172,0.5
1900-01-22 21:40:45,8049.0,882940,8049.5,98311,109911,25461,84450,784629,0.5
1900-01-22 21:41:00,8050.5,1100199,8051.0,20711,42625,1700,40925,1079488,0.5
1900-01-22 21:41:15,8056.5,1312768,8057.0,21287,282733,5051,277682,1291481,0.5
1900-01-22 21:41:30,8058.5,594158,8059.0,367447,120410,2570,117840,226711,0.5
1900-01-22 21:41:45,8058.5,503397,8059.0,50252,180671,6284,174387,453145,0.5
1900-01-22 21:42:00,8063.0,50,8063.5,548340,164886,46978,117908,-548290,0.5
1900-01-22 21:42:15,8058.0,29186,8058.5,856671,13166,74594,-61428,-827485,0.5
1900-01-22 21:42:30,8058.0,1323280,8058.5,848567,4007,15523,-11516,474713,0.5
1900-01-22 21:42:45,8058.0,935344,8058.5,76578,56817,14388,42429,858766,0.5
1900-01-22 21:43:00,8063.5,423565,8064.0,135934,284687,1000,283687,287631,0.5
1900-01-22 21:43:15,8063.5,1318309,8064.0,720175,61551,20478,41073,598134,0.5
1900-01-22 21:43:30,8063.5,1652493,8064.0,830733,34673,44322,-9649,821760,0.5
1900-01-22 21:43:45,8065.0,342319,8065.5,19190,97340,26594,70746,323129,0.5
1900-01-22 21:44:00,8065.5,397163,8066.0,465428,151278,6370,144908,-68265,0.5
1900-01-22 21:44:15,8062.0,313,8062.5,920339,41615,75093,-33478,-920026,0.5
1900-01-22 21:44:30,8057.0,84440,8057.5,951358,620,55915,-55295,-866918,0.5
1900-01-22 21:44:45,8055.0,708522,8055.5,415875,319,90756,-90437,292647,0.5
1900-01-22 21:45:00,8055.5,762264,8056.0,1279,32814,2701,30113,760985,0.5
1900-01-22 21:45:15,8064.5,93050,8065.0,15135,56064,2701,53363,77915,0.5
1900-01-22 21:45:30,8065.5,336719,8066.0,767016,33753,1540,32213,-430297,0.5
1900-01-22 21:45:45,8057.0,21856,8057.5,132668,11502,149138,-137636,-110812,0.5
1900-01-22 21:46:00,8055.5,68859,8056.0,914290,34032,54887,-20855,-845431,0.5
1900-01-22 21:46:15,8050.5,60582,8051.0,1083482,16473,191105,-174632,-1022900,0.5
1900-01-22 21:46:30,8041.5,695777,8042.0,439854,1719,330957,-329238,255923,0.5
1900-01-22 21:46:45,8039.0,136616,8039.5,762252,3590,194219,-190629,-625636,0.5
1900-01-22 21:47:00,8044.0,927929,8044.5,202843,137237,56921,80316,725086,0.5
1900-01-22 21:47:15,8049.5,540707,8050.0,11846,19649,4865,14784,528861,0.5
1900-01-22 21:47:30,8054.0,606311,8054.5,624683,56367,4924,51443,-18372,0.5
1900-01-22 21:47:45,8047.5,131293,8048.0,655620,22514,56684,-34170,-524327,0.5
1900-01-22 21:48:00,8047.5,1008193,8048.0,53240,7534,28443,-20909,954953,0.5
1900-01-22 21:48:15,8047.5,152659,8048.0,1085072,8155,85466,-77311,-932413,0.5
1900-01-22 21:48:30,8047.5,37590,8048.0,1276500,1900,114737,-112837,-1238910,0.5
1900-01-22 21:48:45,8039.5,106456,8040.0,481650,1900,157265,-155365,-375194,0.5
1900-01-22 21:49:00,8044.5,742801,8045.0,132917,137821,39037,98784,609884,0.5
1900-01-22 21:49:15,8044.5,111795,8045.0,1029732,1527,46765,-45238,-917937,0.5
1900-01-22 21:49:30,8041.0,126438,8041.5,569473,1527,25356,-23829,-443035,0.5
1900-01-22 21:49:45,8041.0,541594,8041.5,257413,21524,172545,-151021,284181,0.5
1900-01-22 21:50:00,8042.0,396766,8042.5,669737,77189,124879,-47690,-272971,0.5
1900-01-22 21:50:15,8042.0,10739,8042.5,1009501,43070,63196,-20126,-998762,0.5
1900-01-22 21:50:30,8038.5,6498,8039.0,767970,39,78974,-78935,-761472,0.5
1900-01-22 21:50:45,8035.0,20716,8035.5,399638,2633,81579,-78946,-378922,0.5
1900-01-22 21:51:00,8031.5,15973,8032.0,319525,11397,65893,-54496,-303552,0.5
1900-01-22 21:51:15,8032.0,404154,8032.5,226759,91304,187583,-96279,177395,0.5
1900-01-22 21:51:30,8031.5,5830,8032.0,401516,24170,48593,-24423,-395686,0.5
1900-01-22 21:51:45,8027.0,174072,8027.5,570533,6419,76862,-70443,-396461,0.5
1900-01-22 21:52:00,8027.0,525824,8027.5,226153,13632,50675,-37043,299671,0.5
1900-01-22 21:52:15,8029.5,650309,8030.0,152651,196957,92791,104166,497658,0.5
1900-01-22 21:52:30,8030.0,490876,8030.5,210,111474,22729,88745,490666,0.5
1900-01-22 21:52:45,8031.0,4315,8031.5,1211876,18595,61870,-43275,-1207561,0.5
1900-01-22 21:53:00,8028.0,420992,8028.5,376959,7361,15166,-7805,44033,0.5
1900-01-22 21:53:15,8028.0,409908,8028.5,271352,24953,38077,-13124,138556,0.5
1900-01-22 21:53:30,8034.5,696545,8035.0,218263,87941,28745,59196,478282,0.5
1900-01-22 21:53:45,8034.5,21850,8035.0,953101,72463,38079,34384,-931251,0.5
1900-01-22 21:54:00,8032.0,8946,8032.5,629561,851,152820,-151969,-620615,0.5
1900-01-22 21:54:15,8030.0,332124,8030.5,365370,133,14128,-13995,-33246,0.5
1900-01-22 21:54:30,8033.5,123059,8034.0,754082,142744,17988,124756,-631023,0.5
1900-01-22 21:54:45,8027.0,146032,8027.5,414934,2706,80479,-77773,-268902,0.5
1900-01-22 21:55:00,8027.0,451477,8027.5,465721,10175,11875,-1700,-14244,0.5
1900-01-22 21:55:15,8032.5,496437,8033.0,179668,46437,49911,-3474,316769,0.5
1900-01-22 21:55:30,8032.5,84572,8033.0,1065966,49142,40100,9042,-981394,0.5
1900-01-22 21:55:45,8027.0,458319,8027.5,418616,3628,76111,-72483,39703,0.5
1900-01-22 21:56:00,8027.0,436589,8027.5,333183,34467,78682,-44215,103406,0.5
1900-01-22 21:56:15,8024.0,270259,8024.5,740620,27620,214806,-187186,-470361,0.5
1900-01-22 21:56:30,7998.5,6814,8004.0,6652,92028,2040943,-1948915,162,5.5
1900-01-22 21:56:45,7998.0,309399,7998.5,331322,568332,1116193,-547861,-21923,0.5
1900-01-22 21:57:00,8007.0,98252,8007.5,214259,310439,133246,177193,-116007,0.5
1900-01-22 21:57:15,8001.5,841033,8002.0,486920,199055,96900,102155,354113,0.5
1900-01-22 21:57:30,8002.0,758328,8002.5,188950,224978,141954,83024,569378,0.5
1900-01-22 21:57:45,8006.5,557924,8007.0,61580,203396,100073,103323,496344,0.5
1900-01-22 21:58:00,8010.5,425579,8011.0,312628,279612,24044,255568,112951,0.5
1900-01-22 21:58:15,8009.5,118296,8010.0,499467,40678,255409,-214731,-381171,0.5
1900-01-22 21:58:30,8001.5,417033,8002.0,23264,64889,250405,-185516,393769,0.5
1900-01-22 21:58:45,8002.0,988402,8002.5,15126,92535,25433,67102,973276,0.5
1900-01-22 21:59:00,8002.0,883446,8002.5,231160,39854,202456,-162602,652286,0.5
1900-01-22 21:59:15,8002.0,994802,8002.5,54277,43064,19465,23599,940525,0.5
1900-01-22 21:59:30,8003.0,630828,8003.5,257433,60331,26921,33410,373395,0.5
1900-01-22 21:59:45,8004.0,290811,8004.5,14196,32064,1313,30751,276615,0.5
1900-01-22 22:00:00,8009.5,94959,8010.0,1636677,190894,34568,156326,-1541718,0.5
1900-01-22 22:00:15,8004.5,32666,8005.0,138625,187294,58215,129079,-105959,0.5
1900-01-22 22:00:30,7987.5,971881,7988.0,58073,43383,465171,-421788,913808,0.5
1900-01-22 22:00:45,7976.5,159840,7980.0,9500,37548,1049569,-1012021,150340,3.5
1900-01-22 22:01:00,7970.5,148583,7971.0,46627,100996,1686751,-1585755,101956,0.5
1900-01-22 22:01:15,7978.5,336443,7979.0,495558,567989,297734,270255,-159115,0.5
1900-01-22 22:01:30,7985.5,346867,7986.0,100982,407244,149710,257534,245885,0.5
1900-01-22 22:01:45,7990.5,380527,7991.0,302927,172637,228589,-55952,77600,0.5
1900-01-22 22:02:00,7984.5,192427,7986.5,282741,440727,353172,87555,-90314,2.0
1900-01-22 22:02:15,7990.5,688960,7991.0,87147,391246,88389,302857,601813,0.5
1900-01-22 22:02:30,7991.5,739664,7992.0,308812,385133,43441,341692,430852,0.5
1900-01-22 22:02:45,7988.0,164093,7988.5,831136,41897,143451,-101554,-667043,0.5
1900-01-22 22:03:00,7986.0,3926,7986.5,811792,22363,147837,-125474,-807866,0.5
1900-01-22 22:03:15,7984.0,105564,7984.5,943202,36250,290968,-254718,-837638,0.5
1900-01-22 22:03:30,7970.0,1852228,7970.5,71876,22450,660582,-638132,1780352,0.5
1900-01-22 22:03:45,7974.5,718602,7975.0,5700,127628,169321,-41693,712902,0.5
1900-01-22 22:04:00,7979.0,276023,7979.5,332602,105780,364472,-258692,-56579,0.5
1900-01-22 22:04:15,7970.0,484086,7970.5,134540,131663,229608,-97945,349546,0.5
1900-01-22 22:04:30,7976.0,951788,7976.5,159027,105449,71594,33855,792761,0.5
1900-01-22 22:04:45,7976.0,159264,7976.5,560802,118720,100970,17750,-401538,0.5
1900-01-22 22:05:00,7973.5,12000,7974.0,359271,11655,35321,-23666,-347271,0.5
1900-01-22 22:05:15,7966.0,361472,7966.5,36573,46075,264295,-218220,324899,0.5
1900-01-22 22:05:30,7968.0,76993,7968.5,952334,105019,121552,-16533,-875341,0.5
1900-01-22 22:05:45,7937.0,11280,7937.5,22667,34537,842617,-808080,-11387,0.5
1900-01-22 22:06:00,7900.0,1306415,7900.5,1000,300372,3483316,-3182944,1305415,0.5
1900-01-22 22:06:15,7935.5,13666,7936.0,24629,1191209,857107,334102,-10963,0.5
1900-01-22 22:06:30,7940.0,1682321,7940.5,97371,382173,256827,125346,1584950,0.5
1900-01-22 22:06:45,7943.0,201663,7943.5,247084,652583,205202,447381,-45421,0.5
1900-01-22 22:07:00,7943.5,200160,7944.0,456828,391148,182958,208190,-256668,0.5
1900-01-22 22:07:15,7940.0,187862,7940.5,857060,250308,659616,-409308,-669198,0.5
1900-01-22 22:07:30,7928.5,191918,7929.0,130105,34390,280953,-246563,61813,0.5
1900-01-22 22:07:45,7932.0,22717,7932.5,40941,98183,76802,21381,-18224,0.5
1900-01-22 22:08:00,7935.0,94103,7935.5,19988,629867,99672,530195,74115,0.5
1900-01-22 22:08:15,7918.5,15067,7919.5,6325,56620,438858,-382238,8742,1.0
1900-01-22 22:08:30,7909.5,2759,7916.0,305282,60745,258927,-198182,-302523,6.5
1900-01-22 22:08:45,7922.5,10000,7923.0,76632,138382,327243,-188861,-66632,0.5
1900-01-22 22:09:00,7911.5,283771,7912.0,197989,143465,292212,-148747,85782,0.5
1900-01-22 22:09:15,7921.5,355548,7922.0,139720,402538,157174,245364,215828,0.5
1900-01-22 22:09:30,7934.5,29000,7935.0,243659,399375,21586,377789,-214659,0.5
1900-01-22 22:09:45,7931.5,81001,7935.5,42428,354884,103111,251773,38573,4.0
1900-01-22 22:10:00,7935.5,167816,7936.0,992339,330666,69111,261555,-824523,0.5
1900-01-22 22:10:15,7930.5,524801,7931.0,227544,275881,508250,-232369,297257,0.5
1900-01-22 22:10:30,7935.5,514379,7936.0,220820,175270,87051,88219,293559,0.5
1900-01-22 22:10:45,7947.5,25219,7948.0,391815,318497,21098,297399,-366596,0.5
1900-01-22 22:11:00,7947.5,534688,7948.0,228894,318191,92385,225806,305794,0.5
1900-01-22 22:11:15,7950.0,384936,7950.5,394023,297652,132839,164813,-9087,0.5
1900-01-22 22:11:30,7940.0,110764,7940.5,682020,63436,69260,-5824,-571256,0.5
1900-01-22 22:11:45,7937.5,494660,7938.0,278641,55362,141131,-85769,216019,0.5
1900-01-22 22:12:00,7947.0,463822,7947.5,382974,142897,206149,-63252,80848,0.5
1900-01-22 22:12:15,7940.5,55209,7941.0,989113,50079,38124,11955,-933904,0.5
1900-01-22 22:12:30,7936.0,403621,7936.5,658486,14945,34080,-19135,-254865,0.5
1900-01-22 22:12:45,7936.0,7962,7941.0,729718,91184,29576,61608,-721756,5.0
1900-01-22 22:13:00,7939.5,862878,7940.0,779487,692197,18926,673271,83391,0.5
1900-01-22 22:13:15,7948.0,315784,7948.5,10000,779538,70388,709150,305784,0.5
1900-01-22 22:13:30,7949.5,910668,7950.0,130981,109279,25576,83703,779687,0.5
1900-01-22 22:13:45,7944.5,501975,7945.0,528656,111467,16808,94659,-26681,0.5
1900-01-22 22:14:00,7949.5,57634,7950.0,386756,68504,69972,-1468,-329122,0.5
1900-01-22 22:14:15,7950.5,828540,7951.0,12956,182599,22988,159611,815584,0.5
1900-01-22 22:14:30,7951.0,860820,7951.5,261292,169517,82308,87209,599528,0.5
1900-01-22 22:14:45,7951.0,236792,7951.5,616042,88524,11576,76948,-379250,0.5
1900-01-22 22:15:00,7948.5,317333,7949.0,654192,26949,270203,-243254,-336859,0.5
1900-01-22 22:15:15,7952.5,515564,7953.0,58183,132616,83789,48827,457381,0.5
1900-01-22 22:15:30,7958.0,223337,7958.5,101418,288579,12873,275706,121919,0.5
1900-01-22 22:15:45,7966.0,68143,7966.5,233547,424216,260,423956,-165404,0.5
1900-01-22 22:16:00,7958.5,3300,7959.5,10000,482166,101764,380402,-6700,1.0
1900-01-22 22:16:15,7964.5,291082,7965.0,605190,336607,34277,302330,-314108,0.5
1900-01-22 22:16:30,7975.0,459169,7975.5,104263,542200,34918,507282,354906,0.5
1900-01-22 22:16:45,7977.5,209194,7978.0,547059,414413,86567,327846,-337865,0.5
1900-01-22 22:17:00,7970.0,1648,7973.0,10000,74362,387171,-312809,-8352,3.0
1900-01-22 22:17:15,7965.0,3537668,7965.5,62663,82030,100196,-18166,3475005,0.5
1900-01-22 22:17:30,7968.5,926582,7969.0,261213,540800,19169,521631,665369,0.5
1900-01-22 22:17:45,7982.0,822471,7982.5,117335,335478,6305,329173,705136,0.5
1900-01-22 22:18:00,7973.0,702543,7973.5,282815,218077,157818,60259,419728,0.5
1900-01-22 22:18:15,7991.5,145004,7992.0,299376,410320,27859,382461,-154372,0.5
1900-01-22 22:18:30,7981.0,34157,7981.5,228259,113669,85858,27811,-194102,0.5
1900-01-22 22:18:45,7979.0,9709,7979.5,348183,90921,151267,-60346,-338474,0.5
1900-01-22 22:19:00,7972.0,922199,7972.5,49119,14146,43513,-29367,873080,0.5
1900-01-22 22:19:15,7973.0,185189,7973.5,710337,37375,131950,-94575,-525148,0.5
1900-01-22 22:19:30,7969.0,37886,7969.5,1006335,30308,280607,-250299,-968449,0.5
1900-01-22 22:19:45,7967.0,1127471,7967.5,161564,9742,37523,-27781,965907,0.5
1900-01-22 22:20:00,7976.5,946434,7977.0,4588,92891,5722,87169,941846,0.5
1900-01-22 22:20:15,7978.5,124010,7979.0,16758,76828,107890,-31062,107252,0.5
1900-01-22 22:20:30,7979.0,564516,7979.5,560127,12163,3249,8914,4389,0.5
1900-01-22 22:20:45,7979.0,915491,7979.5,94171,96181,57931,38250,821320,0.5
1900-01-22 22:21:00,7980.5,1226170,7981.0,165,104561,23808,80753,1226005,0.5
1900-01-22 22:21:15,7986.0,341312,7986.5,708645,26030,50843,-24813,-367333,0.5
1900-01-22 22:21:30,7980.5,182828,7981.0,531684,7588,193226,-185638,-348856,0.5
1900-01-22 22:21:45,7978.0,1005897,7978.5,929094,11105,210189,-199084,76803,0.5
1900-01-22 22:22:00,7978.0,774740,7978.5,960412,12480,168873,-156393,-185672,0.5
1900-01-22 22:22:15,7976.5,66474,7977.0,984645,9521,234268,-224747,-918171,0.5
1900-01-22 22:22:30,7970.5,26470,7971.0,372280,5200,50860,-45660,-345810,0.5
1900-01-22 22:22:45,7966.0,1002860,7966.5,183114,53570,74482,-20912,819746,0.5
1900-01-22 22:23:00,7974.0,1121895,7974.5,152711,320044,5602,314442,969184,0.5
1900-01-22 22:23:15,7974.0,1854385,7974.5,129648,73875,22506,51369,1724737,0.5
1900-01-22 22:23:30,7974.0,1842469,7974.5,55950,48256,10105,38151,1786519,0.5
1900-01-22 22:23:45,7967.5,483152,7968.0,432620,49090,41838,7252,50532,0.5
1900-01-22 22:24:00,7967.5,69269,7968.0,1177000,64290,296319,-232029,-1107731,0.5
1900-01-22 22:24:15,7965.0,2194802,7965.5,382152,4200,224308,-220108,1812650,0.5
1900-01-22 22:24:30,7973.5,487338,7974.0,30114,78737,44956,33781,457224,0.5
1900-01-22 22:24:45,7973.5,973770,7974.0,469459,120060,56652,63408,504311,0.5
1900-01-22 22:25:00,7970.0,12604,7970.5,638838,11599,84644,-73045,-626234,0.5
1900-01-22 22:25:15,7968.5,924756,7969.0,141144,67673,58703,8970,783612,0.5
1900-01-22 22:25:30,7966.0,784586,7966.5,439255,21265,64635,-43370,345331,0.5
1900-01-22 22:25:45,7971.5,783484,7972.0,906840,177620,34377,143243,-123356,0.5
1900-01-22 22:26:00,7971.5,799038,7972.0,1027023,2299,16823,-14524,-227985,0.5
1900-01-22 22:26:15,7971.5,941107,7972.0,1040764,14208,11920,2288,-99657,0.5
1900-01-22 22:26:30,7971.5,535778,7972.0,995589,78496,70147,8349,-459811,0.5
1900-01-22 22:26:45,7971.0,17281,7971.5,1071247,44162,114520,-70358,-1053966,0.5
1900-01-22 22:27:00,7966.0,100385,7966.5,699152,6020,96555,-90535,-598767,0.5
1900-01-22 22:27:15,7960.0,109873,7960.5,108500,4195,522047,-517852,1373,0.5
1900-01-22 22:27:30,7945.0,182542,7945.5,58377,20000,200840,-180840,124165,0.5
1900-01-22 22:27:45,7963.0,837801,7963.5,25061,129111,152473,-23362,812740,0.5
1900-01-22 22:28:00,7963.0,128130,7963.5,888713,38955,34932,4023,-760583,0.5
1900-01-22 22:28:15,7962.0,1201,7962.5,975991,21148,76194,-55046,-974790,0.5
1900-01-22 22:28:30,7960.0,476234,7960.5,999029,16022,537352,-521330,-522795,0.5
1900-01-22 22:28:45,7955.5,669280,7956.0,710545,2471,467153,-464682,-41265,0.5
1900-01-22 22:29:00,7961.5,1861816,7962.0,21077,126287,30082,96205,1840739,0.5
1900-01-22 22:29:15,7956.0,205013,7956.5,617165,31668,62971,-31303,-412152,0.5
1900-01-22 22:29:30,7961.5,955957,7962.0,196748,61725,36449,25276,759209,0.5
1900-01-22 22:29:45,7959.5,26753,7960.0,713371,19970,91182,-71212,-686618,0.5
1900-01-22 22:30:00,7952.5,319939,7953.0,511034,21636,250846,-229210,-191095,0.5
1900-01-22 22:30:15,7947.5,3466,7948.0,1496510,27852,237919,-210067,-1493044,0.5
1900-01-22 22:30:30,7952.0,276203,7952.5,585018,169768,129397,40371,-308815,0.5
1900-01-22 22:30:45,7942.0,592704,7942.5,442520,38848,86889,-48041,150184,0.5
1900-01-22 22:31:00,7942.5,29600,7943.0,1071596,50940,196170,-145230,-1041996,0.5
1900-01-22 22:31:15,7940.5,12437,7941.0,1162982,45370,62260,-16890,-1150545,0.5
1900-01-22 22:31:30,7940.0,181454,7940.5,1211716,248283,1339413,-1091130,-1030262,0.5
1900-01-22 22:31:45,7940.0,66015,7940.5,196575,388061,293178,94883,-130560,0.5
1900-01-22 22:32:00,7943.0,666801,7943.5,414627,524049,22447,501602,252174,0.5
1900-01-22 22:32:15,7931.0,897232,7931.5,134915,67564,210296,-142732,762317,0.5
1900-01-22 22:32:30,7938.0,377755,7938.5,699679,165712,12092,153620,-321924,0.5
1900-01-22 22:32:45,7938.5,149739,7939.0,6082,36440,250199,-213759,143657,0.5
1900-01-22 22:33:00,7948.0,432292,7948.5,873578,137950,9419,128531,-441286,0.5
1900-01-22 22:33:15,7950.0,1433114,7950.5,3092,447773,11998,435775,1430022,0.5
1900-01-22 22:33:30,7952.0,1229355,7952.5,27031,295436,6524,288912,1202324,0.5
1900-01-22 22:33:45,7954.5,996102,7955.0,80674,102925,23795,79130,915428,0.5
1900-01-22 22:34:00,7954.5,1259353,7955.0,21864,47892,922,46970,1237489,0.5
1900-01-22 22:34:15,7962.5,1095403,7963.0,54786,186243,11979,174264,1040617,0.5
1900-01-22 22:34:30,7962.5,229369,7963.0,986392,62202,50817,11385,-757023,0.5
1900-01-22 22:34:45,7956.5,1094820,7957.0,127361,23760,39101,-15341,967459,0.5
1900-01-22 22:35:00,7961.5,195099,7962.0,15942,82332,20403,61929,179157,0.5
1900-01-22 22:35:15,7965.0,481703,7965.5,278749,162443,43085,119358,202954,0.5
1900-01-22 22:35:30,7965.0,1040734,7965.5,52491,194714,87452,107262,988243,0.5
1900-01-22 22:35:45,7969.5,453123,7970.0,285990,105378,7320,98058,167133,0.5
1900-01-22 22:36:00,7971.5,298215,7972.0,435043,92250,35070,57180,-136828,0.5
1900-01-22 22:36:15,7965.0,354653,7965.5,343722,99575,145877,-46302,10931,0.5
1900-01-22 22:36:30,7970.0,1124489,7970.5,51430,115892,5480,110412,1073059,0.5
1900-01-22 22:36:45,7974.0,30018,7974.5,609227,110658,11119,99539,-579209,0.5
1900-01-22 22:37:00,7974.0,386691,7974.5,198425,10110,21642,-11532,188266,0.5
1900-01-22 22:37:15,7971.0,161510,7971.5,673269,19021,102197,-83176,-511759,0.5
1900-01-22 22:37:30,7971.0,290219,7971.5,135916,51070,75943,-24873,154303,0.5
1900-01-22 22:37:45,7971.0,1225070,7971.5,60444,40733,43330,-2597,1164626,0.5
1900-01-22 22:38:00,7973.5,83691,7974.0,526169,91735,14718,77017,-442478,0.5
1900-01-22 22:38:15,7973.5,412430,7974.0,405939,29560,13354,16206,6491,0.5
1900-01-22 22:38:30,7973.5,803206,7974.0,46717,16486,8076,8410,756489,0.5
1900-01-22 22:38:45,7973.5,543397,7974.0,1535273,33571,8697,24874,-991876,0.5
1900-01-22 22:39:00,7973.5,143922,7974.0,1681397,61971,52930,9041,-1537475,0.5
1900-01-22 22:39:15,7969.5,5222,7971.0,295236,84096,110298,-26202,-290014,1.5
1900-01-22 22:39:30,7969.5,1221287,7970.0,139309,65625,14911,50714,1081978,0.5
1900-01-22 22:39:45,7972.5,1505657,7973.0,25056,60455,3065,57390,1480601,0.5
1900-01-22 22:40:00,7972.5,607900,7973.0,62422,4430,13011,-8581,545478,0.5
1900-01-22 22:40:15,7972.5,1109785,7973.0,83059,7099,61809,-54710,1026726,0.5
1900-01-22 22:40:30,7976.5,653786,7977.0,84635,1244262,18502,1225760,569151,0.5
1900-01-22 22:40:45,7977.5,1330972,7978.0,529890,44910,80,44830,801082,0.5
1900-01-22 22:41:00,7985.5,116317,7986.0,41281,805675,22234,783441,75036,0.5
1900-01-22 22:41:15,7993.0,106969,7993.5,214948,318715,36134,282581,-107979,0.5
1900-01-22 22:41:30,7993.0,957745,7993.5,23124,80642,136182,-55540,934621,0.5
1900-01-22 22:41:45,7990.0,155235,7990.5,242767,35712,124477,-88765,-87532,0.5
1900-01-22 22:42:00,7992.5,129101,7993.0,507083,163239,123518,39721,-377982,0.5
1900-01-22 22:42:15,7994.5,352659,7995.0,605712,52861,128489,-75628,-253053,0.5
1900-01-22 22:42:30,7998.5,661289,7999.0,75707,52807,129037,-76230,585582,0.5
1900-01-22 22:42:45,7999.0,1757,7999.5,403602,296843,124118,172725,-401845,0.5
1900-01-22 22:43:00,7996.0,3128,7996.5,689181,35206,176060,-140854,-686053,0.5
1900-01-22 22:43:15,7990.0,365107,7990.5,414433,35559,79435,-43876,-49326,0.5
1900-01-22 22:43:30,7986.0,936970,7986.5,120108,8263,294529,-286266,816862,0.5
1900-01-22 22:43:45,7989.0,127707,7989.5,11693,46664,17650,29014,116014,0.5
1900-01-22 22:44:00,7989.0,138487,7989.5,618318,43447,92783,-49336,-479831,0.5
1900-01-22 22:44:15,7985.0,700585,7985.5,170649,6120,50470,-44350,529936,0.5
1900-01-22 22:44:30,7985.0,1470725,7985.5,155547,24978,116406,-91428,1315178,0.5
1900-01-22 22:44:45,7985.0,3130851,7985.5,221057,57209,42110,15099,2909794,0.5
1900-01-22 22:45:00,7985.0,3056687,7985.5,114525,57943,2021,55922,2942162,0.5
1900-01-22 22:45:15,7986.5,776519,7987.0,15448,98229,51,98178,761071,0.5
1900-01-22 22:45:30,7985.0,108685,7985.5,2200515,31999,65585,-33586,-2091830,0.5
1900-01-22 22:45:45,7984.5,6671,7985.0,671617,16642,25041,-8399,-664946,0.5
1900-01-22 22:46:00,7984.0,893134,7984.5,422079,5250,72034,-66784,471055,0.5
1900-01-22 22:46:15,7984.0,889981,7984.5,118034,54256,57040,-2784,771947,0.5
1900-01-22 22:46:30,7984.5,798755,7985.0,439173,48365,2900,45465,359582,0.5
1900-01-22 22:46:45,7985.0,1259736,7985.5,1089,128871,57871,71000,1258647,0.5
1900-01-22 22:47:00,7985.5,1380349,7986.0,59619,23395,7712,15683,1320730,0.5
1900-01-22 22:47:15,7988.5,430281,7989.0,65163,96368,13915,82453,365118,0.5
1900-01-22 22:47:30,7988.5,21299,7989.0,855771,53947,55294,-1347,-834472,0.5
1900-01-22 22:47:45,7985.0,95324,7985.5,892565,286,60736,-60450,-797241,0.5
1900-01-22 22:48:00,7984.0,7618,7984.5,1080905,20110,2952,17158,-1073287,0.5
1900-01-22 22:48:15,7980.0,745874,7980.5,345008,53565,33169,20396,400866,0.5
1900-01-22 22:48:30,7981.0,1051933,7981.5,7279,13660,20395,-6735,1044654,0.5
1900-01-22 22:48:45,7986.0,679321,7986.5,329403,14390,22477,-8087,349918,0.5
1900-01-22 22:49:00,7986.0,1072716,7986.5,92873,82447,27851,54596,979843,0.5
1900-01-22 22:49:15,7987.5,15953,7988.0,714132,212649,20718,191931,-698179,0.5
1900-01-22 22:49:30,7990.0,186413,7990.5,7433,33368,31445,1923,178980,0.5
1900-01-22 22:49:45,7997.5,200,7998.0,222809,73228,51765,21463,-222609,0.5
1900-01-22 22:50:00,7996.0,19363,7996.5,392358,10392,149634,-139242,-372995,0.5
1900-01-22 22:50:15,7990.5,120392,7991.0,473357,41274,88233,-46959,-352965,0.5
1900-01-22 22:50:30,7989.5,14084,7990.0,867946,2252,141976,-139724,-853862,0.5
1900-01-22 22:50:45,7983.5,548953,7984.0,422,13000,20009,-7009,548531,0.5
1900-01-22 22:51:00,7985.0,546,7985.5,829729,7109,30837,-23728,-829183,0.5
1900-01-22 22:51:15,7981.5,92202,7982.0,651246,17750,61335,-43585,-559044,0.5
1900-01-22 22:51:30,7981.5,102468,7982.0,725236,8428,19516,-11088,-622768,0.5
1900-01-22 22:51:45,7985.0,1007560,7985.5,196391,22742,21260,1482,811169,0.5
1900-01-22 22:52:00,7985.0,182076,7985.5,504675,31602,19102,12500,-322599,0.5
1900-01-22 22:52:15,7989.5,293414,7990.0,419369,44900,6573,38327,-125955,0.5
1900-01-22 22:52:30,7989.5,324430,7990.0,594971,46526,1120,45406,-270541,0.5
1900-01-22 22:52:45,7983.5,885763,7984.0,269798,8264,19548,-11284,615965,0.5
1900-01-22 22:53:00,7983.5,826477,7984.0,469054,17951,14886,3065,357423,0.5
1900-01-22 22:53:15,7984.0,937636,7984.5,105,3957,50897,-46940,937531,0.5
1900-01-22 22:53:30,7988.5,123342,7989.0,768691,12041,26277,-14236,-645349,0.5
1900-01-22 22:53:45,7988.0,60644,7988.5,803694,31646,21268,10378,-743050,0.5
1900-01-22 22:54:00,7988.0,10840,7988.5,745394,30202,15119,15083,-734554,0.5
1900-01-22 22:54:15,7987.0,3568,7987.5,863942,600,4420,-3820,-860374,0.5
1900-01-22 22:54:30,7987.5,696000,7988.0,227,5544,2617,2927,695773,0.5
1900-01-22 22:54:45,7993.5,1201513,7994.0,57466,50125,9000,41125,1144047,0.5
1900-01-22 22:55:00,7994.0,772469,7994.5,360003,186045,16700,169345,412466,0.5
1900-01-22 22:55:15,7994.0,513253,7994.5,532638,102785,100429,2356,-19385,0.5
1900-01-22 22:55:30,7993.0,910579,7993.5,279060,3150,26473,-23323,631519,0.5
1900-01-22 22:55:45,7993.0,1114524,7993.5,140874,85017,36799,48218,973650,0.5
1900-01-22 22:56:00,7993.0,269353,7993.5,749419,15377,9810,5567,-480066,0.5
1900-01-22 22:56:15,7993.0,75012,7993.5,833043,5375,37781,-32406,-758031,0.5
1900-01-22 22:56:30,7993.0,721380,7993.5,185227,271,6802,-6531,536153,0.5
1900-01-22 22:56:45,7993.0,601210,7993.5,208261,5079,1250,3829,392949,0.5
1900-01-22 22:57:00,7990.0,513162,7990.5,375391,8016,54048,-46032,137771,0.5
1900-01-22 22:57:15,7987.5,2678,7988.0,751877,1000,26371,-25371,-749199,0.5
1900-01-22 22:57:30,7983.5,1123055,7984.0,2004828,1921,17476,-15555,-881773,0.5
1900-01-22 22:57:45,7983.5,56291,7984.0,2403298,1225,87813,-86588,-2347007,0.5
1900-01-22 22:58:00,7983.0,1928363,7983.5,13214,161755,34086,127669,1915149,0.5
1900-01-22 22:58:15,7985.0,1471299,7985.5,953,54495,9414,45081,1470346,0.5
1900-01-22 22:58:30,7987.5,1818738,7988.0,48524,22417,3005,19412,1770214,0.5
1900-01-22 22:58:45,7989.5,96234,7990.0,813393,55517,5153,50364,-717159,0.5
1900-01-22 22:59:00,7987.5,2974,7988.0,978689,526,14871,-14345,-975715,0.5
1900-01-22 22:59:15,7985.5,6780,7986.0,843472,6900,9940,-3040,-836692,0.5
1900-01-22 22:59:30,7985.0,127378,7985.5,650403,150,10568,-10418,-523025,0.5
1900-01-22 22:59:45,7985.0,20801,7985.5,2478991,2870,45287,-42417,-2458190,0.5
1900-01-22 23:00:00,7985.0,310,7985.5,2473921,2,19295,-19293,-2473611,0.5
1900-01-22 23:00:15,7985.0,1059049,7985.5,1753796,52648,32406,20242,-694747,0.5
1900-01-22 23:00:30,7990.5,528720,7991.0,32858,116335,12429,103906,495862,0.5
1900-01-22 23:00:45,7994.0,489932,7994.5,146659,121694,33020,88674,343273,0.5
1900-01-22 23:01:00,7992.5,20393,7993.0,919718,90868,63877,26991,-899325,0.5
1900-01-22 23:01:15,7992.5,723292,7993.0,193557,13942,14478,-536,529735,0.5
1900-01-22 23:01:30,7992.5,57994,7993.0,1040886,7983,43344,-35361,-982892,0.5
1900-01-22 23:01:45,7992.0,1262,7992.5,1133153,1480,99668,-98188,-1131891,0.5
1900-01-22 23:02:00,7989.5,1235,7990.0,1031139,1888,87089,-85201,-1029904,0.5
1900-01-22 23:02:15,7988.5,97981,7989.0,957375,3576,47798,-44222,-859394,0.5
1900-01-22 23:02:30,7988.5,133695,7989.0,1117439,10866,10702,164,-983744,0.5
1900-01-22 23:02:45,7988.5,101211,7989.0,1183811,7569,39430,-31861,-1082600,0.5
1900-01-22 23:03:00,7988.5,36112,7989.0,1321379,42925,11892,31033,-1285267,0.5
1900-01-22 23:03:15,7988.5,33552,7989.0,1330935,3442,7024,-3582,-1297383,0.5
1900-01-22 23:03:30,7986.5,58923,7987.0,1059499,301,47802,-47501,-1000576,0.5
1900-01-22 23:03:45,7976.5,732365,7977.0,276461,10,305577,-305567,455904,0.5
1900-01-22 23:04:00,7976.5,795373,7977.0,2160333,19306,117095,-97789,-1364960,0.5
1900-01-22 23:04:15,7976.5,783876,7977.0,1979395,8537,149820,-141283,-1195519,0.5
1900-01-22 23:04:30,7976.5,2546087,7977.0,1223721,550627,1515,549112,1322366,0.5
1900-01-22 23:04:45,7978.0,1126485,7978.5,22081,64584,7105,57479,1104404,0.5
1900-01-22 23:05:00,7978.5,1233483,7979.0,6365,58817,6004,52813,1227118,0.5
1900-01-22 23:05:15,7980.0,209191,7980.5,1713830,22713,115,22598,-1504639,0.5
1900-01-22 23:05:30,7979.5,95049,7980.0,1371750,103836,78716,25120,-1276701,0.5
1900-01-22 23:05:45,7979.5,195268,7980.0,980788,30800,144068,-113268,-785520,0.5
1900-01-22 23:06:00,7979.5,1081622,7980.0,282537,11062,12823,-1761,799085,0.5
1900-01-22 23:06:15,7979.5,195325,7980.0,1490726,17023,128991,-111968,-1295401,0.5
1900-01-22 23:06:30,7979.5,2319870,7980.0,954774,43677,2016,41661,1365096,0.5
1900-01-22 23:06:45,7979.5,419478,7980.0,1418043,24334,1282,23052,-998565,0.5
1900-01-22 23:07:00,7979.5,740193,7980.0,1062031,30939,500,30439,-321838,0.5
1900-01-22 23:07:15,7979.5,1085830,7980.0,817682,9833,703,9130,268148,0.5
1900-01-22 23:07:30,7979.5,1076668,7980.0,978808,38881,994,37887,97860,0.5
1900-01-22 23:07:45,7979.5,22654,7980.0,1684331,16210,109626,-93416,-1661677,0.5
1900-01-22 23:08:00,7978.0,22407,7978.5,1194884,1000,33389,-32389,-1172477,0.5
1900-01-22 23:08:15,7978.0,777680,7978.5,355608,1000,21997,-20997,422072,0.5
1900-01-22 23:08:30,7978.0,842084,7978.5,298465,4525,17351,-12826,543619,0.5
1900-01-22 23:08:45,7978.0,1179415,7978.5,882455,143476,13454,130022,296960,0.5
1900-01-22 23:09:00,7978.0,705105,7978.5,580826,49613,20228,29385,124279,0.5
1900-01-22 23:09:15,7983.0,714288,7983.5,386377,60618,77230,-16612,327911,0.5
1900-01-22 23:09:30,7983.0,175252,7983.5,1258386,17475,20000,-2525,-1083134,0.5
1900-01-22 23:09:45,7983.0,50945,7983.5,1413987,8784,9667,-883,-1363042,0.5
1900-01-22 23:10:00,7983.0,8954,7983.5,1486034,10300,31127,-20827,-1477080,0.5
1900-01-22 23:10:15,7982.5,629708,7983.0,126705,10040,258,9782,503003,0.5
1900-01-22 23:10:30,7982.5,3164,7983.0,1450729,13106,391,12715,-1447565,0.5
1900-01-22 23:10:45,7980.0,2249,7982.0,2817264,67560,20536,47024,-2815015,2.0
1900-01-22 23:11:00,7979.5,792971,7980.0,147208,46169,18255,27914,645763,0.5
1900-01-22 23:11:15,7977.0,71972,7977.5,2710116,31,337022,-336991,-2638144,0.5
1900-01-22 23:11:30,7975.5,365,7976.0,1264037,3050,233149,-230099,-1263672,0.5
1900-01-22 23:11:45,7975.0,792623,7975.5,353492,1109,44642,-43533,439131,0.5
1900-01-22 23:12:00,7975.0,1042939,7975.5,285932,600,92895,-92295,757007,0.5
1900-01-22 23:12:15,7978.0,281591,7978.5,957820,65870,5151,60719,-676229,0.5
1900-01-22 23:12:30,7978.0,841893,7978.5,350835,12904,270,12634,491058,0.5
1900-01-22 23:12:45,7978.0,724022,7978.5,227730,13337,3471,9866,496292,0.5
1900-01-22 23:13:00,7987.5,699519,7988.0,346064,125037,10000,115037,353455,0.5
1900-01-22 23:13:15,7991.5,1042787,7992.0,27433,163854,29548,134306,1015354,0.5
1900-01-22 23:13:30,7991.5,272121,7992.0,794611,258226,7875,250351,-522490,0.5
1900-01-22 23:13:45,7991.0,1062132,7991.5,177874,95834,49090,46744,884258,0.5
1900-01-22 23:14:00,7994.5,290156,7995.0,318940,112422,91253,21169,-28784,0.5
1900-01-22 23:14:15,7994.5,1069103,7995.0,66072,125641,3743,121898,1003031,0.5
1900-01-22 23:14:30,7992.5,18562,7993.0,100048,68106,114468,-46362,-81486,0.5
1900-01-22 23:14:45,7991.5,791228,7992.0,508594,105560,127600,-22040,282634,0.5
1900-01-22 23:15:00,7989.5,60,7990.0,1005432,25713,99620,-73907,-1005372,0.5
1900-01-22 23:15:15,7985.5,1336111,7986.0,14138,82596,26429,56167,1321973,0.5
1900-01-22 23:15:30,7987.5,374398,7988.0,426848,59077,3316,55761,-52450,0.5
1900-01-22 23:15:45,7993.0,454333,7993.5,71561,54251,3316,50935,382772,0.5
1900-01-22 23:16:00,7996.5,365249,7997.0,781834,71865,34710,37155,-416585,0.5
1900-01-22 23:16:15,8001.0,165670,8001.5,12364,50374,15773,34601,153306,0.5
1900-01-22 23:16:30,8001.5,1430390,8002.0,240585,383954,25686,358268,1189805,0.5
1900-01-22 23:16:45,8005.5,142995,8006.0,7551,153495,2050,151445,135444,0.5
1900-01-22 23:17:00,8007.5,1641003,8008.0,334267,391857,6924,384933,1306736,0.5
1900-01-22 23:17:15,8007.5,659520,8008.0,848302,88739,58622,30117,-188782,0.5
1900-01-22 23:17:30,8007.5,890491,8008.0,775851,147708,72701,75007,114640,0.5
1900-01-22 23:17:45,8007.5,742670,8008.0,1010791,79139,50750,28389,-268121,0.5
1900-01-22 23:18:00,8007.5,1184063,8008.0,121623,227823,18093,209730,1062440,0.5
1900-01-22 23:18:15,8009.5,1433739,8010.0,69667,234435,9021,225414,1364072,0.5
1900-01-22 23:18:30,8010.0,989732,8010.5,536974,194829,81629,113200,452758,0.5
1900-01-22 23:18:45,8011.5,1550463,8012.0,91855,244167,50113,194054,1458608,0.5
1900-01-22 23:19:00,8017.5,971426,8018.0,620562,350085,11491,338594,350864,0.5
1900-01-22 23:19:15,8012.0,107081,8012.5,91428,75256,103390,-28134,15653,0.5
1900-01-22 23:19:30,8016.5,978948,8017.0,5046,50575,51221,-646,973902,0.5
1900-01-22 23:19:45,8018.5,427604,8019.0,545022,76568,25414,51154,-117418,0.5
1900-01-22 23:20:00,8006.0,542281,8006.5,80411,139420,610927,-471507,461870,0.5
1900-01-22 23:20:15,8011.5,1041729,8012.0,88423,80709,32943,47766,953306,0.5
1900-01-22 23:20:30,8011.5,1824174,8012.0,38225,43795,23779,20016,1785949,0.5
1900-01-22 23:20:45,8009.5,22753,8010.0,826464,24622,73661,-49039,-803711,0.5
1900-01-22 23:21:00,8006.5,114775,8007.0,683388,9422,47438,-38016,-568613,0.5
1900-01-22 23:21:15,8001.5,958322,8002.0,357189,4370,91791,-87421,601133,0.5
1900-01-22 23:21:30,8001.5,109773,8002.0,2906409,1100,51425,-50325,-2796636,0.5
1900-01-22 23:21:45,7998.5,51828,7999.0,2002,23060,221435,-198375,49826,0.5
1900-01-22 23:22:00,7998.5,188212,7999.0,2816208,3547,126991,-123444,-2627996,0.5
1900-01-22 23:22:15,7998.0,251677,7998.5,947409,1191,109065,-107874,-695732,0.5
1900-01-22 23:22:30,7998.0,75192,7998.5,1185943,2500,117817,-115317,-1110751,0.5
1900-01-22 23:22:45,8000.0,196611,8000.5,3905,42830,48137,-5307,192706,0.5
1900-01-22 23:23:00,8003.5,1065411,8004.0,3881,63675,2120,61555,1061530,0.5
1900-01-22 23:23:15,8004.5,1063560,8005.0,283639,58330,110,58220,779921,0.5
1900-01-22 23:23:30,7997.5,87105,7998.0,790660,96807,99054,-2247,-703555,0.5
1900-01-22 23:23:45,7997.5,54507,7998.0,918660,30839,53692,-22853,-864153,0.5
1900-01-22 23:24:00,7997.0,1346421,7997.5,12462,148909,37930,110979,1333959,0.5
1900-01-22 23:24:15,7997.5,51859,7998.0,2981063,8229,58123,-49894,-2929204,0.5
1900-01-22 23:24:30,7997.5,302891,7998.0,2518816,811,12000,-11189,-2215925,0.5
1900-01-22 23:24:45,7997.5,18736,7998.0,2735172,36284,13810,22474,-2716436,0.5
1900-01-22 23:25:00,7996.5,21101,7997.0,1101469,49,47552,-47503,-1080368,0.5
1900-01-22 23:25:15,7996.0,36417,7996.5,1158519,5028,25301,-20273,-1122102,0.5
1900-01-22 23:25:30,7996.0,975698,7996.5,67980,45686,58270,-12584,907718,0.5
1900-01-22 23:25:45,7996.0,49199,7996.5,1017984,49612,34031,15581,-968785,0.5
1900-01-22 23:26:00,7995.5,969497,7996.0,94483,21560,33661,-12101,875014,0.5
1900-01-22 23:26:15,8002.0,660030,8002.5,325606,83970,21780,62190,334424,0.5
1900-01-22 23:26:30,8000.5,841367,8001.0,264761,51747,12366,39381,576606,0.5
1900-01-22 23:26:45,8004.0,1362223,8004.5,37854,17201,11417,5784,1324369,0.5
1900-01-22 23:27:00,8004.0,794345,8004.5,412951,48818,2210,46608,381394,0.5
1900-01-22 23:27:15,8004.5,880738,8005.0,16302,23491,2000,21491,864436,0.5
1900-01-22 23:27:30,8008.5,765750,8009.0,163906,73879,200,73679,601844,0.5
1900-01-22 23:27:45,8008.5,750378,8009.0,564248,20845,1513,19332,186130,0.5
1900-01-22 23:28:00,8008.5,701290,8009.0,771286,27761,25265,2496,-69996,0.5
1900-01-22 23:28:15,8009.0,1585446,8009.5,213,12558,32189,-19631,1585233,0.5
1900-01-22 23:28:30,8011.5,544101,8012.0,213,11400,2520,8880,543888,0.5
1900-01-22 23:28:45,8012.5,172458,8013.0,787930,40693,35254,5439,-615472,0.5
1900-01-22 23:29:00,8009.5,186,8010.0,1094760,17510,85356,-67846,-1094574,0.5
1900-01-22 23:29:15,8004.0,1044646,8004.5,615307,5308,84533,-79225,429339,0.5
1900-01-22 23:29:30,8004.0,98494,8004.5,3030978,20927,28852,-7925,-2932484,0.5
1900-01-22 23:29:45,7999.5,13405,8000.0,1216317,6279,51325,-45046,-1202912,0.5
1900-01-22 23:30:00,7996.0,6929,7996.5,867663,1290,53754,-52464,-860734,0.5
1900-01-22 23:30:15,7991.0,637061,7991.5,494969,23038,24673,-1635,142092,0.5
1900-01-22 23:30:30,7991.0,1084747,7991.5,2164678,75290,141464,-66174,-1079931,0.5
1900-01-22 23:30:45,7991.5,655019,7992.0,1960545,39258,8502,30756,-1305526,0.5
1900-01-22 23:31:00,7991.0,27354,7991.5,152439,930,98409,-97479,-125085,0.5
1900-01-22 23:31:15,7991.0,1240291,7991.5,131710,88581,36295,52286,1108581,0.5
1900-01-22 23:31:30,7991.0,552417,7991.5,2474429,31667,61961,-30294,-1922012,0.5
1900-01-22 23:31:45,7991.0,30232,7991.5,2910271,31667,51061,-19394,-2880039,0.5
1900-01-22 23:32:00,7990.5,941641,7991.0,170082,8210,26768,-18558,771559,0.5
1900-01-22 23:32:15,7993.5,691795,7994.0,4741,1046945,51944,995001,687054,0.5
1900-01-22 23:32:30,7998.5,2183373,7999.0,169297,51577,2254,49323,2014076,0.5
1900-01-22 23:32:45,8000.5,1853,8001.0,340907,28076,6824,21252,-339054,0.5
1900-01-22 23:33:00,7994.5,4681,7995.0,669876,6733,44808,-38075,-665195,0.5
1900-01-22 23:33:15,7994.5,2515085,7995.0,22447,21,9739,-9718,2492638,0.5
1900-01-22 23:33:30,7996.0,163751,7996.5,689049,7715,520,7195,-525298,0.5
1900-01-22 23:33:45,7996.0,711309,7996.5,673651,2501,49818,-47317,37658,0.5
1900-01-22 23:34:00,7996.0,75947,7996.5,1122547,32881,17537,15344,-1046600,0.5
1900-01-22 23:34:15,8001.5,839340,8002.0,238534,11750,13578,-1828,600806,0.5
1900-01-22 23:34:30,8001.5,1668343,8002.0,7287,6393,20575,-14182,1661056,0.5
1900-01-22 23:34:45,8004.5,512140,8005.0,714498,51867,1820,50047,-202358,0.5
1900-01-22 23:35:00,8006.5,1054668,8007.0,341868,24463,17102,7361,712800,0.5
1900-01-22 23:35:15,8006.5,313808,8007.0,762194,5424,19681,-14257,-448386,0.5
1900-01-22 23:35:30,8008.5,1354901,8009.0,129007,18346,1212,17134,1225894,0.5
1900-01-22 23:35:45,8008.5,359384,8009.0,763923,125780,4197,121583,-404539,0.5
1900-01-22 23:36:00,8008.5,372939,8009.0,1233194,39724,22917,16807,-860255,0.5
1900-01-22 23:36:15,8008.5,319972,8009.0,1249617,17100,33706,-16606,-929645,0.5
1900-01-22 23:36:30,8011.5,899267,8012.0,340123,135299,95103,40196,559144,0.5
1900-01-22 23:36:45,8011.5,68917,8012.0,1069773,146742,92437,54305,-1000856,0.5
1900-01-22 23:37:00,8011.5,456880,8012.0,1041178,5000,32830,-27830,-584298,0.5
1900-01-22 23:37:15,8011.5,116424,8012.0,1133203,5000,52338,-47338,-1016779,0.5
1900-01-22 23:37:30,8010.0,1053277,8010.5,230558,521,17013,-16492,822719,0.5
1900-01-22 23:37:45,8010.0,754454,8010.5,101421,63679,101777,-38098,653033,0.5
1900-01-22 23:38:00,8008.5,10179,8009.0,740963,2070,15052,-12982,-730784,0.5
1900-01-22 23:38:15,8007.5,836689,8008.0,947239,5283,8241,-2958,-110550,0.5
1900-01-22 23:38:30,8007.5,647633,8008.0,1039390,5283,260334,-255051,-391757,0.5
1900-01-22 23:38:45,8007.5,446077,8008.0,1246345,210,130750,-130540,-800268,0.5
1900-01-22 23:39:00,8002.5,363,8003.0,1524845,3753,431162,-427409,-1524482,0.5
1900-01-22 23:39:15,8002.0,1174639,8002.5,100169,4850,104944,-100094,1074470,0.5
1900-01-22 23:39:30,8003.0,338960,8003.5,673284,35007,126,34881,-334324,0.5
1900-01-22 23:39:45,7999.5,28228,8000.0,1439074,2721,26290,-23569,-1410846,0.5
1900-01-22 23:40:00,7995.0,794839,7995.5,629659,442,115772,-115330,165180,0.5
1900-01-22 23:40:15,7999.5,49627,8000.0,1409135,7869,25920,-18051,-1359508,0.5
1900-01-22 23:40:30,7996.5,439962,7997.0,776315,30219,11422,18797,-336353,0.5
1900-01-22 23:40:45,7995.0,241940,7995.5,629702,1500,95697,-94197,-387762,0.5
1900-01-22 23:41:00,7989.0,2414,7989.5,1563177,10686,23676,-12990,-1560763,0.5
1900-01-22 23:41:15,7989.5,14591,7990.0,936360,507365,92263,415102,-921769,0.5
1900-01-22 23:41:30,7989.5,3801888,7990.0,995606,145788,2503,143285,2806282,0.5
1900-01-22 23:41:45,7993.5,1441642,7994.0,37526,801355,5348,796007,1404116,0.5
1900-01-22 23:42:00,7993.5,313582,7994.0,791226,56335,10951,45384,-477644,0.5
1900-01-22 23:42:15,7991.5,143116,7992.0,1473934,15216,95522,-80306,-1330818,0.5
1900-01-22 23:42:30,7988.0,414230,7988.5,710478,500,63982,-63482,-296248,0.5
1900-01-22 23:42:45,7991.0,259742,7991.5,545235,22940,19027,3913,-285493,0.5
1900-01-22 23:43:00,7991.0,823365,7991.5,153682,2804,6491,-3687,669683,0.5
1900-01-22 23:43:15,7993.0,745917,7993.5,62936,29582,600,28982,682981,0.5
1900-01-22 23:43:30,7993.0,230465,7993.5,1028877,126404,600,125804,-798412,0.5
1900-01-22 23:43:45,7994.5,761712,7995.0,27568,217074,56350,160724,734144,0.5
1900-01-22 23:44:00,7995.5,1073284,7996.0,878,7358,1400,5958,1072406,0.5
1900-01-22 23:44:15,7997.5,284311,7998.0,567674,14153,1060,13093,-283363,0.5
1900-01-22 23:44:30,7995.0,731132,7995.5,787873,9014,37775,-28761,-56741,0.5
1900-01-22 23:44:45,7995.0,22149,7995.5,770068,9335,17292,-7957,-747919,0.5
1900-01-22 23:45:00,7995.0,51167,7995.5,881148,580,51059,-50479,-829981,0.5
1900-01-22 23:45:15,7993.5,1246613,7994.0,236,8850,51767,-42917,1246377,0.5
1900-01-22 23:45:30,7999.5,667153,8000.0,286439,38911,2870,36041,380714,0.5
1900-01-22 23:45:45,7999.5,2236544,8000.0,112346,115828,1000,114828,2124198,0.5
1900-01-22 23:46:00,7999.0,12414,7999.5,936163,13902,136401,-122499,-923749,0.5
1900-01-22 23:46:15,7996.5,10349,7997.0,1167309,1603,27888,-26285,-1156960,0.5
1900-01-22 23:46:30,7991.5,150355,7992.0,970490,1130,21669,-20539,-820135,0.5
1900-01-22 23:46:45,7991.5,1150634,7992.0,133630,32625,34989,-2364,1017004,0.5
1900-01-22 23:47:00,7991.5,30364,7992.0,1249771,2811,29690,-26879,-1219407,0.5
1900-01-22 23:47:15,7991.0,766,7991.5,1477485,2811,16016,-13205,-1476719,0.5
1900-01-22 23:47:30,7989.5,937698,7990.0,603895,80,98065,-97985,333803,0.5
1900-01-22 23:47:45,7990.0,1055546,7990.5,355740,1195,7709,-6514,699806,0.5
1900-01-22 23:48:00,7989.5,936055,7990.0,632471,6267,109126,-102859,303584,0.5
1900-01-22 23:48:15,7990.0,1209889,7990.5,15015,24666,29791,-5125,1194874,0.5
1900-01-22 23:48:30,7990.0,1347996,7990.5,17473,1713,31250,-29537,1330523,0.5
1900-01-22 23:48:45,7991.5,1096881,7992.0,61575,15275,32212,-16937,1035306,0.5
1900-01-22 23:49:00,7991.5,1088500,7992.0,106371,11335,32212,-20877,982129,0.5
1900-01-22 23:49:15,7991.5,1071167,7992.0,60357,6403,860,5543,1010810,0.5
1900-01-22 23:49:30,7994.0,225503,7994.5,1095048,23933,2000,21933,-869545,0.5
1900-01-22 23:49:45,7988.0,450630,7988.5,1011373,40,102120,-102080,-560743,0.5
1900-01-22 23:50:00,7988.0,782717,7988.5,1186106,1,19330,-19329,-403389,0.5
1900-01-22 23:50:15,7993.0,687968,7993.5,43958,7924,59478,-51554,644010,0.5
1900-01-22 23:50:30,7993.0,346993,7993.5,898544,187,11227,-11040,-551551,0.5
1900-01-22 23:50:45,7990.0,293345,7990.5,697857,102,37762,-37660,-404512,0.5
1900-01-22 23:51:00,7990.0,1002655,7990.5,185224,8795,30478,-21683,817431,0.5
1900-01-22 23:51:15,7990.0,34699,7990.5,1541953,69532,149122,-79590,-1507254,0.5
1900-01-22 23:51:30,7988.0,478671,7988.5,1034898,32710,82349,-49639,-556227,0.5
1900-01-22 23:51:45,7988.0,912051,7988.5,791378,10000,19893,-9893,120673,0.5
1900-01-22 23:52:00,7987.0,151164,7987.5,936574,690,133744,-133054,-785410,0.5
1900-01-22 23:52:15,7986.5,43053,7987.0,1541120,1,5962,-5961,-1498067,0.5
1900-01-22 23:52:30,7980.0,478493,7980.5,785875,6068,124408,-118340,-307382,0.5
1900-01-22 23:52:45,7980.0,673493,7980.5,528465,4850,213259,-208409,145028,0.5
1900-01-22 23:53:00,7979.5,1157195,7980.0,238690,65659,68392,-2733,918505,0.5
1900-01-22 23:53:15,7979.5,874698,7980.0,430485,15251,110889,-95638,444213,0.5
1900-01-22 23:53:30,7983.0,599113,7983.5,61,31348,1658,29690,599052,0.5
1900-01-22 23:53:45,7979.5,492788,7980.0,499336,15513,16219,-706,-6548,0.5
1900-01-22 23:54:00,7979.5,1459522,7980.0,7242,70884,33020,37864,1452280,0.5
1900-01-22 23:54:15,7982.0,200,7982.5,1213028,15111,25487,-10376,-1212828,0.5
1900-01-22 23:54:30,7982.0,506253,7982.5,390605,50,37228,-37178,115648,0.5
1900-01-22 23:54:45,7979.5,189342,7980.0,574326,39346,63867,-24521,-384984,0.5
1900-01-22 23:55:00,7976.5,79950,7977.0,288119,47816,67739,-19923,-208169,0.5
1900-01-22 23:55:15,7964.5,1034533,7965.5,10000,2363,384602,-382239,1024533,1.0
1900-01-22 23:55:30,7970.5,604492,7971.0,701408,830212,858370,-28158,-96916,0.5
1900-01-22 23:55:45,7973.5,942020,7974.0,272979,156112,65008,91104,669041,0.5
1900-01-22 23:56:00,7975.5,564238,7976.0,358721,53043,25902,27141,205517,0.5
1900-01-22 23:56:15,7973.5,196,7974.0,850199,97906,141225,-43319,-850003,0.5
1900-01-22 23:56:30,7973.5,224056,7974.0,842184,10362,15304,-4942,-618128,0.5
1900-01-22 23:56:45,7969.0,15994,7969.5,705445,20056,54275,-34219,-689451,0.5
1900-01-22 23:57:00,7972.0,723036,7972.5,72917,98861,21322,77539,650119,0.5
1900-01-22 23:57:15,7972.0,27716,7972.5,1075578,52237,19377,32860,-1047862,0.5
1900-01-22 23:57:30,7972.0,278968,7972.5,389253,61425,70313,-8888,-110285,0.5
1900-01-22 23:57:45,7972.0,24841,7972.5,1392252,2759,7527,-4768,-1367411,0.5
1900-01-22 23:58:00,7966.0,651126,7966.5,178849,6405,66969,-60564,472277,0.5
1900-01-22 23:58:15,7962.5,454849,7963.0,659524,8078,7838,240,-204675,0.5
1900-01-22 23:58:30,7962.5,409484,7963.0,603327,71710,97107,-25397,-193843,0.5
1900-01-22 23:58:45,7957.0,618987,7957.5,563530,22732,449736,-427004,55457,0.5
1900-01-22 23:59:00,7957.0,487845,7957.5,562947,15279,247988,-232709,-75102,0.5
1900-01-22 23:59:15,7957.0,478659,7957.5,108009,83949,2125,81824,370650,0.5
1900-01-22 23:59:30,7958.0,905556,7958.5,21757,67859,5382,62477,883799,0.5
1900-01-22 23:59:45,7958.5,163225,7959.0,905068,90220,16627,73593,-741843,0.5
1900-01-23 00:00:00,7958.5,19379,7959.0,1061481,82527,60979,21548,-1042102,0.5
1900-01-23 00:00:15,7954.0,537497,7954.5,177886,64360,287071,-222711,359611,0.5
1900-01-23 00:00:30,7954.5,709190,7955.0,356293,173691,21169,152522,352897,0.5
1900-01-23 00:00:45,7954.5,1018203,7955.0,345177,73475,90641,-17166,673026,0.5
1900-01-23 00:01:00,7962.5,659586,7963.0,21347,413146,33933,379213,638239,0.5
1900-01-23 00:01:15,7970.0,69331,7970.5,71940,236361,81762,154599,-2609,0.5
1900-01-23 00:01:30,7966.0,918754,7966.5,138472,30590,61398,-30808,780282,0.5
1900-01-23 00:01:45,7969.5,312699,7970.0,628922,87590,5572,82018,-316223,0.5
1900-01-23 00:02:00,7973.0,225448,7973.5,384392,158836,21769,137067,-158944,0.5
1900-01-23 00:02:15,7973.0,1086332,7973.5,38569,98279,14058,84221,1047763,0.5
1900-01-23 00:02:30,7979.0,831034,7979.5,7395,204263,3600,200663,823639,0.5
1900-01-23 00:02:45,7982.5,164665,7983.0,1281927,281220,1710,279510,-1117262,0.5
1900-01-23 00:03:00,7982.0,46086,7982.5,1340565,82898,155436,-72538,-1294479,0.5
1900-01-23 00:03:15,7982.0,864240,7982.5,2132,43534,96495,-52961,862108,0.5
1900-01-23 00:03:30,7982.0,96580,7982.5,1137379,131008,8360,122648,-1040799,0.5
1900-01-23 00:03:45,7982.0,867416,7982.5,63636,5184,24449,-19265,803780,0.5
1900-01-23 00:04:00,7982.0,1053126,7982.5,533317,103128,10,103118,519809,0.5
1900-01-23 00:04:15,7982.0,1126888,7982.5,51750,64768,14450,50318,1075138,0.5
1900-01-23 00:04:30,7981.5,7622,7982.0,598378,55005,74780,-19775,-590756,0.5
1900-01-23 00:04:45,7974.5,409449,7975.0,120739,3163,69479,-66316,288710,0.5
1900-01-23 00:05:00,7974.5,674711,7975.0,400986,10650,16687,-6037,273725,0.5
1900-01-23 00:05:15,7974.5,319225,7975.0,1022949,44806,5352,39454,-703724,0.5
1900-01-23 00:05:30,7978.5,530595,7979.0,35848,265235,26452,238783,494747,0.5
1900-01-23 00:05:45,7980.0,872969,7980.5,5674,3712,1201,2511,867295,0.5
1900-01-23 00:06:00,7980.5,1198281,7981.0,11767,137907,1020,136887,1186514,0.5
1900-01-23 00:06:15,7980.5,1535309,7981.0,48272,135911,400,135511,1487037,0.5
1900-01-23 00:06:30,7982.5,918119,7983.0,147851,56742,1620,55122,770268,0.5
1900-01-23 00:06:45,7983.0,1253886,7983.5,18187,38191,21,38170,1235699,0.5
1900-01-23 00:07:00,7984.0,219336,7984.5,690605,25199,10556,14643,-471269,0.5
1900-01-23 00:07:15,7980.5,55896,7981.0,90069,20911,187285,-166374,-34173,0.5
1900-01-23 00:07:30,7974.0,57563,7974.5,245514,20148,282747,-262599,-187951,0.5
1900-01-23 00:07:45,7974.5,563064,7975.0,4239,67845,110005,-42160,558825,0.5
1900-01-23 00:08:00,7974.5,1856779,7975.0,40312,11863,2021,9842,1816467,0.5
1900-01-23 00:08:15,7974.5,1682618,7975.0,16795,31700,4832,26868,1665823,0.5
1900-01-23 00:08:30,7977.0,114861,7977.5,695103,6274,2050,4224,-580242,0.5
1900-01-23 00:08:45,7971.0,56910,7971.5,489406,11828,163068,-151240,-432496,0.5
1900-01-23 00:09:00,7968.0,227340,7968.5,708698,9014,240010,-230996,-481358,0.5
1900-01-23 00:09:15,7968.0,819114,7968.5,297603,75014,152529,-77515,521511,0.5
1900-01-23 00:09:30,7968.0,950172,7968.5,496772,4801,2120,2681,453400,0.5
1900-01-23 00:09:45,7975.5,36229,7976.0,1008105,44208,11166,33042,-971876,0.5
1900-01-23 00:10:00,7975.5,78303,7976.0,1061282,6505,42001,-35496,-982979,0.5
1900-01-23 00:10:15,7974.0,31767,7974.5,1314470,2562,18446,-15884,-1282703,0.5
1900-01-23 00:10:30,7970.5,566,7971.0,1012700,560,34766,-34206,-1012134,0.5
1900-01-23 00:10:45,7970.0,34623,7970.5,1270809,560,20308,-19748,-1236186,0.5
1900-01-23 00:11:00,7969.0,22739,7969.5,1261875,101,17898,-17797,-1239136,0.5
1900-01-23 00:11:15,7968.0,108283,7968.5,1045038,1,22669,-22668,-936755,0.5
1900-01-23 00:11:30,7968.0,842366,7968.5,468887,3000,26831,-23831,373479,0.5
1900-01-23 00:11:45,7967.0,71620,7967.5,1395011,19862,31165,-11303,-1323391,0.5
1900-01-23 00:12:00,7964.5,611863,7965.0,387263,26810,118944,-92134,224600,0.5
1900-01-23 00:12:15,7964.5,551875,7965.0,580442,17153,25676,-8523,-28567,0.5
1900-01-23 00:12:30,7964.5,832214,7965.0,227744,40939,100,40839,604470,0.5
1900-01-23 00:12:45,7969.0,335908,7969.5,685752,82695,1550,81145,-349844,0.5
1900-01-23 00:13:00,7969.0,912661,7969.5,343276,55273,2791,52482,569385,0.5
1900-01-23 00:13:15,7969.0,190438,7969.5,1282133,30400,30442,-42,-1091695,0.5
1900-01-23 00:13:30,7969.0,1113642,7969.5,336485,8903,4900,4003,777157,0.5
1900-01-23 00:13:45,7969.0,692928,7969.5,1367717,1434,9791,-8357,-674789,0.5
1900-01-23 00:14:00,7969.5,786720,7970.0,21275,86645,1633,85012,765445,0.5
1900-01-23 00:14:15,7973.5,1044794,7974.0,1091,76728,1633,75095,1043703,0.5
1900-01-23 00:14:30,7974.0,510584,7974.5,878985,126151,1633,124518,-368401,0.5
1900-01-23 00:14:45,7973.0,8735,7973.5,217820,8251,36889,-28638,-209085,0.5
1900-01-23 00:15:00,7972.5,811249,7973.0,259398,5144,11266,-6122,551851,0.5
1900-01-23 00:15:15,7972.5,319195,7973.0,1073592,8604,5347,3257,-754397,0.5
1900-01-23 00:15:30,7972.5,818539,7973.0,544352,1674,16000,-14326,274187,0.5
1900-01-23 00:15:45,7972.5,924504,7973.0,563982,13192,1306,11886,360522,0.5
1900-01-23 00:16:00,7972.5,1099801,7973.0,299505,5315,2507,2808,800296,0.5
1900-01-23 00:16:15,7972.5,1124872,7973.0,216092,21331,100,21231,908780,0.5
1900-01-23 00:16:30,7972.5,1299848,7973.0,103266,99710,8,99702,1196582,0.5
1900-01-23 00:16:45,7972.5,517909,7973.0,565592,11399,6702,4697,-47683,0.5
1900-01-23 00:17:00,7972.5,963484,7973.0,221371,11399,1000,10399,742113,0.5
1900-01-23 00:17:15,7977.5,656957,7978.0,590967,62482,1000,61482,65990,0.5
1900-01-23 00:17:30,7977.5,635272,7978.0,551956,82158,1250,80908,83316,0.5
1900-01-23 00:17:45,7976.5,3456,7977.0,889837,75597,116238,-40641,-886381,0.5
1900-01-23 00:18:00,7976.5,283972,7977.0,1041,4013,40967,-36954,282931,0.5
1900-01-23 00:18:15,7977.0,1145239,7977.5,17027,105865,1000,104865,1128212,0.5
1900-01-23 00:18:30,7979.0,1252064,7979.5,62856,199306,26,199280,1189208,0.5
1900-01-23 00:18:45,7979.5,1129662,7980.0,273502,132711,125,132586,856160,0.5
1900-01-23 00:19:00,7979.5,940704,7980.0,266490,42605,2330,40275,674214,0.5
1900-01-23 00:19:15,7979.5,948928,7980.0,405668,55250,3700,51550,543260,0.5
1900-01-23 00:19:30,7979.5,875164,7980.0,393681,7447,116,7331,481483,0.5
1900-01-23 00:19:45,7979.5,1174401,7980.0,324574,61679,2703,58976,849827,0.5
1900-01-23 00:20:00,7979.5,1047517,7980.0,389594,7041,2703,4338,657923,0.5
1900-01-23 00:20:15,7978.0,74211,7978.5,764358,17958,59875,-41917,-690147,0.5
1900-01-23 00:20:30,7978.0,415546,7978.5,345393,7,49594,-49587,70153,0.5
1900-01-23 00:20:45,7978.0,562190,7978.5,412784,17415,8354,9061,149406,0.5
1900-01-23 00:21:00,7978.0,516375,7978.5,436045,5,1120,-1115,80330,0.5
1900-01-23 00:21:15,7978.0,478120,7978.5,382300,1,585,-584,95820,0.5
1900-01-23 00:21:30,7978.0,419325,7978.5,489383,1,10085,-10084,-70058,0.5
1900-01-23 00:21:45,7978.0,885093,7978.5,81882,84827,2,84825,803211,0.5
1900-01-23 00:22:00,7978.0,753399,7978.5,306604,20948,43,20905,446795,0.5
1900-01-23 00:22:15,7978.0,1041402,7978.5,45172,35795,141,35654,996230,0.5
1900-01-23 00:22:30,7979.5,578116,7980.0,749107,7744,4148,3596,-170991,0.5
1900-01-23 00:22:45,7979.5,802406,7980.0,153625,2500,110,2390,648781,0.5
1900-01-23 00:23:00,7979.5,173656,7980.0,1284807,4021,40030,-36009,-1111151,0.5
1900-01-23 00:23:15,7979.5,52884,7980.0,1414204,4021,23297,-19276,-1361320,0.5
1900-01-23 00:23:30,7979.5,133027,7980.0,1107467,1000,16226,-15226,-974440,0.5
1900-01-23 00:23:45,7979.5,29915,7980.0,1399221,4641,8225,-3584,-1369306,0.5
1900-01-23 00:24:00,7979.0,24074,7979.5,970084,7101,5438,1663,-946010,0.5
1900-01-23 00:24:15,7979.0,146239,7979.5,860552,1305,1488,-183,-714313,0.5
1900-01-23 00:24:30,7978.5,33744,7979.0,1470667,3011,41814,-38803,-1436923,0.5
1900-01-23 00:24:45,7978.5,28545,7979.0,1204124,230,351,-121,-1175579,0.5
1900-01-23 00:25:00,7978.5,31764,7979.0,1160235,26180,3032,23148,-1128471,0.5
1900-01-23 00:25:15,7978.0,319770,7978.5,1160125,1000,15964,-14964,-840355,0.5
1900-01-23 00:25:30,7978.0,319091,7978.5,1141481,1,2901,-2900,-822390,0.5
1900-01-23 00:25:45,7978.0,605247,7978.5,624953,35577,34029,1548,-19706,0.5
1900-01-23 00:26:00,7979.5,812070,7980.0,358607,84970,13,84957,453463,0.5
1900-01-23 00:26:15,7981.0,676754,7981.5,17955,24827,13,24814,658799,0.5
1900-01-23 00:26:30,7984.5,664526,7985.0,16912,68767,1000,67767,647614,0.5
1900-01-23 00:26:45,7984.5,664970,7985.0,282365,101047,12962,88085,382605,0.5
1900-01-23 00:27:00,7985.5,1393373,7986.0,53370,51495,2,51493,1340003,0.5
1900-01-23 00:27:15,7986.0,1459737,7986.5,25316,23593,1687,21906,1434421,0.5
1900-01-23 00:27:30,7987.5,1307952,7988.0,108978,157468,2000,155468,1198974,0.5
1900-01-23 00:27:45,7987.5,1226411,7988.0,110178,227210,7000,220210,1116233,0.5
1900-01-23 00:28:00,7987.5,1780769,7988.0,173640,160735,2200,158535,1607129,0.5
1900-01-23 00:28:15,7987.5,1505654,7988.0,411501,44050,8135,35915,1094153,0.5
1900-01-23 00:28:30,7982.0,987171,7982.5,451201,1740,101019,-99279,535970,0.5
1900-01-23 00:28:45,7982.0,654796,7982.5,2441832,43240,2982,40258,-1787036,0.5
1900-01-23 00:29:00,7982.0,1237627,7982.5,134777,4982,12111,-7129,1102850,0.5
1900-01-23 00:29:15,7982.0,1845563,7982.5,129278,72016,2300,69716,1716285,0.5
1900-01-23 00:29:30,7982.0,2159094,7982.5,18148,18602,1000,17602,2140946,0.5
1900-01-23 00:29:45,7982.0,1807476,7982.5,25657,10500,1000,9500,1781819,0.5
1900-01-23 00:30:00,7982.0,894699,7982.5,310373,6955,4524,2431,584326,0.5
1900-01-23 00:30:15,7984.0,466567,7984.5,619467,37572,618,36954,-152900,0.5
1900-01-23 00:30:30,7984.0,536787,7984.5,700061,11260,618,10642,-163274,0.5
1900-01-23 00:30:45,7984.5,582289,7985.0,182686,86447,4000,82447,399603,0.5
1900-01-23 00:31:00,7987.0,1080210,7987.5,23825,125968,202,125766,1056385,0.5
1900-01-23 00:31:15,7987.0,53624,7987.5,806667,13893,46534,-32641,-753043,0.5
1900-01-23 00:31:30,7987.5,582493,7988.0,152489,54485,4036,50449,430004,0.5
1900-01-23 00:31:45,7987.5,887075,7988.0,164198,10669,2011,8658,722877,0.5
1900-01-23 00:32:00,7987.5,1336823,7988.0,4586,100075,2011,98064,1332237,0.5
1900-01-23 00:32:15,7989.0,820138,7989.5,32882,18744,501,18243,787256,0.5
1900-01-23 00:32:30,7994.5,588167,7995.0,355354,320910,66330,254580,232813,0.5
1900-01-23 00:32:45,7995.0,1036216,7995.5,5426,157465,15959,141506,1030790,0.5
1900-01-23 00:33:00,7996.5,298048,7997.0,596256,212570,13525,199045,-298208,0.5
1900-01-23 00:33:15,7996.5,1539297,7997.0,402220,29234,11749,17485,1137077,0.5
1900-01-23 00:33:30,7999.0,1386491,7999.5,7743,254701,5600,249101,1378748,0.5
1900-01-23 00:33:45,8000.0,262495,8000.5,693975,74564,116800,-42236,-431480,0.5
1900-01-23 00:34:00,8000.0,386430,8000.5,680608,75869,103146,-27277,-294178,0.5
1900-01-23 00:34:15,8000.0,2083473,8000.5,527108,278293,33252,245041,1556365,0.5
1900-01-23 00:34:30,8009.5,479973,8010.0,339809,482434,8256,474178,140164,0.5
1900-01-23 00:34:45,8005.5,1403897,8006.0,167272,80504,50426,30078,1236625,0.5
1900-01-23 00:35:00,8014.5,493694,8015.0,114973,251183,9940,241243,378721,0.5
1900-01-23 00:35:15,8014.5,689726,8015.0,165457,71489,10051,61438,524269,0.5
1900-01-23 00:35:30,8016.5,526445,8017.0,252479,103106,12289,90817,273966,0.5
1900-01-23 00:35:45,8014.5,367259,8015.0,1166,64469,137957,-73488,366093,0.5
1900-01-23 00:36:00,8014.5,1141806,8015.0,149651,14457,116476,-102019,992155,0.5
1900-01-23 00:36:15,8009.5,232691,8010.0,569045,9370,156465,-147095,-336354,0.5
1900-01-23 00:36:30,8010.5,1807,8011.0,557700,39610,27427,12183,-555893,0.5
1900-01-23 00:36:45,8005.0,1505962,8005.5,111904,30195,82736,-52541,1394058,0.5
1900-01-23 00:37:00,8005.0,1643651,8005.5,148815,4449,6853,-2404,1494836,0.5
1900-01-23 00:37:15,8008.0,1269718,8008.5,11,23789,206896,-183107,1269707,0.5
1900-01-23 00:37:30,8010.0,675989,8010.5,269007,21437,15797,5640,406982,0.5
1900-01-23 00:37:45,8010.5,720579,8011.0,266628,12394,40314,-27920,453951,0.5
1900-01-23 00:38:00,8001.0,1122058,8001.5,634278,31397,25483,5914,487780,0.5
1900-01-23 00:38:15,8001.0,1153007,8001.5,139184,71563,20097,51466,1013823,0.5
1900-01-23 00:38:30,8005.5,772560,8006.0,106317,62753,81,62672,666243,0.5
1900-01-23 00:38:45,8009.0,809405,8009.5,317873,36954,30760,6194,491532,0.5
1900-01-23 00:39:00,8009.0,714829,8009.5,331074,14026,9674,4352,383755,0.5
1900-01-23 00:39:15,8002.5,2051,8003.0,941400,1372,204074,-202702,-939349,0.5
1900-01-23 00:39:30,7998.5,1284581,7999.0,121077,81806,43298,38508,1163504,0.5
1900-01-23 00:39:45,7999.5,354215,8000.0,766249,37288,17154,20134,-412034,0.5
1900-01-23 00:40:00,7999.5,279004,8000.0,787788,5339,128534,-123195,-508784,0.5
1900-01-23 00:40:15,7999.5,190216,8000.0,865243,1610,70961,-69351,-675027,0.5
1900-01-23 00:40:30,7997.0,170842,7997.5,999287,3136,113096,-109960,-828445,0.5
1900-01-23 00:40:45,7996.0,7574,7996.5,1393205,396,40249,-39853,-1385631,0.5
1900-01-23 00:41:00,7995.0,5449995,7995.5,515942,19125,35187,-16062,4934053,0.5
1900-01-23 00:41:15,7995.5,858750,7996.0,1872,124015,31101,92914,856878,0.5
1900-01-23 00:41:30,7999.5,6015770,8000.0,37259,105544,301,105243,5978511,0.5
1900-01-23 00:41:45,8001.0,1079292,8001.5,55823,62272,10008,52264,1023469,0.5
1900-01-23 00:42:00,8001.0,1038525,8001.5,46178,37479,7500,29979,992347,0.5
1900-01-23 00:42:15,8002.0,147752,8002.5,1035456,2203,27130,-24927,-887704,0.5
1900-01-23 00:42:30,7999.0,788,7999.5,1156419,22,52527,-52505,-1155631,0.5
1900-01-23 00:42:45,7996.0,847898,7996.5,333509,5480,2606,2874,514389,0.5
1900-01-23 00:43:00,7996.0,921175,7996.5,462124,3929,36200,-32271,459051,0.5
1900-01-23 00:43:15,7998.5,775041,7999.0,1805,21483,200,21283,773236,0.5
1900-01-23 00:43:30,7998.5,845285,7999.0,217060,156452,110,156342,628225,0.5
1900-01-23 00:43:45,8002.0,1211859,8002.5,28797,14534,1157,13377,1183062,0.5
1900-01-23 00:44:00,8006.0,513689,8006.5,518189,114650,3249,111401,-4500,0.5
1900-01-23 00:44:15,8006.0,540573,8006.5,731216,12707,13497,-790,-190643,0.5
1900-01-23 00:44:30,8000.0,121379,8000.5,687847,710,31391,-30681,-566468,0.5
1900-01-23 00:44:45,8000.0,2589366,8000.5,16692,21214,9125,12089,2572674,0.5
1900-01-23 00:45:00,8007.0,499780,8007.5,2179,20302,391,19911,497601,0.5
1900-01-23 00:45:15,8007.0,273970,8007.5,470139,206393,2919,203474,-196169,0.5
1900-01-23 00:45:30,8007.0,183590,8007.5,489713,11685,22766,-11081,-306123,0.5
1900-01-23 00:45:45,8007.0,405079,8007.5,759760,12703,74006,-61303,-354681,0.5
1900-01-23 00:46:00,8007.0,113384,8007.5,865697,3300,36611,-33311,-752313,0.5
1900-01-23 00:46:15,8007.0,666753,8007.5,502889,3797,109982,-106185,163864,0.5
1900-01-23 00:46:30,8009.5,1412760,8010.0,35879,65451,40500,24951,1376881,0.5
1900-01-23 00:46:45,8010.0,1035035,8010.5,87508,36196,53406,-17210,947527,0.5
1900-01-23 00:47:00,8010.0,277654,8010.5,562179,25016,30014,-4998,-284525,0.5
1900-01-23 00:47:15,8016.5,144463,8017.0,285247,197273,16363,180910,-140784,0.5
1900-01-23 00:47:30,8020.0,292775,8020.5,729093,209891,11620,198271,-436318,0.5
1900-01-23 00:47:45,8021.5,340669,8022.0,212893,132930,90306,42624,127776,0.5
1900-01-23 00:48:00,8024.5,703746,8025.0,163989,366864,4841,362023,539757,0.5
1900-01-23 00:48:15,8007.0,42850,8007.5,105449,63882,533441,-469559,-62599,0.5
1900-01-23 00:48:30,8026.5,25005,8027.0,303,61708,55432,6276,24702,0.5
1900-01-23 00:48:45,8018.5,843977,8019.0,190622,137980,68043,69937,653355,0.5
1900-01-23 00:49:00,8016.5,314867,8017.0,163751,44500,148714,-104214,151116,0.5
1900-01-23 00:49:15,8020.5,1081592,8021.0,40027,14934,38603,-23669,1041565,0.5
1900-01-23 00:49:30,8016.5,195181,8017.0,563710,9518,94634,-85116,-368529,0.5
1900-01-23 00:49:45,8016.5,2354745,8017.0,136,21627,46747,-25120,2354609,0.5
1900-01-23 00:50:00,8020.0,1401646,8020.5,1560,99766,628,99138,1400086,0.5
1900-01-23 00:50:15,8022.5,1228212,8023.0,3109,35296,46080,-10784,1225103,0.5
1900-01-23 00:50:30,8022.5,979247,8023.0,262620,11934,5432,6502,716627,0.5
1900-01-23 00:50:45,8025.0,557222,8025.5,190549,16946,25445,-8499,366673,0.5
1900-01-23 00:51:00,8020.0,1474629,8020.5,13612,188126,54351,133775,1461017,0.5
1900-01-23 00:51:15,8025.5,1241118,8026.0,4598,61722,38549,23173,1236520,0.5
1900-01-23 00:51:30,8026.5,521867,8027.0,153171,41705,51601,-9896,368696,0.5
1900-01-23 00:51:45,8026.5,726035,8027.0,37637,16443,14229,2214,688398,0.5
1900-01-23 00:52:00,8028.5,1677683,8029.0,124286,85867,23870,61997,1553397,0.5
1900-01-23 00:52:15,8028.5,1732078,8029.0,130712,43324,44017,-693,1601366,0.5
1900-01-23 00:52:30,8028.5,822434,8029.0,960025,13560,7911,5649,-137591,0.5
1900-01-23 00:52:45,8024.0,180644,8024.5,667786,26766,152473,-125707,-487142,0.5
1900-01-23 00:53:00,8018.0,1000,8018.5,472823,773,48980,-48207,-471823,0.5
1900-01-23 00:53:15,8016.5,1449925,8017.0,23252,75187,49240,25947,1426673,0.5
1900-01-23 00:53:30,8017.5,1335875,8018.0,42971,70356,14200,56156,1292904,0.5
1900-01-23 00:53:45,8018.5,1278072,8019.0,23229,28477,16300,12177,1254843,0.5
1900-01-23 00:54:00,8019.5,1630066,8020.0,284603,26720,47600,-20880,1345463,0.5
1900-01-23 00:54:15,8019.5,1062053,8020.0,255448,62136,48076,14060,806605,0.5
1900-01-23 00:54:30,8019.5,311163,8020.0,927592,20001,57328,-37327,-616429,0.5
1900-01-23 00:54:45,8014.0,1053437,8014.5,298790,876,46061,-45185,754647,0.5
1900-01-23 00:55:00,8014.0,2472633,8014.5,131222,97750,107702,-9952,2341411,0.5
1900-01-23 00:55:15,8016.0,831888,8016.5,156370,11678,39320,-27642,675518,0.5
1900-01-23 00:55:30,8016.0,1377415,8016.5,57547,20958,5,20953,1319868,0.5
1900-01-23 00:55:45,8019.5,700520,8020.0,327593,16331,13471,2860,372927,0.5
1900-01-23 00:56:00,8019.5,338188,8020.0,926349,9033,350,8683,-588161,0.5
1900-01-23 00:56:15,8019.5,2109178,8020.0,45537,45846,30055,15791,2063641,0.5
1900-01-23 00:56:30,8020.0,707082,8020.5,476058,3024,696,2328,231024,0.5
1900-01-23 00:56:45,8020.0,1188468,8020.5,166978,27994,751,27243,1021490,0.5
1900-01-23 00:57:00,8020.0,333020,8020.5,824455,5751,21184,-15433,-491435,0.5
1900-01-23 00:57:15,8018.5,50,8019.0,730773,5751,44604,-38853,-730723,0.5
1900-01-23 00:57:30,8018.0,2103,8018.5,1026350,120,39829,-39709,-1024247,0.5
1900-01-23 00:57:45,8017.5,1636291,8018.0,387619,2188,12959,-10771,1248672,0.5
1900-01-23 00:58:00,8019.0,1073981,8019.5,294944,5398,4100,1298,779037,0.5
1900-01-23 00:58:15,8019.0,1279223,8019.5,176188,125518,15364,110154,1103035,0.5
1900-01-23 00:58:30,8027.0,304706,8027.5,463119,56358,21887,34471,-158413,0.5
1900-01-23 00:58:45,8027.0,596133,8027.5,315921,27036,24483,2553,280212,0.5
1900-01-23 00:59:00,8027.0,1644860,8027.5,205210,96132,16027,80105,1439650,0.5
1900-01-23 00:59:15,8027.0,1911756,8027.5,112015,32208,90704,-58496,1799741,0.5
1900-01-23 00:59:30,8027.0,1617812,8027.5,144060,68509,3000,65509,1473752,0.5
1900-01-23 00:59:45,8027.5,1497309,8028.0,56617,58588,15005,43583,1440692,0.5
1900-01-23 01:00:00,8027.5,1153338,8028.0,31338,52968,1,52967,1122000,0.5
1900-01-23 01:00:15,8027.5,1222614,8028.0,1451442,214324,70316,144008,-228828,0.5
1900-01-23 01:00:30,8027.5,1701847,8028.0,1258253,163100,22460,140640,443594,0.5
1900-01-23 01:00:45,8027.5,2406846,8028.0,897005,416274,15116,401158,1509841,0.5
1900-01-23 01:01:00,8028.5,968503,8029.0,154041,273921,11242,262679,814462,0.5
1900-01-23 01:01:15,8033.0,57069,8033.5,20022,208223,7919,200304,37047,0.5
1900-01-23 01:01:30,8030.0,76628,8030.5,714668,111932,76700,35232,-638040,0.5
1900-01-23 01:01:45,8030.0,1120641,8030.5,766371,138467,100632,37835,354270,0.5
1900-01-23 01:02:00,8030.0,1872900,8030.5,190231,565918,28335,537583,1682669,0.5
1900-01-23 01:02:15,8032.5,823396,8033.0,420109,173338,12454,160884,403287,0.5
1900-01-23 01:02:30,8032.5,674445,8033.0,551199,12753,32127,-19374,123246,0.5
1900-01-23 01:02:45,8032.5,101038,8033.0,574016,13641,15908,-2267,-472978,0.5
1900-01-23 01:03:00,8024.5,5814,8025.0,1028064,46311,82907,-36596,-1022250,0.5
1900-01-23 01:03:15,8018.5,1045238,8019.0,325251,8456,190785,-182329,719987,0.5
1900-01-23 01:03:30,8021.0,844767,8021.5,61903,25850,28680,-2830,782864,0.5
1900-01-23 01:03:45,8021.0,117701,8021.5,873337,17702,41840,-24138,-755636,0.5
1900-01-23 01:04:00,8017.5,10369,8018.0,573067,13226,558188,-544962,-562698,0.5
1900-01-23 01:04:15,8012.0,179422,8012.5,15050,9909,238294,-228385,164372,0.5
1900-01-23 01:04:30,8013.5,302432,8014.0,659683,21207,8069,13138,-357251,0.5
1900-01-23 01:04:45,8013.5,907359,8014.0,248906,11848,8958,2890,658453,0.5
1900-01-23 01:05:00,8012.0,349182,8012.5,851802,18180,30092,-11912,-502620,0.5
1900-01-23 01:05:15,8010.5,1122922,8011.0,490301,239,64828,-64589,632621,0.5
1900-01-23 01:05:30,8010.5,1187656,8011.0,164063,38177,96334,-58157,1023593,0.5
1900-01-23 01:05:45,8014.0,1377574,8014.5,8346,57885,4126,53759,1369228,0.5
1900-01-23 01:06:00,8014.5,2084,8015.0,947076,17385,480,16905,-944992,0.5
1900-01-23 01:06:15,8007.5,429999,8008.0,860307,22010,113091,-91081,-430308,0.5
1900-01-23 01:06:30,8007.5,371514,8008.0,758736,3295,308927,-305632,-387222,0.5
1900-01-23 01:06:45,8007.5,1357040,8008.0,775113,20601,15783,4818,581927,0.5
1900-01-23 01:07:00,8007.5,1859170,8008.0,214840,50179,100086,-49907,1644330,0.5
1900-01-23 01:07:15,8007.5,2138821,8008.0,51817,43983,400,43583,2087004,0.5
1900-01-23 01:07:30,8012.0,831562,8012.5,464740,26638,150,26488,366822,0.5
1900-01-23 01:07:45,8012.0,1921068,8012.5,238594,63854,6363,57491,1682474,0.5
1900-01-23 01:08:00,8012.0,41073,8012.5,1137823,2093,3179,-1086,-1096750,0.5
1900-01-23 01:08:15,8008.5,1061374,8009.0,375331,10502,14099,-3597,686043,0.5
1900-01-23 01:08:30,8008.5,610105,8009.0,363829,10986,58634,-47648,246276,0.5
1900-01-23 01:08:45,8008.0,75483,8008.5,898597,123527,81796,41731,-823114,0.5
1900-01-23 01:09:00,8008.0,317833,8008.5,614784,3060,34047,-30987,-296951,0.5
1900-01-23 01:09:15,8008.0,978807,8008.5,196393,38976,44421,-5445,782414,0.5
1900-01-23 01:09:30,8008.0,1916791,8008.5,97779,1684,10210,-8526,1819012,0.5
1900-01-23 01:09:45,8008.0,1854929,8008.5,311651,9674,18152,-8478,1543278,0.5
1900-01-23 01:10:00,8008.0,2175538,8008.5,51079,18204,556,17648,2124459,0.5
1900-01-23 01:10:15,8008.5,1260149,8009.0,9727,6862,2011,4851,1250422,0.5
1900-01-23 01:10:30,8009.5,1478874,8010.0,8000,57401,1020,56381,1470874,0.5
1900-01-23 01:10:45,8011.5,1640235,8012.0,47054,15473,8,15465,1593181,0.5
1900-01-23 01:11:00,8011.5,1134588,8012.0,123225,35956,14316,21640,1011363,0.5
1900-01-23 01:11:15,8011.5,961388,8012.0,287779,1321,15098,-13777,673609,0.5
1900-01-23 01:11:30,8011.5,86063,8012.0,1033347,2250,33700,-31450,-947284,0.5
1900-01-23 01:11:45,8010.0,1162770,8010.5,1631537,7000,295932,-288932,-468767,0.5
1900-01-23 01:12:00,8010.0,1245176,8010.5,1708458,1600,55065,-53465,-463282,0.5
1900-01-23 01:12:15,8010.0,1537634,8010.5,490760,6158,149463,-143305,1046874,0.5
1900-01-23 01:12:30,8010.0,2131456,8010.5,1144116,18461,111,18350,987340,0.5
1900-01-23 01:12:45,8010.0,3101720,8010.5,19106,100397,100,100297,3082614,0.5
1900-01-23 01:13:00,8015.0,1568245,8015.5,232845,11247,13050,-1803,1335400,0.5
1900-01-23 01:13:15,8015.0,1881670,8015.5,575846,3732,30621,-26889,1305824,0.5
1900-01-23 01:13:30,8015.0,2948819,8015.5,502962,23332,250,23082,2445857,0.5
1900-01-23 01:13:45,8015.5,108973,8016.0,1266214,41400,15200,26200,-1157241,0.5
1900-01-23 01:14:00,8015.5,187023,8016.0,1549819,1009,351368,-350359,-1362796,0.5
1900-01-23 01:14:15,8015.5,309407,8016.0,1332929,85075,104500,-19425,-1023522,0.5
1900-01-23 01:14:30,8015.5,205106,8016.0,1356271,1081,5102,-4021,-1151165,0.5
1900-01-23 01:14:45,8015.5,1985681,8016.0,153197,3638,35819,-32181,1832484,0.5
1900-01-23 01:15:00,8017.0,1742042,8017.5,433,126158,10000,116158,1741609,0.5
1900-01-23 01:15:15,8018.0,1290338,8018.5,217860,50466,12185,38281,1072478,0.5
1900-01-23 01:15:30,8018.0,142388,8018.5,993129,1195,30000,-28805,-850741,0.5
1900-01-23 01:15:45,8016.0,3643,8017.0,554129,5214,65508,-60294,-550486,1.0
1900-01-23 01:16:00,8012.5,35455,8013.0,1051588,615,55790,-55175,-1016133,0.5
1900-01-23 01:16:15,8012.5,849884,8013.0,756925,615,59763,-59148,92959,0.5
1900-01-23 01:16:30,8012.5,464371,8013.0,877793,8141,16331,-8190,-413422,0.5
1900-01-23 01:16:45,8012.5,488574,8013.0,912740,1000,81867,-80867,-424166,0.5
1900-01-23 01:17:00,8012.5,251100,8013.0,1061039,60,34018,-33958,-809939,0.5
1900-01-23 01:17:15,8012.5,257082,8013.0,1099093,25022,14022,11000,-842011,0.5
1900-01-23 01:17:30,8007.5,39690,8008.0,549618,3,165678,-165675,-509928,0.5
1900-01-23 01:17:45,8004.5,8649,8005.0,260486,5334,367808,-362474,-251837,0.5
1900-01-23 01:18:00,8004.0,342362,8004.5,795477,2890,85259,-82369,-453115,0.5
1900-01-23 01:18:15,8004.0,1269780,8004.5,749935,24689,51874,-27185,519845,0.5
1900-01-23 01:18:30,8004.0,67831,8004.5,1061740,9021,5465,3556,-993909,0.5
1900-01-23 01:18:45,8004.5,283807,8005.0,685229,38393,14716,23677,-401422,0.5
1900-01-23 01:19:00,8004.0,112736,8004.5,529682,14000,13764,236,-416946,0.5
1900-01-23 01:19:15,8000.0,162456,8003.0,1185869,6201,25972,-19771,-1023413,3.0
1900-01-23 01:19:30,7999.5,720392,8000.0,419155,40100,77214,-37114,301237,0.5
1900-01-23 01:19:45,7999.5,1886212,8000.0,513986,2110,1046,1064,1372226,0.5
1900-01-23 01:20:00,7999.5,1993372,8000.0,723623,34063,372,33691,1269749,0.5
1900-01-23 01:20:15,7999.5,2079312,8000.0,671474,10030,11000,-970,1407838,0.5
1900-01-23 01:20:30,7999.5,2059440,8000.0,751748,14020,28510,-14490,1307692,0.5
1900-01-23 01:20:45,7999.5,1987851,8000.0,781851,15258,1020,14238,1206000,0.5
1900-01-23 01:21:00,7999.5,2070673,8000.0,728038,19534,4000,15534,1342635,0.5
1900-01-23 01:21:15,7999.5,2038208,8000.0,707270,30070,41460,-11390,1330938,0.5
1900-01-23 01:21:30,7999.5,702120,8000.0,834169,12287,8600,3687,-132049,0.5
1900-01-23 01:21:45,7999.5,725120,8000.0,822587,39700,36669,3031,-97467,0.5
1900-01-23 01:22:00,7999.5,716013,8000.0,901983,100,17100,-17000,-185970,0.5
1900-01-23 01:22:15,7999.5,783527,8000.0,822731,9050,28744,-19694,-39204,0.5
1900-01-23 01:22:30,7999.5,191057,8000.0,1398240,9050,7932,1118,-1207183,0.5
1900-01-23 01:22:45,7984.5,1131526,7985.0,692956,27567,1107114,-1079547,438570,0.5
1900-01-23 01:23:00,7984.5,1340235,7985.0,471142,72880,343746,-270866,869093,0.5
1900-01-23 01:23:15,7986.5,598351,7987.0,69396,178737,5406,173331,528955,0.5
1900-01-23 01:23:30,7986.5,316883,7987.0,619162,3652,727,2925,-302279,0.5
1900-01-23 01:23:45,7983.5,9128,7984.0,1821333,23707,58565,-34858,-1812205,0.5
1900-01-23 01:24:00,7980.0,88107,7980.5,1117201,19399,602144,-582745,-1029094,0.5
1900-01-23 01:24:15,7976.0,491287,7976.5,12000,32571,309973,-277402,479287,0.5
1900-01-23 01:24:30,7979.0,66829,7979.5,83219,236748,77573,159175,-16390,0.5
1900-01-23 01:24:45,7979.0,949513,7979.5,190496,88759,6650,82109,759017,0.5
1900-01-23 01:25:00,7982.5,522120,7983.0,475429,26372,48111,-21739,46691,0.5
1900-01-23 01:25:15,7982.5,1064993,7983.0,717330,85453,5886,79567,347663,0.5
1900-01-23 01:25:30,7980.5,1041389,7981.0,183558,172820,223153,-50333,857831,0.5
1900-01-23 01:25:45,7983.5,1000112,7984.0,915202,462432,12352,450080,84910,0.5
1900-01-23 01:26:00,7983.5,2419668,7984.0,490579,357031,16204,340827,1929089,0.5
1900-01-23 01:26:15,7983.5,1849078,7984.0,359615,168349,5000,163349,1489463,0.5
1900-01-23 01:26:30,7984.0,1436958,7984.5,1397693,89550,10149,79401,39265,0.5
1900-01-23 01:26:45,7984.0,1529789,7984.5,1301871,102039,101,101938,227918,0.5
1900-01-23 01:27:00,7984.0,2646711,7984.5,722323,576771,1150,575621,1924388,0.5
1900-01-23 01:27:15,7984.0,2662570,7984.5,550231,167078,56,167022,2112339,0.5
1900-01-23 01:27:30,7990.0,1602800,7990.5,102038,41319,3100,38219,1500762,0.5
1900-01-23 01:27:45,7996.5,398866,7997.0,666310,153015,28955,124060,-267444,0.5
1900-01-23 01:28:00,7996.5,689141,7997.0,627570,106591,2396,104195,61571,0.5
1900-01-23 01:28:15,7996.5,1524323,7997.0,30738,88289,6780,81509,1493585,0.5
1900-01-23 01:28:30,7996.5,377623,7997.0,454694,74639,55564,19075,-77071,0.5
1900-01-23 01:28:45,7995.0,8470,7995.5,1019916,502,74164,-73662,-1011446,0.5
1900-01-23 01:29:00,7990.0,1501227,7990.5,180674,2888,49307,-46419,1320553,0.5
1900-01-23 01:29:15,7990.0,2471529,7990.5,30759,85655,205,85450,2440770,0.5
1900-01-23 01:29:30,7990.0,2213091,7990.5,43178,32912,212900,-179988,2169913,0.5
1900-01-23 01:29:45,7990.0,1754691,7990.5,87026,48722,16290,32432,1667665,0.5
1900-01-23 01:30:00,7990.0,232716,7990.5,650468,11983,20370,-8387,-417752,0.5
1900-01-23 01:30:15,7989.5,971715,7990.0,519723,17803,25886,-8083,451992,0.5
1900-01-23 01:30:30,7989.5,2446326,7990.0,10986,17657,21443,-3786,2435340,0.5
1900-01-23 01:30:45,7989.5,1276483,7990.0,649988,18544,771,17773,626495,0.5
1900-01-23 01:31:00,7989.5,1040405,7990.0,97648,10560,28542,-17982,942757,0.5
1900-01-23 01:31:15,7989.5,2105365,7990.0,51550,20633,28542,-7909,2053815,0.5
1900-01-23 01:31:30,7990.0,1656711,7990.5,28126,23029,28542,-5513,1628585,0.5
1900-01-23 01:31:45,7993.5,1203330,7994.0,16063,47600,3625,43975,1187267,0.5
1900-01-23 01:32:00,7995.5,1280671,7996.0,33883,12401,3625,8776,1246788,0.5
1900-01-23 01:32:15,7995.5,1246637,7996.0,40794,5086,203,4883,1205843,0.5
1900-01-23 01:32:30,7995.5,1508310,7996.0,40110,42075,100,41975,1468200,0.5
1900-01-23 01:32:45,7995.5,173576,7996.0,705064,3890,7000,-3110,-531488,0.5
1900-01-23 01:33:00,7995.5,1344824,7996.0,71977,12632,90169,-77537,1272847,0.5
1900-01-23 01:33:15,7996.0,1021939,7996.5,3208,10164,7651,2513,1018731,0.5
1900-01-23 01:33:30,7998.0,1441337,7998.5,66189,10553,751,9802,1375148,0.5
1900-01-23 01:33:45,7998.5,518194,7999.0,203210,39496,1001,38495,314984,0.5
1900-01-23 01:34:00,7998.5,1037002,7999.0,141655,104877,6,104871,895347,0.5
1900-01-23 01:34:15,7998.5,820713,7999.0,56673,19898,15762,4136,764040,0.5
1900-01-23 01:34:30,7999.0,125213,7999.5,743141,93927,519,93408,-617928,0.5
1900-01-23 01:34:45,7999.0,2272329,7999.5,18996,5383,5847,-464,2253333,0.5
1900-01-23 01:35:00,7999.5,836645,8000.0,47018,25329,1513,23816,789627,0.5
1900-01-23 01:35:15,7999.5,429407,8000.0,720288,10408,3602,6806,-290881,0.5
1900-01-23 01:35:30,7999.5,144132,8000.0,1112571,23572,42776,-19204,-968439,0.5
1900-01-23 01:35:45,8000.0,944462,8000.5,33468,11274,10925,349,910994,0.5
1900-01-23 01:36:00,8000.0,1326856,8000.5,85619,23918,1865,22053,1241237,0.5
1900-01-23 01:36:15,8002.0,329590,8002.5,637544,111077,3070,108007,-307954,0.5
1900-01-23 01:36:30,8002.0,229153,8002.5,863713,24890,1193,23697,-634560,0.5
1900-01-23 01:36:45,8002.0,207652,8002.5,1003691,7888,16400,-8512,-796039,0.5
1900-01-23 01:37:00,8002.0,150220,8002.5,928443,27819,23005,4814,-778223,0.5
1900-01-23 01:37:15,8002.0,396530,8002.5,905447,2000,3812,-1812,-508917,0.5
1900-01-23 01:37:30,8002.0,216926,8002.5,974928,10060,104,9956,-758002,0.5
1900-01-23 01:37:45,8002.0,392713,8002.5,762158,10060,3945,6115,-369445,0.5
1900-01-23 01:38:00,8002.0,1487215,8002.5,69613,151586,600,150986,1417602,0.5
1900-01-23 01:38:15,8002.0,1384030,8002.5,228281,17914,1490,16424,1155749,0.5
1900-01-23 01:38:30,8002.0,1797972,8002.5,36195,3575,1,3574,1761777,0.5
1900-01-23 01:38:45,8002.0,55430,8002.5,665689,1,2608,-2607,-610259,0.5
1900-01-23 01:39:00,8002.0,268,8002.5,1140506,60,22316,-22256,-1140238,0.5
1900-01-23 01:39:15,7998.5,99479,7999.0,694042,1,42547,-42546,-594563,0.5
1900-01-23 01:39:30,7998.5,162452,7999.0,1029540,16200,6762,9438,-867088,0.5
1900-01-23 01:39:45,7998.5,17663,7999.0,1432152,779,69896,-69117,-1414489,0.5
1900-01-23 01:40:00,7990.5,1015905,7991.0,336568,2798,28709,-25911,679337,0.5
1900-01-23 01:40:15,7990.5,931535,7991.0,367349,4312,3258,1054,564186,0.5
1900-01-23 01:40:30,7990.5,119004,7991.0,695689,12874,29761,-16887,-576685,0.5
1900-01-23 01:40:45,7990.5,43364,7991.0,900137,4,20423,-20419,-856773,0.5
1900-01-23 01:41:00,7984.5,654671,7985.0,12608,19584,154206,-134622,642063,0.5
1900-01-23 01:41:15,7986.0,1147982,7986.5,384270,8808,3240,5568,763712,0.5
1900-01-23 01:41:30,7986.0,1152074,7986.5,214172,16727,22510,-5783,937902,0.5
1900-01-23 01:41:45,7986.0,1162937,7986.5,510690,497,100,397,652247,0.5
1900-01-23 01:42:00,7982.0,684465,7982.5,1259472,1152,126664,-125512,-575007,0.5
1900-01-23 01:42:15,7982.0,1509688,7982.5,54524,5188,134780,-129592,1455164,0.5
1900-01-23 01:42:30,7983.5,1317892,7984.0,36174,63318,10498,52820,1281718,0.5
1900-01-23 01:42:45,7985.0,1444726,7985.5,28841,4400,10498,-6098,1415885,0.5
1900-01-23 01:43:00,7985.5,59142,7986.0,442498,3091,53017,-49926,-383356,0.5
1900-01-23 01:43:15,7985.0,200121,7985.5,1320150,13921,152455,-138534,-1120029,0.5
1900-01-23 01:43:30,7985.0,44958,7985.5,1427126,100,129546,-129446,-1382168,0.5
1900-01-23 01:43:45,7985.0,301713,7985.5,931944,2001,31738,-29737,-630231,0.5
1900-01-23 01:44:00,7985.0,860711,7985.5,642892,5331,9113,-3782,217819,0.5
1900-01-23 01:44:15,7985.0,384049,7985.5,753728,158,23,135,-369679,0.5
1900-01-23 01:44:30,7985.0,1113530,7985.5,398365,158,7961,-7803,715165,0.5
1900-01-23 01:44:45,7986.0,1462970,7986.5,36027,40049,7327,32722,1426943,0.5
1900-01-23 01:45:00,7986.0,923817,7986.5,28017,25927,10100,15827,895800,0.5
1900-01-23 01:45:15,7986.0,1349445,7986.5,8504,26153,705,25448,1340941,0.5
1900-01-23 01:45:30,7990.5,1208037,7991.0,1092,25102,4000,21102,1206945,0.5
1900-01-23 01:45:45,7991.5,981494,7992.0,483223,119069,643,118426,498271,0.5
1900-01-23 01:46:00,7991.5,474579,7992.0,853065,5605,23970,-18365,-378486,0.5
1900-01-23 01:46:15,7991.5,651998,7992.0,493405,11062,6500,4562,158593,0.5
1900-01-23 01:46:30,7991.5,205692,7992.0,733534,5304,205387,-200083,-527842,0.5
1900-01-23 01:46:45,7990.0,32158,7990.5,585036,2251,48031,-45780,-552878,0.5
1900-01-23 01:47:00,7989.0,7900,7989.5,520782,22836,2164,20672,-512882,0.5
1900-01-23 01:47:15,7990.0,385178,7990.5,499358,68617,3969,64648,-114180,0.5
1900-01-23 01:47:30,7990.0,529600,7990.5,751499,13641,980,12661,-221899,0.5
1900-01-23 01:47:45,7990.0,62319,7990.5,1208408,13641,156646,-143005,-1146089,0.5
1900-01-23 01:48:00,7987.5,2794,7988.0,675595,218,37410,-37192,-672801,0.5
1900-01-23 01:48:15,7986.5,1135,7987.0,902514,10,53067,-53057,-901379,0.5
1900-01-23 01:48:30,7986.0,23001,7986.5,1074848,200,21464,-21264,-1051847,0.5
1900-01-23 01:48:45,7985.0,886863,7985.5,270779,1000,19098,-18098,616084,0.5
1900-01-23 01:49:00,7985.0,1220961,7985.5,417070,3355,2546,809,803891,0.5
1900-01-23 01:49:15,7985.0,1436019,7985.5,243529,5802,2546,3256,1192490,0.5
1900-01-23 01:49:30,7988.5,1495886,7989.0,7749,29451,2235,27216,1488137,0.5
1900-01-23 01:49:45,7990.0,1197275,7990.5,90190,33447,2235,31212,1107085,0.5
1900-01-23 01:50:00,7990.0,1585267,7990.5,31676,59297,8001,51296,1553591,0.5
1900-01-23 01:50:15,7990.5,990212,7991.0,36835,6301,2000,4301,953377,0.5
1900-01-23 01:50:30,7987.5,424643,7988.0,168486,2398,155540,-153142,256157,0.5
1900-01-23 01:50:45,7987.5,136119,7988.0,1531087,9175,317520,-308345,-1394968,0.5
1900-01-23 01:51:00,7982.5,376712,7983.0,627251,2212,178147,-175935,-250539,0.5
1900-01-23 01:51:15,7982.5,421684,7983.0,759787,300,16772,-16472,-338103,0.5
1900-01-23 01:51:30,7975.5,403315,7976.0,1109306,4090,416746,-412656,-705991,0.5
1900-01-23 01:51:45,7975.5,1032198,7976.0,144057,16241,82004,-65763,888141,0.5
1900-01-23 01:52:00,7975.5,730574,7976.0,876458,8643,3,8640,-145884,0.5
1900-01-23 01:52:15,7975.5,57968,7976.0,1451396,11650,104362,-92712,-1393428,0.5
1900-01-23 01:52:30,7972.5,264077,7973.0,857894,1350,129524,-128174,-593817,0.5
1900-01-23 01:52:45,7971.0,436655,7971.5,848766,17039,87042,-70003,-412111,0.5
1900-01-23 01:53:00,7975.5,1106798,7976.0,461,97408,22210,75198,1106337,0.5
1900-01-23 01:53:15,7976.0,112205,7976.5,1800938,21705,66711,-45006,-1688733,0.5
1900-01-23 01:53:30,7975.0,14649,7975.5,1435925,1710,32535,-30825,-1421276,0.5
1900-01-23 01:53:45,7972.5,992009,7973.0,74921,6602,10274,-3672,917088,0.5
1900-01-23 01:54:00,7972.5,954602,7973.0,22459,6666,92001,-85335,932143,0.5
1900-01-23 01:54:15,7972.5,579398,7973.0,540090,3505,124773,-121268,39308,0.5
1900-01-23 01:54:30,7972.0,166758,7972.5,1583857,1667,44012,-42345,-1417099,0.5
1900-01-23 01:54:45,7972.0,736364,7972.5,1015663,450,37150,-36700,-279299,0.5
1900-01-23 01:55:00,7972.0,599787,7972.5,850192,55864,37617,18247,-250405,0.5
1900-01-23 01:55:15,7969.5,99868,7970.0,1042432,33496,112290,-78794,-942564,0.5
1900-01-23 01:55:30,7961.0,105792,7961.5,263232,21348,361979,-340631,-157440,0.5
1900-01-23 01:55:45,7971.0,49494,7971.5,1750981,121887,101141,20746,-1701487,0.5
1900-01-23 01:56:00,7963.5,420828,7964.0,35178,18619,96340,-77721,385650,0.5
1900-01-23 01:56:15,7964.5,80297,7965.0,706477,241683,33795,207888,-626180,0.5
1900-01-23 01:56:30,7964.5,98284,7965.0,985011,14420,31515,-17095,-886727,0.5
1900-01-23 01:56:45,7961.5,5701,7962.0,910005,2844,32797,-29953,-904304,0.5
1900-01-23 01:57:00,7942.5,84706,7945.0,37264,15885,1069624,-1053739,47442,2.5
1900-01-23 01:57:15,7956.0,364508,7956.5,389473,185024,311616,-126592,-24965,0.5
1900-01-23 01:57:30,7955.0,1048215,7955.5,132036,45441,87466,-42025,916179,0.5
1900-01-23 01:57:45,7956.0,246745,7956.5,635726,232839,63944,168895,-388981,0.5
1900-01-23 01:58:00,7952.0,845993,7952.5,555138,180885,97783,83102,290855,0.5
1900-01-23 01:58:15,7952.5,259434,7953.0,1045755,229306,28149,201157,-786321,0.5
1900-01-23 01:58:30,7954.5,937320,7955.0,235315,421322,8175,413147,702005,0.5
1900-01-23 01:58:45,7958.5,43337,7959.0,1515478,100221,24391,75830,-1472141,0.5
1900-01-23 01:59:00,7956.5,1363596,7957.0,137035,155800,43011,112789,1226561,0.5
1900-01-23 01:59:15,7959.5,1687821,7960.0,277218,286712,7680,279032,1410603,0.5
1900-01-23 01:59:30,7957.5,253,7958.0,409281,375390,66785,308605,-409028,0.5
1900-01-23 01:59:45,7956.0,653901,7956.5,1564673,15440,134584,-119144,-910772,0.5
1900-01-23 02:00:00,7948.0,1607,7948.5,203388,11154,79073,-67919,-201781,0.5
1900-01-23 02:00:15,7947.5,346677,7948.0,918285,111610,141778,-30168,-571608,0.5
1900-01-23 02:00:30,7947.5,123035,7948.0,1377021,29864,158831,-128967,-1253986,0.5
1900-01-23 02:00:45,7945.5,86980,7946.0,1299588,19831,175594,-155763,-1212608,0.5
1900-01-23 02:01:00,7954.0,134352,7954.5,1436771,219384,105671,113713,-1302419,0.5
1900-01-23 02:01:15,7950.5,65604,7951.0,426382,149019,93965,55054,-360778,0.5
1900-01-23 02:01:30,7952.0,607528,7952.5,435224,55363,14266,41097,172304,0.5
1900-01-23 02:01:45,7955.5,663273,7956.0,11965,265489,22855,242634,651308,0.5
1900-01-23 02:02:00,7959.0,558377,7959.5,82763,300039,17680,282359,475614,0.5
1900-01-23 02:02:15,7962.0,865679,7962.5,98653,311958,1997,309961,767026,0.5
1900-01-23 02:02:30,7963.5,1356904,7964.0,40177,173970,27379,146591,1316727,0.5
1900-01-23 02:02:45,7964.5,1064300,7965.0,181895,272848,9288,263560,882405,0.5
1900-01-23 02:03:00,7964.5,185408,7965.0,1233712,101355,40945,60410,-1048304,0.5
1900-01-23 02:03:15,7964.0,69864,7964.5,1025146,49731,96002,-46271,-955282,0.5
1900-01-23 02:03:30,7965.5,941620,7966.0,693845,643583,2600,640983,247775,0.5
1900-01-23 02:03:45,7965.5,726511,7966.0,1773509,172399,15446,156953,-1046998,0.5
1900-01-23 02:04:00,7965.5,1339726,7966.0,1443345,201910,9054,192856,-103619,0.5
1900-01-23 02:04:15,7965.5,1262838,7966.0,1378731,114955,232,114723,-115893,0.5
1900-01-23 02:04:30,7965.5,388482,7966.0,1678120,156598,29605,126993,-1289638,0.5
1900-01-23 02:04:45,7965.5,375698,7966.0,2414714,125263,2566,122697,-2039016,0.5
1900-01-23 02:05:00,7965.5,82390,7966.0,2820946,89536,129974,-40438,-2738556,0.5
1900-01-23 02:05:15,7963.0,2303,7963.5,1369623,3604,38556,-34952,-1367320,0.5
1900-01-23 02:05:30,7958.0,587332,7958.5,483418,2000,37851,-35851,103914,0.5
1900-01-23 02:05:45,7959.0,567369,7959.5,462185,86913,59999,26914,105184,0.5
1900-01-23 02:06:00,7959.5,846615,7960.0,501088,168024,5000,163024,345527,0.5
1900-01-23 02:06:15,7958.0,196022,7958.5,917255,14673,168363,-153690,-721233,0.5
1900-01-23 02:06:30,7958.0,660065,7958.5,754656,70700,12813,57887,-94591,0.5
1900-01-23 02:06:45,7958.0,39130,7958.5,1470951,2513,82856,-80343,-1431821,0.5
1900-01-23 02:07:00,7958.0,56937,7958.5,1384325,44658,8602,36056,-1327388,0.5
1900-01-23 02:07:15,7955.0,58027,7955.5,2007972,30136,12208,17928,-1949945,0.5
1900-01-23 02:07:30,7950.5,271754,7951.0,10000,60660,15391,45269,261754,0.5
1900-01-23 02:07:45,7949.0,12500,7949.5,322759,90356,18423,71933,-310259,0.5
1900-01-23 02:08:00,7949.0,521471,7949.5,657096,142849,203996,-61147,-135625,0.5
1900-01-23 02:08:15,7949.0,528364,7949.5,264908,11343,90000,-78657,263456,0.5
1900-01-23 02:08:30,7949.0,648794,7949.5,346358,78130,24966,53164,302436,0.5
1900-01-23 02:08:45,7949.0,382475,7949.5,829393,29844,14433,15411,-446918,0.5
1900-01-23 02:09:00,7945.5,132490,7946.0,692170,6840,128894,-122054,-559680,0.5
1900-01-23 02:09:15,7942.0,62446,7943.5,1157608,11788,160409,-148621,-1095162,1.5
1900-01-23 02:09:30,7938.5,899704,7939.0,49,71262,176368,-105106,899655,0.5
1900-01-23 02:09:45,7942.0,162361,7942.5,998048,66784,77005,-10221,-835687,0.5
1900-01-23 02:10:00,7937.5,57492,7938.0,133400,31332,77041,-45709,-75908,0.5
1900-01-23 02:10:15,7938.5,612991,7939.0,171498,189764,352058,-162294,441493,0.5
1900-01-23 02:10:30,7941.0,712559,7941.5,269005,97689,35443,62246,443554,0.5
1900-01-23 02:10:45,7935.0,653917,7935.5,863822,22908,167405,-144497,-209905,0.5
1900-01-23 02:11:00,7937.0,369456,7937.5,86618,69557,38368,31189,282838,0.5
1900-01-23 02:11:15,7938.5,334522,7939.0,108805,24437,33468,-9031,225717,0.5
1900-01-23 02:11:30,7942.5,608680,7943.0,821100,246665,230002,16663,-212420,0.5
1900-01-23 02:11:45,7945.0,506175,7945.5,427754,63394,1426,61968,78421,0.5
1900-01-23 02:12:00,7942.0,10250,7942.5,893227,122864,131397,-8533,-882977,0.5
1900-01-23 02:12:15,7941.0,251567,7941.5,635854,11461,42689,-31228,-384287,0.5
1900-01-23 02:12:30,7936.5,807139,7937.0,328195,233228,103919,129309,478944,0.5
1900-01-23 02:12:45,7920.0,1101999,7920.5,4000,20164,1216949,-1196785,1097999,0.5
1900-01-23 02:13:00,7936.0,23387,7937.5,4778,334909,788090,-453181,18609,1.5
1900-01-23 02:13:15,7927.0,47890,7927.5,132149,165153,106157,58996,-84259,0.5
1900-01-23 02:13:30,7929.0,236237,7930.0,97147,109163,246651,-137488,139090,1.0
1900-01-23 02:13:45,7925.5,416371,7926.0,433560,257120,29466,227654,-17189,0.5
1900-01-23 02:14:00,7932.0,47977,7932.5,1268212,122288,61319,60969,-1220235,0.5
1900-01-23 02:14:15,7932.0,773331,7932.5,74430,159178,203637,-44459,698901,0.5
1900-01-23 02:14:30,7934.5,555986,7935.0,510352,98293,26606,71687,45634,0.5
1900-01-23 02:14:45,7934.5,1044,7935.0,519654,69342,53374,15968,-518610,0.5
1900-01-23 02:15:00,7931.5,315074,7932.0,456037,28546,79232,-50686,-140963,0.5
1900-01-23 02:15:15,7934.0,1072641,7934.5,32946,83573,63639,19934,1039695,0.5
1900-01-23 02:15:30,7949.0,199514,7949.5,442118,323590,38889,284701,-242604,0.5
1900-01-23 02:15:45,7945.0,22139,7945.5,538019,80192,107194,-27002,-515880,0.5
1900-01-23 02:16:00,7946.0,308639,7946.5,70154,50305,24989,25316,238485,0.5
1900-01-23 02:16:15,7953.0,481658,7953.5,440456,1103954,17555,1086399,41202,0.5
1900-01-23 02:16:30,7954.5,22787,7955.0,1032572,248566,133793,114773,-1009785,0.5
1900-01-23 02:16:45,7953.5,855999,7954.0,136369,102110,254278,-152168,719630,0.5
1900-01-23 02:17:00,7951.5,184369,7952.0,727282,60022,189880,-129858,-542913,0.5
1900-01-23 02:17:15,7950.0,183284,7950.5,735929,37916,108994,-71078,-552645,0.5
1900-01-23 02:17:30,7955.5,98094,7956.0,991986,96906,43278,53628,-893892,0.5
1900-01-23 02:17:45,7955.0,1484,7955.5,573839,27381,55780,-28399,-572355,0.5
1900-01-23 02:18:00,7949.0,259,7949.5,1189583,2827,141794,-138967,-1189324,0.5
1900-01-23 02:18:15,7946.5,61775,7947.0,986180,1423,55195,-53772,-924405,0.5
1900-01-23 02:18:30,7946.0,68970,7946.5,1431596,4401,208111,-203710,-1362626,0.5
1900-01-23 02:18:45,7945.0,31837,7945.5,1307787,62,22045,-21983,-1275950,0.5
1900-01-23 02:19:00,7941.0,63774,7941.5,1212314,85047,102761,-17714,-1148540,0.5
1900-01-23 02:19:15,7946.0,478754,7946.5,38406,27890,92214,-64324,440348,0.5
1900-01-23 02:19:30,7946.0,238503,7946.5,683059,61381,9488,51893,-444556,0.5
1900-01-23 02:19:45,7946.0,294852,7946.5,701496,115,22724,-22609,-406644,0.5
1900-01-23 02:20:00,7946.0,264590,7946.5,732363,5002,9147,-4145,-467773,0.5
1900-01-23 02:20:15,7946.0,721079,7946.5,748198,5012,15583,-10571,-27119,0.5
1900-01-23 02:20:30,7946.0,1115132,7946.5,296939,88441,25950,62491,818193,0.5
1900-01-23 02:20:45,7949.5,1160469,7950.0,582723,367316,257,367059,577746,0.5
1900-01-23 02:21:00,7952.0,1419147,7952.5,93656,123456,6612,116844,1325491,0.5
1900-01-23 02:21:15,7954.0,368255,7954.5,30048,92129,6612,85517,338207,0.5
1900-01-23 02:21:30,7954.0,63264,7954.5,957312,65267,16692,48575,-894048,0.5
1900-01-23 02:21:45,7954.0,107007,7954.5,658918,21000,57900,-36900,-551911,0.5
1900-01-23 02:22:00,7956.5,285016,7957.0,539252,94651,6101,88550,-254236,0.5
1900-01-23 02:22:15,7956.5,265165,7957.0,614377,50021,26576,23445,-349212,0.5
1900-01-23 02:22:30,7961.0,315291,7961.5,135500,63647,819,62828,179791,0.5
1900-01-23 02:22:45,7959.5,17016,7960.0,529765,255266,87390,167876,-512749,0.5
1900-01-23 02:23:00,7959.0,486573,7959.5,89830,36962,49644,-12682,396743,0.5
1900-01-23 02:23:15,7959.5,201934,7960.0,766102,58828,11334,47494,-564168,0.5
1900-01-23 02:23:30,7957.5,10929,7958.0,926059,21950,76786,-54836,-915130,0.5
1900-01-23 02:23:45,7957.0,1200,7957.5,975114,1304,29602,-28298,-973914,0.5
1900-01-23 02:24:00,7956.5,819504,7957.0,265907,14403,74622,-60219,553597,0.5
1900-01-23 02:24:15,7956.5,632686,7957.0,163749,76340,1234,75106,468937,0.5
1900-01-23 02:24:30,7956.5,769237,7957.0,44493,37979,1351,36628,724744,0.5
1900-01-23 02:24:45,7959.0,1265530,7959.5,31366,17758,6793,10965,1234164,0.5
1900-01-23 02:25:00,7959.5,1362432,7960.0,18208,157677,6710,150967,1344224,0.5
1900-01-23 02:25:15,7960.0,872707,7960.5,29662,52189,4740,47449,843045,0.5
1900-01-23 02:25:30,7961.0,122638,7961.5,833146,61760,30798,30962,-710508,0.5
1900-01-23 02:25:45,7961.0,198940,7961.5,904993,4001,11750,-7749,-706053,0.5
1900-01-23 02:26:00,7961.0,139163,7961.5,917536,225,41919,-41694,-778373,0.5
1900-01-23 02:26:15,7961.0,259258,7961.5,851757,17403,20863,-3460,-592499,0.5
1900-01-23 02:26:30,7960.5,19284,7961.0,1047125,8821,75540,-66719,-1027841,0.5
1900-01-23 02:26:45,7959.5,9463,7960.0,1014420,1600,28155,-26555,-1004957,0.5
1900-01-23 02:27:00,7955.0,3246,7955.5,311121,246,63993,-63747,-307875,0.5
1900-01-23 02:27:15,7955.0,316411,7955.5,587044,64126,3607,60519,-270633,0.5
1900-01-23 02:27:30,7955.0,374269,7955.5,707046,2005,25836,-23831,-332777,0.5
1900-01-23 02:27:45,7955.0,1015305,7955.5,26121,8908,10901,-1993,989184,0.5
1900-01-23 02:28:00,7957.0,1026569,7957.5,87700,23591,210,23381,938869,0.5
1900-01-23 02:28:15,7961.0,717185,7961.5,162462,19118,3000,16118,554723,0.5
1900-01-23 02:28:30,7958.5,6472,7959.0,464640,10565,76384,-65819,-458168,0.5
1900-01-23 02:28:45,7960.5,954201,7961.0,22050,19783,31721,-11938,932151,0.5
1900-01-23 02:29:00,7961.0,1041506,7961.5,49847,26895,31721,-4826,991659,0.5
1900-01-23 02:29:15,7962.5,691896,7963.0,8966,33707,7900,25807,682930,0.5
1900-01-23 02:29:30,7966.0,898808,7966.5,15100,127530,1166,126364,883708,0.5
1900-01-23 02:29:45,7969.0,87973,7969.5,532988,223754,95970,127784,-445015,0.5
1900-01-23 02:30:00,7965.0,586348,7965.5,525562,43822,29641,14181,60786,0.5
1900-01-23 02:30:15,7964.5,352944,7965.0,1122771,51460,30841,20619,-769827,0.5
1900-01-23 02:30:30,7964.5,740826,7965.0,604411,8018,4880,3138,136415,0.5
1900-01-23 02:30:45,7964.5,1355704,7965.0,284954,78945,4002,74943,1070750,0.5
1900-01-23 02:31:00,7964.5,1446764,7965.0,224850,52322,30,52292,1221914,0.5
1900-01-23 02:31:15,7967.0,909906,7967.5,431,162136,10000,152136,909475,0.5
1900-01-23 02:31:30,7969.0,923988,7969.5,70053,51405,8011,43394,853935,0.5
1900-01-23 02:31:45,7979.0,68995,7979.5,130329,98702,3220,95482,-61334,0.5
1900-01-23 02:32:00,7979.5,455299,7980.0,734534,180863,11952,168911,-279235,0.5
1900-01-23 02:32:15,7979.5,618912,7980.0,671020,93783,32683,61100,-52108,0.5
1900-01-23 02:32:30,7979.5,554021,7980.0,578122,68299,28183,40116,-24101,0.5
1900-01-23 02:32:45,7984.0,446401,7984.5,831667,619528,25270,594258,-385266,0.5
1900-01-23 02:33:00,7982.0,285,7982.5,259906,19054,283179,-264125,-259621,0.5
1900-01-23 02:33:15,7982.0,294902,7982.5,598321,620,117361,-116741,-303419,0.5
1900-01-23 02:33:30,7980.5,49590,7981.0,844116,620,67956,-67336,-794526,0.5
1900-01-23 02:33:45,7978.5,216997,7979.0,711711,6416,44112,-37696,-494714,0.5
1900-01-23 02:34:00,7978.5,35365,7979.0,938540,6454,16253,-9799,-903175,0.5
1900-01-23 02:34:15,7974.0,216271,7974.5,807831,50,107071,-107021,-591560,0.5
1900-01-23 02:34:30,7974.0,1129694,7974.5,228744,68267,30106,38161,900950,0.5
1900-01-23 02:34:45,7974.0,1105425,7974.5,159106,20420,5459,14961,946319,0.5
1900-01-23 02:35:00,7974.0,947506,7974.5,363921,16002,10860,5142,583585,0.5
1900-01-23 02:35:15,7972.5,20562,7973.0,923314,5392,72678,-67286,-902752,0.5
1900-01-23 02:35:30,7972.0,2495012,7972.5,325027,6010,49634,-43624,2169985,0.5
1900-01-23 02:35:45,7972.0,1889223,7972.5,294009,5148,2095,3053,1595214,0.5
1900-01-23 02:36:00,7972.0,1446075,7972.5,852588,7121,27213,-20092,593487,0.5
1900-01-23 02:36:15,7972.0,1489150,7972.5,887152,7121,4692,2429,601998,0.5
1900-01-23 02:36:30,7972.0,1453796,7972.5,842911,7121,56004,-48883,610885,0.5
1900-01-23 02:36:45,7972.0,1400708,7972.5,807680,101,35110,-35009,593028,0.5
1900-01-23 02:37:00,7972.0,1181648,7972.5,1038721,1,192859,-192858,142927,0.5
1900-01-23 02:37:15,7972.0,1066018,7972.5,1254115,1,32082,-32081,-188097,0.5
1900-01-23 02:37:30,7965.0,961613,7965.5,473373,8015,1260012,-1251997,488240,0.5
1900-01-23 02:37:45,7965.0,1395377,7965.5,114893,23632,122792,-99160,1280484,0.5
1900-01-23 02:38:00,7966.0,1460276,7966.5,74334,31226,14528,16698,1385942,0.5
1900-01-23 02:38:15,7966.0,1314100,7966.5,54841,23575,5900,17675,1259259,0.5
1900-01-23 02:38:30,7969.0,1275216,7969.5,78824,67586,88,67498,1196392,0.5
1900-01-23 02:38:45,7978.0,459834,7978.5,23794,95440,3,95437,436040,0.5
1900-01-23 02:39:00,7978.0,197181,7978.5,877293,17780,10026,7754,-680112,0.5
1900-01-23 02:39:15,7978.0,311942,7978.5,798718,85807,49749,36058,-486776,0.5
1900-01-23 02:39:30,7978.0,379351,7978.5,741215,869,47252,-46383,-361864,0.5
1900-01-23 02:39:45,7973.5,306169,7974.0,920444,30626,1025,29601,-614275,0.5
1900-01-23 02:40:00,7973.5,1594818,7974.0,47426,33704,16301,17403,1547392,0.5
1900-01-23 02:40:15,7975.5,1621452,7976.0,240,20201,17754,2447,1621212,0.5
1900-01-23 02:40:30,7976.5,1383974,7977.0,9582,27022,1000,26022,1374392,0.5
1900-01-23 02:40:45,7978.0,1309975,7978.5,19063,17257,5802,11455,1290912,0.5
1900-01-23 02:41:00,7978.5,1185790,7979.0,480,52863,2000,50863,1185310,0.5
1900-01-23 02:41:15,7979.0,1206854,7979.5,107640,28397,39672,-11275,1099214,0.5
1900-01-23 02:41:30,7979.0,674984,7979.5,502317,22698,22984,-286,172667,0.5
1900-01-23 02:41:45,7975.0,24168,7975.5,1066328,2000,58707,-56707,-1042160,0.5
1900-01-23 02:42:00,7970.5,115292,7971.0,1238816,3650,152527,-148877,-1123524,0.5
1900-01-23 02:42:15,7970.5,203433,7971.0,872229,1,70370,-70369,-668796,0.5
1900-01-23 02:42:30,7970.5,104138,7971.0,1199211,560,34497,-33937,-1095073,0.5
1900-01-23 02:42:45,7967.0,525379,7967.5,670987,10000,63419,-53419,-145608,0.5
1900-01-23 02:43:00,7967.0,453022,7967.5,661761,2550,5903,-3353,-208739,0.5
1900-01-23 02:43:15,7967.5,666179,7968.0,5892,50406,38792,11614,660287,0.5
1900-01-23 02:43:30,7967.5,1334432,7968.0,37916,23911,1000,22911,1296516,0.5
1900-01-23 02:43:45,7967.5,1138713,7968.0,342889,2019,5525,-3506,795824,0.5
1900-01-23 02:44:00,7967.5,1192711,7968.0,192548,4201,36045,-31844,1000163,0.5
1900-01-23 02:44:15,7967.5,80669,7968.0,973164,4031,78583,-74552,-892495,0.5
1900-01-23 02:44:30,7967.5,61171,7968.0,1292020,6086,4871,1215,-1230849,0.5
1900-01-23 02:44:45,7967.5,251778,7968.0,1135396,653,42751,-42098,-883618,0.5
1900-01-23 02:45:00,7965.0,216118,7965.5,1080288,40100,78564,-38464,-864170,0.5
1900-01-23 02:45:15,7965.0,256538,7965.5,990242,3000,23949,-20949,-733704,0.5
1900-01-23 02:45:30,7964.5,63928,7965.0,1181374,7039,31060,-24021,-1117446,0.5
1900-01-23 02:45:45,7964.0,56121,7964.5,1286599,18,32734,-32716,-1230478,0.5
1900-01-23 02:46:00,7962.0,14358,7962.5,1221510,12376,128071,-115695,-1207152,0.5
1900-01-23 02:46:15,7962.0,2274,7962.5,1257000,12376,49564,-37188,-1254726,0.5
1900-01-23 02:46:30,7960.0,1026734,7960.5,500715,857,24345,-23488,526019,0.5
1900-01-23 02:46:45,7960.0,939135,7960.5,557835,33759,80440,-46681,381300,0.5
1900-01-23 02:47:00,7960.0,417000,7960.5,1102670,93281,210,93071,-685670,0.5
1900-01-23 02:47:15,7952.0,452231,7952.5,748874,7760,207437,-199677,-296643,0.5
1900-01-23 02:47:30,7952.0,1087192,7952.5,600482,63019,53121,9898,486710,0.5
1900-01-23 02:47:45,7952.0,1374960,7952.5,509970,68319,15,68304,864990,0.5
1900-01-23 02:48:00,7953.5,537658,7954.0,36730,179143,710,178433,500928,0.5
1900-01-23 02:48:15,7955.5,1141598,7956.0,141370,120197,47915,72282,1000228,0.5
1900-01-23 02:48:30,7955.0,911441,7955.5,127001,21365,26934,-5569,784440,0.5
1900-01-23 02:48:45,7953.5,44769,7954.0,1816827,22109,2679,19430,-1772058,0.5
1900-01-23 02:49:00,7952.0,664129,7952.5,625234,22109,20633,1476,38895,0.5
1900-01-23 02:49:15,7952.0,619547,7952.5,577003,22109,5589,16520,42544,0.5
1900-01-23 02:49:30,7952.0,50730,7952.5,1863127,43801,43516,285,-1812397,0.5
1900-01-23 02:49:45,7950.0,127037,7950.5,1339223,100,109295,-109195,-1212186,0.5
1900-01-23 02:50:00,7950.0,471797,7950.5,975396,33,73500,-73467,-503599,0.5
1900-01-23 02:50:15,7950.0,1155535,7950.5,1135266,2033,15953,-13920,20269,0.5
1900-01-23 02:50:30,7950.0,768849,7950.5,1460928,7360,510,6850,-692079,0.5
1900-01-23 02:50:45,7950.0,1052343,7950.5,1012544,1110,32490,-31380,39799,0.5
1900-01-23 02:51:00,7950.0,1072125,7950.5,1311250,708,10671,-9963,-239125,0.5
1900-01-23 02:51:15,7950.0,1030355,7950.5,1388226,26029,40903,-14874,-357871,0.5
1900-01-23 02:51:30,7950.0,1216253,7950.5,1166133,77966,150,77816,50120,0.5
1900-01-23 02:51:45,7950.0,1338175,7950.5,1064833,55994,31731,24263,273342,0.5
1900-01-23 02:52:00,7957.0,603314,7957.5,329656,42803,2704,40099,273658,0.5
1900-01-23 02:52:15,7962.0,409423,7962.5,627704,326080,7732,318348,-218281,0.5
1900-01-23 02:52:30,7962.0,130682,7962.5,983194,3802,37212,-33410,-852512,0.5
1900-01-23 02:52:45,7962.0,291239,7962.5,1092279,53197,10276,42921,-801040,0.5
1900-01-23 02:53:00,7962.0,723738,7962.5,320029,10783,13421,-2638,403709,0.5
1900-01-23 02:53:15,7962.0,1063186,7962.5,20561,64416,1205,63211,1042625,0.5
1900-01-23 02:53:30,7965.5,431279,7966.0,1116131,208954,1205,207749,-684852,0.5
1900-01-23 02:53:45,7965.5,1253303,7966.0,719663,90898,6922,83976,533640,0.5
1900-01-23 02:54:00,7965.5,1348137,7966.0,755433,36200,1800,34400,592704,0.5
1900-01-23 02:54:15,7965.5,1367915,7966.0,745069,23966,22104,1862,622846,0.5
1900-01-23 02:54:30,7965.5,907145,7966.0,839432,21396,1180,20216,67713,0.5
1900-01-23 02:54:45,7964.5,33168,7965.0,957335,60,73103,-73043,-924167,0.5
1900-01-23 02:55:00,7964.5,1023275,7965.0,247956,1033,8245,-7212,775319,0.5
1900-01-23 02:55:15,7965.5,1354072,7966.0,79080,138571,8245,130326,1274992,0.5
1900-01-23 02:55:30,7967.0,1499631,7967.5,9104,95955,8245,87710,1490527,0.5
1900-01-23 02:55:45,7969.5,1452080,7970.0,23467,52156,5,52151,1428613,0.5
1900-01-23 02:56:00,7971.5,809921,7972.0,50073,43062,2005,41057,759848,0.5
1900-01-23 02:56:15,7971.5,83572,7972.0,925609,5177,39453,-34276,-842037,0.5
1900-01-23 02:56:30,7968.5,33267,7969.0,586288,1201,63643,-62442,-553021,0.5
1900-01-23 02:56:45,7972.5,405524,7973.0,24474,12490,16058,-3568,381050,0.5
1900-01-23 02:57:00,7972.5,509373,7973.0,358328,20609,1608,19001,151045,0.5
1900-01-23 02:57:15,7974.5,515222,7975.0,302546,351648,5581,346067,212676,0.5
1900-01-23 02:57:30,7973.5,256301,7974.0,516858,50040,58061,-8021,-260557,0.5
1900-01-23 02:57:45,7973.5,288836,7974.0,549634,5000,23021,-18021,-260798,0.5
1900-01-23 02:58:00,7973.5,827681,7974.0,242072,10,180,-170,585609,0.5
1900-01-23 02:58:15,7973.5,17057,7974.0,671552,11900,7773,4127,-654495,0.5
1900-01-23 02:58:30,7971.5,20501,7972.0,444359,11900,48464,-36564,-423858,0.5
1900-01-23 02:58:45,7971.5,15181,7972.0,905410,2460,7801,-5341,-890229,0.5
1900-01-23 02:59:00,7970.0,26878,7970.5,810386,400,56287,-55887,-783508,0.5
1900-01-23 02:59:15,7969.5,34306,7970.0,877257,2730,17631,-14901,-842951,0.5
1900-01-23 02:59:30,7968.5,16460,7969.0,761921,2100,28871,-26771,-745461,0.5
1900-01-23 02:59:45,7967.5,786360,7968.0,438126,9200,27403,-18203,348234,0.5
1900-01-23 03:00:00,7967.5,1179144,7968.0,92022,9052,11967,-2915,1087122,0.5
1900-01-23 03:00:15,7967.5,94,7968.0,489779,495,19267,-18772,-489685,0.5
1900-01-23 03:00:30,7967.0,657981,7967.5,519366,18350,15051,3299,138615,0.5
1900-01-23 03:00:45,7967.0,1080404,7967.5,146662,2556,12256,-9700,933742,0.5
1900-01-23 03:01:00,7967.0,1625826,7967.5,12018,32146,15101,17045,1613808,0.5
1900-01-23 03:01:15,7967.0,1115780,7967.5,55377,11362,15101,-3739,1060403,0.5
1900-01-23 03:01:30,7967.0,1019688,7967.5,390407,840,33000,-32160,629281,0.5
1900-01-23 03:01:45,7967.0,857107,7967.5,454970,17949,2002,15947,402137,0.5
1900-01-23 03:02:00,7967.0,853931,7967.5,434352,8600,3860,4740,419579,0.5
1900-01-23 03:02:15,7967.0,565315,7967.5,588860,212,73904,-73692,-23545,0.5
1900-01-23 03:02:30,7967.0,360733,7967.5,769951,10,102010,-102000,-409218,0.5
1900-01-23 03:02:45,7967.0,257173,7967.5,1016890,11500,98961,-87461,-759717,0.5
1900-01-23 03:03:00,7962.0,9653,7962.5,1147792,2420,184256,-181836,-1138139,0.5
1900-01-23 03:03:15,7962.0,550832,7962.5,1165462,6700,10274,-3574,-614630,0.5
1900-01-23 03:03:30,7962.0,1095318,7962.5,756694,5396,13816,-8420,338624,0.5
1900-01-23 03:03:45,7962.0,503388,7962.5,947182,1210,190,1020,-443794,0.5
1900-01-23 03:04:00,7958.5,23964,7959.0,728083,1,32479,-32478,-704119,0.5
1900-01-23 03:04:15,7958.5,38439,7959.0,982852,10395,30232,-19837,-944413,0.5
1900-01-23 03:04:30,7957.5,389349,7958.0,615778,603,17054,-16451,-226429,0.5
1900-01-23 03:04:45,7957.5,317592,7958.0,670879,10495,57299,-46804,-353287,0.5
1900-01-23 03:05:00,7956.0,70344,7956.5,1209394,2069,126729,-124660,-1139050,0.5
1900-01-23 03:05:15,7951.0,12078,7951.5,368390,2352,106332,-103980,-356312,0.5
1900-01-23 03:05:30,7949.5,806560,7950.0,312962,5412,137311,-131899,493598,0.5
1900-01-23 03:05:45,7949.5,256520,7950.0,833269,55735,148232,-92497,-576749,0.5
1900-01-23 03:06:00,7948.5,4944,7949.0,1228019,8256,35382,-27126,-1223075,0.5
1900-01-23 03:06:15,7946.5,286389,7947.0,773818,25404,76031,-50627,-487429,0.5
1900-01-23 03:06:30,7949.5,757830,7950.0,187118,269630,40169,229461,570712,0.5
1900-01-23 03:06:45,7951.5,207291,7952.0,1187077,39442,11060,28382,-979786,0.5
1900-01-23 03:07:00,7949.5,30323,7950.0,1742872,4231,90777,-86546,-1712549,0.5
1900-01-23 03:07:15,7946.5,625220,7947.0,510603,5500,10713,-5213,114617,0.5
1900-01-23 03:07:30,7946.5,692204,7947.0,518208,1745,92394,-90649,173996,0.5
1900-01-23 03:07:45,7946.5,45132,7947.0,942525,503,78471,-77968,-897393,0.5
1900-01-23 03:08:00,7946.5,588510,7947.0,503363,5300,53158,-47858,85147,0.5
1900-01-23 03:08:15,7953.5,907675,7954.0,22286,308499,8218,300281,885389,0.5
1900-01-23 03:08:30,7957.0,9884,7957.5,1410627,103352,4265,99087,-1400743,0.5
1900-01-23 03:08:45,7956.5,313753,7957.0,943144,325,26641,-26316,-629391,0.5
1900-01-23 03:09:00,7956.5,568409,7957.0,498826,54746,1683,53063,69583,0.5
1900-01-23 03:09:15,7956.5,884567,7957.0,170624,205322,16110,189212,713943,0.5
1900-01-23 03:09:30,7956.5,4464,7957.0,970773,95841,35511,60330,-966309,0.5
1900-01-23 03:09:45,7956.0,532453,7956.5,527751,1447,459,988,4702,0.5
1900-01-23 03:10:00,7956.0,565361,7956.5,603274,2901,2140,761,-37913,0.5
1900-01-23 03:10:15,7956.0,567459,7956.5,609095,100,4902,-4802,-41636,0.5
1900-01-23 03:10:30,7955.0,27091,7955.5,895142,1,105340,-105339,-868051,0.5
1900-01-23 03:10:45,7955.0,1000,7955.5,1265749,10,20963,-20953,-1264749,0.5
1900-01-23 03:11:00,7950.0,111670,7950.5,732536,67,19139,-19072,-620866,0.5
1900-01-23 03:11:15,7950.0,58439,7950.5,911289,3304,8532,-5228,-852850,0.5
1900-01-23 03:11:30,7950.0,811346,7950.5,769165,444,7491,-7047,42181,0.5
1900-01-23 03:11:45,7952.0,348021,7952.5,467115,16225,147521,-131296,-119094,0.5
1900-01-23 03:12:00,7952.0,434854,7952.5,389313,714,8201,-7487,45541,0.5
1900-01-23 03:12:15,7952.0,710151,7952.5,458266,1630,4479,-2849,251885,0.5
1900-01-23 03:12:30,7954.0,1302180,7954.5,36748,43469,37851,5618,1265432,0.5
1900-01-23 03:12:45,7955.0,705422,7955.5,68452,41544,6115,35429,636970,0.5
1900-01-23 03:13:00,7956.0,670658,7956.5,181229,41961,101892,-59931,489429,0.5
1900-01-23 03:13:15,7956.0,695587,7956.5,98220,128860,4660,124200,597367,0.5
1900-01-23 03:13:30,7957.0,757357,7957.5,150920,20238,13957,6281,606437,0.5
1900-01-23 03:13:45,7958.0,652749,7958.5,179546,24552,360,24192,473203,0.5
1900-01-23 03:14:00,7958.0,772064,7958.5,367555,22200,505,21695,404509,0.5
1900-01-23 03:14:15,7958.0,412851,7958.5,478225,1900,33454,-31554,-65374,0.5
1900-01-23 03:14:30,7958.0,373452,7958.5,489886,2500,6024,-3524,-116434,0.5
1900-01-23 03:14:45,7958.0,477523,7958.5,462722,927,10300,-9373,14801,0.5
1900-01-23 03:15:00,7955.5,41501,7956.0,643867,11899,34062,-22163,-602366,0.5
1900-01-23 03:15:15,7955.0,294374,7955.5,539147,43035,13625,29410,-244773,0.5
1900-01-23 03:15:30,7945.5,2046752,7946.0,27959,23788,124234,-100446,2018793,0.5
1900-01-23 03:15:45,7949.5,1408768,7950.0,133242,282490,27199,255291,1275526,0.5
1900-01-23 03:16:00,7949.5,1381978,7950.0,152563,25122,282,24840,1229415,0.5
1900-01-23 03:16:15,7953.0,274247,7953.5,27113,81058,4278,76780,247134,0.5
1900-01-23 03:16:30,7960.0,684200,7960.5,164972,36167,69188,-33021,519228,0.5
1900-01-23 03:16:45,7960.0,430234,7960.5,306072,2836,10502,-7666,124162,0.5
1900-01-23 03:17:00,7960.0,536890,7960.5,330726,1,1503,-1502,206164,0.5
1900-01-23 03:17:15,7960.0,363135,7960.5,690390,1928,358989,-357061,-327255,0.5
1900-01-23 03:17:30,7960.0,433459,7960.5,678193,2194,133440,-131246,-244734,0.5
1900-01-23 03:17:45,7961.0,797005,7961.5,153754,3296,6500,-3204,643251,0.5
1900-01-23 03:18:00,7963.5,897925,7964.0,61261,516310,6500,509810,836664,0.5
1900-01-23 03:18:15,7964.0,858374,7964.5,67087,11340,2093,9247,791287,0.5
1900-01-23 03:18:30,7964.0,819415,7964.5,41217,42265,1,42264,778198,0.5
1900-01-23 03:18:45,7964.0,621642,7964.5,53087,12814,40894,-28080,568555,0.5
1900-01-23 03:19:00,7964.0,461034,7964.5,113403,2596,22050,-19454,347631,0.5
1900-01-23 03:19:15,7965.0,598933,7965.5,143941,2605,2540,65,454992,0.5
1900-01-23 03:19:30,7965.0,498290,7965.5,362045,22005,122491,-100486,136245,0.5
1900-01-23 03:19:45,7965.5,1330065,7966.0,336250,5547,2607,2940,993815,0.5
1900-01-23 03:20:00,7965.5,1212725,7966.0,86463,89764,30,89734,1126262,0.5
1900-01-23 03:20:15,7966.0,1322482,7966.5,5865,44293,2738,41555,1316617,0.5
1900-01-23 03:20:30,7968.5,1380225,7969.0,17191,50942,1054,49888,1363034,0.5
1900-01-23 03:20:45,7970.0,1431503,7970.5,4171,63189,10334,52855,1427332,0.5
1900-01-23 03:21:00,7971.5,997335,7972.0,132039,152867,15825,137042,865296,0.5
1900-01-23 03:21:15,7974.5,942633,7975.0,122065,136348,250,136098,820568,0.5
1900-01-23 03:21:30,7975.5,667083,7976.0,121866,70154,18515,51639,545217,0.5
1900-01-23 03:21:45,7975.0,2884,7975.5,722082,23854,184904,-161050,-719198,0.5
1900-01-23 03:22:00,7975.0,33298,7975.5,808045,24800,57460,-32660,-774747,0.5
1900-01-23 03:22:15,7972.0,305226,7972.5,534794,1001,106993,-105992,-229568,0.5
1900-01-23 03:22:30,7972.0,126184,7972.5,861370,1001,41384,-40383,-735186,0.5
1900-01-23 03:22:45,7974.0,951951,7974.5,61855,108567,6525,102042,890096,0.5
1900-01-23 03:23:00,7976.5,1059765,7977.0,85036,34672,17526,17146,974729,0.5
1900-01-23 03:23:15,7976.5,1090868,7977.0,90032,31147,1302,29845,1000836,0.5
1900-01-23 03:23:30,7982.5,650725,7983.0,132533,114247,37420,76827,518192,0.5
1900-01-23 03:23:45,7982.5,631320,7983.0,443990,46990,15505,31485,187330,0.5
1900-01-23 03:24:00,7982.5,156243,7983.0,522281,13258,52835,-39577,-366038,0.5
1900-01-23 03:24:15,7976.0,879827,7976.5,60697,22681,99406,-76725,819130,0.5
1900-01-23 03:24:30,7976.0,965253,7976.5,67767,18291,36848,-18557,897486,0.5
1900-01-23 03:24:45,7980.0,705845,7980.5,5850,21566,31535,-9969,699995,0.5
1900-01-23 03:25:00,7980.0,369525,7980.5,235719,37977,120838,-82861,133806,0.5
1900-01-23 03:25:15,7980.0,154457,7980.5,399872,1,92388,-92387,-245415,0.5
1900-01-23 03:25:30,7978.0,776176,7978.5,72448,8272,166131,-157859,703728,0.5
1900-01-23 03:25:45,7978.0,214640,7978.5,384013,5623,50588,-44965,-169373,0.5
1900-01-23 03:26:00,7978.0,299392,7978.5,332943,6562,38126,-31564,-33551,0.5
1900-01-23 03:26:15,7978.5,1237109,7979.0,11625,6346,23811,-17465,1225484,0.5
1900-01-23 03:26:30,7980.0,944884,7980.5,90515,89554,41487,48067,854369,0.5
1900-01-23 03:26:45,7981.0,858016,7981.5,54166,144175,39467,104708,803850,0.5
1900-01-23 03:27:00,7982.0,84283,7982.5,702754,30432,36033,-5601,-618471,0.5
1900-01-23 03:27:15,7982.0,5533,7982.5,976773,8486,45629,-37143,-971240,0.5
1900-01-23 03:27:30,7981.0,356770,7981.5,399769,9720,432167,-422447,-42999,0.5
1900-01-23 03:27:45,7980.0,244789,7980.5,215747,11090,94453,-83363,29042,0.5
1900-01-23 03:28:00,7980.5,931211,7981.0,122515,55124,36750,18374,808696,0.5
1900-01-23 03:28:15,7980.5,789027,7981.0,416330,1447,130883,-129436,372697,0.5
1900-01-23 03:28:30,7980.5,1364498,7981.0,327901,2706,7200,-4494,1036597,0.5
1900-01-23 03:28:45,7982.0,1189123,7982.5,202180,501322,33654,467668,986943,0.5
1900-01-23 03:29:00,7982.0,1256313,7982.5,39695,23546,49396,-25850,1216618,0.5
1900-01-23 03:29:15,7982.0,1233416,7982.5,52461,3677,4801,-1124,1180955,0.5
1900-01-23 03:29:30,7982.5,1093250,7983.0,51720,43722,3917,39805,1041530,0.5
1900-01-23 03:29:45,7983.5,28517,7984.0,488484,25162,60302,-35140,-459967,0.5
1900-01-23 03:30:00,7979.0,1197235,7979.5,135954,49641,119694,-70053,1061281,0.5
1900-01-23 03:30:15,7979.5,1752368,7980.0,69486,987642,21719,965923,1682882,0.5
1900-01-23 03:30:30,7979.0,59453,7979.5,568650,39185,558198,-519013,-509197,0.5
1900-01-23 03:30:45,7977.0,1296198,7977.5,187593,3627,65487,-61860,1108605,0.5
1900-01-23 03:31:00,7981.5,11353,7982.0,340596,57563,36163,21400,-329243,0.5
1900-01-23 03:31:15,7981.0,36644,7981.5,658181,3611,3806,-195,-621537,0.5
1900-01-23 03:31:30,7980.5,74411,7981.0,578555,48682,9563,39119,-504144,0.5
1900-01-23 03:31:45,7979.0,85098,7979.5,605669,695,20141,-19446,-520571,0.5
1900-01-23 03:32:00,7981.0,1050714,7981.5,69181,60691,14622,46069,981533,0.5
1900-01-23 03:32:15,7981.0,884602,7981.5,163759,115,11700,-11585,720843,0.5
1900-01-23 03:32:30,7981.0,226888,7981.5,467293,1035,63755,-62720,-240405,0.5
1900-01-23 03:32:45,7980.0,746524,7980.5,407776,4500,121758,-117258,338748,0.5
1900-01-23 03:33:00,7976.5,1104056,7977.0,100427,1001,52615,-51614,1003629,0.5
1900-01-23 03:33:15,7976.5,1080945,7977.0,148188,26525,5830,20695,932757,0.5
1900-01-23 03:33:30,7976.5,55691,7977.0,401116,20345,41677,-21332,-345425,0.5
1900-01-23 03:33:45,7976.5,628263,7977.0,332762,350,16733,-16383,295501,0.5
1900-01-23 03:34:00,7977.5,427998,7978.0,593815,25521,22528,2993,-165817,0.5
1900-01-23 03:34:15,7975.5,782970,7976.0,209659,25,26703,-26678,573311,0.5
1900-01-23 03:34:30,7975.5,573874,7976.0,716762,10780,200,10580,-142888,0.5
1900-01-23 03:34:45,7975.5,83187,7976.0,1063145,100,75007,-74907,-979958,0.5
1900-01-23 03:35:00,7975.5,68685,7976.0,930705,5000,15111,-10111,-862020,0.5
1900-01-23 03:35:15,7975.5,739250,7976.0,630006,3050,9000,-5950,109244,0.5
1900-01-23 03:35:30,7975.5,746488,7976.0,1090584,1085,10000,-8915,-344096,0.5
1900-01-23 03:35:45,7975.5,1222929,7976.0,423120,10,1600,-1590,799809,0.5
1900-01-23 03:36:00,7970.0,428569,7970.5,713190,3492,118053,-114561,-284621,0.5
1900-01-23 03:36:15,7967.5,162390,7968.0,1074407,1194,59149,-57955,-912017,0.5
1900-01-23 03:36:30,7965.0,107566,7965.5,495753,7067,176682,-169615,-388187,0.5
1900-01-23 03:36:45,7964.0,112229,7964.5,1224117,3200,23067,-19867,-1111888,0.5
1900-01-23 03:37:00,7964.0,919529,7964.5,629836,6615,62963,-56348,289693,0.5
1900-01-23 03:37:15,7964.0,970467,7964.5,551171,68279,383,67896,419296,0.5
1900-01-23 03:37:30,7964.0,775627,7964.5,534337,62071,383,61688,241290,0.5
1900-01-23 03:37:45,7962.0,13910,7962.5,953660,1090,81255,-80165,-939750,0.5
1900-01-23 03:38:00,7962.0,79,7962.5,1139142,335,32739,-32404,-1139063,0.5
1900-01-23 03:38:15,7960.5,1187747,7961.0,210947,21720,4,21716,976800,0.5
1900-01-23 03:38:30,7961.0,307410,7961.5,641976,37723,38801,-1078,-334566,0.5
1900-01-23 03:38:45,7962.5,826604,7963.0,84948,270217,2080,268137,741656,0.5
1900-01-23 03:39:00,7962.5,361518,7963.0,777745,22301,29410,-7109,-416227,0.5
1900-01-23 03:39:15,7962.5,1457323,7963.0,14424,24111,400,23711,1442899,0.5
1900-01-23 03:39:30,7963.5,608013,7964.0,457219,67142,32180,34962,150794,0.5
1900-01-23 03:39:45,7963.5,524919,7964.0,358238,44909,19925,24984,166681,0.5
1900-01-23 03:40:00,7960.5,139346,7961.0,515823,123702,78403,45299,-376477,0.5
1900-01-23 03:40:15,7965.0,838623,7965.5,68866,103578,19522,84056,769757,0.5
1900-01-23 03:40:30,7966.0,1164607,7966.5,24344,16367,50174,-33807,1140263,0.5
1900-01-23 03:40:45,7970.5,599933,7971.0,474862,78718,5350,73368,125071,0.5
1900-01-23 03:41:00,7970.5,366351,7971.0,563263,6923,3380,3543,-196912,0.5
1900-01-23 03:41:15,7970.5,550877,7971.0,494697,343,3101,-2758,56180,0.5
1900-01-23 03:41:30,7970.5,668013,7971.0,456342,343,49675,-49332,211671,0.5
1900-01-23 03:41:45,7971.0,668511,7971.5,230370,5825,149489,-143664,438141,0.5
1900-01-23 03:42:00,7971.0,356376,7971.5,235395,32301,1,32300,120981,0.5
1900-01-23 03:42:15,7971.0,357554,7971.5,342257,28,1,27,15297,0.5
1900-01-23 03:42:30,7973.5,777912,7974.0,77139,43444,8642,34802,700773,0.5
1900-01-23 03:42:45,7973.5,1116223,7974.0,55466,16950,8642,8308,1060757,0.5
1900-01-23 03:43:00,7973.5,1069872,7974.0,48055,37641,8642,28999,1021817,0.5
1900-01-23 03:43:15,7973.5,894206,7974.0,104340,23544,8642,14902,789866,0.5
1900-01-23 03:43:30,7973.5,504248,7974.0,148503,4526,25000,-20474,355745,0.5
1900-01-23 03:43:45,7973.5,139301,7974.0,494467,9061,17164,-8103,-355166,0.5
1900-01-23 03:44:00,7973.5,481588,7974.0,317384,11501,4202,7299,164204,0.5
1900-01-23 03:44:15,7973.5,890999,7974.0,129257,41452,4202,37250,761742,0.5
1900-01-23 03:44:30,7973.5,407364,7974.0,184950,10464,124,10340,222414,0.5
1900-01-23 03:44:45,7973.5,421920,7974.0,308252,75,67,8,113668,0.5
1900-01-23 03:45:00,7973.5,323336,7974.0,370227,11672,1987,9685,-46891,0.5
1900-01-23 03:45:15,7973.5,437886,7974.0,245407,1530,7690,-6160,192479,0.5
1900-01-23 03:45:30,7973.5,28913,7974.0,436440,625,40329,-39704,-407527,0.5
1900-01-23 03:45:45,7972.5,130014,7973.0,573654,48,30154,-30106,-443640,0.5
1900-01-23 03:46:00,7972.0,297036,7972.5,486235,1556,231850,-230294,-189199,0.5
1900-01-23 03:46:15,7972.0,344073,7972.5,478946,1,9100,-9099,-134873,0.5
1900-01-23 03:46:30,7972.0,1013397,7972.5,313627,50,7400,-7350,699770,0.5
1900-01-23 03:46:45,7973.0,1098232,7973.5,95692,125434,16432,109002,1002540,0.5
1900-01-23 03:47:00,7973.0,300550,7973.5,216815,1040,23501,-22461,83735,0.5
1900-01-23 03:47:15,7972.0,73869,7972.5,457155,2,125191,-125189,-383286,0.5
1900-01-23 03:47:30,7972.0,245406,7972.5,486363,2,276166,-276164,-240957,0.5
1900-01-23 03:47:45,7972.0,266972,7972.5,463249,60,5101,-5041,-196277,0.5
1900-01-23 03:48:00,7972.0,238178,7972.5,474614,60,24972,-24912,-236436,0.5
1900-01-23 03:48:15,7966.0,68101,7966.5,360238,65,171155,-171090,-292137,0.5
1900-01-23 03:48:30,7966.0,372063,7966.5,346504,65,23100,-23035,25559,0.5
1900-01-23 03:48:45,7966.0,86845,7966.5,857837,65,46094,-46029,-770992,0.5
1900-01-23 03:49:00,7966.0,68281,7966.5,973002,65,192393,-192328,-904721,0.5
1900-01-23 03:49:15,7966.0,152543,7966.5,750986,9500,13702,-4202,-598443,0.5
1900-01-23 03:49:30,7965.0,125793,7965.5,743699,3600,223756,-220156,-617906,0.5
1900-01-23 03:49:45,7965.0,754954,7965.5,542741,430,102544,-102114,212213,0.5
1900-01-23 03:50:00,7965.0,109823,7965.5,998229,1500,390476,-388976,-888406,0.5
1900-01-23 03:50:15,7965.0,14628,7965.5,1105094,3725,418076,-414351,-1090466,0.5
1900-01-23 03:50:30,7965.0,231940,7965.5,1283847,1470,301282,-299812,-1051907,0.5
1900-01-23 03:50:45,7964.5,6520,7965.0,705867,448,446113,-445665,-699347,0.5
1900-01-23 03:51:00,7955.0,29387,7955.5,977939,39071,193289,-154218,-948552,0.5
1900-01-23 03:51:15,7953.0,977847,7953.5,342687,27601,123525,-95924,635160,0.5
1900-01-23 03:51:30,7957.0,1162832,7957.5,26975,157520,2872,154648,1135857,0.5
1900-01-23 03:51:45,7957.0,408806,7957.5,220968,12407,1001,11406,187838,0.5
1900-01-23 03:52:00,7955.0,612141,7955.5,440898,30615,394950,-364335,171243,0.5
1900-01-23 03:52:15,7955.0,1235963,7955.5,434240,1101,478871,-477770,801723,0.5
1900-01-23 03:52:30,7955.0,838483,7955.5,276522,31243,14532,16711,561961,0.5
1900-01-23 03:52:45,7955.0,810275,7955.5,256211,1021,64835,-63814,554064,0.5
1900-01-23 03:53:00,7955.0,833143,7955.5,244820,11680,104931,-93251,588323,0.5
1900-01-23 03:53:15,7955.0,766971,7955.5,263272,1969,750,1219,503699,0.5
1900-01-23 03:53:30,7955.0,1757113,7955.5,125642,20418,1656,18762,1631471,0.5
1900-01-23 03:53:45,7959.0,171834,7959.5,165054,383934,50002,333932,6780,0.5
1900-01-23 03:54:00,7959.0,309590,7959.5,291065,26194,2710,23484,18525,0.5
1900-01-23 03:54:15,7959.0,623588,7959.5,205404,2388,5102,-2714,418184,0.5
1900-01-23 03:54:30,7959.0,475237,7959.5,202508,1506,1,1505,272729,0.5
1900-01-23 03:54:45,7959.0,434623,7959.5,513760,3729,200,3529,-79137,0.5
1900-01-23 03:55:00,7959.0,244145,7959.5,683907,5300,25286,-19986,-439762,0.5
1900-01-23 03:55:15,7955.5,1701236,7956.0,211673,3300,63415,-60115,1489563,0.5
1900-01-23 03:55:30,7955.5,1490982,7956.0,226299,51539,8037,43502,1264683,0.5
1900-01-23 03:55:45,7955.5,1634296,7956.0,140749,10761,5904,4857,1493547,0.5
1900-01-23 03:56:00,7955.5,465407,7956.0,977827,18814,69400,-50586,-512420,0.5
1900-01-23 03:56:15,7952.0,49499,7952.5,508247,926,169127,-168201,-458748,0.5
1900-01-23 03:56:30,7950.0,782309,7950.5,620216,19210,172217,-153007,162093,0.5
1900-01-23 03:56:45,7950.0,794433,7950.5,795741,6003,39069,-33066,-1308,0.5
1900-01-23 03:57:00,7950.0,779727,7950.5,844003,12801,6373,6428,-64276,0.5
1900-01-23 03:57:15,7950.0,697344,7950.5,849184,180,39770,-39590,-151840,0.5
1900-01-23 03:57:30,7950.0,695868,7950.5,809241,302,8436,-8134,-113373,0.5
1900-01-23 03:57:45,7950.0,834988,7950.5,616546,4204,40010,-35806,218442,0.5
1900-01-23 03:58:00,7950.0,1144467,7950.5,621680,28250,6700,21550,522787,0.5
1900-01-23 03:58:15,7950.0,1217974,7950.5,361853,30996,201,30795,856121,0.5
1900-01-23 03:58:30,7950.0,1240451,7950.5,289415,44450,5444,39006,951036,0.5
1900-01-23 03:58:45,7950.0,1172039,7950.5,342385,19170,1328,17842,829654,0.5
1900-01-23 03:59:00,7946.0,19781,7946.5,853234,194,257211,-257017,-833453,0.5
1900-01-23 03:59:15,7943.0,233005,7943.5,413500,26768,275464,-248696,-180495,0.5
1900-01-23 03:59:30,7940.5,9536,7941.0,383285,11562,92641,-81079,-373749,0.5
1900-01-23 03:59:45,7940.5,585915,7941.0,5740,114029,328403,-214374,580175,0.5
1900-01-23 04:00:00,7944.5,407416,7945.0,4990,75494,15568,59926,402426,0.5
1900-01-23 04:00:15,7949.5,43528,7950.0,1319934,187454,247847,-60393,-1276406,0.5
1900-01-23 04:00:30,7948.0,63639,7948.5,1541657,170355,92452,77903,-1478018,0.5
1900-01-23 04:00:45,7947.5,18137,7948.0,1344017,7122,102622,-95500,-1325880,0.5
1900-01-23 04:01:00,7947.5,136538,7948.0,1992738,48349,199274,-150925,-1856200,0.5
1900-01-23 04:01:15,7943.0,44383,7943.5,1028416,5250,139198,-133948,-984033,0.5
1900-01-23 04:01:30,7938.5,306618,7939.0,489937,85338,220224,-134886,-183319,0.5
1900-01-23 04:01:45,7936.0,425464,7936.5,307997,13706,198185,-184479,117467,0.5
1900-01-23 04:02:00,7934.0,17509,7934.5,835967,14889,568634,-553745,-818458,0.5
1900-01-23 04:02:15,7930.0,17227,7930.5,772015,16158,454280,-438122,-754788,0.5
1900-01-23 04:02:30,7925.5,150209,7926.0,6249,31386,113220,-81834,143960,0.5
1900-01-23 04:02:45,7923.5,64226,7924.0,1146456,82962,285227,-202265,-1082230,0.5
1900-01-23 04:03:00,7915.0,6000,7916.0,31564,196264,650561,-454297,-25564,1.0
1900-01-23 04:03:15,7924.5,11295,7925.0,1457146,77064,220630,-143566,-1445851,0.5
1900-01-23 04:03:30,7931.5,125609,7932.0,421986,326253,112660,213593,-296377,0.5
1900-01-23 04:03:45,7927.0,12,7928.0,409804,204687,85453,119234,-409792,1.0
1900-01-23 04:04:00,7923.5,426107,7924.0,726640,899232,110966,788266,-300533,0.5
1900-01-23 04:04:15,7923.5,2709550,7924.0,129090,761535,93182,668353,2580460,0.5
1900-01-23 04:04:30,7921.0,393224,7921.5,1715071,222259,168882,53377,-1321847,0.5
1900-01-23 04:04:45,7918.0,392059,7918.5,1028912,36321,360221,-323900,-636853,0.5
1900-01-23 04:05:00,7916.0,11555,7916.5,1318399,20149,116633,-96484,-1306844,0.5
1900-01-23 04:05:15,7912.0,409250,7912.5,377593,114981,166214,-51233,31657,0.5
1900-01-23 04:05:30,7912.5,46506,7914.5,1059455,253144,283984,-30840,-1012949,2.0
1900-01-23 04:05:45,7907.0,143023,7907.5,127320,30174,789312,-759138,15703,0.5
1900-01-23 04:06:00,7909.0,218890,7910.0,65035,231480,302987,-71507,153855,1.0
1900-01-23 04:06:15,7905.5,55,7906.0,265367,207544,210554,-3010,-265312,0.5
1900-01-23 04:06:30,7873.5,16345,7875.0,25000,45131,4946024,-4900893,-8655,1.5
1900-01-23 04:06:45,7850.0,1887645,7857.5,17829,1016238,6348728,-5332490,1869816,7.5
1900-01-23 04:07:00,7882.0,5900,7884.0,1000,3780320,418065,3362255,4900,2.0
1900-01-23 04:07:15,7879.0,358544,7879.5,982876,495463,154268,341195,-624332,0.5
1900-01-23 04:07:30,7882.5,1039460,7883.0,129115,798728,188779,609949,910345,0.5
1900-01-23 04:07:45,7889.0,552763,7889.5,185302,602476,135503,466973,367461,0.5
1900-01-23 04:08:00,7894.0,87833,7894.5,6000,367222,212756,154466,81833,0.5
1900-01-23 04:08:15,7894.0,868078,7894.5,420255,252853,25165,227688,447823,0.5
1900-01-23 04:08:30,7900.0,102900,7900.5,293185,408023,234244,173779,-190285,0.5
1900-01-23 04:08:45,7900.0,1279939,7900.5,81295,195240,137587,57653,1198644,0.5
1900-01-23 04:09:00,7903.0,1354083,7903.5,65992,552391,74759,477632,1288091,0.5
1900-01-23 04:09:15,7904.5,1467650,7905.0,167226,615934,3363,612571,1300424,0.5
1900-01-23 04:09:30,7903.5,812481,7904.0,16158,92641,614738,-522097,796323,0.5
1900-01-23 04:09:45,7906.5,457030,7907.0,852633,451258,40380,410878,-395603,0.5
1900-01-23 04:10:00,7907.5,645130,7908.0,334971,335044,145706,189338,310159,0.5
1900-01-23 04:10:15,7911.0,522102,7911.5,58841,504950,15729,489221,463261,0.5
1900-01-23 04:10:30,7911.5,1396413,7912.0,236458,187273,7600,179673,1159955,0.5
1900-01-23 04:10:45,7914.5,291654,7915.0,29034,700618,8997,691621,262620,0.5
1900-01-23 04:11:00,7916.0,1345865,7916.5,46810,60512,12755,47757,1299055,0.5
1900-01-23 04:11:15,7915.5,184254,7916.0,1008166,144135,83161,60974,-823912,0.5
1900-01-23 04:11:30,7913.0,199112,7913.5,430210,37125,157881,-120756,-231098,0.5
1900-01-23 04:11:45,7915.5,644288,7916.0,42509,66905,221206,-154301,601779,0.5
1900-01-23 04:12:00,7916.5,1022664,7917.0,214267,130198,63407,66791,808397,0.5
1900-01-23 04:12:15,7923.5,64099,7924.0,121984,111969,94504,17465,-57885,0.5
1900-01-23 04:12:30,7934.0,118592,7934.5,401266,178640,58685,119955,-282674,0.5
1900-01-23 04:12:45,7932.5,229869,7933.0,483271,122954,105385,17569,-253402,0.5
1900-01-23 04:13:00,7929.0,184755,7929.5,36781,116603,127816,-11213,147974,0.5
1900-01-23 04:13:15,7932.5,1066809,7933.0,140688,98508,61562,36946,926121,0.5
1900-01-23 04:13:30,7934.5,968786,7935.0,148550,172584,66959,105625,820236,0.5
1900-01-23 04:13:45,7935.5,1306142,7936.0,167517,141802,3264,138538,1138625,0.5
1900-01-23 04:14:00,7937.0,236767,7937.5,796111,152489,378014,-225525,-559344,0.5
1900-01-23 04:14:15,7937.0,294458,7937.5,603539,157040,357969,-200929,-309081,0.5
1900-01-23 04:14:30,7937.0,134971,7937.5,686690,75744,94571,-18827,-551719,0.5
1900-01-23 04:14:45,7934.5,13781,7935.0,867030,8580,83094,-74514,-853249,0.5
1900-01-23 04:15:00,7928.0,29690,7928.5,399549,10311,335456,-325145,-369859,0.5
1900-01-23 04:15:15,7926.5,46732,7927.0,301341,10311,114382,-104071,-254609,0.5
1900-01-23 04:15:30,7931.0,951027,7931.5,37471,47569,160901,-113332,913556,0.5
1900-01-23 04:15:45,7934.0,955711,7934.5,301840,384251,52877,331374,653871,0.5
1900-01-23 04:16:00,7934.0,1050148,7934.5,65935,18661,21628,-2967,984213,0.5
1900-01-23 04:16:15,7934.0,653453,7934.5,224655,22243,1771,20472,428798,0.5
1900-01-23 04:16:30,7934.0,769085,7934.5,13524,42050,4809,37241,755561,0.5
1900-01-23 04:16:45,7946.5,183808,7947.0,123217,170517,48114,122403,60591,0.5
1900-01-23 04:17:00,7941.5,977311,7942.0,260463,151587,70729,80858,716848,0.5
1900-01-23 04:17:15,7947.0,952774,7947.5,63869,97726,19584,78142,888905,0.5
1900-01-23 04:17:30,7949.5,327524,7950.0,256559,263254,6463,256791,70965,0.5
1900-01-23 04:17:45,7942.0,935379,7942.5,21075,84384,81988,2396,914304,0.5
1900-01-23 04:18:00,7942.5,98106,7943.0,724993,44166,173923,-129757,-626887,0.5
1900-01-23 04:18:15,7941.5,976224,7942.0,359668,21301,43117,-21816,616556,0.5
1900-01-23 04:18:30,7940.5,906996,7941.0,221084,42459,240688,-198229,685912,0.5
1900-01-23 04:18:45,7939.0,527942,7939.5,278704,71562,288961,-217399,249238,0.5
1900-01-23 04:19:00,7939.0,134384,7939.5,1013188,3014,22688,-19674,-878804,0.5
1900-01-23 04:19:15,7940.5,296228,7941.0,591379,15191,165839,-150648,-295151,0.5
1900-01-23 04:19:30,7940.5,665171,7941.0,276692,126198,168322,-42124,388479,0.5
1900-01-23 04:19:45,7941.0,891261,7941.5,122533,91165,28020,63145,768728,0.5
1900-01-23 04:20:00,7941.0,585204,7941.5,518377,3175,20633,-17458,66827,0.5
1900-01-23 04:20:15,7941.5,845993,7942.0,258800,22122,3041,19081,587193,0.5
1900-01-23 04:20:30,7941.5,992179,7942.0,475104,64267,3041,61226,517075,0.5
1900-01-23 04:20:45,7943.5,924974,7944.0,53195,95089,2394,92695,871779,0.5
1900-01-23 04:21:00,7943.5,981573,7944.0,502618,8985,2934,6051,478955,0.5
1900-01-23 04:21:15,7943.5,1047883,7944.0,482413,66194,820,65374,565470,0.5
1900-01-23 04:21:30,7943.5,1267033,7944.0,487617,4130,3419,711,779416,0.5
1900-01-23 04:21:45,7940.0,329529,7940.5,468669,19791,636770,-616979,-139140,0.5
1900-01-23 04:22:00,7937.5,176288,7938.0,277507,67237,211388,-144151,-101219,0.5
1900-01-23 04:22:15,7937.5,148387,7938.0,436230,1104,206627,-205523,-287843,0.5
1900-01-23 04:22:30,7936.5,839806,7937.0,313705,1206,109780,-108574,526101,0.5
1900-01-23 04:22:45,7936.5,278877,7937.0,465354,11294,37872,-26578,-186477,0.5
1900-01-23 04:23:00,7940.5,690629,7941.0,347790,2291,42535,-40244,342839,0.5
1900-01-23 04:23:15,7940.5,47655,7941.0,907781,10731,124553,-113822,-860126,0.5
1900-01-23 04:23:30,7939.0,19635,7940.0,707372,3000,149716,-146716,-687737,1.0
1900-01-23 04:23:45,7938.0,1226957,7938.5,144779,26592,37278,-10686,1082178,0.5
1900-01-23 04:24:00,7938.0,1378120,7938.5,94015,28422,150801,-122379,1284105,0.5
1900-01-23 04:24:15,7939.0,1267028,7939.5,47881,61692,11860,49832,1219147,0.5
1900-01-23 04:24:30,7939.0,334419,7939.5,554665,23827,87077,-63250,-220246,0.5
1900-01-23 04:24:45,7939.0,190936,7939.5,663553,170,103070,-102900,-472617,0.5
1900-01-23 04:25:00,7938.0,206823,7938.5,560511,211,150244,-150033,-353688,0.5
1900-01-23 04:25:15,7935.5,6697,7936.0,1234573,101,162061,-161960,-1227876,0.5
1900-01-23 04:25:30,7934.5,26442,7935.0,806661,3783,67726,-63943,-780219,0.5
1900-01-23 04:25:45,7934.5,484524,7935.0,546700,5100,121318,-116218,-62176,0.5
1900-01-23 04:26:00,7933.5,17071,7934.0,772958,22100,61364,-39264,-755887,0.5
1900-01-23 04:26:15,7933.5,150557,7934.0,733935,11100,23173,-12073,-583378,0.5
1900-01-23 04:26:30,7932.0,29476,7932.5,1003529,15384,107747,-92363,-974053,0.5
1900-01-23 04:26:45,7925.5,115665,7926.0,58240,6231,42213,-35982,57425,0.5
1900-01-23 04:27:00,7929.5,846815,7930.0,21027,120274,125800,-5526,825788,0.5
1900-01-23 04:27:15,7929.5,573213,7930.0,241287,12732,17800,-5068,331926,0.5
1900-01-23 04:27:30,7930.5,1291424,7931.0,135493,209127,58852,150275,1155931,0.5
1900-01-23 04:27:45,7933.0,878374,7933.5,395466,9185,1000,8185,482908,0.5
1900-01-23 04:28:00,7936.5,1053224,7937.0,264977,48342,1213,47129,788247,0.5
1900-01-23 04:28:15,7939.0,1621362,7939.5,106845,32545,700,31845,1514517,0.5
1900-01-23 04:28:30,7940.5,581357,7941.0,32816,24776,15276,9500,548541,0.5
1900-01-23 04:28:45,7944.0,379591,7944.5,808124,56033,21083,34950,-428533,0.5
1900-01-23 04:29:00,7943.5,659900,7944.0,381007,57526,41280,16246,278893,0.5
1900-01-23 04:29:15,7943.5,616562,7944.0,636682,60111,62683,-2572,-20120,0.5
1900-01-23 04:29:30,7943.5,1003515,7944.0,435375,55348,12963,42385,568140,0.5
1900-01-23 04:29:45,7943.5,649726,7944.0,695535,10810,20900,-10090,-45809,0.5
1900-01-23 04:30:00,7943.5,771561,7944.0,701095,255781,1863,253918,70466,0.5
1900-01-23 04:30:15,7944.5,1128473,7947.0,319882,67134,25639,41495,808591,2.5
1900-01-23 04:30:30,7946.5,398407,7947.0,2051028,104086,62800,41286,-1652621,0.5
1900-01-23 04:30:45,7946.5,855800,7947.0,1720448,19770,11300,8470,-864648,0.5
1900-01-23 04:31:00,7946.5,290464,7947.0,2040325,49710,13481,36229,-1749861,0.5
1900-01-23 04:31:15,7943.5,134726,7944.0,575376,4416,106167,-101751,-440650,0.5
1900-01-23 04:31:30,7943.5,99655,7944.0,692508,2000,14251,-12251,-592853,0.5
1900-01-23 04:31:45,7943.5,1130350,7944.0,4926,6880,27347,-20467,1125424,0.5
1900-01-23 04:32:00,7943.5,804564,7944.0,94643,68220,2010,66210,709921,0.5
1900-01-23 04:32:15,7946.5,384269,7947.0,479778,18874,21963,-3089,-95509,0.5
1900-01-23 04:32:30,7945.0,1099722,7945.5,172541,12360,24991,-12631,927181,0.5
1900-01-23 04:32:45,7948.0,191944,7948.5,13149,236462,60,236402,178795,0.5
1900-01-23 04:33:00,7959.5,845791,7960.0,519234,451659,49500,402159,326557,0.5
1900-01-23 04:33:15,7956.0,159167,7956.5,608318,120950,121851,-901,-449151,0.5
1900-01-23 04:33:30,7959.5,121663,7960.0,2068785,52680,189169,-136489,-1947122,0.5
1900-01-23 04:33:45,7959.0,282840,7959.5,571880,60409,44065,16344,-289040,0.5
1900-01-23 04:34:00,7946.5,259222,7947.0,127745,20002,99626,-79624,131477,0.5
1900-01-23 04:34:15,7953.0,85648,7953.5,596929,32523,87848,-55325,-511281,0.5
1900-01-23 04:34:30,7949.0,1120124,7949.5,483418,22739,181173,-158434,636706,0.5
1900-01-23 04:34:45,7950.0,1767575,7950.5,5440,1298062,25607,1272455,1762135,0.5
1900-01-23 04:35:00,7954.0,957400,7954.5,15785,36418,4428,31990,941615,0.5
1900-01-23 04:35:15,7956.0,440715,7956.5,691111,76871,29292,47579,-250396,0.5
1900-01-23 04:35:30,7956.0,35042,7956.5,876866,9331,50223,-40892,-841824,0.5
1900-01-23 04:35:45,7955.0,631716,7955.5,127683,16119,26495,-10376,504033,0.5
1900-01-23 04:36:00,7955.0,758495,7955.5,146165,6773,36150,-29377,612330,0.5
1900-01-23 04:36:15,7955.0,61373,7955.5,703474,200,35446,-35246,-642101,0.5
1900-01-23 04:36:30,7954.5,4213,7955.0,926218,1723,41065,-39342,-922005,0.5
1900-01-23 04:36:45,7954.5,781687,7955.0,303819,1591,76854,-75263,477868,0.5
1900-01-23 04:37:00,7955.0,1268477,7955.5,56949,79145,26115,53030,1211528,0.5
1900-01-23 04:37:15,7955.0,1288052,7955.5,834,84049,14050,69999,1287218,0.5
1900-01-23 04:37:30,7955.5,157003,7956.0,706497,8565,48201,-39636,-549494,0.5
1900-01-23 04:37:45,7955.5,791066,7956.0,176448,8505,24684,-16179,614618,0.5
1900-01-23 04:38:00,7953.0,36793,7953.5,917573,12750,131333,-118583,-880780,0.5
1900-01-23 04:38:15,7952.5,7840,7953.0,929180,14438,51930,-37492,-921340,0.5
1900-01-23 04:38:30,7950.5,84926,7951.0,944086,14053,59812,-45759,-859160,0.5
1900-01-23 04:38:45,7948.5,1890,7949.0,1037251,25032,88591,-63559,-1035361,0.5
1900-01-23 04:39:00,7948.5,711249,7949.0,359207,16234,16793,-559,352042,0.5
1900-01-23 04:39:15,7948.5,1158294,7949.0,134424,94972,12848,82124,1023870,0.5
1900-01-23 04:39:30,7948.5,1362840,7949.0,81503,10923,5664,5259,1281337,0.5
1900-01-23 04:39:45,7948.5,47215,7949.0,774534,13203,57778,-44575,-727319,0.5
1900-01-23 04:40:00,7946.5,202372,7947.0,421552,4775,26709,-21934,-219180,0.5
1900-01-23 04:40:15,7943.0,901422,7943.5,425114,9000,54870,-45870,476308,0.5
1900-01-23 04:40:30,7945.0,391619,7945.5,392636,154057,34011,120046,-1017,0.5
1900-01-23 04:40:45,7945.0,407321,7945.5,624827,39944,38964,980,-217506,0.5
1900-01-23 04:41:00,7944.5,3848,7945.0,439253,35810,95365,-59555,-435405,0.5
1900-01-23 04:41:15,7940.0,755624,7940.5,559399,12134,18085,-5951,196225,0.5
1900-01-23 04:41:30,7940.0,1224792,7940.5,174545,57845,51855,5990,1050247,0.5
1900-01-23 04:41:45,7940.5,1380885,7941.0,286881,76484,1380,75104,1094004,0.5
1900-01-23 04:42:00,7940.5,165664,7941.0,904968,30110,18356,11754,-739304,0.5
1900-01-23 04:42:15,7940.5,26135,7941.0,941053,10353,118324,-107971,-914918,0.5
1900-01-23 04:42:30,7940.5,711581,7941.0,475774,7992,105362,-97370,235807,0.5
1900-01-23 04:42:45,7940.5,336141,7941.0,917797,1500,6000,-4500,-581656,0.5
1900-01-23 04:43:00,7940.5,201566,7941.0,809891,115,20804,-20689,-608325,0.5
1900-01-23 04:43:15,7940.5,577702,7941.0,422876,10295,10509,-214,154826,0.5
1900-01-23 04:43:30,7940.5,204648,7941.0,1143217,15931,47239,-31308,-938569,0.5
1900-01-23 04:43:45,7939.0,141088,7939.5,911479,5600,25899,-20299,-770391,0.5
1900-01-23 04:44:00,7937.5,79019,7938.0,1051755,16141,175943,-159802,-972736,0.5
1900-01-23 04:44:15,7935.0,89871,7935.5,1173933,3599,213990,-210391,-1084062,0.5
1900-01-23 04:44:30,7935.0,222323,7935.5,1029254,82215,42603,39612,-806931,0.5
1900-01-23 04:44:45,7933.0,1193741,7933.5,45715,123931,36753,87178,1148026,0.5
1900-01-23 04:45:00,7933.0,164795,7933.5,625306,144935,188895,-43960,-460511,0.5
1900-01-23 04:45:15,7930.0,226966,7930.5,645362,41156,397380,-356224,-418396,0.5
1900-01-23 04:45:30,7933.0,174856,7933.5,918444,234120,27982,206138,-743588,0.5
1900-01-23 04:45:45,7934.5,752592,7935.0,2175,16862,15158,1704,750417,0.5
1900-01-23 04:46:00,7935.0,59104,7935.5,433843,71734,159907,-88173,-374739,0.5
1900-01-23 04:46:15,7934.5,331269,7935.0,793680,39969,106860,-66891,-462411,0.5
1900-01-23 04:46:30,7934.5,234237,7935.0,718788,84453,2611,81842,-484551,0.5
1900-01-23 04:46:45,7939.0,627478,7939.5,18915,38799,6663,32136,608563,0.5
1900-01-23 04:47:00,7939.0,522500,7939.5,453493,32282,62094,-29812,69007,0.5
1900-01-23 04:47:15,7942.5,529377,7943.0,9094,219124,2600,216524,520283,0.5
1900-01-23 04:47:30,7944.5,703443,7945.0,98425,169357,20,169337,605018,0.5
1900-01-23 04:47:45,7944.5,1064690,7945.0,2954,20352,2100,18252,1061736,0.5
1900-01-23 04:48:00,7945.5,1295033,7946.0,56965,19308,1150,18158,1238068,0.5
1900-01-23 04:48:15,7943.5,64398,7944.0,1059951,1300,135826,-134526,-995553,0.5
1900-01-23 04:48:30,7942.5,77181,7943.0,750659,720,17494,-16774,-673478,0.5
1900-01-23 04:48:45,7942.5,32116,7943.0,793732,4935,27487,-22552,-761616,0.5
1900-01-23 04:49:00,7941.0,58889,7941.5,713314,11372,16707,-5335,-654425,0.5
1900-01-23 04:49:15,7941.0,756624,7941.5,891016,1649,17954,-16305,-134392,0.5
1900-01-23 04:49:30,7941.0,1154103,7941.5,516551,55,683,-628,637552,0.5
1900-01-23 04:49:45,7941.0,1438344,7941.5,237696,26211,18668,7543,1200648,0.5
1900-01-23 04:50:00,7944.5,807805,7945.0,18735,116497,18668,97829,789070,0.5
1900-01-23 04:50:15,7944.5,1340821,7945.0,27650,3838,41,3797,1313171,0.5
1900-01-23 04:50:30,7947.5,728067,7948.0,1922622,36459,2521,33938,-1194555,0.5
1900-01-23 04:50:45,7949.5,357594,7950.0,231258,1238220,28000,1210220,126336,0.5
1900-01-23 04:51:00,7949.5,1014627,7950.0,567318,139197,28000,111197,447309,0.5
1900-01-23 04:51:15,7949.5,334216,7950.0,655797,23553,44148,-20595,-321581,0.5
1900-01-23 04:51:30,7949.5,1145334,7950.0,154599,7629,6393,1236,990735,0.5
1900-01-23 04:51:45,7950.0,1454438,7950.5,26806,22481,1000,21481,1427632,0.5
1900-01-23 04:52:00,7951.5,348890,7952.0,669149,62709,20800,41909,-320259,0.5
1900-01-23 04:52:15,7951.5,330715,7952.0,589811,50241,51500,-1259,-259096,0.5
1900-01-23 04:52:30,7951.5,1073165,7952.0,66014,58740,15001,43739,1007151,0.5
1900-01-23 04:52:45,7953.5,1862902,7954.0,11812,56734,2021,54713,1851090,0.5
1900-01-23 04:53:00,7953.5,1439744,7954.0,151,2261,32632,-30371,1439593,0.5
1900-01-23 04:53:15,7954.5,983142,7955.0,139117,14589,611,13978,844025,0.5
1900-01-23 04:53:30,7954.5,247023,7955.0,785569,28446,15118,13328,-538546,0.5
1900-01-23 04:53:45,7954.5,66073,7955.0,946382,4182,154245,-150063,-880309,0.5
1900-01-23 04:54:00,7954.5,270663,7955.0,889642,11071,6157,4914,-618979,0.5
1900-01-23 04:54:15,7954.5,206558,7955.0,998673,100,47829,-47729,-792115,0.5
1900-01-23 04:54:30,7954.5,4030,7955.0,1091139,5046,30486,-25440,-1087109,0.5
1900-01-23 04:54:45,7952.5,1276505,7953.0,131948,162433,25360,137073,1144557,0.5
1900-01-23 04:55:00,7953.5,1332209,7954.0,38773,70129,15712,54417,1293436,0.5
1900-01-23 04:55:15,7956.0,1976483,7956.5,237405,253540,21056,232484,1739078,0.5
1900-01-23 04:55:30,7956.5,1934396,7957.0,113217,290895,8051,282844,1821179,0.5
1900-01-23 04:55:45,7956.5,975438,7957.0,155471,101096,11244,89852,819967,0.5
1900-01-23 04:56:00,7953.5,35826,7954.0,823882,26816,86865,-60049,-788056,0.5
1900-01-23 04:56:15,7953.0,862779,7953.5,685478,4776,11266,-6490,177301,0.5
1900-01-23 04:56:30,7953.0,235512,7953.5,752829,14253,106316,-92063,-517317,0.5
1900-01-23 04:56:45,7953.0,491759,7953.5,753758,123,19952,-19829,-261999,0.5
1900-01-23 04:57:00,7953.0,1210670,7953.5,250188,31,63101,-63070,960482,0.5
1900-01-23 04:57:15,7953.0,586488,7953.5,797645,23595,83135,-59540,-211157,0.5
1900-01-23 04:57:30,7953.0,502630,7953.5,805069,23595,23604,-9,-302439,0.5
1900-01-23 04:57:45,7953.0,455227,7953.5,501756,11996,35124,-23128,-46529,0.5
1900-01-23 04:58:00,7953.0,517728,7953.5,525298,16600,10670,5930,-7570,0.5
1900-01-23 04:58:15,7953.0,260675,7953.5,677270,1180,4000,-2820,-416595,0.5
1900-01-23 04:58:30,7953.0,53438,7953.5,692192,2500,12816,-10316,-638754,0.5
1900-01-23 04:58:45,7952.0,266783,7952.5,1017405,2010,63832,-61822,-750622,0.5
1900-01-23 04:59:00,7950.0,48725,7950.5,971364,2010,123818,-121808,-922639,0.5
1900-01-23 04:59:15,7950.0,959482,7950.5,224328,6611,26452,-19841,735154,0.5
1900-01-23 04:59:30,7950.0,1334243,7950.5,256910,22673,2528,20145,1077333,0.5
1900-01-23 04:59:45,7950.0,1317050,7950.5,209901,81651,3624,78027,1107149,0.5
1900-01-23 05:00:00,7950.0,1765352,7950.5,64866,34212,29210,5002,1700486,0.5
1900-01-23 05:00:15,7953.0,1734085,7953.5,91742,50152,9819,40333,1642343,0.5
1900-01-23 05:00:30,7955.0,1693485,7955.5,13703,59225,10001,49224,1679782,0.5
1900-01-23 05:00:45,7957.5,947044,7958.0,226061,140242,1,140241,720983,0.5
1900-01-23 05:01:00,7959.5,931697,7960.0,393381,242203,11978,230225,538316,0.5
1900-01-23 05:01:15,7959.5,1154117,7960.0,595093,141047,13317,127730,559024,0.5
1900-01-23 05:01:30,7964.0,892557,7964.5,4596,198822,23493,175329,887961,0.5
1900-01-23 05:01:45,7964.0,20,7964.5,116608,140054,557909,-417855,-116588,0.5
1900-01-23 05:02:00,7958.5,405805,7959.0,217454,21934,86379,-64445,188351,0.5
1900-01-23 05:02:15,7958.5,393940,7959.0,610752,11783,1200,10583,-216812,0.5
1900-01-23 05:02:30,7956.0,30031,7956.5,820723,2923,58617,-55694,-790692,0.5
1900-01-23 05:02:45,7955.0,464290,7955.5,757507,9930,42863,-32933,-293217,0.5
1900-01-23 05:03:00,7955.0,1039702,7955.5,526765,9250,51835,-42585,512937,0.5
1900-01-23 05:03:15,7955.0,412816,7955.5,1052628,9850,31627,-21777,-639812,0.5
1900-01-23 05:03:30,7955.0,1012272,7955.5,249660,20530,7119,13411,762612,0.5
1900-01-23 05:03:45,7955.0,405451,7955.5,934530,200,7510,-7310,-529079,0.5
1900-01-23 05:04:00,7955.0,275661,7955.5,978056,239,110100,-109861,-702395,0.5
1900-01-23 05:04:15,7955.0,341679,7955.5,949228,12000,44800,-32800,-607549,0.5
1900-01-23 05:04:30,7955.0,224559,7955.5,980970,155,6178,-6023,-756411,0.5
1900-01-23 05:04:45,7952.0,47639,7952.5,1012444,12,133383,-133371,-964805,0.5
1900-01-23 05:05:00,7952.0,115071,7952.5,1030991,365,16908,-16543,-915920,0.5
1900-01-23 05:05:15,7952.0,439555,7952.5,755128,550,23501,-22951,-315573,0.5
1900-01-23 05:05:30,7952.0,429577,7952.5,682560,1060,7355,-6295,-252983,0.5
1900-01-23 05:05:45,7951.5,42521,7952.0,865724,7587,3455,4132,-823203,0.5
1900-01-23 05:06:00,7951.0,849437,7951.5,232341,26664,18128,8536,617096,0.5
1900-01-23 05:06:15,7951.0,257542,7951.5,740492,7394,31050,-23656,-482950,0.5
1900-01-23 05:06:30,7951.0,348969,7951.5,707526,21608,94,21514,-358557,0.5
1900-01-23 05:06:45,7951.0,795452,7951.5,327567,20388,4050,16338,467885,0.5
1900-01-23 05:07:00,7951.0,389005,7951.5,723173,2862,32675,-29813,-334168,0.5
1900-01-23 05:07:15,7951.0,757759,7951.5,361244,7400,31140,-23740,396515,0.5
1900-01-23 05:07:30,7951.0,801860,7951.5,218196,118798,28100,90698,583664,0.5
1900-01-23 05:07:45,7951.0,850222,7951.5,471257,2300,4541,-2241,378965,0.5
1900-01-23 05:08:00,7951.0,105162,7951.5,942936,327,58969,-58642,-837774,0.5
1900-01-23 05:08:15,7950.0,581627,7950.5,743384,12251,60693,-48442,-161757,0.5
1900-01-23 05:08:30,7949.5,28844,7950.0,1106937,10500,59208,-48708,-1078093,0.5
1900-01-23 05:08:45,7946.5,7644,7947.0,877001,59491,503479,-443988,-869357,0.5
1900-01-23 05:09:00,7943.0,4123,7943.5,322123,25415,66529,-41114,-318000,0.5
1900-01-23 05:09:15,7942.5,229512,7943.0,1131813,33114,95043,-61929,-902301,0.5
1900-01-23 05:09:30,7942.0,309700,7942.5,942197,560,99831,-99271,-632497,0.5
1900-01-23 05:09:45,7942.0,1181129,7942.5,377243,5878,33326,-27448,803886,0.5
1900-01-23 05:10:00,7942.0,235321,7942.5,905588,23465,149545,-126080,-670267,0.5
1900-01-23 05:10:15,7942.0,180794,7942.5,988669,23465,78412,-54947,-807875,0.5
1900-01-23 05:10:30,7941.5,976781,7942.0,381671,29385,9424,19961,595110,0.5
1900-01-23 05:10:45,7941.5,1037325,7942.0,176856,79145,601,78544,860469,0.5
1900-01-23 05:11:00,7941.5,970596,7942.0,516580,13611,12502,1109,454016,0.5
1900-01-23 05:11:15,7941.5,651108,7942.0,840004,12838,50,12788,-188896,0.5
1900-01-23 05:11:30,7941.5,543264,7942.0,826932,870,118841,-117971,-283668,0.5
1900-01-23 05:11:45,7941.5,713821,7942.0,342406,43230,120443,-77213,371415,0.5
1900-01-23 05:12:00,7944.5,989564,7945.0,38963,102227,73038,29189,950601,0.5
1900-01-23 05:12:15,7945.0,1220357,7945.5,14044,24117,100,24017,1206313,0.5
1900-01-23 05:12:30,7946.0,1643368,7946.5,51118,40216,3000,37216,1592250,0.5
1900-01-23 05:12:45,7949.0,1044721,7949.5,9882,37659,23667,13992,1034839,0.5
1900-01-23 05:13:00,7949.5,1065446,7950.0,150520,57532,2530,55002,914926,0.5
1900-01-23 05:13:15,7950.5,943731,7951.0,341588,32076,2530,29546,602143,0.5
1900-01-23 05:13:30,7950.5,473341,7951.0,1000817,6443,2100,4343,-527476,0.5
1900-01-23 05:13:45,7950.5,259589,7951.0,1078215,560,122112,-121552,-818626,0.5
1900-01-23 05:14:00,7950.5,69559,7951.0,1145532,51500,137485,-85985,-1075973,0.5
1900-01-23 05:14:15,7950.5,77332,7951.0,1327172,11000,34942,-23942,-1249840,0.5
1900-01-23 05:14:30,7950.0,250560,7950.5,933207,500,138937,-138437,-682647,0.5
1900-01-23 05:14:45,7950.0,436831,7950.5,905359,9006,1100,7906,-468528,0.5
1900-01-23 05:15:00,7952.5,1098519,7953.0,298845,142319,40166,102153,799674,0.5
1900-01-23 05:15:15,7952.5,1600795,7953.0,389073,11975,40166,-28191,1211722,0.5
1900-01-23 05:15:30,7952.5,1441348,7953.0,282668,132332,21461,110871,1158680,0.5
1900-01-23 05:15:45,7952.5,216605,7953.0,928170,5590,21491,-15901,-711565,0.5
1900-01-23 05:16:00,7950.0,216124,7950.5,879315,5423,45966,-40543,-663191,0.5
1900-01-23 05:16:15,7948.5,12015,7949.0,854557,1633,23566,-21933,-842542,0.5
1900-01-23 05:16:30,7947.5,594691,7948.0,856796,87,6351,-6264,-262105,0.5
1900-01-23 05:16:45,7947.5,203242,7948.0,937514,9576,12446,-2870,-734272,0.5
1900-01-23 05:17:00,7947.5,93231,7948.0,1040876,4310,84229,-79919,-947645,0.5
1900-01-23 05:17:15,7947.5,282701,7948.0,944781,790,3997,-3207,-662080,0.5
1900-01-23 05:17:30,7945.0,258759,7945.5,861717,1440,102469,-101029,-602958,0.5
1900-01-23 05:17:45,7945.0,1297773,7945.5,387124,9726,7300,2426,910649,0.5
1900-01-23 05:18:00,7945.0,556018,7945.5,808936,12322,9481,2841,-252918,0.5
1900-01-23 05:18:15,7945.0,243803,7945.5,815191,5750,884,4866,-571388,0.5
1900-01-23 05:18:30,7942.0,985739,7942.5,425410,35150,51080,-15930,560329,0.5
1900-01-23 05:18:45,7940.5,221677,7941.0,682036,73736,97054,-23318,-460359,0.5
1900-01-23 05:19:00,7940.0,333909,7940.5,976407,10145,317839,-307694,-642498,0.5
1900-01-23 05:19:15,7940.0,1168655,7940.5,498836,14742,7099,7643,669819,0.5
1900-01-23 05:19:30,7940.0,958200,7940.5,366114,2,42155,-42153,592086,0.5
1900-01-23 05:19:45,7940.0,376042,7940.5,932442,14505,29228,-14723,-556400,0.5
1900-01-23 05:20:00,7940.0,761,7940.5,1309127,18537,101328,-82791,-1308366,0.5
1900-01-23 05:20:15,7936.0,189819,7936.5,664816,18203,89167,-70964,-474997,0.5
1900-01-23 05:20:30,7935.0,69438,7935.5,1078275,14438,130127,-115689,-1008837,0.5
1900-01-23 05:20:45,7934.0,443381,7934.5,926261,5100,160183,-155083,-482880,0.5
1900-01-23 05:21:00,7934.0,861216,7934.5,946914,8554,129819,-121265,-85698,0.5
1900-01-23 05:21:15,7934.0,1791408,7934.5,23490,50546,28970,21576,1767918,0.5
1900-01-23 05:21:30,7940.0,274649,7940.5,34015,140938,4510,136428,240634,0.5
1900-01-23 05:21:45,7942.0,1257063,7942.5,43254,28055,22000,6055,1213809,0.5
1900-01-23 05:22:00,7942.0,729780,7942.5,803426,2920,17160,-14240,-73646,0.5
1900-01-23 05:22:15,7944.0,1660610,7944.5,54246,69586,2510,67076,1606364,0.5
1900-01-23 05:22:30,7944.0,84405,7944.5,803145,13593,65278,-51685,-718740,0.5
1900-01-23 05:22:45,7942.5,550,7943.0,1075874,38888,6163,32725,-1075324,0.5
1900-01-23 05:23:00,7939.0,505771,7939.5,689968,1373,38653,-37280,-184197,0.5
1900-01-23 05:23:15,7939.0,176601,7939.5,865540,1000,20345,-19345,-688939,0.5
1900-01-23 05:23:30,7938.5,662959,7939.0,485339,930,39511,-38581,177620,0.5
1900-01-23 05:23:45,7938.5,787021,7939.0,502083,1000,49572,-48572,284938,0.5
1900-01-23 05:24:00,7946.0,18000,7947.5,34176,76864,12244,64620,-16176,1.5
1900-01-23 05:24:15,7947.0,390353,7947.5,747119,20605,411,20194,-356766,0.5
1900-01-23 05:24:30,7947.0,457237,7947.5,726918,7000,12209,-5209,-269681,0.5
1900-01-23 05:24:45,7947.0,325810,7947.5,892136,10905,100244,-89339,-566326,0.5
1900-01-23 05:25:00,7941.0,146794,7941.5,535168,24276,101641,-77365,-388374,0.5
1900-01-23 05:25:15,7941.0,1126137,7941.5,34008,34765,4691,30074,1092129,0.5
1900-01-23 05:25:30,7942.0,1107956,7942.5,9361,11106,49295,-38189,1098595,0.5
1900-01-23 05:25:45,7944.5,737819,7945.0,190184,87313,32,87281,547635,0.5
1900-01-23 05:26:00,7944.5,128495,7945.0,1139456,36642,20809,15833,-1010961,0.5
1900-01-23 05:26:15,7944.5,137744,7945.0,1016957,18261,17534,727,-879213,0.5
1900-01-23 05:26:30,7944.5,25848,7945.0,1162677,18261,7948,10313,-1136829,0.5
1900-01-23 05:26:45,7944.5,873921,7945.0,169293,80931,10878,70053,704628,0.5
1900-01-23 05:27:00,7944.5,1126227,7945.0,33315,46253,1000,45253,1092912,0.5
1900-01-23 05:27:15,7947.0,697934,7947.5,352963,11841,2362,9479,344971,0.5
1900-01-23 05:27:30,7947.0,83870,7947.5,1114616,2870,152272,-149402,-1030746,0.5
1900-01-23 05:27:45,7947.0,325781,7947.5,882327,2238,3700,-1462,-556546,0.5
1900-01-23 05:28:00,7944.0,38642,7944.5,882371,6860,4867,1993,-843729,0.5
1900-01-23 05:28:15,7940.5,6645,7942.5,727867,388,11046,-10658,-721222,2.0
1900-01-23 05:28:30,7940.5,1367906,7941.0,65522,27054,67274,-40220,1302384,0.5
1900-01-23 05:28:45,7942.0,1434728,7942.5,154288,1891,700,1191,1280440,0.5
1900-01-23 05:29:00,7942.0,1366527,7942.5,153884,67946,3527,64419,1212643,0.5
1900-01-23 05:29:15,7942.0,900511,7942.5,155627,67946,17527,50419,744884,0.5
1900-01-23 05:29:30,7942.0,641893,7942.5,646609,2500,10082,-7582,-4716,0.5
1900-01-23 05:29:45,7942.0,721685,7942.5,244349,72080,10082,61998,477336,0.5
1900-01-23 05:30:00,7944.0,1158899,7944.5,7564,168487,1556,166931,1151335,0.5
1900-01-23 05:30:15,7945.0,1295472,7945.5,4399,25090,1000,24090,1291073,0.5
1900-01-23 05:30:30,7945.5,56162,7946.0,711855,77790,10162,67628,-655693,0.5
1900-01-23 05:30:45,7945.5,273284,7946.0,686223,400,1000,-600,-412939,0.5
1900-01-23 05:31:00,7945.5,140923,7946.0,700422,3000,5507,-2507,-559499,0.5
1900-01-23 05:31:15,7945.5,284366,7946.0,623081,6219,9339,-3120,-338715,0.5
1900-01-23 05:31:30,7945.5,17070,7946.0,653235,6219,2992,3227,-636165,0.5
1900-01-23 05:31:45,7945.5,699189,7946.0,355628,8700,2435,6265,343561,0.5
1900-01-23 05:32:00,7945.5,239741,7946.0,543485,1523,16096,-14573,-303744,0.5
1900-01-23 05:32:15,7945.5,616804,7946.0,551776,1800,13700,-11900,65028,0.5
1900-01-23 05:32:30,7945.5,951822,7946.0,96173,31376,4100,27276,855649,0.5
1900-01-23 05:32:45,7945.5,1000394,7946.0,62127,11941,8880,3061,938267,0.5
1900-01-23 05:33:00,7945.5,952517,7946.0,55033,13400,6611,6789,897484,0.5
1900-01-23 05:33:15,7945.5,692304,7946.0,33084,17134,794,16340,659220,0.5
1900-01-23 05:33:30,7945.5,1373832,7946.0,7729,119761,1005,118756,1366103,0.5
1900-01-23 05:33:45,7950.0,498986,7950.5,56642,385643,1005,384638,442344,0.5
1900-01-23 05:34:00,7953.0,745485,7953.5,12629,136475,2001,134474,732856,0.5
1900-01-23 05:34:15,7954.0,558152,7954.5,621425,113410,2562,110848,-63273,0.5
1900-01-23 05:34:30,7954.0,615464,7954.5,631440,15308,12283,3025,-15976,0.5
1900-01-23 05:34:45,7953.5,387846,7954.0,907442,24630,19402,5228,-519596,0.5
1900-01-23 05:35:00,7955.5,1703128,7956.0,17971,145021,2100,142921,1685157,0.5
1900-01-23 05:35:15,7958.5,886789,7959.0,5190,51775,8049,43726,881599,0.5
1900-01-23 05:35:30,7959.5,897660,7960.0,174087,318858,12002,306856,723573,0.5
1900-01-23 05:35:45,7964.5,219763,7965.0,601613,201944,59422,142522,-381850,0.5
1900-01-23 05:36:00,7957.0,283977,7957.5,31709,67890,788453,-720563,252268,0.5
1900-01-23 05:36:15,7957.5,466434,7958.0,1102827,67627,2916,64711,-636393,0.5
1900-01-23 05:36:30,7957.5,502518,7958.0,808061,107026,44046,62980,-305543,0.5
1900-01-23 05:36:45,7960.5,1544297,7961.0,6332,275648,2066,273582,1537965,0.5
1900-01-23 05:37:00,7961.5,346820,7962.0,1172222,127961,80875,47086,-825402,0.5
1900-01-23 05:37:15,7961.5,700451,7962.0,82081,85563,15519,70044,618370,0.5
1900-01-23 05:37:30,7961.5,345380,7962.0,986760,4073,7820,-3747,-641380,0.5
1900-01-23 05:37:45,7961.5,134827,7962.0,1446452,16881,28050,-11169,-1311625,0.5
1900-01-23 05:38:00,7958.5,84681,7959.0,811474,5628,100742,-95114,-726793,0.5
1900-01-23 05:38:15,7957.5,1891305,7958.0,17642,72591,60519,12072,1873663,0.5
1900-01-23 05:38:30,7959.5,672437,7960.0,125916,25807,14905,10902,546521,0.5
1900-01-23 05:38:45,7961.5,873193,7962.0,47018,119426,150,119276,826175,0.5
1900-01-23 05:39:00,7961.5,835469,7962.0,63400,53504,3000,50504,772069,0.5
1900-01-23 05:39:15,7957.5,834018,7958.0,359783,48181,350669,-302488,474235,0.5
1900-01-23 05:39:30,7957.5,1222916,7958.0,295653,24100,34558,-10458,927263,0.5
1900-01-23 05:39:45,7957.5,1488392,7958.0,268421,26852,3995,22857,1219971,0.5
1900-01-23 05:40:00,7957.5,1734313,7958.0,71690,54576,12172,42404,1662623,0.5
1900-01-23 05:40:15,7957.5,1816984,7958.0,46609,13101,12172,929,1770375,0.5
1900-01-23 05:40:30,7959.0,1601865,7959.5,47210,97089,136520,-39431,1554655,0.5
1900-01-23 05:40:45,7961.5,1500788,7962.0,20805,59130,8690,50440,1479983,0.5
1900-01-23 05:41:00,7962.0,1078375,7962.5,23106,8386,48192,-39806,1055269,0.5
1900-01-23 05:41:15,7962.5,1466175,7963.0,1443521,26243,57753,-31510,22654,0.5
1900-01-23 05:41:30,7967.0,738077,7967.5,47053,1484443,21,1484422,691024,0.5
1900-01-23 05:41:45,7966.5,170948,7967.0,952212,154598,68273,86325,-781264,0.5
1900-01-23 05:42:00,7966.5,805517,7967.0,481763,101524,161766,-60242,323754,0.5
1900-01-23 05:42:15,7966.5,1014888,7967.0,522793,17695,1090,16605,492095,0.5
1900-01-23 05:42:30,7969.0,570374,7969.5,217726,557785,24110,533675,352648,0.5
1900-01-23 05:42:45,7969.0,1089225,7969.5,49887,140014,12085,127929,1039338,0.5
1900-01-23 05:43:00,7965.5,434113,7966.0,973498,4264,179117,-174853,-539385,0.5
1900-01-23 05:43:15,7965.5,565826,7966.0,665585,17345,34173,-16828,-99759,0.5
1900-01-23 05:43:30,7965.5,443853,7966.0,675933,2409,122086,-119677,-232080,0.5
1900-01-23 05:43:45,7969.0,1542609,7969.5,226221,60481,42205,18276,1316388,0.5
1900-01-23 05:44:00,7969.0,20692,7969.5,993300,23520,23604,-84,-972608,0.5
1900-01-23 05:44:15,7967.5,294913,7968.0,691995,10197,13235,-3038,-397082,0.5
1900-01-23 05:44:30,7967.5,592931,7968.0,494214,27394,16599,10795,98717,0.5
1900-01-23 05:44:45,7967.5,737154,7968.0,260332,53722,24101,29621,476822,0.5
1900-01-23 05:45:00,7967.5,130747,7968.0,497760,172746,31400,141346,-367013,0.5
1900-01-23 05:45:15,7965.0,27046,7965.5,234075,19835,91079,-71244,-207029,0.5
1900-01-23 05:45:30,7963.0,145164,7963.5,653180,200,27857,-27657,-508016,0.5
1900-01-23 05:45:45,7963.0,813920,7963.5,347756,20776,30520,-9744,466164,0.5
1900-01-23 05:46:00,7963.0,1502477,7963.5,82306,15145,29820,-14675,1420171,0.5
1900-01-23 05:46:15,7963.5,1099545,7964.0,154997,95157,104602,-9445,944548,0.5
1900-01-23 05:46:30,7963.5,1395239,7964.0,80182,83130,4160,78970,1315057,0.5
1900-01-23 05:46:45,7963.5,1444485,7964.0,87351,42628,13220,29408,1357134,0.5
1900-01-23 05:47:00,7964.5,594006,7965.0,776872,12925,15510,-2585,-182866,0.5
1900-01-23 05:47:15,7964.5,134624,7965.0,1000548,10724,15796,-5072,-865924,0.5
1900-01-23 05:47:30,7958.0,123314,7958.5,523143,550,163905,-163355,-399829,0.5
1900-01-23 05:47:45,7958.0,1561097,7958.5,51694,90783,3670,87113,1509403,0.5
1900-01-23 05:48:00,7958.0,1872545,7958.5,13951,19145,17667,1478,1858594,0.5
1900-01-23 05:48:15,7958.0,2487254,7958.5,153117,7860,11075,-3215,2334137,0.5
1900-01-23 05:48:30,7960.0,1265948,7960.5,1168,91978,10000,81978,1264780,0.5
1900-01-23 05:48:45,7963.0,1359556,7963.5,45939,58163,5400,52763,1313617,0.5
1900-01-23 05:49:00,7963.0,879951,7963.5,638633,17992,10351,7641,241318,0.5
1900-01-23 05:49:15,7963.0,1094387,7963.5,305498,42031,520,41511,788889,0.5
1900-01-23 05:49:30,7963.0,613146,7963.5,583009,19997,1616,18381,30137,0.5
1900-01-23 05:49:45,7963.0,1002063,7963.5,254602,10523,1616,8907,747461,0.5
1900-01-23 05:50:00,7963.0,393737,7963.5,704119,5744,330,5414,-310382,0.5
1900-01-23 05:50:15,7963.0,192276,7963.5,980345,21,88218,-88197,-788069,0.5
1900-01-23 05:50:30,7963.0,386348,7963.5,1177083,80,10080,-10000,-790735,0.5
1900-01-23 05:50:45,7963.0,65328,7963.5,1061676,19877,93939,-74062,-996348,0.5
1900-01-23 05:51:00,7963.0,3299,7963.5,1274606,5551,8498,-2947,-1271307,0.5
1900-01-23 05:51:15,7959.0,63835,7959.5,603659,3028,10020,-6992,-539824,0.5
1900-01-23 05:51:30,7955.0,905871,7955.5,726228,4868,61188,-56320,179643,0.5
1900-01-23 05:51:45,7955.0,250203,7955.5,642974,100,88431,-88331,-392771,0.5
1900-01-23 05:52:00,7955.0,282640,7955.5,692474,2040,39070,-37030,-409834,0.5
1900-01-23 05:52:15,7955.0,831169,7955.5,450172,975,4453,-3478,380997,0.5
1900-01-23 05:52:30,7954.5,39357,7955.0,581248,7002,21394,-14392,-541891,0.5
1900-01-23 05:52:45,7954.5,6828,7955.0,1249271,500,65146,-64646,-1242443,0.5
1900-01-23 05:53:00,7952.5,2508723,7953.0,316327,5146,41009,-35863,2192396,0.5
1900-01-23 05:53:15,7955.0,902875,7955.5,73824,134308,4469,129839,829051,0.5
1900-01-23 05:53:30,7955.0,936710,7955.5,333641,50465,9380,41085,603069,0.5
1900-01-23 05:53:45,7955.0,1457739,7955.5,29269,40765,3616,37149,1428470,0.5
1900-01-23 05:54:00,7956.5,1499916,7957.0,4856,43239,1988,41251,1495060,0.5
1900-01-23 05:54:15,7957.0,1202334,7957.5,51268,3482,83,3399,1151066,0.5
1900-01-23 05:54:30,7957.0,1528857,7957.5,237980,5329,7853,-2524,1290877,0.5
1900-01-23 05:54:45,7957.0,1568504,7957.5,280001,6000,5098,902,1288503,0.5
1900-01-23 05:55:00,7957.0,1695096,7957.5,234697,20266,16,20250,1460399,0.5
1900-01-23 05:55:15,7957.0,1092822,7957.5,261966,19901,1000,18901,830856,0.5
1900-01-23 05:55:30,7957.0,278489,7957.5,885653,3152,1490,1662,-607164,0.5
1900-01-23 05:55:45,7957.0,599250,7957.5,769463,57109,7046,50063,-170213,0.5
1900-01-23 05:56:00,7957.0,789658,7957.5,695537,13027,2517,10510,94121,0.5
1900-01-23 05:56:15,7957.0,1000887,7957.5,391637,1900,30011,-28111,609250,0.5
1900-01-23 05:56:30,7957.0,555078,7957.5,901589,28,16,12,-346511,0.5
1900-01-23 05:56:45,7956.5,32264,7957.0,905225,15026,55247,-40221,-872961,0.5
1900-01-23 05:57:00,7956.5,239758,7957.0,717945,1015,2029,-1014,-478187,0.5
1900-01-23 05:57:15,7956.5,34917,7957.0,1036933,3701,9,3692,-1002016,0.5
1900-01-23 05:57:30,7957.0,1449537,7957.5,136252,76915,17179,59736,1313285,0.5
1900-01-23 05:57:45,7957.0,1319444,7957.5,127641,25589,771,24818,1191803,0.5
1900-01-23 05:58:00,7957.0,1192142,7957.5,74144,52025,200,51825,1117998,0.5
1900-01-23 05:58:15,7957.0,1300171,7957.5,21019,5650,915,4735,1279152,0.5
1900-01-23 05:58:30,7957.0,980914,7957.5,120417,5971,16,5955,860497,0.5
1900-01-23 05:58:45,7957.0,1670207,7957.5,83559,4708,16,4692,1586648,0.5
1900-01-23 05:59:00,7957.0,1047870,7957.5,116020,8201,88612,-80411,931850,0.5
1900-01-23 05:59:15,7957.0,367040,7957.5,805140,8201,5146,3055,-438100,0.5
1900-01-23 05:59:30,7957.0,348728,7957.5,872709,4300,2000,2300,-523981,0.5
1900-01-23 05:59:45,7957.0,343442,7957.5,923554,20501,7937,12564,-580112,0.5
1900-01-23 06:00:00,7957.0,1032636,7957.5,292384,121245,48138,73107,740252,0.5
1900-01-23 06:00:15,7959.5,1260769,7960.0,25467,81657,6296,75361,1235302,0.5
1900-01-23 06:00:30,7960.5,432803,7961.0,987335,3927,17151,-13224,-554532,0.5
1900-01-23 06:00:45,7960.5,265551,7961.0,2541112,3684,29524,-25840,-2275561,0.5
1900-01-23 06:01:00,7960.5,256138,7961.0,1049122,3198,131568,-128370,-792984,0.5
1900-01-23 06:01:15,7960.5,65451,7961.0,1221221,64169,15089,49080,-1155770,0.5
1900-01-23 06:01:30,7960.5,14319,7961.0,1276645,3979,4849,-870,-1262326,0.5
1900-01-23 06:01:45,7959.0,28741,7959.5,984025,1812,276479,-274667,-955284,0.5
1900-01-23 06:02:00,7959.0,82290,7959.5,1046835,1812,23282,-21470,-964545,0.5
1900-01-23 06:02:15,7960.0,962019,7960.5,34937,14773,4278,10495,927082,0.5
1900-01-23 06:02:30,7960.0,1159820,7960.5,45861,1360,8640,-7280,1113959,0.5
1900-01-23 06:02:45,7963.5,1248241,7964.0,88011,169571,1040,168531,1160230,0.5
1900-01-23 06:03:00,7963.5,1015853,7964.0,181195,48833,1040,47793,834658,0.5
1900-01-23 06:03:15,7963.5,1125996,7964.0,580421,39860,5000,34860,545575,0.5
1900-01-23 06:03:30,7963.5,1145656,7964.0,212175,3581,1,3580,933481,0.5
1900-01-23 06:03:45,7963.5,1057132,7964.0,259368,22211,5420,16791,797764,0.5
1900-01-23 06:04:00,7963.5,1202078,7964.0,445901,21709,12456,9253,756177,0.5
1900-01-23 06:04:15,7963.5,1166128,7964.0,512594,21609,301,21308,653534,0.5
1900-01-23 06:04:30,7958.5,68155,7959.0,455165,8256,76523,-68267,-387010,0.5
1900-01-23 06:04:45,7958.5,63521,7959.0,1210338,40,11506,-11466,-1146817,0.5
1900-01-23 06:05:00,7958.0,653037,7958.5,881618,500,8692,-8192,-228581,0.5
1900-01-23 06:05:15,7958.0,687305,7958.5,869384,205,584,-379,-182079,0.5
1900-01-23 06:05:30,7958.0,75070,7958.5,839914,99449,103733,-4284,-764844,0.5
1900-01-23 06:05:45,7955.5,210151,7956.0,886208,47753,90629,-42876,-676057,0.5
1900-01-23 06:06:00,7955.5,163498,7956.0,1092637,15977,43052,-27075,-929139,0.5
1900-01-23 06:06:15,7955.0,276249,7955.5,1025353,5110,69738,-64628,-749104,0.5
1900-01-23 06:06:30,7955.0,489593,7955.5,1020921,1920,21030,-19110,-531328,0.5
1900-01-23 06:06:45,7955.0,401485,7955.5,1340468,7591,71950,-64359,-938983,0.5
1900-01-23 06:07:00,7950.0,56134,7950.5,2032610,2902,171747,-168845,-1976476,0.5
1900-01-23 06:07:15,7949.0,6599,7949.5,1605995,5931,21722,-15791,-1599396,0.5
1900-01-23 06:07:30,7948.0,844094,7948.5,582936,88230,12610,75620,261158,0.5
1900-01-23 06:07:45,7949.0,948195,7949.5,65568,271430,6610,264820,882627,0.5
1900-01-23 06:08:00,7949.0,1043325,7949.5,62154,34166,61245,-27079,981171,0.5
1900-01-23 06:08:15,7949.0,1008777,7949.5,73593,28049,11681,16368,935184,0.5
1900-01-23 06:08:30,7949.0,861345,7949.5,451615,6409,22103,-15694,409730,0.5
1900-01-23 06:08:45,7949.0,981395,7949.5,120225,30511,15215,15296,861170,0.5
1900-01-23 06:09:00,7949.0,1296594,7949.5,53062,46098,6754,39344,1243532,0.5
1900-01-23 06:09:15,7949.5,468822,7950.0,651213,19483,42925,-23442,-182391,0.5
1900-01-23 06:09:30,7949.5,303700,7950.0,817797,19483,44544,-25061,-514097,0.5
1900-01-23 06:09:45,7949.5,454756,7950.0,756529,19483,9097,10386,-301773,0.5
1900-01-23 06:10:00,7949.5,827070,7950.0,495278,30950,1000,29950,331792,0.5
1900-01-23 06:10:15,7949.5,1294205,7950.0,90447,97820,2564,95256,1203758,0.5
1900-01-23 06:10:30,7949.5,1436982,7950.0,178569,27113,2500,24613,1258413,0.5
1900-01-23 06:10:45,7949.5,1539788,7950.0,146773,1961,350,1611,1393015,0.5
1900-01-23 06:11:00,7949.5,1004652,7950.0,695930,3651,26,3625,308722,0.5
1900-01-23 06:11:15,7949.5,868744,7950.0,990772,35468,6,35462,-122028,0.5
1900-01-23 06:11:30,7949.5,802915,7950.0,927311,55284,1,55283,-124396,0.5
1900-01-23 06:11:45,7949.5,784495,7950.0,1021198,16242,5047,11195,-236703,0.5
1900-01-23 06:12:00,7949.5,622721,7950.0,1125132,7000,187,6813,-502411,0.5
1900-01-23 06:12:15,7949.5,500574,7950.0,820203,2864,25019,-22155,-319629,0.5
1900-01-23 06:12:30,7949.5,441979,7950.0,1322031,2864,4000,-1136,-880052,0.5
1900-01-23 06:12:45,7949.5,1011866,7950.0,426391,10612,6760,3852,585475,0.5
1900-01-23 06:13:00,7949.5,1276550,7950.0,85588,25320,6760,18560,1190962,0.5
1900-01-23 06:13:15,7950.0,836341,7950.5,293863,91349,1700,89649,542478,0.5
1900-01-23 06:13:30,7950.0,893200,7950.5,195936,91575,18005,73570,697264,0.5
1900-01-23 06:13:45,7950.5,836828,7951.0,212094,167923,51283,116640,624734,0.5
1900-01-23 06:14:00,7950.5,912785,7951.0,269856,1607,4000,-2393,642929,0.5
1900-01-23 06:14:15,7950.5,1413593,7951.0,73928,2050,10400,-8350,1339665,0.5
1900-01-23 06:14:30,7950.5,1322318,7951.0,98727,11201,1701,9500,1223591,0.5
1900-01-23 06:14:45,7950.5,1108312,7951.0,149915,5220,1701,3519,958397,0.5
1900-01-23 06:15:00,7950.5,1105882,7951.0,93682,2651,5990,-3339,1012200,0.5
1900-01-23 06:15:15,7951.0,1680641,7951.5,219,185400,9016,176384,1680422,0.5
1900-01-23 06:15:30,7951.5,1742960,7952.0,86117,132601,49365,83236,1656843,0.5
1900-01-23 06:15:45,7955.0,1304665,7955.5,24342,111371,4503,106868,1280323,0.5
1900-01-23 06:16:00,7961.0,667301,7961.5,526876,648824,8200,640624,140425,0.5
1900-01-23 06:16:15,7961.0,476420,7961.5,1082814,34403,100,34303,-606394,0.5
1900-01-23 06:16:30,7961.0,1080082,7961.5,693727,233834,18929,214905,386355,0.5
1900-01-23 06:16:45,7961.0,1028239,7961.5,326241,126640,5813,120827,701998,0.5
1900-01-23 06:17:00,7961.0,774855,7961.5,682401,6550,1400,5150,92454,0.5
1900-01-23 06:17:15,7961.0,541760,7961.5,971855,21500,16940,4560,-430095,0.5
1900-01-23 06:17:30,7961.0,997582,7961.5,423242,11685,10297,1388,574340,0.5
1900-01-23 06:17:45,7961.0,908036,7961.5,492300,9575,1510,8065,415736,0.5
1900-01-23 06:18:00,7961.0,602905,7961.5,894610,34222,10521,23701,-291705,0.5
1900-01-23 06:18:15,7958.0,18578,7958.5,1031731,9315,225157,-215842,-1013153,0.5
1900-01-23 06:18:30,7954.5,109385,7955.0,1204234,9315,4206,5109,-1094849,0.5
1900-01-23 06:18:45,7954.5,563140,7955.0,573822,1084,33368,-32284,-10682,0.5
1900-01-23 06:19:00,7954.5,643482,7955.0,506230,136,19000,-18864,137252,0.5
1900-01-23 06:19:15,7954.5,104853,7955.0,1147278,1370,50,1320,-1042425,0.5
1900-01-23 06:19:30,7954.5,596083,7955.0,552805,5760,5314,446,43278,0.5
1900-01-23 06:19:45,7954.5,703185,7955.0,513698,2050,1777,273,189487,0.5
1900-01-23 06:20:00,7954.5,1014236,7955.0,50155,57779,1347,56432,964081,0.5
1900-01-23 06:20:15,7954.5,1094325,7955.0,212997,133907,500,133407,881328,0.5
1900-01-23 06:20:30,7954.5,652668,7955.0,433744,45111,200,44911,218924,0.5
1900-01-23 06:20:45,7954.5,833830,7955.0,380322,8255,200,8055,453508,0.5
1900-01-23 06:21:00,7954.5,992263,7955.0,354245,20689,320,20369,638018,0.5
1900-01-23 06:21:15,7954.5,1046095,7955.0,163149,3051,320,2731,882946,0.5
1900-01-23 06:21:30,7954.5,1408366,7955.0,99009,65074,1,65073,1309357,0.5
1900-01-23 06:21:45,7954.5,1261267,7955.0,76321,26812,48523,-21711,1184946,0.5
1900-01-23 06:22:00,7954.5,816403,7955.0,568887,21523,17630,3893,247516,0.5
1900-01-23 06:22:15,7951.5,89146,7952.0,1008612,1569,44094,-42525,-919466,0.5
1900-01-23 06:22:30,7951.5,701954,7952.0,850387,2969,18105,-15136,-148433,0.5
1900-01-23 06:22:45,7944.0,3037,7944.5,685076,6096,128064,-121968,-682039,0.5
1900-01-23 06:23:00,7951.0,203694,7951.5,76943,34825,63024,-28199,126751,0.5
1900-01-23 06:23:15,7948.0,71,7948.5,191826,7087,22441,-15354,-191755,0.5
1900-01-23 06:23:30,7944.5,817915,7945.0,368494,11,56460,-56449,449421,0.5
1900-01-23 06:23:45,7942.0,851325,7942.5,485449,2810,79924,-77114,365876,0.5
1900-01-23 06:24:00,7942.0,200145,7942.5,658105,42228,79421,-37193,-457960,0.5
1900-01-23 06:24:15,7940.0,449320,7940.5,962500,35070,725694,-690624,-513180,0.5
1900-01-23 06:24:30,7938.0,112516,7938.5,778542,15356,525345,-509989,-666026,0.5
1900-01-23 06:24:45,7938.0,970967,7938.5,382468,55555,75590,-20035,588499,0.5
1900-01-23 06:25:00,7938.0,531844,7938.5,1231628,5898,53099,-47201,-699784,0.5
1900-01-23 06:25:15,7938.0,445386,7938.5,1380461,17996,80800,-62804,-935075,0.5
1900-01-23 06:25:30,7938.0,246844,7938.5,1356814,10406,169887,-159481,-1109970,0.5
1900-01-23 06:25:45,7938.0,709467,7938.5,576438,163540,24932,138608,133029,0.5
1900-01-23 06:26:00,7938.0,399104,7938.5,795036,13654,58100,-44446,-395932,0.5
1900-01-23 06:26:15,7938.0,755040,7938.5,464800,18350,220,18130,290240,0.5
1900-01-23 06:26:30,7938.0,893330,7938.5,692484,1000,12700,-11700,200846,0.5
1900-01-23 06:26:45,7938.0,960865,7938.5,681946,23763,12056,11707,278919,0.5
1900-01-23 06:27:00,7938.5,1130969,7939.0,124624,357641,3394,354247,1006345,0.5
1900-01-23 06:27:15,7939.5,712364,7940.0,700746,153159,153594,-435,11618,0.5
1900-01-23 06:27:30,7939.5,853295,7940.0,427810,60890,2000,58890,425485,0.5
1900-01-23 06:27:45,7939.5,439823,7940.0,823105,43597,1080,42517,-383282,0.5
1900-01-23 06:28:00,7939.5,341474,7940.0,1040391,10326,6700,3626,-698917,0.5
1900-01-23 06:28:15,7939.5,373060,7940.0,1014549,41700,3020,38680,-641489,0.5
1900-01-23 06:28:30,7939.5,347623,7940.0,996157,1582,55055,-53473,-648534,0.5
1900-01-23 06:28:45,7939.5,227786,7940.0,975133,1582,15750,-14168,-747347,0.5
1900-01-23 06:29:00,7938.5,18332,7939.0,936945,17030,53260,-36230,-918613,0.5
1900-01-23 06:29:15,7938.5,10521,7939.0,1483889,14636,15551,-915,-1473368,0.5
1900-01-23 06:29:30,7937.0,56869,7937.5,1034413,2500,34675,-32175,-977544,0.5
1900-01-23 06:29:45,7936.5,104769,7937.0,910436,11841,35556,-23715,-805667,0.5
1900-01-23 06:30:00,7936.5,65758,7937.0,1119576,19713,43889,-24176,-1053818,0.5
1900-01-23 06:30:15,7936.5,651524,7937.0,481140,24261,19792,4469,170384,0.5
1900-01-23 06:30:30,7936.5,928178,7937.0,19337,15907,291,15616,908841,0.5
1900-01-23 06:30:45,7939.0,191341,7939.5,870480,48168,10520,37648,-679139,0.5
1900-01-23 06:31:00,7939.0,771420,7939.5,273321,23404,10520,12884,498099,0.5
1900-01-23 06:31:15,7939.0,863064,7939.5,252735,26011,16920,9091,610329,0.5
1900-01-23 06:31:30,7939.0,634892,7939.5,616907,10236,42,10194,17985,0.5
1900-01-23 06:31:45,7939.0,949911,7939.5,199263,15750,2361,13389,750648,0.5
1900-01-23 06:32:00,7939.0,1234847,7939.5,12837,50146,3600,46546,1222010,0.5
1900-01-23 06:32:15,7941.5,935938,7942.0,5726,235091,20000,215091,930212,0.5
1900-01-23 06:32:30,7943.5,1073708,7944.0,9692,38332,5,38327,1064016,0.5
1900-01-23 06:32:45,7944.0,1069690,7944.5,26741,17706,2396,15310,1042949,0.5
1900-01-23 06:33:00,7944.0,698269,7944.5,83311,33222,654,32568,614958,0.5
1900-01-23 06:33:15,7944.0,891915,7944.5,18278,24274,23038,1236,873637,0.5
1900-01-23 06:33:30,7944.0,1008599,7944.5,298278,15440,800,14640,710321,0.5
1900-01-23 06:33:45,7945.0,626101,7945.5,9090,97371,1500,95871,617011,0.5
1900-01-23 06:34:00,7945.5,805677,7946.0,442897,84156,1495,82661,362780,0.5
1900-01-23 06:34:15,7945.5,1170099,7946.0,131951,24333,1495,22838,1038148,0.5
1900-01-23 06:34:30,7946.0,1126607,7946.5,53402,51457,1495,49962,1073205,0.5
1900-01-23 06:34:45,7946.5,1250935,7947.0,256045,619506,100,619406,994890,0.5
1900-01-23 06:35:00,7946.5,916801,7947.0,66108,71750,1800,69950,850693,0.5
1900-01-23 06:35:15,7946.5,1074159,7947.0,7007,27459,300,27159,1067152,0.5
1900-01-23 06:35:30,7949.5,396483,7950.0,949654,1041968,10001,1031967,-553171,0.5
1900-01-23 06:35:45,7947.5,1020407,7948.0,625189,21505,26238,-4733,395218,0.5
1900-01-23 06:36:00,7947.5,1249741,7948.0,1706790,10060,5828,4232,-457049,0.5
1900-01-23 06:36:15,7947.5,1080804,7948.0,1767413,31222,275051,-243829,-686609,0.5
1900-01-23 06:36:30,7947.5,1569604,7948.0,806314,139789,2793,136996,763290,0.5
1900-01-23 06:36:45,7947.5,1212522,7948.0,1507650,9784,841,8943,-295128,0.5
1900-01-23 06:37:00,7947.5,1588301,7948.0,936932,637,156,481,651369,0.5
1900-01-23 06:37:15,7947.5,1609124,7948.0,957000,18775,156,18619,652124,0.5
1900-01-23 06:37:30,7947.5,1654744,7948.0,892165,1590,35000,-33410,762579,0.5
1900-01-23 06:37:45,7947.5,1433516,7948.0,1293,174032,10,174022,1432223,0.5
1900-01-23 06:38:00,7951.5,368972,7952.0,1824965,30518,11673,18845,-1455993,0.5
1900-01-23 06:38:15,7951.5,62987,7952.0,2174565,6415,16904,-10489,-2111578,0.5
1900-01-23 06:38:30,7948.0,758,7948.5,283966,11000,19107,-8107,-283208,0.5
1900-01-23 06:38:45,7947.5,1519477,7948.0,155680,6356,29865,-23509,1363797,0.5
1900-01-23 06:39:00,7947.5,794651,7948.0,1597806,3076,332000,-328924,-803155,0.5
1900-01-23 06:39:15,7947.5,587669,7948.0,1668120,3309,31295,-27986,-1080451,0.5
1900-01-23 06:39:30,7947.5,608282,7948.0,1700510,1160,3800,-2640,-1092228,0.5
1900-01-23 06:39:45,7947.5,666314,7948.0,1569322,18208,300,17908,-903008,0.5
1900-01-23 06:40:00,7947.5,847195,7948.0,1537759,2768,1700,1068,-690564,0.5
1900-01-23 06:40:15,7947.5,863128,7948.0,1565066,4879,1104,3775,-701938,0.5
1900-01-23 06:40:30,7947.5,674129,7948.0,1877236,4879,575,4304,-1203107,0.5
1900-01-23 06:40:45,7947.5,913833,7948.0,1714632,1005,15523,-14518,-800799,0.5
1900-01-23 06:41:00,7947.5,881373,7948.0,1640156,17970,15000,2970,-758783,0.5
1900-01-23 06:41:15,7947.5,1447601,7948.0,1041691,75000,10000,65000,405910,0.5
1900-01-23 06:41:30,7947.5,1227934,7948.0,1031807,2470,10000,-7530,196127,0.5
1900-01-23 06:41:45,7947.5,1279999,7948.0,996985,17366,1,17365,283014,0.5
1900-01-23 06:42:00,7949.0,661328,7949.5,45464,99684,262,99422,615864,0.5
1900-01-23 06:42:15,7949.0,906500,7949.5,130775,24703,5,24698,775725,0.5
1900-01-23 06:42:30,7949.5,1765171,7950.0,284019,10750,8081,2669,1481152,0.5
1900-01-23 06:42:45,7949.5,1613192,7950.0,1209626,18326,8081,10245,403566,0.5
1900-01-23 06:43:00,7949.5,1648170,7950.0,1256896,18326,5,18321,391274,0.5
1900-01-23 06:43:15,7949.5,2018174,7950.0,1345820,60,5,55,672354,0.5
1900-01-23 06:43:30,7949.5,2161768,7950.0,1326617,9079,5,9074,835151,0.5
1900-01-23 06:43:45,7949.5,1549709,7950.0,1832905,6866,1,6865,-283196,0.5
1900-01-23 06:44:00,7949.5,1537308,7950.0,1848462,9066,4000,5066,-311154,0.5
1900-01-23 06:44:15,7949.5,1574571,7950.0,1824895,18590,6000,12590,-250324,0.5
1900-01-23 06:44:30,7949.5,879479,7950.0,1919999,18590,522364,-503774,-1040520,0.5
1900-01-23 06:44:45,7949.5,268651,7950.0,1079860,45,168120,-168075,-811209,0.5
1900-01-23 06:45:00,7949.5,451949,7950.0,1074995,24870,37337,-12467,-623046,0.5
1900-01-23 06:45:15,7949.5,606427,7950.0,777536,30300,26377,3923,-171109,0.5
1900-01-23 06:45:30,7949.5,834425,7950.0,677622,11644,23409,-11765,156803,0.5
1900-01-23 06:45:45,7949.5,751550,7950.0,1018083,5105,1638,3467,-266533,0.5
1900-01-23 06:46:00,7949.5,367091,7950.0,1439312,600,1638,-1038,-1072221,0.5
1900-01-23 06:46:15,7949.0,112405,7949.5,1025527,600,33872,-33272,-913122,0.5
1900-01-23 06:46:30,7946.5,427686,7947.0,2004300,600,413909,-413309,-1576614,0.5
1900-01-23 06:46:45,7946.0,99886,7946.5,1696771,5275,278019,-272744,-1596885,0.5
1900-01-23 06:47:00,7944.0,958424,7944.5,741273,1509,88170,-86661,217151,0.5
1900-01-23 06:47:15,7944.0,231128,7944.5,1382603,3000,56000,-53000,-1151475,0.5
1900-01-23 06:47:30,7944.0,130902,7944.5,1895830,261,82228,-81967,-1764928,0.5
1900-01-23 06:47:45,7944.0,479618,7944.5,1156959,9415,61795,-52380,-677341,0.5
1900-01-23 06:48:00,7944.0,505019,7944.5,1056178,38635,12948,25687,-551159,0.5
1900-01-23 06:48:15,7944.0,500619,7944.5,1129272,15358,2225,13133,-628653,0.5
1900-01-23 06:48:30,7944.0,843641,7944.5,1198479,139,43175,-43036,-354838,0.5
1900-01-23 06:48:45,7944.0,404832,7944.5,1298993,6601,38,6563,-894161,0.5
1900-01-23 06:49:00,7944.0,473850,7944.5,1107037,6601,7900,-1299,-633187,0.5
1900-01-23 06:49:15,7944.0,983719,7944.5,641027,19377,64845,-45468,342692,0.5
1900-01-23 06:49:30,7944.0,397399,7944.5,1192103,5400,1634,3766,-794704,0.5
1900-01-23 06:49:45,7944.0,763749,7944.5,1126955,5400,10000,-4600,-363206,0.5
1900-01-23 06:50:00,7944.0,506399,7944.5,1178218,1000,3750,-2750,-671819,0.5
1900-01-23 06:50:15,7944.0,232566,7944.5,1224289,134,11835,-11701,-991723,0.5
1900-01-23 06:50:30,7944.0,258469,7944.5,1186631,134,18200,-18066,-928162,0.5
1900-01-23 06:50:45,7944.0,271799,7944.5,1304657,5,8200,-8195,-1032858,0.5
1900-01-23 06:51:00,7944.0,202457,7944.5,1609131,2,66767,-66765,-1406674,0.5
1900-01-23 06:51:15,7944.0,36754,7944.5,1418537,50000,68625,-18625,-1381783,0.5
1900-01-23 06:51:30,7943.5,128517,7944.0,1355863,760,18952,-18192,-1227346,0.5
1900-01-23 06:51:45,7942.5,26414,7943.0,1887532,1700,108671,-106971,-1861118,0.5
1900-01-23 06:52:00,7939.5,129734,7940.0,1452575,1011,116394,-115383,-1322841,0.5
1900-01-23 06:52:15,7939.5,11215,7940.0,1761295,1000,59331,-58331,-1750080,0.5
1900-01-23 06:52:30,7936.0,654285,7936.5,994995,4000,205965,-201965,-340710,0.5
1900-01-23 06:52:45,7936.0,595632,7936.5,1129412,17028,96818,-79790,-533780,0.5
1900-01-23 06:53:00,7936.0,1166035,7936.5,55330,196245,8839,187406,1110705,0.5
1900-01-23 06:53:15,7936.5,426232,7937.0,758351,45649,1990,43659,-332119,0.5
1900-01-23 06:53:30,7936.5,179304,7937.0,1202097,4809,68223,-63414,-1022793,0.5
1900-01-23 06:53:45,7936.5,731086,7937.0,186938,54778,64329,-9551,544148,0.5
1900-01-23 06:54:00,7936.5,848022,7937.0,395938,873,2219,-1346,452084,0.5
1900-01-23 06:54:15,7936.5,233429,7937.0,955076,41734,32010,9724,-721647,0.5
1900-01-23 06:54:30,7936.5,246384,7937.0,1061038,7644,10210,-2566,-814654,0.5
1900-01-23 06:54:45,7936.5,43004,7937.0,1974673,1101,91214,-90113,-1931669,0.5
1900-01-23 06:55:00,7936.0,116800,7936.5,1056144,2070,24874,-22804,-939344,0.5
1900-01-23 06:55:15,7934.0,572037,7934.5,740837,6375,72104,-65729,-168800,0.5
1900-01-23 06:55:30,7934.0,446231,7934.5,995291,2838,6801,-3963,-549060,0.5
1900-01-23 06:55:45,7934.0,382335,7934.5,1066066,3385,54211,-50826,-683731,0.5
1900-01-23 06:56:00,7934.0,468651,7934.5,999582,25546,25146,400,-530931,0.5
1900-01-23 06:56:15,7934.0,491802,7934.5,949361,1500,53821,-52321,-457559,0.5
1900-01-23 06:56:30,7934.0,918164,7934.5,258613,6900,24153,-17253,659551,0.5
1900-01-23 06:56:45,7934.0,507484,7934.5,871487,13682,1057,12625,-364003,0.5
1900-01-23 06:57:00,7934.0,855209,7934.5,293519,5613,4098,1515,561690,0.5
1900-01-23 06:57:15,7934.0,886120,7934.5,298339,13684,1678,12006,587781,0.5
1900-01-23 06:57:30,7934.0,919138,7934.5,146706,15679,1808,13871,772432,0.5
1900-01-23 06:57:45,7937.0,1155196,7937.5,205734,104141,100,104041,949462,0.5
1900-01-23 06:58:00,7937.0,1247368,7937.5,120673,100701,39,100662,1126695,0.5
1900-01-23 06:58:15,7937.0,1395553,7937.5,39865,68440,9057,59383,1355688,0.5
1900-01-23 06:58:30,7937.0,1378595,7937.5,72191,25513,9057,16456,1306404,0.5
1900-01-23 06:58:45,7938.0,1418307,7938.5,5292,10314,9057,1257,1413015,0.5
1900-01-23 06:59:00,7941.5,1081274,7942.0,142409,102458,500,101958,938865,0.5
1900-01-23 06:59:15,7941.5,555572,7942.0,1623750,93993,25,93968,-1068178,0.5
1900-01-23 06:59:30,7941.5,486303,7942.0,1129876,9000,577,8423,-643573,0.5
1900-01-23 06:59:45,7941.5,869545,7942.0,882507,53680,23585,30095,-12962,0.5
1900-01-23 07:00:00,7941.5,834723,7942.0,865906,75700,68026,7674,-31183,0.5
1900-01-23 07:00:15,7940.0,20194,7940.5,655850,3600,65740,-62140,-635656,0.5
1900-01-23 07:00:30,7935.0,707297,7935.5,1097445,10000,41859,-31859,-390148,0.5
1900-01-23 07:00:45,7935.0,1483903,7935.5,108911,7553,9444,-1891,1374992,0.5
1900-01-23 07:01:00,7935.0,1051273,7935.5,557733,16090,12200,3890,493540,0.5
1900-01-23 07:01:15,7935.0,982116,7935.5,1111777,15526,7473,8053,-129661,0.5
1900-01-23 07:01:30,7935.0,801297,7935.5,922614,11004,153515,-142511,-121317,0.5
1900-01-23 07:01:45,7935.0,946355,7935.5,800883,10201,27170,-16969,145472,0.5
1900-01-23 07:02:00,7935.0,759679,7935.5,434468,40227,42925,-2698,325211,0.5
1900-01-23 07:02:15,7935.0,1142348,7935.5,54271,3053,6215,-3162,1088077,0.5
1900-01-23 07:02:30,7935.5,124777,7936.0,653704,35209,5695,29514,-528927,0.5
1900-01-23 07:02:45,7935.5,192223,7936.0,721138,550,49069,-48519,-528915,0.5
1900-01-23 07:03:00,7934.5,9738,7935.0,700470,3452,70269,-66817,-690732,0.5
1900-01-23 07:03:15,7930.0,130394,7930.5,877875,13797,276132,-262335,-747481,0.5
1900-01-23 07:03:30,7928.5,6363,7929.0,1297650,22113,120597,-98484,-1291287,0.5
1900-01-23 07:03:45,7926.0,683502,7926.5,333893,20727,172527,-151800,349609,0.5
1900-01-23 07:04:00,7927.0,385991,7927.5,3478,108209,75487,32722,382513,0.5
1900-01-23 07:04:15,7929.0,1822407,7929.5,565924,57938,8012,49926,1256483,0.5
1900-01-23 07:04:30,7929.0,2103657,7929.5,131833,81435,1351,80084,1971824,0.5
1900-01-23 07:04:45,7929.0,1651012,7929.5,762319,21794,91,21703,888693,0.5
1900-01-23 07:05:00,7929.0,1502765,7929.5,1049816,18653,23015,-4362,452949,0.5
1900-01-23 07:05:15,7929.0,1442767,7929.5,1068201,3700,63764,-60064,374566,0.5
1900-01-23 07:05:30,7929.0,142152,7929.5,1047771,3193,5532,-2339,-905619,0.5
1900-01-23 07:05:45,7929.0,1404905,7929.5,1021274,201,17653,-17452,383631,0.5
1900-01-23 07:06:00,7929.0,1779094,7929.5,392950,83767,14370,69397,1386144,0.5
1900-01-23 07:06:15,7929.0,1448050,7929.5,961685,28104,31018,-2914,486365,0.5
1900-01-23 07:06:30,7929.0,1406495,7929.5,985587,2953,5336,-2383,420908,0.5
1900-01-23 07:06:45,7929.0,1318673,7929.5,1008795,1130,111647,-110517,309878,0.5
1900-01-23 07:07:00,7929.0,1324127,7929.5,1310279,51996,23407,28589,13848,0.5
1900-01-23 07:07:15,7929.0,1141137,7929.5,1036759,11586,192270,-180684,104378,0.5
1900-01-23 07:07:30,7929.0,939174,7929.5,1060372,5150,164286,-159136,-121198,0.5
1900-01-23 07:07:45,7929.0,940490,7929.5,1111180,10793,29250,-18457,-170690,0.5
1900-01-23 07:08:00,7929.0,1972257,7929.5,245237,55673,10144,45529,1727020,0.5
1900-01-23 07:08:15,7929.5,481610,7930.0,743266,98313,15510,82803,-261656,0.5
1900-01-23 07:08:30,7929.5,1157681,7930.0,564326,12311,1080,11231,593355,0.5
1900-01-23 07:08:45,7929.5,1700698,7930.0,108072,2350,4658,-2308,1592626,0.5
1900-01-23 07:09:00,7931.5,579319,7932.0,470974,96669,6392,90277,108345,0.5
1900-01-23 07:09:15,7933.0,418596,7933.5,560451,42668,12327,30341,-141855,0.5
1900-01-23 07:09:30,7934.0,1147602,7934.5,616968,32820,16578,16242,530634,0.5
1900-01-23 07:09:45,7934.0,1440708,7934.5,123437,69621,19308,50313,1317271,0.5
1900-01-23 07:10:00,7934.0,1094161,7934.5,796398,77302,1088,76214,297763,0.5
1900-01-23 07:10:15,7934.0,1151670,7934.5,714960,1550,12016,-10466,436710,0.5
1900-01-23 07:10:30,7934.0,1321774,7934.5,512287,53468,7377,46091,809487,0.5
1900-01-23 07:10:45,7934.0,1602604,7934.5,70735,20214,1650,18564,1531869,0.5
1900-01-23 07:11:00,7934.5,1762527,7935.0,398967,8831,40,8791,1363560,0.5
1900-01-23 07:11:15,7938.5,1077764,7939.0,156953,116847,74298,42549,920811,0.5
1900-01-23 07:11:30,7938.5,2745222,7939.0,236329,61408,550,60858,2508893,0.5
1900-01-23 07:11:45,7942.5,649331,7943.0,43528,1342312,8405,1333907,605803,0.5
1900-01-23 07:12:00,7947.5,92821,7948.0,503264,108766,16667,92099,-410443,0.5
1900-01-23 07:12:15,7947.5,49019,7948.0,1427995,115348,98939,16409,-1378976,0.5
1900-01-23 07:12:30,7947.0,232506,7947.5,758667,6859,93647,-86788,-526161,0.5
1900-01-23 07:12:45,7947.0,560618,7947.5,799281,889,26077,-25188,-238663,0.5
1900-01-23 07:13:00,7947.0,12129,7947.5,1310367,24888,181493,-156605,-1298238,0.5
1900-01-23 07:13:15,7947.0,26424,7947.5,936379,24901,6802,18099,-909955,0.5
1900-01-23 07:13:30,7946.5,4713,7947.0,1069657,11600,26334,-14734,-1064944,0.5
1900-01-23 07:13:45,7944.0,68314,7944.5,1026263,10300,107599,-97299,-957949,0.5
1900-01-23 07:14:00,7942.5,645946,7943.0,705334,126,50834,-50708,-59388,0.5
1900-01-23 07:14:15,7942.5,713035,7943.0,765683,15307,1532,13775,-52648,0.5
1900-01-23 07:14:30,7942.5,674418,7943.0,797292,15307,2061,13246,-122874,0.5
1900-01-23 07:14:45,7942.5,709529,7943.0,784701,1510,3048,-1538,-75172,0.5
1900-01-23 07:15:00,7942.5,55480,7943.0,1096602,46339,10027,36312,-1041122,0.5
1900-01-23 07:15:15,7940.5,384,7941.0,1498963,1050,52920,-51870,-1498579,0.5
1900-01-23 07:15:30,7940.0,784370,7940.5,485089,28059,25824,2235,299281,0.5
1900-01-23 07:15:45,7938.0,492774,7938.5,1027565,2004,90206,-88202,-534791,0.5
1900-01-23 07:16:00,7938.0,678607,7938.5,816665,615,25672,-25057,-138058,0.5
1900-01-23 07:16:15,7938.0,72128,7938.5,799394,878,32845,-31967,-727266,0.5
1900-01-23 07:16:30,7935.5,218742,7936.0,716961,1880,64570,-62690,-498219,0.5
1900-01-23 07:16:45,7935.5,211451,7936.0,878957,3296,40705,-37409,-667506,0.5
1900-01-23 07:17:00,7935.5,281678,7936.0,1066474,2247,68976,-66729,-784796,0.5
1900-01-23 07:17:15,7935.5,21948,7936.0,1462725,3958,28897,-24939,-1440777,0.5
1900-01-23 07:17:30,7934.0,21209,7934.5,1150209,2001,23735,-21734,-1129000,0.5
1900-01-23 07:17:45,7933.5,669298,7934.0,585654,5500,62915,-57415,83644,0.5
1900-01-23 07:18:00,7933.5,666777,7934.0,434672,4990,20687,-15697,232105,0.5
1900-01-23 07:18:15,7933.5,238178,7934.0,1286523,800,3100,-2300,-1048345,0.5
1900-01-23 07:18:30,7933.5,144434,7934.0,966985,5700,46757,-41057,-822551,0.5
1900-01-23 07:18:45,7930.5,476524,7931.0,406875,1195,71117,-69922,69649,0.5
1900-01-23 07:19:00,7926.5,126563,7927.0,888617,1442,61032,-59590,-762054,0.5
1900-01-23 07:19:15,7921.0,277353,7921.5,332007,10830,472986,-462156,-54654,0.5
1900-01-23 07:19:30,7927.0,105438,7927.5,1443330,61908,131992,-70084,-1337892,0.5
1900-01-23 07:19:45,7926.5,177425,7927.0,523245,7500,32582,-25082,-345820,0.5
1900-01-23 07:20:00,7926.5,640936,7927.0,473597,11532,20373,-8841,167339,0.5
1900-01-23 07:20:15,7926.5,734119,7927.0,367375,2354,21200,-18846,366744,0.5
1900-01-23 07:20:30,7924.5,195998,7925.0,670927,55800,45272,10528,-474929,0.5
1900-01-23 07:20:45,7924.5,505837,7925.0,494579,62176,8602,53574,11258,0.5
1900-01-23 07:21:00,7924.5,337012,7925.0,1121186,1269,7242,-5973,-784174,0.5
1900-01-23 07:21:15,7921.0,671778,7921.5,279844,40042,20225,19817,391934,0.5
1900-01-23 07:21:30,7921.0,874228,7921.5,51114,53858,11452,42406,823114,0.5
1900-01-23 07:21:45,7924.0,658030,7924.5,230512,82442,41140,41302,427518,0.5
1900-01-23 07:22:00,7924.0,150032,7924.5,843124,58978,3833,55145,-693092,0.5
1900-01-23 07:22:15,7924.0,51425,7924.5,953836,53702,50375,3327,-902411,0.5
1900-01-23 07:22:30,7920.0,283811,7920.5,881972,46561,63766,-17205,-598161,0.5
1900-01-23 07:22:45,7915.5,339795,7916.0,152827,51555,182729,-131174,186968,0.5
1900-01-23 07:23:00,7915.0,199184,7915.5,580311,6134,444710,-438576,-381127,0.5
1900-01-23 07:23:15,7917.0,649889,7917.5,311735,78542,176421,-97879,338154,0.5
1900-01-23 07:23:30,7920.5,825087,7921.0,299314,431599,793,430806,525773,0.5
1900-01-23 07:23:45,7920.5,934817,7921.0,51028,58368,34008,24360,883789,0.5
1900-01-23 07:24:00,7920.5,614652,7921.0,35758,31578,17013,14565,578894,0.5
1900-01-23 07:24:15,7920.5,22122,7921.0,1081226,1405,41479,-40074,-1059104,0.5
1900-01-23 07:24:30,7918.0,700008,7918.5,488346,8711,116792,-108081,211662,0.5
1900-01-23 07:24:45,7918.0,716631,7918.5,560479,6501,39817,-33316,156152,0.5
1900-01-23 07:25:00,7921.5,901143,7922.0,31469,71640,883,70757,869674,0.5
1900-01-23 07:25:15,7932.5,224622,7933.0,1025150,76126,12447,63679,-800528,0.5
1900-01-23 07:25:30,7932.5,36424,7933.0,1321780,3575,21834,-18259,-1285356,0.5
1900-01-23 07:25:45,7930.5,125392,7931.0,1245565,300,60466,-60166,-1120173,0.5
1900-01-23 07:26:00,7929.5,18889,7930.0,1196180,45441,10375,35066,-1177291,0.5
1900-01-23 07:26:15,7932.5,324927,7933.0,52211,175128,37388,137740,272716,0.5
1900-01-23 07:26:30,7932.5,1249520,7933.0,23604,52759,6201,46558,1225916,0.5
1900-01-23 07:26:45,7937.0,1190206,7937.5,6532,435479,1315,434164,1183674,0.5
1900-01-23 07:27:00,7937.0,240201,7937.5,908815,8516,28054,-19538,-668614,0.5
1900-01-23 07:27:15,7937.0,61888,7937.5,778113,17142,129461,-112319,-716225,0.5
1900-01-23 07:27:30,7935.5,197426,7936.0,588662,3780,22372,-18592,-391236,0.5
1900-01-23 07:27:45,7935.5,33064,7936.0,1089164,3352,54533,-51181,-1056100,0.5
1900-01-23 07:28:00,7935.0,989409,7935.5,117255,140593,38773,101820,872154,0.5
1900-01-23 07:28:15,7935.0,1278623,7935.5,36253,47839,29100,18739,1242370,0.5
1900-01-23 07:28:30,7935.5,1205967,7936.0,41246,292927,5100,287827,1164721,0.5
1900-01-23 07:28:45,7935.5,1136632,7936.0,14294,39383,13610,25773,1122338,0.5
1900-01-23 07:29:00,7936.5,1509455,7937.0,288305,262763,27008,235755,1221150,0.5
1900-01-23 07:29:15,7936.5,257768,7937.0,774410,54466,5415,49051,-516642,0.5
1900-01-23 07:29:30,7935.0,22374,7935.5,606540,30202,44283,-14081,-584166,0.5
1900-01-23 07:29:45,7933.0,771309,7933.5,644485,5965,126224,-120259,126824,0.5
1900-01-23 07:30:00,7933.0,902972,7933.5,358595,37040,1396,35644,544377,0.5
1900-01-23 07:30:15,7933.0,1652353,7933.5,4224,22586,5200,17386,1648129,0.5
1900-01-23 07:30:30,7936.5,575001,7937.0,165150,132193,130,132063,409851,0.5
1900-01-23 07:30:45,7936.5,690239,7937.0,546874,17894,31630,-13736,143365,0.5
1900-01-23 07:31:00,7934.0,551436,7934.5,376924,840,154221,-153381,174512,0.5
1900-01-23 07:31:15,7933.5,4125,7934.0,786820,6005,50829,-44824,-782695,0.5
1900-01-23 07:31:30,7933.5,89150,7934.0,670725,6120,5660,460,-581575,0.5
1900-01-23 07:31:45,7933.5,76614,7934.0,715480,12,7212,-7200,-638866,0.5
1900-01-23 07:32:00,7933.0,38366,7933.5,563298,513,53546,-53033,-524932,0.5
1900-01-23 07:32:15,7931.0,4236,7931.5,506917,16524,59257,-42733,-502681,0.5
1900-01-23 07:32:30,7929.0,282828,7929.5,562147,102804,39676,63128,-279319,0.5
1900-01-23 07:32:45,7929.0,126977,7929.5,637337,6748,71034,-64286,-510360,0.5
1900-01-23 07:33:00,7929.0,715,7929.5,817350,6300,94436,-88136,-816635,0.5
1900-01-23 07:33:15,7928.5,334954,7929.0,416000,5356,8227,-2871,-81046,0.5
1900-01-23 07:33:30,7928.5,310714,7929.0,599726,500,108768,-108268,-289012,0.5
1900-01-23 07:33:45,7928.5,628439,7929.0,482033,2500,12498,-9998,146406,0.5
1900-01-23 07:34:00,7926.5,806421,7927.0,579694,15601,20295,-4694,226727,0.5
1900-01-23 07:34:15,7925.5,239062,7926.0,860783,25140,73948,-48808,-621721,0.5
1900-01-23 07:34:30,7925.5,46098,7926.0,918357,105,16038,-15933,-872259,0.5
1900-01-23 07:34:45,7925.5,681195,7926.0,423293,14001,43112,-29111,257902,0.5
1900-01-23 07:35:00,7925.5,112082,7926.0,830990,15823,55870,-40047,-718908,0.5
1900-01-23 07:35:15,7925.5,487691,7926.0,533444,11577,88,11489,-45753,0.5
1900-01-23 07:35:30,7924.0,78388,7924.5,970266,22494,35840,-13346,-891878,0.5
1900-01-23 07:35:45,7924.0,58095,7924.5,1016935,8532,36507,-27975,-958840,0.5
1900-01-23 07:36:00,7924.0,561838,7924.5,1028438,21422,15047,6375,-466600,0.5
1900-01-23 07:36:15,7924.0,561019,7924.5,625474,1361,54210,-52849,-64455,0.5
1900-01-23 07:36:30,7924.0,4663,7924.5,1235433,1075,125037,-123962,-1230770,0.5
1900-01-23 07:36:45,7923.0,588554,7923.5,505189,3753,26787,-23034,83365,0.5
1900-01-23 07:37:00,7923.0,605895,7923.5,546899,42,17417,-17375,58996,0.5
1900-01-23 07:37:15,7923.0,582407,7923.5,514726,16456,22985,-6529,67681,0.5
1900-01-23 07:37:30,7922.5,20431,7923.0,1093583,11900,53572,-41672,-1073152,0.5
1900-01-23 07:37:45,7920.0,752060,7920.5,371358,203,25251,-25048,380702,0.5
1900-01-23 07:38:00,7920.0,664292,7920.5,497766,32979,81712,-48733,166526,0.5
1900-01-23 07:38:15,7920.0,687215,7920.5,333447,85559,14186,71373,353768,0.5
1900-01-23 07:38:30,7921.0,1027025,7921.5,466089,28034,92658,-64624,560936,0.5
1900-01-23 07:38:45,7921.0,805735,7921.5,491720,55245,3000,52245,314015,0.5
1900-01-23 07:39:00,7921.0,1212926,7921.5,113596,162075,887,161188,1099330,0.5
1900-01-23 07:39:15,7921.0,940204,7921.5,449700,31769,226,31543,490504,0.5
1900-01-23 07:39:30,7921.0,709696,7921.5,446574,3941,200,3741,263122,0.5
1900-01-23 07:39:45,7920.5,10421,7921.0,1318236,3316,3712,-396,-1307815,0.5
1900-01-23 07:40:00,7919.0,20290,7919.5,753510,14548,32345,-17797,-733220,0.5
1900-01-23 07:40:15,7918.5,87438,7919.0,1275841,2116,25787,-23671,-1188403,0.5
1900-01-23 07:40:30,7918.0,238987,7918.5,843255,1189,77591,-76402,-604268,0.5
1900-01-23 07:40:45,7918.0,32900,7918.5,1374235,6864,65685,-58821,-1341335,0.5
1900-01-23 07:41:00,7916.0,60346,7916.5,997506,23076,61967,-38891,-937160,0.5
1900-01-23 07:41:15,7916.0,918934,7916.5,273862,44911,27570,17341,645072,0.5
1900-01-23 07:41:30,7916.0,135952,7916.5,575732,154897,82307,72590,-439780,0.5
1900-01-23 07:41:45,7913.0,3123,7913.5,729944,24036,138677,-114641,-726821,0.5
1900-01-23 07:42:00,7911.0,1896,7911.5,1007125,72697,247596,-174899,-1005229,0.5
1900-01-23 07:42:15,7910.0,120827,7910.5,1270719,40562,609369,-568807,-1149892,0.5
1900-01-23 07:42:30,7908.0,679147,7908.5,269940,68341,243726,-175385,409207,0.5
1900-01-23 07:42:45,7908.0,837939,7908.5,174677,141458,308762,-167304,663262,0.5
1900-01-23 07:43:00,7912.0,1543345,7912.5,42785,518635,13369,505266,1500560,0.5
1900-01-23 07:43:15,7913.0,1017561,7913.5,222960,292200,1595,290605,794601,0.5
1900-01-23 07:43:30,7913.0,1070180,7913.5,129703,77810,102989,-25179,940477,0.5
1900-01-23 07:43:45,7917.0,83773,7917.5,1410898,107784,46189,61595,-1327125,0.5
1900-01-23 07:44:00,7917.0,163030,7917.5,1390150,8493,21924,-13431,-1227120,0.5
1900-01-23 07:44:15,7916.0,31962,7916.5,945638,6900,147062,-140162,-913676,0.5
1900-01-23 07:44:30,7912.0,23884,7912.5,918363,12771,43571,-30800,-894479,0.5
1900-01-23 07:44:45,7910.0,1334424,7910.5,90580,5014,30775,-25761,1243844,0.5
1900-01-23 07:45:00,7925.5,270752,7926.0,167160,226697,147198,79499,103592,0.5
1900-01-23 07:45:15,7925.5,154319,7926.0,943739,66158,29692,36466,-789420,0.5
1900-01-23 07:45:30,7925.5,969142,7926.0,401052,87795,62654,25141,568090,0.5
1900-01-23 07:45:45,7929.5,821295,7930.0,316765,138846,15052,123794,504530,0.5
1900-01-23 07:46:00,7929.5,880602,7930.0,140603,274368,10202,264166,739999,0.5
1900-01-23 07:46:15,7929.5,29451,7930.0,1165648,13818,253702,-239884,-1136197,0.5
1900-01-23 07:46:30,7928.0,870182,7928.5,289236,24846,39223,-14377,580946,0.5
1900-01-23 07:46:45,7928.0,766090,7928.5,353734,5506,50353,-44847,412356,0.5
1900-01-23 07:47:00,7928.0,1133850,7928.5,239727,19819,10868,8951,894123,0.5
1900-01-23 07:47:15,7928.0,1153358,7928.5,171342,10922,5561,5361,982016,0.5
1900-01-23 07:47:30,7932.5,924845,7933.0,43535,474597,6760,467837,881310,0.5
1900-01-23 07:47:45,7934.0,485459,7934.5,947174,52883,3074,49809,-461715,0.5
1900-01-23 07:48:00,7934.0,450998,7934.5,1056772,85263,21010,64253,-605774,0.5
1900-01-23 07:48:15,7934.0,10267,7934.5,1334033,3050,207863,-204813,-1323766,0.5
1900-01-23 07:48:30,7928.5,92209,7929.0,287454,6010,43643,-37633,-195245,0.5
1900-01-23 07:48:45,7931.0,1311300,7931.5,165114,60953,15573,45380,1146186,0.5
1900-01-23 07:49:00,7930.5,1171747,7931.0,217949,148751,40084,108667,953798,0.5
1900-01-23 07:49:15,7933.0,672632,7933.5,25605,37729,10442,27287,647027,0.5
1900-01-23 07:49:30,7934.5,798687,7935.0,277169,33769,610,33159,521518,0.5
1900-01-23 07:49:45,7936.0,721034,7936.5,593272,76011,26050,49961,127762,0.5
1900-01-23 07:50:00,7936.0,425006,7936.5,716957,20720,37738,-17018,-291951,0.5
1900-01-23 07:50:15,7936.0,567892,7936.5,725790,7021,210181,-203160,-157898,0.5
1900-01-23 07:50:30,7936.0,384436,7936.5,768707,20,54200,-54180,-384271,0.5
1900-01-23 07:50:45,7936.0,305725,7936.5,766712,3550,73059,-69509,-460987,0.5
1900-01-23 07:51:00,7936.0,176101,7936.5,873901,52,47240,-47188,-697800,0.5
1900-01-23 07:51:15,7928.5,763984,7929.0,420784,650,192641,-191991,343200,0.5
1900-01-23 07:51:30,7928.5,89474,7929.0,1052755,55906,51371,4535,-963281,0.5
1900-01-23 07:51:45,7928.5,1081660,7929.0,503694,29224,42979,-13755,577966,0.5
1900-01-23 07:52:00,7925.0,572873,7925.5,411032,503,91535,-91032,161841,0.5
1900-01-23 07:52:15,7925.0,555530,7925.5,534853,491,44092,-43601,20677,0.5
1900-01-23 07:52:30,7924.5,310568,7925.0,903185,5401,60718,-55317,-592617,0.5
1900-01-23 07:52:45,7924.5,974921,7925.0,453642,8171,7181,990,521279,0.5
1900-01-23 07:53:00,7924.5,58879,7925.0,1464453,15845,55446,-39601,-1405574,0.5
1900-01-23 07:53:15,7922.0,706350,7922.5,281725,4081,67873,-63792,424625,0.5
1900-01-23 07:53:30,7921.0,428454,7921.5,519747,11580,25564,-13984,-91293,0.5
1900-01-23 07:53:45,7927.0,228176,7927.5,1134829,20284,38294,-18010,-906653,0.5
1900-01-23 07:54:00,7927.0,91827,7927.5,1162102,30995,3121,27874,-1070275,0.5
1900-01-23 07:54:15,7927.0,139864,7927.5,1177700,64700,11210,53490,-1037836,0.5
1900-01-23 07:54:30,7925.0,63589,7925.5,555111,31011,37345,-6334,-491522,0.5
1900-01-23 07:54:45,7924.5,25413,7925.0,1401074,341,29525,-29184,-1375661,0.5
1900-01-23 07:55:00,7924.5,232972,7925.0,1043586,7080,19524,-12444,-810614,0.5
1900-01-23 07:55:15,7922.0,122225,7922.5,1092335,18185,125749,-107564,-970110,0.5
1900-01-23 07:55:30,7922.0,667801,7922.5,432015,13448,2448,11000,235786,0.5
1900-01-23 07:55:45,7922.0,916918,7922.5,172386,45930,194835,-148905,744532,0.5
1900-01-23 07:56:00,7922.0,1415406,7922.5,166460,6846,12135,-5289,1248946,0.5
1900-01-23 07:56:15,7922.5,932726,7923.0,336788,38789,10033,28756,595938,0.5
1900-01-23 07:56:30,7927.0,731465,7927.5,307432,83214,8241,74973,424033,0.5
1900-01-23 07:56:45,7927.5,806022,7928.0,65292,16658,16000,658,740730,0.5
1900-01-23 07:57:00,7927.5,1546574,7928.0,213048,6935,75,6860,1333526,0.5
1900-01-23 07:57:15,7927.5,1828419,7928.0,6350,51749,915,50834,1822069,0.5
1900-01-23 07:57:30,7929.0,616658,7929.5,806531,23660,67,23593,-189873,0.5
1900-01-23 07:57:45,7929.0,380191,7929.5,894546,14857,11076,3781,-514355,0.5
1900-01-23 07:58:00,7929.0,423609,7929.5,894690,685,18339,-17654,-471081,0.5
1900-01-23 07:58:15,7929.0,453166,7929.5,1005437,1,33965,-33964,-552271,0.5
1900-01-23 07:58:30,7929.0,303926,7929.5,1045066,20,16527,-16507,-741140,0.5
1900-01-23 07:58:45,7923.0,413996,7923.5,757322,3100,488052,-484952,-343326,0.5
1900-01-23 07:59:00,7923.0,552564,7923.5,778959,2518,22311,-19793,-226395,0.5
1900-01-23 07:59:15,7923.0,44686,7923.5,983428,1447,25784,-24337,-938742,0.5
1900-01-23 07:59:30,7920.5,254084,7921.0,1037825,2296,138236,-135940,-783741,0.5
1900-01-23 07:59:45,7918.0,511600,7918.5,474504,42629,46351,-3722,37096,0.5
1900-01-23 08:00:00,7918.0,863332,7918.5,246228,31628,140586,-108958,617104,0.5
1900-01-23 08:00:15,7920.0,259941,7920.5,75691,23572,12635,10937,184250,0.5
1900-01-23 08:00:30,7928.5,166325,7929.0,1064588,40778,15078,25700,-898263,0.5
1900-01-23 08:00:45,7927.0,57685,7927.5,1121531,27408,36454,-9046,-1063846,0.5
1900-01-23 08:01:00,7931.0,1250790,7931.5,88013,412611,50508,362103,1162777,0.5
1900-01-23 08:01:15,7934.0,1087871,7934.5,102629,476213,25379,450834,985242,0.5
1900-01-23 08:01:30,7934.0,458765,7934.5,615757,20993,49010,-28017,-156992,0.5
1900-01-23 08:01:45,7934.0,375688,7934.5,666260,6616,33183,-26567,-290572,0.5
1900-01-23 08:02:00,7934.0,426864,7934.5,683929,3760,19750,-15990,-257065,0.5
1900-01-23 08:02:15,7934.0,1039426,7934.5,506219,36307,5731,30576,533207,0.5
1900-01-23 08:02:30,7935.5,2159342,7936.5,53072,221242,31938,189304,2106270,1.0
1900-01-23 08:02:45,7938.5,1579835,7939.0,232735,373583,5899,367684,1347100,0.5
1900-01-23 08:03:00,7938.5,1503570,7939.0,166480,114275,12845,101430,1337090,0.5
1900-01-23 08:03:15,7939.5,1960162,7940.0,435293,295701,9001,286700,1524869,0.5
1900-01-23 08:03:30,7941.0,795167,7941.5,26445,260546,800,259746,768722,0.5
1900-01-23 08:03:45,7942.5,1630395,7943.0,353751,263660,22660,241000,1276644,0.5
1900-01-23 08:04:00,7942.5,2044552,7943.0,289268,43781,6452,37329,1755284,0.5
1900-01-23 08:04:15,7942.5,1453809,7943.0,786460,150266,24854,125412,667349,0.5
1900-01-23 08:04:30,7946.5,1577023,7947.0,57176,107547,81665,25882,1519847,0.5
1900-01-23 08:04:45,7947.5,836741,7948.0,134389,72225,191945,-119720,702352,0.5
1900-01-23 08:05:00,7951.5,458406,7952.0,128524,178292,58294,119998,329882,0.5
1900-01-23 08:05:15,7953.5,45081,7954.0,825155,222280,87255,135025,-780074,0.5
1900-01-23 08:05:30,7949.0,23564,7949.5,1653439,9935,195083,-185148,-1629875,0.5
1900-01-23 08:05:45,7946.5,422360,7947.0,615951,9239,207364,-198125,-193591,0.5
1900-01-23 08:06:00,7946.5,1294500,7947.0,42040,45488,27103,18385,1252460,0.5
1900-01-23 08:06:15,7946.5,1425038,7947.0,48594,12252,13452,-1200,1376444,0.5
1900-01-23 08:06:30,7945.0,929928,7945.5,80983,57847,70112,-12265,848945,0.5
1900-01-23 08:06:45,7946.0,1865554,7946.5,10122,9190,36582,-27392,1855432,0.5
1900-01-23 08:07:00,7950.5,1114617,7951.0,15183,157425,12700,144725,1099434,0.5
1900-01-23 08:07:15,7952.0,553931,7952.5,658946,68681,132810,-64129,-105015,0.5
1900-01-23 08:07:30,7957.0,1083959,7957.5,90421,70052,15398,54654,993538,0.5
1900-01-23 08:07:45,7957.5,891737,7958.0,204139,145018,62135,82883,687598,0.5
1900-01-23 08:08:00,7957.5,601924,7958.0,311954,124449,17881,106568,289970,0.5
1900-01-23 08:08:15,7957.5,1098972,7958.0,114081,40793,7902,32891,984891,0.5
1900-01-23 08:08:30,7958.5,1278999,7959.0,12222,48156,5021,43135,1266777,0.5
1900-01-23 08:08:45,7958.0,643,7958.5,647179,96141,69258,26883,-646536,0.5
1900-01-23 08:09:00,7953.5,1019134,7954.0,272618,15981,100295,-84314,746516,0.5
1900-01-23 08:09:15,7955.5,998859,7956.0,38157,215346,13671,201675,960702,0.5
1900-01-23 08:09:30,7956.5,65694,7957.0,575807,6484,45600,-39116,-510113,0.5
1900-01-23 08:09:45,7956.0,199490,7956.5,597246,6900,47575,-40675,-397756,0.5
1900-01-23 08:10:00,7955.5,420035,7956.0,457867,5600,156283,-150683,-37832,0.5
1900-01-23 08:10:15,7952.0,340329,7952.5,350613,4500,48922,-44422,-10284,0.5
1900-01-23 08:10:30,7951.0,405532,7951.5,592676,300,154438,-154138,-187144,0.5
1900-01-23 08:10:45,7950.0,94835,7950.5,834674,1002,137971,-136969,-739839,0.5
1900-01-23 08:11:00,7947.5,361045,7948.0,712114,500,99442,-98942,-351069,0.5
1900-01-23 08:11:15,7947.5,629912,7948.0,775426,1,103768,-103767,-145514,0.5
1900-01-23 08:11:30,7947.5,1094328,7948.0,472131,14434,16781,-2347,622197,0.5
1900-01-23 08:11:45,7947.5,986380,7948.0,621011,40471,2666,37805,365369,0.5
1900-01-23 08:12:00,7947.5,758899,7948.0,661827,28940,63525,-34585,97072,0.5
1900-01-23 08:12:15,7946.0,270527,7946.5,940027,4890,112498,-107608,-669500,0.5
1900-01-23 08:12:30,7945.5,682091,7946.0,600871,42238,68379,-26141,81220,0.5
1900-01-23 08:12:45,7949.0,1080057,7949.5,39214,72002,93501,-21499,1040843,0.5
1900-01-23 08:13:00,7952.0,1228228,7952.5,146848,101168,22172,78996,1081380,0.5
1900-01-23 08:13:15,7952.0,447877,7952.5,337240,164369,21681,142688,110637,0.5
1900-01-23 08:13:30,7952.0,390750,7952.5,374333,19207,44073,-24866,16417,0.5
1900-01-23 08:13:45,7952.0,636261,7952.5,435495,2100,11289,-9189,200766,0.5
1900-01-23 08:14:00,7952.0,553638,7952.5,477850,22598,1400,21198,75788,0.5
1900-01-23 08:14:15,7952.0,579449,7952.5,542468,900,13707,-12807,36981,0.5
1900-01-23 08:14:30,7952.0,329266,7952.5,585009,14152,24226,-10074,-255743,0.5
1900-01-23 08:14:45,7952.0,339050,7952.5,614395,8800,33374,-24574,-275345,0.5
1900-01-23 08:15:00,7952.0,593897,7952.5,718387,5859,56636,-50777,-124490,0.5
1900-01-23 08:15:15,7952.0,721239,7952.5,622912,24500,31018,-6518,98327,0.5
1900-01-23 08:15:30,7952.0,257277,7952.5,617361,28030,308655,-280625,-360084,0.5
1900-01-23 08:15:45,7950.0,547242,7950.5,572181,56139,236782,-180643,-24939,0.5
1900-01-23 08:16:00,7950.0,992855,7950.5,392557,5300,49605,-44305,600298,0.5
1900-01-23 08:16:15,7950.0,1043530,7950.5,561979,28980,15101,13879,481551,0.5
1900-01-23 08:16:30,7950.0,850761,7950.5,834896,10600,43421,-32821,15865,0.5
1900-01-23 08:16:45,7950.0,1000560,7950.5,623212,51130,52345,-1215,377348,0.5
1900-01-23 08:17:00,7950.0,870795,7950.5,478019,1716,10,1706,392776,0.5
1900-01-23 08:17:15,7950.0,431112,7950.5,715700,18360,9550,8810,-284588,0.5
1900-01-23 08:17:30,7950.0,365085,7950.5,725278,5000,2400,2600,-360193,0.5
1900-01-23 08:17:45,7950.0,416933,7950.5,653901,18243,20501,-2258,-236968,0.5
1900-01-23 08:18:00,7950.0,290933,7950.5,692296,100,61057,-60957,-401363,0.5
1900-01-23 08:18:15,7950.0,661843,7950.5,530136,100,8744,-8644,131707,0.5
1900-01-23 08:18:30,7950.0,819203,7950.5,686058,8551,17807,-9256,133145,0.5
1900-01-23 08:18:45,7950.0,958739,7950.5,394080,6481,104,6377,564659,0.5
1900-01-23 08:19:00,7950.0,1159521,7950.5,329042,24302,3810,20492,830479,0.5
1900-01-23 08:19:15,7950.0,1248555,7950.5,193796,111610,26,111584,1054759,0.5
1900-01-23 08:19:30,7950.5,796851,7951.0,384159,52866,1,52865,412692,0.5
1900-01-23 08:19:45,7950.5,1206577,7951.0,207384,37528,1,37527,999193,0.5
1900-01-23 08:20:00,7951.5,1619256,7952.0,4091,33549,7989,25560,1615165,0.5
1900-01-23 08:20:15,7953.5,897578,7954.0,81861,39175,1,39174,815717,0.5
1900-01-23 08:20:30,7954.0,921145,7954.5,272623,103717,9524,94193,648522,0.5
1900-01-23 08:20:45,7954.0,734288,7954.5,514024,11751,1844,9907,220264,0.5
1900-01-23 08:21:00,7954.0,1600741,7954.5,269306,5615,500,5115,1331435,0.5
1900-01-23 08:21:15,7954.0,1764335,7954.5,169053,2226,4500,-2274,1595282,0.5
1900-01-23 08:21:30,7955.0,1384544,7955.5,32456,109698,10302,99396,1352088,0.5
1900-01-23 08:21:45,7955.0,877479,7955.5,353503,90335,4101,86234,523976,0.5
1900-01-23 08:22:00,7955.0,1268343,7955.5,442694,10210,110,10100,825649,0.5
1900-01-23 08:22:15,7955.0,2023003,7955.5,72468,137498,11253,126245,1950535,0.5
1900-01-23 08:22:30,7955.5,2025555,7956.0,40154,74135,50,74085,1985401,0.5
1900-01-23 08:22:45,7956.0,1901032,7956.5,241183,62649,158,62491,1659849,0.5
1900-01-23 08:23:00,7956.0,1682998,7956.5,143290,88475,3701,84774,1539708,0.5
1900-01-23 08:23:15,7957.5,662853,7958.0,600922,75724,1201,74523,61931,0.5
1900-01-23 08:23:30,7957.5,1398178,7958.0,589110,29706,46394,-16688,809068,0.5
1900-01-23 08:23:45,7957.5,1795379,7958.0,100098,392654,1200,391454,1695281,0.5
1900-01-23 08:24:00,7959.0,991552,7959.5,2761,90857,4370,86487,988791,0.5
1900-01-23 08:24:15,7960.5,1054619,7961.0,154524,86722,3700,83022,900095,0.5
1900-01-23 08:24:30,7961.0,892183,7961.5,169854,62512,8161,54351,722329,0.5
1900-01-23 08:24:45,7961.0,116929,7961.5,910578,39593,11951,27642,-793649,0.5
1900-01-23 08:25:00,7960.5,54084,7961.0,790982,685,100829,-100144,-736898,0.5
1900-01-23 08:25:15,7958.5,663780,7959.0,404466,27722,100439,-72717,259314,0.5
1900-01-23 08:25:30,7958.5,32824,7959.0,888319,12231,13772,-1541,-855495,0.5
1900-01-23 08:25:45,7958.5,575597,7959.0,758911,12231,11307,924,-183314,0.5
1900-01-23 08:26:00,7958.5,201646,7959.0,805288,5587,103266,-97679,-603642,0.5
1900-01-23 08:26:15,7954.0,540340,7954.5,173619,4710,88874,-84164,366721,0.5
1900-01-23 08:26:30,7953.5,3772,7954.0,690025,1004,396818,-395814,-686253,0.5
1900-01-23 08:26:45,7952.5,939749,7953.0,703407,5000,17226,-12226,236342,0.5
1900-01-23 08:27:00,7952.5,521308,7953.0,718835,47865,25901,21964,-197527,0.5
1900-01-23 08:27:15,7952.5,579758,7953.0,916302,3560,62919,-59359,-336544,0.5
1900-01-23 08:27:30,7954.0,1400681,7954.5,104487,218,22081,-21863,1296194,0.5
1900-01-23 08:27:45,7956.5,944988,7957.0,20232,55916,5427,50489,924756,0.5
1900-01-23 08:28:00,7956.5,251581,7957.0,348767,21132,15530,5602,-97186,0.5
1900-01-23 08:28:15,7961.5,7399,7962.0,1429282,109926,77443,32483,-1421883,0.5
1900-01-23 08:28:30,7956.5,1062323,7957.0,109151,257534,9688,247846,953172,0.5
1900-01-23 08:28:45,7957.5,870873,7958.0,16031,10571,30,10541,854842,0.5
1900-01-23 08:29:00,7957.5,319782,7958.0,348862,6779,57507,-50728,-29080,0.5
1900-01-23 08:29:15,7955.0,22323,7955.5,578871,6779,116977,-110198,-556548,0.5
1900-01-23 08:29:30,7952.5,570525,7953.0,651762,671,48717,-48046,-81237,0.5
1900-01-23 08:29:45,7952.5,29410,7953.0,839883,800,63045,-62245,-810473,0.5
1900-01-23 08:30:00,7952.5,67051,7953.0,817656,5400,12483,-7083,-750605,0.5
1900-01-23 08:30:15,7952.5,683092,7953.0,489311,8617,63575,-54958,193781,0.5
1900-01-23 08:30:30,7952.5,1061845,7953.0,262166,24164,45411,-21247,799679,0.5
1900-01-23 08:30:45,7952.5,997959,7953.0,170776,3917,43756,-39839,827183,0.5
1900-01-23 08:31:00,7952.5,10322,7953.0,959415,110,11169,-11059,-949093,0.5
1900-01-23 08:31:15,7951.5,13376,7952.0,1242625,1707,4185,-2478,-1229249,0.5
1900-01-23 08:31:30,7950.5,12898,7951.0,1348855,1707,69703,-67996,-1335957,0.5
1900-01-23 08:31:45,7948.5,74651,7949.0,1405232,20230,117914,-97684,-1330581,0.5
1900-01-23 08:32:00,7947.5,171894,7948.0,1521078,1051,150176,-149125,-1349184,0.5
1900-01-23 08:32:15,7941.0,143323,7941.5,861927,1900,274932,-273032,-718604,0.5
1900-01-23 08:32:30,7940.0,105235,7940.5,817086,50113,235803,-185690,-711851,0.5
1900-01-23 08:32:45,7940.0,951205,7940.5,82144,74641,43642,30999,869061,0.5
1900-01-23 08:33:00,7943.0,723375,7943.5,527965,90880,14671,76209,195410,0.5
1900-01-23 08:33:15,7943.0,1129171,7943.5,8504,70841,12989,57852,1120667,0.5
1900-01-23 08:33:30,7944.0,1103394,7944.5,52260,39629,34206,5423,1051134,0.5
1900-01-23 08:33:45,7944.0,945786,7944.5,271825,41076,4580,36496,673961,0.5
1900-01-23 08:34:00,7944.0,1147404,7944.5,147307,8193,3874,4319,1000097,0.5
1900-01-23 08:34:15,7945.5,1223466,7946.0,37319,16284,1000,15284,1186147,0.5
1900-01-23 08:34:30,7947.0,769395,7947.5,6153,39614,21,39593,763242,0.5
1900-01-23 08:34:45,7949.0,40994,7949.5,1129427,34197,25989,8208,-1088433,0.5
1900-01-23 08:35:00,7947.5,245625,7948.0,1031462,534,41553,-41019,-785837,0.5
1900-01-23 08:35:15,7947.5,985799,7948.0,9155,106891,18676,88215,976644,0.5
1900-01-23 08:35:30,7947.5,1066228,7948.0,36752,9565,4153,5412,1029476,0.5
1900-01-23 08:35:45,7950.0,401473,7950.5,810069,47,2591,-2544,-408596,0.5
1900-01-23 08:36:00,7950.0,530663,7950.5,842278,5140,2591,2549,-311615,0.5
1900-01-23 08:36:15,7950.0,388891,7950.5,961091,25,33170,-33145,-572200,0.5
1900-01-23 08:36:30,7949.5,120133,7950.0,1428441,1040,9667,-8627,-1308308,0.5
1900-01-23 08:36:45,7949.0,655,7949.5,1439713,172,14513,-14341,-1439058,0.5
1900-01-23 08:37:00,7946.5,58719,7947.0,1059262,32061,13649,18412,-1000543,0.5
1900-01-23 08:37:15,7946.0,14893,7946.5,1024432,45,12793,-12748,-1009539,0.5
1900-01-23 08:37:30,7944.5,567916,7945.0,464471,9284,18826,-9542,103445,0.5
1900-01-23 08:37:45,7944.5,31656,7945.0,1198503,8331,18610,-10279,-1166847,0.5
1900-01-23 08:38:00,7943.5,88058,7944.0,822962,236,29696,-29460,-734904,0.5
1900-01-23 08:38:15,7943.5,282209,7944.0,1321765,4136,20213,-16077,-1039556,0.5
1900-01-23 08:38:30,7943.5,333282,7944.0,970604,15090,3921,11169,-637322,0.5
1900-01-23 08:38:45,7943.5,329780,7944.0,1243817,172,7609,-7437,-914037,0.5
1900-01-23 08:39:00,7943.5,655573,7944.0,711285,100021,12594,87427,-55712,0.5
1900-01-23 08:39:15,7943.5,538159,7944.0,946771,2548,6395,-3847,-408612,0.5
1900-01-23 08:39:30,7943.5,505150,7944.0,803681,3733,6395,-2662,-298531,0.5
1900-01-23 08:39:45,7943.0,15521,7943.5,3687488,49554,49307,247,-3671967,0.5
1900-01-23 08:40:00,7941.5,21930,7942.0,1866250,418,65364,-64946,-1844320,0.5
1900-01-23 08:40:15,7941.0,16214,7941.5,1836082,100,78807,-78707,-1819868,0.5
1900-01-23 08:40:30,7940.5,25103,7941.0,1333697,76301,47211,29090,-1308594,0.5
1900-01-23 08:40:45,7939.5,55587,7940.0,1401918,200,28588,-28388,-1346331,0.5
1900-01-23 08:41:00,7939.0,272174,7939.5,953525,35100,10880,24220,-681351,0.5
1900-01-23 08:41:15,7939.0,120960,7939.5,1560493,750,143511,-142761,-1439533,0.5
1900-01-23 08:41:30,7938.5,105632,7939.0,1670863,3783,45676,-41893,-1565231,0.5
1900-01-23 08:41:45,7938.0,112178,7938.5,1431877,863,69789,-68926,-1319699,0.5
1900-01-23 08:42:00,7937.0,60051,7937.5,1579990,18,54974,-54956,-1519939,0.5
1900-01-23 08:42:15,7936.5,62514,7937.0,1418545,2885,153892,-151007,-1356031,0.5
1900-01-23 08:42:30,7936.5,52492,7937.0,1386807,17,11306,-11289,-1334315,0.5
1900-01-23 08:42:45,7936.5,77437,7937.0,1306128,1169,40571,-39402,-1228691,0.5
1900-01-23 08:43:00,7936.5,590426,7937.0,1244483,75368,54134,21234,-654057,0.5
1900-01-23 08:43:15,7936.5,604892,7937.0,855177,47839,34,47805,-250285,0.5
1900-01-23 08:43:30,7936.5,669793,7937.0,857476,1,1495,-1494,-187683,0.5
1900-01-23 08:43:45,7936.5,810236,7937.0,421783,20964,24290,-3326,388453,0.5
1900-01-23 08:44:00,7936.5,428643,7937.0,811587,8482,3179,5303,-382944,0.5
1900-01-23 08:44:15,7936.5,941793,7937.0,359850,77001,39878,37123,581943,0.5
1900-01-23 08:44:30,7937.5,1286483,7938.0,190771,183457,26209,157248,1095712,0.5
1900-01-23 08:44:45,7937.5,1221125,7938.0,313008,111697,30894,80803,908117,0.5
1900-01-23 08:45:00,7937.5,1063225,7938.0,105303,118828,104379,14449,957922,0.5
1900-01-23 08:45:15,7937.5,1093913,7938.0,101252,85109,4999,80110,992661,0.5
1900-01-23 08:45:30,7937.5,311341,7938.0,278742,15558,40610,-25052,32599,0.5
1900-01-23 08:45:45,7935.0,254903,7935.5,212060,15425,132640,-117215,42843,0.5
1900-01-23 08:46:00,7932.0,121555,7932.5,1115328,87525,250189,-162664,-993773,0.5
1900-01-23 08:46:15,7930.0,322536,7930.5,223597,11070,126060,-114990,98939,0.5
1900-01-23 08:46:30,7928.0,748730,7928.5,414593,8331,201827,-193496,334137,0.5
1900-01-23 08:46:45,7928.0,872291,7928.5,337879,81640,155959,-74319,534412,0.5
1900-01-23 08:47:00,7928.0,903175,7928.5,410463,20263,1063,19200,492712,0.5
1900-01-23 08:47:15,7929.0,1034533,7929.5,264161,78043,2700,75343,770372,0.5
1900-01-23 08:47:30,7931.0,911502,7931.5,731908,79668,1015,78653,179594,0.5
1900-01-23 08:47:45,7931.0,943956,7931.5,688619,197023,15915,181108,255337,0.5
1900-01-23 08:48:00,7931.0,991116,7931.5,601935,80659,706,79953,389181,0.5
1900-01-23 08:48:15,7931.0,891396,7931.5,461461,46090,1226,44864,429935,0.5
1900-01-23 08:48:30,7931.0,925640,7931.5,433328,65080,151,64929,492312,0.5
1900-01-23 08:48:45,7931.0,989288,7931.5,382630,47410,1,47409,606658,0.5
1900-01-23 08:49:00,7931.5,587926,7932.0,6270,326974,10,326964,581656,0.5
1900-01-23 08:49:15,7935.0,1212162,7935.5,42322,190790,14309,176481,1169840,0.5
1900-01-23 08:49:30,7935.0,619622,7935.5,576804,41485,14309,27176,42818,0.5
1900-01-23 08:49:45,7935.0,682930,7935.5,976450,8560,20000,-11440,-293520,0.5
1900-01-23 08:50:00,7935.0,297725,7935.5,1356027,997,151339,-150342,-1058302,0.5
1900-01-23 08:50:15,7935.0,768018,7935.5,885195,997,8652,-7655,-117177,0.5
1900-01-23 08:50:30,7935.0,759934,7935.5,683354,32,13228,-13196,76580,0.5
1900-01-23 08:50:45,7935.0,1241523,7935.5,320025,22478,39359,-16881,921498,0.5
1900-01-23 08:51:00,7935.5,1649668,7936.0,470,28699,20260,8439,1649198,0.5
1900-01-23 08:51:15,7938.0,991986,7938.5,211390,12340,1000,11340,780596,0.5
1900-01-23 08:51:30,7938.0,454759,7938.5,1154907,29805,8009,21796,-700148,0.5
1900-01-23 08:51:45,7938.0,1338190,7938.5,218938,42401,20000,22401,1119252,0.5
1900-01-23 08:52:00,7939.0,1228016,7939.5,54104,73733,40,73693,1173912,0.5
1900-01-23 08:52:15,7939.0,1327333,7939.5,28091,9628,754,8874,1299242,0.5
1900-01-23 08:52:30,7939.0,1257557,7939.5,46489,13162,9967,3195,1211068,0.5
1900-01-23 08:52:45,7939.0,1265548,7939.5,137179,24493,69,24424,1128369,0.5
1900-01-23 08:53:00,7939.0,919452,7939.5,439832,115536,29948,85588,479620,0.5
1900-01-23 08:53:15,7939.0,960761,7939.5,205497,1900,2861,-961,755264,0.5
1900-01-23 08:53:30,7939.0,1295584,7939.5,36297,15315,2,15313,1259287,0.5
1900-01-23 08:53:45,7939.5,429334,7940.0,756045,10698,12553,-1855,-326711,0.5
1900-01-23 08:54:00,7939.5,1329992,7940.0,227500,4282,3000,1282,1102492,0.5
1900-01-23 08:54:15,7939.5,1405353,7940.0,214758,27972,24990,2982,1190595,0.5
1900-01-23 08:54:30,7939.5,1431987,7940.0,593893,2000,9994,-7994,838094,0.5
1900-01-23 08:54:45,7939.5,1285274,7940.0,612638,2279,14990,-12711,672636,0.5
1900-01-23 08:55:00,7939.5,483835,7940.0,1252286,1262,19940,-18678,-768451,0.5
1900-01-23 08:55:15,7939.5,592650,7940.0,1091624,1262,19460,-18198,-498974,0.5
1900-01-23 08:55:30,7939.5,523727,7940.0,1206358,43,28961,-28918,-682631,0.5
1900-01-23 08:55:45,7939.5,1323500,7940.0,755188,51674,11100,40574,568312,0.5
1900-01-23 08:56:00,7939.5,503051,7940.0,1274861,1540,18,1522,-771810,0.5
1900-01-23 08:56:15,7939.5,565078,7940.0,1134813,1540,1079,461,-569735,0.5
1900-01-23 08:56:30,7935.0,104249,7935.5,578883,41,111314,-111273,-474634,0.5
1900-01-23 08:56:45,7934.5,288544,7935.0,744930,2000,60032,-58032,-456386,0.5
1900-01-23 08:57:00,7934.5,272214,7935.0,819802,10300,131346,-121046,-547588,0.5
1900-01-23 08:57:15,7934.5,388181,7935.0,872276,501,10140,-9639,-484095,0.5
1900-01-23 08:57:30,7934.5,424951,7935.0,944339,2004,27900,-25896,-519388,0.5
1900-01-23 08:57:45,7934.5,514122,7935.0,938903,400,60,340,-424781,0.5
1900-01-23 08:58:00,7934.5,356723,7935.0,944678,60,20025,-19965,-587955,0.5
1900-01-23 08:58:15,7934.5,730385,7935.0,838368,23,9900,-9877,-107983,0.5
1900-01-23 08:58:30,7934.5,636193,7935.0,843358,31323,38538,-7215,-207165,0.5
1900-01-23 08:58:45,7934.5,1251671,7935.0,817682,31323,14257,17066,433989,0.5
1900-01-23 08:59:00,7934.5,936127,7935.0,1089460,34663,2100,32563,-153333,0.5
1900-01-23 08:59:15,7934.5,1013550,7935.0,730534,26630,34110,-7480,283016,0.5
1900-01-23 08:59:30,7934.5,1854059,7935.0,43259,29654,2000,27654,1810800,0.5
1900-01-23 08:59:45,7937.0,1237237,7937.5,23227,154036,2000,152036,1214010,0.5
1900-01-23 09:00:00,7939.5,615033,7940.0,526324,17908,18408,-500,88709,0.5
1900-01-23 09:00:15,7939.5,362749,7940.0,1197609,58814,28636,30178,-834860,0.5
1900-01-23 09:00:30,7939.5,344591,7940.0,1230944,91682,5507,86175,-886353,0.5
1900-01-23 09:00:45,7939.5,229962,7940.0,1233978,117346,17126,100220,-1004016,0.5
1900-01-23 09:01:00,7939.5,66877,7940.0,1311251,54825,21588,33237,-1244374,0.5
1900-01-23 09:01:15,7939.0,10272,7939.5,271071,40801,80033,-39232,-260799,0.5
1900-01-23 09:01:30,7936.5,44867,7937.0,971484,43531,364299,-320768,-926617,0.5
1900-01-23 09:01:45,7934.5,238224,7935.0,859835,20258,115541,-95283,-621611,0.5
1900-01-23 09:02:00,7934.5,58610,7935.0,981444,110113,25188,84925,-922834,0.5
1900-01-23 09:02:15,7934.0,365533,7934.5,711392,34799,112397,-77598,-345859,0.5
1900-01-23 09:02:30,7934.0,162616,7934.5,1787221,12089,32933,-20844,-1624605,0.5
1900-01-23 09:02:45,7937.0,759570,7937.5,694,58456,5499,52957,758876,0.5
1900-01-23 09:03:00,7939.5,372426,7940.0,989883,21982,16374,5608,-617457,0.5
1900-01-23 09:03:15,7937.0,94,7937.5,1092596,69204,168212,-99008,-1092502,0.5
1900-01-23 09:03:30,7934.0,602147,7934.5,758127,71897,77213,-5316,-155980,0.5
1900-01-23 09:03:45,7934.0,686277,7934.5,632446,79083,30,79053,53831,0.5
1900-01-23 09:04:00,7934.0,688412,7934.5,1565441,49447,14071,35376,-877029,0.5
1900-01-23 09:04:15,7937.0,696265,7937.5,1139380,299066,40002,259064,-443115,0.5
1900-01-23 09:04:30,7937.0,1150989,7937.5,131013,197677,10700,186977,1019976,0.5
1900-01-23 09:04:45,7943.5,1393920,7944.0,2910,1077846,1460,1076386,1391010,0.5
1900-01-23 09:05:00,7946.0,350983,7946.5,360451,69931,5144,64787,-9468,0.5
1900-01-23 09:05:15,7946.0,704815,7946.5,371549,54229,4367,49862,333266,0.5
1900-01-23 09:05:30,7953.0,1118559,7953.5,245142,234173,24751,209422,873417,0.5
1900-01-23 09:05:45,7952.5,1509402,7953.0,338302,144232,13192,131040,1171100,0.5
1900-01-23 09:06:00,7956.5,386386,7957.0,78357,34185,101698,-67513,308029,0.5
1900-01-23 09:06:15,7956.5,469547,7957.0,559888,99897,10434,89463,-90341,0.5
1900-01-23 09:06:30,7955.0,420401,7955.5,825444,23956,137691,-113735,-405043,0.5
1900-01-23 09:06:45,7955.0,53502,7955.5,983737,300,166974,-166674,-930235,0.5
1900-01-23 09:07:00,7953.5,362775,7954.0,675439,4266,161729,-157463,-312664,0.5
1900-01-23 09:07:15,7951.5,683468,7952.0,664163,150,44541,-44391,19305,0.5
1900-01-23 09:07:30,7951.5,751535,7952.0,518910,24016,22228,1788,232625,0.5
1900-01-23 09:07:45,7951.5,1459504,7952.0,13031,43638,3495,40143,1446473,0.5
1900-01-23 09:08:00,7952.5,1031040,7953.0,222309,16024,352,15672,808731,0.5
1900-01-23 09:08:15,7955.0,747787,7955.5,308099,107536,1451,106085,439688,0.5
1900-01-23 09:08:30,7953.5,82574,7954.0,454971,107536,121601,-14065,-372397,0.5
1900-01-23 09:08:45,7952.5,326326,7953.0,597604,9224,145412,-136188,-271278,0.5
1900-01-23 09:09:00,7952.5,298542,7953.0,597625,40,21233,-21193,-299083,0.5
1900-01-23 09:09:15,7952.5,321562,7953.0,581313,3615,32771,-29156,-259751,0.5
1900-01-23 09:09:30,7952.5,802506,7953.0,488776,901,5243,-4342,313730,0.5
1900-01-23 09:09:45,7952.5,902826,7953.0,29686,43266,1001,42265,873140,0.5
1900-01-23 09:10:00,7952.5,946526,7953.0,113323,85063,1784,83279,833203,0.5
1900-01-23 09:10:15,7953.0,1001803,7953.5,36054,16586,2765,13821,965749,0.5
1900-01-23 09:10:30,7954.0,1009328,7954.5,51832,24474,6057,18417,957496,0.5
1900-01-23 09:10:45,7956.0,155412,7956.5,183895,9434,10597,-1163,-28483,0.5
1900-01-23 09:11:00,7958.0,1121964,7958.5,216665,200239,30900,169339,905299,0.5
1900-01-23 09:11:15,7958.0,213662,7958.5,747594,3855,166238,-162383,-533932,0.5
1900-01-23 09:11:30,7957.0,271705,7957.5,816411,27250,68393,-41143,-544706,0.5
1900-01-23 09:11:45,7955.0,1103,7955.5,1167878,40045,99452,-59407,-1166775,0.5
1900-01-23 09:12:00,7954.5,428780,7955.0,880328,40045,37447,2598,-451548,0.5
1900-01-23 09:12:15,7954.0,135587,7954.5,940803,20255,5917,14338,-805216,0.5
1900-01-23 09:12:30,7954.0,239,7954.5,1096414,625,25890,-25265,-1096175,0.5
1900-01-23 09:12:45,7951.5,262774,7952.0,927443,501,63640,-63139,-664669,0.5
1900-01-23 09:13:00,7950.5,210073,7951.0,796379,501,59448,-58947,-586306,0.5
1900-01-23 09:13:15,7950.5,98091,7951.0,899240,1000,42588,-41588,-801149,0.5
1900-01-23 09:13:30,7949.5,125144,7950.0,749757,2000,29347,-27347,-624613,0.5
1900-01-23 09:13:45,7949.0,407233,7949.5,707064,510,51067,-50557,-299831,0.5
1900-01-23 09:14:00,7949.0,761684,7949.5,464851,6387,1051,5336,296833,0.5
1900-01-23 09:14:15,7949.0,800151,7949.5,308624,18242,482,17760,491527,0.5
1900-01-23 09:14:30,7949.0,807672,7949.5,367798,22102,1511,20591,439874,0.5
1900-01-23 09:14:45,7949.0,666095,7949.5,365806,104,83818,-83714,300289,0.5
1900-01-23 09:15:00,7949.0,1213595,7949.5,50798,7331,1850,5481,1162797,0.5
1900-01-23 09:15:15,7949.0,971201,7949.5,231819,9434,581,8853,739382,0.5
1900-01-23 09:15:30,7949.5,1209565,7950.0,142432,48,581,-533,1067133,0.5
1900-01-23 09:15:45,7949.5,1430778,7950.0,54574,15198,9394,5804,1376204,0.5
1900-01-23 09:16:00,7949.5,1318673,7950.0,70231,500,16600,-16100,1248442,0.5
1900-01-23 09:16:15,7950.5,1221920,7951.0,97370,14836,555,14281,1124550,0.5
1900-01-23 09:16:30,7950.5,1233389,7951.0,349367,38270,8001,30269,884022,0.5
1900-01-23 09:16:45,7950.5,1086960,7951.0,355116,5957,8001,-2044,731844,0.5
1900-01-23 09:17:00,7950.5,1468865,7951.0,118068,18972,638,18334,1350797,0.5
1900-01-23 09:17:15,7950.5,1452845,7951.0,132123,22324,5000,17324,1320722,0.5
1900-01-23 09:17:30,7950.5,1612299,7951.0,84303,41523,400,41123,1527996,0.5
1900-01-23 09:17:45,7952.5,1453522,7953.0,58970,28365,1574,26791,1394552,0.5
1900-01-23 09:18:00,7952.5,968120,7953.0,412399,9730,8008,1722,555721,0.5
1900-01-23 09:18:15,7952.5,1187216,7953.0,264629,18613,8025,10588,922587,0.5
1900-01-23 09:18:30,7952.5,547707,7953.0,597665,511,8025,-7514,-49958,0.5
1900-01-23 09:18:45,7952.5,396435,7953.0,604396,1840,51481,-49641,-207961,0.5
1900-01-23 09:19:00,7952.5,262605,7953.0,645210,3293,21851,-18558,-382605,0.5
1900-01-23 09:19:15,7952.5,241443,7953.0,666103,2772,12592,-9820,-424660,0.5
1900-01-23 09:19:30,7952.5,69117,7953.0,743258,15637,48509,-32872,-674141,0.5
1900-01-23 09:19:45,7948.5,445308,7949.0,718417,15023,107979,-92956,-273109,0.5
1900-01-23 09:20:00,7948.5,874684,7949.0,520500,15023,19000,-3977,354184,0.5
1900-01-23 09:20:15,7948.5,163882,7949.0,1030156,1983,106012,-104029,-866274,0.5
1900-01-23 09:20:30,7947.0,12845,7947.5,1072106,500,525941,-525441,-1059261,0.5
1900-01-23 09:20:45,7947.0,64503,7947.5,1229166,2501,37798,-35297,-1164663,0.5
1900-01-23 09:21:00,7946.5,262982,7947.0,1053371,700,46501,-45801,-790389,0.5
1900-01-23 09:21:15,7945.5,7394,7946.0,1006266,58,131580,-131522,-998872,0.5
1900-01-23 09:21:30,7945.0,367113,7945.5,948732,660,31141,-30481,-581619,0.5
1900-01-23 09:21:45,7945.0,345765,7945.5,920784,253,15207,-14954,-575019,0.5
1900-01-23 09:22:00,7945.0,426011,7945.5,832179,2200,4324,-2124,-406168,0.5
1900-01-23 09:22:15,7945.0,280075,7945.5,918527,10130,6365,3765,-638452,0.5
1900-01-23 09:22:30,7945.0,762536,7945.5,797808,3064,16002,-12938,-35272,0.5
1900-01-23 09:22:45,7945.0,249342,7945.5,1080843,5487,16002,-10515,-831501,0.5
1900-01-23 09:23:00,7945.0,953496,7945.5,573748,3000,3931,-931,379748,0.5
1900-01-23 09:23:15,7944.5,223640,7945.0,1144529,816,22304,-21488,-920889,0.5
1900-01-23 09:23:30,7944.0,749819,7944.5,708256,7872,113096,-105224,41563,0.5
1900-01-23 09:23:45,7944.0,988798,7944.5,494378,900,1015,-115,494420,0.5
1900-01-23 09:24:00,7944.0,934066,7944.5,609131,8,9326,-9318,324935,0.5
1900-01-23 09:24:15,7944.0,1178665,7944.5,134420,30004,9326,20678,1044245,0.5
1900-01-23 09:24:30,7944.0,1309797,7944.5,88259,109442,2605,106837,1221538,0.5
1900-01-23 09:24:45,7944.5,1230728,7945.0,84098,202348,14033,188315,1146630,0.5
1900-01-23 09:25:00,7949.0,672958,7949.5,709072,27081,2566,24515,-36114,0.5
1900-01-23 09:25:15,7949.0,409433,7949.5,822668,14344,5079,9265,-413235,0.5
1900-01-23 09:25:30,7949.0,1721698,7949.5,781194,136278,16000,120278,940504,0.5
1900-01-23 09:25:45,7950.5,1195072,7951.0,110675,113309,6,113303,1084397,0.5
1900-01-23 09:26:00,7950.5,1079488,7951.0,224602,31981,2621,29360,854886,0.5
1900-01-23 09:26:15,7950.5,428974,7951.0,872726,14748,134,14614,-443752,0.5
1900-01-23 09:26:30,7950.5,383524,7951.0,851505,16370,14329,2041,-467981,0.5
1900-01-23 09:26:45,7950.5,37113,7951.0,1108081,288,10821,-10533,-1070968,0.5
1900-01-23 09:27:00,7950.0,570154,7950.5,978909,1570,129560,-127990,-408755,0.5
1900-01-23 09:27:15,7950.0,519164,7950.5,1183294,2407,51600,-49193,-664130,0.5
1900-01-23 09:27:30,7950.0,490943,7950.5,1262097,1000,64195,-63195,-771154,0.5
1900-01-23 09:27:45,7950.0,879355,7950.5,1304713,1000,14881,-13881,-425358,0.5
1900-01-23 09:28:00,7950.0,749140,7950.5,1231209,40,31840,-31800,-482069,0.5
1900-01-23 09:28:15,7950.0,836017,7950.5,1113759,6651,26100,-19449,-277742,0.5
1900-01-23 09:28:30,7950.0,719181,7950.5,1114990,1200,1501,-301,-395809,0.5
1900-01-23 09:28:45,7950.0,1237415,7950.5,424492,2150,1501,649,812923,0.5
1900-01-23 09:29:00,7950.0,1133510,7950.5,695328,2470,15250,-12780,438182,0.5
1900-01-23 09:29:15,7950.0,693084,7950.5,1051289,2470,23008,-20538,-358205,0.5
1900-01-23 09:29:30,7950.0,504242,7950.5,1295982,2500,22004,-19504,-791740,0.5
1900-01-23 09:29:45,7948.0,10137,7948.5,637839,2,63344,-63342,-627702,0.5
1900-01-23 09:30:00,7946.5,8440,7947.0,1304062,3889,60316,-56427,-1295622,0.5
1900-01-23 09:30:15,7945.5,54515,7946.0,1025655,2388,22238,-19850,-971140,0.5
1900-01-23 09:30:30,7946.0,946846,7946.5,81555,4932,34541,-29609,865291,0.5
1900-01-23 09:30:45,7946.0,321632,7946.5,843725,945,3660,-2715,-522093,0.5
1900-01-23 09:31:00,7945.5,42856,7946.0,1178800,58,30915,-30857,-1135944,0.5
1900-01-23 09:31:15,7945.0,10419,7945.5,1133584,300,50563,-50263,-1123165,0.5
1900-01-23 09:31:30,7944.5,159341,7945.0,1202411,300,21820,-21520,-1043070,0.5
1900-01-23 09:31:45,7944.0,294329,7944.5,1245169,230,91094,-90864,-950840,0.5
1900-01-23 09:32:00,7941.5,249203,7942.0,1209961,7631,392754,-385123,-960758,0.5
1900-01-23 09:32:15,7941.5,929538,7942.0,753205,100,4637,-4537,176333,0.5
1900-01-23 09:32:30,7941.5,1174356,7942.0,296414,16161,2652,13509,877942,0.5
1900-01-23 09:32:45,7942.0,757051,7942.5,15787,23614,500,23114,741264,0.5
1900-01-23 09:33:00,7942.0,875548,7942.5,417740,31418,15339,16079,457808,0.5
1900-01-23 09:33:15,7939.0,774216,7939.5,398896,33618,53714,-20096,375320,0.5
1900-01-23 09:33:30,7938.0,117008,7938.5,637759,500,46019,-45519,-520751,0.5
1900-01-23 09:33:45,7938.0,221482,7938.5,857469,8977,129186,-120209,-635987,0.5
1900-01-23 09:34:00,7938.0,182259,7938.5,1027340,7965,42584,-34619,-845081,0.5
1900-01-23 09:34:15,7937.5,19880,7938.0,1167033,5000,39606,-34606,-1147153,0.5
1900-01-23 09:34:30,7935.0,93443,7935.5,1205184,6037,180491,-174454,-1111741,0.5
1900-01-23 09:34:45,7930.0,406910,7930.5,933869,24431,124809,-100378,-526959,0.5
1900-01-23 09:35:00,7930.0,780409,7930.5,1468710,21029,945516,-924487,-688301,0.5
1900-01-23 09:35:15,7929.0,13806,7929.5,1140248,10616,246049,-235433,-1126442,0.5
1900-01-23 09:35:30,7928.0,53704,7928.5,2188342,5269,128485,-123216,-2134638,0.5
1900-01-23 09:35:45,7927.5,46249,7928.0,2833404,9171,380284,-371113,-2787155,0.5
1900-01-23 09:36:00,7911.0,13916,7911.5,6248,123833,718080,-594247,7668,0.5
1900-01-23 09:36:15,7918.0,899607,7918.5,98485,474330,130283,344047,801122,0.5
1900-01-23 09:36:30,7924.5,135756,7925.0,42865,599199,103958,495241,92891,0.5
1900-01-23 09:36:45,7924.5,421437,7925.0,1389093,112185,28594,83591,-967656,0.5
1900-01-23 09:37:00,7922.5,14284,7923.0,294638,4996,232176,-227180,-280354,0.5
1900-01-23 09:37:15,7921.5,393834,7922.0,1846632,42964,97358,-54394,-1452798,0.5
1900-01-23 09:37:30,7921.5,76436,7922.0,2323142,58530,88111,-29581,-2246706,0.5
1900-01-23 09:37:45,7920.0,44101,7920.5,1480992,28132,65975,-37843,-1436891,0.5
1900-01-23 09:38:00,7917.5,275906,7918.0,23922,71989,122549,-50560,251984,0.5
1900-01-23 09:38:15,7921.5,704992,7922.0,395118,99096,6500,92596,309874,0.5
1900-01-23 09:38:30,7921.5,688426,7922.0,527587,33017,2305,30712,160839,0.5
1900-01-23 09:38:45,7921.5,1016957,7922.0,1121563,17655,7385,10270,-104606,0.5
1900-01-23 09:39:00,7921.5,1058395,7922.0,1405745,42154,100,42054,-347350,0.5
1900-01-23 09:39:15,7921.5,1044174,7922.0,1183396,17460,10609,6851,-139222,0.5
1900-01-23 09:39:30,7928.0,231324,7928.5,40736,1673952,12771,1661181,190588,0.5
1900-01-23 09:39:45,7928.0,27157,7928.5,458967,169804,112614,57190,-431810,0.5
1900-01-23 09:40:00,7925.5,648407,7926.0,397055,44476,38159,6317,251352,0.5
1900-01-23 09:40:15,7926.5,141976,7927.0,1146395,48619,165972,-117353,-1004419,0.5
1900-01-23 09:40:30,7923.0,193720,7923.5,731542,33270,48177,-14907,-537822,0.5
1900-01-23 09:40:45,7923.0,110388,7923.5,999687,36287,24480,11807,-889299,0.5
1900-01-23 09:41:00,7926.5,1568714,7927.0,38516,96443,20119,76324,1530198,0.5
1900-01-23 09:41:15,7927.0,763250,7927.5,1622,30020,23303,6717,761628,0.5
1900-01-23 09:41:30,7931.0,1141729,7931.5,703368,11193,23303,-12110,438361,0.5
1900-01-23 09:41:45,7931.0,1513519,7931.5,96005,54241,200,54041,1417514,0.5
1900-01-23 09:42:00,7926.5,118745,7930.5,1362106,16672,168619,-151947,-1243361,4.0
1900-01-23 09:42:15,7925.5,113007,7926.0,1165332,11609,50658,-39049,-1052325,0.5
1900-01-23 09:42:30,7925.5,541546,7926.0,695910,2696,108322,-105626,-154364,0.5
1900-01-23 09:42:45,7922.0,184987,7922.5,770718,2457,52509,-50052,-585731,0.5
1900-01-23 09:43:00,7922.0,68370,7922.5,1046123,6831,58396,-51565,-977753,0.5
1900-01-23 09:43:15,7917.0,24670,7917.5,1414393,43709,319849,-276140,-1389723,0.5
1900-01-23 09:43:30,7919.0,846237,7919.5,174156,71986,11828,60158,672081,0.5
1900-01-23 09:43:45,7924.5,522105,7925.0,6594,266363,40664,225699,515511,0.5
1900-01-23 09:44:00,7923.5,506886,7924.0,709453,3692,47048,-43356,-202567,0.5
1900-01-23 09:44:15,7923.5,421019,7924.0,846322,5371,4700,671,-425303,0.5
1900-01-23 09:44:30,7923.5,421323,7924.0,746457,9373,14429,-5056,-325134,0.5
1900-01-23 09:44:45,7924.5,761029,7925.0,107539,86300,14429,71871,653490,0.5
1900-01-23 09:45:00,7924.5,1776030,7925.0,437599,61428,1482,59946,1338431,0.5
1900-01-23 09:45:15,7924.5,1565666,7925.0,491533,91980,61,91919,1074133,0.5
1900-01-23 09:45:30,7925.5,941683,7926.0,193766,232243,66,232177,747917,0.5
1900-01-23 09:45:45,7929.0,741805,7929.5,19392,198794,1,198793,722413,0.5
1900-01-23 09:46:00,7929.0,979445,7929.5,872162,130570,7500,123070,107283,0.5
1900-01-23 09:46:15,7929.0,997633,7929.5,845222,3310,11200,-7890,152411,0.5
1900-01-23 09:46:30,7929.5,599130,7930.0,41066,36698,19600,17098,558064,0.5
1900-01-23 09:46:45,7929.5,1330906,7930.0,467094,29446,25950,3496,863812,0.5
1900-01-23 09:47:00,7929.5,1368313,7930.0,158843,18579,393,18186,1209470,0.5
1900-01-23 09:47:15,7929.5,1334432,7930.0,190174,38412,393,38019,1144258,0.5
1900-01-23 09:47:30,7929.5,1288935,7930.0,546234,5768,68584,-62816,742701,0.5
1900-01-23 09:47:45,7929.5,673196,7930.0,1340052,17908,24008,-6100,-666856,0.5
1900-01-23 09:48:00,7926.0,451272,7926.5,650999,190,79419,-79229,-199727,0.5
1900-01-23 09:48:15,7926.0,602357,7926.5,585250,500,48075,-47575,17107,0.5
1900-01-23 09:48:30,7926.0,1099872,7926.5,1127736,5550,15300,-9750,-27864,0.5
1900-01-23 09:48:45,7924.5,70841,7925.0,1179677,1100,23896,-22796,-1108836,0.5
1900-01-23 09:49:00,7919.5,119866,7920.0,975963,16500,91261,-74761,-856097,0.5
1900-01-23 09:49:15,7918.5,74550,7919.0,1177246,21202,64550,-43348,-1102696,0.5
1900-01-23 09:49:30,7916.0,11621,7916.5,509875,14501,89964,-75463,-498254,0.5
1900-01-23 09:49:45,7915.5,6734,7916.0,1810524,12965,109693,-96728,-1803790,0.5
1900-01-23 09:50:00,7913.0,89451,7913.5,1039219,47915,50659,-2744,-949768,0.5
1900-01-23 09:50:15,7912.0,114778,7912.5,711473,4356,87055,-82699,-596695,0.5
1900-01-23 09:50:30,7912.0,138448,7912.5,1226555,88026,70269,17757,-1088107,0.5
1900-01-23 09:50:45,7912.0,1045599,7912.5,137571,40823,155954,-115131,908028,0.5
1900-01-23 09:51:00,7912.0,588817,7912.5,808571,35008,255902,-220894,-219754,0.5
1900-01-23 09:51:15,7911.0,69507,7911.5,731769,19088,121382,-102294,-662262,0.5
1900-01-23 09:51:30,7905.0,1064715,7905.5,168104,37297,956155,-918858,896611,0.5
1900-01-23 09:51:45,7905.0,21000,7905.5,6348,223440,184580,38860,14652,0.5
1900-01-23 09:52:00,7885.0,314919,7887.5,31250,42888,1046505,-1003617,283669,2.5
1900-01-23 09:52:15,7903.0,310360,7903.5,68138,292293,228015,64278,242222,0.5
1900-01-23 09:52:30,7903.0,6076,7903.5,203124,243026,53411,189615,-197048,0.5
1900-01-23 09:52:45,7895.5,300317,7896.0,652711,47698,260485,-212787,-352394,0.5
1900-01-23 09:53:00,7903.5,1619343,7904.0,43820,1098771,168692,930079,1575523,0.5
1900-01-23 09:53:15,7903.5,40638,7904.0,1265710,324537,87919,236618,-1225072,0.5
1900-01-23 09:53:30,7900.5,15448,7901.0,1634428,31992,273949,-241957,-1618980,0.5
1900-01-23 09:53:45,7897.5,4595,7899.5,123497,69665,151456,-81791,-118902,2.0
1900-01-23 09:54:00,7889.0,1359162,7889.5,250090,83082,250395,-167313,1109072,0.5
1900-01-23 09:54:15,7892.5,136590,7893.0,942656,88178,129674,-41496,-806066,0.5
1900-01-23 09:54:30,7899.5,388472,7900.0,874178,44213,83611,-39398,-485706,0.5
1900-01-23 09:54:45,7899.5,1022416,7900.0,111327,430533,77258,353275,911089,0.5
1900-01-23 09:55:00,7904.5,419648,7905.0,388263,139957,26200,113757,31385,0.5
1900-01-23 09:55:15,7904.5,1047868,7905.0,141253,140546,10076,130470,906615,0.5
1900-01-23 09:55:30,7907.0,1641949,7907.5,31655,1422219,28100,1394119,1610294,0.5
1900-01-23 09:55:45,7907.5,1445306,7908.0,547895,227318,7762,219556,897411,0.5
1900-01-23 09:56:00,7907.5,1190730,7908.0,335110,90614,30987,59627,855620,0.5
1900-01-23 09:56:15,7908.0,1040906,7908.5,317946,141970,38853,103117,722960,0.5
1900-01-23 09:56:30,7909.0,1224369,7909.5,112489,239320,3001,236319,1111880,0.5
1900-01-23 09:56:45,7909.5,1556978,7910.0,355441,131101,4962,126139,1201537,0.5
1900-01-23 09:57:00,7909.5,1534651,7910.0,391456,166341,29789,136552,1143195,0.5
1900-01-23 09:57:15,7906.5,1035986,7907.0,734643,49585,58100,-8515,301343,0.5
1900-01-23 09:57:30,7906.5,164785,7907.0,805695,35107,136768,-101661,-640910,0.5
1900-01-23 09:57:45,7902.5,7068,7903.0,1108132,26207,108869,-82662,-1101064,0.5
1900-01-23 09:58:00,7900.0,66091,7900.5,840491,24702,133311,-108609,-774400,0.5
1900-01-23 09:58:15,7896.5,258322,7897.0,869543,33571,205785,-172214,-611221,0.5
1900-01-23 09:58:30,7889.0,265580,7889.5,1265414,12016,199109,-187093,-999834,0.5
1900-01-23 09:58:45,7904.5,20000,7905.0,25444,348253,187092,161161,-5444,0.5
1900-01-23 09:59:00,7893.5,15952,7894.0,58251,15306,34866,-19560,-42299,0.5
1900-01-23 09:59:15,7892.5,501387,7893.0,255153,76102,125000,-48898,246234,0.5
1900-01-23 09:59:30,7898.5,3078,7899.0,288218,68026,49077,18949,-285140,0.5
1900-01-23 09:59:45,7892.0,254869,7892.5,346592,14500,297228,-282728,-91723,0.5
1900-01-23 10:00:00,7895.0,32023,7895.5,41145,37749,39659,-1910,-9122,0.5
1900-01-23 10:00:15,7895.5,102599,7896.0,113854,770862,29516,741346,-11255,0.5
1900-01-23 10:00:30,7892.5,672544,7893.0,366943,206567,135127,71440,305601,0.5
1900-01-23 10:00:45,7881.5,187409,7887.0,1001609,210535,721724,-511189,-814200,5.5
1900-01-23 10:01:00,7881.5,469239,7882.0,183346,375274,383162,-7888,285893,0.5
1900-01-23 10:01:15,7881.5,177565,7882.0,957293,271516,184921,86595,-779728,0.5
1900-01-23 10:01:30,7876.5,6109,7878.0,18000,83259,832054,-748795,-11891,1.5
1900-01-23 10:01:45,7875.0,263786,7875.5,476019,38341,516069,-477728,-212233,0.5
1900-01-23 10:02:00,7886.0,68163,7886.5,68719,239248,135135,104113,-556,0.5
1900-01-23 10:02:15,7889.5,202223,7890.0,49785,205557,53642,151915,152438,0.5
1900-01-23 10:02:30,7881.5,2338,7882.0,139925,56769,166424,-109655,-137587,0.5
1900-01-23 10:02:45,7878.5,93140,7879.0,701822,48659,69717,-21058,-608682,0.5
1900-01-23 10:03:00,7873.0,324504,7873.5,120449,137998,158589,-20591,204055,0.5
1900-01-23 10:03:15,7871.0,44685,7871.5,665876,46429,88740,-42311,-621191,0.5
1900-01-23 10:03:30,7866.0,14242,7866.5,680123,22896,318118,-295222,-665881,0.5
1900-01-23 10:03:45,7864.0,251016,7864.5,62742,161003,855965,-694962,188274,0.5
1900-01-23 10:04:00,7868.5,94928,7869.0,1203772,268967,65256,203711,-1108844,0.5
1900-01-23 10:04:15,7872.5,140126,7873.0,81384,328111,192676,135435,58742,0.5
1900-01-23 10:04:30,7883.0,120043,7883.5,105559,1193761,15959,1177802,14484,0.5
1900-01-23 10:04:45,7881.5,60545,7882.0,1069986,898751,206583,692168,-1009441,0.5
1900-01-23 10:05:00,7884.0,220527,7884.5,70626,116718,132171,-15453,149901,0.5
1900-01-23 10:05:15,7884.0,1576743,7884.5,197407,397281,6472,390809,1379336,0.5
1900-01-23 10:05:30,7891.5,1236660,7892.0,5424,170188,50000,120188,1231236,0.5
1900-01-23 10:05:45,7895.5,807813,7896.0,42989,597149,33786,563363,764824,0.5
1900-01-23 10:06:00,7904.0,784044,7904.5,348366,537276,31489,505787,435678,0.5
1900-01-23 10:06:15,7896.5,350929,7897.0,133969,286821,325004,-38183,216960,0.5
1900-01-23 10:06:30,7878.0,36252,7878.5,166111,29707,164053,-134346,-129859,0.5
1900-01-23 10:06:45,7880.0,575667,7880.5,62234,172952,173277,-325,513433,0.5
1900-01-23 10:07:00,7880.0,858670,7880.5,443392,33750,13861,19889,415278,0.5
1900-01-23 10:07:15,7878.5,272926,7879.0,1176657,18525,1185188,-1166663,-903731,0.5
1900-01-23 10:07:30,7878.5,299991,7879.0,320431,305157,368166,-63009,-20440,0.5
1900-01-23 10:07:45,7884.5,265693,7885.0,1305879,767209,20742,746467,-1040186,0.5
1900-01-23 10:08:00,7879.0,16000,7879.5,841332,44315,34945,9370,-825332,0.5
1900-01-23 10:08:15,7876.0,245658,7876.5,1365803,37175,134545,-97370,-1120145,0.5
1900-01-23 10:08:30,7871.0,819690,7871.5,70275,134657,288382,-153725,749415,0.5
1900-01-23 10:08:45,7875.5,448818,7876.0,297447,248703,16718,231985,151371,0.5
1900-01-23 10:09:00,7873.0,467146,7873.5,2851,148702,83529,65173,464295,0.5
1900-01-23 10:09:15,7873.5,241252,7874.0,685934,119072,69168,49904,-444682,0.5
1900-01-23 10:09:30,7878.5,349900,7879.0,127074,389898,49573,340325,222826,0.5
1900-01-23 10:09:45,7879.5,561959,7880.0,202388,148036,39883,108153,359571,0.5
1900-01-23 10:10:00,7877.0,374937,7877.5,493962,354353,156439,197914,-119025,0.5
1900-01-23 10:10:15,7873.5,853068,7874.0,99298,97061,73854,23207,753770,0.5
1900-01-23 10:10:30,7877.5,954675,7878.0,234080,697641,116815,580826,720595,0.5
1900-01-23 10:10:45,7880.0,410250,7880.5,1141,151304,14526,136778,409109,0.5
1900-01-23 10:11:00,7882.0,518495,7882.5,334416,288831,90266,198565,184079,0.5
1900-01-23 10:11:15,7885.0,361386,7885.5,17818,147625,4231,143394,343568,0.5
1900-01-23 10:11:30,7897.0,402820,7897.5,522148,178752,24758,153994,-119328,0.5
1900-01-23 10:11:45,7890.5,2333610,7891.0,245191,62721,60466,2255,2088419,0.5
1900-01-23 10:12:00,7896.5,443321,7897.0,454385,159682,18550,141132,-11064,0.5
1900-01-23 10:12:15,7899.5,768794,7900.0,252453,265572,28160,237412,516341,0.5
1900-01-23 10:12:30,7902.0,960530,7902.5,280734,308906,50825,258081,679796,0.5
1900-01-23 10:12:45,7904.0,493874,7904.5,359141,298923,114437,184486,134733,0.5
1900-01-23 10:13:00,7900.5,207060,7901.0,632368,130282,430028,-299746,-425308,0.5
1900-01-23 10:13:15,7902.5,224478,7903.0,531840,90970,130134,-39164,-307362,0.5
1900-01-23 10:13:30,7896.5,3689,7897.0,1148996,60527,270256,-209729,-1145307,0.5
1900-01-23 10:13:45,7894.5,125593,7895.0,1060208,4300,77258,-72958,-934615,0.5
1900-01-23 10:14:00,7894.5,1118958,7895.0,115790,25305,23147,2158,1003168,0.5
1900-01-23 10:14:15,7904.5,412910,7905.0,555723,193874,6957,186917,-142813,0.5
1900-01-23 10:14:30,7908.0,1149670,7908.5,20297,158985,2375,156610,1129373,0.5
1900-01-23 10:14:45,7903.5,41018,7904.0,764207,367618,53339,314279,-723189,0.5
1900-01-23 10:15:00,7903.5,1157866,7904.0,140299,27775,94381,-66606,1017567,0.5
1900-01-23 10:15:15,7908.5,219668,7909.0,924138,85981,65950,20031,-704470,0.5
1900-01-23 10:15:30,7902.5,571664,7903.0,430967,56504,34171,22333,140697,0.5
1900-01-23 10:15:45,7904.5,1291517,7905.0,9501,81061,98378,-17317,1282016,0.5
1900-01-23 10:16:00,7906.5,462645,7907.0,88303,165115,1859,163256,374342,0.5
1900-01-23 10:16:15,7914.5,77588,7915.0,98497,210621,79720,130901,-20909,0.5
1900-01-23 10:16:30,7916.0,55704,7916.5,174634,413710,33816,379894,-118930,0.5
1900-01-23 10:16:45,7911.5,166885,7912.0,595027,112897,301413,-188516,-428142,0.5
1900-01-23 10:17:00,7911.5,1387840,7912.0,53819,81302,94097,-12795,1334021,0.5
1900-01-23 10:17:15,7915.5,594421,7916.0,85818,75642,16447,59195,508603,0.5
1900-01-23 10:17:30,7915.5,930950,7916.0,491538,147498,41011,106487,439412,0.5
1900-01-23 10:17:45,7914.5,741,7915.0,513185,138784,26431,112353,-512444,0.5
1900-01-23 10:18:00,7916.5,1328657,7917.0,39885,222864,86213,136651,1288772,0.5
1900-01-23 10:18:15,7918.5,774544,7919.0,189401,329514,28667,300847,585143,0.5
1900-01-23 10:18:30,7916.0,154817,7916.5,12762,122388,156720,-34332,142055,0.5
1900-01-23 10:18:45,7913.5,265687,7914.0,427214,270321,64659,205662,-161527,0.5
1900-01-23 10:19:00,7908.0,499433,7908.5,406984,6530,108716,-102186,92449,0.5
1900-01-23 10:19:15,7905.0,27825,7905.5,346295,5164,139218,-134054,-318470,0.5
1900-01-23 10:19:30,7905.0,737751,7905.5,808607,96650,144201,-47551,-70856,0.5
1900-01-23 10:19:45,7903.0,833243,7903.5,245047,18908,72727,-53819,588196,0.5
1900-01-23 10:20:00,7903.0,1061121,7903.5,34491,33609,264309,-230700,1026630,0.5
1900-01-23 10:20:15,7908.0,458947,7908.5,1097,275910,39218,236692,457850,0.5
1900-01-23 10:20:30,7909.5,23534,7910.0,1298745,57985,114588,-56603,-1275211,0.5
1900-01-23 10:20:45,7906.5,695946,7907.0,144040,2438,24014,-21576,551906,0.5
1900-01-23 10:21:00,7906.5,878731,7907.0,111231,13136,12599,537,767500,0.5
1900-01-23 10:21:15,7906.5,589864,7907.0,521773,14324,9700,4624,68091,0.5
1900-01-23 10:21:30,7905.0,64342,7905.5,1089130,9920,30648,-20728,-1024788,0.5
1900-01-23 10:21:45,7905.0,617439,7905.5,691980,5224,15794,-10570,-74541,0.5
1900-01-23 10:22:00,7905.0,783347,7905.5,280749,11050,21628,-10578,502598,0.5
1900-01-23 10:22:15,7909.5,968468,7910.0,85755,48463,2577,45886,882713,0.5
1900-01-23 10:22:30,7909.5,847686,7910.0,467892,22621,22587,34,379794,0.5
1900-01-23 10:22:45,7914.0,553235,7914.5,566150,195802,11321,184481,-12915,0.5
1900-01-23 10:23:00,7914.5,303673,7915.0,618061,184223,14066,170157,-314388,0.5
1900-01-23 10:23:15,7914.5,316873,7915.0,280577,118766,26715,92051,36296,0.5
1900-01-23 10:23:30,7917.5,76846,7918.0,414507,343315,8733,334582,-337661,0.5
1900-01-23 10:23:45,7914.0,476054,7914.5,451991,48098,167375,-119277,24063,0.5
1900-01-23 10:24:00,7918.5,378930,7919.0,184355,121871,22658,99213,194575,0.5
1900-01-23 10:24:15,7914.5,817274,7915.0,163676,48694,132650,-83956,653598,0.5
1900-01-23 10:24:30,7921.0,602201,7921.5,48897,32855,39118,-6263,553304,0.5
1900-01-23 10:24:45,7923.0,200787,7923.5,678097,189933,39387,150546,-477310,0.5
1900-01-23 10:25:00,7922.0,1525454,7922.5,710306,67671,168820,-101149,815148,0.5
1900-01-23 10:25:15,7922.0,112328,7922.5,421293,66911,37709,29202,-308965,0.5
1900-01-23 10:25:30,7923.0,786531,7923.5,43037,9585,106689,-97104,743494,0.5
1900-01-23 10:25:45,7923.0,582247,7923.5,41858,36218,7920,28298,540389,0.5
1900-01-23 10:26:00,7926.0,485551,7926.5,143160,365035,2729,362306,342391,0.5
1900-01-23 10:26:15,7929.0,1269609,7929.5,76914,223026,32690,190336,1192695,0.5
1900-01-23 10:26:30,7927.0,587565,7927.5,349878,51717,298541,-246824,237687,0.5
1900-01-23 10:26:45,7927.5,766801,7928.0,182092,447815,62002,385813,584709,0.5
1900-01-23 10:27:00,7927.5,848672,7928.0,326655,149821,61414,88407,522017,0.5
1900-01-23 10:27:15,7927.5,400272,7928.0,719746,22646,114427,-91781,-319474,0.5
1900-01-23 10:27:30,7927.5,1829102,7928.0,23378,257987,38202,219785,1805724,0.5
1900-01-23 10:27:45,7936.5,602033,7937.0,447620,587729,18493,569236,154413,0.5
1900-01-23 10:28:00,7936.5,3424,7937.0,1055581,227534,213654,13880,-1052157,0.5
1900-01-23 10:28:15,7933.0,763453,7933.5,194522,41781,69075,-27294,568931,0.5
1900-01-23 10:28:30,7933.0,325968,7933.5,607304,12327,57030,-44703,-281336,0.5
1900-01-23 10:28:45,7932.5,30217,7933.0,889514,4225,177211,-172986,-859297,0.5
1900-01-23 10:29:00,7928.5,6090,7929.0,599426,3211,95987,-92776,-593336,0.5
1900-01-23 10:29:15,7928.5,1063629,7929.0,36607,33754,157458,-123704,1027022,0.5
1900-01-23 10:29:30,7929.0,27909,7929.5,961650,58578,23799,34779,-933741,0.5
1900-01-23 10:29:45,7928.0,912392,7928.5,214679,5220,216202,-210982,697713,0.5
1900-01-23 10:30:00,7927.5,713828,7928.0,751840,25127,182442,-157315,-38012,0.5
1900-01-23 10:30:15,7927.5,660794,7928.0,725119,43565,463758,-420193,-64325,0.5
1900-01-23 10:30:30,7927.5,497551,7928.0,715474,45080,46593,-1513,-217923,0.5
1900-01-23 10:30:45,7926.0,30599,7926.5,1271286,3297,102412,-99115,-1240687,0.5
1900-01-23 10:31:00,7925.0,68229,7925.5,1276019,3322,105511,-102189,-1207790,0.5
1900-01-23 10:31:15,7924.0,47297,7924.5,1374961,2,101250,-101248,-1327664,0.5
1900-01-23 10:31:30,7923.5,49587,7924.0,457207,18802,122891,-104089,-407620,0.5
1900-01-23 10:31:45,7923.0,74220,7923.5,1291494,53,70538,-70485,-1217274,0.5
1900-01-23 10:32:00,7922.0,133443,7922.5,987558,616,102777,-102161,-854115,0.5
1900-01-23 10:32:15,7921.5,717750,7922.0,619401,15200,58312,-43112,98349,0.5
1900-01-23 10:32:30,7921.0,672174,7921.5,366764,14324,89684,-75360,305410,0.5
1900-01-23 10:32:45,7923.5,894244,7924.0,364964,112296,107782,4514,529280,0.5
1900-01-23 10:33:00,7923.5,764523,7924.0,348589,24480,6105,18375,415934,0.5
1900-01-23 10:33:15,7920.5,329334,7921.0,897686,130841,60489,70352,-568352,0.5
1900-01-23 10:33:30,7918.5,389486,7919.0,482568,1848,330407,-328559,-93082,0.5
1900-01-23 10:33:45,7919.0,1036576,7919.5,23201,18820,48890,-30070,1013375,0.5
1900-01-23 10:34:00,7922.5,55680,7923.0,1511765,19226,36953,-17727,-1456085,0.5
1900-01-23 10:34:15,7918.5,48419,7919.0,1149145,3147,155754,-152607,-1100726,0.5
1900-01-23 10:34:30,7918.0,168561,7918.5,1060349,651,55192,-54541,-891788,0.5
1900-01-23 10:34:45,7916.5,170875,7917.0,688151,2340,130870,-128530,-517276,0.5
1900-01-23 10:35:00,7916.5,1278692,7917.0,58100,11515,16675,-5160,1220592,0.5
1900-01-23 10:35:15,7917.0,1069920,7917.5,615033,63234,33756,29478,454887,0.5
1900-01-23 10:35:30,7917.0,1149639,7917.5,528522,29705,17554,12151,621117,0.5
1900-01-23 10:35:45,7917.0,94682,7917.5,934874,127060,37696,89364,-840192,0.5
1900-01-23 10:36:00,7916.5,643163,7917.0,327810,23508,26022,-2514,315353,0.5
1900-01-23 10:36:15,7916.5,859323,7917.0,297842,11474,5521,5953,561481,0.5
1900-01-23 10:36:30,7916.5,800924,7917.0,426705,1258,40,1218,374219,0.5
1900-01-23 10:36:45,7919.0,877147,7919.5,58738,53580,4500,49080,818409,0.5
1900-01-23 10:37:00,7919.5,1070367,7920.0,40987,28091,2000,26091,1029380,0.5
1900-01-23 10:37:15,7921.5,844466,7922.0,269774,295564,33041,262523,574692,0.5
1900-01-23 10:37:30,7924.5,745827,7925.0,522060,124665,17134,107531,223767,0.5
1900-01-23 10:37:45,7924.5,757872,7925.0,633664,19931,31262,-11331,124208,0.5
1900-01-23 10:38:00,7924.5,108799,7925.0,1134985,36305,23897,12408,-1026186,0.5
1900-01-23 10:38:15,7923.5,21293,7924.0,2128921,21513,27668,-6155,-2107628,0.5
1900-01-23 10:38:30,7922.0,109672,7922.5,683404,14683,16407,-1724,-573732,0.5
1900-01-23 10:38:45,7922.0,1006634,7922.5,285871,2666,11960,-9294,720763,0.5
1900-01-23 10:39:00,7922.0,1017695,7922.5,120511,11050,14270,-3220,897184,0.5
1900-01-23 10:39:15,7922.0,926551,7922.5,330594,15400,4636,10764,595957,0.5
1900-01-23 10:39:30,7922.5,1568841,7923.0,15538,61406,1648,59758,1553303,0.5
1900-01-23 10:39:45,7924.5,881453,7925.0,290024,45071,1169,43902,591429,0.5
1900-01-23 10:40:00,7926.5,902658,7927.0,56819,95944,1050,94894,845839,0.5
1900-01-23 10:40:15,7927.0,1096993,7927.5,66220,105531,9315,96216,1030773,0.5
1900-01-23 10:40:30,7928.0,1185864,7928.5,47281,164078,10720,153358,1138583,0.5
1900-01-23 10:40:45,7928.0,1611238,7928.5,429,17512,13768,3744,1610809,0.5
1900-01-23 10:41:00,7923.5,159199,7924.0,480266,2078,50467,-48389,-321067,0.5
1900-01-23 10:41:15,7923.5,29713,7924.0,1528968,6392,30434,-24042,-1499255,0.5
1900-01-23 10:41:30,7919.5,474,7920.0,549109,159,31005,-30846,-548635,0.5
1900-01-23 10:41:45,7918.0,625394,7918.5,1106451,837,22141,-21304,-481057,0.5
1900-01-23 10:42:00,7918.0,860245,7918.5,1317264,2356,24137,-21781,-457019,0.5
1900-01-23 10:42:15,7918.0,1265997,7918.5,1015114,2603,11836,-9233,250883,0.5
1900-01-23 10:42:30,7918.0,708338,7918.5,1144989,3835,8950,-5115,-436651,0.5
1900-01-23 10:42:45,7917.5,4684,7918.0,1126240,38114,1943,36171,-1121556,0.5
1900-01-23 10:43:00,7916.0,35757,7916.5,983686,5305,56067,-50762,-947929,0.5
1900-01-23 10:43:15,7915.0,363359,7915.5,770784,10777,205387,-194610,-407425,0.5
1900-01-23 10:43:30,7915.0,653527,7915.5,783887,1171,16008,-14837,-130360,0.5
1900-01-23 10:43:45,7914.5,107639,7915.0,1339687,200,44998,-44798,-1232048,0.5
1900-01-23 10:44:00,7914.5,53851,7915.0,1457883,10001,60546,-50545,-1404032,0.5
1900-01-23 10:44:15,7912.5,3198,7913.0,1291589,1252,320852,-319600,-1288391,0.5
1900-01-23 10:44:30,7911.0,349682,7911.5,1506447,6487,210683,-204196,-1156765,0.5
1900-01-23 10:44:45,7910.5,49707,7911.0,443979,11092,141351,-130259,-394272,0.5
1900-01-23 10:45:00,7908.0,131821,7908.5,841668,1936,73961,-72025,-709847,0.5
1900-01-23 10:45:15,7908.0,219111,7908.5,676870,9889,146037,-136148,-457759,0.5
1900-01-23 10:45:30,7908.0,729162,7908.5,80518,93425,13550,79875,648644,0.5
1900-01-23 10:45:45,7908.0,906058,7908.5,1050752,193184,11683,181501,-144694,0.5
1900-01-23 10:46:00,7908.0,1210616,7908.5,1168644,37431,12399,25032,41972,0.5
1900-01-23 10:46:15,7908.0,1403340,7908.5,989826,109297,2986,106311,413514,0.5
1900-01-23 10:46:30,7908.0,990849,7908.5,1019797,112108,18235,93873,-28948,0.5
1900-01-23 10:46:45,7908.0,298071,7908.5,1099593,15729,49740,-34011,-801522,0.5
1900-01-23 10:47:00,7908.0,293639,7908.5,1057649,1518,47407,-45889,-764010,0.5
1900-01-23 10:47:15,7901.0,630666,7901.5,402507,30648,131350,-100702,228159,0.5
1900-01-23 10:47:30,7896.5,392706,7897.0,746254,23670,394698,-371028,-353548,0.5
1900-01-23 10:47:45,7896.5,625277,7897.0,644485,58546,291810,-233264,-19208,0.5
1900-01-23 10:48:00,7896.5,661918,7897.0,693345,7789,23484,-15695,-31427,0.5
1900-01-23 10:48:15,7895.5,72689,7896.0,355570,6982,103251,-96269,-282881,0.5
1900-01-23 10:48:30,7894.0,106094,7894.5,1538507,125,240619,-240494,-1432413,0.5
1900-01-23 10:48:45,7884.0,34175,7884.5,227258,7982,128576,-120594,-193083,0.5
1900-01-23 10:49:00,7884.0,951998,7884.5,674404,313640,236869,76771,277594,0.5
1900-01-23 10:49:15,7884.5,1135557,7885.0,1840716,1059733,37226,1022507,-705159,0.5
1900-01-23 10:49:30,7894.5,1379396,7895.0,91285,1918155,15239,1902916,1288111,0.5
1900-01-23 10:49:45,7890.0,29234,7890.5,214709,199673,147725,51948,-185475,0.5
1900-01-23 10:50:00,7888.5,444663,7889.0,427709,87669,179120,-91451,16954,0.5
1900-01-23 10:50:15,7884.0,451406,7884.5,318915,61827,64530,-2703,132491,0.5
1900-01-23 10:50:30,7884.0,14345,7884.5,1305392,39696,42760,-3064,-1291047,0.5
1900-01-23 10:50:45,7882.0,233735,7882.5,415611,30469,215677,-185208,-181876,0.5
1900-01-23 10:51:00,7882.0,505210,7882.5,1793928,43398,70515,-27117,-1288718,0.5
1900-01-23 10:51:15,7882.0,1571758,7882.5,1330398,191255,34970,156285,241360,0.5
1900-01-23 10:51:30,7882.0,1574346,7882.5,1215900,152236,28463,123773,358446,0.5
1900-01-23 10:51:45,7884.5,910807,7885.0,318777,1218589,47362,1171227,592030,0.5
1900-01-23 10:52:00,7884.5,995756,7885.0,577026,284762,70,284692,418730,0.5
1900-01-23 10:52:15,7884.5,1107849,7885.0,712878,348598,2470,346128,394971,0.5
1900-01-23 10:52:30,7884.5,1222446,7885.0,359329,245780,10442,235338,863117,0.5
1900-01-23 10:52:45,7885.5,1113395,7886.0,87577,179809,7442,172367,1025818,0.5
1900-01-23 10:53:00,7886.5,1735652,7887.0,22595,159897,1050,158847,1713057,0.5
1900-01-23 10:53:15,7895.5,677723,7896.0,79834,156710,6340,150370,597889,0.5
1900-01-23 10:53:30,7895.5,561701,7896.0,1369429,369764,102234,267530,-807728,0.5
1900-01-23 10:53:45,7890.5,995151,7891.0,214970,181619,175592,6027,780181,0.5
1900-01-23 10:54:00,7893.0,1361566,7893.5,95964,103314,82550,20764,1265602,0.5
1900-01-23 10:54:15,7894.0,1648804,7894.5,90597,43175,951,42224,1558207,0.5
1900-01-23 10:54:30,7894.0,1139355,7894.5,836443,24424,514,23910,302912,0.5
1900-01-23 10:54:45,7894.0,1380673,7894.5,465599,231975,10098,221877,915074,0.5
1900-01-23 10:55:00,7894.0,1386846,7894.5,139818,295615,20200,275415,1247028,0.5
1900-01-23 10:55:15,7895.0,1363360,7895.5,114337,61718,19489,42229,1249023,0.5
1900-01-23 10:55:30,7895.5,1367815,7896.0,49413,145664,44155,101509,1318402,0.5
1900-01-23 10:55:45,7896.0,395125,7896.5,791537,100598,38585,62013,-396412,0.5
1900-01-23 10:56:00,7894.0,200916,7894.5,789737,12027,300998,-288971,-588821,0.5
1900-01-23 10:56:15,7894.0,735733,7894.5,413781,111145,113428,-2283,321952,0.5
1900-01-23 10:56:30,7894.0,721813,7894.5,290746,29222,16130,13092,431067,0.5
1900-01-23 10:56:45,7894.0,725435,7894.5,522292,7861,3900,3961,203143,0.5
1900-01-23 10:57:00,7894.0,803675,7894.5,467721,48825,11100,37725,335954,0.5
1900-01-23 10:57:15,7894.0,710770,7894.5,437536,32300,18900,13400,273234,0.5
1900-01-23 10:57:30,7894.0,742952,7894.5,322444,12094,21155,-9061,420508,0.5
1900-01-23 10:57:45,7899.0,170837,7899.5,49932,153978,1967,152011,120905,0.5
1900-01-23 10:58:00,7899.5,541090,7900.0,789394,64130,5814,58316,-248304,0.5
1900-01-23 10:58:15,7899.5,64700,7900.0,1020851,23486,88986,-65500,-956151,0.5
1900-01-23 10:58:30,7898.5,255296,7899.0,1085548,112595,57478,55117,-830252,0.5
1900-01-23 10:58:45,7899.0,1096233,7899.5,102078,65496,113100,-47604,994155,0.5
1900-01-23 10:59:00,7899.0,1044727,7899.5,261752,18344,8449,9895,782975,0.5
1900-01-23 10:59:15,7899.0,95070,7899.5,1104039,152610,23063,129547,-1008969,0.5
1900-01-23 10:59:30,7898.5,271459,7899.0,892957,550,33059,-32509,-621498,0.5
1900-01-23 10:59:45,7898.5,218095,7899.0,1538458,1200,40201,-39001,-1320363,0.5
1900-01-23 11:00:00,7896.0,3627,7897.5,13481,3104,136339,-133235,-9854,1.5
1900-01-23 11:00:15,7893.0,18311,7893.5,1319072,716,208586,-207870,-1300761,0.5
1900-01-23 11:00:30,7886.5,397429,7887.0,1132243,896,352013,-351117,-734814,0.5
1900-01-23 11:00:45,7885.5,12227,7886.0,775373,2607,298595,-295988,-763146,0.5
1900-01-23 11:01:00,7885.5,259487,7886.0,1229469,1525,325015,-323490,-969982,0.5
1900-01-23 11:01:15,7885.0,208683,7885.5,1211317,27300,122439,-95139,-1002634,0.5
1900-01-23 11:01:30,7881.0,78298,7881.5,951847,2853,258200,-255347,-873549,0.5
1900-01-23 11:01:45,7869.0,80940,7869.5,250209,16587,889546,-872959,-169269,0.5
1900-01-23 11:02:00,7879.5,45000,7880.0,242344,425361,270894,154467,-197344,0.5
1900-01-23 11:02:15,7870.0,472341,7870.5,71206,168577,307133,-138556,401135,0.5
1900-01-23 11:02:30,7870.0,136769,7870.5,1176157,44914,127372,-82458,-1039388,0.5
1900-01-23 11:02:45,7864.0,123174,7864.5,1024634,60176,2038320,-1978144,-901460,0.5
1900-01-23 11:03:00,7855.0,339533,7855.5,448824,51336,1195338,-1144002,-109291,0.5
1900-01-23 11:03:15,7828.0,62571,7829.5,500,38520,2599702,-2561182,62071,1.5
1900-01-23 11:03:30,7837.0,82291,7839.5,538,351889,1986560,-1634671,81753,2.5
1900-01-23 11:03:45,7849.5,104345,7850.0,1224160,824529,326998,497531,-1119815,0.5
1900-01-23 11:04:00,7846.0,7672,7849.0,4549,286480,157187,129293,3123,3.0
1900-01-23 11:04:15,7854.0,570325,7854.5,149651,542615,193459,349156,420674,0.5
1900-01-23 11:04:30,7854.0,940159,7854.5,305805,954273,142898,811375,634354,0.5
1900-01-23 11:04:45,7850.0,127303,7851.5,559198,275779,199782,75997,-431895,1.5
1900-01-23 11:05:00,7846.0,793511,7846.5,80311,32312,254270,-221958,713200,0.5
1900-01-23 11:05:15,7853.5,129988,7854.0,2488113,389261,138227,251034,-2358125,0.5
1900-01-23 11:05:30,7852.0,242627,7852.5,500000,185626,274132,-88506,-257373,0.5
1900-01-23 11:05:45,7856.5,281726,7857.0,4979,2207987,75822,2132165,276747,0.5
1900-01-23 11:06:00,7860.0,507377,7860.5,19991,681003,19417,661586,487386,0.5
1900-01-23 11:06:15,7864.0,468177,7864.5,610870,624146,336070,288076,-142693,0.5
1900-01-23 11:06:30,7864.5,340379,7865.0,4924588,291352,122118,169234,-4584209,0.5
1900-01-23 11:06:45,7855.5,7656,7856.0,10000,69818,197781,-127963,-2344,0.5
1900-01-23 11:07:00,7847.5,1099612,7848.0,186699,28190,232640,-204450,912913,0.5
1900-01-23 11:07:15,7852.5,887748,7853.0,503365,184060,178178,5882,384383,0.5
1900-01-23 11:07:30,7852.5,818681,7853.0,953654,132901,216983,-84082,-134973,0.5
1900-01-23 11:07:45,7848.5,214136,7849.0,619980,67820,1039218,-971398,-405844,0.5
1900-01-23 11:08:00,7860.5,170824,7861.0,70854,336890,376638,-39748,99970,0.5
1900-01-23 11:08:15,7864.0,183308,7864.5,614943,344662,38825,305837,-431635,0.5
1900-01-23 11:08:30,7862.0,679,7862.5,294825,72514,138381,-65867,-294146,0.5
1900-01-23 11:08:45,7864.5,2865,7865.0,4712472,22100,270116,-248016,-4709607,0.5
1900-01-23 11:09:00,7862.5,212880,7863.0,539508,32920,79566,-46646,-326628,0.5
1900-01-23 11:09:15,7860.0,686482,7860.5,444499,11966,121788,-109822,241983,0.5
1900-01-23 11:09:30,7859.0,5774,7859.5,2623096,46709,55158,-8449,-2617322,0.5
1900-01-23 11:09:45,7858.5,9568,7859.0,747638,22943,16994,5949,-738070,0.5
1900-01-23 11:10:00,7857.0,17315,7857.5,803085,36025,82047,-46022,-785770,0.5
1900-01-23 11:10:15,7851.0,111732,7851.5,906822,91866,310891,-219025,-795090,0.5
1900-01-23 11:10:30,7853.0,1144697,7853.5,558,207177,29186,177991,1144139,0.5
1900-01-23 11:10:45,7851.5,60806,7852.0,620802,83320,84076,-756,-559996,0.5
1900-01-23 11:11:00,7849.0,23533,7849.5,952545,48116,336990,-288874,-929012,0.5
1900-01-23 11:11:15,7846.5,522656,7847.0,600451,19664,79561,-59897,-77795,0.5
1900-01-23 11:11:30,7840.0,80391,7840.5,1406158,45887,279811,-233924,-1325767,0.5
1900-01-23 11:11:45,7840.0,34888,7840.5,1475945,76659,200714,-124055,-1441057,0.5
1900-01-23 11:12:00,7829.0,500,7829.5,904574,96771,407175,-310404,-904074,0.5
1900-01-23 11:12:15,7824.0,65337,7824.5,106784,25669,473225,-447556,-41447,0.5
1900-01-23 11:12:30,7810.0,500,7810.5,5390,50553,1777805,-1727252,-4890,0.5
1900-01-23 11:12:45,7800.5,2838,7802.0,21,1056809,1924485,-867676,2817,1.5
1900-01-23 11:13:00,7809.0,148014,7809.5,416850,287275,1571828,-1284553,-268836,0.5
1900-01-23 11:13:15,7822.5,371851,7823.0,677201,729116,284267,444849,-305350,0.5
1900-01-23 11:13:30,7820.0,42816,7820.5,416803,503873,254297,249576,-373987,0.5
1900-01-23 11:13:45,7813.0,46303,7813.5,1116412,54901,345263,-290362,-1070109,0.5
1900-01-23 11:14:00,7813.0,161163,7813.5,1209187,102100,462358,-360258,-1048024,0.5
1900-01-23 11:14:15,7810.0,416248,7810.5,549381,267515,220312,47203,-133133,0.5
1900-01-23 11:14:30,7807.0,227145,7807.5,1114200,65047,227139,-162092,-887055,0.5
1900-01-23 11:14:45,7790.5,64,7793.5,11000,87468,1507846,-1420378,-10936,3.0
1900-01-23 11:15:00,7776.0,180861,7779.0,7200,31112,5390080,-5358968,173661,3.0
1900-01-23 11:15:15,7797.0,333033,7798.5,16158,454543,1382523,-927980,316875,1.5
1900-01-23 11:15:30,7802.5,109919,7806.0,13961,673131,1224192,-551061,95958,3.5
1900-01-23 11:15:45,7807.5,41325,7808.0,199386,792844,548954,243890,-158061,0.5
1900-01-23 11:16:00,7811.0,675047,7811.5,209925,704550,40144,664406,465122,0.5
1900-01-23 11:16:15,7811.0,247639,7811.5,1035796,553044,361828,191216,-788157,0.5
1900-01-23 11:16:30,7812.0,124518,7812.5,2745881,1661192,128969,1532223,-2621363,0.5
1900-01-23 11:16:45,7829.5,40145,7830.0,246436,2219379,88036,2131343,-206291,0.5
1900-01-23 11:17:00,7820.5,133948,7821.0,674329,1080868,347287,733581,-540381,0.5
1900-01-23 11:17:15,7826.5,753237,7827.0,221579,448682,175797,272885,531658,0.5
1900-01-23 11:17:30,7820.0,18830,7820.5,594854,241397,485499,-244102,-576024,0.5
1900-01-23 11:17:45,7821.5,825371,7826.0,27157,337112,351963,-14851,798214,4.5
1900-01-23 11:18:00,7830.5,23671,7831.0,859352,283760,83950,199810,-835681,0.5
1900-01-23 11:18:15,7830.0,816600,7830.5,428173,119366,273419,-154053,388427,0.5
1900-01-23 11:18:30,7834.5,735660,7835.0,74486,256592,27119,229473,661174,0.5
1900-01-23 11:18:45,7837.5,8175,7838.0,194441,636277,117081,519196,-186266,0.5
1900-01-23 11:19:00,7836.5,63928,7837.0,1605401,287752,227395,60357,-1541473,0.5
1900-01-23 11:19:15,7836.5,89445,7837.0,879062,83096,118129,-35033,-789617,0.5
1900-01-23 11:19:30,7835.5,24475,7836.0,5272,105060,400999,-295939,19203,0.5
1900-01-23 11:19:45,7837.5,742572,7838.0,1061712,463073,27047,436026,-319140,0.5
1900-01-23 11:20:00,7837.5,1130858,7838.0,896344,188491,126403,62088,234514,0.5
1900-01-23 11:20:15,7842.5,1099507,7843.0,400962,239039,68931,170108,698545,0.5
1900-01-23 11:20:30,7847.0,54348,7847.5,27747,1719006,9654,1709352,26601,0.5
1900-01-23 11:20:45,7854.5,446187,7855.0,797638,702060,118008,584052,-351451,0.5
1900-01-23 11:21:00,7845.5,16544,7846.0,16576,349212,1169119,-819907,-32,0.5
1900-01-23 11:21:15,7841.0,729230,7841.5,304632,62723,367860,-305137,424598,0.5
1900-01-23 11:21:30,7844.5,4815,7845.0,420716,258821,78018,180803,-415901,0.5
1900-01-23 11:21:45,7844.5,293925,7845.0,676599,39519,178620,-139101,-382674,0.5
1900-01-23 11:22:00,7846.0,802855,7846.5,15435,151742,104291,47451,787420,0.5
1900-01-23 11:22:15,7846.0,787828,7846.5,542711,164098,74298,89800,245117,0.5
1900-01-23 11:22:30,7846.5,187431,7847.0,772151,67840,35147,32693,-584720,0.5
1900-01-23 11:22:45,7846.5,303259,7847.0,967096,54075,114045,-59970,-663837,0.5
1900-01-23 11:23:00,7840.0,345348,7840.5,736376,14337,266115,-251778,-391028,0.5
1900-01-23 11:23:15,7836.5,44648,7837.0,1036842,4913,382161,-377248,-992194,0.5
1900-01-23 11:23:30,7836.5,277999,7837.0,36994,68663,152808,-84145,241005,0.5
1900-01-23 11:23:45,7835.0,131751,7835.5,372400,153438,157075,-3637,-240649,0.5
1900-01-23 11:24:00,7835.0,1140583,7835.5,14129,74841,34757,40084,1126454,0.5
1900-01-23 11:24:15,7835.0,512659,7835.5,172118,177814,344983,-167169,340541,0.5
1900-01-23 11:24:30,7835.5,961235,7836.0,274550,285347,52741,232606,686685,0.5
1900-01-23 11:24:45,7838.5,775711,7839.0,234875,242366,39926,202440,540836,0.5
1900-01-23 11:25:00,7838.5,145192,7839.0,1400529,79105,327941,-248836,-1255337,0.5
1900-01-23 11:25:15,7830.5,49782,7831.0,1040893,120727,215460,-94733,-991111,0.5
1900-01-23 11:25:30,7821.5,127255,7822.0,800902,62604,394396,-331792,-673647,0.5
1900-01-23 11:25:45,7821.0,637832,7821.5,5374013,91606,619181,-527575,-4736181,0.5
1900-01-23 11:26:00,7821.0,619630,7821.5,591017,268538,214979,53559,28613,0.5
1900-01-23 11:26:15,7822.5,5500,7823.0,90759,303078,214093,88985,-85259,0.5
1900-01-23 11:26:30,7817.5,127226,7818.0,666327,155350,100382,54968,-539101,0.5
1900-01-23 11:26:45,7820.0,601405,7820.5,778264,81213,233751,-152538,-176859,0.5
1900-01-23 11:27:00,7819.0,12003,7819.5,1804443,86932,106403,-19471,-1792440,0.5
1900-01-23 11:27:15,7815.5,902600,7816.0,5210346,73221,239859,-166638,-4307746,0.5
1900-01-23 11:27:30,7817.5,789335,7818.0,1264186,522568,87784,434784,-474851,0.5
1900-01-23 11:27:45,7817.5,1312846,7818.0,2010137,362354,8570,353784,-697291,0.5
1900-01-23 11:28:00,7813.0,270654,7813.5,1204944,142197,443923,-301726,-934290,0.5
1900-01-23 11:28:15,7811.5,66724,7812.5,8989,4483,254331,-249848,57735,1.0
1900-01-23 11:28:30,7795.5,15500,7796.0,4387,206555,689716,-483161,11113,0.5
1900-01-23 11:28:45,7807.0,98280,7807.5,296231,253511,348323,-94812,-197951,0.5
1900-01-23 11:29:00,7801.0,816222,7801.5,414472,239098,289025,-49927,401750,0.5
1900-01-23 11:29:15,7809.5,454044,7810.0,408106,829916,211760,618156,45938,0.5
1900-01-23 11:29:30,7810.5,196178,7811.0,111356,293265,14595,278670,84822,0.5
1900-01-23 11:29:45,7814.5,767263,7815.0,252957,661610,50929,610681,514306,0.5
1900-01-23 11:30:00,7814.5,372125,7815.0,996310,327303,286768,40535,-624185,0.5
1900-01-23 11:30:15,7810.0,302130,7810.5,788281,83732,497677,-413945,-486151,0.5
1900-01-23 11:30:30,7808.0,111314,7808.5,538178,62569,64045,-1476,-426864,0.5
1900-01-23 11:30:45,7802.0,13306,7802.5,1235110,22844,158548,-135704,-1221804,0.5
1900-01-23 11:31:00,7791.5,68139,7792.0,415627,41493,164328,-122835,-347488,0.5
1900-01-23 11:31:15,7781.5,1345745,7782.0,36416,95640,1229289,-1133649,1309329,0.5
1900-01-23 11:31:30,7787.5,61630,7788.0,326989,1104892,552068,552824,-265359,0.5
1900-01-23 11:31:45,7794.0,39863,7794.5,129008,385015,145107,239908,-89145,0.5
1900-01-23 11:32:00,7790.0,74012,7790.5,579604,250318,209487,40831,-505592,0.5
1900-01-23 11:32:15,7785.0,28650,7785.5,269976,15288,251341,-236053,-241326,0.5
1900-01-23 11:32:30,7780.0,37559,7780.5,642174,30246,182576,-152330,-604615,0.5
1900-01-23 11:32:45,7769.0,16500,7769.5,15892,110385,462810,-352425,608,0.5
1900-01-23 11:33:00,7755.5,7700,7757.5,4200,150441,4086698,-3936257,3500,2.0
1900-01-23 11:33:15,7763.5,44712,7764.0,140620,459544,422756,36788,-95908,0.5
1900-01-23 11:33:30,7769.5,314776,7770.0,1522531,651850,277770,374080,-1207755,0.5
1900-01-23 11:33:45,7779.5,31752,7780.0,29484,1232099,154650,1077449,2268,0.5
1900-01-23 11:34:00,7779.0,33159,7779.5,22474,622706,193421,429285,10685,0.5
1900-01-23 11:34:15,7781.5,391044,7782.0,7000,1051545,135061,916484,384044,0.5
1900-01-23 11:34:30,7791.0,115020,7792.0,76277,655116,41120,613996,38743,1.0
1900-01-23 11:34:45,7789.5,1234455,7790.0,46676,363584,93738,269846,1187779,0.5
1900-01-23 11:35:00,7800.0,1162552,7800.5,29239,381885,26788,355097,1133313,0.5
1900-01-23 11:35:15,7809.0,391191,7809.5,269188,646932,60986,585946,122003,0.5
1900-01-23 11:35:30,7814.0,673711,7814.5,164810,317576,138558,179018,508901,0.5
1900-01-23 11:35:45,7814.5,569090,7816.0,13,354950,169261,185689,569077,1.5
1900-01-23 11:36:00,7817.0,97642,7817.5,1563524,320112,162760,157352,-1465882,0.5
1900-01-23 11:36:15,7815.0,201519,7815.5,26312,110876,514183,-403307,175207,0.5
1900-01-23 11:36:30,7817.5,639358,7818.0,35579,95714,70395,25319,603779,0.5
1900-01-23 11:36:45,7821.0,828143,7821.5,41904,259879,28832,231047,786239,0.5
1900-01-23 11:37:00,7824.0,62606,7824.5,22363,79400,93790,-14390,40243,0.5
1900-01-23 11:37:15,7832.5,293490,7833.0,45282,358037,29729,328308,248208,0.5
1900-01-23 11:37:30,7829.5,35692,7830.0,19409,381871,247596,134275,16283,0.5
1900-01-23 11:37:45,7826.5,410928,7827.0,181218,234185,687600,-453415,229710,0.5
1900-01-23 11:38:00,7828.0,756215,7828.5,194298,191735,69582,122153,561917,0.5
1900-01-23 11:38:15,7822.0,301009,7822.5,370865,105511,509532,-404021,-69856,0.5
1900-01-23 11:38:30,7818.5,41771,7819.0,405392,19321,325126,-305805,-363621,0.5
1900-01-23 11:38:45,7800.0,18243,7800.5,56267,14480,401388,-386908,-38024,0.5
1900-01-23 11:39:00,7806.0,534524,7806.5,2093,94706,294494,-199788,532431,0.5
1900-01-23 11:39:15,7804.0,69151,7804.5,351274,224091,126112,97979,-282123,0.5
1900-01-23 11:39:30,7800.0,63823,7800.5,329840,31692,244788,-213096,-266017,0.5
1900-01-23 11:39:45,7799.0,1322580,7799.5,254046,66701,169706,-103005,1068534,0.5
1900-01-23 11:40:00,7806.5,141251,7807.0,8929,658078,206297,451781,132322,0.5
1900-01-23 11:40:15,7808.5,828739,7809.0,283319,662384,15846,646538,545420,0.5
1900-01-23 11:40:30,7817.0,97621,7817.5,16720,270070,34007,236063,80901,0.5
1900-01-23 11:40:45,7816.5,127923,7817.0,287934,199725,49690,150035,-160011,0.5
1900-01-23 11:41:00,7821.5,127897,7822.0,466450,111475,97701,13774,-338553,0.5
1900-01-23 11:41:15,7823.5,44349,7824.0,8871,388892,26567,362325,35478,0.5
1900-01-23 11:41:30,7830.0,254593,7830.5,132086,304065,32230,271835,122507,0.5
1900-01-23 11:41:45,7831.0,285733,7831.5,223595,122140,74253,47887,62138,0.5
1900-01-23 11:42:00,7816.5,194949,7817.0,151708,48597,280595,-231998,43241,0.5
1900-01-23 11:42:15,7819.5,110781,7820.0,411888,118915,130869,-11954,-301107,0.5
1900-01-23 11:42:30,7819.0,880931,7819.5,261579,337810,74551,263259,619352,0.5
1900-01-23 11:42:45,7817.0,314862,7817.5,585245,10717,264312,-253595,-270383,0.5
1900-01-23 11:43:00,7820.5,1068160,7821.0,31380,204723,77457,127266,1036780,0.5
1900-01-23 11:43:15,7829.0,723847,7829.5,551967,98106,28220,69886,171880,0.5
1900-01-23 11:43:30,7824.5,297145,7825.0,351483,25220,84124,-58904,-54338,0.5
1900-01-23 11:43:45,7830.5,400348,7831.0,46230,251979,167009,84970,354118,0.5
1900-01-23 11:44:00,7834.5,625571,7835.0,273320,179388,60812,118576,352251,0.5
1900-01-23 11:44:15,7834.5,373214,7835.0,976934,43690,137916,-94226,-603720,0.5
1900-01-23 11:44:30,7833.0,222387,7833.5,810707,10516,253991,-243475,-588320,0.5
1900-01-23 11:44:45,7833.0,73274,7833.5,783433,49342,67046,-17704,-710159,0.5
1900-01-23 11:45:00,7829.0,1005913,7829.5,40602,85963,120471,-34508,965311,0.5
1900-01-23 11:45:15,7829.5,39860,7830.0,241383,52560,52123,437,-201523,0.5
1900-01-23 11:45:30,7829.5,1269102,7830.0,1493,81134,10711,70423,1267609,0.5
1900-01-23 11:45:45,7832.0,188462,7832.5,686871,271913,23588,248325,-498409,0.5
1900-01-23 11:46:00,7832.0,988611,7832.5,169737,126443,143826,-17383,818874,0.5
1900-01-23 11:46:15,7834.5,925171,7835.0,70767,187694,36972,150722,854404,0.5
1900-01-23 11:46:30,7843.5,113191,7844.0,67892,320157,28789,291368,45299,0.5
1900-01-23 11:46:45,7840.5,140941,7841.0,1100567,227699,211235,16464,-959626,0.5
1900-01-23 11:47:00,7843.5,146589,7844.0,716884,221623,138178,83445,-570295,0.5
1900-01-23 11:47:15,7844.5,969442,7845.0,393456,487012,70144,416868,575986,0.5
1900-01-23 11:47:30,7844.5,1053382,7845.0,17329,309915,67709,242206,1036053,0.5
1900-01-23 11:47:45,7845.0,352879,7845.5,168532,452244,94187,358057,184347,0.5
1900-01-23 11:48:00,7831.5,17000,7832.5,20500,209918,563869,-353951,-3500,1.0
1900-01-23 11:48:15,7832.5,389562,7833.0,531002,28153,414351,-386198,-141440,0.5
1900-01-23 11:48:30,7828.5,12000,7829.0,62153,137994,62422,75572,-50153,0.5
1900-01-23 11:48:45,7827.5,132500,7828.0,1023532,66882,106857,-39975,-891032,0.5
1900-01-23 11:49:00,7823.0,101894,7823.5,346143,8814,104625,-95811,-244249,0.5
1900-01-23 11:49:15,7819.5,98855,7820.0,1360079,7431,194859,-187428,-1261224,0.5
1900-01-23 11:49:30,7819.0,68865,7819.5,880352,11978,175610,-163632,-811487,0.5
1900-01-23 11:49:45,7815.0,883358,7815.5,333970,17273,305855,-288582,549388,0.5
1900-01-23 11:50:00,7819.5,362195,7820.0,286719,358152,143574,214578,75476,0.5
1900-01-23 11:50:15,7823.0,1166481,7823.5,41825,328090,14480,313610,1124656,0.5
1900-01-23 11:50:30,7826.5,700076,7827.0,32526,359532,15109,344423,667550,0.5
1900-01-23 11:50:45,7833.5,279923,7834.0,7954,65803,5706,60097,271969,0.5
1900-01-23 11:51:00,7834.0,96076,7834.5,1298664,108056,175644,-67588,-1202588,0.5
1900-01-23 11:51:15,7832.0,6795,7832.5,945470,47457,24064,23393,-938675,0.5
1900-01-23 11:51:30,7828.5,243124,7829.0,858218,26200,47489,-21289,-615094,0.5
1900-01-23 11:51:45,7830.0,834793,7830.5,291049,378401,52080,326321,543744,0.5
1900-01-23 11:52:00,7830.0,75909,7830.5,814845,71390,26521,44869,-738936,0.5
1900-01-23 11:52:15,7825.5,73523,7826.0,1065932,12143,155508,-143365,-992409,0.5
1900-01-23 11:52:30,7825.0,270806,7825.5,932914,55039,65591,-10552,-662108,0.5
1900-01-23 11:52:45,7825.0,708836,7825.5,399198,106037,168851,-62814,309638,0.5
1900-01-23 11:53:00,7825.0,26015,7825.5,861702,2486,129805,-127319,-835687,0.5
1900-01-23 11:53:15,7822.0,5442,7823.0,1238241,4923,86575,-81652,-1232799,1.0
1900-01-23 11:53:30,7814.5,727181,7815.0,395202,94801,99119,-4318,331979,0.5
1900-01-23 11:53:45,7814.5,641397,7815.0,231526,166272,29703,136569,409871,0.5
1900-01-23 11:54:00,7811.5,45158,7812.0,987233,19640,39131,-19491,-942075,0.5
1900-01-23 11:54:15,7811.0,245824,7811.5,641918,27350,214803,-187453,-396094,0.5
1900-01-23 11:54:30,7808.5,59731,7809.0,1277069,95404,320156,-224752,-1217338,0.5
1900-01-23 11:54:45,7802.0,221331,7802.5,942443,43241,137827,-94586,-721112,0.5
1900-01-23 11:55:00,7802.0,191697,7802.5,423130,160428,446408,-285980,-231433,0.5
1900-01-23 11:55:15,7806.5,521586,7807.0,171500,347436,37553,309883,350086,0.5
1900-01-23 11:55:30,7809.5,430669,7810.0,660165,417408,12166,405242,-229496,0.5
1900-01-23 11:55:45,7815.5,420309,7816.0,117774,359341,435,358906,302535,0.5
1900-01-23 11:56:00,7815.5,975696,7816.0,144317,281562,7100,274462,831379,0.5
1900-01-23 11:56:15,7820.5,372214,7821.0,676674,203447,18222,185225,-304460,0.5
1900-01-23 11:56:30,7820.5,575341,7821.0,729601,47689,59610,-11921,-154260,0.5
1900-01-23 11:56:45,7820.0,12832,7820.5,453493,29026,145782,-116756,-440661,0.5
1900-01-23 11:57:00,7813.0,38887,7813.5,666579,39665,96478,-56813,-627692,0.5
1900-01-23 11:57:15,7808.0,235030,7808.5,409640,23494,113949,-90455,-174610,0.5
1900-01-23 11:57:30,7808.0,653389,7808.5,177195,312626,31378,281248,476194,0.5
1900-01-23 11:57:45,7810.0,393252,7810.5,538332,197978,158212,39766,-145080,0.5
1900-01-23 11:58:00,7814.0,426639,7814.5,678743,142072,102780,39292,-252104,0.5
1900-01-23 11:58:15,7810.0,91428,7810.5,852558,10739,132716,-121977,-761130,0.5
1900-01-23 11:58:30,7810.0,50767,7810.5,835264,110649,88688,21961,-784497,0.5
1900-01-23 11:58:45,7808.5,253070,7809.0,612568,3610,33897,-30287,-359498,0.5
1900-01-23 11:59:00,7809.0,33103,7809.5,810796,276302,16243,260059,-777693,0.5
1900-01-23 11:59:15,7810.5,348999,7811.0,93059,100788,94682,6106,255940,0.5
1900-01-23 11:59:30,7819.0,290388,7819.5,526303,284173,21186,262987,-235915,0.5
1900-01-23 11:59:45,7816.5,488197,7817.0,215268,65150,35617,29533,272929,0.5
1900-01-23 12:00:15,7828.0,21000,7828.5,295832,10500,35617,-25117,-274832,0.5
1900-01-23 12:00:30,7830.5,10278,7833.5,15415,287558,434488,-146930,-5137,3.0
1900-01-23 12:00:45,7832.0,46448,7832.5,65283,122937,41291,81646,-18835,0.5
1900-01-23 12:01:00,7833.5,190990,7834.0,204025,218402,47078,171324,-13035,0.5
1900-01-23 12:01:15,7833.5,1378684,7834.0,802947,79446,153841,-74395,575737,0.5
1900-01-23 12:01:30,7833.5,2661379,7834.0,407111,246413,29810,216603,2254268,0.5
1900-01-23 12:01:45,7836.0,1969482,7836.5,399356,384728,167625,217103,1570126,0.5
1900-01-23 12:02:00,7839.0,2391409,7839.5,11270,302090,36381,265709,2380139,0.5
1900-01-23 12:02:15,7844.5,1088572,7845.0,173932,375618,28623,346995,914640,0.5
1900-01-23 12:02:30,7844.5,30122,7845.0,35467,686545,26336,660209,-5345,0.5
1900-01-23 12:02:45,7841.0,2031848,7841.5,149707,293655,620654,-326999,1882141,0.5
1900-01-23 12:03:00,7844.5,2071665,7845.0,31214,236410,36541,199869,2040451,0.5
1900-01-23 12:03:15,7855.5,67077,7856.0,524964,340268,232216,108052,-457887,0.5
1900-01-23 12:03:30,7863.5,881866,7864.0,25107,525739,227939,297800,856759,0.5
1900-01-23 12:03:45,7868.0,40471,7868.5,15000,406942,166863,240079,25471,0.5
1900-01-23 12:04:00,7865.0,271965,7865.5,80117,353373,729093,-375720,191848,0.5
1900-01-23 12:04:15,7864.5,408351,7865.0,1349331,222374,515164,-292790,-940980,0.5
1900-01-23 12:04:30,7860.5,176629,7861.0,606798,27489,427566,-400077,-430169,0.5
1900-01-23 12:04:45,7858.5,12642,7859.0,102862,218708,388589,-169881,-90220,0.5
1900-01-23 12:05:00,7857.0,24141,7857.5,4666,121556,261650,-140094,19475,0.5
1900-01-23 12:05:15,7857.0,27366,7857.5,575195,163061,153498,9563,-547829,0.5
1900-01-23 12:05:30,7849.5,239856,7850.0,761601,35989,251652,-215663,-521745,0.5
1900-01-23 12:05:45,7848.5,141914,7849.0,1355078,7952,234435,-226483,-1213164,0.5
1900-01-23 12:06:00,7848.5,32089,7849.0,1174787,12820,148290,-135470,-1142698,0.5
1900-01-23 12:06:15,7848.0,914971,7848.5,469935,1011,210966,-209955,445036,0.5
1900-01-23 12:06:30,7853.5,260059,7854.0,328443,227395,476651,-249256,-68384,0.5
1900-01-23 12:06:45,7852.5,559295,7853.0,205045,77550,112585,-35035,354250,0.5
1900-01-23 12:07:00,7852.5,646631,7853.0,13416,86682,77181,9501,633215,0.5
1900-01-23 12:07:15,7855.5,426002,7856.0,3878,278179,25700,252479,422124,0.5
1900-01-23 12:07:30,7857.5,24350,7858.0,1273163,98784,43474,55310,-1248813,0.5
1900-01-23 12:07:45,7852.5,66504,7853.0,650018,22997,160189,-137192,-583514,0.5
1900-01-23 12:08:00,7852.0,121702,7852.5,1106411,70736,348978,-278242,-984709,0.5
1900-01-23 12:08:15,7852.0,43771,7852.5,1342898,8751,50865,-42114,-1299127,0.5
1900-01-23 12:08:30,7850.0,58544,7850.5,657921,142247,213567,-71320,-599377,0.5
1900-01-23 12:08:45,7848.5,259943,7849.0,910250,7050,69367,-62317,-650307,0.5
1900-01-23 12:09:00,7847.5,40491,7848.0,632519,12705,82732,-70027,-592028,0.5
1900-01-23 12:09:15,7846.5,378354,7847.0,626679,8900,139986,-131086,-248325,0.5
1900-01-23 12:09:30,7848.0,532919,7848.5,470490,81717,157050,-75333,62429,0.5
1900-01-23 12:09:45,7848.0,719806,7848.5,11260,53582,1000,52582,708546,0.5
1900-01-23 12:10:00,7849.0,570574,7849.5,438585,17860,121043,-103183,131989,0.5
1900-01-23 12:10:15,7845.5,6393,7846.0,1115022,15799,227619,-211820,-1108629,0.5
1900-01-23 12:10:30,7843.0,19490,7843.5,1365382,2032,190640,-188608,-1345892,0.5
1900-01-23 12:10:45,7833.5,61584,7834.0,473155,27277,269309,-242032,-411571,0.5
1900-01-23 12:11:00,7835.5,750515,7836.0,264613,179352,104819,74533,485902,0.5
1900-01-23 12:11:15,7839.5,183349,7840.0,115821,322241,35253,286988,67528,0.5
1900-01-23 12:11:30,7840.5,893051,7841.0,728092,105684,25082,80602,164959,0.5
1900-01-23 12:11:45,7840.5,445993,7841.0,724995,183640,51169,132471,-279002,0.5
1900-01-23 12:12:00,7835.0,157157,7835.5,525454,45956,112483,-66527,-368297,0.5
1900-01-23 12:12:15,7835.0,87453,7835.5,911355,21023,103732,-82709,-823902,0.5
1900-01-23 12:12:30,7835.0,338,7835.5,1009684,100,63383,-63283,-1009346,0.5
1900-01-23 12:12:45,7833.5,614392,7834.0,525617,11487,297520,-286033,88775,0.5
1900-01-23 12:13:00,7833.5,602808,7834.0,485065,58530,52863,5667,117743,0.5
1900-01-23 12:13:15,7833.5,626502,7834.0,488682,6285,42699,-36414,137820,0.5
1900-01-23 12:13:30,7833.5,94069,7834.0,1073564,8206,14138,-5932,-979495,0.5
1900-01-23 12:13:45,7825.0,65483,7826.0,750264,52805,174348,-121543,-684781,1.0
1900-01-23 12:14:00,7828.5,534269,7829.0,278375,213421,176633,36788,255894,0.5
1900-01-23 12:14:15,7831.0,772388,7831.5,232048,301465,6571,294894,540340,0.5
1900-01-23 12:14:30,7834.5,629839,7835.0,55987,231011,18191,212820,573852,0.5
1900-01-23 12:14:45,7836.5,691563,7837.0,700411,107074,380,106694,-8848,0.5
1900-01-23 12:15:00,7834.5,78942,7835.0,746801,154087,34997,119090,-667859,0.5
1900-01-23 12:15:15,7837.5,899201,7838.0,44062,199894,20746,179148,855139,0.5
1900-01-23 12:15:30,7842.0,861226,7842.5,58032,143760,39236,104524,803194,0.5
1900-01-23 12:15:45,7844.0,658347,7844.5,471087,77898,35315,42583,187260,0.5
1900-01-23 12:16:00,7844.0,40978,7844.5,665156,160993,258200,-97207,-624178,0.5
1900-01-23 12:16:15,7840.0,22958,7840.5,808745,18163,97507,-79344,-785787,0.5
1900-01-23 12:16:30,7839.5,826645,7840.0,5005,24844,7424,17420,821640,0.5
1900-01-23 12:16:45,7845.0,978167,7845.5,82084,63602,2,63600,896083,0.5
1900-01-23 12:17:00,7846.0,1431759,7846.5,23846,74539,3677,70862,1407913,0.5
1900-01-23 12:17:15,7848.5,1508902,7849.0,12866,56777,28410,28367,1496036,0.5
1900-01-23 12:17:30,7851.5,1358961,7852.0,12578,66828,4599,62229,1346383,0.5
1900-01-23 12:17:45,7852.5,1170604,7853.0,63506,93747,1400,92347,1107098,0.5
1900-01-23 12:18:00,7853.0,1014041,7853.5,155036,11116,1400,9716,859005,0.5
1900-01-23 12:19:00,7844.0,921476,7844.5,150649,23021,18260,4761,770827,0.5
1900-01-23 12:19:15,7844.0,932599,7844.5,141760,5399,21600,-16201,790839,0.5
1900-01-23 12:19:30,7846.0,748608,7846.5,152315,53617,3731,49886,596293,0.5
1900-01-23 12:19:45,7848.5,1263630,7849.0,75687,75636,4389,71247,1187943,0.5
1900-01-23 12:20:00,7849.5,1298878,7850.0,6208,61150,501,60649,1292670,0.5
1900-01-23 12:20:15,7850.5,1017843,7851.0,93924,43123,1032,42091,923919,0.5
1900-01-23 12:20:30,7850.5,713393,7851.0,595342,48842,9580,39262,118051,0.5
1900-01-23 12:20:45,7850.5,658843,7851.0,674871,24114,257407,-233293,-16028,0.5
1900-01-23 12:21:00,7850.5,729,7851.0,825684,58300,162022,-103722,-824955,0.5
1900-01-23 12:21:15,7852.0,1351405,7852.5,10223,236497,16228,220269,1341182,0.5
1900-01-23 12:21:30,7853.5,1022747,7854.0,78010,33415,5490,27925,944737,0.5
1900-01-23 12:21:45,7854.5,1461889,7855.0,252679,85145,21225,63920,1209210,0.5
1900-01-23 12:22:00,7859.5,126629,7860.0,59650,263905,37614,226291,66979,0.5
1900-01-23 12:22:15,7860.5,1004904,7861.0,519315,184792,66491,118301,485589,0.5
1900-01-23 12:22:30,7860.0,82823,7860.5,1017852,143753,360551,-216798,-935029,0.5
1900-01-23 12:22:45,7849.0,856105,7849.5,296445,74481,887450,-812969,559660,0.5
1900-01-23 12:23:00,7846.5,18364,7847.0,562331,36833,196887,-160054,-543967,0.5
1900-01-23 12:23:15,7845.5,244291,7846.0,723235,200,42329,-42129,-478944,0.5
1900-01-23 12:23:30,7844.5,2828,7845.0,711040,11057,61464,-50407,-708212,0.5
1900-01-23 12:23:45,7836.5,11048,7837.0,53100,23001,188919,-165918,-42052,0.5
1900-01-23 12:24:00,7835.0,126984,7835.5,728201,16796,232010,-215214,-601217,0.5
1900-01-23 12:24:15,7835.5,982712,7836.0,264187,197701,39367,158334,718525,0.5
1900-01-23 12:24:30,7836.0,642824,7836.5,72130,124844,10410,114434,570694,0.5
1900-01-23 12:24:45,7837.5,933114,7838.0,66501,53789,21820,31969,866613,0.5
1900-01-23 12:25:00,7837.5,16544,7838.0,1038539,68595,58304,10291,-1021995,0.5
1900-01-23 12:25:15,7832.0,53730,7832.5,711846,2240,160743,-158503,-658116,0.5
1900-01-23 12:25:30,7830.0,19624,7830.5,638547,18001,196561,-178560,-618923,0.5
1900-01-23 12:25:45,7829.5,1043117,7830.0,76714,79171,56546,22625,966403,0.5
1900-01-23 12:26:00,7836.5,399975,7837.0,12150,176438,120211,56227,387825,0.5
1900-01-23 12:26:15,7841.5,580080,7842.0,898821,187623,95588,92035,-318741,0.5
1900-01-23 12:26:30,7844.5,1076321,7845.0,41633,74734,15373,59361,1034688,0.5
1900-01-23 12:26:45,7844.5,1157013,7845.0,23729,33874,393,33481,1133284,0.5
1900-01-23 12:27:00,7844.5,286622,7845.0,843371,35501,132508,-97007,-556749,0.5
1900-01-23 12:27:15,7844.5,10940,7845.0,959926,5712,204267,-198555,-948986,0.5
1900-01-23 12:27:30,7841.0,2463,7841.5,656994,10284,28789,-18505,-654531,0.5
1900-01-23 12:27:45,7840.0,51733,7840.5,987814,2022,20051,-18029,-936081,0.5
1900-01-23 12:28:00,7838.0,22232,7838.5,1061005,5050,54487,-49437,-1038773,0.5
1900-01-23 12:28:15,7836.5,11287,7837.0,515300,5050,28252,-23202,-504013,0.5
1900-01-23 12:29:30,7832.0,52381,7832.5,745147,50250,52197,-1947,-692766,0.5
1900-01-23 12:29:45,7830.0,368822,7830.5,511844,672,121096,-120424,-143022,0.5
1900-01-23 12:30:00,7829.5,60248,7830.0,720809,11977,4645,7332,-660561,0.5
1900-01-23 12:30:15,7828.5,15900,7829.0,1181796,16714,61913,-45199,-1165896,0.5
1900-01-23 12:30:30,7826.5,20634,7827.0,724730,8726,142673,-133947,-704096,0.5
1900-01-23 12:30:45,7829.0,211766,7829.5,21222,57442,82187,-24745,190544,0.5
1900-01-23 12:31:00,7829.5,1226982,7830.0,22628,49049,27750,21299,1204354,0.5
1900-01-23 12:31:15,7833.0,831869,7833.5,217248,76525,14411,62114,614621,0.5
1900-01-23 12:31:30,7833.5,756423,7834.0,68781,72951,5274,67677,687642,0.5
1900-01-23 12:31:45,7834.5,570794,7835.0,673047,54474,704,53770,-102253,0.5
1900-01-23 12:32:00,7830.0,174078,7830.5,359495,32196,62354,-30158,-185417,0.5
1900-01-23 12:32:15,7827.0,91778,7827.5,581419,5290,187250,-181960,-489641,0.5
1900-01-23 12:32:30,7825.0,299646,7825.5,606286,3080,185090,-182010,-306640,0.5
1900-01-23 12:32:45,7822.0,447440,7822.5,425243,6201,316356,-310155,22197,0.5
1900-01-23 12:33:00,7826.0,223810,7826.5,1819,45903,74864,-28961,221991,0.5
1900-01-23 12:33:15,7827.5,186787,7828.0,760049,179015,23810,155205,-573262,0.5
1900-01-23 12:33:30,7825.0,197920,7825.5,776960,60455,54421,6034,-579040,0.5
1900-01-23 12:33:45,7831.0,78846,7831.5,3853,92450,14699,77751,74993,0.5
1900-01-23 12:34:00,7838.0,507421,7838.5,122517,89334,16797,72537,384904,0.5
1900-01-23 12:34:15,7835.0,1581,7835.5,379050,93984,17832,76152,-377469,0.5
1900-01-23 12:34:30,7831.0,673442,7831.5,103875,9403,35893,-26490,569567,0.5
1900-01-23 12:34:45,7833.0,706470,7833.5,53902,45197,3589,41608,652568,0.5
1900-01-23 12:35:00,7834.0,699778,7834.5,1874,61071,17025,44046,697904,0.5
1900-01-23 12:35:15,7836.5,621829,7837.0,169453,15512,12364,3148,452376,0.5
1900-01-23 12:35:30,7836.5,812887,7837.0,49490,133921,79000,54921,763397,0.5
1900-01-23 12:35:45,7841.5,305246,7842.0,366231,120439,8,120431,-60985,0.5
1900-01-23 12:36:00,7841.5,235845,7842.0,517058,107444,41225,66219,-281213,0.5
1900-01-23 12:36:15,7840.5,209092,7841.0,428521,8938,58468,-49530,-219429,0.5
1900-01-23 12:36:30,7840.5,239107,7841.0,477379,6093,9303,-3210,-238272,0.5
1900-01-23 12:36:45,7840.5,931741,7841.0,161103,49874,1400,48474,770638,0.5
1900-01-23 12:37:00,7840.5,910944,7841.0,52989,43643,52937,-9294,857955,0.5
1900-01-23 12:37:15,7840.5,444365,7841.0,243480,34133,5445,28688,200885,0.5
1900-01-23 12:37:30,7836.5,117129,7837.0,367824,22448,60673,-38225,-250695,0.5
1900-01-23 12:37:45,7835.5,242957,7836.0,597420,2800,78302,-75502,-354463,0.5
1900-01-23 12:38:00,7835.0,820687,7835.5,349284,53853,83911,-30058,471403,0.5
1900-01-23 12:38:15,7837.5,453641,7838.0,8974,92538,100858,-8320,444667,0.5
1900-01-23 12:38:30,7837.5,139231,7838.0,473923,25516,5675,19841,-334692,0.5
1900-01-23 12:38:45,7837.5,615169,7838.0,346243,1800,17824,-16024,268926,0.5
1900-01-23 12:39:00,7838.5,120133,7839.0,12751,38999,12613,26386,107382,0.5
1900-01-23 12:39:15,7840.5,975883,7841.0,18661,94165,18718,75447,957222,0.5
1900-01-23 12:39:30,7844.5,994838,7845.0,193312,77185,10100,67085,801526,0.5
1900-01-23 12:39:45,7845.0,551823,7845.5,109,62670,12000,50670,551714,0.5
1900-01-23 12:40:00,7846.0,44295,7846.5,371597,32512,22453,10059,-327302,0.5
1900-01-23 12:40:15,7842.0,257290,7842.5,313294,5239,99558,-94319,-56004,0.5
1900-01-23 12:40:30,7841.0,647263,7841.5,331591,23301,29029,-5728,315672,0.5
1900-01-23 12:40:45,7842.0,1209461,7842.5,14143,55768,3001,52767,1195318,0.5
1900-01-23 12:41:00,7844.0,975875,7844.5,43383,23534,37819,-14285,932492,0.5
1900-01-23 12:41:15,7844.5,821030,7845.0,26239,23844,800,23044,794791,0.5
1900-01-23 12:41:30,7846.5,681931,7847.0,10691,25906,2524,23382,671240,0.5
1900-01-23 12:41:45,7847.0,211147,7847.5,436366,9830,22258,-12428,-225219,0.5
1900-01-23 12:42:00,7847.0,462585,7847.5,381747,14795,50872,-36077,80838,0.5
1900-01-23 12:42:15,7844.0,933428,7844.5,87919,11369,128377,-117008,845509,0.5
1900-01-23 12:42:30,7844.0,825129,7844.5,51631,28600,9535,19065,773498,0.5
1900-01-23 12:42:45,7843.0,24915,7843.5,793963,3742,98743,-95001,-769048,0.5
1900-01-23 12:43:00,7831.0,5340,7831.5,27500,41436,85389,-43953,-22160,0.5
1900-01-23 12:43:15,7831.0,1232959,7831.5,38792,153046,136197,16849,1194167,0.5
1900-01-23 12:43:30,7832.0,391655,7832.5,648795,15367,55060,-39693,-257140,0.5
1900-01-23 12:43:45,7830.5,186434,7831.0,781681,64851,108611,-43760,-595247,0.5
1900-01-23 12:44:00,7827.0,32950,7827.5,709110,85915,77598,8317,-676160,0.5
1900-01-23 12:44:15,7825.0,1018170,7825.5,102558,112619,87613,25006,915612,0.5
1900-01-23 12:44:30,7827.0,58816,7827.5,1124147,92394,177788,-85394,-1065331,0.5
1900-01-23 12:44:45,7825.0,253416,7825.5,648718,7424,95757,-88333,-395302,0.5
1900-01-23 12:45:00,7824.0,48113,7824.5,671438,25134,22217,2917,-623325,0.5
1900-01-23 12:45:15,7822.5,471074,7823.0,209484,43612,67218,-23606,261590,0.5
1900-01-23 12:45:30,7822.0,32862,7822.5,765350,79830,187176,-107346,-732488,0.5
1900-01-23 12:45:45,7821.0,765561,7821.5,82323,67549,67437,112,683238,0.5
1900-01-23 12:46:00,7823.5,278396,7824.0,710704,73439,30727,42712,-432308,0.5
1900-01-23 12:46:15,7822.0,47245,7822.5,746821,54701,130521,-75820,-699576,0.5
1900-01-23 12:46:30,7818.5,12933,7819.0,741813,26851,175742,-148891,-728880,0.5
1900-01-23 12:46:45,7816.0,31080,7816.5,770094,70210,169421,-99211,-739014,0.5
1900-01-23 12:47:00,7816.0,705938,7816.5,259117,64445,91618,-27173,446821,0.5
1900-01-23 12:47:15,7819.5,728606,7820.0,33528,270286,38177,232109,695078,0.5
1900-01-23 12:47:30,7825.0,246738,7825.5,3597,154027,13085,140942,243141,0.5
1900-01-23 12:47:45,7825.5,1103266,7826.0,301139,90058,17546,72512,802127,0.5
1900-01-23 12:48:00,7827.5,1592061,7828.0,72679,226164,1103,225061,1519382,0.5
1900-01-23 12:48:15,7831.5,10500,7832.0,25406,195046,11241,183805,-14906,0.5
1900-01-23 12:48:30,7832.5,1012538,7833.0,213353,108120,24544,83576,799185,0.5
1900-01-23 12:48:45,7829.0,747459,7829.5,315570,68015,60726,7289,431889,0.5
1900-01-23 12:49:00,7829.0,49982,7829.5,622521,67439,10466,56973,-572539,0.5
1900-01-23 12:49:15,7828.5,704213,7829.0,529703,438662,84040,354622,174510,0.5
1900-01-23 12:49:30,7828.5,84715,7829.0,960228,31233,17569,13664,-875513,0.5
1900-01-23 12:49:45,7825.0,11065,7825.5,728710,17121,92678,-75557,-717645,0.5
1900-01-23 12:50:00,7813.0,229507,7813.5,45732,10425,290313,-279888,183775,0.5
1900-01-23 12:50:15,7821.5,28000,7822.0,20000,56765,229092,-172327,8000,0.5
1900-01-23 12:50:30,7822.5,11553,7823.0,1268781,57290,30550,26740,-1257228,0.5
1900-01-23 12:50:45,7818.5,317876,7819.0,679449,3675,21338,-17663,-361573,0.5
1900-01-23 12:51:00,7817.0,101894,7817.5,768209,7880,17772,-9892,-666315,0.5
1900-01-23 12:51:15,7810.0,90691,7810.5,78349,11067,133935,-122868,12342,0.5
1900-01-23 12:51:30,7811.5,20000,7813.5,1500,179598,25256,154342,18500,2.0
1900-01-23 12:51:45,7816.5,795193,7817.0,91310,81649,42573,39076,703883,0.5
1900-01-23 12:52:00,7816.0,215976,7816.5,1300473,91643,78091,13552,-1084497,0.5
1900-01-23 12:52:15,7814.5,373328,7815.0,1022896,217710,253952,-36242,-649568,0.5
1900-01-23 12:52:30,7814.5,27186,7815.0,627243,146308,266275,-119967,-600057,0.5
1900-01-23 12:52:45,7814.5,635011,7815.0,469062,183131,16790,166341,165949,0.5
1900-01-23 12:53:00,7814.5,75807,7815.0,952665,27691,42609,-14918,-876858,0.5
1900-01-23 12:53:15,7813.0,68737,7813.5,1390005,50100,57097,-6997,-1321268,0.5
1900-01-23 12:53:30,7808.5,49888,7809.0,649321,18578,208317,-189739,-599433,0.5
1900-01-23 12:53:45,7806.0,72673,7806.5,672893,15494,327318,-311824,-600220,0.5
1900-01-23 12:54:00,7803.5,25133,7804.0,404398,10608,91625,-81017,-379265,0.5
1900-01-23 12:54:15,7803.5,94423,7804.0,734508,21190,155524,-134334,-640085,0.5
1900-01-23 12:54:30,7798.5,122308,7799.0,79315,60518,95772,-35254,42993,0.5
1900-01-23 12:54:45,7796.5,131000,7800.5,486,205378,701822,-496444,130514,4.0
1900-01-23 12:55:00,7797.0,240604,7797.5,726886,327194,100770,226424,-486282,0.5
1900-01-23 12:55:15,7792.0,405599,7792.5,504459,151505,212086,-60581,-98860,0.5
1900-01-23 12:55:30,7795.0,274906,7795.5,126120,189570,377385,-187815,148786,0.5
1900-01-23 12:55:45,7795.0,685376,7795.5,434576,205341,9039,196302,250800,0.5
1900-01-23 12:56:00,7797.0,656707,7797.5,405366,213898,65189,148709,251341,0.5
1900-01-23 12:56:15,7807.0,344130,7807.5,424509,161631,5942,155689,-80379,0.5
1900-01-23 12:56:30,7806.0,357438,7806.5,711411,216549,93026,123523,-353973,0.5
1900-01-23 12:56:45,7807.0,666033,7807.5,121144,104776,73544,31232,544889,0.5
1900-01-23 12:57:00,7812.0,663106,7812.5,279243,155174,69308,85866,383863,0.5
1900-01-23 12:57:15,7811.0,163569,7811.5,689718,182494,149586,32908,-526149,0.5
1900-01-23 12:57:30,7810.5,26347,7811.0,866363,19708,40522,-20814,-840016,0.5
1900-01-23 12:57:45,7802.0,11646,7802.5,304383,4182,310736,-306554,-292737,0.5
1900-01-23 12:58:00,7800.5,489269,7801.0,725425,12506,84377,-71871,-236156,0.5
1900-01-23 12:58:15,7799.5,14415,7800.0,860167,6933,261590,-254657,-845752,0.5
1900-01-23 12:58:30,7790.0,389511,7790.5,362081,3029,177900,-174871,27430,0.5
1900-01-23 12:58:45,7796.0,316430,7796.5,665588,114092,63233,50859,-349158,0.5
1900-01-23 12:59:00,7788.0,500,7788.5,2126,194307,190507,3800,-1626,0.5
1900-01-23 12:59:15,7791.5,287730,7792.0,646040,263078,223279,39799,-358310,0.5
1900-01-23 12:59:30,7784.5,476436,7785.0,372876,161429,284165,-122736,103560,0.5
1900-01-23 12:59:45,7789.0,246219,7789.5,816030,173370,363699,-190329,-569811,0.5
1900-01-23 13:00:00,7787.0,130157,7787.5,43000,27979,24931,3048,87157,0.5
1900-01-23 13:00:15,7783.0,107638,7783.5,279675,129545,120773,8772,-172037,0.5
1900-01-23 13:00:30,7783.0,612466,7783.5,337943,108993,88761,20232,274523,0.5
1900-01-23 13:00:45,7783.0,171377,7783.5,1001077,92994,64163,28831,-829700,0.5
1900-01-23 13:01:00,7782.0,582371,7782.5,220903,123577,269347,-145770,361468,0.5
1900-01-23 13:01:15,7787.5,255699,7788.0,204922,214227,167129,47098,50777,0.5
1900-01-23 13:01:30,7785.5,196780,7786.0,431651,629711,149289,480422,-234871,0.5
1900-01-23 13:01:45,7790.0,630965,7790.5,67389,97558,230126,-132568,563576,0.5
1900-01-23 13:02:00,7799.5,72000,7800.0,115405,356323,58275,298048,-43405,0.5
1900-01-23 13:02:15,7799.5,235588,7800.0,780992,193695,64058,129637,-545404,0.5
1900-01-23 13:02:30,7801.5,205088,7802.0,1024378,169151,108572,60579,-819290,0.5
1900-01-23 13:02:45,7802.0,417706,7802.5,709008,307912,175193,132719,-291302,0.5
1900-01-23 13:03:00,7802.0,338918,7802.5,651584,127837,42733,85104,-312666,0.5
1900-01-23 13:03:15,7806.5,631026,7807.0,70026,133939,109454,24485,561000,0.5
1900-01-23 13:03:30,7806.5,878913,7807.0,110740,173296,14076,159220,768173,0.5
1900-01-23 13:03:45,7808.5,748578,7809.0,230299,92986,18999,73987,518279,0.5
1900-01-23 13:04:00,7808.5,1354495,7809.0,8969,282536,4343,278193,1345526,0.5
1900-01-23 13:04:15,7809.0,1139347,7809.5,139885,167700,62359,105341,999462,0.5
1900-01-23 13:04:30,7809.0,1054202,7809.5,385583,85295,11418,73877,668619,0.5
1900-01-23 13:04:45,7809.0,1364681,7809.5,551791,51459,16920,34539,812890,0.5
1900-01-23 13:05:00,7809.0,791513,7809.5,830847,87029,146404,-59375,-39334,0.5
1900-01-23 13:05:15,7809.0,828330,7809.5,1150179,47109,56607,-9498,-321849,0.5
1900-01-23 13:05:30,7808.0,56061,7808.5,1346141,55802,409934,-354132,-1290080,0.5
1900-01-23 13:05:45,7806.5,212947,7807.0,832239,14365,114612,-100247,-619292,0.5
1900-01-23 13:06:00,7807.0,912216,7807.5,13870,133264,67902,65362,898346,0.5
1900-01-23 13:06:15,7812.5,1199225,7813.0,221116,472353,12700,459653,978109,0.5
1900-01-23 13:06:30,7818.0,358840,7818.5,16615,414561,22000,392561,342225,0.5
1900-01-23 13:06:45,7818.5,260330,7819.0,648860,264492,81225,183267,-388530,0.5
1900-01-23 13:07:00,7814.0,132510,7814.5,344403,161615,101824,59791,-211893,0.5
1900-01-23 13:07:15,7814.0,752226,7814.5,356417,1225,85763,-84538,395809,0.5
1900-01-23 13:07:30,7818.0,381900,7818.5,269322,64967,127096,-62129,112578,0.5
1900-01-23 13:07:45,7818.0,490660,7818.5,496237,10829,5867,4962,-5577,0.5
1900-01-23 13:08:00,7818.5,1027813,7819.0,9413,68603,5204,63399,1018400,0.5
1900-01-23 13:08:15,7820.0,1103287,7820.5,6231,108348,75650,32698,1097056,0.5
1900-01-23 13:08:30,7823.5,48700,7824.0,1110937,199234,51083,148151,-1062237,0.5
1900-01-23 13:08:45,7823.5,691548,7824.0,185833,447274,40377,406897,505715,0.5
1900-01-23 13:09:00,7824.5,114148,7825.0,929170,119910,43326,76584,-815022,0.5
1900-01-23 13:09:15,7818.0,933696,7818.5,124073,31206,252782,-221576,809623,0.5
1900-01-23 13:09:30,7822.0,643718,7822.5,521355,34514,3487,31027,122363,0.5
1900-01-23 13:09:45,7822.0,399882,7822.5,708657,58717,15102,43615,-308775,0.5
1900-01-23 13:10:00,7818.0,163791,7818.5,258248,11000,253538,-242538,-94457,0.5
1900-01-23 13:10:15,7816.0,45480,7816.5,1433531,34,188871,-188837,-1388051,0.5
1900-01-23 13:10:30,7818.0,797837,7818.5,196166,39840,173555,-133715,601671,0.5
1900-01-23 13:10:45,7819.5,876044,7820.0,30519,163822,11605,152217,845525,0.5
1900-01-23 13:11:00,7819.5,1539995,7820.0,50815,66125,9325,56800,1489180,0.5
1900-01-23 13:11:15,7822.0,683077,7822.5,217809,93243,5461,87782,465268,0.5
1900-01-23 13:11:30,7824.5,975232,7825.0,170641,237246,11750,225496,804591,0.5
1900-01-23 13:11:45,7824.5,287149,7825.0,911308,27339,19170,8169,-624159,0.5
1900-01-23 13:12:00,7822.5,564171,7823.0,220539,85274,28752,56522,343632,0.5
1900-01-23 13:12:15,7823.5,406615,7824.0,598356,246575,2634,243941,-191741,0.5
1900-01-23 13:12:30,7823.5,184074,7824.0,636853,52565,108908,-56343,-452779,0.5
1900-01-23 13:12:45,7823.5,501477,7824.0,340942,16325,31149,-14824,160535,0.5
1900-01-23 13:13:00,7823.5,345474,7824.0,670925,24231,28003,-3772,-325451,0.5
1900-01-23 13:13:15,7823.0,54076,7823.5,939555,34819,181202,-146383,-885479,0.5
1900-01-23 13:13:30,7822.5,86405,7823.0,915584,100,179171,-179071,-829179,0.5
1900-01-23 13:13:45,7815.0,424441,7815.5,405182,7610,125266,-117656,19259,0.5
1900-01-23 13:14:00,7815.0,189495,7815.5,586752,40342,27480,12862,-397257,0.5
1900-01-23 13:14:15,7819.5,245840,7820.0,297185,134745,103118,31627,-51345,0.5
1900-01-23 13:14:30,7819.5,721093,7820.0,273108,27411,51543,-24132,447985,0.5
1900-01-23 13:14:45,7819.5,831060,7820.0,298945,8552,200,8352,532115,0.5
1900-01-23 13:15:00,7819.5,1020204,7820.0,389390,92408,8549,83859,630814,0.5
1900-01-23 13:15:15,7823.0,200000,7823.5,18,220848,6743,214105,199982,0.5
1900-01-23 13:15:30,7825.5,1870574,7826.0,7708,224283,15266,209017,1862866,0.5
1900-01-23 13:15:45,7834.0,237626,7834.5,539107,167748,3804,163944,-301481,0.5
1900-01-23 13:16:00,7834.0,710894,7834.5,133319,407095,240845,166250,577575,0.5
1900-01-23 13:16:15,7834.0,658876,7834.5,692691,71977,11611,60366,-33815,0.5
1900-01-23 13:16:30,7834.0,928873,7834.5,357496,41913,23616,18297,571377,0.5
1900-01-23 13:16:45,7839.5,280243,7840.0,283215,109326,16760,92566,-2972,0.5
1900-01-23 13:17:00,7839.5,3487742,7840.0,46191,207120,16347,190773,3441551,0.5
1900-01-23 13:17:15,7840.0,35700,7840.5,777541,109997,182411,-72414,-741841,0.5
1900-01-23 13:17:30,7837.5,250718,7838.0,709168,21031,223518,-202487,-458450,0.5
1900-01-23 13:17:45,7837.0,55313,7837.5,855619,24198,121223,-97025,-800306,0.5
1900-01-23 13:18:00,7837.0,579919,7837.5,303730,23434,97338,-73904,276189,0.5
1900-01-23 13:18:15,7837.0,758491,7837.5,278513,132632,80135,52497,479978,0.5
1900-01-23 13:18:30,7838.0,916198,7838.5,55141,44681,27736,16945,861057,0.5
1900-01-23 13:18:45,7842.5,7775,7843.0,542329,72761,177686,-104925,-534554,0.5
1900-01-23 13:19:00,7837.5,576020,7838.0,686092,3421,80770,-77349,-110072,0.5
1900-01-23 13:19:15,7837.5,242208,7838.0,947993,525,32900,-32375,-705785,0.5
1900-01-23 13:19:30,7837.0,51914,7837.5,237709,17876,85614,-67738,-185795,0.5
1900-01-23 13:19:45,7833.5,902834,7834.0,128971,33321,145919,-112598,773863,0.5
1900-01-23 13:20:00,7833.5,1703485,7834.0,251763,149679,21885,127794,1451722,0.5
1900-01-23 13:20:15,7834.0,880892,7834.5,308780,93897,50448,43449,572112,0.5
1900-01-23 13:20:30,7834.5,848014,7835.0,115327,121350,3323,118027,732687,0.5
1900-01-23 13:20:45,7836.0,304502,7836.5,58089,79238,1051,78187,246413,0.5
1900-01-23 13:21:00,7836.0,529540,7836.5,548247,1324,55350,-54026,-18707,0.5
1900-01-23 13:21:15,7835.0,79050,7835.5,780439,22125,102437,-80312,-701389,0.5
1900-01-23 13:21:30,7833.5,108662,7834.0,769187,601,50232,-49631,-660525,0.5
1900-01-23 13:21:45,7833.5,48968,7834.0,756804,6017,71711,-65694,-707836,0.5
1900-01-23 13:22:00,7832.0,1058080,7832.5,233287,1560,93933,-92373,824793,0.5
1900-01-23 13:22:15,7832.0,715405,7832.5,398235,31300,63970,-32670,317170,0.5
1900-01-23 13:22:30,7830.0,190978,7830.5,861151,9958,182630,-172672,-670173,0.5
1900-01-23 13:22:45,7826.5,474819,7827.0,565876,136,248138,-248002,-91057,0.5
1900-01-23 13:23:00,7826.5,1087122,7827.0,116962,81761,74343,7418,970160,0.5
1900-01-23 13:23:15,7826.5,837586,7827.0,275159,45012,25301,19711,562427,0.5
1900-01-23 13:23:30,7826.5,386454,7827.0,604693,19498,21168,-1670,-218239,0.5
1900-01-23 13:23:45,7825.5,42676,7826.0,933476,12001,60316,-48315,-890800,0.5
1900-01-23 13:24:00,7825.0,910313,7825.5,825219,6630,156026,-149396,85094,0.5
1900-01-23 13:24:15,7825.0,870980,7825.5,925193,21582,69492,-47910,-54213,0.5
1900-01-23 13:24:30,7825.0,1107898,7825.5,369569,48507,92108,-43601,738329,0.5
1900-01-23 13:24:45,7829.5,814183,7830.0,11377,410650,25819,384831,802806,0.5
1900-01-23 13:25:00,7834.0,1051416,7835.0,10461,41039,4559,36480,1040955,1.0
1900-01-23 13:25:15,7833.0,9881,7833.5,681669,57474,365535,-308061,-671788,0.5
1900-01-23 13:25:30,7827.0,86173,7827.5,1122599,25405,250729,-225324,-1036426,0.5
1900-01-23 13:25:45,7821.5,329729,7822.0,1198284,105248,137927,-32679,-868555,0.5
1900-01-23 13:26:00,7820.0,234988,7820.5,688133,250,101594,-101344,-453145,0.5
1900-01-23 13:26:15,7819.5,354691,7820.0,218729,12025,332214,-320189,135962,0.5
1900-01-23 13:26:30,7823.5,219503,7824.0,599795,64879,138875,-73996,-380292,0.5
1900-01-23 13:26:45,7824.0,792748,7824.5,316047,69427,13394,56033,476701,0.5
1900-01-23 13:27:00,7824.0,645021,7824.5,485672,136352,7166,129186,159349,0.5
1900-01-23 13:27:15,7826.5,1085209,7827.0,88547,127519,144,127375,996662,0.5
1900-01-23 13:27:30,7827.5,1300618,7828.0,12558,61299,500,60799,1288060,0.5
1900-01-23 13:27:45,7829.5,1041534,7830.0,134825,103938,1365,102573,906709,0.5
1900-01-23 13:28:00,7830.5,1246740,7831.0,3583,66053,3462,62591,1243157,0.5
1900-01-23 13:28:15,7832.5,631329,7833.0,825999,114177,1710,112467,-194670,0.5
1900-01-23 13:28:30,7834.0,729194,7834.5,469696,59637,11072,48565,259498,0.5
1900-01-23 13:28:45,7834.0,74546,7834.5,788406,76843,149980,-73137,-713860,0.5
1900-01-23 13:29:00,7833.0,58719,7833.5,818300,10450,28853,-18403,-759581,0.5
1900-01-23 13:29:15,7833.0,305714,7833.5,786978,1050,28995,-27945,-481264,0.5
1900-01-23 13:29:30,7833.0,88403,7833.5,882060,1404,117843,-116439,-793657,0.5
1900-01-23 13:29:45,7831.5,79006,7832.0,877676,930,69426,-68496,-798670,0.5
1900-01-23 13:30:00,7820.0,506,7820.5,322806,5753,496376,-490623,-322300,0.5
1900-01-23 13:30:15,7819.0,1352155,7819.5,92245,45705,94907,-49202,1259910,0.5
1900-01-23 13:30:30,7828.5,144203,7829.0,1004735,89927,130013,-40086,-860532,0.5
1900-01-23 13:30:45,7827.0,214530,7827.5,1060997,47090,66605,-19515,-846467,0.5
1900-01-23 13:31:00,7824.0,53699,7824.5,792375,13091,95903,-82812,-738676,0.5
1900-01-23 13:31:15,7824.0,625,7824.5,1088026,1210,17599,-16389,-1087401,0.5
1900-01-23 13:31:30,7820.0,143215,7820.5,877085,10,161650,-161640,-733870,0.5
1900-01-23 13:31:45,7828.5,98500,7829.0,541345,24495,8189,16306,-442845,0.5
1900-01-23 13:32:00,7827.5,58240,7828.0,1085861,6249,16730,-10481,-1027621,0.5
1900-01-23 13:32:15,7828.5,1113095,7829.0,25595,39142,190541,-151399,1087500,0.5
1900-01-23 13:32:30,7831.5,604503,7832.0,7379,28321,5666,22655,597124,0.5
1900-01-23 13:32:45,7836.5,821468,7837.0,348441,88695,8012,80683,473027,0.5
1900-01-23 13:33:00,7840.5,625012,7841.0,69448,132540,20460,112080,555564,0.5
1900-01-23 13:33:15,7840.5,506465,7841.0,268169,143723,42169,101554,238296,0.5
1900-01-23 13:33:30,7840.5,214257,7841.0,572186,59180,38858,20322,-357929,0.5
1900-01-23 13:33:45,7840.0,770518,7840.5,238046,43017,110781,-67764,532472,0.5
1900-01-23 13:34:00,7842.5,20000,7843.0,211486,79666,85610,-5944,-191486,0.5
1900-01-23 13:34:15,7842.5,1334167,7843.0,41465,170608,8201,162407,1292702,0.5
1900-01-23 13:34:30,7842.5,818066,7843.0,46764,31494,53222,-21728,771302,0.5
1900-01-23 13:34:45,7843.0,1403311,7843.5,407189,112289,14036,98253,996122,0.5
1900-01-23 13:35:00,7843.0,2001088,7843.5,690252,49319,48630,689,1310836,0.5
1900-01-23 13:35:15,7837.5,50429,7838.0,436272,14036,177503,-163467,-385843,0.5
1900-01-23 13:35:30,7836.5,1135840,7837.0,213151,10498,112940,-102442,922689,0.5
1900-01-23 13:35:45,7839.5,764994,7840.0,153448,123560,42706,80854,611546,0.5
1900-01-23 13:36:00,7839.5,491550,7840.0,5422423,52203,41636,10567,-4930873,0.5
1900-01-23 13:36:15,7836.5,36578,7837.0,877718,16820,39546,-22726,-841140,0.5
1900-01-23 13:36:30,7833.0,644202,7833.5,257498,4330,38030,-33700,386704,0.5
1900-01-23 13:36:45,7833.0,754777,7833.5,224062,30027,18348,11679,530715,0.5
1900-01-23 13:37:00,7831.0,160859,7831.5,802264,13703,69836,-56133,-641405,0.5
1900-01-23 13:37:15,7831.0,986481,7831.5,64653,14799,41917,-27118,921828,0.5
1900-01-23 13:37:30,7833.5,691842,7834.0,455491,78047,34184,43863,236351,0.5
1900-01-23 13:37:45,7833.5,930834,7834.0,60423,173657,34184,139473,870411,0.5
1900-01-23 13:38:00,7833.5,1223747,7834.0,74807,8617,14011,-5394,1148940,0.5
1900-01-23 13:38:15,7833.5,1210387,7834.0,9249,41195,1501,39694,1201138,0.5
1900-01-23 13:38:30,7834.5,1484024,7835.0,59954,21904,991,20913,1424070,0.5
1900-01-23 13:38:45,7834.5,1071624,7835.0,104521,27030,10049,16981,967103,0.5
1900-01-23 13:39:00,7834.5,984885,7835.0,79979,6627,28325,-21698,904906,0.5
1900-01-23 13:39:15,7835.5,931978,7836.0,51454,18584,28325,-9741,880524,0.5
1900-01-23 13:39:30,7835.5,1473454,7836.0,102378,59498,18,59480,1371076,0.5
1900-01-23 13:39:45,7838.0,1597462,7838.5,14945,52419,5932,46487,1582517,0.5
1900-01-23 13:40:00,7843.0,1108987,7843.5,42667,36296,11771,24525,1066320,0.5
1900-01-23 13:40:15,7843.5,528839,7844.0,778239,33094,19935,13159,-249400,0.5
1900-01-23 13:40:30,7848.0,1852998,7848.5,53428,145272,58672,86600,1799570,0.5
1900-01-23 13:40:45,7866.5,46349,7867.0,106218,466120,32739,433381,-59869,0.5
1900-01-23 13:41:00,7867.0,438489,7867.5,617736,566126,97343,468783,-179247,0.5
1900-01-23 13:41:15,7862.5,1132369,7863.0,88985,201237,230434,-29197,1043384,0.5
1900-01-23 13:41:30,7867.5,90120,7868.0,559667,553681,416979,136702,-469547,0.5
1900-01-23 13:41:45,7857.5,623746,7858.0,621262,28969,320334,-291365,2484,0.5
1900-01-23 13:42:00,7866.5,604023,7867.0,599420,298885,69638,229247,4603,0.5
1900-01-23 13:42:15,7864.0,56429,7864.5,546898,86360,306247,-219887,-490469,0.5
1900-01-23 13:42:30,7864.0,577686,7864.5,636075,67792,337010,-269218,-58389,0.5
1900-01-23 13:42:45,7864.0,760965,7864.5,170769,169177,45220,123957,590196,0.5
1900-01-23 13:43:00,7867.5,473469,7868.0,11805,102919,202965,-100046,461664,0.5
1900-01-23 13:43:15,7879.5,217351,7880.0,164763,452125,36444,415681,52588,0.5
1900-01-23 13:43:30,7862.0,239993,7862.5,602272,596353,264051,332302,-362279,0.5
1900-01-23 13:43:45,7862.0,362876,7862.5,517236,200720,322783,-122063,-154360,0.5
1900-01-23 13:44:00,7862.0,205661,7862.5,874080,36624,380322,-343698,-668419,0.5
1900-01-23 13:44:15,7856.0,715506,7856.5,475291,80299,223109,-142810,240215,0.5
1900-01-23 13:44:30,7854.0,191727,7854.5,571665,23282,353852,-330570,-379938,0.5
1900-01-23 13:44:45,7854.0,552719,7854.5,213305,45488,98414,-52926,339414,0.5
1900-01-23 13:45:00,7854.0,501146,7854.5,763115,126103,52233,73870,-261969,0.5
1900-01-23 13:45:15,7854.0,1358568,7854.5,31965,108421,30955,77466,1326603,0.5
1900-01-23 13:45:30,7861.5,863400,7862.0,367768,99997,25290,74707,495632,0.5
1900-01-23 13:45:45,7867.5,1004004,7868.0,13647,87559,454,87105,990357,0.5
1900-01-23 13:46:00,7867.5,68973,7868.0,1116888,251558,117532,134026,-1047915,0.5
1900-01-23 13:46:15,7861.5,86885,7862.0,789477,13650,105621,-91971,-702592,0.5
1900-01-23 13:46:30,7861.0,12824,7861.5,1180594,5102,64889,-59787,-1167770,0.5
1900-01-23 13:46:45,7861.0,596156,7861.5,236478,63701,66624,-2923,359678,0.5
1900-01-23 13:47:00,7861.0,764742,7861.5,67246,71206,39532,31674,697496,0.5
1900-01-23 13:47:15,7862.5,1424513,7863.0,4282,12557,1166,11391,1420231,0.5
1900-01-23 13:47:30,7864.0,51154,7864.5,829607,64356,102934,-38578,-778453,0.5
1900-01-23 13:47:45,7861.5,37389,7862.0,858182,615,42291,-41676,-820793,0.5
1900-01-23 13:48:00,7861.0,235127,7861.5,955288,143926,94636,49290,-720161,0.5
1900-01-23 13:48:15,7860.0,2331,7860.5,1081966,7360,81748,-74388,-1079635,0.5
1900-01-23 13:48:30,7859.5,305099,7860.0,820210,1131,58585,-57454,-515111,0.5
1900-01-23 13:48:45,7859.5,176407,7860.0,1063320,14944,14001,943,-886913,0.5
1900-01-23 13:49:00,7855.0,233931,7855.5,950195,4202,1075135,-1070933,-716264,0.5
1900-01-23 13:49:15,7854.0,120012,7854.5,937840,3856,115428,-111572,-817828,0.5
1900-01-23 13:49:30,7853.0,40586,7853.5,1214646,3954,135399,-131445,-1174060,0.5
1900-01-23 13:49:45,7852.5,236,7853.0,1301450,7673,58744,-51071,-1301214,0.5
1900-01-23 13:50:00,7844.5,2069,7845.0,730562,7699,186216,-178517,-728493,0.5
1900-01-23 13:50:15,7845.5,656371,7846.0,1173,70930,191795,-120865,655198,0.5
1900-01-23 13:50:30,7847.0,472930,7847.5,3395,180918,11206,169712,469535,0.5
1900-01-23 13:50:45,7847.0,467977,7847.5,901940,22662,24536,-1874,-433963,0.5
1900-01-23 13:51:00,7847.0,684725,7847.5,469695,82770,7426,75344,215030,0.5
1900-01-23 13:51:15,7847.0,114840,7847.5,919311,13020,29879,-16859,-804471,0.5
1900-01-23 13:51:30,7847.0,78316,7847.5,971599,15518,31522,-16004,-893283,0.5
1900-01-23 13:51:45,7847.0,10285,7847.5,1363584,20722,54192,-33470,-1353299,0.5
1900-01-23 13:52:00,7845.0,49016,7845.5,1405531,5712,86821,-81109,-1356515,0.5
1900-01-23 13:52:15,7840.5,8360,7841.0,847749,4752,82415,-77663,-839389,0.5
1900-01-23 13:52:30,7841.0,302333,7841.5,5964,115981,25371,90610,296369,0.5
1900-01-23 13:52:45,7842.5,200074,7843.0,1252821,158156,63173,94983,-1052747,0.5
1900-01-23 13:53:00,7842.5,800298,7843.0,254773,74433,810,73623,545525,0.5
1900-01-23 13:53:15,7842.5,874029,7843.0,322178,4135,660,3475,551851,0.5
1900-01-23 13:53:30,7846.0,10000,7846.5,5935,72972,2422,70550,4065,0.5
1900-01-23 13:53:45,7846.5,1172421,7847.0,155802,87250,5002,82248,1016619,0.5
1900-01-23 13:54:00,7846.5,1183925,7847.0,65659,130398,1020,129378,1118266,0.5
1900-01-23 13:54:15,7848.5,723033,7849.0,820535,63238,2002,61236,-97502,0.5
1900-01-23 13:54:30,7848.5,1340037,7849.0,46164,97546,18,97528,1293873,0.5
1900-01-23 13:54:45,7849.5,1128814,7850.0,375552,77992,41799,36193,753262,0.5
1900-01-23 13:55:00,7850.5,1368810,7851.0,14873,72696,41799,30897,1353937,0.5
1900-01-23 13:55:15,7851.5,1245123,7852.0,13456,20607,571,20036,1231667,0.5
1900-01-23 13:55:30,7853.5,1140235,7854.0,120348,41527,2274,39253,1019887,0.5
1900-01-23 13:55:45,7862.0,892651,7862.5,47564,117840,2343,115497,845087,0.5
1900-01-23 13:56:00,7862.0,632520,7862.5,679759,62640,5257,57383,-47239,0.5
1900-01-23 13:56:15,7862.0,425904,7862.5,524670,46482,104159,-57677,-98766,0.5
1900-01-23 13:56:30,7862.0,486676,7862.5,520661,37831,8361,29470,-33985,0.5
1900-01-23 13:56:45,7862.0,578050,7862.5,451786,141500,39457,102043,126264,0.5
1900-01-23 13:57:00,7862.0,652129,7862.5,435023,17918,16375,1543,217106,0.5
1900-01-23 13:57:15,7862.0,570502,7862.5,738519,38994,62465,-23471,-168017,0.5
1900-01-23 13:57:30,7862.0,819491,7862.5,930948,1571,169723,-168152,-111457,0.5
1900-01-23 13:57:45,7862.0,790842,7862.5,802889,117052,40012,77040,-12047,0.5
1900-01-23 13:58:00,7862.5,863885,7863.0,348952,50635,7131,43504,514933,0.5
1900-01-23 13:58:15,7862.5,1176947,7863.0,61171,55312,12486,42826,1115776,0.5
1900-01-23 13:58:30,7864.5,1088576,7865.0,173873,346161,740,345421,914703,0.5
1900-01-23 13:58:45,7866.0,180472,7866.5,96024,86876,4476,82400,84448,0.5
1900-01-23 13:59:00,7866.0,290706,7866.5,848655,31001,113199,-82198,-557949,0.5
1900-01-23 13:59:15,7868.5,799584,7869.0,3405,37601,17737,19864,796179,0.5
1900-01-23 13:59:30,7869.5,970960,7870.0,230874,136662,8744,127918,740086,0.5
1900-01-23 13:59:45,7872.5,289430,7873.0,565279,375993,20529,355464,-275849,0.5
1900-01-23 14:00:00,7864.5,10780,7865.0,1208910,134987,32526,102461,-1198130,0.5
1900-01-23 14:00:15,7867.0,80610,7867.5,681730,77367,257373,-180006,-601120,0.5
1900-01-23 14:00:30,7865.0,173867,7865.5,793832,8689,236063,-227374,-619965,0.5
1900-01-23 14:00:45,7860.5,322555,7861.0,692539,52552,70604,-18052,-369984,0.5
1900-01-23 14:01:00,7860.0,135649,7860.5,1008152,12300,140204,-127904,-872503,0.5
1900-01-23 14:01:15,7859.5,1807,7860.0,904791,12963,22907,-9944,-902984,0.5
1900-01-23 14:01:30,7855.5,742060,7856.0,563729,13168,165530,-152362,178331,0.5
1900-01-23 14:01:45,7857.5,1068195,7858.0,773,43354,30915,12439,1067422,0.5
1900-01-23 14:02:00,7859.5,778897,7860.0,65861,114078,18176,95902,713036,0.5
1900-01-23 14:02:15,7861.0,1173914,7861.5,16744,30913,20108,10805,1157170,0.5
1900-01-23 14:02:30,7861.0,1035503,7861.5,57901,4301,50000,-45699,977602,0.5
1900-01-23 14:02:45,7861.0,224048,7861.5,690565,15400,21974,-6574,-466517,0.5
1900-01-23 14:03:00,7855.0,1115748,7855.5,336157,4000,139317,-135317,779591,0.5
1900-01-23 14:03:15,7858.5,69539,7859.0,404319,38713,46765,-8052,-334780,0.5
1900-01-23 14:03:30,7855.0,298101,7855.5,721916,16995,106852,-89857,-423815,0.5
1900-01-23 14:03:45,7854.5,55195,7855.0,729393,11500,99767,-88267,-674198,0.5
1900-01-23 14:04:00,7854.5,798427,7855.0,304508,35150,32148,3002,493919,0.5
1900-01-23 14:04:15,7854.5,1061581,7855.0,68038,9748,830,8918,993543,0.5
1900-01-23 14:04:30,7854.5,905252,7855.0,260221,12037,69775,-57738,645031,0.5
1900-01-23 14:04:45,7855.5,800393,7856.0,11320,59923,3714,56209,789073,0.5
1900-01-23 14:05:00,7857.5,682438,7858.0,356708,14132,9253,4879,325730,0.5
1900-01-23 14:05:15,7857.5,819122,7858.0,386976,88705,13619,75086,432146,0.5
1900-01-23 14:05:30,7857.5,722254,7858.0,340054,86735,17160,69575,382200,0.5
1900-01-23 14:05:45,7857.5,944403,7858.0,217936,15209,24001,-8792,726467,0.5
1900-01-23 14:06:00,7857.5,1115158,7858.0,17298,84182,22105,62077,1097860,0.5
1900-01-23 14:06:15,7859.0,811164,7859.5,60479,25391,360,25031,750685,0.5
1900-01-23 14:06:30,7859.0,1033622,7859.5,21251,19831,1625,18206,1012371,0.5
1900-01-23 14:06:45,7859.5,733946,7860.0,363028,148496,50,148446,370918,0.5
1900-01-23 14:07:00,7860.0,818302,7860.5,1358,256112,400,255712,816944,0.5
1900-01-23 14:07:15,7860.5,877579,7861.0,191973,9685,1763,7922,685606,0.5
1900-01-23 14:07:30,7860.5,1188017,7861.0,23134,24473,100,24373,1164883,0.5
1900-01-23 14:07:45,7861.5,957131,7862.0,31573,6655,4,6651,925558,0.5
1900-01-23 14:08:00,7864.0,862940,7864.5,152882,77401,5141,72260,710058,0.5
1900-01-23 14:08:15,7864.0,174209,7864.5,906732,21699,112028,-90329,-732523,0.5
1900-01-23 14:08:30,7861.5,546291,7862.0,461514,659,41555,-40896,84777,0.5
1900-01-23 14:08:45,7861.5,10566,7862.0,1143540,2000,62724,-60724,-1132974,0.5
1900-01-23 14:09:00,7861.5,86425,7862.0,965324,1099,52911,-51812,-878899,0.5
1900-01-23 14:09:15,7861.5,223480,7862.0,789195,760,22192,-21432,-565715,0.5
1900-01-23 14:09:30,7860.5,394994,7861.0,717517,45862,22715,23147,-322523,0.5
1900-01-23 14:09:45,7860.5,274284,7861.0,737319,13830,9853,3977,-463035,0.5
1900-01-23 14:10:00,7860.5,407324,7861.0,822714,14445,21357,-6912,-415390,0.5
1900-01-23 14:10:15,7860.5,469354,7861.0,828394,6115,56466,-50351,-359040,0.5
1900-01-23 14:10:30,7860.5,1032385,7861.0,291011,31633,58000,-26367,741374,0.5
1900-01-23 14:10:45,7860.5,1018521,7861.0,180978,99665,10608,89057,837543,0.5
1900-01-23 14:11:00,7860.5,989852,7861.0,6967,89635,390,89245,982885,0.5
1900-01-23 14:11:15,7871.0,611674,7871.5,5851,63154,2100,61054,605823,0.5
1900-01-23 14:11:30,7873.0,705756,7873.5,50987,219950,2875,217075,654769,0.5
1900-01-23 14:11:45,7874.0,579166,7874.5,320932,138114,24625,113489,258234,0.5
1900-01-23 14:12:00,7863.5,401152,7864.0,179810,20229,348149,-327920,221342,0.5
1900-01-23 14:12:15,7870.5,765005,7871.0,318975,73087,94711,-21624,446030,0.5
1900-01-23 14:12:30,7889.5,69467,7890.0,130547,965191,12982,952209,-61080,0.5
1900-01-23 14:12:45,7869.0,1037461,7869.5,76350,91473,347710,-256237,961111,0.5
1900-01-23 14:13:00,7877.0,1446087,7877.5,23270,218902,43311,175591,1422817,0.5
1900-01-23 14:13:15,7880.0,9591,7880.5,28015,185537,113327,72210,-18424,0.5
1900-01-23 14:13:30,7870.0,1686834,7870.5,44412,38228,136729,-98501,1642422,0.5
1900-01-23 14:13:45,7873.5,269175,7874.0,2998,94459,100566,-6107,266177,0.5
1900-01-23 14:14:00,7870.0,270737,7870.5,104393,61449,210546,-149097,166344,0.5
1900-01-23 14:14:15,7870.0,6072119,7870.5,108823,36468,68474,-32006,5963296,0.5
1900-01-23 14:14:30,7865.0,66856,7865.5,283031,80193,55183,25010,-216175,0.5
1900-01-23 14:14:45,7865.0,1153550,7865.5,110322,48334,39434,8900,1043228,0.5
1900-01-23 14:15:00,7865.0,1049569,7865.5,1919,113354,41519,71835,1047650,0.5
1900-01-23 14:15:15,7870.0,55888,7870.5,776438,21551,10471,11080,-720550,0.5
1900-01-23 14:15:30,7867.5,148557,7868.0,864418,16048,19476,-3428,-715861,0.5
1900-01-23 14:15:45,7867.0,44767,7867.5,1040061,17075,58858,-41783,-995294,0.5
1900-01-23 14:16:00,7867.0,46063,7867.5,962589,65175,18303,46872,-916526,0.5
1900-01-23 14:16:15,7867.0,403996,7867.5,840230,10349,15831,-5482,-436234,0.5
1900-01-23 14:16:30,7868.5,915286,7869.0,43324,32324,6385,25939,871962,0.5
1900-01-23 14:16:45,7870.0,820843,7870.5,310068,15773,5500,10273,510775,0.5
1900-01-23 14:17:00,7870.0,45745,7870.5,1348552,1795,72734,-70939,-1302807,0.5
1900-01-23 14:17:15,7868.0,779315,7868.5,825257,40463,5144,35319,-45942,0.5
1900-01-23 14:17:30,7866.5,31870,7867.0,1267115,6338,128489,-122151,-1235245,0.5
1900-01-23 14:17:45,7866.0,1054228,7866.5,243576,28405,116742,-88337,810652,0.5
1900-01-23 14:18:00,7867.5,924905,7868.0,103210,30233,1863,28370,821695,0.5
1900-01-23 14:18:15,7867.5,925621,7868.0,107609,27104,2000,25104,818012,0.5
1900-01-23 14:18:30,7867.5,5875565,7868.0,111309,6635,1460,5175,5764256,0.5
1900-01-23 14:18:45,7867.5,889238,7868.0,198282,51247,88993,-37746,690956,0.5
1900-01-23 14:19:00,7867.5,496010,7868.0,1238177,6372,34552,-28180,-742167,0.5
1900-01-23 14:19:15,7867.5,931337,7868.0,231736,36865,189190,-152325,699601,0.5
1900-01-23 14:19:30,7867.5,538989,7868.0,638756,9151,7857,1294,-99767,0.5
1900-01-23 14:19:45,7867.5,887990,7868.0,606278,9400,2540,6860,281712,0.5
1900-01-23 14:20:00,7867.5,1012535,7868.0,225021,3323,3500,-177,787514,0.5
1900-01-23 14:20:15,7867.5,6192346,7868.0,75268,49876,58500,-8624,6117078,0.5
1900-01-23 14:20:30,7869.5,1006350,7870.0,88923,106924,4926,101998,917427,0.5
1900-01-23 14:20:45,7870.5,1089389,7871.0,21659,10775,3227,7548,1067730,0.5
1900-01-23 14:21:00,7870.5,517444,7871.0,1308707,16015,7038,8977,-791263,0.5
1900-01-23 14:21:15,7870.5,70310,7871.0,1453072,82200,161439,-79239,-1382762,0.5
1900-01-23 14:21:30,7869.5,179026,7870.0,1073710,10900,49499,-38599,-894684,0.5
1900-01-23 14:21:45,7869.5,707700,7870.0,938072,4560,38378,-33818,-230372,0.5
1900-01-23 14:22:00,7869.5,419687,7870.0,905597,11174,13661,-2487,-485910,0.5
1900-01-23 14:22:15,7869.5,909711,7870.0,368249,5701,25000,-19299,541462,0.5
1900-01-23 14:22:30,7871.5,1758035,7872.0,103536,40071,10455,29616,1654499,0.5
1900-01-23 14:22:45,7875.5,888048,7876.0,22629,38372,2845,35527,865419,0.5
1900-01-23 14:23:00,7877.5,812749,7878.0,220423,174719,13781,160938,592326,0.5
1900-01-23 14:23:15,7878.5,997953,7879.0,104551,47366,4367,42999,893402,0.5
1900-01-23 14:23:30,7879.5,661491,7880.0,109157,106983,33350,73633,552334,0.5
1900-01-23 14:23:45,7869.0,370016,7869.5,929211,16989,286018,-269029,-559195,0.5
1900-01-23 14:24:00,7871.5,1139325,7872.0,29678,85388,247197,-161809,1109647,0.5
1900-01-23 14:24:15,7875.5,353178,7876.0,758237,24816,10210,14606,-405059,0.5
1900-01-23 14:24:30,7872.5,845686,7873.0,163317,25172,60671,-35499,682369,0.5
1900-01-23 14:24:45,7872.5,317838,7873.0,791745,9235,16068,-6833,-473907,0.5
1900-01-23 14:25:00,7872.5,833343,7873.0,179998,21994,17919,4075,653345,0.5
1900-01-23 14:25:15,7872.5,927629,7873.0,145280,20119,1405,18714,782349,0.5
1900-01-23 14:25:30,7874.5,489417,7875.0,16033,16502,12022,4480,473384,0.5
1900-01-23 14:25:45,7877.5,1207899,7878.0,1676396,15895,84211,-68316,-468497,0.5
1900-01-23 14:26:00,7877.5,1458846,7878.0,1521885,127628,21060,106568,-63039,0.5
1900-01-23 14:26:15,7877.5,910569,7878.0,1281279,237083,32507,204576,-370710,0.5
1900-01-23 14:26:30,7877.0,488705,7877.5,1176161,66679,242450,-175771,-687456,0.5
1900-01-23 14:26:45,7877.0,305655,7877.5,1052146,47543,275178,-227635,-746491,0.5
1900-01-23 14:27:00,7877.0,826623,7877.5,355207,1973,173880,-171907,471416,0.5
1900-01-23 14:27:15,7877.0,896361,7877.5,393261,16855,6300,10555,503100,0.5
1900-01-23 14:27:30,7893.5,44700,7894.0,70758,1770955,11538,1759417,-26058,0.5
1900-01-23 14:27:45,7882.5,124279,7883.0,286413,145100,337137,-192037,-162134,0.5
1900-01-23 14:28:00,7884.0,226689,7884.5,14027,135289,12765,122524,212662,0.5
1900-01-23 14:28:15,7886.0,440134,7886.5,373306,197980,27876,170104,66828,0.5
1900-01-23 14:28:30,7886.0,1006013,7886.5,858337,54026,9560,44466,147676,0.5
1900-01-23 14:28:45,7886.0,1447433,7886.5,25999,443703,113993,329710,1421434,0.5
1900-01-23 14:29:00,7893.0,1173558,7893.5,48179,121147,62493,58654,1125379,0.5
1900-01-23 14:29:15,7886.5,289296,7887.0,547302,213220,270661,-57441,-258006,0.5
1900-01-23 14:29:30,7886.0,2082299,7886.5,20000,60738,24431,36307,2062299,0.5
1900-01-23 14:29:45,7887.0,1406777,7887.5,81573,58555,35649,22906,1325204,0.5
1900-01-23 14:30:00,7889.5,458393,7890.0,270440,53158,44205,8953,187953,0.5
1900-01-23 14:30:15,7889.5,85570,7890.0,749422,89883,19886,69997,-663852,0.5
1900-01-23 14:30:30,7886.0,482723,7886.5,706896,26098,95041,-68943,-224173,0.5
1900-01-23 14:30:45,7885.5,224941,7886.0,229535,80680,365095,-284415,-4594,0.5
1900-01-23 14:31:00,7878.5,32253,7879.0,223697,7454,325128,-317674,-191444,0.5
1900-01-23 14:31:15,7877.0,1076127,7877.5,402927,13596,393943,-380347,673200,0.5
1900-01-23 14:31:30,7879.5,988172,7880.0,189335,178986,49315,129671,798837,0.5
1900-01-23 14:31:45,7881.0,677949,7881.5,445144,47582,3156,44426,232805,0.5
1900-01-23 14:32:00,7881.0,1567635,7881.5,20019,64112,1250,62862,1547616,0.5
1900-01-23 14:32:15,7884.0,426019,7884.5,520876,121178,10351,110827,-94857,0.5
1900-01-23 14:32:30,7884.0,1545489,7884.5,14468,41151,89868,-48717,1531021,0.5
1900-01-23 14:32:45,7884.0,665774,7884.5,485888,12810,24909,-12099,179886,0.5
1900-01-23 14:33:00,7884.0,561814,7884.5,604736,19470,6963,12507,-42922,0.5
1900-01-23 14:33:15,7880.0,125441,7880.5,830671,8535,297078,-288543,-705230,0.5
1900-01-23 14:33:30,7879.5,102383,7880.0,1171293,4184,136750,-132566,-1068910,0.5
1900-01-23 14:33:45,7878.0,132661,7878.5,1063233,6000,289844,-283844,-930572,0.5
1900-01-23 14:34:00,7877.0,40735,7877.5,1290178,3002,215741,-212739,-1249443,0.5
1900-01-23 14:34:15,7876.0,421336,7876.5,507282,8202,88121,-79919,-85946,0.5
1900-01-23 14:34:30,7875.5,49568,7876.0,878256,12252,129292,-117040,-828688,0.5
1900-01-23 14:34:45,7875.0,322035,7875.5,967368,450,74316,-73866,-645333,0.5
1900-01-23 14:35:00,7875.0,912114,7875.5,1470249,2291,269800,-267509,-558135,0.5
1900-01-23 14:35:15,7875.0,182603,7875.5,1790841,9500,137443,-127943,-1608238,0.5
1900-01-23 14:35:30,7874.0,25645,7874.5,1492148,2105,130539,-128434,-1466503,0.5
1900-01-23 14:35:45,7872.5,228407,7873.0,2098015,101,111963,-111862,-1869608,0.5
1900-01-23 14:36:00,7863.5,18528,7864.0,38849,5873,174870,-168997,-20321,0.5
1900-01-23 14:36:15,7866.0,667497,7866.5,564185,99480,80161,19319,103312,0.5
1900-01-23 14:36:30,7866.0,1481850,7866.5,284731,48226,5415,42811,1197119,0.5
1900-01-23 14:36:45,7866.0,1777498,7866.5,310606,165752,4627,161125,1466892,0.5
1900-01-23 14:37:00,7870.0,1578763,7870.5,85758,179912,7263,172649,1493005,0.5
1900-01-23 14:37:15,7870.0,1715199,7870.5,105636,66853,26190,40663,1609563,0.5
1900-01-23 14:37:30,7870.5,1544997,7871.0,50418,77140,2070,75070,1494579,0.5
1900-01-23 14:37:45,7870.5,1433926,7871.0,218783,19741,12306,7435,1215143,0.5
1900-01-23 14:38:00,7870.5,1673369,7871.0,8113,86900,10181,76719,1665256,0.5
1900-01-23 14:38:15,7871.5,1511628,7872.0,37169,64540,60,64480,1474459,0.5
1900-01-23 14:38:30,7877.5,763629,7878.0,964848,157203,13812,143391,-201219,0.5
1900-01-23 14:38:45,7877.5,1696545,7878.0,12942,48343,1000,47343,1683603,0.5
1900-01-23 14:39:00,7880.5,770388,7881.0,43413,52971,2502,50469,726975,0.5
1900-01-23 14:39:15,7880.5,1234136,7881.0,652024,110754,3001,107753,582112,0.5
1900-01-23 14:39:30,7880.5,1064912,7881.0,863193,23840,53133,-29293,201719,0.5
1900-01-23 14:39:45,7878.0,55188,7878.5,723693,4201,307686,-303485,-668505,0.5
1900-01-23 14:40:00,7874.5,183977,7875.0,785354,4154,130408,-126254,-601377,0.5
1900-01-23 14:40:15,7873.0,90566,7873.5,550069,6927,14575,-7648,-459503,0.5
1900-01-23 14:40:30,7873.0,943952,7873.5,96198,30215,19757,10458,847754,0.5
1900-01-23 14:40:45,7874.0,363005,7874.5,672937,13146,8892,4254,-309932,0.5
1900-01-23 14:41:00,7873.5,13021,7874.0,1124884,1531,22722,-21191,-1111863,0.5
1900-01-23 14:41:15,7872.0,138281,7872.5,737336,322,20043,-19721,-599055,0.5
1900-01-23 14:41:30,7872.0,144973,7872.5,807472,3122,10571,-7449,-662499,0.5
1900-01-23 14:41:45,7872.0,105653,7872.5,964410,1018,26198,-25180,-858757,0.5
1900-01-23 14:42:00,7871.0,86818,7871.5,288344,306,20551,-20245,-201526,0.5
1900-01-23 14:42:15,7868.5,4848,7869.0,1351203,15002,153177,-138175,-1346355,0.5
1900-01-23 14:42:30,7866.0,848918,7866.5,413201,34329,158866,-124537,435717,0.5
1900-01-23 14:42:45,7866.0,913559,7866.5,367790,35721,31463,4258,545769,0.5
1900-01-23 14:43:00,7866.0,52172,7866.5,713708,10909,97694,-86785,-661536,0.5
1900-01-23 14:43:15,7865.5,19080,7866.0,1037711,6990,101799,-94809,-1018631,0.5
1900-01-23 14:43:30,7864.0,9365,7864.5,420194,739,67115,-66376,-410829,0.5
1900-01-23 14:43:45,7864.0,975478,7864.5,210986,4155,27900,-23745,764492,0.5
1900-01-23 14:44:00,7868.0,421229,7868.5,9858,119701,11490,108211,411371,0.5
1900-01-23 14:44:15,7868.5,371930,7869.0,569365,40999,3690,37309,-197435,0.5
1900-01-23 14:44:30,7868.5,850437,7869.0,199299,37666,6138,31528,651138,0.5
1900-01-23 14:44:45,7868.5,884825,7869.0,105444,22333,76680,-54347,779381,0.5
1900-01-23 14:45:00,7868.5,814069,7869.0,242258,7123,11948,-4825,571811,0.5
1900-01-23 14:45:15,7868.5,728569,7869.0,344374,8262,51000,-42738,384195,0.5
1900-01-23 14:45:30,7868.5,175989,7869.0,1029699,18145,3816,14329,-853710,0.5
1900-01-23 14:45:45,7868.5,692717,7869.0,140812,174498,23928,150570,551905,0.5
1900-01-23 14:46:00,7869.5,815106,7870.0,416884,43307,23928,19379,398222,0.5
1900-01-23 14:46:15,7870.5,727332,7871.0,121054,56457,1230,55227,606278,0.5
1900-01-23 14:46:30,7873.5,770657,7874.0,356975,25373,350,25023,413682,0.5
1900-01-23 14:46:45,7873.5,897468,7874.0,52527,59428,2401,57027,844941,0.5
1900-01-23 14:47:00,7873.5,68095,7874.0,1098287,269,21220,-20951,-1030192,0.5
1900-01-23 14:47:15,7873.0,22966,7873.5,1216316,9759,96124,-86365,-1193350,0.5
1900-01-23 14:47:30,7872.0,88681,7872.5,941812,7362,21616,-14254,-853131,0.5
1900-01-23 14:47:45,7872.0,612514,7872.5,311693,65924,56810,9114,300821,0.5
1900-01-23 14:48:00,7872.0,402349,7872.5,830780,20973,20613,360,-428431,0.5
1900-01-23 14:48:15,7872.0,128053,7872.5,1445108,20973,19539,1434,-1317055,0.5
1900-01-23 14:48:30,7868.0,116056,7868.5,339946,245,42572,-42327,-223890,0.5
1900-01-23 14:48:45,7868.0,387809,7868.5,1113453,1590,44230,-42640,-725644,0.5
1900-01-23 14:49:00,7868.0,226613,7868.5,972252,1130,179824,-178694,-745639,0.5
1900-01-23 14:49:15,7868.0,187928,7868.5,724061,7100,94422,-87322,-536133,0.5
1900-01-23 14:49:30,7868.0,197966,7868.5,953641,952,24107,-23155,-755675,0.5
1900-01-23 14:49:45,7868.0,185068,7868.5,1092501,500,43122,-42622,-907433,0.5
1900-01-23 14:50:00,7868.0,43263,7868.5,1255424,14313,72743,-58430,-1212161,0.5
1900-01-23 14:50:15,7866.5,44443,7867.0,1355959,2553,74844,-72291,-1311516,0.5
1900-01-23 14:50:30,7865.5,540,7866.0,1628618,1445,50672,-49227,-1628078,0.5
1900-01-23 14:50:45,7862.0,121544,7862.5,1366578,4998,169806,-164808,-1245034,0.5
1900-01-23 14:51:00,7859.5,460154,7860.0,754143,852,205638,-204786,-293989,0.5
1900-01-23 14:51:15,7859.5,750496,7860.0,593032,37287,99836,-62549,157464,0.5
1900-01-23 14:51:30,7859.5,1010827,7860.0,542129,27181,50326,-23145,468698,0.5
1900-01-23 14:51:45,7859.5,959786,7860.0,569581,35967,76119,-40152,390205,0.5
1900-01-23 14:52:00,7859.5,1193924,7860.0,408691,75238,5051,70187,785233,0.5
1900-01-23 14:52:15,7861.5,890104,7862.0,72682,308274,4,308270,817422,0.5
1900-01-23 14:52:30,7861.5,484671,7862.0,603244,52700,13000,39700,-118573,0.5
1900-01-23 14:52:45,7861.5,819146,7862.0,63635,109284,2301,106983,755511,0.5
1900-01-23 14:53:00,7861.5,793057,7862.0,456838,21605,5366,16239,336219,0.5
1900-01-23 14:53:15,7861.5,848736,7862.0,319472,7164,3650,3514,529264,0.5
1900-01-23 14:53:30,7864.5,360440,7865.0,934122,47105,77604,-30499,-573682,0.5
1900-01-23 14:53:45,7864.5,226595,7865.0,811197,5134,2610,2524,-584602,0.5
1900-01-23 14:54:00,7864.5,389901,7865.0,850269,3678,48679,-45001,-460368,0.5
1900-01-23 14:54:15,7864.5,50210,7865.0,992441,26759,21089,5670,-942231,0.5
1900-01-23 14:54:30,7863.5,158986,7864.0,840394,3366,65624,-62258,-681408,0.5
1900-01-23 14:54:45,7863.5,500997,7864.0,586595,10277,57415,-47138,-85598,0.5
1900-01-23 14:55:00,7864.5,796646,7865.0,158053,25098,2747,22351,638593,0.5
1900-01-23 14:55:15,7864.5,1275365,7865.0,31427,59960,2335,57625,1243938,0.5
1900-01-23 14:55:30,7868.5,643018,7869.0,571072,61030,14298,46732,71946,0.5
1900-01-23 14:55:45,7868.5,717369,7869.0,509866,139107,14298,124809,207503,0.5
1900-01-23 14:56:00,7869.5,404977,7870.0,30724,154320,6401,147919,374253,0.5
1900-01-23 14:56:15,7871.5,74147,7872.0,1051876,43470,4399,39071,-977729,0.5
1900-01-23 14:56:30,7871.5,692124,7872.0,370653,106489,43284,63205,321471,0.5
1900-01-23 14:56:45,7871.5,985411,7872.0,130891,109242,11591,97651,854520,0.5
1900-01-23 14:57:00,7871.5,397122,7872.0,792846,24242,2963,21279,-395724,0.5
1900-01-23 14:57:15,7872.5,882619,7873.0,43399,209439,31029,178410,839220,0.5
1900-01-23 14:57:30,7874.0,432769,7874.5,27182,35079,45062,-9983,405587,0.5
1900-01-23 14:57:45,7876.0,1111325,7876.5,22981,47043,14037,33006,1088344,0.5
1900-01-23 14:58:00,7879.0,973726,7879.5,87616,95045,5773,89272,886110,0.5
1900-01-23 14:58:15,7882.0,882801,7882.5,68247,19279,12588,6691,814554,0.5
1900-01-23 14:58:30,7879.5,22,7880.0,78066,20914,96826,-75912,-78044,0.5
1900-01-23 14:58:45,7878.0,121483,7878.5,493029,21688,226730,-205042,-371546,0.5
1900-01-23 14:59:00,7877.5,2774,7878.0,215213,38450,49382,-10932,-212439,0.5
1900-01-23 14:59:15,7877.0,782261,7877.5,201709,5554,8067,-2513,580552,0.5
1900-01-23 14:59:30,7877.0,360729,7877.5,618342,15069,93064,-77995,-257613,0.5
1900-01-23 14:59:45,7877.0,781069,7877.5,625028,6015,25225,-19210,156041,0.5
1900-01-23 15:00:00,7877.0,239811,7877.5,1062824,2302,108079,-105777,-823013,0.5
1900-01-23 15:00:15,7876.0,672211,7876.5,846399,2482,107721,-105239,-174188,0.5
1900-01-23 15:00:30,7876.0,24864,7876.5,878279,23720,129540,-105820,-853415,0.5
1900-01-23 15:00:45,7874.0,38340,7874.5,1089822,13588,32313,-18725,-1051482,0.5
1900-01-23 15:01:00,7873.0,145030,7873.5,920867,5210,86888,-81678,-775837,0.5
1900-01-23 15:01:15,7868.5,31976,7869.0,485784,8326,133940,-125614,-453808,0.5
1900-01-23 15:01:30,7868.5,737823,7869.0,310995,10610,5205,5405,426828,0.5
1900-01-23 15:01:45,7868.5,879903,7869.0,129539,82180,6033,76147,750364,0.5
1900-01-23 15:02:00,7869.0,229960,7869.5,5285,23673,8862,14811,224675,0.5
1900-01-23 15:02:15,7869.5,1110040,7870.0,50378,7513,2376,5137,1059662,0.5
1900-01-23 15:02:30,7871.0,84122,7871.5,69416,18194,60,18134,14706,0.5
1900-01-23 15:02:45,7871.0,826279,7871.5,113000,40352,2985,37367,713279,0.5
1900-01-23 15:03:00,7871.0,748292,7871.5,331586,46955,5380,41575,416706,0.5
1900-01-23 15:03:15,7871.5,392378,7872.0,812144,8390,5380,3010,-419766,0.5
1900-01-23 15:03:30,7871.5,40877,7872.0,1279087,35495,28020,7475,-1238210,0.5
1900-01-23 15:03:45,7870.5,20791,7871.0,893573,2592,49907,-47315,-872782,0.5
1900-01-23 15:04:00,7870.5,97400,7871.0,1012571,14266,50947,-36681,-915171,0.5
1900-01-23 15:04:15,7870.5,777006,7871.0,462909,3441,6804,-3363,314097,0.5
1900-01-23 15:04:30,7870.5,859786,7871.0,403958,11258,18,11240,455828,0.5
1900-01-23 15:04:45,7870.5,938940,7871.0,349526,6001,115,5886,589414,0.5
1900-01-23 15:05:00,7870.5,992462,7871.0,294775,51247,5059,46188,697687,0.5
1900-01-23 15:05:15,7871.5,1372276,7872.0,454231,96750,3450,93300,918045,0.5
1900-01-23 15:05:30,7873.0,1335947,7873.5,21536,25871,1471,24400,1314411,0.5
1900-01-23 15:05:45,7876.0,1661500,7876.5,4810,222229,55,222174,1656690,0.5
1900-01-23 15:06:00,7877.0,1661215,7877.5,4920,35219,8030,27189,1656295,0.5
1900-01-23 15:06:15,7877.5,717493,7878.0,614694,41156,4200,36956,102799,0.5
1900-01-23 15:06:30,7877.5,773730,7878.0,620339,1441,6680,-5239,153391,0.5
1900-01-23 15:06:45,7870.0,588982,7870.5,309008,10663,102549,-91886,279974,0.5
1900-01-23 15:07:00,7870.0,1603268,7870.5,132308,8743,29340,-20597,1470960,0.5
1900-01-23 15:07:15,7870.0,1351317,7870.5,337843,7517,14426,-6909,1013474,0.5
1900-01-23 15:07:30,7870.0,1276421,7870.5,331794,6472,5786,686,944627,0.5
1900-01-23 15:07:45,7871.0,606067,7871.5,10417,15179,8468,6711,595650,0.5
1900-01-23 15:08:00,7872.5,1068394,7873.0,34040,21131,2600,18531,1034354,0.5
1900-01-23 15:08:15,7872.5,169505,7873.0,640953,8485,90338,-81853,-471448,0.5
1900-01-23 15:08:30,7872.5,33747,7873.0,724653,3005,35288,-32283,-690906,0.5
1900-01-23 15:08:45,7872.5,227530,7873.0,741420,11674,3898,7776,-513890,0.5
1900-01-23 15:09:00,7872.5,72333,7873.0,865162,267,4218,-3951,-792829,0.5
1900-01-23 15:09:15,7872.5,82648,7873.0,990180,4422,31062,-26640,-907532,0.5
1900-01-23 15:09:30,7872.0,33954,7872.5,470544,300,39027,-38727,-436590,0.5
1900-01-23 15:09:45,7871.0,4527,7871.5,805350,381,79525,-79144,-800823,0.5
1900-01-23 15:10:00,7871.0,1122269,7871.5,327112,60546,13094,47452,795157,0.5
1900-01-23 15:10:15,7871.0,1283651,7871.5,202540,61489,26467,35022,1081111,0.5
1900-01-23 15:10:30,7871.0,1276343,7871.5,263434,800,29473,-28673,1012909,0.5
1900-01-23 15:10:45,7871.0,1224621,7871.5,192232,6646,28560,-21914,1032389,0.5
1900-01-23 15:11:00,7872.0,830193,7872.5,549177,38159,184,37975,281016,0.5
1900-01-23 15:11:15,7872.0,388016,7872.5,798496,14210,2418,11792,-410480,0.5
1900-01-23 15:11:30,7872.0,510831,7872.5,562029,1343,219,1124,-51198,0.5
1900-01-23 15:11:45,7872.0,1468725,7872.5,67124,2225,48297,-46072,1401601,0.5
1900-01-23 15:12:00,7872.0,515305,7872.5,690034,9794,111284,-101490,-174729,0.5
1900-01-23 15:12:15,7872.0,1015825,7872.5,312719,11821,518,11303,703106,0.5
1900-01-23 15:12:30,7872.0,1023799,7872.5,334697,769,5370,-4601,689102,0.5
1900-01-23 15:12:45,7872.0,189578,7872.5,574804,236,147941,-147705,-385226,0.5
1900-01-23 15:13:00,7871.0,16321,7871.5,820225,1040,98799,-97759,-803904,0.5
1900-01-23 15:13:15,7870.0,127606,7870.5,633183,5904,61910,-56006,-505577,0.5
1900-01-23 15:13:30,7870.0,549883,7870.5,707355,40670,12682,27988,-157472,0.5
1900-01-23 15:13:45,7870.0,462070,7870.5,695844,500,15505,-15005,-233774,0.5
1900-01-23 15:14:00,7869.0,12387,7869.5,531881,19661,32822,-13161,-519494,0.5
1900-01-23 15:14:15,7866.0,55330,7866.5,865965,933,46466,-45533,-810635,0.5
1900-01-23 15:14:30,7866.0,358252,7866.5,630602,20646,41278,-20632,-272350,0.5
1900-01-23 15:14:45,7866.0,296432,7866.5,610975,1856,70038,-68182,-314543,0.5
1900-01-23 15:15:00,7866.0,137586,7866.5,632006,5665,83491,-77826,-494420,0.5
1900-01-23 15:15:15,7866.0,219337,7866.5,645909,10359,46278,-35919,-426572,0.5
1900-01-23 15:15:30,7866.0,81022,7866.5,636028,5025,30494,-25469,-555006,0.5
1900-01-23 15:15:45,7866.0,617598,7866.5,355098,95439,1935,93504,262500,0.5
1900-01-23 15:16:00,7866.0,614011,7866.5,270291,2000,1437,563,343720,0.5
1900-01-23 15:16:15,7866.0,213959,7866.5,432976,252,806,-554,-219017,0.5
1900-01-23 15:16:30,7863.5,3524,7864.0,43745,1,181840,-181839,-40221,0.5
1900-01-23 15:16:45,7862.5,4054,7863.0,689790,933,96585,-95652,-685736,0.5
1900-01-23 15:17:00,7862.5,18988,7863.0,1298528,971,30404,-29433,-1279540,0.5
1900-01-23 15:17:15,7860.5,12922,7861.0,1040078,11512,123013,-111501,-1027156,0.5
1900-01-23 15:17:30,7857.5,98118,7858.0,640601,1818,193351,-191533,-542483,0.5
1900-01-23 15:17:45,7856.5,709305,7857.0,457315,80957,144909,-63952,251990,0.5
1900-01-23 15:18:00,7856.5,410083,7857.0,649044,25070,70058,-44988,-238961,0.5
1900-01-23 15:18:15,7856.5,714672,7857.0,490803,2007,45668,-43661,223869,0.5
1900-01-23 15:18:30,7856.5,765599,7857.0,460158,121698,4193,117505,305441,0.5
1900-01-23 15:18:45,7856.5,794898,7857.0,616502,8815,2451,6364,178396,0.5
1900-01-23 15:19:00,7856.5,1603713,7857.0,589479,18837,14151,4686,1014234,0.5
1900-01-23 15:19:15,7856.5,1557363,7857.0,591948,1923,12262,-10339,965415,0.5
1900-01-23 15:19:30,7857.5,532052,7858.0,10111,139847,17878,121969,521941,0.5
1900-01-23 15:19:45,7925.0,37531,7925.5,9330,2836881,215892,2620989,28201,0.5
1900-01-23 15:20:00,7916.5,1652,7918.0,42180,2130268,757288,1372980,-40528,1.5
1900-01-23 15:20:15,7907.0,10000,7908.0,30,501480,776515,-275035,9970,1.0
1900-01-23 15:20:30,7936.0,29021,7936.5,92891,398315,127788,270527,-63870,0.5
1900-01-23 15:20:45,7935.5,4100,7936.0,183097,899119,169066,730053,-178997,0.5
1900-01-23 15:21:00,7938.0,878,7939.5,4200,333710,160236,173474,-3322,1.5
1900-01-23 15:21:15,7952.0,4590,7952.5,8502,2435006,96777,2338229,-3912,0.5
1900-01-23 15:21:30,7954.5,10000,7955.5,4340,1062224,320567,741657,5660,1.0
1900-01-23 15:21:45,7961.5,197572,7962.0,114892,491657,401439,90218,82680,0.5
1900-01-23 15:22:00,7975.0,2760,7980.0,1571222,1148074,313342,834732,-1568462,5.0
1900-01-23 15:22:15,7979.5,134181,7980.5,19980,1634800,141884,1492916,114201,1.0
1900-01-23 15:22:30,7986.5,145725,7987.0,2150,881693,218004,663689,143575,0.5
1900-01-23 15:22:45,7998.5,18750,7999.0,5800,1381890,190726,1191164,12950,0.5
1900-01-23 15:23:15,7992.0,88579,7993.0,300000,844696,626988,217708,-211421,1.0
1900-01-23 15:23:30,7969.5,56219,7970.0,1663694,1523206,429423,1093783,-1607475,0.5
1900-01-23 15:23:45,7977.5,76867,7978.0,36190,1528352,339861,1188491,40677,0.5
1900-01-23 15:24:00,7979.5,242030,7980.0,77052,424346,339347,84999,164978,0.5
1900-01-23 15:24:15,7983.0,123265,7983.5,52279,297098,188793,108305,70986,0.5
1900-01-23 15:24:30,7989.5,48333,7990.0,722166,524821,364647,160174,-673833,0.5
1900-01-23 15:24:45,7999.0,363747,7999.5,559,984899,82318,902581,363188,0.5
1900-01-23 15:25:00,8014.0,12500,8014.5,2,436090,255792,180298,12498,0.5
1900-01-23 15:25:15,8023.5,452904,8024.0,172762,1046566,140945,905621,280142,0.5
1900-01-23 15:25:30,8030.5,275213,8031.0,176620,1324817,926629,398188,98593,0.5
1900-01-23 15:25:45,8048.5,76710,8049.5,1080,1350714,373751,976963,75630,1.0
1900-01-23 15:26:00,8036.5,19365,8037.0,16314,164507,597248,-432741,3051,0.5
1900-01-23 15:26:15,8022.0,93372,8022.5,22484,408242,505069,-96827,70888,0.5
1900-01-23 15:26:30,8022.0,102259,8022.5,39392,424652,672659,-248007,62867,0.5
1900-01-23 15:26:45,8010.0,307317,8010.5,504310,77653,438079,-360426,-196993,0.5
1900-01-23 15:27:00,8004.5,7006,8005.5,16099,134885,525367,-390482,-9093,1.0
1900-01-23 15:27:15,7996.0,56263,7996.5,129483,92675,506574,-413899,-73220,0.5
1900-01-23 15:27:30,8009.5,70369,8010.0,375787,473398,378245,95153,-305418,0.5
1900-01-23 15:27:45,8002.0,957347,8003.5,526,652425,252599,399826,956821,1.5
1900-01-23 15:28:00,8011.5,306820,8012.0,49312,958471,193596,764875,257508,0.5
1900-01-23 15:28:15,8019.5,204344,8020.0,544636,809673,111511,698162,-340292,0.5
1900-01-23 15:28:30,8011.0,558407,8011.5,145409,862744,189064,673680,412998,0.5
1900-01-23 15:28:45,8018.0,564910,8018.5,141330,206303,124131,82172,423580,0.5
1900-01-23 15:29:00,8013.0,55301,8013.5,399540,164605,233358,-68753,-344239,0.5
1900-01-23 15:29:15,7999.5,5000,8000.0,28350,32248,529293,-497045,-23350,0.5
1900-01-23 15:29:30,7990.0,6437069,7990.5,171084,27191,287362,-260171,6265985,0.5
1900-01-23 15:30:00,7985.0,27019,7985.5,4140,151986,947548,-795562,22879,0.5
1900-01-23 15:30:15,7987.0,386842,7987.5,12169,173492,363740,-190248,374673,0.5
1900-01-23 15:30:30,7989.5,770991,7990.0,848048,619270,198399,420871,-77057,0.5
1900-01-23 15:30:45,7989.5,745758,7990.0,687681,542818,189009,353809,58077,0.5
1900-01-23 15:31:00,8001.0,43555,8001.5,15882,1022601,86146,936455,27673,0.5
1900-01-23 15:31:15,8016.5,10000,8017.0,150107,468528,53474,415054,-140107,0.5
1900-01-23 15:31:30,7998.0,1320,7998.5,43624,334708,171869,162839,-42304,0.5
1900-01-23 15:31:45,8000.5,226429,8001.0,40468,157479,213781,-56302,185961,0.5
1900-01-23 15:32:00,8000.5,291238,8001.0,481587,169329,106431,62898,-190349,0.5
1900-01-23 15:32:15,7975.0,73065,7975.5,46145,335310,2646016,-2310706,26920,0.5
1900-01-23 15:32:30,7976.0,814059,7976.5,9288,231289,790321,-559032,804771,0.5
1900-01-23 15:32:45,7984.5,671046,7985.0,314002,275960,71427,204533,357044,0.5
1900-01-23 15:33:00,7994.0,47975,7994.5,77,232866,115992,116874,47898,0.5
1900-01-23 15:33:15,7995.5,51844,7996.0,550904,112998,37374,75624,-499060,0.5
1900-01-23 15:33:30,7995.0,564501,7995.5,377542,119417,629552,-510135,186959,0.5
1900-01-23 15:33:45,7988.5,11128,7989.0,870571,18401,283168,-264767,-859443,0.5
1900-01-23 15:34:00,7983.0,289602,7983.5,2575,442052,477825,-35773,287027,0.5
1900-01-23 15:34:15,7984.0,90383,7984.5,424264,133673,105851,27822,-333881,0.5
1900-01-23 15:34:30,7981.5,342562,7982.0,16071,75839,156953,-81114,326491,0.5
1900-01-23 15:34:45,7983.5,51456,7984.0,828025,104640,295448,-190808,-776569,0.5
1900-01-23 15:35:00,7980.5,76501,7981.0,269250,183900,297044,-113144,-192749,0.5
1900-01-23 15:35:15,7980.5,727433,7981.0,422846,173835,92933,80902,304587,0.5
1900-01-23 15:35:30,7980.5,765522,7981.0,487972,50087,58207,-8120,277550,0.5
1900-01-23 15:35:45,7971.0,240776,7971.5,832721,150603,522316,-371713,-591945,0.5
1900-01-23 15:36:00,7966.0,718538,7966.5,334566,108535,421145,-312610,383972,0.5
1900-01-23 15:36:15,7975.0,521906,7975.5,92392,112380,205675,-93295,429514,0.5
1900-01-23 15:36:30,7975.5,272142,7976.0,2164,663901,168293,495608,269978,0.5
1900-01-23 15:36:45,7983.5,184986,7984.0,22089,227094,27566,199528,162897,0.5
1900-01-23 15:37:00,7983.5,34738,7984.0,804241,89425,91611,-2186,-769503,0.5
1900-01-23 15:37:15,7978.0,104702,7978.5,962381,96118,272024,-175906,-857679,0.5
1900-01-23 15:37:30,7973.0,212509,7973.5,547627,63337,101352,-38015,-335118,0.5
1900-01-23 15:37:45,7978.0,144547,7978.5,1876,36902,139779,-102877,142671,0.5
1900-01-23 15:38:00,7977.0,73976,7977.5,930708,75181,199622,-124441,-856732,0.5
1900-01-23 15:38:15,7970.0,670985,7970.5,197142,102684,371114,-268430,473843,0.5
1900-01-23 15:38:30,7966.0,148138,7966.5,20000,100045,482980,-382935,128138,0.5
1900-01-23 15:38:45,7954.0,38223,7955.5,12000,54613,1255821,-1201208,26223,1.5
1900-01-23 15:39:00,7971.0,129566,7971.5,33151,92610,280752,-188142,96415,0.5
1900-01-23 15:39:15,7971.0,40268,7971.5,847801,259362,91752,167610,-807533,0.5
1900-01-23 15:39:30,7968.0,637589,7968.5,183236,126459,220723,-94264,454353,0.5
1900-01-23 15:39:45,7970.5,880524,7971.0,8116,84044,146173,-62129,872408,0.5
1900-01-23 15:40:00,7974.5,263526,7975.0,640113,160543,77300,83243,-376587,0.5
1900-01-23 15:40:15,7972.5,476932,7973.0,693164,74860,31897,42963,-216232,0.5
1900-01-23 15:40:30,7972.5,397242,7973.0,59508,56913,189006,-132093,337734,0.5
1900-01-23 15:40:45,7976.0,1248091,7976.5,57517,138049,20015,118034,1190574,0.5
1900-01-23 15:41:00,7986.0,1219260,7986.5,44127,255079,10524,244555,1175133,0.5
1900-01-23 15:41:15,7989.5,355871,7990.0,15828,849473,23178,826295,340043,0.5
1900-01-23 15:41:30,7980.5,18267,7981.0,87110,157416,377171,-219755,-68843,0.5
1900-01-23 15:41:45,7980.5,493935,7981.0,932301,40871,156863,-115992,-438366,0.5
1900-01-23 15:42:00,7980.5,1005754,7981.0,24365,421918,25712,396206,981389,0.5
1900-01-23 15:42:15,7975.0,601882,7975.5,305122,30502,97472,-66970,296760,0.5
1900-01-23 15:42:30,7979.5,1079280,7980.0,30326,28147,249825,-221678,1048954,0.5
1900-01-23 15:42:45,7982.0,191954,7982.5,4420,418059,32860,385199,187534,0.5
1900-01-23 15:43:00,7989.0,7725,7989.5,14861,134786,34146,100640,-7136,0.5
1900-01-23 15:43:15,7988.5,310129,7989.0,731107,138770,82899,55871,-420978,0.5
1900-01-23 15:43:30,7985.0,1058180,7985.5,271431,49889,174257,-124368,786749,0.5
1900-01-23 15:43:45,7985.0,919686,7985.5,1341772,92021,261110,-169089,-422086,0.5
1900-01-23 15:44:00,7982.0,80320,7982.5,745051,24416,891880,-867464,-664731,0.5
1900-01-23 15:44:15,7980.5,9074,7981.0,507793,1100,53636,-52536,-498719,0.5
1900-01-23 15:44:30,7978.0,645444,7978.5,501795,86481,29116,57365,143649,0.5
1900-01-23 15:44:45,7975.5,490,7976.0,824884,64211,39689,24522,-824394,0.5
1900-01-23 15:45:00,7975.5,1037612,7976.0,60585,189674,69481,120193,977027,0.5
1900-01-23 15:45:15,7979.5,1442273,7980.0,29900,57741,33672,24069,1412373,0.5
1900-01-23 15:45:30,7984.5,842730,7985.0,275302,248589,4000,244589,567428,0.5
1900-01-23 15:45:45,7994.0,292506,7994.5,29834,271616,13673,257943,262672,0.5
1900-01-23 15:46:00,7991.5,2022,7992.0,600476,649233,49766,599467,-598454,0.5
1900-01-23 15:46:15,7981.0,559509,7981.5,672708,33509,94350,-60841,-113199,0.5
1900-01-23 15:46:30,7977.0,7678,7977.5,1253977,12694,52715,-40021,-1246299,0.5
1900-01-23 15:46:45,7969.0,1276050,7969.5,172359,29537,178460,-148923,1103691,0.5
1900-01-23 15:47:00,7976.0,1000720,7976.5,89450,87035,109118,-22083,911270,0.5
1900-01-23 15:47:15,7979.5,153559,7980.0,31375,68482,24225,44257,122184,0.5
1900-01-23 15:47:30,7976.0,602526,7976.5,396269,31109,173829,-142720,206257,0.5
1900-01-23 15:47:45,7976.0,137888,7976.5,580555,20670,7366,13304,-442667,0.5
1900-01-23 15:48:00,7975.0,830130,7975.5,583639,44559,46025,-1466,246491,0.5
1900-01-23 15:48:15,7977.0,274515,7977.5,178,106650,36957,69693,274337,0.5
1900-01-23 15:48:30,7976.5,193380,7977.0,639463,55189,29740,25449,-446083,0.5
1900-01-23 15:48:45,7975.0,127544,7975.5,130067,41702,35552,6150,-2523,0.5
1900-01-23 15:49:00,7975.0,1502840,7975.5,121747,57087,26927,30160,1381093,0.5
1900-01-23 15:49:15,7976.5,1375898,7977.0,391,57839,7541,50298,1375507,0.5
1900-01-23 15:49:30,7977.5,1251243,7978.0,37603,143996,38484,105512,1213640,0.5
1900-01-23 15:49:45,7977.5,826753,7978.0,104410,32188,10440,21748,722343,0.5
1900-01-23 15:50:00,7978.0,408956,7978.5,102110,87478,49379,38099,306846,0.5
1900-01-23 15:50:15,7977.0,8049,7977.5,1448993,63811,47432,16379,-1440944,0.5
1900-01-23 15:50:30,7975.5,41667,7976.0,1168463,23941,173978,-150037,-1126796,0.5
1900-01-23 15:50:45,7974.0,40563,7974.5,1683261,37344,109102,-71758,-1642698,0.5
1900-01-23 15:51:00,7972.5,4589,7973.0,919126,11904,153406,-141502,-914537,0.5
1900-01-23 15:51:15,7972.0,197122,7972.5,1102667,12625,46784,-34159,-905545,0.5
1900-01-23 15:51:30,7968.5,102855,7969.0,1080015,11157,671597,-660440,-977160,0.5
1900-01-23 15:51:45,7968.0,622834,7968.5,424313,17778,54036,-36258,198521,0.5
1900-01-23 15:52:00,7968.0,184674,7968.5,875395,62122,82782,-20660,-690721,0.5
1900-01-23 15:52:15,7967.0,195440,7967.5,869107,51015,159685,-108670,-673667,0.5
1900-01-23 15:52:30,7968.5,787552,7969.0,473386,147888,95582,52306,314166,0.5
1900-01-23 15:52:45,7969.5,908531,7970.0,774196,401460,4140,397320,134335,0.5
1900-01-23 15:53:00,7976.5,316163,7977.0,953504,207383,152965,54418,-637341,0.5
1900-01-23 15:53:15,7975.0,678870,7975.5,161221,114078,91104,22974,517649,0.5
1900-01-23 15:53:30,7975.0,2056375,7975.5,27393,112506,11511,100995,2028982,0.5
1900-01-23 15:53:45,7975.0,1536055,7975.5,717371,26213,51811,-25598,818684,0.5
1900-01-23 15:54:00,7975.0,1593211,7975.5,610316,35747,7202,28545,982895,0.5
1900-01-23 15:54:15,7975.5,877121,7976.0,350467,173521,63167,110354,526654,0.5
1900-01-23 15:54:30,7975.5,812424,7976.0,891248,59172,15048,44124,-78824,0.5
1900-01-23 15:54:45,7975.5,1032688,7976.0,518959,15194,4818,10376,513729,0.5
1900-01-23 15:55:00,7975.5,671940,7976.0,828661,94199,115467,-21268,-156721,0.5
1900-01-23 15:55:15,7975.5,598911,7976.0,922838,27900,27726,174,-323927,0.5
1900-01-23 15:55:30,7975.5,87112,7976.0,1513394,321,64414,-64093,-1426282,0.5
1900-01-23 15:55:45,7970.0,205845,7970.5,375321,2500,635154,-632654,-169476,0.5
1900-01-23 15:56:00,7966.0,238478,7966.5,981301,62722,95770,-33048,-742823,0.5
1900-01-23 15:56:15,7966.5,914094,7967.0,482235,77632,156935,-79303,431859,0.5
1900-01-23 15:56:30,7966.5,917802,7967.0,462656,53696,26516,27180,455146,0.5
1900-01-23 15:56:45,7969.5,330517,7970.0,63299,134356,20801,113555,267218,0.5
1900-01-23 15:57:00,7970.5,2145067,7971.0,963297,165732,61108,104624,1181770,0.5
1900-01-23 15:57:15,7970.5,2045252,7971.0,919619,112462,2170,110292,1125633,0.5
1900-01-23 15:57:30,7970.5,2248587,7971.0,885806,16529,7838,8691,1362781,0.5
1900-01-23 15:57:45,7974.5,973543,7975.0,20640,154093,72554,81539,952903,0.5
1900-01-23 15:58:00,7974.5,400692,7975.0,751598,40611,137054,-96443,-350906,0.5
1900-01-23 15:58:15,7975.5,1392094,7976.0,16167,158896,3901,154995,1375927,0.5
1900-01-23 15:58:30,7975.5,465479,7976.0,859957,78378,53989,24389,-394478,0.5
1900-01-23 15:58:45,7980.0,1372876,7980.5,19383,51540,14802,36738,1353493,0.5
1900-01-23 15:59:00,7981.5,1987823,7982.0,414954,258684,2801,255883,1572869,0.5
1900-01-23 15:59:15,7983.5,1318353,7984.0,24660,113985,16306,97679,1293693,0.5
1900-01-23 15:59:30,7989.5,412501,7990.0,784533,177378,19594,157784,-372032,0.5
1900-01-23 15:59:45,7986.5,635805,7987.0,598259,130998,221314,-90316,37546,0.5
1900-01-23 16:00:00,7986.5,938887,7987.5,99253,100386,58162,42224,839634,1.0
1900-01-23 16:00:15,7992.5,310478,7993.0,895659,122734,128016,-5282,-585181,0.5
1900-01-23 16:00:30,7993.0,301043,7994.0,466070,185502,244415,-58913,-165027,1.0
1900-01-23 16:00:45,7996.5,92294,7997.0,904716,333569,143308,190261,-812422,0.5
1900-01-23 16:01:00,7990.0,241572,7990.5,84165,234665,94703,139962,157407,0.5
1900-01-23 16:01:15,7984.5,40604,7985.0,420597,33909,136283,-102374,-379993,0.5
1900-01-23 16:01:30,7984.0,934474,7984.5,57737,174171,81802,92369,876737,0.5
1900-01-23 16:01:45,7984.5,1269411,7985.0,81242,54902,70021,-15119,1188169,0.5
1900-01-23 16:02:00,7984.5,561602,7985.0,536101,91917,45809,46108,25501,0.5
1900-01-23 16:02:15,7983.0,57137,7983.5,1252679,10726,333692,-322966,-1195542,0.5
1900-01-23 16:02:30,7980.0,7510,7980.5,1103344,16579,732977,-716398,-1095834,0.5
1900-01-23 16:02:45,7976.5,906951,7977.0,198621,27515,239113,-211598,708330,0.5
1900-01-23 16:03:00,7976.5,110406,7977.0,1410454,177623,87614,90009,-1300048,0.5
1900-01-23 16:03:15,7974.0,324132,7974.5,689600,11379,106071,-94692,-365468,0.5
1900-01-23 16:03:30,7969.5,327746,7970.0,1299786,191755,168942,22813,-972040,0.5
1900-01-23 16:03:45,7967.0,551617,7967.5,680518,39817,262832,-223015,-128901,0.5
1900-01-23 16:04:00,7967.0,682911,7967.5,287292,174044,192287,-18243,395619,0.5
1900-01-23 16:04:15,7971.0,485931,7971.5,1023928,188567,11757,176810,-537997,0.5
1900-01-23 16:04:30,7968.0,687261,7968.5,516138,73920,38446,35474,171123,0.5
1900-01-23 16:04:45,7966.0,750856,7966.5,343256,14079,48130,-34051,407600,0.5
1900-01-23 16:05:00,7966.0,762746,7966.5,411395,14079,10,14069,351351,0.5
1900-01-23 16:05:15,7960.5,256170,7961.0,342355,14079,4000,10079,-86185,0.5
1900-01-23 16:05:30,7964.5,238266,7965.0,1056018,141297,83685,57612,-817752,0.5
1900-01-23 16:05:45,7966.0,313035,7966.5,385688,43945,39555,4390,-72653,0.5
1900-01-23 16:06:00,7967.5,338254,7968.0,683468,48092,15257,32835,-345214,0.5
1900-01-23 16:06:15,7964.0,22460,7964.5,531581,34141,132303,-98162,-509121,0.5
1900-01-23 16:06:30,7962.5,252994,7963.0,459996,15310,41666,-26356,-207002,0.5
1900-01-23 16:06:45,7961.0,288438,7961.5,681668,15548,60873,-45325,-393230,0.5
1900-01-23 16:07:00,7961.0,494056,7961.5,80781,108002,46555,61447,413275,0.5
1900-01-23 16:07:15,7962.0,751557,7962.5,7015,134568,61658,72910,744542,0.5
1900-01-23 16:07:30,7964.0,435068,7964.5,557950,63805,50148,13657,-122882,0.5
1900-01-23 16:07:45,7966.5,579896,7967.0,8543,18394,26463,-8069,571353,0.5
1900-01-23 16:08:00,7970.5,519733,7971.0,3602,43474,29338,14136,516131,0.5
1900-01-23 16:08:15,7971.5,497721,7972.0,300214,73892,135,73757,197507,0.5
1900-01-23 16:08:30,7971.5,22168,7972.0,1293145,2886,155295,-152409,-1270977,0.5
1900-01-23 16:08:45,7970.0,97900,7970.5,984640,1256,112876,-111620,-886740,0.5
1900-01-23 16:09:00,7970.0,28425,7970.5,983243,1133,38015,-36882,-954818,0.5
1900-01-23 16:09:15,7968.5,245748,7969.0,594529,8875,41567,-32692,-348781,0.5
1900-01-23 16:09:30,7968.5,367112,7969.0,127114,7220,789,6431,239998,0.5
1900-01-23 16:09:45,7970.5,417381,7971.0,13599,1104,18815,-17711,403782,0.5
1900-01-23 16:10:00,7972.0,480290,7972.5,2877,42002,11237,30765,477413,0.5
1900-01-23 16:10:15,7971.5,1120,7972.0,1275785,32902,28995,3907,-1274665,0.5
1900-01-23 16:10:30,7970.5,1014455,7971.0,1370096,7726,18500,-10774,-355641,0.5
1900-01-23 16:10:45,7970.0,9166,7970.5,1509894,834,37033,-36199,-1500728,0.5
1900-01-23 16:11:00,7967.0,24397,7967.5,6349,1310,53281,-51971,18048,0.5
1900-01-23 16:11:15,7967.0,27675,7967.5,1254339,6051,13726,-7675,-1226664,0.5
1900-01-23 16:11:30,7966.5,132505,7967.0,1019078,82668,7143,75525,-886573,0.5
1900-01-23 16:11:45,7966.0,448965,7966.5,1153191,6892,80517,-73625,-704226,0.5
1900-01-23 16:12:00,7966.0,1620796,7966.5,523169,9750,36588,-26838,1097627,0.5
1900-01-23 16:12:15,7966.0,1640145,7966.5,541523,36074,23725,12349,1098622,0.5
1900-01-23 16:12:30,7966.0,1835606,7966.5,137362,6853,20200,-13347,1698244,0.5
1900-01-23 16:12:45,7966.5,709756,7967.0,100201,61282,60100,1182,609555,0.5
1900-01-23 16:13:00,7966.5,650664,7967.0,146726,50015,11000,39015,503938,0.5
1900-01-23 16:13:15,7966.5,679518,7967.0,21876,38902,6351,32551,657642,0.5
1900-01-23 16:13:30,7966.5,590398,7967.0,654036,5913,6500,-587,-63638,0.5
1900-01-23 16:13:45,7966.5,664560,7967.0,507955,13124,6500,6624,156605,0.5
1900-01-23 16:14:00,7966.5,816601,7967.0,184989,21490,956,20534,631612,0.5
1900-01-23 16:14:15,7966.5,684553,7967.0,767429,12440,12139,301,-82876,0.5
1900-01-23 16:14:30,7966.5,670418,7967.0,753521,16500,24,16476,-83103,0.5
1900-01-23 16:14:45,7966.5,451381,7967.0,776581,13254,67384,-54130,-325200,0.5
1900-01-23 16:15:00,7964.5,50968,7965.0,1220209,1516,173659,-172143,-1169241,0.5
1900-01-23 16:15:15,7963.5,1534943,7964.0,464757,2159,79669,-77510,1070186,0.5
1900-01-23 16:15:30,7966.0,584538,7966.5,351155,123624,31091,92533,233383,0.5
1900-01-23 16:15:45,7966.0,1536571,7966.5,445561,8226,11302,-3076,1091010,0.5
1900-01-23 16:16:00,7966.0,1745156,7966.5,400668,6504,225,6279,1344488,0.5
1900-01-23 16:16:15,7967.5,837704,7968.0,25852,221839,10422,211417,811852,0.5
1900-01-23 16:16:30,7969.0,978764,7969.5,15248,19390,7070,12320,963516,0.5
1900-01-23 16:16:45,7969.5,1965285,7970.0,19480,7398,5311,2087,1945805,0.5
1900-01-23 16:17:00,7974.5,393745,7975.0,336999,138120,2590,135530,56746,0.5
1900-01-23 16:17:15,7974.5,1417137,7975.0,218936,41711,3517,38194,1198201,0.5
1900-01-23 16:17:30,7978.5,723099,7979.0,54415,170291,11551,158740,668684,0.5
1900-01-23 16:17:45,7981.5,1142822,7982.0,1210996,230343,82336,148007,-68174,0.5
1900-01-23 16:18:00,7981.5,1199669,7982.0,1083000,59926,36854,23072,116669,0.5
1900-01-23 16:18:15,7981.5,315882,7982.0,711464,62686,195184,-132498,-395582,0.5
1900-01-23 16:18:30,7970.5,1618881,7971.0,8667,52055,314224,-262169,1610214,0.5
1900-01-23 16:18:45,7974.5,644295,7975.0,279260,30899,340,30559,365035,0.5
1900-01-23 16:19:00,7974.5,684273,7975.0,316189,24765,22380,2385,368084,0.5
1900-01-23 16:19:15,7969.0,970765,7969.5,286757,84057,242633,-158576,684008,0.5
1900-01-23 16:19:30,7969.0,856272,7969.5,289543,5618,58120,-52502,566729,0.5
1900-01-23 16:19:45,7969.5,611417,7970.0,40197,12236,59985,-47749,571220,0.5
1900-01-23 16:20:00,7970.0,1185967,7970.5,3886,3038,5438,-2400,1182081,0.5
1900-01-23 16:20:15,7971.5,770910,7972.0,276991,27717,3188,24529,493919,0.5
1900-01-23 16:20:30,7974.5,1304841,7975.0,37640,62862,21,62841,1267201,0.5
1900-01-23 16:20:45,7974.5,420749,7975.0,914448,28707,170,28537,-493699,0.5
1900-01-23 16:21:00,7965.0,166239,7965.5,1514087,11048,103975,-92927,-1347848,0.5
1900-01-23 16:21:15,7969.5,342300,7970.0,827115,95795,123810,-28015,-484815,0.5
1900-01-23 16:21:30,7969.5,276919,7970.0,929690,3382,32858,-29476,-652771,0.5
1900-01-23 16:21:45,7969.5,29183,7970.0,1176450,501,32921,-32420,-1147267,0.5
1900-01-23 16:22:00,7957.0,484952,7957.5,651730,26509,270524,-244015,-166778,0.5
1900-01-23 16:22:15,7959.0,676822,7959.5,209623,50616,43282,7334,467199,0.5
1900-01-23 16:22:30,7959.0,711558,7959.5,181538,76612,15150,61462,530020,0.5
1900-01-23 16:22:45,7960.0,134508,7960.5,357277,71563,27932,43631,-222769,0.5
1900-01-23 16:23:00,7957.0,256776,7957.5,497196,18229,126698,-108469,-240420,0.5
1900-01-23 16:23:15,7956.0,29743,7956.5,909518,4512,153303,-148791,-879775,0.5
1900-01-23 16:23:30,7956.0,314443,7956.5,447794,2825,119147,-116322,-133351,0.5
1900-01-23 16:23:45,7956.0,618294,7956.5,310093,87222,6721,80501,308201,0.5
1900-01-23 16:24:00,7956.0,680823,7956.5,434637,19951,15250,4701,246186,0.5
1900-01-23 16:24:15,7956.0,1068044,7956.5,338461,36053,31381,4672,729583,0.5
1900-01-23 16:24:30,7959.5,877669,7960.0,281162,168573,19011,149562,596507,0.5
1900-01-23 16:24:45,7960.5,1206569,7961.0,24413,184061,593,183468,1182156,0.5
1900-01-23 16:25:00,7960.5,1229377,7961.0,281307,111567,35068,76499,948070,0.5
1900-01-23 16:25:15,7960.5,1187788,7961.0,301353,119817,5680,114137,886435,0.5
1900-01-23 16:25:30,7960.5,1016158,7961.0,594519,19231,16068,3163,421639,0.5
1900-01-23 16:25:45,7956.0,706421,7956.5,395637,8215,31499,-23284,310784,0.5
1900-01-23 16:26:00,7958.5,785287,7959.0,140782,71078,60375,10703,644505,0.5
1900-01-23 16:26:15,7958.5,168530,7959.0,730684,23318,10855,12463,-562154,0.5
1900-01-23 16:26:30,7956.0,717752,7956.5,422587,13489,160083,-146594,295165,0.5
1900-01-23 16:26:45,7955.0,266069,7955.5,466147,22516,182831,-160315,-200078,0.5
1900-01-23 16:27:00,7940.0,714324,7940.5,97691,25237,2165164,-2139927,616633,0.5
1900-01-23 16:27:15,7939.5,12198,7940.0,81570,138588,1834209,-1695621,-69372,0.5
1900-01-23 16:27:30,7940.5,1103949,7941.0,11458,183101,159030,24071,1092491,0.5
1900-01-23 16:27:45,7946.0,768543,7946.5,474024,243610,203501,40109,294519,0.5
1900-01-23 16:28:00,7954.5,1074619,7955.0,41248,172104,2772,169332,1033371,0.5
1900-01-23 16:28:15,7954.5,66884,7955.0,433016,223848,152831,71017,-366132,0.5
1900-01-23 16:28:30,7955.5,1111359,7956.0,904210,152558,102393,50165,207149,0.5
1900-01-23 16:28:45,7959.0,729250,7959.5,459222,152245,30619,121626,270028,0.5
1900-01-23 16:29:00,7959.0,231638,7959.5,745205,44407,71602,-27195,-513567,0.5
1900-01-23 16:29:15,7961.5,775894,7962.0,668527,140866,51897,88969,107367,0.5
1900-01-23 16:29:30,7959.5,27990,7960.0,795205,51538,37987,13551,-767215,0.5
1900-01-23 16:29:45,7959.5,486512,7960.0,817396,36135,20577,15558,-330884,0.5
1900-01-23 16:30:00,7959.5,1041734,7960.0,184288,28164,64914,-36750,857446,0.5
1900-01-23 16:30:15,7959.5,944632,7960.0,450709,23711,92995,-69284,493923,0.5
1900-01-23 16:30:30,7956.5,205879,7957.0,900827,36189,37618,-1429,-694948,0.5
1900-01-23 16:30:45,7956.0,166320,7956.5,875242,18809,84593,-65784,-708922,0.5
1900-01-23 16:31:00,7956.0,1206338,7956.5,174289,143598,44550,99048,1032049,0.5
1900-01-23 16:31:15,7956.0,1354289,7956.5,54614,106282,70727,35555,1299675,0.5
1900-01-23 16:31:30,7956.5,139478,7957.0,1259664,19413,113401,-93988,-1120186,0.5
1900-01-23 16:31:45,7956.5,132340,7957.0,1353247,10636,16107,-5471,-1220907,0.5
1900-01-23 16:32:00,7956.5,827492,7957.0,632699,11521,15449,-3928,194793,0.5
1900-01-23 16:32:15,7956.5,165728,7957.0,1420991,300,27267,-26967,-1255263,0.5
1900-01-23 16:32:30,7955.5,11642,7956.0,933050,14650,44821,-30171,-921408,0.5
1900-01-23 16:32:45,7953.0,69110,7953.5,1037615,12267,651813,-639546,-968505,0.5
1900-01-23 16:33:00,7947.0,678330,7947.5,282205,2186,281748,-279562,396125,0.5
1900-01-23 16:33:15,7952.0,914549,7952.5,157548,151534,15430,136104,757001,0.5
1900-01-23 16:33:30,7955.0,772330,7955.5,50400,89944,10570,79374,721930,0.5
1900-01-23 16:33:45,7956.5,723404,7957.0,598719,88635,22900,65735,124685,0.5
1900-01-23 16:34:00,7956.5,623046,7957.0,636866,52099,1618,50481,-13820,0.5
1900-01-23 16:34:15,7956.5,573915,7957.0,566616,51481,87382,-35901,7299,0.5
1900-01-23 16:34:30,7956.0,9070,7956.5,369023,128395,115385,13010,-359953,0.5
1900-01-23 16:34:45,7952.5,17555,7953.0,840680,3751,47491,-43740,-823125,0.5
1900-01-23 16:35:00,7952.0,123077,7952.5,762725,11370,18267,-6897,-639648,0.5
1900-01-23 16:35:15,7950.0,637770,7950.5,419170,6088,195162,-189074,218600,0.5
1900-01-23 16:35:30,7953.5,412591,7954.0,36039,20744,27647,-6903,376552,0.5
1900-01-23 16:35:45,7958.5,705918,7959.0,532249,306125,40951,265174,173669,0.5
1900-01-23 16:36:00,7960.5,1432400,7961.0,69002,460165,640,459525,1363398,0.5
1900-01-23 16:36:15,7961.0,250667,7961.5,820281,22521,32660,-10139,-569614,0.5
1900-01-23 16:36:30,7961.0,261924,7961.5,844266,3422,70140,-66718,-582342,0.5
1900-01-23 16:36:45,7961.0,11924,7961.5,1246299,53174,18285,34889,-1234375,0.5
1900-01-23 16:37:00,7960.5,363191,7961.0,613476,15415,23760,-8345,-250285,0.5
1900-01-23 16:37:15,7960.5,35173,7961.0,1020133,700,23760,-23060,-984960,0.5
1900-01-23 16:37:30,7960.0,26414,7960.5,1123004,4500,54201,-49701,-1096590,0.5
1900-01-23 16:37:45,7955.0,340422,7955.5,613312,4500,24612,-20112,-272890,0.5
1900-01-23 16:38:00,7955.0,78830,7955.5,1130551,26025,53201,-27176,-1051721,0.5
1900-01-23 16:38:15,7952.5,76602,7953.0,1051668,9200,336022,-326822,-975066,0.5
1900-01-23 16:38:30,7951.5,288883,7952.0,830183,116186,13993,102193,-541300,0.5
1900-01-23 16:38:45,7951.0,23521,7951.5,804845,23747,132841,-109094,-781324,0.5
1900-01-23 16:39:00,7950.5,1304055,7951.0,61681,5673,82019,-76346,1242374,0.5
1900-01-23 16:39:15,7953.0,243576,7953.5,626203,77140,41384,35756,-382627,0.5
1900-01-23 16:39:30,7951.5,789393,7952.0,153388,6302,121971,-115669,636005,0.5
1900-01-23 16:39:45,7953.0,79070,7953.5,617168,105274,5230,100044,-538098,0.5
1900-01-23 16:40:00,7953.0,985072,7953.5,47006,23350,2460,20890,938066,0.5
1900-01-23 16:40:15,7958.0,1141417,7958.5,158424,45906,27133,18773,982993,0.5
1900-01-23 16:40:30,7958.0,26383,7958.5,1152690,20809,19399,1410,-1126307,0.5
1900-01-23 16:40:45,7955.5,524382,7956.0,567572,23091,26342,-3251,-43190,0.5
1900-01-23 16:41:00,7955.5,785221,7956.0,243690,60430,993,59437,541531,0.5
1900-01-23 16:41:15,7955.5,191100,7956.0,586570,500,12102,-11602,-395470,0.5
1900-01-23 16:41:30,7955.5,280827,7956.0,592414,2500,13215,-10715,-311587,0.5
1900-01-23 16:41:45,7956.5,734386,7957.0,22158,11625,17408,-5783,712228,0.5
1900-01-23 16:42:00,7959.0,365236,7959.5,866369,98471,454,98017,-501133,0.5
1900-01-23 16:42:15,7959.0,47165,7959.5,1088315,23424,96046,-72622,-1041150,0.5
1900-01-23 16:42:30,7956.5,88863,7957.0,620794,5493,7204,-1711,-531931,0.5
1900-01-23 16:42:45,7956.5,88047,7957.0,728204,11266,8820,2446,-640157,0.5
1900-01-23 16:43:00,7956.5,361538,7957.0,604730,8100,7633,467,-243192,0.5
1900-01-23 16:43:15,7956.5,228802,7957.0,913876,2679,1343,1336,-685074,0.5
1900-01-23 16:43:30,7954.5,17714,7955.0,1488060,1810,33565,-31755,-1470346,0.5
1900-01-23 16:43:45,7951.0,806924,7951.5,137152,2002,26523,-24521,669772,0.5
1900-01-23 16:44:00,7954.5,682185,7955.0,35467,72780,368,72412,646718,0.5
1900-01-23 16:44:15,7954.5,197934,7955.0,593623,5270,12378,-7108,-395689,0.5
1900-01-23 16:44:30,7954.5,38956,7955.0,914537,60,12302,-12242,-875581,0.5
1900-01-23 16:44:45,7953.5,268676,7954.0,754179,27797,1924,25873,-485503,0.5
1900-01-23 16:45:00,7955.5,751074,7956.0,1232,33391,10170,23221,749842,0.5
1900-01-23 16:45:15,7956.0,645891,7956.5,575798,25254,46778,-21524,70093,0.5
1900-01-23 16:45:30,7956.0,1011507,7956.5,43166,2638,7417,-4779,968341,0.5
1900-01-23 16:45:45,7957.0,886217,7957.5,53972,31361,500,30861,832245,0.5
1900-01-23 16:46:00,7959.5,723690,7960.0,212319,139671,500,139171,511371,0.5
1900-01-23 16:46:15,7960.5,648576,7961.0,312578,135418,3100,132318,335998,0.5
1900-01-23 16:46:30,7960.5,887533,7961.0,340891,9774,5516,4258,546642,0.5
1900-01-23 16:46:45,7960.5,827403,7961.0,439080,10265,562,9703,388323,0.5
1900-01-23 16:47:00,7960.5,471806,7961.0,761056,5591,15384,-9793,-289250,0.5
1900-01-23 16:47:15,7960.5,783742,7961.0,450471,24609,101,24508,333271,0.5
1900-01-23 16:47:30,7960.5,1359900,7961.0,233067,54569,10700,43869,1126833,0.5
1900-01-23 16:47:45,7964.5,1243157,7965.0,33730,764010,9910,754100,1209427,0.5
1900-01-23 16:48:00,7966.5,1115626,7967.0,29711,53046,1244,51802,1085915,0.5
1900-01-23 16:48:15,7968.0,1166003,7968.5,79514,188388,72334,116054,1086489,0.5
1900-01-23 16:48:30,7968.5,44571,7969.0,1303004,194984,6418,188566,-1258433,0.5
1900-01-23 16:48:45,7967.0,363261,7967.5,759418,94113,26478,67635,-396157,0.5
1900-01-23 16:49:00,7965.0,40407,7965.5,1656021,6501,50680,-44179,-1615614,0.5
1900-01-23 16:49:15,7964.5,47267,7965.0,1208797,6818,15348,-8530,-1161530,0.5
1900-01-23 16:49:30,7961.5,141508,7962.0,646814,35145,17182,17963,-505306,0.5
1900-01-23 16:49:45,7962.5,689758,7963.0,17708,21766,11000,10766,672050,0.5
1900-01-23 16:50:00,7965.0,602108,7965.5,61341,20416,2760,17656,540767,0.5
1900-01-23 16:50:15,7969.0,582685,7969.5,5695,124136,134,124002,576990,0.5
1900-01-23 16:50:30,7969.0,356215,7969.5,592955,124493,520,123973,-236740,0.5
1900-01-23 16:50:45,7969.5,1289376,7970.0,175468,140467,86568,53899,1113908,0.5
1900-01-23 16:51:00,7975.0,696339,7975.5,19443,162651,2636,160015,676896,0.5
1900-01-23 16:51:15,7975.0,116607,7975.5,1279857,32670,142126,-109456,-1163250,0.5
1900-01-23 16:51:30,7973.0,591952,7973.5,129273,21438,116695,-95257,462679,0.5
1900-01-23 16:51:45,7974.5,884727,7975.0,79066,34926,11492,23434,805661,0.5
1900-01-23 16:52:00,7973.0,340273,7973.5,608633,29466,10491,18975,-268360,0.5
1900-01-23 16:52:15,7973.0,157256,7973.5,797207,1501,96416,-94915,-639951,0.5
1900-01-23 16:52:30,7973.0,180343,7973.5,939051,1000,9233,-8233,-758708,0.5
1900-01-23 16:52:45,7972.5,6438,7973.0,1081858,4400,10656,-6256,-1075420,0.5
1900-01-23 16:53:00,7970.5,82731,7971.0,922844,7310,52103,-44793,-840113,0.5
1900-01-23 16:53:15,7963.5,164864,7964.0,495655,4960,97848,-92888,-330791,0.5
1900-01-23 16:53:30,7962.0,550748,7962.5,854941,10036,21939,-11903,-304193,0.5
1900-01-23 16:53:45,7962.0,219195,7962.5,1541859,44088,61588,-17500,-1322664,0.5
1900-01-23 16:54:00,7961.0,5822,7961.5,724865,1500,288229,-286729,-719043,0.5
1900-01-23 16:54:15,7960.0,565336,7960.5,14805,54398,174409,-120011,550531,0.5
1900-01-23 16:54:30,7960.0,633054,7960.5,937206,35241,61453,-26212,-304152,0.5
1900-01-23 16:54:45,7960.0,825958,7960.5,980295,4081,95236,-91155,-154337,0.5
1900-01-23 16:55:00,7960.0,1524482,7960.5,105250,18441,10534,7907,1419232,0.5
1900-01-23 16:55:15,7960.0,243262,7960.5,1509117,12577,19759,-7182,-1265855,0.5
1900-01-23 16:55:30,7959.0,243805,7959.5,1299953,5138,415377,-410239,-1056148,0.5
1900-01-23 16:55:45,7958.0,674837,7958.5,1503607,9024,156778,-147754,-828770,0.5
1900-01-23 16:56:00,7957.0,3696,7957.5,1777344,17446,93554,-76108,-1773648,0.5
1900-01-23 16:56:15,7955.5,640015,7956.0,658084,60000,105992,-45992,-18069,0.5
1900-01-23 16:56:30,7955.5,415181,7956.0,784699,37869,29650,8219,-369518,0.5
1900-01-23 16:56:45,7955.0,251739,7955.5,1635748,8940,133974,-125034,-1384009,0.5
1900-01-23 16:57:00,7955.0,683158,7955.5,565115,3112,78700,-75588,118043,0.5
1900-01-23 16:57:15,7955.0,672059,7955.5,885251,5722,29342,-23620,-213192,0.5
1900-01-23 16:57:30,7955.0,372294,7955.5,831699,22671,45826,-23155,-459405,0.5
1900-01-23 16:57:45,7954.5,5341,7955.0,470269,21121,15996,5125,-464928,0.5
1900-01-23 16:58:00,7954.0,277760,7954.5,1058698,9263,12014,-2751,-780938,0.5
1900-01-23 16:58:15,7954.0,191994,7954.5,1582296,18016,33249,-15233,-1390302,0.5
1900-01-23 16:58:30,7954.0,94552,7954.5,1765366,5730,161946,-156216,-1670814,0.5
1900-01-23 16:58:45,7952.0,463012,7952.5,559996,12726,147446,-134720,-96984,0.5
1900-01-23 16:59:00,7951.0,192323,7951.5,901203,48735,260781,-212046,-708880,0.5
1900-01-23 16:59:15,7951.0,971772,7951.5,17530,39540,7600,31940,954242,0.5
1900-01-23 16:59:30,7951.5,895507,7952.0,159177,37343,70256,-32913,736330,0.5
1900-01-23 16:59:45,7955.5,986108,7956.0,550269,172935,4462,168473,435839,0.5
1900-01-23 17:00:00,7955.5,761069,7956.0,323148,39957,16889,23068,437921,0.5
1900-01-23 17:00:15,7955.5,414041,7956.0,373731,242410,274763,-32353,40310,0.5
1900-01-23 17:00:30,7955.5,361133,7956.0,772681,32750,122119,-89369,-411548,0.5
1900-01-23 17:00:45,7955.5,508294,7956.0,118503,35596,19142,16454,389791,0.5
1900-01-23 17:01:00,7959.5,457176,7960.0,46802,56566,3748,52818,410374,0.5
1900-01-23 17:01:15,7964.5,434978,7965.0,201774,128432,3484,124948,233204,0.5
1900-01-23 17:01:30,7965.5,949662,7966.0,57460,77548,20154,57394,892202,0.5
1900-01-23 17:01:45,7968.0,413799,7968.5,1282011,44684,34691,9993,-868212,0.5
1900-01-23 17:03:45,7967.0,2102,7967.5,1510057,12772,25414,-12642,-1507955,0.5
1900-01-23 17:04:00,7965.5,311,7966.0,997892,300,43817,-43517,-997581,0.5
1900-01-23 17:04:15,7960.5,86964,7961.0,349795,5651,56246,-50595,-262831,0.5
1900-01-23 17:06:45,7964.0,1078039,7964.5,288740,8336,71,8265,789299,0.5
1900-01-23 17:07:00,7964.0,532236,7964.5,761348,6263,61467,-55204,-229112,0.5
1900-01-23 17:07:15,7964.0,445056,7964.5,983324,67088,6113,60975,-538268,0.5
1900-01-23 17:07:30,7964.0,445295,7964.5,760967,631,3640,-3009,-315672,0.5
1900-01-23 17:07:45,7964.0,448402,7964.5,682451,14931,834,14097,-234049,0.5
1900-01-23 17:08:00,7964.0,416527,7964.5,660125,1302,11550,-10248,-243598,0.5
1900-01-23 17:08:15,7961.0,12248,7961.5,576629,102157,137480,-35323,-564381,0.5
1900-01-23 17:08:30,7956.0,16112,7956.5,103605,53975,200788,-146813,-87493,0.5
1900-01-23 17:08:45,7950.0,578760,7950.5,661606,26749,194579,-167830,-82846,0.5
1900-01-23 17:09:00,7950.0,742173,7950.5,356315,29839,220131,-190292,385858,0.5
1900-01-23 17:09:15,7950.0,548363,7950.5,990649,155409,83797,71612,-442286,0.5
1900-01-23 17:09:30,7950.0,98726,7950.5,982094,19821,50199,-30378,-883368,0.5
1900-01-23 17:09:45,7944.5,363055,7945.0,489061,8254,445452,-437198,-126006,0.5
1900-01-23 17:10:00,7943.5,67697,7944.0,21580,53911,44886,9025,46117,0.5
1900-01-23 17:10:15,7942.5,309072,7943.0,506531,56566,95256,-38690,-197459,0.5
1900-01-23 17:10:30,7942.5,354045,7943.0,830603,67207,133851,-66644,-476558,0.5
1900-01-23 17:10:45,7942.5,139857,7943.0,1304305,19991,54066,-34075,-1164448,0.5
1900-01-23 17:11:00,7942.0,513853,7942.5,317996,22886,136568,-113682,195857,0.5
1900-01-23 17:11:15,7942.0,240361,7942.5,401224,19782,53914,-34132,-160863,0.5
1900-01-23 17:11:30,7940.5,238819,7941.0,412946,16918,206594,-189676,-174127,0.5
1900-01-23 17:11:45,7940.0,51314,7940.5,1165442,21911,180967,-159056,-1114128,0.5
1900-01-23 17:12:00,7939.0,191412,7939.5,1399355,24713,245472,-220759,-1207943,0.5
1900-01-23 17:12:15,7939.0,222435,7939.5,642505,3850,164933,-161083,-420070,0.5
1900-01-23 17:12:30,7940.0,1337619,7940.5,75510,233937,62335,171602,1262109,0.5
1900-01-23 17:12:45,7940.0,169859,7940.5,96613,58956,203506,-144550,73246,0.5
1900-01-23 17:13:00,7938.0,836706,7938.5,928646,7796,388684,-380888,-91940,0.5
1900-01-23 17:13:15,7938.0,411933,7938.5,170355,26235,187692,-161457,241578,0.5
1900-01-23 17:13:30,7938.0,550702,7938.5,391866,26217,15631,10586,158836,0.5
1900-01-23 17:13:45,7938.0,1191163,7938.5,62055,42390,175564,-133174,1129108,0.5
1900-01-23 17:14:00,7939.5,266086,7940.0,809866,101447,2560,98887,-543780,0.5
1900-01-23 17:14:15,7938.0,624110,7938.5,325752,20100,92174,-72074,298358,0.5
1900-01-23 17:14:30,7937.0,521582,7937.5,1303949,2220,440985,-438765,-782367,0.5
1900-01-23 17:14:45,7936.5,24262,7937.0,1416773,12250,578292,-566042,-1392511,0.5
1900-01-23 17:15:00,7936.0,186547,7936.5,655082,42763,39599,3164,-468535,0.5
1900-01-23 17:15:15,7935.5,79458,7936.0,933388,10638,19862,-9224,-853930,0.5
1900-01-23 17:15:30,7933.0,523949,7933.5,1275752,3002,242187,-239185,-751803,0.5
1900-01-23 17:15:45,7930.0,592733,7930.5,1458188,39818,843346,-803528,-865455,0.5
1900-01-23 17:16:00,7930.0,29742,7930.5,2072536,5695,466961,-461266,-2042794,0.5
1900-01-23 17:16:15,7927.5,146745,7928.0,42771,29651,345994,-316343,103974,0.5
1900-01-23 17:16:30,7936.0,516879,7936.5,66150,340126,146791,193335,450729,0.5
1900-01-23 17:16:45,7939.5,140229,7940.0,795824,194056,18686,175370,-655595,0.5
1900-01-23 17:17:00,7939.0,1073,7939.5,1425191,76073,36173,39900,-1424118,0.5
1900-01-23 17:17:15,7927.0,715927,7927.5,251450,4611,110320,-105709,464477,0.5
1900-01-23 17:17:30,7934.0,492926,7934.5,1222399,78623,46816,31807,-729473,0.5
1900-01-23 17:17:45,7931.5,445299,7932.0,949541,54625,79455,-24830,-504242,0.5
1900-01-23 17:18:00,7931.5,727350,7932.0,898198,30135,12031,18104,-170848,0.5
1900-01-23 17:18:15,7934.5,24753,7935.0,311107,204827,45689,159138,-286354,0.5
1900-01-23 17:18:30,7937.5,821626,7938.0,237386,241013,20247,220766,584240,0.5
1900-01-23 17:18:45,7940.0,1009237,7940.5,83074,129773,26147,103626,926163,0.5
1900-01-23 17:19:00,7940.0,321527,7940.5,762162,46060,30436,15624,-440635,0.5
1900-01-23 17:19:15,7940.0,419936,7940.5,533766,15972,84191,-68219,-113830,0.5
1900-01-23 17:19:30,7944.5,393616,7945.0,559493,80976,10510,70466,-165877,0.5
1900-01-23 17:19:45,7945.0,706373,7945.5,13041,307218,100596,206622,693332,0.5
1900-01-23 17:20:00,7946.0,219972,7946.5,684150,234075,9473,224602,-464178,0.5
1900-01-23 17:20:15,7944.0,980378,7944.5,47539,173655,20435,153220,932839,0.5
1900-01-23 17:20:30,7944.0,666083,7944.5,372061,149889,95073,54816,294022,0.5
1900-01-23 17:20:45,7944.0,356376,7944.5,696660,1526,940,586,-340284,0.5
1900-01-23 17:21:00,7940.0,57001,7940.5,76435,138706,172010,-33304,-19434,0.5
1900-01-23 17:21:15,7936.5,894895,7937.0,263588,12200,55884,-43684,631307,0.5
1900-01-23 17:21:30,7936.5,293665,7937.0,58202,9130,44683,-35553,235463,0.5
1900-01-23 17:21:45,7936.5,52121,7937.0,1321293,1337,28338,-27001,-1269172,0.5
1900-01-23 17:22:00,7936.5,43476,7937.0,1421586,11208,22675,-11467,-1378110,0.5
1900-01-23 17:22:15,7936.0,2127,7936.5,1538220,2952,12940,-9988,-1536093,0.5
1900-01-23 17:22:30,7928.5,74114,7929.0,856616,2954,47000,-44046,-782502,0.5
1900-01-23 17:22:45,7928.5,762721,7929.0,400174,8159,91986,-83827,362547,0.5
1900-01-23 17:23:00,7929.5,939213,7930.0,107633,161561,6732,154829,831580,0.5
1900-01-23 17:23:15,7930.5,325084,7931.0,1265301,140255,17358,122897,-940217,0.5
1900-01-23 17:23:30,7928.5,87995,7929.0,1096504,56980,44287,12693,-1008509,0.5
1900-01-23 17:23:45,7928.0,18971,7928.5,985760,4460,40846,-36386,-966789,0.5
1900-01-23 17:24:00,7926.5,1046056,7927.0,97427,8820,136425,-127605,948629,0.5
1900-01-23 17:24:15,7926.5,459715,7927.0,1620083,50531,241521,-190990,-1160368,0.5
1900-01-23 17:24:30,7926.0,124036,7926.5,676538,16150,106727,-90577,-552502,0.5
1900-01-23 17:24:45,7903.0,371158,7903.5,10000,98494,1909771,-1811277,361158,0.5
1900-01-23 17:25:00,7911.0,218374,7911.5,142537,390580,231851,158729,75837,0.5
1900-01-23 17:25:15,7912.5,1228737,7913.0,301993,522983,32049,490934,926744,0.5
1900-01-23 17:25:30,7912.5,656674,7913.0,1114945,121035,179002,-57967,-458271,0.5
1900-01-23 17:25:45,7914.5,1631972,7915.0,33544,242733,11537,231196,1598428,0.5
1900-01-23 17:26:00,7917.0,89597,7917.5,1420318,203148,77173,125975,-1330721,0.5
1900-01-23 17:26:15,7915.0,156043,7915.5,418688,27163,29539,-2376,-262645,0.5
1900-01-23 17:26:30,7912.0,527684,7912.5,541441,13787,241033,-227246,-13757,0.5
1900-01-23 17:26:45,7912.5,1157512,7913.0,41107,138634,40684,97950,1116405,0.5
1900-01-23 17:27:00,7909.5,26252,7910.0,1434769,33527,69583,-36056,-1408517,0.5
1900-01-23 17:27:15,7905.0,279712,7905.5,574512,28837,194878,-166041,-294800,0.5
1900-01-23 17:27:30,7906.0,498559,7906.5,7248,69975,67953,2022,491311,0.5
1900-01-23 17:27:45,7906.0,94982,7906.5,748571,18923,205705,-186782,-653589,0.5
1900-01-23 17:28:00,7906.0,639731,7906.5,244695,65300,17378,47922,395036,0.5
1900-01-23 17:28:15,7906.5,1055501,7907.0,25028,86120,52152,33968,1030473,0.5
1900-01-23 17:28:30,7910.5,429801,7911.0,313644,463022,7860,455162,116157,0.5
1900-01-23 17:28:45,7911.5,757214,7912.0,15666,312676,69411,243265,741548,0.5
1900-01-23 17:29:00,7913.5,241806,7914.0,1240802,79826,74382,5444,-998996,0.5
1900-01-23 17:29:15,7911.0,189692,7911.5,1080128,192728,190068,2660,-890436,0.5
1900-01-23 17:29:30,7908.5,15378,7909.0,1236096,96260,220314,-124054,-1220718,0.5
1900-01-23 17:29:45,7902.0,127649,7902.5,521547,5171,190936,-185765,-393898,0.5
1900-01-23 17:30:00,7884.0,170420,7889.0,11000,22173,1003088,-980915,159420,5.0
1900-01-23 17:30:15,7892.5,279467,7893.0,158369,329527,1719092,-1389565,121098,0.5
1900-01-23 17:30:30,7900.0,660347,7901.5,2405,339899,89669,250230,657942,1.5
1900-01-23 17:30:45,7904.5,207578,7905.0,1022485,568662,71098,497564,-814907,0.5
1900-01-23 17:31:00,7902.0,427187,7902.5,903806,266254,148093,118161,-476619,0.5
1900-01-23 17:31:15,7902.0,905637,7902.5,265584,193644,565068,-371424,640053,0.5
1900-01-23 17:31:30,7897.5,3971,7898.0,22067,173183,296202,-123019,-18096,0.5
1900-01-23 17:31:45,7888.0,623529,7888.5,541166,43944,44646,-702,82363,0.5
1900-01-23 17:35:00,7880.5,245130,7881.5,31778,162067,47243,114824,213352,1.0
1900-01-23 17:35:15,7889.5,2000,7890.0,6566,471363,86874,384489,-4566,0.5
1900-01-23 17:35:30,7891.0,760503,7891.5,53552,252857,153897,98960,706951,0.5
1900-01-23 17:35:45,7890.0,443663,7890.5,759170,60260,196521,-136261,-315507,0.5
1900-01-23 17:36:00,7894.5,647953,7895.0,664154,72926,35409,37517,-16201,0.5
1900-01-23 17:36:15,7899.5,433391,7900.0,845825,174136,20992,153144,-412434,0.5
1900-01-23 17:36:30,7899.5,977658,7900.0,616931,194952,102682,92270,360727,0.5
1900-01-23 17:36:45,7896.5,52872,7897.0,759763,42679,106303,-63624,-706891,0.5
1900-01-23 17:37:00,7899.5,338341,7900.0,91889,189099,45033,144066,246452,0.5
1900-01-23 17:37:15,7903.0,963760,7903.5,83081,180641,4103,176538,880679,0.5
1900-01-23 17:37:30,7904.5,612680,7905.0,793223,349261,12981,336280,-180543,0.5
1900-01-23 17:37:45,7903.0,975979,7903.5,337016,70547,103942,-33395,638963,0.5
1900-01-23 17:38:00,7903.0,1375746,7903.5,11075,57472,2767,54705,1364671,0.5
1900-01-23 17:38:15,7904.5,1324341,7905.0,7170,75007,3631,71376,1317171,0.5
1900-01-23 17:38:30,7907.5,155542,7908.0,11781,156504,6878,149626,143761,0.5
1900-01-23 17:38:45,7906.0,305478,7906.5,619746,467166,6412,460754,-314268,0.5
1900-01-23 17:39:00,7905.5,65220,7906.0,664746,61688,43617,18071,-599526,0.5
1900-01-23 17:39:15,7904.5,390946,7905.0,258404,32466,39729,-7263,132542,0.5
1900-01-23 17:39:30,7891.0,205553,7891.5,13049,10866,522581,-511715,192504,0.5
1900-01-23 17:39:45,7899.5,3700,7900.0,4578,117009,288156,-171147,-878,0.5
1900-01-23 17:40:00,7899.5,436946,7900.0,517684,97942,13659,84283,-80738,0.5
1900-01-23 17:40:15,7891.5,225349,7892.0,452822,18136,111099,-92963,-227473,0.5
1900-01-23 17:40:30,7887.0,741314,7887.5,63645,8706,83608,-74902,677669,0.5
1900-01-23 17:40:45,7889.5,1084504,7890.0,534146,1513594,21327,1492267,550358,0.5
1900-01-23 17:41:00,7889.5,1971711,7890.0,389673,187735,18859,168876,1582038,0.5
1900-01-23 17:41:15,7890.0,1369121,7890.5,1769,331141,10233,320908,1367352,0.5
1900-01-23 17:41:30,7897.0,523638,7897.5,185610,188058,11800,176258,338028,0.5
1900-01-23 17:41:45,7896.5,162934,7897.0,918369,81817,19174,62643,-755435,0.5
1900-01-23 17:42:00,7896.5,5376,7897.0,729100,5195,154145,-148950,-723724,0.5
1900-01-23 17:42:15,7897.0,945258,7897.5,69282,31305,6555,24750,875976,0.5
1900-01-23 17:42:30,7899.5,1018366,7900.0,104616,33409,8924,24485,913750,0.5
1900-01-23 17:42:45,7900.5,1113839,7901.0,65090,85853,1650,84203,1048749,0.5
1900-01-23 17:43:00,7902.0,302722,7902.5,716992,104855,126,104729,-414270,0.5
1900-01-23 17:43:15,7901.0,1230645,7901.5,65544,18661,42325,-23664,1165101,0.5
1900-01-23 17:43:30,7903.5,1205187,7904.0,69399,105342,3348,101994,1135788,0.5
1900-01-23 17:43:45,7904.5,343958,7905.0,778838,95916,651,95265,-434880,0.5
1900-01-23 17:44:00,7893.0,3334,7893.5,282098,13183,92737,-79554,-278764,0.5
1900-01-23 17:44:15,7898.0,569230,7898.5,19770,59496,7700,51796,549460,0.5
1900-01-23 17:44:30,7898.0,626159,7898.5,251915,44243,8457,35786,374244,0.5
1900-01-23 17:44:45,7904.0,892741,7904.5,40490,34768,5372,29396,852251,0.5
1900-01-23 17:45:00,7906.5,866044,7907.0,27087,59036,3493,55543,838957,0.5
1900-01-23 17:45:15,7909.0,243858,7909.5,115438,212601,2174,210427,128420,0.5
1900-01-23 17:45:30,7909.5,1297662,7910.0,342560,767775,1688,766087,955102,0.5
1900-01-23 17:45:45,7914.0,407509,7914.5,644440,136851,6320,130531,-236931,0.5
1900-01-23 17:46:00,7914.0,638382,7914.5,651428,50604,43163,7441,-13046,0.5
1900-01-23 17:46:15,7914.0,288791,7914.5,1116590,57151,66595,-9444,-827799,0.5
1900-01-23 17:46:30,7911.0,14475,7911.5,249032,30587,236429,-205842,-234557,0.5
1900-01-23 17:46:45,7904.0,1077408,7904.5,395713,141695,86446,55249,681695,0.5
1900-01-23 17:47:00,7904.0,1185115,7904.5,62485,37282,146079,-108797,1122630,0.5
1900-01-23 17:47:15,7905.0,727535,7905.5,170848,47403,43181,4222,556687,0.5
1900-01-23 17:47:30,7909.5,378820,7910.0,20254,98175,13661,84514,358566,0.5
1900-01-23 17:47:45,7909.5,616475,7910.0,75249,27045,48313,-21268,541226,0.5
1900-01-23 17:48:00,7909.5,1218673,7910.0,54875,14008,13510,498,1163798,0.5
1900-01-23 17:48:15,7910.0,128628,7910.5,696160,3596,13510,-9914,-567532,0.5
1900-01-23 17:48:30,7910.0,69635,7910.5,754683,16172,14679,1493,-685048,0.5
1900-01-23 17:48:45,7905.0,211172,7905.5,1166365,3562,67375,-63813,-955193,0.5
1900-01-23 17:49:00,7902.0,3442,7902.5,845126,7128,307575,-300447,-841684,0.5
1900-01-23 17:49:15,7902.0,771408,7902.5,1717,35278,22386,12892,769691,0.5
1900-01-23 17:49:30,7906.5,354642,7907.0,546320,23394,4965,18429,-191678,0.5
1900-01-23 17:49:45,7906.5,102189,7907.0,1166558,9422,110068,-100646,-1064369,0.5
1900-01-23 17:50:00,7904.5,814264,7905.0,379651,13685,9754,3931,434613,0.5
1900-01-23 17:50:15,7902.0,16072,7902.5,632688,16384,62517,-46133,-616616,0.5
1900-01-23 17:50:30,7902.0,26275,7902.5,1194399,4500,140517,-136017,-1168124,0.5
1900-01-23 17:50:45,7902.0,855163,7902.5,456452,32014,8653,23361,398711,0.5
1900-01-23 17:51:00,7902.0,125373,7902.5,549552,1600,112448,-110848,-424179,0.5
1900-01-23 17:51:15,7903.5,617997,7904.0,2942,69861,315036,-245175,615055,0.5
1900-01-23 17:51:30,7904.5,122853,7905.0,1267747,70816,5293,65523,-1144894,0.5
1900-01-23 17:51:45,7904.5,727671,7905.0,584433,70816,31210,39606,143238,0.5
1900-01-23 17:52:00,7904.5,32679,7905.0,1207218,159461,3070,156391,-1174539,0.5
1900-01-23 17:52:15,7904.5,883550,7905.0,429283,76471,2354,74117,454267,0.5
1900-01-23 17:52:30,7909.5,625025,7910.0,33356,341292,12410,328882,591669,0.5
1900-01-23 17:52:45,7909.5,112710,7910.0,576800,75749,27684,48065,-464090,0.5
1900-01-23 17:53:00,7909.5,890632,7910.0,2991,52945,25661,27284,887641,0.5
1900-01-23 17:53:15,7910.0,923152,7910.5,23772,171647,240,171407,899380,0.5
1900-01-23 17:53:30,7913.0,876318,7913.5,956,81599,659,80940,875362,0.5
1900-01-23 17:53:45,7917.5,277206,7918.0,175756,101589,974,100615,101450,0.5
1900-01-23 17:54:00,7917.5,239043,7918.0,795163,237733,16920,220813,-556120,0.5
1900-01-23 17:54:15,7917.5,695753,7918.0,373042,185656,14085,171571,322711,0.5
1900-01-23 17:54:30,7917.5,733112,7918.0,352493,16487,5548,10939,380619,0.5
1900-01-23 17:54:45,7917.5,794804,7918.0,588394,49106,62660,-13554,206410,0.5
1900-01-23 17:55:00,7917.5,443418,7918.0,909239,8536,2201,6335,-465821,0.5
1900-01-23 17:55:15,7917.5,438108,7918.0,1146702,1005,86912,-85907,-708594,0.5
1900-01-23 17:55:30,7917.5,712955,7918.0,941931,1005,20607,-19602,-228976,0.5
1900-01-23 17:55:45,7917.5,1108413,7918.0,626897,9736,2671,7065,481516,0.5
1900-01-23 17:56:00,7917.5,587935,7918.0,926702,4350,56824,-52474,-338767,0.5
1900-01-23 17:56:15,7917.5,609436,7918.0,984155,2166,3357,-1191,-374719,0.5
1900-01-23 17:56:30,7915.0,17036,7915.5,327199,2007,33236,-31229,-310163,0.5
1900-01-23 17:56:45,7913.5,750106,7914.0,230795,11741,160883,-149142,519311,0.5
1900-01-23 17:57:00,7913.0,209447,7913.5,895854,4777,31997,-27220,-686407,0.5
1900-01-23 17:57:15,7913.0,68446,7913.5,1150506,13000,132262,-119262,-1082060,0.5
1900-01-23 17:57:30,7913.0,24403,7913.5,1251920,15299,46588,-31289,-1227517,0.5
1900-01-23 17:57:45,7913.0,807930,7913.5,286729,5802,84,5718,521201,0.5
1900-01-23 17:58:00,7913.0,1202317,7913.5,85211,155073,493,154580,1117106,0.5
1900-01-23 17:58:15,7913.5,725499,7914.0,51637,69823,493,69330,673862,0.5
1900-01-23 17:58:30,7913.5,906341,7914.0,124345,59213,3006,56207,781996,0.5
1900-01-23 17:58:45,7915.5,397003,7916.0,200620,48134,7598,40536,196383,0.5
1900-01-23 17:59:00,7915.5,103221,7916.0,1201581,106050,7359,98691,-1098360,0.5
1900-01-23 17:59:15,7910.0,122889,7910.5,794641,14070,210536,-196466,-671752,0.5
1900-01-23 17:59:30,7910.0,209321,7910.5,785860,3821,76588,-72767,-576539,0.5
1900-01-23 17:59:45,7909.0,33944,7909.5,858158,3821,18484,-14663,-824214,0.5
1900-01-23 18:00:00,7906.0,64225,7906.5,567245,463,356436,-355973,-503020,0.5
1900-01-23 18:00:15,7906.0,403704,7906.5,768154,7147,173634,-166487,-364450,0.5
1900-01-23 18:00:30,7906.0,754686,7906.5,331417,3118,20886,-17768,423269,0.5
1900-01-23 18:00:45,7906.0,1314730,7906.5,82177,59359,51688,7671,1232553,0.5
1900-01-23 18:01:00,7907.5,934165,7908.0,15728,43813,5000,38813,918437,0.5
1900-01-23 18:01:15,7910.0,637357,7910.5,8817,17904,6258,11646,628540,0.5
1900-01-23 18:01:30,7910.5,709025,7911.0,519628,20880,3018,17862,189397,0.5
1900-01-23 18:01:45,7910.5,1285820,7911.0,208181,69479,2281,67198,1077639,0.5
1900-01-23 18:02:00,7910.5,906019,7911.0,143480,69000,36408,32592,762539,0.5
1900-01-23 18:02:15,7910.5,61171,7911.0,621224,8074,95196,-87122,-560053,0.5
1900-01-23 18:02:30,7910.5,625454,7911.0,222070,28919,108533,-79614,403384,0.5
1900-01-23 18:02:45,7910.5,1220234,7911.0,73886,13411,455,12956,1146348,0.5
1900-01-23 18:03:00,7913.5,853160,7914.0,101818,41695,4000,37695,751342,0.5
1900-01-23 18:03:15,7913.5,244776,7914.0,549310,16150,100,16050,-304534,0.5
1900-01-23 18:03:30,7910.5,145559,7911.0,628377,6820,4417,2403,-482818,0.5
1900-01-23 18:03:45,7916.0,657189,7916.5,195302,148121,19348,128773,461887,0.5
1900-01-23 18:04:00,7914.5,121283,7915.0,672642,2461,113843,-111382,-551359,0.5
1900-01-23 18:04:15,7914.5,497,7915.0,825424,7390,11366,-3976,-824927,0.5
1900-01-23 18:04:30,7914.0,573208,7914.5,149870,7097,4234,2863,423338,0.5
1900-01-23 18:04:45,7917.0,1269736,7917.5,163927,144090,4234,139856,1105809,0.5
1900-01-23 18:05:00,7917.0,850512,7917.5,97677,123780,25033,98747,752835,0.5
1900-01-23 18:05:15,7917.0,976952,7917.5,5337,23038,5550,17488,971615,0.5
1900-01-23 18:05:30,7917.0,45843,7917.5,474946,1443,21184,-19741,-429103,0.5
1900-01-23 18:05:45,7916.5,95394,7917.0,660824,1403,6834,-5431,-565430,0.5
1900-01-23 18:06:00,7916.5,39856,7917.0,926591,3696,14858,-11162,-886735,0.5
1900-01-23 18:06:15,7914.5,769,7915.0,769776,3560,12686,-9126,-769007,0.5
1900-01-23 18:06:30,7913.0,90576,7913.5,583251,3560,43357,-39797,-492675,0.5
1900-01-23 18:06:45,7913.0,155351,7913.5,1170859,101,319268,-319167,-1015508,0.5
1900-01-23 18:07:00,7910.5,19207,7911.0,598551,30,33955,-33925,-579344,0.5
1900-01-23 18:07:15,7906.5,6784,7907.0,940346,222,76315,-76093,-933562,0.5
1900-01-23 18:07:30,7906.0,83613,7906.5,907066,8001,58644,-50643,-823453,0.5
1900-01-23 18:07:45,7904.5,26916,7905.0,1016094,1,187520,-187519,-989178,0.5
1900-01-23 18:08:00,7900.5,7341,7901.0,981171,13368,208341,-194973,-973830,0.5
1900-01-23 18:08:15,7893.0,173330,7893.5,325731,42100,585515,-543415,-152401,0.5
1900-01-23 18:08:30,7895.0,1547864,7895.5,221722,243987,117694,126293,1326142,0.5
1900-01-23 18:08:45,7898.0,948226,7898.5,234910,201229,8742,192487,713316,0.5
1900-01-23 18:09:00,7901.5,408944,7902.0,42136,81233,58805,22428,366808,0.5
1900-01-23 18:09:15,7901.5,1610179,7902.0,96447,36040,845,35195,1513732,0.5
1900-01-23 18:09:30,7901.0,54707,7901.5,189631,38262,29083,9179,-134924,0.5
1900-01-23 18:09:45,7893.0,169679,7893.5,637937,3360,102209,-98849,-468258,0.5
1900-01-23 18:10:00,7892.5,94884,7893.0,1302110,4577,188847,-184270,-1207226,0.5
1900-01-23 18:10:15,7890.0,571039,7890.5,116486,56712,214804,-158092,454553,0.5
1900-01-23 18:10:30,7890.0,555967,7890.5,331871,26900,56355,-29455,224096,0.5
1900-01-23 18:10:45,7890.0,765390,7890.5,29147,130609,3039,127570,736243,0.5
1900-01-23 18:11:00,7892.5,206458,7893.0,2822,25150,28240,-3090,203636,0.5
1900-01-23 18:11:15,7893.5,818911,7894.0,50090,45423,2950,42473,768821,0.5
1900-01-23 18:11:30,7899.5,276610,7900.0,400435,101614,20050,81564,-123825,0.5
1900-01-23 18:11:45,7897.0,71778,7897.5,954864,28066,8346,19720,-883086,0.5
1900-01-23 18:12:00,7897.0,4009,7897.5,831151,19035,9800,9235,-827142,0.5
1900-01-23 18:12:15,7890.0,807228,7890.5,403447,20870,87135,-66265,403781,0.5
1900-01-23 18:12:30,7890.0,913990,7890.5,406749,19850,70228,-50378,507241,0.5
1900-01-23 18:12:45,7894.0,464184,7894.5,223725,22654,60258,-37604,240459,0.5
1900-01-23 18:13:00,7891.5,68907,7892.0,726278,6237,18503,-12266,-657371,0.5
1900-01-23 18:13:15,7888.0,30275,7888.5,24977,4415,266941,-262526,5298,0.5
1900-01-23 18:13:30,7885.0,637300,7885.5,249700,82220,341519,-259299,387600,0.5
1900-01-23 18:13:45,7884.0,269882,7884.5,753160,38906,132737,-93831,-483278,0.5
1900-01-23 18:14:00,7884.0,30734,7884.5,792957,119604,88194,31410,-762223,0.5
1900-01-23 18:14:15,7884.0,621357,7884.5,138,35641,71002,-35361,621219,0.5
1900-01-23 18:14:30,7888.5,716697,7889.0,104769,21982,1958,20024,611928,0.5
1900-01-23 18:14:45,7888.5,968702,7889.0,30917,55483,10025,45458,937785,0.5
1900-01-23 18:15:00,7889.5,71787,7890.0,936191,29931,4977,24954,-864404,0.5
1900-01-23 18:15:15,7889.5,24850,7890.0,1130183,502,35994,-35492,-1105333,0.5
1900-01-23 18:15:30,7888.5,73061,7889.0,791017,1601,27951,-26350,-717956,0.5
1900-01-23 18:15:45,7888.5,635425,7889.0,81631,18181,13447,4734,553794,0.5
1900-01-23 18:16:00,7888.5,591146,7889.0,385229,29932,13447,16485,205917,0.5
1900-01-23 18:16:15,7895.5,3185,7896.0,15684,52967,101,52866,-12499,0.5
1900-01-23 18:16:30,7895.5,343316,7896.0,827895,92712,12277,80435,-484579,0.5
1900-01-23 18:16:45,7898.5,1013236,7899.0,40287,442100,40174,401926,972949,0.5
1900-01-23 18:17:00,7904.0,12203,7904.5,999937,181218,13645,167573,-987734,0.5
1900-01-23 18:17:15,7899.0,46300,7901.5,2480,48161,46102,2059,43820,2.5
1900-01-23 18:17:30,7891.5,1139,7892.0,34416,45065,53153,-8088,-33277,0.5
1900-01-23 18:17:45,7898.5,774470,7899.0,23342,126222,63,126159,751128,0.5
1900-01-23 18:18:00,7895.5,23255,7896.0,171517,13656,1968,11688,-148262,0.5
1900-01-23 18:18:15,7900.0,600337,7900.5,1032,25695,40688,-14993,599305,0.5
1900-01-23 18:18:30,7900.5,539626,7901.0,48994,15672,6831,8841,490632,0.5
1900-01-23 18:18:45,7904.0,7460,7904.5,808641,351084,51940,299144,-801181,0.5
1900-01-23 18:19:00,7904.0,562619,7904.5,389027,8427,4570,3857,173592,0.5
1900-01-23 18:19:15,7904.0,251682,7904.5,194249,159681,11752,147929,57433,0.5
1900-01-23 18:19:30,7904.0,45764,7904.5,493813,6008,138124,-132116,-448049,0.5
1900-01-23 18:19:45,7902.0,632342,7902.5,157208,10724,9333,1391,475134,0.5
1900-01-23 18:20:00,7902.0,665938,7902.5,609175,8134,2541,5593,56763,0.5
1900-01-23 18:20:15,7902.0,217098,7902.5,770241,11433,133,11300,-553143,0.5
1900-01-23 18:20:30,7902.0,66729,7902.5,787448,470,91085,-90615,-720719,0.5
1900-01-23 18:20:45,7899.5,11444,7900.0,835260,3028,11937,-8909,-823816,0.5
1900-01-23 18:21:00,7897.5,551243,7898.0,380024,245,18651,-18406,171219,0.5
1900-01-23 18:21:15,7897.5,616,7898.0,825358,1014,41499,-40485,-824742,0.5
1900-01-23 18:21:30,7895.5,1886,7896.0,652305,100,2860,-2760,-650419,0.5
1900-01-23 18:21:45,7893.5,629472,7894.0,386935,7525,24474,-16949,242537,0.5
1900-01-23 18:22:00,7896.5,1086548,7897.0,77732,47698,51900,-4202,1008816,0.5
1900-01-23 18:22:15,7905.0,283323,7905.5,578658,43561,571,42990,-295335,0.5
1900-01-23 18:22:30,7903.5,143617,7904.0,673422,27647,16158,11489,-529805,0.5
1900-01-23 18:22:45,7903.5,188670,7904.0,629877,6442,25551,-19109,-441207,0.5
1900-01-23 18:23:00,7903.5,176180,7904.0,748093,10304,9500,804,-571913,0.5
1900-01-23 18:23:15,7903.5,539113,7904.0,326051,25100,2000,23100,213062,0.5
1900-01-23 18:23:30,7903.5,50408,7904.0,1229332,9840,4867,4973,-1178924,0.5
1900-01-23 18:23:45,7897.5,14973,7898.0,154911,96130,45037,51093,-139938,0.5
1900-01-23 18:24:00,7895.5,31803,7896.0,906094,1100,23640,-22540,-874291,0.5
1900-01-23 18:24:15,7895.5,1029588,7896.0,77380,68149,9401,58748,952208,0.5
1900-01-23 18:24:30,7903.0,65831,7903.5,16823,68806,1140,67666,49008,0.5
1900-01-23 18:24:45,7903.5,684341,7904.0,25711,13586,2119,11467,658630,0.5
1900-01-23 18:25:00,7903.5,81940,7904.0,877203,30571,998,29573,-795263,0.5
1900-01-23 18:25:15,7903.5,4042,7904.0,1153806,1500,59141,-57641,-1149764,0.5
1900-01-23 18:25:30,7898.5,111796,7899.0,615789,302,18062,-17760,-503993,0.5
1900-01-23 18:25:45,7898.5,63321,7899.0,850992,19302,14170,5132,-787671,0.5
1900-01-23 18:26:00,7898.5,1001718,7899.0,228471,50435,30685,19750,773247,0.5
1900-01-23 18:26:15,7898.5,1215016,7899.0,90440,42184,100,42084,1124576,0.5
1900-01-23 18:26:30,7898.5,1167210,7899.0,56261,22189,62,22127,1110949,0.5
1900-01-23 18:26:45,7898.5,563839,7899.0,664793,21527,60,21467,-100954,0.5
1900-01-23 18:27:00,7898.5,519796,7899.0,1151874,6056,47807,-41751,-632078,0.5
1900-01-23 18:27:15,7893.0,14515,7893.5,1052647,5100,452700,-447600,-1038132,0.5
1900-01-23 18:27:30,7892.5,874619,7893.0,281381,2450,111784,-109334,593238,0.5
1900-01-23 18:27:45,7892.5,1211220,7893.5,5628,24235,5500,18735,1205592,1.0
1900-01-23 18:28:00,7894.5,799589,7895.0,264170,49102,1,49101,535419,0.5
1900-01-23 18:28:15,7894.5,1111365,7895.0,48659,21193,10,21183,1062706,0.5
1900-01-23 18:28:30,7896.5,1014438,7897.0,367,17152,613,16539,1014071,0.5
1900-01-23 18:28:45,7897.5,980763,7898.0,23716,9833,50015,-40182,957047,0.5
1900-01-23 18:29:00,7898.5,1182128,7899.0,19236,28195,950,27245,1162892,0.5
1900-01-23 18:29:15,7899.0,114411,7899.5,598802,9918,5317,4601,-484391,0.5
1900-01-23 18:29:30,7894.0,169152,7894.5,512431,3502,30768,-27266,-343279,0.5
1900-01-23 18:29:45,7894.0,1118145,7894.5,88605,77,6907,-6830,1029540,0.5
1900-01-23 18:30:00,7894.0,1304340,7894.5,3431,50377,1831,48546,1300909,0.5
1900-01-23 18:30:15,7895.5,1181088,7896.0,1458,10482,2242,8240,1179630,0.5
1900-01-23 18:30:30,7892.5,34807,7893.0,182135,10988,54176,-43188,-147328,0.5
1900-01-23 18:30:45,7892.5,32928,7893.0,761932,6309,175934,-169625,-729004,0.5
1900-01-23 18:31:00,7888.0,38020,7888.5,180245,7265,50263,-42998,-142225,0.5
1900-01-23 18:31:15,7887.5,835806,7888.0,171488,16356,137415,-121059,664318,0.5
1900-01-23 18:31:30,7885.0,20326,7885.5,894404,15001,60255,-45254,-874078,0.5
1900-01-23 18:31:45,7884.5,1003028,7885.0,96835,1801,25932,-24131,906193,0.5
1900-01-23 18:32:00,7885.0,1062547,7885.5,59300,90977,1293,89684,1003247,0.5
1900-01-23 18:32:15,7885.0,592152,7885.5,147629,52684,5958,46726,444523,0.5
1900-01-23 18:32:30,7887.5,650268,7888.0,10592,46662,6300,40362,639676,0.5
1900-01-23 18:32:45,7887.5,18865,7888.0,833139,1393,14569,-13176,-814274,0.5
1900-01-23 18:33:00,7887.0,369,7887.5,1256353,1716,12336,-10620,-1255984,0.5
1900-01-23 18:33:15,7885.5,39722,7886.0,690489,22050,13132,8918,-650767,0.5
1900-01-23 18:33:30,7884.0,533080,7884.5,100373,600,23219,-22619,432707,0.5
1900-01-23 18:33:45,7884.5,43826,7885.0,68861,65490,7416,58074,-25035,0.5
1900-01-23 18:34:00,7885.0,592864,7885.5,14431,15200,16157,-957,578433,0.5
1900-01-23 18:34:15,7885.0,603255,7885.5,7422,97523,2015,95508,595833,0.5
1900-01-23 18:34:30,7890.5,233399,7891.0,807063,73115,16827,56288,-573664,0.5
1900-01-23 18:34:45,7887.0,712698,7887.5,162559,10710,9724,986,550139,0.5
1900-01-23 18:35:00,7887.0,460786,7887.5,90704,13785,558,13227,370082,0.5
1900-01-23 18:35:15,7887.0,687040,7887.5,48474,28401,10034,18367,638566,0.5
1900-01-23 18:35:30,7885.0,17499,7885.5,1019669,3362,11392,-8030,-1002170,0.5
1900-01-23 18:35:45,7881.0,151482,7881.5,774921,457,57124,-56667,-623439,0.5
1900-01-23 18:36:00,7860.0,13378,7862.0,17400,8720,700840,-692120,-4022,2.0
1900-01-23 18:36:15,7875.0,7934,7875.5,11593,171212,331415,-160203,-3659,0.5
1900-01-23 18:36:30,7877.5,20508,7878.0,841174,140833,75733,65100,-820666,0.5
1900-01-23 18:36:45,7881.5,92266,7882.0,465778,277243,40667,236576,-373512,0.5
1900-01-23 18:37:00,7880.0,9944,7880.5,824792,69276,22657,46619,-814848,0.5
1900-01-23 18:37:15,7879.0,967179,7879.5,40481,62379,47366,15013,926698,0.5
1900-01-23 18:37:30,7885.5,351654,7886.0,237987,110145,6993,103152,113667,0.5
1900-01-23 18:37:45,7887.0,776866,7887.5,374817,35045,3,35042,402049,0.5
1900-01-23 18:38:00,7887.0,431829,7887.5,823325,11115,101,11014,-391496,0.5
1900-01-23 18:38:15,7887.0,835103,7887.5,125865,7196,7493,-297,709238,0.5
1900-01-23 18:38:30,7889.5,1731710,7890.0,141820,586854,2207,584647,1589890,0.5
1900-01-23 18:38:45,7898.0,530862,7898.5,125570,235124,27362,207762,405292,0.5
1900-01-23 18:39:00,7898.0,1935915,7898.5,800,251762,2052,249710,1935115,0.5
1900-01-23 18:39:15,7903.0,142600,7903.5,983101,92541,34776,57765,-840501,0.5
1900-01-23 18:39:30,7903.0,380785,7903.5,609038,28373,40736,-12363,-228253,0.5
1900-01-23 18:39:45,7903.0,726675,7903.5,174342,80895,12947,67948,552333,0.5
1900-01-23 18:40:00,7903.0,268653,7903.5,483732,62680,7670,55010,-215079,0.5
1900-01-23 18:40:15,7903.0,29208,7903.5,630727,18445,30375,-11930,-601519,0.5
1900-01-23 18:40:30,7903.0,815963,7903.5,28566,34190,8479,25711,787397,0.5
1900-01-23 18:40:45,7904.5,1274464,7905.0,27868,44273,201,44072,1246596,0.5
1900-01-23 18:41:00,7905.0,1565210,7905.5,94848,186535,42,186493,1470362,0.5
1900-01-23 18:41:15,7907.5,967539,7908.0,1651621,194278,5922,188356,-684082,0.5
1900-01-23 18:41:30,7907.5,904466,7908.0,1520194,176394,2258,174136,-615728,0.5
1900-01-23 18:41:45,7896.0,1479320,7896.5,205796,280787,257776,23011,1273524,0.5
1900-01-23 18:42:00,7901.5,374544,7902.0,57251,193814,6923,186891,317293,0.5
1900-01-23 18:42:15,7901.5,1258744,7902.0,2019,49759,5323,44436,1256725,0.5
1900-01-23 18:42:30,7905.0,361229,7905.5,22329,6073,3800,2273,338900,0.5
1900-01-23 18:42:45,7905.0,302700,7905.5,395331,83900,10333,73567,-92631,0.5
1900-01-23 18:43:00,7903.0,308520,7903.5,495755,223042,75742,147300,-187235,0.5
1900-01-23 18:43:15,7903.0,122344,7903.5,525477,81292,54078,27214,-403133,0.5
1900-01-23 18:43:30,7903.0,877110,7903.5,63046,12528,5154,7374,814064,0.5
1900-01-23 18:43:45,7907.0,551517,7907.5,132819,111205,2040,109165,418698,0.5
1900-01-23 18:44:00,7907.5,1629072,7908.0,11798,106360,42702,63658,1617274,0.5
1900-01-23 18:44:15,7906.0,328194,7906.5,325696,133063,55181,77882,2498,0.5
1900-01-23 18:44:30,7904.5,102,7905.0,285198,650,58201,-57551,-285096,0.5
1900-01-23 18:44:45,7904.0,159478,7904.5,580143,4005,2778,1227,-420665,0.5
1900-01-23 18:45:00,7904.0,1339861,7904.5,169843,80520,12497,68023,1170018,0.5
1900-01-23 18:45:15,7904.0,1291514,7904.5,21251,28709,70846,-42137,1270263,0.5
1900-01-23 18:45:30,7907.5,792801,7908.0,930984,11982,7810,4172,-138183,0.5
1900-01-23 18:45:45,7907.5,649423,7908.0,863282,64950,14453,50497,-213859,0.5
1900-01-23 18:46:00,7907.5,684231,7908.0,866728,5156,24,5132,-182497,0.5
1900-01-23 18:46:15,7918.0,797741,7918.5,6122,266666,442,266224,791619,0.5
1900-01-23 18:46:30,7920.5,526872,7921.0,488986,338838,8622,330216,37886,0.5
1900-01-23 18:46:45,7911.5,272921,7912.0,37700,173273,348968,-175695,235221,0.5
1900-01-23 18:47:00,7920.5,796048,7921.0,412599,127900,101361,26539,383449,0.5
1900-01-23 18:47:15,7920.5,1250699,7921.0,77907,55524,3484,52040,1172792,0.5
1900-01-23 18:47:30,7920.5,241958,7921.0,662390,3822,46974,-43152,-420432,0.5
1900-01-23 18:47:45,7920.5,699164,7921.0,67860,20775,10716,10059,631304,0.5
1900-01-23 18:48:00,7920.5,597957,7921.0,20822,33960,50878,-16918,577135,0.5
1900-01-23 18:48:15,7927.5,129999,7928.0,56184,358220,15633,342587,73815,0.5
1900-01-23 18:48:30,7929.5,66528,7930.0,485628,250270,12684,237586,-419100,0.5
1900-01-23 18:48:45,7925.0,10619,7925.5,139818,388206,90628,297578,-129199,0.5
1900-01-23 18:49:00,7924.0,1246599,7924.5,64182,90521,190654,-100133,1182417,0.5
1900-01-23 18:49:15,7924.0,1342538,7924.5,1164,106001,32794,73207,1341374,0.5
1900-01-23 18:49:30,7929.5,1028663,7930.0,40333,46359,12610,33749,988330,0.5
1900-01-23 18:49:45,7932.5,564824,7933.0,426255,47918,16229,31689,138569,0.5
1900-01-23 18:50:00,7932.5,1272317,7933.0,3821,108189,50858,57331,1268496,0.5
1900-01-23 18:50:15,7942.0,2656,7942.5,479962,508509,21619,486890,-477306,0.5
1900-01-23 18:50:30,7924.0,1650013,7924.5,80647,179845,327847,-148002,1569366,0.5
1900-01-23 18:50:45,7933.5,171520,7934.0,436774,138414,34364,104050,-265254,0.5
1900-01-23 18:51:00,7933.5,763310,7934.0,121474,150442,20961,129481,641836,0.5
1900-01-23 18:51:15,7933.0,272484,7933.5,569667,33510,214274,-180764,-297183,0.5
1900-01-23 18:51:30,7933.0,246699,7933.5,407265,1,133039,-133038,-160566,0.5
1900-01-23 18:51:45,7932.5,35544,7933.0,834447,9221,42406,-33185,-798903,0.5
1900-01-23 18:52:00,7925.0,135764,7925.5,435640,2184,437406,-435222,-299876,0.5
1900-01-23 18:52:15,7925.0,1266129,7925.5,136816,5002,237560,-232558,1129313,0.5
1900-01-23 18:52:30,7927.5,930879,7928.0,112853,6088,14405,-8317,818026,0.5
1900-01-23 18:52:45,7928.5,353706,7929.0,437748,61224,17412,43812,-84042,0.5
1900-01-23 18:53:00,7929.0,540399,7929.5,11661,23448,87922,-64474,528738,0.5
1900-01-23 18:53:15,7928.5,90351,7929.0,769162,699,23663,-22964,-678811,0.5
1900-01-23 18:53:30,7925.0,187996,7925.5,558660,4100,54118,-50018,-370664,0.5
1900-01-23 18:53:45,7924.5,1085553,7925.0,121827,4590,34101,-29511,963726,0.5
1900-01-23 18:54:00,7924.0,73870,7924.5,728345,6455,126867,-120412,-654475,0.5
1900-01-23 18:54:15,7922.0,9928,7922.5,354765,12002,79086,-67084,-344837,0.5
1900-01-23 18:54:30,7920.0,474303,7920.5,689185,151,179880,-179729,-214882,0.5
1900-01-23 18:54:45,7920.0,688024,7920.5,446636,21513,47895,-26382,241388,0.5
1900-01-23 18:55:00,7920.0,884636,7920.5,170494,12893,1642,11251,714142,0.5
1900-01-23 18:55:15,7925.5,503014,7926.0,3648,95423,6312,89111,499366,0.5
1900-01-23 18:55:30,7930.5,613974,7931.0,708760,50366,18675,31691,-94786,0.5
1900-01-23 18:55:45,7930.5,989494,7931.0,56488,21100,4150,16950,933006,0.5
1900-01-23 18:56:00,7930.5,258471,7931.0,673618,10496,12353,-1857,-415147,0.5
1900-01-23 18:56:15,7930.5,132813,7931.0,694182,5793,26009,-20216,-561369,0.5
1900-01-23 18:56:30,7930.5,646169,7931.0,160725,16253,26574,-10321,485444,0.5
1900-01-23 18:56:45,7930.5,765836,7931.0,145541,7077,1060,6017,620295,0.5
1900-01-23 18:57:00,7933.0,18000,7933.5,349802,27557,26108,1449,-331802,0.5
1900-01-23 18:57:15,7931.0,420929,7931.5,568672,24334,85894,-61560,-147743,0.5
1900-01-23 18:57:30,7931.0,1202754,7931.5,4047,123203,107219,15984,1198707,0.5
1900-01-23 18:57:45,7935.5,286992,7936.0,505182,67667,11072,56595,-218190,0.5
1900-01-23 18:58:00,7935.0,718456,7935.5,228893,146080,218036,-71956,489563,0.5
1900-01-23 18:58:15,7935.0,181021,7935.5,431572,101601,30078,71523,-250551,0.5
1900-01-23 18:58:30,7938.0,355259,7938.5,522756,74672,26812,47860,-167497,0.5
1900-01-23 18:58:45,7939.5,106506,7940.0,19462,8000,26817,-18817,87044,0.5
1900-01-23 18:59:00,7939.0,13489,7939.5,657221,81572,144380,-62808,-643732,0.5
1900-01-23 18:59:15,7939.0,258925,7939.5,422599,41662,16055,25607,-163674,0.5
1900-01-23 18:59:30,7937.5,216073,7938.0,490187,25851,7711,18140,-274114,0.5
1900-01-23 18:59:45,7936.5,12882,7937.0,633765,726,14375,-13649,-620883,0.5
1900-01-23 19:00:00,7925.0,269108,7925.5,97037,20278,147602,-127324,172071,0.5
1900-01-23 19:00:15,7928.0,127362,7928.5,1249,64157,148532,-84375,126113,0.5
1900-01-23 19:00:30,7929.5,175704,7930.0,382232,32552,14444,18108,-206528,0.5
1900-01-23 19:00:45,7929.0,82172,7929.5,1164134,15748,172697,-156949,-1081962,0.5
1900-01-23 19:01:00,7923.0,638260,7923.5,288400,7193,187415,-180222,349860,0.5
1900-01-23 19:01:15,7923.0,66198,7923.5,901479,14458,59394,-44936,-835281,0.5
1900-01-23 19:01:30,7923.0,261254,7923.5,477121,97554,8188,89366,-215867,0.5
1900-01-23 19:01:45,7923.0,354302,7923.5,1031283,37655,71488,-33833,-676981,0.5
1900-01-23 19:02:00,7923.0,480412,7923.5,1171244,2002,5521,-3519,-690832,0.5
1900-01-23 19:02:15,7923.0,781416,7923.5,658694,5145,17709,-12564,122722,0.5
1900-01-23 19:02:30,7922.5,58010,7923.0,889069,12600,133454,-120854,-831059,0.5
1900-01-23 19:02:45,7922.0,108109,7922.5,703309,16500,60275,-43775,-595200,0.5
1900-01-23 19:03:00,7922.0,61170,7922.5,878450,46555,47703,-1148,-817280,0.5
1900-01-23 19:03:15,7922.0,48809,7922.5,1021232,7570,12466,-4896,-972423,0.5
1900-01-23 19:03:30,7922.0,523537,7922.5,482050,26450,33351,-6901,41487,0.5
1900-01-23 19:04:00,7922.0,65971,7922.5,452031,2005,8587,-6582,-386060,0.5
1900-01-23 19:04:15,7921.0,181485,7921.5,1066710,41062,53420,-12358,-885225,0.5
1900-01-23 19:04:30,7921.0,62667,7921.5,1079146,41062,85615,-44553,-1016479,0.5
1900-01-23 19:04:45,7920.5,611370,7921.0,70842,14711,71930,-57219,540528,0.5
1900-01-23 19:05:00,7921.0,582972,7921.5,341669,3300,6401,-3101,241303,0.5
1900-01-23 19:05:15,7921.0,658082,7921.5,210287,11085,2237,8848,447795,0.5
1900-01-23 19:05:30,7921.0,606618,7921.5,191777,27910,12106,15804,414841,0.5
1900-01-23 19:05:45,7921.0,60787,7921.5,601280,1551,32245,-30694,-540493,0.5
1900-01-23 19:06:00,7920.5,43718,7921.0,667333,1042,160274,-159232,-623615,0.5
1900-01-23 19:06:15,7920.5,993825,7921.0,91244,11437,9969,1468,902581,0.5
1900-01-23 19:06:30,7922.0,787095,7922.5,90609,63595,1641,61954,696486,0.5
1900-01-23 19:06:45,7922.0,54794,7922.5,648270,37159,721,36438,-593476,0.5
1900-01-23 19:07:00,7922.0,13333,7922.5,1003473,9960,22387,-12427,-990140,0.5
1900-01-23 19:07:15,7921.5,64577,7922.0,498385,1000,11278,-10278,-433808,0.5
1900-01-23 19:07:30,7921.5,881470,7922.0,76228,7150,265,6885,805242,0.5
1900-01-23 19:07:45,7921.5,322383,7922.0,581716,9132,265,8867,-259333,0.5
1900-01-23 19:08:00,7921.5,29989,7922.0,1056103,795,47,748,-1026114,0.5
1900-01-23 19:08:15,7920.5,30377,7921.0,770993,5,18981,-18976,-740616,0.5
1900-01-23 19:08:30,7918.5,82513,7919.0,1099793,4087,170100,-166013,-1017280,0.5
1900-01-23 19:08:45,7918.5,733825,7919.0,249341,24285,61037,-36752,484484,0.5
1900-01-23 19:09:00,7918.5,649170,7919.0,388490,10,4500,-4490,260680,0.5
1900-01-23 19:09:15,7918.5,650890,7919.0,365349,29300,14650,14650,285541,0.5
1900-01-23 19:09:30,7917.5,26156,7918.0,899318,1602,84397,-82795,-873162,0.5
1900-01-23 19:09:45,7916.0,32639,7916.5,271262,45185,37355,7830,-238623,0.5
1900-01-23 19:10:00,7916.0,45915,7916.5,688453,2050,38907,-36857,-642538,0.5
1900-01-23 19:10:15,7915.0,13089,7915.5,299426,35,46808,-46773,-286337,0.5
1900-01-23 19:10:30,7914.5,765048,7915.0,379123,10,29452,-29442,385925,0.5
1900-01-23 19:10:45,7914.5,781002,7915.0,375300,6978,4053,2925,405702,0.5
1900-01-23 19:11:00,7914.5,840054,7915.0,501899,14859,4053,10806,338155,0.5
1900-01-23 19:11:15,7914.5,129104,7915.0,1123957,13470,4931,8539,-994853,0.5
1900-01-23 19:11:30,7914.5,120800,7915.0,1081406,2472,7163,-4691,-960606,0.5
1900-01-23 19:11:45,7914.5,106953,7915.0,1229816,272,15212,-14940,-1122863,0.5
1900-01-23 19:12:00,7914.5,130529,7915.0,1089401,212,1002,-790,-958872,0.5
1900-01-23 19:12:15,7914.5,1092363,7915.0,397762,40249,5020,35229,694601,0.5
1900-01-23 19:12:30,7914.5,1097540,7915.0,628258,68707,10724,57983,469282,0.5
1900-01-23 19:12:45,7914.5,428873,7915.0,1176989,3900,12690,-8790,-748116,0.5
1900-01-23 19:13:00,7914.5,288360,7915.0,1040981,3900,2387,1513,-752621,0.5
1900-01-23 19:13:15,7914.5,276506,7915.0,961799,4484,6055,-1571,-685293,0.5
1900-01-23 19:13:30,7914.5,970498,7915.0,618314,4050,5010,-960,352184,0.5
1900-01-23 19:13:45,7914.5,1089618,7915.0,621703,4670,8001,-3331,467915,0.5
1900-01-23 19:14:00,7914.5,1039872,7915.0,638655,1,11250,-11249,401217,0.5
1900-01-23 19:14:15,7914.5,1266939,7915.0,538822,50700,11720,38980,728117,0.5
1900-01-23 19:14:30,7914.5,958116,7915.0,951929,62500,1000,61500,6187,0.5
1900-01-23 19:14:45,7914.5,2203954,7915.0,74493,151601,3010,148591,2129461,0.5
1900-01-23 19:15:00,7914.5,1007219,7915.0,403757,186971,6745,180226,603462,0.5
1900-01-23 19:15:15,7915.5,1360190,7916.0,105042,35338,4020,31318,1255148,0.5
1900-01-23 19:15:30,7915.5,1582584,7916.0,4011,39456,561,38895,1578573,0.5
1900-01-23 19:15:45,7918.0,1391973,7918.5,4436,37257,7262,29995,1387537,0.5
1900-01-23 19:16:00,7920.5,1094241,7921.0,189810,111846,3200,108646,904431,0.5
1900-01-23 19:16:15,7920.5,822941,7921.0,509006,64612,3200,61412,313935,0.5
1900-01-23 19:16:30,7920.5,437967,7921.0,796082,33380,702,32678,-358115,0.5
1900-01-23 19:16:45,7920.5,210236,7921.0,875144,9653,25727,-16074,-664908,0.5
1900-01-23 19:17:00,7920.5,152464,7921.0,869183,4000,24275,-20275,-716719,0.5
1900-01-23 19:17:15,7909.0,945749,7909.5,289083,144655,150305,-5650,656666,0.5
1900-01-23 19:17:30,7909.0,683843,7909.5,888612,30467,54796,-24329,-204769,0.5
1900-01-23 19:17:45,7908.0,445331,7908.5,891243,65129,126610,-61481,-445912,0.5
1900-01-23 19:18:00,7908.0,974302,7908.5,425432,4100,106883,-102783,548870,0.5
1900-01-23 19:18:15,7908.0,460587,7908.5,909126,50,102680,-102630,-448539,0.5
1900-01-23 19:18:30,7908.0,195507,7908.5,762737,200,22417,-22217,-567230,0.5
1900-01-23 19:18:45,7908.0,517760,7908.5,831201,5976,8060,-2084,-313441,0.5
1900-01-23 19:19:00,7908.0,282274,7908.5,925162,4730,23726,-18996,-642888,0.5
1900-01-23 19:19:15,7908.0,474688,7908.5,882151,13176,35834,-22658,-407463,0.5
1900-01-23 19:19:30,7908.0,930727,7908.5,325594,566,30232,-29666,605133,0.5
1900-01-23 19:19:45,7908.0,1027688,7908.5,213796,72571,1,72570,813892,0.5
1900-01-23 19:20:00,7908.0,1000108,7908.5,118644,25511,1,25510,881464,0.5
1900-01-23 19:20:15,7908.0,971025,7908.5,461104,45506,2729,42777,509921,0.5
1900-01-23 19:20:30,7908.0,230383,7908.5,1049349,2511,889,1622,-818966,0.5
1900-01-23 19:20:45,7904.0,148227,7904.5,1243731,2122,126817,-124695,-1095504,0.5
1900-01-23 19:21:00,7903.5,788940,7904.0,140784,3667,106510,-102843,648156,0.5
1900-01-23 19:21:15,7903.0,23725,7903.5,323092,3800,28926,-25126,-299367,0.5
1900-01-23 19:21:30,7903.0,710994,7903.5,475563,7500,52069,-44569,235431,0.5
1900-01-23 19:21:45,7903.0,741310,7903.5,378938,80991,16230,64761,362372,0.5
1900-01-23 19:22:00,7903.0,687020,7903.5,326089,59356,13938,45418,360931,0.5
1900-01-23 19:22:15,7903.0,725486,7903.5,237932,27459,1000,26459,487554,0.5
1900-01-23 19:22:30,7902.0,58516,7902.5,1236798,3544,105848,-102304,-1178282,0.5
1900-01-23 19:22:45,7885.5,1489320,7886.0,263176,3875,1125642,-1121767,1226144,0.5
1900-01-23 19:23:00,7897.0,578248,7897.5,19135,76854,243049,-166195,559113,0.5
1900-01-23 19:23:15,7894.5,100710,7895.0,974443,23189,214701,-191512,-873733,0.5
1900-01-23 19:23:30,7894.5,1218844,7895.0,66085,72183,29313,42870,1152759,0.5
1900-01-23 19:23:45,7899.5,67785,7900.0,1268757,67541,4100,63441,-1200972,0.5
1900-01-23 19:24:00,7899.5,43708,7900.0,1114279,157000,17548,139452,-1070571,0.5
1900-01-23 19:24:15,7899.0,515987,7899.5,410603,1041,8718,-7677,105384,0.5
1900-01-23 19:24:30,7899.0,529778,7899.5,553830,25006,7646,17360,-24052,0.5
1900-01-23 19:24:45,7899.0,656675,7899.5,178960,12311,5175,7136,477715,0.5
1900-01-23 19:25:00,7899.0,527887,7899.5,661892,12665,35979,-23314,-134005,0.5
1900-01-23 19:25:15,7898.5,18186,7899.5,1362867,12336,51244,-38908,-1344681,1.0
1900-01-23 19:25:30,7898.5,522067,7899.0,545704,3300,3926,-626,-23637,0.5
1900-01-23 19:25:45,7897.0,38074,7897.5,1018810,26051,16757,9294,-980736,0.5
1900-01-23 19:26:00,7897.0,70006,7897.5,855679,2658,7353,-4695,-785673,0.5
1900-01-23 19:26:15,7897.0,786053,7897.5,459655,5520,26955,-21435,326398,0.5
1900-01-23 19:26:30,7897.0,507808,7897.5,747985,3501,1850,1651,-240177,0.5
1900-01-23 19:26:45,7897.0,294300,7897.5,1430663,19700,17575,2125,-1136363,0.5
1900-01-23 19:27:00,7896.0,61773,7896.5,1409446,116,281103,-280987,-1347673,0.5
1900-01-23 19:27:15,7892.5,18395,7893.0,1290682,600,52637,-52037,-1272287,0.5
1900-01-23 19:27:30,7890.5,897966,7891.0,354347,1508,48820,-47312,543619,0.5
1900-01-23 19:27:45,7890.5,252303,7891.0,816214,33638,21018,12620,-563911,0.5
1900-01-23 19:28:00,7890.5,70712,7891.0,848157,29888,127469,-97581,-777445,0.5
1900-01-23 19:28:15,7890.5,42803,7891.0,1351521,27,24005,-23978,-1308718,0.5
1900-01-23 19:28:30,7890.0,7637,7890.5,1213916,2455,514622,-512167,-1206279,0.5
1900-01-23 19:28:45,7888.5,196345,7889.0,663080,12553,13091,-538,-466735,0.5
1900-01-23 19:29:00,7889.0,803561,7889.5,13370,26865,9327,17538,790191,0.5
1900-01-23 19:29:15,7890.0,858138,7890.5,75698,25210,8210,17000,782440,0.5
1900-01-23 19:29:30,7894.5,52533,7895.0,842581,72838,12453,60385,-790048,0.5
1900-01-23 19:29:45,7894.0,15169,7894.5,1276412,11195,31540,-20345,-1261243,0.5
1900-01-23 19:30:00,7891.0,271114,7891.5,858299,20446,25833,-5387,-587185,0.5
1900-01-23 19:30:15,7891.0,834557,7891.5,399962,5505,2230,3275,434595,0.5
1900-01-23 19:30:30,7891.0,1258007,7891.5,71373,91704,4075,87629,1186634,0.5
1900-01-23 19:30:45,7891.0,1162051,7891.5,378737,23374,4438,18936,783314,0.5
1900-01-23 19:31:00,7891.0,958318,7891.5,624828,16801,14597,2204,333490,0.5
1900-01-23 19:31:15,7891.0,348517,7891.5,997764,3854,52413,-48559,-649247,0.5
1900-01-23 19:31:30,7891.0,835538,7891.5,550468,11696,32725,-21029,285070,0.5
1900-01-23 19:31:45,7891.0,828755,7891.5,349633,3436,41725,-38289,479122,0.5
1900-01-23 19:32:00,7891.0,841998,7891.5,359458,84581,7831,76750,482540,0.5
1900-01-23 19:32:15,7891.0,1171935,7891.5,195309,58578,5012,53566,976626,0.5
1900-01-23 19:32:30,7896.5,838770,7897.0,203623,252310,1102,251208,635147,0.5
1900-01-23 19:32:45,7896.5,870906,7897.0,91981,94023,9434,84589,778925,0.5
1900-01-23 19:33:00,7896.5,815793,7897.0,67297,84764,9434,75330,748496,0.5
1900-01-23 19:33:15,7897.5,298319,7898.0,1010765,18428,22442,-4014,-712446,0.5
1900-01-23 19:33:30,7897.5,298076,7898.0,885767,6815,14500,-7685,-587691,0.5
1900-01-23 19:33:45,7897.5,548756,7898.0,683939,49583,3466,46117,-135183,0.5
1900-01-23 19:34:00,7897.5,584071,7898.0,545734,49583,10102,39481,38337,0.5
1900-01-23 19:34:15,7897.5,870600,7898.0,56444,64350,700,63650,814156,0.5
1900-01-23 19:34:30,7899.0,879106,7899.5,56673,44634,2,44632,822433,0.5
1900-01-23 19:34:45,7899.5,971916,7900.0,65572,17635,2000,15635,906344,0.5
1900-01-23 19:35:00,7899.5,107693,7900.0,689897,25092,18296,6796,-582204,0.5
1900-01-23 19:35:15,7902.0,670104,7902.5,121614,37785,1668,36117,548490,0.5
1900-01-23 19:35:30,7902.0,684208,7902.5,214470,56445,53251,3194,469738,0.5
1900-01-23 19:35:45,7900.0,738355,7900.5,150942,23365,22325,1040,587413,0.5
1900-01-23 19:36:00,7900.0,915595,7900.5,211801,6135,4130,2005,703794,0.5
1900-01-23 19:36:15,7900.0,135377,7900.5,979064,23878,1578,22300,-843687,0.5
1900-01-23 19:36:30,7900.0,134061,7900.5,1409563,3329,23100,-19771,-1275502,0.5
1900-01-23 19:36:45,7900.0,100757,7900.5,847753,2,78278,-78276,-746996,0.5
1900-01-23 19:37:00,7900.0,83885,7900.5,780758,2671,14066,-11395,-696873,0.5
1900-01-23 19:37:15,7899.5,4082,7900.0,950078,3500,24249,-20749,-945996,0.5
1900-01-23 19:37:30,7897.5,286358,7898.0,586832,80,95665,-95585,-300474,0.5
1900-01-23 19:37:45,7897.5,245237,7898.0,976095,2297,20512,-18215,-730858,0.5
1900-01-23 19:38:00,7897.5,74102,7898.0,776224,899,228541,-227642,-702122,0.5
1900-01-23 19:38:15,7897.0,901367,7897.5,122015,5000,13012,-8012,779352,0.5
1900-01-23 19:38:30,7897.5,1070329,7898.0,12394,4718,12500,-7782,1057935,0.5
1900-01-23 19:38:45,7903.0,916184,7903.5,237757,111361,1,111360,678427,0.5
1900-01-23 19:39:00,7904.5,671230,7905.0,148744,109052,4,109048,522486,0.5
1900-01-23 19:39:15,7904.5,290891,7905.0,333660,200788,4,200784,-42769,0.5
1900-01-23 19:39:30,7904.5,288929,7905.0,441257,6155,393,5762,-152328,0.5
1900-01-23 19:39:45,7904.5,236219,7905.0,429548,3406,3500,-94,-193329,0.5
1900-01-23 19:40:00,7904.5,358593,7905.0,417788,2731,1131,1600,-59195,0.5
1900-01-23 19:40:15,7904.5,991239,7905.0,183377,9927,51137,-41210,807862,0.5
1900-01-23 19:40:30,7905.5,1093339,7906.0,111831,38761,2021,36740,981508,0.5
1900-01-23 19:40:45,7907.5,512412,7908.0,134851,63997,2021,61976,377561,0.5
1900-01-23 19:41:00,7910.5,302813,7911.0,365977,78326,1750,76576,-63164,0.5
1900-01-23 19:41:15,7910.5,435750,7911.0,684353,18568,4,18564,-248603,0.5
1900-01-23 19:41:30,7910.5,334809,7911.0,832538,20666,2545,18121,-497729,0.5
1900-01-23 19:41:45,7913.5,1028404,7914.0,7181,153790,3229,150561,1021223,0.5
1900-01-23 19:42:00,7914.5,1179527,7915.0,142726,34035,1882,32153,1036801,0.5
1900-01-23 19:42:15,7915.5,178620,7916.0,20978,91940,6800,85140,157642,0.5
1900-01-23 19:42:30,7915.5,1005490,7916.0,149123,46577,16694,29883,856367,0.5
1900-01-23 19:42:45,7918.0,2781,7918.5,214541,239750,4987,234763,-211760,0.5
1900-01-23 19:43:00,7920.0,339278,7920.5,223351,2476,14002,-11526,115927,0.5
1900-01-23 19:43:15,7920.0,23242,7920.5,250695,1956,51051,-49095,-227453,0.5
1900-01-23 19:43:30,7920.0,253693,7920.5,262772,14200,25957,-11757,-9079,0.5
1900-01-23 19:43:45,7920.0,93716,7920.5,256595,10000,25957,-15957,-162879,0.5
1900-01-23 19:44:00,7918.0,186709,7918.5,44471,11160,187904,-176744,142238,0.5
1900-01-23 19:44:15,7918.0,187196,7918.5,102190,4322,68118,-63796,85006,0.5
1900-01-23 19:44:30,7918.0,430102,7918.5,40881,3,34836,-34833,389221,0.5
1900-01-23 19:44:45,7918.0,291470,7918.5,54091,10,16338,-16328,237379,0.5
1900-01-23 19:45:00,7918.0,583903,7918.5,46508,2288,2748,-460,537395,0.5
1900-01-23 19:45:15,7918.0,361391,7918.5,119521,4736,7899,-3163,241870,0.5
1900-01-23 19:45:30,7918.0,371565,7918.5,255822,7525,308,7217,115743,0.5
1900-01-23 19:45:45,7918.0,367665,7918.5,212294,48652,4271,44381,155371,0.5
1900-01-23 19:46:00,7918.0,240598,7918.5,132730,92378,840,91538,107868,0.5
1900-01-23 19:46:15,7918.0,411617,7918.5,94553,3577,7025,-3448,317064,0.5
1900-01-23 19:46:30,7918.0,314737,7918.5,327920,21915,1020,20895,-13183,0.5
1900-01-23 19:46:45,7918.0,404945,7918.5,97443,5022,5680,-658,307502,0.5
1900-01-23 19:47:00,7918.0,413400,7918.5,210252,106,2744,-2638,203148,0.5
1900-01-23 19:47:15,7918.0,254841,7918.5,367426,106,28530,-28424,-112585,0.5
1900-01-23 19:47:30,7915.5,59962,7916.0,323364,2000,202240,-200240,-263402,0.5
1900-01-23 19:47:45,7914.5,809,7915.0,424579,617,168047,-167430,-423770,0.5
1900-01-23 19:48:00,7913.0,510978,7913.5,253203,5076,9691,-4615,257775,0.5
1900-01-23 19:48:15,7913.0,782144,7913.5,273831,5561,38185,-32624,508313,0.5
1900-01-23 19:48:30,7913.0,889481,7913.5,273727,9900,11250,-1350,615754,0.5
1900-01-23 19:48:45,7913.0,772682,7913.5,445814,11000,14187,-3187,326868,0.5
1900-01-23 19:49:00,7913.0,788630,7913.5,289628,1188,2404,-1216,499002,0.5
1900-01-23 19:49:15,7913.5,1041879,7914.0,4108,56710,10000,46710,1037771,0.5
1900-01-23 19:49:30,7914.0,605651,7914.5,35615,3652,2853,799,570036,0.5
1900-01-23 19:49:45,7916.0,864262,7916.5,8882,11794,121,11673,855380,0.5
1900-01-23 19:50:00,7919.0,801754,7919.5,100918,37327,70,37257,700836,0.5
1900-01-23 19:50:15,7920.5,703596,7921.0,13739,101824,67,101757,689857,0.5
1900-01-23 19:50:30,7924.5,633218,7925.0,21872,97296,5817,91479,611346,0.5
1900-01-23 19:50:45,7924.5,154038,7925.0,196742,13065,45999,-32934,-42704,0.5
1900-01-23 19:51:00,7925.0,557934,7925.5,49153,37315,15555,21760,508781,0.5
1900-01-23 19:51:15,7924.5,1356,7925.0,429195,37738,153066,-115328,-427839,0.5
1900-01-23 19:51:30,7923.5,150,7924.0,394424,25718,54809,-29091,-394274,0.5
1900-01-23 19:51:45,7923.0,275274,7923.5,220831,25718,6656,19062,54443,0.5
1900-01-23 19:52:00,7922.5,38607,7923.0,350856,27129,127274,-100145,-312249,0.5
1900-01-23 19:52:15,7923.0,1081852,7923.5,9618,13913,8816,5097,1072234,0.5
1900-01-23 19:52:30,7926.5,18022,7927.0,211824,101940,16918,85022,-193802,0.5
1900-01-23 19:52:45,7923.5,156590,7924.0,25621,2562,59331,-56769,130969,0.5
1900-01-23 19:53:00,7924.0,975344,7924.5,1319,8336,35580,-27244,974025,0.5
1900-01-23 19:53:15,7927.0,684100,7927.5,28036,11925,7181,4744,656064,0.5
1900-01-23 19:53:30,7927.0,604452,7927.5,24491,24050,11,24039,579961,0.5
1900-01-23 19:53:45,7927.5,130623,7928.0,351810,5573,3700,1873,-221187,0.5
1900-01-23 19:54:00,7925.0,6768,7925.5,383244,11149,27379,-16230,-376476,0.5
1900-01-23 19:54:15,7924.0,18446,7924.5,439205,6,30034,-30028,-420759,0.5
1900-01-23 19:54:30,7925.5,997693,7926.0,2621,46702,19050,27652,995072,0.5
1900-01-23 19:54:45,7926.5,888385,7927.0,1322,12137,19050,-6913,887063,0.5
1900-01-23 19:55:00,7927.0,967140,7927.5,4987,2305,19050,-16745,962153,0.5
1900-01-23 19:55:15,7927.0,338989,7927.5,314890,15239,24756,-9517,24099,0.5
1900-01-23 19:55:30,7927.0,410774,7927.5,263651,4900,3220,1680,147123,0.5
1900-01-23 19:55:45,7927.0,760211,7927.5,18550,16644,1000,15644,741661,0.5
1900-01-23 19:56:00,7928.5,1090015,7929.0,331817,128819,12975,115844,758198,0.5
1900-01-23 19:56:15,7928.5,629646,7929.0,490593,12638,28300,-15662,139053,0.5
1900-01-23 19:56:30,7928.5,719519,7929.0,494635,2820,6102,-3282,224884,0.5
1900-01-23 19:56:45,7928.5,735567,7929.0,484064,1,3529,-3528,251503,0.5
1900-01-23 19:57:00,7928.0,47583,7928.5,412764,11938,54221,-42283,-365181,0.5
1900-01-23 19:57:15,7928.0,988423,7928.5,148180,28053,27006,1047,840243,0.5
1900-01-23 19:57:30,7928.0,971175,7928.5,139487,6501,32001,-25500,831688,0.5
1900-01-23 19:57:45,7928.0,967491,7928.5,60418,42845,3602,39243,907073,0.5
1900-01-23 19:58:00,7928.5,1314467,7929.0,84281,262061,20661,241400,1230186,0.5
1900-01-23 19:58:15,7928.5,919780,7929.0,181567,70608,30,70578,738213,0.5
1900-01-23 19:58:30,7928.5,1243432,7929.0,79004,113646,7041,106605,1164428,0.5
1900-01-23 19:58:45,7929.5,983163,7930.0,7557,100584,45,100539,975606,0.5
1900-01-23 19:59:00,7931.5,550175,7932.0,386464,46452,4205,42247,163711,0.5
1900-01-23 19:59:15,7931.5,706695,7932.0,57122,110086,1000,109086,649573,0.5
1900-01-23 19:59:30,7932.0,1147940,7932.5,31452,38764,650,38114,1116488,0.5
1900-01-23 19:59:45,7932.0,1489649,7932.5,952,20924,7657,13267,1488697,0.5
1900-01-23 20:00:00,7934.0,778596,7934.5,65499,4841,18461,-13620,713097,0.5
1900-01-23 20:00:15,7939.5,407245,7940.0,432316,223013,27141,195872,-25071,0.5
1900-01-23 20:00:30,7939.5,401133,7940.0,323667,120804,18213,102591,77466,0.5
1900-01-23 20:00:45,7942.0,447454,7942.5,10188,193523,264146,-70623,437266,0.5
1900-01-23 20:01:00,7942.5,742542,7943.0,406202,105670,33316,72354,336340,0.5
1900-01-23 20:01:15,7942.5,816574,7943.0,276107,136882,18647,118235,540467,0.5
1900-01-23 20:01:30,7942.5,908393,7943.0,223591,85994,2100,83894,684802,0.5
1900-01-23 20:01:45,7941.5,80,7942.0,562429,47948,326816,-278868,-562349,0.5
1900-01-23 20:02:00,7939.5,499173,7940.0,358989,25298,369926,-344628,140184,0.5
1900-01-23 20:02:15,7934.0,226073,7934.5,480175,5042,278667,-273625,-254102,0.5
1900-01-23 20:02:30,7929.5,917348,7930.0,5858,20190,160235,-140045,911490,0.5
1900-01-23 20:02:45,7934.5,560398,7935.0,651255,9925,38614,-28689,-90857,0.5
1900-01-23 20:03:00,7934.5,938831,7935.0,275224,86446,33006,53440,663607,0.5
1900-01-23 20:03:15,7934.5,499066,7935.0,704977,16921,16299,622,-205911,0.5
1900-01-23 20:03:30,7934.5,502858,7935.0,732342,4600,35134,-30534,-229484,0.5
1900-01-23 20:03:45,7934.0,6622,7934.5,952632,2000,221798,-219798,-946010,0.5
1900-01-23 20:04:00,7929.5,527136,7930.0,752316,10078,74734,-64656,-225180,0.5
1900-01-23 20:04:15,7929.5,1304896,7930.0,49829,14447,43528,-29081,1255067,0.5
1900-01-23 20:04:30,7931.0,1051341,7931.5,27147,7822,20937,-13115,1024194,0.5
1900-01-23 20:04:45,7935.0,492938,7935.5,227031,35249,201,35048,265907,0.5
1900-01-23 20:05:00,7929.0,489591,7929.5,614463,15528,23895,-8367,-124872,0.5
1900-01-23 20:05:15,7929.0,1083968,7929.5,87906,72616,67161,5455,996062,0.5
1900-01-23 20:05:30,7931.5,22,7932.0,403227,27956,21022,6934,-403205,0.5
1900-01-23 20:05:45,7929.5,30123,7930.0,1284452,3022,16155,-13133,-1254329,0.5
1900-01-23 20:06:00,7926.0,369297,7926.5,692450,20957,226072,-205115,-323153,0.5
1900-01-23 20:06:15,7924.5,64192,7925.0,918206,269,55225,-54956,-854014,0.5
1900-01-23 20:06:30,7924.0,63070,7924.5,2772,43088,25830,17258,60298,0.5
1900-01-23 20:06:45,7921.0,33303,7921.5,946279,6398,135068,-128670,-912976,0.5
1900-01-23 20:07:00,7919.5,29255,7920.0,1097964,15096,213259,-198163,-1068709,0.5
1900-01-23 20:07:15,7917.5,536058,7918.0,346029,31532,101214,-69682,190029,0.5
1900-01-23 20:07:30,7917.5,25625,7918.0,592359,114638,198452,-83814,-566734,0.5
1900-01-23 20:07:45,7917.0,32349,7917.5,1112635,3010,69848,-66838,-1080286,0.5
1900-01-23 20:08:00,7915.0,366480,7915.5,6739,2019,75522,-73503,359741,0.5
1900-01-23 20:08:15,7917.5,1030783,7918.0,2101,43147,55226,-12079,1028682,0.5
1900-01-23 20:08:30,7920.0,253839,7920.5,251,36100,1060,35040,253588,0.5
1900-01-23 20:08:45,7941.5,80728,7942.0,1188622,369437,105514,263923,-1107894,0.5
1900-01-23 20:09:00,7935.5,787219,7936.0,85022,57483,51384,6099,702197,0.5
1900-01-23 20:09:15,7942.0,135668,7942.5,575567,371719,153210,218509,-439899,0.5
1900-01-23 20:09:30,7939.5,537569,7940.0,530172,214843,22822,192021,7397,0.5
1900-01-23 20:09:45,7939.5,444877,7940.0,547307,90269,101361,-11092,-102430,0.5
1900-01-23 20:10:00,7938.0,17761,7938.5,939024,9504,256384,-246880,-921263,0.5
1900-01-23 20:10:15,7937.0,42856,7937.5,988963,10001,181643,-171642,-946107,0.5
1900-01-23 20:10:30,7932.5,757981,7933.0,190594,12801,119213,-106412,567387,0.5
1900-01-23 20:10:45,7932.5,102428,7933.0,732817,10972,2760,8212,-630389,0.5
1900-01-23 20:11:00,7935.5,1584754,7936.0,16248,3725,59240,-55515,1568506,0.5
1900-01-23 20:11:15,7940.0,552901,7940.5,19448,104190,10135,94055,533453,0.5
1900-01-23 20:11:30,7943.5,354068,7944.0,70629,62942,23551,39391,283439,0.5
1900-01-23 20:11:45,7942.5,283414,7943.0,356440,31436,48410,-16974,-73026,0.5
1900-01-23 20:12:00,7942.5,519238,7943.0,66294,9703,3263,6440,452944,0.5
1900-01-23 20:12:15,7940.0,574000,7940.5,1570249,8031,87306,-79275,-996249,0.5
1900-01-23 20:12:30,7935.5,50,7936.0,913127,2501,698484,-695983,-913077,0.5
1900-01-23 20:12:45,7923.5,5611,7924.0,484452,8923,466987,-458064,-478841,0.5
1900-01-23 20:13:00,7915.5,10243,7916.0,942820,14983,212073,-197090,-932577,0.5
1900-01-23 20:13:15,7917.0,1068313,7917.5,99106,257166,95233,161933,969207,0.5
1900-01-23 20:13:30,7917.0,1006356,7917.5,112749,316536,17506,299030,893607,0.5
1900-01-23 20:13:45,7919.0,922483,7919.5,50214,9354,1097,8257,872269,0.5
1900-01-23 20:14:00,7921.5,127321,7922.0,462809,80334,6265,74069,-335488,0.5
1900-01-23 20:14:15,7922.0,1234078,7922.5,60597,36199,3824,32375,1173481,0.5
1900-01-23 20:14:30,7924.0,411993,7924.5,23743,13550,100,13450,388250,0.5
1900-01-23 20:14:45,7928.5,91492,7929.0,1110972,9413,11579,-2166,-1019480,0.5
1900-01-23 20:15:00,7926.5,15539,7927.0,1080989,39129,35561,3568,-1065450,0.5
1900-01-23 20:15:15,7926.0,442762,7926.5,1269601,8448,580370,-571922,-826839,0.5
1900-01-23 20:15:30,7926.0,246850,7926.5,1460799,5361,197290,-191929,-1213949,0.5
1900-01-23 20:15:45,7926.0,329267,7926.5,746776,690,84901,-84211,-417509,0.5
1900-01-23 20:16:00,7917.5,10435,7918.0,118665,11495,187411,-175916,-108230,0.5
1900-01-23 20:16:15,7901.0,42814,7901.5,237868,7143,692529,-685386,-195054,0.5
1900-01-23 20:16:30,7900.0,29139,7900.5,295432,131425,453267,-321842,-266293,0.5
1900-01-23 20:16:45,7883.5,8596,7889.0,18881,106236,307814,-201578,-10285,5.5
1900-01-23 20:17:00,7870.5,3977,7871.5,3001,128672,706052,-577380,976,1.0
1900-01-23 20:17:15,7835.0,233717,7849.0,1111,133470,1096663,-963193,232606,14.0
1900-01-23 20:17:30,7810.0,191926,7828.0,439317,587151,1503975,-916824,-247391,18.0
1900-01-23 20:17:45,7813.5,18239,7820.5,1306918,1103956,1366956,-263000,-1288679,7.0
1900-01-23 20:18:00,7804.0,1196,7820.5,15476,480863,1042782,-561919,-14280,16.5
1900-01-23 20:18:15,7840.0,41596,7845.0,14700,340206,924717,-584511,26896,5.0
1900-01-23 20:18:30,7840.5,252573,7841.0,232108,168451,206159,-37708,20465,0.5
1900-01-23 20:18:45,7842.0,350251,7842.5,159117,501258,269279,231979,191134,0.5
1900-01-23 20:19:00,7846.5,1419057,7847.0,346894,406378,346984,59394,1072163,0.5
1900-01-23 20:19:15,7846.5,1259749,7847.0,364922,441001,312039,128962,894827,0.5
1900-01-23 20:19:30,7851.0,872229,7852.5,20110,523006,159224,363782,852119,1.5
1900-01-23 20:19:45,7857.5,5008,7858.0,67421,915117,171623,743494,-62413,0.5
1900-01-23 20:20:00,7853.0,57629,7853.5,1473646,280193,111876,168317,-1416017,0.5
1900-01-23 20:20:15,7850.0,120806,7850.5,802443,35337,686850,-651513,-681637,0.5
1900-01-23 20:20:30,7845.0,25734,7845.5,37731,46627,870229,-823602,-11997,0.5
1900-01-23 20:20:45,7830.5,1456569,7831.0,770377,35815,579266,-543451,686192,0.5
1900-01-23 20:21:00,7830.5,23673,7831.0,249658,279820,645481,-365661,-225985,0.5
1900-01-23 20:21:15,7806.5,91102,7811.0,107015,59899,474050,-414151,-15913,4.5
1900-01-23 20:21:30,7799.5,60654,7800.0,188728,263380,1054938,-791558,-128074,0.5
1900-01-23 20:21:45,7794.0,20000,7794.5,264800,233188,2832128,-2598940,-244800,0.5
1900-01-23 20:22:00,7779.0,116342,7780.0,14798,353611,1082080,-728469,101544,1.0
1900-01-23 20:22:15,7741.5,32786,7750.0,3200,946377,1146167,-199790,29586,8.5
1900-01-23 20:22:30,7729.5,2849,7739.5,17664,67549,2883890,-2816341,-14815,10.0
1900-01-23 20:22:45,7664.0,20932,7669.0,500,176155,2265489,-2089334,20432,5.0
1900-01-23 20:23:00,7669.5,72187,7670.0,5746249,874130,4519043,-3644913,-5674062,0.5
1900-01-23 20:23:15,7687.5,20000,7692.0,33276,5727755,916149,4811606,-13276,4.5
1900-01-23 20:23:30,7704.5,19908,7705.0,34871,785994,477446,308548,-14963,0.5
1900-01-23 20:23:45,7713.0,6367,7715.5,63487,696399,590631,105768,-57120,2.5
1900-01-23 20:24:00,7721.0,136866,7721.5,1403,562211,346557,215654,135463,0.5
1900-01-23 20:24:15,7723.5,62595,7724.0,14944,660913,286976,373937,47651,0.5
1900-01-23 20:24:30,7738.0,80351,7738.5,180130,1429190,399608,1029582,-99779,0.5
1900-01-23 20:24:45,7757.5,1027,7758.0,1163,1589757,141834,1447923,-136,0.5
1900-01-23 20:25:00,7754.0,264511,7754.5,56543,1557425,146968,1410457,207968,0.5
1900-01-23 20:25:15,7753.0,929099,7753.5,54240,452518,209930,242588,874859,0.5
1900-01-23 20:25:30,7768.0,48370,7768.5,4800,573851,162096,411755,43570,0.5
1900-01-23 20:25:45,7765.5,884229,7766.0,151220,289655,374612,-84957,733009,0.5
1900-01-23 20:26:00,7773.5,28271,7774.0,21443,850130,182438,667692,6828,0.5
1900-01-23 20:26:15,7788.0,44000,7793.0,6047,653766,113237,540529,37953,5.0
1900-01-23 20:26:30,7806.5,147845,7807.0,108217,1343755,897409,446346,39628,0.5
1900-01-23 20:26:45,7799.5,36288,7800.0,385051,1043519,788612,254907,-348763,0.5
1900-01-23 20:27:00,7794.5,15880,7795.0,1034541,283776,539000,-255224,-1018661,0.5
1900-01-23 20:27:15,7784.5,547805,7785.0,302237,117699,694495,-576796,245568,0.5
1900-01-23 20:27:30,7783.5,10000,7784.5,1,212035,672675,-460640,9999,1.0
1900-01-23 20:27:45,7795.0,318998,7796.0,40085,232594,64072,168522,278913,1.0
1900-01-23 20:28:00,7796.0,255412,7797.5,1076041,361172,384326,-23154,-820629,1.5
1900-01-23 20:28:15,7800.0,1007643,7800.5,60694,160047,166189,-6142,946949,0.5
1900-01-23 20:28:30,7822.5,33793,7823.0,954,1166964,28617,1138347,32839,0.5
1900-01-23 20:28:45,7820.0,585503,7820.5,376203,519611,147820,371791,209300,0.5
1900-01-23 20:29:00,7824.5,355837,7825.0,613095,886007,254645,631362,-257258,0.5
1900-01-23 20:29:15,7825.5,281891,7826.0,398161,1003122,52725,950397,-116270,0.5
1900-01-23 20:29:30,7836.5,20000,7837.0,29251,758237,770960,-12723,-9251,0.5
1900-01-23 20:29:45,7833.5,438696,7834.0,454806,214575,2645792,-2431217,-16110,0.5
1900-01-23 20:30:00,7824.5,14262,7825.0,62055,65622,857305,-791683,-47793,0.5
1900-01-23 20:30:15,7820.0,717623,7820.5,212460,85676,427077,-341401,505163,0.5
1900-01-23 20:30:30,7817.0,239807,7818.0,448619,33050,1403084,-1370034,-208812,1.0
1900-01-23 20:30:45,7810.0,468139,7810.5,111558,9322,1239264,-1229942,356581,0.5
1900-01-23 20:31:00,7814.5,14095,7815.0,435907,232703,298433,-65730,-421812,0.5
1900-01-23 20:31:15,7823.0,882984,7823.5,29748,208501,80344,128157,853236,0.5
1900-01-23 20:31:30,7813.5,99631,7814.0,62893,109542,381007,-271465,36738,0.5
1900-01-23 20:31:45,7776.5,17750,7777.0,3333,121889,1880150,-1758261,14417,0.5
1900-01-23 20:32:00,7781.0,3936,7781.5,80480,406338,474645,-68307,-76544,0.5
1900-01-23 20:32:15,7791.5,26825,7792.0,43589,213942,259132,-45190,-16764,0.5
1900-01-23 20:32:30,7801.5,2891,7803.5,777,541751,39584,502167,2114,2.0
1900-01-23 20:32:45,7802.0,370139,7802.5,174281,239800,137376,102424,195858,0.5
1900-01-23 20:33:00,7804.0,10653,7804.5,31225,201620,161199,40421,-20572,0.5
1900-01-23 20:33:15,7822.5,78313,7823.0,182143,893024,51664,841360,-103830,0.5
1900-01-23 20:33:30,7812.5,43304,7813.0,396644,180515,193642,-13127,-353340,0.5
1900-01-23 20:33:45,7810.0,373275,7810.5,998357,49789,484026,-434237,-625082,0.5
1900-01-23 20:34:00,7801.0,6951,7801.5,371871,1927,437545,-435618,-364920,0.5
1900-01-23 20:34:15,7807.0,98452,7807.5,3760,188814,186434,2380,94692,0.5
1900-01-23 20:34:30,7814.5,307497,7815.0,141393,97476,36882,60594,166104,0.5
1900-01-23 20:34:45,7819.0,90785,7819.5,17868,150783,6202,144581,72917,0.5
1900-01-23 20:35:00,7830.0,2080114,7830.5,227411,205013,94374,110639,1852703,0.5
1900-01-23 20:35:15,7827.5,413,7829.5,10000,383965,1539541,-1155576,-9587,2.0
1900-01-23 20:35:30,7814.5,83196,7815.0,73092,108603,298161,-189558,10104,0.5
1900-01-23 20:35:45,7822.0,219329,7822.5,301733,55299,106899,-51600,-82404,0.5
1900-01-23 20:36:00,7827.5,100025,7828.0,1361,154880,114178,40702,98664,0.5
1900-01-23 20:36:15,7827.5,421869,7828.0,317105,125704,210723,-85019,104764,0.5
1900-01-23 20:36:30,7815.0,20959,7816.0,33711,40855,301206,-260351,-12752,1.0
1900-01-23 20:36:45,7800.0,83711,7800.5,377737,28370,150797,-122427,-294026,0.5
1900-01-23 20:37:00,7808.5,17040,7809.0,49171,335310,53639,281671,-32131,0.5
1900-01-23 20:37:15,7815.5,482674,7816.0,51955,128258,38492,89766,430719,0.5
1900-01-23 20:37:30,7819.0,233404,7819.5,214168,101857,22412,79445,19236,0.5
1900-01-23 20:37:45,7803.5,11657,7804.0,308248,47409,285208,-237799,-296591,0.5
1900-01-23 20:38:00,7801.0,104053,7801.5,4188,89763,72558,17205,99865,0.5
1900-01-23 20:38:15,7814.5,448443,7815.0,139050,234956,23486,211470,309393,0.5
1900-01-23 20:38:30,7819.0,616,7819.5,652,171116,63307,107809,-36,0.5
1900-01-23 20:38:45,7810.0,524600,7810.5,521093,58318,357403,-299085,3507,0.5
1900-01-23 20:39:00,7819.5,989518,7820.0,85370,364776,65265,299511,904148,0.5
1900-01-23 20:39:15,7836.0,8000,7836.5,27292,332131,9969,322162,-19292,0.5
1900-01-23 20:39:30,7851.5,41900,7852.0,125130,581695,31993,549702,-83230,0.5
1900-01-23 20:39:45,7836.0,11923,7837.0,5000,477924,452831,25093,6923,1.0
1900-01-23 20:40:00,7836.5,44708,7837.0,12988,227909,253382,-25473,31720,0.5
1900-01-23 20:40:15,7850.5,110095,7851.0,418387,367336,124562,242774,-308292,0.5
1900-01-23 20:40:30,7838.5,729604,7839.0,115885,71483,199771,-128288,613719,0.5
1900-01-23 20:40:45,7849.5,502103,7850.0,181299,204253,13906,190347,320804,0.5
1900-01-23 20:41:00,7840.0,351505,7840.5,216341,86040,351307,-265267,135164,0.5
1900-01-23 20:41:15,7846.0,376139,7846.5,159566,327416,81906,245510,216573,0.5
1900-01-23 20:41:30,7840.0,302967,7840.5,542103,78863,84738,-5875,-239136,0.5
1900-01-23 20:41:45,7847.5,357416,7848.0,53263,202710,165470,37240,304153,0.5
1900-01-23 20:42:00,7840.0,76923,7841.5,208694,189463,262064,-72601,-131771,1.5
1900-01-23 20:42:15,7837.5,13416,7838.0,486992,33309,165608,-132299,-473576,0.5
1900-01-23 20:42:30,7832.5,411834,7833.0,70295,160900,209737,-48837,341539,0.5
1900-01-23 20:42:45,7828.5,65284,7829.0,214726,223652,102072,121580,-149442,0.5
1900-01-23 20:43:00,7830.0,332089,7830.5,352264,123371,108720,14651,-20175,0.5
1900-01-23 20:43:15,7830.0,987374,7830.5,656471,22900,235215,-212315,330903,0.5
1900-01-23 20:43:30,7833.0,200000,7835.0,1526,897305,135790,761515,198474,2.0
1900-01-23 20:43:45,7832.5,38295,7833.0,813562,79692,76808,2884,-775267,0.5
1900-01-23 20:44:00,7832.5,810866,7833.0,314868,60767,262964,-202197,495998,0.5
1900-01-23 20:44:15,7838.5,18100,7839.0,22134,1169815,53810,1116005,-4034,0.5
1900-01-23 20:44:30,7841.5,7534,7842.0,1335707,237959,164247,73712,-1328173,0.5
1900-01-23 20:44:45,7839.0,529975,7839.5,142969,138998,100877,38121,387006,0.5
1900-01-23 20:45:00,7833.5,839183,7834.0,513019,7833,348243,-340410,326164,0.5
1900-01-23 20:45:15,7839.0,1060603,7839.5,298279,139263,71755,67508,762324,0.5
1900-01-23 20:45:30,7830.0,41147,7830.5,395015,33507,115493,-81986,-353868,0.5
1900-01-23 20:45:45,7828.5,867619,7829.0,905233,10730,93982,-83252,-37614,0.5
1900-01-23 20:46:00,7828.5,845384,7829.0,416839,76756,357632,-280876,428545,0.5
1900-01-23 20:46:15,7828.0,916212,7828.5,898042,24200,74688,-50488,18170,0.5
1900-01-23 20:46:30,7829.0,663309,7829.5,3703,735234,87772,647462,659606,0.5
1900-01-23 20:46:45,7832.5,14080,7833.0,317405,280391,45322,235069,-303325,0.5
1900-01-23 20:47:00,7832.0,477515,7832.5,519914,59487,37278,22209,-42399,0.5
1900-01-23 20:47:15,7832.0,760686,7832.5,155860,45392,171579,-126187,604826,0.5
1900-01-23 20:47:30,7832.0,415595,7832.5,592911,19422,85551,-66129,-177316,0.5
1900-01-23 20:47:45,7832.0,429428,7832.5,543305,2501,119070,-116569,-113877,0.5
1900-01-23 20:48:00,7832.0,203949,7832.5,486347,115140,85135,30005,-282398,0.5
1900-01-23 20:48:15,7828.0,20616,7828.5,945961,9807,299104,-289297,-925345,0.5
1900-01-23 20:48:30,7828.0,515282,7828.5,930057,68121,117193,-49072,-414775,0.5
1900-01-23 20:48:45,7825.0,14993,7825.5,480773,24259,220791,-196532,-465780,0.5
1900-01-23 20:49:00,7822.0,546887,7822.5,566057,111938,96698,15240,-19170,0.5
1900-01-23 20:49:15,7822.0,948681,7822.5,228465,85926,165090,-79164,720216,0.5
1900-01-23 20:49:30,7828.0,528596,7828.5,46712,289520,140717,148803,481884,0.5
1900-01-23 20:49:45,7824.5,1461680,7825.0,197651,96290,75070,21220,1264029,0.5
1900-01-23 20:50:00,7847.5,147456,7848.0,16006,1765745,50640,1715105,131450,0.5
1900-01-23 20:50:15,7829.0,50976,7829.5,175434,265421,203393,62028,-124458,0.5
1900-01-23 20:50:30,7842.5,175754,7843.0,34952,86846,10857,75989,140802,0.5
1900-01-23 20:50:45,7842.5,354169,7843.0,434235,23885,20485,3400,-80066,0.5
1900-01-23 20:51:00,7842.5,719181,7843.0,216110,75375,130239,-54864,503071,0.5
1900-01-23 20:51:15,7847.0,528794,7847.5,128807,59013,11835,47178,399987,0.5
1900-01-23 20:51:30,7845.0,12592,7845.5,542123,30324,180013,-149689,-529531,0.5
1900-01-23 20:51:45,7837.5,5560,7838.5,315634,1713,24353,-22640,-310074,1.0
1900-01-23 20:52:00,7843.5,468218,7844.0,40146,14770,3739,11031,428072,0.5
1900-01-23 20:52:15,7839.5,7590,7840.0,516279,17920,32028,-14108,-508689,0.5
1900-01-23 20:52:30,7837.5,1121540,7838.0,107757,61947,40702,21245,1013783,0.5
1900-01-23 20:52:45,7837.5,682511,7838.0,358631,30941,108613,-77672,323880,0.5
1900-01-23 20:53:00,7837.0,280406,7837.5,327308,8581,58767,-50186,-46902,0.5
1900-01-23 20:53:15,7836.0,393550,7836.5,5718004,9587,24546,-14959,-5324454,0.5
1900-01-23 20:53:30,7833.0,848786,7833.5,498114,10711,145219,-134508,350672,0.5
1900-01-23 20:53:45,7833.0,1023606,7833.5,58189,230504,28573,201931,965417,0.5
1900-01-23 20:54:00,7842.0,230384,7842.5,339363,24611,123436,-98825,-108979,0.5
1900-01-23 20:54:15,7836.0,17290,7836.5,184482,11676,272425,-260749,-167192,0.5
1900-01-23 20:54:30,7835.0,506929,7835.5,743537,65746,107955,-42209,-236608,0.5
1900-01-23 20:54:45,7835.0,463087,7835.5,735047,22993,97374,-74381,-271960,0.5
1900-01-23 20:55:00,7835.0,282094,7835.5,719667,8416,184195,-175779,-437573,0.5
1900-01-23 20:55:15,7835.0,580620,7835.5,328617,89052,96310,-7258,252003,0.5
1900-01-23 20:55:30,7835.0,240651,7835.5,605202,4999,6527,-1528,-364551,0.5
1900-01-23 20:55:45,7833.0,564473,7833.5,828524,67389,100512,-33123,-264051,0.5
1900-01-23 20:56:00,7833.0,1360563,7833.5,100439,58480,193141,-134661,1260124,0.5
1900-01-23 20:56:15,7840.0,852101,7840.5,41562,166373,64869,101504,810539,0.5
1900-01-23 20:56:30,7843.0,175397,7843.5,547160,90470,20128,70342,-371763,0.5
1900-01-23 20:56:45,7840.0,704948,7840.5,318368,36876,101559,-64683,386580,0.5
1900-01-23 20:57:00,7840.0,702433,7840.5,1851002,13630,111058,-97428,-1148569,0.5
1900-01-23 20:57:15,7840.0,949747,7840.5,1855363,16428,54507,-38079,-905616,0.5
1900-01-23 20:57:30,7840.0,81460,7840.5,2589345,5030,134478,-129448,-2507885,0.5
1900-01-23 20:57:45,7840.0,2923,7840.5,2656206,19702,43331,-23629,-2653283,0.5
1900-01-23 20:58:00,7839.5,155716,7840.0,2244903,42602,89139,-46537,-2089187,0.5
1900-01-23 20:58:15,7832.5,35276,7833.0,15000,1794,1248715,-1246921,20276,0.5
1900-01-23 20:58:30,7832.5,693319,7833.0,755179,34901,33427,1474,-61860,0.5
1900-01-23 20:58:45,7832.5,821356,7833.0,1982574,18562,58533,-39971,-1161218,0.5
1900-01-23 20:59:00,7832.5,426247,7833.0,1841791,3050,207265,-204215,-1415544,0.5
1900-01-23 20:59:15,7832.5,115338,7833.0,2180284,5019,169181,-164162,-2064946,0.5
1900-01-23 20:59:30,7829.5,23016,7830.0,939130,10191,159256,-149065,-916114,0.5
1900-01-23 20:59:45,7829.5,706906,7830.0,851932,5752,35518,-29766,-145026,0.5
1900-01-23 21:00:00,7829.5,1363474,7830.0,957959,24825,357835,-333010,405515,0.5
1900-01-23 21:00:15,7829.5,908937,7830.0,1004915,50350,346182,-295832,-95978,0.5
1900-01-23 21:00:30,7831.0,896122,7831.5,32489,67461,120886,-53425,863633,0.5
1900-01-23 21:00:45,7833.5,34110,7834.0,141071,279174,117731,161443,-106961,0.5
1900-01-23 21:01:00,7830.5,799943,7831.0,419513,2652,38918,-36266,380430,0.5
1900-01-23 21:01:15,7829.5,219472,7830.0,989283,10450,621569,-611119,-769811,0.5
1900-01-23 21:01:30,7820.0,57402,7820.5,258860,6273,422887,-416614,-201458,0.5
1900-01-23 21:01:45,7812.0,96776,7812.5,217842,4290,188851,-184561,-121066,0.5
1900-01-23 21:02:00,7819.5,185278,7820.0,480343,102972,265099,-162127,-295065,0.5
1900-01-23 21:02:15,7819.0,6230,7820.0,748928,29369,66289,-36920,-742698,1.0
1900-01-23 21:02:30,7814.5,270417,7815.0,2936,138696,163555,-24859,267481,0.5
1900-01-23 21:02:45,7814.5,715328,7815.0,149991,59786,25792,33994,565337,0.5
1900-01-23 21:03:00,7814.5,14773,7815.0,771327,97951,13875,84076,-756554,0.5
1900-01-23 21:03:15,7814.5,556334,7815.0,223607,2400,91691,-89291,332727,0.5
1900-01-23 21:03:30,7814.5,30232,7815.0,1038156,30924,27002,3922,-1007924,0.5
1900-01-23 21:03:45,7811.5,24745,7812.0,892600,14408,94333,-79925,-867855,0.5
1900-01-23 21:04:00,7807.0,296771,7807.5,648071,13111,598285,-585174,-351300,0.5
1900-01-23 21:04:15,7807.0,657590,7807.5,497610,8256,48672,-40416,159980,0.5
1900-01-23 21:04:30,7816.5,641103,7817.0,154,112167,70518,41649,640949,0.5
1900-01-23 21:04:45,7815.0,7076,7815.5,509994,40006,14456,25550,-502918,0.5
1900-01-23 21:05:00,7810.0,58896,7810.5,1354301,31717,14852,16865,-1295405,0.5
1900-01-23 21:05:15,7808.0,7752,7808.5,445336,66002,73659,-7657,-437584,0.5
1900-01-23 21:05:30,7807.5,188945,7808.0,649755,20286,99793,-79507,-460810,0.5
1900-01-23 21:05:45,7806.0,6102,7806.5,763081,12474,25919,-13445,-756979,0.5
1900-01-23 21:06:00,7805.5,67716,7806.0,709171,19503,77208,-57705,-641455,0.5
1900-01-23 21:06:15,7803.5,11108,7804.0,1190304,62925,34113,28812,-1179196,0.5
1900-01-23 21:06:30,7797.5,75742,7798.0,847549,14186,521191,-507005,-771807,0.5
1900-01-23 21:06:45,7789.0,300533,7789.5,210126,83605,1624094,-1540489,90407,0.5
1900-01-23 21:07:00,7799.5,24569,7800.0,12330,264949,65926,199023,12239,0.5
1900-01-23 21:07:15,7805.0,258910,7805.5,4512,348483,30952,317531,254398,0.5
1900-01-23 21:07:30,7803.5,21162,7804.0,1256198,212442,42569,169873,-1235036,0.5
1900-01-23 21:07:45,7795.0,195603,7795.5,557680,69344,123905,-54561,-362077,0.5
1900-01-23 21:08:00,7790.0,14470,7790.5,31153,23445,195493,-172048,-16683,0.5
1900-01-23 21:08:15,7796.0,219825,7796.5,293973,81498,111727,-30229,-74148,0.5
1900-01-23 21:08:30,7792.5,543678,7793.0,315983,48333,103618,-55285,227695,0.5
1900-01-23 21:08:45,7793.0,956089,7793.5,116671,122981,61227,61754,839418,0.5
1900-01-23 21:09:00,7795.0,789525,7795.5,292502,160721,5281,155440,497023,0.5
1900-01-23 21:09:15,7797.0,707028,7797.5,91409,180121,1804,178317,615619,0.5
1900-01-23 21:09:30,7804.5,699810,7805.0,73489,110432,43020,67412,626321,0.5
1900-01-23 21:09:45,7809.0,97306,7809.5,812431,211854,38561,173293,-715125,0.5
1900-01-23 21:10:00,7809.0,203672,7809.5,896584,24652,47311,-22659,-692912,0.5
1900-01-23 21:10:15,7809.0,182271,7809.5,794376,27209,20916,6293,-612105,0.5
1900-01-23 21:10:30,7807.0,25940,7807.5,1057464,5290,41907,-36617,-1031524,0.5
1900-01-23 21:10:45,7805.0,82135,7805.5,852319,33318,228196,-194878,-770184,0.5
1900-01-23 21:11:00,7803.5,495093,7804.0,671708,96228,111308,-15080,-176615,0.5
1900-01-23 21:11:15,7803.5,417354,7804.0,686997,19100,143799,-124699,-269643,0.5
1900-01-23 21:11:30,7801.5,638500,7802.0,371016,15057,66544,-51487,267484,0.5
1900-01-23 21:11:45,7797.0,228227,7797.5,234360,98605,95375,3230,-6133,0.5
1900-01-23 21:12:00,7802.0,16535,7802.5,518598,108316,28714,79602,-502063,0.5
1900-01-23 21:12:15,7802.0,170788,7802.5,599962,22312,16442,5870,-429174,0.5
1900-01-23 21:12:30,7802.0,70563,7802.5,900244,15900,103953,-88053,-829681,0.5
1900-01-23 21:12:45,7800.0,531533,7800.5,407106,10320,103517,-93197,124427,0.5
1900-01-23 21:13:00,7800.0,934041,7800.5,391583,46821,15010,31811,542458,0.5
1900-01-23 21:13:15,7800.5,603497,7801.0,19733,207834,15719,192115,583764,0.5
1900-01-23 21:13:30,7802.0,600221,7802.5,234670,37494,11576,25918,365551,0.5
1900-01-23 21:13:45,7803.0,530185,7803.5,9555,37281,473,36808,520630,0.5
1900-01-23 21:14:00,7804.5,683540,7805.0,506590,418932,44347,374585,176950,0.5
1900-01-23 21:14:15,7804.5,635431,7805.0,343194,212454,5561,206893,292237,0.5
1900-01-23 21:14:30,7804.5,1413238,7805.0,401748,74756,12225,62531,1011490,0.5
1900-01-23 21:14:45,7811.0,2000,7811.5,9537,225119,10600,214519,-7537,0.5
1900-01-23 21:15:00,7816.0,243816,7816.5,902916,176976,2686,174290,-659100,0.5
1900-01-23 21:15:15,7816.0,946331,7816.5,357760,108406,45614,62792,588571,0.5
1900-01-23 21:15:30,7816.0,1013017,7816.5,267086,101983,2354,99629,745931,0.5
1900-01-23 21:15:45,7819.5,634859,7820.0,183840,225276,1000,224276,451019,0.5
1900-01-23 21:16:00,7822.0,273325,7822.5,571324,131881,5717,126164,-297999,0.5
1900-01-23 21:16:15,7823.5,658031,7824.0,19158,37750,30600,7150,638873,0.5
1900-01-23 21:16:30,7824.0,372553,7824.5,429382,171390,5701,165689,-56829,0.5
1900-01-23 21:16:45,7813.0,49434,7813.5,20000,121696,220947,-99251,29434,0.5
1900-01-23 21:17:00,7810.5,540664,7811.0,506676,30328,36086,-5758,33988,0.5
1900-01-23 21:17:15,7810.5,25758,7811.0,950471,6098,56169,-50071,-924713,0.5
1900-01-23 21:17:30,7803.5,346175,7804.0,661899,4905,226882,-221977,-315724,0.5
1900-01-23 21:17:45,7797.5,453954,7798.0,410914,79346,170660,-91314,43040,0.5
1900-01-23 21:18:00,7797.5,517277,7798.0,487082,44255,45293,-1038,30195,0.5
1900-01-23 21:18:15,7797.5,524843,7798.0,485396,35785,69806,-34021,39447,0.5
1900-01-23 21:18:30,7797.5,588862,7798.0,227510,130078,6707,123371,361352,0.5
1900-01-23 21:18:45,7804.5,490968,7805.0,467675,197310,3859,193451,23293,0.5
1900-01-23 21:19:00,7804.5,614378,7805.0,514826,71933,2745,69188,99552,0.5
1900-01-23 21:19:15,7804.5,725116,7805.0,484887,65744,23075,42669,240229,0.5
1900-01-23 21:19:30,7804.5,808879,7805.0,405784,73053,23075,49978,403095,0.5
1900-01-23 21:19:45,7804.5,550706,7805.0,385279,30692,11366,19326,165427,0.5
1900-01-23 21:20:00,7804.5,632569,7805.0,681123,94342,2510,91832,-48554,0.5
1900-01-23 21:20:15,7804.5,631412,7805.0,648861,31854,1009,30845,-17449,0.5
1900-01-23 21:20:30,7804.5,639068,7805.0,635965,16206,2210,13996,3103,0.5
1900-01-23 21:20:45,7804.5,713440,7805.0,671936,13183,2110,11073,41504,0.5
1900-01-23 21:21:00,7804.5,702274,7805.0,662066,9870,7717,2153,40208,0.5
1900-01-23 21:21:15,7804.5,511925,7805.0,614572,12780,17841,-5061,-102647,0.5
1900-01-23 21:21:30,7804.5,554998,7805.0,618278,8979,107657,-98678,-63280,0.5
1900-01-23 21:21:45,7804.5,663595,7805.0,616812,20416,2501,17915,46783,0.5
1900-01-23 21:22:00,7804.5,723316,7805.0,661523,11350,5771,5579,61793,0.5
1900-01-23 21:22:15,7804.5,746715,7805.0,640707,5177,7391,-2214,106008,0.5
1900-01-23 21:22:30,7804.5,539178,7805.0,892754,49100,407,48693,-353576,0.5
1900-01-23 21:22:45,7804.5,729804,7805.0,898574,18100,13121,4979,-168770,0.5
1900-01-23 21:23:00,7804.5,728357,7805.0,863247,34206,6551,27655,-134890,0.5
1900-01-23 21:23:15,7803.0,5836,7803.5,739217,14407,202826,-188419,-733381,0.5
1900-01-23 21:23:30,7796.5,175868,7797.0,627136,8019,100157,-92138,-451268,0.5
1900-01-23 21:23:45,7790.0,13575,7790.5,306169,18878,165956,-147078,-292594,0.5
1900-01-23 21:24:00,7785.0,46244,7785.5,1124630,22605,278353,-255748,-1078386,0.5
1900-01-23 21:24:15,7768.0,161148,7768.5,8000,29452,747681,-718229,153148,0.5
1900-01-23 21:24:30,7760.5,482940,7761.0,82437,407424,1129397,-721973,400503,0.5
1900-01-23 21:24:45,7761.5,207282,7762.0,330448,206395,464030,-257635,-123166,0.5
1900-01-23 21:25:00,7761.0,127155,7761.5,522790,175758,454944,-279186,-395635,0.5
1900-01-23 21:25:15,7765.5,411185,7766.0,99100,108007,216128,-108121,312085,0.5
1900-01-23 21:25:30,7776.0,711248,7776.5,2954,374492,5361,369131,708294,0.5
1900-01-23 21:25:45,7779.5,284438,7780.0,185827,580328,31406,548922,98611,0.5
1900-01-23 21:26:00,7783.0,497077,7783.5,160726,314673,31883,282790,336351,0.5
1900-01-23 21:26:15,7785.0,797886,7785.5,63300,226825,21012,205813,734586,0.5
1900-01-23 21:26:30,7792.5,305875,7793.0,74277,389821,9445,380376,231598,0.5
1900-01-23 21:26:45,7797.0,251387,7797.5,68880,135509,63181,72328,182507,0.5
1900-01-23 21:27:00,7799.0,222665,7799.5,412612,63234,96707,-33473,-189947,0.5
1900-01-23 21:27:15,7784.5,351911,7785.0,245357,59107,582484,-523377,106554,0.5
1900-01-23 21:27:30,7791.5,66770,7792.0,285975,37404,142436,-105032,-219205,0.5
1900-01-23 21:27:45,7785.0,272068,7785.5,176347,41121,28054,13067,95721,0.5
1900-01-23 21:28:00,7785.0,3861,7785.5,358471,32485,97343,-64858,-354610,0.5
1900-01-23 21:28:15,7784.5,64397,7785.0,380906,35447,148193,-112746,-316509,0.5
1900-01-23 21:28:30,7786.5,125649,7787.0,22,20312,28138,-7826,125627,0.5
1900-01-23 21:28:45,7790.5,393264,7791.0,18642,26880,13438,13442,374622,0.5
1900-01-23 21:29:00,7791.0,382476,7791.5,4452,51600,2820,48780,378024,0.5
1900-01-23 21:29:15,7791.5,29645,7792.0,437323,34474,94091,-59617,-407678,0.5
1900-01-23 21:29:30,7783.5,266889,7784.0,26409,85240,58111,27129,240480,0.5
1900-01-23 21:29:45,7780.5,300307,7781.0,201053,15214,118658,-103444,99254,0.5
1900-01-23 21:30:00,7780.0,247648,7780.5,344362,18607,23342,-4735,-96714,0.5
1900-01-23 21:30:15,7780.0,99721,7780.5,570144,360,115167,-114807,-470423,0.5
1900-01-23 21:30:30,7773.5,9076,7774.0,518438,13373,70087,-56714,-509362,0.5
1900-01-23 21:30:45,7767.5,62493,7768.0,302658,29494,196361,-166867,-240165,0.5
1900-01-23 21:31:00,7769.0,383546,7769.5,50773,98321,190425,-92104,332773,0.5
1900-01-23 21:31:15,7769.0,313978,7769.5,311759,79595,41707,37888,2219,0.5
1900-01-23 21:31:30,7766.0,225325,7766.5,311283,82142,19439,62703,-85958,0.5
1900-01-23 21:31:45,7762.5,365482,7763.0,266959,18720,119808,-101088,98523,0.5
1900-01-23 21:32:00,7760.0,4067,7760.5,631567,45866,211403,-165537,-627500,0.5
1900-01-23 21:32:15,7758.5,9718,7763.0,61602,143048,315881,-172833,-51884,4.5
1900-01-23 21:32:30,7757.0,302477,7757.5,6105,114572,23651,90921,296372,0.5
1900-01-23 21:32:45,7764.5,139887,7765.0,215074,175378,67204,108174,-75187,0.5
1900-01-23 21:33:00,7765.0,71707,7765.5,203624,286528,65165,221363,-131917,0.5
1900-01-23 21:33:15,7766.0,338941,7766.5,49044,115539,21786,93753,289897,0.5
1900-01-23 21:33:30,7766.5,106204,7767.0,8444,117109,4901,112208,97760,0.5
1900-01-23 21:33:45,7770.0,257283,7770.5,117313,70683,3555,67128,139970,0.5
1900-01-23 21:34:00,7767.5,1069,7768.0,269025,28715,17644,11071,-267956,0.5
1900-01-23 21:34:15,7764.5,289372,7765.0,85680,18905,90146,-71241,203692,0.5
1900-01-23 21:34:30,7762.5,1604,7763.0,192440,34119,96284,-62165,-190836,0.5
1900-01-23 21:34:45,7766.0,270425,7766.5,95436,16229,73144,-56915,174989,0.5
1900-01-23 21:35:00,7766.5,392163,7767.0,312467,25736,117576,-91840,79696,0.5
1900-01-23 21:35:15,7768.5,764099,7769.0,17169,11502,6147,5355,746930,0.5
1900-01-23 21:35:30,7769.0,8498,7769.5,686883,106218,28803,77415,-678385,0.5
1900-01-23 21:35:45,7755.5,289246,7756.0,343277,16196,188847,-172651,-54031,0.5
1900-01-23 21:36:00,7752.0,27972,7752.5,179755,5265,144814,-139549,-151783,0.5
1900-01-23 21:36:15,7722.5,79203,7735.0,1982,40957,895999,-855042,77221,12.5
1900-01-23 21:36:30,7748.0,19496,7748.5,468062,1109791,304654,805137,-448566,0.5
1900-01-23 21:36:45,7741.0,214019,7741.5,349393,146356,302072,-155716,-135374,0.5
1900-01-23 21:37:00,7729.5,489601,7730.0,75753,757125,316442,440683,413848,0.5
1900-01-23 21:37:15,7729.5,50056,7730.0,685960,295260,420025,-124765,-635904,0.5
1900-01-23 21:37:30,7719.0,363390,7719.5,88628,89660,662946,-573286,274762,0.5
1900-01-23 21:37:45,7711.0,537771,7711.5,1260443,1208170,203240,1004930,-722672,0.5
1900-01-23 21:38:00,7709.5,218008,7710.0,345637,502085,231872,270213,-127629,0.5
1900-01-23 21:38:15,7722.0,77508,7723.5,70374,276806,144939,131867,7134,1.5
1900-01-23 21:38:30,7726.5,215587,7727.0,1089601,277989,48025,229964,-874014,0.5
1900-01-23 21:38:45,7733.5,257673,7734.0,395579,709178,26243,682935,-137906,0.5
1900-01-23 21:39:00,7733.5,564065,7734.0,340420,199811,171787,28024,223645,0.5
1900-01-23 21:39:15,7739.5,508313,7740.0,195341,312502,49181,263321,312972,0.5
1900-01-23 21:39:30,7741.5,194656,7742.0,533908,268471,34983,233488,-339252,0.5
1900-01-23 21:39:45,7732.0,151757,7732.5,202860,93234,166962,-73728,-51103,0.5
1900-01-23 21:40:00,7728.0,4303,7728.5,289893,20571,214999,-194428,-285590,0.5
1900-01-23 21:40:15,7731.0,88737,7731.5,9366,44774,207499,-162725,79371,0.5
1900-01-23 21:40:30,7732.5,243264,7733.0,142381,197302,115525,81777,100883,0.5
1900-01-23 21:40:45,7731.5,295095,7732.0,360522,154550,29074,125476,-65427,0.5
1900-01-23 21:41:00,7733.5,764925,7734.0,31827,72043,15141,56902,733098,0.5
1900-01-23 21:41:15,7736.0,521157,7736.5,22217,75970,194253,-118283,498940,0.5
1900-01-23 21:41:30,7740.0,709016,7740.5,246601,175585,21843,153742,462415,0.5
1900-01-23 21:41:45,7745.0,1148246,7745.5,33016,136074,180023,-43949,1115230,0.5
1900-01-23 21:42:00,7749.5,122331,7750.0,35958,241165,24743,216422,86373,0.5
1900-01-23 21:42:15,7750.0,7522,7750.5,407749,424510,329417,95093,-400227,0.5
1900-01-23 21:42:30,7752.0,497873,7752.5,79569,62544,55270,7274,418304,0.5
1900-01-23 21:42:45,7744.5,26515,7745.0,10000,72614,148083,-75469,16515,0.5
1900-01-23 21:43:00,7744.5,425424,7745.0,198960,209019,20944,188075,226464,0.5
1900-01-23 21:43:15,7744.5,989928,7745.0,166469,186736,118715,68021,823459,0.5
1900-01-23 21:43:30,7744.5,907307,7745.0,343913,294789,32411,262378,563394,0.5
1900-01-23 21:43:45,7741.0,2214,7741.5,94071,29046,254038,-224992,-91857,0.5
1900-01-23 21:44:00,7728.0,62923,7728.5,28542,53524,231691,-178167,34381,0.5
1900-01-23 21:44:15,7724.5,542171,7725.0,8690,98401,430509,-332108,533481,0.5
1900-01-23 21:44:30,7726.5,299634,7727.0,275,1124074,73405,1050669,299359,0.5
1900-01-23 21:44:45,7731.0,258,7731.5,11359,221706,115754,105952,-11101,0.5
1900-01-23 21:45:00,7714.5,20383,7715.0,4000,24353,1035992,-1011639,16383,0.5
1900-01-23 21:45:15,7710.0,1272142,7710.5,230862,295238,577331,-282093,1041280,0.5
1900-01-23 21:45:30,7716.5,102187,7717.0,320891,284075,634829,-350754,-218704,0.5
1900-01-23 21:45:45,7718.0,355104,7718.5,53471,534684,264505,270179,301633,0.5
1900-01-23 21:46:00,7730.0,32350,7730.5,1290,968256,127617,840639,31060,0.5
1900-01-23 21:46:15,7723.0,255556,7723.5,407854,310668,156119,154549,-152298,0.5
1900-01-23 21:46:30,7719.5,151860,7720.0,637934,92993,192657,-99664,-486074,0.5
1900-01-23 21:46:45,7719.5,545273,7720.0,294671,462751,259784,202967,250602,0.5
1900-01-23 21:47:00,7710.0,159922,7710.5,375723,457844,800378,-342534,-215801,0.5
1900-01-23 21:47:15,7710.0,28348,7710.5,264411,104515,593610,-489095,-236063,0.5
1900-01-23 21:47:30,7712.5,1054018,7713.0,65673,480710,134904,345806,988345,0.5
1900-01-23 21:47:45,7701.0,409047,7704.0,4200,62087,1058708,-996621,404847,3.0
1900-01-23 21:48:00,7693.0,91723,7693.5,277728,41575,981279,-939704,-186005,0.5
1900-01-23 21:48:15,7682.0,92293,7684.0,10647,109557,707223,-597666,81646,2.0
1900-01-23 21:48:30,7682.0,34400,7682.5,41550,928196,840343,87853,-7150,0.5
1900-01-23 21:48:45,7695.5,65400,7696.0,99359,832252,342194,490058,-33959,0.5
1900-01-23 21:49:00,7711.5,123111,7712.0,80522,832544,74848,757696,42589,0.5
1900-01-23 21:49:15,7707.0,28361,7707.5,3200,210948,133413,77535,25161,0.5
1900-01-23 21:49:30,7699.0,57311,7700.5,43411,219332,1069648,-850316,13900,1.5
1900-01-23 21:49:45,7699.5,406146,7700.0,272190,238585,219380,19205,133956,0.5
1900-01-23 21:50:00,7694.5,630,7695.0,434119,349807,316214,33593,-433489,0.5
1900-01-23 21:50:15,7685.0,50768,7685.5,564580,43945,149759,-105814,-513812,0.5
1900-01-23 21:50:30,7687.0,176743,7687.5,25000,254212,292904,-38692,151743,0.5
1900-01-23 21:50:45,7688.5,22,7689.0,7399,195959,72121,123838,-7377,0.5
1900-01-23 21:51:00,7684.0,101464,7684.5,631798,29457,69356,-39899,-530334,0.5
1900-01-23 21:51:15,7693.5,120091,7695.0,31606,788734,52309,736425,88485,1.5
1900-01-23 21:51:30,7708.5,27385,7709.0,4200,347278,9293,337985,23185,0.5
1900-01-23 21:51:45,7712.5,564204,7713.0,176731,293277,111081,182196,387473,0.5
1900-01-23 21:52:00,7703.0,31000,7703.5,266733,105218,211636,-106418,-235733,0.5
1900-01-23 21:52:15,7699.5,364682,7700.0,53502,330001,63590,266411,311180,0.5
1900-01-23 21:52:30,7691.5,309,7692.0,123362,293983,213728,80255,-123053,0.5
1900-01-23 21:52:45,7701.0,35380,7701.5,8283,125080,23343,101737,27097,0.5
1900-01-23 21:53:00,7697.5,161349,7698.0,825773,88912,207799,-118887,-664424,0.5
1900-01-23 21:53:15,7692.0,105640,7692.5,454380,236831,355091,-118260,-348740,0.5
1900-01-23 21:53:30,7677.0,12381,7677.5,9000,105539,441294,-335755,3381,0.5
1900-01-23 21:53:45,7678.5,116777,7679.0,10889,225088,175070,50018,105888,0.5
1900-01-23 21:54:00,7681.5,213288,7682.0,99447,1831224,34194,1797030,113841,0.5
1900-01-23 21:54:15,7684.5,707496,7685.0,463947,461015,35326,425689,243549,0.5
1900-01-23 21:54:30,7673.5,112186,7674.0,410526,137436,1393836,-1256400,-298340,0.5
1900-01-23 21:54:45,7669.5,12846,7670.0,429433,146117,176475,-30358,-416587,0.5
1900-01-23 21:55:00,7669.5,147471,7670.0,185987,473154,1117807,-644653,-38516,0.5
1900-01-23 21:55:15,7659.5,783375,7660.0,46304,275047,513503,-238456,737071,0.5
1900-01-23 21:55:30,7664.5,744324,7665.0,335095,593955,235480,358475,409229,0.5
1900-01-23 21:55:45,7657.5,32957,7658.0,127140,306003,151461,154542,-94183,0.5
1900-01-23 21:56:00,7661.0,376836,7661.5,67524,167803,175452,-7649,309312,0.5
1900-01-23 21:56:15,7656.0,20000,7656.5,224343,169144,229778,-60634,-204343,0.5
1900-01-23 21:56:30,7642.0,162945,7642.5,421340,102240,1551269,-1449029,-258395,0.5
1900-01-23 21:56:45,7624.0,255198,7633.0,179324,133166,1026297,-893131,75874,9.0
1900-01-23 21:57:00,7629.0,12737,7629.5,62999,828672,1789658,-960986,-50262,0.5
1900-01-23 21:57:15,7641.5,999058,7642.0,44402,434448,254270,180178,954656,0.5
1900-01-23 21:57:30,7650.0,338603,7650.5,51455,427603,371403,56200,287148,0.5
1900-01-23 21:57:45,7650.0,521333,7650.5,24142,480500,534738,-54238,497191,0.5
1900-01-23 21:58:00,7666.5,176173,7667.0,888875,480549,51823,428726,-712702,0.5
1900-01-23 21:58:15,7660.5,1016185,7661.0,433467,358349,990152,-631803,582718,0.5
1900-01-23 21:58:30,7671.5,525806,7672.0,4220,318339,253745,64594,521586,0.5
1900-01-23 21:58:45,7684.0,559,7684.5,30146,1507432,120666,1386766,-29587,0.5
1900-01-23 21:59:00,7682.0,112965,7682.5,13133,223832,107737,116095,99832,0.5
1900-01-23 21:59:15,7678.5,31588,7679.0,521223,289826,128435,161391,-489635,0.5
1900-01-23 21:59:30,7679.5,407631,7680.0,71727,209006,284750,-75744,335904,0.5
1900-01-23 21:59:45,7674.5,7094,7680.5,9500,491241,306295,184946,-2406,6.0
1900-01-23 22:00:00,7675.0,49982,7675.5,451972,125788,27840,97948,-401990,0.5
1900-01-23 22:00:15,7670.0,485090,7670.5,467090,237143,360651,-123508,18000,0.5
1900-01-23 22:00:30,7661.5,508043,7662.0,393673,28646,267331,-238685,114370,0.5
1900-01-23 22:00:45,7664.0,69923,7664.5,349790,237273,271249,-33976,-279867,0.5
1900-01-23 22:01:00,7655.5,43337,7656.0,189653,746784,115424,631360,-146316,0.5
1900-01-23 22:01:15,7652.5,544402,7653.0,187841,248029,348569,-100540,356561,0.5
1900-01-23 22:01:30,7640.0,549225,7640.5,378293,112359,327557,-215198,170932,0.5
1900-01-23 22:01:45,7644.5,160850,7645.0,724520,215222,524696,-309474,-563670,0.5
1900-01-23 22:02:00,7646.0,144168,7646.5,233569,712791,264983,447808,-89401,0.5
1900-01-23 22:02:15,7632.5,180551,7633.0,420533,171289,259797,-88508,-239982,0.5
1900-01-23 22:02:30,7615.0,138898,7618.5,118373,57713,916087,-858374,20525,3.5
1900-01-23 22:02:45,7610.0,455139,7610.5,757980,94266,2034412,-1940146,-302841,0.5
1900-01-23 22:03:00,7615.0,46287,7615.5,47395,246356,1978139,-1731783,-1108,0.5
1900-01-23 22:03:15,7631.0,62295,7632.0,13773,396677,260647,136030,48522,1.0
1900-01-23 22:03:30,7642.0,44710,7642.5,149816,585919,102302,483617,-105106,0.5
1900-01-23 22:03:45,7623.0,652934,7623.5,114705,609451,626408,-16957,538229,0.5
1900-01-23 22:04:00,7623.0,87403,7623.5,131421,190874,325762,-134888,-44018,0.5
1900-01-23 22:04:15,7621.0,6022,7621.5,180481,143490,487016,-343526,-174459,0.5
1900-01-23 22:04:30,7606.5,39857,7607.0,13900,313850,274330,39520,25957,0.5
1900-01-23 22:04:45,7602.0,166697,7602.5,543971,128842,1070911,-942069,-377274,0.5
1900-01-23 22:05:00,7572.0,63221,7586.5,13050,305111,4965440,-4660329,50171,14.5
1900-01-23 22:05:15,7541.5,895,7543.0,380,191664,3972793,-3781129,515,1.5
1900-01-23 22:05:30,7515.0,22250,7522.5,6328,1960131,3626418,-1666287,15922,7.5
1900-01-23 22:05:45,7504.0,151905,7513.5,8169206,3322122,715017,2607105,-8017301,9.5
1900-01-23 22:06:00,7568.0,745613,7574.5,223679,5624605,761113,4863492,521934,6.5
1900-01-23 22:06:15,7564.5,25,7565.5,736317,988894,1184797,-195903,-736292,1.0
1900-01-23 22:06:30,7578.5,16051,7579.0,6813,459399,339627,119772,9238,0.5
1900-01-23 22:06:45,7579.0,73349,7579.5,1139438,1110171,146165,964006,-1066089,0.5
1900-01-23 22:07:00,7599.0,168049,7599.5,30500,1860479,201277,1659202,137549,0.5
1900-01-23 22:07:15,7616.5,36020,7617.0,391737,1528010,128346,1399664,-355717,0.5
1900-01-23 22:07:30,7610.5,53208,7611.0,172770,787296,149793,637503,-119562,0.5
1900-01-23 22:07:45,7605.0,511147,7605.5,136861,320360,283694,36666,374286,0.5
1900-01-23 22:08:00,7620.5,24025,7622.5,1666,574474,137252,437222,22359,2.0
1900-01-23 22:08:15,7626.5,46833,7627.0,92836,789337,142367,646970,-46003,0.5
1900-01-23 22:08:30,7624.5,12094,7626.0,830472,493507,170119,323388,-818378,1.5
1900-01-23 22:08:45,7637.0,19359,7637.5,148897,442272,1724997,-1282725,-129538,0.5
1900-01-23 22:09:00,7640.0,21000,7640.5,37714,1039318,167630,871688,-16714,0.5
1900-01-23 22:09:15,7649.5,444982,7650.0,707308,506166,140443,365723,-262326,0.5
1900-01-23 22:09:30,7638.0,471827,7638.5,46431,230734,207962,22772,425396,0.5
1900-01-23 22:09:45,7639.0,3771,7640.0,453457,168282,196683,-28401,-449686,1.0
1900-01-23 22:10:00,7625.5,1099416,7626.0,360800,139231,436675,-297444,738616,0.5
1900-01-23 22:10:15,7631.5,298071,7632.0,25619,355437,325546,29891,272452,0.5
1900-01-23 22:10:30,7631.5,30625,7632.0,10000,178382,100009,78373,20625,0.5
1900-01-23 22:10:45,7625.0,500980,7625.5,1144125,44923,160693,-115770,-643145,0.5
1900-01-23 22:11:00,7625.0,195060,7625.5,703448,87264,397370,-310106,-508388,0.5
1900-01-23 22:11:15,7610.5,38052,7611.0,46080,28853,493215,-464362,-8028,0.5
1900-01-23 22:11:30,7607.0,613943,7607.5,403204,34178,287758,-253580,210739,0.5
1900-01-23 22:11:45,7619.5,25730,7620.0,16958,934064,375435,558629,8772,0.5
1900-01-23 22:12:00,7628.0,13253,7628.5,37000,826271,107831,718440,-23747,0.5
1900-01-23 22:12:15,7639.5,1358595,7640.0,49316,427782,125150,302632,1309279,0.5
1900-01-23 22:12:30,7635.5,64577,7636.5,13600,437914,394759,43155,50977,1.0
1900-01-23 22:12:45,7639.5,213377,7640.0,873865,257525,99818,157707,-660488,0.5
1900-01-23 22:13:00,7649.0,230256,7649.5,106806,893017,53213,839804,123450,0.5
1900-01-23 22:13:15,7661.0,206080,7661.5,317346,679082,55313,623769,-111266,0.5
1900-01-23 22:13:30,7669.5,572234,7670.0,1414547,1838866,49552,1789314,-842313,0.5
1900-01-23 22:13:45,7670.0,15902,7670.5,180081,1117342,215973,901369,-164179,0.5
1900-01-23 22:14:00,7646.0,10,7649.0,60941,229644,1996842,-1767198,-60931,3.0
1900-01-23 22:14:15,7640.5,145391,7641.0,85360,139654,227052,-87398,60031,0.5
1900-01-23 22:14:30,7641.5,57648,7642.0,189828,280755,133685,147070,-132180,0.5
1900-01-23 22:14:45,7641.5,245225,7642.0,109607,145870,128452,17418,135618,0.5
1900-01-23 22:15:00,7645.5,43725,7646.5,142,144710,48710,96000,43583,1.0
1900-01-23 22:15:15,7656.0,14191,7656.5,3274,645207,5077,640130,10917,0.5
1900-01-23 22:15:30,7659.5,905855,7660.0,850556,430059,42035,388024,55299,0.5
1900-01-23 22:15:45,7659.5,138745,7660.0,1117209,266743,174404,92339,-978464,0.5
1900-01-23 22:16:00,7651.5,115493,7652.0,458679,73241,1033150,-959909,-343186,0.5
1900-01-23 22:16:15,7635.5,176606,7636.0,600326,50491,534241,-483750,-423720,0.5
1900-01-23 22:16:30,7644.0,1150786,7644.5,489882,283602,200247,83355,660904,0.5
1900-01-23 22:16:45,7639.5,1458141,7640.0,2843,161244,84811,76433,1455298,0.5
1900-01-23 22:17:00,7649.0,968,7652.0,278621,380408,96650,283758,-277653,3.0
1900-01-23 22:17:15,7646.5,1069164,7647.0,13017,154521,205419,-50898,1056147,0.5
1900-01-23 22:17:30,7649.0,19924,7649.5,178640,56502,244725,-188223,-158716,0.5
1900-01-23 22:17:45,7654.0,913590,7654.5,162979,222359,233847,-11488,750611,0.5
1900-01-23 22:18:00,7654.0,489728,7654.5,223925,170172,54544,115628,265803,0.5
1900-01-23 22:18:15,7654.5,173198,7655.0,656472,106864,29213,77651,-483274,0.5
1900-01-23 22:18:30,7650.0,18505,7650.5,112646,90440,134437,-43997,-94141,0.5
1900-01-23 22:18:45,7653.0,128484,7653.5,11641,150528,130403,20125,116843,0.5
1900-01-23 22:19:00,7655.0,400497,7655.5,263465,99721,35447,64274,137032,0.5
1900-01-23 22:19:15,7658.0,1106045,7658.5,41024,103823,53743,50080,1065021,0.5
1900-01-23 22:19:30,7662.0,455835,7662.5,928,511745,75120,436625,454907,0.5
1900-01-23 22:19:45,7669.5,880372,7670.0,597392,119204,23834,95370,282980,0.5
1900-01-23 22:20:00,7674.0,524190,7674.5,200359,621103,5890,615213,323831,0.5
1900-01-23 22:20:15,7665.5,4000,7666.0,682795,232034,654374,-422340,-678795,0.5
1900-01-23 22:20:30,7673.0,574380,7673.5,401579,189150,121620,67530,172801,0.5
1900-01-23 22:20:45,7670.0,705881,7670.5,194696,37432,168491,-131059,511185,0.5
1900-01-23 22:21:00,7676.5,330324,7677.0,328437,1067088,108548,958540,1887,0.5
1900-01-23 22:21:15,7691.5,2737,7692.0,44780,638316,69788,568528,-42043,0.5
1900-01-23 22:21:30,7691.5,13254,7692.0,681880,385061,367320,17741,-668626,0.5
1900-01-23 22:21:45,7688.5,993528,7689.0,37087,339117,203357,135760,956441,0.5
1900-01-23 22:22:00,7708.5,161254,7709.0,681119,1001979,112132,889847,-519865,0.5
1900-01-23 22:22:15,7701.5,164525,7707.5,72731,379329,158968,220361,91794,6.0
1900-01-23 22:22:30,7709.5,199925,7712.0,5420,450208,201377,248831,194505,2.5
1900-01-23 22:22:45,7713.0,1123759,7713.5,155135,484206,207532,276674,968624,0.5
1900-01-23 22:23:00,7716.5,556948,7717.0,292791,372670,59309,313361,264157,0.5
1900-01-23 22:23:15,7713.5,1336,7714.0,37600,726935,144493,582442,-36264,0.5
1900-01-23 22:23:30,7701.0,7390,7701.5,88721,37091,246718,-209627,-81331,0.5
1900-01-23 22:23:45,7709.5,264797,7710.0,377198,371766,351018,20748,-112401,0.5
1900-01-23 22:24:00,7709.5,378627,7710.0,443205,82510,114381,-31871,-64578,0.5
1900-01-23 22:24:15,7708.5,281,7709.0,836046,33298,129271,-95973,-835765,0.5
1900-01-23 22:24:30,7709.5,749210,7710.0,549968,126960,216014,-89054,199242,0.5
1900-01-23 22:24:45,7709.5,784790,7710.0,463870,56357,47300,9057,320920,0.5
1900-01-23 22:25:00,7709.5,330175,7710.0,106841,388947,386670,2277,223334,0.5
1900-01-23 22:25:15,7701.5,308287,7702.0,691278,34874,540360,-505486,-382991,0.5
1900-01-23 22:25:30,7693.0,115050,7693.5,168763,53328,679641,-626313,-53713,0.5
1900-01-23 22:25:45,7687.0,44839,7687.5,741116,31962,432964,-401002,-696277,0.5
1900-01-23 22:26:00,7680.5,400262,7681.0,660094,231542,1050932,-819390,-259832,0.5
1900-01-23 22:26:15,7686.0,111018,7687.5,34025,276656,441686,-165030,76993,1.5
1900-01-23 22:26:30,7692.5,155174,7693.0,215721,360945,125576,235369,-60547,0.5
1900-01-23 22:26:45,7694.0,346038,7694.5,22503,123664,149044,-25380,323535,0.5
1900-01-23 22:27:00,7692.0,167698,7692.5,815472,65431,172840,-107409,-647774,0.5
1900-01-23 22:27:15,7690.0,1375350,7690.5,964944,16110,316333,-300223,410406,0.5
1900-01-23 22:27:30,7690.0,1557110,7690.5,207975,96154,46621,49533,1349135,0.5
1900-01-23 22:27:45,7690.5,853601,7691.0,32330,84203,153987,-69784,821271,0.5
1900-01-23 22:28:00,7695.0,298107,7695.5,2203,360234,95010,265224,295904,0.5
1900-01-23 22:28:15,7705.5,69552,7707.0,64231,299203,41696,257507,5321,1.5
1900-01-23 22:28:30,7708.5,117861,7709.0,191765,208516,267906,-59390,-73904,0.5
1900-01-23 22:28:45,7715.0,46448,7715.5,451485,106962,156860,-49898,-405037,0.5
1900-01-23 22:29:00,7708.5,810518,7709.0,50674,105769,168461,-62692,759844,0.5
1900-01-23 22:29:15,7708.5,229690,7709.0,528345,61259,118759,-57500,-298655,0.5
1900-01-23 22:29:30,7705.0,49681,7705.5,634790,56926,442904,-385978,-585109,0.5
1900-01-23 22:29:45,7699.5,221030,7700.0,37311,23575,147968,-124393,183719,0.5
1900-01-23 22:30:00,7708.0,350372,7708.5,783219,147278,111854,35424,-432847,0.5
1900-01-23 22:30:15,7699.0,165100,7699.5,235428,10771,143195,-132424,-70328,0.5
1900-01-23 22:30:30,7697.0,3004,7697.5,194890,115812,131538,-15726,-191886,0.5
1900-01-23 22:30:45,7695.0,592459,7695.5,1004891,5852,844234,-838382,-412432,0.5
1900-01-23 22:31:00,7695.0,261770,7695.5,774743,26671,382790,-356119,-512973,0.5
1900-01-23 22:31:15,7683.0,52522,7683.5,203366,22515,374626,-352111,-150844,0.5
1900-01-23 22:31:30,7674.0,42447,7674.5,130488,20756,352393,-331637,-88041,0.5
1900-01-23 22:31:45,7679.5,20000,7680.0,16717,151719,405577,-253858,3283,0.5
1900-01-23 22:32:00,7687.0,257682,7687.5,633261,148917,87460,61457,-375579,0.5
1900-01-23 22:32:15,7687.0,73698,7687.5,485056,95991,128895,-32904,-411358,0.5
1900-01-23 22:32:30,7677.0,80153,7677.5,507583,43668,247704,-204036,-427430,0.5
1900-01-23 22:32:45,7676.0,158690,7676.5,444802,86105,74127,11978,-286112,0.5
1900-01-23 22:33:00,7675.0,642390,7675.5,89776,24464,474549,-450085,552614,0.5
1900-01-23 22:33:15,7679.5,551580,7680.0,2510,250800,154667,96133,549070,0.5
1900-01-23 22:33:30,7679.5,869896,7680.0,142354,64391,93234,-28843,727542,0.5
1900-01-23 22:33:45,7682.0,726406,7682.5,272465,296910,13743,283167,453941,0.5
1900-01-23 22:34:00,7682.5,1058123,7683.0,5354,7712,50725,-43013,1052769,0.5
1900-01-23 22:34:15,7686.5,1329215,7687.0,17360,186645,5749,180896,1311855,0.5
1900-01-23 22:34:30,7694.5,1179726,7695.0,535934,368024,5244,362780,643792,0.5
1900-01-23 22:34:45,7704.5,36323,7705.0,80171,487226,13866,473360,-43848,0.5
1900-01-23 22:35:00,7701.0,8611,7701.5,82194,146161,129147,17014,-73583,0.5
1900-01-23 22:35:15,7686.5,442257,7687.0,282095,34823,342978,-308155,160162,0.5
1900-01-23 22:35:30,7686.0,89643,7686.5,783851,31709,78941,-47232,-694208,0.5
1900-01-23 22:35:45,7694.5,243330,7695.0,3391,89636,8249,81387,239939,0.5
1900-01-23 22:36:00,7687.5,167217,7688.0,101829,65427,48058,17369,65388,0.5
1900-01-23 22:36:15,7692.0,1265,7693.5,12660,142071,75144,66927,-11395,1.5
1900-01-23 22:36:30,7695.0,278124,7695.5,115204,69511,31287,38224,162920,0.5
1900-01-23 22:36:45,7698.5,336889,7699.0,496091,94540,4393,90147,-159202,0.5
1900-01-23 22:37:00,7703.0,309523,7703.5,309370,204894,46537,158357,153,0.5
1900-01-23 22:37:15,7697.0,231508,7697.5,418276,16310,30152,-13842,-186768,0.5
1900-01-23 22:37:30,7697.0,261155,7697.5,430306,33393,4300,29093,-169151,0.5
1900-01-23 22:37:45,7697.0,296506,7697.5,493995,11328,61023,-49695,-197489,0.5
1900-01-23 22:38:00,7696.0,626487,7696.5,13456,61338,41834,19504,613031,0.5
1900-01-23 22:38:15,7694.5,81186,7695.0,530105,36292,158003,-121711,-448919,0.5
1900-01-23 22:38:30,7689.5,106791,7690.0,527762,16669,74461,-57792,-420971,0.5
1900-01-23 22:38:45,7687.5,2269,7688.0,899513,31767,82669,-50902,-897244,0.5
1900-01-23 22:39:00,7684.0,635538,7684.5,523938,12581,32962,-20381,111600,0.5
1900-01-23 22:39:15,7693.0,277709,7693.5,154436,195205,10290,184915,123273,0.5
1900-01-23 22:39:30,7693.0,355976,7693.5,125839,143348,58259,85089,230137,0.5
1900-01-23 22:39:45,7697.5,660636,7698.0,124982,54087,51232,2855,535654,0.5
1900-01-23 22:40:00,7697.5,575071,7698.0,72041,45291,49868,-4577,503030,0.5
1900-01-23 22:40:15,7699.0,529085,7699.5,68146,74168,6240,67928,460939,0.5
1900-01-23 22:40:30,7699.5,1306666,7700.0,88852,148350,8493,139857,1217814,0.5
1900-01-23 22:40:45,7702.0,348993,7702.5,3616,289449,8100,281349,345377,0.5
1900-01-23 22:41:00,7703.0,1310064,7703.5,220723,54515,9002,45513,1089341,0.5
1900-01-23 22:41:15,7703.0,354127,7703.5,608290,138878,125271,13607,-254163,0.5
1900-01-23 22:41:30,7705.5,867333,7706.0,40350,52375,47386,4989,826983,0.5
1900-01-23 22:41:45,7707.0,865052,7707.5,102083,71895,10782,61113,762969,0.5
1900-01-23 22:42:00,7714.5,182165,7715.0,312860,205320,10756,194564,-130695,0.5
1900-01-23 22:42:15,7711.5,692863,7712.0,356849,56607,249569,-192962,336014,0.5
1900-01-23 22:42:30,7719.5,783952,7720.0,171105,1140100,87175,1052925,612847,0.5
1900-01-23 22:42:45,7720.5,1488174,7721.0,19192,302938,28291,274647,1468982,0.5
1900-01-23 22:43:00,7722.5,1804311,7723.0,769036,214202,19211,194991,1035275,0.5
1900-01-23 22:43:15,7717.5,154517,7718.0,303240,256628,727149,-470521,-148723,0.5
1900-01-23 22:43:30,7711.0,410543,7711.5,152151,46042,321186,-275144,258392,0.5
1900-01-23 22:43:45,7721.0,329816,7721.5,588601,266374,108361,158013,-258785,0.5
1900-01-23 22:44:00,7717.0,76562,7717.5,794101,6862,224579,-217717,-717539,0.5
1900-01-23 22:44:15,7715.0,1218232,7715.5,100179,35164,62668,-27504,1118053,0.5
1900-01-23 22:44:30,7715.0,271539,7715.5,765429,57528,48727,8801,-493890,0.5
1900-01-23 22:44:45,7717.0,680981,7717.5,571299,169425,100101,69324,109682,0.5
1900-01-23 22:45:00,7721.5,790609,7722.0,31447,84887,3405,81482,759162,0.5
1900-01-23 22:45:15,7722.5,222275,7723.0,956112,311813,12280,299533,-733837,0.5
1900-01-23 22:45:30,7722.5,1051869,7723.0,407986,91065,32037,59028,643883,0.5
1900-01-23 22:45:45,7723.5,1239934,7724.0,355975,177181,14550,162631,883959,0.5
1900-01-23 22:46:00,7724.5,1584844,7725.0,512361,377967,12011,365956,1072483,0.5
1900-01-23 22:46:15,7726.0,1246850,7726.5,12971,356053,8975,347078,1233879,0.5
1900-01-23 22:46:30,7724.0,73424,7724.5,347961,408163,172275,235888,-274537,0.5
1900-01-23 22:46:45,7728.5,194921,7729.0,704131,181943,81343,100600,-509210,0.5
1900-01-23 22:47:00,7727.5,727959,7728.0,97060,80188,28197,51991,630899,0.5
1900-01-23 22:47:15,7729.5,1825603,7730.0,838972,592381,3886,588495,986631,0.5
1900-01-23 22:47:30,7734.5,44400,7735.0,1103052,1097131,19008,1078123,-1058652,0.5
1900-01-23 22:47:45,7734.5,447843,7735.0,1103099,431986,38059,393927,-655256,0.5
1900-01-23 22:48:00,7734.0,3420,7734.5,798339,295031,216663,78368,-794919,0.5
1900-01-23 22:48:15,7727.0,31041,7727.5,1327981,76964,273878,-196914,-1296940,0.5
1900-01-23 22:48:30,7727.0,620217,7727.5,1092887,24116,15374,8742,-472670,0.5
1900-01-23 22:48:45,7727.0,1457520,7727.5,131445,24003,145430,-121427,1326075,0.5
1900-01-23 22:49:00,7733.5,207001,7734.0,18788,319244,31453,287791,188213,0.5
1900-01-23 22:49:15,7737.5,751948,7738.0,435585,91849,5317,86532,316363,0.5
1900-01-23 22:49:30,7729.0,610555,7729.5,598057,189899,238087,-48188,12498,0.5
1900-01-23 22:49:45,7732.5,309436,7733.0,3467,87351,29347,58004,305969,0.5
1900-01-23 22:50:00,7730.0,1333423,7730.5,55886,50743,30278,20465,1277537,0.5
1900-01-23 22:50:15,7735.0,225976,7735.5,562115,19671,46431,-26760,-336139,0.5
1900-01-23 22:50:30,7735.0,252031,7735.5,510608,32047,9497,22550,-258577,0.5
1900-01-23 22:50:45,7733.0,667722,7733.5,255521,14801,61404,-46603,412201,0.5
1900-01-23 22:51:00,7734.5,396127,7735.0,684608,102923,228060,-125137,-288481,0.5
1900-01-23 22:51:15,7727.0,84140,7727.5,547869,16217,214383,-198166,-463729,0.5
1900-01-23 22:51:30,7723.0,1651,7723.5,598461,12656,175965,-163309,-596810,0.5
1900-01-23 22:51:45,7715.0,26664,7715.5,41145,73397,289302,-215905,-14481,0.5
1900-01-23 22:52:00,7715.0,486345,7715.5,596260,99564,291752,-192188,-109915,0.5
1900-01-23 22:52:15,7715.0,23907,7715.5,1035977,9291,229116,-219825,-1012070,0.5
1900-01-23 22:52:30,7712.5,1136991,7713.0,141936,34543,156121,-121578,995055,0.5
1900-01-23 22:52:45,7715.5,1644101,7716.0,9590,432143,57547,374596,1634511,0.5
1900-01-23 22:53:00,7712.5,791422,7713.0,343625,73171,80674,-7503,447797,0.5
1900-01-23 22:53:15,7719.0,381160,7719.5,170965,111565,14273,97292,210195,0.5
1900-01-23 22:53:30,7719.0,135625,7719.5,674099,22103,38956,-16853,-538474,0.5
1900-01-23 22:53:45,7712.0,49899,7712.5,282776,17489,198362,-180873,-232877,0.5
1900-01-23 22:54:00,7706.0,27542,7706.5,523301,4505,1568488,-1563983,-495759,0.5
1900-01-23 22:54:15,7703.5,1091744,7704.0,14087,77719,200334,-122615,1077657,0.5
1900-01-23 22:54:30,7704.5,63453,7705.0,704285,206566,135645,70921,-640832,0.5
1900-01-23 22:54:45,7699.0,20953,7699.5,150501,5122,206079,-200957,-129548,0.5
1900-01-23 22:55:00,7699.5,256303,7700.0,647128,29004,294379,-265375,-390825,0.5
1900-01-23 22:55:15,7700.5,219073,7701.0,558242,95407,90107,5300,-339169,0.5
1900-01-23 22:55:30,7703.0,933518,7703.5,266269,178376,112067,66309,667249,0.5
1900-01-23 22:55:45,7705.0,73500,7705.5,882341,215396,142162,73234,-808841,0.5
1900-01-23 22:56:00,7708.5,873943,7709.0,17911,88157,85404,2753,856032,0.5
1900-01-23 22:56:15,7709.5,927498,7710.0,15180,40943,5400,35543,912318,0.5
1900-01-23 22:56:30,7713.0,206049,7713.5,427859,114251,19055,95196,-221810,0.5
1900-01-23 22:56:45,7718.0,108825,7718.5,360513,559200,52440,506760,-251688,0.5
1900-01-23 22:57:00,7719.0,728431,7719.5,241018,556734,32222,524512,487413,0.5
1900-01-23 22:57:15,7713.0,963562,7713.5,96751,252269,112613,139656,866811,0.5
1900-01-23 22:57:30,7711.0,35246,7711.5,637301,44328,77591,-33263,-602055,0.5
1900-01-23 22:57:45,7707.5,120022,7708.0,215101,6770,43294,-36524,-95079,0.5
1900-01-23 22:58:00,7712.5,753653,7713.0,17931,47162,39563,7599,735722,0.5
1900-01-23 22:58:15,7712.5,1177421,7713.0,25007,34232,44221,-9989,1152414,0.5
1900-01-23 22:58:30,7714.0,182633,7714.5,641923,78082,41272,36810,-459290,0.5
1900-01-23 22:58:45,7717.5,83543,7718.0,533138,129573,17110,112463,-449595,0.5
1900-01-23 22:59:00,7716.5,70843,7717.0,691062,44764,13891,30873,-620219,0.5
1900-01-23 22:59:15,7714.0,25035,7714.5,285713,17340,84204,-66864,-260678,0.5
1900-01-23 22:59:30,7712.5,622790,7713.0,174981,19367,29398,-10031,447809,0.5
1900-01-23 22:59:45,7712.5,856046,7713.0,138323,9873,17435,-7562,717723,0.5
1900-01-23 23:00:00,7714.0,206794,7714.5,139147,7163,23541,-16378,67647,0.5
1900-01-23 23:00:15,7714.0,955031,7714.5,100230,130968,80160,50808,854801,0.5
1900-01-23 23:00:30,7715.0,1017060,7715.5,318,52469,30135,22334,1016742,0.5
1900-01-23 23:00:45,7717.5,974241,7718.0,27134,130391,8482,121909,947107,0.5
1900-01-23 23:01:00,7724.5,1027607,7725.0,1363855,652523,15055,637468,-336248,0.5
1900-01-23 23:01:15,7721.5,174511,7722.0,695374,267797,86301,181496,-520863,0.5
1900-01-23 23:01:30,7722.0,1400084,7722.5,18644,50619,12706,37913,1381440,0.5
1900-01-23 23:01:45,7724.5,1237203,7725.0,566888,537253,7649,529604,670315,0.5
1900-01-23 23:02:00,7724.5,1022044,7725.0,468486,131059,56566,74493,553558,0.5
1900-01-23 23:02:15,7724.5,768262,7725.0,427363,83933,28875,55058,340899,0.5
1900-01-23 23:02:30,7719.0,443412,7719.5,426031,45248,143328,-98080,17381,0.5
1900-01-23 23:02:45,7719.0,563445,7719.5,442019,4380,6210,-1830,121426,0.5
1900-01-23 23:03:00,7719.0,36620,7719.5,843556,26726,132591,-105865,-806936,0.5
1900-01-23 23:03:15,7718.5,161974,7719.0,1039862,4778,196099,-191321,-877888,0.5
1900-01-23 23:03:30,7715.0,63760,7715.5,962433,20451,32811,-12360,-898673,0.5
1900-01-23 23:03:45,7704.0,234279,7704.5,396825,14455,176269,-161814,-162546,0.5
1900-01-23 23:04:00,7704.0,1082818,7704.5,24701,147818,26034,121784,1058117,0.5
1900-01-23 23:04:15,7709.5,452646,7710.0,151106,100608,67677,32931,301540,0.5
1900-01-23 23:04:30,7716.0,290460,7716.5,725997,170809,2800,168009,-435537,0.5
1900-01-23 23:04:45,7709.0,50,7709.5,132222,26100,68359,-42259,-132172,0.5
1900-01-23 23:05:00,7708.0,607874,7708.5,203207,61958,151587,-89629,404667,0.5
1900-01-23 23:05:15,7711.5,961053,7712.0,6052,11906,6321,5585,955001,0.5
1900-01-23 23:05:30,7708.0,5812,7708.5,1131117,22298,14191,8107,-1125305,0.5
1900-01-23 23:05:45,7701.5,61397,7702.0,91415,30646,153914,-123268,-30018,0.5
1900-01-23 23:06:00,7697.0,646254,7697.5,597356,16377,302095,-285718,48898,0.5
1900-01-23 23:06:15,7699.0,386984,7699.5,160000,159959,159286,673,226984,0.5
1900-01-23 23:06:30,7692.5,429429,7693.0,378870,19735,458644,-438909,50559,0.5
1900-01-23 23:06:45,7692.5,577053,7693.0,577189,67463,104166,-36703,-136,0.5
1900-01-23 23:07:00,7685.0,295718,7685.5,152829,126689,1099391,-972702,142889,0.5
1900-01-23 23:07:15,7678.0,663321,7678.5,268820,136597,528613,-392016,394501,0.5
1900-01-23 23:07:30,7679.5,162855,7680.0,185913,307095,276527,30568,-23058,0.5
1900-01-23 23:07:45,7678.0,11505,7678.5,747674,214448,75275,139173,-736169,0.5
1900-01-23 23:08:00,7675.0,1080280,7675.5,1068770,47255,202449,-155194,11510,0.5
1900-01-23 23:08:15,7661.0,7494,7661.5,64243,30410,1425906,-1395496,-56749,0.5
1900-01-23 23:08:30,7673.0,66151,7673.5,237125,422037,357297,64740,-170974,0.5
1900-01-23 23:08:45,7676.5,1215772,7677.0,207294,477874,105926,371948,1008478,0.5
1900-01-23 23:09:00,7676.5,862445,7677.0,30350,277437,127922,149515,832095,0.5
1900-01-23 23:09:15,7679.0,156139,7679.5,742975,266989,53685,213304,-586836,0.5
1900-01-23 23:09:30,7679.0,836177,7679.5,400490,110187,80840,29347,435687,0.5
1900-01-23 23:09:45,7679.0,1228606,7679.5,181030,218932,60683,158249,1047576,0.5
1900-01-23 23:10:00,7679.0,1285423,7679.5,140836,154270,100,154170,1144587,0.5
1900-01-23 23:10:15,7683.5,1123287,7684.0,105673,216636,6602,210034,1017614,0.5
1900-01-23 23:10:30,7687.0,507083,7687.5,704851,41801,29621,12180,-197768,0.5
1900-01-23 23:10:45,7687.0,536669,7687.5,570802,73609,24231,49378,-34133,0.5
1900-01-23 23:11:00,7687.0,109843,7687.5,1045662,40146,110274,-70128,-935819,0.5
1900-01-23 23:11:15,7681.5,52901,7682.0,261448,19556,219337,-199781,-208547,0.5
1900-01-23 23:11:30,7679.0,789074,7679.5,416057,16804,200384,-183580,373017,0.5
1900-01-23 23:11:45,7679.0,5821,7679.5,1143690,68111,50466,17645,-1137869,0.5
1900-01-23 23:12:00,7670.5,452041,7671.0,475471,13395,209780,-196385,-23430,0.5
1900-01-23 23:12:15,7670.5,32494,7671.0,784263,103871,73737,30134,-751769,0.5
1900-01-23 23:12:30,7669.0,38293,7669.5,1095586,16498,250477,-233979,-1057293,0.5
1900-01-23 23:12:45,7674.0,503616,7674.5,48624,164883,140906,23977,454992,0.5
1900-01-23 23:13:00,7673.5,76132,7674.0,1186303,35789,67256,-31467,-1110171,0.5
1900-01-23 23:13:15,7668.5,26228,7669.0,658788,50008,117848,-67840,-632560,0.5
1900-01-23 23:13:30,7670.0,58866,7670.5,584355,111158,44720,66438,-525489,0.5
1900-01-23 23:13:45,7669.5,231129,7670.0,770797,19133,117263,-98130,-539668,0.5
1900-01-23 23:14:00,7669.5,71578,7670.0,754012,20191,228281,-208090,-682434,0.5
1900-01-23 23:14:15,7669.5,271604,7670.0,293067,26849,9169,17680,-21463,0.5
1900-01-23 23:14:30,7671.5,533289,7672.0,328256,258119,37192,220927,205033,0.5
1900-01-23 23:14:45,7671.5,246541,7672.0,1045961,43255,136172,-92917,-799420,0.5
1900-01-23 23:15:00,7671.5,115177,7672.0,719423,93595,154052,-60457,-604246,0.5
1900-01-23 23:15:15,7666.0,71487,7666.5,1000716,52442,303911,-251469,-929229,0.5
1900-01-23 23:15:30,7661.0,4623,7661.5,1126643,9371,455166,-445795,-1122020,0.5
1900-01-23 23:15:45,7644.0,54332,7644.5,41582,11599,567675,-556076,12750,0.5
1900-01-23 23:16:00,7661.0,84145,7661.5,25123,1966102,90468,1875634,59022,0.5
1900-01-23 23:16:15,7669.5,900055,7670.0,405577,216871,43829,173042,494478,0.5
1900-01-23 23:16:30,7669.5,1262786,7670.0,118023,279472,52883,226589,1144763,0.5
1900-01-23 23:16:45,7672.0,832941,7672.5,139484,131380,2770,128610,693457,0.5
1900-01-23 23:17:00,7678.5,12880,7679.0,37016,533871,19478,514393,-24136,0.5
1900-01-23 23:17:15,7683.5,1128516,7684.0,437323,251655,8340,243315,691193,0.5
1900-01-23 23:17:30,7685.5,1217568,7686.0,176042,256486,3504,252982,1041526,0.5
1900-01-23 23:17:45,7686.5,3715210,7687.0,91567,154126,71220,82906,3623643,0.5
1900-01-23 23:18:00,7696.5,906596,7697.0,393237,255141,2362,252779,513359,0.5
1900-01-23 23:18:15,7689.5,36072,7690.0,1350094,101167,189133,-87966,-1314022,0.5
1900-01-23 23:18:30,7692.0,70769,7692.5,70999,60134,130722,-70588,-230,0.5
1900-01-23 23:18:45,7692.0,608310,7692.5,689295,10481,152604,-142123,-80985,0.5
1900-01-23 23:19:00,7692.0,600770,7692.5,822307,54563,29106,25457,-221537,0.5
1900-01-23 23:19:15,7691.0,10693,7691.5,88845,7646,497030,-489384,-78152,0.5
1900-01-23 23:19:30,7688.5,293706,7689.0,277465,109482,505180,-395698,16241,0.5
1900-01-23 23:19:45,7688.5,769764,7689.0,18866,170539,55220,115319,750898,0.5
1900-01-23 23:20:00,7692.0,860050,7692.5,82366,28939,4105,24834,777684,0.5
1900-01-23 23:20:15,7693.0,672902,7693.5,176352,63493,176,63317,496550,0.5
1900-01-23 23:20:30,7696.5,90033,7697.0,71709,303942,31762,272180,18324,0.5
1900-01-23 23:20:45,7699.5,1022715,7700.0,123969,323137,42267,280870,898746,0.5
1900-01-23 23:21:00,7704.5,476713,7705.0,439920,303167,7410,295757,36793,0.5
1900-01-23 23:21:15,7704.5,1260479,7705.0,12189,216159,10313,205846,1248290,0.5
1900-01-23 23:21:30,7706.5,326232,7707.0,1769216,169067,5896,163171,-1442984,0.5
1900-01-23 23:21:45,7706.0,244655,7706.5,285346,119260,389514,-270254,-40691,0.5
1900-01-23 23:22:00,7708.5,195438,7709.0,56070,121335,22023,99312,139368,0.5
1900-01-23 23:22:15,7707.0,1685,7707.5,442980,88657,23291,65366,-441295,0.5
1900-01-23 23:22:30,7706.5,1050709,7707.0,37714,108604,40192,68412,1012995,0.5
1900-01-23 23:22:45,7707.5,1206933,7708.0,22026,53065,83219,-30154,1184907,0.5
1900-01-23 23:23:00,7708.5,202933,7709.0,10091,95936,46248,49688,192842,0.5
1900-01-23 23:23:15,7716.0,245041,7716.5,65290,191724,1514,190210,179751,0.5
1900-01-23 23:23:30,7716.0,731357,7716.5,123029,139472,15799,123673,608328,0.5
1900-01-23 23:23:45,7716.0,271172,7716.5,401537,34704,84047,-49343,-130365,0.5
1900-01-23 23:24:00,7718.0,1147408,7718.5,32632,82359,107548,-25189,1114776,0.5
1900-01-23 23:24:15,7719.5,1057402,7720.0,284336,225386,32673,192713,773066,0.5
1900-01-23 23:24:30,7711.5,101921,7712.0,10000,67117,553278,-486161,91921,0.5
1900-01-23 23:24:45,7709.0,112803,7709.5,507623,19787,395664,-375877,-394820,0.5
1900-01-23 23:25:00,7709.0,778893,7709.5,892519,3810,348945,-345135,-113626,0.5
1900-01-23 23:25:15,7710.5,207621,7711.0,20090,148740,30267,118473,187531,0.5
1900-01-23 23:25:30,7715.5,44152,7716.0,728246,154809,13972,140837,-684094,0.5
1900-01-23 23:25:45,7709.5,259407,7710.0,335003,14031,13553,478,-75596,0.5
1900-01-23 23:26:00,7709.5,285135,7710.0,824193,21237,18717,2520,-539058,0.5
1900-01-23 23:26:15,7709.5,1194848,7710.0,313301,50150,5021,45129,881547,0.5
1900-01-23 23:26:30,7713.0,657135,7713.5,11142,35457,28850,6607,645993,0.5
1900-01-23 23:26:45,7714.0,942490,7714.5,174230,119741,105,119636,768260,0.5
1900-01-23 23:27:00,7714.0,1155099,7714.5,277355,89066,13638,75428,877744,0.5
1900-01-23 23:27:15,7714.0,301391,7714.5,1111492,17465,103418,-85953,-810101,0.5
1900-01-23 23:27:30,7713.5,120681,7714.0,1392366,2850,107283,-104433,-1271685,0.5
1900-01-23 23:27:45,7711.0,24059,7711.5,1129411,3900,42917,-39017,-1105352,0.5
1900-01-23 23:28:00,7711.0,970575,7711.5,408389,1848,5810,-3962,562186,0.5
1900-01-23 23:28:15,7712.5,261759,7713.0,560679,64461,8200,56261,-298920,0.5
1900-01-23 23:28:30,7712.5,103758,7713.0,448844,50165,600,49565,-345086,0.5
1900-01-23 23:28:45,7709.5,50834,7710.0,253119,63063,42843,20220,-202285,0.5
1900-01-23 23:29:00,7708.0,358652,7708.5,807044,7682,60513,-52831,-448392,0.5
1900-01-23 23:29:15,7710.0,906322,7710.5,33569,27010,7833,19177,872753,0.5
1900-01-23 23:29:30,7710.0,109997,7710.5,1062800,21570,70026,-48456,-952803,0.5
1900-01-23 23:29:45,7709.5,484775,7710.0,492808,98218,135831,-37613,-8033,0.5
1900-01-23 23:30:00,7709.5,308044,7710.0,928569,56885,14330,42555,-620525,0.5
1900-01-23 23:30:15,7709.0,387972,7709.5,333242,26447,25649,798,54730,0.5
1900-01-23 23:30:30,7709.0,886418,7709.5,98999,19316,10381,8935,787419,0.5
1900-01-23 23:30:45,7710.0,582426,7710.5,272072,7023,93443,-86420,310354,0.5
1900-01-23 23:31:00,7719.5,135167,7720.0,549431,107964,14629,93335,-414264,0.5
1900-01-23 23:31:15,7712.0,30249,7712.5,797822,86697,59803,26894,-767573,0.5
1900-01-23 23:31:30,7709.0,38621,7709.5,978245,29691,59681,-29990,-939624,0.5
1900-01-23 23:31:45,7708.0,61975,7708.5,1122853,9850,70462,-60612,-1060878,0.5
1900-01-23 23:32:00,7707.5,65403,7708.0,1164330,12210,17610,-5400,-1098927,0.5
1900-01-23 23:32:15,7707.0,175125,7707.5,865514,20848,61167,-40319,-690389,0.5
1900-01-23 23:32:30,7707.0,686997,7707.5,526202,1467,55289,-53822,160795,0.5
1900-01-23 23:32:45,7707.0,451505,7707.5,653172,8050,97263,-89213,-201667,0.5
1900-01-23 23:33:00,7707.0,807107,7707.5,527747,11718,23634,-11916,279360,0.5
1900-01-23 23:33:15,7707.0,257466,7707.5,1160936,6715,4961,1754,-903470,0.5
1900-01-23 23:33:30,7698.0,87208,7698.5,1790031,130,384654,-384524,-1702823,0.5
1900-01-23 23:33:45,7696.0,224673,7696.5,886401,103834,244974,-141140,-661728,0.5
1900-01-23 23:34:00,7693.0,22079,7693.5,912206,48620,291758,-243138,-890127,0.5
1900-01-23 23:34:15,7686.5,193596,7687.0,1025091,59301,356643,-297342,-831495,0.5
1900-01-23 23:34:30,7686.5,347436,7687.0,479073,66123,246217,-180094,-131637,0.5
1900-01-23 23:34:45,7686.5,690142,7687.0,48115,242162,124433,117729,642027,0.5
1900-01-23 23:35:00,7686.0,281585,7686.5,467999,94805,118245,-23440,-186414,0.5
1900-01-23 23:35:15,7686.0,60398,7686.5,676758,56260,9855,46405,-616360,0.5
1900-01-23 23:35:30,7680.0,117497,7680.5,25400,13348,327378,-314030,92097,0.5
1900-01-23 23:35:45,7676.0,203803,7676.5,272029,25684,472246,-446562,-68226,0.5
1900-01-23 23:36:00,7682.5,543697,7683.0,105926,110387,35998,74389,437771,0.5
1900-01-23 23:36:15,7687.0,756855,7687.5,1489,85671,601,85070,755366,0.5
1900-01-23 23:36:30,7691.0,432359,7691.5,601258,88670,25505,63165,-168899,0.5
1900-01-23 23:36:45,7693.0,436821,7693.5,24959,72614,4436,68178,411862,0.5
1900-01-23 23:37:00,7694.0,775240,7694.5,73067,138880,825,138055,702173,0.5
1900-01-23 23:37:15,7697.0,457737,7697.5,354987,64251,3590,60661,102750,0.5
1900-01-23 23:37:30,7697.0,239084,7697.5,273440,17389,16903,486,-34356,0.5
1900-01-23 23:37:45,7696.0,255,7696.5,1342198,15717,41470,-25753,-1341943,0.5
1900-01-23 23:38:00,7691.0,5401,7691.5,1093972,7621,43681,-36060,-1088571,0.5
1900-01-23 23:38:15,7688.0,2139,7688.5,721175,7590,68972,-61382,-719036,0.5
1900-01-23 23:38:30,7681.5,41336,7682.0,274609,4710,83601,-78891,-233273,0.5
1900-01-23 23:38:45,7696.0,95831,7696.5,14980,142521,190395,-47874,80851,0.5
1900-01-23 23:39:00,7696.5,42691,7697.0,840398,182313,210202,-27889,-797707,0.5
1900-01-23 23:39:15,7696.0,670399,7696.5,54147,55857,62340,-6483,616252,0.5
1900-01-23 23:39:30,7697.5,385414,7698.0,770992,64406,7871,56535,-385578,0.5
1900-01-23 23:39:45,7697.5,895563,7698.0,194978,106943,14900,92043,700585,0.5
1900-01-23 23:40:00,7697.5,984886,7698.0,103580,11318,8178,3140,881306,0.5
1900-01-23 23:40:15,7697.5,847072,7698.0,303190,88135,1862,86273,543882,0.5
1900-01-23 23:40:30,7688.0,89304,7688.5,787489,61868,464726,-402858,-698185,0.5
1900-01-23 23:40:45,7688.0,260624,7688.5,622344,28326,54763,-26437,-361720,0.5
1900-01-23 23:41:00,7687.5,30152,7688.0,682169,15816,21006,-5190,-652017,0.5
1900-01-23 23:41:15,7686.0,101404,7686.5,480242,22318,22935,-617,-378838,0.5
1900-01-23 23:41:30,7686.0,194082,7686.5,630500,151578,13712,137866,-436418,0.5
1900-01-23 23:41:45,7686.0,82960,7686.5,702132,73835,90959,-17124,-619172,0.5
1900-01-23 23:42:00,7684.5,17572,7685.0,938688,107595,34486,73109,-921116,0.5
1900-01-23 23:42:15,7682.5,585527,7683.0,401082,3711,40522,-36811,184445,0.5
1900-01-23 23:42:30,7678.5,24327,7679.0,7679,82715,40741,41974,16648,0.5
1900-01-23 23:42:45,7672.0,96384,7672.5,400572,185285,147701,37584,-304188,0.5
1900-01-23 23:43:00,7691.5,44000,7692.0,417749,339187,167914,171273,-373749,0.5
1900-01-23 23:43:15,7691.5,172571,7692.0,2861715,198745,23162,175583,-2689144,0.5
1900-01-23 23:43:30,7688.0,543163,7688.5,384097,10862,78380,-67518,159066,0.5
1900-01-23 23:43:45,7688.0,120568,7688.5,755003,18064,6547,11517,-634435,0.5
1900-01-23 23:44:00,7688.0,40603,7688.5,1069655,5535,20806,-15271,-1029052,0.5
1900-01-23 23:44:15,7685.5,110267,7686.0,909389,6876,29475,-22599,-799122,0.5
1900-01-23 23:44:30,7687.0,555206,7687.5,2310,70344,5042,65302,552896,0.5
1900-01-23 23:44:45,7687.0,100,7687.5,663391,16483,700,15783,-663291,0.5
1900-01-23 23:45:00,7656.5,7836,7657.5,36288,125695,1910380,-1784685,-28452,1.0
1900-01-23 23:45:15,7650.0,74331,7650.5,848377,162089,329203,-167114,-774046,0.5
1900-01-23 23:45:30,7645.0,241634,7645.5,95964,55343,448971,-393628,145670,0.5
1900-01-23 23:45:45,7639.5,20000,7640.0,42990,343539,634809,-291270,-22990,0.5
1900-01-23 23:46:00,7623.0,89732,7624.0,21368,17983,886075,-868092,68364,1.0
1900-01-23 23:46:15,7633.0,42000,7633.5,1000,368391,341163,27228,41000,0.5
1900-01-23 23:46:30,7645.0,284670,7645.5,11900,311892,18840,293052,272770,0.5
1900-01-23 23:46:45,7642.0,30190,7642.5,155212,246590,499109,-252519,-125022,0.5
1900-01-23 23:47:00,7639.5,72539,7640.5,14209,61894,148837,-86943,58330,1.0
1900-01-23 23:47:15,7649.5,209963,7650.0,1016925,1205041,100105,1104936,-806962,0.5
1900-01-23 23:47:30,7659.5,338460,7660.0,12194,1032777,14947,1017830,326266,0.5
1900-01-23 23:47:45,7659.5,193694,7660.0,302792,485345,409230,76115,-109098,0.5
1900-01-23 23:48:00,7658.5,323265,7659.0,223520,20176,68123,-47947,99745,0.5
1900-01-23 23:48:15,7663.5,841208,7664.0,204600,604824,14124,590700,636608,0.5
1900-01-23 23:48:30,7663.5,107494,7664.0,624320,125368,64003,61365,-516826,0.5
1900-01-23 23:48:45,7661.0,1046008,7661.5,50278,13925,110174,-96249,995730,0.5
1900-01-23 23:49:00,7656.5,51660,7657.0,233111,10955,351577,-340622,-181451,0.5
1900-01-23 23:49:15,7656.0,531647,7656.5,657617,9671,139620,-129949,-125970,0.5
1900-01-23 23:49:30,7658.0,636347,7658.5,58604,213703,78510,135193,577743,0.5
1900-01-23 23:49:45,7659.5,2348494,7660.0,183764,243780,6063,237717,2164730,0.5
1900-01-23 23:50:00,7659.5,437420,7660.0,809613,95388,557058,-461670,-372193,0.5
1900-01-23 23:50:15,7644.0,11797,7644.5,253248,12217,457545,-445328,-241451,0.5
1900-01-23 23:50:30,7644.0,529890,7644.5,610316,48353,52920,-4567,-80426,0.5
1900-01-23 23:50:45,7637.5,67238,7638.0,1264137,6574,281895,-275321,-1196899,0.5
1900-01-23 23:51:00,7638.0,195878,7638.5,9748,317336,173726,143610,186130,0.5
1900-01-23 23:51:15,7643.0,3605,7643.5,831171,78956,267635,-188679,-827566,0.5
1900-01-23 23:51:30,7631.5,960937,7632.0,129065,50387,226265,-175878,831872,0.5
1900-01-23 23:51:45,7635.0,240096,7635.5,507644,95640,84557,11083,-267548,0.5
1900-01-23 23:52:00,7630.0,107935,7630.5,796350,30972,316382,-285410,-688415,0.5
1900-01-23 23:52:15,7635.0,17783,7636.5,17357,308908,309799,-891,426,1.5
1900-01-23 23:52:30,7635.5,12577,7636.0,134018,139788,35123,104665,-121441,0.5
1900-01-23 23:52:45,7641.5,14000,7642.0,7565,204066,98775,105291,6435,0.5
1900-01-23 23:53:00,7651.0,69472,7651.5,668249,362002,9044,352958,-598777,0.5
1900-01-23 23:53:15,7644.0,12270,7644.5,558895,51081,175095,-124014,-546625,0.5
1900-01-23 23:53:30,7644.5,578025,7645.0,438290,127810,31250,96560,139735,0.5
1900-01-23 23:53:45,7644.0,571480,7644.5,440590,15803,59564,-43761,130890,0.5
1900-01-23 23:54:00,7650.5,153493,7651.0,633766,28545,13773,14772,-480273,0.5
1900-01-23 23:54:15,7650.5,1007686,7651.0,32471,379514,5373,374141,975215,0.5
1900-01-23 23:54:30,7654.0,574769,7654.5,285929,105692,2566,103126,288840,0.5
1900-01-23 23:54:45,7649.5,782284,7650.0,246839,30358,256854,-226496,535445,0.5
1900-01-23 23:55:00,7649.5,58555,7650.0,831577,16799,180039,-163240,-773022,0.5
1900-01-23 23:55:15,7650.0,814425,7650.5,223929,65727,121650,-55923,590496,0.5
1900-01-23 23:55:30,7650.0,273582,7650.5,781239,4467,35947,-31480,-507657,0.5
1900-01-23 23:55:45,7653.5,266029,7654.0,11121,282372,15950,266422,254908,0.5
1900-01-23 23:56:00,7654.0,1292040,7654.5,63195,301408,4760,296648,1228845,0.5
1900-01-23 23:56:15,7654.0,717169,7654.5,641545,97428,7340,90088,75624,0.5
1900-01-23 23:56:30,7643.0,18049,7643.5,1971283,12111,240484,-228373,-1953234,0.5
1900-01-23 23:56:45,7638.5,156592,7639.0,476568,8743,359312,-350569,-319976,0.5
1900-01-23 23:57:00,7638.5,8745,7639.0,529261,108531,27672,80859,-520516,0.5
1900-01-23 23:57:15,7644.5,50300,7645.0,20504,109774,255421,-145647,29796,0.5
1900-01-23 23:57:30,7636.0,295343,7636.5,394366,87169,72350,14819,-99023,0.5
1900-01-23 23:57:45,7632.5,4455,7633.0,378478,59108,195747,-136639,-374023,0.5
1900-01-23 23:58:00,7629.0,4081,7629.5,430715,64252,239609,-175357,-426634,0.5
1900-01-23 23:58:15,7628.0,346523,7628.5,162229,315256,254447,60809,184294,0.5
1900-01-23 23:58:30,7629.5,60066,7630.0,1185854,590037,47753,542284,-1125788,0.5
1900-01-23 23:58:45,7625.0,227721,7625.5,755712,125674,149724,-24050,-527991,0.5
1900-01-23 23:59:00,7625.0,61880,7625.5,1005242,111838,25531,86307,-943362,0.5
1900-01-23 23:59:15,7622.5,21622,7623.0,587634,85894,93209,-7315,-566012,0.5
1900-01-23 23:59:30,7611.0,39829,7613.0,34000,58206,1308086,-1249880,5829,2.0
1900-01-23 23:59:45,7624.0,122926,7624.5,100,176971,230938,-53967,122826,0.5
1900-01-24 00:00:00,7624.0,17430,7624.5,913157,102901,77308,25593,-895727,0.5
1900-01-24 00:00:15,7616.5,6478,7617.0,5000,224630,340895,-116265,1478,0.5
1900-01-24 00:00:30,7607.0,231562,7613.5,4782,169390,1020879,-851489,226780,6.5
1900-01-24 00:00:45,7603.5,224465,7604.0,119911,70595,677397,-606802,104554,0.5
1900-01-24 00:01:00,7612.0,8567,7612.5,293009,119240,391832,-272592,-284442,0.5
1900-01-24 00:01:15,7612.5,567695,7613.0,152360,110392,225764,-115372,415335,0.5
1900-01-24 00:01:30,7619.0,71377,7619.5,5268,282944,64181,218763,66109,0.5
1900-01-24 00:01:45,7626.5,230355,7627.0,1026,382323,23950,358373,229329,0.5
1900-01-24 00:02:00,7621.5,103104,7622.5,295191,196574,504935,-308361,-192087,1.0
1900-01-24 00:02:15,7616.0,289023,7616.5,424280,183427,283724,-100297,-135257,0.5
1900-01-24 00:02:30,7610.5,182916,7611.0,643884,31546,279564,-248018,-460968,0.5
1900-01-24 00:02:45,7610.0,223227,7610.5,115243,118725,312883,-194158,107984,0.5
1900-01-24 00:03:00,7609.0,161351,7609.5,403809,480823,74643,406180,-242458,0.5
1900-01-24 00:03:15,7603.0,261736,7603.5,863657,47555,1502561,-1455006,-601921,0.5
1900-01-24 00:03:30,7584.5,85568,7585.5,42702,117800,1204925,-1087125,42866,1.0
1900-01-24 00:03:45,7606.0,209383,7606.5,72771,412408,250239,162169,136612,0.5
1900-01-24 00:04:00,7598.5,376497,7599.0,104969,80926,160586,-79660,271528,0.5
1900-01-24 00:04:15,7606.5,49603,7607.0,168637,624567,245549,379018,-119034,0.5
1900-01-24 00:04:30,7609.5,399621,7610.0,315542,368071,129678,238393,84079,0.5
1900-01-24 00:04:45,7618.0,2000,7618.5,660296,593266,120766,472500,-658296,0.5
1900-01-24 00:05:00,7618.0,548378,7618.5,22557,192122,154661,37461,525821,0.5
1900-01-24 00:05:15,7624.5,91966,7625.0,209410,279741,22778,256963,-117444,0.5
1900-01-24 00:05:30,7625.0,32775,7625.5,59580,272743,192892,79851,-26805,0.5
1900-01-24 00:05:45,7624.0,15565,7624.5,1271682,43721,338589,-294868,-1256117,0.5
1900-01-24 00:06:00,7620.0,174382,7620.5,164552,228935,170272,58663,9830,0.5
1900-01-24 00:06:15,7628.5,175487,7629.0,721846,278333,101291,177042,-546359,0.5
1900-01-24 00:06:30,7624.5,885176,7625.0,34667,60538,303390,-242852,850509,0.5
1900-01-24 00:06:45,7631.0,511422,7631.5,18255,654976,124484,530492,493167,0.5
1900-01-24 00:07:00,7634.5,301307,7635.0,522886,283110,19025,264085,-221579,0.5
1900-01-24 00:07:15,7637.5,532095,7638.0,33232,202717,359747,-157030,498863,0.5
1900-01-24 00:07:30,7635.5,5850,7636.0,85524,237165,87071,150094,-79674,0.5
1900-01-24 00:07:45,7635.5,849788,7636.0,251761,174900,29916,144984,598027,0.5
1900-01-24 00:08:00,7646.0,610515,7646.5,45191,350984,241134,109850,565324,0.5
1900-01-24 00:08:15,7641.5,19010,7642.0,391408,293350,40676,252674,-372398,0.5
1900-01-24 00:08:30,7639.0,864145,7639.5,20807,61399,33180,28219,843338,0.5
1900-01-24 00:08:45,7638.0,16164,7638.5,504859,117575,119816,-2241,-488695,0.5
1900-01-24 00:09:00,7639.0,876550,7639.5,183113,36326,73784,-37458,693437,0.5
1900-01-24 00:09:15,7641.0,561114,7641.5,231530,70513,61731,8782,329584,0.5
1900-01-24 00:09:30,7643.0,812617,7643.5,11465,228073,37758,190315,801152,0.5
1900-01-24 00:09:45,7643.0,827116,7643.5,242075,93102,80794,12308,585041,0.5
1900-01-24 00:10:00,7643.5,733926,7644.0,15115,113383,34359,79024,718811,0.5
1900-01-24 00:10:15,7644.5,359915,7645.0,722392,42359,7023,35336,-362477,0.5
1900-01-24 00:10:30,7641.5,34899,7642.0,422369,44182,149029,-104847,-387470,0.5
1900-01-24 00:10:45,7636.5,240531,7637.0,1353031,27950,120860,-92910,-1112500,0.5
1900-01-24 00:11:00,7636.5,324521,7637.0,475752,7500,227069,-219569,-151231,0.5
1900-01-24 00:11:15,7635.0,23367,7635.5,835199,15509,136946,-121437,-811832,0.5
1900-01-24 00:11:30,7634.0,1067020,7634.5,124081,73037,22606,50431,942939,0.5
1900-01-24 00:11:45,7635.5,863006,7636.0,41540,53657,25061,28596,821466,0.5
1900-01-24 00:12:00,7637.0,286342,7637.5,528361,30577,8459,22118,-242019,0.5
1900-01-24 00:12:15,7634.0,9862,7634.5,664729,123163,227796,-104633,-654867,0.5
1900-01-24 00:12:30,7634.0,845921,7634.5,122034,80640,24445,56195,723887,0.5
1900-01-24 00:12:45,7631.5,556265,7632.0,672916,7712,26442,-18730,-116651,0.5
1900-01-24 00:13:00,7635.5,481151,7636.0,159182,80899,38733,42166,321969,0.5
1900-01-24 00:13:15,7635.5,695672,7636.0,885413,120316,17100,103216,-189741,0.5
1900-01-24 00:13:30,7640.0,839280,7640.5,39966,83839,39208,44631,799314,0.5
1900-01-24 00:13:45,7636.5,1154663,7637.0,135275,57582,54672,2910,1019388,0.5
1900-01-24 00:14:00,7636.5,1070885,7637.0,51323,15584,2658,12926,1019562,0.5
1900-01-24 00:14:15,7638.0,129721,7638.5,590175,30793,27434,3359,-460454,0.5
1900-01-24 00:14:30,7638.0,800027,7638.5,149148,3169,13228,-10059,650879,0.5
1900-01-24 00:14:45,7634.0,5086,7634.5,897272,36923,138871,-101948,-892186,0.5
1900-01-24 00:15:00,7632.0,22169,7632.5,868456,127835,36872,90963,-846287,0.5
1900-01-24 00:15:15,7623.5,331425,7624.0,815641,22051,142947,-120896,-484216,0.5
1900-01-24 00:15:30,7623.5,45332,7624.0,790346,42520,19409,23111,-745014,0.5
1900-01-24 00:15:45,7622.0,16104,7622.5,1046641,16671,146717,-130046,-1030537,0.5
1900-01-24 00:16:00,7619.0,512075,7619.5,612458,4355,191127,-186772,-100383,0.5
1900-01-24 00:16:15,7616.0,4892,7616.5,987788,70030,73856,-3826,-982896,0.5
1900-01-24 00:16:30,7613.5,35200,7614.0,205805,137046,271025,-133979,-170605,0.5
1900-01-24 00:16:45,7605.0,391363,7605.5,251354,181345,227958,-46613,140009,0.5
1900-01-24 00:17:00,7601.5,16399,7602.0,401532,177488,392163,-214675,-385133,0.5
1900-01-24 00:17:15,7613.5,27972,7615.5,18584,903709,143839,759870,9388,2.0
1900-01-24 00:17:30,7617.0,1865,7617.5,1065894,131028,152560,-21532,-1064029,0.5
1900-01-24 00:17:45,7610.0,676328,7610.5,117659,223119,283474,-60355,558669,0.5
1900-01-24 00:18:00,7620.5,453288,7621.0,56344,470084,91051,379033,396944,0.5
1900-01-24 00:18:15,7612.5,577016,7613.0,334153,282087,9566,272521,242863,0.5
1900-01-24 00:18:30,7612.0,109128,7612.5,32000,70876,321364,-250488,77128,0.5
1900-01-24 00:18:45,7610.0,91989,7610.5,88383,219252,160286,58966,3606,0.5
1900-01-24 00:19:00,7608.5,86826,7609.0,422092,66987,81348,-14361,-335266,0.5
1900-01-24 00:19:15,7593.5,77127,7594.0,47393,22066,302485,-280419,29734,0.5
1900-01-24 00:19:30,7599.5,840669,7600.0,130535,157259,172875,-15616,710134,0.5
1900-01-24 00:19:45,7593.0,35213,7593.5,153974,167929,479424,-311495,-118761,0.5
1900-01-24 00:20:00,7593.0,800964,7593.5,37093,118309,305412,-187103,763871,0.5
1900-01-24 00:20:15,7592.0,55372,7592.5,684007,143688,321206,-177518,-628635,0.5
1900-01-24 00:20:30,7589.0,3599,7589.5,496180,11776,159940,-148164,-492581,0.5
1900-01-24 00:20:45,7577.0,94801,7577.5,28939,9365,666810,-657445,65862,0.5
1900-01-24 00:21:00,7593.5,10000,7594.0,4003,450097,392726,57371,5997,0.5
1900-01-24 00:21:15,7589.0,53608,7589.5,821879,364448,233544,130904,-768271,0.5
1900-01-24 00:21:30,7594.5,544496,7595.0,17592,232393,293307,-60914,526904,0.5
1900-01-24 00:21:45,7597.0,767180,7597.5,25522,284986,164666,120320,741658,0.5
1900-01-24 00:22:00,7602.0,545670,7602.5,236959,246408,15353,231055,308711,0.5
1900-01-24 00:22:15,7604.5,144287,7605.0,141910,165719,10143,155576,2377,0.5
1900-01-24 00:22:30,7606.5,937523,7607.0,26582,310776,14079,296697,910941,0.5
1900-01-24 00:22:45,7607.5,1837896,7608.0,1414,151254,25799,125455,1836482,0.5
1900-01-24 00:23:00,7611.5,15999,7612.0,1168660,139128,70700,68428,-1152661,0.5
1900-01-24 00:23:15,7611.5,672949,7612.0,332248,62893,177653,-114760,340701,0.5
1900-01-24 00:23:30,7609.0,209129,7609.5,1227546,14340,24129,-9789,-1018417,0.5
1900-01-24 00:23:45,7608.5,12920,7609.0,912747,19470,197257,-177787,-899827,0.5
1900-01-24 00:24:00,7603.0,296920,7603.5,242541,36894,172034,-135140,54379,0.5
1900-01-24 00:24:15,7598.5,81296,7599.0,478031,193207,178398,14809,-396735,0.5
1900-01-24 00:24:30,7597.5,4792,7598.0,586254,107572,80405,27167,-581462,0.5
1900-01-24 00:24:45,7596.0,365201,7596.5,450934,70036,169247,-99211,-85733,0.5
1900-01-24 00:25:00,7591.0,370015,7591.5,721199,80387,83204,-2817,-351184,0.5
1900-01-24 00:25:15,7584.5,534939,7585.0,492306,23349,254137,-230788,42633,0.5
1900-01-24 00:25:30,7583.0,43872,7583.5,182668,343723,167167,176556,-138796,0.5
1900-01-24 00:25:45,7583.0,443492,7583.5,366235,68895,89473,-20578,77257,0.5
1900-01-24 00:26:00,7572.5,35127,7573.0,33000,139419,681232,-541813,2127,0.5
1900-01-24 00:26:15,7568.5,30587,7569.0,20494,270262,378354,-108092,10093,0.5
1900-01-24 00:26:30,7564.5,345343,7567.0,78886,181055,503275,-322220,266457,2.5
1900-01-24 00:26:45,7585.5,125158,7586.0,412602,437625,137585,300040,-287444,0.5
1900-01-24 00:27:00,7585.0,5521,7585.5,619332,145499,334137,-188638,-613811,0.5
1900-01-24 00:27:15,7593.0,1319349,7593.5,4241,177277,208563,-31286,1315108,0.5
1900-01-24 00:27:30,7586.5,188283,7587.0,37230,100811,139523,-38712,151053,0.5
1900-01-24 00:27:45,7582.5,56500,7589.5,835127,61060,452336,-391276,-778627,7.0
1900-01-24 00:28:00,7580.5,20623,7581.0,20000,33881,71469,-37588,623,0.5
1900-01-24 00:28:15,7559.0,200,7560.0,2385,55090,334525,-279435,-2185,1.0
1900-01-24 00:28:30,7565.0,13500,7565.5,1214,596894,454737,142157,12286,0.5
1900-01-24 00:28:45,7566.5,40544,7569.0,410861,386552,99594,286958,-370317,2.5
1900-01-24 00:29:00,7561.5,3100,7562.0,13000,44112,75273,-31161,-9900,0.5
1900-01-24 00:29:15,7552.5,495772,7553.0,100978,90332,97636,-7304,394794,0.5
1900-01-24 00:29:30,7562.0,260301,7562.5,4223,554888,110454,444434,256078,0.5
1900-01-24 00:29:45,7565.0,500593,7565.5,303165,81970,116003,-34033,197428,0.5
1900-01-24 00:30:00,7561.0,29040,7561.5,297363,56438,79792,-23354,-268323,0.5
1900-01-24 00:30:15,7552.5,340083,7553.0,412185,88411,195147,-106736,-72102,0.5
1900-01-24 00:30:30,7545.0,141240,7545.5,476272,191441,1158618,-967177,-335032,0.5
1900-01-24 00:30:45,7539.5,5000,7540.0,631209,64929,1517833,-1452904,-626209,0.5
1900-01-24 00:31:00,7544.5,11980,7545.0,11767,517024,303170,213854,213,0.5
1900-01-24 00:31:15,7558.5,35884,7559.5,699,787752,80591,707161,35185,1.0
1900-01-24 00:31:30,7569.5,56969,7570.0,15611,293429,46555,246874,41358,0.5
1900-01-24 00:31:45,7590.0,53883,7590.5,2,689743,87154,602589,53881,0.5
1900-01-24 00:32:00,7596.0,10925,7596.5,4209,845623,120858,724765,6716,0.5
1900-01-24 00:32:15,7623.5,10192,7624.0,297545,1046269,388114,658155,-287353,0.5
1900-01-24 00:32:30,7620.0,899521,7620.5,476826,503435,853137,-349702,422695,0.5
1900-01-24 00:32:45,7612.0,393885,7612.5,1326979,185230,1282049,-1096819,-933094,0.5
1900-01-24 00:33:00,7627.0,35032,7627.5,2000,391615,97945,293670,33032,0.5
1900-01-24 00:33:15,7625.0,382412,7625.5,152926,626099,102838,523261,229486,0.5
1900-01-24 00:33:30,7637.5,86495,7638.0,74609,217345,96071,121274,11886,0.5
1900-01-24 00:33:45,7626.0,6893,7626.5,20319,253336,230382,22954,-13426,0.5
1900-01-24 00:34:00,7623.5,318335,7624.0,647023,276913,93857,183056,-328688,0.5
1900-01-24 00:34:15,7619.0,213056,7619.5,828161,23908,185347,-161439,-615105,0.5
1900-01-24 00:34:30,7613.5,152493,7614.0,434396,27881,219801,-191920,-281903,0.5
1900-01-24 00:34:45,7613.5,120646,7614.0,790250,142384,86069,56315,-669604,0.5
1900-01-24 00:35:00,7613.5,834018,7614.0,81929,150221,38254,111967,752089,0.5
1900-01-24 00:35:15,7621.0,2825,7622.0,852972,218070,44338,173732,-850147,1.0
1900-01-24 00:35:30,7621.0,435600,7621.5,341830,8461,86319,-77858,93770,0.5
1900-01-24 00:35:45,7624.5,836343,7625.0,244211,381694,4900,376794,592132,0.5
1900-01-24 00:36:00,7625.0,356860,7625.5,595903,261877,16997,244880,-239043,0.5
1900-01-24 00:36:15,7621.5,240436,7622.0,474862,55826,329426,-273600,-234426,0.5
1900-01-24 00:36:30,7620.0,109136,7620.5,1162311,7605,1399004,-1391399,-1053175,0.5
1900-01-24 00:36:45,7614.0,442351,7614.5,187811,41692,189104,-147412,254540,0.5
1900-01-24 00:37:00,7612.5,16540,7613.0,93522,321527,78253,243274,-76982,0.5
1900-01-24 00:37:15,7613.0,687490,7613.5,374566,205504,72232,133272,312924,0.5
1900-01-24 00:37:30,7616.0,490873,7616.5,518450,358603,34072,324531,-27577,0.5
1900-01-24 00:37:45,7612.5,12740,7613.0,1202228,5567,51789,-46222,-1189488,0.5
1900-01-24 00:38:00,7612.5,269318,7613.0,176072,137713,127344,10369,93246,0.5
1900-01-24 00:38:15,7612.5,135022,7613.0,1217202,16626,68370,-51744,-1082180,0.5
1900-01-24 00:38:30,7618.5,293437,7619.0,9024,125522,27614,97908,284413,0.5
1900-01-24 00:38:45,7618.5,606559,7619.0,170128,17033,572,16461,436431,0.5
1900-01-24 00:39:00,7618.5,749762,7619.0,125829,159521,4449,155072,623933,0.5
1900-01-24 00:39:15,7618.5,768176,7619.0,122650,37553,20916,16637,645526,0.5
1900-01-24 00:39:30,7624.5,382005,7625.0,825315,317197,75645,241552,-443310,0.5
1900-01-24 00:39:45,7627.5,810311,7628.0,320780,143285,10153,133132,489531,0.5
1900-01-24 00:40:00,7625.0,6868,7625.5,19144,126283,38051,88232,-12276,0.5
1900-01-24 00:40:15,7624.5,17308,7625.0,1316418,58616,58199,417,-1299110,0.5
1900-01-24 00:40:30,7620.0,844,7620.5,1102011,7797,86882,-79085,-1101167,0.5
1900-01-24 00:40:45,7619.5,53894,7620.0,854784,40052,7013,33039,-800890,0.5
1900-01-24 00:41:00,7619.5,559311,7620.0,508030,9968,13208,-3240,51281,0.5
1900-01-24 00:41:15,7627.5,27397,7628.0,877063,94438,25102,69336,-849666,0.5
1900-01-24 00:41:30,7627.0,646687,7627.5,413288,102461,24059,78402,233399,0.5
1900-01-24 00:41:45,7627.0,122352,7627.5,562375,61211,123299,-62088,-440023,0.5
1900-01-24 00:42:00,7627.0,18923,7627.5,1351599,13913,292756,-278843,-1332676,0.5
1900-01-24 00:42:15,7626.5,280850,7627.0,762192,11712,70534,-58822,-481342,0.5
1900-01-24 00:42:30,7628.0,289630,7628.5,346595,80150,46170,33980,-56965,0.5
1900-01-24 00:42:45,7634.0,1460732,7634.5,4462,341464,4159,337305,1456270,0.5
1900-01-24 00:43:00,7637.0,337487,7637.5,301538,280305,16394,263911,35949,0.5
1900-01-24 00:43:15,7635.0,22779,7635.5,222618,47128,106693,-59565,-199839,0.5
1900-01-24 00:43:30,7635.0,21870,7635.5,717588,64975,32002,32973,-695718,0.5
1900-01-24 00:43:45,7637.5,557287,7638.0,262318,153487,23856,129631,294969,0.5
1900-01-24 00:44:00,7637.5,704320,7638.0,133870,126687,27639,99048,570450,0.5
1900-01-24 00:44:15,7639.5,1208994,7640.0,743860,1666644,5003,1661641,465134,0.5
1900-01-24 00:44:30,7639.5,673826,7640.0,621254,293190,12722,280468,52572,0.5
1900-01-24 00:44:45,7640.5,436216,7641.0,186379,683451,178442,505009,249837,0.5
1900-01-24 00:45:00,7645.5,35724,7646.0,1229641,110004,190210,-80206,-1193917,0.5
1900-01-24 00:45:15,7641.5,5600,7642.0,127406,166508,93726,72782,-121806,0.5
1900-01-24 00:45:30,7641.0,11682,7641.5,636954,159075,194328,-35253,-625272,0.5
1900-01-24 00:45:45,7638.0,334402,7638.5,346218,109685,43742,65943,-11816,0.5
1900-01-24 00:46:00,7637.5,173521,7638.0,744442,8125,36378,-28253,-570921,0.5
1900-01-24 00:46:15,7631.0,7029,7631.5,212056,24716,822055,-797339,-205027,0.5
1900-01-24 00:46:30,7630.5,323528,7631.0,828481,3478,176246,-172768,-504953,0.5
1900-01-24 00:46:45,7631.0,1444196,7631.5,146,141657,38738,102919,1444050,0.5
1900-01-24 00:47:00,7631.5,717028,7632.0,613908,164230,10070,154160,103120,0.5
1900-01-24 00:47:15,7635.5,134191,7636.0,7755,64556,17205,47351,126436,0.5
1900-01-24 00:47:30,7638.5,486549,7639.0,245928,71494,2910,68584,240621,0.5
1900-01-24 00:47:45,7639.0,1044106,7639.5,50881,158987,4951,154036,993225,0.5
1900-01-24 00:48:00,7640.5,564646,7641.0,29545,45905,1000,44905,535101,0.5
1900-01-24 00:48:15,7641.0,32874,7641.5,690488,29615,137713,-108098,-657614,0.5
1900-01-24 00:48:30,7637.5,1024410,7638.0,5567,34742,61473,-26731,1018843,0.5
1900-01-24 00:48:45,7638.5,1317702,7639.0,609885,56913,23812,33101,707817,0.5
1900-01-24 00:49:00,7642.0,1554599,7642.5,21522,376199,15682,360517,1533077,0.5
1900-01-24 00:49:15,7642.0,255675,7642.5,976001,88263,524,87739,-720326,0.5
1900-01-24 00:49:30,7638.5,1380,7639.0,504668,15896,109912,-94016,-503288,0.5
1900-01-24 00:49:45,7638.5,389734,7639.0,366983,100512,8424,92088,22751,0.5
1900-01-24 00:50:00,7638.5,230316,7639.0,563444,25944,82823,-56879,-333128,0.5
1900-01-24 00:50:15,7638.5,610541,7639.0,261960,22630,16258,6372,348581,0.5
1900-01-24 00:50:30,7638.5,224466,7639.0,774978,37573,6262,31311,-550512,0.5
1900-01-24 00:50:45,7632.5,5030,7633.0,100139,3000,82371,-79371,-95109,0.5
1900-01-24 00:51:00,7631.0,723382,7631.5,472177,5100,121350,-116250,251205,0.5
1900-01-24 00:51:15,7625.0,16092,7625.5,897638,26,271689,-271663,-881546,0.5
1900-01-24 00:51:30,7623.0,587292,7623.5,645920,138357,116195,22162,-58628,0.5
1900-01-24 00:51:45,7623.0,272360,7623.5,835336,41288,8804,32484,-562976,0.5
1900-01-24 00:52:00,7621.5,188603,7622.0,537285,21600,47515,-25915,-348682,0.5
1900-01-24 00:52:15,7621.5,282758,7622.0,81422,117487,145934,-28447,201336,0.5
1900-01-24 00:52:30,7629.0,60880,7629.5,497758,223278,63249,160029,-436878,0.5
1900-01-24 00:52:45,7629.5,1163550,7630.0,102396,304001,3230,300771,1061154,0.5
1900-01-24 00:53:00,7630.0,366955,7630.5,26281,89406,207,89199,340674,0.5
1900-01-24 00:53:15,7631.5,493540,7632.0,356668,18343,10496,7847,136872,0.5
1900-01-24 00:53:30,7628.5,243,7629.0,612879,41608,108043,-66435,-612636,0.5
1900-01-24 00:53:45,7621.5,211351,7622.0,265914,8699,143357,-134658,-54563,0.5
1900-01-24 00:54:00,7619.0,11173,7619.5,443718,16000,90064,-74064,-432545,0.5
1900-01-24 00:54:15,7616.5,28263,7617.0,884192,52191,523045,-470854,-855929,0.5
1900-01-24 00:54:30,7616.5,687243,7617.0,91901,260764,171536,89228,595342,0.5
1900-01-24 00:54:45,7615.5,417669,7616.0,310626,19334,20175,-841,107043,0.5
1900-01-24 00:55:00,7615.5,497533,7616.0,488526,25886,64918,-39032,9007,0.5
1900-01-24 00:55:15,7615.5,104180,7616.0,943530,3141,236205,-233064,-839350,0.5
1900-01-24 00:55:30,7615.5,184472,7616.0,884005,1100,36299,-35199,-699533,0.5
1900-01-24 00:55:45,7615.5,204792,7616.0,938954,5496,1625,3871,-734162,0.5
1900-01-24 00:56:00,7620.5,570136,7621.0,189162,890590,67144,823446,380974,0.5
1900-01-24 00:56:15,7624.0,541891,7624.5,6547,26244,100790,-74546,535344,0.5
1900-01-24 00:56:30,7628.5,533528,7629.0,484678,303448,1076,302372,48850,0.5
1900-01-24 00:56:45,7628.5,1066879,7629.0,93962,45624,1330,44294,972917,0.5
1900-01-24 00:57:00,7629.5,858288,7630.0,198663,137159,1250,135909,659625,0.5
1900-01-24 00:57:15,7633.0,701410,7633.5,607568,75921,82760,-6839,93842,0.5
1900-01-24 00:57:30,7633.0,1133448,7633.5,14445,15654,1704,13950,1119003,0.5
1900-01-24 00:57:45,7633.5,305932,7634.0,651841,19655,84268,-64613,-345909,0.5
1900-01-24 00:58:00,7633.5,143791,7634.0,1198778,39721,5761,33960,-1054987,0.5
1900-01-24 00:58:15,7633.5,58968,7634.0,1262575,3089,253144,-250055,-1203607,0.5
1900-01-24 00:58:30,7633.5,555247,7634.0,837434,31642,34061,-2419,-282187,0.5
1900-01-24 00:58:45,7638.0,994957,7638.5,4440,386159,5005,381154,990517,0.5
1900-01-24 00:59:00,7639.5,539996,7640.0,100230,108423,5597,102826,439766,0.5
1900-01-24 00:59:15,7641.0,406831,7641.5,353867,399552,11927,387625,52964,0.5
1900-01-24 00:59:30,7641.0,808395,7641.5,174935,113398,30430,82968,633460,0.5
1900-01-24 00:59:45,7641.0,392656,7641.5,545473,382945,12726,370219,-152817,0.5
1900-01-24 01:00:00,7641.0,784237,7641.5,406855,160137,9675,150462,377382,0.5
1900-01-24 01:00:15,7644.5,621982,7645.0,166030,93794,7982,85812,455952,0.5
1900-01-24 01:00:30,7641.0,33520,7641.5,713326,34358,62156,-27798,-679806,0.5
1900-01-24 01:00:45,7639.0,526162,7639.5,566021,36301,66171,-29870,-39859,0.5
1900-01-24 01:01:00,7643.5,724958,7644.0,27031,44864,24415,20449,697927,0.5
1900-01-24 01:01:15,7643.5,699141,7644.0,570800,26044,14260,11784,128341,0.5
1900-01-24 01:01:30,7643.5,728626,7644.0,491712,25123,2220,22903,236914,0.5
1900-01-24 01:01:45,7648.0,779602,7648.5,21499,333289,5520,327769,758103,0.5
1900-01-24 01:02:00,7648.0,70098,7648.5,1006261,419983,169889,250094,-936163,0.5
1900-01-24 01:02:15,7645.5,400032,7646.0,48181,141661,150897,-9236,351851,0.5
1900-01-24 01:02:30,7646.0,742494,7646.5,46705,88505,104201,-15696,695789,0.5
1900-01-24 01:02:45,7658.0,102186,7660.0,163880,1497169,9815,1487354,-61694,2.0
1900-01-24 01:03:00,7657.0,4584,7657.5,292487,931234,120590,810644,-287903,0.5
1900-01-24 01:03:15,7650.5,1238453,7651.0,139540,102874,109094,-6220,1098913,0.5
1900-01-24 01:03:30,7650.5,764066,7651.0,36140,102269,90647,11622,727926,0.5
1900-01-24 01:03:45,7654.5,993533,7655.0,144665,126050,15901,110149,848868,0.5
1900-01-24 01:04:00,7659.5,44215,7660.0,90025,376000,51711,324289,-45810,0.5
1900-01-24 01:04:15,7663.5,759372,7664.0,47656,214221,48523,165698,711716,0.5
1900-01-24 01:04:30,7673.5,184118,7674.0,58991,1282446,123708,1158738,125127,0.5
1900-01-24 01:04:45,7666.0,21,7666.5,174602,406990,321305,85685,-174581,0.5
1900-01-24 01:05:00,7663.0,803720,7663.5,344165,130817,231986,-101169,459555,0.5
1900-01-24 01:05:15,7668.5,374933,7669.0,49450,229223,23290,205933,325483,0.5
1900-01-24 01:05:30,7668.5,35268,7669.0,536876,91617,52486,39131,-501608,0.5
1900-01-24 01:05:45,7671.5,64070,7672.0,70648,104848,117907,-13059,-6578,0.5
1900-01-24 01:06:00,7668.5,122528,7669.0,801575,62447,20186,42261,-679047,0.5
1900-01-24 01:06:15,7663.5,38857,7664.0,1660903,50050,249611,-199561,-1622046,0.5
1900-01-24 01:06:30,7659.0,659066,7659.5,1323637,44239,30887,13352,-664571,0.5
1900-01-24 01:06:45,7659.0,880111,7659.5,667710,13532,770795,-757263,212401,0.5
1900-01-24 01:07:00,7659.5,621679,7660.0,347163,630292,37096,593196,274516,0.5
1900-01-24 01:07:15,7667.0,646173,7667.5,406094,133905,46119,87786,240079,0.5
1900-01-24 01:07:30,7664.5,1107446,7665.0,143218,101395,191022,-89627,964228,0.5
1900-01-24 01:07:45,7664.5,1256782,7665.0,167495,35743,3720,32023,1089287,0.5
1900-01-24 01:08:00,7666.0,406289,7666.5,583567,77948,12501,65447,-177278,0.5
1900-01-24 01:08:15,7664.0,10343,7664.5,97730,54382,99774,-45392,-87387,0.5
1900-01-24 01:08:30,7660.0,664847,7660.5,40977,16271,106719,-90448,623870,0.5
1900-01-24 01:08:45,7660.0,766816,7660.5,596629,26125,154319,-128194,170187,0.5
1900-01-24 01:09:00,7660.0,53642,7660.5,764991,30114,31364,-1250,-711349,0.5
1900-01-24 01:09:15,7655.5,7067,7656.0,656075,1157,490006,-488849,-649008,0.5
1900-01-24 01:09:30,7655.0,39444,7655.5,1151037,1048,159528,-158480,-1111593,0.5
1900-01-24 01:09:45,7655.0,783003,7655.5,568415,67681,19608,48073,214588,0.5
1900-01-24 01:10:00,7654.0,55105,7654.5,955159,56175,193970,-137795,-900054,0.5
1900-01-24 01:10:15,7654.0,867299,7654.5,93075,217755,57375,160380,774224,0.5
1900-01-24 01:10:30,7654.0,1332528,7654.5,75188,17993,7915,10078,1257340,0.5
1900-01-24 01:10:45,7653.5,86326,7654.0,303904,15912,55414,-39502,-217578,0.5
1900-01-24 01:11:00,7652.5,23564,7653.0,327454,14574,100552,-85978,-303890,0.5
1900-01-24 01:11:15,7653.5,1025578,7654.0,41566,29621,29653,-32,984012,0.5
1900-01-24 01:11:30,7654.0,18974,7654.5,1050158,17245,117290,-100045,-1031184,0.5
1900-01-24 01:11:45,7652.5,667395,7653.0,404830,25537,9896,15641,262565,0.5
1900-01-24 01:12:00,7652.5,638975,7653.0,443209,19725,5405,14320,195766,0.5
1900-01-24 01:12:15,7656.0,451482,7656.5,531,233329,31564,201765,450951,0.5
1900-01-24 01:12:30,7658.5,901022,7659.0,308059,119090,704,118386,592963,0.5
1900-01-24 01:12:45,7659.5,692687,7660.0,6243,78118,1730,76388,686444,0.5
1900-01-24 01:13:00,7660.5,310989,7661.0,740375,11846,4650,7196,-429386,0.5
1900-01-24 01:13:15,7660.5,286796,7661.0,797115,8448,14905,-6457,-510319,0.5
1900-01-24 01:13:30,7660.5,260222,7661.0,892078,17580,29995,-12415,-631856,0.5
1900-01-24 01:13:45,7657.5,191325,7658.0,878157,4291,116416,-112125,-686832,0.5
1900-01-24 01:14:00,7657.5,5309,7658.0,814535,10237,153314,-143077,-809226,0.5
1900-01-24 01:14:15,7656.0,29615,7656.5,1097897,3432,28184,-24752,-1068282,0.5
1900-01-24 01:14:30,7653.5,602072,7654.0,686016,31532,142416,-110884,-83944,0.5
1900-01-24 01:14:45,7653.5,146398,7654.0,805445,33720,63929,-30209,-659047,0.5
1900-01-24 01:15:00,7653.5,488035,7654.0,371044,14279,30090,-15811,116991,0.5
1900-01-24 01:15:15,7653.0,40574,7653.5,1324787,6085,65449,-59364,-1284213,0.5
1900-01-24 01:15:30,7651.5,163070,7652.0,860281,3420,149789,-146369,-697211,0.5
1900-01-24 01:15:45,7651.5,237951,7652.0,1365142,7290,34874,-27584,-1127191,0.5
1900-01-24 01:16:00,7651.0,222838,7651.5,1101687,44656,227282,-182626,-878849,0.5
1900-01-24 01:16:15,7645.5,161274,7646.0,328722,44656,403349,-358693,-167448,0.5
1900-01-24 01:16:30,7642.0,593789,7642.5,502626,178,146104,-145926,91163,0.5
1900-01-24 01:16:45,7642.0,563746,7642.5,599410,301408,102364,199044,-35664,0.5
1900-01-24 01:17:00,7642.5,811935,7643.0,44482,104610,17229,87381,767453,0.5
1900-01-24 01:17:15,7645.5,1635162,7646.0,157,220055,14000,206055,1635005,0.5
1900-01-24 01:17:30,7648.5,466227,7649.0,56498,155369,8750,146619,409729,0.5
1900-01-24 01:17:45,7651.0,755454,7651.5,82615,59155,11500,47655,672839,0.5
1900-01-24 01:18:00,7655.0,433558,7655.5,380811,364134,40154,323980,52747,0.5
1900-01-24 01:18:15,7645.5,251813,7646.0,216004,22588,173503,-150915,35809,0.5
1900-01-24 01:18:30,7640.0,712657,7640.5,69995,161889,165029,-3140,642662,0.5
1900-01-24 01:18:45,7640.5,8025,7643.0,709647,67950,36271,31679,-701622,2.5
1900-01-24 01:19:00,7640.0,910829,7640.5,236532,12258,6327,5931,674297,0.5
1900-01-24 01:20:00,7634.5,592582,7635.0,214274,800,6327,-5527,378308,0.5
1900-01-24 01:20:15,7636.5,206309,7637.0,101863,147412,24799,122613,104446,0.5
1900-01-24 01:20:30,7636.5,315728,7637.0,589890,65982,1008,64974,-274162,0.5
1900-01-24 01:20:45,7634.0,147299,7634.5,748214,30,90707,-90677,-600915,0.5
1900-01-24 01:21:00,7634.0,852159,7634.5,59769,88029,20873,67156,792390,0.5
1900-01-24 01:21:15,7636.5,391222,7637.0,533577,36946,3600,33346,-142355,0.5
1900-01-24 01:21:30,7639.0,368896,7639.5,12226,52145,46498,5647,356670,0.5
1900-01-24 01:21:45,7643.5,402997,7644.0,444847,65842,3031,62811,-41850,0.5
1900-01-24 01:22:00,7643.5,444116,7644.0,15267,105124,82820,22304,428849,0.5
1900-01-24 01:22:15,7644.0,307014,7644.5,923902,66485,70500,-4015,-616888,0.5
1900-01-24 01:22:30,7644.0,289030,7644.5,635131,87820,10758,77062,-346101,0.5
1900-01-24 01:22:45,7644.0,467468,7644.5,78056,260564,137679,122885,389412,0.5
1900-01-24 01:23:00,7642.5,6045,7643.0,1381526,2341,113260,-110919,-1375481,0.5
1900-01-24 01:23:15,7638.5,3745,7639.0,28482,4050,22170,-18120,-24737,0.5
1900-01-24 01:23:30,7638.0,253817,7638.5,1815810,47662,4694,42968,-1561993,0.5
1900-01-24 01:23:45,7638.0,749293,7638.5,249736,16530,40030,-23500,499557,0.5
1900-01-24 01:24:00,7645.5,580891,7646.0,65686,53457,158,53299,515205,0.5
1900-01-24 01:24:15,7648.0,448354,7648.5,80609,383348,19137,364211,367745,0.5
1900-01-24 01:24:30,7646.5,19861,7647.0,795379,195546,124496,71050,-775518,0.5
1900-01-24 01:24:45,7647.0,652142,7647.5,128,107145,124496,-17351,652014,0.5
1900-01-24 01:25:00,7648.5,1298287,7649.0,64295,31721,386,31335,1233992,0.5
1900-01-24 01:25:15,7652.5,954178,7653.0,326934,213826,15534,198292,627244,0.5
1900-01-24 01:25:30,7652.5,1640147,7653.0,111816,210008,56,209952,1528331,0.5
1900-01-24 01:25:45,7652.5,289890,7653.0,490142,152762,20258,132504,-200252,0.5
1900-01-24 01:26:00,7657.0,272589,7657.5,371376,200264,24240,176024,-98787,0.5
1900-01-24 01:26:15,7657.0,407059,7657.5,419214,43224,6950,36274,-12155,0.5
1900-01-24 01:26:30,7657.0,535977,7657.5,108975,19388,16313,3075,427002,0.5
1900-01-24 01:26:45,7657.0,594533,7657.5,148905,39998,192,39806,445628,0.5
1900-01-24 01:27:00,7654.5,166884,7655.0,742953,3308,112270,-108962,-576069,0.5
1900-01-24 01:27:15,7654.5,180271,7655.0,827536,16462,35395,-18933,-647265,0.5
1900-01-24 01:27:30,7654.5,160618,7655.0,708449,183,37101,-36918,-547831,0.5
1900-01-24 01:27:45,7657.0,386803,7657.5,668757,93342,35500,57842,-281954,0.5
1900-01-24 01:28:00,7654.0,675603,7654.5,193410,19819,36160,-16341,482193,0.5
1900-01-24 01:28:15,7657.5,443568,7658.0,854595,92899,11300,81599,-411027,0.5
1900-01-24 01:28:30,7659.0,448523,7659.5,316472,281180,5080,276100,132051,0.5
1900-01-24 01:28:45,7658.0,520572,7658.5,119361,53750,10925,42825,401211,0.5
1900-01-24 01:29:00,7658.0,229301,7658.5,786414,4178,24729,-20551,-557113,0.5
1900-01-24 01:29:15,7657.5,51990,7658.0,613227,5485,56534,-51049,-561237,0.5
1900-01-24 01:29:30,7653.5,66281,7654.0,891132,16138,92171,-76033,-824851,0.5
1900-01-24 01:29:45,7648.5,38282,7649.0,620589,25276,53969,-28693,-582307,0.5
1900-01-24 01:30:00,7646.0,552286,7646.5,365877,2094,120763,-118669,186409,0.5
1900-01-24 01:30:15,7651.0,458231,7651.5,191627,73687,24499,49188,266604,0.5
1900-01-24 01:30:30,7651.0,242541,7651.5,579458,144231,6389,137842,-336917,0.5
1900-01-24 01:30:45,7654.5,327032,7655.0,136369,60912,5824,55088,190663,0.5
1900-01-24 01:31:00,7654.5,452372,7655.0,113977,10919,75593,-64674,338395,0.5
1900-01-24 01:31:15,7655.5,1092354,7656.0,8064,64784,1400,63384,1084290,0.5
1900-01-24 01:31:30,7657.5,229275,7658.0,736424,45356,1400,43956,-507149,0.5
1900-01-24 01:31:45,7654.5,109310,7655.0,1459539,118576,7552,111024,-1350229,0.5
1900-01-24 01:32:00,7654.5,48191,7655.0,1539938,2232,16361,-14129,-1491747,0.5
1900-01-24 01:32:15,7654.5,90665,7655.0,1433716,4206,27379,-23173,-1343051,0.5
1900-01-24 01:32:30,7654.0,30017,7654.5,772352,30217,62492,-32275,-742335,0.5
1900-01-24 01:32:45,7653.0,987962,7653.5,177285,52299,47300,4999,810677,0.5
1900-01-24 01:33:00,7653.0,790655,7653.5,60850,36732,19710,17022,729805,0.5
1900-01-24 01:33:15,7656.5,22966,7657.0,1292620,5358,64524,-59166,-1269654,0.5
1900-01-24 01:33:30,7656.0,413979,7656.5,665239,16930,507,16423,-251260,0.5
1900-01-24 01:33:45,7655.0,144459,7655.5,966010,30510,107900,-77390,-821551,0.5
1900-01-24 01:34:00,7652.5,6309,7653.0,736971,10087,30977,-20890,-730662,0.5
1900-01-24 01:34:15,7650.0,67887,7650.5,1335700,593,23904,-23311,-1267813,0.5
1900-01-24 01:34:30,7648.0,30169,7648.5,996552,29955,16380,13575,-966383,0.5
1900-01-24 01:34:45,7647.0,55999,7647.5,1193503,1269,32592,-31323,-1137504,0.5
1900-01-24 01:35:00,7645.0,57718,7645.5,777485,77013,169462,-92449,-719767,0.5
1900-01-24 01:35:15,7641.5,156880,7642.0,542061,58662,236959,-178297,-385181,0.5
1900-01-24 01:35:30,7639.5,56702,7640.0,782067,19259,54816,-35557,-725365,0.5
1900-01-24 01:35:45,7639.5,137452,7640.0,439663,8546,8827,-281,-302211,0.5
1900-01-24 01:36:00,7639.0,38790,7639.5,470773,733,17621,-16888,-431983,0.5
1900-01-24 01:36:15,7641.5,383701,7642.0,194,165787,22250,143537,383507,0.5
1900-01-24 01:36:30,7643.5,188707,7644.0,721903,9139,8740,399,-533196,0.5
1900-01-24 01:36:45,7640.0,45588,7640.5,1231548,2010,14400,-12390,-1185960,0.5
1900-01-24 01:37:00,7638.5,93997,7639.0,614724,36202,43995,-7793,-520727,0.5
1900-01-24 01:37:15,7638.5,103752,7639.0,1898408,1205,61113,-59908,-1794656,0.5
1900-01-24 01:37:30,7638.0,10828,7638.5,1370617,5171,212418,-207247,-1359789,0.5
1900-01-24 01:37:45,7634.0,8113,7634.5,789841,13148,263486,-250338,-781728,0.5
1900-01-24 01:38:00,7631.0,19452,7631.5,997142,6978,94898,-87920,-977690,0.5
1900-01-24 01:38:15,7629.0,481966,7629.5,415146,20536,270520,-249984,66820,0.5
1900-01-24 01:38:30,7629.5,443793,7630.0,712,213005,143986,69019,443081,0.5
1900-01-24 01:38:45,7636.5,27450,7637.0,212272,128743,22747,105996,-184822,0.5
1900-01-24 01:39:00,7633.5,687624,7634.0,109340,5443,61798,-56355,578284,0.5
1900-01-24 01:39:15,7634.0,275009,7634.5,1600,22830,66335,-43505,273409,0.5
1900-01-24 01:39:30,7634.5,79526,7635.0,692268,3564,17932,-14368,-612742,0.5
1900-01-24 01:39:45,7634.5,75980,7635.0,692358,15,9655,-9640,-616378,0.5
1900-01-24 01:40:00,7634.5,99217,7635.0,373804,1951,7956,-6005,-274587,0.5
1900-01-24 01:40:15,7634.5,722920,7635.0,221500,51358,1530,49828,501420,0.5
1900-01-24 01:40:30,7637.5,844707,7638.0,12286,50124,2100,48024,832421,0.5
1900-01-24 01:40:45,7639.5,420028,7640.0,143272,132246,10245,122001,276756,0.5
1900-01-24 01:41:00,7636.0,189961,7636.5,318443,79094,79285,-191,-128482,0.5
1900-01-24 01:41:15,7636.0,618095,7636.5,204484,35400,62764,-27364,413611,0.5
1900-01-24 01:41:30,7634.5,37750,7635.0,828,3990,14539,-10549,36922,0.5
1900-01-24 01:41:45,7631.0,2,7631.5,1009623,2531,108012,-105481,-1009621,0.5
1900-01-24 01:42:00,7629.0,107762,7629.5,1202088,1478,146330,-144852,-1094326,0.5
1900-01-24 01:42:15,7627.5,216986,7628.0,268146,10696,128894,-118198,-51160,0.5
1900-01-24 01:42:30,7627.0,32583,7627.5,839839,54677,56110,-1433,-807256,0.5
1900-01-24 01:42:45,7627.0,534598,7627.5,206415,142439,85231,57208,328183,0.5
1900-01-24 01:43:00,7625.0,21067,7625.5,1121695,123714,266078,-142364,-1100628,0.5
1900-01-24 01:43:15,7623.0,521837,7623.5,649591,2374,60728,-58354,-127754,0.5
1900-01-24 01:43:30,7615.5,11706,7616.0,707771,225168,83975,141193,-696065,0.5
1900-01-24 01:43:45,7618.0,136548,7618.5,95978,145128,522557,-377429,40570,0.5
1900-01-24 01:44:00,7613.0,751365,7613.5,305644,69287,128850,-59563,445721,0.5
1900-01-24 01:44:15,7618.5,9256,7619.0,1439836,50421,63197,-12776,-1430580,0.5
1900-01-24 01:44:30,7613.5,121913,7614.0,659092,24567,122556,-97989,-537179,0.5
1900-01-24 01:44:45,7613.5,124281,7614.0,785873,32659,51414,-18755,-661592,0.5
1900-01-24 01:45:00,7612.0,520440,7612.5,366970,9378,312443,-303065,153470,0.5
1900-01-24 01:45:15,7612.0,671727,7612.5,364846,25465,22017,3448,306881,0.5
1900-01-24 01:45:30,7618.0,464581,7618.5,183103,116237,189,116048,281478,0.5
1900-01-24 01:45:45,7618.5,392908,7619.0,443950,108086,38651,69435,-51042,0.5
1900-01-24 01:46:00,7620.5,411401,7621.0,177611,169474,38651,130823,233790,0.5
1900-01-24 01:46:15,7623.0,466352,7623.5,151162,62591,392,62199,315190,0.5
1900-01-24 01:46:30,7623.5,547613,7624.0,67512,146473,16521,129952,480101,0.5
1900-01-24 01:46:45,7623.5,667452,7624.0,131352,154873,26764,128109,536100,0.5
1900-01-24 01:47:00,7623.5,212906,7624.0,850721,35289,92070,-56781,-637815,0.5
1900-01-24 01:47:15,7624.5,794030,7625.0,52836,89666,25521,64145,741194,0.5
1900-01-24 01:47:30,7626.0,272770,7626.5,704367,53039,1710,51329,-431597,0.5
1900-01-24 01:47:45,7626.0,360937,7626.5,734187,61436,2208,59228,-373250,0.5
1900-01-24 01:48:00,7626.0,246137,7626.5,1032263,24181,6060,18121,-786126,0.5
1900-01-24 01:48:15,7623.5,28150,7624.0,1209976,76,131807,-131731,-1181826,0.5
1900-01-24 01:48:30,7615.5,736147,7616.0,277617,7970,154494,-146524,458530,0.5
1900-01-24 01:48:45,7615.5,481571,7616.0,442269,68855,14500,54355,39302,0.5
1900-01-24 01:49:00,7620.5,603671,7621.0,322335,445743,23961,421782,281336,0.5
1900-01-24 01:49:15,7620.0,596,7620.5,172527,11427,58064,-46637,-171931,0.5
1900-01-24 01:49:30,7612.5,258,7613.0,161981,62325,208021,-145696,-161723,0.5
1900-01-24 01:49:45,7614.5,394761,7615.0,407836,33387,22239,11148,-13075,0.5
1900-01-24 01:50:00,7614.5,205179,7615.0,814733,60527,42617,17910,-609554,0.5
1900-01-24 01:50:15,7614.5,576778,7615.0,61342,39564,16664,22900,515436,0.5
1900-01-24 01:50:30,7616.0,616324,7616.5,587119,21974,10910,11064,29205,0.5
1900-01-24 01:50:45,7616.0,972658,7616.5,149941,11481,167428,-155947,822717,0.5
1900-01-24 01:51:00,7616.0,1054520,7616.5,55576,52325,100,52225,998944,0.5
1900-01-24 01:51:15,7619.0,614101,7619.5,11038,28586,1988,26598,603063,0.5
1900-01-24 01:51:30,7619.0,389317,7619.5,512277,27258,3009,24249,-122960,0.5
1900-01-24 01:51:45,7616.0,372458,7616.5,699920,15306,47604,-32298,-327462,0.5
1900-01-24 01:52:00,7616.0,407496,7616.5,663055,12778,26828,-14050,-255559,0.5
1900-01-24 01:52:15,7612.5,20299,7613.0,730353,32590,250495,-217905,-710054,0.5
1900-01-24 01:52:30,7605.0,1340974,7605.5,616345,6775,854144,-847369,724629,0.5
1900-01-24 01:52:45,7605.0,905659,7605.5,612481,20908,528952,-508044,293178,0.5
1900-01-24 01:53:00,7605.0,712255,7605.5,1066925,585004,210056,374948,-354670,0.5
1900-01-24 01:53:15,7603.5,1049924,7604.0,125219,38150,143681,-105531,924705,0.5
1900-01-24 01:53:30,7603.5,622183,7604.0,335154,74869,439521,-364652,287029,0.5
1900-01-24 01:53:45,7599.0,169683,7599.5,42255,95618,309186,-213568,127428,0.5
1900-01-24 01:54:00,7598.5,232717,7599.0,396704,198308,369072,-170764,-163987,0.5
1900-01-24 01:54:15,7595.5,1622,7596.0,251150,21173,476793,-455620,-249528,0.5
1900-01-24 01:54:30,7593.5,137244,7594.0,671035,21799,343613,-321814,-533791,0.5
1900-01-24 01:54:45,7592.0,46595,7592.5,1019768,17831,743064,-725233,-973173,0.5
1900-01-24 01:55:00,7582.5,256538,7583.0,6347,46079,375608,-329529,250191,0.5
1900-01-24 01:55:15,7592.5,40672,7593.0,686635,62870,65824,-2954,-645963,0.5
1900-01-24 01:55:30,7597.5,399406,7598.0,142488,66646,17100,49546,256918,0.5
1900-01-24 01:55:45,7608.0,656931,7608.5,2502,444091,16344,427747,654429,0.5
1900-01-24 01:56:00,7609.5,55196,7610.0,11349,280323,15828,264495,43847,0.5
1900-01-24 01:56:15,7608.5,688173,7609.0,237372,58719,190530,-131811,450801,0.5
1900-01-24 01:56:30,7612.5,506203,7613.0,150629,102036,10439,91597,355574,0.5
1900-01-24 01:56:45,7615.5,1031933,7616.0,28797,370720,14969,355751,1003136,0.5
1900-01-24 01:57:00,7618.0,429763,7618.5,632009,452946,7093,445853,-202246,0.5
1900-01-24 01:57:15,7618.5,466063,7619.0,620659,84368,39764,44604,-154596,0.5
1900-01-24 01:57:30,7620.5,919574,7621.0,26926,370974,3789,367185,892648,0.5
1900-01-24 01:57:45,7621.5,453188,7622.0,370464,164282,947,163335,82724,0.5
1900-01-24 01:58:00,7619.5,558321,7620.0,238206,25821,74881,-49060,320115,0.5
1900-01-24 01:58:15,7619.5,180540,7620.0,630737,21223,36636,-15413,-450197,0.5
1900-01-24 01:58:30,7618.5,526559,7619.0,194572,27246,69060,-41814,331987,0.5
1900-01-24 01:58:45,7618.5,620705,7619.0,102269,42392,26200,16192,518436,0.5
1900-01-24 01:59:00,7621.5,351122,7622.0,665001,10918,4910,6008,-313879,0.5
1900-01-24 01:59:15,7622.0,273596,7622.5,680506,53281,151460,-98179,-406910,0.5
1900-01-24 01:59:30,7622.0,123244,7622.5,438203,73463,25840,47623,-314959,0.5
1900-01-24 01:59:45,7628.0,20986,7628.5,1127076,126531,37421,89110,-1106090,0.5
1900-01-24 02:00:00,7624.5,21827,7625.0,276565,57922,40335,17587,-254738,0.5
1900-01-24 02:00:15,7624.5,1044118,7625.0,121711,33054,6670,26384,922407,0.5
1900-01-24 02:00:30,7624.5,890236,7625.0,250061,4460,33,4427,640175,0.5
1900-01-24 02:00:45,7624.5,1458318,7625.0,131161,20873,7383,13490,1327157,0.5
1900-01-24 02:01:00,7621.5,225848,7622.0,504585,58844,68157,-9313,-278737,0.5
1900-01-24 02:01:15,7621.5,17372,7622.0,986833,3306,145874,-142568,-969461,0.5
1900-01-24 02:01:30,7619.0,614669,7619.5,293331,20188,88121,-67933,321338,0.5
1900-01-24 02:01:45,7620.0,1050866,7620.5,85408,50849,68602,-17753,965458,0.5
1900-01-24 02:02:00,7620.0,1242687,7620.5,91591,11297,10591,706,1151096,0.5
1900-01-24 02:02:15,7622.0,840741,7622.5,84504,86987,163,86824,756237,0.5
1900-01-24 02:02:30,7623.5,970173,7624.0,674213,131409,3942,127467,295960,0.5
1900-01-24 02:02:45,7623.5,1400894,7624.0,407797,257100,5199,251901,993097,0.5
1900-01-24 02:03:00,7628.0,561712,7628.5,111655,64766,3013,61753,450057,0.5
1900-01-24 02:03:15,7628.0,903575,7628.5,787371,53445,16963,36482,116204,0.5
1900-01-24 02:03:30,7628.5,459744,7629.0,520205,602778,4818,597960,-60461,0.5
1900-01-24 02:03:45,7629.0,240227,7629.5,717209,132634,75426,57208,-476982,0.5
1900-01-24 02:04:00,7629.5,875766,7630.0,33200,178315,7,178308,842566,0.5
1900-01-24 02:04:15,7631.0,380741,7631.5,809980,113150,7,113143,-429239,0.5
1900-01-24 02:04:30,7630.5,55850,7631.0,102781,93417,17711,75706,-46931,0.5
1900-01-24 02:04:45,7630.0,99905,7630.5,738534,16815,262182,-245367,-638629,0.5
1900-01-24 02:05:00,7630.0,1108423,7630.5,598239,85782,57681,28101,510184,0.5
1900-01-24 02:05:15,7633.5,601084,7634.0,234884,386535,6634,379901,366200,0.5
1900-01-24 02:05:30,7633.5,961752,7634.0,2889848,176458,12461,163997,-1928096,0.5
1900-01-24 02:05:45,7638.5,363151,7639.0,33917,305744,216213,89531,329234,0.5
1900-01-24 02:06:00,7639.5,20233,7640.0,429249,229033,80672,148361,-409016,0.5
1900-01-24 02:06:15,7639.5,641288,7640.0,97747,43715,67868,-24153,543541,0.5
1900-01-24 02:06:30,7642.0,104542,7642.5,583856,52769,37462,15307,-479314,0.5
1900-01-24 02:06:45,7639.5,7622,7640.0,715024,26404,58294,-31890,-707402,0.5
1900-01-24 02:07:00,7635.0,16822,7635.5,487672,8327,32072,-23745,-470850,0.5
1900-01-24 02:07:15,7630.0,1153853,7630.5,194011,4026,120502,-116476,959842,0.5
1900-01-24 02:07:30,7630.0,718510,7630.5,241942,60883,3600,57283,476568,0.5
1900-01-24 02:07:45,7630.0,170001,7630.5,585463,48106,199514,-151408,-415462,0.5
1900-01-24 02:08:00,7630.0,772877,7630.5,169370,19402,11120,8282,603507,0.5
1900-01-24 02:08:15,7636.5,304348,7637.0,600201,190997,27200,163797,-295853,0.5
1900-01-24 02:08:30,7632.5,1417703,7633.0,38532,72264,15459,56805,1379171,0.5
1900-01-24 02:08:45,7632.5,1572078,7633.0,5781,36010,4039,31971,1566297,0.5
1900-01-24 02:09:00,7634.5,578145,7635.0,74217,23941,1010,22931,503928,0.5
1900-01-24 02:09:15,7634.5,140904,7635.0,978912,58127,701,57426,-838008,0.5
1900-01-24 02:09:30,7635.0,869144,7635.5,60542,44264,1,44263,808602,0.5
1900-01-24 02:09:45,7635.0,383724,7635.5,577058,8776,507,8269,-193334,0.5
1900-01-24 02:10:00,7635.0,30036,7635.5,769425,3031,16014,-12983,-739389,0.5
1900-01-24 02:10:15,7633.5,87741,7634.0,914190,1211,26076,-24865,-826449,0.5
1900-01-24 02:10:30,7632.5,66065,7633.0,1048385,23922,22787,1135,-982320,0.5
1900-01-24 02:10:45,7629.5,234868,7630.0,903737,8630,51813,-43183,-668869,0.5
1900-01-24 02:11:00,7629.5,703634,7630.0,369825,7010,75076,-68066,333809,0.5
1900-01-24 02:11:15,7625.0,896718,7625.5,469289,1435,72937,-71502,427429,0.5
1900-01-24 02:11:30,7622.0,638822,7622.5,299611,7561,41572,-34011,339211,0.5
1900-01-24 02:11:45,7620.0,392272,7620.5,793766,6759,208708,-201949,-401494,0.5
1900-01-24 02:12:00,7620.0,534149,7620.5,884357,27705,71282,-43577,-350208,0.5
1900-01-24 02:12:15,7620.0,1471445,7620.5,354019,95152,15580,79572,1117426,0.5
1900-01-24 02:12:30,7620.0,40896,7620.5,1140975,6000,215592,-209592,-1100079,0.5
1900-01-24 02:12:45,7619.5,560,7620.0,1288235,703,13414,-12711,-1287675,0.5
1900-01-24 02:13:00,7611.5,7573,7612.0,1549362,8350,352354,-344004,-1541789,0.5
1900-01-24 02:13:15,7613.5,883579,7614.0,29074,160309,88598,71711,854505,0.5
1900-01-24 02:13:30,7614.5,514803,7615.0,47493,195108,13124,181984,467310,0.5
1900-01-24 02:13:45,7617.0,250,7617.5,289125,63293,108302,-45009,-288875,0.5
1900-01-24 02:14:00,7613.5,577823,7614.0,537010,110146,138505,-28359,40813,0.5
1900-01-24 02:14:15,7613.5,822808,7614.0,30370,28222,92857,-64635,792438,0.5
1900-01-24 02:14:30,7613.5,772710,7614.0,447525,22702,50574,-27872,325185,0.5
1900-01-24 02:14:45,7612.5,550,7613.0,1352111,1134,6077,-4943,-1351561,0.5
1900-01-24 02:15:00,7612.5,1205982,7613.0,107722,54686,3288,51398,1098260,0.5
1900-01-24 02:15:15,7615.0,1215505,7615.5,349,37509,858,36651,1215156,0.5
1900-01-24 02:15:30,7618.5,406642,7619.0,878946,41351,6000,35351,-472304,0.5
1900-01-24 02:15:45,7622.0,816748,7622.5,50147,130954,3548,127406,766601,0.5
1900-01-24 02:16:00,7624.5,868045,7625.0,95670,94434,2632,91802,772375,0.5
1900-01-24 02:16:15,7627.5,768180,7628.0,67916,33170,2236,30934,700264,0.5
1900-01-24 02:16:30,7627.5,738300,7628.0,261453,15497,8406,7091,476847,0.5
1900-01-24 02:16:45,7627.5,261438,7628.0,671601,70621,47432,23189,-410163,0.5
1900-01-24 02:17:00,7627.5,141590,7628.0,763036,9440,69744,-60304,-621446,0.5
1900-01-24 02:17:15,7627.5,221776,7628.0,882983,4650,19405,-14755,-661207,0.5
1900-01-24 02:17:30,7627.5,1053130,7628.0,185328,11600,20413,-8813,867802,0.5
1900-01-24 02:17:45,7627.0,95662,7627.5,1232300,5600,1791,3809,-1136638,0.5
1900-01-24 02:18:00,7627.0,85577,7627.5,1222288,1275,44464,-43189,-1136711,0.5
1900-01-24 02:18:15,7626.5,8976,7627.0,4711327,19337,46300,-26963,-4702351,0.5
1900-01-24 02:18:30,7627.0,1175391,7627.5,96201,71955,30756,41199,1079190,0.5
1900-01-24 02:18:45,7627.5,818147,7628.0,10095,42395,1190,41205,808052,0.5
1900-01-24 02:19:00,7632.5,384153,7633.0,191688,156506,50,156456,192465,0.5
1900-01-24 02:19:15,7636.5,389342,7637.0,535331,158423,3638,154785,-145989,0.5
1900-01-24 02:19:30,7636.5,726833,7637.0,108667,107062,10710,96352,618166,0.5
1900-01-24 02:19:45,7639.5,1308499,7640.0,53438,107589,4919,102670,1255061,0.5
1900-01-24 02:20:00,7642.0,438473,7642.5,384987,30342,62925,-32583,53486,0.5
1900-01-24 02:20:15,7642.0,225429,7642.5,800865,14153,90339,-76186,-575436,0.5
1900-01-24 02:20:30,7642.0,215008,7642.5,869229,4320,90529,-86209,-654221,0.5
1900-01-24 02:20:45,7640.0,1825,7640.5,993535,24206,221854,-197648,-991710,0.5
1900-01-24 02:21:00,7633.0,1501707,7633.5,36340,178528,12885,165643,1465367,0.5
1900-01-24 02:21:15,7634.5,813944,7635.0,38634,29814,9000,20814,775310,0.5
1900-01-24 02:21:30,7638.5,564799,7639.0,3312,194343,522,193821,561487,0.5
1900-01-24 02:21:45,7642.5,4632704,7643.0,438499,115698,9400,106298,4194205,0.5
1900-01-24 02:22:00,7645.5,720790,7646.0,183264,428896,44,428852,537526,0.5
1900-01-24 02:22:15,7646.0,4013540,7646.5,546564,225837,80917,144920,3466976,0.5
1900-01-24 02:22:30,7641.5,654435,7642.0,29386,77176,19982,57194,625049,0.5
1900-01-24 02:22:45,7649.0,56444,7649.5,212218,122824,8906,113918,-155774,0.5
1900-01-24 02:23:00,7645.5,390214,7646.0,198842,115326,11369,103957,191372,0.5
1900-01-24 02:23:15,7645.5,364701,7646.0,575393,24267,1012,23255,-210692,0.5
1900-01-24 02:23:30,7645.5,385473,7646.0,488615,57373,11628,45745,-103142,0.5
1900-01-24 02:23:45,7644.0,3398,7644.5,768562,68462,39547,28915,-765164,0.5
1900-01-24 02:24:00,7643.5,850166,7644.0,130760,4700,4013,687,719406,0.5
1900-01-24 02:24:15,7643.5,4655088,7644.0,74121,27219,2500,24719,4580967,0.5
1900-01-24 02:24:30,7649.5,1010732,7650.0,88657,336097,6480,329617,922075,0.5
1900-01-24 02:24:45,7650.5,506147,7651.0,469384,157089,5800,151289,36763,0.5
1900-01-24 02:25:00,7646.5,636367,7647.0,239822,111502,29906,81596,396545,0.5
1900-01-24 02:25:15,7646.5,798095,7647.0,103604,83348,1798,81550,694491,0.5
1900-01-24 02:25:30,7647.5,1020665,7648.0,3719,32512,9800,22712,1016946,0.5
1900-01-24 02:25:45,7650.5,531675,7651.0,303000,62823,1766,61057,228675,0.5
1900-01-24 02:26:00,7643.0,82297,7643.5,373424,80641,287576,-206935,-291127,0.5
1900-01-24 02:26:15,7640.0,7242,7640.5,767576,10691,37513,-26822,-760334,0.5
1900-01-24 02:26:30,7636.5,1049170,7637.0,307298,1075,47857,-46782,741872,0.5
1900-01-24 02:26:45,7640.5,1141558,7641.0,2132,115203,1450,113753,1139426,0.5
1900-01-24 02:27:00,7647.5,853871,7648.0,7729,12884,80380,-67496,846142,0.5
1900-01-24 02:27:15,7652.0,1166488,7652.5,343634,184614,15197,169417,822854,0.5
1900-01-24 02:27:30,7653.5,707667,7654.0,132995,259506,6348,253158,574672,0.5
1900-01-24 02:27:45,7653.5,19703,7654.0,759731,94143,8649,85494,-740028,0.5
1900-01-24 02:28:00,7651.5,3511,7652.0,706861,20222,97220,-76998,-703350,0.5
1900-01-24 02:28:15,7651.0,166384,7651.5,784435,36580,90426,-53846,-618051,0.5
1900-01-24 02:28:30,7650.0,120072,7650.5,605779,5809,157077,-151268,-485707,0.5
1900-01-24 02:28:45,7652.0,400628,7652.5,567964,8922,6515,2407,-167336,0.5
1900-01-24 02:29:00,7652.0,747643,7652.5,62861,1315,2840,-1525,684782,0.5
1900-01-24 02:29:15,7652.0,716737,7652.5,7743,25287,2080,23207,708994,0.5
1900-01-24 02:29:30,7652.0,34195,7652.5,730319,17041,103268,-86227,-696124,0.5
1900-01-24 02:29:45,7652.0,1192824,7652.5,48345,164673,18376,146297,1144479,0.5
1900-01-24 02:30:00,7659.0,833592,7659.5,224130,154720,22979,131741,609462,0.5
1900-01-24 02:30:15,7664.5,155073,7665.0,123766,341245,12287,328958,31307,0.5
1900-01-24 02:30:30,7665.5,106424,7666.0,807486,289750,5406,284344,-701062,0.5
1900-01-24 02:30:45,7665.0,6124283,7665.5,129015,135904,53965,81939,5995268,0.5
1900-01-24 02:31:00,7665.5,224730,7666.0,749586,441708,181273,260435,-524856,0.5
1900-01-24 02:31:15,7667.5,483375,7668.0,429927,123430,76174,47256,53448,0.5
1900-01-24 02:31:30,7667.5,69136,7668.0,698741,120241,48953,71288,-629605,0.5
1900-01-24 02:31:45,7661.5,304694,7662.0,304665,2340,81741,-79401,29,0.5
1900-01-24 02:32:00,7660.0,1091991,7660.5,43800,5572,120742,-115170,1048191,0.5
1900-01-24 02:32:15,7663.0,423960,7663.5,2122,49570,20940,28630,421838,0.5
1900-01-24 02:32:30,7664.0,9726,7664.5,588642,36269,10905,25364,-578916,0.5
1900-01-24 02:32:45,7664.0,275961,7664.5,642744,70910,39358,31552,-366783,0.5
1900-01-24 02:33:00,7662.0,581472,7662.5,659836,136526,4378,132148,-78364,0.5
1900-01-24 02:33:15,7658.0,447622,7658.5,360477,65856,177251,-111395,87145,0.5
1900-01-24 02:33:30,7658.0,510452,7658.5,200495,83111,93723,-10612,309957,0.5
1900-01-24 02:33:45,7658.0,4062237,7658.5,105222,22220,7483,14737,3957015,0.5
1900-01-24 02:34:00,7658.0,66553,7658.5,553062,16325,11019,5306,-486509,0.5
1900-01-24 02:34:15,7658.5,1540319,7659.0,67921,137750,27140,110610,1472398,0.5
1900-01-24 02:34:30,7659.0,1367584,7659.5,158809,55217,1509,53708,1208775,0.5
1900-01-24 02:34:45,7659.0,1179771,7659.5,149794,29815,25258,4557,1029977,0.5
1900-01-24 02:35:00,7659.0,774784,7659.5,200154,6650,11661,-5011,574630,0.5
1900-01-24 02:35:15,7659.0,801368,7659.5,347326,25121,8270,16851,454042,0.5
1900-01-24 02:35:30,7659.0,362802,7659.5,753419,11340,6232,5108,-390617,0.5
1900-01-24 02:35:45,7659.0,500,7659.5,986966,7237,118480,-111243,-986466,0.5
1900-01-24 02:36:00,7655.0,73771,7655.5,497976,5152,152003,-146851,-424205,0.5
1900-01-24 02:36:15,7655.0,634751,7655.5,306185,816,18336,-17520,328566,0.5
1900-01-24 02:36:30,7653.5,507258,7654.0,353904,2216,18408,-16192,153354,0.5
1900-01-24 02:36:45,7653.5,52092,7654.0,582323,9080,52546,-43466,-530231,0.5
1900-01-24 02:37:00,7653.0,20949,7653.5,559994,1637,61260,-59623,-539045,0.5
1900-01-24 02:37:15,7653.0,717407,7653.5,345873,6759,86683,-79924,371534,0.5
1900-01-24 02:37:30,7653.0,648217,7653.5,491631,12694,3077,9617,156586,0.5
1900-01-24 02:37:45,7653.0,1015553,7653.5,279268,19503,2884,16619,736285,0.5
1900-01-24 02:38:00,7653.0,704109,7653.5,63135,74027,7456,66571,640974,0.5
1900-01-24 02:38:15,7653.0,831770,7653.5,638435,13151,3212,9939,193335,0.5
1900-01-24 02:38:30,7650.5,736543,7651.0,341868,510,76728,-76218,394675,0.5
1900-01-24 02:38:45,7650.5,761450,7651.0,312912,4178,19200,-15022,448538,0.5
1900-01-24 02:39:00,7650.5,684652,7651.0,52736,31656,8760,22896,631916,0.5
1900-01-24 02:39:15,7657.5,1237332,7658.0,25233,10910,1885,9025,1212099,0.5
1900-01-24 02:39:30,7657.5,1364782,7658.0,1191391,87412,5169,82243,173391,0.5
1900-01-24 02:39:45,7652.0,294823,7652.5,586054,98250,50389,47861,-291231,0.5
1900-01-24 02:40:00,7652.0,603143,7652.5,56084,16467,34266,-17799,547059,0.5
1900-01-24 02:40:15,7652.5,1239942,7653.0,5072,7828,6006,1822,1234870,0.5
1900-01-24 02:40:30,7660.0,916414,7660.5,7276,22549,4708,17841,909138,0.5
1900-01-24 02:40:45,7661.5,1250580,7662.0,1233,65028,1539,63489,1249347,0.5
1900-01-24 02:41:00,7665.5,731298,7666.0,44234,20403,78715,-58312,687064,0.5
1900-01-24 02:41:15,7668.5,661506,7669.0,72004,42438,77345,-34907,589502,0.5
1900-01-24 02:41:30,7668.5,172338,7669.0,1090298,49064,161713,-112649,-917960,0.5
1900-01-24 02:41:45,7668.5,182859,7669.0,1127878,28975,54142,-25167,-945019,0.5
1900-01-24 02:42:00,7668.5,315752,7669.0,2701167,124504,45075,79429,-2385415,0.5
1900-01-24 02:42:15,7668.0,131620,7668.5,692045,233584,54632,178952,-560425,0.5
1900-01-24 02:42:30,7670.5,1186843,7671.0,96261,2149787,22967,2126820,1090582,0.5
1900-01-24 02:42:45,7674.5,1578777,7675.0,113910,419657,7367,412290,1464867,0.5
1900-01-24 02:43:00,7674.5,1451134,7675.0,43902,124064,9452,114612,1407232,0.5
1900-01-24 02:43:15,7673.0,428816,7673.5,558074,515030,151886,363144,-129258,0.5
1900-01-24 02:43:30,7676.0,611398,7676.5,665118,189506,52619,136887,-53720,0.5
1900-01-24 02:43:45,7677.5,285357,7678.0,28474,139318,44050,95268,256883,0.5
1900-01-24 02:44:00,7675.5,379693,7676.0,670304,120865,20052,100813,-290611,0.5
1900-01-24 02:44:15,7675.5,307055,7676.0,469095,126304,105523,20781,-162040,0.5
1900-01-24 02:44:30,7675.5,380721,7676.0,533672,26373,44569,-18196,-152951,0.5
1900-01-24 02:44:45,7674.0,876561,7674.5,124678,14997,109790,-94793,751883,0.5
1900-01-24 02:45:00,7674.0,30250,7674.5,1826398,18114,29442,-11328,-1796148,0.5
1900-01-24 02:45:15,7671.5,83789,7672.0,951443,17554,133186,-115632,-867654,0.5
1900-01-24 02:45:30,7668.5,46638,7669.0,932299,32153,166512,-134359,-885661,0.5
1900-01-24 02:45:45,7667.0,93943,7667.5,993960,12182,130218,-118036,-900017,0.5
1900-01-24 02:46:00,7665.5,64485,7666.0,813052,4200,149494,-145294,-748567,0.5
1900-01-24 02:46:15,7669.5,657494,7670.0,26062,13092,17140,-4048,631432,0.5
1900-01-24 02:46:30,7672.5,13934,7673.0,662545,91130,37739,53391,-648611,0.5
1900-01-24 02:46:45,7672.0,993825,7672.5,87747,19806,25123,-5317,906078,0.5
1900-01-24 02:47:00,7681.5,718699,7682.0,50749,447964,9426,438538,667950,0.5
1900-01-24 02:47:15,7682.5,445533,7683.0,321029,131766,6531,125235,124504,0.5
1900-01-24 02:47:30,7677.0,224493,7677.5,496392,163653,136982,26671,-271899,0.5
1900-01-24 02:47:45,7672.5,239188,7673.0,646026,4220,21666,-17446,-406838,0.5
1900-01-24 02:48:00,7672.5,736922,7673.0,454561,20848,8672,12176,282361,0.5
1900-01-24 02:48:15,7676.5,235396,7677.0,427341,98621,2468,96153,-191945,0.5
1900-01-24 02:48:30,7676.5,628069,7677.0,333089,3453,64360,-60907,294980,0.5
1900-01-24 02:48:45,7676.5,5940311,7677.0,42943,38394,45001,-6607,5897368,0.5
1900-01-24 02:49:00,7676.5,22283,7677.0,739372,19779,59106,-39327,-717089,0.5
1900-01-24 02:49:15,7676.5,110914,7677.0,572908,18784,36288,-17504,-461994,0.5
1900-01-24 02:49:30,7676.5,111128,7677.0,650011,5018,6390,-1372,-538883,0.5
1900-01-24 02:49:45,7676.5,27325,7677.0,744089,2500,67878,-65378,-716764,0.5
1900-01-24 02:50:00,7676.5,151246,7677.0,957079,22022,5721,16301,-805833,0.5
1900-01-24 02:50:15,7676.5,947148,7677.0,23999,29421,8930,20491,923149,0.5
1900-01-24 02:50:30,7676.5,57263,7677.0,781568,5907,3043,2864,-724305,0.5
1900-01-24 02:50:45,7676.0,44533,7676.5,1094018,10639,14014,-3375,-1049485,0.5
1900-01-24 02:51:00,7676.0,42651,7676.5,1215275,120,14801,-14681,-1172624,0.5
1900-01-24 02:51:15,7673.5,46884,7674.0,818899,2000,58841,-56841,-772015,0.5
1900-01-24 02:51:30,7672.5,6204,7673.0,261504,7408,56424,-49016,-255300,0.5
1900-01-24 02:51:45,7672.5,43410,7673.0,641979,4003,10883,-6880,-598569,0.5
1900-01-24 02:52:00,7672.0,26394,7672.5,826385,5501,17145,-11644,-799991,0.5
1900-01-24 02:52:15,7671.5,137422,7672.0,824585,4551,33251,-28700,-687163,0.5
1900-01-24 02:52:30,7671.0,52618,7671.5,583718,1485,43284,-41799,-531100,0.5
1900-01-24 02:52:45,7670.5,191835,7671.0,703437,501,67723,-67222,-511602,0.5
1900-01-24 02:53:00,7672.5,1752113,7673.0,96471,17809,18507,-698,1655642,0.5
1900-01-24 02:53:15,7673.0,1278434,7673.5,49528,36847,12000,24847,1228906,0.5
1900-01-24 02:53:30,7674.0,623710,7674.5,1268,49348,60,49288,622442,0.5
1900-01-24 02:53:45,7674.5,15373,7675.0,1120231,79593,35830,43763,-1104858,0.5
1900-01-24 02:54:00,7671.0,479766,7671.5,377608,13721,98838,-85117,102158,0.5
1900-01-24 02:54:15,7671.0,902520,7671.5,27742,52455,17152,35303,874778,0.5
1900-01-24 02:54:30,7671.0,866543,7671.5,301622,144,4669,-4525,564921,0.5
1900-01-24 02:54:45,7671.0,1504272,7671.5,3249,121471,5521,115950,1501023,0.5
1900-01-24 02:55:00,7671.0,553106,7671.5,624428,4271,13570,-9299,-71322,0.5
1900-01-24 02:55:15,7668.0,220770,7668.5,774010,7284,167222,-159938,-553240,0.5
1900-01-24 02:55:30,7666.5,53478,7667.0,699127,832,143968,-143136,-645649,0.5
1900-01-24 02:55:45,7664.5,34258,7665.0,286785,12206,78546,-66340,-252527,0.5
1900-01-24 02:56:00,7663.0,665288,7663.5,416402,13889,152583,-138694,248886,0.5
1900-01-24 02:56:15,7663.0,18975,7663.5,962783,1169,47282,-46113,-943808,0.5
1900-01-24 02:56:30,7662.0,190606,7662.5,827368,48136,63624,-15488,-636762,0.5
1900-01-24 02:56:45,7662.0,1020654,7662.5,301718,16056,31898,-15842,718936,0.5
1900-01-24 02:57:00,7662.0,748713,7662.5,287300,28562,126000,-97438,461413,0.5
1900-01-24 02:57:15,7662.5,1233150,7663.0,99338,112493,10650,101843,1133812,0.5
1900-01-24 02:57:30,7663.0,1114093,7663.5,22840,104411,180,104231,1091253,0.5
1900-01-24 02:57:45,7664.0,834216,7664.5,37556,24547,180,24367,796660,0.5
1900-01-24 02:58:00,7664.5,63510,7665.0,645148,21823,104660,-82837,-581638,0.5
1900-01-24 02:58:15,7666.0,337248,7666.5,725003,50667,11478,39189,-387755,0.5
1900-01-24 02:58:30,7666.0,5652,7666.5,932531,11070,29275,-18205,-926879,0.5
1900-01-24 02:58:45,7666.0,876356,7666.5,50149,5641,18899,-13258,826207,0.5
1900-01-24 02:59:00,7666.0,897715,7666.5,116,13064,7142,5922,897599,0.5
1900-01-24 02:59:15,7666.5,855173,7667.0,18788,21987,25259,-3272,836385,0.5
1900-01-24 02:59:30,7666.5,1018176,7667.0,73622,77109,36616,40493,944554,0.5
1900-01-24 02:59:45,7665.0,238605,7665.5,760279,12908,101754,-88846,-521674,0.5
1900-01-24 03:00:00,7665.0,289453,7665.5,605931,8054,7605,449,-316478,0.5
1900-01-24 03:00:15,7663.0,114778,7663.5,1013471,10131,259778,-249647,-898693,0.5
1900-01-24 03:00:30,7663.0,117094,7663.5,1072041,135,84807,-84672,-954947,0.5
1900-01-24 03:00:45,7662.5,262334,7663.0,1046579,19,103884,-103865,-784245,0.5
1900-01-24 03:01:00,7662.0,91570,7662.5,1234192,13769,227354,-213585,-1142622,0.5
1900-01-24 03:01:15,7644.5,82922,7645.0,128000,10726,323198,-312472,-45078,0.5
1900-01-24 03:01:30,7652.0,507516,7652.5,339702,204056,128948,75108,167814,0.5
1900-01-24 03:01:45,7648.0,245344,7648.5,599709,56160,64827,-8667,-354365,0.5
1900-01-24 03:02:00,7648.0,205601,7648.5,633862,19662,71545,-51883,-428261,0.5
1900-01-24 03:02:15,7648.0,938500,7648.5,332301,25633,28767,-3134,606199,0.5
1900-01-24 03:02:30,7649.0,1325428,7649.5,718,120945,3520,117425,1324710,0.5
1900-01-24 03:02:45,7649.5,1277140,7650.0,65192,145511,11791,133720,1211948,0.5
1900-01-24 03:03:00,7651.5,763050,7652.0,256204,141595,9748,131847,506846,0.5
1900-01-24 03:03:15,7651.5,593905,7652.0,712926,16299,3700,12599,-119021,0.5
1900-01-24 03:03:30,7647.5,243195,7648.0,710628,7264,175276,-168012,-467433,0.5
1900-01-24 03:03:45,7647.5,70753,7648.0,1098002,14029,46586,-32557,-1027249,0.5
1900-01-24 03:04:00,7641.0,537680,7641.5,392973,55874,243196,-187322,144707,0.5
1900-01-24 03:04:15,7641.5,912819,7642.0,10696,47643,28805,18838,902123,0.5
1900-01-24 03:04:30,7643.0,235646,7643.5,438213,44035,50,43985,-202567,0.5
1900-01-24 03:04:45,7634.5,365570,7635.0,375107,47618,136952,-89334,-9537,0.5
1900-01-24 03:05:00,7642.0,315403,7642.5,1859,85491,31695,53796,313544,0.5
1900-01-24 03:05:15,7642.0,303488,7642.5,661688,9180,29489,-20309,-358200,0.5
1900-01-24 03:05:30,7642.0,59288,7642.5,831663,12364,3491,8873,-772375,0.5
1900-01-24 03:05:45,7639.0,167558,7639.5,747758,32606,64044,-31438,-580200,0.5
1900-01-24 03:06:00,7639.0,851003,7639.5,44446,76300,1008,75292,806557,0.5
1900-01-24 03:06:15,7639.0,1013217,7639.5,5994,114677,66484,48193,1007223,0.5
1900-01-24 03:06:30,7639.5,979162,7640.0,113467,39065,8850,30215,865695,0.5
1900-01-24 03:06:45,7644.0,685240,7644.5,20549,164043,20100,143943,664691,0.5
1900-01-24 03:07:00,7641.5,4882,7642.0,939470,21409,48898,-27489,-934588,0.5
1900-01-24 03:07:15,7640.5,1518,7641.0,1174883,22081,1868,20213,-1173365,0.5
1900-01-24 03:07:30,7639.5,746796,7640.0,200100,7465,67843,-60378,546696,0.5
1900-01-24 03:07:45,7639.5,214760,7640.0,692262,6327,3703,2624,-477502,0.5
1900-01-24 03:08:00,7639.0,15555,7639.5,1195112,5850,27660,-21810,-1179557,0.5
1900-01-24 03:08:15,7637.5,59364,7638.0,1453580,3500,20041,-16541,-1394216,0.5
1900-01-24 03:08:30,7630.0,651049,7630.5,496986,1616,164943,-163327,154063,0.5
1900-01-24 03:08:45,7629.5,40839,7630.0,934523,95951,71059,24892,-893684,0.5
1900-01-24 03:09:00,7629.5,759301,7630.0,145275,57188,40464,16724,614026,0.5
1900-01-24 03:09:15,7637.0,226896,7637.5,273604,99956,1625,98331,-46708,0.5
1900-01-24 03:09:30,7637.0,281974,7637.5,525572,37968,260102,-222134,-243598,0.5
1900-01-24 03:09:45,7637.0,480640,7637.5,88067,5693,34713,-29020,392573,0.5
1900-01-24 03:10:00,7637.0,600155,7637.5,431499,7502,16925,-9423,168656,0.5
1900-01-24 03:10:15,7637.0,429798,7637.5,282745,10507,74402,-63895,147053,0.5
1900-01-24 03:10:30,7637.5,781394,7638.0,259972,10590,74402,-63812,521422,0.5
1900-01-24 03:10:45,7637.5,1044797,7638.0,185117,74071,459,73612,859680,0.5
1900-01-24 03:11:00,7637.5,1143717,7638.0,71996,181450,5,181445,1071721,0.5
1900-01-24 03:11:15,7640.5,867615,7641.0,224985,190771,4506,186265,642630,0.5
1900-01-24 03:11:30,7640.5,1230292,7641.0,18406,145218,12305,132913,1211886,0.5
1900-01-24 03:11:45,7641.5,1194383,7642.0,109313,27722,6,27716,1085070,0.5
1900-01-24 03:12:00,7642.5,1091508,7643.0,103838,51016,7506,43510,987670,0.5
1900-01-24 03:12:15,7642.5,1255322,7643.0,10330,97419,7560,89859,1244992,0.5
1900-01-24 03:12:30,7646.5,845828,7647.0,4324,123765,7560,116205,841504,0.5
1900-01-24 03:12:45,7647.0,694469,7647.5,64625,10039,8950,1089,629844,0.5
1900-01-24 03:13:00,7647.0,808169,7647.5,29402,26900,1405,25495,778767,0.5
1900-01-24 03:13:15,7648.5,870535,7649.0,262243,53378,9587,43791,608292,0.5
1900-01-24 03:13:30,7648.5,526536,7649.0,424047,133234,2065,131169,102489,0.5
1900-01-24 03:13:45,7648.5,1046040,7649.0,24407,20334,512,19822,1021633,0.5
1900-01-24 03:14:00,7648.5,1033933,7649.0,372314,19234,3469,15765,661619,0.5
1900-01-24 03:14:15,7649.5,610530,7650.0,626111,56892,3469,53423,-15581,0.5
1900-01-24 03:14:30,7649.5,672553,7650.0,974881,27426,3155,24271,-302328,0.5
1900-01-24 03:14:45,7645.0,102473,7645.5,281847,22823,72615,-49792,-179374,0.5
1900-01-24 03:15:00,7642.5,16671,7643.0,503609,1149,34619,-33470,-486938,0.5
1900-01-24 03:15:15,7642.5,750542,7643.0,155836,1262,25670,-24408,594706,0.5
1900-01-24 03:15:30,7642.5,893423,7643.0,98599,17783,24238,-6455,794824,0.5
1900-01-24 03:15:45,7642.5,911449,7643.0,57356,18696,3392,15304,854093,0.5
1900-01-24 03:16:00,7646.5,718275,7647.0,27800,16164,1626,14538,690475,0.5
1900-01-24 03:16:15,7646.5,270025,7647.0,695561,3579,97,3482,-425536,0.5
1900-01-24 03:16:30,7646.5,759889,7647.0,276186,19439,12518,6921,483703,0.5
1900-01-24 03:16:45,7646.5,873458,7647.0,14479,47712,12518,35194,858979,0.5
1900-01-24 03:17:00,7648.0,929957,7648.5,38851,12607,900,11707,891106,0.5
1900-01-24 03:17:15,7652.0,603041,7652.5,55701,22254,5515,16739,547340,0.5
1900-01-24 03:17:30,7652.5,771588,7653.0,138394,63997,5515,58482,633194,0.5
1900-01-24 03:17:45,7652.5,641937,7653.0,62671,16392,12938,3454,579266,0.5
1900-01-24 03:18:00,7652.5,325372,7653.0,911055,19629,6498,13131,-585683,0.5
1900-01-24 03:18:15,7652.5,3393,7653.0,1230681,11346,45760,-34414,-1227288,0.5
1900-01-24 03:18:30,7652.0,795553,7652.5,613064,8113,9353,-1240,182489,0.5
1900-01-24 03:18:45,7652.0,717602,7652.5,615865,1000,724,276,101737,0.5
1900-01-24 03:19:00,7652.0,921972,7652.5,638623,11001,5039,5962,283349,0.5
1900-01-24 03:19:15,7652.0,516343,7652.5,935243,1450,30002,-28552,-418900,0.5
1900-01-24 03:19:30,7652.0,966838,7652.5,596044,10791,19458,-8667,370794,0.5
1900-01-24 03:19:45,7652.0,350106,7652.5,928534,1175,11800,-10625,-578428,0.5
1900-01-24 03:20:00,7652.0,946301,7652.5,1052961,34209,69878,-35669,-106660,0.5
1900-01-24 03:20:15,7652.5,1244232,7653.0,808939,794812,18091,776721,435293,0.5
1900-01-24 03:20:30,7652.5,1320797,7653.0,654397,130722,18091,112631,666400,0.5
1900-01-24 03:20:45,7652.5,1349625,7653.0,606102,30499,7332,23167,743523,0.5
1900-01-24 03:21:00,7652.5,1369191,7653.0,547609,78974,6580,72394,821582,0.5
1900-01-24 03:21:15,7652.5,1909486,7653.0,487886,36691,3200,33491,1421600,0.5
1900-01-24 03:21:30,7652.5,2084398,7653.0,576380,428496,3200,425296,1508018,0.5
1900-01-24 03:21:45,7652.5,2089556,7653.0,426611,594949,2451,592498,1662945,0.5
1900-01-24 03:22:00,7652.5,9528411,7653.0,1061432,75361,4441,70920,8466979,0.5
1900-01-24 03:22:15,7641.5,568095,7642.0,1296774,23746,127470,-103724,-728679,0.5
1900-01-24 03:22:30,7641.5,214602,7642.0,1385127,2750,164117,-161367,-1170525,0.5
1900-01-24 03:22:45,7641.5,4033948,7642.0,365275,44722,15358,29364,3668673,0.5
1900-01-24 03:23:00,7641.5,4064491,7642.0,913530,32884,19405,13479,3150961,0.5
1900-01-24 03:23:15,7639.5,27423,7640.0,950021,73551,85840,-12289,-922598,0.5
1900-01-24 03:23:30,7638.0,134281,7638.5,1036903,6534,118344,-111810,-902622,0.5
1900-01-24 03:23:45,7638.0,685029,7638.5,390421,3852,37877,-34025,294608,0.5
1900-01-24 03:24:00,7638.0,972648,7638.5,691991,54242,26026,28216,280657,0.5
1900-01-24 03:24:15,7638.0,1000130,7638.5,750539,26918,2010,24908,249591,0.5
1900-01-24 03:24:30,7638.0,11057985,7638.5,665400,74708,8060,66648,10392585,0.5
1900-01-24 03:24:45,7638.0,11080168,7638.5,445945,183977,51200,132777,10634223,0.5
1900-01-24 03:25:00,7638.0,11251823,7638.5,240308,201188,2020,199168,11011515,0.5
1900-01-24 03:25:15,7638.0,11515955,7638.5,286597,395257,1402,393855,11229358,0.5
1900-01-24 03:25:30,7638.0,11324879,7638.5,204320,89015,100,88915,11120559,0.5
1900-01-24 03:25:45,7638.0,11525081,7638.5,265653,94916,1,94915,11259428,0.5
1900-01-24 03:26:00,7638.0,11423901,7638.5,195209,67168,20000,47168,11228692,0.5
1900-01-24 03:26:15,7638.0,11551890,7638.5,32568,108084,30939,77145,11519322,0.5
1900-01-24 03:26:30,7638.0,11101306,7638.5,531275,78306,3750,74556,10570031,0.5
1900-01-24 03:26:45,7638.0,10794356,7638.5,994988,399626,57000,342626,9799368,0.5
1900-01-24 03:27:00,7629.5,244121,7630.0,452484,222267,180485,41782,-208363,0.5
1900-01-24 03:27:15,7615.0,546662,7615.5,712034,52345,353406,-301061,-165372,0.5
1900-01-24 03:27:30,7622.5,615222,7623.0,250964,402057,250237,151820,364258,0.5
1900-01-24 03:27:45,7622.5,570508,7623.0,141165,101129,71276,29853,429343,0.5
1900-01-24 03:28:00,7622.5,790952,7623.0,209987,34632,19805,14827,580965,0.5
1900-01-24 03:28:15,7622.5,177396,7623.0,1119174,86420,44858,41562,-941778,0.5
1900-01-24 03:28:30,7622.5,109838,7623.0,661537,8954,136470,-127516,-551699,0.5
1900-01-24 03:28:45,7621.0,38727,7621.5,706682,4860,141169,-136309,-667955,0.5
1900-01-24 03:29:00,7617.0,48818,7617.5,956178,31697,89346,-57649,-907360,0.5
1900-01-24 03:29:15,7617.0,636792,7617.5,345882,29862,30885,-1023,290910,0.5
1900-01-24 03:29:30,7622.0,39377,7622.5,7800,224458,4621,219837,31577,0.5
1900-01-24 03:29:45,7624.5,741348,7625.0,169241,81861,4730,77131,572107,0.5
1900-01-24 03:30:00,7624.5,804247,7625.0,380689,48576,22250,26326,423558,0.5
1900-01-24 03:30:15,7625.0,628848,7625.5,587668,287603,2001,285602,41180,0.5
1900-01-24 03:30:30,7625.0,941648,7625.5,114535,76204,10400,65804,827113,0.5
1900-01-24 03:30:45,7625.5,1171982,7626.0,127561,136186,5089,131097,1044421,0.5
1900-01-24 03:31:00,7626.5,1247354,7627.0,18609,61364,5452,55912,1228745,0.5
1900-01-24 03:31:15,7629.5,748394,7630.0,416637,37354,11000,26354,331757,0.5
1900-01-24 03:31:30,7629.5,1254547,7630.0,11066,21650,3001,18649,1243481,0.5
1900-01-24 03:31:45,7634.0,491450,7634.5,77637,36485,31699,4786,413813,0.5
1900-01-24 03:32:00,7634.0,583763,7634.5,667007,17173,12629,4544,-83244,0.5
1900-01-24 03:32:15,7634.5,1145688,7635.0,1372312,238458,42933,195525,-226624,0.5
1900-01-24 03:32:30,7634.5,564363,7635.0,1783797,12450,15759,-3309,-1219434,0.5
1900-01-24 03:32:45,7634.5,551556,7635.0,1632943,135436,9119,126317,-1081387,0.5
1900-01-24 03:33:00,7634.5,1064560,7635.0,1245794,24311,72,24239,-181234,0.5
1900-01-24 03:33:15,7634.5,1078333,7635.0,1207183,36972,1269,35703,-128850,0.5
1900-01-24 03:33:30,7634.5,490975,7635.0,1594860,11426,8901,2525,-1103885,0.5
1900-01-24 03:33:45,7634.5,522688,7635.0,1632309,13783,42115,-28332,-1109621,0.5
1900-01-24 03:34:00,7634.5,410897,7635.0,1626787,1265,76345,-75080,-1215890,0.5
1900-01-24 03:34:15,7632.5,15111,7633.0,692784,5011,303231,-298220,-677673,0.5
1900-01-24 03:34:30,7629.0,190689,7629.5,644685,18,31168,-31150,-453996,0.5
1900-01-24 03:34:45,7629.0,789767,7629.5,575658,300,16039,-15739,214109,0.5
1900-01-24 03:35:00,7629.0,965902,7629.5,60847,4659,11943,-7284,905055,0.5
1900-01-24 03:35:15,7629.5,1415532,7630.0,16516,13668,1,13667,1399016,0.5
1900-01-24 03:35:30,7631.5,811261,7632.0,251744,19086,90,18996,559517,0.5
1900-01-24 03:35:45,7631.5,984213,7632.0,32200,49787,5384,44403,952013,0.5
1900-01-24 03:36:00,7633.0,1031145,7633.5,29506,24173,16702,7471,1001639,0.5
1900-01-24 03:36:15,7633.0,760681,7633.5,134620,18242,350,17892,626061,0.5
1900-01-24 03:36:30,7633.0,260096,7633.5,1121050,1176,7135,-5959,-860954,0.5
1900-01-24 03:36:45,7633.0,262703,7633.5,1142991,1,14412,-14411,-880288,0.5
1900-01-24 03:37:00,7633.0,876608,7633.5,72110,21132,32416,-11284,804498,0.5
1900-01-24 03:37:15,7634.5,1045131,7635.0,84672,70789,20230,50559,960459,0.5
1900-01-24 03:37:30,7635.0,256940,7635.5,1613104,35258,294125,-258867,-1356164,0.5
1900-01-24 03:37:45,7635.0,861832,7635.5,53191,42876,13752,29124,808641,0.5
1900-01-24 03:38:00,7635.0,614520,7635.5,1154086,2028,45886,-43858,-539566,0.5
1900-01-24 03:38:15,7635.0,209047,7635.5,1400453,620,45050,-44430,-1191406,0.5
1900-01-24 03:38:30,7635.0,184573,7635.5,1354653,299,14370,-14071,-1170080,0.5
1900-01-24 03:38:45,7635.0,1043699,7635.5,525865,4626,8200,-3574,517834,0.5
1900-01-24 03:39:00,7635.0,63791,7635.5,1250562,550,60756,-60206,-1186771,0.5
1900-01-24 03:39:15,7634.5,32937,7635.0,1303862,8150,41992,-33842,-1270925,0.5
1900-01-24 03:39:30,7634.5,118514,7635.0,1283855,8518,2287,6231,-1165341,0.5
1900-01-24 03:39:45,7634.5,135243,7635.0,1635480,14,3379,-3365,-1500237,0.5
1900-01-24 03:40:00,7634.5,163104,7635.0,1621200,43,1677,-1634,-1458096,0.5
1900-01-24 03:40:15,7634.5,152154,7635.0,1704743,3172,1512,1660,-1552589,0.5
1900-01-24 03:40:30,7634.5,138041,7635.0,1868117,3172,29042,-25870,-1730076,0.5
1900-01-24 03:40:45,7633.5,103044,7634.0,1708189,6900,46215,-39315,-1605145,0.5
1900-01-24 03:41:00,7633.5,86066,7634.0,1559865,2253,27787,-25534,-1473799,0.5
1900-01-24 03:41:15,7633.5,11619,7634.0,1996779,877,18468,-17591,-1985160,0.5
1900-01-24 03:41:30,7633.5,48064,7634.0,1710392,2121,9380,-7259,-1662328,0.5
1900-01-24 03:41:45,7633.5,353503,7634.0,947110,13296,24228,-10932,-593607,0.5
1900-01-24 03:42:00,7633.5,593626,7634.0,523160,4924,1739,3185,70466,0.5
1900-01-24 03:42:15,7634.5,815084,7635.0,424921,89274,1659,87615,390163,0.5
1900-01-24 03:42:30,7634.5,880258,7635.0,47597,14478,1659,12819,832661,0.5
1900-01-24 03:42:45,7634.5,1003917,7635.0,349841,6386,120,6266,654076,0.5
1900-01-24 03:43:00,7634.5,426916,7635.0,786149,16860,80000,-63140,-359233,0.5
1900-01-24 03:43:15,7635.0,946278,7635.5,2914,32753,1588,31165,943364,0.5
1900-01-24 03:43:30,7635.5,45357,7636.0,919785,16837,11398,5439,-874428,0.5
1900-01-24 03:43:45,7635.5,665503,7636.0,743469,1001,15932,-14931,-77966,0.5
1900-01-24 03:44:00,7635.5,480594,7636.0,664129,1397,1000,397,-183535,0.5
1900-01-24 03:44:15,7635.5,3489,7636.0,1239791,2080,22363,-20283,-1236302,0.5
1900-01-24 03:44:30,7634.0,42879,7634.5,1116947,14489,56636,-42147,-1074068,0.5
1900-01-24 03:44:45,7634.0,26880,7634.5,1517194,4074,28409,-24335,-1490314,0.5
1900-01-24 03:45:00,7634.0,470618,7634.5,1652409,2101,10756,-8655,-1181791,0.5
1900-01-24 03:45:15,7634.0,420693,7634.5,1407699,4102,11920,-7818,-987006,0.5
1900-01-24 03:45:30,7631.0,293575,7631.5,740335,2660,99851,-97191,-446760,0.5
1900-01-24 03:45:45,7634.0,1196555,7634.5,23540,101965,7651,94314,1173015,0.5
1900-01-24 03:46:00,7634.0,1383243,7634.5,1641,8937,45900,-36963,1381602,0.5
1900-01-24 03:46:15,7635.0,1229948,7635.5,273402,86044,3025,83019,956546,0.5
1900-01-24 03:46:30,7635.0,1262208,7635.5,237215,60041,3025,57016,1024993,0.5
1900-01-24 03:46:45,7641.0,662816,7641.5,742094,87128,5322,81806,-79278,0.5
1900-01-24 03:47:00,7641.0,939237,7641.5,148575,83004,9777,73227,790662,0.5
1900-01-24 03:47:15,7642.5,1359183,7643.0,2956,88122,5003,83119,1356227,0.5
1900-01-24 03:47:30,7644.0,92560,7644.5,888444,22654,19966,2688,-795884,0.5
1900-01-24 03:47:45,7640.0,304363,7640.5,1040298,9624,88067,-78443,-735935,0.5
1900-01-24 03:48:00,7640.0,764458,7640.5,332970,67854,55961,11893,431488,0.5
1900-01-24 03:48:15,7640.0,882203,7640.5,255910,35826,55961,-20135,626293,0.5
1900-01-24 03:48:30,7640.0,1022303,7640.5,251051,6120,55961,-49841,771252,0.5
1900-01-24 03:48:45,7640.0,1011058,7640.5,211601,2060,9801,-7741,799457,0.5
1900-01-24 03:49:00,7640.5,1277165,7641.0,16225,6730,5510,1220,1260940,0.5
1900-01-24 03:49:15,7641.0,1455748,7641.5,3438,988,1800,-812,1452310,0.5
1900-01-24 03:49:30,7641.5,981649,7642.0,60559,19363,500,18863,921090,0.5
1900-01-24 03:49:45,7642.5,803049,7643.0,340357,2096,18652,-16556,462692,0.5
1900-01-24 03:50:00,7642.5,798664,7643.0,242861,28908,5060,23848,555803,0.5
1900-01-24 03:50:15,7642.5,766396,7643.0,151650,64701,200,64501,614746,0.5
1900-01-24 03:50:30,7642.5,665968,7643.0,51746,6883,200,6683,614222,0.5
1900-01-24 03:50:45,7642.5,741271,7643.0,95673,7638,24,7614,645598,0.5
1900-01-24 03:51:00,7642.5,775419,7643.0,202567,8134,36055,-27921,572852,0.5
1900-01-24 03:51:15,7642.5,463107,7643.0,654123,693,9327,-8634,-191016,0.5
1900-01-24 03:51:30,7642.5,481378,7643.0,744404,2136,2876,-740,-263026,0.5
1900-01-24 03:51:45,7642.5,424438,7643.0,767625,21260,14843,6417,-343187,0.5
1900-01-24 03:52:00,7642.5,763961,7643.0,247217,15978,10615,5363,516744,0.5
1900-01-24 03:52:15,7644.5,886429,7645.0,248265,161338,2,161336,638164,0.5
1900-01-24 03:52:30,7645.0,1077451,7645.5,865,144168,5279,138889,1076586,0.5
1900-01-24 03:52:45,7646.0,976411,7646.5,61706,35378,1640,33738,914705,0.5
1900-01-24 03:53:00,7646.0,1015615,7646.5,8880,16339,213,16126,1006735,0.5
1900-01-24 03:53:15,7646.5,1444204,7647.0,2388,13354,213,13141,1441816,0.5
1900-01-24 03:53:30,7648.5,1227174,7649.0,16951,23197,7020,16177,1210223,0.5
1900-01-24 03:53:45,7649.5,682811,7650.0,525421,53683,5700,47983,157390,0.5
1900-01-24 03:54:00,7649.5,1096654,7650.0,78944,5125,2571,2554,1017710,0.5
1900-01-24 03:54:15,7653.0,471076,7653.5,535154,76559,5030,71529,-64078,0.5
1900-01-24 03:54:30,7653.0,299923,7653.5,574255,154373,11141,143232,-274332,0.5
1900-01-24 03:54:45,7654.5,901514,7655.0,60680,32561,35538,-2977,840834,0.5
1900-01-24 03:55:00,7654.5,615317,7655.0,447300,24476,19549,4927,168017,0.5
1900-01-24 03:55:15,7654.5,592355,7655.0,314115,18570,6725,11845,278240,0.5
1900-01-24 03:55:30,7654.5,619859,7655.0,235884,68818,11574,57244,383975,0.5
1900-01-24 03:55:45,7654.5,641123,7655.0,35618,40524,11574,28950,605505,0.5
1900-01-24 03:56:00,7655.0,572287,7655.5,75001,25416,5383,20033,497286,0.5
1900-01-24 03:56:15,7655.0,548381,7655.5,323870,10053,5383,4670,224511,0.5
1900-01-24 03:56:30,7655.0,458544,7655.5,413695,10471,19256,-8785,44849,0.5
1900-01-24 03:56:45,7655.0,346489,7655.5,461334,17429,36090,-18661,-114845,0.5
1900-01-24 03:57:00,7655.0,46808,7655.5,676152,8991,127415,-118424,-629344,0.5
1900-01-24 03:57:15,7653.0,376529,7653.5,428393,10375,35787,-25412,-51864,0.5
1900-01-24 03:57:30,7653.0,54272,7653.5,722485,1938,87032,-85094,-668213,0.5
1900-01-24 03:57:45,7652.5,26730,7653.0,545460,1180,23724,-22544,-518730,0.5
1900-01-24 03:58:00,7650.5,1447835,7651.0,18544,2265,15761,-13496,1429291,0.5
1900-01-24 03:58:15,7650.5,781908,7651.0,25775,3039,5000,-1961,756133,0.5
1900-01-24 03:58:30,7650.5,782764,7651.0,203074,5110,1884,3226,579690,0.5
1900-01-24 03:58:45,7650.5,623098,7651.0,269552,3359,32571,-29212,353546,0.5
1900-01-24 03:59:00,7650.5,479878,7651.0,249582,1314,4001,-2687,230296,0.5
1900-01-24 03:59:15,7662.5,1169032,7663.0,16544,396600,83917,312683,1152488,0.5
1900-01-24 03:59:30,7666.5,914462,7667.0,178067,345984,115218,230766,736395,0.5
1900-01-24 03:59:45,7667.5,1219416,7668.0,10175,42493,8664,33829,1209241,0.5
1900-01-24 04:00:00,7668.0,537382,7668.5,380000,89533,24000,65533,157382,0.5
1900-01-24 04:00:15,7668.0,621150,7668.5,453666,113474,15365,98109,167484,0.5
1900-01-24 04:00:30,7669.5,1611365,7670.0,101644,118946,23648,95298,1509721,0.5
1900-01-24 04:00:45,7676.5,408542,7677.0,533220,109819,38992,70827,-124678,0.5
1900-01-24 04:01:00,7690.5,296756,7691.0,433623,734475,16803,717672,-136867,0.5
1900-01-24 04:01:15,7691.0,601077,7691.5,141281,279283,83697,195586,459796,0.5
1900-01-24 04:01:30,7691.5,485167,7692.0,391882,217544,14566,202978,93285,0.5
1900-01-24 04:01:45,7693.5,216862,7694.0,53526,101546,56118,45428,163336,0.5
1900-01-24 04:02:00,7692.5,173597,7693.0,324107,77312,632332,-555020,-150510,0.5
1900-01-24 04:02:15,7692.5,522021,7693.0,335010,98533,217491,-118958,187011,0.5
1900-01-24 04:02:30,7684.0,1071953,7684.5,53190,59175,76632,-17457,1018763,0.5
1900-01-24 04:02:45,7684.0,807397,7684.5,144458,79258,166948,-87690,662939,0.5
1900-01-24 04:03:00,7689.5,461668,7690.0,339786,42150,37413,4737,121882,0.5
1900-01-24 04:03:15,7689.5,705646,7690.0,219135,63461,15823,47638,486511,0.5
1900-01-24 04:03:30,7689.5,834124,7690.0,80884,86765,27005,59760,753240,0.5
1900-01-24 04:03:45,7684.0,86869,7684.5,511353,59525,151234,-91709,-424484,0.5
1900-01-24 04:04:00,7684.5,530864,7685.0,198780,57680,117469,-59789,332084,0.5
1900-01-24 04:04:15,7683.0,38941,7683.5,688776,21507,221659,-200152,-649835,0.5
1900-01-24 04:04:30,7680.5,608747,7681.0,45298,54818,54283,535,563449,0.5
1900-01-24 04:04:45,7685.0,653954,7685.5,672857,55167,9376,45791,-18903,0.5
1900-01-24 04:05:00,7687.0,58789,7687.5,748880,57480,202822,-145342,-690091,0.5
1900-01-24 04:05:15,7687.0,743748,7687.5,23642,213011,120444,92567,720106,0.5
1900-01-24 04:05:30,7687.0,128979,7687.5,346396,6028,26011,-19983,-217417,0.5
1900-01-24 04:05:45,7685.0,206385,7685.5,495868,28255,58161,-29906,-289483,0.5
1900-01-24 04:06:00,7685.0,252755,7685.5,484536,37276,25000,12276,-231781,0.5
1900-01-24 04:06:15,7685.0,158733,7685.5,453831,39443,111610,-72167,-295098,0.5
1900-01-24 04:06:30,7685.0,284772,7685.5,404525,6262,82390,-76128,-119753,0.5
1900-01-24 04:06:45,7685.0,220103,7685.5,595707,12949,53495,-40546,-375604,0.5
1900-01-24 04:07:00,7683.0,11028,7683.5,492527,8144,55754,-47610,-481499,0.5
1900-01-24 04:07:15,7681.0,65558,7681.5,355621,41189,34664,6525,-290063,0.5
1900-01-24 04:07:30,7680.5,10779,7681.0,432028,5096,16913,-11817,-421249,0.5
1900-01-24 04:07:45,7679.0,40211,7679.5,563883,160606,217539,-56933,-523672,0.5
1900-01-24 04:08:00,7678.5,9004,7679.0,836403,4084,169595,-165511,-827399,0.5
1900-01-24 04:08:15,7676.5,625903,7677.0,466900,8454,114018,-105564,159003,0.5
1900-01-24 04:08:30,7676.5,621528,7677.0,291667,58577,28040,30537,329861,0.5
1900-01-24 04:08:45,7676.5,592191,7677.0,365056,30256,82392,-52136,227135,0.5
1900-01-24 04:09:00,7676.5,75949,7677.0,1360161,46889,162756,-115867,-1284212,0.5
1900-01-24 04:09:15,7672.0,525960,7672.5,524846,4784,252210,-247426,1114,0.5
1900-01-24 04:09:30,7672.0,703083,7672.5,464577,4061,35302,-31241,238506,0.5
1900-01-24 04:09:45,7671.5,65871,7672.0,678341,71510,165895,-94385,-612470,0.5
1900-01-24 04:10:00,7666.5,595765,7667.0,437384,7541,281877,-274336,158381,0.5
1900-01-24 04:10:15,7666.5,529874,7667.0,269230,72076,57665,14411,260644,0.5
1900-01-24 04:10:30,7666.5,490364,7667.0,404226,7565,16454,-8889,86138,0.5
1900-01-24 04:10:45,7666.5,717252,7667.0,361077,51164,61136,-9972,356175,0.5
1900-01-24 04:11:00,7666.5,673075,7667.0,309735,14307,51765,-37458,363340,0.5
1900-01-24 04:11:15,7666.5,621549,7667.0,341584,110162,10,110152,279965,0.5
1900-01-24 04:11:30,7667.5,1031773,7668.0,208842,75995,15037,60958,822931,0.5
1900-01-24 04:11:45,7667.5,213690,7668.0,648076,35348,17896,17452,-434386,0.5
1900-01-24 04:12:00,7665.0,876847,7665.5,245064,1398,123793,-122395,631783,0.5
1900-01-24 04:12:15,7669.0,56984,7669.5,877846,12374,20335,-7961,-820862,0.5
1900-01-24 04:12:30,7669.0,43706,7669.5,1072974,31002,8084,22918,-1029268,0.5
1900-01-24 04:12:45,7669.0,20039,7669.5,1116010,14261,15583,-1322,-1095971,0.5
1900-01-24 04:13:00,7669.5,608512,7670.0,21800,20195,18208,1987,586712,0.5
1900-01-24 04:13:15,7669.5,185694,7670.0,1042590,19125,23480,-4355,-856896,0.5
1900-01-24 04:13:30,7667.5,11085,7668.0,65185,2000,150749,-148749,-54100,0.5
1900-01-24 04:13:45,7666.5,1148,7667.0,1020902,10870,10425,445,-1019754,0.5
1900-01-24 04:14:00,7666.0,130324,7666.5,977538,2201,1202,999,-847214,0.5
1900-01-24 04:14:15,7666.0,603821,7666.5,373161,52000,18646,33354,230660,0.5
1900-01-24 04:14:30,7666.0,32541,7666.5,804808,18761,8664,10097,-772267,0.5
1900-01-24 04:14:45,7666.0,178979,7666.5,801872,8554,8216,338,-622893,0.5
1900-01-24 04:15:00,7668.0,172131,7668.5,988807,41019,21315,19704,-816676,0.5
1900-01-24 04:15:15,7668.0,19781,7668.5,1141243,21668,120164,-98496,-1121462,0.5
1900-01-24 04:15:30,7668.0,42595,7668.5,1217559,350,27384,-27034,-1174964,0.5
1900-01-24 04:15:45,7668.0,132665,7668.5,1258596,4455,20402,-15947,-1125931,0.5
1900-01-24 04:16:00,7668.0,72391,7668.5,1271254,1376,11122,-9746,-1198863,0.5
1900-01-24 04:16:15,7659.0,12465,7659.5,261741,38503,251110,-212607,-249276,0.5
1900-01-24 04:16:30,7659.0,495139,7659.5,378870,15267,106013,-90746,116269,0.5
1900-01-24 04:16:45,7659.0,441,7659.5,1084712,5506,40746,-35240,-1084271,0.5
1900-01-24 04:17:00,7659.0,72789,7659.5,938942,10030,28354,-18324,-866153,0.5
1900-01-24 04:17:15,7659.0,634441,7659.5,222076,41348,63827,-22479,412365,0.5
1900-01-24 04:17:30,7658.5,2068,7659.0,1778752,1137,74925,-73788,-1776684,0.5
1900-01-24 04:17:45,7655.0,324702,7655.5,1206770,20190,122428,-102238,-882068,0.5
1900-01-24 04:18:00,7656.5,801528,7657.0,6785,37010,38045,-1035,794743,0.5
1900-01-24 04:18:15,7656.5,823414,7657.0,96753,15103,4950,10153,726661,0.5
1900-01-24 04:18:30,7656.5,736720,7657.0,258254,41895,14808,27087,478466,0.5
1900-01-24 04:18:45,7656.5,865296,7657.0,234861,76883,24522,52361,630435,0.5
1900-01-24 04:19:00,7650.0,104548,7650.5,690386,74715,88880,-14165,-585838,0.5
1900-01-24 04:19:15,7647.5,285729,7648.0,688449,7378,344797,-337419,-402720,0.5
1900-01-24 04:19:30,7650.0,264503,7650.5,1151327,26383,30889,-4506,-886824,0.5
1900-01-24 04:19:45,7649.5,38443,7650.0,1385735,7750,100263,-92513,-1347292,0.5
1900-01-24 04:20:00,7649.5,87316,7650.0,726786,7273,33484,-26211,-639470,0.5
1900-01-24 04:20:15,7649.5,606419,7650.0,150104,34058,13953,20105,456315,0.5
1900-01-24 04:20:30,7649.5,722645,7650.0,84930,22869,10,22859,637715,0.5
1900-01-24 04:20:45,7649.5,216785,7650.0,1167802,26550,20287,6263,-951017,0.5
1900-01-24 04:21:00,7651.5,843221,7652.0,391216,132010,15411,116599,452005,0.5
1900-01-24 04:21:15,7651.5,1194565,7652.0,83241,78979,17611,61368,1111324,0.5
1900-01-24 04:21:30,7651.5,1171601,7652.0,74260,89570,13000,76570,1097341,0.5
1900-01-24 04:21:45,7651.5,507614,7652.0,797268,19940,2249,17691,-289654,0.5
1900-01-24 04:22:00,7651.5,956732,7652.0,438612,3937,5956,-2019,518120,0.5
1900-01-24 04:22:15,7651.5,977499,7652.0,187788,14941,11867,3074,789711,0.5
1900-01-24 04:22:30,7651.5,388372,7652.0,654014,35424,89433,-54009,-265642,0.5
1900-01-24 04:22:45,7651.5,814454,7652.0,258647,3110,12974,-9864,555807,0.5
1900-01-24 04:23:00,7651.5,926018,7652.0,105832,19003,16790,2213,820186,0.5
1900-01-24 04:23:15,7655.0,863483,7655.5,24540,12010,9700,2310,838943,0.5
1900-01-24 04:23:30,7658.0,349816,7658.5,978034,315155,8,315147,-628218,0.5
1900-01-24 04:23:45,7658.0,334005,7658.5,614117,26628,1600,25028,-280112,0.5
1900-01-24 04:24:00,7658.0,582030,7658.5,754570,2337,230,2107,-172540,0.5
1900-01-24 04:24:15,7658.0,618172,7658.5,724444,19040,5840,13200,-106272,0.5
1900-01-24 04:24:30,7658.0,659340,7658.5,670572,20734,5537,15197,-11232,0.5
1900-01-24 04:24:45,7658.0,633285,7658.5,670846,53996,23001,30995,-37561,0.5
1900-01-24 04:25:00,7658.0,617371,7658.5,782683,13104,7433,5671,-165312,0.5
1900-01-24 04:25:15,7658.0,626776,7658.5,630123,22440,23000,-560,-3347,0.5
1900-01-24 04:25:30,7658.0,617781,7658.5,673769,57060,28150,28910,-55988,0.5
1900-01-24 04:25:45,7658.0,288569,7658.5,1421369,57060,45876,11184,-1132800,0.5
1900-01-24 04:26:00,7653.0,32243,7653.5,1374324,9838,94342,-84504,-1342081,0.5
1900-01-24 04:26:15,7653.0,886300,7653.5,403265,570,9435,-8865,483035,0.5
1900-01-24 04:26:30,7653.0,107211,7653.5,965109,14582,11163,3419,-857898,0.5
1900-01-24 04:26:45,7653.0,97598,7653.5,915658,1900,29204,-27304,-818060,0.5
1900-01-24 04:27:00,7652.5,110243,7653.0,795459,9776,9595,181,-685216,0.5
1900-01-24 04:27:15,7651.5,33049,7652.0,1659490,32847,90631,-57784,-1626441,0.5
1900-01-24 04:27:30,7648.0,18285,7648.5,1414702,18641,47996,-29355,-1396417,0.5
1900-01-24 04:27:45,7648.0,162742,7648.5,764877,37438,78209,-40771,-602135,0.5
1900-01-24 04:28:00,7648.0,649627,7648.5,542519,1621,15216,-13595,107108,0.5
1900-01-24 04:28:15,7648.0,86143,7648.5,1298550,13094,20760,-7666,-1212407,0.5
1900-01-24 04:28:30,7648.0,624354,7648.5,270731,13094,102731,-89637,353623,0.5
1900-01-24 04:28:45,7649.0,202619,7649.5,1080010,61528,9921,51607,-877391,0.5
1900-01-24 04:29:00,7649.5,749002,7650.0,24021,15556,7932,7624,724981,0.5
1900-01-24 04:29:15,7649.5,69555,7650.0,461611,9322,173466,-164144,-392056,0.5
1900-01-24 04:29:30,7649.5,612883,7650.0,514451,18051,12152,5899,98432,0.5
1900-01-24 04:29:45,7649.5,23265,7650.0,1533237,24000,83029,-59029,-1509972,0.5
1900-01-24 04:30:00,7646.0,56463,7646.5,852988,13571,30981,-17410,-796525,0.5
1900-01-24 04:30:15,7646.0,431838,7646.5,1013724,5220,8454,-3234,-581886,0.5
1900-01-24 04:30:30,7646.0,1000229,7646.5,384905,3723,26629,-22906,615324,0.5
1900-01-24 04:30:45,7646.0,960045,7646.5,400762,58420,8672,49748,559283,0.5
1900-01-24 04:31:00,7646.5,1049290,7647.0,22208,66867,6753,60114,1027082,0.5
1900-01-24 04:31:15,7648.5,786219,7649.0,21567,124542,1235,123307,764652,0.5
1900-01-24 04:31:30,7649.0,822944,7649.5,299681,2801,1,2800,523263,0.5
1900-01-24 04:31:45,7649.0,205008,7649.5,1413236,19129,31466,-12337,-1208228,0.5
1900-01-24 04:32:00,7649.0,291466,7649.5,737454,6692,216840,-210148,-445988,0.5
1900-01-24 04:32:15,7649.0,443827,7649.5,866770,21470,11000,10470,-422943,0.5
1900-01-24 04:32:30,7649.0,247231,7649.5,1103539,50640,12500,38140,-856308,0.5
1900-01-24 04:32:45,7646.5,406017,7647.0,892227,1665,173411,-171746,-486210,0.5
1900-01-24 04:33:00,7645.5,8235,7646.0,1753957,8628,374887,-366259,-1745722,0.5
1900-01-24 04:33:15,7645.0,190219,7645.5,1302390,3010,118605,-115595,-1112171,0.5
1900-01-24 04:33:30,7640.5,304306,7641.0,730967,1946,64685,-62739,-426661,0.5
1900-01-24 04:33:45,7640.5,233056,7641.0,598361,3707,30680,-26973,-365305,0.5
1900-01-24 04:34:00,7640.5,73011,7641.0,516642,112081,197355,-85274,-443631,0.5
1900-01-24 04:34:15,7640.5,89794,7641.0,661411,3502,12794,-9292,-571617,0.5
1900-01-24 04:34:30,7640.5,582774,7641.0,57655,89228,28765,60463,525119,0.5
1900-01-24 04:34:45,7640.0,921865,7640.5,396161,25683,49453,-23770,525704,0.5
1900-01-24 04:35:00,7640.0,951963,7640.5,85474,125876,255158,-129282,866489,0.5
1900-01-24 04:35:15,7642.0,613609,7642.5,73739,64849,4,64845,539870,0.5
1900-01-24 04:35:30,7645.0,783383,7645.5,67637,118276,1626,116650,715746,0.5
1900-01-24 04:35:45,7646.5,552162,7647.0,4528,5443,1626,3817,547634,0.5
1900-01-24 04:36:00,7647.5,831534,7648.0,79584,45382,1626,43756,751950,0.5
1900-01-24 04:36:15,7654.5,440651,7655.0,855567,101409,2552,98857,-414916,0.5
1900-01-24 04:36:30,7654.5,498205,7655.0,207192,42914,16379,26535,291013,0.5
1900-01-24 04:36:45,7654.5,538214,7655.0,109295,11068,10000,1068,428919,0.5
1900-01-24 04:37:00,7656.0,489688,7656.5,219627,30131,12552,17579,270061,0.5
1900-01-24 04:37:15,7656.5,612067,7657.0,169897,93540,21001,72539,442170,0.5
1900-01-24 04:37:30,7656.5,897760,7657.0,239372,54857,100,54757,658388,0.5
1900-01-24 04:37:45,7656.5,1009862,7657.0,118750,25103,35126,-10023,891112,0.5
1900-01-24 04:38:00,7656.5,705716,7657.0,391087,16553,60216,-43663,314629,0.5
1900-01-24 04:38:15,7658.0,522255,7658.5,341670,21975,1,21974,180585,0.5
1900-01-24 04:38:30,7658.0,383913,7658.5,1131614,11542,101679,-90137,-747701,0.5
1900-01-24 04:38:45,7658.0,765837,7658.5,969081,5038,79872,-74834,-203244,0.5
1900-01-24 04:39:00,7658.0,340078,7658.5,1341518,3540,31145,-27605,-1001440,0.5
1900-01-24 04:39:15,7658.0,317930,7658.5,1124347,24202,22052,2150,-806417,0.5
1900-01-24 04:39:30,7658.0,373409,7658.5,1156576,7398,9320,-1922,-783167,0.5
1900-01-24 04:39:45,7658.0,246565,7658.5,1089182,9,127470,-127461,-842617,0.5
1900-01-24 04:40:00,7658.0,406568,7658.5,838176,18360,56843,-38483,-431608,0.5
1900-01-24 04:40:15,7658.0,574652,7658.5,150942,11278,25580,-14302,423710,0.5
1900-01-24 04:40:30,7658.5,606457,7659.0,289529,53759,4395,49364,316928,0.5
1900-01-24 04:40:45,7659.5,640638,7660.0,2024,126321,50030,76291,638614,0.5
1900-01-24 04:41:00,7661.0,507841,7661.5,1002740,18022,11848,6174,-494899,0.5
1900-01-24 04:41:15,7661.0,511069,7661.5,987018,53107,9116,43991,-475949,0.5
1900-01-24 04:41:30,7661.0,504586,7661.5,980869,10640,28392,-17752,-476283,0.5
1900-01-24 04:41:45,7661.0,534807,7661.5,1279172,2360,10930,-8570,-744365,0.5
1900-01-24 04:42:00,7661.0,256983,7661.5,1311319,217,7502,-7285,-1054336,0.5
1900-01-24 04:42:15,7660.0,93562,7660.5,144287,217,100119,-99902,-50725,0.5
1900-01-24 04:42:30,7660.0,90442,7660.5,1614377,11400,16100,-4700,-1523935,0.5
1900-01-24 04:42:45,7660.0,33178,7660.5,1439573,750,30506,-29756,-1406395,0.5
1900-01-24 04:43:00,7658.0,166973,7658.5,1367388,2040,408796,-406756,-1200415,0.5
1900-01-24 04:43:15,7656.5,10173,7657.0,932222,2040,80680,-78640,-922049,0.5
1900-01-24 04:43:30,7656.0,47300,7656.5,1290260,1779,20151,-18372,-1242960,0.5
1900-01-24 04:43:45,7655.5,94649,7656.0,1153011,4191,39842,-35651,-1058362,0.5
1900-01-24 04:44:00,7655.0,694725,7655.5,459237,5653,28393,-22740,235488,0.5
1900-01-24 04:44:15,7655.0,68454,7655.5,1058417,1112,2112,-1000,-989963,0.5
1900-01-24 04:44:30,7655.0,213991,7655.5,1173474,2332,4975,-2643,-959483,0.5
1900-01-24 04:44:45,7655.0,88946,7655.5,1643670,15659,15336,323,-1554724,0.5
1900-01-24 04:45:00,7651.5,317045,7652.0,996004,13551,64720,-51169,-678959,0.5
1900-01-24 04:45:15,7651.5,342994,7652.0,1357238,16697,17451,-754,-1014244,0.5
1900-01-24 04:45:30,7651.5,292220,7652.0,1387843,612,24640,-24028,-1095623,0.5
1900-01-24 04:45:45,7651.5,231822,7652.0,1264825,1009,79460,-78451,-1033003,0.5
1900-01-24 04:46:00,7651.5,195322,7652.0,1588119,684,29875,-29191,-1392797,0.5
1900-01-24 04:46:15,7651.5,136110,7652.0,1506093,1543,62077,-60534,-1369983,0.5
1900-01-24 04:46:30,7651.5,165598,7652.0,1148505,549,904,-355,-982907,0.5
1900-01-24 04:46:45,7651.5,781810,7652.0,305428,18603,2515,16088,476382,0.5
1900-01-24 04:47:00,7651.5,833466,7652.0,237237,35761,8520,27241,596229,0.5
1900-01-24 04:47:15,7651.5,1016152,7652.0,44589,165449,100,165349,971563,0.5
1900-01-24 04:47:30,7651.5,995737,7652.0,6993,36394,2150,34244,988744,0.5
1900-01-24 04:47:45,7654.0,590944,7654.5,697726,24148,45,24103,-106782,0.5
1900-01-24 04:48:00,7654.0,831796,7654.5,13124,61219,2446,58773,818672,0.5
1900-01-24 04:48:15,7654.5,827697,7655.0,56225,5236,121,5115,771472,0.5
1900-01-24 04:48:30,7654.5,663278,7655.0,448467,1817,6001,-4184,214811,0.5
1900-01-24 04:48:45,7654.5,697165,7655.0,732164,4622,6001,-1379,-34999,0.5
1900-01-24 04:49:00,7655.0,756419,7655.5,210665,49301,25,49276,545754,0.5
1900-01-24 04:49:15,7655.5,599997,7656.0,426717,25000,4002,20998,173280,0.5
1900-01-24 04:49:30,7655.5,645777,7656.0,398554,9074,102309,-93235,247223,0.5
1900-01-24 04:49:45,7655.5,692915,7656.0,524818,12102,60,12042,168097,0.5
1900-01-24 04:50:00,7655.5,683181,7656.0,331486,6570,25825,-19255,351695,0.5
1900-01-24 04:50:15,7655.5,767981,7656.0,122797,29963,7118,22845,645184,0.5
1900-01-24 04:50:30,7655.5,713688,7656.0,379025,22001,5500,16501,334663,0.5
1900-01-24 04:50:45,7655.5,731930,7656.0,153949,14350,5500,8850,577981,0.5
1900-01-24 04:51:00,7656.5,889986,7657.0,428335,23160,37086,-13926,461651,0.5
1900-01-24 04:51:15,7658.5,720678,7659.0,348799,21731,436,21295,371879,0.5
1900-01-24 04:51:30,7659.0,761203,7659.5,888907,4865,10157,-5292,-127704,0.5
1900-01-24 04:51:45,7659.0,921965,7659.5,302841,45953,11925,34028,619124,0.5
1900-01-24 04:52:00,7659.5,1228602,7660.0,161745,43712,10021,33691,1066857,0.5
1900-01-24 04:52:15,7659.5,943741,7660.0,341989,12074,30,12044,601752,0.5
1900-01-24 04:52:30,7661.0,743514,7661.5,477784,49375,1,49374,265730,0.5
1900-01-24 04:52:45,7661.0,978226,7661.5,449309,35411,8120,27291,528917,0.5
1900-01-24 04:53:00,7661.0,1009378,7661.5,567661,3284,14153,-10869,441717,0.5
1900-01-24 04:53:15,7661.0,996060,7661.5,420219,31765,5279,26486,575841,0.5
1900-01-24 04:53:30,7661.0,542857,7661.5,1070887,53306,53763,-457,-528030,0.5
1900-01-24 04:53:45,7661.0,619355,7661.5,1049028,627,4090,-3463,-429673,0.5
1900-01-24 04:54:00,7661.0,774508,7661.5,621611,27291,13452,13839,152897,0.5
1900-01-24 04:54:15,7661.0,1003896,7661.5,353614,13980,62,13918,650282,0.5
1900-01-24 04:54:30,7661.0,774425,7661.5,293037,16696,4000,12696,481388,0.5
1900-01-24 04:54:45,7661.0,784451,7661.5,740921,108114,2000,106114,43530,0.5
1900-01-24 04:55:00,7661.0,191171,7661.5,982796,4355,81774,-77419,-791625,0.5
1900-01-24 04:55:15,7661.0,120566,7661.5,1065962,5300,25065,-19765,-945396,0.5
1900-01-24 04:55:30,7661.0,348752,7661.5,1029473,550,3000,-2450,-680721,0.5
1900-01-24 04:55:45,7661.0,189249,7661.5,1034878,1001,44639,-43638,-845629,0.5
1900-01-24 04:56:00,7661.0,333676,7661.5,1054967,40,759,-719,-721291,0.5
1900-01-24 04:56:15,7661.0,112226,7661.5,1041131,27425,4909,22516,-928905,0.5
1900-01-24 04:56:30,7660.0,190003,7660.5,720385,27425,57579,-30154,-530382,0.5
1900-01-24 04:56:45,7660.0,213309,7660.5,1100290,11,7979,-7968,-886981,0.5
1900-01-24 04:57:00,7660.0,216644,7660.5,1061890,5000,31700,-26700,-845246,0.5
1900-01-24 04:57:15,7660.0,252611,7660.5,1192248,2006,25000,-22994,-939637,0.5
1900-01-24 04:57:30,7660.0,348367,7660.5,1101150,40,13524,-13484,-752783,0.5
1900-01-24 04:57:45,7660.0,609697,7660.5,391692,16524,53040,-36516,218005,0.5
1900-01-24 04:58:00,7660.0,730809,7660.5,351746,11679,73,11606,379063,0.5
1900-01-24 04:58:15,7660.0,528757,7660.5,535472,5000,7175,-2175,-6715,0.5
1900-01-24 04:58:30,7660.0,917945,7660.5,334505,30400,1317,29083,583440,0.5
1900-01-24 04:58:45,7660.5,830852,7661.0,142057,151917,4049,147868,688795,0.5
1900-01-24 04:59:00,7660.5,895301,7661.0,153006,58301,4049,54252,742295,0.5
1900-01-24 04:59:15,7661.0,762069,7661.5,355165,53615,3613,50002,406904,0.5
1900-01-24 04:59:30,7661.0,935785,7661.5,254132,2685,1020,1665,681653,0.5
1900-01-24 04:59:45,7661.5,787763,7662.0,13795,37316,3007,34309,773968,0.5
1900-01-24 05:00:00,7662.0,939200,7662.5,115798,30535,48717,-18182,823402,0.5
1900-01-24 05:00:15,7662.0,368034,7662.5,701831,7726,2047,5679,-333797,0.5
1900-01-24 05:00:30,7662.0,1072256,7662.5,183861,6717,1430,5287,888395,0.5
1900-01-24 05:00:45,7662.5,565626,7663.0,1274766,161649,20088,141561,-709140,0.5
1900-01-24 05:01:00,7662.5,1243786,7663.0,1220206,106042,4246,101796,23580,0.5
1900-01-24 05:01:15,7662.5,759380,7663.0,1230437,23245,57601,-34356,-471057,0.5
1900-01-24 05:01:30,7662.5,868239,7663.0,1182176,58558,59685,-1127,-313937,0.5
1900-01-24 05:01:45,7662.5,1269214,7663.0,1143697,27774,27876,-102,125517,0.5
1900-01-24 05:02:00,7662.5,1090274,7663.0,1133756,14641,14157,484,-43482,0.5
1900-01-24 05:02:15,7662.5,1302439,7663.0,459084,708306,476,707830,843355,0.5
1900-01-24 05:02:30,7662.5,1217729,7663.0,397843,61187,31277,29910,819886,0.5
1900-01-24 05:02:45,7664.0,1132561,7664.5,27350,60628,108228,-47600,1105211,0.5
1900-01-24 05:03:00,7664.0,1258717,7664.5,2321,33105,1541,31564,1256396,0.5
1900-01-24 05:03:15,7664.0,172888,7664.5,666707,11970,34223,-22253,-493819,0.5
1900-01-24 05:03:30,7664.0,239746,7664.5,660265,3116,2904,212,-420519,0.5
1900-01-24 05:03:45,7664.0,284495,7664.5,717879,3420,8715,-5295,-433384,0.5
1900-01-24 05:04:00,7664.0,321402,7664.5,748322,12623,11219,1404,-426920,0.5
1900-01-24 05:04:15,7664.0,449872,7664.5,740601,1800,16912,-15112,-290729,0.5
1900-01-24 05:04:30,7664.0,353718,7664.5,777641,2019,53201,-51182,-423923,0.5
1900-01-24 05:04:45,7664.0,332108,7664.5,925879,9300,77454,-68154,-593771,0.5
1900-01-24 05:05:00,7664.0,156626,7664.5,856668,1219,164935,-163716,-700042,0.5
1900-01-24 05:05:15,7663.5,5984,7664.0,1002722,3874,46299,-42425,-996738,0.5
1900-01-24 05:05:30,7661.5,64141,7662.0,1060927,5475,39613,-34138,-996786,0.5
1900-01-24 05:05:45,7659.5,91280,7660.0,2109085,666,7034,-6368,-2017805,0.5
1900-01-24 05:06:00,7659.5,108398,7660.0,2108641,4048,31820,-27772,-2000243,0.5
1900-01-24 05:06:15,7659.5,133272,7660.0,2064728,35638,37925,-2287,-1931456,0.5
1900-01-24 05:06:30,7659.5,76658,7660.0,2279872,76734,34832,41902,-2203214,0.5
1900-01-24 05:06:45,7658.0,209570,7658.5,545513,636,113245,-112609,-335943,0.5
1900-01-24 05:07:00,7658.0,199493,7658.5,848632,411,57096,-56685,-649139,0.5
1900-01-24 05:07:15,7658.0,164124,7658.5,750790,63774,20662,43112,-586666,0.5
1900-01-24 05:07:30,7658.0,168918,7658.5,976987,21600,13379,8221,-808069,0.5
1900-01-24 05:07:45,7658.0,21571,7658.5,1095482,17000,82523,-65523,-1073911,0.5
1900-01-24 05:08:00,7658.0,5330,7658.5,1022213,5350,8923,-3573,-1016883,0.5
1900-01-24 05:08:15,7657.5,771898,7658.0,1253504,7001,168258,-161257,-481606,0.5
1900-01-24 05:08:30,7657.5,731486,7658.0,1375578,36161,45730,-9569,-644092,0.5
1900-01-24 05:08:45,7656.0,93118,7656.5,1056422,620,54870,-54250,-963304,0.5
1900-01-24 05:09:00,7655.5,539654,7656.0,1305843,150,35775,-35625,-766189,0.5
1900-01-24 05:09:15,7654.5,70948,7655.0,1738479,1121,355370,-354249,-1667531,0.5
1900-01-24 05:09:30,7654.5,12902,7655.0,2049999,47,45177,-45130,-2037097,0.5
1900-01-24 05:09:45,7652.0,27727,7652.5,1139635,16545,80075,-63530,-1111908,0.5
1900-01-24 05:10:00,7652.0,61598,7652.5,1535435,26447,70671,-44224,-1473837,0.5
1900-01-24 05:10:15,7652.0,90504,7652.5,1337515,1801,39725,-37924,-1247011,0.5
1900-01-24 05:10:30,7651.5,106872,7652.0,1569258,2545,24074,-21529,-1462386,0.5
1900-01-24 05:10:45,7651.0,2146,7651.5,1268029,26900,54954,-28054,-1265883,0.5
1900-01-24 05:11:00,7650.5,812914,7651.0,876542,15898,3983,11915,-63628,0.5
1900-01-24 05:11:15,7650.5,254530,7651.0,1320238,6060,165677,-159617,-1065708,0.5
1900-01-24 05:11:30,7650.5,438091,7651.0,1219858,7020,27116,-20096,-781767,0.5
1900-01-24 05:11:45,7650.5,452283,7651.0,1105754,5800,4578,1222,-653471,0.5
1900-01-24 05:12:00,7650.5,226771,7651.0,1579421,136,14093,-13957,-1352650,0.5
1900-01-24 05:12:15,7650.5,121660,7651.0,1734149,5,50967,-50962,-1612489,0.5
1900-01-24 05:12:30,7649.0,47658,7649.5,1645626,5100,113213,-108113,-1597968,0.5
1900-01-24 05:12:45,7645.0,214917,7645.5,999511,1273,194307,-193034,-784594,0.5
1900-01-24 05:13:00,7645.0,112026,7645.5,2066112,8022,174844,-166822,-1954086,0.5
1900-01-24 05:13:15,7643.0,13638,7643.5,1354545,1824,97376,-95552,-1340907,0.5
1900-01-24 05:13:30,7639.5,23924,7640.0,1087478,238,54879,-54641,-1063554,0.5
1900-01-24 05:13:45,7636.0,347285,7636.5,1289418,15389,279630,-264241,-942133,0.5
1900-01-24 05:14:00,7636.5,940820,7637.0,175276,127799,147941,-20142,765544,0.5
1900-01-24 05:14:15,7638.0,1031678,7638.5,57805,166112,10410,155702,973873,0.5
1900-01-24 05:14:30,7644.0,678254,7644.5,436023,74567,52810,21757,242231,0.5
1900-01-24 05:14:45,7644.0,115243,7644.5,1420050,14542,109878,-95336,-1304807,0.5
1900-01-24 05:15:00,7642.0,769061,7642.5,449624,15700,103305,-87605,319437,0.5
1900-01-24 05:15:15,7641.5,166370,7642.0,1113192,28250,152287,-124037,-946822,0.5
1900-01-24 05:15:30,7641.0,45196,7641.5,1351157,5766,174390,-168624,-1305961,0.5
1900-01-24 05:15:45,7641.0,546371,7641.5,574287,7945,30656,-22711,-27916,0.5
1900-01-24 05:16:00,7641.0,676471,7641.5,479331,3736,1138,2598,197140,0.5
1900-01-24 05:16:15,7641.0,585466,7641.5,800435,3256,11196,-7940,-214969,0.5
1900-01-24 05:16:30,7640.0,6232,7640.5,1553121,2000,112490,-110490,-1546889,0.5
1900-01-24 05:16:45,7633.5,28670,7634.0,917658,3718,150811,-147093,-888988,0.5
1900-01-24 05:17:00,7632.0,97223,7632.5,868813,11053,77208,-66155,-771590,0.5
1900-01-24 05:17:15,7632.0,41177,7632.5,1021235,38282,65227,-26945,-980058,0.5
1900-01-24 05:17:30,7638.5,196176,7639.0,311899,290551,22751,267800,-115723,0.5
1900-01-24 05:17:45,7638.5,373827,7639.0,405204,47949,7360,40589,-31377,0.5
1900-01-24 05:18:00,7638.5,546960,7639.0,420309,46188,9738,36450,126651,0.5
1900-01-24 05:18:15,7641.0,398041,7641.5,78242,304475,15125,289350,319799,0.5
1900-01-24 05:18:30,7640.5,13638,7641.0,1257487,14848,12657,2191,-1243849,0.5
1900-01-24 05:18:45,7637.5,497,7638.0,1288368,10986,54836,-43850,-1287871,0.5
1900-01-24 05:19:00,7633.0,29303,7633.5,1200180,571,37133,-36562,-1170877,0.5
1900-01-24 05:19:15,7631.5,455581,7632.0,640438,19072,70445,-51373,-184857,0.5
1900-01-24 05:19:30,7631.5,125240,7632.0,720535,48481,93914,-45433,-595295,0.5
1900-01-24 05:19:45,7631.5,550867,7632.0,1250567,14803,203333,-188530,-699700,0.5
1900-01-24 05:20:00,7631.5,93671,7632.0,865576,35432,25984,9448,-771905,0.5
1900-01-24 05:20:15,7631.5,62189,7632.0,829013,35432,41149,-5717,-766824,0.5
1900-01-24 05:20:30,7630.0,264106,7630.5,1328147,6678,744079,-737401,-1064041,0.5
1900-01-24 05:20:45,7627.5,43582,7628.0,922451,11393,169964,-158571,-878869,0.5
1900-01-24 05:21:00,7625.5,64542,7626.0,960271,19445,205889,-186444,-895729,0.5
1900-01-24 05:21:15,7633.0,46646,7633.5,1058415,235764,38120,197644,-1011769,0.5
1900-01-24 05:21:30,7635.5,331324,7636.0,495502,93123,53959,39164,-164178,0.5
1900-01-24 05:21:45,7635.5,85513,7636.0,1391335,104201,52328,51873,-1305822,0.5
1900-01-24 05:22:00,7634.5,5807,7635.0,1403709,38387,38172,215,-1397902,0.5
1900-01-24 05:22:15,7633.0,2363,7633.5,1000784,1979,25810,-23831,-998421,0.5
1900-01-24 05:22:30,7632.0,197406,7632.5,920067,8685,38172,-29487,-722661,0.5
1900-01-24 05:22:45,7627.5,550033,7628.0,38172,20617,151885,-131268,511861,0.5
1900-01-24 05:23:00,7626.5,871,7627.0,1144855,9195,96422,-87227,-1143984,0.5
1900-01-24 05:23:15,7625.0,16829,7625.5,1372298,244,55878,-55634,-1355469,0.5
1900-01-24 05:23:30,7624.0,880476,7624.5,374880,14853,26491,-11638,505596,0.5
1900-01-24 05:23:45,7624.0,816084,7624.5,29881,124875,2340,122535,786203,0.5
1900-01-24 05:24:00,7625.0,47750,7625.5,898097,25496,67195,-41699,-850347,0.5
1900-01-24 05:24:15,7623.0,83204,7623.5,130346,14364,116252,-101888,-47142,0.5
1900-01-24 05:24:30,7622.0,766203,7622.5,56800,35933,76772,-40839,709403,0.5
1900-01-24 05:24:45,7626.0,61466,7626.5,910552,36382,48885,-12503,-849086,0.5
1900-01-24 05:25:00,7621.5,392510,7622.0,645802,14197,52700,-38503,-253292,0.5
1900-01-24 05:25:15,7615.0,458710,7615.5,507807,31566,542920,-511354,-49097,0.5
1900-01-24 05:25:30,7608.5,2050,7609.0,1044569,101737,314583,-212846,-1042519,0.5
1900-01-24 05:25:45,7621.0,6364,7621.5,27476,1042247,509728,532519,-21112,0.5
1900-01-24 05:26:00,7616.0,348980,7616.5,437813,96497,119263,-22766,-88833,0.5
1900-01-24 05:26:15,7619.0,355314,7619.5,10824,42915,19472,23443,344490,0.5
1900-01-24 05:26:30,7619.5,851381,7620.0,52807,128250,16784,111466,798574,0.5
1900-01-24 05:26:45,7621.5,938370,7622.0,311931,190901,5374,185527,626439,0.5
1900-01-24 05:27:00,7621.5,1237055,7622.0,83427,212925,56748,156177,1153628,0.5
1900-01-24 05:27:15,7625.0,936338,7625.5,59228,122058,11279,110779,877110,0.5
1900-01-24 05:27:30,7631.5,489826,7632.0,468536,478672,17764,460908,21290,0.5
1900-01-24 05:27:45,7636.0,501694,7636.5,699027,276596,65765,210831,-197333,0.5
1900-01-24 05:28:00,7631.0,7722,7631.5,1555138,106146,98134,8012,-1547416,0.5
1900-01-24 05:28:15,7630.0,508852,7630.5,294636,31823,65734,-33911,214216,0.5
1900-01-24 05:28:30,7628.5,739539,7629.0,65035,35987,70707,-34720,674504,0.5
1900-01-24 05:28:45,7635.0,618698,7635.5,312194,103524,16439,87085,306504,0.5
1900-01-24 05:29:00,7635.5,775621,7636.0,421296,70506,10387,60119,354325,0.5
1900-01-24 05:29:15,7638.5,686633,7639.0,345,166587,5650,160937,686288,0.5
1900-01-24 05:29:30,7636.0,15587,7636.5,944956,398925,106430,292495,-929369,0.5
1900-01-24 05:29:45,7632.0,52219,7632.5,820137,1076,33780,-32704,-767918,0.5
1900-01-24 05:30:00,7632.0,92421,7632.5,808783,14240,37520,-23280,-716362,0.5
1900-01-24 05:30:15,7632.0,22435,7632.5,1096932,10224,25673,-15449,-1074497,0.5
1900-01-24 05:30:30,7632.0,1018228,7632.5,29459,17745,17383,362,988769,0.5
1900-01-24 05:30:45,7634.5,899491,7635.0,18234,60288,2866,57422,881257,0.5
1900-01-24 05:31:00,7635.0,50819,7635.5,914719,40302,10784,29518,-863900,0.5
1900-01-24 05:31:15,7631.0,33554,7631.5,1042256,600,46942,-46342,-1008702,0.5
1900-01-24 05:31:30,7629.5,66050,7630.0,870390,5100,83088,-77988,-804340,0.5
1900-01-24 05:31:45,7629.0,46610,7629.5,1088054,12471,19676,-7205,-1041444,0.5
1900-01-24 05:32:00,7628.0,81,7628.5,1241036,4043,28107,-24064,-1240955,0.5
1900-01-24 05:32:15,7618.5,255811,7619.0,1890,65996,129300,-63304,253921,0.5
1900-01-24 05:32:30,7617.5,2098,7618.0,305128,8876,45437,-36561,-303030,0.5
1900-01-24 05:32:45,7616.5,411662,7617.0,444883,111449,291754,-180305,-33221,0.5
1900-01-24 05:33:00,7616.5,897259,7617.0,88669,85380,389,84991,808590,0.5
1900-01-24 05:33:15,7621.0,561814,7621.5,256373,106461,4763,101698,305441,0.5
1900-01-24 05:33:30,7621.0,82000,7621.5,890278,9528,8681,847,-808278,0.5
1900-01-24 05:33:45,7618.0,319518,7618.5,1283346,6511,60104,-53593,-963828,0.5
1900-01-24 05:34:00,7618.0,890480,7618.5,480177,27795,30229,-2434,410303,0.5
1900-01-24 05:34:15,7618.0,517637,7618.5,450842,16077,70993,-54916,66795,0.5
1900-01-24 05:34:30,7618.0,553531,7618.5,435976,9771,39631,-29860,117555,0.5
1900-01-24 05:34:45,7618.0,163521,7618.5,715993,15804,12312,3492,-552472,0.5
1900-01-24 05:35:00,7615.5,48155,7616.0,415483,15332,109590,-94258,-367328,0.5
1900-01-24 05:35:15,7603.0,757335,7603.5,1008150,16013,754101,-738088,-250815,0.5
1900-01-24 05:35:30,7601.5,66924,7602.0,32501,68375,479706,-411331,34423,0.5
1900-01-24 05:35:45,7585.0,314985,7585.5,18751,29135,916976,-887841,296234,0.5
1900-01-24 05:36:00,7594.0,28000,7594.5,34395,287051,480752,-193701,-6395,0.5
1900-01-24 05:36:15,7598.5,183954,7599.0,515747,372946,343592,29354,-331793,0.5
1900-01-24 05:36:30,7601.0,690243,7601.5,76416,273485,59271,214214,613827,0.5
1900-01-24 05:36:45,7599.0,147733,7599.5,309464,417823,140647,277176,-161731,0.5
1900-01-24 05:37:00,7601.5,908889,7602.0,162204,412088,68980,343108,746685,0.5
1900-01-24 05:37:15,7601.5,771025,7602.0,1030863,139015,17023,121992,-259838,0.5
1900-01-24 05:37:30,7601.5,144801,7602.0,1307491,316044,48597,267447,-1162690,0.5
1900-01-24 05:37:45,7601.5,329909,7602.0,787105,42462,124891,-82429,-457196,0.5
1900-01-24 05:38:00,7601.5,236739,7602.0,681432,536833,17004,519829,-444693,0.5
1900-01-24 05:38:15,7597.5,29918,7598.0,1451575,48784,143280,-94496,-1421657,0.5
1900-01-24 05:38:30,7594.5,535372,7595.0,21,707963,47790,660173,535351,0.5
1900-01-24 05:38:45,7594.5,232744,7595.0,620540,301301,73510,227791,-387796,0.5
1900-01-24 05:39:00,7592.0,30946,7592.5,951771,33647,100019,-66372,-920825,0.5
1900-01-24 05:39:15,7591.5,24668,7592.0,965308,5406,47788,-42382,-940640,0.5
1900-01-24 05:39:30,7594.5,240966,7595.0,1204788,286579,130530,156049,-963822,0.5
1900-01-24 05:39:45,7589.0,30655,7589.5,1010058,162000,68022,93978,-979403,0.5
1900-01-24 05:40:00,7580.0,186884,7580.5,555642,23769,434259,-410490,-368758,0.5
1900-01-24 05:40:15,7575.0,826707,7575.5,201508,61944,1131552,-1069608,625199,0.5
1900-01-24 05:40:30,7587.0,428690,7587.5,1572,463961,232138,231823,427118,0.5
1900-01-24 05:40:45,7593.5,127956,7594.0,27828,554225,27233,526992,100128,0.5
1900-01-24 05:41:00,7595.5,222277,7596.0,1029766,685568,34268,651300,-807489,0.5
1900-01-24 05:41:15,7599.0,286782,7599.5,127423,139107,38370,100737,159359,0.5
1900-01-24 05:41:30,7597.5,656474,7598.0,200372,94464,90404,4060,456102,0.5
1900-01-24 05:41:45,7602.5,591469,7603.0,83825,111165,11244,99921,507644,0.5
1900-01-24 05:42:00,7604.5,795283,7605.0,200106,270850,7803,263047,595177,0.5
1900-01-24 05:42:15,7604.5,220205,7605.0,1213720,58366,34568,23798,-993515,0.5
1900-01-24 05:42:30,7604.5,893334,7605.0,1262097,45228,11248,33980,-368763,0.5
1900-01-24 05:42:45,7604.5,738969,7605.0,737569,900960,122048,778912,1400,0.5
1900-01-24 05:43:00,7604.5,244448,7605.0,1212527,131612,22870,108742,-968079,0.5
1900-01-24 05:43:15,7604.5,735439,7605.0,249615,31915,42695,-10780,485824,0.5
1900-01-24 05:43:30,7604.5,765188,7605.0,181847,42168,15752,26416,583341,0.5
1900-01-24 05:43:45,7606.0,984362,7606.5,122952,100095,12063,88032,861410,0.5
1900-01-24 05:44:00,7606.5,949904,7607.0,259098,293299,10070,283229,690806,0.5
1900-01-24 05:44:15,7606.5,719140,7607.0,810136,20719,61501,-40782,-90996,0.5
1900-01-24 05:44:30,7606.5,240182,7607.0,1313492,22977,11703,11274,-1073310,0.5
1900-01-24 05:44:45,7601.0,596602,7601.5,650066,3340,132655,-129315,-53464,0.5
1900-01-24 05:45:00,7601.0,502662,7601.5,982837,19666,51173,-31507,-480175,0.5
1900-01-24 05:45:15,7605.5,368826,7606.0,736193,110388,90544,19844,-367367,0.5
1900-01-24 05:45:30,7607.5,819413,7608.0,278154,74547,3300,71247,541259,0.5
1900-01-24 05:45:45,7608.0,910716,7608.5,318174,106875,3840,103035,592542,0.5
1900-01-24 05:46:00,7608.0,371684,7608.5,782619,118280,58529,59751,-410935,0.5
1900-01-24 05:46:15,7608.5,800191,7609.0,365498,81070,21712,59358,434693,0.5
1900-01-24 05:46:30,7609.5,605339,7610.0,101546,984754,8840,975914,503793,0.5
1900-01-24 05:46:45,7610.0,494283,7610.5,632547,103931,11085,92846,-138264,0.5
1900-01-24 05:47:00,7611.5,992739,7612.0,147665,490114,3765,486349,845074,0.5
1900-01-24 05:47:15,7611.5,1276596,7612.0,40294,215666,2943,212723,1236302,0.5
1900-01-24 05:47:30,7607.5,203003,7608.0,553651,31865,3416,28449,-350648,0.5
1900-01-24 05:47:45,7607.5,1120791,7608.0,65230,62388,49960,12428,1055561,0.5
1900-01-24 05:48:00,7609.0,137613,7609.5,783321,36193,35403,790,-645708,0.5
1900-01-24 05:48:15,7607.5,73595,7608.0,712692,34075,137457,-103382,-639097,0.5
1900-01-24 05:48:30,7607.5,189593,7608.0,899931,14864,39961,-25097,-710338,0.5
1900-01-24 05:48:45,7605.0,480701,7605.5,903894,220,419530,-419310,-423193,0.5
1900-01-24 05:49:00,7605.0,198775,7605.5,1015013,14834,266755,-251921,-816238,0.5
1900-01-24 05:49:15,7603.0,20862,7603.5,1395970,53628,1210671,-1157043,-1375108,0.5
1900-01-24 05:49:30,7601.5,12979,7602.0,853167,2851,58385,-55534,-840188,0.5
1900-01-24 05:49:45,7609.0,329522,7609.5,164827,71531,26495,45036,164695,0.5
1900-01-24 05:50:00,7609.0,689354,7609.5,424642,27556,217,27339,264712,0.5
1900-01-24 05:50:15,7609.0,35263,7609.5,904605,14410,8954,5456,-869342,0.5
1900-01-24 05:50:30,7609.0,6045,7609.5,1371658,2580,7345,-4765,-1365613,0.5
1900-01-24 05:50:45,7608.0,329473,7608.5,846861,11962,168025,-156063,-517388,0.5
1900-01-24 05:51:00,7608.0,219754,7608.5,1189634,684,58850,-58166,-969880,0.5
1900-01-24 05:51:15,7608.0,321565,7608.5,876938,1874,33878,-32004,-555373,0.5
1900-01-24 05:51:30,7608.0,300336,7608.5,1011701,3469,50825,-47356,-711365,0.5
1900-01-24 05:51:45,7608.0,976907,7608.5,219151,40962,8950,32012,757756,0.5
1900-01-24 05:52:00,7608.5,1203739,7609.0,110425,98290,2425,95865,1093314,0.5
1900-01-24 05:52:15,7620.5,41938,7621.0,141204,351656,2157,349499,-99266,0.5
1900-01-24 05:52:30,7619.0,38153,7619.5,990446,16339,71355,-55016,-952293,0.5
1900-01-24 05:52:45,7619.0,700037,7619.5,251575,67311,37886,29425,448462,0.5
1900-01-24 05:53:00,7615.0,10715,7615.5,194455,21040,58837,-37797,-183740,0.5
1900-01-24 05:53:15,7617.0,914674,7617.5,23656,129516,51980,77536,891018,0.5
1900-01-24 05:53:30,7617.0,192734,7617.5,621924,9850,12086,-2236,-429190,0.5
1900-01-24 05:53:45,7617.0,72279,7617.5,581727,14397,132613,-118216,-509448,0.5
1900-01-24 05:54:00,7617.0,963600,7617.5,78979,14459,15938,-1479,884621,0.5
1900-01-24 05:54:15,7620.0,1067420,7620.5,45055,117590,213,117377,1022365,0.5
1900-01-24 05:54:30,7623.5,1336494,7624.0,291019,198225,3478,194747,1045475,0.5
1900-01-24 05:54:45,7626.5,813362,7627.0,212814,137434,2267,135167,600548,0.5
1900-01-24 05:55:00,7631.0,664290,7631.5,797968,135158,8006,127152,-133678,0.5
1900-01-24 05:55:15,7631.0,377193,7631.5,601372,93458,14422,79036,-224179,0.5
1900-01-24 05:55:30,7631.0,984839,7631.5,259656,29929,70775,-40846,725183,0.5
1900-01-24 05:55:45,7631.0,301250,7631.5,762139,23075,18023,5052,-460889,0.5
1900-01-24 05:56:00,7631.0,367123,7631.5,875773,7917,60276,-52359,-508650,0.5
1900-01-24 05:56:15,7625.0,45780,7625.5,322991,12153,146641,-134488,-277211,0.5
1900-01-24 05:56:30,7625.0,28506,7625.5,1077944,6447,110151,-103704,-1049438,0.5
1900-01-24 05:56:45,7624.5,9520,7625.0,1176082,50610,47647,2963,-1166562,0.5
1900-01-24 05:57:00,7624.0,644105,7624.5,37524,2653,34038,-31385,606581,0.5
1900-01-24 05:57:15,7624.0,129617,7624.5,571658,8922,37617,-28695,-442041,0.5
1900-01-24 05:57:30,7626.5,1108296,7627.0,57079,14706,57757,-43051,1051217,0.5
1900-01-24 05:57:45,7627.0,248675,7627.5,644918,43942,4287,39655,-396243,0.5
1900-01-24 05:58:00,7627.0,107509,7627.5,835374,19340,56280,-36940,-727865,0.5
1900-01-24 05:58:15,7627.0,103613,7627.5,883680,15065,26862,-11797,-780067,0.5
1900-01-24 05:58:30,7627.0,722514,7627.5,321153,9000,3649,5351,401361,0.5
1900-01-24 05:58:45,7627.0,63133,7627.5,756589,1833,28284,-26451,-693456,0.5
1900-01-24 05:59:00,7627.0,85077,7627.5,910116,6201,9791,-3590,-825039,0.5
1900-01-24 05:59:15,7624.0,23650,7624.5,527874,1282,80839,-79557,-504224,0.5
1900-01-24 05:59:30,7623.0,98733,7623.5,1260539,3701,40585,-36884,-1161806,0.5
1900-01-24 05:59:45,7623.0,27951,7623.5,1183040,210,72203,-71993,-1155089,0.5
1900-01-24 06:00:00,7620.5,14510,7623.5,520160,65686,43625,22061,-505650,3.0
1900-01-24 06:00:15,7617.5,1850,7618.0,3828118,42156,104532,-62376,-3826268,0.5
1900-01-24 06:00:30,7611.0,558228,7611.5,479068,1678,142448,-140770,79160,0.5
1900-01-24 06:00:45,7611.0,551719,7611.5,508796,17872,228651,-210779,42923,0.5
1900-01-24 06:01:00,7611.0,667537,7611.5,399160,38159,31681,6478,268377,0.5
1900-01-24 06:01:15,7611.0,939227,7611.5,366444,59048,18654,40394,572783,0.5
1900-01-24 06:01:30,7611.0,533324,7611.5,403727,11675,103705,-92030,129597,0.5
1900-01-24 06:01:45,7609.5,12649,7610.0,1148029,6400,150999,-144599,-1135380,0.5
1900-01-24 06:02:00,7609.5,29828,7610.0,1326700,7553,56307,-48754,-1296872,0.5
1900-01-24 06:02:15,7609.0,62048,7609.5,836466,8190,73822,-65632,-774418,0.5
1900-01-24 06:02:30,7610.5,1217352,7611.0,158,107199,32209,74990,1217194,0.5
1900-01-24 06:02:45,7615.5,504780,7616.0,3363163,78646,7501,71145,-2858383,0.5
1900-01-24 06:03:00,7615.5,194284,7616.0,3717561,32970,43499,-10529,-3523277,0.5
1900-01-24 06:03:15,7614.5,5735,7615.0,4213585,6921,18468,-11547,-4207850,0.5
1900-01-24 06:03:30,7611.5,12444,7612.0,762124,1223,232425,-231202,-749680,0.5
1900-01-24 06:03:45,7608.0,100857,7608.5,1014905,70589,140245,-69656,-914048,0.5
1900-01-24 06:04:00,7604.0,32848,7604.5,948158,12500,76334,-63834,-915310,0.5
1900-01-24 06:04:15,7603.0,183118,7603.5,1073402,16937,29311,-12374,-890284,0.5
1900-01-24 06:04:30,7600.0,46856,7600.5,1181568,58874,208402,-149528,-1134712,0.5
1900-01-24 06:04:45,7598.5,430719,7599.0,682442,4443,189364,-184921,-251723,0.5
1900-01-24 06:05:00,7598.0,36392,7598.5,726836,9796,152045,-142249,-690444,0.5
1900-01-24 06:05:15,7596.5,235893,7597.0,550743,6745,114132,-107387,-314850,0.5
1900-01-24 06:05:30,7596.0,31836,7596.5,1451747,48826,23023,25803,-1419911,0.5
1900-01-24 06:05:45,7594.0,40470,7594.5,1250699,11836,72891,-61055,-1210229,0.5
1900-01-24 06:06:00,7593.5,46532,7594.0,1729016,10063,40913,-30850,-1682484,0.5
1900-01-24 06:06:15,7592.5,101967,7593.0,584892,4980,100626,-95646,-482925,0.5
1900-01-24 06:06:30,7598.5,180079,7599.0,289754,170106,158634,11472,-109675,0.5
1900-01-24 06:06:45,7598.0,90669,7598.5,1726132,130641,14110,116531,-1635463,0.5
1900-01-24 06:07:00,7598.0,30219,7598.5,1215796,21821,42504,-20683,-1185577,0.5
1900-01-24 06:07:15,7593.0,135640,7593.5,713688,5415,27469,-22054,-578048,0.5
1900-01-24 06:07:30,7585.5,124400,7586.0,944354,5037,326662,-321625,-819954,0.5
1900-01-24 06:07:45,7584.5,72492,7585.0,1219393,95723,215041,-119318,-1146901,0.5
1900-01-24 06:08:00,7583.5,223602,7584.0,509031,90308,50824,39484,-285429,0.5
1900-01-24 06:08:15,7581.5,67980,7582.0,1472507,18838,115042,-96204,-1404527,0.5
1900-01-24 06:08:30,7576.0,14627,7576.5,7643,90176,218782,-128606,6984,0.5
1900-01-24 06:08:45,7587.0,136079,7587.5,971435,201193,26978,174215,-835356,0.5
1900-01-24 06:09:00,7589.5,371603,7590.0,264854,358046,66762,291284,106749,0.5
1900-01-24 06:09:15,7589.5,76351,7590.0,720520,43671,10023,33648,-644169,0.5
1900-01-24 06:09:30,7588.0,201084,7588.5,1463969,53322,123317,-69995,-1262885,0.5
1900-01-24 06:09:45,7583.5,6023,7584.0,1294578,45142,166282,-121140,-1288555,0.5
1900-01-24 06:10:00,7581.5,586249,7582.0,160214,80269,22569,57700,426035,0.5
1900-01-24 06:10:15,7584.0,137048,7584.5,1065241,102676,58528,44148,-928193,0.5
1900-01-24 06:10:30,7584.0,503786,7584.5,326534,25388,58179,-32791,177252,0.5
1900-01-24 06:10:45,7584.0,83752,7584.5,1385448,32032,56124,-24092,-1301696,0.5
1900-01-24 06:11:00,7577.0,908327,7577.5,24152,93993,86773,7220,884175,0.5
1900-01-24 06:11:15,7578.5,4535,7579.0,1036805,126292,75766,50526,-1032270,0.5
1900-01-24 06:11:30,7572.5,275833,7573.0,651012,22359,143417,-121058,-375179,0.5
1900-01-24 06:11:45,7579.5,130950,7580.0,197732,135027,79566,55461,-66782,0.5
1900-01-24 06:12:00,7582.5,278398,7583.0,40572,37876,39247,-1371,237826,0.5
1900-01-24 06:12:15,7586.5,464172,7587.0,859405,84292,20760,63532,-395233,0.5
1900-01-24 06:12:30,7579.0,225351,7579.5,754649,24363,255941,-231578,-529298,0.5
1900-01-24 06:12:45,7577.5,114430,7578.0,535470,26218,78331,-52113,-421040,0.5
1900-01-24 06:13:00,7577.5,643560,7578.0,311699,122439,31691,90748,331861,0.5
1900-01-24 06:13:15,7576.0,10765,7576.5,997974,8455,295663,-287208,-987209,0.5
1900-01-24 06:13:30,7566.0,32640,7566.5,23549,108958,560334,-451376,9091,0.5
1900-01-24 06:13:45,7569.0,27396,7569.5,253762,35680,239501,-203821,-226366,0.5
1900-01-24 06:14:00,7567.5,214842,7568.0,437731,12289,130496,-118207,-222889,0.5
1900-01-24 06:14:15,7571.5,844629,7572.0,126127,655268,107343,547925,718502,0.5
1900-01-24 06:14:30,7571.5,888371,7572.0,321987,706226,5751,700475,566384,0.5
1900-01-24 06:14:45,7571.5,126578,7572.0,728464,47403,61114,-13711,-601886,0.5
1900-01-24 06:15:00,7567.5,19367,7568.0,342084,9877,130667,-120790,-322717,0.5
1900-01-24 06:15:15,7571.5,171260,7572.0,136985,92382,195742,-103360,34275,0.5
1900-01-24 06:15:30,7571.5,71935,7572.0,932222,274707,59800,214907,-860287,0.5
1900-01-24 06:15:45,7568.0,2750,7568.5,1249096,2594,67712,-65118,-1246346,0.5
1900-01-24 06:16:00,7567.5,15085,7568.0,1327361,34650,23887,10763,-1312276,0.5
1900-01-24 06:16:15,7563.5,173039,7564.0,578791,10758,77908,-67150,-405752,0.5
1900-01-24 06:16:30,7568.5,493359,7569.0,8688,171464,180484,-9020,484671,0.5
1900-01-24 06:16:45,7571.5,536203,7572.0,76391,362107,30318,331789,459812,0.5
1900-01-24 06:17:00,7572.0,653385,7572.5,17406,755983,47206,708777,635979,0.5
1900-01-24 06:17:15,7577.0,792599,7577.5,657429,218017,12781,205236,135170,0.5
1900-01-24 06:17:30,7581.0,294220,7581.5,24672,317246,9006,308240,269548,0.5
1900-01-24 06:17:45,7584.5,835511,7585.0,151523,229433,31387,198046,683988,0.5
1900-01-24 06:18:00,7582.0,116812,7582.5,728001,43901,161015,-117114,-611189,0.5
1900-01-24 06:18:15,7587.0,228940,7587.5,1330302,265262,24900,240362,-1101362,0.5
1900-01-24 06:18:30,7620.0,3899830,7620.5,214385,832424,1085323,-252899,3685445,0.5
1900-01-24 06:18:45,7613.5,136036,7614.0,49840,2551819,1342468,1209351,86196,0.5
1900-01-24 06:19:00,7627.5,18000,7629.0,72810,1858628,272607,1586021,-54810,1.5
1900-01-24 06:19:15,7651.5,1056809,7652.0,183263,1006477,100510,905967,873546,0.5
1900-01-24 06:19:30,7632.0,27,7635.5,25,431199,651282,-220083,2,3.5
1900-01-24 06:19:45,7631.0,262469,7631.5,714889,180968,609512,-428544,-452420,0.5
1900-01-24 06:20:00,7631.0,161161,7631.5,500849,17703,344068,-326365,-339688,0.5
1900-01-24 06:20:15,7630.0,458981,7630.5,374887,43598,249476,-205878,84094,0.5
1900-01-24 06:20:30,7638.0,522227,7638.5,55547,309156,107506,201650,466680,0.5
1900-01-24 06:20:45,7641.0,28495,7641.5,145900,445068,135560,309508,-117405,0.5
1900-01-24 06:21:00,7641.0,1148523,7641.5,138038,197719,142408,55311,1010485,0.5
1900-01-24 06:21:15,7637.5,450726,7638.0,310091,36182,100877,-64695,140635,0.5
1900-01-24 06:21:30,7630.0,251377,7630.5,681934,15229,262029,-246800,-430557,0.5
1900-01-24 06:21:45,7627.0,3372,7627.5,3574564,25688,295436,-269748,-3571192,0.5
1900-01-24 06:22:00,7627.0,360777,7627.5,549155,55214,121582,-66368,-188378,0.5
1900-01-24 06:22:15,7627.0,507549,7627.5,456473,26526,95036,-68510,51076,0.5
1900-01-24 06:22:30,7620.5,376679,7621.0,88257,4030,198407,-194377,288422,0.5
1900-01-24 06:22:45,7615.0,404137,7615.5,363690,22325,311717,-289392,40447,0.5
1900-01-24 06:23:00,7613.0,487246,7613.5,415770,12152,86796,-74644,71476,0.5
1900-01-24 06:23:15,7628.0,461786,7628.5,23226,121520,233240,-111720,438560,0.5
1900-01-24 06:23:30,7616.0,1057949,7616.5,279977,48834,122014,-73180,777972,0.5
1900-01-24 06:23:45,7625.0,9332,7625.5,111110,238482,124342,114140,-101778,0.5
1900-01-24 06:24:00,7625.5,1107134,7626.0,58145,42487,38464,4023,1048989,0.5
1900-01-24 06:24:15,7625.5,522183,7626.0,111591,49358,15457,33901,410592,0.5
1900-01-24 06:24:30,7623.5,226,7624.0,750539,43505,28662,14843,-750313,0.5
1900-01-24 06:24:45,7622.5,75,7623.0,1002806,18395,56773,-38378,-1002731,0.5
1900-01-24 06:25:00,7621.0,1076673,7621.5,360135,11924,28593,-16669,716538,0.5
1900-01-24 06:25:15,7618.0,109167,7618.5,930008,137993,39098,98895,-820841,0.5
1900-01-24 06:25:30,7618.0,117511,7618.5,3786046,147304,27424,119880,-3668535,0.5
1900-01-24 06:25:45,7616.5,13869,7617.0,992572,12464,77868,-65404,-978703,0.5
1900-01-24 06:26:00,7616.5,445306,7617.0,596078,143221,62959,80262,-150772,0.5
1900-01-24 06:26:15,7620.0,129915,7620.5,15,271634,16867,254767,129900,0.5
1900-01-24 06:26:30,7625.0,463237,7625.5,63,115488,1700,113788,463174,0.5
1900-01-24 06:26:45,7626.0,1216707,7626.5,38661,218389,55205,163184,1178046,0.5
1900-01-24 06:27:00,7626.0,934604,7626.5,210055,63955,66997,-3042,724549,0.5
1900-01-24 06:27:15,7629.5,751196,7630.0,454718,102073,22271,79802,296478,0.5
1900-01-24 06:27:30,7629.5,563678,7630.0,310802,163950,37162,126788,252876,0.5
1900-01-24 06:27:45,7629.5,939943,7630.0,101690,96941,15238,81703,838253,0.5
1900-01-24 06:28:00,7631.5,1308187,7632.0,447296,185228,67470,117758,860891,0.5
1900-01-24 06:28:15,7631.5,1433552,7632.0,261478,233783,5235,228548,1172074,0.5
1900-01-24 06:28:30,7632.0,1493575,7632.5,11752,195463,1660,193803,1481823,0.5
1900-01-24 06:28:45,7633.5,1770901,7634.0,722359,117771,41901,75870,1048542,0.5
1900-01-24 06:29:00,7633.5,1782294,7634.0,911635,86256,27616,58640,870659,0.5
1900-01-24 06:29:15,7633.5,1721734,7634.0,7347430,37315,55638,-18323,-5625696,0.5
1900-01-24 06:29:30,7613.0,16676,7613.5,535843,87506,3547790,-3460284,-519167,0.5
1900-01-24 06:29:45,7615.0,318085,7615.5,403039,28053,125001,-96948,-84954,0.5
1900-01-24 06:30:00,7606.5,1693252,7607.0,164703,28894,230824,-201930,1528549,0.5
1900-01-24 06:30:15,7607.0,704926,7607.5,482572,58770,291208,-232438,222354,0.5
1900-01-24 06:30:30,7607.5,1197027,7608.0,392062,113978,15410,98568,804965,0.5
1900-01-24 06:30:45,7606.5,418987,7607.0,887333,37536,227848,-190312,-468346,0.5
1900-01-24 06:31:00,7603.0,34,7603.5,1035204,61538,151427,-89889,-1035170,0.5
1900-01-24 06:31:15,7595.5,206211,7596.0,499338,62750,263267,-200517,-293127,0.5
1900-01-24 06:31:30,7601.5,807027,7602.0,46551,374610,219766,154844,760476,0.5
1900-01-24 06:31:45,7599.0,1569889,7599.5,19602,104155,216468,-112313,1550287,0.5
1900-01-24 06:32:00,7599.5,272894,7600.0,370154,293100,70146,222954,-97260,0.5
1900-01-24 06:32:15,7599.0,553409,7599.5,1241178,31508,76067,-44559,-687769,0.5
1900-01-24 06:32:30,7599.0,393,7599.5,1997994,7002,526921,-519919,-1997601,0.5
1900-01-24 06:32:45,7598.0,196648,7598.5,1281670,34648,198439,-163791,-1085022,0.5
1900-01-24 06:33:00,7598.0,735043,7598.5,985415,3550,19260,-15710,-250372,0.5
1900-01-24 06:33:15,7598.0,79530,7598.5,1209161,7288,163863,-156575,-1129631,0.5
1900-01-24 06:33:30,7598.0,442908,7598.5,469459,19500,19399,101,-26551,0.5
1900-01-24 06:33:45,7604.0,619819,7604.5,213741,400366,13855,386511,406078,0.5
1900-01-24 06:34:00,7610.5,2738,7612.5,82942,445514,17000,428514,-80204,2.0
1900-01-24 06:34:15,7606.5,811285,7607.0,51852,141765,83992,57773,759433,0.5
1900-01-24 06:34:30,7605.0,4104,7605.5,105373,68349,93881,-25532,-101269,0.5
1900-01-24 06:34:45,7605.0,306031,7605.5,691186,17394,16354,1040,-385155,0.5
1900-01-24 06:35:00,7605.0,2095534,7605.5,30343,42911,47673,-4762,2065191,0.5
1900-01-24 06:35:15,7616.0,562594,7616.5,38627,83926,16833,67093,523967,0.5
1900-01-24 06:35:30,7619.5,260144,7620.0,183034,63240,26942,36298,77110,0.5
1900-01-24 06:35:45,7619.5,640466,7620.0,793111,117990,3966,114024,-152645,0.5
1900-01-24 06:36:00,7619.5,1359506,7620.0,81081,275723,28509,247214,1278425,0.5
1900-01-24 06:36:15,7619.5,1656178,7620.0,40240,25534,59113,-33579,1615938,0.5
1900-01-24 06:36:30,7620.5,504786,7621.0,657804,80304,52274,28030,-153018,0.5
1900-01-24 06:36:45,7615.0,294498,7615.5,532036,21821,212727,-190906,-237538,0.5
1900-01-24 06:37:00,7614.0,1316547,7614.5,125328,215955,62546,153409,1191219,0.5
1900-01-24 06:37:15,7614.5,349004,7615.0,660374,22276,3150,19126,-311370,0.5
1900-01-24 06:37:30,7607.0,67300,7607.5,1025814,5507,1140366,-1134859,-958514,0.5
1900-01-24 06:37:45,7607.0,70502,7607.5,986623,34557,264046,-229489,-916121,0.5
1900-01-24 06:38:00,7606.0,554339,7606.5,583860,10679,226772,-216093,-29521,0.5
1900-01-24 06:38:15,7607.5,280647,7608.0,843953,63364,64406,-1042,-563306,0.5
1900-01-24 06:38:30,7610.0,140259,7610.5,1960743,34347,39306,-4959,-1820484,0.5
1900-01-24 06:38:45,7610.5,900744,7611.0,5224,17263,650,16613,895520,0.5
1900-01-24 06:39:00,7613.0,744119,7613.5,13327,23854,1477,22377,730792,0.5
1900-01-24 06:39:15,7614.0,24455,7614.5,1212491,31604,8867,22737,-1188036,0.5
1900-01-24 06:39:30,7614.0,508460,7614.5,777237,3151,158800,-155649,-268777,0.5
1900-01-24 06:39:45,7609.5,27893,7610.0,1276212,1156,17088,-15932,-1248319,0.5
1900-01-24 06:40:00,7609.0,31069,7609.5,1600963,5505,13981,-8476,-1569894,0.5
1900-01-24 06:40:15,7609.0,475071,7609.5,249359,18135,113863,-95728,225712,0.5
1900-01-24 06:40:30,7608.5,27981,7609.0,1425818,1786,49749,-47963,-1397837,0.5
1900-01-24 06:40:45,7605.0,17902,7605.5,1189209,648,52016,-51368,-1171307,0.5
1900-01-24 06:41:00,7604.5,5642329,7605.0,230166,3296,207177,-203881,5412163,0.5
1900-01-24 06:41:15,7606.5,602006,7607.0,196018,155092,17374,137718,405988,0.5
1900-01-24 06:41:30,7606.5,501782,7607.0,275642,84927,48044,36883,226140,0.5
1900-01-24 06:41:45,7605.0,17261,7605.5,1504802,156881,19227,137654,-1487541,0.5
1900-01-24 06:42:00,7602.5,311170,7603.0,2198413,23713,80595,-56882,-1887243,0.5
1900-01-24 06:42:15,7602.5,557094,7603.0,380048,23713,181991,-158278,177046,0.5
1900-01-24 06:42:30,7602.5,862684,7603.0,60220,10805,8570,2235,802464,0.5
1900-01-24 06:42:45,7608.5,745754,7609.0,2970,31571,11339,20232,742784,0.5
1900-01-24 06:43:00,7609.5,413798,7610.0,840026,279438,29,279409,-426228,0.5
1900-01-24 06:43:15,7609.5,455975,7610.0,1058447,51222,15021,36201,-602472,0.5
1900-01-24 06:43:30,7609.5,187845,7610.0,6530666,73260,43188,30072,-6342821,0.5
1900-01-24 06:43:45,7608.0,94455,7608.5,1626962,5600,96839,-91239,-1532507,0.5
1900-01-24 06:44:00,7606.5,308429,7607.0,1404361,10001,27148,-17147,-1095932,0.5
1900-01-24 06:44:15,7608.5,1090819,7609.5,16832,105891,25100,80791,1073987,1.0
1900-01-24 06:44:30,7621.5,974775,7622.0,147430,104217,2018,102199,827345,0.5
1900-01-24 06:44:45,7625.5,227775,7626.0,636608,487221,153348,333873,-408833,0.5
1900-01-24 06:45:00,7625.5,16969,7626.0,1153908,49997,149637,-99640,-1136939,0.5
1900-01-24 06:45:15,7631.0,1475339,7631.5,81810,142716,102065,40651,1393529,0.5
1900-01-24 06:45:30,7633.5,265620,7634.0,21483,108099,23107,84992,244137,0.5
1900-01-24 06:45:45,7634.5,201398,7635.0,840341,222532,65083,157449,-638943,0.5
1900-01-24 06:46:00,7626.5,108542,7627.0,923098,8502,219835,-211333,-814556,0.5
1900-01-24 06:46:15,7626.5,1052062,7627.0,371403,8919,22220,-13301,680659,0.5
1900-01-24 06:46:30,7626.5,1035759,7627.0,265433,153642,13532,140110,770326,0.5
1900-01-24 06:46:45,7625.0,28815,7625.5,768980,27061,51481,-24420,-740165,0.5
1900-01-24 06:47:00,7629.5,1284725,7630.0,22243,123500,16794,106706,1262482,0.5
1900-01-24 06:47:15,7634.5,1308323,7635.0,29211,58625,200,58425,1279112,0.5
1900-01-24 06:47:30,7636.0,383842,7636.5,625381,47569,68091,-20522,-241539,0.5
1900-01-24 06:47:45,7636.0,211539,7636.5,776231,5085,116224,-111139,-564692,0.5
1900-01-24 06:48:00,7636.0,420238,7636.5,1041543,979,92171,-91192,-621305,0.5
1900-01-24 06:48:15,7637.5,1229139,7638.0,13444,209782,21280,188502,1215695,0.5
1900-01-24 06:48:30,7638.5,826379,7639.0,106100,24607,3436,21171,720279,0.5
1900-01-24 06:48:45,7639.5,563103,7640.0,783237,149969,55571,94398,-220134,0.5
1900-01-24 06:49:00,7638.0,1100,7638.5,592258,75451,148282,-72831,-591158,0.5
1900-01-24 06:49:15,7636.5,687849,7637.0,51506,67126,92433,-25307,636343,0.5
1900-01-24 06:49:30,7645.0,716328,7645.5,230588,280514,23749,256765,485740,0.5
1900-01-24 06:49:45,7646.5,290799,7647.0,233477,121901,17565,104336,57322,0.5
1900-01-24 06:50:00,7651.5,487338,7652.0,229783,453889,80435,373454,257555,0.5
1900-01-24 06:50:15,7651.5,419558,7652.0,458613,256280,74386,181894,-39055,0.5
1900-01-24 06:50:30,7647.5,231078,7648.0,44035,38650,218201,-179551,187043,0.5
1900-01-24 06:50:45,7644.0,499796,7644.5,305025,105547,136328,-30781,194771,0.5
1900-01-24 06:51:00,7641.0,248822,7641.5,489675,50296,130401,-80105,-240853,0.5
1900-01-24 06:51:15,7639.0,4708,7639.5,664253,88166,164763,-76597,-659545,0.5
1900-01-24 06:51:30,7638.5,144915,7639.0,636796,79346,174272,-94926,-491881,0.5
1900-01-24 06:51:45,7638.5,52203,7639.0,829718,8246,93044,-84798,-777515,0.5
1900-01-24 06:52:00,7637.0,202964,7637.5,796313,2470,66376,-63906,-593349,0.5
1900-01-24 06:52:15,7637.0,32852,7637.5,1085683,2745,57961,-55216,-1052831,0.5
1900-01-24 06:52:30,7635.5,252196,7636.0,608286,14014,27111,-13097,-356090,0.5
1900-01-24 06:52:45,7635.5,36060,7636.0,1102090,4065,52077,-48012,-1066030,0.5
1900-01-24 06:53:00,7635.0,634929,7635.5,61017,44473,27589,16884,573912,0.5
1900-01-24 06:53:15,7636.5,741019,7637.0,407174,275257,5800,269457,333845,0.5
1900-01-24 06:53:30,7636.5,818101,7637.0,333541,51600,78386,-26786,484560,0.5
1900-01-24 06:53:45,7636.5,1273441,7637.0,133397,85975,5981,79994,1140044,0.5
1900-01-24 06:54:00,7636.5,723110,7637.0,123823,20598,6352,14246,599287,0.5
1900-01-24 06:54:15,7638.0,1529676,7638.5,14519,96157,6711,89446,1515157,0.5
1900-01-24 06:54:30,7638.5,1169835,7639.0,12024,76612,6019,70593,1157811,0.5
1900-01-24 06:54:45,7639.5,1375739,7640.0,128506,34233,3001,31232,1247233,0.5
1900-01-24 06:55:00,7639.5,371511,7640.0,549505,65309,23030,42279,-177994,0.5
1900-01-24 06:55:15,7639.5,1281731,7640.0,121547,7628,24199,-16571,1160184,0.5
1900-01-24 06:55:30,7639.5,1195284,7640.0,149788,14863,2795,12068,1045496,0.5
1900-01-24 06:55:45,7640.0,1279209,7640.5,2577,36079,3382,32697,1276632,0.5
1900-01-24 06:56:00,7643.5,1128261,7644.0,149591,24991,8982,16009,978670,0.5
1900-01-24 06:56:15,7643.5,350,7644.0,1133640,39865,111010,-71145,-1133290,0.5
1900-01-24 06:56:30,7639.0,96168,7639.5,582234,6337,41440,-35103,-486066,0.5
1900-01-24 06:56:45,7639.0,938952,7639.5,89064,24021,28796,-4775,849888,0.5
1900-01-24 06:57:00,7638.5,5624,7639.0,936025,23542,13531,10011,-930401,0.5
1900-01-24 06:57:15,7638.5,1072516,7639.0,247987,19601,21774,-2173,824529,0.5
1900-01-24 06:57:30,7638.5,1068102,7639.0,271857,10184,42,10142,796245,0.5
1900-01-24 06:57:45,7638.5,1068639,7639.0,277133,14850,4022,10828,791506,0.5
1900-01-24 06:58:00,7638.5,6000,7639.0,782476,5381,17617,-12236,-776476,0.5
1900-01-24 06:58:15,7638.5,1146910,7639.0,326794,1813,3425,-1612,820116,0.5
1900-01-24 06:58:30,7638.5,1284805,7639.0,70594,131488,5641,125847,1214211,0.5
1900-01-24 06:58:45,7643.0,534815,7643.5,61203,56803,2986,53817,473612,0.5
1900-01-24 06:59:00,7643.5,1359725,7644.0,50069,27669,2986,24683,1309656,0.5
1900-01-24 06:59:15,7644.5,3429701,7645.0,129797,189933,7618,182315,3299904,0.5
1900-01-24 06:59:30,7649.0,298669,7649.5,309624,74131,1024,73107,-10955,0.5
1900-01-24 06:59:45,7649.0,121284,7649.5,764668,12239,10863,1376,-643384,0.5
1900-01-24 07:00:00,7649.0,1161116,7649.5,544359,13556,14300,-744,616757,0.5
1900-01-24 07:00:15,7649.5,489982,7650.0,930655,95331,11275,84056,-440673,0.5
1900-01-24 07:00:30,7650.0,876949,7650.5,57753,139817,14173,125644,819196,0.5
1900-01-24 07:00:45,7652.0,1266042,7652.5,164682,83232,59656,23576,1101360,0.5
1900-01-24 07:01:00,7652.0,94595,7652.5,447452,137596,69915,67681,-352857,0.5
1900-01-24 07:01:15,7649.5,37937,7650.0,688538,1205,177101,-175896,-650601,0.5
1900-01-24 07:01:30,7646.0,558762,7646.5,375459,11607,91101,-79494,183303,0.5
1900-01-24 07:01:45,7645.0,40821,7645.5,523809,36687,18212,18475,-482988,0.5
1900-01-24 07:02:00,7643.5,41283,7644.0,963549,23260,57503,-34243,-922266,0.5
1900-01-24 07:02:15,7641.5,313893,7642.0,640201,829,37107,-36278,-326308,0.5
1900-01-24 07:02:30,7640.5,157265,7641.0,620067,30679,116560,-85881,-462802,0.5
1900-01-24 07:02:45,7640.5,1002619,7641.0,117961,223636,31766,191870,884658,0.5
1900-01-24 07:03:00,7640.5,1189935,7641.0,229580,96696,14430,82266,960355,0.5
1900-01-24 07:03:15,7640.5,1146507,7641.0,416525,42000,54250,-12250,729982,0.5
1900-01-24 07:03:30,7640.5,1174129,7641.0,115924,14318,37867,-23549,1058205,0.5
1900-01-24 07:03:45,7635.5,16372,7636.0,79756,18126,221437,-203311,-63384,0.5
1900-01-24 07:04:00,7634.5,1040050,7635.0,300,44408,65832,-21424,1039750,0.5
1900-01-24 07:04:15,7632.0,56472,7632.5,819400,7614,63332,-55718,-762928,0.5
1900-01-24 07:04:30,7632.0,161986,7632.5,827086,3436,33713,-30277,-665100,0.5
1900-01-24 07:04:45,7630.5,486034,7631.0,710695,307,70073,-69766,-224661,0.5
1900-01-24 07:05:00,7630.0,50169,7630.5,1463542,1846,415761,-413915,-1413373,0.5
1900-01-24 07:05:15,7627.0,265966,7627.5,1124380,19447,420093,-400646,-858414,0.5
1900-01-24 07:05:30,7626.5,6076,7627.0,1487552,4749,187626,-182877,-1481476,0.5
1900-01-24 07:05:45,7624.0,569349,7624.5,332400,89656,141550,-51894,236949,0.5
1900-01-24 07:06:00,7628.5,667200,7629.0,24176,267651,14303,253348,643024,0.5
1900-01-24 07:06:15,7632.0,404629,7632.5,514382,81425,9460,71965,-109753,0.5
1900-01-24 07:06:30,7632.0,655450,7632.5,202448,16594,111015,-94421,453002,0.5
1900-01-24 07:06:45,7632.0,1052418,7632.5,152186,76081,9055,67026,900232,0.5
1900-01-24 07:07:00,7632.0,183480,7632.5,1169257,22826,117284,-94458,-985777,0.5
1900-01-24 07:07:15,7632.0,138899,7632.5,1059557,168581,20478,148103,-920658,0.5
1900-01-24 07:07:30,7635.5,682056,7636.0,202750,129526,56600,72926,479306,0.5
1900-01-24 07:07:45,7640.0,102811,7640.5,976591,274511,16955,257556,-873780,0.5
1900-01-24 07:08:00,7640.0,697940,7640.5,941639,1208,12455,-11247,-243699,0.5
1900-01-24 07:08:15,7640.0,889866,7640.5,134559,14212,63718,-49506,755307,0.5
1900-01-24 07:08:30,7640.0,327,7640.5,1071088,45065,34957,10108,-1070761,0.5
1900-01-24 07:08:45,7635.0,972112,7635.5,312933,10436,11392,-956,659179,0.5
1900-01-24 07:09:00,7635.0,862210,7635.5,246602,15340,35195,-19855,615608,0.5
1900-01-24 07:09:15,7635.0,814577,7635.5,338807,3561,4000,-439,475770,0.5
1900-01-24 07:09:30,7635.0,52878,7635.5,827871,94903,33418,61485,-774993,0.5
1900-01-24 07:09:45,7634.0,254049,7634.5,977469,37270,31262,6008,-723420,0.5
1900-01-24 07:10:00,7634.0,683028,7634.5,927552,22223,6915,15308,-244524,0.5
1900-01-24 07:10:15,7634.0,824632,7634.5,438957,15992,6786,9206,385675,0.5
1900-01-24 07:10:30,7634.0,896879,7634.5,441663,11507,5000,6507,455216,0.5
1900-01-24 07:10:45,7634.0,790346,7634.5,431291,3664,53276,-49612,359055,0.5
1900-01-24 07:11:00,7628.5,723046,7629.0,385872,3638,44366,-40728,337174,0.5
1900-01-24 07:11:15,7626.5,12407,7627.0,1029442,3638,69031,-65393,-1017035,0.5
1900-01-24 07:11:30,7626.5,4894,7627.0,1385313,1252,113211,-111959,-1380419,0.5
1900-01-24 07:11:45,7626.0,636046,7626.5,442154,21112,7807,13305,193892,0.5
1900-01-24 07:12:00,7626.0,33402,7626.5,1411773,4133,60807,-56674,-1378371,0.5
1900-01-24 07:12:15,7624.5,599548,7625.0,741182,4345,56784,-52439,-141634,0.5
1900-01-24 07:12:30,7624.0,42329,7624.5,1087519,5516,91736,-86220,-1045190,0.5
1900-01-24 07:12:45,7621.5,565352,7622.0,366904,11565,90822,-79257,198448,0.5
1900-01-24 07:13:00,7621.5,627553,7622.0,265779,71625,60700,10925,361774,0.5
1900-01-24 07:13:15,7622.5,637088,7623.0,190333,137532,82455,55077,446755,0.5
1900-01-24 07:13:30,7623.0,554217,7623.5,259208,29787,23265,6522,295009,0.5
1900-01-24 07:13:45,7624.0,751638,7624.5,56534,123509,7811,115698,695104,0.5
1900-01-24 07:14:00,7624.5,611793,7625.0,54077,46681,11,46670,557716,0.5
1900-01-24 07:14:15,7626.5,995028,7627.0,701,20898,22124,-1226,994327,0.5
1900-01-24 07:14:30,7629.5,452048,7630.0,31779,17186,79,17107,420269,0.5
1900-01-24 07:14:45,7630.5,765441,7631.0,39975,28085,15,28070,725466,0.5
1900-01-24 07:15:00,7630.5,509504,7631.0,595406,14836,829,14007,-85902,0.5
1900-01-24 07:15:15,7630.0,34951,7630.5,1449196,52489,76908,-24419,-1414245,0.5
1900-01-24 07:15:30,7630.0,53018,7630.5,1536966,16212,22078,-5866,-1483948,0.5
1900-01-24 07:15:45,7630.0,491378,7630.5,845479,1988,41310,-39322,-354101,0.5
1900-01-24 07:16:00,7630.0,567412,7630.5,456486,13489,70,13419,110926,0.5
1900-01-24 07:16:15,7630.0,694285,7630.5,136237,14203,95,14108,558048,0.5
1900-01-24 07:16:30,7630.0,171092,7630.5,1124422,5580,135658,-130078,-953330,0.5
1900-01-24 07:16:45,7630.0,246354,7630.5,782352,1301,21687,-20386,-535998,0.5
1900-01-24 07:17:00,7628.0,121188,7628.5,1282246,370,45865,-45495,-1161058,0.5
1900-01-24 07:17:15,7625.0,220468,7625.5,804955,10502,93701,-83199,-584487,0.5
1900-01-24 07:17:30,7623.5,104070,7624.0,1374041,4540,105333,-100793,-1269971,0.5
1900-01-24 07:17:45,7623.5,683912,7624.0,428214,222,15300,-15078,255698,0.5
1900-01-24 07:18:00,7625.0,705266,7625.5,513473,20850,1138,19712,191793,0.5
1900-01-24 07:18:15,7625.5,824504,7626.0,50621,142135,1352,140783,773883,0.5
1900-01-24 07:18:30,7625.5,850776,7626.0,17299,45741,1172,44569,833477,0.5
1900-01-24 07:18:45,7626.0,155562,7626.5,41457,28795,19788,9007,114105,0.5
1900-01-24 07:19:00,7626.0,405164,7626.5,897264,4871,19788,-14917,-492100,0.5
1900-01-24 07:19:15,7626.0,871764,7626.5,57807,22526,9692,12834,813957,0.5
1900-01-24 07:19:30,7628.0,740592,7628.5,65810,16914,3369,13545,674782,0.5
1900-01-24 07:19:45,7628.0,20195,7628.5,1299098,1935,12885,-10950,-1278903,0.5
1900-01-24 07:20:00,7627.5,71222,7628.0,1282013,47,13119,-13072,-1210791,0.5
1900-01-24 07:20:15,7627.5,70553,7628.0,1333356,900,301942,-301042,-1262803,0.5
1900-01-24 07:20:30,7626.0,842565,7626.5,96397,31989,32777,-788,746168,0.5
1900-01-24 07:20:45,7626.0,53027,7626.5,1003127,12353,28030,-15677,-950100,0.5
1900-01-24 07:21:00,7625.5,106238,7626.0,1272845,1436,4291,-2855,-1166607,0.5
1900-01-24 07:21:15,7625.5,554312,7626.0,463189,5300,29308,-24008,91123,0.5
1900-01-24 07:21:30,7625.5,316727,7626.0,1071861,859,148508,-147649,-755134,0.5
1900-01-24 07:21:45,7625.5,768029,7626.0,473381,6721,29970,-23249,294648,0.5
1900-01-24 07:22:00,7625.0,34941,7625.5,1385707,7227,55200,-47973,-1350766,0.5
1900-01-24 07:22:15,7623.5,120871,7624.0,1269085,3705,11639,-7934,-1148214,0.5
1900-01-24 07:22:30,7623.5,739869,7624.0,218747,17787,6610,11177,521122,0.5
1900-01-24 07:22:45,7623.5,884391,7624.0,49497,33232,10,33222,834894,0.5
1900-01-24 07:23:00,7625.0,549192,7625.5,443334,148886,2210,146676,105858,0.5
1900-01-24 07:23:15,7625.0,692233,7625.5,460883,22724,1500,21224,231350,0.5
1900-01-24 07:23:30,7625.0,662293,7625.5,1624743,12599,2500,10099,-962450,0.5
1900-01-24 07:23:45,7625.0,855941,7625.5,2377280,4674,11000,-6326,-1521339,0.5
1900-01-24 07:24:00,7625.0,1234096,7625.5,2216492,1982,4080,-2098,-982396,0.5
1900-01-24 07:24:15,7625.0,1940428,7625.5,1779526,199650,6008,193642,160902,0.5
1900-01-24 07:24:30,7625.0,847811,7625.5,1895080,17860,22838,-4978,-1047269,0.5
1900-01-24 07:24:45,7625.0,793414,7625.5,2248362,19497,26120,-6623,-1454948,0.5
1900-01-24 07:25:00,7625.0,562101,7625.5,2226136,29272,4075,25197,-1664035,0.5
1900-01-24 07:25:15,7625.0,210646,7625.5,4555569,31965,22433,9532,-4344923,0.5
1900-01-24 07:25:30,7622.5,87516,7623.0,756081,8951,102255,-93304,-668565,0.5
1900-01-24 07:25:45,7617.0,335806,7617.5,1157617,2117,188836,-186719,-821811,0.5
1900-01-24 07:26:00,7615.0,516634,7615.5,1030300,89863,394427,-304564,-513666,0.5
1900-01-24 07:26:15,7614.5,49622,7615.0,1459368,17000,42319,-25319,-1409746,0.5
1900-01-24 07:26:30,7614.5,45832,7615.0,1523598,5026,49083,-44057,-1477766,0.5
1900-01-24 07:26:45,7613.0,11046,7613.5,220155,20896,191444,-170548,-209109,0.5
1900-01-24 07:27:00,7610.0,237819,7610.5,2144021,26220,196078,-169858,-1906202,0.5
1900-01-24 07:27:15,7609.5,52773,7610.0,889097,11063,68363,-57300,-836324,0.5
1900-01-24 07:27:30,7608.5,51647,7609.0,901396,10172,42727,-32555,-849749,0.5
1900-01-24 07:27:45,7607.5,759984,7608.0,804549,33607,46133,-12526,-44565,0.5
1900-01-24 07:28:00,7606.0,7587,7606.5,2204735,177789,90187,87602,-2197148,0.5
1900-01-24 07:28:15,7605.5,42228,7606.0,2872730,57302,58824,-1522,-2830502,0.5
1900-01-24 07:28:30,7600.0,1114928,7600.5,2707112,40697,305512,-264815,-1592184,0.5
1900-01-24 07:28:45,7600.0,1135699,7600.5,2452655,158000,87809,70191,-1316956,0.5
1900-01-24 07:29:00,7600.0,1637900,7600.5,502379,1152121,5919,1146202,1135521,0.5
1900-01-24 07:29:15,7606.5,793548,7607.0,18355,889858,15859,873999,775193,0.5
1900-01-24 07:29:30,7608.5,361805,7609.0,100745,450253,53817,396436,261060,0.5
1900-01-24 07:29:45,7608.5,1134653,7609.0,1814,140873,7835,133038,1132839,0.5
1900-01-24 07:30:00,7610.0,217071,7610.5,381901,450527,116542,333985,-164830,0.5
1900-01-24 07:30:15,7610.0,65245,7610.5,1156552,17867,139830,-121963,-1091307,0.5
1900-01-24 07:30:30,7609.5,51060,7610.0,1321332,4088,53182,-49094,-1270272,0.5
1900-01-24 07:30:45,7604.0,48230,7604.5,867933,45669,42757,2912,-819703,0.5
1900-01-24 07:31:00,7594.0,508685,7594.5,635275,29610,246377,-216767,-126590,0.5
1900-01-24 07:31:15,7598.0,1126973,7598.5,124423,100743,62206,38537,1002550,0.5
1900-01-24 07:31:30,7600.0,5616,7600.5,348731,122968,93858,29110,-343115,0.5
1900-01-24 07:31:45,7601.0,715459,7601.5,34829,27772,160228,-132456,680630,0.5
1900-01-24 07:32:00,7603.5,699594,7604.0,16619,38341,12802,25539,682975,0.5
1900-01-24 07:32:15,7602.0,127392,7602.5,1146377,15770,214507,-198737,-1018985,0.5
1900-01-24 07:32:30,7604.5,33540,7605.0,1385761,94309,97172,-2863,-1352221,0.5
1900-01-24 07:32:45,7606.5,201606,7607.0,1073125,56207,53768,2439,-871519,0.5
1900-01-24 07:33:00,7606.0,4334,7606.5,1509427,9100,208896,-199796,-1505093,0.5
1900-01-24 07:33:15,7605.0,61775,7605.5,1177067,538,20442,-19904,-1115292,0.5
1900-01-24 07:33:30,7601.0,393650,7601.5,609019,7351,71908,-64557,-215369,0.5
1900-01-24 07:33:45,7601.5,28269,7602.0,1070152,26969,28943,-1974,-1041883,0.5
1900-01-24 07:34:00,7604.5,619276,7605.0,20454,60042,1321,58721,598822,0.5
1900-01-24 07:34:15,7610.0,905035,7610.5,6679,116796,22300,94496,898356,0.5
1900-01-24 07:34:30,7612.0,157244,7612.5,179973,41935,122554,-80619,-22729,0.5
1900-01-24 07:34:45,7613.5,1032348,7614.0,5586,234578,53126,181452,1026762,0.5
1900-01-24 07:35:00,7618.0,888693,7618.5,27765,79060,70652,8408,860928,0.5
1900-01-24 07:35:15,7618.5,978335,7619.0,122643,28117,94211,-66094,855692,0.5
1900-01-24 07:35:30,7618.5,193743,7619.0,888707,86285,16446,69839,-694964,0.5
1900-01-24 07:35:45,7618.5,538339,7619.0,464761,103858,11647,92211,73578,0.5
1900-01-24 07:36:00,7616.5,93345,7617.0,1164460,27240,20010,7230,-1071115,0.5
1900-01-24 07:36:15,7616.0,403983,7616.5,282311,87357,38403,48954,121672,0.5
1900-01-24 07:36:30,7616.0,131341,7616.5,1580627,17750,146920,-129170,-1449286,0.5
1900-01-24 07:36:45,7613.5,670787,7614.0,369739,13371,47658,-34287,301048,0.5
1900-01-24 07:37:00,7613.5,1127831,7614.0,40682,21413,31512,-10099,1087149,0.5
1900-01-24 07:37:15,7613.5,1207077,7614.0,94398,22421,2001,20420,1112679,0.5
1900-01-24 07:37:30,7616.0,789711,7616.5,143997,103981,11100,92881,645714,0.5
1900-01-24 07:37:45,7616.0,989003,7616.5,114330,37010,6220,30790,874673,0.5
1900-01-24 07:38:00,7616.0,1219711,7616.5,66829,53702,6009,47693,1152882,0.5
1900-01-24 07:38:15,7618.5,120563,7619.0,960964,59986,64309,-4323,-840401,0.5
1900-01-24 07:38:30,7620.0,519472,7620.5,442100,170537,138274,32263,77372,0.5
1900-01-24 07:38:45,7618.5,7143,7619.0,583616,32823,36143,-3320,-576473,0.5
1900-01-24 07:39:00,7614.0,11309,7614.5,310452,10912,163623,-152711,-299143,0.5
1900-01-24 07:39:15,7613.5,477842,7614.0,1928433,13263,25087,-11824,-1450591,0.5
1900-01-24 07:39:30,7613.5,486749,7614.0,1584190,15806,9549,6257,-1097441,0.5
1900-01-24 07:39:45,7613.0,39232,7613.5,1790898,15351,365189,-349838,-1751666,0.5
1900-01-24 07:40:00,7612.0,2499,7612.5,1726399,2530,10039,-7509,-1723900,0.5
1900-01-24 07:40:15,7610.5,6970,7611.0,1304180,1827,19074,-17247,-1297210,0.5
1900-01-24 07:40:30,7610.0,573448,7610.5,1610297,560,13023,-12463,-1036849,0.5
1900-01-24 07:40:45,7610.0,1084279,7610.5,79797,2930,10100,-7170,1004482,0.5
1900-01-24 07:41:00,7611.0,673224,7611.5,416032,49257,5030,44227,257192,0.5
1900-01-24 07:41:15,7611.0,402210,7611.5,1127859,40234,5137,35097,-725649,0.5
1900-01-24 07:41:30,7610.0,213566,7610.5,1728212,40300,444048,-403748,-1514646,0.5
1900-01-24 07:41:45,7610.0,432103,7610.5,613138,11350,163150,-151800,-181035,0.5
1900-01-24 07:42:00,7610.0,484214,7610.5,402448,131226,1100,130126,81766,0.5
1900-01-24 07:42:15,7610.0,180396,7610.5,1182343,17469,6366,11103,-1001947,0.5
1900-01-24 07:42:30,7610.0,104936,7610.5,1152605,28229,26961,1268,-1047669,0.5
1900-01-24 07:42:45,7610.0,62518,7610.5,1270675,5073,21790,-16717,-1208157,0.5
1900-01-24 07:43:00,7609.0,124122,7609.5,1227200,11925,31850,-19925,-1103078,0.5
1900-01-24 07:43:15,7612.5,445812,7613.0,33613,24886,56325,-31439,412199,0.5
1900-01-24 07:43:30,7612.5,90763,7613.0,1568426,14337,1738,12599,-1477663,0.5
1900-01-24 07:43:45,7613.5,497611,7614.0,162025,20770,1738,19032,335586,0.5
1900-01-24 07:44:00,7614.0,482265,7614.5,2093,99247,55,99192,480172,0.5
1900-01-24 07:44:15,7616.5,5565164,7617.0,38597,36392,26001,10391,5526567,0.5
1900-01-24 07:44:30,7621.0,446833,7621.5,40981,168653,5043,163610,405852,0.5
1900-01-24 07:44:45,7622.5,383442,7623.0,1497105,57123,5090,52033,-1113663,0.5
1900-01-24 07:45:00,7622.5,153283,7623.0,1638956,7910,17028,-9118,-1485673,0.5
1900-01-24 07:45:15,7619.5,28226,7620.0,1479892,46238,60718,-14480,-1451666,0.5
1900-01-24 07:45:30,7618.0,225555,7618.5,1408070,46238,22542,23696,-1182515,0.5
1900-01-24 07:45:45,7618.0,421042,7618.5,1508390,6004,31300,-25296,-1087348,0.5
1900-01-24 07:46:00,7618.0,38943,7618.5,1831181,6352,116210,-109858,-1792238,0.5
1900-01-24 07:46:15,7617.5,74037,7618.0,1714148,1840,20974,-19134,-1640111,0.5
1900-01-24 07:46:30,7617.5,130720,7618.0,1662472,600,223443,-222843,-1531752,0.5
1900-01-24 07:46:45,7617.5,159998,7618.0,1583847,320,9000,-8680,-1423849,0.5
1900-01-24 07:47:00,7617.5,7516,7618.0,1425409,17922,39954,-22032,-1417893,0.5
1900-01-24 07:47:15,7617.5,2227,7618.0,1541901,12720,2057,10663,-1539674,0.5
1900-01-24 07:47:30,7609.0,9564,7609.5,1686759,25076,116030,-90954,-1677195,0.5
1900-01-24 07:47:45,7603.0,682027,7603.5,321401,3696,124068,-120372,360626,0.5
1900-01-24 07:48:00,7602.0,12328,7602.5,968713,23365,126499,-103134,-956385,0.5
1900-01-24 07:48:15,7594.5,299638,7595.0,1084543,102192,235788,-133596,-784905,0.5
1900-01-24 07:48:30,7594.5,618246,7595.0,607456,39570,197149,-157579,10790,0.5
1900-01-24 07:48:45,7596.0,366647,7596.5,1045424,168399,103553,64846,-678777,0.5
1900-01-24 07:49:00,7596.0,255545,7596.5,1239623,38015,67699,-29684,-984078,0.5
1900-01-24 07:49:15,7591.5,325,7592.0,418606,69264,386076,-316812,-418281,0.5
1900-01-24 07:49:30,7580.0,663951,7582.5,107451,365319,282603,82716,556500,2.5
1900-01-24 07:49:45,7594.5,830545,7595.0,472169,763550,70274,693276,358376,0.5
1900-01-24 07:50:00,7596.5,105201,7597.0,1054,315847,31954,283893,104147,0.5
1900-01-24 07:50:15,7594.0,686972,7594.5,228358,75899,151026,-75127,458614,0.5
1900-01-24 07:50:30,7592.5,685493,7593.0,505016,31118,222735,-191617,180477,0.5
1900-01-24 07:50:45,7592.5,214415,7593.0,830774,2150,52256,-50106,-616359,0.5
1900-01-24 07:51:00,7589.0,1032381,7589.5,265645,94673,138664,-43991,766736,0.5
1900-01-24 07:51:15,7589.0,641949,7589.5,29412,45062,178809,-133747,612537,0.5
1900-01-24 07:51:30,7592.0,503442,7592.5,93817,43758,26037,17721,409625,0.5
1900-01-24 07:51:45,7596.5,693769,7597.0,3868,162489,14761,147728,689901,0.5
1900-01-24 07:52:00,7599.5,133836,7600.0,1131840,162541,16649,145892,-998004,0.5
1900-01-24 07:52:15,7597.0,28182,7597.5,1180763,1986,60280,-58294,-1152581,0.5
1900-01-24 07:52:30,7596.5,753610,7597.0,40368,39671,34828,4843,713242,0.5
1900-01-24 07:52:45,7598.5,68811,7599.0,1039125,53376,27312,26064,-970314,0.5
1900-01-24 07:53:00,7595.5,1790,7596.0,1027994,10610,75755,-65145,-1026204,0.5
1900-01-24 07:53:15,7594.0,91400,7594.5,975352,1368,29670,-28302,-883952,0.5
1900-01-24 07:53:30,7594.0,262803,7594.5,1126892,1500,129495,-127995,-864089,0.5
1900-01-24 07:53:45,7590.5,18297,7591.0,1120242,5281,261030,-255749,-1101945,0.5
1900-01-24 07:54:00,7589.5,244644,7590.0,1177040,15564,93459,-77895,-932396,0.5
1900-01-24 07:54:15,7594.5,411211,7595.0,12757,105960,20489,85471,398454,0.5
1900-01-24 07:54:30,7597.5,375277,7598.0,764425,125068,22599,102469,-389148,0.5
1900-01-24 07:54:45,7597.5,638654,7598.0,59578,30471,6040,24431,579076,0.5
1900-01-24 07:55:00,7597.5,9870,7598.0,1381579,10926,138887,-127961,-1371709,0.5
1900-01-24 07:55:15,7597.5,608362,7598.0,396453,22839,26287,-3448,211909,0.5
1900-01-24 07:55:30,7594.0,353068,7594.5,660589,754,53344,-52590,-307521,0.5
1900-01-24 07:55:45,7593.0,605116,7593.5,379514,318,34062,-33744,225602,0.5
1900-01-24 07:56:00,7596.0,652679,7596.5,81134,72101,15820,56281,571545,0.5
1900-01-24 07:56:15,7596.0,776865,7596.5,17636,98743,1440,97303,759229,0.5
1900-01-24 07:56:30,7597.0,721722,7597.5,221253,16021,10000,6021,500469,0.5
1900-01-24 07:56:45,7597.0,773851,7597.5,215581,49817,50000,-183,558270,0.5
1900-01-24 07:57:00,7597.0,751014,7597.5,195321,24329,7834,16495,555693,0.5
1900-01-24 07:57:15,7597.0,218876,7597.5,799941,2025,3842,-1817,-581065,0.5
1900-01-24 07:57:30,7597.0,384305,7597.5,727069,1100,186160,-185060,-342764,0.5
1900-01-24 07:57:45,7593.0,459056,7593.5,914592,5000,33073,-28073,-455536,0.5
1900-01-24 07:58:00,7593.0,1180315,7593.5,28968,38846,4174,34672,1151347,0.5
1900-01-24 07:58:15,7593.5,331447,7594.0,894649,37337,16725,20612,-563202,0.5
1900-01-24 07:58:30,7591.0,2643,7592.0,1041273,7330,350409,-343079,-1038630,1.0
1900-01-24 07:58:45,7590.0,88122,7590.5,951368,4224,81679,-77455,-863246,0.5
1900-01-24 07:59:00,7590.0,87055,7590.5,1145686,3900,30471,-26571,-1058631,0.5
1900-01-24 07:59:15,7593.0,548824,7593.5,116472,6074,114671,-108597,432352,0.5
1900-01-24 07:59:30,7594.5,448129,7595.0,278881,21733,2046,19687,169248,0.5
1900-01-24 07:59:45,7594.5,767058,7595.0,677020,60078,15269,44809,90038,0.5
1900-01-24 08:00:00,7594.5,701086,7595.0,246266,83745,169770,-86025,454820,0.5
1900-01-24 08:00:15,7594.5,471194,7595.0,913918,51833,40009,11824,-442724,0.5
1900-01-24 08:00:30,7594.5,468276,7595.0,974416,18080,8702,9378,-506140,0.5
1900-01-24 08:00:45,7594.5,329404,7595.0,1758517,7769,111089,-103320,-1429113,0.5
1900-01-24 08:01:00,7591.0,290641,7591.5,1521975,19284,61695,-42411,-1231334,0.5
1900-01-24 08:01:15,7588.0,46502,7588.5,311152,33544,100198,-66654,-264650,0.5
1900-01-24 08:01:30,7588.0,489261,7588.5,287941,71911,47253,24658,201320,0.5
1900-01-24 08:01:45,7591.5,223694,7592.0,7833,50589,4767,45822,215861,0.5
1900-01-24 08:02:00,7592.5,5221,7593.0,1028216,49820,22046,27774,-1022995,0.5
1900-01-24 08:02:15,7591.0,100438,7591.5,1426744,3177,22078,-18901,-1326306,0.5
1900-01-24 08:02:30,7588.0,31928,7588.5,812745,7334,68346,-61012,-780817,0.5
1900-01-24 08:02:45,7586.5,491928,7587.0,920347,4225,44268,-40043,-428419,0.5
1900-01-24 08:03:00,7586.5,7045,7587.0,1466234,48505,14536,33969,-1459189,0.5
1900-01-24 08:03:15,7583.5,151951,7584.0,1287873,55900,210407,-154507,-1135922,0.5
1900-01-24 08:03:30,7582.0,294927,7582.5,910128,15879,218232,-202353,-615201,0.5
1900-01-24 08:03:45,7575.5,305032,7576.0,670675,185176,52273,132903,-365643,0.5
1900-01-24 08:04:00,7581.5,97038,7582.0,1050960,184766,100870,83896,-953922,0.5
1900-01-24 08:04:15,7574.5,682890,7575.0,59402,52624,62629,-10005,623488,0.5
1900-01-24 08:04:30,7580.0,199777,7580.5,495568,63420,71333,-7913,-295791,0.5
1900-01-24 08:04:45,7586.5,551514,7587.0,76288,247403,50849,196554,475226,0.5
1900-01-24 08:05:00,7587.0,600752,7587.5,294,199767,58343,141424,600458,0.5
1900-01-24 08:05:15,7587.0,1078845,7587.5,36871,206561,8318,198243,1041974,0.5
1900-01-24 08:05:30,7587.0,69760,7587.5,1325775,160820,271233,-110413,-1256015,0.5
1900-01-24 08:05:45,7581.0,9192,7581.5,1392375,5272,83488,-78216,-1383183,0.5
1900-01-24 08:06:00,7582.0,50405,7582.5,1416640,24625,42750,-18125,-1366235,0.5
1900-01-24 08:06:15,7582.0,1137451,7582.5,724962,157277,12258,145019,412489,0.5
1900-01-24 08:06:30,7581.5,43076,7582.0,813844,7620,38294,-30674,-770768,0.5
1900-01-24 08:06:45,7578.0,1483080,7578.5,798,27579,54903,-27324,1482282,0.5
1900-01-24 08:07:00,7579.5,217,7580.0,737162,29410,282074,-252664,-736945,0.5
1900-01-24 08:07:15,7574.0,475264,7574.5,608507,58207,110810,-52603,-133243,0.5
1900-01-24 08:07:30,7572.0,603433,7572.5,847388,81768,172596,-90828,-243955,0.5
1900-01-24 08:07:45,7574.0,752501,7574.5,48105,432725,59777,372948,704396,0.5
1900-01-24 08:08:00,7577.5,661858,7578.0,451677,108075,26642,81433,210181,0.5
1900-01-24 08:08:15,7580.5,595094,7581.0,363740,175782,41166,134616,231354,0.5
1900-01-24 08:08:30,7580.0,6130,7580.5,744639,205206,85664,119542,-738509,0.5
1900-01-24 08:08:45,7577.5,72872,7578.0,1407435,15740,20508,-4768,-1334563,0.5
1900-01-24 08:09:00,7575.5,14937,7576.0,212243,65867,41395,24472,-197306,0.5
1900-01-24 08:09:15,7574.0,1033890,7574.5,1037227,315982,48704,267278,-3337,0.5
1900-01-24 08:09:30,7579.0,839753,7579.5,441731,237954,45023,192931,398022,0.5
1900-01-24 08:09:45,7579.0,813128,7579.5,516074,58261,11641,46620,297054,0.5
1900-01-24 08:10:00,7580.0,1179972,7580.5,69244,598342,26770,571572,1110728,0.5
1900-01-24 08:10:15,7584.5,870893,7585.0,406691,82513,1605,80908,464202,0.5
1900-01-24 08:10:30,7590.0,383059,7590.5,55596,410555,25207,385348,327463,0.5
1900-01-24 08:10:45,7593.0,927501,7593.5,184829,434817,19884,414933,742672,0.5
1900-01-24 08:11:00,7592.5,71958,7593.0,547624,223550,150434,73116,-475666,0.5
1900-01-24 08:11:15,7592.5,142181,7593.0,1029472,92927,85849,7078,-887291,0.5
1900-01-24 08:11:30,7588.5,1095076,7589.0,181847,42901,18212,24689,913229,0.5
1900-01-24 08:11:45,7585.0,1134640,7585.5,209700,24347,64770,-40423,924940,0.5
1900-01-24 08:12:00,7585.5,142192,7586.0,603735,91881,133547,-41666,-461543,0.5
1900-01-24 08:12:15,7585.5,18627,7586.0,496345,46306,81074,-34768,-477718,0.5
1900-01-24 08:12:30,7586.0,1214956,7586.5,56520,2712,1282,1430,1158436,0.5
1900-01-24 08:12:45,7589.0,837129,7589.5,119818,314903,500,314403,717311,0.5
1900-01-24 08:13:00,7589.0,1242545,7589.5,1101644,35520,7149,28371,140901,0.5
1900-01-24 08:13:15,7589.0,814029,7589.5,1129372,23573,30494,-6921,-315343,0.5
1900-01-24 08:13:30,7583.0,982519,7583.5,121865,16090,56624,-40534,860654,0.5
1900-01-24 08:13:45,7587.0,142011,7587.5,463558,197631,5640,191991,-321547,0.5
1900-01-24 08:14:00,7587.0,577140,7587.5,361736,16418,17678,-1260,215404,0.5
1900-01-24 08:14:15,7588.0,530456,7588.5,596531,10344,2011,8333,-66075,0.5
1900-01-24 08:14:30,7588.0,317435,7588.5,1027525,11987,8840,3147,-710090,0.5
1900-01-24 08:14:45,7588.0,47598,7588.5,1250783,31309,31265,44,-1203185,0.5
1900-01-24 08:15:00,7586.0,29020,7586.5,604742,3844,17822,-13978,-575722,0.5
1900-01-24 08:15:15,7585.0,12266,7585.5,619605,15729,16039,-310,-607339,0.5
1900-01-24 08:15:30,7581.0,7117,7581.5,191993,8036,353143,-345107,-184876,0.5
1900-01-24 08:15:45,7579.0,143512,7579.5,503615,38980,170998,-132018,-360103,0.5
1900-01-24 08:16:00,7579.0,1073112,7579.5,260283,27567,66885,-39318,812829,0.5
1900-01-24 08:16:15,7579.0,1223189,7579.5,169290,88689,25192,63497,1053899,0.5
1900-01-24 08:16:30,7579.5,310000,7580.0,125705,85074,1554,83520,184295,0.5
1900-01-24 08:16:45,7577.0,871593,7577.5,524961,57001,205316,-148315,346632,0.5
1900-01-24 08:17:00,7577.0,489952,7577.5,979090,15013,189818,-174805,-489138,0.5
1900-01-24 08:17:15,7569.0,259786,7569.5,569830,211286,1113678,-902392,-310044,0.5
1900-01-24 08:17:30,7568.0,381540,7568.5,1181534,153887,432232,-278345,-799994,0.5
1900-01-24 08:17:45,7571.5,69955,7574.0,97807,388108,168048,220060,-27852,2.5
1900-01-24 08:18:00,7577.0,318853,7577.5,3240,82671,38914,43757,315613,0.5
1900-01-24 08:18:15,7578.0,455700,7578.5,614280,205852,65316,140536,-158580,0.5
1900-01-24 08:18:30,7579.5,372621,7580.0,685841,26544,8347,18197,-313220,0.5
1900-01-24 08:18:45,7580.5,690341,7581.0,146728,878812,6464,872348,543613,0.5
1900-01-24 08:19:00,7590.5,263093,7591.0,1001881,407723,5475,402248,-738788,0.5
1900-01-24 08:19:15,7593.0,721700,7593.5,49680,435140,51063,384077,672020,0.5
1900-01-24 08:19:30,7596.5,152189,7597.0,1024965,149746,52668,97078,-872776,0.5
1900-01-24 08:19:45,7596.5,81965,7597.0,1311373,108729,170880,-62151,-1229408,0.5
1900-01-24 08:20:00,7592.0,52994,7592.5,1249048,15998,55085,-39087,-1196054,0.5
1900-01-24 08:20:15,7592.0,6394,7592.5,106448,50612,141296,-90684,-100054,0.5
1900-01-24 08:20:30,7587.5,455716,7588.0,1125220,30900,41527,-10627,-669504,0.5
1900-01-24 08:20:45,7584.0,30996,7584.5,579757,36296,172995,-136699,-548761,0.5
1900-01-24 08:21:00,7581.5,627496,7582.0,294106,10188,66455,-56267,333390,0.5
1900-01-24 08:21:15,7584.0,681079,7584.5,400018,232426,10499,221927,281061,0.5
1900-01-24 08:21:30,7584.5,356575,7585.0,284435,3897,6708,-2811,72140,0.5
1900-01-24 08:21:45,7581.0,723869,7581.5,811218,30348,304434,-274086,-87349,0.5
1900-01-24 08:22:00,7575.0,572411,7575.5,721662,59397,664052,-604655,-149251,0.5
1900-01-24 08:22:15,7575.0,345555,7575.5,717609,190400,51958,138442,-372054,0.5
1900-01-24 08:22:30,7580.0,532998,7580.5,845233,55488,37900,17588,-312235,0.5
1900-01-24 08:22:45,7580.0,263593,7580.5,844930,101150,7445,93705,-581337,0.5
1900-01-24 08:23:00,7578.5,553573,7579.0,310978,26170,93608,-67438,242595,0.5
1900-01-24 08:23:15,7572.5,696206,7573.0,369481,36078,197647,-161569,326725,0.5
1900-01-24 08:23:30,7583.5,86847,7584.0,978855,290746,27397,263349,-892008,0.5
1900-01-24 08:23:45,7577.0,8081,7577.5,974916,1143,26301,-25158,-966835,0.5
1900-01-24 08:24:00,7576.0,24959,7576.5,6004182,4850,23063,-18213,-5979223,0.5
1900-01-24 08:24:15,7572.0,27765,7572.5,1019037,4008,253571,-249563,-991272,0.5
1900-01-24 08:24:30,7572.0,652450,7572.5,734016,19546,114857,-95311,-81566,0.5
1900-01-24 08:24:45,7572.0,28714,7572.5,1306605,21150,203533,-182383,-1277891,0.5
1900-01-24 08:25:00,7575.5,3600,7576.0,539,61792,87552,-25760,3061,0.5
1900-01-24 08:25:15,7580.0,537104,7580.5,623808,105772,36003,69769,-86704,0.5
1900-01-24 08:25:30,7584.5,29608,7585.0,1482005,63816,80464,-16648,-1452397,0.5
1900-01-24 08:25:45,7577.0,810548,7577.5,173893,135536,31049,104487,636655,0.5
1900-01-24 08:26:00,7582.0,259099,7582.5,595856,134979,8351,126628,-336757,0.5
1900-01-24 08:26:15,7586.0,696840,7586.5,496478,120268,11168,109100,200362,0.5
1900-01-24 08:26:30,7586.0,660898,7586.5,274091,44840,42234,2606,386807,0.5
1900-01-24 08:26:45,7588.5,571679,7589.0,597640,296614,215492,81122,-25961,0.5
1900-01-24 08:27:00,7588.5,1155426,7589.0,77036,123818,59507,64311,1078390,0.5
1900-01-24 08:27:15,7589.5,358410,7590.0,307806,98500,158539,-60039,50604,0.5
1900-01-24 08:27:30,7587.0,195541,7587.5,738441,8425,40647,-32222,-542900,0.5
1900-01-24 08:27:45,7587.0,219807,7587.5,927894,6202,59604,-53402,-708087,0.5
1900-01-24 08:28:00,7586.0,132243,7586.5,450354,18262,662442,-644180,-318111,0.5
1900-01-24 08:28:15,7583.5,328012,7584.0,942490,17419,11699,5720,-614478,0.5
1900-01-24 08:28:30,7577.5,9816,7578.0,1118500,5290,54885,-49595,-1108684,0.5
1900-01-24 08:28:45,7577.0,32389,7577.5,1253097,65243,18660,46583,-1220708,0.5
1900-01-24 08:29:00,7576.0,405052,7576.5,336104,224505,115923,108582,68948,0.5
1900-01-24 08:29:15,7568.0,4321,7568.5,194837,143531,300494,-156963,-190516,0.5
1900-01-24 08:29:30,7575.0,160100,7575.5,971893,294040,335079,-41039,-811793,0.5
1900-01-24 08:29:45,7570.0,757908,7570.5,507842,72878,119472,-46594,250066,0.5
1900-01-24 08:30:00,7573.0,322212,7573.5,264956,82343,33685,48658,57256,0.5
1900-01-24 08:30:15,7573.5,824125,7574.0,179337,37618,13626,23992,644788,0.5
1900-01-24 08:30:30,7567.0,3828382,7567.5,335649,21388,203379,-181991,3492733,0.5
1900-01-24 08:30:45,7566.0,552772,7566.5,43039,128762,187530,-58768,509733,0.5
1900-01-24 08:31:00,7572.0,192442,7572.5,502388,241265,67076,174189,-309946,0.5
1900-01-24 08:31:15,7577.5,544990,7578.0,705590,106586,38932,67654,-160600,0.5
1900-01-24 08:31:30,7577.0,412700,7577.5,782693,18855,136757,-117902,-369993,0.5
1900-01-24 08:31:45,7576.5,378775,7577.0,361707,7624,29058,-21434,17068,0.5
1900-01-24 08:32:00,7576.5,350000,7577.0,248675,60706,21153,39553,101325,0.5
1900-01-24 08:32:15,7578.0,726336,7578.5,55300,24812,8581,16231,671036,0.5
1900-01-24 08:32:30,7578.5,562494,7579.0,405508,50555,36409,14146,156986,0.5
1900-01-24 08:32:45,7574.5,509121,7575.0,633281,250932,33383,217549,-124160,0.5
1900-01-24 08:33:00,7574.5,612193,7575.0,93602,71228,3411,67817,518591,0.5
1900-01-24 08:33:15,7577.5,455911,7578.0,570649,62977,3841,59136,-114738,0.5
1900-01-24 08:33:30,7574.0,54864,7574.5,1494853,17018,14731,2287,-1439989,0.5
1900-01-24 08:33:45,7570.5,413673,7571.0,248553,82127,39710,42417,165120,0.5
1900-01-24 08:34:00,7570.0,95041,7570.5,1014119,14038,93023,-78985,-919078,0.5
1900-01-24 08:34:15,7537.0,112267,7547.0,10833,141407,1223290,-1081883,101434,10.0
1900-01-24 08:34:30,7552.0,386993,7552.5,165556,379975,554718,-174743,221437,0.5
1900-01-24 08:34:45,7552.5,20112,7553.0,529021,327442,197157,130285,-508909,0.5
1900-01-24 08:35:00,7560.5,75951,7561.0,954923,225059,88092,136967,-878972,0.5
1900-01-24 08:35:15,7561.0,271820,7561.5,1004793,74818,100089,-25271,-732973,0.5
1900-01-24 08:35:30,7558.0,811634,7558.5,237179,503800,178674,325126,574455,0.5
1900-01-24 08:35:45,7560.0,780969,7560.5,151857,192315,25491,166824,629112,0.5
1900-01-24 08:36:00,7562.5,1180517,7563.0,19574,97740,21950,75790,1160943,0.5
1900-01-24 08:36:15,7562.5,962933,7563.0,37510,362988,9459,353529,925423,0.5
1900-01-24 08:36:30,7567.0,1054693,7567.5,358974,405989,45755,360234,695719,0.5
1900-01-24 08:36:45,7567.0,145697,7567.5,1056728,166132,157001,9131,-911031,0.5
1900-01-24 08:37:00,7564.5,733123,7565.0,776306,26252,119529,-93277,-43183,0.5
1900-01-24 08:37:15,7561.0,660880,7561.5,390541,7906,206316,-198410,270339,0.5
1900-01-24 08:37:30,7561.5,873382,7562.0,572263,20084,20616,-532,301119,0.5
1900-01-24 08:37:45,7561.5,383397,7562.0,855347,15734,31995,-16261,-471950,0.5
1900-01-24 08:38:00,7567.5,1099824,7568.0,256634,332152,2529,329623,843190,0.5
1900-01-24 08:38:15,7571.5,1097656,7572.0,356752,441854,21476,420378,740904,0.5
1900-01-24 08:38:30,7573.0,1685150,7573.5,49725,206897,9800,197097,1635425,0.5
1900-01-24 08:38:45,7575.5,252438,7576.0,771531,206241,232134,-25893,-519093,0.5
1900-01-24 08:39:00,7574.5,722662,7575.0,767405,58090,162389,-104299,-44743,0.5
1900-01-24 08:39:15,7580.5,1040453,7581.0,63402,183085,113319,69766,977051,0.5
1900-01-24 08:39:30,7584.0,60468,7584.5,343317,284677,75443,209234,-282849,0.5
1900-01-24 08:39:45,7581.5,172734,7582.0,510754,47870,179483,-131613,-338020,0.5
1900-01-24 08:40:00,7581.5,219938,7582.0,839710,32303,49250,-16947,-619772,0.5
1900-01-24 08:40:15,7577.5,1144248,7578.0,172576,33233,71185,-37952,971672,0.5
1900-01-24 08:40:30,7581.5,991441,7582.0,207968,44944,21687,23257,783473,0.5
1900-01-24 08:40:45,7586.0,313777,7586.5,652287,33810,37386,-3576,-338510,0.5
1900-01-24 08:41:00,7586.0,47054,7586.5,985607,20820,33159,-12339,-938553,0.5
1900-01-24 08:41:15,7580.5,857782,7581.0,164847,13107,85522,-72415,692935,0.5
1900-01-24 08:41:30,7582.0,1327852,7582.5,21341,27002,38800,-11798,1306511,0.5
1900-01-24 08:41:45,7586.0,685289,7586.5,391359,23258,189704,-166446,293930,0.5
1900-01-24 08:42:00,7586.0,438692,7586.5,948715,65489,24098,41391,-510023,0.5
1900-01-24 08:42:15,7585.0,802335,7585.5,470082,27450,221884,-194434,332253,0.5
1900-01-24 08:42:30,7585.0,933114,7585.5,416338,109333,9564,99769,516776,0.5
1900-01-24 08:42:45,7589.0,265621,7589.5,18111,129243,11863,117380,247510,0.5
1900-01-24 08:43:00,7589.0,26876,7589.5,883537,75384,53213,22171,-856661,0.5
1900-01-24 08:43:15,7589.0,1057824,7589.5,43636,88719,142704,-53985,1014188,0.5
1900-01-24 08:43:30,7589.5,1399853,7590.0,335267,31962,6854,25108,1064586,0.5
1900-01-24 08:43:45,7591.0,209746,7591.5,169988,179963,19730,160233,39758,0.5
1900-01-24 08:44:00,7591.5,987854,7592.0,34464,134466,5195,129271,953390,0.5
1900-01-24 08:44:15,7592.5,295900,7593.0,295543,301365,87777,213588,357,0.5
1900-01-24 08:44:30,7591.5,34729,7592.0,732647,10844,65286,-54442,-697918,0.5
1900-01-24 08:44:45,7590.0,126188,7590.5,663497,11100,126399,-115299,-537309,0.5
1900-01-24 08:45:00,7585.5,162845,7586.0,623228,8945,154703,-145758,-460383,0.5
1900-01-24 08:45:15,7582.0,1844832,7582.5,40987,151572,127475,24097,1803845,0.5
1900-01-24 08:45:30,7582.0,107586,7582.5,614046,53444,124475,-71031,-506460,0.5
1900-01-24 08:45:45,7584.5,986432,7585.0,388145,60807,73471,-12664,598287,0.5
1900-01-24 08:46:00,7585.5,1053392,7586.0,34157,115319,6222,109097,1019235,0.5
1900-01-24 08:46:15,7585.5,1441820,7586.0,119682,59340,20018,39322,1322138,0.5
1900-01-24 08:46:30,7585.5,1838705,7586.0,57932,18033,3000,15033,1780773,0.5
1900-01-24 08:46:45,7587.5,1537060,7588.0,23548,155011,15000,140011,1513512,0.5
1900-01-24 08:47:00,7588.5,66037,7589.0,733347,116297,12724,103573,-667310,0.5
1900-01-24 08:47:15,7588.5,78786,7589.0,746754,1160,21790,-20630,-667968,0.5
1900-01-24 08:47:30,7586.5,2755,7587.0,722931,20193,59919,-39726,-720176,0.5
1900-01-24 08:47:45,7582.0,181203,7582.5,541529,8699,125867,-117168,-360326,0.5
1900-01-24 08:48:00,7582.0,678154,7582.5,287335,4000,120726,-116726,390819,0.5
1900-01-24 08:48:15,7582.0,165656,7582.5,795580,5692,66063,-60371,-629924,0.5
1900-01-24 08:48:30,7579.0,173697,7579.5,959467,6200,118354,-112154,-785770,0.5
1900-01-24 08:48:45,7578.0,365025,7578.5,616505,6160,22620,-16460,-251480,0.5
1900-01-24 08:49:00,7578.0,588259,7578.5,603984,7703,2950,4753,-15725,0.5
1900-01-24 08:49:15,7577.0,541453,7577.5,646232,4520,53932,-49412,-104779,0.5
1900-01-24 08:49:30,7577.0,827706,7577.5,224222,95079,13828,81251,603484,0.5
1900-01-24 08:49:45,7577.0,715977,7577.5,374935,23363,26364,-3001,341042,0.5
1900-01-24 08:50:00,7577.0,894143,7577.5,375162,69523,28121,41402,518981,0.5
1900-01-24 08:50:15,7577.0,907671,7577.5,262493,18081,1420,16661,645178,0.5
1900-01-24 08:50:30,7580.5,583363,7581.0,305041,19646,12194,7452,278322,0.5
1900-01-24 08:50:45,7580.5,912663,7581.0,286682,1212,27652,-26440,625981,0.5
1900-01-24 08:51:00,7580.5,1151106,7581.0,67712,27317,11050,16267,1083394,0.5
1900-01-24 08:51:15,7584.0,477072,7584.5,645381,47524,16272,31252,-168309,0.5
1900-01-24 08:51:30,7584.0,292920,7584.5,505902,113115,62061,51054,-212982,0.5
1900-01-24 08:51:45,7585.5,1376598,7586.0,5153,29866,14642,15224,1371445,0.5
1900-01-24 08:52:00,7587.0,1072104,7587.5,30256,7776,113,7663,1041848,0.5
1900-01-24 08:52:15,7590.5,246319,7591.0,638223,84455,25841,58614,-391904,0.5
1900-01-24 08:52:30,7590.5,569227,7591.0,164458,204370,1130,203240,404769,0.5
1900-01-24 08:52:45,7592.0,1290845,7592.5,10196,56507,11655,44852,1280649,0.5
1900-01-24 08:53:00,7592.0,256461,7592.5,768831,41168,11945,29223,-512370,0.5
1900-01-24 08:53:15,7590.5,428121,7591.0,612089,13927,182059,-168132,-183968,0.5
1900-01-24 08:53:30,7590.5,225014,7591.0,965586,11100,180429,-169329,-740572,0.5
1900-01-24 08:53:45,7582.0,109376,7582.5,429336,28059,274319,-246260,-319960,0.5
1900-01-24 08:54:00,7582.0,669212,7582.5,311540,96154,31145,65009,357672,0.5
1900-01-24 08:54:15,7582.0,356762,7582.5,751301,7650,12668,-5018,-394539,0.5
1900-01-24 08:54:30,7582.0,379298,7582.5,560890,137511,3063,134448,-181592,0.5
1900-01-24 08:54:45,7582.5,1378120,7583.0,3724,30076,22848,7228,1374396,0.5
1900-01-24 08:55:00,7583.5,1242701,7584.0,29554,42337,2368,39969,1213147,0.5
1900-01-24 08:55:15,7583.5,10675,7584.0,511757,40177,86396,-46219,-501082,0.5
1900-01-24 08:55:30,7585.0,574050,7585.5,479264,13520,24086,-10566,94786,0.5
1900-01-24 08:55:45,7583.5,842563,7584.0,993558,270,154979,-154709,-150995,0.5
1900-01-24 08:56:00,7583.5,824603,7584.0,974836,6844,40000,-33156,-150233,0.5
1900-01-24 08:56:15,7583.5,804903,7584.0,925076,53200,16500,36700,-120173,0.5
1900-01-24 08:56:30,7583.5,956099,7584.0,656403,65530,10804,54726,299696,0.5
1900-01-24 08:56:45,7585.0,1280342,7585.5,15764,50798,6720,44078,1264578,0.5
1900-01-24 08:57:00,7588.0,671355,7588.5,75063,9015,15500,-6485,596292,0.5
1900-01-24 08:57:15,7584.5,340163,7585.0,672053,911,283273,-282362,-331890,0.5
1900-01-24 08:57:30,7582.0,1925,7582.5,63481,8350,165216,-156866,-61556,0.5
1900-01-24 08:57:45,7570.5,252468,7571.0,11044,61167,388979,-327812,241424,0.5
1900-01-24 08:58:00,7574.5,1626,7575.0,572755,138282,32468,105814,-571129,0.5
1900-01-24 08:58:15,7572.5,891893,7573.0,305672,26260,261861,-235601,586221,0.5
1900-01-24 08:58:30,7572.5,880202,7573.0,273833,28460,4550,23910,606369,0.5
1900-01-24 08:58:45,7572.5,50491,7573.0,828206,137782,70664,67118,-777715,0.5
1900-01-24 08:59:00,7568.0,35156,7568.5,1094229,4160,162115,-157955,-1059073,0.5
1900-01-24 08:59:15,7565.0,139299,7565.5,1164623,9100,154120,-145020,-1025324,0.5
1900-01-24 08:59:30,7565.5,968527,7566.0,697596,489747,123135,366612,270931,0.5
1900-01-24 08:59:45,7566.5,205077,7567.0,796104,101949,23410,78539,-591027,0.5
1900-01-24 09:00:00,7566.5,791485,7567.0,435967,74386,59980,14406,355518,0.5
1900-01-24 09:00:15,7564.0,71728,7564.5,1150186,38860,223763,-184903,-1078458,0.5
1900-01-24 09:00:30,7562.0,1272,7562.5,1404636,9764,160387,-150623,-1403364,0.5
1900-01-24 09:00:45,7561.5,75046,7562.0,1340941,53945,118807,-64862,-1265895,0.5
1900-01-24 09:01:00,7560.0,631627,7560.5,230196,12397,67309,-54912,401431,0.5
1900-01-24 09:01:15,7561.0,43768,7561.5,885948,104946,144514,-39568,-842180,0.5
1900-01-24 09:01:30,7560.5,270311,7561.0,853211,58293,145827,-87534,-582900,0.5
1900-01-24 09:01:45,7557.5,12439,7558.0,1300056,23236,61016,-37780,-1287617,0.5
1900-01-24 09:02:00,7555.0,382722,7555.5,369105,75585,916639,-841054,13617,0.5
1900-01-24 09:02:15,7554.5,514983,7555.0,270352,74652,162656,-88004,244631,0.5
1900-01-24 09:02:30,7551.0,594193,7551.5,213563,38193,180620,-142427,380630,0.5
1900-01-24 09:02:45,7559.0,405122,7559.5,1214361,213852,139765,74087,-809239,0.5
1900-01-24 09:03:00,7562.5,256895,7563.0,33719,188256,7814,180442,223176,0.5
1900-01-24 09:03:15,7560.5,82661,7561.0,1193265,118723,39825,78898,-1110604,0.5
1900-01-24 09:03:30,7560.5,324785,7561.0,937608,12316,57888,-45572,-612823,0.5
1900-01-24 09:03:45,7559.5,10520,7560.0,1032323,13535,158467,-144932,-1021803,0.5
1900-01-24 09:04:00,7555.5,76873,7556.0,448566,32930,268139,-235209,-371693,0.5
1900-01-24 09:04:15,7555.0,76634,7555.5,869273,18571,81324,-62753,-792639,0.5
1900-01-24 09:04:30,7554.5,456542,7555.0,135806,13915,46386,-32471,320736,0.5
1900-01-24 09:04:45,7556.0,564758,7556.5,83437,40267,14525,25742,481321,0.5
1900-01-24 09:05:00,7550.0,678191,7550.5,449623,108564,333642,-225078,228568,0.5
1900-01-24 09:05:15,7553.5,502918,7554.0,239484,175937,25167,150770,263434,0.5
1900-01-24 09:05:30,7552.5,212017,7553.0,1137929,18846,114214,-95368,-925912,0.5
1900-01-24 09:05:45,7553.5,595442,7554.0,148684,34768,56236,-21468,446758,0.5
1900-01-24 09:06:00,7554.5,566281,7555.0,150415,223211,16553,206658,415866,0.5
1900-01-24 09:06:15,7561.5,114370,7562.0,870458,435558,16746,418812,-756088,0.5
1900-01-24 09:06:30,7562.0,813673,7562.5,9997,71430,40950,30480,803676,0.5
1900-01-24 09:06:45,7564.0,874768,7564.5,188784,260975,45215,215760,685984,0.5
1900-01-24 09:07:00,7564.0,956064,7564.5,164042,23188,7153,16035,792022,0.5
1900-01-24 09:07:15,7564.0,893825,7564.5,56457,15040,73005,-57965,837368,0.5
1900-01-24 09:07:30,7564.5,443449,7565.0,629797,99973,4837,95136,-186348,0.5
1900-01-24 09:07:45,7566.0,815500,7566.5,523476,29217,38683,-9466,292024,0.5
1900-01-24 09:08:00,7566.0,821270,7566.5,559304,77150,8450,68700,261966,0.5
1900-01-24 09:08:15,7565.0,1143322,7565.5,826947,7398,341790,-334392,316375,0.5
1900-01-24 09:08:30,7561.0,7659,7561.5,842725,2450,70529,-68079,-835066,0.5
1900-01-24 09:08:45,7552.5,907021,7553.0,249756,59216,344100,-284884,657265,0.5
1900-01-24 09:09:00,7554.5,686344,7555.0,546792,81430,71834,9596,139552,0.5
1900-01-24 09:09:15,7554.5,912345,7555.0,40794,149549,34154,115395,871551,0.5
1900-01-24 09:09:30,7550.0,449428,7550.5,672793,34703,381915,-347212,-223365,0.5
1900-01-24 09:09:45,7546.5,642217,7547.0,1500,49651,216070,-166419,640717,0.5
1900-01-24 09:10:00,7534.0,8802,7534.5,391939,50251,482623,-432372,-383137,0.5
1900-01-24 09:10:15,7517.5,156539,7518.0,19683,433912,4035844,-3601932,136856,0.5
1900-01-24 09:10:30,7529.5,520284,7530.0,66342,699894,340454,359440,453942,0.5
1900-01-24 09:10:45,7532.5,10938,7533.0,317992,151553,64547,87006,-307054,0.5
1900-01-24 09:11:00,7521.5,206200,7526.5,53108,232278,214887,17391,153092,5.0
1900-01-24 09:11:15,7526.0,791881,7526.5,462697,140269,172612,-32343,329184,0.5
1900-01-24 09:11:30,7527.0,1002867,7527.5,519057,235129,34430,200699,483810,0.5
1900-01-24 09:11:45,7521.0,12612,7521.5,715964,182528,569267,-386739,-703352,0.5
1900-01-24 09:12:00,7507.5,144661,7508.0,588193,78413,775193,-696780,-443532,0.5
1900-01-24 09:12:15,7511.5,47100,7512.0,257576,418572,567708,-149136,-210476,0.5
1900-01-24 09:12:30,7521.5,40000,7522.0,10515,847548,260601,586947,29485,0.5
1900-01-24 09:12:45,7525.5,80979,7526.0,118591,554380,194998,359382,-37612,0.5
1900-01-24 09:13:00,7515.0,200,7515.5,86163,68786,247116,-178330,-85963,0.5
1900-01-24 09:13:15,7512.0,116649,7512.5,73767,63301,118975,-55674,42882,0.5
1900-01-24 09:13:30,7501.0,390544,7501.5,380186,138032,631941,-493909,10358,0.5
1900-01-24 09:13:45,7485.5,220743,7486.5,1079304,309768,6254687,-5944919,-858561,1.0
1900-01-24 09:14:00,7460.0,320441,7470.0,7289,2526889,2918420,-391531,313152,10.0
1900-01-24 09:14:15,7488.5,34361,7489.0,4000,2396842,1391015,1005827,30361,0.5
1900-01-24 09:14:30,7500.0,817786,7500.5,435779,563637,788744,-225107,382007,0.5
1900-01-24 09:14:45,7509.0,80368,7510.0,152227,300232,2051199,-1750967,-71859,1.0
1900-01-24 09:15:00,7500.0,508173,7500.5,38500,258883,735689,-476806,469673,0.5
1900-01-24 09:15:15,7500.0,258767,7500.5,36142,256848,728118,-471270,222625,0.5
1900-01-24 09:15:30,7513.0,19235,7513.5,156700,425021,314360,110661,-137465,0.5
1900-01-24 09:15:45,7522.0,178240,7522.5,165831,233504,136297,97207,12409,0.5
1900-01-24 09:16:00,7512.0,28711,7514.0,101860,243552,634167,-390615,-73149,2.0
1900-01-24 09:16:15,7525.0,21661,7525.5,970,376734,317981,58753,20691,0.5
1900-01-24 09:16:30,7529.5,63700,7530.0,38331,186155,170540,15615,25369,0.5
1900-01-24 09:16:45,7542.5,442384,7543.0,902724,756003,326889,429114,-460340,0.5
1900-01-24 09:17:00,7539.0,60717,7540.0,92176,438003,196096,241907,-31459,1.0
1900-01-24 09:17:15,7536.5,359011,7537.0,240732,241199,205479,35720,118279,0.5
1900-01-24 09:17:30,7541.0,507434,7541.5,127288,117260,60681,56579,380146,0.5
1900-01-24 09:17:45,7540.0,264091,7540.5,434005,149910,109378,40532,-169914,0.5
1900-01-24 09:18:00,7533.5,416339,7534.0,6633,90515,128695,-38180,409706,0.5
1900-01-24 09:18:15,7528.5,105497,7529.0,428996,61680,448926,-387246,-323499,0.5
1900-01-24 09:18:30,7523.5,601978,7524.0,924841,58736,183696,-124960,-322863,0.5
1900-01-24 09:18:45,7517.5,915241,7518.0,285838,47042,187711,-140669,629403,0.5
1900-01-24 09:19:00,7530.0,497427,7530.5,530185,304733,212925,91808,-32758,0.5
1900-01-24 09:19:15,7530.0,957874,7530.5,216152,133243,209216,-75973,741722,0.5
1900-01-24 09:19:30,7533.0,789489,7533.5,175809,311777,104869,206908,613680,0.5
1900-01-24 09:19:45,7534.5,1181538,7535.0,1592142,260327,32437,227890,-410604,0.5
1900-01-24 09:20:00,7535.5,913492,7536.0,365358,1736158,16092,1720066,548134,0.5
1900-01-24 09:20:15,7531.0,351315,7531.5,424354,271784,178508,93276,-73039,0.5
1900-01-24 09:20:30,7531.0,24590,7531.5,1108079,27365,384435,-357070,-1083489,0.5
1900-01-24 09:20:45,7528.5,8959,7529.0,1327265,7690,34586,-26896,-1318306,0.5
1900-01-24 09:21:00,7528.5,12674,7529.0,1442747,13800,60492,-46692,-1430073,0.5
1900-01-24 09:21:15,7528.0,45929,7528.5,1306383,97749,32384,65365,-1260454,0.5
1900-01-24 09:21:30,7521.0,8499,7521.5,385480,2001,548123,-546122,-376981,0.5
1900-01-24 09:21:45,7519.5,705995,7520.0,125353,313035,135716,177319,580642,0.5
1900-01-24 09:22:00,7515.5,3041,7516.0,7560,88399,92467,-4068,-4519,0.5
1900-01-24 09:22:15,7516.5,595277,7517.0,310074,350359,119394,230965,285203,0.5
1900-01-24 09:22:30,7516.5,847441,7517.0,73479,290644,47750,242894,773962,0.5
1900-01-24 09:22:45,7515.0,27085,7515.5,1302080,277478,65256,212222,-1274995,0.5
1900-01-24 09:23:00,7514.5,620778,7515.0,220644,110405,142507,-32102,400134,0.5
1900-01-24 09:23:15,7514.5,36351,7515.0,1151875,42058,107179,-65121,-1115524,0.5
1900-01-24 09:23:30,7512.5,25903,7513.0,1450961,6605,166227,-159622,-1425058,0.5
1900-01-24 09:23:45,7510.0,82852,7510.5,1238079,55476,1085394,-1029918,-1155227,0.5
1900-01-24 09:24:00,7519.5,693877,7520.0,185060,165739,133080,32659,508817,0.5
1900-01-24 09:24:15,7521.5,426788,7522.0,327774,142978,13159,129819,99014,0.5
1900-01-24 09:24:30,7517.5,603441,7518.0,53481,69022,121242,-52220,549960,0.5
1900-01-24 09:24:45,7521.5,645284,7522.0,5766,73273,6722,66551,639518,0.5
1900-01-24 09:25:00,7523.0,190110,7523.5,989284,32086,87153,-55067,-799174,0.5
1900-01-24 09:25:15,7523.0,2334561,7523.5,39587,18267,79256,-60989,2294974,0.5
1900-01-24 09:25:30,7526.5,398,7527.0,799153,151236,188513,-37277,-798755,0.5
1900-01-24 09:25:45,7528.5,905145,7529.0,743137,79777,24846,54931,162008,0.5
1900-01-24 09:26:00,7528.5,23840,7529.0,1493353,31412,135126,-103714,-1469513,0.5
1900-01-24 09:26:15,7528.5,662591,7529.0,280223,39277,93717,-54440,382368,0.5
1900-01-24 09:26:30,7525.0,71553,7525.5,768235,19172,12928,6244,-696682,0.5
1900-01-24 09:26:45,7528.5,1335994,7529.0,153922,346128,113849,232279,1182072,0.5
1900-01-24 09:27:00,7528.5,423281,7529.0,585655,69873,48803,21070,-162374,0.5
1900-01-24 09:27:15,7526.0,5230,7526.5,588361,12821,147950,-135129,-583131,0.5
1900-01-24 09:27:30,7521.5,491349,7522.0,740639,7490,137665,-130175,-249290,0.5
1900-01-24 09:27:45,7517.5,19094,7518.0,177610,35836,81444,-45608,-158516,0.5
1900-01-24 09:28:00,7515.5,837134,7516.0,231414,37418,42569,-5151,605720,0.5
1900-01-24 09:28:15,7515.5,997875,7516.0,400685,265331,25226,240105,597190,0.5
1900-01-24 09:28:30,7515.5,870599,7516.0,485635,84195,3098,81097,384964,0.5
1900-01-24 09:28:45,7520.5,244,7521.0,306397,80932,52381,28551,-306153,0.5
1900-01-24 09:29:00,7518.5,582277,7519.0,293531,25060,62544,-37484,288746,0.5
1900-01-24 09:29:15,7518.5,1214278,7519.0,58479,74749,102735,-27986,1155799,0.5
1900-01-24 09:29:30,7520.5,1192253,7521.0,10679,131385,3521,127864,1181574,0.5
1900-01-24 09:29:45,7527.0,426793,7527.5,41439,42779,93084,-50305,385354,0.5
1900-01-24 09:30:00,7524.5,307,7525.0,669773,26698,73445,-46747,-669466,0.5
1900-01-24 09:30:15,7523.5,3192,7524.0,258974,87383,23448,63935,-255782,0.5
1900-01-24 09:30:30,7527.0,930698,7527.5,47808,31717,20485,11232,882890,0.5
1900-01-24 09:30:45,7523.0,1066226,7523.5,375832,16394,121098,-104704,690394,0.5
1900-01-24 09:31:00,7523.0,1088363,7523.5,311236,68840,10515,58325,777127,0.5
1900-01-24 09:31:15,7523.0,1085394,7523.5,193602,168822,14220,154602,891792,0.5
1900-01-24 09:31:30,7527.0,696140,7527.5,222598,25189,7536,17653,473542,0.5
1900-01-24 09:31:45,7529.5,982248,7530.0,262087,91189,84483,6706,720161,0.5
1900-01-24 09:32:00,7539.5,504982,7540.0,515821,446337,40835,405502,-10839,0.5
1900-01-24 09:32:15,7542.0,545294,7542.5,565016,191794,172461,19333,-19722,0.5
1900-01-24 09:32:30,7541.0,736561,7541.5,19,129814,54861,74953,736542,0.5
1900-01-24 09:32:45,7547.0,146461,7547.5,587776,197984,25977,172007,-441315,0.5
1900-01-24 09:33:00,7540.0,887153,7540.5,34411,130694,163556,-32862,852742,0.5
1900-01-24 09:33:15,7539.5,3217,7540.0,665845,154152,161105,-6953,-662628,0.5
1900-01-24 09:33:30,7540.0,903826,7540.5,12072,107674,2657,105017,891754,0.5
1900-01-24 09:33:45,7540.0,666433,7540.5,141167,25389,88084,-62695,525266,0.5
1900-01-24 09:34:00,7543.0,971998,7543.5,28397,30896,44823,-13927,943601,0.5
1900-01-24 09:34:15,7546.0,509342,7546.5,25425,82951,10871,72080,483917,0.5
1900-01-24 09:34:30,7546.5,1349494,7547.0,198020,169489,275,169214,1151474,0.5
1900-01-24 09:34:45,7546.5,622554,7547.0,533215,138950,73621,65329,89339,0.5
1900-01-24 09:35:00,7554.5,514504,7555.0,699075,379683,12201,367482,-184571,0.5
1900-01-24 09:35:15,7554.5,807088,7555.0,2070350,303099,136311,166788,-1263262,0.5
1900-01-24 09:35:30,7554.5,116112,7555.0,2626842,90662,279833,-189171,-2510730,0.5
1900-01-24 09:35:45,7553.0,19058,7553.5,346789,42320,399395,-357075,-327731,0.5
1900-01-24 09:36:00,7550.5,410915,7551.0,1675244,6681,114078,-107397,-1264329,0.5
1900-01-24 09:36:15,7550.5,817599,7551.0,29607,239698,206867,32831,787992,0.5
1900-01-24 09:36:30,7551.5,380235,7552.0,869643,143987,89921,54066,-489408,0.5
1900-01-24 09:36:45,7551.0,19522,7551.5,1478436,27299,65250,-37951,-1458914,0.5
1900-01-24 09:37:00,7547.0,1111788,7547.5,69289,33515,172900,-139385,1042499,0.5
1900-01-24 09:37:15,7546.5,62868,7547.0,336232,14513,16259,-1746,-273364,0.5
1900-01-24 09:37:30,7544.5,274818,7545.0,72466,21005,129295,-108290,202352,0.5
1900-01-24 09:37:45,7542.5,723596,7543.0,316125,6670,542035,-535365,407471,0.5
1900-01-24 09:38:00,7542.0,149212,7542.5,635902,11037,62674,-51637,-486690,0.5
1900-01-24 09:38:15,7542.0,1599394,7542.5,49173,45182,20772,24410,1550221,0.5
1900-01-24 09:38:30,7547.5,20737,7548.0,3081,97444,10040,87404,17656,0.5
1900-01-24 09:38:45,7549.5,372621,7550.0,586189,38737,57821,-19084,-213568,0.5
1900-01-24 09:39:00,7550.0,1195848,7550.5,40542,46606,38640,7966,1155306,0.5
1900-01-24 09:39:15,7550.5,1339213,7551.0,38458,114889,14343,100546,1300755,0.5
1900-01-24 09:39:30,7552.0,608182,7552.5,503206,59164,1059,58105,104976,0.5
1900-01-24 09:39:45,7552.0,83618,7552.5,1508218,36829,72284,-35455,-1424600,0.5
1900-01-24 09:40:00,7550.0,114959,7550.5,738325,43642,112581,-68939,-623366,0.5
1900-01-24 09:40:15,7544.0,75565,7544.5,769484,23940,14880,9060,-693919,0.5
1900-01-24 09:40:30,7545.5,269226,7546.0,616758,29379,9271,20108,-347532,0.5
1900-01-24 09:40:45,7545.5,657542,7546.0,187091,235601,215593,20008,470451,0.5
1900-01-24 09:41:00,7545.5,638156,7546.0,1069928,7540,42073,-34533,-431772,0.5
1900-01-24 09:41:15,7544.5,32735,7545.0,655538,70,50016,-49946,-622803,0.5
1900-01-24 09:41:30,7543.0,9575,7543.5,1112888,21552,15956,5596,-1103313,0.5
1900-01-24 09:41:45,7540.0,325337,7540.5,966311,1451,42907,-41456,-640974,0.5
1900-01-24 09:42:00,7533.5,188892,7534.0,404631,9893,76509,-66616,-215739,0.5
1900-01-24 09:42:15,7534.5,1144763,7535.0,164835,35436,79509,-44073,979928,0.5
1900-01-24 09:42:30,7534.0,736821,7534.5,713645,5359,30531,-25172,23176,0.5
1900-01-24 09:42:45,7534.0,715988,7534.5,628642,24573,25087,-514,87346,0.5
1900-01-24 09:43:00,7534.0,748184,7534.5,704954,5251,69737,-64486,43230,0.5
1900-01-24 09:43:15,7533.0,1062115,7533.5,120594,71740,111621,-39881,941521,0.5
1900-01-24 09:43:30,7534.5,1298971,7535.0,135850,156556,25062,131494,1163121,0.5
1900-01-24 09:43:45,7539.5,1047435,7540.0,436241,186261,30373,155888,611194,0.5
1900-01-24 09:44:00,7539.5,1041409,7540.0,86636,50853,21400,29453,954773,0.5
1900-01-24 09:44:15,7539.5,1394819,7540.0,74113,18030,7296,10734,1320706,0.5
1900-01-24 09:44:30,7539.5,934734,7540.0,672868,34237,14809,19428,261866,0.5
1900-01-24 09:44:45,7539.5,1501900,7540.0,41199,12135,12774,-639,1460701,0.5
1900-01-24 09:45:00,7546.0,640838,7546.5,350430,117477,17035,100442,290408,0.5
1900-01-24 09:45:15,7546.0,1806340,7546.5,70557,211908,14148,197760,1735783,0.5
1900-01-24 09:45:30,7547.5,1550269,7548.0,16752,106519,2120,104399,1533517,0.5
1900-01-24 09:45:45,7547.5,1888157,7548.0,804629,181953,2576,179377,1083528,0.5
1900-01-24 09:46:00,7547.5,2067141,7548.0,704924,101261,1910,99351,1362217,0.5
1900-01-24 09:46:15,7549.5,2089373,7550.0,85800,190761,3969,186792,2003573,0.5
1900-01-24 09:46:30,7552.5,1473098,7553.0,492548,131219,51006,80213,980550,0.5
1900-01-24 09:46:45,7553.5,1034264,7554.0,31777,100663,6361,94302,1002487,0.5
1900-01-24 09:47:00,7557.0,1214831,7557.5,949763,231043,16828,214215,265068,0.5
1900-01-24 09:47:15,7556.5,1516624,7557.0,79121,169296,99423,69873,1437503,0.5
1900-01-24 09:47:30,7556.5,1771774,7557.0,214972,58405,3000,55405,1556802,0.5
1900-01-24 09:47:45,7556.5,1912692,7557.0,155782,69164,38900,30264,1756910,0.5
1900-01-24 09:48:00,7558.5,800118,7559.0,24101,102424,22000,80424,776017,0.5
1900-01-24 09:48:15,7564.0,688751,7564.5,252498,554985,15616,539369,436253,0.5
1900-01-24 09:48:30,7569.0,1115377,7569.5,52122,384511,33609,350902,1063255,0.5
1900-01-24 09:48:45,7571.5,6315,7572.0,12150,381117,165174,215943,-5835,0.5
1900-01-24 09:49:00,7566.0,2401,7569.5,606358,87295,171479,-84184,-603957,3.5
1900-01-24 09:49:15,7566.0,613942,7566.5,437161,83922,158862,-74940,176781,0.5
1900-01-24 09:49:30,7567.0,65910,7567.5,880730,58287,47688,10599,-814820,0.5
1900-01-24 09:49:45,7564.0,382199,7564.5,966824,9500,123448,-113948,-584625,0.5
1900-01-24 09:50:00,7564.0,206169,7564.5,1264778,1247,54994,-53747,-1058609,0.5
1900-01-24 09:50:15,7559.0,142120,7559.5,955777,33799,190618,-156819,-813657,0.5
1900-01-24 09:50:30,7559.0,678333,7559.5,639681,20832,113570,-92738,38652,0.5
1900-01-24 09:50:45,7559.0,940183,7559.5,511084,33548,8573,24975,429099,0.5
1900-01-24 09:51:00,7561.5,1019050,7562.0,28097,206848,41780,165068,990953,0.5
1900-01-24 09:51:15,7564.5,1605280,7565.0,15148,108121,38027,70094,1590132,0.5
1900-01-24 09:51:30,7566.5,461472,7567.0,324950,12058,22883,-10825,136522,0.5
1900-01-24 09:51:45,7566.5,1361056,7567.0,55663,62721,46800,15921,1305393,0.5
1900-01-24 09:52:00,7569.0,952392,7569.5,65275,59554,97521,-37967,887117,0.5
1900-01-24 09:52:15,7569.5,1672879,7570.0,140912,200805,25000,175805,1531967,0.5
1900-01-24 09:52:30,7574.5,579239,7575.0,276930,258177,990,257187,302309,0.5
1900-01-24 09:52:45,7574.5,614261,7575.0,513187,152228,27787,124441,101074,0.5
1900-01-24 09:53:00,7574.5,582090,7575.0,586857,45188,50528,-5340,-4767,0.5
1900-01-24 09:53:15,7571.0,6293,7571.5,508328,42222,757591,-715369,-502035,0.5
1900-01-24 09:53:30,7569.0,104180,7569.5,896698,18783,67932,-49149,-792518,0.5
1900-01-24 09:53:45,7569.0,159674,7569.5,791049,53803,66401,-12598,-631375,0.5
1900-01-24 09:54:00,7567.0,1341758,7567.5,128157,32676,28864,3812,1213601,0.5
1900-01-24 09:54:15,7567.0,103300,7567.5,988524,239995,54141,185854,-885224,0.5
1900-01-24 09:54:30,7565.5,241666,7566.0,716205,8771,176400,-167629,-474539,0.5
1900-01-24 09:54:45,7565.5,964175,7566.0,112229,25137,23053,2084,851946,0.5
1900-01-24 09:55:00,7565.0,1054967,7565.5,788045,33184,164312,-131128,266922,0.5
1900-01-24 09:55:15,7560.5,1359,7561.0,297214,33739,69564,-35825,-295855,0.5
1900-01-24 09:55:30,7560.5,420974,7561.0,774038,34183,61976,-27793,-353064,0.5
1900-01-24 09:55:45,7560.5,445675,7561.0,999900,56365,33589,22776,-554225,0.5
1900-01-24 09:56:00,7560.5,4894,7561.0,1073077,18459,80427,-61968,-1068183,0.5
1900-01-24 09:56:15,7560.5,1085292,7561.0,62457,133853,61776,72077,1022835,0.5
1900-01-24 09:56:30,7561.5,1045314,7562.0,38458,95163,37329,57834,1006856,0.5
1900-01-24 09:56:45,7563.5,385157,7564.0,1065057,40286,32660,7626,-679900,0.5
1900-01-24 09:57:00,7564.0,1305719,7564.5,48417,146903,15510,131393,1257302,0.5
1900-01-24 09:57:15,7564.5,1444437,7565.0,311551,163899,1411,162488,1132886,0.5
1900-01-24 09:57:30,7568.5,246506,7569.0,320323,218074,1703,216371,-73817,0.5
1900-01-24 09:57:45,7574.5,360482,7575.0,70690,130110,5599,124511,289792,0.5
1900-01-24 09:58:00,7578.0,640718,7578.5,466948,125167,33747,91420,173770,0.5
1900-01-24 09:58:15,7579.5,428541,7580.0,677106,445919,5711,440208,-248565,0.5
1900-01-24 09:58:30,7579.5,1070750,7580.0,13141,102233,11171,91062,1057609,0.5
1900-01-24 09:58:45,7582.0,414954,7582.5,352858,265592,19369,246223,62096,0.5
1900-01-24 09:59:00,7582.0,75637,7582.5,598579,36753,187648,-150895,-522942,0.5
1900-01-24 09:59:15,7580.0,1228122,7580.5,495726,8848,113268,-104420,732396,0.5
1900-01-24 09:59:30,7584.5,460806,7585.0,214498,316773,195714,121059,246308,0.5
1900-01-24 09:59:45,7583.0,943846,7583.5,71318,155987,20736,135251,872528,0.5
1900-01-24 10:00:00,7583.5,93576,7584.0,31171,55506,11416,44090,62405,0.5
1900-01-24 10:00:15,7585.0,347439,7585.5,603939,215566,32115,183451,-256500,0.5
1900-01-24 10:00:30,7584.5,365031,7585.0,172062,88188,453751,-365563,192969,0.5
1900-01-24 10:00:45,7586.0,1291613,7586.5,62463,86181,88246,-2065,1229150,0.5
1900-01-24 10:01:00,7587.5,1464422,7588.0,275065,708773,48846,659927,1189357,0.5
1900-01-24 10:01:15,7602.5,757087,7603.0,494060,2139989,23205,2116784,263027,0.5
1900-01-24 10:01:30,7602.5,803333,7603.0,22972,356261,199915,156346,780361,0.5
1900-01-24 10:01:45,7592.0,33432,7592.5,1262591,103280,225955,-122675,-1229159,0.5
1900-01-24 10:02:00,7594.0,1368495,7594.5,247212,126187,173040,-46853,1121283,0.5
1900-01-24 10:02:15,7590.0,183406,7590.5,311531,137577,366755,-229178,-128125,0.5
1900-01-24 10:02:30,7589.0,114273,7589.5,678506,17955,222259,-204304,-564233,0.5
1900-01-24 10:02:45,7587.0,7094,7587.5,606475,26357,137854,-111497,-599381,0.5
1900-01-24 10:03:00,7582.5,1836982,7583.0,51118,31627,133245,-101618,1785864,0.5
1900-01-24 10:03:15,7583.5,795615,7584.0,194893,71700,24929,46771,600722,0.5
1900-01-24 10:03:30,7586.0,1594059,7586.5,9426,178964,18234,160730,1584633,0.5
1900-01-24 10:03:45,7589.5,1257096,7590.0,144522,84859,19503,65356,1112574,0.5
1900-01-24 10:04:00,7589.5,1432841,7590.0,46163,264496,43880,220616,1386678,0.5
1900-01-24 10:04:15,7589.5,320130,7590.0,328007,256500,36830,219670,-7877,0.5
1900-01-24 10:04:30,7583.0,88917,7583.5,610760,136803,71090,65713,-521843,0.5
1900-01-24 10:04:45,7583.0,58644,7583.5,599154,105485,119957,-14472,-540510,0.5
1900-01-24 10:05:00,7583.0,1080684,7583.5,208145,42088,133317,-91229,872539,0.5
1900-01-24 10:05:15,7588.0,585,7588.5,644754,130074,126521,3553,-644169,0.5
1900-01-24 10:05:30,7582.5,214943,7583.0,917480,21015,110181,-89166,-702537,0.5
1900-01-24 10:05:45,7580.5,198036,7581.0,1050433,1791,143361,-141570,-852397,0.5
1900-01-24 10:06:00,7575.0,1530926,7575.5,50484,27316,198609,-171293,1480442,0.5
1900-01-24 10:06:15,7575.0,1262943,7575.5,270363,101711,202122,-100411,992580,0.5
1900-01-24 10:06:30,7575.0,2019262,7575.5,103942,42617,34284,8333,1915320,0.5
1900-01-24 10:06:45,7575.0,2158138,7575.5,21656,38166,80361,-42195,2136482,0.5
1900-01-24 10:07:00,7575.5,1396414,7576.0,118712,88903,26014,62889,1277702,0.5
1900-01-24 10:07:15,7575.5,1700706,7576.0,142462,49661,10,49651,1558244,0.5
1900-01-24 10:07:30,7581.0,1749546,7581.5,27726,33124,6229,26895,1721820,0.5
1900-01-24 10:07:45,7584.5,638713,7585.0,580020,196522,16692,179830,58693,0.5
1900-01-24 10:08:00,7585.0,828670,7585.5,382126,7476,45442,-37966,446544,0.5
1900-01-24 10:08:15,7585.0,474314,7585.5,1057846,59826,107759,-47933,-583532,0.5
1900-01-24 10:08:30,7577.0,1851326,7577.5,427984,827,179362,-178535,1423342,0.5
1900-01-24 10:08:45,7577.0,2066933,7577.5,140055,11002,91569,-80567,1926878,0.5
1900-01-24 10:09:00,7578.0,1417979,7578.5,170422,56757,35940,20817,1247557,0.5
1900-01-24 10:09:15,7578.5,767293,7579.0,263382,78482,6706,71776,503911,0.5
1900-01-24 10:09:30,7583.5,526326,7584.0,389426,65763,81679,-15916,136900,0.5
1900-01-24 10:09:45,7583.5,820925,7584.0,933997,14302,281549,-267247,-113072,0.5
1900-01-24 10:10:00,7585.0,1572040,7585.5,12100,74300,7033,67267,1559940,0.5
1900-01-24 10:10:15,7587.0,373314,7587.5,106483,204761,21700,183061,266831,0.5
1900-01-24 10:10:30,7587.0,133908,7587.5,549740,113711,58587,55124,-415832,0.5
1900-01-24 10:10:45,7587.0,390848,7587.5,415465,8811,46999,-38188,-24617,0.5
1900-01-24 10:11:00,7587.0,802305,7587.5,73542,12443,33100,-20657,728763,0.5
1900-01-24 10:11:15,7587.0,560794,7587.5,72970,4765,80151,-75386,487824,0.5
1900-01-24 10:11:30,7587.0,255636,7587.5,622089,19500,19350,150,-366453,0.5
1900-01-24 10:11:45,7589.5,1479135,7590.0,3247,135894,75096,60798,1475888,0.5
1900-01-24 10:12:00,7593.5,549769,7594.0,154765,62601,4380,58221,395004,0.5
1900-01-24 10:12:15,7593.5,965820,7594.0,59291,64882,30269,34613,906529,0.5
1900-01-24 10:12:30,7593.5,848159,7594.0,269085,10993,31735,-20742,579074,0.5
1900-01-24 10:12:45,7593.5,770962,7594.0,574861,5912,16825,-10913,196101,0.5
1900-01-24 10:13:00,7590.0,989942,7590.5,404091,7968,296378,-288410,585851,0.5
1900-01-24 10:13:15,7590.0,1006087,7590.5,27380,81147,143877,-62730,978707,0.5
1900-01-24 10:13:30,7590.0,1357249,7590.5,99504,18556,89500,-70944,1257745,0.5
1900-01-24 10:13:45,7590.5,1278478,7591.0,9996,92916,12297,80619,1268482,0.5
1900-01-24 10:14:00,7591.5,2099677,7592.0,12624,32169,57010,-24841,2087053,0.5
1900-01-24 10:14:15,7594.0,284840,7594.5,493105,417288,28232,389056,-208265,0.5
1900-01-24 10:14:30,7594.0,1319490,7594.5,114316,98095,31913,66182,1205174,0.5
1900-01-24 10:14:45,7594.5,1354795,7595.0,423919,1076454,1500,1074954,930876,0.5
1900-01-24 10:15:00,7601.5,881445,7602.0,92413,515688,10578,505110,789032,0.5
1900-01-24 10:15:15,7603.0,21619,7603.5,540462,514811,70729,444082,-518843,0.5
1900-01-24 10:15:30,7600.5,1395065,7601.0,157114,149194,235824,-86630,1237951,0.5
1900-01-24 10:15:45,7608.5,1156357,7609.0,56200,223035,65935,157100,1100157,0.5
1900-01-24 10:16:00,7629.5,9500,7630.0,227907,1698562,31148,1667414,-218407,0.5
1900-01-24 10:16:15,7623.5,57038,7624.0,891844,311102,214917,96185,-834806,0.5
1900-01-24 10:16:30,7617.5,1042388,7618.0,287104,242664,352220,-109556,755284,0.5
1900-01-24 10:16:45,7616.0,88042,7616.5,853813,88238,164271,-76033,-765771,0.5
1900-01-24 10:17:00,7616.0,457310,7616.5,614112,142515,202242,-59727,-156802,0.5
1900-01-24 10:17:15,7615.0,1101823,7615.5,341244,107630,337574,-229944,760579,0.5
1900-01-24 10:17:30,7615.0,710646,7615.5,716194,172095,176537,-4442,-5548,0.5
1900-01-24 10:17:45,7615.0,547175,7615.5,537488,24481,319910,-295429,9687,0.5
1900-01-24 10:18:00,7611.5,3963,7612.0,800690,28506,496636,-468130,-796727,0.5
1900-01-24 10:18:15,7607.5,26243,7608.0,1001920,63598,99903,-36305,-975677,0.5
1900-01-24 10:18:30,7603.5,4283,7604.0,572713,21740,278407,-256667,-568430,0.5
1900-01-24 10:18:45,7601.0,968933,7601.5,535504,5756,201578,-195822,433429,0.5
1900-01-24 10:19:00,7600.0,631976,7600.5,816107,16646,171727,-155081,-184131,0.5
1900-01-24 10:19:15,7598.5,158288,7599.0,1250993,11428,655351,-643923,-1092705,0.5
1900-01-24 10:19:30,7597.5,333453,7598.0,1200932,2631,255115,-252484,-867479,0.5
1900-01-24 10:19:45,7597.5,287174,7598.0,1362548,51440,26433,25007,-1075374,0.5
1900-01-24 10:20:00,7586.5,73009,7587.0,226619,4537,480391,-475854,-153610,0.5
1900-01-24 10:20:15,7588.5,877036,7589.0,210098,186819,403536,-216717,666938,0.5
1900-01-24 10:20:30,7588.0,22755,7588.5,1269055,51599,53186,-1587,-1246300,0.5
1900-01-24 10:20:45,7586.0,6727,7586.5,1555986,15163,93032,-77869,-1549259,0.5
1900-01-24 10:21:00,7586.0,359933,7586.5,578737,36688,11862,24826,-218804,0.5
1900-01-24 10:21:15,7587.0,789031,7587.5,380902,115430,16460,98970,408129,0.5
1900-01-24 10:21:30,7587.0,833890,7587.5,126724,110031,115831,-5800,707166,0.5
1900-01-24 10:21:45,7587.0,942166,7587.5,147642,204188,9379,194809,794524,0.5
1900-01-24 10:22:00,7588.5,689801,7589.0,292242,76885,5590,71295,397559,0.5
1900-01-24 10:22:15,7588.5,394372,7589.0,318892,24651,260787,-236136,75480,0.5
1900-01-24 10:22:30,7588.5,916380,7589.0,82173,66208,11896,54312,834207,0.5
1900-01-24 10:22:45,7588.5,726064,7589.0,270808,186736,8551,178185,455256,0.5
1900-01-24 10:23:00,7588.5,334842,7589.0,775623,15251,1793,13458,-440781,0.5
1900-01-24 10:23:15,7587.0,80007,7587.5,691202,17453,175392,-157939,-611195,0.5
1900-01-24 10:23:30,7586.0,499178,7586.5,227896,24001,36838,-12837,271282,0.5
1900-01-24 10:23:45,7586.0,29627,7586.5,748022,12739,59863,-47124,-718395,0.5
1900-01-24 10:24:00,7588.5,471039,7589.0,357264,120832,22085,98747,113775,0.5
1900-01-24 10:24:15,7588.5,866310,7589.0,106503,60146,24083,36063,759807,0.5
1900-01-24 10:24:30,7589.5,1163957,7590.0,147733,118126,248,117878,1016224,0.5
1900-01-24 10:24:45,7590.5,1220152,7591.0,98342,77755,11230,66525,1121810,0.5
1900-01-24 10:25:00,7592.0,1205769,7592.5,127766,102657,214,102443,1078003,0.5
1900-01-24 10:25:15,7593.0,1100388,7593.5,115261,218893,8642,210251,985127,0.5
1900-01-24 10:25:30,7593.0,236620,7593.5,609134,76960,11307,65653,-372514,0.5
1900-01-24 10:25:45,7591.5,48139,7592.0,1402909,1545,51348,-49803,-1354770,0.5
1900-01-24 10:26:00,7588.5,270485,7589.0,601832,17461,83560,-66099,-331347,0.5
1900-01-24 10:26:15,7588.5,622701,7589.0,473424,22623,11430,11193,149277,0.5
1900-01-24 10:26:30,7586.5,73328,7587.0,723874,82547,152827,-70280,-650546,0.5
1900-01-24 10:26:45,7584.5,19374,7585.0,467929,4545,555899,-551354,-448555,0.5
1900-01-24 10:27:00,7582.5,568167,7583.0,410414,24692,84407,-59715,157753,0.5
1900-01-24 10:27:15,7582.5,1043222,7583.0,184401,44292,37137,7155,858821,0.5
1900-01-24 10:27:30,7584.5,824112,7585.0,4024,141118,2071,139047,820088,0.5
1900-01-24 10:27:45,7584.5,735871,7585.0,72933,14170,3821,10349,662938,0.5
1900-01-24 10:28:00,7584.5,603421,7585.0,706497,11000,55250,-44250,-103076,0.5
1900-01-24 10:28:15,7584.5,255981,7585.0,588638,53922,21682,32240,-332657,0.5
1900-01-24 10:28:30,7587.0,756803,7587.5,76811,46048,101728,-55680,679992,0.5
1900-01-24 10:28:45,7588.0,695821,7588.5,13705,30508,33834,-3326,682116,0.5
1900-01-24 10:29:00,7589.5,506439,7590.0,674055,12734,3130,9604,-167616,0.5
1900-01-24 10:29:15,7589.5,616031,7590.0,772315,1004,55903,-54899,-156284,0.5
1900-01-24 10:29:30,7594.5,197609,7595.0,86487,249119,99,249020,111122,0.5
1900-01-24 10:29:45,7595.5,359650,7596.0,893160,80232,1794,78438,-533510,0.5
1900-01-24 10:30:00,7598.5,1412891,7599.0,447581,199248,4825,194423,965310,0.5
1900-01-24 10:30:15,7601.0,683490,7601.5,576692,195880,15201,180679,106798,0.5
1900-01-24 10:30:30,7604.0,319382,7604.5,69406,230177,23172,207005,249976,0.5
1900-01-24 10:30:45,7601.0,24608,7601.5,503627,55729,44634,11095,-479019,0.5
1900-01-24 10:31:00,7601.0,83971,7601.5,1080352,9842,161208,-151366,-996381,0.5
1900-01-24 10:31:15,7596.5,371854,7597.0,9117,46737,195377,-148640,362737,0.5
1900-01-24 10:31:30,7598.0,1152913,7598.5,27761,22437,28326,-5889,1125152,0.5
1900-01-24 10:31:45,7598.0,1180060,7598.5,87815,49852,1411,48441,1092245,0.5
1900-01-24 10:32:00,7601.5,1307453,7602.0,138536,91922,7033,84889,1168917,0.5
1900-01-24 10:32:15,7602.0,1149570,7602.5,32283,98868,6594,92274,1117287,0.5
1900-01-24 10:32:30,7602.5,1155505,7603.0,214519,77664,2947,74717,940986,0.5
1900-01-24 10:32:45,7606.5,6348,7607.0,185670,124689,938,123751,-179322,0.5
1900-01-24 10:33:00,7606.5,292090,7607.0,564610,332201,5700,326501,-272520,0.5
1900-01-24 10:33:15,7606.5,367196,7607.0,546916,159565,21752,137813,-179720,0.5
1900-01-24 10:33:30,7606.5,240967,7607.0,584700,14841,101559,-86718,-343733,0.5
1900-01-24 10:33:45,7604.0,139,7604.5,838195,35020,65681,-30661,-838056,0.5
1900-01-24 10:34:00,7603.0,11054,7603.5,908433,6777,135440,-128663,-897379,0.5
1900-01-24 10:34:15,7602.5,35073,7603.0,1453874,1638,42861,-41223,-1418801,0.5
1900-01-24 10:34:30,7600.0,597362,7600.5,943649,1110,109009,-107899,-346287,0.5
1900-01-24 10:34:45,7600.0,1160870,7600.5,331602,103199,76981,26218,829268,0.5
1900-01-24 10:35:00,7600.0,981818,7600.5,215797,166994,26848,140146,766021,0.5
1900-01-24 10:35:15,7599.5,28360,7600.0,1258348,29445,132485,-103040,-1229988,0.5
1900-01-24 10:35:30,7594.5,161273,7595.0,1244871,15741,167512,-151771,-1083598,0.5
1900-01-24 10:35:45,7591.5,35531,7592.0,27792,10760,80423,-69663,7739,0.5
1900-01-24 10:36:00,7590.5,287746,7591.0,1042062,1020,247886,-246866,-754316,0.5
1900-01-24 10:36:15,7590.0,116918,7590.5,992627,11600,281637,-270037,-875709,0.5
1900-01-24 10:36:30,7588.0,741460,7588.5,50873,21018,120141,-99123,690587,0.5
1900-01-24 10:36:45,7588.0,1502156,7588.5,224,64048,136112,-72064,1501932,0.5
1900-01-24 10:37:00,7589.5,504927,7590.0,275252,57905,80731,-22826,229675,0.5
1900-01-24 10:37:15,7590.0,1303554,7590.5,2879,47219,135080,-87861,1300675,0.5
1900-01-24 10:37:30,7591.5,359566,7592.0,549277,8832,95671,-86839,-189711,0.5
1900-01-24 10:37:45,7591.0,82119,7591.5,1619903,35410,33702,1708,-1537784,0.5
1900-01-24 10:38:00,7590.5,44296,7591.0,1358501,22762,9812,12950,-1314205,0.5
1900-01-24 10:38:15,7590.5,227519,7591.0,1103228,54934,14383,40551,-875709,0.5
1900-01-24 10:38:30,7590.5,884356,7591.0,118927,17465,6,17459,765429,0.5
1900-01-24 10:38:45,7590.5,1077944,7591.0,97785,24559,5902,18657,980159,0.5
1900-01-24 10:39:00,7590.5,1568642,7591.0,48159,15936,5162,10774,1520483,0.5
1900-01-24 10:39:15,7591.0,1390479,7591.5,70616,107413,9232,98181,1319863,0.5
1900-01-24 10:39:30,7592.0,30900,7592.5,1216893,29147,1035,28112,-1185993,0.5
1900-01-24 10:39:45,7591.0,49034,7591.5,1334388,14026,42694,-28668,-1285354,0.5
1900-01-24 10:40:00,7589.5,698488,7590.0,1171505,116,162037,-161921,-473017,0.5
1900-01-24 10:40:15,7589.5,1989042,7590.0,1122020,2017,118071,-116054,867022,0.5
1900-01-24 10:40:30,7589.5,2004977,7590.0,747277,3780,6024,-2244,1257700,0.5
1900-01-24 10:40:45,7589.5,2005182,7590.0,906317,3101,1134,1967,1098865,0.5
1900-01-24 10:41:00,7589.5,2005542,7590.0,853169,3673,4014,-341,1152373,0.5
1900-01-24 10:41:15,7591.0,754730,7591.5,119798,169626,11033,158593,634932,0.5
1900-01-24 10:41:30,7594.0,151433,7594.5,1182983,49125,24503,24622,-1031550,0.5
1900-01-24 10:41:45,7594.0,40982,7594.5,1346353,7322,163736,-156414,-1305371,0.5
1900-01-24 10:42:00,7591.5,1616302,7592.0,1153777,1205,10859,-9654,462525,0.5
1900-01-24 10:42:15,7591.5,1431620,7592.0,1225873,39041,13620,25421,205747,0.5
1900-01-24 10:42:30,7591.5,2127177,7592.0,1081814,18317,10267,8050,1045363,0.5
1900-01-24 10:42:45,7591.5,2312311,7592.0,1097061,27529,111,27418,1215250,0.5
1900-01-24 10:43:00,7591.5,2885516,7592.0,852444,2871,20048,-17177,2033072,0.5
1900-01-24 10:43:15,7591.5,2978958,7592.0,594211,11154,6207,4947,2384747,0.5
1900-01-24 10:43:30,7596.0,1019567,7596.5,46405,432554,14646,417908,973162,0.5
1900-01-24 10:43:45,7602.0,1301143,7602.5,55517,117436,3479,113957,1245626,0.5
1900-01-24 10:44:00,7605.5,64205,7606.0,1357929,460373,1634,458739,-1293724,0.5
1900-01-24 10:44:15,7605.5,267636,7606.0,1183423,120015,48478,71537,-915787,0.5
1900-01-24 10:44:30,7603.5,231,7604.0,826638,50510,63996,-13486,-826407,0.5
1900-01-24 10:44:45,7607.5,863213,7608.0,97319,132399,60267,72132,765894,0.5
1900-01-24 10:45:00,7607.5,653569,7608.0,338962,60892,51315,9577,314607,0.5
1900-01-24 10:45:15,7610.5,517161,7611.0,161309,141151,60,141091,355852,0.5
1900-01-24 10:45:30,7614.0,298236,7614.5,1047005,162264,32628,129636,-748769,0.5
1900-01-24 10:45:45,7614.0,274638,7614.5,1146628,40428,57806,-17378,-871990,0.5
1900-01-24 10:46:00,7614.0,180014,7614.5,1074244,35610,60100,-24490,-894230,0.5
1900-01-24 10:46:15,7614.0,81247,7614.5,1093616,61599,122286,-60687,-1012369,0.5
1900-01-24 10:46:30,7614.0,550002,7614.5,703852,19374,37144,-17770,-153850,0.5
1900-01-24 10:46:45,7611.5,1222671,7612.0,437034,27726,75858,-48132,785637,0.5
1900-01-24 10:47:00,7611.5,1365457,7612.0,403129,51019,17361,33658,962328,0.5
1900-01-24 10:47:15,7611.5,129549,7612.0,1116589,108800,7870,100930,-987040,0.5
1900-01-24 10:47:30,7611.5,48738,7612.0,1160835,21436,58132,-36696,-1112097,0.5
1900-01-24 10:47:45,7611.0,503711,7611.5,812302,3791,39853,-36062,-308591,0.5
1900-01-24 10:48:00,7611.0,661348,7611.5,434416,2013,317719,-315706,226932,0.5
1900-01-24 10:48:15,7610.5,14881,7611.0,831852,24244,119698,-95454,-816971,0.5
1900-01-24 10:48:30,7610.0,489489,7610.5,807923,71539,39739,31800,-318434,0.5
1900-01-24 10:48:45,7608.0,512592,7608.5,798364,44511,48236,-3725,-285772,0.5
1900-01-24 10:49:00,7604.0,62515,7604.5,622148,23166,73530,-50364,-559633,0.5
1900-01-24 10:49:15,7604.0,410400,7604.5,821377,47638,41827,5811,-410977,0.5
1900-01-24 10:49:30,7604.0,1001392,7604.5,418058,23437,45847,-22410,583334,0.5
1900-01-24 10:49:45,7604.0,1857300,7604.5,74203,41671,24532,17139,1783097,0.5
1900-01-24 10:50:00,7609.0,928315,7609.5,392613,86488,1357,85131,535702,0.5
1900-01-24 10:50:15,7609.0,1217219,7609.5,448535,63828,11380,52448,768684,0.5
1900-01-24 10:50:30,7609.0,1809651,7609.5,77750,14043,6517,7526,1731901,0.5
1900-01-24 10:50:45,7611.0,1959695,7611.5,65222,203242,1599,201643,1894473,0.5
1900-01-24 10:51:00,7614.5,1045372,7615.0,125171,96687,3247,93440,920201,0.5
1900-01-24 10:51:15,7615.0,1719433,7615.5,107196,78669,45996,32673,1612237,0.5
1900-01-24 10:51:30,7611.0,592175,7611.5,133241,78802,30957,47845,458934,0.5
1900-01-24 10:51:45,7611.0,1575831,7611.5,23413,76586,36517,40069,1552418,0.5
1900-01-24 10:52:00,7617.0,955757,7617.5,851772,17146,34354,-17208,103985,0.5
1900-01-24 10:52:15,7617.5,1306351,7618.0,57654,207666,24168,183498,1248697,0.5
1900-01-24 10:52:30,7617.5,1507559,7618.0,29694,32931,42091,-9160,1477865,0.5
1900-01-24 10:52:45,7619.5,2233503,7620.0,21431,890624,30008,860616,2212072,0.5
1900-01-24 10:53:00,7629.5,758280,7630.0,336208,493189,22921,470268,422072,0.5
1900-01-24 10:53:15,7621.0,1049200,7621.5,56114,165517,247474,-81957,993086,0.5
1900-01-24 10:53:30,7637.5,176093,7638.0,378452,1136565,182880,953685,-202359,0.5
1900-01-24 10:53:45,7644.5,428183,7645.0,222200,1263230,76935,1186295,205983,0.5
1900-01-24 10:54:00,7635.0,1105965,7635.5,349936,318487,529130,-210643,756029,0.5
1900-01-24 10:54:15,7633.0,19483,7633.5,659487,65519,338973,-273454,-640004,0.5
1900-01-24 10:54:30,7631.5,931747,7632.0,619714,43630,245341,-201711,312033,0.5
1900-01-24 10:54:45,7631.5,2140968,7632.0,15416,268144,58489,209655,2125552,0.5
1900-01-24 10:55:00,7633.5,1652399,7634.0,129895,191915,94773,97142,1522504,0.5
1900-01-24 10:55:15,7634.0,1332454,7634.5,141209,29348,8789,20559,1191245,0.5
1900-01-24 10:55:30,7634.5,1035826,7635.0,301048,149644,69979,79665,734778,0.5
1900-01-24 10:55:45,7630.0,1365728,7630.5,238665,60520,117036,-56516,1127063,0.5
1900-01-24 10:56:00,7630.0,133469,7630.5,852773,13250,444351,-431101,-719304,0.5
1900-01-24 10:56:15,7627.0,2079574,7627.5,82,116805,107576,9229,2079492,0.5
1900-01-24 10:56:30,7630.5,1532560,7631.0,36733,275364,18405,256959,1495827,0.5
1900-01-24 10:56:45,7634.5,1305042,7635.0,71913,119565,106376,13189,1233129,0.5
1900-01-24 10:57:00,7635.5,2065403,7636.0,14099,82305,293,82012,2051304,0.5
1900-01-24 10:57:15,7643.0,1305890,7643.5,198956,553230,43994,509236,1106934,0.5
1900-01-24 10:57:30,7644.5,424801,7645.0,515118,378925,80754,298171,-90317,0.5
1900-01-24 10:57:45,7644.0,478572,7644.5,394622,100772,541590,-440818,83950,0.5
1900-01-24 10:58:00,7642.0,131649,7642.5,534396,22411,376185,-353774,-402747,0.5
1900-01-24 10:58:15,7639.5,8000,7640.0,44740,41296,114919,-73623,-36740,0.5
1900-01-24 10:58:30,7638.0,176025,7638.5,160551,8219,97497,-89278,15474,0.5
1900-01-24 10:58:45,7635.5,9397,7636.0,304701,28644,67905,-39261,-295304,0.5
1900-01-24 10:59:00,7631.0,285564,7631.5,431964,16571,237837,-221266,-146400,0.5
1900-01-24 10:59:15,7629.0,1029667,7629.5,395767,21302,221970,-200668,633900,0.5
1900-01-24 10:59:30,7625.0,56849,7625.5,607196,33826,101917,-68091,-550347,0.5
1900-01-24 10:59:45,7630.5,345187,7631.0,19893,93917,126793,-32876,325294,0.5
1900-01-24 11:00:00,7630.5,868112,7631.0,307379,26230,17127,9103,560733,0.5
1900-01-24 11:00:15,7632.0,1853361,7632.5,99679,100351,9226,91125,1753682,0.5
1900-01-24 11:00:30,7637.5,348436,7638.0,243240,115961,12372,103589,105196,0.5
1900-01-24 11:00:45,7642.0,447835,7642.5,126219,310183,38702,271481,321616,0.5
1900-01-24 11:01:00,7647.5,2875,7648.0,1087909,722173,123680,598493,-1085034,0.5
1900-01-24 11:01:15,7643.5,995744,7644.0,210789,66073,227906,-161833,784955,0.5
1900-01-24 11:01:30,7643.5,220708,7644.0,548746,77835,229078,-151243,-328038,0.5
1900-01-24 11:01:45,7643.0,1187525,7643.5,18646,14117,62461,-48344,1168879,0.5
1900-01-24 11:02:00,7644.5,17517,7645.0,845525,55268,83026,-27758,-828008,0.5
1900-01-24 11:02:15,7642.0,367577,7642.5,528719,17878,27011,-9133,-161142,0.5
1900-01-24 11:02:30,7636.0,6835,7636.5,225071,69138,489844,-420706,-218236,0.5
1900-01-24 11:02:45,7631.0,65442,7631.5,309408,48421,352444,-304023,-243966,0.5
1900-01-24 11:03:00,7629.0,18609,7629.5,1178117,36309,310181,-273872,-1159508,0.5
1900-01-24 11:03:15,7625.5,849,7626.0,1410841,15230,224406,-209176,-1409992,0.5
1900-01-24 11:03:30,7625.0,676076,7625.5,360108,9035,188694,-179659,315968,0.5
1900-01-24 11:03:45,7627.0,276182,7627.5,1397929,135385,111121,24264,-1121747,0.5
1900-01-24 11:04:00,7624.5,147111,7625.0,1037400,61940,150369,-88429,-890289,0.5
1900-01-24 11:04:15,7624.5,449582,7625.0,1390715,17451,47349,-29898,-941133,0.5
1900-01-24 11:04:30,7624.5,140989,7625.0,1681854,11305,87633,-76328,-1540865,0.5
1900-01-24 11:04:45,7622.0,413165,7622.5,618566,20482,113775,-93293,-205401,0.5
1900-01-24 11:05:00,7615.0,293857,7615.5,906172,21254,272547,-251293,-612315,0.5
1900-01-24 11:05:15,7616.0,528191,7616.5,676357,58354,100196,-41842,-148166,0.5
1900-01-24 11:05:30,7616.0,139227,7616.5,1084571,42521,144917,-102396,-945344,0.5
1900-01-24 11:05:45,7616.0,714615,7616.5,160488,33167,91660,-58493,554127,0.5
1900-01-24 11:06:00,7616.0,526726,7616.5,1256484,48777,12286,36491,-729758,0.5
1900-01-24 11:06:15,7616.0,161336,7616.5,1591979,50900,187387,-136487,-1430643,0.5
1900-01-24 11:06:30,7614.5,91684,7615.0,709674,18775,148852,-130077,-617990,0.5
1900-01-24 11:06:45,7614.0,50071,7614.5,1513906,11816,103496,-91680,-1463835,0.5
1900-01-24 11:07:00,7613.0,740667,7613.5,141539,30057,43399,-13342,599128,0.5
1900-01-24 11:07:15,7612.5,162715,7613.0,492913,25123,94827,-69704,-330198,0.5
1900-01-24 11:07:30,7613.0,909464,7613.5,61042,136936,7937,128999,848422,0.5
1900-01-24 11:07:45,7621.0,509734,7621.5,401743,216144,34228,181916,107991,0.5
1900-01-24 11:08:00,7621.0,727419,7621.5,115895,114773,30555,84218,611524,0.5
1900-01-24 11:08:15,7621.0,754688,7621.5,74921,79733,30516,49217,679767,0.5
1900-01-24 11:08:30,7623.0,805123,7623.5,3883,94276,2030,92246,801240,0.5
1900-01-24 11:08:45,7623.0,35340,7623.5,1418428,52684,40263,12421,-1383088,0.5
1900-01-24 11:09:00,7618.5,13013,7619.0,907480,78040,122770,-44730,-894467,0.5
1900-01-24 11:09:15,7618.5,329408,7619.0,452966,3511,47905,-44394,-123558,0.5
1900-01-24 11:09:30,7616.5,1921,7617.0,699815,9090,52313,-43223,-697894,0.5
1900-01-24 11:09:45,7615.0,713703,7615.5,28554,1021,43426,-42405,685149,0.5
1900-01-24 11:10:00,7615.0,1418939,7615.5,178587,134057,41778,92279,1240352,0.5
1900-01-24 11:10:15,7615.0,1590621,7615.5,37034,100234,166325,-66091,1553587,0.5
1900-01-24 11:10:30,7619.5,982406,7620.0,22750,78225,22020,56205,959656,0.5
1900-01-24 11:10:45,7618.5,3879,7619.0,1320907,112337,108578,3759,-1317028,0.5
1900-01-24 11:11:00,7615.0,722728,7615.5,735077,31293,289350,-258057,-12349,0.5
1900-01-24 11:11:15,7615.0,1032080,7615.5,366184,49906,103000,-53094,665896,0.5
1900-01-24 11:11:30,7615.0,1252016,7615.5,332637,7884,15000,-7116,919379,0.5
1900-01-24 11:11:45,7615.0,1198308,7615.5,328439,94946,56001,38945,869869,0.5
1900-01-24 11:12:00,7615.0,1910144,7615.5,35515,52459,10507,41952,1874629,0.5
1900-01-24 11:12:15,7615.0,1423016,7615.5,1299028,26201,20168,6033,123988,0.5
1900-01-24 11:12:30,7615.0,332432,7615.5,1751972,12948,565713,-552765,-1419540,0.5
1900-01-24 11:12:45,7614.0,67517,7614.5,1232891,13880,166613,-152733,-1165374,0.5
1900-01-24 11:13:00,7610.5,870636,7611.0,1031395,42040,278021,-235981,-160759,0.5
1900-01-24 11:13:15,7610.5,470659,7611.0,626112,12751,138641,-125890,-155453,0.5
1900-01-24 11:13:30,7610.0,1311845,7610.5,17082,40892,144313,-103421,1294763,0.5
1900-01-24 11:13:45,7610.0,1262809,7610.5,898650,11890,82001,-70111,364159,0.5
1900-01-24 11:14:00,7610.0,1253163,7610.5,978931,30,39709,-39679,274232,0.5
1900-01-24 11:14:15,7610.0,1261396,7610.5,685501,330,30068,-29738,575895,0.5
1900-01-24 11:14:30,7610.0,1110881,7610.5,1578063,22016,137018,-115002,-467182,0.5
1900-01-24 11:14:45,7610.0,1367788,7610.5,1760818,4427,43960,-39533,-393030,0.5
1900-01-24 11:15:00,7610.0,1037670,7610.5,3152039,7987,284032,-276045,-2114369,0.5
1900-01-24 11:15:15,7609.5,107170,7610.0,1946614,4991,810234,-805243,-1839444,0.5
1900-01-24 11:15:30,7604.5,72850,7605.0,348361,5858,484326,-478468,-275511,0.5
1900-01-24 11:15:45,7602.5,243419,7603.0,896164,10271,189882,-179611,-652745,0.5
1900-01-24 11:16:00,7602.5,46842,7603.0,982005,167091,182600,-15509,-935163,0.5
1900-01-24 11:16:15,7602.5,4949,7603.0,1351412,197390,584405,-387015,-1346463,0.5
1900-01-24 11:16:30,7602.0,557198,7602.5,306450,91899,72957,18942,250748,0.5
1900-01-24 11:16:45,7602.0,115853,7602.5,1251593,74118,66033,8085,-1135740,0.5
1900-01-24 11:17:00,7602.0,18781,7602.5,2012985,64631,60129,4502,-1994204,0.5
1900-01-24 11:17:15,7601.5,306738,7602.0,1592126,8269,35014,-26745,-1285388,0.5
1900-01-24 11:17:30,7601.5,333702,7602.0,1155416,2668,79389,-76721,-821714,0.5
1900-01-24 11:17:45,7601.5,79754,7602.0,1975075,16127,130092,-113965,-1895321,0.5
1900-01-24 11:18:00,7601.5,105410,7602.0,1541169,15530,14009,1521,-1435759,0.5
1900-01-24 11:18:15,7601.5,401532,7602.0,881708,7608,3100,4508,-480176,0.5
1900-01-24 11:18:30,7605.5,972,7606.0,296460,698377,12086,686291,-295488,0.5
1900-01-24 11:18:45,7606.5,629161,7607.0,75119,108404,36833,71571,554042,0.5
1900-01-24 11:19:00,7606.5,575888,7607.0,312315,63234,30508,32726,263573,0.5
1900-01-24 11:19:15,7606.5,668803,7607.0,95672,108076,19175,88901,573131,0.5
1900-01-24 11:19:30,7609.5,519014,7610.0,999508,47474,21576,25898,-480494,0.5
1900-01-24 11:19:45,7609.5,817757,7610.0,51826,72279,18526,53753,765931,0.5
1900-01-24 11:20:00,7609.5,838441,7610.0,104283,31848,6086,25762,734158,0.5
1900-01-24 11:20:15,7614.0,674970,7614.5,13453,57986,14689,43297,661517,0.5
1900-01-24 11:20:30,7617.0,647595,7617.5,164668,106758,9532,97226,482927,0.5
1900-01-24 11:20:45,7617.0,775024,7617.5,17394,32644,2604,30040,757630,0.5
1900-01-24 11:21:00,7617.5,557004,7618.0,1624768,76930,7993,68937,-1067764,0.5
1900-01-24 11:21:15,7617.5,657759,7618.0,1884739,119689,16955,102734,-1226980,0.5
1900-01-24 11:21:30,7617.5,822811,7618.0,1275782,92089,300,91789,-452971,0.5
1900-01-24 11:21:45,7617.5,920785,7618.0,1034787,218713,11053,207660,-114002,0.5
1900-01-24 11:22:00,7617.5,546064,7618.0,1735824,24733,46161,-21428,-1189760,0.5
1900-01-24 11:22:15,7617.5,164664,7618.0,2244289,27321,416330,-389009,-2079625,0.5
1900-01-24 11:22:30,7613.0,477479,7613.5,233707,34203,125652,-91449,243772,0.5
1900-01-24 11:22:45,7614.5,796931,7615.0,657178,129959,6405,123554,139753,0.5
1900-01-24 11:23:00,7614.5,795768,7615.0,779964,7477,8100,-623,15804,0.5
1900-01-24 11:23:15,7614.5,1064252,7615.0,137097,493905,300,493605,927155,0.5
1900-01-24 11:23:30,7614.5,940653,7615.0,203464,146875,550,146325,737189,0.5
1900-01-24 11:23:45,7616.5,669529,7617.0,1071458,39626,8084,31542,-401929,0.5
1900-01-24 11:24:00,7616.5,766118,7617.0,120521,41075,755,40320,645597,0.5
1900-01-24 11:24:15,7617.0,808622,7617.5,54561,88855,755,88100,754061,0.5
1900-01-24 11:24:30,7617.5,998544,7618.0,35506,40659,6018,34641,963038,0.5
1900-01-24 11:24:45,7617.5,753334,7618.0,737714,3329,24,3305,15620,0.5
1900-01-24 11:25:00,7617.5,1655016,7618.0,142036,34566,8702,25864,1512980,0.5
1900-01-24 11:25:15,7618.0,1253083,7618.5,61516,116229,4540,111689,1191567,0.5
1900-01-24 11:25:30,7618.0,1275436,7618.5,19012,22514,10011,12503,1256424,0.5
1900-01-24 11:25:45,7619.5,616753,7620.0,655531,93077,86,92991,-38778,0.5
1900-01-24 11:26:00,7619.5,848464,7620.0,177017,6666,37104,-30438,671447,0.5
1900-01-24 11:26:15,7619.5,691887,7620.0,895327,22270,26859,-4589,-203440,0.5
1900-01-24 11:26:30,7619.5,564842,7620.0,845847,2000,1856,144,-281005,0.5
1900-01-24 11:26:45,7619.0,293090,7619.5,991085,4448,208939,-204491,-697995,0.5
1900-01-24 11:27:00,7618.0,255778,7618.5,1055482,44,21377,-21333,-799704,0.5
1900-01-24 11:27:15,7618.0,517242,7618.5,975418,46949,15378,31571,-458176,0.5
1900-01-24 11:27:30,7618.0,28467,7618.5,1365676,14290,48800,-34510,-1337209,0.5
1900-01-24 11:27:45,7617.5,81819,7618.0,1015815,6016,85862,-79846,-933996,0.5
1900-01-24 11:28:00,7616.0,445936,7616.5,900733,6740,59874,-53134,-454797,0.5
1900-01-24 11:28:15,7612.5,99490,7613.0,1112024,1541,28587,-27046,-1012534,0.5
1900-01-24 11:28:30,7610.0,21994,7610.5,320634,100,88585,-88485,-298640,0.5
1900-01-24 11:28:45,7610.0,638003,7610.5,245532,19314,7161,12153,392471,0.5
1900-01-24 11:29:00,7610.0,693384,7610.5,111723,93351,41238,52113,581661,0.5
1900-01-24 11:29:15,7610.5,496167,7611.0,24660,30231,24174,6057,471507,0.5
1900-01-24 11:29:30,7610.5,126299,7611.0,1045821,30231,115122,-84891,-919522,0.5
1900-01-24 11:29:45,7605.0,314535,7605.5,798088,7025,84479,-77454,-483553,0.5
1900-01-24 11:30:00,7605.0,503252,7605.5,379008,44988,98492,-53504,124244,0.5
1900-01-24 11:30:15,7606.5,459269,7607.0,523297,28835,64530,-35695,-64028,0.5
1900-01-24 11:30:30,7606.5,617454,7607.0,219050,125805,11155,114650,398404,0.5
1900-01-24 11:30:45,7607.0,765330,7607.5,9546,26603,4003,22600,755784,0.5
1900-01-24 11:31:00,7608.0,802920,7608.5,11722,18586,850,17736,791198,0.5
1900-01-24 11:31:15,7608.5,1101761,7609.0,61136,26854,1772,25082,1040625,0.5
1900-01-24 11:31:30,7609.5,729009,7610.0,95590,52133,6515,45618,633419,0.5
1900-01-24 11:31:45,7610.0,665419,7610.5,892,39525,400,39125,664527,0.5
1900-01-24 11:32:00,7612.5,171379,7613.0,4888,104828,121,104707,166491,0.5
1900-01-24 11:32:15,7612.5,725293,7613.0,4716,23522,116,23406,720577,0.5
1900-01-24 11:32:30,7614.0,661714,7614.5,40063,15082,55711,-40629,621651,0.5
1900-01-24 11:32:45,7614.0,1300679,7614.5,66551,11170,82032,-70862,1234128,0.5
1900-01-24 11:33:00,7614.5,1275200,7615.0,29006,30020,18070,11950,1246194,0.5
1900-01-24 11:33:15,7614.5,1307507,7615.0,39709,22361,10,22351,1267798,0.5
1900-01-24 11:33:30,7615.5,1283622,7616.0,65841,7492,22,7470,1217781,0.5
1900-01-24 11:33:45,7615.5,1372886,7616.0,57526,48084,22,48062,1315360,0.5
1900-01-24 11:34:00,7619.5,879963,7620.0,706732,142994,18025,124969,173231,0.5
1900-01-24 11:34:15,7621.5,1479803,7622.0,56859,283930,4021,279909,1422944,0.5
1900-01-24 11:34:30,7622.5,1414840,7623.0,14446,75674,15752,59922,1400394,0.5
1900-01-24 11:34:45,7624.5,827938,7625.0,467947,45590,3640,41950,359991,0.5
1900-01-24 11:35:00,7624.5,1286945,7625.0,41225,5812,5085,727,1245720,0.5
1900-01-24 11:35:15,7625.0,1564643,7625.5,6409,33019,4524,28495,1558234,0.5
1900-01-24 11:35:30,7627.0,416151,7627.5,543737,235669,47603,188066,-127586,0.5
1900-01-24 11:35:45,7627.0,1556324,7627.5,40038,43439,6002,37437,1516286,0.5
1900-01-24 11:36:00,7638.5,89720,7639.0,60117,291064,15241,275823,29603,0.5
1900-01-24 11:36:15,7652.0,80078,7652.5,341263,1669325,215559,1453766,-261185,0.5
1900-01-24 11:36:30,7643.0,2187,7643.5,310261,235441,438156,-202715,-308074,0.5
1900-01-24 11:36:45,7637.0,701215,7637.5,16930,77930,228246,-150316,684285,0.5
1900-01-24 11:37:00,7638.0,710997,7638.5,292065,163300,52542,110758,418932,0.5
1900-01-24 11:37:15,7637.0,204013,7637.5,194321,244281,211254,33027,9692,0.5
1900-01-24 11:37:30,7637.0,2325223,7637.5,919421,15499,44966,-29467,1405802,0.5
1900-01-24 11:37:45,7636.0,301836,7636.5,368748,322391,1721445,-1399054,-66912,0.5
1900-01-24 11:38:00,7635.5,179486,7636.0,549610,62202,105439,-43237,-370124,0.5
1900-01-24 11:38:15,7635.0,1401091,7635.5,76406,6743,33162,-26419,1324685,0.5
1900-01-24 11:38:30,7635.0,253679,7635.5,709765,11284,32452,-21168,-456086,0.5
1900-01-24 11:38:45,7629.5,2440920,7630.0,1795249,18591,227442,-208851,645671,0.5
1900-01-24 11:39:00,7630.0,797228,7630.5,77110,153310,241530,-88220,720118,0.5
1900-01-24 11:39:15,7632.5,284633,7633.0,763766,108760,4454,104306,-479133,0.5
1900-01-24 11:39:30,7630.0,154983,7630.5,1071874,2850,15266,-12416,-916891,0.5
1900-01-24 11:39:45,7630.0,101393,7630.5,1091114,94040,24322,69718,-989721,0.5
1900-01-24 11:40:00,7630.0,1302524,7630.5,109566,134156,10955,123201,1192958,0.5
1900-01-24 11:40:15,7630.0,886471,7630.5,420632,149490,7527,141963,465839,0.5
1900-01-24 11:40:30,7630.0,252885,7630.5,668834,24489,213575,-189086,-415949,0.5
1900-01-24 11:40:45,7630.5,1297616,7631.0,90092,140207,5100,135107,1207524,0.5
1900-01-24 11:41:00,7632.5,547021,7633.0,896141,21953,2744,19209,-349120,0.5
1900-01-24 11:41:15,7633.5,945413,7634.0,26681,48155,5395,42760,918732,0.5
1900-01-24 11:41:30,7633.5,857154,7634.0,62658,49050,585,48465,794496,0.5
1900-01-24 11:41:45,7633.5,1188094,7634.0,35628,30049,14804,15245,1152466,0.5
1900-01-24 11:42:00,7635.0,831377,7635.5,27161,35344,5,35339,804216,0.5
1900-01-24 11:42:15,7636.0,865153,7636.5,59145,65564,8004,57560,806008,0.5
1900-01-24 11:42:30,7636.0,64271,7636.5,1004730,51771,17101,34670,-940459,0.5
1900-01-24 11:42:45,7636.0,6639,7636.5,1312693,413,63570,-63157,-1306054,0.5
1900-01-24 11:43:00,7631.5,1493399,7632.0,672215,40424,804797,-764373,821184,0.5
1900-01-24 11:43:15,7627.5,8536,7628.0,895070,7911,341036,-333125,-886534,0.5
1900-01-24 11:43:30,7622.5,845701,7623.0,984391,62,216632,-216570,-138690,0.5
1900-01-24 11:43:45,7622.5,628175,7623.0,913573,68921,42374,26547,-285398,0.5
1900-01-24 11:44:00,7622.5,402405,7623.0,1041026,145511,66040,79471,-638621,0.5
1900-01-24 11:44:15,7622.5,128541,7623.0,1361899,21979,131921,-109942,-1233358,0.5
1900-01-24 11:44:30,7620.0,3,7620.5,1407417,10525,179516,-168991,-1407414,0.5
1900-01-24 11:44:45,7618.0,59326,7618.5,1445173,8061,60091,-52030,-1385847,0.5
1900-01-24 11:45:00,7611.5,666376,7612.0,330556,11227,215973,-204746,335820,0.5
1900-01-24 11:45:15,7618.0,608851,7618.5,1196761,271693,39528,232165,-587910,0.5
1900-01-24 11:45:30,7618.0,1194158,7618.5,686224,22115,3500,18615,507934,0.5
1900-01-24 11:45:45,7618.0,663995,7618.5,1138339,80730,13001,67729,-474344,0.5
1900-01-24 11:46:00,7618.0,959778,7618.5,711712,68329,26159,42170,248066,0.5
1900-01-24 11:46:15,7618.0,293457,7618.5,1267958,78500,14179,64321,-974501,0.5
1900-01-24 11:46:30,7618.0,832137,7618.5,645384,51200,14048,37152,186753,0.5
1900-01-24 11:46:45,7618.0,1189348,7618.5,642612,63121,27094,36027,546736,0.5
1900-01-24 11:47:00,7627.0,378900,7627.5,1010744,156677,11476,145201,-631844,0.5
1900-01-24 11:47:15,7627.0,200166,7627.5,1397670,109003,13496,95507,-1197504,0.5
1900-01-24 11:47:30,7627.0,20158,7627.5,1713411,112308,121545,-9237,-1693253,0.5
1900-01-24 11:47:45,7627.0,73485,7627.5,1825224,1520,32823,-31303,-1751739,0.5
1900-01-24 11:48:00,7622.0,18582,7622.5,1507026,5699,116617,-110918,-1488444,0.5
1900-01-24 11:48:15,7620.0,923608,7620.5,155599,5186,9885,-4699,768009,0.5
1900-01-24 11:48:30,7620.0,963920,7620.5,610918,30341,4936,25405,353002,0.5
1900-01-24 11:48:45,7620.0,149818,7620.5,1103303,57170,9813,47357,-953485,0.5
1900-01-24 11:49:00,7620.0,117554,7620.5,1293955,6490,8464,-1974,-1176401,0.5
1900-01-24 11:49:15,7614.5,321145,7615.0,998182,28444,83758,-55314,-677037,0.5
1900-01-24 11:49:30,7611.5,849480,7612.0,272441,7999,156901,-148902,577039,0.5
1900-01-24 11:49:45,7611.5,2224065,7612.0,320562,101222,201313,-100091,1903503,0.5
1900-01-24 11:50:00,7611.5,837837,7612.0,114373,94138,41022,53116,723464,0.5
1900-01-24 11:50:15,7615.5,696537,7616.0,842381,93122,34754,58368,-145844,0.5
1900-01-24 11:50:30,7615.5,344895,7616.0,923131,15533,65750,-50217,-578236,0.5
1900-01-24 11:50:45,7615.5,368278,7616.0,1196022,19232,6501,12731,-827744,0.5
1900-01-24 11:51:00,7615.5,59050,7616.0,1674054,76572,73380,3192,-1615004,0.5
1900-01-24 11:51:15,7615.0,525259,7615.5,237362,551,46197,-45646,287897,0.5
1900-01-24 11:51:30,7615.0,1318261,7615.5,76552,21352,17613,3739,1241709,0.5
1900-01-24 11:51:45,7618.5,951151,7619.0,399761,70603,4831,65772,551390,0.5
1900-01-24 11:52:00,7618.5,803674,7619.0,489526,27306,4831,22475,314148,0.5
1900-01-24 11:52:15,7619.5,931733,7620.0,304289,118022,26,117996,627444,0.5
1900-01-24 11:52:30,7614.5,495119,7615.0,490022,20249,48726,-28477,5097,0.5
1900-01-24 11:52:45,7614.5,1227683,7615.0,12134,32181,10500,21681,1215549,0.5
1900-01-24 11:53:00,7616.0,1172710,7616.5,62540,14532,41,14491,1110170,0.5
1900-01-24 11:53:15,7616.5,669426,7617.0,584790,5981,1000,4981,84636,0.5
1900-01-24 11:53:30,7617.0,134452,7617.5,1264798,27241,53270,-26029,-1130346,0.5
1900-01-24 11:53:45,7617.0,25748,7617.5,1136050,4511,54235,-49724,-1110302,0.5
1900-01-24 11:54:00,7616.5,6602,7617.0,1592165,1121,15889,-14768,-1585563,0.5
1900-01-24 11:54:15,7615.5,707111,7616.0,971973,1121,58006,-56885,-264862,0.5
1900-01-24 11:54:30,7615.5,1020682,7616.0,327139,23290,44737,-21447,693543,0.5
1900-01-24 11:54:45,7615.5,1378937,7616.0,49079,3535,1100,2435,1329858,0.5
1900-01-24 11:55:00,7615.5,676352,7616.0,322913,10238,300,9938,353439,0.5
1900-01-24 11:55:15,7616.0,504082,7616.5,40231,34152,1079,33073,463851,0.5
1900-01-24 11:55:30,7615.0,78028,7615.5,418569,24001,6298,17703,-340541,0.5
1900-01-24 11:55:45,7612.5,324605,7613.0,444359,202,23169,-22967,-119754,0.5
1900-01-24 11:56:00,7611.5,44735,7612.0,1302570,26168,186098,-159930,-1257835,0.5
1900-01-24 11:56:15,7606.0,111492,7606.5,634998,53754,522493,-468739,-523506,0.5
1900-01-24 11:56:30,7606.0,50620,7606.5,1244655,14100,117640,-103540,-1194035,0.5
1900-01-24 11:56:45,7605.0,161367,7605.5,741029,11221,113250,-102029,-579662,0.5
1900-01-24 11:57:00,7602.5,14958,7603.0,477579,49879,419335,-369456,-462621,0.5
1900-01-24 11:57:15,7602.5,199277,7603.0,970155,6521,63526,-57005,-770878,0.5
1900-01-24 11:57:30,7602.5,170448,7603.0,658519,104883,95034,9849,-488071,0.5
1900-01-24 11:57:45,7602.5,537636,7603.0,58964,121357,10300,111057,478672,0.5
1900-01-24 11:58:00,7604.5,340637,7605.0,266361,126817,43278,83539,74276,0.5
1900-01-24 11:58:15,7602.0,577428,7602.5,345196,161420,46805,114615,232232,0.5
1900-01-24 11:58:30,7602.0,330657,7602.5,801196,16500,100230,-83730,-470539,0.5
1900-01-24 11:58:45,7602.0,138303,7602.5,738943,15535,115802,-100267,-600640,0.5
1900-01-24 11:59:00,7592.0,32165,7592.5,80045,5612,1223603,-1217991,-47880,0.5
1900-01-24 11:59:15,7598.5,8370,7599.0,1280279,116004,329143,-213139,-1271909,0.5
1900-01-24 11:59:30,7593.5,392355,7594.0,234780,17783,362469,-344686,157575,0.5
1900-01-24 11:59:45,7593.5,221972,7594.0,186398,347011,171817,175194,35574,0.5
1900-01-24 12:00:00,7593.5,235162,7594.0,127852,74729,75384,-655,107310,0.5
1900-01-24 12:00:15,7592.0,182100,7592.5,38217,27479,60434,-32955,143883,0.5
1900-01-24 12:00:30,7594.0,243224,7594.5,531940,81047,46601,34446,-288716,0.5
1900-01-24 12:00:45,7595.0,608009,7595.5,99378,158132,29830,128302,508631,0.5
1900-01-24 12:01:00,7596.0,86038,7596.5,1421504,164816,86225,78591,-1335466,0.5
1900-01-24 12:01:15,7578.0,38904,7578.5,1088166,358790,681417,-322627,-1049262,0.5
1900-01-24 12:01:30,7582.0,292538,7582.5,849073,496600,355464,141136,-556535,0.5
1900-01-24 12:01:45,7578.0,642031,7578.5,10735,90737,218714,-127977,631296,0.5
1900-01-24 12:02:00,7586.0,899993,7586.5,217485,527936,46710,481226,682508,0.5
1900-01-24 12:02:15,7586.0,3313061,7586.5,774032,690832,24059,666773,2539029,0.5
1900-01-24 12:02:30,7586.0,5548614,7586.5,573985,252584,10570,242014,4974629,0.5
1900-01-24 12:02:45,7579.0,7355,7579.5,330395,172080,127713,44367,-323040,0.5
1900-01-24 12:03:00,7586.0,929046,7586.5,132134,166488,134465,32023,796912,0.5
1900-01-24 12:03:15,7585.5,318852,7586.0,466948,67514,185034,-117520,-148096,0.5
1900-01-24 12:03:30,7585.5,663005,7586.0,973421,150995,7046,143949,-310416,0.5
1900-01-24 12:03:45,7586.0,1063141,7586.5,98687,73756,5785,67971,964454,0.5
1900-01-24 12:04:00,7589.0,1155016,7589.5,540710,160963,47180,113783,614306,0.5
1900-01-24 12:04:15,7589.0,963895,7589.5,534030,733170,57739,675431,429865,0.5
1900-01-24 12:04:30,7589.5,809745,7590.0,600451,345109,5289,339820,209294,0.5
1900-01-24 12:04:45,7591.5,895727,7592.0,346712,317494,164,317330,549015,0.5
1900-01-24 12:05:00,7592.0,1147819,7592.5,548984,272985,32509,240476,598835,0.5
1900-01-24 12:05:15,7590.0,4207,7590.5,197446,88709,250960,-162251,-193239,0.5
1900-01-24 12:05:30,7586.5,26530,7587.0,1580347,20502,312265,-291763,-1553817,0.5
1900-01-24 12:05:45,7580.0,1466,7580.5,852759,85890,429522,-343632,-851293,0.5
1900-01-24 12:06:00,7577.0,850044,7577.5,147890,94046,56711,37335,702154,0.5
1900-01-24 12:06:15,7577.0,275786,7577.5,633039,64907,99483,-34576,-357253,0.5
1900-01-24 12:06:30,7575.0,51814,7575.5,849611,30883,134026,-103143,-797797,0.5
1900-01-24 12:06:45,7563.0,60,7563.5,1238611,219721,916558,-696837,-1238551,0.5
1900-01-24 12:07:00,7567.0,505917,7567.5,132974,411255,227684,183571,372943,0.5
1900-01-24 12:07:15,7568.0,133939,7568.5,985307,358690,89073,269617,-851368,0.5
1900-01-24 12:07:30,7566.5,526217,7567.0,39402,117323,287861,-170538,486815,0.5
1900-01-24 12:07:45,7567.0,4110,7567.5,737560,87432,106944,-19512,-733450,0.5
1900-01-24 12:08:00,7563.0,1697662,7563.5,39511,154305,63703,90602,1658151,0.5
1900-01-24 12:08:15,7567.5,336710,7568.0,956611,171578,42667,128911,-619901,0.5
1900-01-24 12:08:30,7565.0,607765,7565.5,364347,66260,176710,-110450,243418,0.5
1900-01-24 12:08:45,7567.5,489988,7568.0,508392,33203,15176,18027,-18404,0.5
1900-01-24 12:09:00,7570.0,549741,7570.5,712059,254606,19566,235040,-162318,0.5
1900-01-24 12:09:15,7569.0,752087,7569.5,205086,55225,242964,-187739,547001,0.5
1900-01-24 12:09:30,7570.0,1142722,7570.5,81675,120813,2206,118607,1061047,0.5
1900-01-24 12:09:45,7566.0,687741,7566.5,362651,87691,77481,10210,325090,0.5
1900-01-24 12:10:00,7567.0,318049,7567.5,1033382,344676,256986,87690,-715333,0.5
1900-01-24 12:10:15,7566.5,880248,7567.0,426447,9147,109187,-100040,453801,0.5
1900-01-24 12:10:30,7568.5,16811,7569.0,2208787,363147,26208,336939,-2191976,0.5
1900-01-24 12:10:45,7568.5,10484,7569.0,2284714,16042,45148,-29106,-2274230,0.5
1900-01-24 12:11:00,7567.5,259242,7568.0,607923,15850,267710,-251860,-348681,0.5
1900-01-24 12:11:15,7567.5,950823,7568.0,462187,19944,4310,15634,488636,0.5
1900-01-24 12:11:30,7575.0,455663,7575.5,333040,570499,1600,568899,122623,0.5
1900-01-24 12:11:45,7575.5,1002486,7576.0,21836,209397,7010,202387,980650,0.5
1900-01-24 12:12:00,7576.5,591236,7577.0,265214,143223,86999,56224,326022,0.5
1900-01-24 12:12:15,7577.0,875192,7577.5,70972,190026,4818,185208,804220,0.5
1900-01-24 12:12:30,7577.0,848166,7577.5,622646,55636,4460,51176,225520,0.5
1900-01-24 12:12:45,7578.0,985236,7578.5,243943,202147,10214,191933,741293,0.5
1900-01-24 12:13:00,7578.0,1257416,7578.5,119625,68981,20075,48906,1137791,0.5
1900-01-24 12:13:15,7579.0,919184,7579.5,570424,96849,16745,80104,348760,0.5
1900-01-24 12:13:30,7579.0,1027680,7579.5,275729,144211,32397,111814,751951,0.5
1900-01-24 12:13:45,7579.5,686700,7580.0,716840,322129,2383,319746,-30140,0.5
1900-01-24 12:14:00,7579.5,1626623,7580.0,319085,84204,10500,73704,1307538,0.5
1900-01-24 12:14:15,7580.5,1092748,7581.0,324420,193873,2234,191639,768328,0.5
1900-01-24 12:14:30,7580.5,1604282,7581.0,121659,233240,20,233220,1482623,0.5
1900-01-24 12:14:45,7580.5,1295041,7581.0,291290,115533,13434,102099,1003751,0.5
1900-01-24 12:15:00,7580.5,1735072,7581.0,38046,94642,2626,92016,1697026,0.5
1900-01-24 12:15:15,7582.0,508304,7582.5,552750,214265,14864,199401,-44446,0.5
1900-01-24 12:15:30,7578.5,186867,7579.0,745395,131541,78994,52547,-558528,0.5
1900-01-24 12:15:45,7578.5,1251707,7579.0,198245,4544,97199,-92655,1053462,0.5
1900-01-24 12:16:00,7582.5,538803,7583.0,633038,8277,11450,-3173,-94235,0.5
1900-01-24 12:16:15,7582.5,598940,7583.0,1041804,15495,19209,-3714,-442864,0.5
1900-01-24 12:16:30,7582.5,647189,7583.0,836394,110692,3825,106867,-189205,0.5
1900-01-24 12:16:45,7582.5,1156258,7583.0,339833,124473,12113,112360,816425,0.5
1900-01-24 12:17:00,7582.5,672357,7583.0,541777,39851,8091,31760,130580,0.5
1900-01-24 12:17:15,7583.0,1240771,7583.5,29661,89494,27166,62328,1211110,0.5
1900-01-24 12:17:30,7583.5,1528016,7584.0,151067,56517,7992,48525,1376949,0.5
1900-01-24 12:17:45,7583.5,1313002,7584.0,347443,35003,2661,32342,965559,0.5
1900-01-24 12:18:00,7584.5,1111872,7585.0,102260,127784,21129,106655,1009612,0.5
1900-01-24 12:18:15,7585.0,1424925,7585.5,80009,94866,3001,91865,1344916,0.5
1900-01-24 12:18:30,7585.5,227248,7586.0,880790,60844,4352,56492,-653542,0.5
1900-01-24 12:18:45,7585.5,243160,7586.0,837773,32614,99127,-66513,-594613,0.5
1900-01-24 12:19:00,7585.5,179709,7586.0,1020517,30131,35442,-5311,-840808,0.5
1900-01-24 12:19:15,7583.5,28940,7584.0,874152,800,225658,-224858,-845212,0.5
1900-01-24 12:19:30,7578.0,750363,7578.5,792579,3425,111349,-107924,-42216,0.5
1900-01-24 12:19:45,7577.5,459761,7578.0,1340440,10,403503,-403493,-880679,0.5
1900-01-24 12:20:00,7576.5,905006,7577.0,261698,1813,395123,-393310,643308,0.5
1900-01-24 12:20:15,7576.5,1109447,7577.0,141636,38849,44346,-5497,967811,0.5
1900-01-24 12:20:30,7576.5,783585,7577.0,726714,25509,17351,8158,56871,0.5
1900-01-24 12:20:45,7575.5,187456,7576.0,1339258,13663,31995,-18332,-1151802,0.5
1900-01-24 12:21:00,7575.5,811399,7576.0,378344,23502,74976,-51474,433055,0.5
1900-01-24 12:21:15,7575.5,601761,7576.0,665498,8601,50047,-41446,-63737,0.5
1900-01-24 12:21:30,7575.5,946423,7576.0,182042,34040,84183,-50143,764381,0.5
1900-01-24 12:21:45,7575.5,97474,7576.0,1854244,40644,46022,-5378,-1756770,0.5
1900-01-24 12:22:00,7574.5,82354,7575.0,1831022,53931,106964,-53033,-1748668,0.5
1900-01-24 12:22:15,7570.5,74543,7571.0,1497341,56612,112043,-55431,-1422798,0.5
1900-01-24 12:22:30,7570.0,113650,7570.5,1431351,2001,187110,-185109,-1317701,0.5
1900-01-24 12:22:45,7566.0,28019,7566.5,15582,20502,210439,-189937,12437,0.5
1900-01-24 12:23:00,7565.5,677616,7566.0,158370,96642,313804,-217162,519246,0.5
1900-01-24 12:23:15,7566.0,442071,7566.5,591323,1666,27509,-25843,-149252,0.5
1900-01-24 12:23:30,7569.5,71798,7570.0,1243697,32261,187543,-155282,-1171899,0.5
1900-01-24 12:23:45,7566.5,626452,7567.0,368789,45270,59469,-14199,257663,0.5
1900-01-24 12:24:00,7566.5,573803,7567.0,463593,75373,57712,17661,110210,0.5
1900-01-24 12:24:15,7565.0,18358,7565.5,957130,29525,180482,-150957,-938772,0.5
1900-01-24 12:24:30,7563.0,92691,7563.5,849923,18782,122255,-103473,-757232,0.5
1900-01-24 12:24:45,7562.5,5703,7563.0,1427804,12657,29737,-17080,-1422101,0.5
1900-01-24 12:25:00,7562.0,947473,7562.5,875628,2052,143256,-141204,71845,0.5
1900-01-24 12:25:15,7560.5,133710,7561.0,1438847,6515,137637,-131122,-1305137,0.5
1900-01-24 12:25:30,7562.0,312479,7562.5,39909,44608,422411,-377803,272570,0.5
1900-01-24 12:25:45,7559.5,448185,7560.0,236248,479095,30152,448943,211937,0.5
1900-01-24 12:26:00,7568.5,60561,7569.0,41508,511181,72476,438705,19053,0.5
1900-01-24 12:26:15,7572.5,239590,7573.0,1142305,249394,28515,220879,-902715,0.5
1900-01-24 12:26:30,7572.5,69243,7573.0,1445011,72112,41724,30388,-1375768,0.5
1900-01-24 12:26:45,7571.0,146678,7571.5,1482940,25763,61524,-35761,-1336262,0.5
1900-01-24 12:27:00,7569.0,453506,7569.5,923881,91569,25917,65652,-470375,0.5
1900-01-24 12:27:15,7569.0,519268,7569.5,569215,13100,30087,-16987,-49947,0.5
1900-01-24 12:27:30,7566.5,2378,7567.0,608812,23150,134384,-111234,-606434,0.5
1900-01-24 12:27:45,7566.5,419396,7567.0,602817,6324,20600,-14276,-183421,0.5
1900-01-24 12:28:00,7566.5,70048,7567.0,1451075,19586,35666,-16080,-1381027,0.5
1900-01-24 12:28:15,7568.0,664582,7568.5,94455,94088,17286,76802,570127,0.5
1900-01-24 12:28:30,7569.5,622124,7570.0,884871,76899,40402,36497,-262747,0.5
1900-01-24 12:28:45,7571.0,361902,7571.5,1025417,76268,13568,62700,-663515,0.5
1900-01-24 12:29:00,7571.0,551649,7571.5,401105,235685,24916,210769,150544,0.5
1900-01-24 12:29:15,7571.0,762841,7571.5,428340,113918,1001,112917,334501,0.5
1900-01-24 12:29:30,7565.5,61520,7566.0,1267208,82542,64820,17722,-1205688,0.5
1900-01-24 12:29:45,7562.0,75499,7562.5,317569,18350,32796,-14446,-242070,0.5
1900-01-24 12:30:00,7562.0,189272,7562.5,862091,3150,56603,-53453,-672819,0.5
1900-01-24 12:30:15,7562.0,459191,7562.5,681227,25755,23535,2220,-222036,0.5
1900-01-24 12:30:30,7562.0,331858,7562.5,757625,35064,55937,-20873,-425767,0.5
1900-01-24 12:30:45,7562.0,730135,7562.5,6334,136152,26713,109439,723801,0.5
1900-01-24 12:31:00,7565.5,343371,7566.0,207065,521825,17499,504326,136306,0.5
1900-01-24 12:31:15,7565.5,385017,7566.0,823520,156043,17499,138544,-438503,0.5
1900-01-24 12:31:30,7565.5,682101,7566.0,233938,183641,8047,175594,448163,0.5
1900-01-24 12:31:45,7567.5,319447,7568.0,37823,69729,6000,63729,281624,0.5
1900-01-24 12:32:00,7571.5,475219,7572.0,79544,30901,19966,10935,395675,0.5
1900-01-24 12:32:15,7572.5,533522,7573.0,860473,106777,12050,94727,-326951,0.5
1900-01-24 12:32:30,7574.5,681948,7575.0,30142,104667,6519,98148,651806,0.5
1900-01-24 12:32:45,7574.5,722789,7575.0,624663,65307,447,64860,98126,0.5
1900-01-24 12:33:00,7574.5,1148874,7575.0,69150,136077,3356,132721,1079724,0.5
1900-01-24 12:33:15,7574.5,1076495,7575.0,318105,77717,3688,74029,758390,0.5
1900-01-24 12:33:30,7576.0,1103220,7576.5,9469,30037,8800,21237,1093751,0.5
1900-01-24 12:33:45,7577.0,1902957,7577.5,109369,241797,7860,233937,1793588,0.5
1900-01-24 12:34:00,7582.0,1138503,7582.5,108717,282727,3362,279365,1029786,0.5
1900-01-24 12:34:15,7582.5,10614,7583.0,896195,215571,146226,69345,-885581,0.5
1900-01-24 12:34:30,7582.5,897181,7583.0,149992,11170,21362,-10192,747189,0.5
1900-01-24 12:34:45,7583.0,1145892,7583.5,526076,91486,12841,78645,619816,0.5
1900-01-24 12:35:00,7583.0,1225681,7583.5,1783113,35980,35532,448,-557432,0.5
1900-01-24 12:35:15,7583.0,1485893,7583.5,1126747,322494,17930,304564,359146,0.5
1900-01-24 12:35:30,7583.0,2435987,7583.5,759356,381273,6369,374904,1676631,0.5
1900-01-24 12:35:45,7584.5,584098,7585.0,548327,695376,3465,691911,35771,0.5
1900-01-24 12:36:00,7584.5,1315922,7585.0,1266087,80900,148,80752,49835,0.5
1900-01-24 12:36:15,7584.5,1533753,7585.0,423326,75791,16006,59785,1110427,0.5
1900-01-24 12:36:30,7584.5,1304096,7585.0,253698,212608,2393,210215,1050398,0.5
1900-01-24 12:36:45,7584.5,1568667,7585.0,43279,58415,60469,-2054,1525388,0.5
1900-01-24 12:37:00,7586.0,1400370,7586.5,505153,123336,7611,115725,895217,0.5
1900-01-24 12:37:15,7586.0,2163898,7586.5,662267,160603,7611,152992,1501631,0.5
1900-01-24 12:37:30,7586.0,2374476,7586.5,434195,152012,12601,139411,1940281,0.5
1900-01-24 12:37:45,7586.0,2331253,7586.5,110753,333870,5224,328646,2220500,0.5
1900-01-24 12:38:00,7587.0,1312473,7587.5,352156,96884,68056,28828,960317,0.5
1900-01-24 12:38:15,7587.0,1594707,7587.5,415744,90288,88802,1486,1178963,0.5
1900-01-24 12:38:30,7587.0,1835445,7587.5,337275,76422,88802,-12380,1498170,0.5
1900-01-24 12:38:45,7596.5,988240,7597.0,121848,3469399,8077,3461322,866392,0.5
1900-01-24 12:39:00,7598.5,1103948,7599.0,167838,244056,115195,128861,936110,0.5
1900-01-24 12:39:15,7609.0,15000,7609.5,169377,661375,17564,643811,-154377,0.5
1900-01-24 12:39:30,7605.0,246022,7605.5,118266,396972,379417,17555,127756,0.5
1900-01-24 12:39:45,7604.5,971102,7605.0,158864,71036,238474,-167438,812238,0.5
1900-01-24 12:40:00,7605.0,985372,7605.5,29506,90169,248371,-158202,955866,0.5
1900-01-24 12:40:15,7607.5,1308094,7608.0,50843,170360,5785,164575,1257251,0.5
1900-01-24 12:40:30,7609.5,1579034,7610.0,38095,180801,22450,158351,1540939,0.5
1900-01-24 12:40:45,7608.5,368075,7609.0,758850,188813,275458,-86645,-390775,0.5
1900-01-24 12:41:00,7608.5,101247,7609.0,697683,129729,162453,-32724,-596436,0.5
1900-01-24 12:41:15,7606.5,1296773,7607.0,225140,45957,138085,-92128,1071633,0.5
1900-01-24 12:41:30,7607.0,609711,7607.5,1341,106073,105782,291,608370,0.5
1900-01-24 12:41:45,7607.5,1493785,7608.0,272006,34256,45345,-11089,1221779,0.5
1900-01-24 12:42:00,7610.5,595369,7611.0,240567,211116,40541,170575,354802,0.5
1900-01-24 12:42:15,7608.0,1771495,7608.5,21688,114099,64025,50074,1749807,0.5
1900-01-24 12:42:30,7611.0,862693,7611.5,257127,166502,88647,77855,605566,0.5
1900-01-24 12:42:45,7611.0,946195,7611.5,57686,199672,30662,169010,888509,0.5
1900-01-24 12:43:00,7611.0,940330,7611.5,122485,26999,104090,-77091,817845,0.5
1900-01-24 12:43:15,7611.0,484979,7611.5,620077,57704,12399,45305,-135098,0.5
1900-01-24 12:43:30,7611.0,832169,7611.5,887271,5574,30399,-24825,-55102,0.5
1900-01-24 12:43:45,7610.0,222277,7610.5,1045834,7255,827204,-819949,-823557,0.5
1900-01-24 12:44:00,7606.5,52255,7607.0,937049,10815,370916,-360101,-884794,0.5
1900-01-24 12:44:15,7604.0,915561,7604.5,527755,2,316464,-316462,387806,0.5
1900-01-24 12:44:30,7605.5,626235,7606.0,733197,81659,174327,-92668,-106962,0.5
1900-01-24 12:44:45,7607.5,550921,7608.0,1320,58450,25256,33194,549601,0.5
1900-01-24 12:45:00,7605.0,24013,7605.5,793725,29560,53849,-24289,-769712,0.5
1900-01-24 12:45:15,7604.5,7539,7605.0,831421,13969,60151,-46182,-823882,0.5
1900-01-24 12:45:30,7604.0,919510,7604.5,1827282,754,112484,-111730,-907772,0.5
1900-01-24 12:45:45,7604.0,860431,7604.5,1737325,4619,60451,-55832,-876894,0.5
1900-01-24 12:46:00,7604.0,833956,7604.5,1679368,2292,34481,-32189,-845412,0.5
1900-01-24 12:46:15,7604.0,664581,7604.5,1757383,411,186970,-186559,-1092802,0.5
1900-01-24 12:46:30,7600.0,709052,7600.5,510233,7895,593043,-585148,198819,0.5
1900-01-24 12:46:45,7600.0,1596534,7600.5,370515,125094,130875,-5781,1226019,0.5
1900-01-24 12:47:00,7599.0,1127910,7599.5,235951,81854,134443,-52589,891959,0.5
1900-01-24 12:47:15,7599.0,912921,7599.5,1217532,19442,72537,-53095,-304611,0.5
1900-01-24 12:47:30,7599.0,1086940,7599.5,1437628,2407,70367,-67960,-350688,0.5
1900-01-24 12:47:45,7599.0,20511,7599.5,2027903,13428,372478,-359050,-2007392,0.5
1900-01-24 12:48:00,7595.5,413293,7596.0,769647,7188,148320,-141132,-356354,0.5
1900-01-24 12:48:15,7595.5,880151,7596.0,806357,15770,22400,-6630,73794,0.5
1900-01-24 12:48:30,7595.5,1192268,7596.0,333149,41740,7150,34590,859119,0.5
1900-01-24 12:48:45,7597.0,1230564,7597.5,39638,217734,965,216769,1190926,0.5
1900-01-24 12:49:00,7598.5,1094667,7599.0,723619,293072,2953,290119,371048,0.5
1900-01-24 12:49:15,7598.5,1087878,7599.0,840919,10901,2688,8213,246959,0.5
1900-01-24 12:49:30,7595.5,346357,7596.0,1084141,2100,324696,-322596,-737784,0.5
1900-01-24 12:49:45,7595.5,1126511,7596.0,526920,4100,19596,-15496,599591,0.5
1900-01-24 12:50:00,7596.0,1226593,7596.5,1041376,275132,24904,250228,185217,0.5
1900-01-24 12:50:15,7596.0,999709,7596.5,964189,73060,39554,33506,35520,0.5
1900-01-24 12:50:30,7596.0,1430584,7596.5,874239,100200,3111,97089,556345,0.5
1900-01-24 12:50:45,7596.0,1300167,7596.5,693293,175930,16675,159255,606874,0.5
1900-01-24 12:51:00,7596.0,1663059,7596.5,669505,78020,230,77790,993554,0.5
1900-01-24 12:51:15,7596.5,1611276,7597.0,101689,568492,1671,566821,1509587,0.5
1900-01-24 12:51:30,7596.5,1931741,7597.0,42463,299873,900,298973,1889278,0.5
1900-01-24 12:51:45,7599.5,1387901,7600.0,395228,210441,506,209935,992673,0.5
1900-01-24 12:52:00,7606.5,1081324,7607.0,87590,615653,6831,608822,993734,0.5
1900-01-24 12:52:15,7609.0,1547998,7609.5,22768,128974,2103,126871,1525230,0.5
1900-01-24 12:52:30,7609.0,302723,7609.5,648848,140857,84147,56710,-346125,0.5
1900-01-24 12:52:45,7609.0,33320,7609.5,603312,60400,146945,-86545,-569992,0.5
1900-01-24 12:53:00,7613.0,773734,7613.5,615168,402699,87491,315208,158566,0.5
1900-01-24 12:53:15,7613.0,316190,7613.5,723341,123683,39355,84328,-407151,0.5
1900-01-24 12:53:30,7613.5,1076954,7614.0,11740,222036,36305,185731,1065214,0.5
1900-01-24 12:53:45,7616.0,1619931,7616.5,45120,249031,30319,218712,1574811,0.5
1900-01-24 12:54:00,7616.5,2029267,7617.0,328611,280151,14715,265436,1700656,0.5
1900-01-24 12:54:15,7616.5,229611,7617.0,1289540,105155,457567,-352412,-1059929,0.5
1900-01-24 12:54:30,7616.5,1066970,7617.0,980193,4870,28494,-23624,86777,0.5
1900-01-24 12:54:45,7616.5,1025272,7617.0,1172007,23353,10835,12518,-146735,0.5
1900-01-24 12:55:00,7616.5,1604102,7617.0,68014,22777,152631,-129854,1536088,0.5
1900-01-24 12:55:15,7617.5,1256827,7618.0,901182,247742,6172,241570,355645,0.5
1900-01-24 12:55:30,7616.5,1345574,7617.0,510615,27443,142255,-114812,834959,0.5
1900-01-24 12:55:45,7616.0,253392,7616.5,741601,40507,85049,-44542,-488209,0.5
1900-01-24 12:56:00,7615.5,277913,7616.0,1000072,10012,182505,-172493,-722159,0.5
1900-01-24 12:56:15,7613.5,862250,7614.0,863497,10047,200294,-190247,-1247,0.5
1900-01-24 12:56:30,7613.5,286664,7614.0,818809,3797,223686,-219889,-532145,0.5
1900-01-24 12:56:45,7613.5,547012,7614.0,1187242,16209,176033,-159824,-640230,0.5
1900-01-24 12:57:00,7613.5,1558174,7614.0,926738,2195,161367,-159172,631436,0.5
1900-01-24 12:57:15,7616.5,1012595,7617.0,33669,152538,5076,147462,978926,0.5
1900-01-24 12:57:30,7618.0,451622,7618.5,549925,160553,3476,157077,-98303,0.5
1900-01-24 12:57:45,7618.0,604775,7618.5,603175,43308,46843,-3535,1600,0.5
1900-01-24 12:58:00,7620.5,904436,7621.0,73879,96091,5892,90199,830557,0.5
1900-01-24 12:58:15,7621.0,457520,7621.5,684574,399150,8060,391090,-227054,0.5
1900-01-24 12:58:30,7640.0,846252,7640.5,403287,373094,456901,-83807,442965,0.5
1900-01-24 12:58:45,7629.0,53104,7629.5,165944,512750,667435,-154685,-112840,0.5
1900-01-24 12:59:00,7635.5,318520,7636.0,457531,253997,21831,232166,-139011,0.5
1900-01-24 12:59:15,7633.0,391111,7633.5,1018833,45470,258546,-213076,-627722,0.5
1900-01-24 12:59:30,7633.0,397628,7633.5,470935,202673,47498,155175,-73307,0.5
1900-01-24 12:59:45,7632.5,8699,7633.0,575959,13978,379537,-365559,-567260,0.5
1900-01-24 13:00:00,7631.5,445398,7632.0,416853,14001,192889,-178888,28545,0.5
1900-01-24 13:00:15,7631.5,59292,7632.0,1218507,23398,131228,-107830,-1159215,0.5
1900-01-24 13:00:30,7622.0,831423,7622.5,545439,42211,216243,-174032,285984,0.5
1900-01-24 13:00:45,7622.0,1027325,7622.5,676984,30858,99778,-68920,350341,0.5
1900-01-24 13:01:00,7624.5,276057,7625.0,587966,307635,71313,236322,-311909,0.5
1900-01-24 13:01:15,7625.0,1131013,7625.5,111549,221194,2285,218909,1019464,0.5
1900-01-24 13:01:30,7625.0,1407774,7625.5,741964,101828,31852,69976,665810,0.5
1900-01-24 13:01:45,7625.0,763201,7625.5,824894,27500,14079,13421,-61693,0.5
1900-01-24 13:02:00,7625.0,789180,7625.5,401667,92988,62678,30310,387513,0.5
1900-01-24 13:02:15,7625.0,1035968,7625.5,258200,4823,13900,-9077,777768,0.5
1900-01-24 13:02:30,7625.0,757896,7625.5,591812,7278,37273,-29995,166084,0.5
1900-01-24 13:02:45,7625.0,420573,7625.5,550930,12263,75805,-63542,-130357,0.5
1900-01-24 13:03:00,7624.0,773945,7624.5,609937,4401,241307,-236906,164008,0.5
1900-01-24 13:03:15,7624.0,1068492,7624.5,372092,2641,79150,-76509,696400,0.5
1900-01-24 13:03:30,7624.0,1936821,7624.5,156071,77014,3333,73681,1780750,0.5
1900-01-24 13:03:45,7631.5,1206729,7632.0,307832,302048,23388,278660,898897,0.5
1900-01-24 13:04:00,7631.5,329769,7632.0,755840,95907,9230,86677,-426071,0.5
1900-01-24 13:04:15,7639.5,320959,7640.0,516646,178919,29490,149429,-195687,0.5
1900-01-24 13:04:30,7640.0,1123964,7640.5,195315,386004,11999,374005,928649,0.5
1900-01-24 13:04:45,7642.0,2327884,7642.5,148039,156679,13479,143200,2179845,0.5
1900-01-24 13:05:00,7644.5,300095,7645.0,656906,160526,25257,135269,-356811,0.5
1900-01-24 13:05:15,7644.5,2584263,7645.0,689560,40981,79503,-38522,1894703,0.5
1900-01-24 13:05:30,7644.5,2013289,7645.0,570309,110850,395806,-284956,1442980,0.5
1900-01-24 13:05:45,7644.5,2324555,7645.0,552422,195216,258154,-62938,1772133,0.5
1900-01-24 13:06:00,7644.5,2350339,7645.0,534462,83672,127044,-43372,1815877,0.5
1900-01-24 13:06:15,7644.5,2425634,7645.0,350499,128942,6892,122050,2075135,0.5
1900-01-24 13:06:30,7648.0,745880,7648.5,47664,227424,12885,214539,698216,0.5
1900-01-24 13:06:45,7649.0,860154,7649.5,188374,251367,26089,225278,671780,0.5
1900-01-24 13:07:00,7649.5,1153117,7650.0,1028320,279027,61055,217972,124797,0.5
1900-01-24 13:07:15,7649.5,2313769,7650.0,606136,338347,8525,329822,1707633,0.5
1900-01-24 13:07:30,7655.5,367836,7656.0,109695,405485,70118,335367,258141,0.5
1900-01-24 13:07:45,7659.0,117747,7659.5,28414,530871,291415,239456,89333,0.5
1900-01-24 13:08:00,7655.5,355103,7656.0,982456,1271245,1347739,-76494,-627353,0.5
1900-01-24 13:08:15,7651.0,831858,7651.5,56168,361652,857304,-495652,775690,0.5
1900-01-24 13:08:30,7647.5,708573,7648.0,500683,132351,397725,-265374,207890,0.5
1900-01-24 13:08:45,7647.5,1587545,7648.0,1545634,8239,245098,-236859,41911,0.5
1900-01-24 13:09:00,7654.5,43236,7655.0,40724,313555,42351,271204,2512,0.5
1900-01-24 13:09:15,7674.5,16771,7675.0,178737,1194123,83822,1110301,-161966,0.5
1900-01-24 13:09:30,7665.5,917861,7666.0,579968,570922,761624,-190702,337893,0.5
1900-01-24 13:09:45,7662.0,210191,7662.5,924640,114161,450973,-336812,-714449,0.5
1900-01-24 13:10:00,7662.5,934447,7663.0,38363,192346,105722,86624,896084,0.5
1900-01-24 13:10:15,7666.0,576323,7666.5,897418,370313,80884,289429,-321095,0.5
1900-01-24 13:10:30,7667.5,676428,7668.0,360507,312194,82371,229823,315921,0.5
1900-01-24 13:10:45,7671.0,1198695,7671.5,54059,379605,2872,376733,1144636,0.5
1900-01-24 13:11:00,7672.0,577804,7672.5,325549,243744,106936,136808,252255,0.5
1900-01-24 13:11:15,7672.0,2507653,7672.5,127125,216671,107875,108796,2380528,0.5
1900-01-24 13:11:30,7672.0,2134001,7672.5,775870,159065,24895,134170,1358131,0.5
1900-01-24 13:11:45,7657.5,196129,7658.0,31675,65460,2885752,-2820292,164454,0.5
1900-01-24 13:12:00,7660.0,1012113,7660.5,74376,158632,107434,51198,937737,0.5
1900-01-24 13:12:15,7663.0,292789,7663.5,276791,68421,118331,-49910,15998,0.5
1900-01-24 13:12:30,7667.0,912785,7667.5,85679,129021,104279,24742,827106,0.5
1900-01-24 13:12:45,7667.5,150382,7668.0,711,42523,65209,-22686,149671,0.5
1900-01-24 13:13:00,7669.5,302914,7670.0,542400,23442,30058,-6616,-239486,0.5
1900-01-24 13:13:15,7671.5,656491,7672.0,338793,128343,45340,83003,317698,0.5
1900-01-24 13:13:30,7673.0,1060503,7673.5,2355,41300,37933,3367,1058148,0.5
1900-01-24 13:13:45,7674.0,666144,7674.5,117125,113515,7544,105971,549019,0.5
1900-01-24 13:14:00,7668.5,1069448,7669.0,134225,64966,665629,-600663,935223,0.5
1900-01-24 13:14:15,7674.5,557966,7675.0,146319,97422,23347,74075,411647,0.5
1900-01-24 13:14:30,7675.5,2272941,7676.0,52734,258538,72589,185949,2220207,0.5
1900-01-24 13:14:45,7679.5,625459,7680.0,1531549,479130,12926,466204,-906090,0.5
1900-01-24 13:15:00,7687.5,33829,7688.0,8450,1945036,84148,1860888,25379,0.5
1900-01-24 13:15:15,7679.5,1337865,7680.0,110332,202080,203503,-1423,1227533,0.5
1900-01-24 13:15:30,7687.0,7403,7687.5,49803,285098,58116,226982,-42400,0.5
1900-01-24 13:15:45,7684.0,437512,7684.5,7758,190065,113591,76474,429754,0.5
1900-01-24 13:16:00,7684.0,48819,7684.5,722975,115030,53869,61161,-674156,0.5
1900-01-24 13:16:15,7674.5,325429,7675.0,355815,107164,531624,-424460,-30386,0.5
1900-01-24 13:16:30,7674.5,853670,7675.0,423194,170037,122017,48020,430476,0.5
1900-01-24 13:16:45,7668.0,1281963,7668.5,365609,27952,296165,-268213,916354,0.5
1900-01-24 13:17:00,7667.0,11395,7667.5,600669,53530,113847,-60317,-589274,0.5
1900-01-24 13:17:15,7661.0,569140,7661.5,485036,22434,435690,-413256,84104,0.5
1900-01-24 13:17:30,7666.0,142,7666.5,801858,245713,73246,172467,-801716,0.5
1900-01-24 13:17:45,7665.0,236939,7665.5,1210780,14323,227160,-212837,-973841,0.5
1900-01-24 13:18:00,7661.0,105348,7661.5,1273541,17415,718382,-700967,-1168193,0.5
1900-01-24 13:18:15,7657.5,353729,7658.0,1034005,4426,411641,-407215,-680276,0.5
1900-01-24 13:18:30,7657.5,435683,7658.0,1212750,13401,340330,-326929,-777067,0.5
1900-01-24 13:18:45,7657.5,758941,7658.0,329983,148071,233034,-84963,428958,0.5
1900-01-24 13:19:00,7658.5,1195041,7659.0,3973,232975,21416,211559,1191068,0.5
1900-01-24 13:19:15,7660.5,940429,7661.0,773594,678689,46529,632160,166835,0.5
1900-01-24 13:19:30,7660.0,100787,7660.5,1163182,55596,75280,-19684,-1062395,0.5
1900-01-24 13:19:45,7661.5,1003416,7662.0,26249,101787,24398,77389,977167,0.5
1900-01-24 13:20:00,7663.0,686719,7663.5,4190,40135,9153,30982,682529,0.5
1900-01-24 13:20:15,7664.5,1404175,7665.0,232272,78913,41852,37061,1171903,0.5
1900-01-24 13:20:30,7668.5,371882,7669.0,64798,89466,4751,84715,307084,0.5
1900-01-24 13:20:45,7668.5,1126320,7669.0,448823,151578,2984,148594,677497,0.5
1900-01-24 13:21:00,7674.5,1257947,7675.0,423119,311235,45390,265845,834828,0.5
1900-01-24 13:21:15,7665.0,249095,7665.5,6905,92391,222307,-129916,242190,0.5
1900-01-24 13:21:30,7669.0,1374065,7669.5,127195,16631,54575,-37944,1246870,0.5
1900-01-24 13:21:45,7674.5,247370,7675.0,857949,179342,141202,38140,-610579,0.5
1900-01-24 13:22:00,7664.5,522657,7665.0,458708,30097,296880,-266783,63949,0.5
1900-01-24 13:22:15,7664.5,998211,7665.0,243224,93133,20229,72904,754987,0.5
1900-01-24 13:22:30,7665.0,994113,7665.5,570,26514,9861,16653,993543,0.5
1900-01-24 13:22:45,7664.0,754460,7664.5,510194,82322,43988,38334,244266,0.5
1900-01-24 13:23:00,7661.5,2013877,7662.0,172841,58662,250471,-191809,1841036,0.5
1900-01-24 13:23:15,7661.5,1982911,7662.0,343330,13476,102691,-89215,1639581,0.5
1900-01-24 13:23:30,7661.5,2323579,7662.0,114743,55029,6544,48485,2208836,0.5
1900-01-24 13:23:45,7661.5,2260168,7662.0,89171,96491,5550,90941,2170997,0.5
1900-01-24 13:24:00,7655.0,475891,7655.5,1007405,25711,242137,-216426,-531514,0.5
1900-01-24 13:24:15,7650.0,252581,7650.5,148715,42227,390081,-347854,103866,0.5
1900-01-24 13:24:30,7649.0,386772,7649.5,549126,72634,157989,-85355,-162354,0.5
1900-01-24 13:24:45,7645.5,383287,7646.0,446451,84479,390812,-306333,-63164,0.5
1900-01-24 13:25:00,7648.5,598588,7649.0,170600,213588,200176,13412,427988,0.5
1900-01-24 13:25:15,7649.0,406066,7649.5,188066,167381,36276,131105,218000,0.5
1900-01-24 13:25:30,7649.0,419859,7649.5,175787,41575,96212,-54637,244072,0.5
1900-01-24 13:25:45,7649.0,384857,7649.5,225033,140841,17399,123442,159824,0.5
1900-01-24 13:26:00,7649.0,560884,7649.5,51793,58667,33194,25473,509091,0.5
1900-01-24 13:26:15,7651.0,256250,7651.5,1002840,123581,4696,118885,-746590,0.5
1900-01-24 13:26:30,7653.5,341329,7654.0,550084,84970,27164,57806,-208755,0.5
1900-01-24 13:26:45,7653.5,422680,7654.0,662816,8599,14826,-6227,-240136,0.5
1900-01-24 13:27:00,7654.5,958798,7655.0,18306,291379,8117,283262,940492,0.5
1900-01-24 13:27:15,7655.5,555527,7656.0,941433,29170,34891,-5721,-385906,0.5
1900-01-24 13:27:30,7658.0,221081,7658.5,555369,219976,14292,205684,-334288,0.5
1900-01-24 13:27:45,7658.0,11659,7658.5,781697,89689,143450,-53761,-770038,0.5
1900-01-24 13:28:00,7658.0,952118,7658.5,498310,62248,45809,16439,453808,0.5
1900-01-24 13:28:15,7658.0,1206216,7658.5,114432,13310,27110,-13800,1091784,0.5
1900-01-24 13:28:30,7659.0,1113662,7659.5,183180,85308,5246,80062,930482,0.5
1900-01-24 13:28:45,7659.0,165817,7659.5,550925,32341,4102,28239,-385108,0.5
1900-01-24 13:29:00,7659.0,57895,7659.5,865476,19003,61924,-42921,-807581,0.5
1900-01-24 13:29:15,7659.0,1072834,7659.5,916496,718,59210,-58492,156338,0.5
1900-01-24 13:29:30,7659.0,1015041,7659.5,980510,18302,51500,-33198,34531,0.5
1900-01-24 13:29:45,7659.0,973549,7659.5,778983,117275,235198,-117923,194566,0.5
1900-01-24 13:30:00,7659.0,889653,7659.5,1012470,102490,46873,55617,-122817,0.5
1900-01-24 13:30:15,7655.0,453766,7655.5,349072,86853,715524,-628671,104694,0.5
1900-01-24 13:30:30,7654.0,47021,7654.5,1255616,8580,176316,-167736,-1208595,0.5
1900-01-24 13:30:45,7654.0,12318,7654.5,1185692,11700,45150,-33450,-1173374,0.5
1900-01-24 13:31:00,7650.0,915400,7650.5,706951,47721,289110,-241389,208449,0.5
1900-01-24 13:31:15,7650.0,948767,7650.5,705123,17568,95326,-77758,243644,0.5
1900-01-24 13:31:30,7650.0,69719,7650.5,1612772,3484,350468,-346984,-1543053,0.5
1900-01-24 13:31:45,7649.0,228672,7649.5,1200453,50,57781,-57731,-971781,0.5
1900-01-24 13:32:00,7648.0,616613,7648.5,325975,640,114162,-113522,290638,0.5
1900-01-24 13:32:15,7647.5,20410,7648.0,1373428,10563,50291,-39728,-1353018,0.5
1900-01-24 13:32:30,7646.0,20745,7646.5,1140688,20794,351197,-330403,-1119943,0.5
1900-01-24 13:32:45,7645.0,623683,7645.5,481536,45081,263357,-218276,142147,0.5
1900-01-24 13:33:00,7649.0,1428533,7649.5,85596,125167,10959,114208,1342937,0.5
1900-01-24 13:33:15,7650.5,296137,7651.0,1066460,142418,553,141865,-770323,0.5
1900-01-24 13:33:30,7647.0,583444,7647.5,197642,37356,195858,-158502,385802,0.5
1900-01-24 13:33:45,7644.0,622409,7644.5,670320,11947,241335,-229388,-47911,0.5
1900-01-24 13:34:00,7644.5,806887,7645.0,31345,22422,123451,-101029,775542,0.5
1900-01-24 13:34:15,7647.0,257479,7647.5,959447,39887,20062,19825,-701968,0.5
1900-01-24 13:34:30,7644.5,57184,7645.0,1397471,2527,96731,-94204,-1340287,0.5
1900-01-24 13:34:45,7644.0,752313,7644.5,127380,70084,134944,-64860,624933,0.5
1900-01-24 13:35:00,7646.5,193374,7647.0,1035862,107887,7148,100739,-842488,0.5
1900-01-24 13:35:15,7646.5,1061220,7647.0,737926,55396,24829,30567,323294,0.5
1900-01-24 13:35:30,7648.0,854069,7648.5,121982,24163,14020,10143,732087,0.5
1900-01-24 13:35:45,7649.5,917643,7650.0,846684,216259,12664,203595,70959,0.5
1900-01-24 13:36:00,7649.5,901043,7650.0,783232,153562,73846,79716,117811,0.5
1900-01-24 13:36:15,7653.5,961799,7654.0,53530,704464,462,704002,908269,0.5
1900-01-24 13:36:30,7653.5,420460,7654.0,845081,177143,81333,95810,-424621,0.5
1900-01-24 13:36:45,7653.5,636038,7654.0,923564,58612,91375,-32763,-287526,0.5
1900-01-24 13:37:00,7653.5,250492,7654.0,1387928,20790,39445,-18655,-1137436,0.5
1900-01-24 13:37:15,7644.5,78306,7645.0,1308634,24930,166788,-141858,-1230328,0.5
1900-01-24 13:37:30,7643.5,6552,7644.0,1482333,20410,63018,-42608,-1475781,0.5
1900-01-24 13:37:45,7643.5,1350683,7644.0,418107,68996,114492,-45496,932576,0.5
1900-01-24 13:38:00,7646.5,695862,7647.0,3215,75858,3623,72235,692647,0.5
1900-01-24 13:38:15,7648.0,158114,7648.5,1030551,100666,1447,99219,-872437,0.5
1900-01-24 13:38:30,7645.0,525826,7645.5,218068,1438,122824,-121386,307758,0.5
1900-01-24 13:38:45,7648.0,130036,7648.5,1230057,7796,41921,-34125,-1100021,0.5
1900-01-24 13:39:00,7647.0,4628,7647.5,821383,1383,46392,-45009,-816755,0.5
1900-01-24 13:39:15,7645.0,560927,7645.5,1215337,7200,16566,-9366,-654410,0.5
1900-01-24 13:39:30,7645.0,1126040,7645.5,227538,40561,9638,30923,898502,0.5
1900-01-24 13:39:45,7645.0,1191147,7645.5,99972,87591,50979,36612,1091175,0.5
1900-01-24 13:40:00,7647.5,1187441,7648.0,37415,20210,1238,18972,1150026,0.5
1900-01-24 13:40:15,7648.5,631207,7649.0,416172,93144,20,93124,215035,0.5
1900-01-24 13:40:30,7649.5,614768,7650.0,89984,155892,5513,150379,524784,0.5
1900-01-24 13:40:45,7652.5,740311,7653.0,151297,332342,5893,326449,589014,0.5
1900-01-24 13:41:00,7658.5,905767,7659.0,380490,451255,684,450571,525277,0.5
1900-01-24 13:41:15,7659.0,1728104,7659.5,68764,79394,33958,45436,1659340,0.5
1900-01-24 13:41:30,7659.0,1245563,7659.5,381377,98827,16845,81982,864186,0.5
1900-01-24 13:41:45,7658.5,726822,7659.0,1227096,47462,106572,-59110,-500274,0.5
1900-01-24 13:42:00,7657.5,36281,7658.0,737702,30365,488096,-457731,-701421,0.5
1900-01-24 13:42:15,7657.5,306338,7658.0,811379,4722,7681,-2959,-505041,0.5
1900-01-24 13:42:30,7657.0,1216428,7657.5,100481,6898,102354,-95456,1115947,0.5
1900-01-24 13:42:45,7659.0,754496,7659.5,277125,197556,50145,147411,477371,0.5
1900-01-24 13:43:00,7659.0,803958,7659.5,275844,111825,13222,98603,528114,0.5
1900-01-24 13:43:15,7659.0,744716,7659.5,855235,24722,8250,16472,-110519,0.5
1900-01-24 13:43:30,7659.0,779468,7659.5,1608162,1,2502,-2501,-828694,0.5
1900-01-24 13:43:45,7659.0,1505219,7659.5,756983,44338,17609,26729,748236,0.5
1900-01-24 13:44:00,7659.5,819684,7660.0,862166,240374,3261,237113,-42482,0.5
1900-01-24 13:44:15,7659.5,1171514,7660.0,949364,55352,10981,44371,222150,0.5
1900-01-24 13:44:30,7659.5,1491283,7660.0,1545487,11976,10981,995,-54204,0.5
1900-01-24 13:44:45,7659.5,1312344,7660.0,1759160,21744,1016,20728,-446816,0.5
1900-01-24 13:45:00,7662.0,487605,7662.5,584325,511759,10152,501607,-96720,0.5
1900-01-24 13:45:15,7662.0,1372396,7662.5,148417,92972,11000,81972,1223979,0.5
1900-01-24 13:45:30,7665.5,640862,7666.0,184599,150130,24964,125166,456263,0.5
1900-01-24 13:45:45,7665.5,758650,7666.0,557952,162188,7020,155168,200698,0.5
1900-01-24 13:46:00,7665.5,1273726,7666.0,184771,16170,5106,11064,1088955,0.5
1900-01-24 13:46:15,7665.5,1838606,7666.0,81594,11444,25091,-13647,1757012,0.5
1900-01-24 13:46:30,7663.0,304354,7663.5,759062,11991,126634,-114643,-454708,0.5
1900-01-24 13:46:45,7663.0,92107,7663.5,1707923,14110,59686,-45576,-1615816,0.5
1900-01-24 13:47:00,7663.0,1057660,7663.5,507907,26773,37299,-10526,549753,0.5
1900-01-24 13:47:15,7663.0,104731,7663.5,1780247,12520,13280,-760,-1675516,0.5
1900-01-24 13:47:30,7663.0,1828140,7663.5,172868,13305,16943,-3638,1655272,0.5
1900-01-24 13:47:45,7663.0,1880875,7663.5,178125,50043,133221,-83178,1702750,0.5
1900-01-24 13:48:00,7665.0,1331050,7665.5,55372,124699,57688,67011,1275678,0.5
1900-01-24 13:48:15,7667.5,1242139,7668.0,363161,863201,889,862312,878978,0.5
1900-01-24 13:48:30,7672.5,1045884,7673.0,432785,120394,3412,116982,613099,0.5
1900-01-24 13:48:45,7674.0,748978,7674.5,65179,261129,64675,196454,683799,0.5
1900-01-24 13:49:00,7677.5,21823,7678.0,277069,92948,56949,35999,-255246,0.5
1900-01-24 13:49:15,7678.0,1207908,7678.5,56326,148030,67107,80923,1151582,0.5
1900-01-24 13:49:30,7673.0,333352,7673.5,84,69181,352601,-283420,333268,0.5
1900-01-24 13:49:45,7670.0,18934,7670.5,81071,133707,379356,-245649,-62137,0.5
1900-01-24 13:50:00,7670.0,117062,7670.5,13135,23488,89487,-65999,103927,0.5
1900-01-24 13:50:15,7672.5,896499,7673.0,23224,38092,15674,22418,873275,0.5
1900-01-24 13:50:30,7673.5,1114474,7674.0,254013,65049,13586,51463,860461,0.5
1900-01-24 13:50:45,7673.5,511419,7674.0,625268,140970,118082,22888,-113849,0.5
1900-01-24 13:51:00,7673.5,901023,7674.0,517582,72039,172577,-100538,383441,0.5
1900-01-24 13:51:15,7673.5,1141100,7674.0,214352,107821,31140,76681,926748,0.5
1900-01-24 13:51:30,7674.0,1407024,7674.5,151187,48789,131475,-82686,1255837,0.5
1900-01-24 13:51:45,7674.0,1454127,7674.5,545617,49022,30481,18541,908510,0.5
1900-01-24 13:52:00,7674.0,1451773,7674.5,553372,29930,7158,22772,898401,0.5
1900-01-24 13:52:15,7674.0,1971370,7674.5,107991,126883,12800,114083,1863379,0.5
1900-01-24 13:52:30,7675.0,1204744,7675.5,264431,59870,18752,41118,940313,0.5
1900-01-24 13:52:45,7675.0,1868463,7675.5,17094,78781,37670,41111,1851369,0.5
1900-01-24 13:53:00,7676.0,836299,7676.5,1462,25471,22797,2674,834837,0.5
1900-01-24 13:53:15,7677.5,1712459,7678.0,133878,106236,8221,98015,1578581,0.5
1900-01-24 13:53:30,7679.0,1679332,7679.5,9519,14843,54795,-39952,1669813,0.5
1900-01-24 13:53:45,7679.0,134978,7679.5,437475,19362,11260,8102,-302497,0.5
1900-01-24 13:54:00,7668.5,698434,7669.0,169746,21404,667216,-645812,528688,0.5
1900-01-24 13:54:15,7668.5,1661197,7669.0,366888,11927,87937,-76010,1294309,0.5
1900-01-24 13:54:30,7668.5,1514543,7669.0,56772,42694,296534,-253840,1457771,0.5
1900-01-24 13:54:45,7670.0,1292423,7670.5,460468,9979,32424,-22445,831955,0.5
1900-01-24 13:55:00,7668.5,133016,7669.0,682102,70246,76010,-5764,-549086,0.5
1900-01-24 13:55:15,7668.0,108651,7668.5,1250663,91220,1000327,-909107,-1142012,0.5
1900-01-24 13:55:30,7665.0,132072,7665.5,897077,3330,182499,-179169,-765005,0.5
1900-01-24 13:55:45,7665.0,926791,7665.5,503089,14524,80373,-65849,423702,0.5
1900-01-24 13:56:00,7665.0,932497,7665.5,699976,15000,252615,-237615,232521,0.5
1900-01-24 13:56:15,7665.0,622931,7665.5,1034498,13281,49098,-35817,-411567,0.5
1900-01-24 13:56:30,7665.0,104626,7665.5,2084990,136,342996,-342860,-1980364,0.5
1900-01-24 13:56:45,7662.5,202411,7663.0,1077324,30692,301390,-270698,-874913,0.5
1900-01-24 13:57:00,7662.5,303453,7663.0,1748287,10556,145694,-135138,-1444834,0.5
1900-01-24 13:57:15,7659.5,65452,7660.0,1976313,3241,220948,-217707,-1910861,0.5
1900-01-24 13:57:30,7658.5,60394,7659.0,1740085,15900,114637,-98737,-1679691,0.5
1900-01-24 13:57:45,7658.0,647357,7658.5,917730,47105,56461,-9356,-270373,0.5
1900-01-24 13:58:00,7658.0,18998,7658.5,1840918,2471,701948,-699477,-1821920,0.5
1900-01-24 13:58:15,7658.0,723151,7658.5,824788,2226,128404,-126178,-101637,0.5
1900-01-24 13:58:30,7658.0,699742,7658.5,883284,26122,88412,-62290,-183542,0.5
1900-01-24 13:58:45,7658.0,813234,7658.5,894760,14461,4002,10459,-81526,0.5
1900-01-24 13:59:00,7658.0,905222,7658.5,890956,11673,4211,7462,14266,0.5
1900-01-24 13:59:15,7658.0,955123,7658.5,747478,7322,6757,565,207645,0.5
1900-01-24 13:59:30,7658.0,852798,7658.5,948945,3431,143734,-140303,-96147,0.5
1900-01-24 13:59:45,7658.0,1109898,7658.5,732231,93898,2275,91623,377667,0.5
1900-01-24 14:00:00,7658.0,222522,7658.5,254357,87046,436082,-349036,-31835,0.5
1900-01-24 14:00:15,7658.5,891243,7659.0,273207,10224,133681,-123457,618036,0.5
1900-01-24 14:00:30,7658.5,838007,7659.0,402522,60515,18773,41742,435485,0.5
1900-01-24 14:00:45,7658.5,887603,7659.0,670010,30413,4000,26413,217593,0.5
1900-01-24 14:01:00,7662.5,171819,7663.0,50594,502165,1830,500335,121225,0.5
1900-01-24 14:01:15,7663.5,920342,7664.0,144569,77918,4020,73898,775773,0.5
1900-01-24 14:01:30,7669.5,331330,7670.0,583633,140587,20941,119646,-252303,0.5
1900-01-24 14:01:45,7671.5,790556,7672.0,559,623704,3916,619788,789997,0.5
1900-01-24 14:02:00,7679.5,543149,7680.0,687423,151016,10864,140152,-144274,0.5
1900-01-24 14:02:15,7678.5,127530,7679.0,1252674,88811,273975,-185164,-1125144,0.5
1900-01-24 14:02:30,7678.5,807820,7679.0,519468,24583,176638,-152055,288352,0.5
1900-01-24 14:02:45,7678.5,1392517,7679.0,7780,221199,20839,200360,1384737,0.5
1900-01-24 14:03:00,7690.0,376833,7690.5,18813,496418,17161,479257,358020,0.5
1900-01-24 14:03:15,7691.0,6970,7691.5,54329,1889556,318248,1571308,-47359,0.5
1900-01-24 14:03:30,7694.5,1149945,7695.0,73367,328785,94803,233982,1076578,0.5
1900-01-24 14:03:45,7687.0,128603,7687.5,284972,195496,568238,-372742,-156369,0.5
1900-01-24 14:04:00,7693.0,271302,7693.5,61488,134994,110994,24000,209814,0.5
1900-01-24 14:04:15,7700.5,73005,7701.0,340356,558776,99452,459324,-267351,0.5
1900-01-24 14:04:30,7706.5,80511,7707.0,579207,1642405,55585,1586820,-498696,0.5
1900-01-24 14:04:45,7709.5,112440,7710.0,719884,324042,270537,53505,-607444,0.5
1900-01-24 14:05:00,7713.0,570766,7713.5,16249,595128,336883,258245,554517,0.5
1900-01-24 14:05:15,7707.0,116541,7707.5,14496,393326,921475,-528149,102045,0.5
1900-01-24 14:05:30,7705.0,174163,7705.5,639418,242604,198842,43762,-465255,0.5
1900-01-24 14:05:45,7705.0,218885,7705.5,458524,147223,87610,59613,-239639,0.5
1900-01-24 14:06:00,7704.0,631079,7704.5,437593,300784,542430,-241646,193486,0.5
1900-01-24 14:06:15,7703.5,408194,7704.0,976296,22776,997541,-974765,-568102,0.5
1900-01-24 14:06:30,7697.5,986541,7698.0,227358,26060,764004,-737944,759183,0.5
1900-01-24 14:06:45,7697.5,118899,7698.0,872691,18327,332670,-314343,-753792,0.5
1900-01-24 14:07:00,7697.5,975350,7698.0,343929,135879,198696,-62817,631421,0.5
1900-01-24 14:07:15,7699.5,1321783,7700.0,508359,175570,38665,136905,813424,0.5
1900-01-24 14:07:30,7703.5,886179,7704.0,3039,433171,3121,430050,883140,0.5
1900-01-24 14:07:45,7708.0,1704892,7708.5,11342,172418,27404,145014,1693550,0.5
1900-01-24 14:08:00,7715.0,545886,7715.5,139974,309876,72070,237806,405912,0.5
1900-01-24 14:08:15,7715.0,859785,7715.5,295867,555539,483240,72299,563918,0.5
1900-01-24 14:08:30,7720.0,80953,7720.5,26374,1091969,277198,814771,54579,0.5
1900-01-24 14:08:45,7724.0,1467,7726.5,135119,1662595,103939,1558656,-133652,2.5
1900-01-24 14:09:00,7721.0,509148,7721.5,451689,306221,631435,-325214,57459,0.5
1900-01-24 14:09:15,7721.0,844551,7721.5,93604,228495,657914,-429419,750947,0.5
1900-01-24 14:09:30,7720.0,150654,7720.5,569459,102272,316121,-213849,-418805,0.5
1900-01-24 14:09:45,7715.0,894942,7715.5,745663,75653,357150,-281497,149279,0.5
1900-01-24 14:10:00,7715.0,1986870,7715.5,111131,181292,60679,120613,1875739,0.5
1900-01-24 14:10:15,7717.5,1613260,7718.0,44053,270998,213290,57708,1569207,0.5
1900-01-24 14:10:30,7724.5,531688,7725.0,230870,115223,36903,78320,300818,0.5
1900-01-24 14:10:45,7724.5,652811,7725.0,450598,82544,169263,-86719,202213,0.5
1900-01-24 14:11:00,7724.5,1119550,7725.0,499618,197178,500644,-303466,619932,0.5
1900-01-24 14:11:15,7724.5,164019,7725.0,654259,106967,224380,-117413,-490240,0.5
1900-01-24 14:11:30,7720.0,1187619,7720.5,510921,38664,154738,-116074,676698,0.5
1900-01-24 14:11:45,7724.5,1005193,7725.0,448422,303266,145503,157763,556771,0.5
1900-01-24 14:12:00,7724.0,1380781,7724.5,71876,34015,604216,-570201,1308905,0.5
1900-01-24 14:12:15,7722.0,997292,7722.5,122499,77714,396059,-318345,874793,0.5
1900-01-24 14:12:30,7722.0,1419206,7722.5,400402,32473,37306,-4833,1018804,0.5
1900-01-24 14:12:45,7729.5,455055,7730.0,68148,937592,64358,873234,386907,0.5
1900-01-24 14:13:00,7732.5,786990,7733.0,482256,794445,111950,682495,304734,0.5
1900-01-24 14:13:15,7734.5,216984,7735.0,266654,1547212,136077,1411135,-49670,0.5
1900-01-24 14:13:30,7738.5,693348,7739.0,526895,638261,92396,545865,166453,0.5
1900-01-24 14:13:45,7734.0,477603,7734.5,221707,364699,606216,-241517,255896,0.5
1900-01-24 14:14:00,7732.5,1281399,7733.0,137514,288530,515857,-227327,1143885,0.5
1900-01-24 14:14:15,7738.5,94605,7739.0,28839,101539,36854,64685,65766,0.5
1900-01-24 14:14:30,7728.5,198237,7729.0,1050020,210971,382513,-171542,-851783,0.5
1900-01-24 14:14:45,7733.0,310754,7733.5,31899,835734,242304,593430,278855,0.5
1900-01-24 14:15:00,7734.0,262921,7734.5,343217,620604,294955,325649,-80296,0.5
1900-01-24 14:15:15,7736.5,1436976,7737.0,504816,799795,98247,701548,932160,0.5
1900-01-24 14:15:30,7735.5,265492,7736.0,465478,255917,272654,-16737,-199986,0.5
1900-01-24 14:15:45,7725.0,268622,7725.5,919787,42299,455906,-413607,-651165,0.5
1900-01-24 14:16:00,7724.0,148655,7724.5,1092732,37250,279696,-242446,-944077,0.5
1900-01-24 14:16:15,7720.5,274494,7721.0,832251,136345,840195,-703850,-557757,0.5
1900-01-24 14:16:30,7720.5,709844,7721.0,567967,393338,80895,312443,141877,0.5
1900-01-24 14:16:45,7720.5,480235,7721.0,812488,47649,129072,-81423,-332253,0.5
1900-01-24 14:17:00,7720.5,686961,7721.0,628670,90461,107196,-16735,58291,0.5
1900-01-24 14:17:15,7720.0,297499,7720.5,1140472,48892,287386,-238494,-842973,0.5
1900-01-24 14:17:30,7717.0,706136,7717.5,588764,23721,517893,-494172,117372,0.5
1900-01-24 14:17:45,7717.0,665298,7717.5,974511,23191,290972,-267781,-309213,0.5
1900-01-24 14:18:00,7717.0,655789,7717.5,690049,10017,125219,-115202,-34260,0.5
1900-01-24 14:18:15,7716.0,292628,7716.5,1045619,85742,280493,-194751,-752991,0.5
1900-01-24 14:18:30,7716.0,1235368,7716.5,200238,195798,194210,1588,1035130,0.5
1900-01-24 14:18:45,7719.5,181334,7720.0,1105242,216940,60481,156459,-923908,0.5
1900-01-24 14:19:00,7719.5,159476,7720.0,1245906,68669,43388,25281,-1086430,0.5
1900-01-24 14:19:15,7719.5,1187934,7720.0,250671,234516,32864,201652,937263,0.5
1900-01-24 14:19:30,7725.5,279563,7726.0,66955,102390,42978,59412,212608,0.5
1900-01-24 14:19:45,7726.5,407240,7727.0,7961,94069,18599,75470,399279,0.5
1900-01-24 14:20:00,7732.5,1357393,7733.0,494670,268405,6889,261516,862723,0.5
1900-01-24 14:20:15,7732.5,253210,7733.0,1214641,296521,61446,235075,-961431,0.5
1900-01-24 14:20:30,7726.0,135286,7726.5,955865,131446,310510,-179064,-820579,0.5
1900-01-24 14:20:45,7718.0,948805,7718.5,412775,27790,268794,-241004,536030,0.5
1900-01-24 14:21:00,7718.0,1392991,7718.5,368266,18644,67534,-48890,1024725,0.5
1900-01-24 14:21:15,7720.0,1055267,7720.5,318180,251450,27166,224284,737087,0.5
1900-01-24 14:21:30,7720.0,1176281,7720.5,999282,7380,30840,-23460,176999,0.5
1900-01-24 14:21:45,7717.0,36181,7717.5,1186209,13263,313871,-300608,-1150028,0.5
1900-01-24 14:22:00,7711.0,99419,7711.5,872035,48140,387898,-339758,-772616,0.5
1900-01-24 14:22:15,7706.5,679470,7707.0,738221,4448,431340,-426892,-58751,0.5
1900-01-24 14:22:30,7706.5,151749,7707.0,1209867,29139,156303,-127164,-1058118,0.5
1900-01-24 14:22:45,7707.5,1376690,7708.0,43130,180031,30796,149235,1333560,0.5
1900-01-24 14:23:00,7714.0,235704,7714.5,994031,151523,25264,126259,-758327,0.5
1900-01-24 14:23:15,7714.0,296113,7714.5,952488,180991,76437,104554,-656375,0.5
1900-01-24 14:23:30,7712.5,72179,7713.0,1392556,24520,249335,-224815,-1320377,0.5
1900-01-24 14:23:45,7712.5,265717,7713.0,931399,12109,70556,-58447,-665682,0.5
1900-01-24 14:24:00,7712.5,508855,7713.0,932941,34160,35723,-1563,-424086,0.5
1900-01-24 14:24:15,7712.5,1603675,7713.0,199702,123324,39485,83839,1403973,0.5
1900-01-24 14:24:30,7712.5,1562809,7713.0,37228,81197,33571,47626,1525581,0.5
1900-01-24 14:24:45,7713.5,313554,7714.0,533699,30448,2687,27761,-220145,0.5
1900-01-24 14:25:00,7714.5,1049573,7715.0,745417,16786,49075,-32289,304156,0.5
1900-01-24 14:25:15,7714.5,1244630,7715.0,369609,4882,31398,-26516,875021,0.5
1900-01-24 14:25:30,7714.5,622911,7715.0,883433,11071,19251,-8180,-260522,0.5
1900-01-24 14:25:45,7714.5,9793,7715.0,1174154,27564,77847,-50283,-1164361,0.5
1900-01-24 14:26:00,7714.5,1056289,7715.0,659642,6824,116866,-110042,396647,0.5
1900-01-24 14:26:15,7717.0,1548059,7717.5,15139,177809,23411,154398,1532920,0.5
1900-01-24 14:26:30,7717.5,1679257,7718.0,86624,68422,7901,60521,1592633,0.5
1900-01-24 14:26:45,7719.5,407949,7720.0,787963,166876,20198,146678,-380014,0.5
1900-01-24 14:27:00,7717.0,973916,7717.5,445861,25493,82284,-56791,528055,0.5
1900-01-24 14:27:15,7718.0,554934,7718.5,9493,399434,29482,369952,545441,0.5
1900-01-24 14:27:30,7715.5,397371,7716.0,914962,13270,249976,-236706,-517591,0.5
1900-01-24 14:27:45,7715.0,922567,7715.5,1150451,42690,173351,-130661,-227884,0.5
1900-01-24 14:28:00,7715.0,655144,7715.5,1342687,1962,295938,-293976,-687543,0.5
1900-01-24 14:28:15,7713.0,99914,7713.5,1237887,2821,773316,-770495,-1137973,0.5
1900-01-24 14:28:30,7712.5,227755,7713.0,1252634,260700,122478,138222,-1024879,0.5
1900-01-24 14:28:45,7712.0,13991,7712.5,1658271,2270,459048,-456778,-1644280,0.5
1900-01-24 14:29:00,7711.5,753291,7712.0,208061,17712,33463,-15751,545230,0.5
1900-01-24 14:29:15,7711.5,921419,7712.0,1124546,11987,17591,-5604,-203127,0.5
1900-01-24 14:29:30,7711.5,1188196,7712.0,749833,69317,13138,56179,438363,0.5
1900-01-24 14:29:45,7711.5,85600,7712.0,1565265,32946,19366,13580,-1479665,0.5
1900-01-24 14:30:00,7711.5,488302,7712.0,355557,24921,33522,-8601,132745,0.5
1900-01-24 14:30:15,7711.5,682183,7712.0,767847,36467,42187,-5720,-85664,0.5
1900-01-24 14:30:30,7711.5,1004831,7712.0,44837,36582,17637,18945,959994,0.5
1900-01-24 14:30:45,7712.5,1133700,7713.0,389092,190900,560,190340,744608,0.5
1900-01-24 14:31:00,7714.0,989069,7714.5,43826,268009,20010,247999,945243,0.5
1900-01-24 14:31:15,7714.5,482044,7715.0,1000695,149826,13320,136506,-518651,0.5
1900-01-24 14:31:30,7714.5,528070,7715.0,852281,29381,17268,12113,-324211,0.5
1900-01-24 14:31:45,7714.5,607196,7715.0,969367,74994,14845,60149,-362171,0.5
1900-01-24 14:32:00,7714.5,1279423,7715.0,3457,67475,11909,55566,1275966,0.5
1900-01-24 14:32:15,7717.5,601847,7718.0,390246,141772,1812,139960,211601,0.5
1900-01-24 14:32:30,7720.0,1467267,7720.5,10278,481717,8347,473370,1456989,0.5
1900-01-24 14:32:45,7727.5,1028,7728.0,402716,264429,121401,143028,-401688,0.5
1900-01-24 14:33:00,7727.0,731077,7727.5,510894,229100,101762,127338,220183,0.5
1900-01-24 14:33:15,7729.5,1146708,7730.0,808046,70276,60869,9407,338662,0.5
1900-01-24 14:33:30,7732.0,245475,7732.5,431282,349400,58838,290562,-185807,0.5
1900-01-24 14:33:45,7731.0,1365679,7731.5,519548,60103,141957,-81854,846131,0.5
1900-01-24 14:34:00,7731.0,401759,7731.5,970737,23905,52592,-28687,-568978,0.5
1900-01-24 14:34:15,7731.0,1642794,7731.5,508434,87632,118480,-30848,1134360,0.5
1900-01-24 14:34:30,7730.0,188714,7730.5,1019051,10770,246054,-235284,-830337,0.5
1900-01-24 14:34:45,7726.5,537083,7727.0,887345,21186,128452,-107266,-350262,0.5
1900-01-24 14:35:00,7724.0,1209553,7724.5,431477,8101,149285,-141184,778076,0.5
1900-01-24 14:35:15,7720.0,31430,7721.5,758612,7221,38488,-31267,-727182,1.5
1900-01-24 14:35:30,7712.5,1158231,7713.0,488948,35858,105243,-69385,669283,0.5
1900-01-24 14:35:45,7712.5,950574,7713.0,246340,42603,90899,-48296,704234,0.5
1900-01-24 14:36:00,7715.5,300424,7716.0,1277854,76617,198182,-121565,-977430,0.5
1900-01-24 14:36:15,7713.5,28329,7714.0,1451076,33202,165197,-131995,-1422747,0.5
1900-01-24 14:36:30,7710.5,101679,7711.0,820534,37557,137358,-99801,-718855,0.5
1900-01-24 14:36:45,7710.0,136622,7710.5,1514359,207337,316894,-109557,-1377737,0.5
1900-01-24 14:37:00,7710.0,17964,7710.5,1768647,14005,168517,-154512,-1750683,0.5
1900-01-24 14:37:15,7707.0,741023,7707.5,347781,23730,136122,-112392,393242,0.5
1900-01-24 14:37:30,7707.0,566300,7707.5,645608,42475,170489,-128014,-79308,0.5
1900-01-24 14:37:45,7707.0,16932,7707.5,1690375,3873,144178,-140305,-1673443,0.5
1900-01-24 14:38:00,7705.0,1358638,7705.5,958181,67555,97749,-30194,400457,0.5
1900-01-24 14:38:15,7705.0,1612813,7705.5,1464384,93255,31194,62061,148429,0.5
1900-01-24 14:38:30,7700.0,45313,7700.5,1450480,20197,1104910,-1084713,-1405167,0.5
1900-01-24 14:38:45,7699.5,299348,7700.0,382759,174996,612959,-437963,-83411,0.5
1900-01-24 14:39:00,7700.0,650597,7700.5,5255,332445,93703,238742,645342,0.5
1900-01-24 14:39:15,7698.5,33497,7699.0,1477304,48441,90026,-41585,-1443807,0.5
1900-01-24 14:39:30,7695.5,12681,7696.0,1531639,6988,130224,-123236,-1518958,0.5
1900-01-24 14:39:45,7695.0,1474999,7695.5,1253183,41315,817556,-776241,221816,0.5
1900-01-24 14:40:00,7695.5,846827,7696.0,693544,156343,8479,147864,153283,0.5
1900-01-24 14:40:15,7696.0,1259974,7696.5,23076,415075,53133,361942,1236898,0.5
1900-01-24 14:40:30,7697.0,916321,7697.5,82097,159594,87554,72040,834224,0.5
1900-01-24 14:40:45,7697.0,1011314,7697.5,59700,49133,42714,6419,951614,0.5
1900-01-24 14:41:00,7697.5,1129864,7698.0,601641,93195,4092,89103,528223,0.5
1900-01-24 14:41:15,7697.5,434297,7698.0,1163844,243201,800,242401,-729547,0.5
1900-01-24 14:41:30,7697.5,1185509,7698.0,1093790,28786,56168,-27382,91719,0.5
1900-01-24 14:41:45,7697.5,609532,7698.0,1160265,111740,94865,16875,-550733,0.5
1900-01-24 14:42:00,7697.5,801841,7698.0,1197626,3210,24314,-21104,-395785,0.5
1900-01-24 14:42:15,7695.0,1231817,7695.5,547921,205736,711739,-506003,683896,0.5
1900-01-24 14:42:30,7690.0,99963,7690.5,555361,15408,1327221,-1311813,-455398,0.5
1900-01-24 14:42:45,7690.0,737469,7690.5,767387,10612,758518,-747906,-29918,0.5
1900-01-24 14:43:00,7690.0,766749,7690.5,654959,39773,144061,-104288,111790,0.5
1900-01-24 14:43:15,7690.0,711250,7690.5,324330,7226,104399,-97173,386920,0.5
1900-01-24 14:43:30,7691.5,637279,7692.0,134067,241397,110189,131208,503212,0.5
1900-01-24 14:43:45,7691.5,770099,7692.0,15761,199021,94505,104516,754338,0.5
1900-01-24 14:44:00,7692.5,173374,7693.0,1230840,42129,83656,-41527,-1057466,0.5
1900-01-24 14:44:15,7692.5,70568,7693.0,1433555,24345,72998,-48653,-1362987,0.5
1900-01-24 14:44:30,7691.0,210472,7691.5,413462,2000,68238,-66238,-202990,0.5
1900-01-24 14:44:45,7690.5,788717,7691.0,369107,16381,99471,-83090,419610,0.5
1900-01-24 14:45:00,7698.0,553355,7698.5,32172,736019,23605,712414,521183,0.5
1900-01-24 14:45:15,7704.5,128675,7705.0,1091344,464434,7242,457192,-962669,0.5
1900-01-24 14:45:30,7704.5,606901,7705.0,1086261,120514,63274,57240,-479360,0.5
1900-01-24 14:45:45,7705.5,1214062,7706.0,25982,289581,56110,233471,1188080,0.5
1900-01-24 14:46:00,7706.5,1169055,7707.0,225752,94518,18827,75691,943303,0.5
1900-01-24 14:46:15,7706.5,1246346,7707.0,37533,111592,39522,72070,1208813,0.5
1900-01-24 14:46:30,7708.0,1429083,7708.5,3211,69364,5241,64123,1425872,0.5
1900-01-24 14:46:45,7709.5,1306803,7710.0,110707,42226,47900,-5674,1196096,0.5
1900-01-24 14:47:00,7709.5,364433,7710.0,667320,91798,20440,71358,-302887,0.5
1900-01-24 14:47:15,7709.5,920847,7710.0,387541,8173,48320,-40147,533306,0.5
1900-01-24 14:47:30,7710.5,1456845,7711.0,118990,11851,10942,909,1337855,0.5
1900-01-24 14:47:45,7712.5,1423549,7713.0,29304,102924,9219,93705,1394245,0.5
1900-01-24 14:48:00,7714.0,879759,7714.5,412269,166541,14412,152129,467490,0.5
1900-01-24 14:48:15,7714.5,1867868,7715.0,181325,9314,33311,-23997,1686543,0.5
1900-01-24 14:48:30,7714.5,986694,7715.0,404259,99036,4811,94225,582435,0.5
1900-01-24 14:48:45,7714.5,937903,7715.0,598338,22744,76021,-53277,339565,0.5
1900-01-24 14:49:00,7714.5,912486,7715.0,765253,48465,42271,6194,147233,0.5
1900-01-24 14:49:15,7714.5,1213833,7715.0,359622,70542,15875,54667,854211,0.5
1900-01-24 14:49:30,7714.5,1491471,7715.0,371875,46556,84941,-38385,1119596,0.5
1900-01-24 14:49:45,7719.0,952054,7719.5,61057,305928,17051,288877,890997,0.5
1900-01-24 14:50:00,7719.0,1130409,7719.5,318803,56814,26663,30151,811606,0.5
1900-01-24 14:50:15,7720.0,1163539,7720.5,82380,76609,28703,47906,1081159,0.5
1900-01-24 14:50:30,7720.5,799564,7721.0,238849,41990,13000,28990,560715,0.5
1900-01-24 14:50:45,7720.5,1913368,7721.0,16621,200981,4905,196076,1896747,0.5
1900-01-24 14:51:00,7721.5,1578756,7722.0,6211,34530,8538,25992,1572545,0.5
1900-01-24 14:51:15,7722.0,1672997,7722.5,83499,39193,15057,24136,1589498,0.5
1900-01-24 14:51:30,7727.0,1633706,7727.5,4082,421813,13890,407923,1629624,0.5
1900-01-24 14:51:45,7728.5,114454,7729.0,538074,143899,41118,102781,-423620,0.5
1900-01-24 14:52:00,7728.0,167412,7728.5,1309277,95351,311689,-216338,-1141865,0.5
1900-01-24 14:52:15,7724.5,6817,7725.0,537525,34010,302196,-268186,-530708,0.5
1900-01-24 14:52:30,7716.5,2629,7717.0,64578,11578,216342,-204764,-61949,0.5
1900-01-24 14:52:45,7716.5,1082238,7717.0,218378,117705,167507,-49802,863860,0.5
1900-01-24 14:53:00,7716.5,386726,7717.0,729079,30238,61547,-31309,-342353,0.5
1900-01-24 14:53:15,7719.5,671968,7720.0,605648,53036,30157,22879,66320,0.5
1900-01-24 14:53:30,7719.5,664712,7720.0,779061,3504,9628,-6124,-114349,0.5
1900-01-24 14:53:45,7718.5,417447,7719.0,1076179,16270,129878,-113608,-658732,0.5
1900-01-24 14:54:00,7717.0,9401,7717.5,994187,11232,33319,-22087,-984786,0.5
1900-01-24 14:54:15,7715.5,382660,7716.0,961326,6267,45509,-39242,-578666,0.5
1900-01-24 14:54:30,7715.5,216360,7716.0,1400920,6655,144281,-137626,-1184560,0.5
1900-01-24 14:54:45,7715.0,318615,7715.5,1087562,3902,72844,-68942,-768947,0.5
1900-01-24 14:55:00,7709.0,285004,7709.5,245504,8702,246501,-237799,39500,0.5
1900-01-24 14:55:15,7708.0,228624,7708.5,1270903,6414,224948,-218534,-1042279,0.5
1900-01-24 14:55:30,7708.0,214092,7708.5,1324582,3021,37597,-34576,-1110490,0.5
1900-01-24 14:55:45,7708.0,701469,7708.5,597176,8700,55027,-46327,104293,0.5
1900-01-24 14:56:00,7708.0,867615,7708.5,319036,83502,9132,74370,548579,0.5
1900-01-24 14:56:15,7708.5,741539,7709.0,68116,133423,5100,128323,673423,0.5
1900-01-24 14:56:30,7709.0,819534,7709.5,2058,96209,98758,-2549,817476,0.5
1900-01-24 14:56:45,7710.0,2118865,7710.5,25720,53447,24720,28727,2093145,0.5
1900-01-24 14:57:00,7717.5,433747,7718.0,1106704,33473,9505,23968,-672957,0.5
1900-01-24 14:57:15,7722.0,524347,7722.5,2550,75759,99601,-23842,521797,0.5
1900-01-24 14:57:30,7722.5,401910,7723.0,1593243,168213,14727,153486,-1191333,0.5
1900-01-24 14:57:45,7718.0,343540,7718.5,908132,118753,221850,-103097,-564592,0.5
1900-01-24 14:58:00,7718.0,9468,7718.5,1744416,3153,38694,-35541,-1734948,0.5
1900-01-24 14:58:15,7717.0,1510040,7717.5,193941,42921,73691,-30770,1316099,0.5
1900-01-24 14:58:30,7720.0,1251141,7720.5,108126,146909,13713,133196,1143015,0.5
1900-01-24 14:58:45,7720.0,1765104,7720.5,51099,84455,12044,72411,1714005,0.5
1900-01-24 14:59:00,7721.0,1421741,7721.5,59303,30776,19500,11276,1362438,0.5
1900-01-24 14:59:15,7726.0,387141,7726.5,30831,83303,2773,80530,356310,0.5
1900-01-24 14:59:30,7729.0,1169287,7729.5,676122,153064,15869,137195,493165,0.5
1900-01-24 14:59:45,7729.5,1346632,7730.0,166345,107781,48740,59041,1180287,0.5
1900-01-24 15:00:00,7739.5,115876,7740.0,718035,265082,25689,239393,-602159,0.5
1900-01-24 15:00:15,7739.5,866692,7740.0,182370,911220,45247,865973,684322,0.5
1900-01-24 15:00:30,7747.5,89225,7748.0,866239,723552,176210,547342,-777014,0.5
1900-01-24 15:00:45,7739.5,184643,7740.0,297092,203789,132139,71650,-112449,0.5
1900-01-24 15:01:00,7744.5,5094,7745.0,456209,206007,41138,164869,-451115,0.5
1900-01-24 15:01:15,7745.5,1085934,7746.0,226176,250915,84180,166735,859758,0.5
1900-01-24 15:01:30,7745.5,562842,7746.0,77537,313295,56667,256628,485305,0.5
1900-01-24 15:01:45,7746.0,634290,7746.5,51091,115099,42821,72278,583199,0.5
1900-01-24 15:02:00,7753.5,98624,7754.0,167327,1354705,151054,1203651,-68703,0.5
1900-01-24 15:02:15,7761.5,12898,7762.0,349248,859323,119344,739979,-336350,0.5
1900-01-24 15:02:30,7768.5,31431,7769.0,193445,1332727,95214,1237513,-162014,0.5
1900-01-24 15:02:45,7760.5,309693,7761.0,406719,480164,450567,29597,-97026,0.5
1900-01-24 15:03:00,7758.0,447457,7758.5,95919,261984,348817,-86833,351538,0.5
1900-01-24 15:03:15,7757.0,752950,7757.5,108382,317941,373004,-55063,644568,0.5
1900-01-24 15:03:30,7760.0,293644,7760.5,229931,186880,86077,100803,63713,0.5
1900-01-24 15:03:45,7760.0,275160,7760.5,436392,67978,565650,-497672,-161232,0.5
1900-01-24 15:04:00,7743.0,726313,7743.5,392416,44697,318976,-274279,333897,0.5
1900-01-24 15:04:15,7754.5,182006,7755.0,505431,199033,145084,53949,-323425,0.5
1900-01-24 15:04:30,7749.5,1278213,7750.0,48269,203010,185985,17025,1229944,0.5
1900-01-24 15:04:45,7751.5,594560,7752.0,39634,68943,121672,-52729,554926,0.5
1900-01-24 15:05:00,7748.0,30831,7748.5,122266,151454,137372,14082,-91435,0.5
1900-01-24 15:05:15,7750.5,365555,7751.0,536138,61388,135490,-74102,-170583,0.5
1900-01-24 15:05:30,7750.0,387127,7750.5,389266,178345,172966,5379,-2139,0.5
1900-01-24 15:05:45,7751.5,1172838,7752.0,152712,182000,48100,133900,1020126,0.5
1900-01-24 15:06:00,7750.0,29183,7750.5,357911,52371,249029,-196658,-328728,0.5
1900-01-24 15:06:15,7744.0,865745,7744.5,451075,24297,158106,-133809,414670,0.5
1900-01-24 15:06:30,7744.0,186870,7744.5,663923,109884,93579,16305,-477053,0.5
1900-01-24 15:06:45,7742.0,647605,7742.5,563559,9925,212480,-202555,84046,0.5
1900-01-24 15:07:00,7741.0,315,7742.0,846927,15652,54896,-39244,-846612,1.0
1900-01-24 15:07:15,7745.0,243729,7745.5,491916,302170,132686,169484,-248187,0.5
1900-01-24 15:07:30,7744.0,1213054,7744.5,46101,53744,91319,-37575,1166953,0.5
1900-01-24 15:07:45,7746.0,917710,7746.5,27193,178617,51286,127331,890517,0.5
1900-01-24 15:08:00,7750.5,813855,7751.0,132559,79287,20970,58317,681296,0.5
1900-01-24 15:08:15,7754.5,875455,7755.0,27151,147098,2082,145016,848304,0.5
1900-01-24 15:08:30,7755.0,1447894,7755.5,223145,88245,8365,79880,1224749,0.5
1900-01-24 15:08:45,7757.5,1310291,7758.0,129842,554452,28576,525876,1180449,0.5
1900-01-24 15:09:00,7760.0,104857,7760.5,630165,85002,17593,67409,-525308,0.5
1900-01-24 15:09:15,7759.0,644442,7759.5,85781,113919,416353,-302434,558661,0.5
1900-01-24 15:09:30,7751.0,493112,7751.5,306020,22446,123438,-100992,187092,0.5
1900-01-24 15:09:45,7751.0,474103,7751.5,412706,23440,154122,-130682,61397,0.5
1900-01-24 15:10:00,7751.0,312807,7751.5,184377,69139,42924,26215,128430,0.5
1900-01-24 15:10:15,7753.5,470822,7754.0,104186,40776,26787,13989,366636,0.5
1900-01-24 15:10:30,7753.5,284501,7754.0,235066,11066,32261,-21195,49435,0.5
1900-01-24 15:10:45,7755.0,1186616,7755.5,169541,146308,77852,68456,1017075,0.5
1900-01-24 15:11:00,7761.0,731917,7761.5,80417,72876,15822,57054,651500,0.5
1900-01-24 15:11:15,7765.0,536238,7765.5,250644,283930,26080,257850,285594,0.5
1900-01-24 15:11:30,7759.0,21363,7759.5,225189,78992,332287,-253295,-203826,0.5
1900-01-24 15:11:45,7760.0,1294402,7760.5,99156,2955,257298,-254343,1195246,0.5
1900-01-24 15:12:00,7763.5,1104156,7764.0,51319,86624,50749,35875,1052837,0.5
1900-01-24 15:12:15,7772.0,1198900,7772.5,81832,373207,101330,271877,1117068,0.5
1900-01-24 15:12:30,7764.0,120757,7764.5,493626,257613,234403,23210,-372869,0.5
1900-01-24 15:12:45,7771.5,279708,7772.0,72999,480648,196386,284262,206709,0.5
1900-01-24 15:13:00,7771.5,1164357,7772.0,524760,62223,27940,34283,639597,0.5
1900-01-24 15:13:15,7771.5,1252024,7772.0,80752,341803,85133,256670,1171272,0.5
1900-01-24 15:13:30,7777.0,339876,7777.5,735065,790268,384262,406006,-395189,0.5
1900-01-24 15:13:45,7775.0,15594,7775.5,150649,261529,324513,-62984,-135055,0.5
1900-01-24 15:14:00,7775.0,801538,7775.5,85355,29751,202987,-173236,716183,0.5
1900-01-24 15:14:15,7775.0,194250,7775.5,688845,36676,332907,-296231,-494595,0.5
1900-01-24 15:14:30,7777.5,914243,7778.0,120254,216251,101192,115059,793989,0.5
1900-01-24 15:14:45,7778.0,266056,7778.5,359225,15571,102621,-87050,-93169,0.5
1900-01-24 15:15:00,7784.0,337374,7784.5,326837,676429,78790,597639,10537,0.5
1900-01-24 15:15:15,7782.5,359777,7783.0,346813,106856,308410,-201554,12964,0.5
1900-01-24 15:15:30,7784.5,919388,7785.0,167637,186986,110132,76854,751751,0.5
1900-01-24 15:15:45,7785.0,990892,7785.5,228923,206552,18157,188395,761969,0.5
1900-01-24 15:16:00,7789.5,492426,7791.0,15128,851326,470128,381198,477298,1.5
1900-01-24 15:16:15,7790.5,694761,7791.0,40160,782262,59190,723072,654601,0.5
1900-01-24 15:16:30,7795.0,363182,7795.5,428204,837644,192667,644977,-65022,0.5
1900-01-24 15:16:45,7793.0,211993,7793.5,260247,227048,391469,-164421,-48254,0.5
1900-01-24 15:17:00,7790.5,891506,7791.0,201402,111458,468207,-356749,690104,0.5
1900-01-24 15:17:15,7787.5,1001842,7788.0,207096,47455,584461,-537006,794746,0.5
1900-01-24 15:17:30,7780.5,114154,7781.0,276171,108810,730858,-622048,-162017,0.5
1900-01-24 15:17:45,7781.5,829066,7782.0,412299,438979,262724,176255,416767,0.5
1900-01-24 15:18:00,7780.0,506491,7780.5,949257,166633,848479,-681846,-442766,0.5
1900-01-24 15:18:15,7784.0,451989,7784.5,11522,191436,232465,-41029,440467,0.5
1900-01-24 15:18:30,7786.5,864399,7787.0,4176,182626,67446,115180,860223,0.5
1900-01-24 15:18:45,7790.0,573092,7790.5,909400,125117,670923,-545806,-336308,0.5
1900-01-24 15:19:00,7793.0,666724,7795.0,59263,314587,202740,111847,607461,2.0
1900-01-24 15:19:15,7808.0,5000,7808.5,219755,1600951,58831,1542120,-214755,0.5
1900-01-24 15:19:30,7802.0,18380,7802.5,872709,1094825,271659,823166,-854329,0.5
1900-01-24 15:19:45,7798.5,255816,7799.0,343858,138899,568295,-429396,-88042,0.5
1900-01-24 15:20:00,7798.0,186659,7798.5,614778,40631,639719,-599088,-428119,0.5
1900-01-24 15:20:15,7791.5,240723,7792.0,415279,110755,348924,-238169,-174556,0.5
1900-01-24 15:20:30,7791.0,501283,7791.5,18993,817745,394444,423301,482290,0.5
1900-01-24 15:20:45,7796.5,135424,7797.0,650999,102157,124807,-22650,-515575,0.5
1900-01-24 15:21:00,7796.0,732804,7796.5,2696,229378,219113,10265,730108,0.5
1900-01-24 15:21:15,7795.0,628019,7795.5,20,225730,51607,174123,627999,0.5
1900-01-24 15:21:30,7795.0,13430,7795.5,59336,214206,143485,70721,-45906,0.5
1900-01-24 15:21:45,7793.0,221778,7793.5,594006,23406,192317,-168911,-372228,0.5
1900-01-24 15:22:00,7785.0,689608,7785.5,99605,49160,127515,-78355,590003,0.5
1900-01-24 15:22:15,7785.0,1173231,7785.5,113758,172309,542924,-370615,1059473,0.5
1900-01-24 15:22:30,7787.0,5800,7787.5,491342,218303,65360,152943,-485542,0.5
1900-01-24 15:22:45,7785.0,976174,7785.5,294579,14734,228071,-213337,681595,0.5
1900-01-24 15:23:00,7786.0,1389440,7786.5,5050,118489,24337,94152,1384390,0.5
1900-01-24 15:23:15,7786.0,531287,7786.5,510286,129148,91017,38131,21001,0.5
1900-01-24 15:23:30,7786.0,1324183,7786.5,69327,26492,115637,-89145,1254856,0.5
1900-01-24 15:23:45,7786.5,1315740,7787.0,214373,158861,16900,141961,1101367,0.5
1900-01-24 15:24:00,7788.0,1136605,7788.5,2929,280150,19579,260571,1133676,0.5
1900-01-24 15:24:15,7794.5,929572,7795.0,603072,437241,122734,314507,326500,0.5
1900-01-24 15:24:30,7794.5,1941793,7795.0,6931,223924,8634,215290,1934862,0.5
1900-01-24 15:24:45,7795.0,1502781,7795.5,10719,51618,11380,40238,1492062,0.5
1900-01-24 15:25:00,7798.0,896130,7798.5,347994,389971,10082,379889,548136,0.5
1900-01-24 15:25:15,7808.5,80635,7809.0,54947,723396,50653,672743,25688,0.5
1900-01-24 15:25:30,7805.5,67778,7806.0,907212,308348,263587,44761,-839434,0.5
1900-01-24 15:25:45,7807.5,1378637,7808.0,9908,89013,46747,42266,1368729,0.5
1900-01-24 15:26:00,7817.5,482174,7818.0,331643,1345672,69409,1276263,150531,0.5
1900-01-24 15:26:15,7814.5,35386,7815.0,924716,565979,85466,480513,-889330,0.5
1900-01-24 15:26:30,7812.0,120044,7812.5,18120,74208,388062,-313854,101924,0.5
1900-01-24 15:26:45,7811.5,105671,7812.0,963673,113632,185960,-72328,-858002,0.5
1900-01-24 15:27:00,7814.5,239204,7815.0,656168,109758,213138,-103380,-416964,0.5
1900-01-24 15:27:15,7812.5,4526,7813.0,952734,474958,188775,286183,-948208,0.5
1900-01-24 15:27:30,7814.5,763254,7815.0,250115,336512,46301,290211,513139,0.5
1900-01-24 15:27:45,7818.0,829605,7818.5,213204,243327,40017,203310,616401,0.5
1900-01-24 15:28:00,7809.0,79341,7809.5,273810,208807,127877,80930,-194469,0.5
1900-01-24 15:28:15,7800.5,152074,7801.0,444813,45647,566533,-520886,-292739,0.5
1900-01-24 15:28:30,7800.5,92839,7801.0,1053918,240908,214292,26616,-961079,0.5
1900-01-24 15:28:45,7792.0,156336,7792.5,758022,19966,442796,-422830,-601686,0.5
1900-01-24 15:29:00,7791.0,166725,7791.5,1047995,34431,447595,-413164,-881270,0.5
1900-01-24 15:29:15,7785.0,224441,7785.5,396637,48398,856196,-807798,-172196,0.5
1900-01-24 15:29:30,7785.0,662069,7785.5,228585,161344,164394,-3050,433484,0.5
1900-01-24 15:29:45,7787.0,673684,7787.5,165327,288016,143888,144128,508357,0.5
1900-01-24 15:30:00,7789.5,177458,7790.0,646937,192715,155993,36722,-469479,0.5
1900-01-24 15:30:15,7791.0,279286,7791.5,213227,87118,236813,-149695,66059,0.5
1900-01-24 15:30:30,7792.5,121163,7793.0,1117633,177272,31694,145578,-996470,0.5
1900-01-24 15:30:45,7789.5,10261,7790.0,1093770,109230,142222,-32992,-1083509,0.5
1900-01-24 15:31:00,7786.0,76493,7786.5,1091357,109969,50958,59011,-1014864,0.5
1900-01-24 15:31:15,7782.0,323524,7782.5,609802,62975,217499,-154524,-286278,0.5
1900-01-24 15:31:30,7782.0,463339,7782.5,1081593,40772,255480,-214708,-618254,0.5
1900-01-24 15:31:45,7780.0,339587,7780.5,140963,3983,625088,-621105,198624,0.5
1900-01-24 15:32:00,7781.5,9736,7782.0,809310,65921,105186,-39265,-799574,0.5
1900-01-24 15:32:15,7779.0,420820,7779.5,1132049,23916,800282,-776366,-711229,0.5
1900-01-24 15:32:30,7778.5,513656,7779.0,544794,8524,599080,-590556,-31138,0.5
1900-01-24 15:32:45,7777.5,86663,7778.0,173408,139233,112294,26939,-86745,0.5
1900-01-24 15:33:00,7779.0,212692,7779.5,1109128,111849,290671,-178822,-896436,0.5
1900-01-24 15:33:15,7779.0,281494,7779.5,262002,115948,127562,-11614,19492,0.5
1900-01-24 15:33:30,7781.5,478023,7782.0,11900,174503,53100,121403,466123,0.5
1900-01-24 15:33:45,7782.5,427366,7783.0,248581,102142,18214,83928,178785,0.5
1900-01-24 15:34:00,7782.5,660030,7783.0,1248829,117441,46250,71191,-588799,0.5
1900-01-24 15:34:15,7782.5,61928,7783.0,787807,16779,317039,-300260,-725879,0.5
1900-01-24 15:34:30,7782.5,40897,7783.0,759606,19428,57540,-38112,-718709,0.5
1900-01-24 15:34:45,7782.5,1347813,7783.0,77215,26960,23516,3444,1270598,0.5
1900-01-24 15:35:00,7783.0,45109,7783.5,1040187,103188,38882,64306,-995078,0.5
1900-01-24 15:35:15,7782.5,85418,7783.0,1405589,2998,153924,-150926,-1320171,0.5
1900-01-24 15:35:30,7781.5,310885,7782.0,217473,2562,74859,-72297,93412,0.5
1900-01-24 15:35:45,7781.5,349649,7782.0,281845,36437,104223,-67786,67804,0.5
1900-01-24 15:36:00,7781.5,165892,7782.0,1217115,41948,108270,-66322,-1051223,0.5
1900-01-24 15:36:15,7777.5,113673,7778.0,745094,6590,204256,-197666,-631421,0.5
1900-01-24 15:36:30,7777.0,1202219,7777.5,1299751,15458,107194,-91736,-97532,0.5
1900-01-24 15:36:45,7777.0,1078680,7777.5,1202186,52121,167238,-115117,-123506,0.5
1900-01-24 15:37:00,7777.0,1294148,7777.5,288005,143529,113057,30472,1006143,0.5
1900-01-24 15:37:15,7779.5,65131,7780.0,1327234,95986,75280,20706,-1262103,0.5
1900-01-24 15:37:30,7779.5,13806,7780.0,1290010,14201,66559,-52358,-1276204,0.5
1900-01-24 15:37:45,7779.5,1801378,7780.0,101631,46482,185038,-138556,1699747,0.5
1900-01-24 15:38:00,7780.5,37923,7781.0,1235422,106452,29818,76634,-1197499,0.5
1900-01-24 15:38:15,7780.5,562742,7781.0,1396000,34907,15819,19088,-833258,0.5
1900-01-24 15:38:30,7780.5,856561,7781.0,1420710,54250,14990,39260,-564149,0.5
1900-01-24 15:38:45,7780.5,533477,7781.0,1395856,34059,69241,-35182,-862379,0.5
1900-01-24 15:39:00,7780.5,899390,7781.0,1156227,126854,85155,41699,-256837,0.5
1900-01-24 15:39:15,7780.5,737240,7781.0,1356072,6600,31216,-24616,-618832,0.5
1900-01-24 15:39:30,7779.0,3421,7779.5,485185,12343,402697,-390354,-481764,0.5
1900-01-24 15:39:45,7773.5,197000,7774.0,891080,5270,180116,-174846,-694080,0.5
1900-01-24 15:40:00,7773.5,141731,7774.0,1475301,23800,276456,-252656,-1333570,0.5
1900-01-24 15:40:15,7772.5,241244,7773.0,1011671,50868,476564,-425696,-770427,0.5
1900-01-24 15:40:30,7772.5,307277,7773.0,1541704,10000,204722,-194722,-1234427,0.5
1900-01-24 15:40:45,7771.0,208427,7771.5,676929,3440,292503,-289063,-468502,0.5
1900-01-24 15:41:00,7770.0,333027,7770.5,1256598,4251,232893,-228642,-923571,0.5
1900-01-24 15:41:15,7770.0,106314,7770.5,2003406,15664,121627,-105963,-1897092,0.5
1900-01-24 15:41:30,7768.0,180160,7768.5,1584895,12209,399016,-386807,-1404735,0.5
1900-01-24 15:41:45,7767.5,123935,7768.0,2352582,24659,317365,-292706,-2228647,0.5
1900-01-24 15:42:00,7767.0,747634,7767.5,1467024,8250,109859,-101609,-719390,0.5
1900-01-24 15:42:15,7767.0,1122793,7767.5,441854,81851,55335,26516,680939,0.5
1900-01-24 15:42:30,7771.5,227874,7772.0,1044300,232476,17128,215348,-816426,0.5
1900-01-24 15:42:45,7771.0,665805,7771.5,409379,20439,71270,-50831,256426,0.5
1900-01-24 15:43:00,7773.5,931412,7774.0,213044,134579,85012,49567,718368,0.5
1900-01-24 15:43:15,7776.5,511561,7777.0,4356,243310,20335,222975,507205,0.5
1900-01-24 15:43:30,7784.5,198502,7785.0,1341310,251065,15806,235259,-1142808,0.5
1900-01-24 15:43:45,7792.0,409982,7792.5,27964,536308,36657,499651,382018,0.5
1900-01-24 15:44:00,7790.0,2179,7790.5,1104411,257659,154822,102837,-1102232,0.5
1900-01-24 15:44:15,7792.0,31919,7792.5,128907,58254,170668,-112414,-96988,0.5
1900-01-24 15:44:30,7792.0,714493,7792.5,742288,183254,204835,-21581,-27795,0.5
1900-01-24 15:44:45,7797.5,501033,7798.0,645701,553087,67073,486014,-144668,0.5
1900-01-24 15:45:00,7794.0,1044407,7794.5,204646,136307,74725,61582,839761,0.5
1900-01-24 15:45:15,7796.5,213088,7797.0,298620,218030,56887,161143,-85532,0.5
1900-01-24 15:45:30,7796.5,1054340,7797.0,301075,20618,121231,-100613,753265,0.5
1900-01-24 15:45:45,7796.5,220878,7797.0,612527,60435,8039,52396,-391649,0.5
1900-01-24 15:46:00,7796.5,448440,7797.0,726910,15908,65002,-49094,-278470,0.5
1900-01-24 15:46:15,7793.0,103890,7793.5,207414,109697,43704,65993,-103524,0.5
1900-01-24 15:46:30,7789.5,241740,7790.0,723262,10274,608856,-598582,-481522,0.5
1900-01-24 15:46:45,7790.0,984482,7790.5,6221,44247,53265,-9018,978261,0.5
1900-01-24 15:47:00,7790.5,1305648,7791.0,26163,27189,25292,1897,1279485,0.5
1900-01-24 15:47:15,7789.0,93179,7789.5,611686,26375,29807,-3432,-518507,0.5
1900-01-24 15:47:30,7783.5,478524,7784.0,314125,10191,129479,-119288,164399,0.5
1900-01-24 15:47:45,7780.0,840231,7780.5,1014846,23199,116234,-93035,-174615,0.5
1900-01-24 15:48:00,7778.0,21514,7778.5,869105,25572,126857,-101285,-847591,0.5
1900-01-24 15:48:15,7783.5,388477,7784.0,873227,126208,339105,-212897,-484750,0.5
1900-01-24 15:48:30,7780.5,96888,7781.0,419,79395,77972,1423,96469,0.5
1900-01-24 15:48:45,7783.5,123637,7784.0,1066587,90719,13492,77227,-942950,0.5
1900-01-24 15:49:00,7783.5,1135178,7784.0,415638,140813,33519,107294,719540,0.5
1900-01-24 15:49:15,7783.5,1273006,7784.0,111032,49042,16127,32915,1161974,0.5
1900-01-24 15:49:30,7783.5,52106,7784.0,1201529,43924,316985,-273061,-1149423,0.5
1900-01-24 15:49:45,7782.5,466871,7783.0,931053,12711,81467,-68756,-464182,0.5
1900-01-24 15:50:00,7780.5,174590,7781.0,1239114,9090,311480,-302390,-1064524,0.5
1900-01-24 15:50:15,7780.0,260895,7780.5,1252771,1036,65019,-63983,-991876,0.5
1900-01-24 15:50:30,7780.0,115492,7780.5,1434515,3314,64062,-60748,-1319023,0.5
1900-01-24 15:50:45,7780.0,52517,7780.5,1448660,3348,26695,-23347,-1396143,0.5
1900-01-24 15:51:00,7777.5,1078171,7778.0,108347,15302,84826,-69524,969824,0.5
1900-01-24 15:51:15,7778.0,1909681,7778.5,37994,36431,79727,-43296,1871687,0.5
1900-01-24 15:51:30,7778.5,1631247,7779.0,143754,89846,78751,11095,1487493,0.5
1900-01-24 15:51:45,7778.5,583846,7779.0,1135414,77637,6101,71536,-551568,0.5
1900-01-24 15:52:00,7777.0,96210,7777.5,1476941,20032,60569,-40537,-1380731,0.5
1900-01-24 15:52:15,7777.0,92908,7777.5,1396543,22746,67987,-45241,-1303635,0.5
1900-01-24 15:52:30,7776.0,4574,7776.5,888448,19825,52220,-32395,-883874,0.5
1900-01-24 15:52:45,7773.5,21836,7774.0,1699018,12169,167172,-155003,-1677182,0.5
1900-01-24 15:53:00,7771.0,24559,7771.5,1401576,1187,55146,-53959,-1377017,0.5
1900-01-24 15:53:15,7769.0,395667,7769.5,1181629,22267,89966,-67699,-785962,0.5
1900-01-24 15:53:30,7768.5,62736,7769.0,1331594,23769,210660,-186891,-1268858,0.5
1900-01-24 15:53:45,7767.5,1037406,7768.0,46718,46038,76862,-30824,990688,0.5
1900-01-24 15:54:00,7768.5,1041888,7769.0,65810,58978,21927,37051,976078,0.5
1900-01-24 15:54:15,7771.0,858363,7771.5,20969,141452,26195,115257,837394,0.5
1900-01-24 15:54:30,7771.0,621339,7771.5,393538,173913,14043,159870,227801,0.5
1900-01-24 15:54:45,7771.0,992855,7771.5,263428,31715,12583,19132,729427,0.5
1900-01-24 15:55:00,7771.0,841429,7771.5,751244,13962,32411,-18449,90185,0.5
1900-01-24 15:55:15,7771.5,1153169,7772.0,86712,98344,17026,81318,1066457,0.5
1900-01-24 15:55:30,7771.5,1869340,7772.0,320920,170979,30517,140462,1548420,0.5
1900-01-24 15:55:45,7771.5,903297,7772.0,894262,58943,204315,-145372,9035,0.5
1900-01-24 15:56:00,7771.5,1613494,7772.0,378054,110733,4255,106478,1235440,0.5
1900-01-24 15:56:15,7771.5,1319470,7772.0,349413,35217,48761,-13544,970057,0.5
1900-01-24 15:56:30,7771.5,1409182,7772.0,25989,87425,61601,25824,1383193,0.5
1900-01-24 15:56:45,7772.5,1673854,7773.0,63279,66051,812,65239,1610575,0.5
1900-01-24 15:57:00,7775.0,1347641,7775.5,30736,78909,1870,77039,1316905,0.5
1900-01-24 15:57:15,7776.0,1009800,7776.5,48319,212951,9747,203204,961481,0.5
1900-01-24 15:57:30,7776.5,1652412,7777.0,224355,93663,414,93249,1428057,0.5
1900-01-24 15:57:45,7776.5,1243522,7777.0,203420,18889,3355,15534,1040102,0.5
1900-01-24 15:58:00,7776.5,1147336,7777.0,513852,79125,47867,31258,633484,0.5
1900-01-24 15:58:15,7777.5,1178947,7778.0,180420,90080,9950,80130,998527,0.5
1900-01-24 15:58:30,7777.5,1138576,7778.0,704304,36461,113423,-76962,434272,0.5
1900-01-24 15:58:45,7777.5,950045,7778.0,1130869,35528,2593,32935,-180824,0.5
1900-01-24 15:59:00,7777.5,785117,7778.0,1309188,28604,67681,-39077,-524071,0.5
1900-01-24 15:59:15,7773.5,52722,7774.0,1501293,9702,119369,-109667,-1448571,0.5
1900-01-24 15:59:30,7773.5,74898,7774.0,1363794,12846,75223,-62377,-1288896,0.5
1900-01-24 15:59:45,7773.0,106861,7773.5,1485997,11502,65943,-54441,-1379136,0.5
1900-01-24 16:00:00,7773.0,586041,7773.5,172300,756442,40603,715839,413741,0.5
1900-01-24 16:00:15,7773.5,1666051,7776.5,26774,265145,90688,174457,1639277,3.0
1900-01-24 16:00:30,7778.0,1851008,7778.5,6565,118889,30224,88665,1844443,0.5
1900-01-24 16:00:45,7782.0,1689928,7782.5,53807,117039,2307,114732,1636121,0.5
1900-01-24 16:01:00,7788.5,495767,7789.5,47232,205198,7022,198176,448535,1.0
1900-01-24 16:01:15,7792.5,752213,7793.0,405309,519395,5975,513420,346904,0.5
1900-01-24 16:01:30,7796.0,1524372,7796.5,4347,215741,39326,176415,1520025,0.5
1900-01-24 16:01:45,7797.5,444795,7798.0,337813,111717,183951,-72234,106982,0.5
1900-01-24 16:02:00,7799.5,1347794,7800.0,232766,119648,104157,15491,1115028,0.5
1900-01-24 16:02:15,7799.5,613420,7800.0,437634,122954,23579,99375,175786,0.5
1900-01-24 16:02:30,7799.5,472590,7800.0,866427,60637,90120,-29483,-393837,0.5
1900-01-24 16:02:45,7799.5,399966,7800.0,683165,132725,61848,70877,-283199,0.5
1900-01-24 16:03:00,7799.0,241669,7799.5,664981,32500,107337,-74837,-423312,0.5
1900-01-24 16:03:15,7796.0,88074,7796.5,770717,18705,281043,-262338,-682643,0.5
1900-01-24 16:03:30,7795.0,6387,7795.5,944232,10212,176953,-166741,-937845,0.5
1900-01-24 16:03:45,7787.0,976060,7787.5,402910,20323,258569,-238246,573150,0.5
1900-01-24 16:04:00,7787.0,1020375,7787.5,334872,53967,37750,16217,685503,0.5
1900-01-24 16:04:15,7782.0,1040618,7782.5,283180,25087,249868,-224781,757438,0.5
1900-01-24 16:04:30,7782.0,872871,7782.5,315157,29445,193461,-164016,557714,0.5
1900-01-24 16:04:45,7782.0,857559,7782.5,289042,48131,53066,-4935,568517,0.5
1900-01-24 16:05:00,7782.0,1036455,7782.5,243223,77357,2877,74480,793232,0.5
1900-01-24 16:05:15,7782.5,1227847,7783.0,273880,233390,63730,169660,953967,0.5
1900-01-24 16:05:30,7784.5,1052387,7785.0,58934,88691,2798,85893,993453,0.5
1900-01-24 16:05:45,7782.0,1406141,7782.5,67330,27849,12359,15490,1338811,0.5
1900-01-24 16:06:00,7782.0,1669477,7782.5,256974,4743,11297,-6554,1412503,0.5
1900-01-24 16:06:15,7782.5,1638703,7783.0,12451,41326,54,41272,1626252,0.5
1900-01-24 16:06:30,7785.5,1222715,7786.0,350,42757,63,42694,1222365,0.5
1900-01-24 16:06:45,7787.0,177937,7787.5,717881,14967,5136,9831,-539944,0.5
1900-01-24 16:07:00,7787.0,1446974,7787.5,44490,23597,29558,-5961,1402484,0.5
1900-01-24 16:07:15,7789.5,280371,7790.0,619134,89466,2219,87247,-338763,0.5
1900-01-24 16:07:30,7789.5,576353,7790.0,402326,88525,145602,-57077,174027,0.5
1900-01-24 16:07:45,7789.5,1123346,7790.0,315723,3808,10139,-6331,807623,0.5
1900-01-24 16:08:00,7789.5,1232875,7790.0,272009,66915,12009,54906,960866,0.5
1900-01-24 16:08:15,7789.5,2073642,7790.0,263295,30051,2010,28041,1810347,0.5
1900-01-24 16:08:30,7792.0,1827868,7792.5,5347,31111,97207,-66096,1822521,0.5
1900-01-24 16:08:45,7794.0,1765311,7794.5,30093,399651,60346,339305,1735218,0.5
1900-01-24 16:09:00,7806.5,17701,7807.0,942923,628344,41409,586935,-925222,0.5
1900-01-24 16:09:15,7806.0,55516,7806.5,576407,97090,98542,-1452,-520891,0.5
1900-01-24 16:09:30,7812.0,1094834,7812.5,23522,392318,111444,280874,1071312,0.5
1900-01-24 16:09:45,7834.5,9160,7835.0,297822,2474899,53966,2420933,-288662,0.5
1900-01-24 16:10:00,7834.5,11022,7836.5,5133,1970230,375374,1594856,5889,2.0
1900-01-24 16:10:15,7831.0,551895,7831.5,1015793,456595,656107,-199512,-463898,0.5
1900-01-24 16:10:30,7831.0,1574796,7831.5,296373,829827,1246901,-417074,1278423,0.5
1900-01-24 16:10:45,7831.0,838953,7831.5,661126,165511,299791,-134280,177827,0.5
1900-01-24 16:11:00,7824.0,258124,7824.5,326066,130798,866558,-735760,-67942,0.5
1900-01-24 16:11:15,7830.5,1271754,7831.0,116596,429045,239517,189528,1155158,0.5
1900-01-24 16:11:30,7822.5,64937,7823.0,116821,210994,140450,70544,-51884,0.5
1900-01-24 16:11:45,7827.0,2002,7827.5,1154016,80144,136109,-55965,-1152014,0.5
1900-01-24 16:12:00,7823.0,147731,7823.5,375481,89948,148298,-58350,-227750,0.5
1900-01-24 16:12:15,7823.0,185959,7823.5,454661,42797,128688,-85891,-268702,0.5
1900-01-24 16:12:30,7827.5,1163581,7828.0,39734,122738,77573,45165,1123847,0.5
1900-01-24 16:12:45,7835.0,20000,7835.5,4920,112463,169845,-57382,15080,0.5
1900-01-24 16:13:00,7835.0,248170,7835.5,433274,278773,14720,264053,-185104,0.5
1900-01-24 16:13:15,7838.5,549029,7839.0,17215,336184,200921,135263,531814,0.5
1900-01-24 16:13:30,7843.0,264967,7843.5,155974,834098,18842,815256,108993,0.5
1900-01-24 16:13:45,7843.5,346634,7844.0,114187,463199,71505,391694,232447,0.5
1900-01-24 16:14:00,7846.5,14907,7847.0,700622,417698,151299,266399,-685715,0.5
1900-01-24 16:14:15,7842.5,379126,7843.5,24534,130136,242011,-111875,354592,1.0
1900-01-24 16:14:30,7844.5,27459,7845.0,267195,162712,152364,10348,-239736,0.5
1900-01-24 16:14:45,7846.0,263221,7846.5,515307,250242,318069,-67827,-252086,0.5
1900-01-24 16:15:00,7838.5,2082,7839.0,491874,86869,373139,-286270,-489792,0.5
1900-01-24 16:15:15,7835.0,371592,7835.5,389405,89366,446124,-356758,-17813,0.5
1900-01-24 16:15:30,7835.0,63757,7835.5,494905,256053,238137,17916,-431148,0.5
1900-01-24 16:15:45,7833.5,746219,7834.0,325347,41311,367919,-326608,420872,0.5
1900-01-24 16:16:00,7835.5,556521,7836.0,19506,86700,52948,33752,537015,0.5
1900-01-24 16:16:15,7837.5,3267422,7838.0,39349,178871,48280,130591,3228073,0.5
1900-01-24 16:16:30,7843.5,563,7844.0,719521,388023,143633,244390,-718958,0.5
1900-01-24 16:16:45,7844.5,468552,7845.0,109789,132335,192135,-59800,358763,0.5
1900-01-24 16:17:00,7840.0,10024,7840.5,290510,55372,153068,-97696,-280486,0.5
1900-01-24 16:17:15,7839.0,113046,7839.5,741714,23469,117750,-94281,-628668,0.5
1900-01-24 16:17:30,7839.5,1051346,7840.0,188138,148271,22111,126160,863208,0.5
1900-01-24 16:17:45,7841.5,62946,7842.0,94976,189463,38534,150929,-32030,0.5
1900-01-24 16:18:00,7844.0,1460018,7844.5,292034,42061,178389,-136328,1167984,0.5
1900-01-24 16:18:15,7844.0,1807280,7844.5,107161,229351,139760,89591,1700119,0.5
1900-01-24 16:18:30,7858.5,561092,7859.0,414314,1266778,12406,1254372,146778,0.5
1900-01-24 16:18:45,7858.5,441954,7859.0,193865,1272178,81085,1191093,248089,0.5
1900-01-24 16:19:00,7850.5,40393,7851.0,390647,512161,474077,38084,-350254,0.5
1900-01-24 16:19:15,7843.5,102670,7845.0,17726,188875,482027,-293152,84944,1.5
1900-01-24 16:19:30,7847.5,105074,7848.0,633413,417184,116391,300793,-528339,0.5
1900-01-24 16:19:45,7847.5,330340,7848.0,748079,90300,313599,-223299,-417739,0.5
1900-01-24 16:20:00,7844.0,308552,7844.5,946688,168052,169553,-1501,-638136,0.5
1900-01-24 16:20:15,7841.0,96497,7841.5,179107,43453,202647,-159194,-82610,0.5
1900-01-24 16:20:30,7841.0,477830,7841.5,803832,183050,148350,34700,-326002,0.5
1900-01-24 16:20:45,7840.0,13740,7840.5,1449711,103327,206936,-103609,-1435971,0.5
1900-01-24 16:21:00,7835.0,787031,7835.5,1826,182417,428701,-246284,785205,0.5
1900-01-24 16:21:15,7835.0,1085387,7835.5,198126,114525,142486,-27961,887261,0.5
1900-01-24 16:21:30,7839.5,342637,7840.0,1002488,126987,39729,87258,-659851,0.5
1900-01-24 16:21:45,7836.5,50034,7837.0,434606,14777,103011,-88234,-384572,0.5
1900-01-24 16:22:00,7836.5,18769,7837.0,1382049,7768,84351,-76583,-1363280,0.5
1900-01-24 16:22:15,7834.5,16578,7835.0,1715786,14855,55805,-40950,-1699208,0.5
1900-01-24 16:22:30,7833.0,199903,7833.5,1613656,7277,439040,-431763,-1413753,0.5
1900-01-24 16:22:45,7825.5,110340,7826.0,525069,27381,644361,-616980,-414729,0.5
1900-01-24 16:23:00,7828.5,90486,7829.0,292044,69278,376486,-307208,-201558,0.5
1900-01-24 16:23:15,7823.5,1250642,7824.0,118016,215203,23217,191986,1132626,0.5
1900-01-24 16:23:30,7824.0,561994,7824.5,220941,255841,88591,167250,341053,0.5
1900-01-24 16:23:45,7824.0,60883,7824.5,1555334,37350,130527,-93177,-1494451,0.5
1900-01-24 16:24:00,7820.0,161441,7820.5,799387,47275,346258,-298983,-637946,0.5
1900-01-24 16:24:15,7830.0,257830,7830.5,72258,147122,82148,64974,185572,0.5
1900-01-24 16:24:30,7830.5,743764,7831.0,835760,245981,26694,219287,-91996,0.5
1900-01-24 16:24:45,7830.5,800618,7831.0,18670,123392,27327,96065,781948,0.5
1900-01-24 16:25:00,7830.5,239940,7831.0,1145800,117814,21810,96004,-905860,0.5
1900-01-24 16:25:15,7830.5,321503,7831.0,1149393,55633,16789,38844,-827890,0.5
1900-01-24 16:25:30,7834.5,437289,7835.0,741781,239247,34941,204306,-304492,0.5
1900-01-24 16:25:45,7841.5,1150852,7842.0,38269,249328,320,249008,1112583,0.5
1900-01-24 16:26:00,7846.5,32188,7847.0,821246,90611,115068,-24457,-789058,0.5
1900-01-24 16:26:15,7845.5,576089,7846.0,286762,180429,110309,70120,289327,0.5
1900-01-24 16:26:30,7845.5,766431,7846.0,545716,103660,48724,54936,220715,0.5
1900-01-24 16:26:45,7839.0,315916,7839.5,447355,42559,157110,-114551,-131439,0.5
1900-01-24 16:27:00,7844.5,373154,7845.0,57764,29886,19922,9964,315390,0.5
1900-01-24 16:27:15,7839.0,1307467,7839.5,149991,17501,34623,-17122,1157476,0.5
1900-01-24 16:27:30,7838.0,3604,7838.5,506290,30449,21974,8475,-502686,0.5
1900-01-24 16:27:45,7833.5,916341,7834.0,671694,17528,188568,-171040,244647,0.5
1900-01-24 16:28:00,7833.5,974016,7834.0,576101,69070,63220,5850,397915,0.5
1900-01-24 16:28:15,7833.5,948329,7834.0,298181,59443,40662,18781,650148,0.5
1900-01-24 16:28:30,7834.0,508642,7834.5,17354,63217,42072,21145,491288,0.5
1900-01-24 16:28:45,7838.0,626138,7838.5,16179,87082,8641,78441,609959,0.5
1900-01-24 16:29:00,7840.5,488243,7841.0,449955,17806,19854,-2048,38288,0.5
1900-01-24 16:29:15,7837.0,144277,7837.5,686418,19881,87624,-67743,-542141,0.5
1900-01-24 16:29:30,7837.0,334423,7837.5,563401,28811,152236,-123425,-228978,0.5
1900-01-24 16:29:45,7836.0,438026,7836.5,616071,7850,60806,-52956,-178045,0.5
1900-01-24 16:30:00,7836.0,984191,7836.5,167668,4622,59778,-55156,816523,0.5
1900-01-24 16:30:15,7834.5,15747,7835.0,955842,27725,111036,-83311,-940095,0.5
1900-01-24 16:30:30,7832.5,83658,7833.0,978283,64801,91082,-26281,-894625,0.5
1900-01-24 16:30:45,7831.0,7105,7831.5,961564,5920,33309,-27389,-954459,0.5
1900-01-24 16:31:00,7830.0,578514,7830.5,297624,42225,192574,-150349,280890,0.5
1900-01-24 16:31:15,7832.0,3087,7832.5,363988,32457,216079,-183622,-360901,0.5
1900-01-24 16:31:30,7829.5,227540,7830.0,923143,18534,96689,-78155,-695603,0.5
1900-01-24 16:31:45,7826.5,160343,7827.0,836887,32430,232150,-199720,-676544,0.5
1900-01-24 16:32:00,7826.0,339289,7826.5,1220255,45714,48111,-2397,-880966,0.5
1900-01-24 16:32:15,7826.0,708474,7826.5,287622,90795,96828,-6033,420852,0.5
1900-01-24 16:32:30,7826.5,778899,7827.0,569746,57553,16392,41161,209153,0.5
1900-01-24 16:32:45,7826.5,242735,7827.0,1055963,9389,43044,-33655,-813228,0.5
1900-01-24 16:33:00,7823.5,127949,7824.0,1301957,2670,84693,-82023,-1174008,0.5
1900-01-24 16:33:15,7825.5,675227,7826.0,175451,35265,110711,-75446,499776,0.5
1900-01-24 16:33:30,7825.5,1050615,7826.0,33682,50864,52890,-2026,1016933,0.5
1900-01-24 16:33:45,7829.5,206420,7830.0,1489648,88482,23508,64974,-1283228,0.5
1900-01-24 16:34:00,7826.5,583371,7827.0,478042,124997,18234,106763,105329,0.5
1900-01-24 16:34:15,7826.5,584459,7827.0,424307,31895,19028,12867,160152,0.5
1900-01-24 16:34:30,7826.5,56336,7827.0,1470415,6595,60572,-53977,-1414079,0.5
1900-01-24 16:34:45,7826.0,22171,7826.5,1369263,8,60354,-60346,-1347092,0.5
1900-01-24 16:35:00,7826.0,6144,7826.5,1430548,187,68226,-68039,-1424404,0.5
1900-01-24 16:35:15,7824.5,4214,7825.0,1563283,20174,65229,-45055,-1559069,0.5
1900-01-24 16:35:30,7822.5,942507,7823.0,668198,1138,33191,-32053,274309,0.5
1900-01-24 16:35:45,7822.5,255551,7823.0,988603,1138,4698,-3560,-733052,0.5
1900-01-24 16:36:00,7822.5,584840,7823.0,1017099,24578,400,24178,-432259,0.5
1900-01-24 16:36:15,7822.5,710494,7823.0,828907,92315,2852,89463,-118413,0.5
1900-01-24 16:36:30,7822.5,782212,7823.0,703659,113346,9973,103373,78553,0.5
1900-01-24 16:36:45,7822.5,948020,7823.0,430202,43288,43270,18,517818,0.5
1900-01-24 16:37:00,7822.5,127133,7823.0,1849372,38982,71347,-32365,-1722239,0.5
1900-01-24 16:37:15,7817.5,173531,7818.0,621615,50503,487858,-437355,-448084,0.5
1900-01-24 16:37:30,7820.0,294341,7820.5,833678,59898,98145,-38247,-539337,0.5
1900-01-24 16:37:45,7818.0,173802,7818.5,1085339,21221,260260,-239039,-911537,0.5
1900-01-24 16:38:00,7816.5,953900,7817.0,372246,1361,316230,-314869,581654,0.5
1900-01-24 16:38:15,7814.0,97265,7814.5,973143,28838,325542,-296704,-875878,0.5
1900-01-24 16:38:30,7811.0,277244,7811.5,1166064,213611,143625,69986,-888820,0.5
1900-01-24 16:38:45,7810.5,1056388,7811.0,2644998,14201,267601,-253400,-1588610,0.5
1900-01-24 16:39:00,7810.5,445636,7811.0,2742602,81902,31821,50081,-2296966,0.5
1900-01-24 16:39:15,7810.5,743110,7811.0,2620954,86750,142487,-55737,-1877844,0.5
1900-01-24 16:39:30,7810.5,1094350,7811.0,2745385,26877,60356,-33479,-1651035,0.5
1900-01-24 16:39:45,7809.0,75199,7809.5,1375853,173876,247477,-73601,-1300654,0.5
1900-01-24 16:40:00,7807.5,983265,7808.0,1112625,145821,240477,-94656,-129360,0.5
1900-01-24 16:40:15,7816.5,404301,7817.0,49309,797824,17521,780303,354992,0.5
1900-01-24 16:40:30,7815.5,5070,7816.0,1241135,136218,22406,113812,-1236065,0.5
1900-01-24 16:40:45,7815.5,525970,7816.0,558049,21467,143165,-121698,-32079,0.5
1900-01-24 16:41:00,7818.5,478168,7819.0,247255,82888,6101,76787,230913,0.5
1900-01-24 16:41:15,7818.5,980084,7819.0,387235,209222,2213,207009,592849,0.5
1900-01-24 16:41:30,7815.5,721037,7816.0,245521,81474,15971,65503,475516,0.5
1900-01-24 16:41:45,7815.5,315954,7816.0,412740,23800,41255,-17455,-96786,0.5
1900-01-24 16:42:00,7815.5,10277,7816.0,1470406,3569,101775,-98206,-1460129,0.5
1900-01-24 16:42:15,7814.5,371737,7815.0,234344,56392,20480,35912,137393,0.5
1900-01-24 16:42:30,7814.5,987558,7815.0,340385,23558,150,23408,647173,0.5
1900-01-24 16:42:45,7814.5,915498,7815.0,607949,128124,1521,126603,307549,0.5
1900-01-24 16:43:00,7817.0,798694,7817.5,9775,100867,5270,95597,788919,0.5
1900-01-24 16:43:15,7822.5,484514,7823.0,25758,195132,7021,188111,458756,0.5
1900-01-24 16:43:30,7824.5,765725,7825.0,24415,284404,73287,211117,741310,0.5
1900-01-24 16:43:45,7823.0,4920,7823.5,754142,250640,27714,222926,-749222,0.5
1900-01-24 16:44:00,7823.0,2749,7823.5,1329470,30540,25197,5343,-1326721,0.5
1900-01-24 16:44:15,7822.0,416939,7822.5,1072770,11727,6939,4788,-655831,0.5
1900-01-24 16:44:30,7823.5,592723,7824.0,970297,9970,109931,-99961,-377574,0.5
1900-01-24 16:44:45,7828.5,324474,7829.0,28496,259434,23923,235511,295978,0.5
1900-01-24 16:45:00,7831.0,582612,7831.5,524747,62763,4923,57840,57865,0.5
1900-01-24 16:45:15,7831.0,454114,7831.5,759081,63352,42428,20924,-304967,0.5
1900-01-24 16:45:30,7830.5,806916,7831.0,238419,120696,269573,-148877,568497,0.5
1900-01-24 16:45:45,7830.5,1290534,7831.0,149790,88483,11556,76927,1140744,0.5
1900-01-24 16:46:00,7830.5,805915,7831.0,248825,102167,7245,94922,557090,0.5
1900-01-24 16:46:15,7832.0,1503349,7832.5,32780,234399,43130,191269,1470569,0.5
1900-01-24 16:46:30,7832.5,1453330,7833.0,33024,235125,9390,225735,1420306,0.5
1900-01-24 16:46:45,7832.5,449484,7833.0,499557,93745,12523,81222,-50073,0.5
1900-01-24 16:47:00,7832.5,1650607,7833.0,99284,40955,25524,15431,1551323,0.5
1900-01-24 16:47:15,7827.0,1365514,7827.5,163335,74898,39426,35472,1202179,0.5
1900-01-24 16:47:30,7829.0,202312,7829.5,510331,95006,42020,52986,-308019,0.5
1900-01-24 16:47:45,7825.0,475524,7825.5,774697,28790,156696,-127906,-299173,0.5
1900-01-24 16:48:00,7822.0,79334,7822.5,551113,22237,139931,-117694,-471779,0.5
1900-01-24 16:48:15,7820.0,2032,7820.5,1258012,10526,213702,-203176,-1255980,0.5
1900-01-24 16:48:30,7816.5,334314,7817.0,2180205,39393,83931,-44538,-1845891,0.5
1900-01-24 16:48:45,7816.5,588014,7817.0,1864226,4600,32447,-27847,-1276212,0.5
1900-01-24 16:49:00,7816.5,920348,7817.0,1497489,4217,15154,-10937,-577141,0.5
1900-01-24 16:49:15,7816.5,1071076,7817.0,1279756,152027,6361,145666,-208680,0.5
1900-01-24 16:49:30,7816.5,1073305,7817.0,1044489,179116,20432,158684,28816,0.5
1900-01-24 16:49:45,7816.5,80380,7817.0,1928112,5017,11182,-6165,-1847732,0.5
1900-01-24 16:50:00,7816.0,63825,7816.5,1298619,39543,12213,27330,-1234794,0.5
1900-01-24 16:50:15,7816.0,580853,7816.5,966104,2767,65929,-63162,-385251,0.5
1900-01-24 16:50:30,7816.0,567191,7816.5,537172,1000,70107,-69107,30019,0.5
1900-01-24 16:50:45,7816.0,813483,7816.5,355878,1500,10387,-8887,457605,0.5
1900-01-24 16:51:00,7816.0,1829617,7816.5,154059,10617,3100,7517,1675558,0.5
1900-01-24 16:51:15,7816.5,1445708,7817.0,922994,264875,6283,258592,522714,0.5
1900-01-24 16:51:30,7816.5,1341920,7817.0,661026,282159,1500,280659,680894,0.5
1900-01-24 16:51:45,7816.5,928086,7817.0,1202430,11500,2834,8666,-274344,0.5
1900-01-24 16:52:00,7816.5,139302,7817.0,1311198,56700,16419,40281,-1171896,0.5
1900-01-24 16:52:15,7816.5,356645,7817.0,1361215,128020,41764,86256,-1004570,0.5
1900-01-24 16:52:30,7816.5,1119955,7817.0,25602,47112,7776,39336,1094353,0.5
1900-01-24 16:52:45,7819.5,724761,7820.0,51398,545891,2090,543801,673363,0.5
1900-01-24 16:53:00,7820.0,1131856,7820.5,58365,14933,500,14433,1073491,0.5
1900-01-24 16:53:15,7822.5,274289,7823.0,1084916,17042,105,16937,-810627,0.5
1900-01-24 16:53:30,7822.0,3624,7822.5,1509802,9376,176331,-166955,-1506178,0.5
1900-01-24 16:53:45,7821.0,985233,7821.5,1101983,2634,35937,-33303,-116750,0.5
1900-01-24 16:54:00,7821.0,1256164,7821.5,268025,8390,15680,-7290,988139,0.5
1900-01-24 16:54:15,7821.0,1591274,7821.5,188350,38366,48,38318,1402924,0.5
1900-01-24 16:54:30,7821.0,789293,7821.5,1156106,6836,23660,-16824,-366813,0.5
1900-01-24 16:54:45,7821.0,805362,7821.5,1227664,3547,38461,-34914,-422302,0.5
1900-01-24 16:55:00,7821.0,678744,7821.5,1404862,1633,139885,-138252,-726118,0.5
1900-01-24 16:55:15,7821.0,536418,7821.5,1264431,34393,113238,-78845,-728013,0.5
1900-01-24 16:55:30,7821.0,767766,7821.5,269653,6671,275533,-268862,498113,0.5
1900-01-24 16:55:45,7821.0,396060,7821.5,1350223,11041,12050,-1009,-954163,0.5
1900-01-24 16:56:00,7821.0,999029,7821.5,192524,40030,34510,5520,806505,0.5
1900-01-24 16:56:15,7824.5,906073,7825.0,30062,356003,6684,349319,876011,0.5
1900-01-24 16:56:30,7825.0,1210467,7825.5,58823,69651,1042,68609,1151644,0.5
1900-01-24 16:56:45,7825.0,795444,7825.5,697048,26803,5503,21300,98396,0.5
1900-01-24 16:57:00,7825.0,1412854,7825.5,836,76419,12677,63742,1412018,0.5
1900-01-24 16:57:15,7825.5,247842,7826.0,834820,161914,6746,155168,-586978,0.5
1900-01-24 16:57:30,7825.5,605540,7826.0,866548,3180,3897,-717,-261008,0.5
1900-01-24 16:57:45,7829.0,946056,7829.5,182568,219300,1435,217865,763488,0.5
1900-01-24 16:58:00,7829.0,1003208,7829.5,726487,94891,6990,87901,276721,0.5
1900-01-24 16:58:15,7829.0,72684,7829.5,1167485,71314,25583,45731,-1094801,0.5
1900-01-24 16:58:30,7829.0,14578,7829.5,1606043,15569,17656,-2087,-1591465,0.5
1900-01-24 17:01:00,7831.0,1774683,7831.5,55292,81314,20,81294,1719391,0.5
1900-01-24 17:01:15,7837.0,671077,7837.5,89222,203352,11702,191650,581855,0.5
1900-01-24 17:01:30,7833.5,35683,7834.0,956163,420394,206069,214325,-920480,0.5
1900-01-24 17:01:45,7835.5,1395985,7836.0,112513,27412,25428,1984,1283472,0.5
1900-01-24 17:03:15,7837.5,121638,7838.0,657457,11000,26700,-15700,-535819,0.5
1900-01-24 17:03:30,7836.5,989573,7837.0,244249,40121,107687,-67566,745324,0.5
1900-01-24 17:03:45,7842.0,1199191,7842.5,61527,231139,15026,216113,1137664,0.5
1900-01-24 17:04:00,7843.5,144655,7844.0,445753,263611,113728,149883,-301098,0.5
1900-01-24 17:04:15,7854.5,49007,7855.0,1269345,214205,130689,83516,-1220338,0.5
1900-01-24 17:04:30,7857.5,318882,7858.0,104068,300082,49550,250532,214814,0.5
1900-01-24 17:04:45,7861.5,378510,7862.0,38932,441648,44266,397382,339578,0.5
1900-01-24 17:05:00,7869.5,135149,7870.0,24500,1823850,64486,1759364,110649,0.5
1900-01-24 17:05:15,7881.5,2966,7882.0,77975,973748,322181,651567,-75009,0.5
1900-01-24 17:05:30,7872.5,1006,7873.0,553309,544652,336303,208349,-552303,0.5
1900-01-24 17:05:45,7863.5,611873,7864.0,221850,80465,234133,-153668,390023,0.5
1900-01-24 17:06:00,7865.0,898524,7865.5,111437,237992,68081,169911,787087,0.5
1900-01-24 17:06:15,7865.0,910348,7865.5,420473,86054,127336,-41282,489875,0.5
1900-01-24 17:06:30,7867.5,316434,7868.0,692355,260187,84137,176050,-375921,0.5
1900-01-24 17:06:45,7853.5,169045,7854.0,156088,13295,482922,-469627,12957,0.5
1900-01-24 17:07:00,7843.0,138995,7844.5,609854,39147,708948,-669801,-470859,1.5
1900-01-24 17:07:15,7842.0,574186,7842.5,605750,140995,566177,-425182,-31564,0.5
1900-01-24 17:07:30,7848.5,71428,7849.0,1337858,358356,60168,298188,-1266430,0.5
1900-01-24 17:07:45,7849.0,1137554,7849.5,82662,272275,38613,233662,1054892,0.5
1900-01-24 17:08:00,7846.0,4886,7846.5,1019923,46854,438312,-391458,-1015037,0.5
1900-01-24 17:08:15,7844.0,1071531,7844.5,1035,54653,402843,-348190,1070496,0.5
1900-01-24 17:08:30,7844.0,149051,7844.5,1087646,48578,162936,-114358,-938595,0.5
1900-01-24 17:08:45,7835.5,525287,7836.0,1398342,36525,859277,-822752,-873055,0.5
1900-01-24 17:09:00,7835.5,1625750,7836.0,100650,64702,161265,-96563,1525100,0.5
1900-01-24 17:09:15,7832.5,1131695,7833.0,16805,442342,110126,332216,1114890,0.5
1900-01-24 17:09:30,7845.5,219615,7846.0,7638,114596,63981,50615,211977,0.5
1900-01-24 17:09:45,7848.5,1005010,7849.0,172231,123521,22688,100833,832779,0.5
1900-01-24 17:10:00,7850.0,1210951,7850.5,108536,53412,9811,43601,1102415,0.5
1900-01-24 17:11:15,7847.5,1286140,7848.0,81580,15560,32527,-16967,1204560,0.5
1900-01-24 17:11:30,7844.0,1074736,7844.5,1325016,1156377,42333,1114044,-250280,0.5
1900-01-24 17:11:45,7839.5,1695,7840.0,634413,15751,128549,-112798,-632718,0.5
1900-01-24 17:12:00,7821.5,275331,7822.0,179163,32782,981086,-948304,96168,0.5
1900-01-24 17:12:15,7824.5,600,7826.5,10000,130756,570558,-439802,-9400,2.0
1900-01-24 17:12:30,7820.0,784625,7820.5,6076,174438,204783,-30345,778549,0.5
1900-01-24 17:12:45,7820.0,174054,7820.5,1604536,98690,72651,26039,-1430482,0.5
1900-01-24 17:13:00,7820.0,231857,7820.5,1673121,116481,91612,24869,-1441264,0.5
1900-01-24 17:13:15,7813.5,13456,7814.0,631394,6190,379406,-373216,-617938,0.5
1900-01-24 17:13:30,7807.0,504652,7807.5,149226,239328,537879,-298551,355426,0.5
1900-01-24 17:13:45,7807.0,824819,7807.5,399552,132034,74516,57518,425267,0.5
1900-01-24 17:14:00,7808.0,213809,7808.5,932304,88412,219010,-130598,-718495,0.5
1900-01-24 17:14:15,7789.5,9540,7790.5,20000,138227,1239162,-1100935,-10460,1.0
1900-01-24 17:14:30,7790.5,128437,7791.5,591392,243941,1271311,-1027370,-462955,1.0
1900-01-24 17:14:45,7791.0,546282,7791.5,234069,394412,177482,216930,312213,0.5
1900-01-24 17:15:00,7792.0,752656,7792.5,361046,491317,152268,339049,391610,0.5
1900-01-24 17:15:15,7784.0,304857,7784.5,948235,122268,398253,-275985,-643378,0.5
1900-01-24 17:15:30,7772.0,32005,7772.5,1562627,48385,1259503,-1211118,-1530622,0.5
1900-01-24 17:15:45,7769.0,17600,7769.5,19800,322045,909910,-587865,-2200,0.5
1900-01-24 17:16:00,7791.5,65797,7792.0,26099,973556,408971,564585,39698,0.5
1900-01-24 17:16:15,7782.5,6260,7783.0,557543,65805,93533,-27728,-551283,0.5
1900-01-24 17:17:45,7789.0,112898,7789.5,1198649,50935,75197,-24262,-1085751,0.5
1900-01-24 17:18:00,7778.5,78409,7779.0,490568,53592,871659,-818067,-412159,0.5
1900-01-24 17:18:15,7775.0,5968,7775.5,1401328,39383,511654,-472271,-1395360,0.5
1900-01-24 17:18:30,7766.5,678978,7767.0,581875,30018,461596,-431578,97103,0.5
1900-01-24 17:18:45,7779.5,261147,7780.0,933189,1174811,146281,1028530,-672042,0.5
1900-01-24 17:19:00,7779.0,50700,7779.5,1042175,68365,130426,-62061,-991475,0.5
1900-01-24 17:19:15,7777.5,2665596,7778.0,93898,132202,93213,38989,2571698,0.5
1900-01-24 17:19:30,7779.5,322610,7780.0,1122227,353902,13609,340293,-799617,0.5
1900-01-24 17:19:45,7792.5,589223,7793.0,885624,385798,48683,337115,-296401,0.5
1900-01-24 17:20:00,7792.0,302471,7792.5,434560,60344,42144,18200,-132089,0.5
1900-01-24 17:20:15,7792.0,256693,7792.5,1235136,37573,73140,-35567,-978443,0.5
1900-01-24 17:20:30,7788.0,75959,7788.5,1012122,6565,340931,-334366,-936163,0.5
1900-01-24 17:20:45,7783.0,116965,7783.5,795067,4342,82884,-78542,-678102,0.5
1900-01-24 17:21:00,7785.0,720187,7785.5,38671,2293847,132333,2161514,681516,0.5
1900-01-24 17:21:15,7787.0,182409,7787.5,480767,138891,98677,40214,-298358,0.5
1900-01-24 17:21:30,7788.0,1430931,7788.5,36580,70465,73247,-2782,1394351,0.5
1900-01-24 17:21:45,7788.0,1477929,7788.5,60519,191882,28367,163515,1417410,0.5
1900-01-24 17:22:00,7789.5,1081664,7790.0,289765,472239,14917,457322,791899,0.5
1900-01-24 17:22:15,7789.5,1467795,7790.0,135654,141096,805,140291,1332141,0.5
1900-01-24 17:22:30,7794.5,254883,7795.0,108878,124823,3605,121218,146005,0.5
1900-01-24 17:22:45,7796.5,1335563,7797.0,84768,304932,12381,292551,1250795,0.5
1900-01-24 17:23:00,7797.0,4421049,7797.5,544915,328146,1201,326945,3876134,0.5
1900-01-24 17:23:15,7797.5,1318943,7798.0,570134,116210,5351,110859,748809,0.5
1900-01-24 17:23:30,7797.5,1081946,7798.0,797144,56223,1100,55123,284802,0.5
1900-01-24 17:23:45,7797.5,1644201,7798.0,66856,179142,30542,148600,1577345,0.5
1900-01-24 17:24:00,7798.0,4741405,7798.5,407739,42998,27123,15875,4333666,0.5
1900-01-24 17:24:15,7798.0,4038236,7798.5,460392,75700,44222,31478,3577844,0.5
1900-01-24 17:24:30,7798.0,4078009,7798.5,661615,75921,17309,58612,3416394,0.5
1900-01-24 17:24:45,7798.0,3954669,7798.5,692868,36149,9931,26218,3261801,0.5
1900-01-24 17:25:00,7798.0,3915998,7798.5,718838,66358,8952,57406,3197160,0.5
1900-01-24 17:25:15,7798.0,3522427,7798.5,5374096,40204,181659,-141455,-1851669,0.5
1900-01-24 17:25:30,7780.0,262613,7780.5,32000,95803,3835029,-3739226,230613,0.5
1900-01-24 17:25:45,7786.0,875033,7786.5,471958,56298,565366,-509068,403075,0.5
1900-01-24 17:26:00,7780.5,822968,7781.0,687526,16090,276213,-260123,135442,0.5
1900-01-24 17:26:15,7768.5,195489,7769.0,191392,30532,457378,-426846,4097,0.5
1900-01-24 17:26:30,7773.5,540536,7774.0,682927,176626,128680,47946,-142391,0.5
1900-01-24 17:26:45,7773.5,1136723,7774.0,159605,55114,48257,6857,977118,0.5
1900-01-24 17:27:00,7775.0,381076,7775.5,936889,102086,139820,-37734,-555813,0.5
1900-01-24 17:27:15,7775.0,827995,7775.5,205330,11254,205476,-194222,622665,0.5
1900-01-24 17:27:30,7773.5,1658359,7774.0,57797,102152,46468,55684,1600562,0.5
1900-01-24 17:27:45,7774.5,896403,7775.0,702553,30825,74975,-44150,193850,0.5
1900-01-24 17:28:00,7774.5,223745,7775.0,1199651,10194,298856,-288662,-975906,0.5
1900-01-24 17:28:15,7769.5,10246,7770.0,917395,37943,210329,-172386,-907149,0.5
1900-01-24 17:28:30,7766.0,618750,7766.5,721597,4020,149749,-145729,-102847,0.5
1900-01-24 17:28:45,7765.0,153120,7765.5,804806,3941,699525,-695584,-651686,0.5
1900-01-24 17:29:00,7753.5,126026,7754.0,91243,14210,1116879,-1102669,34783,0.5
1900-01-24 17:29:15,7765.0,151756,7765.5,55987,347366,301493,45873,95769,0.5
1900-01-24 17:29:30,7766.5,827098,7767.0,10594,142055,270352,-128297,816504,0.5
1900-01-24 17:29:45,7779.0,632605,7779.5,1013665,211777,43209,168568,-381060,0.5
1900-01-24 17:30:00,7779.0,743281,7779.5,941366,137023,180045,-43022,-198085,0.5
1900-01-24 17:30:15,7779.0,707324,7779.5,1299031,103088,497607,-394519,-591707,0.5
1900-01-24 17:30:30,7775.0,102491,7775.5,1484279,1070,653273,-652203,-1381788,0.5
1900-01-24 17:30:45,7770.0,567855,7770.5,819686,23093,529527,-506434,-251831,0.5
1900-01-24 17:31:00,7767.5,32887,7768.0,1268065,18139,119749,-101610,-1235178,0.5
1900-01-24 17:31:15,7769.0,184184,7769.5,473,78285,78778,-493,183711,0.5
1900-01-24 17:31:30,7769.5,682869,7770.0,369285,56694,28553,28141,313584,0.5
1900-01-24 17:31:45,7777.5,11595,7778.0,1236298,90914,171018,-80104,-1224703,0.5
1900-01-24 17:32:00,7779.0,73244,7779.5,19664,168338,11154,157184,53580,0.5
1900-01-24 17:32:15,7780.5,1122,7781.0,302439,127423,500423,-373000,-301317,0.5
1900-01-24 17:32:30,7777.5,141657,7778.0,1097947,115336,54869,60467,-956290,0.5
1900-01-24 17:32:45,7777.5,31611,7778.0,1113529,8075,73939,-65864,-1081918,0.5
1900-01-24 17:33:00,7777.5,410277,7778.0,1022835,200,17832,-17632,-612558,0.5
1900-01-24 17:33:15,7777.5,701281,7778.0,709641,6614,14102,-7488,-8360,0.5
1900-01-24 17:33:30,7777.5,48386,7778.0,1864485,11640,97464,-85824,-1816099,0.5
1900-01-24 17:33:45,7770.0,92708,7772.0,1752376,930,82130,-81200,-1659668,2.0
1900-01-24 17:34:00,7769.5,87085,7770.0,1556526,26751,95729,-68978,-1469441,0.5
1900-01-24 17:34:15,7769.0,472582,7769.5,862678,49240,20594,28646,-390096,0.5
1900-01-24 17:34:30,7766.0,13659,7766.5,1367378,1224,288963,-287739,-1353719,0.5
1900-01-24 17:34:45,7762.0,553306,7762.5,161402,56934,178981,-122047,391904,0.5
1900-01-24 17:35:00,7762.0,569519,7762.5,146546,71150,46199,24951,422973,0.5
1900-01-24 17:35:15,7766.5,607446,7767.0,500592,364370,17719,346651,106854,0.5
1900-01-24 17:35:30,7766.5,772655,7767.0,26442,50155,24662,25493,746213,0.5
1900-01-24 17:35:45,7766.5,839634,7767.0,555679,44473,42729,1744,283955,0.5
1900-01-24 17:36:00,7765.0,131941,7765.5,1216299,27755,63407,-35652,-1084358,0.5
1900-01-24 17:36:15,7762.5,196481,7763.0,1157466,16581,42809,-26228,-960985,0.5
1900-01-24 17:36:30,7762.0,251365,7762.5,1221120,2300,57769,-55469,-969755,0.5
1900-01-24 17:36:45,7762.0,304300,7762.5,798713,209065,45227,163838,-494413,0.5
1900-01-24 17:37:00,7763.5,435444,7764.0,566883,242289,360635,-118346,-131439,0.5
1900-01-24 17:37:15,7765.5,248113,7766.0,959289,82336,75355,6981,-711176,0.5
1900-01-24 17:37:30,7765.5,1030056,7766.0,59095,31197,48306,-17109,970961,0.5
1900-01-24 17:37:45,7767.0,1052210,7767.5,96619,30181,94850,-64669,955591,0.5
1900-01-24 17:38:00,7772.5,259656,7773.0,39182,102670,1180,101490,220474,0.5
1900-01-24 17:38:15,7774.5,775476,7775.0,442855,168568,17788,150780,332621,0.5
1900-01-24 17:38:30,7769.0,130327,7769.5,333013,71368,138955,-67587,-202686,0.5
1900-01-24 17:38:45,7769.0,588098,7769.5,682950,62860,64911,-2051,-94852,0.5
1900-01-24 17:39:00,7771.5,869976,7772.0,2293,35617,21597,14020,867683,0.5
1900-01-24 17:39:15,7773.5,446676,7774.0,1007963,12549,22371,-9822,-561287,0.5
1900-01-24 17:39:30,7773.5,579621,7774.0,1060626,87022,20478,66544,-481005,0.5
1900-01-24 17:39:45,7776.5,1077820,7777.0,174365,174483,4731,169752,903455,0.5
1900-01-24 17:40:00,7776.5,2029407,7777.0,65606,84013,98,83915,1963801,0.5
1900-01-24 17:40:15,7783.0,713597,7783.5,146041,451369,34488,416881,567556,0.5
1900-01-24 17:40:30,7786.0,953231,7786.5,231532,381014,12275,368739,721699,0.5
1900-01-24 17:40:45,7786.0,1551345,7786.5,382831,79331,11579,67752,1168514,0.5
1900-01-24 17:41:00,7786.0,527489,7786.5,1055372,136451,1096,135355,-527883,0.5
1900-01-24 17:41:15,7781.0,1545025,7781.5,68632,19633,237788,-218155,1476393,0.5
1900-01-24 17:41:30,7781.0,315,7781.5,1059914,7286,135054,-127768,-1059599,0.5
1900-01-24 17:41:45,7779.5,29593,7780.0,1043500,88352,124956,-36604,-1013907,0.5
1900-01-24 17:42:00,7779.5,15330,7780.0,1893615,2482,315285,-312803,-1878285,0.5
1900-01-24 17:42:15,7774.0,1362589,7774.5,94012,86613,52770,33843,1268577,0.5
1900-01-24 17:42:30,7781.0,133601,7781.5,799411,119124,15464,103660,-665810,0.5
1900-01-24 17:42:45,7781.0,87087,7781.5,1333496,6445,15080,-8635,-1246409,0.5
1900-01-24 17:43:00,7781.0,68761,7781.5,2610115,11101,15154,-4053,-2541354,0.5
1900-01-24 17:43:15,7774.5,7131,7775.0,470366,1270,58215,-56945,-463235,0.5
1900-01-24 17:43:30,7774.5,2643,7775.0,1083986,3121,3598,-477,-1081343,0.5
1900-01-24 17:43:45,7770.5,139717,7771.0,947310,2590,66299,-63709,-807593,0.5
1900-01-24 17:44:00,7770.5,40923,7771.0,1031025,5625,1222,4403,-990102,0.5
1900-01-24 17:44:30,7769.0,74728,7769.5,1340147,111325,34478,76847,-1265419,0.5
1900-01-24 17:44:45,7768.0,16349,7768.5,1675430,2321,50126,-47805,-1659081,0.5
1900-01-24 17:45:00,7768.0,367373,7768.5,659907,9093,29353,-20260,-292534,0.5
1900-01-24 17:45:15,7768.0,558290,7768.5,607209,66923,2739,64184,-48919,0.5
1900-01-24 17:45:30,7768.0,680406,7768.5,95983,20500,165400,-144900,584423,0.5
1900-01-24 17:45:45,7778.5,430049,7779.0,63916,333550,4833,328717,366133,0.5
1900-01-24 17:46:00,7774.0,30219,7774.5,499244,15777,14696,1081,-469025,0.5
1900-01-24 17:46:15,7774.0,14681,7774.5,1293629,49707,16835,32872,-1278948,0.5
1900-01-24 17:46:30,7773.0,45799,7773.5,1523054,2337,9268,-6931,-1477255,0.5
1900-01-24 17:46:45,7771.0,1073662,7771.5,86239,103752,5620,98132,987423,0.5
1900-01-24 17:47:00,7771.5,1282320,7772.0,70982,38586,621,37965,1211338,0.5
1900-01-24 17:47:15,7772.5,242703,7773.0,1110557,22529,312,22217,-867854,0.5
1900-01-24 17:47:30,7773.5,992384,7774.0,4048,40262,91,40171,988336,0.5
1900-01-24 17:47:45,7778.5,52609,7779.0,1083053,81872,3884,77988,-1030444,0.5
1900-01-24 17:48:00,7778.5,744096,7779.0,628595,114943,19717,95226,115501,0.5
1900-01-24 17:48:15,7781.0,1534508,7781.5,32867,67393,3412,63981,1501641,0.5
1900-01-24 17:48:30,7782.0,1633930,7782.5,38826,58630,26742,31888,1595104,0.5
1900-01-24 17:48:45,7783.0,648953,7783.5,636558,68986,50017,18969,12395,0.5
1900-01-24 17:49:00,7783.0,291284,7783.5,471386,121141,103915,17226,-180102,0.5
1900-01-24 17:49:15,7789.5,436274,7790.0,30104,405029,36071,368958,406170,0.5
1900-01-24 17:49:30,7789.5,400661,7790.0,1256529,178580,21511,157069,-855868,0.5
1900-01-24 17:49:45,7789.5,1258490,7790.0,128829,35076,58340,-23264,1129661,0.5
1900-01-24 17:50:00,7789.5,566074,7790.0,812577,38254,7527,30727,-246503,0.5
1900-01-24 17:50:15,7789.5,1081898,7790.0,142762,164454,29696,134758,939136,0.5
1900-01-24 17:50:30,7789.5,1235602,7790.0,194382,63240,23200,40040,1041220,0.5
1900-01-24 17:50:45,7790.0,1107275,7790.5,643863,180468,27359,153109,463412,0.5
1900-01-24 17:51:00,7790.0,1666949,7790.5,423000,310335,340,309995,1243949,0.5
1900-01-24 17:51:15,7790.0,371186,7790.5,1110861,23878,22036,1842,-739675,0.5
1900-01-24 17:51:30,7790.0,421386,7790.5,1074228,171000,27140,143860,-652842,0.5
1900-01-24 17:51:45,7790.0,1822145,7790.5,5952,7057,26857,-19800,1816193,0.5
1900-01-24 17:52:00,7792.5,1676405,7793.0,156412,68011,9807,58204,1519993,0.5
1900-01-24 17:52:15,7799.5,521517,7800.0,184551,173203,12960,160243,336966,0.5
1900-01-24 17:52:30,7803.0,27174,7803.5,651549,638216,57693,580523,-624375,0.5
1900-01-24 17:52:45,7801.0,801440,7801.5,290705,147753,299929,-152176,510735,0.5
1900-01-24 17:53:00,7799.5,1055864,7800.0,876854,68118,109544,-41426,179010,0.5
1900-01-24 17:53:15,7799.5,566573,7800.0,1002079,5168,107337,-102169,-435506,0.5
1900-01-24 17:53:30,7797.5,148524,7798.0,976035,3704,131805,-128101,-827511,0.5
1900-01-24 17:53:45,7795.0,885929,7795.5,723799,5997,119645,-113648,162130,0.5
1900-01-24 17:54:00,7793.0,75204,7793.5,1180226,39993,71605,-31612,-1105022,0.5
1900-01-24 17:54:15,7793.0,434700,7793.5,929905,4539,41028,-36489,-495205,0.5
1900-01-24 17:54:30,7789.0,49857,7789.5,727235,301,171255,-170954,-677378,0.5
1900-01-24 17:54:45,7785.0,219230,7785.5,1284651,7832,85831,-77999,-1065421,0.5
1900-01-24 17:55:00,7785.0,783917,7785.5,1253915,18637,33277,-14640,-469998,0.5
1900-01-24 17:55:15,7785.0,925401,7785.5,621366,44463,11124,33339,304035,0.5
1900-01-24 17:55:30,7785.0,10776,7785.5,1138138,37300,73433,-36133,-1127362,0.5
1900-01-24 17:55:45,7781.5,11746,7782.0,721236,19391,32900,-13509,-709490,0.5
1900-01-24 17:56:00,7781.5,147501,7782.0,1412879,593,97752,-97159,-1265378,0.5
1900-01-24 17:56:15,7781.5,926250,7782.0,231292,76844,68110,8734,694958,0.5
1900-01-24 17:56:30,7781.5,1360772,7782.0,294937,33881,26954,6927,1065835,0.5
1900-01-24 17:56:45,7786.0,906362,7786.5,467517,188074,31020,157054,438845,0.5
1900-01-24 17:57:00,7789.5,498124,7790.0,896845,50178,5106,45072,-398721,0.5
1900-01-24 17:57:15,7789.5,868542,7790.0,664177,199766,3407,196359,204365,0.5
1900-01-24 17:57:30,7789.5,1289952,7790.0,214003,30075,10787,19288,1075949,0.5
1900-01-24 17:57:45,7790.0,1406046,7790.5,197693,29120,1050,28070,1208353,0.5
1900-01-24 17:58:00,7790.0,1071778,7790.5,353250,33872,2325,31547,718528,0.5
1900-01-24 17:58:15,7790.0,205011,7790.5,1189931,3294,6688,-3394,-984920,0.5
1900-01-24 17:58:30,7787.5,19007,7788.0,990176,10571,79756,-69185,-971169,0.5
1900-01-24 17:58:45,7783.5,5151,7784.0,1518951,2274,27088,-24814,-1513800,0.5
1900-01-24 17:59:00,7783.5,25990,7784.0,1589303,3321,131857,-128536,-1563313,0.5
1900-01-24 17:59:15,7778.0,258744,7778.5,952727,180,25208,-25028,-693983,0.5
1900-01-24 17:59:30,7778.0,688431,7778.5,806145,135200,6865,128335,-117714,0.5
1900-01-24 17:59:45,7777.5,769423,7778.0,830826,1286,26121,-24835,-61403,0.5
1900-01-24 18:00:00,7778.5,17363,7780.0,133,78717,29918,48799,17230,1.5
1900-01-24 18:00:15,7781.5,701982,7782.0,230895,47652,2781,44871,471087,0.5
1900-01-24 18:00:30,7782.5,540778,7783.0,648103,49628,3388,46240,-107325,0.5
1900-01-24 18:00:45,7782.5,439825,7783.0,843757,10216,6825,3391,-403932,0.5
1900-01-24 18:01:00,7782.5,994832,7783.0,59435,30469,6576,23893,935397,0.5
1900-01-24 18:01:15,7786.5,1212638,7787.0,3000,23237,25809,-2572,1209638,0.5
1900-01-24 18:01:30,7787.5,1093300,7788.0,6979,26680,9207,17473,1086321,0.5
1900-01-24 18:01:45,7789.0,347359,7789.5,906060,35793,231,35562,-558701,0.5
1900-01-24 18:02:00,7789.0,668303,7789.5,1262289,56618,73430,-16812,-593986,0.5
1900-01-24 18:02:15,7788.0,30420,7788.5,953842,113001,117123,-4122,-923422,0.5
1900-01-24 18:02:30,7786.5,64151,7787.0,1057181,14360,39942,-25582,-993030,0.5
1900-01-24 18:02:45,7784.0,697602,7784.5,630604,8859,34539,-25680,66998,0.5
1900-01-24 18:03:00,7788.0,1071720,7788.5,17230,4020,1512,2508,1054490,0.5
1900-01-24 18:03:15,7788.5,1061047,7789.0,1154,6728,372,6356,1059893,0.5
1900-01-24 18:03:30,7789.0,900960,7789.5,388535,104514,210,104304,512425,0.5
1900-01-24 18:03:45,7786.5,1381,7787.0,950405,9789,71087,-61298,-949024,0.5
1900-01-24 18:04:00,7786.5,5148,7787.0,1303126,6671,10282,-3611,-1297978,0.5
1900-01-24 18:04:15,7786.5,1109136,7787.0,162907,38166,6353,31813,946229,0.5
1900-01-24 18:04:30,7787.5,1695404,7788.0,2794,18671,3428,15243,1692610,0.5
1900-01-24 18:04:45,7787.0,14492,7787.5,975834,140030,62233,77797,-961342,0.5
1900-01-24 18:05:00,7787.0,54187,7787.5,1150682,643,13901,-13258,-1096495,0.5
1900-01-24 18:05:15,7786.0,12885,7786.5,1065620,10787,27852,-17065,-1052735,0.5
1900-01-24 18:05:30,7781.5,29354,7782.0,1128368,580,136791,-136211,-1099014,0.5
1900-01-24 18:05:45,7781.5,75504,7782.0,1239256,32100,704763,-672663,-1163752,0.5
1900-01-24 18:06:00,7780.5,1263138,7781.0,351638,6416,78845,-72429,911500,0.5
1900-01-24 18:06:15,7780.5,1267730,7781.0,568527,168746,28309,140437,699203,0.5
1900-01-24 18:06:30,7780.5,1480661,7781.0,483527,64795,186,64609,997134,0.5
1900-01-24 18:06:45,7784.5,512705,7785.0,713368,270233,7931,262302,-200663,0.5
1900-01-24 18:07:00,7781.5,192,7782.0,426899,2148,72478,-70330,-426707,0.5
1900-01-24 18:07:15,7778.5,11900,7779.0,972702,2140,110637,-108497,-960802,0.5
1900-01-24 18:07:30,7778.5,17320,7779.0,828012,3170,61043,-57873,-810692,0.5
1900-01-24 18:07:45,7777.5,3242,7778.0,1571978,1057,200263,-199206,-1568736,0.5
1900-01-24 18:08:00,7772.5,34525,7773.0,965714,96435,429750,-333315,-931189,0.5
1900-01-24 18:08:15,7771.5,786620,7772.0,79409,23557,31927,-8370,707211,0.5
1900-01-24 18:08:30,7771.5,380316,7772.0,711124,13618,113990,-100372,-330808,0.5
1900-01-24 18:08:45,7771.5,5001,7772.0,1388671,7245,46586,-39341,-1383670,0.5
1900-01-24 18:09:00,7770.0,12,7770.5,1481680,103289,219655,-116366,-1481668,0.5
1900-01-24 18:09:15,7769.0,777153,7769.5,132122,57263,12896,44367,645031,0.5
1900-01-24 18:09:30,7770.5,989176,7771.0,838,65586,12597,52989,988338,0.5
1900-01-24 18:09:45,7772.0,911518,7772.5,106687,34613,4363,30250,804831,0.5
1900-01-24 18:10:00,7772.0,1105548,7772.5,18799,24020,1977,22043,1086749,0.5
1900-01-24 18:10:15,7774.5,907810,7775.0,80326,41487,1030,40457,827484,0.5
1900-01-24 18:10:30,7775.5,1069900,7776.0,36055,40982,20723,20259,1033845,0.5
1900-01-24 18:10:45,7775.5,417684,7776.0,1120961,8269,1195,7074,-703277,0.5
1900-01-24 18:11:00,7775.5,199753,7776.0,1187737,5948,59645,-53697,-987984,0.5
1900-01-24 18:11:15,7775.5,874368,7776.0,113312,10376,35964,-25588,761056,0.5
1900-01-24 18:11:30,7775.5,636476,7776.0,953317,16363,27271,-10908,-316841,0.5
1900-01-24 18:11:45,7775.5,772086,7776.0,190385,1,53838,-53837,581701,0.5
1900-01-24 18:12:00,7775.5,992550,7776.0,153893,27165,300,26865,838657,0.5
1900-01-24 18:12:15,7775.5,1036043,7776.0,31576,16901,300,16601,1004467,0.5
1900-01-24 18:12:30,7776.5,1396989,7777.0,33606,50106,1912,48194,1363383,0.5
1900-01-24 18:12:45,7783.5,545163,7784.0,309456,115788,4973,110815,235707,0.5
1900-01-24 18:13:00,7783.5,389492,7784.0,1302265,10740,13867,-3127,-912773,0.5
1900-01-24 18:13:15,7783.0,106373,7783.5,1509180,196896,2450,194446,-1402807,0.5
1900-01-24 18:13:30,7782.5,2737,7783.0,1301435,6474,15325,-8851,-1298698,0.5
1900-01-24 18:13:45,7780.0,1049010,7780.5,58003,466,32448,-31982,991007,0.5
1900-01-24 18:14:00,7780.0,1100363,7780.5,8410,5593,6285,-692,1091953,0.5
1900-01-24 18:14:15,7780.5,272528,7781.0,1070802,19699,640,19059,-798274,0.5
1900-01-24 18:14:30,7780.5,169785,7781.0,1098514,8674,7757,917,-928729,0.5
1900-01-24 18:14:45,7775.5,1782,7776.0,1395975,2187,15904,-13717,-1394193,0.5
1900-01-24 18:15:00,7775.0,2857,7775.5,1403665,1687,18706,-17019,-1400808,0.5
1900-01-24 18:15:15,7774.0,827731,7774.5,78681,14021,94991,-80970,749050,0.5
1900-01-24 18:15:30,7777.5,612730,7778.0,541415,38799,8787,30012,71315,0.5
1900-01-24 18:15:45,7777.5,558665,7778.0,836239,15112,475,14637,-277574,0.5
1900-01-24 18:16:00,7777.5,32411,7778.0,1497271,17615,24166,-6551,-1464860,0.5
1900-01-24 18:16:15,7775.5,25075,7776.0,1267873,157021,11597,145424,-1242798,0.5
1900-01-24 18:16:30,7775.5,44780,7776.0,1478776,11889,13098,-1209,-1433996,0.5
1900-01-24 18:16:45,7775.5,1088851,7776.0,275591,1962,23334,-21372,813260,0.5
1900-01-24 18:17:00,7775.5,1218337,7776.0,354018,164794,750,164044,864319,0.5
1900-01-24 18:17:15,7775.5,122610,7776.0,1356323,11500,29534,-18034,-1233713,0.5
1900-01-24 18:17:30,7775.5,247294,7776.0,1223303,3010,12249,-9239,-976009,0.5
1900-01-24 18:17:45,7775.5,111590,7776.0,1197507,15030,9650,5380,-1085917,0.5
1900-01-24 18:18:00,7773.5,9773,7774.0,276941,3005,77461,-74456,-267168,0.5
1900-01-24 18:18:15,7769.5,167967,7770.0,1081091,11116,271190,-260074,-913124,0.5
1900-01-24 18:18:30,7767.0,1176576,7767.5,162272,177,60967,-60790,1014304,0.5
1900-01-24 18:18:45,7769.0,868714,7769.5,606465,24927,24251,676,262249,0.5
1900-01-24 18:19:00,7769.0,320774,7769.5,1055179,20353,8673,11680,-734405,0.5
1900-01-24 18:19:15,7769.0,1139667,7769.5,253718,169559,166876,2683,885949,0.5
1900-01-24 18:19:30,7769.0,1136528,7769.5,514662,133808,138,133670,621866,0.5
1900-01-24 18:19:45,7773.0,1339911,7773.5,59364,335499,5970,329529,1280547,0.5
1900-01-24 18:20:00,7773.0,1485292,7773.5,51519,36736,2463,34273,1433773,0.5
1900-01-24 18:20:15,7773.0,593960,7773.5,717615,1756,8743,-6987,-123655,0.5
1900-01-24 18:20:30,7771.5,46399,7772.0,750871,45940,28638,17302,-704472,0.5
1900-01-24 18:20:45,7771.5,179189,7772.0,1188839,5830,411202,-405372,-1009650,0.5
1900-01-24 18:21:00,7771.5,130485,7772.0,1445799,3792,104189,-100397,-1315314,0.5
1900-01-24 18:21:15,7768.0,371234,7768.5,981243,20,22056,-22036,-610009,0.5
1900-01-24 18:21:30,7768.0,269164,7768.5,1096097,1350,35290,-33940,-826933,0.5
1900-01-24 18:21:45,7768.0,222009,7768.5,1065143,4363,55276,-50913,-843134,0.5
1900-01-24 18:22:00,7768.0,242090,7768.5,1124182,651,17699,-17048,-882092,0.5
1900-01-24 18:22:15,7767.5,6281,7768.0,314176,20,75944,-75924,-307895,0.5
1900-01-24 18:22:30,7762.5,32825,7763.0,745428,11071,106262,-95191,-712603,0.5
1900-01-24 18:22:45,7759.5,1653,7760.0,1344559,2378,177714,-175336,-1342906,0.5
1900-01-24 18:23:00,7758.0,686182,7758.5,76708,38352,112903,-74551,609474,0.5
1900-01-24 18:23:15,7763.5,81443,7764.0,377688,33455,28378,5077,-296245,0.5
1900-01-24 18:23:30,7759.0,938364,7759.5,419251,19522,101588,-82066,519113,0.5
1900-01-24 18:23:45,7759.0,825076,7759.5,389520,37154,16392,20762,435556,0.5
1900-01-24 18:24:00,7759.0,1127616,7759.5,70294,127101,125454,1647,1057322,0.5
1900-01-24 18:24:15,7762.0,705829,7762.5,169424,48694,69750,-21056,536405,0.5
1900-01-24 18:24:30,7763.0,913898,7763.5,123,6205,2490,3715,913775,0.5
1900-01-24 18:24:45,7763.5,790451,7764.0,46694,5464,200,5264,743757,0.5
1900-01-24 18:25:00,7767.0,73742,7767.5,6000,50656,4821,45835,67742,0.5
1900-01-24 18:25:15,7768.5,747709,7769.0,37208,31647,7862,23785,710501,0.5
1900-01-24 18:25:30,7768.5,82964,7769.0,1132007,22159,7198,14961,-1049043,0.5
1900-01-24 18:25:45,7767.0,263466,7767.5,1250050,6219,76054,-69835,-986584,0.5
1900-01-24 18:26:00,7762.0,451518,7762.5,697361,1835,281690,-279855,-245843,0.5
1900-01-24 18:26:15,7762.0,1333282,7762.5,36378,8496,3226,5270,1296904,0.5
1900-01-24 18:26:30,7765.0,925429,7765.5,48490,26909,39155,-12246,876939,0.5
1900-01-24 18:26:45,7765.0,1270215,7765.5,11112,12116,1509,10607,1259103,0.5
1900-01-24 18:27:00,7765.5,606753,7766.0,281706,15616,4263,11353,325047,0.5
1900-01-24 18:27:15,7765.5,148516,7766.0,1449631,4895,16626,-11731,-1301115,0.5
1900-01-24 18:27:30,7765.5,131945,7766.0,1568095,201,14813,-14612,-1436150,0.5
1900-01-24 18:27:45,7765.5,680559,7766.0,500654,8322,3914,4408,179905,0.5
1900-01-24 18:28:00,7765.5,1077009,7766.0,554307,3691,7158,-3467,522702,0.5
1900-01-24 18:28:15,7766.0,1611762,7766.5,86462,468804,9891,458913,1525300,0.5
1900-01-24 18:28:30,7772.0,1281489,7772.5,37246,134496,260,134236,1244243,0.5
1900-01-24 18:28:45,7773.0,787242,7773.5,7717,71504,220,71284,779525,0.5
1900-01-24 18:29:00,7773.0,413371,7773.5,848591,103330,525,102805,-435220,0.5
1900-01-24 18:29:15,7773.0,416346,7773.5,859129,1800,10545,-8745,-442783,0.5
1900-01-24 18:29:30,7773.0,129518,7773.5,921741,11366,22426,-11060,-792223,0.5
1900-01-24 18:29:45,7774.0,726191,7774.5,71619,74083,18063,56020,654572,0.5
1900-01-24 18:30:00,7774.5,1209946,7775.0,142330,67263,16067,51196,1067616,0.5
1900-01-24 18:30:15,7774.5,1667925,7775.0,141838,5151,3407,1744,1526087,0.5
1900-01-24 18:30:30,7777.0,1420782,7777.5,22088,179392,5385,174007,1398694,0.5
1900-01-24 18:30:45,7777.0,1781438,7777.5,9801,305237,1000,304237,1771637,0.5
1900-01-24 18:31:00,7777.5,1629233,7778.0,308732,166178,48323,117855,1320501,0.5
1900-01-24 18:31:15,7783.0,1340142,7783.5,20471,99181,5501,93680,1319671,0.5
1900-01-24 18:31:30,7784.5,1020197,7785.0,99896,41627,13536,28091,920301,0.5
1900-01-24 18:31:45,7787.0,1397701,7787.5,143491,21314,880,20434,1254210,0.5
1900-01-24 18:32:00,7787.0,1492276,7787.5,56543,50477,64956,-14479,1435733,0.5
1900-01-24 18:32:15,7788.5,1092131,7789.0,56838,60488,3140,57348,1035293,0.5
1900-01-24 18:32:30,7795.0,745750,7795.5,7843,317977,97114,220863,737907,0.5
1900-01-24 18:32:45,7795.5,1233092,7796.0,157465,72333,27429,44904,1075627,0.5
1900-01-24 18:33:00,7794.5,30660,7795.0,879293,72955,70475,2480,-848633,0.5
1900-01-24 18:33:15,7791.0,60415,7791.5,693524,6537,136760,-130223,-633109,0.5
1900-01-24 18:33:30,7791.0,619881,7791.5,630201,803,52393,-51590,-10320,0.5
1900-01-24 18:33:45,7793.5,953440,7794.0,148193,59675,14141,45534,805247,0.5
1900-01-24 18:34:00,7793.5,1240442,7794.0,50317,55939,2055,53884,1190125,0.5
1900-01-24 18:34:15,7796.5,533463,7797.0,26510,30169,300,29869,506953,0.5
1900-01-24 18:34:30,7797.0,450129,7797.5,400695,166123,25319,140804,49434,0.5
1900-01-24 18:34:45,7797.0,366244,7797.5,721155,28258,41954,-13696,-354911,0.5
1900-01-24 18:35:00,7797.0,1335041,7797.5,405181,15775,30561,-14786,929860,0.5
1900-01-24 18:35:15,7797.0,1308055,7797.5,286804,53829,211487,-157658,1021251,0.5
1900-01-24 18:35:30,7797.5,1569477,7798.0,13411,43818,2000,41818,1556066,0.5
1900-01-24 18:35:45,7799.0,1545870,7799.5,1043110,363210,3362,359848,502760,0.5
1900-01-24 18:36:00,7799.5,1668217,7800.0,95549,976387,6200,970187,1572668,0.5
1900-01-24 18:36:15,7809.5,219976,7810.0,165307,351055,14380,336675,54669,0.5
1900-01-24 18:36:30,7804.0,652127,7804.5,126384,1128417,172352,956065,525743,0.5
1900-01-24 18:36:45,7804.5,1488229,7805.0,604,196104,25795,170309,1487625,0.5
1900-01-24 18:37:00,7803.5,33693,7804.0,388441,99946,95000,4946,-354748,0.5
1900-01-24 18:37:15,7803.5,65392,7804.0,371838,34232,193542,-159310,-306446,0.5
1900-01-24 18:37:30,7803.5,727236,7804.0,517825,15928,144842,-128914,209411,0.5
1900-01-24 18:37:45,7802.0,10967,7802.5,607048,12525,123507,-110982,-596081,0.5
1900-01-24 18:38:00,7800.0,670095,7800.5,663077,15285,166930,-151645,7018,0.5
1900-01-24 18:38:15,7800.0,533623,7800.5,850869,1740,78309,-76569,-317246,0.5
1900-01-24 18:38:30,7797.0,66813,7797.5,947079,111841,348429,-236588,-880266,0.5
1900-01-24 18:38:45,7797.0,788590,7797.5,53837,5144,144811,-139667,734753,0.5
1900-01-24 18:39:00,7798.0,678259,7798.5,522844,86024,9067,76957,155415,0.5
1900-01-24 18:39:15,7798.0,150495,7798.5,882929,71102,54030,17072,-732434,0.5
1900-01-24 18:39:30,7796.0,18761,7796.5,886493,8020,49157,-41137,-867732,0.5
1900-01-24 18:39:45,7793.0,76272,7793.5,1269538,5327,128576,-123249,-1193266,0.5
1900-01-24 18:40:00,7791.5,488978,7792.0,471290,11831,71527,-59696,17688,0.5
1900-01-24 18:40:15,7794.5,1011131,7795.0,377654,35581,27554,8027,633477,0.5
1900-01-24 18:40:30,7794.5,1155848,7795.0,17860,100340,15700,84640,1137988,0.5
1900-01-24 18:40:45,7793.0,5022,7793.5,501780,63598,39697,23901,-496758,0.5
1900-01-24 18:41:00,7792.0,292854,7792.5,1075801,11341,85465,-74124,-782947,0.5
1900-01-24 18:41:15,7791.0,34532,7791.5,1351062,2163,607351,-605188,-1316530,0.5
1900-01-24 18:41:30,7778.5,327283,7779.0,413617,18240,179092,-160852,-86334,0.5
1900-01-24 18:41:45,7778.5,335908,7779.0,1052406,3784,153101,-149317,-716498,0.5
1900-01-24 18:42:00,7781.5,691702,7782.0,126516,249798,32813,216985,565186,0.5
1900-01-24 18:42:15,7782.0,786293,7782.5,20000,50533,9747,40786,766293,0.5
1900-01-24 18:42:30,7782.5,812942,7783.0,354723,142764,12363,130401,458219,0.5
1900-01-24 18:42:45,7782.5,224386,7783.0,1184592,120996,12030,108966,-960206,0.5
1900-01-24 18:43:00,7782.5,228475,7783.0,1074024,13955,14485,-530,-845549,0.5
1900-01-24 18:43:15,7782.5,271070,7783.0,1101490,14532,2060,12472,-830420,0.5
1900-01-24 18:43:30,7782.5,333355,7783.0,1026118,2473,6381,-3908,-692763,0.5
1900-01-24 18:43:45,7782.5,1041361,7783.0,42038,28287,3900,24387,999323,0.5
1900-01-24 18:44:00,7783.0,274436,7783.5,901237,89958,47,89911,-626801,0.5
1900-01-24 18:44:15,7783.5,215836,7784.0,692220,28649,500,28149,-476384,0.5
1900-01-24 18:44:30,7783.5,859538,7784.0,186387,5484,12759,-7275,673151,0.5
1900-01-24 18:44:45,7784.5,166797,7785.0,1370183,18406,9342,9064,-1203386,0.5
1900-01-24 18:45:00,7784.5,729215,7785.0,244099,80687,33,80654,485116,0.5
1900-01-24 18:45:15,7784.5,695279,7785.0,360028,6943,2100,4843,335251,0.5
1900-01-24 18:45:30,7784.5,117718,7785.0,1402180,7564,11532,-3968,-1284462,0.5
1900-01-24 18:45:45,7784.5,108728,7785.0,1477718,900,36842,-35942,-1368990,0.5
1900-01-24 18:46:00,7784.5,702275,7785.0,566190,3872,7100,-3228,136085,0.5
1900-01-24 18:46:15,7784.5,794339,7785.0,547833,50141,12952,37189,246506,0.5
1900-01-24 18:46:30,7784.5,77204,7785.0,1780280,59,2470,-2411,-1703076,0.5
1900-01-24 18:46:45,7784.0,2547,7784.5,1581020,3171,7583,-4412,-1578473,0.5
1900-01-24 18:47:00,7782.5,15748,7783.0,1568291,520,30975,-30455,-1552543,0.5
1900-01-24 18:47:15,7782.0,25466,7782.5,1692592,35000,17681,17319,-1667126,0.5
1900-01-24 18:47:30,7780.5,34606,7781.0,2112638,1618,81873,-80255,-2078032,0.5
1900-01-24 18:47:45,7779.5,300027,7780.0,1702141,17500,72142,-54642,-1402114,0.5
1900-01-24 18:48:00,7779.5,185691,7780.0,4955260,10746,13623,-2877,-4769569,0.5
1900-01-24 18:48:15,7779.0,30730,7779.5,770023,31,56777,-56746,-739293,0.5
1900-01-24 18:48:30,7778.5,27371,7779.0,1843050,7144,13949,-6805,-1815679,0.5
1900-01-24 18:48:45,7777.0,78309,7778.5,1581522,21,12804,-12783,-1503213,1.5
1900-01-24 18:49:00,7773.5,1923,7774.0,1442122,6438,132456,-126018,-1440199,0.5
1900-01-24 18:49:15,7769.5,285958,7770.0,993726,5228,333602,-328374,-707768,0.5
1900-01-24 18:49:30,7770.0,791389,7770.5,8829,116607,445374,-328767,782560,0.5
1900-01-24 18:49:45,7770.0,801855,7770.5,157354,39767,9205,30562,644501,0.5
1900-01-24 18:50:00,7771.0,81757,7771.5,1307146,106094,18330,87764,-1225389,0.5
1900-01-24 18:50:15,7771.0,411130,7771.5,1403525,6816,59510,-52694,-992395,0.5
1900-01-24 18:50:30,7771.0,952014,7771.5,273703,133266,25873,107393,678311,0.5
1900-01-24 18:50:45,7771.0,792380,7771.5,250356,30030,79290,-49260,542024,0.5
1900-01-24 18:51:00,7771.5,1009452,7772.0,2325939,94521,12009,82512,-1316487,0.5
1900-01-24 18:51:15,7771.5,547497,7772.0,2709189,2653,3100,-447,-2161692,0.5
1900-01-24 18:51:30,7767.5,55551,7768.0,1425835,1553,211164,-209611,-1370284,0.5
1900-01-24 18:51:45,7767.5,142651,7768.0,3927331,16227,20898,-4671,-3784680,0.5
1900-01-24 18:52:00,7767.5,144329,7768.0,4786321,2448,25482,-23034,-4641992,0.5
1900-01-24 18:52:15,7767.0,49020,7767.5,1460617,2578,59627,-57049,-1411597,0.5
1900-01-24 18:52:30,7765.0,168711,7765.5,1299916,1871,85201,-83330,-1131205,0.5
1900-01-24 18:52:45,7765.5,971096,7766.0,3368700,17913,39451,-21538,-2397604,0.5
1900-01-24 18:53:00,7765.5,1343219,7766.0,3249133,136849,16493,120356,-1905914,0.5
1900-01-24 18:53:15,7765.5,862522,7766.0,2773222,445480,24316,421164,-1910700,0.5
1900-01-24 18:53:30,7765.5,697192,7766.0,2758084,18004,64698,-46694,-2060892,0.5
1900-01-24 18:53:45,7765.5,376406,7766.0,2804761,295,143265,-142970,-2428355,0.5
1900-01-24 18:54:00,7765.5,457721,7766.0,2804785,24025,37920,-13895,-2347064,0.5
1900-01-24 18:54:15,7765.5,237299,7766.0,3037150,112000,20165,91835,-2799851,0.5
1900-01-24 18:54:30,7765.5,753087,7766.0,2649167,2021,78497,-76476,-1896080,0.5
1900-01-24 18:54:45,7765.0,142095,7765.5,1504171,5347,39106,-33759,-1362076,0.5
1900-01-24 18:55:00,7765.0,183027,7765.5,1195306,139,26550,-26411,-1012279,0.5
1900-01-24 18:55:15,7765.0,689872,7765.5,852150,105233,53638,51595,-162278,0.5
1900-01-24 18:55:30,7765.0,646161,7765.5,846447,3101,21183,-18082,-200286,0.5
1900-01-24 18:55:45,7765.0,1035464,7765.5,507023,4200,35422,-31222,528441,0.5
1900-01-24 18:56:00,7765.0,1488307,7765.5,241257,19182,200,18982,1247050,0.5
1900-01-24 18:56:15,7765.0,1478637,7765.5,188407,52141,50,52091,1290230,0.5
1900-01-24 18:56:30,7765.5,1951698,7766.0,1610653,1030650,2280,1028370,341045,0.5
1900-01-24 18:56:45,7765.5,2080465,7766.0,617059,1004549,1013,1003536,1463406,0.5
1900-01-24 18:57:00,7767.0,1677096,7767.5,207909,812205,220,811985,1469187,0.5
1900-01-24 18:57:15,7773.0,1194722,7773.5,182355,166155,3020,163135,1012367,0.5
1900-01-24 18:57:30,7774.0,579594,7774.5,905921,88415,5374,83041,-326327,0.5
1900-01-24 18:57:45,7774.0,676675,7774.5,886520,154182,31054,123128,-209845,0.5
1900-01-24 18:58:00,7774.0,940260,7774.5,588258,6716,1260,5456,352002,0.5
1900-01-24 18:58:15,7774.0,763699,7774.5,893206,4079,1300,2779,-129507,0.5
1900-01-24 18:58:30,7774.0,326937,7774.5,1123545,301,14630,-14329,-796608,0.5
1900-01-24 18:58:45,7774.0,598295,7774.5,878729,12582,26729,-14147,-280434,0.5
1900-01-24 18:59:00,7774.0,296100,7774.5,1010686,13461,30741,-17280,-714586,0.5
1900-01-24 18:59:15,7774.0,618263,7774.5,933989,71,29988,-29917,-315726,0.5
1900-01-24 18:59:30,7774.0,1053857,7774.5,524882,24071,14110,9961,528975,0.5
1900-01-24 18:59:45,7774.0,409510,7774.5,1033176,235,10607,-10372,-623666,0.5
1900-01-24 19:00:00,7774.0,439140,7774.5,1035976,2718,21876,-19158,-596836,0.5
1900-01-24 19:00:15,7774.0,1307782,7774.5,249625,244255,12064,232191,1058157,0.5
1900-01-24 19:00:30,7774.5,1418170,7775.0,62381,59485,20,59465,1355789,0.5
1900-01-24 19:00:45,7781.5,1460783,7782.0,97992,109491,171,109320,1362791,0.5
1900-01-24 19:01:00,7781.5,1944776,7782.0,54026,54856,40,54816,1890750,0.5
1900-01-24 19:01:15,7782.0,770645,7782.5,532374,76766,75509,1257,238271,0.5
1900-01-24 19:01:30,7782.0,824903,7782.5,556690,63554,100,63454,268213,0.5
1900-01-24 19:01:45,7784.5,1052891,7785.0,407856,10299,2891,7408,645035,0.5
1900-01-24 19:02:00,7784.5,1237980,7785.0,582280,46429,51930,-5501,655700,0.5
1900-01-24 19:02:15,7784.5,1533568,7785.0,233998,66405,14102,52303,1299570,0.5
1900-01-24 19:02:30,7786.0,1424037,7786.5,5501,8017,3380,4637,1418536,0.5
1900-01-24 19:02:45,7789.5,1494136,7790.0,1418704,167888,258,167630,75432,0.5
1900-01-24 19:03:00,7787.0,13727,7789.5,965568,91205,156243,-65038,-951841,2.5
1900-01-24 19:03:15,7775.0,1012343,7775.5,268092,30585,99839,-69254,744251,0.5
1900-01-24 19:03:30,7775.0,1153691,7775.5,156492,36698,2071,34627,997199,0.5
1900-01-24 19:03:45,7775.5,1189191,7776.0,224666,175112,4612,170500,964525,0.5
1900-01-24 19:04:00,7775.5,1161568,7776.0,273221,21150,291,20859,888347,0.5
1900-01-24 19:04:15,7775.5,1203277,7776.0,394759,3700,11,3689,808518,0.5
1900-01-24 19:04:30,7775.5,69839,7776.0,728458,24441,65486,-41045,-658619,0.5
1900-01-24 19:04:45,7775.0,11077,7775.5,827411,1093,47661,-46568,-816334,0.5
1900-01-24 19:05:00,7770.0,1270650,7770.5,600368,12561,104010,-91449,670282,0.5
1900-01-24 19:05:15,7770.0,730945,7770.5,860685,7717,36675,-28958,-129740,0.5
1900-01-24 19:05:30,7770.0,1303103,7770.5,613028,6975,42100,-35125,690075,0.5
1900-01-24 19:05:45,7770.0,827842,7770.5,694463,8001,1737,6264,133379,0.5
1900-01-24 19:06:00,7767.5,23663,7768.0,276268,2017,330103,-328086,-252605,0.5
1900-01-24 19:06:15,7762.5,1324056,7763.0,161877,3998,85193,-81195,1162179,0.5
1900-01-24 19:06:30,7762.5,925183,7763.0,544699,20682,245280,-224598,380484,0.5
1900-01-24 19:06:45,7762.5,442642,7763.0,646411,128438,146077,-17639,-203769,0.5
1900-01-24 19:07:00,7762.5,84483,7763.0,739135,10798,131834,-121036,-654652,0.5
1900-01-24 19:07:15,7762.5,626909,7763.0,183849,1939,20230,-18291,443060,0.5
1900-01-24 19:07:30,7759.0,19959,7759.5,1520849,356,302786,-302430,-1500890,0.5
1900-01-24 19:07:45,7757.5,215810,7758.0,651235,11120,109428,-98308,-435425,0.5
1900-01-24 19:08:00,7758.0,811983,7758.5,6473,58170,81388,-23218,805510,0.5
1900-01-24 19:08:15,7758.5,674988,7759.0,98497,72679,31703,40976,576491,0.5
1900-01-24 19:08:30,7760.5,649208,7761.0,16653,34282,8385,25897,632555,0.5
1900-01-24 19:08:45,7766.5,640651,7767.0,72234,86095,23205,62890,568417,0.5
1900-01-24 19:09:00,7766.5,756179,7767.0,19544,11875,59658,-47783,736635,0.5
1900-01-24 19:09:15,7766.5,106918,7767.0,1250122,10359,7242,3117,-1143204,0.5
1900-01-24 19:09:30,7766.5,24056,7767.0,1482409,3266,58172,-54906,-1458353,0.5
1900-01-24 19:09:45,7760.0,47350,7760.5,1082049,4257,91587,-87330,-1034699,0.5
1900-01-24 19:10:00,7758.0,262658,7758.5,654222,1189,18443,-17254,-391564,0.5
1900-01-24 19:10:15,7758.0,986675,7758.5,179594,7420,80836,-73416,807081,0.5
1900-01-24 19:10:30,7758.0,708584,7758.5,747790,1769,102224,-100455,-39206,0.5
1900-01-24 19:10:45,7758.0,221489,7758.5,524423,16302,130654,-114352,-302934,0.5
1900-01-24 19:11:00,7758.0,36933,7758.5,1028353,745,30673,-29928,-991420,0.5
1900-01-24 19:11:15,7756.0,135328,7756.5,1035038,2070,97030,-94960,-899710,0.5
1900-01-24 19:11:30,7758.5,406958,7759.0,91307,50832,73454,-22622,315651,0.5
1900-01-24 19:11:45,7759.5,922573,7760.0,7202,86520,4100,82420,915371,0.5
1900-01-24 19:12:00,7759.5,707833,7760.0,94854,22252,5504,16748,612979,0.5
1900-01-24 19:12:15,7763.5,249694,7764.0,1161728,21988,33336,-11348,-912034,0.5
1900-01-24 19:12:30,7763.5,139188,7764.0,1248026,9043,15127,-6084,-1108838,0.5
1900-01-24 19:12:45,7764.5,960784,7765.0,7180,27341,34096,-6755,953604,0.5
1900-01-24 19:13:00,7766.0,1156959,7766.5,103465,32372,1103,31269,1053494,0.5
1900-01-24 19:13:15,7766.0,503242,7766.5,1073865,30818,14509,16309,-570623,0.5
1900-01-24 19:13:30,7766.0,368649,7766.5,1084192,43000,149805,-106805,-715543,0.5
1900-01-24 19:13:45,7766.0,339457,7766.5,1143013,1638,24972,-23334,-803556,0.5
1900-01-24 19:14:00,7766.0,362865,7766.5,1118677,9892,1734,8158,-755812,0.5
1900-01-24 19:14:15,7766.0,1002026,7766.5,33203,36246,900,35346,968823,0.5
1900-01-24 19:14:30,7766.0,1115884,7766.5,21574,957,2977,-2020,1094310,0.5
1900-01-24 19:14:45,7767.5,944205,7768.0,183705,18046,1284,16762,760500,0.5
1900-01-24 19:15:00,7767.5,277753,7768.0,1188630,130270,116053,14217,-910877,0.5
1900-01-24 19:15:15,7767.5,17886,7768.0,1436965,131,76123,-75992,-1419079,0.5
1900-01-24 19:15:30,7766.0,49448,7766.5,1207173,20,170415,-170395,-1157725,0.5
1900-01-24 19:15:45,7766.0,539137,7766.5,1114938,30,36367,-36337,-575801,0.5
1900-01-24 19:16:00,7766.0,385666,7766.5,1217592,2020,85650,-83630,-831926,0.5
1900-01-24 19:16:15,7766.0,175005,7766.5,1400822,2020,28522,-26502,-1225817,0.5
1900-01-24 19:16:30,7765.5,9231,7766.0,1444113,10000,118997,-108997,-1434882,0.5
1900-01-24 19:16:45,7765.5,349771,7766.0,1444474,8050,168026,-159976,-1094703,0.5
1900-01-24 19:17:00,7765.5,299940,7766.0,1405672,1540,1523,17,-1105732,0.5
1900-01-24 19:17:15,7765.5,993841,7766.0,539931,1540,27209,-25669,453910,0.5
1900-01-24 19:17:30,7765.5,968784,7766.0,326551,32703,6211,26492,642233,0.5
1900-01-24 19:17:45,7765.0,13071,7765.5,1549052,3217,56330,-53113,-1535981,0.5
1900-01-24 19:18:00,7761.0,86830,7761.5,948504,60,57748,-57688,-861674,0.5
1900-01-24 19:18:15,7761.0,75769,7761.5,1372072,60,113627,-113567,-1296303,0.5
1900-01-24 19:18:30,7758.0,438312,7758.5,1116948,7486,59236,-51750,-678636,0.5
1900-01-24 19:18:45,7758.0,144089,7758.5,1333201,1,98982,-98981,-1189112,0.5
1900-01-24 19:19:00,7756.5,109236,7757.0,1356335,42230,42430,-200,-1247099,0.5
1900-01-24 19:19:15,7754.0,59590,7754.5,1283769,9272,340733,-331461,-1224179,0.5
1900-01-24 19:19:30,7742.0,183414,7743.0,63895,15756,1343467,-1327711,119519,1.0
1900-01-24 19:19:45,7749.0,5000,7749.5,114056,504426,516471,-12045,-109056,0.5
1900-01-24 19:20:00,7749.0,121446,7749.5,908821,125687,69105,56582,-787375,0.5
1900-01-24 19:20:15,7745.0,431,7745.5,995685,24176,111263,-87087,-995254,0.5
1900-01-24 19:20:30,7744.0,49553,7744.5,638850,52638,144107,-91469,-589297,0.5
1900-01-24 19:20:45,7742.5,584271,7743.0,495993,26994,131674,-104680,88278,0.5
1900-01-24 19:21:00,7746.5,336828,7747.0,536934,123093,28074,95019,-200106,0.5
1900-01-24 19:21:15,7744.5,662748,7745.0,4131,47325,93743,-46418,658617,0.5
1900-01-24 19:21:30,7745.0,78185,7745.5,1250561,19658,101593,-81935,-1172376,0.5
1900-01-24 19:21:45,7744.0,421387,7744.5,545047,10806,48763,-37957,-123660,0.5
1900-01-24 19:22:00,7744.0,398698,7744.5,414804,94262,125941,-31679,-16106,0.5
1900-01-24 19:22:15,7744.0,30219,7744.5,1780179,13859,26628,-12769,-1749960,0.5
1900-01-24 19:22:30,7743.0,124504,7743.5,427030,33100,30181,2919,-302526,0.5
1900-01-24 19:22:45,7742.5,337703,7743.0,432302,246854,4247,242607,-94599,0.5
1900-01-24 19:23:00,7741.5,71080,7742.0,434523,26095,86194,-60099,-363443,0.5
1900-01-24 19:23:15,7741.5,175422,7742.0,762586,33850,15740,18110,-587164,0.5
1900-01-24 19:23:30,7741.5,120560,7742.0,1827655,45750,16064,29686,-1707095,0.5
1900-01-24 19:23:45,7741.0,2663143,7741.5,1296454,4019,426109,-422090,1366689,0.5
1900-01-24 19:24:00,7741.0,1086030,7741.5,1327568,42769,1483741,-1440972,-241538,0.5
1900-01-24 19:24:15,7735.0,131144,7735.5,789874,113588,1856032,-1742444,-658730,0.5
1900-01-24 19:24:30,7725.5,95308,7726.0,120021,26246,718716,-692470,-24713,0.5
1900-01-24 19:24:45,7729.0,408940,7729.5,76270,210317,181490,28827,332670,0.5
1900-01-24 19:25:00,7733.5,8375,7734.0,443653,105387,27304,78083,-435278,0.5
1900-01-24 19:25:15,7731.0,309395,7731.5,111717,272023,31004,241019,197678,0.5
1900-01-24 19:25:30,7729.0,1753,7729.5,1307919,73801,217834,-144033,-1306166,0.5
1900-01-24 19:25:45,7725.5,2746,7726.0,577524,94688,440991,-346303,-574778,0.5
1900-01-24 19:26:00,7722.5,54851,7723.0,1280037,93824,513703,-419879,-1225186,0.5
1900-01-24 19:26:15,7730.5,163746,7731.0,1045507,433835,44357,389478,-881761,0.5
1900-01-24 19:26:30,7730.5,1141163,7731.0,47764,147561,45536,102025,1093399,0.5
1900-01-24 19:26:45,7734.5,1081871,7735.0,209239,355666,2969,352697,872632,0.5
1900-01-24 19:27:00,7735.5,1084667,7736.0,178000,150395,10000,140395,906667,0.5
1900-01-24 19:27:15,7735.5,661072,7736.0,719585,102230,7348,94882,-58513,0.5
1900-01-24 19:27:30,7735.5,1052582,7736.0,473566,12010,8442,3568,579016,0.5
1900-01-24 19:27:45,7735.5,1194640,7736.0,23288,80600,5906,74694,1171352,0.5
1900-01-24 19:28:00,7738.0,1307466,7738.5,57621,44269,24775,19494,1249845,0.5
1900-01-24 19:28:15,7743.5,1510568,7744.0,130062,187522,7659,179863,1380506,0.5
1900-01-24 19:28:30,7741.0,398412,7741.5,573828,237789,37786,200003,-175416,0.5
1900-01-24 19:28:45,7742.5,1132614,7743.0,2097,73029,7352,65677,1130517,0.5
1900-01-24 19:29:00,7745.0,1302363,7745.5,2259,51205,26243,24962,1300104,0.5
1900-01-24 19:29:15,7749.5,1128127,7750.0,135128,97254,9280,87974,992999,0.5
1900-01-24 19:29:30,7752.0,849907,7752.5,340712,252898,710,252188,509195,0.5
1900-01-24 19:29:45,7752.0,826642,7752.5,650407,179411,48871,130540,176235,0.5
1900-01-24 19:30:00,7754.5,1211417,7755.0,147941,194544,8972,185572,1063476,0.5
1900-01-24 19:30:15,7757.0,1143170,7757.5,129724,126420,5167,121253,1013446,0.5
1900-01-24 19:30:30,7757.0,1385496,7757.5,144488,35982,71078,-35096,1241008,0.5
1900-01-24 19:30:45,7756.0,161694,7756.5,802976,48513,141037,-92524,-641282,0.5
1900-01-24 19:31:00,7756.0,14784,7756.5,787746,2500,137845,-135345,-772962,0.5
1900-01-24 19:31:15,7755.0,53883,7755.5,803990,11085,64638,-53553,-750107,0.5
1900-01-24 19:31:30,7755.0,1146478,7755.5,160635,15544,20565,-5021,985843,0.5
1900-01-24 19:31:45,7752.5,26258,7753.0,401641,4662,172519,-167857,-375383,0.5
1900-01-24 19:32:00,7749.5,181404,7750.0,886411,8714,60288,-51574,-705007,0.5
1900-01-24 19:32:15,7748.5,1024542,7749.0,270379,11311,163684,-152373,754163,0.5
1900-01-24 19:32:30,7748.5,310695,7749.0,648944,7335,19358,-12023,-338249,0.5
1900-01-24 19:32:45,7748.5,1098661,7749.0,10291,100654,10971,89683,1088370,0.5
1900-01-24 19:33:00,7749.0,246014,7749.5,603428,6299,6853,-554,-357414,0.5
1900-01-24 19:33:15,7749.5,1246232,7750.0,543750,59240,8482,50758,702482,0.5
1900-01-24 19:33:30,7749.5,1317631,7750.0,516983,38978,27850,11128,800648,0.5
1900-01-24 19:33:45,7749.5,182853,7750.0,1053749,54043,95510,-41467,-870896,0.5
1900-01-24 19:34:00,7747.5,120967,7748.0,328278,9332,23883,-14551,-207311,0.5
1900-01-24 19:34:15,7747.5,41284,7748.0,815524,6520,133781,-127261,-774240,0.5
1900-01-24 19:34:30,7745.5,706095,7746.0,583019,447,76092,-75645,123076,0.5
1900-01-24 19:34:45,7745.5,182017,7746.0,804142,7421,30173,-22752,-622125,0.5
1900-01-24 19:35:00,7745.0,766587,7745.5,499371,10086,8903,1183,267216,0.5
1900-01-24 19:35:15,7745.0,838377,7745.5,618319,5250,40165,-34915,220058,0.5
1900-01-24 19:35:30,7745.0,1380304,7745.5,34150,37434,87526,-50092,1346154,0.5
1900-01-24 19:35:45,7747.0,394079,7747.5,1161205,14587,2121,12466,-767126,0.5
1900-01-24 19:36:00,7747.0,62336,7747.5,1327980,8432,9469,-1037,-1265644,0.5
1900-01-24 19:36:15,7747.0,102718,7747.5,1312050,400,20365,-19965,-1209332,0.5
1900-01-24 19:36:30,7745.0,382617,7745.5,1056412,4067,57493,-53426,-673795,0.5
1900-01-24 19:36:45,7745.0,532320,7745.5,977712,6020,45874,-39854,-445392,0.5
1900-01-24 19:37:00,7745.0,41003,7745.5,1320867,3594,37579,-33985,-1279864,0.5
1900-01-24 19:37:15,7743.0,220163,7743.5,1231658,2000,79496,-77496,-1011495,0.5
1900-01-24 19:37:30,7743.0,491796,7743.5,1514839,834,4399,-3565,-1023043,0.5
1900-01-24 19:37:45,7743.0,106353,7743.5,1427600,67584,73078,-5494,-1321247,0.5
1900-01-24 19:38:00,7743.0,43732,7743.5,1612697,1861,15205,-13344,-1568965,0.5
1900-01-24 19:38:15,7742.5,286420,7743.0,1118846,7882,21695,-13813,-832426,0.5
1900-01-24 19:38:30,7742.5,215271,7743.0,1201090,11078,70500,-59422,-985819,0.5
1900-01-24 19:38:45,7742.5,146165,7743.0,1182376,2506,79866,-77360,-1036211,0.5
1900-01-24 19:39:00,7742.5,157174,7743.0,1238754,3005,8159,-5154,-1081580,0.5
1900-01-24 19:39:15,7747.5,651171,7748.0,369912,118083,10000,108083,281259,0.5
1900-01-24 19:39:30,7749.0,696779,7749.5,11777,129084,2001,127083,685002,0.5
1900-01-24 19:39:45,7749.5,734220,7750.0,119312,89243,142,89101,614908,0.5
1900-01-24 19:40:00,7749.5,238474,7750.0,970980,29000,4120,24880,-732506,0.5
1900-01-24 19:40:15,7749.5,863908,7750.0,511065,5862,3201,2661,352843,0.5
1900-01-24 19:40:30,7749.5,217944,7750.0,1115109,209,66299,-66090,-897165,0.5
1900-01-24 19:40:45,7749.5,788867,7750.0,211480,1840,4969,-3129,577387,0.5
1900-01-24 19:41:00,7749.5,359207,7750.0,966910,5080,540,4540,-607703,0.5
1900-01-24 19:41:15,7749.5,941591,7750.0,915868,22599,3534,19065,25723,0.5
1900-01-24 19:41:30,7749.5,1374208,7750.0,52227,31310,4025,27285,1321981,0.5
1900-01-24 19:41:45,7750.5,919880,7751.0,60045,62171,26550,35621,859835,0.5
1900-01-24 19:42:00,7753.5,759593,7754.0,430049,27015,520,26495,329544,0.5
1900-01-24 19:42:15,7754.5,838097,7755.0,430974,23659,20,23639,407123,0.5
1900-01-24 19:42:30,7754.5,988335,7755.0,22893,136577,260,136317,965442,0.5
1900-01-24 19:42:45,7755.5,1326114,7756.0,73593,9895,260,9635,1252521,0.5
1900-01-24 19:43:00,7755.5,48169,7756.0,1211387,1951,110914,-108963,-1163218,0.5
1900-01-24 19:43:15,7753.5,1771906,7754.0,914,107224,44224,63000,1770992,0.5
1900-01-24 19:43:30,7754.0,1211092,7754.5,18356,2132,3910,-1778,1192736,0.5
1900-01-24 19:43:45,7755.5,1042646,7756.0,249623,141033,548,140485,793023,0.5
1900-01-24 19:44:00,7757.5,534799,7758.0,27462,93109,1497,91612,507337,0.5
1900-01-24 19:44:15,7757.5,1751676,7758.0,392914,22436,944,21492,1358762,0.5
1900-01-24 19:44:30,7759.0,1680867,7759.5,462460,360341,60270,300071,1218407,0.5
1900-01-24 19:44:45,7759.0,1776831,7759.5,95357,47011,200,46811,1681474,0.5
1900-01-24 19:45:00,7759.0,1367542,7759.5,397648,39389,27782,11607,969894,0.5
1900-01-24 19:45:15,7758.5,33337,7759.0,850338,42046,13929,28117,-817001,0.5
1900-01-24 19:45:30,7753.5,1515177,7754.0,153640,23670,42241,-18571,1361537,0.5
1900-01-24 19:45:45,7753.5,1735644,7754.0,161276,16288,8897,7391,1574368,0.5
1900-01-24 19:46:00,7753.5,814390,7754.0,700873,15579,457,15122,113517,0.5
1900-01-24 19:46:15,7751.5,219905,7752.0,725766,9606,8307,1299,-505861,0.5
1900-01-24 19:46:30,7750.0,935116,7750.5,526384,4383,61265,-56882,408732,0.5
1900-01-24 19:46:45,7750.0,1814530,7750.5,40109,6994,22906,-15912,1774421,0.5
1900-01-24 19:47:00,7751.0,1513821,7751.5,36621,14481,3020,11461,1477200,0.5
1900-01-24 19:47:15,7753.5,1297911,7754.0,202476,19863,560,19303,1095435,0.5
1900-01-24 19:47:30,7754.0,120190,7754.5,829427,38273,1837,36436,-709237,0.5
1900-01-24 19:47:45,7752.5,10559,7753.0,865806,284,1545,-1261,-855247,0.5
1900-01-24 19:48:00,7749.5,1175704,7750.0,445094,520,14876,-14356,730610,0.5
1900-01-24 19:48:15,7749.5,2656319,7750.0,210341,17565,24567,-7002,2445978,0.5
1900-01-24 19:48:30,7749.5,2669891,7750.0,152095,69796,1061,68735,2517796,0.5
1900-01-24 19:48:45,7749.5,1021557,7750.0,698397,8295,3371,4924,323160,0.5
1900-01-24 19:49:00,7749.5,1021158,7750.0,843262,1855,11772,-9917,177896,0.5
1900-01-24 19:49:15,7749.5,1104509,7750.0,733779,1,43073,-43072,370730,0.5
1900-01-24 19:49:30,7750.5,1822712,7751.0,2025,1279,1162,117,1820687,0.5
1900-01-24 19:49:45,7753.0,861654,7753.5,9751,17226,80,17146,851903,0.5
1900-01-24 19:50:00,7754.5,839443,7755.0,5363,38556,1303,37253,834080,0.5
1900-01-24 19:50:15,7757.0,1159423,7757.5,8546,15190,962,14228,1150877,0.5
1900-01-24 19:50:30,7758.5,1357097,7759.0,31057,41130,1460,39670,1326040,0.5
1900-01-24 19:50:45,7759.0,1079079,7759.5,41691,17277,4501,12776,1037388,0.5
1900-01-24 19:51:00,7759.0,1677998,7759.5,38522,4139,83402,-79263,1639476,0.5
1900-01-24 19:51:15,7761.0,1176926,7761.5,16255,93636,1063,92573,1160671,0.5
1900-01-24 19:51:30,7762.0,1102710,7762.5,26653,143463,115,143348,1076057,0.5
1900-01-24 19:51:45,7764.5,1175221,7765.0,748593,207608,546,207062,426628,0.5
1900-01-24 19:52:00,7765.0,1668117,7765.5,33849,282842,1812,281030,1634268,0.5
1900-01-24 19:52:15,7767.0,1740322,7767.5,22229,90534,3518,87016,1718093,0.5
1900-01-24 19:52:30,7771.5,477454,7772.0,152083,187274,8720,178554,325371,0.5
1900-01-24 19:52:45,7774.5,310020,7775.0,603789,214193,1262,212931,-293769,0.5
1900-01-24 19:53:00,7774.5,842897,7775.0,779392,103110,20768,82342,63505,0.5
1900-01-24 19:53:15,7774.5,1530334,7775.0,228698,182889,58210,124679,1301636,0.5
1900-01-24 19:53:30,7774.5,2124924,7775.0,389926,66546,250,66296,1734998,0.5
1900-01-24 19:53:45,7774.5,588741,7775.0,1127652,1267,192103,-190836,-538911,0.5
1900-01-24 19:54:00,7774.5,593546,7775.0,1091173,721,184022,-183301,-497627,0.5
1900-01-24 19:54:15,7774.5,866839,7775.0,1191727,74343,62946,11397,-324888,0.5
1900-01-24 19:54:30,7774.5,1208799,7775.0,1226536,71,60500,-60429,-17737,0.5
1900-01-24 19:54:45,7774.5,1383963,7775.0,979823,18298,34711,-16413,404140,0.5
1900-01-24 19:55:00,7787.5,391901,7788.0,103456,476506,1841,474665,288445,0.5
1900-01-24 19:55:15,7783.5,128119,7784.0,825024,103109,91819,11290,-696905,0.5
1900-01-24 19:55:30,7781.5,931609,7782.0,520494,18741,135465,-116724,411115,0.5
1900-01-24 19:55:45,7782.0,1213540,7782.5,25559,180311,11570,168741,1187981,0.5
1900-01-24 19:56:00,7787.0,726251,7787.5,541299,272162,2305,269857,184952,0.5
1900-01-24 19:56:15,7784.5,39,7785.0,668012,10942,112183,-101241,-667973,0.5
1900-01-24 19:56:30,7782.5,1361895,7783.0,258986,13509,48221,-34712,1102909,0.5
1900-01-24 19:56:45,7784.0,1691253,7784.5,216931,102790,2485,100305,1474322,0.5
1900-01-24 19:57:00,7786.0,1280481,7786.5,30095,73988,3300,70688,1250386,0.5
1900-01-24 19:57:15,7789.5,1611656,7790.0,705521,481656,3235,478421,906135,0.5
1900-01-24 19:57:30,7789.5,1371885,7790.0,441377,142276,21584,120692,930508,0.5
1900-01-24 19:57:45,7789.5,483,7790.0,659050,117386,66528,50858,-658567,0.5
1900-01-24 19:58:00,7787.0,1482365,7787.5,127269,61596,33956,27640,1355096,0.5
1900-01-24 19:58:15,7787.5,1683927,7788.0,26489,27663,18271,9392,1657438,0.5
1900-01-24 19:58:30,7789.5,1112748,7790.0,3454,26577,27955,-1378,1109294,0.5
1900-01-24 19:58:45,7792.5,1504401,7793.0,99971,117936,1905,116031,1404430,0.5
1900-01-24 19:59:00,7793.0,1659386,7793.5,47957,82624,6190,76434,1611429,0.5
1900-01-24 19:59:15,7790.5,2164,7791.0,633523,67445,109586,-42141,-631359,0.5
1900-01-24 19:59:30,7785.0,125234,7785.5,852145,48112,299164,-251052,-726911,0.5
1900-01-24 19:59:45,7785.5,825052,7786.0,335818,62937,47089,15848,489234,0.5
1900-01-24 20:00:00,7785.5,79511,7786.0,496714,16809,18619,-1810,-417203,0.5
1900-01-24 20:00:15,7785.0,732703,7785.5,681755,57870,62798,-4928,50948,0.5
1900-01-24 20:00:30,7785.0,425701,7785.5,613032,44858,152010,-107152,-187331,0.5
1900-01-24 20:00:45,7781.5,101992,7782.0,867583,60382,109526,-49144,-765591,0.5
1900-01-24 20:01:00,7781.5,920578,7782.0,675996,40483,121110,-80627,244582,0.5
1900-01-24 20:01:15,7784.0,1124561,7784.5,217,23853,1911,21942,1124344,0.5
1900-01-24 20:01:30,7787.5,1543965,7788.0,37857,28778,12627,16151,1506108,0.5
1900-01-24 20:01:45,7788.5,1353841,7789.0,8280,39060,1044,38016,1345561,0.5
1900-01-24 20:02:00,7792.5,1358378,7793.0,24018,142839,6398,136441,1334360,0.5
1900-01-24 20:02:15,7796.5,212107,7797.0,34242,150989,46874,104115,177865,0.5
1900-01-24 20:02:30,7796.5,1199749,7797.0,257540,103375,25136,78239,942209,0.5
1900-01-24 20:02:45,7799.5,459160,7800.0,48229,517378,68043,449335,410931,0.5
1900-01-24 20:03:00,7808.0,167758,7808.5,35051,542785,5892,536893,132707,0.5
1900-01-24 20:03:15,7791.5,511967,7792.0,255747,139039,1144364,-1005325,256220,0.5
1900-01-24 20:03:30,7791.5,590600,7792.0,716291,45488,137145,-91657,-125691,0.5
1900-01-24 20:03:45,7798.0,845786,7798.5,21907,355982,7796,348186,823879,0.5
1900-01-24 20:04:00,7805.0,11866,7805.5,650,215275,4639,210636,11216,0.5
1900-01-24 20:04:15,7809.5,728820,7810.0,70708,394239,35961,358278,658112,0.5
1900-01-24 20:04:30,7810.5,36993,7811.0,489430,305048,34796,270252,-452437,0.5
1900-01-24 20:04:45,7819.0,105230,7819.5,289859,703650,35529,668121,-184629,0.5
1900-01-24 20:05:00,7824.5,469542,7825.0,140728,518023,74594,443429,328814,0.5
1900-01-24 20:05:15,7844.0,2530,7845.0,37181,1234880,73493,1161387,-34651,1.0
1900-01-24 20:05:30,7840.5,16690,7841.5,6000,410176,451676,-41500,10690,1.0
1900-01-24 20:05:45,7844.0,220786,7844.5,44178,168057,396601,-228544,176608,0.5
1900-01-24 20:06:00,7848.0,530312,7848.5,33290,228095,31286,196809,497022,0.5
1900-01-24 20:06:15,7856.5,560246,7857.0,458045,507979,60725,447254,102201,0.5
1900-01-24 20:06:30,7856.5,678584,7857.0,98601,337381,103324,234057,579983,0.5
1900-01-24 20:06:45,7843.5,1360176,7844.0,324611,30815,558337,-527522,1035565,0.5
1900-01-24 20:07:00,7847.0,530525,7847.5,179804,177445,249268,-71823,350721,0.5
1900-01-24 20:07:15,7849.5,724032,7850.0,139325,201042,242108,-41066,584707,0.5
1900-01-24 20:07:30,7845.0,271094,7845.5,982296,100490,235475,-134985,-711202,0.5
1900-01-24 20:07:45,7836.5,724558,7837.0,692003,97268,270056,-172788,32555,0.5
1900-01-24 20:08:00,7836.5,484614,7837.0,1074104,28194,95071,-66877,-589490,0.5
1900-01-24 20:08:15,7834.0,35451,7834.5,1116152,23352,241593,-218241,-1080701,0.5
1900-01-24 20:08:30,7831.5,478629,7832.0,616319,9390,73387,-63997,-137690,0.5
1900-01-24 20:08:45,7826.5,343524,7827.0,727541,157824,512180,-354356,-384017,0.5
1900-01-24 20:09:00,7821.0,107177,7821.5,1148024,20311,1038335,-1018024,-1040847,0.5
1900-01-24 20:09:15,7821.0,281747,7821.5,1664120,21201,206319,-185118,-1382373,0.5
1900-01-24 20:09:30,7820.5,366509,7821.0,848120,50408,344814,-294406,-481611,0.5
1900-01-24 20:09:45,7818.5,56582,7819.0,1219852,33066,252762,-219696,-1163270,0.5
1900-01-24 20:10:00,7817.5,15666,7818.0,1174022,77353,76782,571,-1158356,0.5
1900-01-24 20:10:15,7817.5,486411,7818.0,2304206,52246,230029,-177783,-1817795,0.5
1900-01-24 20:10:30,7815.5,536091,7816.0,1002729,22550,62350,-39800,-466638,0.5
1900-01-24 20:10:45,7815.5,77125,7816.0,3960824,6542,164466,-157924,-3883699,0.5
1900-01-24 20:11:00,7810.5,338893,7811.0,857069,24240,225093,-200853,-518176,0.5
1900-01-24 20:11:15,7810.5,703749,7811.0,44611,29390,273594,-244204,659138,0.5
1900-01-24 20:11:30,7824.0,403931,7824.5,429255,362581,37422,325159,-25324,0.5
1900-01-24 20:11:45,7824.0,882776,7824.5,343193,64118,117083,-52965,539583,0.5
1900-01-24 20:12:00,7820.0,151755,7820.5,794847,49694,248605,-198911,-643092,0.5
1900-01-24 20:12:15,7819.0,8158,7819.5,960089,14813,87635,-72822,-951931,0.5
1900-01-24 20:12:30,7818.0,627556,7818.5,440112,67605,53532,14073,187444,0.5
1900-01-24 20:12:45,7818.0,721072,7818.5,567131,38407,2882,35525,153941,0.5
1900-01-24 20:13:00,7820.0,897856,7820.5,47527,82659,29508,53151,850329,0.5
1900-01-24 20:13:15,7820.0,575489,7820.5,376576,34005,26301,7704,198913,0.5
1900-01-24 20:13:30,7820.0,473807,7820.5,713076,12106,29950,-17844,-239269,0.5
1900-01-24 20:13:45,7820.0,128731,7820.5,1098043,4143,48476,-44333,-969312,0.5
1900-01-24 20:14:00,7818.0,161425,7818.5,1215749,535,80278,-79743,-1054324,0.5
1900-01-24 20:14:15,7817.0,59711,7817.5,1128637,50195,177124,-126929,-1068926,0.5
1900-01-24 20:14:30,7817.0,535668,7817.5,195648,11374,11876,-502,340020,0.5
1900-01-24 20:14:45,7820.5,1496980,7821.0,1944068,317904,10606,307298,-447088,0.5
1900-01-24 20:15:00,7820.5,1626862,7821.0,1858646,170075,1174,168901,-231784,0.5
1900-01-24 20:15:15,7820.0,5829,7820.5,506221,225175,135262,89913,-500392,0.5
1900-01-24 20:15:30,7810.5,7646,7811.0,1413783,9605,344124,-334519,-1406137,0.5
1900-01-24 20:15:45,7806.0,124759,7806.5,865890,35868,150309,-114441,-741131,0.5
1900-01-24 20:16:00,7803.0,42502,7803.5,1408291,7835,358683,-350848,-1365789,0.5
1900-01-24 20:16:15,7802.5,408684,7803.0,275429,175473,247306,-71833,133255,0.5
1900-01-24 20:16:30,7802.5,349252,7803.0,1655480,195557,58429,137128,-1306228,0.5
1900-01-24 20:16:45,7802.5,588141,7803.0,1725940,17079,9318,7761,-1137799,0.5
1900-01-24 20:17:00,7802.5,135395,7803.0,2539271,126817,30082,96735,-2403876,0.5
1900-01-24 20:17:15,7787.5,113288,7788.0,800769,16012,192827,-176815,-687481,0.5
1900-01-24 20:17:30,7788.0,314359,7788.5,22885,88081,358837,-270756,291474,0.5
1900-01-24 20:17:45,7791.0,498292,7791.5,816065,203070,54564,148506,-317773,0.5
1900-01-24 20:18:00,7785.5,27619,7786.0,931864,22347,210023,-187676,-904245,0.5
1900-01-24 20:18:15,7783.5,488148,7784.0,112944,32184,130822,-98638,375204,0.5
1900-01-24 20:18:30,7786.5,100453,7787.0,1179607,139108,66813,72295,-1079154,0.5
1900-01-24 20:18:45,7786.5,404454,7787.0,896079,97137,7038,90099,-491625,0.5
1900-01-24 20:19:00,7788.5,404913,7789.0,1159792,241418,8445,232973,-754879,0.5
1900-01-24 20:19:15,7790.5,780326,7791.0,28230,176643,8352,168291,752096,0.5
1900-01-24 20:19:30,7788.0,1541,7788.5,1298558,389878,14439,375439,-1297017,0.5
1900-01-24 20:19:45,7785.0,11364,7785.5,1119691,25395,55970,-30575,-1108327,0.5
1900-01-24 20:20:00,7776.0,2068,7776.5,252002,64469,140478,-76009,-249934,0.5
1900-01-24 20:20:15,7779.0,557140,7779.5,65379,119675,384068,-264393,491761,0.5
1900-01-24 20:20:30,7779.5,555277,7780.0,11119,326244,86872,239372,544158,0.5
1900-01-24 20:20:45,7780.5,527298,7781.0,157517,200834,26068,174766,369781,0.5
1900-01-24 20:21:00,7780.5,561651,7781.0,134237,76747,7763,68984,427414,0.5
1900-01-24 20:21:15,7780.0,1439391,7780.5,1252632,34456,72989,-38533,186759,0.5
1900-01-24 20:21:30,7780.0,1480532,7780.5,1044675,13858,13829,29,435857,0.5
1900-01-24 20:21:45,7780.0,1442077,7780.5,673995,29536,44409,-14873,768082,0.5
1900-01-24 20:22:00,7780.0,1487206,7780.5,423367,32280,500,31780,1063839,0.5
1900-01-24 20:22:15,7780.0,1414620,7780.5,1229810,19404,77584,-58180,184810,0.5
1900-01-24 20:22:30,7784.5,197701,7785.0,1221718,71779,7351,64428,-1024017,0.5
1900-01-24 20:22:45,7788.5,604780,7789.0,155480,129720,11184,118536,449300,0.5
1900-01-24 20:23:00,7791.5,707225,7792.0,643759,385707,20593,365114,63466,0.5
1900-01-24 20:23:15,7792.0,96018,7792.5,11150,109667,10671,98996,84868,0.5
1900-01-24 20:23:30,7793.5,1050629,7794.0,288959,204668,52788,151880,761670,0.5
1900-01-24 20:23:45,7791.5,191072,7792.0,1041687,47937,297151,-249214,-850615,0.5
1900-01-24 20:24:00,7791.5,873277,7792.0,60983,16667,110830,-94163,812294,0.5
1900-01-24 20:24:15,7788.5,1092303,7791.5,40219,77947,34239,43708,1052084,3.0
1900-01-24 20:24:30,7790.0,586902,7790.5,898807,46151,23869,22282,-311905,0.5
1900-01-24 20:24:45,7794.5,511742,7795.0,100560,36705,18024,18681,411182,0.5
1900-01-24 20:25:00,7794.5,1167153,7795.0,54964,52019,2394,49625,1112189,0.5
1900-01-24 20:25:15,7798.0,187073,7798.5,1155448,61107,12038,49069,-968375,0.5
1900-01-24 20:25:30,7799.0,1197858,7799.5,33425,214139,3926,210213,1164433,0.5
1900-01-24 20:25:45,7799.5,977034,7800.0,449005,178119,3774,174345,528029,0.5
1900-01-24 20:26:00,7802.5,1236232,7803.0,23247,39425,4198,35227,1212985,0.5
1900-01-24 20:26:15,7805.0,1374242,7805.5,44275,212651,85145,127506,1329967,0.5
1900-01-24 20:26:30,7805.5,439853,7806.0,723003,109916,35054,74862,-283150,0.5
1900-01-24 20:26:45,7805.5,214611,7806.0,839221,15524,62352,-46828,-624610,0.5
1900-01-24 20:27:00,7805.5,1007748,7806.0,176455,120442,14973,105469,831293,0.5
1900-01-24 20:27:15,7806.0,41922,7806.5,17894,44304,28141,16163,24028,0.5
1900-01-24 20:27:30,7806.5,16020,7807.0,1020530,127326,109935,17391,-1004510,0.5
1900-01-24 20:27:45,7801.0,720,7801.5,386854,29571,132882,-103311,-386134,0.5
1900-01-24 20:28:00,7794.5,454468,7795.0,653707,24760,226943,-202183,-199239,0.5
1900-01-24 20:28:15,7792.0,703860,7792.5,653285,2350,71119,-68769,50575,0.5
1900-01-24 20:28:30,7792.0,2276294,7792.5,11587,50144,138600,-88456,2264707,0.5
1900-01-24 20:28:45,7792.0,907963,7792.5,581821,31522,411162,-379640,326142,0.5
1900-01-24 20:29:00,7792.0,64032,7792.5,1189666,2308,778214,-775906,-1125634,0.5
1900-01-24 20:29:15,7791.0,150428,7791.5,1257733,7520,56760,-49240,-1107305,0.5
1900-01-24 20:29:30,7791.0,108771,7791.5,1549602,11739,43701,-31962,-1440831,0.5
1900-01-24 20:29:45,7782.5,676641,7783.0,297752,3284,139514,-136230,378889,0.5
1900-01-24 20:30:00,7792.0,805198,7792.5,4681,47784,5518,42266,800517,0.5
1900-01-24 20:30:15,7794.5,1124444,7795.0,49085,45111,2136,42975,1075359,0.5
1900-01-24 20:30:30,7794.5,127248,7795.0,1053777,15297,29115,-13818,-926529,0.5
1900-01-24 20:30:45,7794.5,129031,7795.0,1160467,5437,18127,-12690,-1031436,0.5
1900-01-24 20:31:00,7790.0,22030,7790.5,814968,13620,30193,-16573,-792938,0.5
1900-01-24 20:31:15,7790.0,1714,7790.5,1081876,1,21014,-21013,-1080162,0.5
1900-01-24 20:31:30,7787.0,6060,7787.5,1298290,4741,72546,-67805,-1292230,0.5
1900-01-24 20:31:45,7787.0,2025,7787.5,1133251,4510,7542,-3032,-1131226,0.5
1900-01-24 20:32:00,7785.0,48316,7785.5,956236,11260,75572,-64312,-907920,0.5
1900-01-24 20:32:15,7785.0,1290651,7785.5,15062,60445,13144,47301,1275589,0.5
1900-01-24 20:32:30,7791.0,822422,7791.5,27912,14870,310,14560,794510,0.5
1900-01-24 20:32:45,7795.0,810223,7795.5,276599,26216,21854,4362,533624,0.5
1900-01-24 20:33:00,7795.0,86182,7795.5,881940,5804,50358,-44554,-795758,0.5
1900-01-24 20:33:15,7792.5,638576,7793.0,655143,5976,14523,-8547,-16567,0.5
1900-01-24 20:33:30,7791.5,364878,7792.0,660456,146992,17150,129842,-295578,0.5
1900-01-24 20:33:45,7791.5,1630911,7792.0,586392,59929,4118,55811,1044519,0.5
1900-01-24 20:34:00,7791.5,1756572,7792.0,392138,15083,2012,13071,1364434,0.5
1900-01-24 20:34:15,7791.5,1942466,7792.0,205231,117586,765,116821,1737235,0.5
1900-01-24 20:34:30,7791.5,1935559,7792.0,906247,285022,200,284822,1029312,0.5
1900-01-24 20:34:45,7791.5,1675697,7792.0,903035,74744,200,74544,772662,0.5
1900-01-24 20:35:00,7791.5,1231346,7792.0,770182,78376,259,78117,461164,0.5
1900-01-24 20:35:15,7791.5,1223242,7792.0,806468,10000,3,9997,416774,0.5
1900-01-24 20:35:30,7788.0,15993,7788.5,751692,14564,225556,-210992,-735699,0.5
1900-01-24 20:35:45,7786.0,869974,7786.5,632947,2100,39009,-36909,237027,0.5
1900-01-24 20:36:00,7786.0,795392,7786.5,189519,1035,2267,-1232,605873,0.5
1900-01-24 20:36:15,7791.0,749643,7791.5,56562,26194,1852,24342,693081,0.5
1900-01-24 20:36:30,7792.5,893529,7793.0,71989,15789,2395,13394,821540,0.5
1900-01-24 20:36:45,7792.5,779920,7793.0,547438,26220,25490,730,232482,0.5
1900-01-24 20:37:00,7795.5,848314,7796.0,16847,50960,3559,47401,831467,0.5
1900-01-24 20:37:15,7796.0,821669,7796.5,327500,13134,3559,9575,494169,0.5
1900-01-24 20:37:30,7796.0,1263889,7796.5,7367,53550,61,53489,1256522,0.5
1900-01-24 20:37:45,7799.5,1030376,7800.0,3407,86856,50,86806,1026969,0.5
1900-01-24 20:38:00,7800.5,33498,7801.0,998677,16237,37595,-21358,-965179,0.5
1900-01-24 20:38:15,7798.0,559723,7798.5,913321,2867,13549,-10682,-353598,0.5
1900-01-24 20:38:30,7798.0,1572841,7798.5,33354,2353,5001,-2648,1539487,0.5
1900-01-24 20:38:45,7801.5,1332264,7802.0,13744,84234,1140,83094,1318520,0.5
1900-01-24 20:39:00,7802.5,1188601,7803.0,33656,91457,110,91347,1154945,0.5
1900-01-24 20:39:15,7806.5,564648,7807.0,855104,36276,10330,25946,-290456,0.5
1900-01-24 20:39:30,7806.5,728940,7807.0,823779,72155,10330,61825,-94839,0.5
1900-01-24 20:39:45,7807.5,1199719,7808.0,2974,164043,59064,104979,1196745,0.5
1900-01-24 20:40:00,7809.0,409919,7809.5,540992,38363,1119,37244,-131073,0.5
1900-01-24 20:40:15,7809.0,687901,7809.5,546876,103761,7850,95911,141025,0.5
1900-01-24 20:40:30,7809.0,244801,7809.5,748551,24401,12476,11925,-503750,0.5
1900-01-24 20:40:45,7811.5,2078098,7812.0,541,84634,17170,67464,2077557,0.5
1900-01-24 20:41:00,7811.5,247955,7812.0,845761,6729,51916,-45187,-597806,0.5
1900-01-24 20:41:15,7809.5,89742,7810.0,929838,9146,234769,-225623,-840096,0.5
1900-01-24 20:41:30,7809.0,350946,7809.5,743406,239,99381,-99142,-392460,0.5
1900-01-24 20:41:45,7809.0,1460531,7809.5,67697,30543,18269,12274,1392834,0.5
1900-01-24 20:42:00,7809.0,1671357,7809.5,57511,11523,6832,4691,1613846,0.5
1900-01-24 20:42:15,7811.5,1531056,7812.0,7383,23552,91,23461,1523673,0.5
1900-01-24 20:42:30,7812.0,513106,7812.5,550419,33201,4510,28691,-37313,0.5
1900-01-24 20:42:45,7812.0,662894,7812.5,542918,6180,5560,620,119976,0.5
1900-01-24 20:43:00,7812.0,211781,7812.5,690029,2190,46047,-43857,-478248,0.5
1900-01-24 20:43:15,7812.0,432454,7812.5,600332,3682,31390,-27708,-167878,0.5
1900-01-24 20:43:30,7812.0,1269666,7812.5,125276,34517,15961,18556,1144390,0.5
1900-01-24 20:43:45,7812.0,833210,7812.5,558431,16884,6860,10024,274779,0.5
1900-01-24 20:44:00,7812.0,182480,7812.5,780104,10436,70950,-60514,-597624,0.5
1900-01-24 20:44:15,7810.5,36734,7811.0,904656,1020,108399,-107379,-867922,0.5
1900-01-24 20:44:30,7801.0,425747,7801.5,398984,3046,206881,-203835,26763,0.5
1900-01-24 20:44:45,7800.0,975302,7800.5,414881,2983,70436,-67453,560421,0.5
1900-01-24 20:45:00,7800.0,1666398,7800.5,63793,40101,4756,35345,1602605,0.5
1900-01-24 20:45:15,7803.5,1401862,7804.0,64360,13897,483,13414,1337502,0.5
1900-01-24 20:45:30,7810.5,320042,7811.0,695164,194755,17207,177548,-375122,0.5
1900-01-24 20:45:45,7810.0,17431,7810.5,891088,181339,128578,52761,-873657,0.5
1900-01-24 20:46:00,7808.0,1053854,7808.5,224871,28624,18047,10577,828983,0.5
1900-01-24 20:46:15,7808.0,1705423,7808.5,164431,4162,26105,-21943,1540992,0.5
1900-01-24 20:46:30,7808.0,1654568,7808.5,97191,70680,7550,63130,1557377,0.5
1900-01-24 20:46:45,7808.0,1618831,7808.5,56339,13751,3058,10693,1562492,0.5
1900-01-24 20:47:00,7811.0,498178,7811.5,472075,36722,3175,33547,26103,0.5
1900-01-24 20:47:15,7811.0,604775,7811.5,594456,12658,25916,-13258,10319,0.5
1900-01-24 20:47:30,7807.0,83841,7807.5,654699,114783,66676,48107,-570858,0.5
1900-01-24 20:47:45,7805.5,349511,7806.0,606699,1970,43955,-41985,-257188,0.5
1900-01-24 20:48:00,7810.5,131677,7811.0,790291,89590,6965,82625,-658614,0.5
1900-01-24 20:48:15,7808.5,16761,7809.0,586302,12900,12798,102,-569541,0.5
1900-01-24 20:48:30,7808.5,1249273,7809.0,40795,19273,12558,6715,1208478,0.5
1900-01-24 20:48:45,7809.5,1246452,7810.0,175345,311065,140,310925,1071107,0.5
1900-01-24 20:49:00,7822.5,244483,7823.0,60446,110366,11712,98654,184037,0.5
1900-01-24 20:49:15,7824.5,289173,7825.0,575104,208193,449318,-241125,-285931,0.5
1900-01-24 20:49:30,7828.5,1063175,7829.0,110060,228226,10631,217595,953115,0.5
1900-01-24 20:49:45,7837.5,538254,7838.0,146875,303561,37779,265782,391379,0.5
1900-01-24 20:50:00,7857.0,20486,7857.5,13989,1548119,99944,1448175,6497,0.5
1900-01-24 20:50:15,7849.0,163612,7849.5,546977,161042,472393,-311351,-383365,0.5
1900-01-24 20:50:30,7840.5,554082,7841.0,343668,48111,312329,-264218,210414,0.5
1900-01-24 20:50:45,7844.0,681634,7844.5,438268,110651,74818,35833,243366,0.5
1900-01-24 20:51:00,7840.0,139566,7840.5,914035,42792,95617,-52825,-774469,0.5
1900-01-24 20:51:15,7836.0,767922,7836.5,25616,86259,256138,-169879,742306,0.5
1900-01-24 20:51:30,7835.0,785737,7835.5,269207,7582,38946,-31364,516530,0.5
1900-01-24 20:51:45,7835.0,756868,7835.5,144605,13404,63525,-50121,612263,0.5
1900-01-24 20:52:00,7843.5,326666,7844.0,9517,51429,16737,34692,317149,0.5
1900-01-24 20:52:15,7845.5,766110,7846.0,247239,232158,59321,172837,518871,0.5
1900-01-24 20:52:30,7845.5,267728,7846.0,652726,42960,96642,-53682,-384998,0.5
1900-01-24 20:52:45,7845.5,1002593,7846.0,659109,87062,60091,26971,343484,0.5
1900-01-24 20:53:00,7845.5,1228358,7846.0,458018,82236,68724,13512,770340,0.5
1900-01-24 20:53:15,7845.5,1209921,7846.0,499521,79526,2160,77366,710400,0.5
1900-01-24 20:53:30,7852.0,603321,7852.5,6649,283004,7920,275084,596672,0.5
1900-01-24 20:53:45,7851.5,1055991,7852.0,207802,90365,206590,-116225,848189,0.5
1900-01-24 20:54:00,7858.5,19361,7859.0,372467,90099,80254,9845,-353106,0.5
1900-01-24 20:54:15,7874.0,779655,7874.5,36494,533127,77581,455546,743161,0.5
1900-01-24 20:54:30,7874.0,910680,7874.5,120774,632182,179526,452656,789906,0.5
1900-01-24 20:54:45,7874.5,401716,7875.0,837028,718101,407096,311005,-435312,0.5
1900-01-24 20:55:00,7868.5,46805,7869.0,327052,56658,142569,-85911,-280247,0.5
1900-01-24 20:55:15,7860.5,767214,7861.0,361149,40112,277584,-237472,406065,0.5
1900-01-24 20:55:30,7857.0,920533,7857.5,203028,159587,281219,-121632,717505,0.5
1900-01-24 20:55:45,7857.0,908171,7857.5,553393,30726,78849,-48123,354778,0.5
1900-01-24 20:56:00,7857.0,116289,7857.5,801823,22512,229265,-206753,-685534,0.5
1900-01-24 20:56:15,7856.5,64594,7857.0,1053758,14058,194066,-180008,-989164,0.5
1900-01-24 20:56:30,7855.5,9781,7856.0,1286043,17556,142431,-124875,-1276262,0.5
1900-01-24 20:56:45,7850.0,21449,7850.5,148267,143,77906,-77763,-126818,0.5
1900-01-24 20:57:00,7845.0,5583,7845.5,438674,6471,206660,-200189,-433091,0.5
1900-01-24 20:57:15,7849.5,618174,7850.0,780486,114359,207737,-93378,-162312,0.5
1900-01-24 20:57:30,7852.0,1050631,7852.5,13215,93419,66459,26960,1037416,0.5
1900-01-24 20:57:45,7859.5,512978,7860.0,692572,554748,20108,534640,-179594,0.5
1900-01-24 20:58:00,7858.5,314689,7859.0,26265,131788,57511,74277,288424,0.5
1900-01-24 20:58:15,7850.0,788673,7850.5,224559,83458,42446,41012,564114,0.5
1900-01-24 20:58:30,7857.5,797065,7858.0,147594,185556,7212,178344,649471,0.5
1900-01-24 20:58:45,7864.0,133734,7864.5,388469,103167,9243,93924,-254735,0.5
1900-01-24 20:59:00,7868.5,948116,7869.0,18628,70799,26866,43933,929488,0.5
1900-01-24 20:59:15,7875.5,14004,7876.0,617588,203861,38540,165321,-603584,0.5
1900-01-24 20:59:30,7880.5,551251,7881.0,111877,404677,32342,372335,439374,0.5
1900-01-24 20:59:45,7886.5,10252,7887.0,163621,748447,401368,347079,-153369,0.5
1900-01-24 21:00:00,7875.5,77992,7876.0,183510,176738,198569,-21831,-105518,0.5
1900-01-24 21:00:15,7868.0,258753,7868.5,70985,94665,475681,-381016,187768,0.5
1900-01-24 21:00:30,7868.0,196707,7868.5,939587,100567,333562,-232995,-742880,0.5
1900-01-24 21:00:45,7868.0,351577,7868.5,750413,101251,268131,-166880,-398836,0.5
1900-01-24 21:01:00,7876.0,629489,7876.5,303590,157640,63198,94442,325899,0.5
1900-01-24 21:01:15,7868.0,1090852,7868.5,288990,207617,51497,156120,801862,0.5
1900-01-24 21:01:30,7865.0,325078,7865.5,584298,188236,353437,-165201,-259220,0.5
1900-01-24 21:01:45,7862.0,262105,7862.5,646190,20088,68466,-48378,-384085,0.5
1900-01-24 21:02:00,7868.0,249032,7868.5,591687,62670,37093,25577,-342655,0.5
1900-01-24 21:02:15,7865.5,1148,7866.0,933732,47828,128943,-81115,-932584,0.5
1900-01-24 21:02:30,7862.0,828275,7862.5,351653,18788,72553,-53765,476622,0.5
1900-01-24 21:02:45,7862.0,701504,7862.5,268165,200587,31364,169223,433339,0.5
1900-01-24 21:03:00,7855.0,172893,7855.5,795200,38240,84939,-46699,-622307,0.5
1900-01-24 21:03:15,7857.0,802120,7857.5,222020,48795,64879,-16084,580100,0.5
1900-01-24 21:03:30,7856.0,16125,7856.5,1195074,18414,140489,-122075,-1178949,0.5
1900-01-24 21:03:45,7854.0,602188,7854.5,332149,10940,32769,-21829,270039,0.5
1900-01-24 21:04:00,7854.0,951989,7854.5,241302,14162,117488,-103326,710687,0.5
1900-01-24 21:04:15,7856.5,1033156,7857.0,18503,163797,1240,162557,1014653,0.5
1900-01-24 21:04:30,7859.0,817299,7859.5,11288,53902,12266,41636,806011,0.5
1900-01-24 21:04:45,7860.0,174933,7860.5,1005625,14825,11862,2963,-830692,0.5
1900-01-24 21:05:00,7860.0,1135176,7860.5,18491,10396,15730,-5334,1116685,0.5
1900-01-24 21:05:15,7864.5,556678,7865.0,491672,180304,17650,162654,65006,0.5
1900-01-24 21:05:30,7860.0,593121,7860.5,788164,14691,60999,-46308,-195043,0.5
1900-01-24 21:05:45,7860.0,672020,7860.5,628141,171368,200835,-29467,43879,0.5
1900-01-24 21:06:00,7868.5,319735,7869.0,667839,99367,30007,69360,-348104,0.5
1900-01-24 21:06:15,7870.0,1404421,7870.5,21988,180182,207551,-27369,1382433,0.5
1900-01-24 21:06:30,7866.5,23500,7867.0,83361,188523,52462,136061,-59861,0.5
1900-01-24 21:06:45,7868.5,1400155,7869.0,6062,55142,51276,3866,1394093,0.5
1900-01-24 21:07:00,7870.5,25150,7871.0,733109,23605,27633,-4028,-707959,0.5
1900-01-24 21:07:15,7868.5,28495,7869.0,875618,65296,28487,36809,-847123,0.5
1900-01-24 21:07:30,7868.5,24396,7869.0,824860,8100,11138,-3038,-800464,0.5
1900-01-24 21:07:45,7860.5,1011131,7861.0,179802,4302,223950,-219648,831329,0.5
1900-01-24 21:08:00,7855.0,2802,7855.5,1174998,95486,76463,19023,-1172196,0.5
1900-01-24 21:08:15,7852.0,494558,7852.5,460279,30834,82194,-51360,34279,0.5
1900-01-24 21:08:30,7849.0,11333,7849.5,1566807,7653,82913,-75260,-1555474,0.5
1900-01-24 21:08:45,7846.5,149535,7847.0,98472,80958,344261,-263303,51063,0.5
1900-01-24 21:09:00,7845.5,78511,7846.0,1047278,67449,229942,-162493,-968767,0.5
1900-01-24 21:09:15,7843.0,532346,7843.5,474059,22885,188736,-165851,58287,0.5
1900-01-24 21:09:30,7838.0,543117,7838.5,257596,40749,236935,-196186,285521,0.5
1900-01-24 21:09:45,7830.5,608455,7831.0,300810,88205,268085,-179880,307645,0.5
1900-01-24 21:10:00,7834.0,372901,7834.5,997356,175641,324132,-148491,-624455,0.5
1900-01-24 21:10:15,7840.5,181558,7841.0,394770,142802,455929,-313127,-213212,0.5
1900-01-24 21:10:30,7841.0,409909,7841.5,3944,52786,122171,-69385,405965,0.5
1900-01-24 21:10:45,7843.0,96600,7843.5,423098,70179,20544,49635,-326498,0.5
1900-01-24 21:11:00,7843.0,444242,7843.5,136553,67420,7796,59624,307689,0.5
1900-01-24 21:11:15,7846.5,396417,7847.0,67582,73840,5189,68651,328835,0.5
1900-01-24 21:11:30,7846.5,888445,7847.0,166069,96062,5503,90559,722376,0.5
1900-01-24 21:11:45,7847.0,814215,7847.5,180135,201137,5460,195677,634080,0.5
1900-01-24 21:12:00,7847.5,668852,7848.0,121991,110307,8000,102307,546861,0.5
1900-01-24 21:12:15,7845.0,18332,7845.5,603163,48992,146752,-97760,-584831,0.5
1900-01-24 21:12:30,7835.5,348027,7836.0,255779,65826,170620,-104794,92248,0.5
1900-01-24 21:12:45,7835.5,68328,7836.0,461024,27330,102578,-75248,-392696,0.5
1900-01-24 21:13:00,7838.5,327096,7839.0,602757,54103,32031,22072,-275661,0.5
1900-01-24 21:13:15,7839.5,666068,7840.0,98128,17947,5933,12014,567940,0.5
1900-01-24 21:13:30,7846.0,460688,7846.5,535312,57232,7121,50111,-74624,0.5
1900-01-24 21:13:45,7846.0,511233,7846.5,122287,4172,20502,-16330,388946,0.5
1900-01-24 21:14:00,7841.5,6728,7842.0,590435,7067,58980,-51913,-583707,0.5
1900-01-24 21:14:15,7845.0,19114,7845.5,700164,56659,10465,46194,-681050,0.5
1900-01-24 21:14:30,7845.0,255832,7845.5,601012,62769,11248,51521,-345180,0.5
1900-01-24 21:14:45,7845.0,235296,7845.5,679263,21167,17014,4153,-443967,0.5
1900-01-24 21:15:00,7845.0,126218,7845.5,104099,7016,877,6139,22119,0.5
1900-01-24 21:15:15,7845.0,184428,7845.5,50010,11534,5209,6325,134418,0.5
1900-01-24 21:15:30,7845.0,216351,7845.5,75994,12156,16310,-4154,140357,0.5
1900-01-24 21:15:45,7845.5,556644,7846.0,146539,29261,3982,25279,410105,0.5
1900-01-24 21:16:00,7843.5,252504,7844.0,588392,166449,303632,-137183,-335888,0.5
1900-01-24 21:16:15,7843.5,11211,7844.0,552164,33215,47365,-14150,-540953,0.5
1900-01-24 21:16:30,7840.0,24586,7840.5,684827,12320,27841,-15521,-660241,0.5
1900-01-24 21:16:45,7837.0,25111,7837.5,764130,5571,34243,-28672,-739019,0.5
1900-01-24 21:17:00,7837.0,779065,7837.5,431968,20860,174313,-153453,347097,0.5
1900-01-24 21:17:15,7837.0,757237,7837.5,314084,39031,122626,-83595,443153,0.5
1900-01-24 21:17:30,7837.0,875446,7837.5,808355,18181,26240,-8059,67091,0.5
1900-01-24 21:17:45,7837.0,824399,7837.5,915938,950,3735,-2785,-91539,0.5
1900-01-24 21:18:00,7839.5,289270,7840.0,415032,228540,47026,181514,-125762,0.5
1900-01-24 21:18:15,7839.5,216297,7840.0,1305022,21742,42697,-20955,-1088725,0.5
1900-01-24 21:18:30,7839.0,1053465,7839.5,261718,40495,25938,14557,791747,0.5
1900-01-24 21:18:45,7839.0,1001444,7839.5,391951,4818,6417,-1599,609493,0.5
1900-01-24 21:19:00,7839.0,603297,7839.5,4483394,66582,350790,-284208,-3880097,0.5
1900-01-24 21:19:15,7839.0,273601,7839.5,417024,49357,135082,-85725,-143423,0.5
1900-01-24 21:19:30,7839.0,167010,7839.5,1143997,131477,18708,112769,-976987,0.5
1900-01-24 21:19:45,7839.0,130952,7839.5,1383692,18667,25904,-7237,-1252740,0.5
1900-01-24 21:20:00,7839.0,124601,7839.5,1441974,7845,16613,-8768,-1317373,0.5
1900-01-24 21:20:15,7839.0,1010044,7839.5,1546657,14909,77236,-62327,-536613,0.5
1900-01-24 21:20:30,7839.0,28894,7839.5,1782078,8550,533804,-525254,-1753184,0.5
1900-01-24 21:20:45,7835.5,544941,7836.0,582700,10087,33477,-23390,-37759,0.5
1900-01-24 21:21:00,7835.5,392535,7836.0,696225,10140,183174,-173034,-303690,0.5
1900-01-24 21:21:15,7835.5,361818,7836.0,643477,17204,50855,-33651,-281659,0.5
1900-01-24 21:21:30,7832.0,44806,7832.5,567635,6862,99975,-93113,-522829,0.5
1900-01-24 21:21:45,7830.0,30393,7830.5,1011524,1624,103673,-102049,-981131,0.5
1900-01-24 21:22:00,7818.0,748085,7818.5,62986,26231,454374,-428143,685099,0.5
1900-01-24 21:22:15,7823.5,17587,7824.0,932964,98199,92390,5809,-915377,0.5
1900-01-24 21:22:30,7818.5,545672,7819.0,61234,44418,49483,-5065,484438,0.5
1900-01-24 21:22:45,7821.0,426854,7821.5,159564,45494,26960,18534,267290,0.5
1900-01-24 21:23:00,7822.5,509191,7823.0,42550,69237,5452,63785,466641,0.5
1900-01-24 21:23:15,7823.0,521489,7823.5,60542,48390,16024,32366,460947,0.5
1900-01-24 21:23:30,7823.5,791279,7824.0,60957,11572,12420,-848,730322,0.5
1900-01-24 21:23:45,7834.0,590979,7834.5,173392,91559,71928,19631,417587,0.5
1900-01-24 21:24:00,7834.5,493989,7835.0,639717,41440,17905,23535,-145728,0.5
1900-01-24 21:24:15,7835.0,885000,7835.5,664,10049,7050,2999,884336,0.5
1900-01-24 21:24:30,7839.5,431004,7840.0,420366,51578,311301,-259723,10638,0.5
1900-01-24 21:24:45,7839.5,877305,7840.0,15369,54351,103744,-49393,861936,0.5
1900-01-24 21:25:00,7844.5,303531,7845.0,299482,68026,170584,-102558,4049,0.5
1900-01-24 21:25:15,7846.0,358929,7846.5,57419,69544,183392,-113848,301510,0.5
1900-01-24 21:25:30,7846.0,556387,7846.5,49278,32090,2050,30040,507109,0.5
1900-01-24 21:25:45,7849.5,371444,7850.0,407864,125816,13743,112073,-36420,0.5
1900-01-24 21:26:00,7850.0,553669,7850.5,45982,153402,170087,-16685,507687,0.5
1900-01-24 21:26:15,7850.5,491137,7851.0,50872,27282,10004,17278,440265,0.5
1900-01-24 21:26:30,7851.5,362673,7852.0,57392,49592,91595,-42003,305281,0.5
1900-01-24 21:26:45,7855.0,491355,7855.5,7844,56986,3588,53398,483511,0.5
1900-01-24 21:27:00,7856.5,567441,7857.0,30681,69231,5603,63628,536760,0.5
1900-01-24 21:27:15,7856.5,395881,7857.0,317032,82771,11115,71656,78849,0.5
1900-01-24 21:27:30,7857.0,523009,7857.5,44868,21982,65290,-43308,478141,0.5
1900-01-24 21:27:45,7858.0,463026,7858.5,60628,132536,18573,113963,402398,0.5
1900-01-24 21:28:00,7858.0,380522,7858.5,78509,11141,50986,-39845,302013,0.5
1900-01-24 21:28:15,7858.0,332733,7858.5,72259,38267,92642,-54375,260474,0.5
1900-01-24 21:28:30,7858.5,549546,7859.0,28706,30939,13033,17906,520840,0.5
1900-01-24 21:28:45,7858.5,512921,7859.0,48779,152889,19516,133373,464142,0.5
1900-01-24 21:29:00,7855.5,66241,7856.0,608094,39305,262900,-223595,-541853,0.5
1900-01-24 21:29:15,7855.5,585183,7856.0,228242,33556,34963,-1407,356941,0.5
1900-01-24 21:29:30,7858.0,376447,7858.5,63024,80589,52500,28089,313423,0.5
1900-01-24 21:29:45,7858.0,260233,7858.5,320014,100797,9126,91671,-59781,0.5
1900-01-24 21:30:00,7858.0,525303,7858.5,81995,161150,13641,147509,443308,0.5
1900-01-24 21:30:15,7858.0,335352,7858.5,316078,8213,9100,-887,19274,0.5
1900-01-24 21:30:30,7858.0,289340,7858.5,244783,22293,5481,16812,44557,0.5
1900-01-24 21:30:45,7858.0,442806,7858.5,235463,35671,5504,30167,207343,0.5
1900-01-24 21:31:00,7859.5,374233,7860.0,26459,16065,98388,-82323,347774,0.5
1900-01-24 21:31:15,7860.5,328081,7861.0,82886,38676,20930,17746,245195,0.5
1900-01-24 21:31:30,7863.0,544967,7863.5,11138,41924,110,41814,533829,0.5
1900-01-24 21:31:45,7866.5,286318,7867.0,255229,376769,10695,366074,31089,0.5
1900-01-24 21:32:00,7863.5,47748,7864.0,736696,125786,254996,-129210,-688948,0.5
1900-01-24 21:32:15,7856.5,337214,7857.0,619503,38854,135319,-96465,-282289,0.5
1900-01-24 21:32:30,7856.5,212991,7857.0,739303,11542,31653,-20111,-526312,0.5
1900-01-24 21:32:45,7856.5,72327,7857.0,688386,11094,91655,-80561,-616059,0.5
1900-01-24 21:33:00,7860.5,591938,7861.0,30243,61490,242470,-180980,561695,0.5
1900-01-24 21:33:15,7860.5,885681,7861.0,1448,33516,2825,30691,884233,0.5
1900-01-24 21:33:30,7862.0,357471,7862.5,218954,9196,85610,-76414,138517,0.5
1900-01-24 21:33:45,7862.0,862756,7862.5,23720,18060,17152,908,839036,0.5
1900-01-24 21:34:00,7864.0,486745,7864.5,275552,57687,29082,28605,211193,0.5
1900-01-24 21:34:15,7864.0,805524,7864.5,455815,19701,13876,5825,349709,0.5
1900-01-24 21:34:30,7864.0,1024240,7864.5,358509,47221,3940,43281,665731,0.5
1900-01-24 21:34:45,7864.0,1155626,7864.5,255173,79992,1706,78286,900453,0.5
1900-01-24 21:35:00,7867.5,482477,7868.0,46686,198839,195577,3262,435791,0.5
1900-01-24 21:35:15,7869.0,462951,7869.5,579680,237598,24897,212701,-116729,0.5
1900-01-24 21:35:30,7869.0,435735,7869.5,381018,143185,9644,133541,54717,0.5
1900-01-24 21:35:45,7870.0,1212253,7870.5,31616,59939,46064,13875,1180637,0.5
1900-01-24 21:36:00,7873.5,906030,7874.0,87347,100907,129248,-28341,818683,0.5
1900-01-24 21:36:15,7875.0,2303903,7875.5,67001,107441,14838,92603,2236902,0.5
1900-01-24 21:36:30,7875.5,867487,7876.0,17419,70994,10703,60291,850068,0.5
1900-01-24 21:36:45,7876.5,1185112,7877.0,17592,43179,1784,41395,1167520,0.5
1900-01-24 21:37:00,7876.5,1506585,7877.0,49500,276513,298838,-22325,1457085,0.5
1900-01-24 21:37:15,7877.5,1557959,7878.0,97395,66631,53104,13527,1460564,0.5
1900-01-24 21:37:30,7879.0,750968,7879.5,10677,96033,13184,82849,740291,0.5
1900-01-24 21:37:45,7879.5,1179620,7880.0,555700,27699,10089,17610,623920,0.5
1900-01-24 21:38:00,7888.5,318883,7889.0,1368402,418108,157676,260432,-1049519,0.5
1900-01-24 21:38:15,7888.5,915315,7889.0,574593,405782,21950,383832,340722,0.5
1900-01-24 21:38:30,7894.0,9800,7894.5,115071,1658141,103941,1554200,-105271,0.5
1900-01-24 21:38:45,7909.5,19651,7910.0,1086797,2859173,38373,2820800,-1067146,0.5
1900-01-24 21:39:00,7906.0,8111,7906.5,18847,1552615,115344,1437271,-10736,0.5
1900-01-24 21:39:15,7911.5,167091,7912.0,347615,497676,426828,70848,-180524,0.5
1900-01-24 21:39:30,7913.5,537658,7914.0,383132,260838,186308,74530,154526,0.5
1900-01-24 21:39:45,7922.5,24665,7923.0,231830,775952,88361,687591,-207165,0.5
1900-01-24 21:40:00,7927.5,7985,7928.0,318754,413448,107360,306088,-310769,0.5
1900-01-24 21:40:15,7923.0,23898,7923.5,349016,208013,253589,-45576,-325118,0.5
1900-01-24 21:40:30,7913.5,707175,7914.0,368178,90364,437416,-347052,338997,0.5
1900-01-24 21:40:45,7917.0,854349,7917.5,40551,277680,179802,97878,813798,0.5
1900-01-24 21:41:00,7918.0,599677,7918.5,469074,333926,186086,147840,130603,0.5
1900-01-24 21:41:15,7918.0,238230,7918.5,417350,19292,419233,-399941,-179120,0.5
1900-01-24 21:41:30,7914.5,890035,7915.0,676744,16930,202175,-185245,213291,0.5
1900-01-24 21:41:45,7912.5,242483,7913.0,1147751,3922,359777,-355855,-905268,0.5
1900-01-24 21:42:00,7911.0,82344,7911.5,1346260,100620,501353,-400733,-1263916,0.5
1900-01-24 21:42:15,7908.0,375440,7908.5,943684,31423,577718,-546295,-568244,0.5
1900-01-24 21:42:30,7905.5,267698,7906.0,1008936,28035,215942,-187907,-741238,0.5
1900-01-24 21:42:45,7905.5,651516,7906.0,66433,75501,181783,-106282,585083,0.5
1900-01-24 21:43:00,7906.0,1042446,7906.5,5565,127992,201367,-73375,1036881,0.5
1900-01-24 21:43:15,7914.0,627144,7914.5,594046,145953,13721,132232,33098,0.5
1900-01-24 21:43:30,7915.5,741425,7916.0,380189,333270,36772,296498,361236,0.5
1900-01-24 21:43:45,7915.5,1031458,7916.0,358413,104100,13501,90599,673045,0.5
1900-01-24 21:44:00,7915.5,920444,7916.0,251303,72608,30637,41971,669141,0.5
1900-01-24 21:44:15,7919.5,774656,7920.0,55877,202249,12614,189635,718779,0.5
1900-01-24 21:44:30,7921.0,171106,7921.5,721017,57574,68996,-11422,-549911,0.5
1900-01-24 21:44:45,7919.5,22705,7920.0,820774,163347,105618,57729,-798069,0.5
1900-01-24 21:45:00,7923.5,492272,7924.0,303549,287127,26017,261110,188723,0.5
1900-01-24 21:45:15,7927.5,386928,7928.0,223569,463182,41929,421253,163359,0.5
1900-01-24 21:45:30,7927.5,1786031,7928.0,15172,208528,62042,146486,1770859,0.5
1900-01-24 21:45:45,7934.5,276750,7935.0,19145,838393,70833,767560,257605,0.5
1900-01-24 21:46:00,7935.5,1374687,7936.0,352422,1233276,34023,1199253,1022265,0.5
1900-01-24 21:46:15,7936.0,841182,7936.5,619108,473145,2592,470553,222074,0.5
1900-01-24 21:46:30,7936.0,5937506,7936.5,298133,314688,111509,203179,5639373,0.5
1900-01-24 21:46:45,7936.5,2130322,7937.0,191134,315895,129404,186491,1939188,0.5
1900-01-24 21:47:00,7938.0,1541096,7938.5,20078,249109,42878,206231,1521018,0.5
1900-01-24 21:47:15,7943.5,188808,7944.0,199811,613302,362872,250430,-11003,0.5
1900-01-24 21:47:30,7943.0,940983,7943.5,694748,359067,3069572,-2710505,246235,0.5
1900-01-24 21:47:45,7932.0,563643,7932.5,306971,32832,988323,-955491,256672,0.5
1900-01-24 21:48:00,7932.5,749520,7933.0,106537,53087,322824,-269737,642983,0.5
1900-01-24 21:48:15,7941.0,788458,7941.5,113401,291361,26610,264751,675057,0.5
1900-01-24 21:48:30,7942.5,976998,7943.0,454384,142603,189467,-46864,522614,0.5
1900-01-24 21:48:45,7942.5,550352,7943.0,370276,133142,607392,-474250,180076,0.5
1900-01-24 21:49:00,7943.0,1300025,7943.5,65311,78020,83686,-5666,1234714,0.5
1900-01-24 21:49:15,7944.0,603195,7944.5,75430,59541,95866,-36325,527765,0.5
1900-01-24 21:49:30,7945.5,15901,7946.0,730507,355115,39012,316103,-714606,0.5
1900-01-24 21:49:45,7945.0,1240192,7945.5,350650,38906,260853,-221947,889542,0.5
1900-01-24 21:50:00,7947.5,633867,7948.0,56574,111318,91798,19520,577293,0.5
1900-01-24 21:50:15,7937.0,51470,7937.5,52253,61860,329766,-267906,-783,0.5
1900-01-24 21:50:30,7939.5,233128,7940.0,175442,196261,176617,19644,57686,0.5
1900-01-24 21:50:45,7933.0,914094,7933.5,363091,17320,177851,-160531,551003,0.5
1900-01-24 21:51:00,7935.0,628983,7935.5,3732,84667,104248,-19581,625251,0.5
1900-01-24 21:51:15,7935.5,1123157,7936.0,103272,236218,42284,193934,1019885,0.5
1900-01-24 21:51:30,7939.5,1118710,7940.0,94514,61642,36435,25207,1024196,0.5
1900-01-24 21:51:45,7937.5,337459,7938.0,38237,98442,172733,-74291,299222,0.5
1900-01-24 21:52:00,7944.0,513645,7944.5,54964,22658,74702,-52044,458681,0.5
1900-01-24 21:52:15,7948.5,737805,7949.0,65947,58725,136470,-77745,671858,0.5
1900-01-24 21:52:30,7951.5,498956,7952.0,10,1682125,115639,1566486,498946,0.5
1900-01-24 21:52:45,7950.5,109507,7951.0,15041,379578,113932,265646,94466,0.5
1900-01-24 21:53:00,7954.0,1169071,7954.5,49068,194542,15521,179021,1120003,0.5
1900-01-24 21:53:15,7962.0,140382,7962.5,327744,1064519,48678,1015841,-187362,0.5
1900-01-24 21:53:30,7955.5,312806,7956.0,106359,154993,148039,6954,206447,0.5
1900-01-24 21:53:45,7957.5,629753,7958.0,216877,121451,53115,68336,412876,0.5
1900-01-24 21:54:00,7959.0,521104,7959.5,60691,369652,133120,236532,460413,0.5
1900-01-24 21:54:15,7959.0,1674,7959.5,556050,73155,109687,-36532,-554376,0.5
1900-01-24 21:54:30,7958.0,82021,7958.5,113240,12685,508958,-496273,-31219,0.5
1900-01-24 21:54:45,7953.0,10685,7953.5,864970,61496,72731,-11235,-854285,0.5
1900-01-24 21:55:00,7951.5,547192,7952.0,589913,21892,66688,-44796,-42721,0.5
1900-01-24 21:55:15,7939.0,2790,7939.5,443934,42652,370294,-327642,-441144,0.5
1900-01-24 21:55:30,7944.0,280166,7944.5,1076492,162004,402081,-240077,-796326,0.5
1900-01-24 21:55:45,7944.0,633391,7944.5,332604,443068,53600,389468,300787,0.5
1900-01-24 21:56:00,7939.5,231738,7940.0,25513,58366,331995,-273629,206225,0.5
1900-01-24 21:56:15,7935.0,527429,7935.5,1104092,30209,802283,-772074,-576663,0.5
1900-01-24 21:56:30,7928.0,229990,7928.5,35132,59434,766300,-706866,194858,0.5
1900-01-24 21:56:45,7920.0,236820,7920.5,14202,61155,163415,-102260,222618,0.5
1900-01-24 21:57:00,7914.0,141090,7914.5,165876,105320,464644,-359324,-24786,0.5
1900-01-24 21:57:15,7916.0,272176,7916.5,249241,114942,239596,-124654,22935,0.5
1900-01-24 21:57:30,7916.0,412667,7916.5,293554,168638,189370,-20732,119113,0.5
1900-01-24 21:57:45,7916.0,544594,7916.5,272098,193033,64625,128408,272496,0.5
1900-01-24 21:58:00,7916.0,785530,7916.5,88008,289319,7741,281578,697522,0.5
1900-01-24 21:58:15,7915.0,745154,7915.5,1149658,158635,35703,122932,-404504,0.5
1900-01-24 21:58:30,7914.0,604878,7914.5,295708,8620,78157,-69537,309170,0.5
1900-01-24 21:58:45,7914.5,843274,7915.0,17676,167610,267476,-99866,825598,0.5
1900-01-24 21:59:00,7921.5,107670,7922.0,1228778,195231,13214,182017,-1121108,0.5
1900-01-24 21:59:15,7921.5,763261,7922.0,662369,144690,25470,119220,100892,0.5
1900-01-24 21:59:30,7922.5,376809,7923.0,1131924,103440,68695,34745,-755115,0.5
1900-01-24 21:59:45,7922.0,487505,7922.5,733728,153820,64776,89044,-246223,0.5
1900-01-24 22:00:00,7922.0,676835,7922.5,247982,43719,38671,5048,428853,0.5
1900-01-24 22:00:15,7923.0,280711,7923.5,6335,179862,62000,117862,274376,0.5
1900-01-24 22:00:30,7931.0,386275,7931.5,23459,305614,32930,272684,362816,0.5
1900-01-24 22:00:45,7930.0,37311,7930.5,1194908,169665,51238,118427,-1157597,0.5
1900-01-24 22:01:00,7930.0,581215,7930.5,840389,57275,217883,-160608,-259174,0.5
1900-01-24 22:01:15,7921.5,41118,7922.0,769739,13132,120732,-107600,-728621,0.5
1900-01-24 22:01:30,7919.0,377298,7919.5,232213,20751,159438,-138687,145085,0.5
1900-01-24 22:01:45,7921.5,154287,7922.0,565172,178609,49004,129605,-410885,0.5
1900-01-24 22:02:00,7927.0,33539,7927.5,1081793,41176,36729,4447,-1048254,0.5
1900-01-24 22:02:15,7925.0,7004,7927.0,793457,15272,29664,-14392,-786453,2.0
1900-01-24 22:02:30,7924.0,425222,7924.5,245439,74993,92499,-17506,179783,0.5
1900-01-24 22:02:45,7924.5,859556,7925.0,9671,66448,51655,14793,849885,0.5
1900-01-24 22:03:00,7928.5,243085,7929.0,843214,56850,71292,-14442,-600129,0.5
1900-01-24 22:03:15,7928.5,219459,7929.0,872449,28785,19299,9486,-652990,0.5
1900-01-24 22:03:30,7921.5,20567,7922.0,1085096,1070,953344,-952274,-1064529,0.5
1900-01-24 22:03:45,7913.0,51167,7913.5,942682,11586,140944,-129358,-891515,0.5
1900-01-24 22:04:00,7910.0,120388,7910.5,924526,11721,182849,-171128,-804138,0.5
1900-01-24 22:04:15,7880.5,73700,7881.0,12584,147326,2032129,-1884803,61116,0.5
1900-01-24 22:04:30,7892.0,202685,7892.5,1042146,214706,444467,-229761,-839461,0.5
1900-01-24 22:04:45,7888.5,47817,7889.0,15822,335894,237270,98624,31995,0.5
1900-01-24 22:05:00,7882.5,141559,7883.0,737706,40154,240026,-199872,-596147,0.5
1900-01-24 22:05:15,7891.0,240546,7891.5,382954,232461,513136,-280675,-142408,0.5
1900-01-24 22:05:30,7894.5,683580,7895.0,48878,335638,28134,307504,634702,0.5
1900-01-24 22:05:45,7891.0,3949,7891.5,695134,325672,90775,234897,-691185,0.5
1900-01-24 22:06:00,7894.5,566401,7895.0,129382,94986,82321,12665,437019,0.5
1900-01-24 22:06:15,7896.0,488297,7896.5,832420,97210,14433,82777,-344123,0.5
1900-01-24 22:06:30,7901.0,153157,7901.5,1261942,177346,40335,137011,-1108785,0.5
1900-01-24 22:06:45,7896.5,346314,7897.0,661630,86702,61784,24918,-315316,0.5
1900-01-24 22:07:00,7898.5,916167,7899.0,72586,70105,11934,58171,843581,0.5
1900-01-24 22:07:15,7902.0,731177,7902.5,20560,188824,7051,181773,710617,0.5
1900-01-24 22:07:30,7904.5,1411152,7905.0,222886,250688,22949,227739,1188266,0.5
1900-01-24 22:07:45,7904.5,1490750,7905.0,259552,40441,623,39818,1231198,0.5
1900-01-24 22:08:00,7906.0,936929,7906.5,24394,148545,20695,127850,912535,0.5
1900-01-24 22:08:15,7907.5,836931,7908.0,255992,77883,5355,72528,580939,0.5
1900-01-24 22:08:30,7907.5,1461612,7908.0,109034,82206,13748,68458,1352578,0.5
1900-01-24 22:08:45,7908.0,285983,7908.5,379315,221901,46420,175481,-93332,0.5
1900-01-24 22:09:00,7908.0,603618,7908.5,704865,81339,23216,58123,-101247,0.5
1900-01-24 22:09:15,7908.0,1288958,7908.5,43691,23688,17491,6197,1245267,0.5
1900-01-24 22:09:30,7909.5,91086,7910.0,57899,42653,8992,33661,33187,0.5
1900-01-24 22:09:45,7914.0,887466,7914.5,44578,106969,5332,101637,842888,0.5
1900-01-24 22:10:00,7914.5,1141856,7915.0,3354,192521,2808,189713,1138502,0.5
1900-01-24 22:10:15,7910.5,340334,7911.0,656018,97063,168250,-71187,-315684,0.5
1900-01-24 22:10:30,7910.5,166473,7911.0,830750,60896,53045,7851,-664277,0.5
1900-01-24 22:10:45,7909.5,654880,7910.0,485064,94544,112525,-17981,169816,0.5
1900-01-24 22:11:00,7908.5,18826,7909.0,805316,1856,102179,-100323,-786490,0.5
1900-01-24 22:11:15,7907.5,747671,7908.0,1021071,16437,62989,-46552,-273400,0.5
1900-01-24 22:11:30,7904.0,21169,7904.5,857310,2251,567243,-564992,-836141,0.5
1900-01-24 22:11:45,7898.0,277944,7898.5,638172,8707,95549,-86842,-360228,0.5
1900-01-24 22:12:00,7895.5,149391,7896.0,1061762,1582,140878,-139296,-912371,0.5
1900-01-24 22:12:15,7887.0,734538,7887.5,112744,118634,202199,-83565,621794,0.5
1900-01-24 22:12:30,7890.5,577710,7891.0,183026,152170,104170,48000,394684,0.5
1900-01-24 22:12:45,7895.5,501696,7896.0,410574,269059,13401,255658,91122,0.5
1900-01-24 22:13:00,7895.5,78208,7896.0,1008406,71428,17279,54149,-930198,0.5
1900-01-24 22:13:15,7895.5,1068815,7896.0,123146,143523,39692,103831,945669,0.5
1900-01-24 22:13:30,7895.5,973395,7896.0,76989,57705,4483,53222,896406,0.5
1900-01-24 22:13:45,7896.5,1365609,7897.0,9769,45529,1530,43999,1355840,0.5
1900-01-24 22:14:00,7899.5,357371,7900.0,542097,268017,13403,254614,-184726,0.5
1900-01-24 22:14:15,7892.5,313740,7893.0,155728,134250,26276,107974,158012,0.5
1900-01-24 22:14:30,7890.5,1555,7891.0,1061632,13103,19419,-6316,-1060077,0.5
1900-01-24 22:14:45,7890.0,287975,7890.5,1036124,10586,138507,-127921,-748149,0.5
1900-01-24 22:15:00,7887.0,398478,7887.5,287554,14404,190393,-175989,110924,0.5
1900-01-24 22:15:15,7888.5,792972,7889.0,29707,190096,15032,175064,763265,0.5
1900-01-24 22:15:30,7889.5,918615,7890.0,56283,67718,15042,52676,862332,0.5
1900-01-24 22:15:45,7896.5,665320,7897.0,227958,68135,42935,25200,437362,0.5
1900-01-24 22:16:00,7896.5,1872755,7897.0,208564,78138,12460,65678,1664191,0.5
1900-01-24 22:16:15,7899.0,672322,7899.5,47601,47625,3592,44033,624721,0.5
1900-01-24 22:16:30,7899.0,1116423,7899.5,18087,32128,7717,24411,1098336,0.5
1900-01-24 22:16:45,7904.0,726565,7904.5,97830,68345,2967,65378,628735,0.5
1900-01-24 22:17:00,7914.0,488431,7914.5,41167,206074,25258,180816,447264,0.5
1900-01-24 22:17:15,7906.0,13146,7906.5,132782,223345,81352,141993,-119636,0.5
1900-01-24 22:17:30,7907.0,773893,7907.5,49545,69931,74002,-4071,724348,0.5
1900-01-24 22:17:45,7913.5,176962,7914.0,442497,63160,81828,-18668,-265535,0.5
1900-01-24 22:18:00,7913.5,713570,7914.0,417675,181650,86178,95472,295895,0.5
1900-01-24 22:18:15,7913.5,1206656,7914.0,686375,46464,34371,12093,520281,0.5
1900-01-24 22:18:30,7913.5,1661525,7914.0,162447,185265,8803,176462,1499078,0.5
1900-01-24 22:18:45,7919.0,835395,7919.5,82694,166612,18666,147946,752701,0.5
1900-01-24 22:19:00,7924.0,347654,7924.5,589422,118458,63890,54568,-241768,0.5
1900-01-24 22:19:15,7920.5,220482,7921.0,598336,50213,92877,-42664,-377854,0.5
1900-01-24 22:19:30,7918.5,238700,7919.0,5826,33396,94989,-61593,232874,0.5
1900-01-24 22:19:45,7918.5,1105859,7919.0,204943,82879,15202,67677,900916,0.5
1900-01-24 22:20:00,7926.5,696436,7927.0,76453,395406,266641,128765,619983,0.5
1900-01-24 22:20:15,7922.5,13089,7923.0,633177,551298,197066,354232,-620088,0.5
1900-01-24 22:20:30,7918.5,12205,7919.0,479506,14468,152161,-137693,-467301,0.5
1900-01-24 22:20:45,7915.0,1135696,7915.5,169799,15740,15552,188,965897,0.5
1900-01-24 22:21:00,7918.0,1084082,7918.5,1850,124499,187092,-62593,1082232,0.5
1900-01-24 22:21:15,7923.5,738966,7924.0,59933,227000,21022,205978,679033,0.5
1900-01-24 22:21:30,7923.5,1234642,7924.0,43763,196669,17762,178907,1190879,0.5
1900-01-24 22:21:45,7925.5,1330540,7926.0,157130,106105,4507,101598,1173410,0.5
1900-01-24 22:22:00,7934.5,615639,7935.0,6500,385831,13607,372224,609139,0.5
1900-01-24 22:22:15,7942.5,19266,7943.0,218413,330726,86885,243841,-199147,0.5
1900-01-24 22:22:30,7937.0,684675,7937.5,558947,81084,408263,-327179,125728,0.5
1900-01-24 22:22:45,7942.5,511413,7943.0,220927,292837,106245,186592,290486,0.5
1900-01-24 22:23:00,7937.5,1519203,7938.0,41023,199345,116578,82767,1478180,0.5
1900-01-24 22:23:15,7941.5,45796,7942.0,809516,108902,76372,32530,-763720,0.5
1900-01-24 22:23:30,7937.5,461843,7938.0,426524,29994,317249,-287255,35319,0.5
1900-01-24 22:23:45,7937.5,391293,7938.0,478002,47587,50932,-3345,-86709,0.5
1900-01-24 22:24:00,7937.5,444871,7938.0,556266,50989,15112,35877,-111395,0.5
1900-01-24 22:24:15,7936.0,519366,7936.5,926372,99,208474,-208375,-407006,0.5
1900-01-24 22:24:30,7935.0,83954,7935.5,869015,85834,385117,-299283,-785061,0.5
1900-01-24 22:24:45,7932.0,953148,7932.5,102699,174073,350625,-176552,850449,0.5
1900-01-24 22:25:00,7939.5,886601,7940.0,16281,315582,97608,217974,870320,0.5
1900-01-24 22:25:15,7941.5,1123888,7942.0,192796,107379,8215,99164,931092,0.5
1900-01-24 22:25:30,7954.5,543378,7955.0,194097,601855,33076,568779,349281,0.5
1900-01-24 22:25:45,7954.5,16932,7955.0,8461,230903,85789,145114,8471,0.5
1900-01-24 22:26:00,7948.5,1410470,7949.0,14720,181425,258766,-77341,1395750,0.5
1900-01-24 22:26:15,7958.5,412079,7959.0,209387,367078,32234,334844,202692,0.5
1900-01-24 22:26:30,7963.5,447252,7964.0,9698,453320,64875,388445,437554,0.5
1900-01-24 22:26:45,7980.0,41719,7980.5,213319,760911,41916,718995,-171600,0.5
1900-01-24 22:27:00,7979.0,10275,7979.5,1091935,641334,167352,473982,-1081660,0.5
1900-01-24 22:27:15,7969.0,385364,7969.5,81902,125752,300522,-174770,303462,0.5
1900-01-24 22:27:30,7973.0,1092099,7973.5,502400,159227,137117,22110,589699,0.5
1900-01-24 22:27:45,7979.5,371317,7980.0,398263,485418,40843,444575,-26946,0.5
1900-01-24 22:28:00,7973.0,1635277,7973.5,420938,252098,87012,165086,1214339,0.5
1900-01-24 22:28:15,7973.0,2107508,7973.5,601124,117631,191298,-73667,1506384,0.5
1900-01-24 22:28:30,7968.5,2175,7969.0,446609,81378,2084000,-2002622,-444434,0.5
1900-01-24 22:28:45,7963.0,263067,7963.5,6583,35049,390750,-355701,256484,0.5
1900-01-24 22:29:00,7970.0,594429,7970.5,1975,270801,35274,235527,592454,0.5
1900-01-24 22:29:15,7965.5,155648,7966.0,416887,52701,509455,-456754,-261239,0.5
1900-01-24 22:29:30,7960.0,9041,7960.5,16609,40614,423544,-382930,-7568,0.5
1900-01-24 22:29:45,7956.5,303568,7957.0,531790,72928,251099,-178171,-228222,0.5
1900-01-24 22:30:00,7952.0,54155,7952.5,567225,29708,443914,-414206,-513070,0.5
1900-01-24 22:30:15,7956.0,646648,7956.5,242909,78650,561945,-483295,403739,0.5
1900-01-24 22:30:30,7963.0,1065849,7963.5,69884,198723,32206,166517,995965,0.5
1900-01-24 22:30:45,7964.5,184489,7965.0,457287,297003,37623,259380,-272798,0.5
1900-01-24 22:31:00,7964.0,681801,7964.5,328762,159712,269728,-110016,353039,0.5
1900-01-24 22:31:15,7964.0,371652,7964.5,605180,99641,35171,64470,-233528,0.5
1900-01-24 22:31:30,7964.0,471357,7964.5,773397,10274,133497,-123223,-302040,0.5
1900-01-24 22:31:45,7963.5,113161,7964.0,1138128,30222,523839,-493617,-1024967,0.5
1900-01-24 22:32:00,7953.0,1056636,7953.5,223993,26802,477584,-450782,832643,0.5
1900-01-24 22:32:15,7953.5,978105,7954.0,49035,102096,459372,-357276,929070,0.5
1900-01-24 22:32:30,7959.5,468978,7960.0,1287774,55047,46090,8957,-818796,0.5
1900-01-24 22:32:45,7959.5,950934,7960.0,1051436,254896,47056,207840,-100502,0.5
1900-01-24 22:33:00,7964.5,72432,7965.0,1781836,141315,118866,22449,-1709404,0.5
1900-01-24 22:33:15,7964.5,30123,7965.0,612367,1288665,28511,1260154,-582244,0.5
1900-01-24 22:33:30,7964.5,68488,7965.0,849845,290526,286320,4206,-781357,0.5
1900-01-24 22:33:45,7958.5,1991,7959.0,1124030,33550,38530,-4980,-1122039,0.5
1900-01-24 22:34:00,7964.5,790509,7965.0,340498,143293,45909,97384,450011,0.5
1900-01-24 22:34:15,7967.0,840097,7967.5,13868,205187,4450,200737,826229,0.5
1900-01-24 22:34:30,7970.5,168136,7971.0,875297,348666,32108,316558,-707161,0.5
1900-01-24 22:34:45,7970.0,558375,7970.5,267286,127177,121379,5798,291089,0.5
1900-01-24 22:35:00,7975.5,1052,7976.0,357094,187917,27740,160177,-356042,0.5
1900-01-24 22:35:15,7976.5,201765,7977.0,1006323,130268,35065,95203,-804558,0.5
1900-01-24 22:35:30,7975.0,1221794,7975.5,345734,177636,168952,8684,876060,0.5
1900-01-24 22:35:45,7977.5,1130597,7978.0,195617,257278,13865,243413,934980,0.5
1900-01-24 22:36:00,7977.5,237350,7978.0,797093,145687,100833,44854,-559743,0.5
1900-01-24 22:36:15,7980.0,1048344,7980.5,11555,117970,11831,106139,1036789,0.5
1900-01-24 22:36:30,7972.0,17743,7972.5,897645,441178,109834,331344,-879902,0.5
1900-01-24 22:36:45,7964.5,216738,7965.0,167944,169659,204480,-34821,48794,0.5
1900-01-24 22:37:00,7966.0,65524,7966.5,900609,322558,50452,272106,-835085,0.5
1900-01-24 22:37:15,7966.0,440343,7966.5,877603,8707,104032,-95325,-437260,0.5
1900-01-24 22:37:30,7964.5,139331,7965.0,953669,52090,231528,-179438,-814338,0.5
1900-01-24 22:37:45,7965.5,724808,7966.0,189348,104078,230850,-126772,535460,0.5
1900-01-24 22:38:00,7965.5,666218,7966.0,550975,90016,7401,82615,115243,0.5
1900-01-24 22:38:15,7965.5,1401907,7966.0,30711,167247,56816,110431,1371196,0.5
1900-01-24 22:38:30,7962.5,91777,7963.0,1310955,55340,22383,32957,-1219178,0.5
1900-01-24 22:38:45,7960.0,52714,7960.5,1659688,43832,462864,-419032,-1606974,0.5
1900-01-24 22:39:00,7949.5,9008,7950.0,36216,21238,583015,-561777,-27208,0.5
1900-01-24 22:39:15,7946.5,72822,7947.0,610685,63327,214072,-150745,-537863,0.5
1900-01-24 22:39:30,7945.5,163225,7946.0,317709,62100,106383,-44283,-154484,0.5
1900-01-24 22:39:45,7950.0,351326,7950.5,208332,154422,34402,120020,142994,0.5
1900-01-24 22:40:00,7952.5,380607,7953.0,588288,121883,16657,105226,-207681,0.5
1900-01-24 22:40:15,7956.5,539235,7957.0,439177,267240,2354,264886,100058,0.5
1900-01-24 22:40:30,7956.5,321865,7957.0,607638,97967,153439,-55472,-285773,0.5
1900-01-24 22:40:45,7956.5,793444,7957.0,254388,80458,46869,33589,539056,0.5
1900-01-24 22:41:00,7956.5,1133558,7957.0,107654,92087,9427,82660,1025904,0.5
1900-01-24 22:41:15,7960.0,828253,7960.5,28899,84259,11110,73149,799354,0.5
1900-01-24 22:41:30,7961.5,432895,7962.0,1055,70196,1047,69149,431840,0.5
1900-01-24 22:41:45,7966.0,368910,7966.5,876299,214278,19820,194458,-507389,0.5
1900-01-24 22:42:00,7961.5,16097,7962.0,1262261,20687,351906,-331219,-1246164,0.5
1900-01-24 22:42:15,7960.5,109,7961.0,1549625,62050,313049,-250999,-1549516,0.5
1900-01-24 22:42:30,7953.0,2929,7953.5,1370739,11510,197497,-185987,-1367810,0.5
1900-01-24 22:42:45,7951.5,36169,7952.0,959773,92318,39481,52837,-923604,0.5
1900-01-24 22:43:00,7947.5,14375,7948.0,1026291,11395,117292,-105897,-1011916,0.5
1900-01-24 22:43:15,7942.0,57992,7942.5,669469,7389,423613,-416224,-611477,0.5
1900-01-24 22:43:30,7941.0,294622,7941.5,559857,90845,90589,256,-265235,0.5
1900-01-24 22:43:45,7942.0,492344,7942.5,583,192200,64893,127307,491761,0.5
1900-01-24 22:44:00,7948.0,181840,7948.5,247587,191301,19367,171934,-65747,0.5
1900-01-24 22:44:15,7951.0,511995,7951.5,19815,154260,7918,146342,492180,0.5
1900-01-24 22:44:30,7956.0,111872,7956.5,1096939,18165,2639,15526,-985067,0.5
1900-01-24 22:44:45,7951.5,1201579,7952.0,131090,27382,124090,-96708,1070489,0.5
1900-01-24 22:45:00,7953.0,526395,7953.5,90,49241,69565,-20324,526305,0.5
1900-01-24 22:45:15,7955.5,134680,7956.0,1305270,88376,57074,31302,-1170590,0.5
1900-01-24 22:45:30,7955.0,40683,7955.5,976036,110851,63565,47286,-935353,0.5
1900-01-24 22:45:45,7939.5,1675892,7940.0,120601,26048,223439,-197391,1555291,0.5
1900-01-24 22:46:00,7943.0,104461,7943.5,1240341,42124,34986,7138,-1135880,0.5
1900-01-24 22:46:15,7933.0,68027,7933.5,54538,77590,176686,-99096,13489,0.5
1900-01-24 22:46:30,7931.5,184896,7932.0,798508,26191,401584,-375393,-613612,0.5
1900-01-24 22:46:45,7930.0,1124624,7930.5,1927508,14425,871677,-857252,-802884,0.5
1900-01-24 22:47:00,7930.0,1213088,7930.5,688152,154254,257938,-103684,524936,0.5
1900-01-24 22:47:15,7930.5,703725,7931.0,341715,381815,639010,-257195,362010,0.5
1900-01-24 22:47:30,7934.5,627594,7935.0,128234,518420,26634,491786,499360,0.5
1900-01-24 22:47:45,7938.5,180916,7939.0,751098,135505,5115,130390,-570182,0.5
1900-01-24 22:48:00,7938.5,336164,7939.0,550181,59901,18306,41595,-214017,0.5
1900-01-24 22:48:15,7937.0,20402,7937.5,230574,39414,61539,-22125,-210172,0.5
1900-01-24 22:48:30,7915.0,71722,7915.5,569996,11500,436055,-424555,-498274,0.5
1900-01-24 22:48:45,7906.5,485267,7907.0,501359,57012,634255,-577243,-16092,0.5
1900-01-24 22:49:00,7919.5,115957,7920.0,1009256,736642,58130,678512,-893299,0.5
1900-01-24 22:49:15,7909.0,83943,7909.5,36483,77766,117098,-39332,47460,0.5
1900-01-24 22:49:30,7912.5,497285,7913.0,663345,319717,35932,283785,-166060,0.5
1900-01-24 22:49:45,7918.0,618853,7918.5,218836,185481,106966,78515,400017,0.5
1900-01-24 22:50:00,7913.0,86593,7913.5,1050551,98662,553957,-455295,-963958,0.5
1900-01-24 22:50:15,7900.0,213411,7900.5,200151,10189,372763,-362574,13260,0.5
1900-01-24 22:50:30,7894.5,209558,7895.0,1209875,221612,1206230,-984618,-1000317,0.5
1900-01-24 22:50:45,7898.5,686527,7899.0,200689,337704,182516,155188,485838,0.5
1900-01-24 22:51:00,7898.5,675124,7899.0,114486,288404,238306,50098,560638,0.5
1900-01-24 22:51:15,7899.5,967008,7900.0,93083,351093,32245,318848,873925,0.5
1900-01-24 22:51:30,7902.5,1785,7903.0,556225,511398,25976,485422,-554440,0.5
1900-01-24 22:51:45,7900.0,1012724,7900.5,160384,32923,313391,-280468,852340,0.5
1900-01-24 22:52:00,7900.5,588169,7901.0,282769,106720,66932,39788,305400,0.5
1900-01-24 22:52:15,7888.0,297860,7888.5,126572,121020,349421,-228401,171288,0.5
1900-01-24 22:52:30,7892.0,581454,7892.5,228792,65896,573837,-507941,352662,0.5
1900-01-24 22:52:45,7893.5,870811,7894.0,25,102585,15687,86898,870786,0.5
1900-01-24 22:53:00,7902.0,481283,7902.5,650301,218458,20504,197954,-169018,0.5
1900-01-24 22:53:15,7897.0,640016,7897.5,53789,26127,138542,-112415,586227,0.5
1900-01-24 22:53:30,7900.5,809019,7901.0,86138,124837,2835,122002,722881,0.5
1900-01-24 22:53:45,7902.0,762214,7902.5,303855,170610,1033,169577,458359,0.5
1900-01-24 22:54:00,7906.0,576900,7906.5,21113,140193,19501,120692,555787,0.5
1900-01-24 22:54:15,7912.5,546734,7913.0,132443,90035,37875,52160,414291,0.5
1900-01-24 22:54:30,7909.5,1208891,7910.0,54668,393764,166772,226992,1154223,0.5
1900-01-24 22:54:45,7913.5,333321,7914.0,763009,130848,19250,111598,-429688,0.5
1900-01-24 22:55:00,7913.5,1155955,7914.0,68343,234843,2476,232367,1087612,0.5
1900-01-24 22:55:15,7917.5,138839,7918.0,725651,108867,17468,91399,-586812,0.5
1900-01-24 22:55:30,7921.0,349088,7921.5,338174,147623,64087,83536,10914,0.5
1900-01-24 22:55:45,7921.0,185961,7921.5,556863,59110,45220,13890,-370902,0.5
1900-01-24 22:56:00,7921.5,1335739,7922.0,132370,96318,16765,79553,1203369,0.5
1900-01-24 22:56:15,7921.5,1189187,7922.0,419873,209358,1000,208358,769314,0.5
1900-01-24 22:56:30,7921.5,523634,7922.0,726279,35859,2085,33774,-202645,0.5
1900-01-24 22:56:45,7921.5,960922,7922.0,809538,10552,174042,-163490,151384,0.5
1900-01-24 22:57:00,7921.5,921481,7922.0,790845,27175,19880,7295,130636,0.5
1900-01-24 22:57:15,7915.0,534666,7915.5,504793,62793,188993,-126200,29873,0.5
1900-01-24 22:57:30,7909.0,832756,7909.5,364657,25326,190886,-165560,468099,0.5
1900-01-24 22:57:45,7905.5,28466,7906.0,605458,1235,427219,-425984,-576992,0.5
1900-01-24 22:58:00,7902.0,374727,7902.5,761339,2705,149035,-146330,-386612,0.5
1900-01-24 22:58:15,7902.0,101988,7902.5,1236047,8050,131302,-123252,-1134059,0.5
1900-01-24 22:58:30,7900.5,527669,7901.0,412922,40585,168775,-128190,114747,0.5
1900-01-24 22:58:45,7900.5,637070,7901.0,270140,23517,56059,-32542,366930,0.5
1900-01-24 22:59:00,7900.5,66720,7901.0,996383,126256,20052,106204,-929663,0.5
1900-01-24 22:59:15,7900.5,762478,7901.0,2050,160939,37891,123048,760428,0.5
1900-01-24 22:59:30,7901.5,914288,7902.0,2296,160556,5161,155395,911992,0.5
1900-01-24 22:59:45,7909.0,506515,7909.5,228600,45548,38408,7140,277915,0.5
1900-01-24 23:00:00,7915.0,331961,7915.5,4722,120868,3247,117621,327239,0.5
1900-01-24 23:00:15,7918.5,455338,7919.0,774592,114216,93186,21030,-319254,0.5
1900-01-24 23:00:30,7914.5,7152,7915.0,1648635,34400,167120,-132720,-1641483,0.5
1900-01-24 23:00:45,7913.5,367952,7914.0,1089194,39426,8970,30456,-721242,0.5
1900-01-24 23:01:00,7911.0,326649,7911.5,917554,12781,59360,-46579,-590905,0.5
1900-01-24 23:01:15,7910.5,434780,7911.0,334346,19993,111505,-91512,100434,0.5
1900-01-24 23:01:30,7902.5,158973,7903.0,886634,28500,122726,-94226,-727661,0.5
1900-01-24 23:01:45,7896.0,217329,7896.5,168477,31237,626361,-595124,48852,0.5
1900-01-24 23:02:00,7891.5,202000,7892.0,1154520,21262,107073,-85811,-952520,0.5
1900-01-24 23:02:15,7888.0,42105,7888.5,613766,64842,163433,-98591,-571661,0.5
1900-01-24 23:02:30,7888.0,448386,7888.5,220677,53643,111601,-57958,227709,0.5
1900-01-24 23:02:45,7889.5,496962,7890.0,381232,174350,35351,138999,115730,0.5
1900-01-24 23:03:00,7889.5,519600,7890.0,321613,89368,18250,71118,197987,0.5
1900-01-24 23:03:15,7897.0,536495,7897.5,202493,233136,21225,211911,334002,0.5
1900-01-24 23:03:30,7897.0,13786,7897.5,1298177,127295,88939,38356,-1284391,0.5
1900-01-24 23:03:45,7886.5,520350,7887.0,627725,81554,226902,-145348,-107375,0.5
1900-01-24 23:04:00,7886.5,286527,7887.0,484855,24496,70145,-45649,-198328,0.5
1900-01-24 23:04:15,7886.5,55898,7887.0,737608,62548,64997,-2449,-681710,0.5
1900-01-24 23:04:30,7880.5,552790,7881.0,494546,29661,367233,-337572,58244,0.5
1900-01-24 23:04:45,7881.5,520854,7882.0,459887,318405,158232,160173,60967,0.5
1900-01-24 23:05:00,7881.5,335610,7882.0,516117,22814,60770,-37956,-180507,0.5
1900-01-24 23:05:15,7880.0,393539,7880.5,1015159,106716,299744,-193028,-621620,0.5
1900-01-24 23:05:30,7881.0,552666,7881.5,220031,22114,468811,-446697,332635,0.5
1900-01-24 23:05:45,7887.5,543733,7888.0,334064,248270,167812,80458,209669,0.5
1900-01-24 23:06:00,7887.5,588977,7888.0,88688,80006,22550,57456,500289,0.5
1900-01-24 23:06:15,7887.5,633964,7888.0,7185,37375,10617,26758,626779,0.5
1900-01-24 23:06:30,7891.0,821113,7891.5,47207,34288,9511,24777,773906,0.5
1900-01-24 23:06:45,7897.5,564935,7898.0,217208,102144,47028,55116,347727,0.5
1900-01-24 23:07:00,7890.5,55178,7891.0,1004663,36406,298203,-261797,-949485,0.5
1900-01-24 23:07:15,7888.0,139654,7888.5,509354,21900,144281,-122381,-369700,0.5
1900-01-24 23:07:30,7888.0,514202,7888.5,464381,1858,26199,-24341,49821,0.5
1900-01-24 23:07:45,7886.5,496436,7887.0,337765,2465,38358,-35893,158671,0.5
1900-01-24 23:08:00,7886.5,1043091,7887.0,4000,61908,119165,-57257,1039091,0.5
1900-01-24 23:08:15,7887.0,943020,7887.5,235289,151375,8218,143157,707731,0.5
1900-01-24 23:08:30,7884.0,149502,7884.5,865324,25750,72627,-46877,-715822,0.5
1900-01-24 23:08:45,7882.5,133533,7883.0,845370,337,194981,-194644,-711837,0.5
1900-01-24 23:09:00,7887.5,475726,7888.0,75615,138480,41367,97113,400111,0.5
1900-01-24 23:09:15,7890.0,440567,7890.5,29577,114280,2967,111313,410990,0.5
1900-01-24 23:09:30,7898.5,318098,7899.0,18925,124853,1515,123338,299173,0.5
1900-01-24 23:09:45,7896.0,78629,7896.5,1126630,8927,151886,-142959,-1048001,0.5
1900-01-24 23:10:00,7898.5,1101532,7900.0,83148,71702,198419,-126717,1018384,1.5
1900-01-24 23:10:15,7904.5,462008,7905.0,575306,317126,10340,306786,-113298,0.5
1900-01-24 23:10:30,7907.0,1345484,7907.5,20874,83121,25923,57198,1324610,0.5
1900-01-24 23:10:45,7909.5,1346233,7910.0,67671,241067,3763,237304,1278562,0.5
1900-01-24 23:11:00,7914.0,1412703,7914.5,66199,105755,5293,100462,1346504,0.5
1900-01-24 23:11:15,7916.0,306204,7916.5,548544,66617,22249,44368,-242340,0.5
1900-01-24 23:11:30,7918.5,125718,7919.0,525750,300289,22465,277824,-400032,0.5
1900-01-24 23:11:45,7918.0,130541,7918.5,680781,21141,143727,-122586,-550240,0.5
1900-01-24 23:12:00,7905.0,366504,7905.5,389333,20595,271542,-250947,-22829,0.5
1900-01-24 23:12:15,7905.0,242892,7905.5,516781,27747,59078,-31331,-273889,0.5
1900-01-24 23:12:30,7905.0,1220304,7905.5,25092,89742,49054,40688,1195212,0.5
1900-01-24 23:12:45,7907.5,1347542,7908.0,371947,105133,5891,99242,975595,0.5
1900-01-24 23:13:00,7909.5,480713,7910.0,464489,54277,8149,46128,16224,0.5
1900-01-24 23:13:15,7909.5,406647,7910.0,637072,101200,3000,98200,-230425,0.5
1900-01-24 23:13:30,7905.5,3909,7906.0,330636,206734,143884,62850,-326727,0.5
1900-01-24 23:13:45,7900.5,599583,7901.0,486183,1391,166344,-164953,113400,0.5
1900-01-24 23:14:00,7900.5,228495,7901.0,828314,106030,92194,13836,-599819,0.5
1900-01-24 23:14:15,7898.5,21526,7899.0,1274860,14868,143557,-128689,-1253334,0.5
1900-01-24 23:14:30,7897.0,240630,7897.5,835501,1568,102969,-101401,-594871,0.5
1900-01-24 23:14:45,7894.0,1940,7894.5,1033865,8968,66169,-57201,-1031925,0.5
1900-01-24 23:15:00,7890.0,566859,7890.5,485499,20556,198426,-177870,81360,0.5
1900-01-24 23:15:15,7886.5,347854,7887.0,408871,5786,177774,-171988,-61017,0.5
1900-01-24 23:15:30,7889.0,355090,7889.5,148344,38152,4101,34051,206746,0.5
1900-01-24 23:15:45,7895.5,811070,7896.0,360704,300481,21200,279281,450366,0.5
1900-01-24 23:16:00,7899.0,74482,7899.5,2310,170860,162537,8323,72172,0.5
1900-01-24 23:16:15,7900.5,619475,7901.0,612909,73266,13502,59764,6566,0.5
1900-01-24 23:16:30,7901.5,1129191,7902.0,1264,103695,100,103595,1127927,0.5
1900-01-24 23:16:45,7903.5,605127,7904.0,405577,63372,88511,-25139,199550,0.5
1900-01-24 23:17:00,7903.5,572180,7904.0,840495,49524,71664,-22140,-268315,0.5
1900-01-24 23:17:15,7903.5,489931,7904.0,664577,103547,107941,-4394,-174646,0.5
1900-01-24 23:17:30,7900.5,558498,7901.0,1360231,16550,229570,-213020,-801733,0.5
1900-01-24 23:17:45,7898.0,191521,7898.5,735657,601,927132,-926531,-544136,0.5
1900-01-24 23:18:00,7902.5,274404,7903.0,440733,36879,10400,26479,-166329,0.5
1900-01-24 23:18:15,7901.0,480044,7901.5,886574,5000,27845,-22845,-406530,0.5
1900-01-24 23:18:30,7902.5,775586,7903.0,7631,58614,45453,13161,767955,0.5
1900-01-24 23:18:45,7906.5,578528,7907.0,544834,167797,10175,157622,33694,0.5
1900-01-24 23:19:00,7907.5,76664,7908.0,1039142,200748,36487,164261,-962478,0.5
1900-01-24 23:19:15,7907.0,241656,7907.5,1012540,2850,30022,-27172,-770884,0.5
1900-01-24 23:19:30,7907.0,673696,7907.5,906221,11558,4775,6783,-232525,0.5
1900-01-24 23:19:45,7907.0,1163759,7907.5,84124,118135,51736,66399,1079635,0.5
1900-01-24 23:20:00,7907.0,185358,7907.5,758916,152187,5190,146997,-573558,0.5
1900-01-24 23:20:15,7909.5,1122941,7910.0,80134,99151,33658,65493,1042807,0.5
1900-01-24 23:20:30,7910.5,1357049,7911.0,6814,80755,1814,78941,1350235,0.5
1900-01-24 23:20:45,7911.5,1219603,7912.0,195021,29606,31994,-2388,1024582,0.5
1900-01-24 23:21:00,7911.5,189966,7912.0,773404,23906,9097,14809,-583438,0.5
1900-01-24 23:21:15,7911.5,1186607,7912.0,246000,35765,16784,18981,940607,0.5
1900-01-24 23:21:30,7911.5,94240,7912.0,1026683,32800,6621,26179,-932443,0.5
1900-01-24 23:21:45,7911.0,39180,7911.5,842020,2165,75298,-73133,-802840,0.5
1900-01-24 23:22:00,7908.0,18171,7908.5,712955,728,38446,-37718,-694784,0.5
1900-01-24 23:22:15,7905.0,770888,7905.5,583943,1510,70179,-68669,186945,0.5
1900-01-24 23:22:30,7905.0,759372,7905.5,585373,3530,24297,-20767,173999,0.5
1900-01-24 23:22:45,7905.0,1089798,7905.5,146901,3101,189317,-186216,942897,0.5
1900-01-24 23:23:00,7906.0,746741,7906.5,6393,20180,5603,14577,740348,0.5
1900-01-24 23:23:15,7907.0,1214342,7907.5,12596,24300,2212,22088,1201746,0.5
1900-01-24 23:23:30,7910.0,461988,7910.5,699300,196128,1674,194454,-237312,0.5
1900-01-24 23:23:45,7910.0,389577,7910.5,1435137,50,28103,-28053,-1045560,0.5
1900-01-24 23:24:00,7908.5,3347,7909.0,770680,5100,32040,-26940,-767333,0.5
1900-01-24 23:24:15,7905.0,492801,7905.5,726380,5699,404691,-398992,-233579,0.5
1900-01-24 23:24:30,7905.0,376440,7905.5,758352,329,141189,-140860,-381912,0.5
1900-01-24 23:24:45,7904.5,37296,7905.0,534259,1572,222716,-221144,-496963,0.5
1900-01-24 23:25:00,7904.5,182176,7905.0,652673,507,27242,-26735,-470497,0.5
1900-01-24 23:25:15,7904.5,9942,7905.0,948054,8550,176677,-168127,-938112,0.5
1900-01-24 23:25:30,7904.0,721996,7904.5,326593,4762,72510,-67748,395403,0.5
1900-01-24 23:25:45,7904.0,97,7904.5,835755,14981,50602,-35621,-835658,0.5
1900-01-24 23:26:00,7900.0,38082,7900.5,527246,11480,110360,-98880,-489164,0.5
1900-01-24 23:26:15,7892.5,348531,7893.0,303543,7604,91397,-83793,44988,0.5
1900-01-24 23:26:30,7888.5,1017319,7889.0,265178,13791,49400,-35609,752141,0.5
1900-01-24 23:26:45,7888.5,834461,7889.0,256555,49021,201436,-152415,577906,0.5
1900-01-24 23:27:00,7888.5,836779,7889.0,295106,23352,140473,-117121,541673,0.5
1900-01-24 23:27:15,7888.5,1019066,7889.0,377219,71119,15327,55792,641847,0.5
1900-01-24 23:27:30,7888.5,1088537,7889.0,263027,111190,8201,102989,825510,0.5
1900-01-24 23:27:45,7894.5,1102846,7895.0,10873,100931,5171,95760,1091973,0.5
1900-01-24 23:28:00,7895.0,601978,7895.5,4338,21720,715,21005,597640,0.5
1900-01-24 23:28:15,7895.0,802515,7895.5,474067,23024,7944,15080,328448,0.5
1900-01-24 23:28:30,7895.0,1124689,7895.5,204196,12842,22464,-9622,920493,0.5
1900-01-24 23:28:45,7896.0,95396,7896.5,26051,84737,5330,79407,69345,0.5
1900-01-24 23:29:00,7895.5,644369,7896.0,649652,143403,73346,70057,-5283,0.5
1900-01-24 23:29:15,7895.5,690890,7896.0,613379,500,66887,-66387,77511,0.5
1900-01-24 23:29:30,7895.5,1175942,7896.0,132863,24,40941,-40917,1043079,0.5
1900-01-24 23:29:45,7895.5,1271829,7896.0,49297,5132,33846,-28714,1222532,0.5
1900-01-24 23:30:00,7896.5,1318708,7897.0,28684,5945,1510,4435,1290024,0.5
1900-01-24 23:30:15,7899.0,1249539,7899.5,131353,26244,1116,25128,1118186,0.5
1900-01-24 23:30:30,7899.5,1325699,7900.0,116918,52287,10710,41577,1208781,0.5
1900-01-24 23:30:45,7899.5,1319499,7900.0,122816,3630,8400,-4770,1196683,0.5
1900-01-24 23:31:00,7901.5,1255490,7902.0,21293,61392,11936,49456,1234197,0.5
1900-01-24 23:31:15,7908.5,107585,7909.0,751943,84607,8293,76314,-644358,0.5
1900-01-24 23:31:30,7909.5,1253376,7910.0,309663,87839,6930,80909,943713,0.5
1900-01-24 23:31:45,7919.5,274677,7920.0,548523,359051,6515,352536,-273846,0.5
1900-01-24 23:32:00,7917.0,345921,7917.5,606356,28679,55712,-27033,-260435,0.5
1900-01-24 23:32:15,7915.0,524498,7915.5,733932,7637,252414,-244777,-209434,0.5
1900-01-24 23:32:30,7915.0,655550,7915.5,2401,24545,61752,-37207,653149,0.5
1900-01-24 23:32:45,7921.0,325352,7921.5,850443,151901,30053,121848,-525091,0.5
1900-01-24 23:33:00,7921.5,1235680,7922.0,66190,200335,29485,170850,1169490,0.5
1900-01-24 23:33:15,7930.0,836401,7930.5,215134,380638,15642,364996,621267,0.5
1900-01-24 23:33:30,7934.5,383737,7935.0,617031,373494,12562,360932,-233294,0.5
1900-01-24 23:33:45,7934.5,887786,7935.0,525848,228128,47048,181080,361938,0.5
1900-01-24 23:34:00,7937.5,1326142,7938.0,59975,223243,16307,206936,1266167,0.5
1900-01-24 23:34:15,7926.5,2717,7927.0,330217,117489,137327,-19838,-327500,0.5
1900-01-24 23:34:30,7926.5,247423,7927.0,698495,73944,79940,-5996,-451072,0.5
1900-01-24 23:34:45,7921.0,1094218,7921.5,154269,55654,104000,-48346,939949,0.5
1900-01-24 23:35:00,7920.5,750834,7921.0,173543,14819,108527,-93708,577291,0.5
1900-01-24 23:35:15,7921.5,822561,7922.0,23555,10543,97051,-86508,799006,0.5
1900-01-24 23:35:30,7925.5,1194366,7926.0,23365,35157,42081,-6924,1171001,0.5
1900-01-24 23:35:45,7929.0,1262693,7929.5,36290,126461,1800,124661,1226403,0.5
1900-01-24 23:36:00,7931.5,302955,7932.0,757652,51712,28606,23106,-454697,0.5
1900-01-24 23:36:15,7934.5,343028,7935.0,717223,58380,84618,-26238,-374195,0.5
1900-01-24 23:36:30,7933.0,710273,7933.5,859082,64661,110326,-45665,-148809,0.5
1900-01-24 23:36:45,7929.0,5542,7929.5,194907,86604,612567,-525963,-189365,0.5
1900-01-24 23:37:00,7922.0,531139,7922.5,223899,13050,41594,-28544,307240,0.5
1900-01-24 23:37:15,7922.0,1131122,7922.5,79272,48887,20460,28427,1051850,0.5
1900-01-24 23:37:30,7923.5,1135708,7924.0,5964,20305,17831,2474,1129744,0.5
1900-01-24 23:37:45,7929.0,299263,7929.5,652314,15447,11614,3833,-353051,0.5
1900-01-24 23:38:00,7929.0,962896,7929.5,354446,38317,52385,-14068,608450,0.5
1900-01-24 23:38:15,7929.0,1427389,7929.5,348932,24252,684,23568,1078457,0.5
1900-01-24 23:38:30,7929.0,1044703,7929.5,343442,9500,15939,-6439,701261,0.5
1900-01-24 23:38:45,7929.0,1562508,7929.5,64112,233882,1000,232882,1498396,0.5
1900-01-24 23:39:00,7935.5,730366,7936.0,23,91229,1005,90224,730343,0.5
1900-01-24 23:39:15,7939.5,347352,7940.0,569018,141160,24053,117107,-221666,0.5
1900-01-24 23:39:30,7939.5,327667,7940.0,788311,143103,36045,107058,-460644,0.5
1900-01-24 23:39:45,7929.0,1100970,7929.5,232514,13599,605396,-591797,868456,0.5
1900-01-24 23:40:00,7930.5,1169106,7931.0,15026,15917,22647,-6730,1154080,0.5
1900-01-24 23:40:15,7930.5,1041933,7931.0,24801,11054,74250,-63196,1017132,0.5
1900-01-24 23:40:30,7930.5,42107,7931.0,465220,2834,14500,-11666,-423113,0.5
1900-01-24 23:40:45,7930.0,200159,7930.5,869918,5202,74390,-69188,-669759,0.5
1900-01-24 23:41:00,7923.5,312171,7924.0,324638,14586,208888,-194302,-12467,0.5
1900-01-24 23:41:15,7916.0,288044,7916.5,313723,5316,183040,-177724,-25679,0.5
1900-01-24 23:41:30,7916.0,822996,7916.5,411269,6332,47843,-41511,411727,0.5
1900-01-24 23:41:45,7916.0,1033920,7916.5,37075,16989,100250,-83261,996845,0.5
1900-01-24 23:42:00,7916.5,648165,7917.0,647312,61867,10834,51033,853,0.5
1900-01-24 23:42:15,7916.5,768639,7917.0,583966,17950,6895,11055,184673,0.5
1900-01-24 23:42:30,7916.0,845,7916.5,854061,9706,252256,-242550,-853216,0.5
1900-01-24 23:42:45,7915.0,1053983,7915.5,782929,1926,63509,-61583,271054,0.5
1900-01-24 23:43:00,7911.5,36938,7912.0,1128454,32624,698116,-665492,-1091516,0.5
1900-01-24 23:43:15,7908.5,13731,7909.0,1103725,27611,349696,-322085,-1089994,0.5
1900-01-24 23:43:30,7911.0,685637,7911.5,356859,20449,94112,-73663,328778,0.5
1900-01-24 23:43:45,7913.5,866724,7914.0,18198,180205,16568,163637,848526,0.5
1900-01-24 23:44:00,7914.0,242273,7914.5,531866,49575,36150,13425,-289593,0.5
1900-01-24 23:44:15,7914.0,376061,7914.5,843578,16700,61665,-44965,-467517,0.5
1900-01-24 23:44:30,7914.0,409184,7914.5,770556,5059,8954,-3895,-361372,0.5
1900-01-24 23:44:45,7911.5,6620,7912.0,947449,6599,257397,-250798,-940829,0.5
1900-01-24 23:45:00,7911.0,117181,7911.5,1051334,6412,157768,-151356,-934153,0.5
1900-01-24 23:45:15,7909.5,97698,7910.0,1039672,33467,38584,-5117,-941974,0.5
1900-01-24 23:45:30,7902.5,36213,7903.0,554221,2549,104562,-102013,-518008,0.5
1900-01-24 23:45:45,7904.0,457154,7904.5,156040,60729,83171,-22442,301114,0.5
1900-01-24 23:46:00,7907.5,402406,7908.0,10727,59697,55023,4674,391679,0.5
1900-01-24 23:46:15,7902.5,57191,7903.0,228966,110976,116493,-5517,-171775,0.5
1900-01-24 23:46:30,7896.0,405277,7896.5,892861,57881,128157,-70276,-487584,0.5
1900-01-24 23:46:45,7893.0,526920,7893.5,357287,34458,135389,-100931,169633,0.5
1900-01-24 23:47:00,7893.0,1247279,7893.5,11303,141759,13427,128332,1235976,0.5
1900-01-24 23:47:15,7893.0,1159711,7893.5,23374,44461,113030,-68569,1136337,0.5
1900-01-24 23:47:30,7887.5,154977,7888.0,713899,24038,257445,-233407,-558922,0.5
1900-01-24 23:47:45,7881.0,80659,7881.5,648360,2601,372205,-369604,-567701,0.5
1900-01-24 23:48:00,7884.5,811522,7885.0,18461,340655,154363,186292,793061,0.5
1900-01-24 23:48:15,7885.5,712825,7886.0,111863,87033,2360,84673,600962,0.5
1900-01-24 23:48:30,7882.5,41146,7883.0,777220,28832,164463,-135631,-736074,0.5
1900-01-24 23:48:45,7880.0,431912,7880.5,370735,6541,43061,-36520,61177,0.5
1900-01-24 23:49:00,7877.5,219621,7878.0,1226436,27702,388313,-360611,-1006815,0.5
1900-01-24 23:49:15,7854.5,386429,7855.0,36030,216545,1738595,-1522050,350399,0.5
1900-01-24 23:49:30,7879.0,106340,7879.5,186324,355867,334445,21422,-79984,0.5
1900-01-24 23:49:45,7874.5,368820,7875.0,30871,269247,127376,141871,337949,0.5
1900-01-24 23:50:00,7876.5,1026777,7877.0,927608,268511,176199,92312,99169,0.5
1900-01-24 23:50:15,7876.5,485142,7877.0,1106494,172089,62789,109300,-621352,0.5
1900-01-24 23:50:30,7869.0,353728,7869.5,304721,65051,284025,-218974,49007,0.5
1900-01-24 23:50:45,7873.0,182804,7873.5,627178,28983,45850,-16867,-444374,0.5
1900-01-24 23:51:00,7873.0,181519,7873.5,647446,91330,53716,37614,-465927,0.5
1900-01-24 23:51:15,7873.0,46355,7873.5,1360286,37033,82847,-45814,-1313931,0.5
1900-01-24 23:51:30,7863.5,26563,7864.0,494737,66112,98679,-32567,-468174,0.5
1900-01-24 23:51:45,7869.5,249579,7870.0,1421771,96308,64447,31861,-1172192,0.5
1900-01-24 23:52:00,7866.5,826387,7867.0,167068,227625,56685,170940,659319,0.5
1900-01-24 23:52:15,7866.5,1016507,7867.0,19989,98137,49115,49022,996518,0.5
1900-01-24 23:52:30,7870.0,849565,7870.5,5629,29746,1050,28696,843936,0.5
1900-01-24 23:52:45,7870.0,387472,7870.5,511420,312284,6942,305342,-123948,0.5
1900-01-24 23:53:00,7875.0,171740,7875.5,151460,158221,28353,129868,20280,0.5
1900-01-24 23:53:15,7865.0,402105,7865.5,1226053,49506,358931,-309425,-823948,0.5
1900-01-24 23:53:30,7865.0,379561,7865.5,929866,125317,84100,41217,-550305,0.5
1900-01-24 23:53:45,7865.5,652171,7866.0,207,110732,82875,27857,651964,0.5
1900-01-24 23:54:00,7868.5,421821,7869.0,5942,116924,22903,94021,415879,0.5
1900-01-24 23:54:15,7870.0,736063,7870.5,163373,1005795,3020,1002775,572690,0.5
1900-01-24 23:54:30,7874.5,328575,7875.0,194213,157009,56351,100658,134362,0.5
1900-01-24 23:54:45,7870.0,67178,7870.5,1294785,29538,27964,1574,-1227607,0.5
1900-01-24 23:55:00,7869.5,1180825,7870.0,59255,37692,8295,29397,1121570,0.5
1900-01-24 23:55:15,7869.5,1373287,7870.0,857929,266054,717,265337,515358,0.5
1900-01-24 23:55:30,7869.5,1293482,7870.0,801226,144653,199,144454,492256,0.5
1900-01-24 23:55:45,7869.5,1419464,7870.0,1109053,150728,7639,143089,310411,0.5
1900-01-24 23:56:00,7869.5,2678835,7870.0,133641,840343,56850,783493,2545194,0.5
1900-01-24 23:56:15,7879.0,208194,7879.5,565229,156670,61942,94728,-357035,0.5
1900-01-24 23:56:30,7872.0,161357,7875.0,263,213147,37207,175940,161094,3.0
1900-01-24 23:56:45,7869.5,852471,7870.0,52201,26998,145920,-118922,800270,0.5
1900-01-24 23:57:00,7872.0,413089,7872.5,1177,73409,66043,7366,411912,0.5
1900-01-24 23:57:15,7874.0,22996,7874.5,1207989,30429,2641,27788,-1184993,0.5
1900-01-24 23:57:30,7870.0,545536,7870.5,314947,3583,18680,-15097,230589,0.5
1900-01-24 23:57:45,7872.5,543788,7873.0,71619,30283,35171,-4888,472169,0.5
1900-01-24 23:58:00,7872.5,534204,7873.0,1289,36962,13901,23061,532915,0.5
1900-01-24 23:58:15,7873.0,421289,7873.5,235,23804,8655,15149,421054,0.5
1900-01-24 23:58:30,7874.0,30357,7874.5,1223567,14763,9277,5486,-1193210,0.5
1900-01-24 23:58:45,7873.0,632307,7873.5,131136,10383,22468,-12085,501171,0.5
1900-01-24 23:59:00,7872.0,24660,7872.5,1414255,32650,137770,-105120,-1389595,0.5
1900-01-24 23:59:15,7872.5,477130,7873.0,50976,114393,128526,-14133,426154,0.5
1900-01-24 23:59:30,7872.5,481300,7873.0,370887,40876,13864,27012,110413,0.5
1900-01-24 23:59:45,7875.0,351797,7875.5,224,85279,43700,41579,351573,0.5
1900-01-25 00:00:00,7877.5,578830,7878.5,7614,41693,1634,40059,571216,1.0
1900-01-25 00:00:15,7881.0,628416,7881.5,15263,149762,17483,132279,613153,0.5
1900-01-25 00:00:30,7883.5,380157,7884.0,521835,146071,42623,103448,-141678,0.5
1900-01-25 00:00:45,7881.0,509490,7881.5,673364,115127,90013,25114,-163874,0.5
1900-01-25 00:01:00,7880.5,241592,7881.0,562990,17192,69442,-52250,-321398,0.5
1900-01-25 00:01:15,7880.5,74967,7881.0,1200991,77808,22637,55171,-1126024,0.5
1900-01-25 00:01:30,7879.0,1621,7879.5,30806,21835,69573,-47738,-29185,0.5
1900-01-25 00:01:45,7877.0,211098,7877.5,408965,2376,64498,-62122,-197867,0.5
1900-01-25 00:02:00,7877.0,158603,7877.5,626268,17589,46129,-28540,-467665,0.5
1900-01-25 00:02:15,7877.0,105770,7877.5,1094537,7370,36182,-28812,-988767,0.5
1900-01-25 00:02:30,7871.0,143216,7871.5,665548,19468,65989,-46521,-522332,0.5
1900-01-25 00:02:45,7870.0,317951,7870.5,367920,13911,110554,-96643,-49969,0.5
1900-01-25 00:03:00,7870.0,197650,7870.5,1131801,1555,129185,-127630,-934151,0.5
1900-01-25 00:03:15,7870.0,692284,7870.5,180351,482387,48254,434133,511933,0.5
1900-01-25 00:03:30,7872.5,541311,7873.0,1099724,151389,34353,117036,-558413,0.5
1900-01-25 00:03:45,7872.5,467029,7873.0,1055384,41758,55335,-13577,-588355,0.5
1900-01-25 00:04:00,7868.0,30159,7868.5,1057184,6806,91331,-84525,-1027025,0.5
1900-01-25 00:04:15,7861.0,53982,7861.5,96425,4101,159496,-155395,-42443,0.5
1900-01-25 00:04:30,7857.5,264188,7858.0,937042,18127,619864,-601737,-672854,0.5
1900-01-25 00:04:45,7861.5,172395,7862.0,1011252,143220,246282,-103062,-838857,0.5
1900-01-25 00:05:00,7861.5,742829,7862.0,626812,45019,67126,-22107,116017,0.5
1900-01-25 00:05:15,7861.5,288325,7862.0,1536698,60670,147598,-86928,-1248373,0.5
1900-01-25 00:05:30,7857.5,18018,7858.0,299046,189998,216466,-26468,-281028,0.5
1900-01-25 00:05:45,7852.5,234244,7853.0,1088583,3633,723386,-719753,-854339,0.5
1900-01-25 00:06:00,7839.0,2,7839.5,1736750,79527,1549680,-1470153,-1736748,0.5
1900-01-25 00:06:15,7837.0,130957,7837.5,294502,501355,597266,-95911,-163545,0.5
1900-01-25 00:06:30,7832.5,257029,7833.0,403323,473720,472247,1473,-146294,0.5
1900-01-25 00:06:45,7859.5,122985,7860.0,843171,902054,79520,822534,-720186,0.5
1900-01-25 00:07:00,7849.0,676344,7849.5,383413,73610,110683,-37073,292931,0.5
1900-01-25 00:07:15,7849.0,471978,7849.5,545442,342015,120090,221925,-73464,0.5
1900-01-25 00:07:30,7849.5,1323484,7850.0,1084573,743738,49427,694311,238911,0.5
1900-01-25 00:07:45,7853.5,19997,7854.0,438341,812338,107114,705224,-418344,0.5
1900-01-25 00:08:00,7853.5,1241222,7854.0,238629,42949,38614,4335,1002593,0.5
1900-01-25 00:08:15,7856.5,1029476,7857.0,47906,308778,3349,305429,981570,0.5
1900-01-25 00:08:30,7859.5,864768,7860.0,311477,303623,18053,285570,553291,0.5
1900-01-25 00:08:45,7861.5,1081988,7862.0,24669,74614,44687,29927,1057319,0.5
1900-01-25 00:09:00,7863.0,628406,7863.5,427016,76380,4000,72380,201390,0.5
1900-01-25 00:09:15,7863.0,182356,7863.5,935814,137354,234398,-97044,-753458,0.5
1900-01-25 00:09:30,7859.5,462067,7860.0,585929,54882,88539,-33657,-123862,0.5
1900-01-25 00:09:45,7859.5,46917,7860.0,1104783,15381,54261,-38880,-1057866,0.5
1900-01-25 00:10:00,7859.5,155892,7860.0,1337278,10948,141048,-130100,-1181386,0.5
1900-01-25 00:10:15,7857.0,148549,7857.5,1280666,12368,129296,-116928,-1132117,0.5
1900-01-25 00:10:30,7854.0,40867,7854.5,1559389,1700,150959,-149259,-1518522,0.5
1900-01-25 00:10:45,7850.0,187563,7850.5,1200592,4227,43916,-39689,-1013029,0.5
1900-01-25 00:11:00,7850.0,642114,7850.5,145339,77341,26164,51177,496775,0.5
1900-01-25 00:11:15,7850.0,35849,7850.5,1292093,77732,30805,46927,-1256244,0.5
1900-01-25 00:11:30,7848.0,83530,7848.5,1009492,10065,38501,-28436,-925962,0.5
1900-01-25 00:11:45,7848.0,52226,7848.5,1250485,291,55547,-55256,-1198259,0.5
1900-01-25 00:12:00,7846.5,62507,7847.0,1402373,41174,52141,-10967,-1339866,0.5
1900-01-25 00:12:15,7844.5,15144,7845.0,1267930,150,61399,-61249,-1252786,0.5
1900-01-25 00:12:30,7841.5,10349,7842.0,1358635,502,58375,-57873,-1348286,0.5
1900-01-25 00:12:45,7841.5,553875,7842.0,47732,264558,155620,108938,506143,0.5
1900-01-25 00:13:00,7844.0,1203534,7844.5,31553,770294,18960,751334,1171981,0.5
1900-01-25 00:13:15,7849.5,666201,7850.0,497197,125790,7313,118477,169004,0.5
1900-01-25 00:13:30,7849.5,562770,7850.0,540459,96421,10785,85636,22311,0.5
1900-01-25 00:13:45,7849.5,564023,7850.0,851340,9901,13024,-3123,-287317,0.5
1900-01-25 00:14:00,7844.0,116341,7844.5,854730,4640,83671,-79031,-738389,0.5
1900-01-25 00:14:15,7844.0,644912,7844.5,210206,113422,113648,-226,434706,0.5
1900-01-25 00:14:30,7845.5,653781,7846.0,490087,51691,15334,36357,163694,0.5
1900-01-25 00:14:45,7845.5,318771,7846.0,816243,49514,110110,-60596,-497472,0.5
1900-01-25 00:15:00,7845.5,1034841,7846.0,124864,22302,39600,-17298,909977,0.5
1900-01-25 00:15:15,7845.5,1281877,7846.0,150501,45110,20018,25092,1131376,0.5
1900-01-25 00:15:30,7848.5,891476,7849.0,148426,88511,1,88510,743050,0.5
1900-01-25 00:15:45,7852.0,401248,7852.5,75302,68166,4726,63440,325946,0.5
1900-01-25 00:16:00,7858.5,939817,7859.0,106320,145724,2564,143160,833497,0.5
1900-01-25 00:16:15,7862.0,977009,7862.5,640723,373111,9836,363275,336286,0.5
1900-01-25 00:16:30,7862.0,941832,7862.5,828881,20064,16575,3489,112951,0.5
1900-01-25 00:16:45,7865.0,1154691,7865.5,153495,398646,13099,385547,1001196,0.5
1900-01-25 00:17:00,7863.5,199402,7864.0,977617,97211,223875,-126664,-778215,0.5
1900-01-25 00:17:15,7862.0,729205,7862.5,853937,16616,23776,-7160,-124732,0.5
1900-01-25 00:17:30,7862.0,248785,7862.5,965762,10689,346431,-335742,-716977,0.5
1900-01-25 00:17:45,7862.0,1138389,7862.5,359579,30887,127695,-96808,778810,0.5
1900-01-25 00:18:00,7862.0,33788,7862.5,1274432,38408,441963,-403555,-1240644,0.5
1900-01-25 00:18:15,7864.5,545574,7865.0,521764,59158,15709,43449,23810,0.5
1900-01-25 00:18:30,7866.0,1129445,7866.5,8421,97628,54650,42978,1121024,0.5
1900-01-25 00:18:45,7866.5,1576084,7867.0,131346,170523,10,170513,1444738,0.5
1900-01-25 00:19:00,7867.5,2633,7868.0,683581,227013,18148,208865,-680948,0.5
1900-01-25 00:19:15,7864.5,1694921,7865.0,261257,420460,10881,409579,1433664,0.5
1900-01-25 00:19:30,7864.5,2762623,7865.0,7787,192146,46,192100,2754836,0.5
1900-01-25 00:19:45,7870.5,43986,7871.0,1345648,62216,7034,55182,-1301662,0.5
1900-01-25 00:20:00,7867.5,339015,7868.0,633194,38667,69034,-30367,-294179,0.5
1900-01-25 00:20:15,7863.0,919660,7863.5,783294,8178,108252,-100074,136366,0.5
1900-01-25 00:20:30,7868.5,1095794,7869.0,158988,424817,22957,401860,936806,0.5
1900-01-25 00:20:45,7868.5,347587,7869.0,762977,350150,16638,333512,-415390,0.5
1900-01-25 00:21:00,7868.5,1040146,7869.0,159107,70212,6010,64202,881039,0.5
1900-01-25 00:21:15,7873.0,216217,7873.5,1213375,128471,46100,82371,-997158,0.5
1900-01-25 00:21:30,7873.0,308562,7873.5,1111122,18903,33181,-14278,-802560,0.5
1900-01-25 00:21:45,7868.5,6814038,7869.0,570845,158560,176416,-17856,6243193,0.5
1900-01-25 00:22:00,7868.5,6829754,7869.0,535446,45125,235,44890,6294308,0.5
1900-01-25 00:22:15,7868.5,11859,7869.0,1333453,50501,31671,18830,-1321594,0.5
1900-01-25 00:22:30,7868.0,26749,7868.5,1071741,12453,57694,-45241,-1044992,0.5
1900-01-25 00:22:45,7863.0,17196,7863.5,1252697,1,118900,-118899,-1235501,0.5
1900-01-25 00:23:00,7862.0,139321,7862.5,686787,1980,18484,-16504,-547466,0.5
1900-01-25 00:23:15,7859.0,14456,7859.5,856996,2282,126296,-124014,-842540,0.5
1900-01-25 00:23:30,7857.5,11307,7858.0,874569,1156,26853,-25697,-863262,0.5
1900-01-25 00:23:45,7856.0,1152082,7856.5,686118,11370,23743,-12373,465964,0.5
1900-01-25 00:24:00,7856.0,1124584,7856.5,611487,68710,27162,41548,513097,0.5
1900-01-25 00:24:15,7852.0,44190,7852.5,786189,12045,71480,-59435,-741999,0.5
1900-01-25 00:24:30,7848.0,265675,7848.5,833775,133,142317,-142184,-568100,0.5
1900-01-25 00:24:45,7848.0,476493,7848.5,1046508,15093,20482,-5389,-570015,0.5
1900-01-25 00:25:00,7849.0,449856,7849.5,492310,162344,31409,130935,-42454,0.5
1900-01-25 00:25:15,7854.0,340189,7854.5,44945,170364,7666,162698,295244,0.5
1900-01-25 00:25:30,7845.5,11506,7846.0,729307,40882,145666,-104784,-717801,0.5
1900-01-25 00:25:45,7841.0,206943,7841.5,505528,28771,424767,-395996,-298585,0.5
1900-01-25 00:26:00,7839.5,999065,7840.0,361228,252606,203020,49586,637837,0.5
1900-01-25 00:26:15,7839.5,520822,7840.0,744499,67181,28699,38482,-223677,0.5
1900-01-25 00:26:30,7835.0,612390,7835.5,326328,40551,381095,-340544,286062,0.5
1900-01-25 00:26:45,7830.0,708903,7830.5,407570,42295,281602,-239307,301333,0.5
1900-01-25 00:27:00,7836.0,11000,7836.5,249475,170948,69182,101766,-238475,0.5
1900-01-25 00:27:15,7841.5,150981,7842.0,1100279,135426,26955,108471,-949298,0.5
1900-01-25 00:27:30,7842.5,788740,7843.0,81242,40621,11747,28874,707498,0.5
1900-01-25 00:27:45,7842.5,138443,7843.0,1119710,181554,103225,78329,-981267,0.5
1900-01-25 00:28:00,7842.5,617145,7843.0,54672,103806,17385,86421,562473,0.5
1900-01-25 00:28:15,7845.0,153781,7845.5,1000079,23935,6151,17784,-846298,0.5
1900-01-25 00:28:30,7842.5,746,7843.0,1465312,7242,39131,-31889,-1464566,0.5
1900-01-25 00:28:45,7850.0,629752,7850.5,30131,366989,49108,317881,599621,0.5
1900-01-25 00:29:00,7847.5,7074,7848.0,60348,128481,179939,-51458,-53274,0.5
1900-01-25 00:29:15,7850.0,841837,7850.5,319200,49603,32289,17314,522637,0.5
1900-01-25 00:29:30,7852.0,632346,7852.5,66527,132087,9318,122769,565819,0.5
1900-01-25 00:29:45,7852.0,1004521,7852.5,387502,67039,7518,59521,617019,0.5
1900-01-25 00:30:00,7852.0,1184987,7852.5,333756,76789,4132,72657,851231,0.5
1900-01-25 00:30:15,7853.5,996603,7854.0,62054,279560,31320,248240,934549,0.5
1900-01-25 00:30:30,7858.0,1191773,7858.5,81356,74613,5601,69012,1110417,0.5
1900-01-25 00:30:45,7858.0,1086872,7858.5,372946,34321,25850,8471,713926,0.5
1900-01-25 00:31:00,7865.5,841812,7866.0,249472,230675,60584,170091,592340,0.5
1900-01-25 00:31:15,7855.0,336492,7855.5,150420,30207,51519,-21312,186072,0.5
1900-01-25 00:31:30,7862.0,1073488,7862.5,308686,77277,28076,49201,764802,0.5
1900-01-25 00:31:45,7862.0,993793,7862.5,162699,169090,1807,167283,831094,0.5
1900-01-25 00:32:00,7862.0,1432195,7862.5,5114,59553,1157,58396,1427081,0.5
1900-01-25 00:32:15,7863.0,240491,7863.5,567738,42543,13102,29441,-327247,0.5
1900-01-25 00:32:30,7861.5,30054,7862.0,980487,62219,325358,-263139,-950433,0.5
1900-01-25 00:32:45,7857.5,1251503,7858.0,155630,10722,22882,-12160,1095873,0.5
1900-01-25 00:33:00,7864.0,56056,7864.5,655778,111176,3286,107890,-599722,0.5
1900-01-25 00:33:15,7864.0,1262050,7864.5,101507,62778,11630,51148,1160543,0.5
1900-01-25 00:33:30,7864.0,211666,7864.5,628539,103829,1149,102680,-416873,0.5
1900-01-25 00:33:45,7864.0,1002472,7864.5,376303,26672,42152,-15480,626169,0.5
1900-01-25 00:34:00,7864.0,1245705,7864.5,273506,72269,13160,59109,972199,0.5
1900-01-25 00:34:15,7871.5,155333,7872.0,403748,92182,6001,86181,-248415,0.5
1900-01-25 00:34:30,7870.5,190044,7871.0,1039103,193178,35142,158036,-849059,0.5
1900-01-25 00:34:45,7870.5,885194,7871.0,1162800,4517,75742,-71225,-277606,0.5
1900-01-25 00:35:00,7870.5,1646488,7871.0,594068,19278,12160,7118,1052420,0.5
1900-01-25 00:35:15,7870.5,1294478,7871.0,321904,120063,59641,60422,972574,0.5
1900-01-25 00:35:30,7870.5,827535,7871.0,1729047,42645,25611,17034,-901512,0.5
1900-01-25 00:35:45,7870.5,116657,7871.0,1860354,17300,531853,-514553,-1743697,0.5
1900-01-25 00:36:00,7868.0,37087,7868.5,1112850,9263,59774,-50511,-1075763,0.5
1900-01-25 00:36:15,7865.5,1319147,7866.0,22441,11851,33376,-21525,1296706,0.5
1900-01-25 00:36:30,7867.0,1436372,7867.5,8447,26972,37853,-10881,1427925,0.5
1900-01-25 00:36:45,7869.5,1137105,7870.0,4987,95871,4,95867,1132118,0.5
1900-01-25 00:37:00,7869.5,319514,7870.0,897273,7152,3940,3212,-577759,0.5
1900-01-25 00:37:15,7869.5,707515,7870.0,977938,62133,4232,57901,-270423,0.5
1900-01-25 00:37:30,7869.5,802758,7870.0,613067,56198,20421,35777,189691,0.5
1900-01-25 00:37:45,7868.5,10830,7869.0,846748,945,1545,-600,-835918,0.5
1900-01-25 00:38:00,7862.0,987845,7862.5,367927,3486,26654,-23168,619918,0.5
1900-01-25 00:38:15,7862.0,1270986,7862.5,67922,54800,171131,-116331,1203064,0.5
1900-01-25 00:38:30,7866.0,961282,7866.5,112995,83946,6500,77446,848287,0.5
1900-01-25 00:38:45,7866.0,1148780,7866.5,40511,19650,450,19200,1108269,0.5
1900-01-25 00:39:00,7866.0,964983,7866.5,337339,35965,10980,24985,627644,0.5
1900-01-25 00:39:15,7866.0,30497,7866.5,1060257,7151,17230,-10079,-1029760,0.5
1900-01-25 00:39:30,7866.0,102185,7866.5,887519,200,486,-286,-785334,0.5
1900-01-25 00:39:45,7868.0,699558,7869.0,25416,98355,17452,80903,674142,1.0
1900-01-25 00:40:00,7876.0,349604,7876.5,79177,205795,5258,200537,270427,0.5
1900-01-25 00:40:15,7878.5,348654,7879.0,623675,185554,28554,157000,-275021,0.5
1900-01-25 00:40:30,7879.0,1493298,7879.5,411191,191740,149261,42479,1082107,0.5
1900-01-25 00:40:45,7879.0,117212,7879.5,1336292,173885,24855,149030,-1219080,0.5
1900-01-25 00:41:00,7879.0,1044528,7879.5,1036713,19215,12980,6235,7815,0.5
1900-01-25 00:41:15,7879.0,188658,7879.5,1167355,52732,42172,10560,-978697,0.5
1900-01-25 00:41:30,7879.0,539790,7879.5,1151091,28000,69878,-41878,-611301,0.5
1900-01-25 00:41:45,7879.0,578915,7879.5,1167221,12500,4716,7784,-588306,0.5
1900-01-25 00:42:00,7879.0,1390473,7879.5,916979,45491,28551,16940,473494,0.5
1900-01-25 00:42:15,7879.0,892745,7879.5,913987,1000,1409,-409,-21242,0.5
1900-01-25 00:42:30,7879.0,847690,7879.5,886849,3468,114246,-110778,-39159,0.5
1900-01-25 00:42:45,7878.0,4161,7878.5,745203,8450,215650,-207200,-741042,0.5
1900-01-25 00:43:00,7877.0,252246,7877.5,962773,22298,50210,-27912,-710527,0.5
1900-01-25 00:43:15,7877.0,1638256,7877.5,292846,176582,22162,154420,1345410,0.5
1900-01-25 00:43:30,7879.5,1512682,7880.0,1070,83900,20401,63499,1511612,0.5
1900-01-25 00:43:45,7882.5,745013,7883.0,562506,89296,400,88896,182507,0.5
1900-01-25 00:44:00,7881.5,502568,7882.0,728070,30614,225474,-194860,-225502,0.5
1900-01-25 00:44:15,7877.5,165158,7878.0,674348,7945,62439,-54494,-509190,0.5
1900-01-25 00:44:30,7877.0,155076,7877.5,672568,34024,162398,-128374,-517492,0.5
1900-01-25 00:44:45,7877.0,18143,7877.5,759947,7902,20188,-12286,-741804,0.5
1900-01-25 00:45:00,7874.0,1347,7874.5,692571,7227,57994,-50767,-691224,0.5
1900-01-25 00:45:15,7869.0,19659,7869.5,652802,32636,50552,-17916,-633143,0.5
1900-01-25 00:45:30,7869.0,1369965,7869.5,35556,28540,15811,12729,1334409,0.5
1900-01-25 00:45:45,7874.5,725856,7875.0,589258,41764,13311,28453,136598,0.5
1900-01-25 00:46:00,7874.5,1048862,7875.0,12966,72380,94251,-21871,1035896,0.5
1900-01-25 00:46:15,7877.5,1064434,7878.0,199339,89162,2002,87160,865095,0.5
1900-01-25 00:46:30,7877.5,1148652,7878.0,78412,56002,559,55443,1070240,0.5
1900-01-25 00:46:45,7879.5,1129390,7880.0,9014,17143,1469,15674,1120376,0.5
1900-01-25 00:47:00,7876.5,4508,7877.0,639520,10091,18993,-8902,-635012,0.5
1900-01-25 00:47:15,7876.0,783001,7876.5,144141,16270,20037,-3767,638860,0.5
1900-01-25 00:47:30,7876.0,234978,7876.5,428889,43858,31396,12462,-193911,0.5
1900-01-25 00:47:45,7874.5,17360,7875.0,989055,800,17622,-16822,-971695,0.5
1900-01-25 00:48:00,7869.5,15843,7870.0,775149,10531,81152,-70621,-759306,0.5
1900-01-25 00:48:15,7866.5,910539,7867.0,239905,5856,187919,-182063,670634,0.5
1900-01-25 00:48:30,7866.5,42201,7867.0,1116849,12227,29420,-17193,-1074648,0.5
1900-01-25 00:48:45,7863.0,625410,7863.5,245719,8987,126279,-117292,379691,0.5
1900-01-25 00:49:00,7863.0,480411,7863.5,1045987,11650,38670,-27020,-565576,0.5
1900-01-25 00:49:15,7861.0,171191,7861.5,986996,1777,154598,-152821,-815805,0.5
1900-01-25 00:49:30,7860.5,4992,7861.0,1022729,15640,208665,-193025,-1017737,0.5
1900-01-25 00:49:45,7859.5,788708,7860.0,244308,36392,53558,-17166,544400,0.5
1900-01-25 00:50:00,7859.5,265712,7860.0,843676,39109,57987,-18878,-577964,0.5
1900-01-25 00:50:15,7859.5,719027,7860.0,382737,8176,5550,2626,336290,0.5
1900-01-25 00:50:30,7866.0,271788,7866.5,4773,159491,1000,158491,267015,0.5
1900-01-25 00:50:45,7860.5,496191,7861.0,429481,20236,172028,-151792,66710,0.5
1900-01-25 00:51:00,7860.0,7857,7860.5,1265924,9700,64828,-55128,-1258067,0.5
1900-01-25 00:51:15,7859.5,58359,7860.0,839728,6200,33774,-27574,-781369,0.5
1900-01-25 00:51:30,7857.5,560986,7858.0,504463,70210,8949,61261,56523,0.5
1900-01-25 00:51:45,7857.5,605235,7858.0,247881,61020,14246,46774,357354,0.5
1900-01-25 00:52:00,7857.5,581807,7858.0,363668,4215,28563,-24348,218139,0.5
1900-01-25 00:52:15,7857.5,587342,7858.0,363317,85551,1040,84511,224025,0.5
1900-01-25 00:52:30,7857.5,694531,7858.0,198913,106399,144072,-37673,495618,0.5
1900-01-25 00:52:45,7857.5,415680,7858.0,498936,31463,12006,19457,-83256,0.5
1900-01-25 00:53:00,7857.5,626170,7858.0,430185,2750,500,2250,195985,0.5
1900-01-25 00:53:15,7855.5,131287,7856.0,1257101,979,185863,-184884,-1125814,0.5
1900-01-25 00:53:30,7853.5,121748,7854.0,1119934,1100,381777,-380677,-998186,0.5
1900-01-25 00:53:45,7853.0,509104,7853.5,266426,24345,72470,-48125,242678,0.5
1900-01-25 00:54:00,7852.5,31320,7853.0,1179707,7300,98900,-91600,-1148387,0.5
1900-01-25 00:54:15,7852.5,554097,7853.0,10544,22329,14904,7425,543553,0.5
1900-01-25 00:54:30,7856.5,542767,7857.0,42925,164082,22384,141698,499842,0.5
1900-01-25 00:54:45,7861.0,316788,7861.5,221039,71569,2540,69029,95749,0.5
1900-01-25 00:55:00,7861.0,453301,7861.5,142508,34988,30302,4686,310793,0.5
1900-01-25 00:55:15,7862.0,702345,7862.5,2778,59299,1030,58269,699567,0.5
1900-01-25 00:55:30,7866.5,462392,7867.0,30493,123138,1332,121806,431899,0.5
1900-01-25 00:55:45,7867.0,360817,7867.5,832549,27058,101,26957,-471732,0.5
1900-01-25 00:56:00,7869.5,934680,7870.0,2041,281535,4251,277284,932639,0.5
1900-01-25 00:56:15,7872.5,745241,7873.0,17071,94526,203,94323,728170,0.5
1900-01-25 00:56:30,7874.0,1101285,7874.5,63445,112032,2040,109992,1037840,0.5
1900-01-25 00:56:45,7874.5,531060,7875.0,54432,37498,20959,16539,476628,0.5
1900-01-25 00:57:00,7879.5,210785,7880.0,766640,10567,33127,-22560,-555855,0.5
1900-01-25 00:57:15,7876.5,3937,7877.0,707954,61114,55211,5903,-704017,0.5
1900-01-25 00:57:30,7876.5,239458,7877.0,816627,7944,74360,-66416,-577169,0.5
1900-01-25 00:57:45,7876.5,13945,7877.0,765084,39018,110008,-70990,-751139,0.5
1900-01-25 00:58:00,7876.5,1014719,7877.0,48076,57700,6021,51679,966643,0.5
1900-01-25 00:58:15,7877.0,92036,7877.5,1106446,53276,37224,16052,-1014410,0.5
1900-01-25 00:58:30,7877.0,817573,7877.5,445459,6498,26223,-19725,372114,0.5
1900-01-25 00:58:45,7877.0,107454,7877.5,865953,25276,24025,1251,-758499,0.5
1900-01-25 00:59:00,7876.0,758138,7876.5,385615,60798,39127,21671,372523,0.5
1900-01-25 00:59:15,7876.0,836016,7876.5,269461,22245,1201,21044,566555,0.5
1900-01-25 00:59:30,7876.0,120183,7876.5,686945,9907,2862,7045,-566762,0.5
1900-01-25 00:59:45,7876.0,1060509,7876.5,48097,7733,6643,1090,1012412,0.5
1900-01-25 01:00:00,7877.5,96261,7878.0,173921,96012,87040,8972,-77660,0.5
1900-01-25 01:00:15,7877.5,1216844,7878.0,28,85416,15087,70329,1216816,0.5
1900-01-25 01:00:30,7878.5,1198190,7879.0,72321,180850,15087,165763,1125869,0.5
1900-01-25 01:00:45,7884.0,815273,7884.5,46186,291070,1042,290028,769087,0.5
1900-01-25 01:01:00,7884.0,497085,7884.5,608927,77842,9111,68731,-111842,0.5
1900-01-25 01:01:15,7888.5,1454845,7889.0,41703,305852,17954,287898,1413142,0.5
1900-01-25 01:01:30,7898.5,172187,7899.0,109319,920933,17449,903484,62868,0.5
1900-01-25 01:01:45,7898.5,206875,7899.0,555865,205069,55054,150015,-348990,0.5
1900-01-25 01:02:00,7898.5,941355,7899.0,48391,266178,135605,130573,892964,0.5
1900-01-25 01:02:15,7899.5,1319275,7900.0,140015,417988,9241,408747,1179260,0.5
1900-01-25 01:02:30,7902.0,636159,7902.5,616614,611120,72426,538694,19545,0.5
1900-01-25 01:02:45,7900.5,1212521,7901.0,202734,89208,66012,23196,1009787,0.5
1900-01-25 01:03:00,7909.5,712341,7910.0,224716,376264,8341,367923,487625,0.5
1900-01-25 01:03:15,7909.5,846215,7910.0,761930,374451,60180,314271,84285,0.5
1900-01-25 01:03:30,7911.0,492894,7911.5,26510,233397,39689,193708,466384,0.5
1900-01-25 01:03:45,7910.0,562704,7910.5,655698,204049,350308,-146259,-92994,0.5
1900-01-25 01:04:00,7910.0,566133,7910.5,618740,211324,32792,178532,-52607,0.5
1900-01-25 01:04:15,7910.0,278450,7910.5,667251,700,184018,-183318,-388801,0.5
1900-01-25 01:04:30,7910.0,79528,7910.5,748289,19927,142235,-122308,-668761,0.5
1900-01-25 01:04:45,7910.0,1028752,7910.5,826378,1592,37688,-36096,202374,0.5
1900-01-25 01:05:00,7910.0,104243,7910.5,912283,7412,291895,-284483,-808040,0.5
1900-01-25 01:05:15,7904.0,86227,7904.5,543742,8572,203123,-194551,-457515,0.5
1900-01-25 01:05:30,7904.0,1382483,7904.5,167672,9708,121546,-111838,1214811,0.5
1900-01-25 01:05:45,7904.0,214662,7904.5,715028,29212,56128,-26916,-500366,0.5
1900-01-25 01:06:00,7902.5,94585,7903.0,1019175,5589,119602,-114013,-924590,0.5
1900-01-25 01:06:15,7900.0,48206,7900.5,727639,20020,251617,-231597,-679433,0.5
1900-01-25 01:06:30,7899.0,784271,7899.5,337374,30500,198213,-167713,446897,0.5
1900-01-25 01:06:45,7899.0,1426377,7899.5,250723,90407,89407,1000,1175654,0.5
1900-01-25 01:07:00,7904.0,778390,7904.5,30175,55188,10885,44303,748215,0.5
1900-01-25 01:07:15,7909.5,247446,7910.0,554526,42100,24671,17429,-307080,0.5
1900-01-25 01:07:30,7908.0,13233,7908.5,332626,27217,114759,-87542,-319393,0.5
1900-01-25 01:07:45,7907.5,77955,7908.0,629849,34879,52091,-17212,-551894,0.5
1900-01-25 01:08:00,7905.5,11850,7906.0,875148,23948,45009,-21061,-863298,0.5
1900-01-25 01:08:15,7905.5,84367,7906.0,884011,3512,28504,-24992,-799644,0.5
1900-01-25 01:08:30,7904.0,679527,7904.5,399153,21612,25288,-3676,280374,0.5
1900-01-25 01:08:45,7904.0,722884,7904.5,116609,69516,5212,64304,606275,0.5
1900-01-25 01:09:00,7904.0,940383,7904.5,672154,26035,11312,14723,268229,0.5
1900-01-25 01:09:15,7904.0,997717,7904.5,594203,23075,1700,21375,403514,0.5
1900-01-25 01:09:30,7904.0,918622,7904.5,534375,27540,3350,24190,384247,0.5
1900-01-25 01:09:45,7904.0,245647,7904.5,876947,4405,53703,-49298,-631300,0.5
1900-01-25 01:10:00,7904.0,941924,7904.5,388691,64632,18760,45872,553233,0.5
1900-01-25 01:10:15,7904.0,1217699,7904.5,149952,152269,13003,139266,1067747,0.5
1900-01-25 01:10:30,7905.0,1467007,7905.5,10288,47522,412,47110,1456719,0.5
1900-01-25 01:10:45,7907.0,949917,7907.5,77642,59614,25424,34190,872275,0.5
1900-01-25 01:11:00,7914.0,623774,7914.5,135075,201433,13120,188313,488699,0.5
1900-01-25 01:11:15,7910.5,269948,7912.0,28000,539119,364184,174935,241948,1.5
1900-01-25 01:11:30,7913.5,713249,7914.0,220,100045,111702,-11657,713029,0.5
1900-01-25 01:11:45,7917.5,573009,7918.0,475667,198212,51230,146982,97342,0.5
1900-01-25 01:12:00,7921.5,195135,7922.0,535446,187865,38377,149488,-340311,0.5
1900-01-25 01:12:15,7920.0,1103346,7920.5,537759,193369,150457,42912,565587,0.5
1900-01-25 01:12:30,7920.5,424604,7921.0,759891,191355,61272,130083,-335287,0.5
1900-01-25 01:12:45,7920.5,1887622,7921.0,390092,144783,32878,111905,1497530,0.5
1900-01-25 01:13:00,7920.5,1998630,7921.0,860040,75218,21691,53527,1138590,0.5
1900-01-25 01:13:15,7920.5,1228585,7921.0,381468,90206,19181,71025,847117,0.5
1900-01-25 01:13:30,7920.5,1027227,7921.0,734588,12002,109000,-96998,292639,0.5
1900-01-25 01:13:45,7920.5,898625,7921.0,1089772,19244,69632,-50388,-191147,0.5
1900-01-25 01:14:00,7920.5,427454,7921.0,1245887,3402,127073,-123671,-818433,0.5
1900-01-25 01:14:15,7916.0,506529,7916.5,530609,28834,226492,-197658,-24080,0.5
1900-01-25 01:14:30,7918.0,1309030,7918.5,229055,43616,46469,-2853,1079975,0.5
1900-01-25 01:14:45,7921.0,507045,7922.0,24999,398458,23750,374708,482046,1.0
1900-01-25 01:15:00,7937.5,102798,7938.0,8846,401336,12223,389113,93952,0.5
1900-01-25 01:15:15,7925.0,3000,7925.5,2068,125835,532670,-406835,932,0.5
1900-01-25 01:15:30,7928.5,1147832,7929.0,617018,133563,3588,129975,530814,0.5
1900-01-25 01:15:45,7929.5,43852,7930.0,1004668,38019,64920,-26901,-960816,0.5
1900-01-25 01:16:00,7926.0,26801,7926.5,831983,5533,579569,-574036,-805182,0.5
1900-01-25 01:16:15,7926.0,31122,7926.5,1325460,22074,86784,-64710,-1294338,0.5
1900-01-25 01:16:30,7925.5,13449,7926.0,1225807,3354,99922,-96568,-1212358,0.5
1900-01-25 01:16:45,7919.0,67416,7919.5,1041778,18466,222470,-204004,-974362,0.5
1900-01-25 01:17:00,7918.5,57496,7919.0,1591948,113811,156718,-42907,-1534452,0.5
1900-01-25 01:17:15,7916.0,56257,7916.5,1285573,3670,165165,-161495,-1229316,0.5
1900-01-25 01:17:30,7913.0,216804,7913.5,939255,12376,165989,-153613,-722451,0.5
1900-01-25 01:17:45,7912.5,100615,7913.0,1539620,54405,165024,-110619,-1439005,0.5
1900-01-25 01:18:00,7912.5,150268,7913.0,975013,200,92175,-91975,-824745,0.5
1900-01-25 01:18:15,7912.5,448414,7913.0,632207,6311,19913,-13602,-183793,0.5
1900-01-25 01:18:30,7913.0,483596,7913.5,4908,30724,13708,17016,478688,0.5
1900-01-25 01:18:45,7916.0,463488,7916.5,178436,40339,3028,37311,285052,0.5
1900-01-25 01:19:00,7916.5,821080,7917.0,35201,13488,102065,-88577,785879,0.5
1900-01-25 01:19:15,7919.0,305208,7919.5,850066,46616,6171,40445,-544858,0.5
1900-01-25 01:19:30,7919.5,395621,7920.0,828047,36960,16709,20251,-432426,0.5
1900-01-25 01:19:45,7917.5,139503,7918.0,198794,9773,13344,-3571,-59291,0.5
1900-01-25 01:20:00,7916.0,859988,7916.5,451498,2211,41871,-39660,408490,0.5
1900-01-25 01:20:15,7916.0,798624,7916.5,1356632,7054,52162,-45108,-558008,0.5
1900-01-25 01:20:30,7916.0,650809,7916.5,1119773,1600,23120,-21520,-468964,0.5
1900-01-25 01:20:45,7916.0,239542,7916.5,1524183,36607,503613,-467006,-1284641,0.5
1900-01-25 01:21:00,7914.0,160160,7914.5,1323608,3500,105546,-102046,-1163448,0.5
1900-01-25 01:21:15,7913.5,459305,7914.0,549835,181975,130709,51266,-90530,0.5
1900-01-25 01:21:30,7913.5,412108,7914.0,558813,20444,110749,-90305,-146705,0.5
1900-01-25 01:21:45,7913.5,171275,7914.0,1389216,21907,46173,-24266,-1217941,0.5
1900-01-25 01:22:00,7911.5,343262,7912.0,605729,750,108210,-107460,-262467,0.5
1900-01-25 01:22:15,7911.5,44211,7912.0,1173157,142,83035,-82893,-1128946,0.5
1900-01-25 01:22:30,7911.0,3207,7911.5,1451435,40786,21053,19733,-1448228,0.5
1900-01-25 01:22:45,7910.0,709590,7910.5,742199,7870,15485,-7615,-32609,0.5
1900-01-25 01:23:00,7910.0,250740,7910.5,1508119,36192,266825,-230633,-1257379,0.5
1900-01-25 01:23:15,7910.0,290170,7910.5,731728,36192,42095,-5903,-441558,0.5
1900-01-25 01:23:30,7905.5,239593,7906.0,1015841,100,300597,-300497,-776248,0.5
1900-01-25 01:23:45,7904.0,372729,7904.5,1534732,811,167960,-167149,-1162003,0.5
1900-01-25 01:24:00,7904.0,73315,7904.5,1761464,3181,284094,-280913,-1688149,0.5
1900-01-25 01:24:15,7900.5,26468,7901.0,1443493,2520,155061,-152541,-1417025,0.5
1900-01-25 01:24:30,7900.0,357639,7900.5,1395889,63532,110910,-47378,-1038250,0.5
1900-01-25 01:24:45,7900.0,24605,7900.5,1937751,3600,112581,-108981,-1913146,0.5
1900-01-25 01:25:00,7898.5,80712,7899.0,1177132,1720,35372,-33652,-1096420,0.5
1900-01-25 01:25:15,7898.5,210049,7899.0,1386587,5802,41264,-35462,-1176538,0.5
1900-01-25 01:25:30,7898.5,35762,7899.0,1592855,4370,28145,-23775,-1557093,0.5
1900-01-25 01:25:45,7898.0,59454,7898.5,1628522,26397,47081,-20684,-1569068,0.5
1900-01-25 01:26:00,7891.0,644959,7891.5,803947,11172,737159,-725987,-158988,0.5
1900-01-25 01:26:15,7896.0,244723,7896.5,1089978,99879,78406,21473,-845255,0.5
1900-01-25 01:26:30,7896.0,17390,7896.5,1179512,29667,104118,-74451,-1162122,0.5
1900-01-25 01:26:45,7895.5,113715,7896.0,522731,1039,57662,-56623,-409016,0.5
1900-01-25 01:27:00,7895.5,305137,7896.0,210746,22307,9060,13247,94391,0.5
1900-01-25 01:27:15,7898.0,466924,7898.5,326103,163606,6009,157597,140821,0.5
1900-01-25 01:27:30,7898.0,407662,7898.5,967273,13879,920,12959,-559611,0.5
1900-01-25 01:27:45,7898.0,198289,7898.5,1038703,86901,61284,25617,-840414,0.5
1900-01-25 01:28:00,7898.0,313977,7898.5,391009,12700,32664,-19964,-77032,0.5
1900-01-25 01:28:15,7898.0,384849,7898.5,424306,27097,20,27077,-39457,0.5
1900-01-25 01:28:30,7904.5,521933,7905.0,8494,204213,3361,200852,513439,0.5
1900-01-25 01:28:45,7906.0,319777,7906.5,635259,35118,47103,-11985,-315482,0.5
1900-01-25 01:29:00,7906.0,462276,7906.5,156610,72600,14311,58289,305666,0.5
1900-01-25 01:29:15,7906.0,904060,7906.5,792476,31360,1039,30321,111584,0.5
1900-01-25 01:29:30,7909.5,325099,7910.0,829003,90899,1100,89799,-503904,0.5
1900-01-25 01:29:45,7909.5,420673,7910.0,278516,92413,16348,76065,142157,0.5
1900-01-25 01:30:00,7909.5,15644,7910.0,1419563,4206,50671,-46465,-1403919,0.5
1900-01-25 01:30:15,7908.5,22,7909.0,729900,1500,16065,-14565,-729878,0.5
1900-01-25 01:30:30,7907.5,165397,7908.0,1145724,6630,83046,-76416,-980327,0.5
1900-01-25 01:30:45,7906.5,33842,7907.0,1334623,197,17608,-17411,-1300781,0.5
1900-01-25 01:31:00,7906.0,64828,7906.5,1224188,3083,7444,-4361,-1159360,0.5
1900-01-25 01:31:15,7906.0,24329,7906.5,1434799,3083,39244,-36161,-1410470,0.5
1900-01-25 01:31:30,7905.5,125295,7906.0,1307179,600,18311,-17711,-1181884,0.5
1900-01-25 01:31:45,7905.5,128394,7906.0,1378074,17,4238,-4221,-1249680,0.5
1900-01-25 01:32:00,7905.5,527891,7906.0,382898,50985,31691,19294,144993,0.5
1900-01-25 01:32:15,7905.5,640583,7906.0,298768,27541,4001,23540,341815,0.5
1900-01-25 01:32:30,7905.5,697338,7906.0,128681,32753,6984,25769,568657,0.5
1900-01-25 01:32:45,7909.0,614237,7909.5,626028,122080,4080,118000,-11791,0.5
1900-01-25 01:33:00,7909.0,206239,7909.5,1038164,32404,9489,22915,-831925,0.5
1900-01-25 01:33:15,7906.5,16204,7907.0,1149338,850,166901,-166051,-1133134,0.5
1900-01-25 01:33:30,7906.0,412281,7906.5,435168,13869,5566,8303,-22887,0.5
1900-01-25 01:33:45,7906.0,646638,7906.5,79271,15084,3662,11422,567367,0.5
1900-01-25 01:34:00,7906.0,335109,7906.5,1139827,9071,42289,-33218,-804718,0.5
1900-01-25 01:34:15,7906.0,740066,7906.5,197727,9176,7869,1307,542339,0.5
1900-01-25 01:34:30,7907.0,1311669,7907.5,3072,45029,555,44474,1308597,0.5
1900-01-25 01:34:45,7907.5,1229348,7908.0,31134,38117,44905,-6788,1198214,0.5
1900-01-25 01:35:00,7909.0,1126244,7909.5,39663,55417,44905,10512,1086581,0.5
1900-01-25 01:35:15,7910.5,930892,7911.0,578888,104695,100628,4067,352004,0.5
1900-01-25 01:35:30,7911.5,1233610,7912.0,35640,65849,100,65749,1197970,0.5
1900-01-25 01:35:45,7914.5,797083,7915.0,2192,66088,600,65488,794891,0.5
1900-01-25 01:36:00,7916.5,445023,7917.0,1205409,130239,5552,124687,-760386,0.5
1900-01-25 01:36:15,7916.5,590819,7917.0,883712,30994,2600,28394,-292893,0.5
1900-01-25 01:36:30,7917.0,1713221,7917.5,87693,74707,2600,72107,1625528,0.5
1900-01-25 01:36:45,7919.5,414388,7920.0,701679,108569,5600,102969,-287291,0.5
1900-01-25 01:37:00,7919.5,1362030,7920.0,289275,70762,12340,58422,1072755,0.5
1900-01-25 01:37:15,7919.5,976354,7920.0,1009570,12977,7854,5123,-33216,0.5
1900-01-25 01:37:30,7912.5,159886,7913.0,542521,12591,227877,-215286,-382635,0.5
1900-01-25 01:37:45,7912.5,1686406,7913.0,20747,23295,99423,-76128,1665659,0.5
1900-01-25 01:38:00,7915.0,1736222,7915.5,30949,7985,9613,-1628,1705273,0.5
1900-01-25 01:38:15,7918.5,208482,7919.0,748012,36994,2,36992,-539530,0.5
1900-01-25 01:38:30,7918.5,57037,7919.0,847629,21602,13679,7923,-790592,0.5
1900-01-25 01:38:45,7918.5,679731,7919.0,474662,36340,23701,12639,205069,0.5
1900-01-25 01:39:00,7918.5,13100,7919.0,863555,2294,135757,-133463,-850455,0.5
1900-01-25 01:39:15,7915.0,30200,7916.5,757827,21882,31981,-10099,-727627,1.5
1900-01-25 01:39:30,7913.0,83257,7913.5,583265,6463,25888,-19425,-500008,0.5
1900-01-25 01:39:45,7913.0,1037350,7913.5,154640,6187,36758,-30571,882710,0.5
1900-01-25 01:40:00,7913.0,1768397,7913.5,142517,9424,1388,8036,1625880,0.5
1900-01-25 01:40:15,7913.0,1418164,7913.5,278862,27455,3286,24169,1139302,0.5
1900-01-25 01:40:30,7913.0,574990,7913.5,572753,51974,52500,-526,2237,0.5
1900-01-25 01:40:45,7913.0,1124742,7913.5,215457,36550,2025,34525,909285,0.5
1900-01-25 01:41:00,7910.0,11102,7910.5,737118,1600,58858,-57258,-726016,0.5
1900-01-25 01:41:15,7909.5,711326,7910.0,392833,59624,199737,-140113,318493,0.5
1900-01-25 01:41:30,7908.0,147005,7908.5,1014124,2940,70820,-67880,-867119,0.5
1900-01-25 01:41:45,7905.0,122594,7905.5,1211679,3013,159228,-156215,-1089085,0.5
1900-01-25 01:42:00,7899.0,38622,7899.5,1070527,26519,166620,-140101,-1031905,0.5
1900-01-25 01:42:15,7896.0,198768,7896.5,1197240,35262,37411,-2149,-998472,0.5
1900-01-25 01:42:30,7894.0,14826,7894.5,932678,4047,166736,-162689,-917852,0.5
1900-01-25 01:42:45,7893.0,177217,7893.5,515305,15856,149399,-133543,-338088,0.5
1900-01-25 01:43:00,7892.0,28116,7892.5,1103713,13895,97591,-83696,-1075597,0.5
1900-01-25 01:43:15,7888.0,112684,7888.5,1191105,1250,183928,-182678,-1078421,0.5
1900-01-25 01:43:30,7889.0,127338,7889.5,1086153,208431,108883,99548,-958815,0.5
1900-01-25 01:43:45,7888.0,10529,7888.5,1549468,53846,108882,-55036,-1538939,0.5
1900-01-25 01:44:00,7888.0,102118,7888.5,1018159,1411,13972,-12561,-916041,0.5
1900-01-25 01:44:15,7888.0,70396,7888.5,1140874,15886,44953,-29067,-1070478,0.5
1900-01-25 01:44:30,7887.5,27611,7888.0,1121798,28005,23658,4347,-1094187,0.5
1900-01-25 01:44:45,7887.5,74640,7888.0,1031075,9681,51769,-42088,-956435,0.5
1900-01-25 01:45:00,7887.5,417074,7888.0,684667,11202,52355,-41153,-267593,0.5
1900-01-25 01:45:15,7887.5,260724,7888.0,789558,89200,8596,80604,-528834,0.5
1900-01-25 01:45:30,7889.0,172993,7889.5,690018,48459,20045,28414,-517025,0.5
1900-01-25 01:45:45,7889.0,76405,7889.5,1184640,55730,18022,37708,-1108235,0.5
1900-01-25 01:46:00,7887.5,87726,7888.0,1396961,11210,54679,-43469,-1309235,0.5
1900-01-25 01:46:15,7887.5,91001,7888.0,1206507,1000,19371,-18371,-1115506,0.5
1900-01-25 01:46:30,7887.5,101626,7888.0,1141495,54746,21730,33016,-1039869,0.5
1900-01-25 01:46:45,7887.0,255347,7887.5,1176121,15213,56919,-41706,-920774,0.5
1900-01-25 01:47:00,7885.5,164040,7886.0,933843,3180,69369,-66189,-769803,0.5
1900-01-25 01:47:15,7885.0,125845,7885.5,1290269,623,230423,-229800,-1164424,0.5
1900-01-25 01:47:30,7883.0,161370,7883.5,1261556,577,102958,-102381,-1100186,0.5
1900-01-25 01:47:45,7883.0,721640,7883.5,401555,17106,107748,-90642,320085,0.5
1900-01-25 01:48:00,7883.0,726241,7883.5,345209,12198,24771,-12573,381032,0.5
1900-01-25 01:48:15,7883.0,118210,7883.5,753830,32027,54371,-22344,-635620,0.5
1900-01-25 01:48:30,7883.0,320265,7883.5,529641,40325,25396,14929,-209376,0.5
1900-01-25 01:48:45,7883.0,536965,7883.5,261705,50969,4634,46335,275260,0.5
1900-01-25 01:49:00,7883.0,573365,7883.5,497863,10236,3725,6511,75502,0.5
1900-01-25 01:49:15,7883.0,421431,7883.5,579241,8100,3494,4606,-157810,0.5
1900-01-25 01:49:30,7883.0,194393,7883.5,786837,10300,34345,-24045,-592444,0.5
1900-01-25 01:49:45,7883.0,490861,7883.5,490242,1300,19616,-18316,619,0.5
1900-01-25 01:50:00,7883.0,68658,7883.5,1274836,25753,57769,-32016,-1206178,0.5
1900-01-25 01:50:15,7883.0,246384,7883.5,517417,60001,7771,52230,-271033,0.5
1900-01-25 01:50:30,7883.0,177634,7883.5,573914,2246,124329,-122083,-396280,0.5
1900-01-25 01:50:45,7883.0,281263,7883.5,751496,197,10800,-10603,-470233,0.5
1900-01-25 01:51:00,7883.0,123270,7883.5,734819,11000,24150,-13150,-611549,0.5
1900-01-25 01:51:15,7883.0,52162,7883.5,1016960,11000,20697,-9697,-964798,0.5
1900-01-25 01:51:30,7883.0,36178,7883.5,1296776,810,19993,-19183,-1260598,0.5
1900-01-25 01:51:45,7882.0,242168,7882.5,1353924,116,72534,-72418,-1111756,0.5
1900-01-25 01:52:00,7881.5,14503,7882.0,1176000,116,51069,-50953,-1161497,0.5
1900-01-25 01:52:15,7881.0,129919,7881.5,1421085,725,24506,-23781,-1291166,0.5
1900-01-25 01:52:30,7877.5,19527,7878.0,1421973,1150,147038,-145888,-1402446,0.5
1900-01-25 01:52:45,7871.0,473849,7871.5,5723942,6106,157550,-151444,-5250093,0.5
1900-01-25 01:53:00,7870.0,91292,7870.5,1287365,3994,256819,-252825,-1196073,0.5
1900-01-25 01:53:15,7868.0,302656,7868.5,859010,1199,184008,-182809,-556354,0.5
1900-01-25 01:53:30,7876.5,387628,7877.0,559390,109019,97703,11316,-171762,0.5
1900-01-25 01:53:45,7871.5,506796,7872.0,220193,48245,163365,-115120,286603,0.5
1900-01-25 01:54:00,7879.0,413807,7879.5,69709,172677,43405,129272,344098,0.5
1900-01-25 01:54:15,7879.5,1666806,7880.0,25920,47052,61119,-14067,1640886,0.5
1900-01-25 01:54:30,7887.5,560015,7888.0,24318,113806,1500,112306,535697,0.5
1900-01-25 01:54:45,7886.5,33367,7887.0,733377,109451,23632,85819,-700010,0.5
1900-01-25 01:55:00,7885.5,240312,7886.0,909401,8538,18614,-10076,-669089,0.5
1900-01-25 01:55:15,7885.5,684388,7886.0,322036,37866,13225,24641,362352,0.5
1900-01-25 01:55:30,7885.5,764539,7886.0,700442,52764,22060,30704,64097,0.5
1900-01-25 01:55:45,7885.5,890505,7886.0,89693,35826,13000,22826,800812,0.5
1900-01-25 01:56:00,7887.5,1057601,7888.0,98056,247338,31044,216294,959545,0.5
1900-01-25 01:56:15,7888.5,862120,7889.0,10869,67576,1,67575,851251,0.5
1900-01-25 01:56:30,7889.0,287992,7889.5,265927,112823,12188,100635,22065,0.5
1900-01-25 01:56:45,7889.0,418437,7889.5,247346,23316,6307,17009,171091,0.5
1900-01-25 01:57:00,7889.0,73912,7889.5,1011297,4083,17591,-13508,-937385,0.5
1900-01-25 01:57:15,7885.5,65737,7886.0,803899,21861,40350,-18489,-738162,0.5
1900-01-25 01:57:30,7864.0,192439,7864.5,746403,43469,661598,-618129,-553964,0.5
1900-01-25 01:57:45,7862.0,282168,7862.5,198607,125192,427302,-302110,83561,0.5
1900-01-25 01:58:00,7860.0,220850,7860.5,443941,289762,224817,64945,-223091,0.5
1900-01-25 01:58:15,7856.5,85375,7857.0,639838,73815,196622,-122807,-554463,0.5
1900-01-25 01:58:30,7849.0,56441,7849.5,1342956,86773,1398353,-1311580,-1286515,0.5
1900-01-25 01:58:45,7856.0,387125,7856.5,229988,408925,407452,1473,157137,0.5
1900-01-25 01:59:00,7856.0,414186,7856.5,187111,168649,29529,139120,227075,0.5
1900-01-25 01:59:15,7858.5,92959,7859.0,1030603,132453,98920,33533,-937644,0.5
1900-01-25 01:59:30,7855.0,77032,7855.5,904740,64774,60698,4076,-827708,0.5
1900-01-25 01:59:45,7852.0,395775,7852.5,509161,33776,147947,-114171,-113386,0.5
1900-01-25 02:00:00,7855.5,236390,7856.0,22164,223087,33737,189350,214226,0.5
1900-01-25 02:00:15,7860.0,822832,7860.5,63048,34174,7435,26739,759784,0.5
1900-01-25 02:00:30,7861.0,459251,7861.5,175990,336992,19894,317098,283261,0.5
1900-01-25 02:00:45,7863.5,725029,7864.0,27685,178109,7983,170126,697344,0.5
1900-01-25 02:01:00,7867.5,152494,7868.0,896668,149269,41028,108241,-744174,0.5
1900-01-25 02:01:15,7870.0,286309,7870.5,1050132,58239,32531,25708,-763823,0.5
1900-01-25 02:01:30,7862.5,28828,7863.0,574813,70218,50325,19893,-545985,0.5
1900-01-25 02:01:45,7859.5,10926,7860.0,1484610,26543,88060,-61517,-1473684,0.5
1900-01-25 02:02:00,7863.0,346622,7863.5,74541,144672,158002,-13330,272081,0.5
1900-01-25 02:02:15,7863.0,134703,7863.5,548419,40426,30094,10332,-413716,0.5
1900-01-25 02:02:30,7863.0,721370,7863.5,49563,49941,2000,47941,671807,0.5
1900-01-25 02:02:45,7862.5,32452,7863.0,824835,46391,41832,4559,-792383,0.5
1900-01-25 02:03:00,7859.0,81193,7859.5,1291363,13614,77844,-64230,-1210170,0.5
1900-01-25 02:03:15,7862.5,153873,7863.0,1036657,94289,18550,75739,-882784,0.5
1900-01-25 02:03:30,7862.5,620423,7863.0,435933,12815,22000,-9185,184490,0.5
1900-01-25 02:03:45,7862.5,504687,7863.0,660524,12200,17843,-5643,-155837,0.5
1900-01-25 02:04:00,7863.5,933909,7864.0,23347,402759,6051,396708,910562,0.5
1900-01-25 02:04:15,7866.5,528398,7867.0,609108,35618,150,35468,-80710,0.5
1900-01-25 02:04:30,7866.5,29855,7867.0,2073157,8496,16045,-7549,-2043302,0.5
1900-01-25 02:04:45,7863.0,652607,7863.5,106637,66831,39416,27415,545970,0.5
1900-01-25 02:05:00,7863.0,315728,7863.5,1218484,14614,12476,2138,-902756,0.5
1900-01-25 02:05:15,7863.0,641805,7863.5,751158,200251,62048,138203,-109353,0.5
1900-01-25 02:05:30,7863.5,692480,7864.0,62138,68785,130730,-61945,630342,0.5
1900-01-25 02:05:45,7865.0,378078,7865.5,749243,34215,29,34186,-371165,0.5
1900-01-25 02:06:00,7865.0,721034,7865.5,872170,10530,17029,-6499,-151136,0.5
1900-01-25 02:06:15,7865.0,215760,7865.5,1207103,990,86547,-85557,-991343,0.5
1900-01-25 02:06:30,7860.0,81898,7860.5,1272603,38746,281575,-242829,-1190705,0.5
1900-01-25 02:06:45,7855.5,73935,7856.0,467135,11136,135454,-124318,-393200,0.5
1900-01-25 02:07:00,7854.0,316806,7854.5,797889,11224,42346,-31122,-481083,0.5
1900-01-25 02:07:15,7854.0,518747,7854.5,354049,24313,14895,9418,164698,0.5
1900-01-25 02:07:30,7854.0,713355,7854.5,298333,5367,200,5167,415022,0.5
1900-01-25 02:07:45,7854.0,240963,7854.5,1136398,15836,125965,-110129,-895435,0.5
1900-01-25 02:08:00,7852.0,16255,7852.5,1169772,5424,31791,-26367,-1153517,0.5
1900-01-25 02:08:15,7851.0,439798,7851.5,384374,29163,32429,-3266,55424,0.5
1900-01-25 02:08:30,7851.0,191682,7851.5,619049,20040,41878,-21838,-427367,0.5
1900-01-25 02:08:45,7851.0,656691,7851.5,226045,124880,37331,87549,430646,0.5
1900-01-25 02:09:00,7851.5,586736,7852.0,7811,99796,17795,82001,578925,0.5
1900-01-25 02:09:15,7854.0,608091,7854.5,197999,17256,9974,7282,410092,0.5
1900-01-25 02:09:30,7854.0,720907,7854.5,136995,123519,1000,122519,583912,0.5
1900-01-25 02:09:45,7854.0,814401,7854.5,208445,14080,1010,13070,605956,0.5
1900-01-25 02:10:00,7854.0,189265,7854.5,1410646,26272,108623,-82351,-1221381,0.5
1900-01-25 02:10:15,7854.0,131948,7854.5,869668,259,21506,-21247,-737720,0.5
1900-01-25 02:10:30,7854.0,359021,7854.5,821077,709,24601,-23892,-462056,0.5
1900-01-25 02:10:45,7854.0,459858,7854.5,587156,20040,20825,-785,-127298,0.5
1900-01-25 02:11:00,7854.0,441990,7854.5,641718,20520,51209,-30689,-199728,0.5
1900-01-25 02:11:15,7854.0,496340,7854.5,509882,19423,10600,8823,-13542,0.5
1900-01-25 02:11:30,7854.0,491361,7854.5,516249,7139,650,6489,-24888,0.5
1900-01-25 02:11:45,7855.0,1047242,7855.5,21158,119468,650,118818,1026084,0.5
1900-01-25 02:12:00,7856.5,473093,7857.0,613115,36673,985,35688,-140022,0.5
1900-01-25 02:12:15,7856.5,609087,7857.0,152521,129085,2622,126463,456566,0.5
1900-01-25 02:12:30,7859.5,335935,7860.0,853792,35273,1,35272,-517857,0.5
1900-01-25 02:12:45,7861.5,487350,7862.0,26275,59664,1,59663,461075,0.5
1900-01-25 02:13:00,7871.5,818080,7872.0,1417,221678,36220,185458,816663,0.5
1900-01-25 02:13:15,7873.0,16383,7873.5,1082801,248014,116426,131588,-1066418,0.5
1900-01-25 02:13:30,7872.0,104497,7872.5,900465,7664,197039,-189375,-795968,0.5
1900-01-25 02:13:45,7869.0,1105666,7869.5,65547,23449,43983,-20534,1040119,0.5
1900-01-25 02:14:00,7869.0,1158399,7869.5,111051,63018,4130,58888,1047348,0.5
1900-01-25 02:14:15,7869.0,1869854,7869.5,1258,28627,1350,27277,1868596,0.5
1900-01-25 02:14:30,7869.0,1883813,7869.5,4022,8458,1728,6730,1879791,0.5
1900-01-25 02:14:45,7869.5,1749733,7870.0,9021,25866,16,25850,1740712,0.5
1900-01-25 02:15:00,7870.5,1434316,7871.0,55305,14440,1410,13030,1379011,0.5
1900-01-25 02:15:15,7871.5,1703891,7872.0,86030,29217,1178,28039,1617861,0.5
1900-01-25 02:15:30,7872.5,1374775,7873.0,58855,23931,700,23231,1315920,0.5
1900-01-25 02:15:45,7872.5,1258959,7873.0,94100,29836,700,29136,1164859,0.5
1900-01-25 02:16:00,7870.5,25853,7871.0,183734,3987,216927,-212940,-157881,0.5
1900-01-25 02:16:15,7868.0,27812,7868.5,818797,20055,115615,-95560,-790985,0.5
1900-01-25 02:16:30,7867.0,1052986,7867.5,415976,101243,4902,96341,637010,0.5
1900-01-25 02:16:45,7867.0,966083,7867.5,206572,136018,19955,116063,759511,0.5
1900-01-25 02:17:00,7867.0,956301,7867.5,422659,57136,24824,32312,533642,0.5
1900-01-25 02:17:15,7867.0,979179,7867.5,642390,3222,22543,-19321,336789,0.5
1900-01-25 02:17:30,7867.0,294815,7867.5,952731,9104,2060,7044,-657916,0.5
1900-01-25 02:17:45,7866.5,50386,7867.0,919688,3102,103273,-100171,-869302,0.5
1900-01-25 02:18:00,7864.0,8673,7864.5,1274871,6402,109336,-102934,-1266198,0.5
1900-01-25 02:18:15,7863.0,826378,7863.5,660433,1493,16597,-15104,165945,0.5
1900-01-25 02:18:30,7863.0,395517,7863.5,619104,2176,67107,-64931,-223587,0.5
1900-01-25 02:18:45,7861.0,93572,7861.5,1018787,2176,165707,-163531,-925215,0.5
1900-01-25 02:19:00,7859.5,837244,7860.0,470234,2715,34327,-31612,367010,0.5
1900-01-25 02:19:15,7859.5,829696,7860.0,680521,20098,15942,4156,149175,0.5
1900-01-25 02:19:30,7859.5,471916,7860.0,777641,2731,163079,-160348,-305725,0.5
1900-01-25 02:19:45,7859.0,83670,7859.5,1214409,100,239507,-239407,-1130739,0.5
1900-01-25 02:20:00,7856.0,72070,7856.5,943276,19170,71478,-52308,-871206,0.5
1900-01-25 02:20:15,7853.0,514754,7853.5,167995,71899,57139,14760,346759,0.5
1900-01-25 02:20:30,7855.0,244384,7855.5,705907,135954,1389,134565,-461523,0.5
1900-01-25 02:20:45,7855.5,556672,7856.0,512436,64073,7625,56448,44236,0.5
1900-01-25 02:21:00,7855.5,620029,7856.0,417136,13911,25590,-11679,202893,0.5
1900-01-25 02:21:15,7855.5,413948,7856.0,429746,97372,68249,29123,-15798,0.5
1900-01-25 02:21:30,7855.5,385219,7856.0,655144,1077,52940,-51863,-269925,0.5
1900-01-25 02:21:45,7855.5,689294,7856.0,77841,3929,69626,-65697,611453,0.5
1900-01-25 02:22:00,7855.5,529398,7856.0,82187,21321,69626,-48305,447211,0.5
1900-01-25 02:22:15,7856.0,631221,7856.5,141590,28325,1000,27325,489631,0.5
1900-01-25 02:22:30,7856.0,624233,7856.5,222360,80241,13949,66292,401873,0.5
1900-01-25 02:22:45,7856.0,467414,7856.5,1349371,9165,14062,-4897,-881957,0.5
1900-01-25 02:23:00,7855.5,231983,7856.0,900544,2015,9336,-7321,-668561,0.5
1900-01-25 02:23:15,7854.5,25052,7855.0,1271200,3519,90221,-86702,-1246148,0.5
1900-01-25 02:23:30,7853.0,310285,7853.5,873441,465,48662,-48197,-563156,0.5
1900-01-25 02:23:45,7853.0,562237,7853.5,631698,69633,20295,49338,-69461,0.5
1900-01-25 02:24:00,7853.0,110671,7853.5,1383969,130,98965,-98835,-1273298,0.5
1900-01-25 02:24:15,7852.0,543108,7852.5,338947,1059,63083,-62024,204161,0.5
1900-01-25 02:24:30,7848.5,40107,7849.0,621477,26290,195433,-169143,-581370,0.5
1900-01-25 02:24:45,7851.5,565415,7852.0,6562,174033,110971,63062,558853,0.5
1900-01-25 02:25:00,7851.5,344932,7852.0,1213725,13271,3291,9980,-868793,0.5
1900-01-25 02:25:15,7851.5,42156,7852.0,2179705,4417,40688,-36271,-2137549,0.5
1900-01-25 02:25:30,7848.0,131162,7848.5,603769,100296,152598,-52302,-472607,0.5
1900-01-25 02:25:45,7845.0,118977,7845.5,88097,35354,190059,-154705,30880,0.5
1900-01-25 02:26:00,7848.5,380919,7849.0,251041,16184,97689,-81505,129878,0.5
1900-01-25 02:26:15,7848.5,404285,7849.0,2778,155670,2481,153189,401507,0.5
1900-01-25 02:26:30,7849.0,574640,7849.5,171770,18722,4250,14472,402870,0.5
1900-01-25 02:26:45,7854.5,492607,7855.0,34901,403715,2150,401565,457706,0.5
1900-01-25 02:27:00,7854.5,48956,7855.0,1163790,26719,150993,-124274,-1114834,0.5
1900-01-25 02:27:15,7856.5,431131,7857.0,6004,37305,31285,6020,425127,0.5
1900-01-25 02:27:30,7858.0,398721,7858.5,45593,20740,14000,6740,353128,0.5
1900-01-25 02:27:45,7858.0,404471,7858.5,356460,24098,4609,19489,48011,0.5
1900-01-25 02:28:00,7858.0,472465,7858.5,5304,388592,840,387752,467161,0.5
1900-01-25 02:28:15,7861.0,436299,7861.5,103,49063,60,49003,436196,0.5
1900-01-25 02:28:30,7861.5,382234,7862.0,85837,414822,688,414134,296397,0.5
1900-01-25 02:28:45,7862.0,901708,7862.5,11728,21210,688,20522,889980,0.5
1900-01-25 02:29:00,7862.0,528313,7862.5,141934,51946,72547,-20601,386379,0.5
1900-01-25 02:29:15,7862.0,345059,7862.5,866199,15172,2560,12612,-521140,0.5
1900-01-25 02:29:30,7862.0,258385,7862.5,992827,12281,68950,-56669,-734442,0.5
1900-01-25 02:29:45,7862.0,370706,7862.5,901685,24231,21986,2245,-530979,0.5
1900-01-25 02:30:00,7862.0,1438881,7862.5,663281,1193,2860,-1667,775600,0.5
1900-01-25 02:30:15,7863.0,664883,7863.5,446456,179529,3834,175695,218427,0.5
1900-01-25 02:30:30,7863.0,723239,7863.5,383327,90142,1,90141,339912,0.5
1900-01-25 02:30:45,7863.0,778979,7863.5,305544,75013,60,74953,473435,0.5
1900-01-25 02:31:00,7863.0,683782,7863.5,370052,49549,60,49489,313730,0.5
1900-01-25 02:31:15,7866.5,474946,7867.0,66450,245152,15531,229621,408496,0.5
1900-01-25 02:31:30,7867.5,45283,7868.0,1337304,14242,9009,5233,-1292021,0.5
1900-01-25 02:31:45,7863.0,3623809,7863.5,49597,850,110854,-110004,3574212,0.5
1900-01-25 02:32:00,7863.0,3367092,7863.5,895794,4565,26715,-22150,2471298,0.5
1900-01-25 02:32:15,7863.0,3563305,7863.5,405868,153055,7543,145512,3157437,0.5
1900-01-25 02:32:30,7863.0,3640417,7863.5,375572,22765,400,22365,3264845,0.5
1900-01-25 02:32:45,7863.0,3630692,7863.5,363425,50737,5,50732,3267267,0.5
1900-01-25 02:33:00,7863.0,3726920,7863.5,77465,259215,25,259190,3649455,0.5
1900-01-25 02:33:15,7863.0,58,7863.5,1187427,3655,11744,-8089,-1187369,0.5
1900-01-25 02:33:30,7860.5,17084,7861.0,1180806,1,81115,-81114,-1163722,0.5
1900-01-25 02:33:45,7857.0,267626,7857.5,355999,756,30207,-29451,-88373,0.5
1900-01-25 02:34:00,7857.0,1825483,7857.5,166939,1957,55222,-53265,1658544,0.5
1900-01-25 02:34:15,7857.0,253376,7857.5,516352,73299,97476,-24177,-262976,0.5
1900-01-25 02:34:30,7849.5,137061,7850.0,1242276,20622,77538,-56916,-1105215,0.5
1900-01-25 02:34:45,7849.5,3143814,7850.0,916153,52571,51571,1000,2227661,0.5
1900-01-25 02:35:00,7849.5,3476051,7850.0,854550,80194,279800,-199606,2621501,0.5
1900-01-25 02:35:15,7849.5,3459568,7850.0,905755,21100,36350,-15250,2553813,0.5
1900-01-25 02:35:30,7849.5,3324121,7850.0,932549,87,38725,-38638,2391572,0.5
1900-01-25 02:35:45,7854.5,248693,7855.0,575579,707819,2950,704869,-326886,0.5
1900-01-25 02:36:00,7854.0,690,7854.5,1568690,6632,12596,-5964,-1568000,0.5
1900-01-25 02:36:15,7846.5,122799,7847.0,389371,60,202388,-202328,-266572,0.5
1900-01-25 02:36:30,7846.5,390603,7847.0,208937,2025,79193,-77168,181666,0.5
1900-01-25 02:36:45,7846.5,414947,7847.0,345375,3336,86068,-82732,69572,0.5
1900-01-25 02:37:00,7842.5,79264,7843.0,1041062,2048,111823,-109775,-961798,0.5
1900-01-25 02:37:15,7840.5,224419,7841.0,357581,25110,319501,-294391,-133162,0.5
1900-01-25 02:37:30,7840.5,732362,7841.0,671731,25160,45492,-20332,60631,0.5
1900-01-25 02:37:45,7840.5,359376,7841.0,1187173,84302,120141,-35839,-827797,0.5
1900-01-25 02:38:00,7840.0,857602,7840.5,1485389,34623,436855,-402232,-627787,0.5
1900-01-25 02:38:15,7838.0,73579,7838.5,555563,37260,464307,-427047,-481984,0.5
1900-01-25 02:38:30,7840.5,393303,7841.0,91475,192880,92550,100330,301828,0.5
1900-01-25 02:38:45,7838.5,61460,7839.0,634218,112423,98121,14302,-572758,0.5
1900-01-25 02:39:00,7841.0,186012,7841.5,914251,62105,29403,32702,-728239,0.5
1900-01-25 02:39:15,7841.5,502494,7842.0,4664,15962,104530,-88568,497830,0.5
1900-01-25 02:39:30,7841.5,362467,7842.0,701868,4479,550,3929,-339401,0.5
1900-01-25 02:39:45,7841.5,226405,7842.0,1405427,2685,66268,-63583,-1179022,0.5
1900-01-25 02:40:00,7840.5,16562,7841.0,316186,11048,180297,-169249,-299624,0.5
1900-01-25 02:40:15,7839.0,34443,7839.5,877263,42080,37615,4465,-842820,0.5
1900-01-25 02:40:30,7841.5,439695,7842.0,56352,70773,13810,56963,383343,0.5
1900-01-25 02:40:45,7841.5,594917,7842.0,33556,29712,1700,28012,561361,0.5
1900-01-25 02:41:00,7843.5,59745,7844.0,1191914,50270,5272,44998,-1132169,0.5
1900-01-25 02:41:15,7843.5,861221,7845.5,878,36194,11669,24525,860343,2.0
1900-01-25 02:41:30,7849.5,86607,7850.0,1368183,337761,6105,331656,-1281576,0.5
1900-01-25 02:41:45,7847.5,32131,7848.0,1400398,7204,40268,-33064,-1368267,0.5
1900-01-25 02:42:00,7847.5,29104,7848.0,1795609,7753,134289,-126536,-1766505,0.5
1900-01-25 02:42:15,7847.0,212129,7847.5,765796,6582,36039,-29457,-553667,0.5
1900-01-25 02:42:30,7847.0,424464,7847.5,1121170,1029,6230,-5201,-696706,0.5
1900-01-25 02:42:45,7847.0,195097,7847.5,1225653,2750,118777,-116027,-1030556,0.5
1900-01-25 02:43:00,7847.0,416873,7847.5,801237,13765,17272,-3507,-384364,0.5
1900-01-25 02:43:15,7848.0,203034,7848.5,1022008,130202,1100,129102,-818974,0.5
1900-01-25 02:43:30,7848.0,534814,7848.5,1018249,2740,5510,-2770,-483435,0.5
1900-01-25 02:43:45,7848.0,162173,7848.5,1182576,172382,13398,158984,-1020403,0.5
1900-01-25 02:44:00,7848.0,129796,7848.5,1214080,22217,9948,12269,-1084284,0.5
1900-01-25 02:44:15,7848.0,557,7848.5,1249445,11666,50076,-38410,-1248888,0.5
1900-01-25 02:44:30,7847.0,27519,7847.5,1305018,7326,30031,-22705,-1277499,0.5
1900-01-25 02:44:45,7846.5,22441,7847.0,1037579,1,17292,-17291,-1015138,0.5
1900-01-25 02:45:00,7846.5,400924,7847.0,769426,104,26747,-26643,-368502,0.5
1900-01-25 02:45:15,7846.5,104470,7847.0,1207721,120,8059,-7939,-1103251,0.5
1900-01-25 02:45:30,7846.5,511188,7847.0,526107,20058,3354,16704,-14919,0.5
1900-01-25 02:45:45,7845.5,11309,7846.0,1240257,44245,1251,42994,-1228948,0.5
1900-01-25 02:46:00,7839.0,60794,7839.5,875917,5000,81143,-76143,-815123,0.5
1900-01-25 02:46:15,7837.5,545801,7838.0,186349,33669,28539,5130,359452,0.5
1900-01-25 02:46:30,7844.5,51493,7845.0,1358881,237292,8559,228733,-1307388,0.5
1900-01-25 02:46:45,7840.5,10701,7841.0,1348740,86590,110568,-23978,-1338039,0.5
1900-01-25 02:47:00,7837.0,506811,7837.5,972841,146626,44938,101688,-466030,0.5
1900-01-25 02:47:15,7839.5,539906,7840.0,31472,96412,4870,91542,508434,0.5
1900-01-25 02:47:30,7839.5,692512,7840.0,2344,37346,500,36846,690168,0.5
1900-01-25 02:47:45,7842.5,384960,7843.0,713634,41675,120,41555,-328674,0.5
1900-01-25 02:48:00,7839.5,493403,7840.0,861036,2152,83197,-81045,-367633,0.5
1900-01-25 02:48:15,7839.5,450890,7840.0,726222,20930,11052,9878,-275332,0.5
1900-01-25 02:48:30,7839.5,11554,7840.0,979420,20207,23373,-3166,-967866,0.5
1900-01-25 02:48:45,7839.0,49082,7839.5,986600,100,27767,-27667,-937518,0.5
1900-01-25 02:49:00,7839.0,432355,7839.5,937952,1381,21884,-20503,-505597,0.5
1900-01-25 02:49:15,7837.5,22493,7838.0,1344536,3751,19937,-16186,-1322043,0.5
1900-01-25 02:49:30,7834.0,198235,7834.5,979050,2270,132691,-130421,-780815,0.5
1900-01-25 02:49:45,7834.0,175844,7834.5,1030593,2000,63115,-61115,-854749,0.5
1900-01-25 02:50:00,7834.0,328201,7834.5,410059,14702,21604,-6902,-81858,0.5
1900-01-25 02:50:15,7841.5,1160114,7842.0,49793,444343,15747,428596,1110321,0.5
1900-01-25 02:50:30,7841.5,884941,7842.0,88672,57228,24370,32858,796269,0.5
1900-01-25 02:50:45,7852.5,338257,7853.0,785312,328660,3500,325160,-447055,0.5
1900-01-25 02:51:00,7852.0,542,7852.5,942984,291491,5828,285663,-942442,0.5
1900-01-25 02:51:15,7849.0,784156,7849.5,14834,80813,149572,-68759,769322,0.5
1900-01-25 02:51:30,7851.0,993108,7851.5,364290,118579,1850,116729,628818,0.5
1900-01-25 02:51:45,7851.0,1101268,7851.5,549898,71347,3429,67918,551370,0.5
1900-01-25 02:52:00,7851.0,1173455,7851.5,487486,70164,10170,59994,685969,0.5
1900-01-25 02:52:15,7851.0,1493659,7851.5,105153,48643,38013,10630,1388506,0.5
1900-01-25 02:52:30,7851.0,1677513,7851.5,80461,168368,7700,160668,1597052,0.5
1900-01-25 02:52:45,7851.0,778782,7851.5,867741,20743,3218,17525,-88959,0.5
1900-01-25 02:53:00,7851.0,570687,7851.5,1030433,17490,54,17436,-459746,0.5
1900-01-25 02:53:15,7851.0,762630,7851.5,986292,2460,100,2360,-223662,0.5
1900-01-25 02:53:30,7851.0,831273,7851.5,680580,34565,10865,23700,150693,0.5
1900-01-25 02:53:45,7851.0,1629684,7851.5,346527,49377,558,48819,1283157,0.5
1900-01-25 02:54:00,7851.0,1090643,7851.5,240531,64050,12900,51150,850112,0.5
1900-01-25 02:54:15,7856.5,920648,7857.0,138677,204122,31052,173070,781971,0.5
1900-01-25 02:54:30,7859.5,68766,7860.0,882985,106190,2808,103382,-814219,0.5
1900-01-25 02:54:45,7856.5,42570,7857.0,991422,54045,44403,9642,-948852,0.5
1900-01-25 02:55:00,7855.0,353428,7855.5,648064,9586,53287,-43701,-294636,0.5
1900-01-25 02:55:15,7855.0,264741,7855.5,756960,9586,10009,-423,-492219,0.5
1900-01-25 02:55:30,7855.0,1106873,7855.5,118889,47890,6295,41595,987984,0.5
1900-01-25 02:55:45,7855.5,1425950,7856.0,893,43380,282,43098,1425057,0.5
1900-01-25 02:56:00,7859.5,577322,7860.0,919496,168751,30679,138072,-342174,0.5
1900-01-25 02:56:15,7859.5,905185,7860.0,445128,77473,73612,3861,460057,0.5
1900-01-25 02:56:30,7859.5,920371,7860.0,459801,66450,50000,16450,460570,0.5
1900-01-25 02:56:45,7859.5,671641,7860.0,864626,11877,600,11277,-192985,0.5
1900-01-25 02:57:00,7859.5,210485,7860.0,1439067,18544,241359,-222815,-1228582,0.5
1900-01-25 02:57:15,7859.5,121612,7860.0,1590487,6996,87670,-80674,-1468875,0.5
1900-01-25 02:57:30,7858.0,1732104,7858.5,6530,5160,45454,-40294,1725574,0.5
1900-01-25 02:57:45,7861.0,1262124,7861.5,48427,122913,200,122713,1213697,0.5
1900-01-25 02:58:00,7861.0,311606,7861.5,677363,28716,14567,14149,-365757,0.5
1900-01-25 02:58:15,7861.0,77363,7861.5,1108879,7890,27806,-19916,-1031516,0.5
1900-01-25 02:58:30,7861.0,951477,7861.5,99471,65031,962,64069,852006,0.5
1900-01-25 02:58:45,7862.0,1175390,7862.5,11979,36382,3125,33257,1163411,0.5
1900-01-25 02:59:00,7863.5,1281355,7864.0,48846,41859,3001,38858,1232509,0.5
1900-01-25 02:59:15,7864.5,510454,7865.0,637838,154409,21044,133365,-127384,0.5
1900-01-25 02:59:30,7864.5,856544,7865.0,781213,9737,6601,3136,75331,0.5
1900-01-25 02:59:45,7864.5,585650,7865.0,675255,29127,20,29107,-89605,0.5
1900-01-25 03:00:00,7864.5,693793,7865.0,811251,17064,14240,2824,-117458,0.5
1900-01-25 03:00:15,7864.5,502234,7865.0,775204,70512,14919,55593,-272970,0.5
1900-01-25 03:00:30,7864.5,362320,7865.0,747215,40010,36858,3152,-384895,0.5
1900-01-25 03:00:45,7864.5,298429,7865.0,997837,1860,55970,-54110,-699408,0.5
1900-01-25 03:01:00,7864.5,354932,7865.0,1080630,5840,17353,-11513,-725698,0.5
1900-01-25 03:01:15,7864.5,234941,7865.0,1314238,1400,44395,-42995,-1079297,0.5
1900-01-25 03:01:30,7864.5,245417,7865.0,1366699,12020,41949,-29929,-1121282,0.5
1900-01-25 03:01:45,7863.5,137631,7864.0,1377387,126,104181,-104055,-1239756,0.5
1900-01-25 03:02:00,7855.0,556793,7855.5,425886,100,164059,-163959,130907,0.5
1900-01-25 03:02:15,7853.0,277767,7853.5,353642,14956,40939,-25983,-75875,0.5
1900-01-25 03:02:30,7852.5,10891,7853.0,932956,25843,23607,2236,-922065,0.5
1900-01-25 03:02:45,7849.5,150489,7850.0,865196,1094,52031,-50937,-714707,0.5
1900-01-25 03:03:00,7849.5,923909,7850.0,557873,16620,15923,697,366036,0.5
1900-01-25 03:03:15,7849.5,866788,7850.0,765881,9901,27194,-17293,100907,0.5
1900-01-25 03:03:30,7849.0,14211,7849.5,1604924,8110,217556,-209446,-1590713,0.5
1900-01-25 03:03:45,7848.0,16241,7848.5,1752055,1500,23161,-21661,-1735814,0.5
1900-01-25 03:04:00,7846.0,23656,7846.5,1729588,1500,19395,-17895,-1705932,0.5
1900-01-25 03:04:15,7844.0,87823,7844.5,1607758,1101,170575,-169474,-1519935,0.5
1900-01-25 03:04:30,7844.0,380962,7844.5,986606,500,107476,-106976,-605644,0.5
1900-01-25 03:04:45,7847.5,525137,7848.0,331510,94439,201932,-107493,193627,0.5
1900-01-25 03:05:00,7847.5,755424,7848.0,75473,80622,6649,73973,679951,0.5
1900-01-25 03:05:15,7849.0,640961,7849.5,122508,43954,6840,37114,518453,0.5
1900-01-25 03:05:30,7849.0,114219,7849.5,1432613,22453,12548,9905,-1318394,0.5
1900-01-25 03:05:45,7847.5,48738,7848.0,1561835,3500,15905,-12405,-1513097,0.5
1900-01-25 03:06:00,7847.0,60084,7847.5,1591377,2412,63959,-61547,-1531293,0.5
1900-01-25 03:06:15,7847.0,37423,7847.5,1675771,4050,32075,-28025,-1638348,0.5
1900-01-25 03:06:30,7847.0,30308,7847.5,1933763,205,7250,-7045,-1903455,0.5
1900-01-25 03:06:45,7843.0,117897,7843.5,1264001,601,36730,-36129,-1146104,0.5
1900-01-25 03:07:00,7843.0,306789,7843.5,1104324,2845,47909,-45064,-797535,0.5
1900-01-25 03:07:15,7843.0,162248,7843.5,1242864,12001,6694,5307,-1080616,0.5
1900-01-25 03:07:30,7843.0,636583,7843.5,723217,1073,13506,-12433,-86634,0.5
1900-01-25 03:07:45,7843.0,129079,7843.5,904839,20,25730,-25710,-775760,0.5
1900-01-25 03:08:00,7843.0,115252,7843.5,1436766,5,30508,-30503,-1321514,0.5
1900-01-25 03:08:15,7843.0,40647,7843.5,1917277,1005,67112,-66107,-1876630,0.5
1900-01-25 03:08:30,7843.0,601723,7843.5,887790,10565,17748,-7183,-286067,0.5
1900-01-25 03:08:45,7843.0,527669,7843.5,1072958,16445,39803,-23358,-545289,0.5
1900-01-25 03:09:00,7841.5,523651,7842.0,460778,2426,27396,-24970,62873,0.5
1900-01-25 03:09:15,7841.5,59303,7842.0,1432962,11859,25317,-13458,-1373659,0.5
1900-01-25 03:09:30,7836.5,377890,7837.0,815213,70,86058,-85988,-437323,0.5
1900-01-25 03:09:45,7836.0,101104,7836.5,798031,8500,33779,-25279,-696927,0.5
1900-01-25 03:10:00,7836.0,29388,7836.5,1411103,11075,60285,-49210,-1381715,0.5
1900-01-25 03:10:15,7836.0,613999,7836.5,446646,20257,41904,-21647,167353,0.5
1900-01-25 03:10:30,7835.0,62321,7835.5,1492294,3417,194237,-190820,-1429973,0.5
1900-01-25 03:10:45,7835.5,574704,7836.0,140290,465596,194548,271048,434414,0.5
1900-01-25 03:11:00,7835.0,46915,7835.5,839052,42998,20204,22794,-792137,0.5
1900-01-25 03:11:15,7835.0,541396,7835.5,188583,129769,36352,93417,352813,0.5
1900-01-25 03:11:30,7835.0,636982,7835.5,101485,45548,2732,42816,535497,0.5
1900-01-25 03:11:45,7846.0,527045,7846.5,333777,171190,16201,154989,193268,0.5
1900-01-25 03:12:00,7846.0,288954,7846.5,994723,11330,14001,-2671,-705769,0.5
1900-01-25 03:12:15,7843.0,537935,7843.5,435597,16352,15807,545,102338,0.5
1900-01-25 03:12:30,7843.0,54106,7843.5,999888,50,18038,-17988,-945782,0.5
1900-01-25 03:12:45,7840.5,173351,7841.0,687987,21200,25994,-4794,-514636,0.5
1900-01-25 03:13:00,7840.5,585440,7841.0,527091,1000,10680,-9680,58349,0.5
1900-01-25 03:13:15,7840.5,547390,7841.0,595994,14840,1573,13267,-48604,0.5
1900-01-25 03:13:30,7840.5,526243,7841.0,653276,40100,8595,31505,-127033,0.5
1900-01-25 03:13:45,7839.5,4830,7840.0,1522807,450,1333,-883,-1517977,0.5
1900-01-25 03:14:00,7836.5,510826,7837.0,468987,601,15648,-15047,41839,0.5
1900-01-25 03:14:15,7836.5,184007,7837.0,1212744,3444,215427,-211983,-1028737,0.5
1900-01-25 03:14:30,7836.5,289581,7837.0,984119,18017,16061,1956,-694538,0.5
1900-01-25 03:14:45,7835.0,7237,7835.5,1342237,15409,80909,-65500,-1335000,0.5
1900-01-25 03:15:00,7833.5,669688,7834.0,10791,69161,21677,47484,658897,0.5
1900-01-25 03:15:15,7836.5,369559,7837.0,153085,124115,5930,118185,216474,0.5
1900-01-25 03:15:30,7839.5,397878,7840.0,58897,126518,37768,88750,338981,0.5
1900-01-25 03:15:45,7843.0,419129,7843.5,586425,51966,2632,49334,-167296,0.5
1900-01-25 03:16:00,7843.0,413234,7843.5,88227,16879,1340,15539,325007,0.5
1900-01-25 03:16:15,7843.0,479134,7843.5,406738,80563,150,80413,72396,0.5
1900-01-25 03:16:30,7845.0,562299,7845.5,48584,35972,18015,17957,513715,0.5
1900-01-25 03:16:45,7846.0,1193010,7846.5,87347,23503,45540,-22037,1105663,0.5
1900-01-25 03:17:00,7846.0,1256649,7846.5,73235,34147,13840,20307,1183414,0.5
1900-01-25 03:17:15,7848.5,864860,7849.0,153505,95283,2802,92481,711355,0.5
1900-01-25 03:17:30,7848.5,416957,7849.0,748758,27524,10675,16849,-331801,0.5
1900-01-25 03:17:45,7848.5,684206,7849.0,409343,68550,10000,58550,274863,0.5
1900-01-25 03:18:00,7848.5,544813,7849.0,643066,44347,2500,41847,-98253,0.5
1900-01-25 03:18:15,7846.0,113332,7846.5,869787,83855,80556,3299,-756455,0.5
1900-01-25 03:18:30,7846.0,1223565,7846.5,228066,53115,3963,49152,995499,0.5
1900-01-25 03:18:45,7846.0,591832,7846.5,434029,1775,540,1235,157803,0.5
1900-01-25 03:19:00,7846.0,1114169,7846.5,218708,11716,7350,4366,895461,0.5
1900-01-25 03:19:15,7846.0,35368,7846.5,669983,14110,157046,-142936,-634615,0.5
1900-01-25 03:19:30,7846.0,119093,7846.5,632790,226,15147,-14921,-513697,0.5
1900-01-25 03:19:45,7846.0,884985,7846.5,108455,642,627,15,776530,0.5
1900-01-25 03:20:00,7846.0,890817,7846.5,130758,944,3304,-2360,760059,0.5
1900-01-25 03:20:15,7846.0,1326799,7846.5,52027,33128,3304,29824,1274772,0.5
1900-01-25 03:20:30,7850.5,931439,7851.0,191835,56860,1000,55860,739604,0.5
1900-01-25 03:20:45,7850.5,1262488,7851.0,75242,6742,40,6702,1187246,0.5
1900-01-25 03:21:00,7852.0,1271525,7852.5,42287,79918,6266,73652,1229238,0.5
1900-01-25 03:21:15,7852.5,1400027,7853.0,39924,53262,1177,52085,1360103,0.5
1900-01-25 03:21:30,7854.5,1497584,7855.0,46674,227876,3715,224161,1450910,0.5
1900-01-25 03:21:45,7857.5,112750,7858.0,728169,36750,58000,-21250,-615419,0.5
1900-01-25 03:22:00,7857.5,127216,7858.0,818461,4155,27100,-22945,-691245,0.5
1900-01-25 03:22:15,7857.5,173036,7858.0,924855,4118,37418,-33300,-751819,0.5
1900-01-25 03:22:30,7857.5,146319,7858.0,1060327,755,58515,-57760,-914008,0.5
1900-01-25 03:22:45,7857.5,49284,7858.0,1062566,119195,45420,73775,-1013282,0.5
1900-01-25 03:23:00,7857.5,1943,7858.0,932498,8340,132992,-124652,-930555,0.5
1900-01-25 03:23:15,7856.5,10886,7857.0,1014562,8340,1125,7215,-1003676,0.5
1900-01-25 03:23:30,7855.0,2820,7855.5,779959,393,66686,-66293,-777139,0.5
1900-01-25 03:23:45,7854.5,682820,7855.0,236163,393,8195,-7802,446657,0.5
1900-01-25 03:24:00,7856.5,755163,7857.0,12722,34886,53012,-18126,742441,0.5
1900-01-25 03:24:15,7859.5,273301,7860.0,759596,168313,50,168263,-486295,0.5
1900-01-25 03:24:30,7860.0,1274539,7860.5,186915,105533,160,105373,1087624,0.5
1900-01-25 03:24:45,7860.0,1301914,7860.5,188198,38356,51,38305,1113716,0.5
1900-01-25 03:25:00,7860.0,879009,7860.5,536194,3772,2390,1382,342815,0.5
1900-01-25 03:25:15,7860.0,731170,7860.5,568695,28460,15462,12998,162475,0.5
1900-01-25 03:25:30,7860.0,163901,7860.5,1017112,20199,17212,2987,-853211,0.5
1900-01-25 03:25:45,7859.5,62591,7860.0,1066611,2516,110006,-107490,-1004020,0.5
1900-01-25 03:26:00,7858.5,2728,7859.0,914090,33040,51926,-18886,-911362,0.5
1900-01-25 03:26:15,7857.0,11283,7857.5,897509,3383,12345,-8962,-886226,0.5
1900-01-25 03:26:30,7855.5,26630,7856.0,778313,1698,12613,-10915,-751683,0.5
1900-01-25 03:26:45,7855.5,332936,7856.0,829128,2945,3749,-804,-496192,0.5
1900-01-25 03:27:00,7855.5,87074,7856.0,1037615,524,36415,-35891,-950541,0.5
1900-01-25 03:27:15,7855.5,10439,7856.0,957843,5500,26519,-21019,-947404,0.5
1900-01-25 03:27:30,7855.0,85188,7855.5,794752,197,1409,-1212,-709564,0.5
1900-01-25 03:27:45,7852.0,41168,7852.5,842357,6300,19801,-13501,-801189,0.5
1900-01-25 03:28:00,7851.5,478529,7852.0,886610,2104,39913,-37809,-408081,0.5
1900-01-25 03:28:15,7851.5,929933,7852.0,330999,8810,12325,-3515,598934,0.5
1900-01-25 03:28:30,7851.5,859366,7852.0,543410,6097,1800,4297,315956,0.5
1900-01-25 03:28:45,7851.5,934484,7852.0,527589,6940,1,6939,406895,0.5
1900-01-25 03:29:00,7851.5,937093,7852.0,542255,4741,1951,2790,394838,0.5
1900-01-25 03:29:15,7850.5,24583,7851.0,994381,6800,48148,-41348,-969798,0.5
1900-01-25 03:29:30,7849.5,5623,7850.0,952711,30174,40497,-10323,-947088,0.5
1900-01-25 03:29:45,7848.0,460389,7848.5,803282,36600,30386,6214,-342893,0.5
1900-01-25 03:30:00,7848.0,565184,7848.5,807731,42501,3979,38522,-242547,0.5
1900-01-25 03:30:15,7848.0,402726,7848.5,676404,7440,165513,-158073,-273678,0.5
1900-01-25 03:30:30,7848.0,490164,7848.5,704542,13100,8711,4389,-214378,0.5
1900-01-25 03:30:45,7848.0,498501,7848.5,520730,2064,1541,523,-22229,0.5
1900-01-25 03:31:00,7848.0,805794,7848.5,550038,243,600,-357,255756,0.5
1900-01-25 03:31:15,7850.5,904584,7851.0,63224,134482,600,133882,841360,0.5
1900-01-25 03:31:30,7850.5,844293,7851.0,44607,41431,667,40764,799686,0.5
1900-01-25 03:31:45,7851.0,928740,7851.5,546589,6927,15040,-8113,382151,0.5
1900-01-25 03:32:00,7851.0,776202,7851.5,858848,7719,1,7718,-82646,0.5
1900-01-25 03:32:15,7851.0,746796,7851.5,815678,301,790,-489,-68882,0.5
1900-01-25 03:32:30,7851.0,876613,7851.5,533780,15000,6470,8530,342833,0.5
1900-01-25 03:32:45,7851.0,1144814,7851.5,84481,76081,10600,65481,1060333,0.5
1900-01-25 03:33:00,7852.5,1066822,7853.0,1435,122078,993,121085,1065387,0.5
1900-01-25 03:33:15,7855.5,934825,7856.0,57248,96410,929,95481,877577,0.5
1900-01-25 03:33:30,7855.5,1174117,7856.0,1277,6712,13098,-6386,1172840,0.5
1900-01-25 03:33:45,7857.0,1003991,7857.5,200474,115408,186,115222,803517,0.5
1900-01-25 03:34:00,7857.0,1267355,7857.5,278811,123806,399,123407,988544,0.5
1900-01-25 03:34:15,7857.0,1490837,7857.5,9422,17715,2,17713,1481415,0.5
1900-01-25 03:34:30,7860.0,759130,7860.5,52271,65151,2608,62543,706859,0.5
1900-01-25 03:34:45,7860.5,1453245,7861.0,59436,29447,11626,17821,1393809,0.5
1900-01-25 03:35:00,7860.5,447168,7861.0,771036,45572,19288,26284,-323868,0.5
1900-01-25 03:35:15,7861.0,1387937,7861.5,50425,17255,45559,-28304,1337512,0.5
1900-01-25 03:35:30,7861.5,1489293,7862.0,64823,37966,47530,-9564,1424470,0.5
1900-01-25 03:35:45,7864.0,868501,7864.5,43266,95971,1350,94621,825235,0.5
1900-01-25 03:36:00,7864.5,1000532,7865.0,156163,84366,44574,39792,844369,0.5
1900-01-25 03:36:15,7865.5,758155,7866.0,469612,89950,5800,84150,288543,0.5
1900-01-25 03:36:30,7865.5,1213121,7866.0,272102,203158,54145,149013,941019,0.5
1900-01-25 03:36:45,7866.0,1512169,7866.5,53101,90860,999,89861,1459068,0.5
1900-01-25 03:37:00,7866.5,863545,7867.0,78519,51931,40159,11772,785026,0.5
1900-01-25 03:37:15,7866.5,961104,7867.0,233020,2822,3465,-643,728084,0.5
1900-01-25 03:37:30,7866.5,425665,7867.0,659984,7898,37950,-30052,-234319,0.5
1900-01-25 03:37:45,7866.5,1227078,7867.0,693495,20382,10500,9882,533583,0.5
1900-01-25 03:38:00,7866.5,1290148,7867.0,760285,64328,14327,50001,529863,0.5
1900-01-25 03:38:15,7866.5,1193786,7867.0,823218,42519,500,42019,370568,0.5
1900-01-25 03:38:30,7866.5,1183390,7867.0,877906,44059,4290,39769,305484,0.5
1900-01-25 03:38:45,7866.5,1171834,7867.0,858007,25420,22501,2919,313827,0.5
1900-01-25 03:39:00,7866.5,1219354,7867.0,856038,65002,14617,50385,363316,0.5
1900-01-25 03:39:15,7866.5,1324158,7867.0,848539,7816,6000,1816,475619,0.5
1900-01-25 03:39:30,7866.5,1230075,7867.0,899557,24701,39350,-14649,330518,0.5
1900-01-25 03:39:45,7866.5,1646005,7867.0,534124,50386,30780,19606,1111881,0.5
1900-01-25 03:40:00,7866.5,1684549,7867.0,477545,16406,4300,12106,1207004,0.5
1900-01-25 03:40:15,7867.5,1384089,7868.0,5654,62733,22500,40233,1378435,0.5
1900-01-25 03:40:30,7868.5,1129309,7869.0,217303,213920,2152,211768,912006,0.5
1900-01-25 03:40:45,7866.5,131171,7867.0,953764,11510,162302,-150792,-822593,0.5
1900-01-25 03:41:00,7863.5,170694,7864.0,706171,1202,44819,-43617,-535477,0.5
1900-01-25 03:41:15,7862.5,22362,7863.0,687822,15016,40180,-25164,-665460,0.5
1900-01-25 03:41:30,7861.5,1109983,7862.0,69058,96344,37490,58854,1040925,0.5
1900-01-25 03:41:45,7863.0,766447,7863.5,1020,16146,10478,5668,765427,0.5
1900-01-25 03:42:00,7863.0,405090,7863.5,940957,6100,4369,1731,-535867,0.5
1900-01-25 03:42:15,7863.0,460715,7863.5,954327,21345,5003,16342,-493612,0.5
1900-01-25 03:42:30,7863.0,8550,7863.5,1086841,50,29696,-29646,-1078291,0.5
1900-01-25 03:42:45,7862.5,854837,7863.0,881707,507,140543,-140036,-26870,0.5
1900-01-25 03:43:00,7862.5,465105,7863.0,829073,264,91241,-90977,-363968,0.5
1900-01-25 03:43:15,7862.5,1660951,7863.0,62004,23615,64500,-40885,1598947,0.5
1900-01-25 03:43:30,7863.0,1525052,7863.5,455552,73694,1450,72244,1069500,0.5
1900-01-25 03:43:45,7863.0,1482840,7863.5,329663,37501,54935,-17434,1153177,0.5
1900-01-25 03:44:00,7863.0,1633991,7863.5,415033,80870,1,80869,1218958,0.5
1900-01-25 03:44:15,7866.5,1011788,7867.0,17513,167878,2484,165394,994275,0.5
1900-01-25 03:44:30,7866.5,273706,7867.0,581805,67817,3992,63825,-308099,0.5
1900-01-25 03:44:45,7866.5,723491,7867.0,109639,24711,78829,-54118,613852,0.5
1900-01-25 03:45:00,7867.5,1113976,7868.0,442508,133657,11200,122457,671468,0.5
1900-01-25 03:45:15,7868.5,655060,7869.0,118454,301348,32501,268847,536606,0.5
1900-01-25 03:45:30,7870.0,561895,7870.5,173962,116956,5378,111578,387933,0.5
1900-01-25 03:45:45,7870.5,1566158,7871.0,45721,61838,18438,43400,1520437,0.5
1900-01-25 03:46:00,7870.5,1121485,7871.0,49840,27250,290,26960,1071645,0.5
1900-01-25 03:46:15,7874.5,1290456,7875.0,131002,219565,13146,206419,1159454,0.5
1900-01-25 03:46:30,7877.5,315479,7878.0,544724,112531,15614,96917,-229245,0.5
1900-01-25 03:46:45,7879.0,794359,7879.5,74951,306988,17998,288990,719408,0.5
1900-01-25 03:47:00,7879.0,1161646,7879.5,108066,52025,37478,14547,1053580,0.5
1900-01-25 03:47:15,7879.0,1025490,7879.5,151996,68202,37291,30911,873494,0.5
1900-01-25 03:47:30,7879.0,204431,7879.5,579648,15914,52546,-36632,-375217,0.5
1900-01-25 03:47:45,7879.0,692102,7879.5,191106,48616,77673,-29057,500996,0.5
1900-01-25 03:48:00,7879.0,617072,7879.5,201872,34136,39702,-5566,415200,0.5
1900-01-25 03:48:15,7879.0,1598875,7879.5,183218,3956,5200,-1244,1415657,0.5
1900-01-25 03:48:30,7879.5,1286820,7880.0,174970,51439,5385,46054,1111850,0.5
1900-01-25 03:48:45,7887.0,86552,7887.5,262592,131386,22035,109351,-176040,0.5
1900-01-25 03:49:00,7887.0,397831,7887.5,186985,252614,19992,232622,210846,0.5
1900-01-25 03:49:15,7886.5,4269,7887.0,375201,69522,70881,-1359,-370932,0.5
1900-01-25 03:49:30,7882.0,155,7882.5,274243,10542,394156,-383614,-274088,0.5
1900-01-25 03:49:45,7882.0,273916,7882.5,399515,1950,80950,-79000,-125599,0.5
1900-01-25 03:50:00,7884.0,791680,7884.5,254262,140183,67866,72317,537418,0.5
1900-01-25 03:50:15,7885.5,978136,7886.0,28130,84811,62569,22242,950006,0.5
1900-01-25 03:50:30,7887.0,197357,7887.5,540106,300294,17453,282841,-342749,0.5
1900-01-25 03:50:45,7887.0,742705,7887.5,492142,71734,28715,43019,250563,0.5
1900-01-25 03:51:00,7887.0,356057,7887.5,715467,7950,458219,-450269,-359410,0.5
1900-01-25 03:51:15,7887.0,245074,7887.5,844752,2298,121567,-119269,-599678,0.5
1900-01-25 03:51:30,7885.5,581901,7886.0,945002,10622,133547,-122925,-363101,0.5
1900-01-25 03:51:45,7885.0,1754,7885.5,1117976,5006,186535,-181529,-1116222,0.5
1900-01-25 03:52:00,7884.0,329778,7884.5,1016516,9212,50595,-41383,-686738,0.5
1900-01-25 03:52:15,7882.5,279725,7883.0,1220588,4100,381207,-377107,-940863,0.5
1900-01-25 03:52:30,7881.0,478214,7881.5,522273,4452,286417,-281965,-44059,0.5
1900-01-25 03:52:45,7881.0,497862,7881.5,414650,10700,44630,-33930,83212,0.5
1900-01-25 03:53:00,7880.5,45299,7881.0,820364,11228,73563,-62335,-775065,0.5
1900-01-25 03:53:15,7876.5,611981,7877.0,62661,47717,32336,15381,549320,0.5
1900-01-25 03:53:30,7879.0,286537,7879.5,442431,43698,9561,34137,-155894,0.5
1900-01-25 03:53:45,7879.0,182939,7879.5,552880,2768,73114,-70346,-369941,0.5
1900-01-25 03:54:00,7878.0,50722,7878.5,512207,20000,88495,-68495,-461485,0.5
1900-01-25 03:54:15,7877.5,325714,7878.0,840995,731,49775,-49044,-515281,0.5
1900-01-25 03:54:30,7877.5,317612,7878.0,896119,20212,26253,-6041,-578507,0.5
1900-01-25 03:54:45,7877.5,303395,7878.0,951357,5002,8677,-3675,-647962,0.5
1900-01-25 03:55:00,7877.5,27934,7878.0,1145274,602,277735,-277133,-1117340,0.5
1900-01-25 03:55:15,7875.5,233266,7876.0,757103,100,56757,-56657,-523837,0.5
1900-01-25 03:55:30,7874.5,161830,7875.0,1293270,100,389002,-388902,-1131440,0.5
1900-01-25 03:55:45,7874.5,44297,7875.0,1562234,20023,125193,-105170,-1517937,0.5
1900-01-25 03:56:00,7871.5,792985,7872.0,968365,385,322696,-322311,-175380,0.5
1900-01-25 03:56:15,7871.5,3937,7872.0,1306952,44599,151679,-107080,-1303015,0.5
1900-01-25 03:56:30,7870.0,126441,7870.5,871676,12301,180244,-167943,-745235,0.5
1900-01-25 03:56:45,7869.0,610749,7869.5,650053,12205,85812,-73607,-39304,0.5
1900-01-25 03:57:00,7872.5,642819,7873.0,46536,32060,42955,-10895,596283,0.5
1900-01-25 03:57:15,7877.0,9692,7877.5,889757,57376,15807,41569,-880065,0.5
1900-01-25 03:57:30,7874.5,247900,7875.0,605110,1400,66608,-65208,-357210,0.5
1900-01-25 03:57:45,7874.5,38397,7875.0,584814,28630,56555,-27925,-546417,0.5
1900-01-25 03:58:00,7874.5,60417,7875.0,806821,23300,34036,-10736,-746404,0.5
1900-01-25 03:58:15,7874.5,46022,7875.0,780501,2313,73626,-71313,-734479,0.5
1900-01-25 03:58:30,7874.5,37703,7875.0,894364,900,20106,-19206,-856661,0.5
1900-01-25 03:58:45,7876.0,812821,7876.5,22553,97871,72819,25052,790268,0.5
1900-01-25 03:59:00,7877.0,750161,7877.5,94307,27913,5051,22862,655854,0.5
1900-01-25 03:59:15,7881.0,706175,7881.5,67837,55635,24172,31463,638338,0.5
1900-01-25 03:59:30,7881.0,335019,7881.5,300492,38994,60955,-21961,34527,0.5
1900-01-25 03:59:45,7881.0,181037,7881.5,571032,7203,173915,-166712,-389995,0.5
1900-01-25 04:00:00,7881.0,231333,7881.5,529892,20979,28895,-7916,-298559,0.5
1900-01-25 04:00:15,7881.0,389517,7881.5,302510,23447,12313,11134,87007,0.5
1900-01-25 04:00:30,7881.0,733044,7881.5,47566,62123,16592,45531,685478,0.5
1900-01-25 04:00:45,7884.5,326921,7885.0,481797,193565,27266,166299,-154876,0.5
1900-01-25 04:01:00,7884.5,388722,7885.0,727133,209691,2041,207650,-338411,0.5
1900-01-25 04:01:15,7884.5,303591,7885.0,493097,331146,37793,293353,-189506,0.5
1900-01-25 04:01:30,7884.5,623695,7885.0,73544,105899,32668,73231,550151,0.5
1900-01-25 04:01:45,7886.0,602486,7886.5,12837,110849,6540,104309,589649,0.5
1900-01-25 04:02:00,7887.0,741824,7887.5,85142,216004,17932,198072,656682,0.5
1900-01-25 04:02:15,7895.5,632196,7896.0,58655,217369,23864,193505,573541,0.5
1900-01-25 04:02:30,7896.0,530557,7896.5,40925,221644,214354,7290,489632,0.5
1900-01-25 04:02:45,7896.0,729825,7896.5,329484,40415,95579,-55164,400341,0.5
1900-01-25 04:03:00,7896.5,708134,7897.0,315415,239531,16372,223159,392719,0.5
1900-01-25 04:03:15,7896.5,841412,7897.0,152070,167660,32264,135396,689342,0.5
1900-01-25 04:03:30,7896.5,172369,7897.0,676239,123640,56079,67561,-503870,0.5
1900-01-25 04:03:45,7896.0,266062,7896.5,543120,48705,163462,-114757,-277058,0.5
1900-01-25 04:04:00,7895.0,72634,7895.5,657388,88644,81539,7105,-584754,0.5
1900-01-25 04:04:15,7895.0,37440,7895.5,653065,7219,70468,-63249,-615625,0.5
1900-01-25 04:04:30,7891.5,100833,7892.0,513512,2288,154724,-152436,-412679,0.5
1900-01-25 04:04:45,7891.0,253045,7891.5,466468,138215,46998,91217,-213423,0.5
1900-01-25 04:05:00,7891.0,588098,7891.5,153266,57519,114479,-56960,434832,0.5
1900-01-25 04:05:15,7891.0,207765,7891.5,464094,50716,12470,38246,-256329,0.5
1900-01-25 04:05:30,7891.0,758925,7891.5,369190,12979,37738,-24759,389735,0.5
1900-01-25 04:05:45,7891.0,619345,7891.5,70160,22842,10675,12167,549185,0.5
1900-01-25 04:06:00,7888.0,14884,7888.5,469545,35174,141364,-106190,-454661,0.5
1900-01-25 04:06:15,7887.0,21600,7887.5,1002493,11223,184315,-173092,-980893,0.5
1900-01-25 04:06:30,7885.0,32185,7885.5,722409,125,17111,-16986,-690224,0.5
1900-01-25 04:06:45,7883.5,5410,7884.0,700319,1217,67047,-65830,-694909,0.5
1900-01-25 04:07:00,7882.0,1440,7882.5,1065088,9019,35080,-26061,-1063648,0.5
1900-01-25 04:07:15,7878.0,17568,7878.5,739596,1200,83074,-81874,-722028,0.5
1900-01-25 04:07:30,7878.0,632040,7878.5,361967,85375,258668,-173293,270073,0.5
1900-01-25 04:07:45,7878.0,752418,7878.5,380568,55814,130806,-74992,371850,0.5
1900-01-25 04:08:00,7878.0,142019,7878.5,698177,6922,79318,-72396,-556158,0.5
1900-01-25 04:08:15,7878.0,558495,7878.5,407300,8868,45863,-36995,151195,0.5
1900-01-25 04:08:30,7878.0,579499,7878.5,326084,1590,20015,-18425,253415,0.5
1900-01-25 04:08:45,7878.0,1309894,7878.5,12682,22271,1129,21142,1297212,0.5
1900-01-25 04:09:00,7878.0,1072781,7878.5,142047,93305,8101,85204,930734,0.5
1900-01-25 04:09:15,7880.0,856268,7880.5,306758,111592,3865,107727,549510,0.5
1900-01-25 04:09:30,7880.0,379197,7880.5,842045,39537,39275,262,-462848,0.5
1900-01-25 04:09:45,7880.0,430851,7880.5,903707,2577,25827,-23250,-472856,0.5
1900-01-25 04:10:00,7880.0,404943,7880.5,965261,2185,75645,-73460,-560318,0.5
1900-01-25 04:10:15,7879.5,61554,7880.0,1045082,200,238824,-238624,-983528,0.5
1900-01-25 04:10:30,7877.0,30280,7877.5,683285,60,88929,-88869,-653005,0.5
1900-01-25 04:10:45,7873.0,31042,7873.5,447012,517,79934,-79417,-415970,0.5
1900-01-25 04:11:00,7871.5,154641,7872.0,705941,8916,57045,-48129,-551300,0.5
1900-01-25 04:11:15,7870.5,92779,7871.0,704191,1525,181338,-179813,-611412,0.5
1900-01-25 04:11:30,7870.5,564206,7871.0,635162,92205,43226,48979,-70956,0.5
1900-01-25 04:11:45,7870.5,528073,7871.0,240171,96177,34838,61339,287902,0.5
1900-01-25 04:12:00,7870.5,525111,7871.0,308204,23731,9618,14113,216907,0.5
1900-01-25 04:12:15,7870.0,37820,7870.5,1042974,18000,84637,-66637,-1005154,0.5
1900-01-25 04:12:30,7868.0,64397,7868.5,859274,1800,76605,-74805,-794877,0.5
1900-01-25 04:12:45,7867.5,10105,7868.0,952419,2782,27262,-24480,-942314,0.5
1900-01-25 04:13:00,7867.5,92082,7868.0,1055697,7,2850,-2843,-963615,0.5
1900-01-25 04:13:15,7867.0,36953,7867.5,1271539,703,64394,-63691,-1234586,0.5
1900-01-25 04:13:30,7867.0,498138,7867.5,780091,6312,14002,-7690,-281953,0.5
1900-01-25 04:13:45,7867.0,33959,7867.5,1219546,15010,9408,5602,-1185587,0.5
1900-01-25 04:14:00,7867.0,590215,7867.5,371509,4700,7519,-2819,218706,0.5
1900-01-25 04:14:15,7867.0,566903,7867.5,521990,28240,12993,15247,44913,0.5
1900-01-25 04:14:30,7867.0,577652,7867.5,441602,16657,4761,11896,136050,0.5
1900-01-25 04:14:45,7867.0,534507,7867.5,579359,12346,12066,280,-44852,0.5
1900-01-25 04:15:00,7867.0,17955,7867.5,876077,1914,46568,-44654,-858122,0.5
1900-01-25 04:15:15,7867.0,10530,7867.5,795672,21352,11494,9858,-785142,0.5
1900-01-25 04:15:30,7867.0,517190,7867.5,259537,2638,14532,-11894,257653,0.5
1900-01-25 04:15:45,7867.0,922202,7867.5,41988,62258,6724,55534,880214,0.5
1900-01-25 04:16:00,7867.5,1067315,7868.0,104854,70087,13500,56587,962461,0.5
1900-01-25 04:16:15,7867.5,1034774,7868.0,54039,16417,8138,8279,980735,0.5
1900-01-25 04:16:30,7868.5,525400,7869.0,696118,47023,1600,45423,-170718,0.5
1900-01-25 04:16:45,7868.5,700987,7869.0,198691,128411,3940,124471,502296,0.5
1900-01-25 04:17:00,7868.5,1137370,7869.0,57093,105456,3940,101516,1080277,0.5
1900-01-25 04:17:15,7870.0,845925,7870.5,23230,116042,1208,114834,822695,0.5
1900-01-25 04:17:30,7870.0,1096539,7870.5,27075,52571,14842,37729,1069464,0.5
1900-01-25 04:17:45,7870.5,963393,7871.0,3788,34125,14220,19905,959605,0.5
1900-01-25 04:18:00,7870.5,1069508,7871.0,32872,13271,17884,-4613,1036636,0.5
1900-01-25 04:18:15,7870.5,1192409,7871.0,9025,24435,4870,19565,1183384,0.5
1900-01-25 04:18:30,7871.0,1109177,7871.5,8893,5516,4870,646,1100284,0.5
1900-01-25 04:18:45,7873.0,868147,7873.5,195080,53469,752,52717,673067,0.5
1900-01-25 04:19:00,7873.0,1001035,7873.5,399996,4750,6455,-1705,601039,0.5
1900-01-25 04:19:15,7873.0,945344,7873.5,705648,5145,10086,-4941,239696,0.5
1900-01-25 04:19:30,7873.0,814178,7873.5,297846,6630,12175,-5545,516332,0.5
1900-01-25 04:19:45,7873.0,1071342,7873.5,156118,78999,2862,76137,915224,0.5
1900-01-25 04:20:00,7873.0,1297359,7873.5,64903,32330,2000,30330,1232456,0.5
1900-01-25 04:20:15,7874.0,165887,7874.5,645775,16744,21870,-5126,-479888,0.5
1900-01-25 04:20:30,7873.5,11503,7874.0,913782,369,38490,-38121,-902279,0.5
1900-01-25 04:20:45,7872.5,22875,7873.0,1091887,4897,47134,-42237,-1069012,0.5
1900-01-25 04:21:00,7867.5,276174,7868.0,505773,2251,178665,-176414,-229599,0.5
1900-01-25 04:21:15,7867.0,51243,7867.5,709614,9487,47236,-37749,-658371,0.5
1900-01-25 04:21:30,7866.0,92711,7866.5,612246,9273,96167,-86894,-519535,0.5
1900-01-25 04:21:45,7866.0,27038,7866.5,938716,910,85281,-84371,-911678,0.5
1900-01-25 04:22:00,7865.0,189524,7865.5,760766,13200,55820,-42620,-571242,0.5
1900-01-25 04:22:15,7865.0,31118,7865.5,1010125,1000,102059,-101059,-979007,0.5
1900-01-25 04:22:30,7864.5,5413,7865.0,696275,2402,48266,-45864,-690862,0.5
1900-01-25 04:22:45,7864.0,217742,7864.5,817365,5501,13427,-7926,-599623,0.5
1900-01-25 04:23:00,7864.0,372550,7864.5,787463,5501,6974,-1473,-414913,0.5
1900-01-25 04:23:15,7864.0,54704,7864.5,1091578,18600,15350,3250,-1036874,0.5
1900-01-25 04:23:30,7863.0,61190,7863.5,427613,22301,56168,-33867,-366423,0.5
1900-01-25 04:23:45,7862.5,28643,7863.0,647651,350,124065,-123715,-619008,0.5
1900-01-25 04:24:00,7861.0,107098,7861.5,90024,100,157378,-157278,17074,0.5
1900-01-25 04:24:15,7860.5,180974,7861.0,850594,602,60756,-60154,-669620,0.5
1900-01-25 04:24:30,7860.5,213540,7861.0,907068,5017,3580,1437,-693528,0.5
1900-01-25 04:24:45,7860.5,739075,7861.0,482707,12002,50195,-38193,256368,0.5
1900-01-25 04:25:00,7860.5,834266,7861.0,361209,28738,33988,-5250,473057,0.5
1900-01-25 04:25:15,7860.5,847054,7861.0,153418,32333,6773,25560,693636,0.5
1900-01-25 04:25:30,7860.5,964960,7861.0,16791,48122,19400,28722,948169,0.5
1900-01-25 04:25:45,7861.0,1376337,7861.5,385206,15717,19400,-3683,991131,0.5
1900-01-25 04:26:00,7861.0,1537839,7861.5,890511,28969,100,28869,647328,0.5
1900-01-25 04:26:15,7861.0,1489958,7861.5,906974,21528,9527,12001,582984,0.5
1900-01-25 04:26:30,7861.0,956274,7861.5,1569407,20608,4084,16524,-613133,0.5
1900-01-25 04:26:45,7859.0,18143,7859.5,831517,115445,196735,-81290,-813374,0.5
1900-01-25 04:27:00,7855.0,261512,7855.5,826583,18627,212664,-194037,-565071,0.5
1900-01-25 04:27:15,7855.0,763084,7855.5,495582,60259,29682,30577,267502,0.5
1900-01-25 04:27:30,7854.5,21851,7855.0,626984,5660,87930,-82270,-605133,0.5
1900-01-25 04:27:45,7853.5,7213,7854.0,666123,17105,105114,-88009,-658910,0.5
1900-01-25 04:28:00,7852.5,605128,7853.0,399428,5430,87701,-82271,205700,0.5
1900-01-25 04:28:15,7852.5,728777,7853.0,278026,25405,59020,-33615,450751,0.5
1900-01-25 04:28:30,7853.0,708288,7853.5,267149,90456,15326,75130,441139,0.5
1900-01-25 04:28:45,7853.0,985995,7853.5,302056,33520,4782,28738,683939,0.5
1900-01-25 04:29:00,7853.0,1013404,7853.5,368716,3665,161,3504,644688,0.5
1900-01-25 04:29:15,7853.0,1083174,7853.5,389487,11064,5580,5484,693687,0.5
1900-01-25 04:29:30,7853.0,1022226,7853.5,297526,92491,10630,81861,724700,0.5
1900-01-25 04:29:45,7853.0,1144960,7853.5,102162,131937,1416,130521,1042798,0.5
1900-01-25 04:30:00,7853.0,1232190,7853.5,46302,28107,1736,26371,1185888,0.5
1900-01-25 04:30:15,7853.0,1179829,7853.5,49225,33000,14613,18387,1130604,0.5
1900-01-25 04:30:30,7853.0,920851,7853.5,275175,1992,644,1348,645676,0.5
1900-01-25 04:30:45,7853.0,868631,7853.5,337297,11422,3000,8422,531334,0.5
1900-01-25 04:31:00,7853.0,901852,7853.5,336947,2772,6,2766,564905,0.5
1900-01-25 04:31:15,7853.0,945381,7853.5,523080,4185,17622,-13437,422301,0.5
1900-01-25 04:31:30,7853.0,595660,7853.5,768651,16091,2574,13517,-172991,0.5
1900-01-25 04:31:45,7853.0,1001009,7853.5,288004,26707,10117,16590,713005,0.5
1900-01-25 04:32:00,7853.0,855205,7853.5,467703,6522,15200,-8678,387502,0.5
1900-01-25 04:32:15,7853.0,730541,7853.5,681997,432,19412,-18980,48544,0.5
1900-01-25 04:32:30,7852.5,109915,7853.0,1055459,12000,123137,-111137,-945544,0.5
1900-01-25 04:32:45,7851.5,247883,7852.0,764702,12000,75174,-63174,-516819,0.5
1900-01-25 04:33:00,7850.5,529334,7851.0,666707,1424,290406,-288982,-137373,0.5
1900-01-25 04:33:15,7850.5,514235,7851.0,606764,5072,9664,-4592,-92529,0.5
1900-01-25 04:33:30,7850.5,445879,7851.0,576024,20432,190415,-169983,-130145,0.5
1900-01-25 04:33:45,7850.5,797938,7851.0,728822,12132,14461,-2329,69116,0.5
1900-01-25 04:34:00,7850.5,761313,7851.0,983733,5332,133143,-127811,-222420,0.5
1900-01-25 04:34:15,7850.5,701076,7851.0,826494,5480,1474,4006,-125418,0.5
1900-01-25 04:34:30,7850.0,478980,7850.5,977973,34381,114961,-80580,-498993,0.5
1900-01-25 04:34:45,7849.0,42153,7849.5,910216,500,213075,-212575,-868063,0.5
1900-01-25 04:35:00,7849.0,61017,7849.5,952597,24981,71809,-46828,-891580,0.5
1900-01-25 04:35:15,7849.0,668898,7849.5,615394,36202,7467,28735,53504,0.5
1900-01-25 04:35:30,7849.0,626505,7849.5,436858,7303,8379,-1076,189647,0.5
1900-01-25 04:35:45,7849.0,450633,7849.5,713266,8726,67552,-58826,-262633,0.5
1900-01-25 04:36:00,7849.0,462601,7849.5,506634,972,5530,-4558,-44033,0.5
1900-01-25 04:36:15,7849.0,553855,7849.5,523509,11960,9003,2957,30346,0.5
1900-01-25 04:36:30,7850.5,1167933,7851.0,60579,104760,4000,100760,1107354,0.5
1900-01-25 04:36:45,7854.5,599347,7855.0,460703,422408,328,422080,138644,0.5
1900-01-25 04:37:00,7854.5,500111,7855.0,411181,44494,1168,43326,88930,0.5
1900-01-25 04:37:15,7854.5,731380,7855.0,275747,31307,13406,17901,455633,0.5
1900-01-25 04:37:30,7854.5,1047807,7855.0,173666,86335,2319,84016,874141,0.5
1900-01-25 04:37:45,7857.0,870513,7857.5,264911,222357,20,222337,605602,0.5
1900-01-25 04:38:00,7864.0,459740,7864.5,465485,296457,1240,295217,-5745,0.5
1900-01-25 04:38:15,7862.0,581366,7862.5,216238,24499,26296,-1797,365128,0.5
1900-01-25 04:38:30,7862.0,732894,7862.5,191525,14775,683,14092,541369,0.5
1900-01-25 04:38:45,7862.0,674698,7862.5,246695,76745,683,76062,428003,0.5
1900-01-25 04:39:00,7862.5,929288,7863.0,16237,81302,1,81301,913051,0.5
1900-01-25 04:39:15,7862.0,2576,7862.5,887475,9520,13450,-3930,-884899,0.5
1900-01-25 04:39:30,7862.0,1059913,7862.5,304149,141505,47248,94257,755764,0.5
1900-01-25 04:39:45,7862.0,412991,7862.5,934144,160450,535,159915,-521153,0.5
1900-01-25 04:40:00,7860.5,92660,7861.0,747757,15714,16294,-580,-655097,0.5
1900-01-25 04:40:15,7860.5,643376,7861.0,449658,241,4628,-4387,193718,0.5
1900-01-25 04:40:30,7861.5,1190452,7862.0,32913,66758,115396,-48638,1157539,0.5
1900-01-25 04:40:45,7862.0,1933672,7862.5,333902,83664,371,83293,1599770,0.5
1900-01-25 04:41:00,7862.0,1822885,7862.5,190296,126087,50,126037,1632589,0.5
1900-01-25 04:41:15,7862.0,234598,7862.5,762460,16875,3001,13874,-527862,0.5
1900-01-25 04:41:30,7862.0,233083,7862.5,840910,10000,16658,-6658,-607827,0.5
1900-01-25 04:41:45,7862.0,215973,7862.5,866114,406,12517,-12111,-650141,0.5
1900-01-25 04:42:00,7862.0,1368451,7862.5,637087,9393,23579,-14186,731364,0.5
1900-01-25 04:42:15,7862.0,1066241,7862.5,575674,32800,239141,-206341,490567,0.5
1900-01-25 04:42:30,7862.0,1126992,7862.5,528260,7005,30060,-23055,598732,0.5
1900-01-25 04:43:00,7862.0,576695,7862.5,937832,4277,4260,17,-361137,0.5
1900-01-25 04:43:15,7862.0,1187568,7862.5,425637,4000,4260,-260,761931,0.5
1900-01-25 04:43:30,7862.0,555471,7862.5,826525,31733,12167,19566,-271054,0.5
1900-01-25 04:43:45,7862.0,607811,7862.5,811875,3257,37200,-33943,-204064,0.5
1900-01-25 04:44:00,7862.0,703135,7862.5,846630,2010,15201,-13191,-143495,0.5
1900-01-25 04:44:15,7862.0,706815,7862.5,801260,22,6001,-5979,-94445,0.5
1900-01-25 04:44:30,7862.0,1169454,7862.5,92204,81948,6001,75947,1077250,0.5
1900-01-25 04:44:45,7862.5,1396564,7863.0,240622,193038,100,192938,1155942,0.5
1900-01-25 04:45:00,7862.5,1788920,7863.0,113464,82700,100,82600,1675456,0.5
1900-01-25 04:45:15,7862.5,1115528,7863.0,110328,50743,5005,45738,1005200,0.5
1900-01-25 04:45:30,7862.5,104647,7863.0,707266,25465,17020,8445,-602619,0.5
1900-01-25 04:45:45,7862.5,265433,7863.0,756375,247,9904,-9657,-490942,0.5
1900-01-25 04:46:00,7862.0,406029,7862.5,735482,7748,93826,-86078,-329453,0.5
1900-01-25 04:46:15,7860.0,33219,7860.5,667187,230,337452,-337222,-633968,0.5
1900-01-25 04:46:30,7858.0,9550,7858.5,824911,15560,31605,-16045,-815361,0.5
1900-01-25 04:46:45,7855.5,34132,7856.0,555428,166,140488,-140322,-521296,0.5
1900-01-25 04:47:00,7852.0,46614,7852.5,733633,46734,112023,-65289,-687019,0.5
1900-01-25 04:47:15,7849.5,1030705,7850.0,384741,91854,170578,-78724,645964,0.5
1900-01-25 04:47:30,7849.5,647980,7850.0,658898,34282,1150,33132,-10918,0.5
1900-01-25 04:47:45,7849.5,1675,7850.0,1138959,21402,11594,9808,-1137284,0.5
1900-01-25 04:48:00,7847.0,60745,7847.5,557346,14731,249484,-234753,-496601,0.5
1900-01-25 04:48:15,7845.0,708047,7845.5,378048,18127,114668,-96541,329999,0.5
1900-01-25 04:48:30,7845.5,1730425,7846.0,345870,130525,88173,42352,1384555,0.5
1900-01-25 04:48:45,7845.5,1765510,7846.0,1176895,49298,19601,29697,588615,0.5
1900-01-25 04:49:00,7845.5,1714691,7846.0,1239747,18002,19108,-1106,474944,0.5
1900-01-25 04:49:15,7845.5,1608291,7846.0,1402139,8501,3050,5451,206152,0.5
1900-01-25 04:49:30,7845.5,1382939,7846.0,1363719,2720,14303,-11583,19220,0.5
1900-01-25 04:49:45,7845.5,1376748,7846.0,456292,12900,15362,-2462,920456,0.5
1900-01-25 04:50:00,7845.5,78649,7846.0,1114822,719,46710,-45991,-1036173,0.5
1900-01-25 04:50:15,7842.0,1031454,7842.5,361673,71067,212052,-140985,669781,0.5
1900-01-25 04:50:30,7842.0,992070,7842.5,324579,810,74773,-73963,667491,0.5
1900-01-25 04:50:45,7842.0,820885,7842.5,386235,17413,14674,2739,434650,0.5
1900-01-25 04:51:00,7842.0,858057,7842.5,233660,6758,10327,-3569,624397,0.5
1900-01-25 04:51:15,7842.0,761712,7842.5,257269,74588,105807,-31219,504443,0.5
1900-01-25 04:51:30,7842.0,785560,7842.5,376747,4611,17711,-13100,408813,0.5
1900-01-25 04:51:45,7842.0,888421,7842.5,68342,12791,1648,11143,820079,0.5
1900-01-25 04:52:00,7841.5,66921,7842.0,2426818,294509,17551,276958,-2359897,0.5
1900-01-25 04:52:15,7840.0,580407,7840.5,842295,12000,416398,-404398,-261888,0.5
1900-01-25 04:52:30,7834.0,167579,7834.5,465691,5098,142402,-137304,-298112,0.5
1900-01-25 04:52:45,7834.0,599012,7834.5,951101,62073,32254,29819,-352089,0.5
1900-01-25 04:53:00,7834.0,494016,7834.5,912453,19792,114346,-94554,-418437,0.5
1900-01-25 04:53:15,7833.0,202459,7833.5,475884,29587,355616,-326029,-273425,0.5
1900-01-25 04:53:30,7832.5,433126,7833.0,464999,40948,92563,-51615,-31873,0.5
1900-01-25 04:53:45,7832.5,475060,7833.0,875731,34096,121615,-87519,-400671,0.5
1900-01-25 04:54:00,7832.5,480430,7833.0,816982,26021,50485,-24464,-336552,0.5
1900-01-25 04:54:15,7832.5,457995,7833.0,762217,10751,62456,-51705,-304222,0.5
1900-01-25 04:54:30,7832.5,658627,7833.0,654204,98530,26661,71869,4423,0.5
1900-01-25 04:54:45,7832.5,597516,7833.0,889145,110852,13019,97833,-291629,0.5
1900-01-25 04:55:00,7832.5,790291,7833.0,698724,90675,627,90048,91567,0.5
1900-01-25 04:55:15,7836.5,402319,7837.0,167784,803451,8263,795188,234535,0.5
1900-01-25 04:55:30,7839.5,768160,7840.0,6165,233437,32364,201073,761995,0.5
1900-01-25 04:55:45,7841.5,372625,7842.0,849746,222602,48116,174486,-477121,0.5
1900-01-25 04:56:00,7841.5,85782,7842.0,1058940,64835,57007,7828,-973158,0.5
1900-01-25 04:56:15,7841.5,83283,7842.0,1175165,39523,14826,24697,-1091882,0.5
1900-01-25 04:56:30,7836.0,550736,7836.5,318985,57535,4957,52578,231751,0.5
1900-01-25 04:56:45,7836.0,255032,7836.5,753432,17355,12556,4799,-498400,0.5
1900-01-25 04:57:00,7836.0,365766,7836.5,384962,5000,47768,-42768,-19196,0.5
1900-01-25 04:57:15,7835.0,63237,7835.5,1166252,16289,5072,11217,-1103015,0.5
1900-01-25 04:57:30,7833.5,259829,7834.0,207756,18274,67735,-49461,52073,0.5
1900-01-25 04:57:45,7835.0,518177,7835.5,270583,40107,58372,-18265,247594,0.5
1900-01-25 04:58:00,7835.0,700658,7835.5,26940,82800,1950,80850,673718,0.5
1900-01-25 04:58:15,7840.5,447365,7841.0,23726,83968,8503,75465,423639,0.5
1900-01-25 04:58:30,7839.5,292387,7840.0,465203,45344,25261,20083,-172816,0.5
1900-01-25 04:58:45,7839.5,686649,7840.0,6594,118325,396,117929,680055,0.5
1900-01-25 04:59:00,7843.5,707430,7844.0,1439,68658,1284,67374,705991,0.5
1900-01-25 04:59:15,7844.5,556720,7845.0,362500,37791,5945,31846,194220,0.5
1900-01-25 04:59:30,7844.5,614725,7845.0,38665,33401,12643,20758,576060,0.5
1900-01-25 04:59:45,7843.5,68929,7844.0,667450,42310,32981,9329,-598521,0.5
1900-01-25 05:00:00,7843.5,650288,7844.0,57794,31235,19125,12110,592494,0.5
1900-01-25 05:00:15,7843.5,532922,7844.0,307905,53319,194391,-141072,225017,0.5
1900-01-25 05:00:30,7843.5,491431,7844.0,345768,11101,1000,10101,145663,0.5
1900-01-25 05:00:45,7843.5,64410,7844.0,1145317,202,7101,-6899,-1080907,0.5
1900-01-25 05:01:00,7843.0,8915,7843.5,1375928,545,66026,-65481,-1367013,0.5
1900-01-25 05:01:15,7841.5,76890,7842.0,1059348,29466,18333,11133,-982458,0.5
1900-01-25 05:01:30,7840.0,2416,7840.5,830216,2000,137775,-135775,-827800,0.5
1900-01-25 05:01:45,7838.0,203521,7838.5,932658,7458,29071,-21613,-729137,0.5
1900-01-25 05:02:00,7836.0,328672,7836.5,236027,9707,203236,-193529,92645,0.5
1900-01-25 05:02:15,7836.0,555861,7836.5,300256,7320,10829,-3509,255605,0.5
1900-01-25 05:02:30,7836.0,715849,7836.5,263828,3701,1241,2460,452021,0.5
1900-01-25 05:02:45,7836.0,1294793,7836.5,104055,16461,412,16049,1190738,0.5
1900-01-25 05:03:00,7838.0,430051,7838.5,247234,45666,60,45606,182817,0.5
1900-01-25 05:03:15,7838.5,448184,7839.0,44483,22559,1000,21559,403701,0.5
1900-01-25 05:03:30,7840.0,621008,7840.5,24832,76762,5439,71323,596176,0.5
1900-01-25 05:03:45,7841.5,343012,7842.0,1180786,47635,10026,37609,-837774,0.5
1900-01-25 05:04:00,7841.0,96005,7841.5,1345340,38974,139772,-100798,-1249335,0.5
1900-01-25 05:04:15,7841.0,301133,7841.5,1657915,33583,569579,-535996,-1356782,0.5
1900-01-25 05:04:30,7838.5,217572,7839.0,812700,23674,43585,-19911,-595128,0.5
1900-01-25 05:04:45,7838.5,376916,7839.0,550508,85645,12858,72787,-173592,0.5
1900-01-25 05:05:00,7838.5,369447,7839.0,429769,79,834,-755,-60322,0.5
1900-01-25 05:05:15,7838.5,397101,7839.0,694794,1501,31,1470,-297693,0.5
1900-01-25 05:05:30,7838.5,286332,7839.0,739056,6622,8585,-1963,-452724,0.5
1900-01-25 05:05:45,7837.0,491208,7837.5,520832,841,19180,-18339,-29624,0.5
1900-01-25 05:06:00,7837.0,346571,7837.5,984262,25658,43401,-17743,-637691,0.5
1900-01-25 05:06:15,7837.0,302982,7837.5,827386,3267,21051,-17784,-524404,0.5
1900-01-25 05:06:30,7837.0,731406,7837.5,255156,28653,24026,4627,476250,0.5
1900-01-25 05:06:45,7837.0,721595,7837.5,230938,7016,3006,4010,490657,0.5
1900-01-25 05:07:00,7837.0,458449,7837.5,276843,4525,100450,-95925,181606,0.5
1900-01-25 05:07:15,7837.0,630647,7837.5,183014,10380,73501,-63121,447633,0.5
1900-01-25 05:07:30,7837.0,214241,7837.5,781241,11040,250,10790,-567000,0.5
1900-01-25 05:07:45,7832.5,143535,7833.0,1138782,13800,502119,-488319,-995247,0.5
1900-01-25 05:08:00,7823.0,31878,7824.5,533152,22770,500790,-478020,-501274,1.5
1900-01-25 05:08:15,7831.0,50056,7831.5,351261,303426,471122,-167696,-301205,0.5
1900-01-25 05:08:30,7831.0,194294,7831.5,1499236,12695,47907,-35212,-1304942,0.5
1900-01-25 05:08:45,7827.0,732382,7828.0,81698,67743,122760,-55017,650684,1.0
1900-01-25 05:09:00,7827.5,367024,7828.0,230123,194489,175679,18810,136901,0.5
1900-01-25 05:09:15,7827.5,437646,7828.0,285798,111855,29250,82605,151848,0.5
1900-01-25 05:09:30,7830.0,533416,7830.5,259704,73327,720,72607,273712,0.5
1900-01-25 05:09:45,7831.0,537435,7831.5,296938,48324,451,47873,240497,0.5
1900-01-25 05:10:00,7831.0,384344,7831.5,907109,20694,14111,6583,-522765,0.5
1900-01-25 05:10:15,7831.0,666937,7831.5,267124,10422,37350,-26928,399813,0.5
1900-01-25 05:10:30,7831.0,5000,7831.5,1066787,50258,190813,-140555,-1061787,0.5
1900-01-25 05:10:45,7829.0,1212,7829.5,1294446,7950,119280,-111330,-1293234,0.5
1900-01-25 05:11:00,7827.5,655671,7828.0,384989,33457,14455,19002,270682,0.5
1900-01-25 05:11:15,7827.5,634178,7828.0,423591,6500,53370,-46870,210587,0.5
1900-01-25 05:11:30,7827.0,111091,7827.5,1131483,92080,102011,-9931,-1020392,0.5
1900-01-25 05:11:45,7825.5,91515,7826.0,663665,31146,59961,-28815,-572150,0.5
1900-01-25 05:12:00,7821.0,294131,7821.5,631226,72696,306310,-233614,-337095,0.5
1900-01-25 05:12:15,7811.0,104922,7811.5,269430,34460,2307677,-2273217,-164508,0.5
1900-01-25 05:12:30,7817.5,7292,7818.0,110206,514572,136013,378559,-102914,0.5
1900-01-25 05:12:45,7816.5,458388,7817.0,2129,76639,93411,-16772,456259,0.5
1900-01-25 05:13:00,7818.0,783538,7818.5,24539,57686,81886,-24200,758999,0.5
1900-01-25 05:13:15,7820.5,713783,7821.0,405780,191767,27,191740,308003,0.5
1900-01-25 05:13:30,7821.0,688245,7821.5,1011885,302878,122472,180406,-323640,0.5
1900-01-25 05:13:45,7821.0,437612,7821.5,1101550,19565,92591,-73026,-663938,0.5
1900-01-25 05:14:00,7821.0,513667,7821.5,978048,70937,14352,56585,-464381,0.5
1900-01-25 05:14:15,7821.0,17518,7821.5,1159908,60104,81435,-21331,-1142390,0.5
1900-01-25 05:14:30,7816.5,743594,7817.0,96871,6941,50826,-43885,646723,0.5
1900-01-25 05:14:45,7818.5,54233,7819.0,711675,85440,51921,33519,-657442,0.5
1900-01-25 05:15:00,7818.0,60904,7818.5,686793,32861,11977,20884,-625889,0.5
1900-01-25 05:15:15,7817.5,24915,7818.0,955247,10225,31562,-21337,-930332,0.5
1900-01-25 05:15:30,7813.0,690971,7813.5,374900,32349,30980,1369,316071,0.5
1900-01-25 05:15:45,7809.5,232693,7810.0,466989,34274,310233,-275959,-234296,0.5
1900-01-25 05:16:00,7811.5,533363,7812.0,1177015,94608,151473,-56865,-643652,0.5
1900-01-25 05:16:15,7811.5,677134,7812.0,878702,25457,119834,-94377,-201568,0.5
1900-01-25 05:16:30,7816.0,473819,7816.5,5042,712525,12080,700445,468777,0.5
1900-01-25 05:16:45,7815.0,42208,7815.5,736651,7599,114885,-107286,-694443,0.5
1900-01-25 05:17:00,7813.0,432225,7813.5,132878,23442,17074,6368,299347,0.5
1900-01-25 05:17:15,7813.0,292679,7813.5,113006,124124,49016,75108,179673,0.5
1900-01-25 05:17:30,7814.0,343118,7814.5,527340,69096,3476,65620,-184222,0.5
1900-01-25 05:17:45,7814.0,106444,7814.5,516586,3600,98809,-95209,-410142,0.5
1900-01-25 05:18:00,7814.0,16394,7814.5,782649,11551,26269,-14718,-766255,0.5
1900-01-25 05:18:15,7811.5,221385,7812.0,900784,2991,175909,-172918,-679399,0.5
1900-01-25 05:18:30,7811.5,127792,7812.0,726403,15759,137600,-121841,-598611,0.5
1900-01-25 05:18:45,7807.0,540683,7807.5,66632,18025,82347,-64322,474051,0.5
1900-01-25 05:19:00,7807.5,606638,7808.0,164940,91910,84138,7772,441698,0.5
1900-01-25 05:19:15,7805.5,442046,7806.0,363899,52914,128880,-75966,78147,0.5
1900-01-25 05:19:30,7805.0,334316,7805.5,502903,18904,122156,-103252,-168587,0.5
1900-01-25 05:19:45,7805.0,371250,7805.5,986107,20985,110408,-89423,-614857,0.5
1900-01-25 05:20:00,7807.5,306469,7808.0,422190,227857,146617,81240,-115721,0.5
1900-01-25 05:20:15,7805.5,169094,7806.0,839555,24947,77240,-52293,-670461,0.5
1900-01-25 05:20:30,7807.0,509590,7807.5,76910,196115,106271,89844,432680,0.5
1900-01-25 05:20:45,7815.0,148187,7815.5,856260,340278,14324,325954,-708073,0.5
1900-01-25 05:21:00,7815.5,481622,7816.0,34811,155082,5813,149269,446811,0.5
1900-01-25 05:21:15,7821.5,402985,7822.0,419618,242816,14500,228316,-16633,0.5
1900-01-25 05:21:30,7821.5,405173,7822.0,788021,69436,3764,65672,-382848,0.5
1900-01-25 05:21:45,7821.5,245442,7822.0,877204,127730,67349,60381,-631762,0.5
1900-01-25 05:22:00,7821.5,215110,7822.0,859404,58507,90905,-32398,-644294,0.5
1900-01-25 05:22:15,7820.5,171134,7821.0,834587,32505,157428,-124923,-663453,0.5
1900-01-25 05:22:30,7821.5,568699,7822.0,414337,134577,43928,90649,154362,0.5
1900-01-25 05:22:45,7821.5,360933,7822.0,800075,93633,18228,75405,-439142,0.5
1900-01-25 05:23:00,7821.5,293717,7822.0,753173,69253,37107,32146,-459456,0.5
1900-01-25 05:23:15,7821.5,83376,7822.0,825390,21200,43938,-22738,-742014,0.5
1900-01-25 05:23:30,7821.0,113387,7821.5,1529274,10737,88804,-78067,-1415887,0.5
1900-01-25 05:23:45,7820.0,337325,7820.5,1506620,18300,87151,-68851,-1169295,0.5
1900-01-25 05:24:00,7820.0,207403,7820.5,1413398,21730,105711,-83981,-1205995,0.5
1900-01-25 05:24:15,7817.5,6418,7818.0,836181,3101,69856,-66755,-829763,0.5
1900-01-25 05:24:30,7817.5,1250919,7818.0,172038,27190,105790,-78600,1078881,0.5
1900-01-25 05:24:45,7817.5,1682276,7818.0,220423,45546,958,44588,1461853,0.5
1900-01-25 05:25:00,7820.0,629424,7820.5,47656,93862,15397,78465,581768,0.5
1900-01-25 05:25:15,7820.5,645271,7821.0,279711,61151,3985,57166,365560,0.5
1900-01-25 05:25:30,7823.0,758541,7823.5,65926,88522,26075,62447,692615,0.5
1900-01-25 05:25:45,7823.0,575680,7823.5,139445,150356,15734,134622,436235,0.5
1900-01-25 05:26:00,7824.5,705690,7825.0,101261,28918,45233,-16315,604429,0.5
1900-01-25 05:26:15,7827.0,822116,7827.5,34536,65613,50,65563,787580,0.5
1900-01-25 05:26:30,7827.0,518665,7827.5,218323,19902,113263,-93361,300342,0.5
1900-01-25 05:26:45,7827.0,301893,7827.5,625832,25577,3680,21897,-323939,0.5
1900-01-25 05:27:00,7827.0,204251,7827.5,642588,5723,29983,-24260,-438337,0.5
1900-01-25 05:27:15,7827.0,182595,7827.5,632934,31257,4800,26457,-450339,0.5
1900-01-25 05:27:30,7827.0,217518,7827.5,648265,5929,20222,-14293,-430747,0.5
1900-01-25 05:27:45,7826.0,49035,7826.5,739515,36165,68091,-31926,-690480,0.5
1900-01-25 05:28:00,7823.5,223294,7824.0,884367,4758,119831,-115073,-661073,0.5
1900-01-25 05:28:15,7821.0,11889,7821.5,804162,2011,264423,-262412,-792273,0.5
1900-01-25 05:28:30,7818.0,24343,7818.5,1000906,760,54269,-53509,-976563,0.5
1900-01-25 05:28:45,7816.0,595135,7816.5,109489,76588,68045,8543,485646,0.5
1900-01-25 05:29:00,7820.0,62166,7820.5,997288,99297,36413,62884,-935122,0.5
1900-01-25 05:29:15,7820.0,634751,7820.5,1223894,9001,57350,-48349,-589143,0.5
1900-01-25 05:29:30,7820.0,614515,7820.5,1119541,477,30371,-29894,-505026,0.5
1900-01-25 05:29:45,7820.0,418314,7820.5,1149899,3025,251311,-248286,-731585,0.5
1900-01-25 05:30:00,7819.5,8120,7820.5,1316325,3912,170769,-166857,-1308205,1.0
1900-01-25 05:30:15,7812.0,239177,7812.5,434154,34851,161340,-126489,-194977,0.5
1900-01-25 05:30:30,7810.5,27188,7811.0,671198,6455,100840,-94385,-644010,0.5
1900-01-25 05:30:45,7809.0,147147,7809.5,582378,123964,99132,24832,-435231,0.5
1900-01-25 05:31:00,7809.0,397993,7809.5,138180,116134,48006,68128,259813,0.5
1900-01-25 05:31:15,7809.0,537937,7809.5,170761,93558,19249,74309,367176,0.5
1900-01-25 05:31:30,7807.0,13332,7807.5,538268,17563,53770,-36207,-524936,0.5
1900-01-25 05:31:45,7807.0,589369,7807.5,650854,22557,91317,-68760,-61485,0.5
1900-01-25 05:32:00,7807.0,952528,7807.5,407835,30382,79067,-48685,544693,0.5
1900-01-25 05:32:15,7807.5,268770,7808.0,584258,103381,19214,84167,-315488,0.5
1900-01-25 05:32:30,7807.5,82610,7808.0,833757,19044,67764,-48720,-751147,0.5
1900-01-25 05:32:45,7807.5,29613,7808.0,899900,1520,10790,-9270,-870287,0.5
1900-01-25 05:33:00,7803.5,112271,7804.0,420522,11290,373636,-362346,-308251,0.5
1900-01-25 05:33:15,7803.0,655577,7803.5,60072,375413,606233,-230820,595505,0.5
1900-01-25 05:33:30,7805.0,212062,7805.5,534948,138849,45842,93007,-322886,0.5
1900-01-25 05:33:45,7801.5,583751,7802.0,276597,35718,76089,-40371,307154,0.5
1900-01-25 05:34:00,7804.5,346460,7805.0,553419,281980,26877,255103,-206959,0.5
1900-01-25 05:34:15,7804.5,613992,7805.0,299007,20847,21701,-854,314985,0.5
1900-01-25 05:34:30,7810.5,672386,7811.0,34366,83970,16011,67959,638020,0.5
1900-01-25 05:34:45,7811.5,612435,7812.0,81233,44796,4104,40692,531202,0.5
1900-01-25 05:35:00,7813.0,199877,7813.5,501278,80277,33631,46646,-301401,0.5
1900-01-25 05:35:15,7813.0,944622,7813.5,398809,28712,16351,12361,545813,0.5
1900-01-25 05:35:30,7817.0,324943,7817.5,615422,131381,7498,123883,-290479,0.5
1900-01-25 05:35:45,7819.0,965686,7819.5,21431,84100,31483,52617,944255,0.5
1900-01-25 05:36:00,7820.0,783952,7820.5,19140,108999,5338,103661,764812,0.5
1900-01-25 05:36:15,7821.0,196283,7821.5,739596,3470,25958,-22488,-543313,0.5
1900-01-25 05:36:30,7821.0,376919,7821.5,698684,49702,53740,-4038,-321765,0.5
1900-01-25 05:36:45,7820.0,954725,7820.5,681880,21787,45584,-23797,272845,0.5
1900-01-25 05:37:00,7820.0,1414421,7820.5,3712,60501,61151,-650,1410709,0.5
1900-01-25 05:37:15,7821.5,940658,7822.0,168881,98890,3530,95360,771777,0.5
1900-01-25 05:37:30,7821.5,926273,7822.0,175238,11172,6587,4585,751035,0.5
1900-01-25 05:37:45,7821.5,957816,7822.0,71820,65875,10384,55491,885996,0.5
1900-01-25 05:38:00,7822.5,829263,7823.0,252773,77510,1000,76510,576490,0.5
1900-01-25 05:38:15,7824.5,900905,7825.0,185002,246282,243,246039,715903,0.5
1900-01-25 05:38:30,7825.0,492500,7825.5,338486,115527,3741,111786,154014,0.5
1900-01-25 05:38:45,7825.0,478674,7825.5,185513,9201,38036,-28835,293161,0.5
1900-01-25 05:39:00,7821.5,40784,7822.0,792128,20500,244703,-224203,-751344,0.5
1900-01-25 05:39:15,7816.5,487150,7817.0,365431,8151,64459,-56308,121719,0.5
1900-01-25 05:39:30,7816.5,458101,7817.0,166817,104024,65917,38107,291284,0.5
1900-01-25 05:39:45,7816.5,813841,7817.0,121836,81781,1385,80396,692005,0.5
1900-01-25 05:40:00,7817.0,1310000,7817.5,2445,177930,49184,128746,1307555,0.5
1900-01-25 05:40:15,7818.0,616016,7818.5,2339,95565,15536,80029,613677,0.5
1900-01-25 05:40:30,7820.0,1127310,7820.5,14817,42834,13063,29771,1112493,0.5
1900-01-25 05:40:45,7821.0,267511,7821.5,590376,17107,12655,4452,-322865,0.5
1900-01-25 05:41:00,7821.0,592766,7821.5,1051,52064,44040,8024,591715,0.5
1900-01-25 05:41:15,7822.5,615867,7823.0,47697,25681,410,25271,568170,0.5
1900-01-25 05:41:30,7823.0,1032415,7823.5,277392,20446,34540,-14094,755023,0.5
1900-01-25 05:41:45,7823.0,122152,7823.5,1213307,13278,1900,11378,-1091155,0.5
1900-01-25 05:42:00,7823.0,218144,7823.5,874758,46181,132340,-86159,-656614,0.5
1900-01-25 05:42:15,7823.0,404732,7823.5,746917,50,20740,-20690,-342185,0.5
1900-01-25 05:42:30,7823.0,492818,7823.5,807885,167,12578,-12411,-315067,0.5
1900-01-25 05:42:45,7822.0,52783,7822.5,630426,196,28062,-27866,-577643,0.5
1900-01-25 05:43:00,7821.5,54144,7822.0,578952,10,12324,-12314,-524808,0.5
1900-01-25 05:43:15,7821.0,639783,7821.5,574227,3370,20022,-16652,65556,0.5
1900-01-25 05:43:30,7821.0,1034212,7821.5,252750,85590,4770,80820,781462,0.5
1900-01-25 05:43:45,7821.0,1299213,7821.5,206237,13175,4516,8659,1092976,0.5
1900-01-25 05:44:00,7821.0,1307353,7821.5,204850,15984,1447,14537,1102503,0.5
1900-01-25 05:44:15,7821.0,1354079,7821.5,219641,30156,150,30006,1134438,0.5
1900-01-25 05:44:30,7821.5,1299808,7822.0,5968,10859,1416,9443,1293840,0.5
1900-01-25 05:44:45,7822.5,1492175,7823.0,108212,77909,16,77893,1383963,0.5
1900-01-25 05:45:00,7824.5,604814,7825.0,193136,168455,53366,115089,411678,0.5
1900-01-25 05:45:15,7825.5,880365,7826.0,331508,44006,3231,40775,548857,0.5
1900-01-25 05:45:30,7827.5,1216708,7828.0,88708,276824,6410,270414,1128000,0.5
1900-01-25 05:45:45,7829.5,646317,7830.0,245067,110080,1045,109035,401250,0.5
1900-01-25 05:46:00,7830.0,1148092,7830.5,51006,93032,1701,91331,1097086,0.5
1900-01-25 05:46:15,7831.0,282901,7831.5,520571,98233,20607,77626,-237670,0.5
1900-01-25 05:46:30,7831.0,628571,7831.5,298013,100153,2406,97747,330558,0.5
1900-01-25 05:46:45,7831.0,884749,7831.5,410224,47237,11796,35441,474525,0.5
1900-01-25 05:47:00,7832.0,968254,7832.5,45391,93039,40,92999,922863,0.5
1900-01-25 05:47:15,7832.5,1474892,7833.0,138563,27804,40,27764,1336329,0.5
1900-01-25 05:47:30,7837.5,947298,7838.0,312692,85948,62961,22987,634606,0.5
1900-01-25 05:47:45,7837.5,728075,7838.0,999560,135189,4002,131187,-271485,0.5
1900-01-25 05:48:00,7837.5,27626,7838.0,1261762,88820,14742,74078,-1234136,0.5
1900-01-25 05:48:15,7835.0,686742,7835.5,27286,267391,155229,112162,659456,0.5
1900-01-25 05:48:30,7837.5,667261,7838.0,172360,83410,46536,36874,494901,0.5
1900-01-25 05:48:45,7836.0,38761,7836.5,756986,33282,17621,15661,-718225,0.5
1900-01-25 05:49:00,7836.0,150499,7836.5,1008230,20200,24552,-4352,-857731,0.5
1900-01-25 05:49:15,7835.0,6875,7835.5,1100658,2301,83589,-81288,-1093783,0.5
1900-01-25 05:49:30,7833.0,888694,7833.5,160847,70323,11107,59216,727847,0.5
1900-01-25 05:49:45,7833.0,898134,7833.5,8360,46740,16123,30617,889774,0.5
1900-01-25 05:50:00,7835.5,801769,7836.0,55696,10340,5977,4363,746073,0.5
1900-01-25 05:50:15,7835.5,980182,7836.0,35543,28030,3810,24220,944639,0.5
1900-01-25 05:50:30,7835.5,1059661,7836.0,64088,6190,40706,-34516,995573,0.5
1900-01-25 05:50:45,7835.5,926807,7836.0,86409,32328,3283,29045,840398,0.5
1900-01-25 05:51:00,7836.0,1237653,7836.5,115737,66667,51,66616,1121916,0.5
1900-01-25 05:51:15,7836.5,1502214,7837.0,41378,112178,10,112168,1460836,0.5
1900-01-25 05:51:30,7837.5,280112,7838.0,689887,55005,83765,-28760,-409775,0.5
1900-01-25 05:51:45,7837.5,301691,7838.0,725224,21429,79775,-58346,-423533,0.5
1900-01-25 05:52:00,7837.5,853163,7838.0,58826,138404,5051,133353,794337,0.5
1900-01-25 05:52:15,7838.0,1012221,7838.5,195097,129257,5051,124206,817124,0.5
1900-01-25 05:52:30,7838.0,1280589,7838.5,172035,53780,1048,52732,1108554,0.5
1900-01-25 05:52:45,7838.0,789953,7838.5,688381,34050,1,34049,101572,0.5
1900-01-25 05:53:00,7838.0,627967,7838.5,908222,59204,76507,-17303,-280255,0.5
1900-01-25 05:53:15,7837.5,231731,7838.0,700843,11626,384694,-373068,-469112,0.5
1900-01-25 05:53:30,7837.0,492,7837.5,800684,700,78652,-77952,-800192,0.5
1900-01-25 05:53:45,7835.5,2144,7836.0,1400634,491,52024,-51533,-1398490,0.5
1900-01-25 05:54:00,7833.0,155370,7833.5,867357,25119,53799,-28680,-711987,0.5
1900-01-25 05:54:15,7833.0,885171,7833.5,123047,29357,29637,-280,762124,0.5
1900-01-25 05:54:30,7833.0,787066,7833.5,335809,2466,12310,-9844,451257,0.5
1900-01-25 05:54:45,7833.0,915638,7833.5,241982,1184,24172,-22988,673656,0.5
1900-01-25 05:55:00,7839.5,624665,7840.0,182455,266546,10491,256055,442210,0.5
1900-01-25 05:55:15,7839.5,298738,7840.0,681757,89097,10491,78606,-383019,0.5
1900-01-25 05:55:30,7839.5,132498,7840.0,646705,25657,21664,3993,-514207,0.5
1900-01-25 05:55:45,7839.5,865540,7840.0,88276,16092,21664,-5572,777264,0.5
1900-01-25 05:56:00,7841.5,844940,7842.0,231365,81388,2189,79199,613575,0.5
1900-01-25 05:56:15,7842.0,1393625,7842.5,70277,266989,3001,263988,1323348,0.5
1900-01-25 05:56:30,7843.0,721168,7843.5,222751,112778,3,112775,498417,0.5
1900-01-25 05:56:45,7842.5,143546,7843.0,688187,12772,182579,-169807,-544641,0.5
1900-01-25 05:57:00,7842.5,11948,7843.0,828414,11130,28633,-17503,-816466,0.5
1900-01-25 05:57:15,7842.0,218565,7842.5,655180,23,5995,-5972,-436615,0.5
1900-01-25 05:57:30,7842.0,105684,7842.5,826967,17462,23131,-5669,-721283,0.5
1900-01-25 05:57:45,7843.0,695091,7843.5,150027,12472,17502,-5030,545064,0.5
1900-01-25 05:58:00,7843.5,1122820,7844.0,82274,57371,4100,53271,1040546,0.5
1900-01-25 05:58:15,7844.5,780753,7845.0,208364,63754,10070,53684,572389,0.5
1900-01-25 05:58:30,7844.5,808883,7845.0,49841,64017,31051,32966,759042,0.5
1900-01-25 05:58:45,7844.5,6554,7845.0,642125,41439,14681,26758,-635571,0.5
1900-01-25 05:59:00,7842.0,159409,7842.5,501646,132744,63554,69190,-342237,0.5
1900-01-25 05:59:15,7842.0,102440,7842.5,618418,24190,32259,-8069,-515978,0.5
1900-01-25 05:59:30,7842.0,367913,7842.5,543654,20231,24223,-3992,-175741,0.5
1900-01-25 05:59:45,7844.0,421688,7844.5,569879,73777,14602,59175,-148191,0.5
1900-01-25 06:00:00,7845.0,252841,7845.5,766963,4903,6210,-1307,-514122,0.5
1900-01-25 06:00:15,7845.0,316100,7845.5,1253117,94041,20253,73788,-937017,0.5
1900-01-25 06:00:30,7845.0,358207,7845.5,744011,62392,13919,48473,-385804,0.5
1900-01-25 06:00:45,7845.0,258383,7845.5,782003,22905,17406,5499,-523620,0.5
1900-01-25 06:01:00,7845.0,109722,7845.5,1342359,13119,11869,1250,-1232637,0.5
1900-01-25 06:01:15,7844.5,618478,7845.0,934780,8000,124084,-116084,-316302,0.5
1900-01-25 06:01:30,7844.5,370776,7845.0,1000468,4188,254119,-249931,-629692,0.5
1900-01-25 06:01:45,7844.5,316718,7845.0,1366061,8171,40615,-32444,-1049343,0.5
1900-01-25 06:02:00,7844.5,233845,7845.0,1425927,9796,102791,-92995,-1192082,0.5
1900-01-25 06:02:15,7844.5,67913,7845.0,1664664,52,151870,-151818,-1596751,0.5
1900-01-25 06:02:30,7840.0,333987,7840.5,696624,10,139522,-139512,-362637,0.5
1900-01-25 06:02:45,7840.0,64086,7840.5,764346,5549,88444,-82895,-700260,0.5
1900-01-25 06:03:00,7840.0,48754,7840.5,917832,504,36203,-35699,-869078,0.5
1900-01-25 06:03:15,7839.5,495872,7840.0,574766,21660,38756,-17096,-78894,0.5
1900-01-25 06:03:30,7835.0,63265,7835.5,21131,19402,139287,-119885,42134,0.5
1900-01-25 06:03:45,7832.5,1447,7833.0,838559,1300,132292,-130992,-837112,0.5
1900-01-25 06:04:00,7831.0,85358,7831.5,902569,4600,70752,-66152,-817211,0.5
1900-01-25 06:04:15,7831.0,613394,7831.5,362284,9183,37917,-28734,251110,0.5
1900-01-25 06:04:30,7831.0,118004,7831.5,704943,83574,12307,71267,-586939,0.5
1900-01-25 06:04:45,7831.0,138248,7831.5,568470,300,52799,-52499,-430222,0.5
1900-01-25 06:05:00,7831.0,559639,7831.5,324492,371,19617,-19246,235147,0.5
1900-01-25 06:05:15,7830.5,303886,7831.0,823270,35300,51529,-16229,-519384,0.5
1900-01-25 06:05:30,7830.5,272982,7831.0,931094,1,21853,-21852,-658112,0.5
1900-01-25 06:05:45,7830.5,245041,7831.0,925438,301,31551,-31250,-680397,0.5
1900-01-25 06:06:00,7830.0,13310,7830.5,1076824,1,233737,-233736,-1063514,0.5
1900-01-25 06:06:15,7826.5,598144,7827.0,482843,23133,121095,-97962,115301,0.5
1900-01-25 06:06:30,7826.5,555438,7827.0,563886,15000,83067,-68067,-8448,0.5
1900-01-25 06:06:45,7826.5,60998,7827.0,996521,15012,18103,-3091,-935523,0.5
1900-01-25 06:07:00,7829.5,738747,7830.5,11372,97915,8192,89723,727375,1.0
1900-01-25 06:07:15,7833.5,450587,7834.0,117733,189416,3774,185642,332854,0.5
1900-01-25 06:07:30,7834.0,439345,7834.5,702072,107860,1500,106360,-262727,0.5
1900-01-25 06:07:45,7834.0,249645,7834.5,745577,7420,4975,2445,-495932,0.5
1900-01-25 06:08:00,7834.0,100963,7834.5,932920,3821,14755,-10934,-831957,0.5
1900-01-25 06:08:15,7834.0,33910,7834.5,969058,14571,34033,-19462,-935148,0.5
1900-01-25 06:08:30,7834.0,192463,7834.5,940208,460,19651,-19191,-747745,0.5
1900-01-25 06:08:45,7834.0,14354,7834.5,1002586,5288,63807,-58519,-988232,0.5
1900-01-25 06:09:00,7830.5,51064,7831.0,588660,5248,237083,-231835,-537596,0.5
1900-01-25 06:09:15,7830.5,54310,7831.0,816079,6301,36780,-30479,-761769,0.5
1900-01-25 06:09:30,7830.5,67196,7831.0,959776,200,1564,-1364,-892580,0.5
1900-01-25 06:09:45,7830.5,42868,7831.0,981449,200,23788,-23588,-938581,0.5
1900-01-25 06:10:00,7830.5,72122,7831.0,951614,124,3970,-3846,-879492,0.5
1900-01-25 06:10:15,7830.0,768088,7830.5,1025458,750,287344,-286594,-257370,0.5
1900-01-25 06:10:30,7830.0,763301,7830.5,937161,151,14035,-13884,-173860,0.5
1900-01-25 06:10:45,7830.0,846779,7830.5,948669,1500,142377,-140877,-101890,0.5
1900-01-25 06:11:00,7830.0,1128899,7830.5,541644,410,21691,-21281,587255,0.5
1900-01-25 06:11:15,7830.0,1204521,7830.5,150403,49606,664,48942,1054118,0.5
1900-01-25 06:11:30,7830.5,1069535,7831.0,307979,30281,1535,28746,761556,0.5
1900-01-25 06:11:45,7830.5,1016286,7831.0,186600,45838,1500,44338,829686,0.5
1900-01-25 06:12:00,7830.5,19075,7831.0,850212,10368,9787,581,-831137,0.5
1900-01-25 06:12:15,7830.5,567030,7831.0,369917,760,850,-90,197113,0.5
1900-01-25 06:12:30,7832.5,224938,7833.0,750545,68126,5548,62578,-525607,0.5
1900-01-25 06:12:45,7832.5,242097,7833.0,627335,3087,7719,-4632,-385238,0.5
1900-01-25 06:13:00,7832.0,164624,7832.5,901705,6583,30579,-23996,-737081,0.5
1900-01-25 06:13:15,7832.0,653360,7832.5,327614,18438,17997,441,325746,0.5
1900-01-25 06:13:30,7832.0,330717,7832.5,719910,706,17997,-17291,-389193,0.5
1900-01-25 06:13:45,7832.0,675252,7832.5,103103,7633,8044,-411,572149,0.5
1900-01-25 06:14:00,7832.0,330105,7832.5,702056,18047,1912,16135,-371951,0.5
1900-01-25 06:14:15,7832.0,351030,7832.5,739142,2543,5020,-2477,-388112,0.5
1900-01-25 06:14:30,7832.0,176624,7832.5,608593,3100,67361,-64261,-431969,0.5
1900-01-25 06:14:45,7832.0,144780,7832.5,676135,1050,7825,-6775,-531355,0.5
1900-01-25 06:15:00,7837.5,449596,7838.0,146203,206530,10079,196451,303393,0.5
1900-01-25 06:15:15,7837.5,384832,7838.0,467882,11167,2110,9057,-83050,0.5
1900-01-25 06:15:30,7837.5,403848,7838.0,509270,3034,14114,-11080,-105422,0.5
1900-01-25 06:15:45,7837.5,432723,7838.0,484032,24913,2000,22913,-51309,0.5
1900-01-25 06:16:00,7837.5,579119,7838.0,75154,5800,69927,-64127,503965,0.5
1900-01-25 06:16:15,7838.5,319090,7839.0,512387,75980,5652,70328,-193297,0.5
1900-01-25 06:16:30,7838.5,689207,7839.0,190563,58013,7171,50842,498644,0.5
1900-01-25 06:16:45,7839.5,645416,7840.0,132493,66301,7800,58501,512923,0.5
1900-01-25 06:17:00,7839.5,643460,7840.0,170804,34892,540,34352,472656,0.5
1900-01-25 06:17:15,7839.5,113619,7840.0,899161,4190,103424,-99234,-785542,0.5
1900-01-25 06:17:30,7839.0,3393,7839.5,720796,6388,11524,-5136,-717403,0.5
1900-01-25 06:17:45,7838.5,70490,7839.0,612301,6502,8760,-2258,-541811,0.5
1900-01-25 06:18:00,7836.5,139094,7837.0,623183,27690,22864,4826,-484089,0.5
1900-01-25 06:18:15,7835.0,52539,7835.5,691952,13,5044,-5031,-639413,0.5
1900-01-25 06:18:30,7835.0,40498,7835.5,730646,11620,13060,-1440,-690148,0.5
1900-01-25 06:18:45,7833.5,1180562,7834.0,75999,16915,58379,-41464,1104563,0.5
1900-01-25 06:19:00,7833.5,1176613,7834.0,45892,19424,1100,18324,1130721,0.5
1900-01-25 06:19:15,7833.5,1243253,7834.0,35388,5788,475,5313,1207865,0.5
1900-01-25 06:19:30,7834.0,1194078,7834.5,1893,31608,475,31133,1192185,0.5
1900-01-25 06:19:45,7835.0,704090,7835.5,67413,13674,10970,2704,636677,0.5
1900-01-25 06:20:00,7835.0,1364467,7835.5,77056,21976,1350,20626,1287411,0.5
1900-01-25 06:20:15,7836.0,1203209,7836.5,106080,1372,60,1312,1097129,0.5
1900-01-25 06:20:30,7837.5,611760,7838.0,17376,31917,60,31857,594384,0.5
1900-01-25 06:20:45,7837.5,692564,7838.0,32780,16204,18907,-2703,659784,0.5
1900-01-25 06:21:00,7837.5,877573,7838.0,263373,47578,3001,44577,614200,0.5
1900-01-25 06:21:15,7837.5,911159,7838.0,17907,14761,464,14297,893252,0.5
1900-01-25 06:21:30,7840.0,1203949,7840.5,25952,37031,5686,31345,1177997,0.5
1900-01-25 06:21:45,7841.0,951087,7841.5,130377,6849,3635,3214,820710,0.5
1900-01-25 06:22:00,7842.0,1187365,7842.5,63304,71662,130,71532,1124061,0.5
1900-01-25 06:22:15,7843.5,1179344,7844.0,55569,19106,120,18986,1123775,0.5
1900-01-25 06:22:30,7844.5,327269,7845.0,435577,98928,6814,92114,-108308,0.5
1900-01-25 06:22:45,7844.5,936650,7845.0,236911,56174,1357,54817,699739,0.5
1900-01-25 06:23:00,7844.5,610639,7845.0,295199,39054,44171,-5117,315440,0.5
1900-01-25 06:23:15,7844.5,691425,7845.0,422339,11324,44171,-32847,269086,0.5
1900-01-25 06:23:30,7844.5,592258,7845.0,608107,29473,19040,10433,-15849,0.5
1900-01-25 06:23:45,7844.5,729487,7845.0,628533,6841,19433,-12592,100954,0.5
1900-01-25 06:24:00,7844.5,1069317,7845.0,465124,1869,2166,-297,604193,0.5
1900-01-25 06:24:15,7844.5,1073289,7845.0,62689,55748,276,55472,1010600,0.5
1900-01-25 06:24:30,7844.5,795903,7845.0,285469,25189,4032,21157,510434,0.5
1900-01-25 06:24:45,7844.5,881298,7845.0,390241,5500,405,5095,491057,0.5
1900-01-25 06:25:00,7844.5,748657,7845.0,471574,600,63041,-62441,277083,0.5
1900-01-25 06:25:15,7844.5,654355,7845.0,810599,3500,15729,-12229,-156244,0.5
1900-01-25 06:25:30,7844.5,582844,7845.0,1037753,5798,21631,-15833,-454909,0.5
1900-01-25 06:25:45,7844.5,56839,7845.0,1894371,3001,360741,-357740,-1837532,0.5
1900-01-25 06:26:00,7838.5,461779,7839.0,438557,9208,114122,-104914,23222,0.5
1900-01-25 06:26:15,7838.5,662105,7839.0,306193,9208,31518,-22310,355912,0.5
1900-01-25 06:26:30,7838.5,553505,7839.0,289710,1001,3110,-2109,263795,0.5
1900-01-25 06:26:45,7838.5,49733,7839.0,614092,11,29257,-29246,-564359,0.5
1900-01-25 06:27:00,7838.5,628435,7839.0,236249,1300,9574,-8274,392186,0.5
1900-01-25 06:27:15,7838.5,782504,7839.0,40314,22313,3164,19149,742190,0.5
1900-01-25 06:27:30,7839.5,837327,7840.0,60380,55482,3164,52318,776947,0.5
1900-01-25 06:27:45,7839.5,801484,7840.0,97315,34342,3164,31178,704169,0.5
1900-01-25 06:28:00,7840.0,927321,7840.5,39524,9815,1,9814,887797,0.5
1900-01-25 06:28:15,7841.0,1033411,7841.5,5449,23581,1,23580,1027962,0.5
1900-01-25 06:28:30,7841.5,1161772,7842.0,25179,34003,25,33978,1136593,0.5
1900-01-25 06:28:45,7842.5,1190584,7843.0,23890,8162,1460,6702,1166694,0.5
1900-01-25 06:29:00,7842.5,877057,7843.0,76735,5000,501,4499,800322,0.5
1900-01-25 06:29:15,7842.5,955033,7843.0,56743,14034,1,14033,898290,0.5
1900-01-25 06:29:30,7842.5,1359088,7843.0,19188,2468,2835,-367,1339900,0.5
1900-01-25 06:29:45,7844.0,783826,7844.5,245668,48732,220,48512,538158,0.5
1900-01-25 06:30:00,7844.0,1320853,7844.5,159650,80890,948,79942,1161203,0.5
1900-01-25 06:30:15,7844.0,1463802,7844.5,150077,19000,2550,16450,1313725,0.5
1900-01-25 06:30:30,7844.0,1634981,7844.5,105551,43565,23810,19755,1529430,0.5
1900-01-25 06:30:45,7844.5,1628998,7845.0,379891,39348,10606,28742,1249107,0.5
1900-01-25 06:31:00,7849.0,1145346,7849.5,43276,220844,140,220704,1102070,0.5
1900-01-25 06:31:15,7851.0,451202,7851.5,151905,735793,47911,687882,299297,0.5
1900-01-25 06:31:30,7850.5,363351,7851.0,514953,120741,21501,99240,-151602,0.5
1900-01-25 06:31:45,7850.5,270241,7851.0,632359,20223,102484,-82261,-362118,0.5
1900-01-25 06:32:00,7850.5,338177,7851.0,817784,19440,51200,-31760,-479607,0.5
1900-01-25 06:32:15,7850.5,219987,7851.0,833474,2739,41698,-38959,-613487,0.5
1900-01-25 06:32:30,7850.5,756071,7851.0,214918,142399,21169,121230,541153,0.5
1900-01-25 06:32:45,7851.0,767184,7851.5,148505,143336,5,143331,618679,0.5
1900-01-25 06:33:00,7852.5,784032,7853.0,10664,118418,1140,117278,773368,0.5
1900-01-25 06:33:15,7860.0,17715,7860.5,34278,181100,44745,136355,-16563,0.5
1900-01-25 06:33:30,7867.0,25500,7867.5,912551,503811,183625,320186,-887051,0.5
1900-01-25 06:33:45,7864.0,57155,7864.5,568910,13398,374558,-361160,-511755,0.5
1900-01-25 06:34:00,7863.5,42068,7864.0,796887,14687,24543,-9856,-754819,0.5
1900-01-25 06:34:15,7862.5,75392,7863.0,649693,62300,91242,-28942,-574301,0.5
1900-01-25 06:34:30,7857.5,841329,7858.0,259720,43594,222416,-178822,581609,0.5
1900-01-25 06:34:45,7857.5,727453,7858.0,403833,8610,27130,-18520,323620,0.5
1900-01-25 06:35:00,7859.5,311303,7860.0,184902,137797,8054,129743,126401,0.5
1900-01-25 06:35:15,7860.0,1267530,7860.5,537538,51907,3703,48204,729992,0.5
1900-01-25 06:35:30,7860.0,1696616,7860.5,61871,311847,11035,300812,1634745,0.5
1900-01-25 06:35:45,7861.0,1433622,7861.5,23069,82617,23186,59431,1410553,0.5
1900-01-25 06:36:00,7861.5,259579,7862.0,341968,66750,18654,48096,-82389,0.5
1900-01-25 06:36:15,7861.5,83606,7862.0,718796,1816,99896,-98080,-635190,0.5
1900-01-25 06:36:30,7861.5,160710,7862.0,892546,16643,122409,-105766,-731836,0.5
1900-01-25 06:36:45,7860.0,42159,7860.5,696433,932,149985,-149053,-654274,0.5
1900-01-25 06:37:00,7860.0,611534,7860.5,506186,13290,11518,1772,105348,0.5
1900-01-25 06:37:15,7860.0,900797,7860.5,317493,23340,3647,19693,583304,0.5
1900-01-25 06:37:30,7860.0,546111,7860.5,484588,4650,6200,-1550,61523,0.5
1900-01-25 06:37:45,7860.0,211518,7860.5,1219117,55000,35921,19079,-1007599,0.5
1900-01-25 06:38:00,7858.5,12583,7859.0,931378,7000,87371,-80371,-918795,0.5
1900-01-25 06:38:15,7855.0,25568,7855.5,760755,3000,65251,-62251,-735187,0.5
1900-01-25 06:38:30,7853.0,661756,7853.5,226230,29683,122511,-92828,435526,0.5
1900-01-25 06:38:45,7853.0,836340,7853.5,193590,49681,22775,26906,642750,0.5
1900-01-25 06:39:00,7853.0,1387222,7853.5,58040,44651,23071,21580,1329182,0.5
1900-01-25 06:39:15,7854.5,263851,7855.0,554616,35286,69700,-34414,-290765,0.5
1900-01-25 06:39:30,7854.5,124809,7855.0,631307,1600,50236,-48636,-506498,0.5
1900-01-25 06:39:45,7854.5,637689,7855.0,545938,5416,2040,3376,91751,0.5
1900-01-25 06:40:00,7854.5,994057,7855.0,171666,64735,2346,62389,822391,0.5
1900-01-25 06:40:15,7854.5,1255361,7855.0,176488,3988,1709,2279,1078873,0.5
1900-01-25 06:40:30,7856.5,837738,7857.0,50982,97372,254,97118,786756,0.5
1900-01-25 06:40:45,7859.5,1265021,7860.0,125755,123511,11618,111893,1139266,0.5
1900-01-25 06:41:00,7861.5,687792,7862.0,78321,80519,1644,78875,609471,0.5
1900-01-25 06:41:15,7863.0,1770266,7863.5,106705,58398,20476,37922,1663561,0.5
1900-01-25 06:41:30,7863.5,407594,7864.0,408735,103699,2000,101699,-1141,0.5
1900-01-25 06:41:45,7863.5,340286,7864.0,621166,33244,11777,21467,-280880,0.5
1900-01-25 06:42:00,7861.5,5097,7862.0,328870,5842,191585,-185743,-323773,0.5
1900-01-25 06:42:15,7857.0,49,7857.5,550240,6985,150245,-143260,-550191,0.5
1900-01-25 06:42:30,7855.5,832677,7856.0,404311,11234,33004,-21770,428366,0.5
1900-01-25 06:42:45,7854.5,7624,7855.0,679366,4442,16869,-12427,-671742,0.5
1900-01-25 06:43:00,7851.5,3609,7852.0,601615,3819,49048,-45229,-598006,0.5
1900-01-25 06:43:15,7850.0,384671,7850.5,454191,4570,61422,-56852,-69520,0.5
1900-01-25 06:43:30,7849.5,368299,7850.0,459130,4600,36420,-31820,-90831,0.5
1900-01-25 06:43:45,7849.5,350805,7850.0,562933,6802,55368,-48566,-212128,0.5
1900-01-25 06:44:00,7849.5,462277,7850.0,570716,61165,34359,26806,-108439,0.5
1900-01-25 06:44:15,7849.5,435692,7850.0,781595,8033,12472,-4439,-345903,0.5
1900-01-25 06:44:30,7849.5,38284,7850.0,1116811,2350,47357,-45007,-1078527,0.5
1900-01-25 06:44:45,7848.0,63394,7848.5,938380,1,75672,-75671,-874986,0.5
1900-01-25 06:45:00,7846.0,22183,7846.5,980615,1001,304213,-303212,-958432,0.5
1900-01-25 06:45:15,7845.0,639017,7845.5,401081,257,56412,-56155,237936,0.5
1900-01-25 06:45:30,7845.0,256386,7845.5,849068,297378,208362,89016,-592682,0.5
1900-01-25 06:45:45,7845.0,723355,7845.5,409456,15515,5592,9923,313899,0.5
1900-01-25 06:46:00,7847.5,635549,7848.0,170637,144216,10100,134116,464912,0.5
1900-01-25 06:46:15,7849.0,712967,7849.5,250135,51067,8574,42493,462832,0.5
1900-01-25 06:46:30,7849.5,1297590,7850.0,80661,39912,13610,26302,1216929,0.5
1900-01-25 06:46:45,7849.5,1164241,7850.0,141581,66323,5766,60557,1022660,0.5
1900-01-25 06:47:00,7851.5,619522,7852.0,214426,58424,100,58324,405096,0.5
1900-01-25 06:47:15,7849.5,536952,7850.0,384154,56836,12202,44634,152798,0.5
1900-01-25 06:47:30,7852.0,496045,7852.5,5642,16485,236,16249,490403,0.5
1900-01-25 06:47:45,7854.0,359903,7854.5,998129,44753,6047,38706,-638226,0.5
1900-01-25 06:48:00,7854.0,604189,7854.5,126225,21040,42850,-21810,477964,0.5
1900-01-25 06:48:15,7854.5,1166346,7855.0,122011,43860,100,43760,1044335,0.5
1900-01-25 06:48:30,7858.0,504560,7858.5,442254,69330,2315,67015,62306,0.5
1900-01-25 06:48:45,7858.0,957164,7858.5,35507,33987,22516,11471,921657,0.5
1900-01-25 06:49:00,7859.0,962409,7859.5,124159,163013,5593,157420,838250,0.5
1900-01-25 06:49:15,7859.0,1029707,7859.5,23946,102455,450,102005,1005761,0.5
1900-01-25 06:49:30,7859.5,893,7860.0,1077585,66433,45754,20679,-1076692,0.5
1900-01-25 06:49:45,7858.0,630489,7858.5,139048,1011,96653,-95642,491441,0.5
1900-01-25 06:50:00,7858.0,839708,7858.5,154250,1138,3544,-2406,685458,0.5
1900-01-25 06:50:15,7858.5,1464468,7859.0,26,57817,13000,44817,1464442,0.5
1900-01-25 06:50:30,7862.0,1239151,7862.5,4151,84918,1576,83342,1235000,0.5
1900-01-25 06:50:45,7864.0,691481,7864.5,330665,234519,251,234268,360816,0.5
1900-01-25 06:51:00,7864.0,2173102,7864.5,28947,294972,9041,285931,2144155,0.5
1900-01-25 06:51:15,7869.5,1830413,7870.0,71714,282434,5644,276790,1758699,0.5
1900-01-25 06:51:30,7872.0,1182906,7872.5,626075,159006,10595,148411,556831,0.5
1900-01-25 06:51:45,7869.5,221054,7870.0,733155,144688,113461,31227,-512101,0.5
1900-01-25 06:52:00,7869.5,1232228,7870.0,145923,83066,48774,34292,1086305,0.5
1900-01-25 06:52:15,7872.0,1382044,7872.5,145177,57868,46608,11260,1236867,0.5
1900-01-25 06:52:30,7873.5,1333814,7874.0,296658,139957,3000,136957,1037156,0.5
1900-01-25 06:52:45,7874.0,1493039,7874.5,11208,190236,13550,176686,1481831,0.5
1900-01-25 06:53:00,7877.5,997430,7878.0,553397,523925,57488,466437,444033,0.5
1900-01-25 06:53:15,7877.5,840067,7878.0,977333,267679,11439,256240,-137266,0.5
1900-01-25 06:53:30,7877.5,361578,7878.0,1012641,90616,245310,-154694,-651063,0.5
1900-01-25 06:53:45,7877.5,1041658,7878.0,838870,6465,58908,-52443,202788,0.5
1900-01-25 06:54:00,7877.5,883174,7878.0,901314,170650,8784,161866,-18140,0.5
1900-01-25 06:54:15,7879.0,1598885,7879.5,146316,340105,89035,251070,1452569,0.5
1900-01-25 06:54:30,7879.0,461538,7879.5,481790,257696,44000,213696,-20252,0.5
1900-01-25 06:54:45,7875.0,32560,7875.5,844470,154413,675458,-521045,-811910,0.5
1900-01-25 06:55:00,7875.5,1478459,7876.0,49454,79933,59752,20181,1429005,0.5
1900-01-25 06:55:15,7879.5,1166543,7880.0,327333,221070,48961,172109,839210,0.5
1900-01-25 06:55:30,7879.5,832107,7880.0,197353,178044,16795,161249,634754,0.5
1900-01-25 06:55:45,7879.5,1201013,7880.0,223934,17233,35463,-18230,977079,0.5
1900-01-25 06:56:00,7881.5,726020,7882.0,516082,136492,27690,108802,209938,0.5
1900-01-25 06:56:15,7880.5,26530,7881.0,1020201,55929,553193,-497264,-993671,0.5
1900-01-25 06:56:30,7877.0,38061,7877.5,1179191,36570,195489,-158919,-1141130,0.5
1900-01-25 06:56:45,7874.5,7444,7875.0,1150769,25178,122126,-96948,-1143325,0.5
1900-01-25 06:57:00,7873.0,936051,7873.5,509166,81311,39956,41355,426885,0.5
1900-01-25 06:57:15,7873.0,1043866,7873.5,422387,8993,36473,-27480,621479,0.5
1900-01-25 06:57:30,7873.0,1126202,7873.5,190672,128800,5739,123061,935530,0.5
1900-01-25 06:57:45,7874.0,1007873,7874.5,630,57286,6350,50936,1007243,0.5
1900-01-25 06:58:00,7876.5,514896,7877.0,425535,182780,16771,166009,89361,0.5
1900-01-25 06:58:15,7876.5,796996,7877.0,220574,37108,16955,20153,576422,0.5
1900-01-25 06:58:30,7876.5,327486,7877.0,672655,15160,25500,-10340,-345169,0.5
1900-01-25 06:58:45,7876.5,663686,7877.0,727378,23981,7485,16496,-63692,0.5
1900-01-25 06:59:00,7876.5,1170300,7877.0,122053,93959,3272,90687,1048247,0.5
1900-01-25 06:59:15,7879.5,577341,7880.0,237012,94953,1,94952,340329,0.5
1900-01-25 06:59:30,7882.0,298470,7882.5,380977,58491,23750,34741,-82507,0.5
1900-01-25 06:59:45,7882.5,989631,7883.0,12813,57491,1910,55581,976818,0.5
1900-01-25 07:00:00,7886.5,235145,7887.0,25751,187546,64494,123052,209394,0.5
1900-01-25 07:00:15,7888.5,988411,7889.0,240287,112909,14857,98052,748124,0.5
1900-01-25 07:00:30,7885.0,71939,7885.5,148073,166469,171319,-4850,-76134,0.5
1900-01-25 07:00:45,7876.5,192941,7877.0,201638,41956,98589,-56633,-8697,0.5
1900-01-25 07:01:00,7876.5,617753,7877.0,295244,24563,154956,-130393,322509,0.5
1900-01-25 07:01:15,7876.5,563770,7877.0,364523,37930,12789,25141,199247,0.5
1900-01-25 07:01:30,7876.5,648652,7877.0,355519,57940,24373,33567,293133,0.5
1900-01-25 07:01:45,7876.5,552270,7877.0,430758,10908,54916,-44008,121512,0.5
1900-01-25 07:02:00,7877.0,1172444,7877.5,86022,83629,128043,-44414,1086422,0.5
1900-01-25 07:02:15,7877.0,1766628,7877.5,121679,247034,38347,208687,1644949,0.5
1900-01-25 07:02:30,7877.5,880042,7878.0,35914,98653,4188,94465,844128,0.5
1900-01-25 07:02:45,7879.5,1132602,7880.0,492297,46958,5428,41530,640305,0.5
1900-01-25 07:03:00,7879.5,710188,7880.0,227209,61218,5038,56180,482979,0.5
1900-01-25 07:03:15,7881.0,797417,7881.5,4726,141858,2099,139759,792691,0.5
1900-01-25 07:03:30,7884.5,686599,7885.0,303423,136857,25650,111207,383176,0.5
1900-01-25 07:03:45,7885.0,1205474,7885.5,54557,140696,163111,-22415,1150917,0.5
1900-01-25 07:04:00,7887.0,433587,7887.5,29397,137317,58206,79111,404190,0.5
1900-01-25 07:04:15,7889.5,1221656,7890.0,17433,312537,34525,278012,1204223,0.5
1900-01-25 07:04:30,7894.5,1191489,7895.0,28926,837744,7384,830360,1162563,0.5
1900-01-25 07:04:45,7906.0,146749,7906.5,365095,1024021,119009,905012,-218346,0.5
1900-01-25 07:05:00,7882.5,71909,7883.0,37413,467828,1449883,-982055,34496,0.5
1900-01-25 07:05:15,7894.0,20960,7895.5,34500,575655,489168,86487,-13540,1.5
1900-01-25 07:05:30,7898.0,1645437,7898.5,80881,180666,129058,51608,1564556,0.5
1900-01-25 07:05:45,7902.0,222662,7902.5,385543,240483,78381,162102,-162881,0.5
1900-01-25 07:06:00,7898.0,64320,7898.5,362823,32658,125416,-92758,-298503,0.5
1900-01-25 07:06:15,7894.0,300,7894.5,267333,25810,149446,-123636,-267033,0.5
1900-01-25 07:06:30,7891.5,101686,7892.0,565260,42011,605209,-563198,-463574,0.5
1900-01-25 07:06:45,7891.5,616535,7892.0,383771,41150,90910,-49760,232764,0.5
1900-01-25 07:07:00,7896.5,520127,7897.0,125695,77786,71999,5787,394432,0.5
1900-01-25 07:07:15,7896.5,215063,7897.0,318626,30277,28781,1496,-103563,0.5
1900-01-25 07:07:30,7895.0,258179,7895.5,493242,18428,183165,-164737,-235063,0.5
1900-01-25 07:07:45,7894.5,531068,7895.0,571473,7144,121800,-114656,-40405,0.5
1900-01-25 07:08:00,7894.0,494713,7894.5,498056,19651,25490,-5839,-3343,0.5
1900-01-25 07:08:15,7896.5,429339,7897.0,36932,171929,4157,167772,392407,0.5
1900-01-25 07:08:30,7898.5,360306,7899.0,271883,717833,213966,503867,88423,0.5
1900-01-25 07:08:45,7903.0,597474,7903.5,10632,468887,40688,428199,586842,0.5
1900-01-25 07:09:00,7905.5,391116,7906.0,38205,325967,15905,310062,352911,0.5
1900-01-25 07:09:15,7907.5,150358,7908.0,30886,359718,83145,276573,119472,0.5
1900-01-25 07:09:30,7910.0,68533,7910.5,66707,321970,266258,55712,1826,0.5
1900-01-25 07:09:45,7904.0,1897393,7904.5,22410,104925,68098,36827,1874983,0.5
1900-01-25 07:10:00,7907.5,52,7908.0,39795,405760,99562,306198,-39743,0.5
1900-01-25 07:10:15,7905.5,44536,7906.0,810041,108160,343092,-234932,-765505,0.5
1900-01-25 07:10:30,7900.5,13560,7901.0,845837,125346,362120,-236774,-832277,0.5
1900-01-25 07:10:45,7900.5,117020,7901.0,625334,18434,73954,-55520,-508314,0.5
1900-01-25 07:11:00,7899.0,636910,7899.5,112738,131571,115526,16045,524172,0.5
1900-01-25 07:11:15,7900.5,886852,7901.0,195941,59898,63225,-3327,690911,0.5
1900-01-25 07:11:30,7900.0,672626,7900.5,177071,96030,14065,81965,495555,0.5
1900-01-25 07:11:45,7895.0,94724,7895.5,436858,28117,163840,-135723,-342134,0.5
1900-01-25 07:12:00,7890.0,352326,7890.5,410575,10848,414469,-403621,-58249,0.5
1900-01-25 07:12:15,7890.0,551887,7890.5,399027,92600,20934,71666,152860,0.5
1900-01-25 07:12:30,7890.0,779611,7890.5,166088,160976,22091,138885,613523,0.5
1900-01-25 07:12:45,7890.0,982239,7890.5,33065,156521,36141,120380,949174,0.5
1900-01-25 07:13:00,7890.5,116410,7891.0,413489,27036,85300,-58264,-297079,0.5
1900-01-25 07:13:15,7890.5,162774,7891.0,487676,65937,87376,-21439,-324902,0.5
1900-01-25 07:13:30,7890.5,322814,7891.0,496146,17637,114137,-96500,-173332,0.5
1900-01-25 07:13:45,7890.5,123092,7891.0,1519102,1915,94524,-92609,-1396010,0.5
1900-01-25 07:14:00,7887.0,110113,7887.5,900086,6788,338848,-332060,-789973,0.5
1900-01-25 07:14:15,7885.5,519479,7886.0,238040,30510,307575,-277065,281439,0.5
1900-01-25 07:14:30,7886.0,585158,7886.5,241761,35166,53962,-18796,343397,0.5
1900-01-25 07:14:45,7887.0,999088,7887.5,32935,31490,5303,26187,966153,0.5
1900-01-25 07:15:00,7893.5,257156,7894.0,16749,126727,24736,101991,240407,0.5
1900-01-25 07:15:15,7891.5,548867,7892.0,517884,27108,39951,-12843,30983,0.5
1900-01-25 07:15:30,7894.5,650495,7895.0,128752,33082,67069,-33987,521743,0.5
1900-01-25 07:15:45,7894.5,678711,7895.0,43286,62601,21073,41528,635425,0.5
1900-01-25 07:16:00,7897.5,369080,7898.0,60501,111830,21454,90376,308579,0.5
1900-01-25 07:16:15,7899.5,397570,7900.0,152338,60384,7872,52512,245232,0.5
1900-01-25 07:16:30,7902.5,579489,7903.0,88364,165919,15539,150380,491125,0.5
1900-01-25 07:16:45,7904.5,725298,7905.0,55605,202316,45182,157134,669693,0.5
1900-01-25 07:17:00,7900.5,410050,7901.0,247441,116038,386848,-270810,162609,0.5
1900-01-25 07:17:15,7899.5,8938,7900.0,487411,24826,30364,-5538,-478473,0.5
1900-01-25 07:17:30,7895.0,204553,7895.5,276524,140188,236220,-96032,-71971,0.5
1900-01-25 07:17:45,7893.0,51685,7893.5,360690,20978,90373,-69395,-309005,0.5
1900-01-25 07:18:00,7890.0,702853,7890.5,158966,3501,97365,-93864,543887,0.5
1900-01-25 07:18:15,7890.0,251607,7890.5,298970,15181,14071,1110,-47363,0.5
1900-01-25 07:18:30,7890.0,442250,7890.5,415890,100950,20288,80662,26360,0.5
1900-01-25 07:18:45,7890.0,89859,7890.5,662085,1676,36030,-34354,-572226,0.5
1900-01-25 07:19:00,7888.5,497302,7889.0,938633,56101,54890,1211,-441331,0.5
1900-01-25 07:19:15,7883.0,327528,7883.5,359091,13413,464627,-451214,-31563,0.5
1900-01-25 07:19:30,7881.5,377355,7882.0,911884,15957,471022,-455065,-534529,0.5
1900-01-25 07:19:45,7876.0,276808,7876.5,170142,18277,576439,-558162,106666,0.5
1900-01-25 07:20:00,7883.0,106231,7883.5,345970,258758,44824,213934,-239739,0.5
1900-01-25 07:20:15,7883.0,723816,7883.5,152453,125928,6159,119769,571363,0.5
1900-01-25 07:20:30,7888.0,82751,7888.5,620421,109582,32021,77561,-537670,0.5
1900-01-25 07:20:45,7885.0,69142,7885.5,692282,33040,93302,-60262,-623140,0.5
1900-01-25 07:21:00,7882.0,188424,7882.5,636293,30343,57955,-27612,-447869,0.5
1900-01-25 07:21:15,7880.0,186974,7880.5,659283,730,88962,-88232,-472309,0.5
1900-01-25 07:21:30,7884.0,333808,7884.5,557457,83894,38555,45339,-223649,0.5
1900-01-25 07:21:45,7884.0,685390,7884.5,163701,53161,84765,-31604,521689,0.5
1900-01-25 07:22:00,7884.0,652706,7884.5,161035,49627,32312,17315,491671,0.5
1900-01-25 07:22:15,7884.0,730475,7884.5,231172,16326,4614,11712,499303,0.5
1900-01-25 07:22:30,7884.0,1241698,7884.5,770974,704,10034,-9330,470724,0.5
1900-01-25 07:22:45,7884.0,1523198,7884.5,73081,102082,25584,76498,1450117,0.5
1900-01-25 07:23:00,7884.5,1840278,7885.0,116216,118478,55028,63450,1724062,0.5
1900-01-25 07:23:15,7884.5,1824526,7885.0,34968,66044,15622,50422,1789558,0.5
1900-01-25 07:23:30,7885.5,356388,7886.0,552684,115920,41498,74422,-196296,0.5
1900-01-25 07:23:45,7885.5,303645,7886.0,791030,22201,26459,-4258,-487385,0.5
1900-01-25 07:24:00,7885.5,689674,7886.0,291251,9617,25571,-15954,398423,0.5
1900-01-25 07:24:15,7885.5,709011,7886.0,343019,23440,36889,-13449,365992,0.5
1900-01-25 07:24:30,7888.5,1342512,7889.0,19617,48115,17233,30882,1322895,0.5
1900-01-25 07:24:45,7889.0,889456,7889.5,115207,18572,8595,9977,774249,0.5
1900-01-25 07:25:00,7889.0,949210,7889.5,191642,212231,212793,-562,757568,0.5
1900-01-25 07:25:15,7889.5,972564,7890.0,27348,49353,6766,42587,945216,0.5
1900-01-25 07:25:30,7894.5,608043,7895.0,98797,234376,21144,213232,509246,0.5
1900-01-25 07:25:45,7895.0,1120527,7895.5,78202,200196,14592,185604,1042325,0.5
1900-01-25 07:26:00,7903.5,152229,7904.0,486451,174540,14360,160180,-334222,0.5
1900-01-25 07:26:15,7894.0,51086,7895.0,113879,129552,284771,-155219,-62793,1.0
1900-01-25 07:26:30,7894.0,222919,7894.5,534488,34899,100825,-65926,-311569,0.5
1900-01-25 07:26:45,7896.0,1084593,7896.5,45309,76443,20616,55827,1039284,0.5
1900-01-25 07:27:00,7896.0,753112,7896.5,139947,3089,39054,-35965,613165,0.5
1900-01-25 07:27:15,7896.5,331401,7897.0,239890,44811,57666,-12855,91511,0.5
1900-01-25 07:27:30,7896.5,617418,7897.0,11358,24805,20418,4387,606060,0.5
1900-01-25 07:27:45,7900.5,416924,7901.0,65051,79416,17896,61520,351873,0.5
1900-01-25 07:28:00,7897.0,492342,7897.5,264177,57896,45954,11942,228165,0.5
1900-01-25 07:28:15,7896.5,604512,7897.0,211338,34251,50104,-15853,393174,0.5
1900-01-25 07:28:30,7896.5,3707,7897.0,881084,36160,46990,-10830,-877377,0.5
1900-01-25 07:28:45,7894.5,17450,7895.0,935540,6558,25227,-18669,-918090,0.5
1900-01-25 07:29:00,7894.0,216825,7894.5,406244,119892,26044,93848,-189419,0.5
1900-01-25 07:29:15,7892.5,546380,7893.0,291309,61997,44882,17115,255071,0.5
1900-01-25 07:29:30,7894.5,546663,7895.0,56240,54464,29378,25086,490423,0.5
1900-01-25 07:29:45,7896.5,759171,7897.0,247829,117661,15668,101993,511342,0.5
1900-01-25 07:30:00,7897.5,122987,7898.0,378923,214082,50090,163992,-255936,0.5
1900-01-25 07:30:15,7897.0,190094,7897.5,1005207,33619,37352,-3733,-815113,0.5
1900-01-25 07:30:30,7897.0,233848,7897.5,1058955,1610,78590,-76980,-825107,0.5
1900-01-25 07:30:45,7896.5,9953,7897.0,864910,3,34426,-34423,-854957,0.5
1900-01-25 07:31:00,7895.0,30350,7895.5,367262,3705,30119,-26414,-336912,0.5
1900-01-25 07:31:15,7895.0,8962,7895.5,943481,13115,33015,-19900,-934519,0.5
1900-01-25 07:31:30,7888.0,30777,7888.5,170967,3864,52072,-48208,-140190,0.5
1900-01-25 07:31:45,7882.0,893859,7882.5,147961,8089,280938,-272849,745898,0.5
1900-01-25 07:32:00,7884.0,195034,7884.5,624347,74362,21416,52946,-429313,0.5
1900-01-25 07:32:15,7882.0,894839,7882.5,134892,11200,52662,-41462,759947,0.5
1900-01-25 07:32:30,7882.0,96043,7882.5,651978,22129,30990,-8861,-555935,0.5
1900-01-25 07:32:45,7880.0,5600,7880.5,1102081,11712,208605,-196893,-1096481,0.5
1900-01-25 07:33:00,7878.5,649261,7879.0,824916,4513,28180,-23667,-175655,0.5
1900-01-25 07:33:15,7878.5,703923,7879.0,443796,48160,91643,-43483,260127,0.5
1900-01-25 07:33:30,7881.5,874123,7882.0,182839,98622,60640,37982,691284,0.5
1900-01-25 07:33:45,7881.5,851609,7882.0,102778,194200,10309,183891,748831,0.5
1900-01-25 07:34:00,7882.0,1346304,7882.5,58193,156047,9168,146879,1288111,0.5
1900-01-25 07:34:15,7882.0,120115,7882.5,904720,50063,4782,45281,-784605,0.5
1900-01-25 07:34:30,7882.0,22533,7882.5,1488241,15697,35608,-19911,-1465708,0.5
1900-01-25 07:34:45,7881.5,79353,7882.0,1956090,11862,118887,-107025,-1876737,0.5
1900-01-25 07:35:00,7878.0,33161,7878.5,1631450,7443,597520,-590077,-1598289,0.5
1900-01-25 07:35:15,7876.5,620517,7877.0,860506,5501,50117,-44616,-239989,0.5
1900-01-25 07:35:30,7876.5,832817,7877.0,775102,3000,11397,-8397,57715,0.5
1900-01-25 07:35:45,7876.5,380513,7877.0,991656,46511,126544,-80033,-611143,0.5
1900-01-25 07:36:00,7876.5,737454,7877.0,550417,10811,9868,943,187037,0.5
1900-01-25 07:36:15,7876.5,212947,7877.0,1380206,15979,70015,-54036,-1167259,0.5
1900-01-25 07:36:30,7876.5,187589,7877.0,876918,8501,57764,-49263,-689329,0.5
1900-01-25 07:36:45,7876.5,54229,7877.0,993010,897,47175,-46278,-938781,0.5
1900-01-25 07:37:00,7876.0,122175,7876.5,1045122,29624,31962,-2338,-922947,0.5
1900-01-25 07:37:15,7876.0,767199,7876.5,723402,5922,13891,-7969,43797,0.5
1900-01-25 07:37:30,7876.0,1118431,7876.5,323429,22782,2,22780,795002,0.5
1900-01-25 07:37:45,7876.0,368850,7876.5,885963,41209,16170,25039,-517113,0.5
1900-01-25 07:38:00,7876.0,311225,7876.5,961018,41704,30055,11649,-649793,0.5
1900-01-25 07:38:15,7876.0,866982,7876.5,308894,105339,21460,83879,558088,0.5
1900-01-25 07:38:30,7876.0,934679,7876.5,209781,100362,4315,96047,724898,0.5
1900-01-25 07:38:45,7876.0,592585,7876.5,744589,8736,7166,1570,-152004,0.5
1900-01-25 07:39:00,7876.0,323616,7876.5,850114,7815,4398,3417,-526498,0.5
1900-01-25 07:39:15,7870.5,104435,7871.0,595865,21773,165238,-143465,-491430,0.5
1900-01-25 07:39:30,7870.0,448559,7870.5,558592,20947,230102,-209155,-110033,0.5
1900-01-25 07:39:45,7870.5,959406,7871.0,1828,48109,115659,-67550,957578,0.5
1900-01-25 07:40:00,7871.0,879739,7871.5,2360,37264,18298,18966,877379,0.5
1900-01-25 07:40:15,7872.0,632218,7872.5,77093,40698,57190,-16492,555125,0.5
1900-01-25 07:40:30,7872.0,337167,7872.5,647525,47311,10942,36369,-310358,0.5
1900-01-25 07:40:45,7871.5,35624,7872.0,1340018,222,99512,-99290,-1304394,0.5
1900-01-25 07:41:00,7867.5,205300,7868.0,269455,15001,257946,-242945,-64155,0.5
1900-01-25 07:41:15,7867.5,995323,7868.0,17953,58792,17948,40844,977370,0.5
1900-01-25 07:41:30,7867.0,561072,7867.5,915351,7949,63861,-55912,-354279,0.5
1900-01-25 07:41:45,7867.0,36522,7867.5,1110189,1231,30745,-29514,-1073667,0.5
1900-01-25 07:42:00,7859.5,946320,7860.0,19086,180527,438957,-258430,927234,0.5
1900-01-25 07:42:15,7860.5,834784,7861.0,497232,90889,93929,-3040,337552,0.5
1900-01-25 07:42:30,7860.5,959630,7861.0,668021,158959,62734,96225,291609,0.5
1900-01-25 07:42:45,7860.5,1043695,7861.0,893003,157286,48364,108922,150692,0.5
1900-01-25 07:43:00,7860.5,1089267,7861.0,982806,37235,53547,-16312,106461,0.5
1900-01-25 07:43:15,7860.5,1313914,7861.0,922969,36187,4595,31592,390945,0.5
1900-01-25 07:43:30,7863.5,1364138,7864.0,1810,580815,3000,577815,1362328,0.5
1900-01-25 07:43:45,7867.0,1022986,7867.5,73084,199620,19620,180000,949902,0.5
1900-01-25 07:44:00,7872.5,305988,7873.0,572597,285427,32906,252521,-266609,0.5
1900-01-25 07:44:15,7872.5,4372,7873.0,787786,51318,192441,-141123,-783414,0.5
1900-01-25 07:44:30,7871.5,11419,7872.0,1135358,15913,47062,-31149,-1123939,0.5
1900-01-25 07:44:45,7869.5,5772,7870.0,669635,29324,17372,11952,-663863,0.5
1900-01-25 07:45:00,7869.0,35836,7869.5,704333,4653,45758,-41105,-668497,0.5
1900-01-25 07:45:15,7868.5,14864,7869.0,1127212,13233,21634,-8401,-1112348,0.5
1900-01-25 07:45:30,7867.0,839413,7867.5,97127,207570,42184,165386,742286,0.5
1900-01-25 07:45:45,7867.0,738255,7867.5,368632,42506,30350,12156,369623,0.5
1900-01-25 07:46:00,7867.5,1354883,7868.0,70481,61679,1071,60608,1284402,0.5
1900-01-25 07:46:15,7872.5,718613,7873.0,6570,106175,8320,97855,712043,0.5
1900-01-25 07:46:30,7874.0,661985,7874.5,432258,258725,131654,127071,229727,0.5
1900-01-25 07:46:45,7874.5,1042110,7875.0,58364,97720,6908,90812,983746,0.5
1900-01-25 07:47:00,7875.0,1103267,7875.5,276870,47681,1020,46661,826397,0.5
1900-01-25 07:47:15,7876.0,1491889,7876.5,9454,14965,70153,-55188,1482435,0.5
1900-01-25 07:47:30,7876.5,1073461,7877.0,159160,22889,23690,-801,914301,0.5
1900-01-25 07:47:45,7877.0,1391947,7877.5,54720,89760,2101,87659,1337227,0.5
1900-01-25 07:48:00,7877.0,1389615,7877.5,36868,5410,1684,3726,1352747,0.5
1900-01-25 07:48:15,7877.0,856770,7877.5,616897,23244,9515,13729,239873,0.5
1900-01-25 07:48:30,7877.0,679690,7877.5,701444,1931,45505,-43574,-21754,0.5
1900-01-25 07:48:45,7877.0,851825,7877.5,720735,1001,30175,-29174,131090,0.5
1900-01-25 07:49:00,7877.0,826484,7877.5,703515,949,909,40,122969,0.5
1900-01-25 07:49:15,7878.0,1365281,7878.5,10209,9750,600,9150,1355072,0.5
1900-01-25 07:49:30,7878.5,549903,7879.0,528103,28813,26,28787,21800,0.5
1900-01-25 07:49:45,7878.5,997853,7879.0,327827,18032,9020,9012,670026,0.5
1900-01-25 07:50:00,7878.5,513809,7879.0,587579,15101,1565,13536,-73770,0.5
1900-01-25 07:50:15,7878.5,626772,7879.0,595532,3169,34,3135,31240,0.5
1900-01-25 07:50:30,7878.5,371539,7879.0,667258,10009,413,9596,-295719,0.5
1900-01-25 07:50:45,7878.5,666041,7879.0,670531,35198,44841,-9643,-4490,0.5
1900-01-25 07:51:00,7878.5,1515965,7879.0,35209,42453,2852,39601,1480756,0.5
1900-01-25 07:51:15,7879.5,295656,7880.0,633595,26901,38816,-11915,-337939,0.5
1900-01-25 07:51:30,7879.5,215192,7880.0,651712,306,29829,-29523,-436520,0.5
1900-01-25 07:51:45,7877.0,19323,7877.5,891572,3765,118701,-114936,-872249,0.5
1900-01-25 07:52:00,7876.0,83155,7876.5,690426,29305,35653,-6348,-607271,0.5
1900-01-25 07:52:15,7874.0,14160,7874.5,770733,2200,73375,-71175,-756573,0.5
1900-01-25 07:52:30,7870.0,82012,7870.5,552729,48,38452,-38404,-470717,0.5
1900-01-25 07:52:45,7866.5,744318,7867.0,316776,1509,150673,-149164,427542,0.5
1900-01-25 07:53:00,7868.5,15273,7869.0,804668,42556,25967,16589,-789395,0.5
1900-01-25 07:53:15,7868.5,11199,7869.0,817037,18351,9916,8435,-805838,0.5
1900-01-25 07:53:30,7868.0,606085,7868.5,354727,204,23320,-23116,251358,0.5
1900-01-25 07:53:45,7868.0,756300,7868.5,120086,43025,1000,42025,636214,0.5
1900-01-25 07:54:00,7868.0,938110,7868.5,88200,41506,1002,40504,849910,0.5
1900-01-25 07:54:15,7868.0,1384341,7868.5,248828,4144,21080,-16936,1135513,0.5
1900-01-25 07:54:30,7868.0,1407359,7868.5,244182,42669,3281,39388,1163177,0.5
1900-01-25 07:54:45,7868.0,1286824,7868.5,741409,73551,6036,67515,545415,0.5
1900-01-25 07:55:00,7868.0,1370871,7868.5,407494,13400,24800,-11400,963377,0.5
1900-01-25 07:55:15,7873.0,731208,7873.5,68494,80116,2235,77881,662714,0.5
1900-01-25 07:55:30,7873.0,867627,7873.5,108090,12551,57,12494,759537,0.5
1900-01-25 07:55:45,7873.0,1036180,7873.5,22065,104655,53150,51505,1014115,0.5
1900-01-25 07:56:00,7873.5,950539,7874.0,30482,173221,3819,169402,920057,0.5
1900-01-25 07:56:15,7873.5,499771,7874.0,196042,56776,17327,39449,303729,0.5
1900-01-25 07:56:30,7873.5,687154,7874.0,16608,29873,910,28963,670546,0.5
1900-01-25 07:56:45,7874.5,672282,7875.0,178772,88381,950,87431,493510,0.5
1900-01-25 07:57:00,7874.5,507155,7875.0,364370,10439,3792,6647,142785,0.5
1900-01-25 07:57:15,7874.5,488926,7875.0,538595,100,82,18,-49669,0.5
1900-01-25 07:57:30,7874.5,497414,7875.0,589699,6691,3252,3439,-92285,0.5
1900-01-25 07:57:45,7874.5,231960,7875.0,651114,45535,71777,-26242,-419154,0.5
1900-01-25 07:58:00,7874.5,588494,7875.0,536135,60,34500,-34440,52359,0.5
1900-01-25 07:58:15,7875.0,531829,7875.5,29744,108248,9424,98824,502085,0.5
1900-01-25 07:58:30,7876.5,948559,7877.0,29236,25066,20040,5026,919323,0.5
1900-01-25 07:58:45,7877.5,1299850,7878.0,20392,13615,999,12616,1279458,0.5
1900-01-25 07:59:00,7881.5,727870,7882.0,20939,188818,4650,184168,706931,0.5
1900-01-25 07:59:15,7884.0,632341,7884.5,76774,19856,259,19597,555567,0.5
1900-01-25 07:59:30,7884.5,901670,7885.0,415,25325,16164,9161,901255,0.5
1900-01-25 07:59:45,7885.0,662621,7885.5,209053,143894,82531,61363,453568,0.5
1900-01-25 08:00:00,7886.0,628837,7886.5,75012,38134,51326,-13192,553825,0.5
1900-01-25 08:00:15,7886.0,463600,7886.5,238805,46368,20504,25864,224795,0.5
1900-01-25 08:00:30,7886.0,756284,7886.5,207007,114715,3668,111047,549277,0.5
1900-01-25 08:00:45,7886.0,338513,7886.5,651472,17955,52013,-34058,-312959,0.5
1900-01-25 08:01:00,7886.0,598973,7886.5,772731,82325,36657,45668,-173758,0.5
1900-01-25 08:01:15,7886.5,1078018,7887.0,245216,128197,35105,93092,832802,0.5
1900-01-25 08:01:30,7886.5,1200464,7887.0,81492,174939,2852,172087,1118972,0.5
1900-01-25 08:01:45,7887.5,949413,7888.0,6635,68331,6852,61479,942778,0.5
1900-01-25 08:02:00,7895.5,501239,7896.0,216576,481225,15056,466169,284663,0.5
1900-01-25 08:02:15,7895.5,889144,7896.0,206954,208061,39090,168971,682190,0.5
1900-01-25 08:02:30,7895.5,1373069,7896.0,52900,24617,17722,6895,1320169,0.5
1900-01-25 08:02:45,7900.0,343794,7900.5,14992,124421,5932,118489,328802,0.5
1900-01-25 08:03:00,7901.5,299674,7902.0,388790,222514,120504,102010,-89116,0.5
1900-01-25 08:03:15,7903.0,354360,7903.5,45693,219537,187203,32334,308667,0.5
1900-01-25 08:03:30,7905.0,917788,7905.5,145875,260190,50002,210188,771913,0.5
1900-01-25 08:03:45,7909.5,539114,7910.0,706802,294014,152158,141856,-167688,0.5
1900-01-25 08:04:00,7909.5,809346,7910.0,199788,309191,74896,234295,609558,0.5
1900-01-25 08:04:15,7907.5,117834,7908.0,1041061,229379,275033,-45654,-923227,0.5
1900-01-25 08:04:30,7905.5,565803,7906.0,493127,91245,240068,-148823,72676,0.5
1900-01-25 08:04:45,7904.0,208270,7904.5,623877,99513,279547,-180034,-415607,0.5
1900-01-25 08:05:00,7904.0,30513,7904.5,998791,50742,167588,-116846,-968278,0.5
1900-01-25 08:05:15,7899.5,363989,7900.0,771996,1003,291107,-290104,-408007,0.5
1900-01-25 08:05:30,7899.0,273676,7899.5,838236,28288,104276,-75988,-564560,0.5
1900-01-25 08:05:45,7898.0,87871,7898.5,1057704,6533,134154,-127621,-969833,0.5
1900-01-25 08:06:00,7898.0,503751,7898.5,632007,2975,87750,-84775,-128256,0.5
1900-01-25 08:06:15,7898.0,560423,7898.5,664902,408,16300,-15892,-104479,0.5
1900-01-25 08:06:30,7903.5,782543,7904.0,81420,84702,70066,14636,701123,0.5
1900-01-25 08:06:45,7903.5,654468,7904.0,77501,56494,1635,54859,576967,0.5
1900-01-25 08:07:00,7903.5,707336,7904.0,399318,5020,2010,3010,308018,0.5
1900-01-25 08:07:15,7903.5,887590,7904.0,414835,45153,8115,37038,472755,0.5
1900-01-25 08:07:30,7903.5,941262,7904.0,245369,49093,431,48662,695893,0.5
1900-01-25 08:07:45,7903.5,1392695,7904.0,6240,113523,6435,107088,1386455,0.5
1900-01-25 08:08:00,7909.5,144701,7910.0,16717,153324,15613,137711,127984,0.5
1900-01-25 08:08:15,7915.5,118442,7916.0,132402,328206,6517,321689,-13960,0.5
1900-01-25 08:08:30,7916.5,670499,7917.0,73964,418994,16465,402529,596535,0.5
1900-01-25 08:08:45,7922.0,232084,7922.5,156365,511148,44368,466780,75719,0.5
1900-01-25 08:09:00,7920.0,44000,7920.5,538300,656686,326441,330245,-494300,0.5
1900-01-25 08:09:15,7920.0,595545,7920.5,16823,127093,199406,-72313,578722,0.5
1900-01-25 08:09:30,7921.5,392987,7922.0,475835,243940,174978,68962,-82848,0.5
1900-01-25 08:09:45,7917.0,840237,7917.5,414914,19240,384401,-365161,425323,0.5
1900-01-25 08:10:00,7917.0,9997,7917.5,589463,98316,162066,-63750,-579466,0.5
1900-01-25 08:10:15,7916.5,31912,7917.0,966801,70429,87169,-16740,-934889,0.5
1900-01-25 08:10:30,7916.5,731119,7917.0,493567,11741,246469,-234728,237552,0.5
1900-01-25 08:10:45,7917.5,865590,7918.0,588782,75354,21149,54205,276808,0.5
1900-01-25 08:11:00,7918.0,1176944,7918.5,17986,411206,9059,402147,1158958,0.5
1900-01-25 08:11:15,7922.0,578967,7922.5,71040,298917,96181,202736,507927,0.5
1900-01-25 08:11:30,7922.5,670315,7923.0,32505,179713,44308,135405,637810,0.5
1900-01-25 08:11:45,7927.0,646697,7927.5,201465,124840,16967,107873,445232,0.5
1900-01-25 08:12:00,7927.0,550081,7927.5,259934,169320,91697,77623,290147,0.5
1900-01-25 08:12:15,7927.0,943827,7927.5,86959,31859,170673,-138814,856868,0.5
1900-01-25 08:12:30,7927.5,981757,7928.0,831923,732532,86417,646115,149834,0.5
1900-01-25 08:12:45,7930.5,1189789,7931.0,113041,1147435,101296,1046139,1076748,0.5
1900-01-25 08:13:00,7934.5,284063,7935.0,554159,428973,129636,299337,-270096,0.5
1900-01-25 08:13:15,7934.5,320734,7935.0,185674,186721,1315578,-1128857,135060,0.5
1900-01-25 08:13:30,7934.5,415397,7935.0,77374,94197,150109,-55912,338023,0.5
1900-01-25 08:13:45,7935.5,962680,7936.0,1071583,68238,88355,-20117,-108903,0.5
1900-01-25 08:14:00,7934.0,156246,7934.5,99252,124887,471166,-346279,56994,0.5
1900-01-25 08:14:15,7931.5,615982,7932.0,13625,15850,171381,-155531,602357,0.5
1900-01-25 08:14:30,7933.5,1198042,7934.0,18092,31011,51872,-20861,1179950,0.5
1900-01-25 08:14:45,7934.5,1363184,7935.0,48351,10436,41412,-30976,1314833,0.5
1900-01-25 08:15:00,7933.5,464598,7934.0,456879,326959,404149,-77190,7719,0.5
1900-01-25 08:15:15,7934.5,1088490,7935.0,35379,176203,615909,-439706,1053111,0.5
1900-01-25 08:15:30,7934.5,13461,7935.0,342951,23136,169743,-146607,-329490,0.5
1900-01-25 08:15:45,7934.5,470460,7935.0,565417,63880,412847,-348967,-94957,0.5
1900-01-25 08:16:00,7933.5,1601,7934.0,379448,17900,232187,-214287,-377847,0.5
1900-01-25 08:16:15,7933.5,409523,7934.0,478224,2634,461949,-459315,-68701,0.5
1900-01-25 08:16:30,7933.5,34303,7934.0,1016229,54224,54435,-211,-981926,0.5
1900-01-25 08:16:45,7932.0,14232,7932.5,482655,63332,478406,-415074,-468423,0.5
1900-01-25 08:17:00,7930.0,248999,7930.5,310301,2431,732794,-730363,-61302,0.5
1900-01-25 08:17:15,7927.5,116354,7928.0,656735,6406,811349,-804943,-540381,0.5
1900-01-25 08:17:30,7925.0,917590,7925.5,520968,20918,405483,-384565,396622,0.5
1900-01-25 08:17:45,7925.0,1323361,7925.5,348817,86167,19403,66764,974544,0.5
1900-01-25 08:18:00,7925.0,1267044,7925.5,359691,29675,45612,-15937,907353,0.5
1900-01-25 08:18:15,7934.5,1014345,7935.0,77718,121010,313540,-192530,936627,0.5
1900-01-25 08:18:30,7941.0,465526,7941.5,39687,665673,153597,512076,425839,0.5
1900-01-25 08:18:45,7939.0,322127,7939.5,141029,540028,241562,298466,181098,0.5
1900-01-25 08:19:00,7944.5,343069,7945.0,221411,108987,58134,50853,121658,0.5
1900-01-25 08:19:15,7951.5,816489,7952.0,132951,480030,138257,341773,683538,0.5
1900-01-25 08:19:30,7961.0,66239,7962.5,6000,2163390,349941,1813449,60239,1.5
1900-01-25 08:19:45,7975.5,274190,7976.0,227052,699257,198250,501007,47138,0.5
1900-01-25 08:20:00,7979.0,4304,7979.5,58986,900880,232686,668194,-54682,0.5
1900-01-25 08:20:15,7970.5,83390,7971.0,732668,225343,505785,-280442,-649278,0.5
1900-01-25 08:20:30,7979.5,895379,7980.0,381613,812468,374960,437508,513766,0.5
1900-01-25 08:20:45,7999.5,123385,8000.0,702387,2111749,44892,2066857,-579002,0.5
1900-01-25 08:21:00,8010.0,24196,8012.0,61918,2096535,382827,1713708,-37722,2.0
1900-01-25 08:21:15,7996.0,25343,7997.0,19,675331,241737,433594,25324,1.0
1900-01-25 08:21:30,7990.0,10801,7990.5,9186,227402,625799,-398397,1615,0.5
1900-01-25 08:21:45,7984.5,534107,7985.0,137051,165976,908059,-742083,397056,0.5
1900-01-25 08:22:00,7975.5,253315,7976.0,500924,107811,429198,-321387,-247609,0.5
1900-01-25 08:22:15,7976.5,730177,7977.0,136043,381766,787296,-405530,594134,0.5
1900-01-25 08:22:30,7982.5,613685,7983.0,20224,568609,15113,553496,593461,0.5
1900-01-25 08:22:45,7985.5,6454,7986.0,185453,475598,210101,265497,-178999,0.5
1900-01-25 08:23:00,7987.0,27169,7987.5,70398,126880,207912,-81032,-43229,0.5
1900-01-25 08:23:15,7988.0,100901,7988.5,828581,176657,281920,-105263,-727680,0.5
1900-01-25 08:23:30,7982.0,556913,7982.5,184632,58120,198568,-140448,372281,0.5
1900-01-25 08:23:45,7983.0,393899,7983.5,696859,184453,152210,32243,-302960,0.5
1900-01-25 08:24:00,7980.0,135535,7980.5,432631,142496,384002,-241506,-297096,0.5
1900-01-25 08:24:15,7977.5,294858,7978.0,607407,24711,244736,-220025,-312549,0.5
1900-01-25 08:24:30,7979.5,1026862,7980.0,86948,139460,166519,-27059,939914,0.5
1900-01-25 08:24:45,7982.5,483908,7983.0,143313,50838,75068,-24230,340595,0.5
1900-01-25 08:25:00,7988.5,265783,7989.0,158682,291979,91574,200405,107101,0.5
1900-01-25 08:25:15,7985.5,231344,7986.0,388566,164842,240253,-75411,-157222,0.5
1900-01-25 08:25:30,7993.0,546249,7993.5,70408,296508,175305,121203,475841,0.5
1900-01-25 08:25:45,7994.0,340439,7994.5,236597,112415,159476,-47061,103842,0.5
1900-01-25 08:26:00,7999.5,897668,8000.0,76804,254914,188458,66456,820864,0.5
1900-01-25 08:26:15,8006.5,273347,8007.0,292301,404794,472606,-67812,-18954,0.5
1900-01-25 08:26:30,8007.5,584490,8008.0,14185,274951,336056,-61105,570305,0.5
1900-01-25 08:26:45,7993.5,519492,7994.0,679505,332373,248904,83469,-160013,0.5
1900-01-25 08:27:00,7992.0,339037,7992.5,418405,52139,460157,-408018,-79368,0.5
1900-01-25 08:27:15,7992.5,1089220,7993.0,135654,176687,122995,53692,953566,0.5
1900-01-25 08:27:30,7992.5,175004,7993.0,709411,47042,258981,-211939,-534407,0.5
1900-01-25 08:27:45,7988.5,429445,7989.0,477633,51079,262428,-211349,-48188,0.5
1900-01-25 08:28:00,7988.5,462059,7989.0,497140,13494,132519,-119025,-35081,0.5
1900-01-25 08:28:15,7992.5,1263172,7993.0,66202,292067,151894,140173,1196970,0.5
1900-01-25 08:28:30,7994.5,979724,7995.0,42802,99024,21340,77684,936922,0.5
1900-01-25 08:28:45,7995.5,466943,7996.0,981436,431277,22703,408574,-514493,0.5
1900-01-25 08:29:00,7993.0,2800,7993.5,978442,16468,941970,-925502,-975642,0.5
1900-01-25 08:29:15,7991.5,358666,7992.0,278246,541040,122653,418387,80420,0.5
1900-01-25 08:29:30,7988.0,16383,7988.5,1110140,12030,144042,-132012,-1093757,0.5
1900-01-25 08:29:45,7982.0,515834,7982.5,602321,39600,559674,-520074,-86487,0.5
1900-01-25 08:30:00,7982.0,597918,7982.5,477449,153853,283866,-130013,120469,0.5
1900-01-25 08:30:15,7982.0,739723,7982.5,321690,139718,209678,-69960,418033,0.5
1900-01-25 08:30:30,7993.0,856029,7993.5,191753,420709,53508,367201,664276,0.5
1900-01-25 08:30:45,7994.5,799894,7995.0,231486,164027,80731,83296,568408,0.5
1900-01-25 08:31:00,7994.5,394559,7995.0,1031255,75704,146986,-71282,-636696,0.5
1900-01-25 08:31:15,7994.0,283896,7994.5,684689,102367,293159,-190792,-400793,0.5
1900-01-25 08:31:30,7990.0,183582,7990.5,623831,20209,106008,-85799,-440249,0.5
1900-01-25 08:31:45,7990.0,140652,7990.5,588190,79927,134727,-54800,-447538,0.5
1900-01-25 08:32:00,7988.0,214950,7988.5,632258,31859,27380,4479,-417308,0.5
1900-01-25 08:32:15,7990.5,232809,7991.0,568329,201899,72301,129598,-335520,0.5
1900-01-25 08:32:30,7990.5,665008,7991.0,375817,66877,34027,32850,289191,0.5
1900-01-25 08:32:45,7993.5,1143095,7994.0,65956,213750,41716,172034,1077139,0.5
1900-01-25 08:33:00,7999.5,879793,8000.0,229725,798369,170756,627613,650068,0.5
1900-01-25 08:33:15,8008.5,286531,8009.0,21304,293544,37105,256439,265227,0.5
1900-01-25 08:33:30,8010.0,5798,8010.5,469112,573255,214441,358814,-463314,0.5
1900-01-25 08:33:45,8008.5,357919,8009.0,6097,293606,199122,94484,351822,0.5
1900-01-25 08:34:00,8026.5,6000,8027.5,185034,712821,123806,589015,-179034,1.0
1900-01-25 08:34:15,8024.0,342414,8024.5,8278,461055,157594,303461,334136,0.5
1900-01-25 08:34:30,8029.5,795188,8030.0,582797,887525,196725,690800,212391,0.5
1900-01-25 08:34:45,8034.5,92235,8035.0,193615,917672,297733,619939,-101380,0.5
1900-01-25 08:35:00,8030.0,292636,8030.5,387886,510266,537107,-26841,-95250,0.5
1900-01-25 08:35:15,8029.5,456156,8030.0,280277,354813,551731,-196918,175879,0.5
1900-01-25 08:35:30,8035.0,1119152,8035.5,120247,644609,418496,226113,998905,0.5
1900-01-25 08:35:45,8031.0,351232,8031.5,437698,57502,165282,-107780,-86466,0.5
1900-01-25 08:36:00,8031.0,860750,8031.5,509070,58299,157666,-99367,351680,0.5
1900-01-25 08:36:15,8035.5,628308,8036.0,1079844,680794,215136,465658,-451536,0.5
1900-01-25 08:36:30,8035.5,222015,8036.0,928408,376444,322289,54155,-706393,0.5
1900-01-25 08:36:45,8027.5,135277,8028.0,683079,51653,850233,-798580,-547802,0.5
1900-01-25 08:37:00,8012.0,107133,8012.5,538156,54977,693832,-638855,-431023,0.5
1900-01-25 08:37:15,8021.0,620800,8021.5,153027,289619,338103,-48484,467773,0.5
1900-01-25 08:37:30,8021.0,896856,8021.5,270206,170890,69002,101888,626650,0.5
1900-01-25 08:37:45,8021.0,308581,8021.5,477437,204586,482885,-278299,-168856,0.5
1900-01-25 08:38:00,8021.0,282720,8021.5,707283,33238,186630,-153392,-424563,0.5
1900-01-25 08:38:15,8015.0,873261,8015.5,222131,10985,293510,-282525,651130,0.5
1900-01-25 08:38:30,8015.0,63979,8015.5,4721,90234,249889,-159655,59258,0.5
1900-01-25 08:38:45,8015.5,102803,8016.0,256109,83804,177504,-93700,-153306,0.5
1900-01-25 08:39:00,8014.5,648042,8015.0,291306,57754,110532,-52778,356736,0.5
1900-01-25 08:39:15,8014.0,57621,8014.5,857500,56643,280662,-224019,-799879,0.5
1900-01-25 08:39:30,8008.5,90469,8009.0,79364,207363,412997,-205634,11105,0.5
1900-01-25 08:39:45,8008.0,1146802,8008.5,452906,38846,347993,-309147,693896,0.5
1900-01-25 08:40:00,8014.5,487974,8015.0,177384,334169,246163,88006,310590,0.5
1900-01-25 08:40:15,8018.5,484631,8019.0,783801,327955,222352,105603,-299170,0.5
1900-01-25 08:40:30,8022.5,1195712,8023.5,11911,158597,70231,88366,1183801,1.0
1900-01-25 08:40:45,8031.0,259,8031.5,320104,227070,80904,146166,-319845,0.5
1900-01-25 08:41:00,8025.0,834778,8025.5,76492,140397,90888,49509,758286,0.5
1900-01-25 08:41:15,8020.5,63059,8021.0,409329,45275,151421,-106146,-346270,0.5
1900-01-25 08:41:30,8018.5,90372,8019.0,420559,9001,246704,-237703,-330187,0.5
1900-01-25 08:41:45,8012.0,691658,8012.5,558108,8518,187707,-179189,133550,0.5
1900-01-25 08:42:00,8012.0,324844,8012.5,356639,129694,105779,23915,-31795,0.5
1900-01-25 08:42:15,7999.5,601701,8000.0,1469506,76630,209139,-132509,-867805,0.5
1900-01-25 08:42:30,7999.5,323512,8000.0,1265394,269600,980316,-710716,-941882,0.5
1900-01-25 08:42:45,7998.0,130218,7998.5,901951,344270,284568,59702,-771733,0.5
1900-01-25 08:43:00,7998.0,625977,7998.5,284791,112915,127259,-14344,341186,0.5
1900-01-25 08:43:15,7998.0,905221,7998.5,439529,175199,101956,73243,465692,0.5
1900-01-25 08:43:30,7998.0,342684,7998.5,1025856,11093,68058,-56965,-683172,0.5
1900-01-25 08:43:45,7998.0,966828,7998.5,338061,67491,62014,5477,628767,0.5
1900-01-25 08:44:00,7998.0,106602,7998.5,840446,148544,163943,-15399,-733844,0.5
1900-01-25 08:44:15,7992.5,662667,7993.0,163464,84669,172085,-87416,499203,0.5
1900-01-25 08:44:30,7993.5,328748,7994.0,814215,311222,238765,72457,-485467,0.5
1900-01-25 08:44:45,7989.0,447180,7989.5,287343,78357,491623,-413266,159837,0.5
1900-01-25 08:45:00,7989.0,164502,7989.5,706655,133485,163287,-29802,-542153,0.5
1900-01-25 08:45:15,7989.0,370357,7989.5,528246,17065,98177,-81112,-157889,0.5
1900-01-25 08:45:30,7986.0,229169,7986.5,371514,5851,287079,-281228,-142345,0.5
1900-01-25 08:45:45,7985.0,482598,7985.5,185417,100801,179008,-78207,297181,0.5
1900-01-25 08:46:00,7983.0,1182207,7983.5,43596,29955,473140,-443185,1138611,0.5
1900-01-25 08:46:15,7985.0,936768,7985.5,12500,257567,86077,171490,924268,0.5
1900-01-25 08:46:30,7991.5,205662,7992.0,104855,398062,39803,358259,100807,0.5
1900-01-25 08:46:45,7999.0,285600,7999.5,449843,563756,25867,537889,-164243,0.5
1900-01-25 08:47:00,7997.5,150801,7998.0,555307,82039,238801,-156762,-404506,0.5
1900-01-25 08:47:15,7996.0,167455,7996.5,651192,16929,139512,-122583,-483737,0.5
1900-01-25 08:47:30,7996.0,1011977,7996.5,84444,23619,120164,-96545,927533,0.5
1900-01-25 08:47:45,8006.0,217188,8006.5,747078,433534,32625,400909,-529890,0.5
1900-01-25 08:48:00,8009.0,665379,8009.5,2055,164227,186272,-22045,663324,0.5
1900-01-25 08:48:15,8009.5,561910,8010.0,316689,444261,66812,377449,245221,0.5
1900-01-25 08:48:30,8010.0,689522,8010.5,492697,291729,73513,218216,196825,0.5
1900-01-25 08:48:45,8009.5,89472,8010.0,812970,93895,175509,-81614,-723498,0.5
1900-01-25 08:49:00,8004.5,72200,8005.0,1270773,24264,354849,-330585,-1198573,0.5
1900-01-25 08:49:15,8002.5,14439,8003.0,832377,8036,45392,-37356,-817938,0.5
1900-01-25 08:49:30,7991.0,344551,7991.5,109421,12931,89031,-76100,235130,0.5
1900-01-25 08:49:45,7996.5,194331,7997.0,525361,61320,95767,-34447,-331030,0.5
1900-01-25 08:50:00,7993.5,138031,7994.0,659478,20308,76494,-56186,-521447,0.5
1900-01-25 08:50:15,7992.5,71658,7993.0,688918,23360,151502,-128142,-617260,0.5
1900-01-25 08:50:30,7990.0,262139,7990.5,639419,46408,50255,-3847,-377280,0.5
1900-01-25 08:50:45,7989.5,8190,7990.0,1402342,9737,181399,-171662,-1394152,0.5
1900-01-25 08:51:00,7987.0,316476,7987.5,604634,7129,186035,-178906,-288158,0.5
1900-01-25 08:51:15,7977.0,142875,7977.5,410227,25601,206756,-181155,-267352,0.5
1900-01-25 08:51:30,7979.5,669524,7980.0,190824,159518,335821,-176303,478700,0.5
1900-01-25 08:51:45,7981.5,492845,7982.0,220493,234009,72493,161516,272352,0.5
1900-01-25 08:52:00,7982.5,1112133,7983.0,18948,203773,58682,145091,1093185,0.5
1900-01-25 08:52:15,7982.5,260876,7983.0,566349,94506,28672,65834,-305473,0.5
1900-01-25 08:52:30,7970.5,28284,7971.0,340865,94093,620237,-526144,-312581,0.5
1900-01-25 08:52:45,7970.5,786505,7971.0,141189,28814,543758,-514944,645316,0.5
1900-01-25 08:53:00,7971.5,478238,7972.0,188475,109654,534923,-425269,289763,0.5
1900-01-25 08:53:15,7964.0,115926,7964.5,205687,159172,472062,-312890,-89761,0.5
1900-01-25 08:53:30,7970.0,669537,7970.5,856525,216128,157112,59016,-186988,0.5
1900-01-25 08:53:45,7970.0,938945,7970.5,162171,122453,71570,50883,776774,0.5
1900-01-25 08:54:00,7971.0,739498,7971.5,77637,261105,50235,210870,661861,0.5
1900-01-25 08:54:15,7972.5,922003,7973.0,23709,88722,5404,83318,898294,0.5
1900-01-25 08:54:30,7973.5,889112,7974.0,76780,177803,24689,153114,812332,0.5
1900-01-25 08:54:45,7984.5,522197,7985.0,582375,288415,11159,277256,-60178,0.5
1900-01-25 08:55:00,7993.5,258626,7994.0,373962,556179,29236,526943,-115336,0.5
1900-01-25 08:55:15,7992.5,576894,7993.0,14696,375444,128667,246777,562198,0.5
1900-01-25 08:55:30,7995.0,95010,7995.5,1086029,559702,402715,156987,-991019,0.5
1900-01-25 08:55:45,7993.0,105131,7993.5,447781,262457,203734,58723,-342650,0.5
1900-01-25 08:56:00,7991.0,151346,7991.5,834430,207925,228512,-20587,-683084,0.5
1900-01-25 08:56:15,7985.5,293025,7986.0,475689,9952,136308,-126356,-182664,0.5
1900-01-25 08:56:30,7982.0,149659,7982.5,345913,55540,296837,-241297,-196254,0.5
1900-01-25 08:56:45,7980.0,10000,7980.5,483800,17115,157538,-140423,-473800,0.5
1900-01-25 08:57:00,7979.0,685678,7979.5,9164,74787,21770,53017,676514,0.5
1900-01-25 08:57:15,7982.0,546606,7982.5,127158,112041,3063,108978,419448,0.5
1900-01-25 08:57:30,7982.5,981077,7983.0,63042,79855,8762,71093,918035,0.5
1900-01-25 08:57:45,7982.5,348779,7983.0,313667,40302,56201,-15899,35112,0.5
1900-01-25 08:58:00,7982.5,325273,7983.0,194479,25755,30241,-4486,130794,0.5
1900-01-25 08:58:15,7980.5,14403,7981.0,483365,8492,88426,-79934,-468962,0.5
1900-01-25 08:58:30,7975.0,337239,7975.5,202675,27292,43043,-15751,134564,0.5
1900-01-25 08:58:45,7970.0,771244,7970.5,188972,29856,127470,-97614,582272,0.5
1900-01-25 08:59:00,7970.0,873226,7970.5,105287,96088,80849,15239,767939,0.5
1900-01-25 08:59:15,7974.5,835357,7975.0,42907,159035,47735,111300,792450,0.5
1900-01-25 08:59:30,7979.5,639849,7980.0,120665,61643,56002,5641,519184,0.5
1900-01-25 08:59:45,7980.0,2110216,7980.5,110014,53232,27895,25337,2000202,0.5
1900-01-25 09:00:00,7980.0,1942206,7980.5,58404,78288,37901,40387,1883802,0.5
1900-01-25 09:00:15,7983.5,248058,7984.0,487230,149840,59013,90827,-239172,0.5
1900-01-25 09:00:30,7983.5,155473,7984.0,999807,129320,29788,99532,-844334,0.5
1900-01-25 09:00:45,7983.5,170472,7984.0,1265136,94150,76745,17405,-1094664,0.5
1900-01-25 09:01:00,7983.5,383951,7984.0,1261742,76151,80796,-4645,-877791,0.5
1900-01-25 09:01:15,7985.5,929365,7986.0,490338,181241,95720,85521,439027,0.5
1900-01-25 09:01:30,7988.5,673991,7989.0,31964,292472,2500,289972,642027,0.5
1900-01-25 09:01:45,7990.5,914116,7991.0,48738,850082,1300,848782,865378,0.5
1900-01-25 09:02:00,7993.0,271322,7993.5,148006,192076,162336,29740,123316,0.5
1900-01-25 09:02:15,7990.5,335059,7991.0,559137,44026,92199,-48173,-224078,0.5
1900-01-25 09:02:30,7990.5,256906,7991.0,627636,6949,123525,-116576,-370730,0.5
1900-01-25 09:02:45,7990.0,1040062,7990.5,205854,101970,131640,-29670,834208,0.5
1900-01-25 09:03:00,7991.0,419788,7991.5,211055,30129,28532,1597,208733,0.5
1900-01-25 09:03:15,7991.0,391220,7991.5,171646,19599,12336,7263,219574,0.5
1900-01-25 09:03:30,7991.0,45705,7991.5,2116317,24890,40752,-15862,-2070612,0.5
1900-01-25 09:03:45,7990.5,232384,7991.0,707276,8163,62672,-54509,-474892,0.5
1900-01-25 09:04:00,7990.5,237578,7991.0,557638,33670,134967,-101297,-320060,0.5
1900-01-25 09:04:15,7990.5,322535,7991.0,1015501,4065,50603,-46538,-692966,0.5
1900-01-25 09:04:30,7989.5,10959,7990.0,692434,3194,48375,-45181,-681475,0.5
1900-01-25 09:04:45,7980.0,664005,7980.5,412842,14607,302037,-287430,251163,0.5
1900-01-25 09:05:00,7977.0,66019,7977.5,248389,54014,198574,-144560,-182370,0.5
1900-01-25 09:05:15,7974.0,74048,7974.5,1195069,20755,210571,-189816,-1121021,0.5
1900-01-25 09:05:30,7973.0,581405,7973.5,1100171,5950,85401,-79451,-518766,0.5
1900-01-25 09:05:45,7972.5,45090,7973.0,964386,13300,130033,-116733,-919296,0.5
1900-01-25 09:06:00,7966.5,611955,7967.0,478028,37632,133283,-95651,133927,0.5
1900-01-25 09:06:15,7966.5,815231,7967.0,490353,13131,129357,-116226,324878,0.5
1900-01-25 09:06:30,7966.5,627670,7967.0,459718,134794,93334,41460,167952,0.5
1900-01-25 09:06:45,7969.0,812555,7969.5,5825,177497,173981,3516,806730,0.5
1900-01-25 09:07:00,7969.0,645421,7969.5,376089,136610,33291,103319,269332,0.5
1900-01-25 09:07:15,7965.5,338535,7966.0,531918,13401,288219,-274818,-193383,0.5
1900-01-25 09:07:30,7963.0,308693,7963.5,1081003,13561,529156,-515595,-772310,0.5
1900-01-25 09:07:45,7963.0,608330,7963.5,361849,26139,221571,-195432,246481,0.5
1900-01-25 09:08:00,7964.5,703451,7965.0,72242,287004,57942,229062,631209,0.5
1900-01-25 09:08:15,7974.5,377972,7975.0,297419,284332,5121,279211,80553,0.5
1900-01-25 09:08:30,7976.5,895920,7977.0,22774,235150,9132,226018,873146,0.5
1900-01-25 09:08:45,7978.0,584814,7978.5,326320,82342,85,82257,258494,0.5
1900-01-25 09:09:00,7978.0,550270,7978.5,804873,108008,77023,30985,-254603,0.5
1900-01-25 09:09:15,7974.0,66459,7974.5,745417,927,27790,-26863,-678958,0.5
1900-01-25 09:09:30,7970.0,590678,7970.5,535405,8517,36286,-27769,55273,0.5
1900-01-25 09:09:45,7970.0,939002,7970.5,352721,28864,20586,8278,586281,0.5
1900-01-25 09:10:00,7970.0,586986,7970.5,547837,20307,82320,-62013,39149,0.5
1900-01-25 09:10:15,7970.0,1565846,7970.5,358068,42917,17963,24954,1207778,0.5
1900-01-25 09:10:30,7966.5,433516,7967.0,417298,51174,21078,30096,16218,0.5
1900-01-25 09:10:45,7966.5,72112,7967.0,683295,41418,87277,-45859,-611183,0.5
1900-01-25 09:11:00,7965.5,566073,7966.0,659998,1778,70065,-68287,-93925,0.5
1900-01-25 09:11:15,7967.0,681131,7967.5,315094,76206,60171,16035,366037,0.5
1900-01-25 09:11:30,7970.5,1431680,7971.0,53052,838975,28327,810648,1378628,0.5
1900-01-25 09:11:45,7974.5,1150320,7975.0,13765,24940,6390,18550,1136555,0.5
1900-01-25 09:12:00,7976.5,1059807,7977.0,146930,23377,55848,-32471,912877,0.5
1900-01-25 09:12:15,7981.0,854397,7981.5,272957,139786,501,139285,581440,0.5
1900-01-25 09:12:30,7982.0,1330615,7982.5,477367,164212,2,164210,853248,0.5
1900-01-25 09:12:45,7982.0,2023296,7982.5,1123,129698,3416,126282,2022173,0.5
1900-01-25 09:13:00,7985.0,666986,7985.5,265832,225546,86125,139421,401154,0.5
1900-01-25 09:13:15,7985.5,717247,7986.0,435540,157581,13606,143975,281707,0.5
1900-01-25 09:13:30,7987.5,1162037,7988.0,268569,262232,57904,204328,893468,0.5
1900-01-25 09:13:45,7988.5,369076,7989.0,113822,118384,106579,11805,255254,0.5
1900-01-25 09:14:00,7988.5,182887,7989.0,479655,76597,161826,-85229,-296768,0.5
1900-01-25 09:14:15,7988.5,300367,7989.0,611315,28840,42129,-13289,-310948,0.5
1900-01-25 09:14:30,7988.5,472427,7989.0,532850,11515,38266,-26751,-60423,0.5
1900-01-25 09:14:45,7988.5,408665,7989.0,604581,25201,105992,-80791,-195916,0.5
1900-01-25 09:15:00,7988.5,20667,7989.0,922218,506,65153,-64647,-901551,0.5
1900-01-25 09:15:15,7987.0,21453,7987.5,978803,39220,49790,-10570,-957350,0.5
1900-01-25 09:15:30,7986.5,783999,7987.0,462124,60413,85179,-24766,321875,0.5
1900-01-25 09:15:45,7986.0,511588,7986.5,1068140,5677,160809,-155132,-556552,0.5
1900-01-25 09:16:00,7986.0,239309,7986.5,1026520,13100,152027,-138927,-787211,0.5
1900-01-25 09:16:15,7982.0,85013,7982.5,874451,2076,345767,-343691,-789438,0.5
1900-01-25 09:16:30,7982.0,6444,7982.5,1264577,4037,15601,-11564,-1258133,0.5
1900-01-25 09:16:45,7982.0,123058,7982.5,1262597,4266,352693,-348427,-1139539,0.5
1900-01-25 09:17:00,7982.0,84513,7982.5,1331199,44493,117751,-73258,-1246686,0.5
1900-01-25 09:17:15,7981.0,2106,7981.5,1280080,44493,165472,-120979,-1277974,0.5
1900-01-25 09:17:30,7980.0,97397,7980.5,1735328,70,77149,-77079,-1637931,0.5
1900-01-25 09:17:45,7978.0,881858,7978.5,1003144,1323,39487,-38164,-121286,0.5
1900-01-25 09:18:00,7978.0,1388661,7978.5,366350,216841,7996,208845,1022311,0.5
1900-01-25 09:18:15,7981.5,1098050,7982.0,39970,437547,6100,431447,1058080,0.5
1900-01-25 09:18:30,7983.0,911957,7983.5,49145,125181,41922,83259,862812,0.5
1900-01-25 09:18:45,7984.0,3840,7984.5,248815,184098,7049,177049,-244975,0.5
1900-01-25 09:19:00,7984.0,1409813,7984.5,212919,47980,2877,45103,1196894,0.5
1900-01-25 09:19:15,7995.0,250286,7995.5,8348,688639,42496,646143,241938,0.5
1900-01-25 09:19:30,7999.0,788389,7999.5,237968,302828,1141,301687,550421,0.5
1900-01-25 09:19:45,8003.5,442867,8004.0,282656,498110,198596,299514,160211,0.5
1900-01-25 09:20:00,8003.5,247348,8004.0,911937,65057,279417,-214360,-664589,0.5
1900-01-25 09:20:15,7998.5,1121344,7999.0,721094,15113,257491,-242378,400250,0.5
1900-01-25 09:20:30,8003.0,565224,8003.5,115884,122898,12440,110458,449340,0.5
1900-01-25 09:20:45,8003.0,571330,8003.5,486272,171847,2249,169598,85058,0.5
1900-01-25 09:21:00,8001.0,83964,8001.5,581179,10218,131910,-121692,-497215,0.5
1900-01-25 09:21:15,8000.0,1610098,8000.5,775568,2092,99745,-97653,834530,0.5
1900-01-25 09:21:30,8000.0,1819873,8000.5,1279784,16561,31614,-15053,540089,0.5
1900-01-25 09:21:45,8000.0,242095,8000.5,1164554,12311,7264,5047,-922459,0.5
1900-01-25 09:22:00,7996.5,1276974,7997.0,1094121,19849,124070,-104221,182853,0.5
1900-01-25 09:22:15,7996.5,437745,7997.0,871806,18188,66433,-48245,-434061,0.5
1900-01-25 09:22:30,7996.5,1050014,7997.0,1015646,19365,7034,12331,34368,0.5
1900-01-25 09:22:45,7996.5,958170,7997.0,997534,33551,61585,-28034,-39364,0.5
1900-01-25 09:23:00,7991.0,57199,7991.5,57053,272951,51987,220964,146,0.5
1900-01-25 09:23:15,7990.5,348970,7991.0,675002,13214,21493,-8279,-326032,0.5
1900-01-25 09:23:30,7990.5,34819,7991.0,896579,5480,78451,-72971,-861760,0.5
1900-01-25 09:23:45,7986.5,585840,7987.0,699622,1057,486490,-485433,-113782,0.5
1900-01-25 09:24:00,7990.5,885358,7991.0,103064,179148,11062,168086,782294,0.5
1900-01-25 09:24:15,7993.5,50360,7994.0,895765,79393,5243,74150,-845405,0.5
1900-01-25 09:24:30,7993.5,185786,7994.0,864879,4350,60342,-55992,-679093,0.5
1900-01-25 09:24:45,7993.5,251323,7994.0,986132,26060,91853,-65793,-734809,0.5
1900-01-25 09:25:00,7990.0,639313,7990.5,509720,17287,14661,2626,129593,0.5
1900-01-25 09:25:15,7990.0,690542,7990.5,1056081,4719,18362,-13643,-365539,0.5
1900-01-25 09:25:30,7990.0,134746,7990.5,1466254,1037,66358,-65321,-1331508,0.5
1900-01-25 09:25:45,7989.0,14068,7989.5,1055649,1248,65269,-64021,-1041581,0.5
1900-01-25 09:26:00,7987.5,41470,7988.0,822054,101,15991,-15890,-780584,0.5
1900-01-25 09:26:15,7987.0,29500,7987.5,722943,1010,22146,-21136,-693443,0.5
1900-01-25 09:26:30,7987.5,891276,7988.0,297253,20669,26848,-6179,594023,0.5
1900-01-25 09:26:45,7987.5,807929,7988.0,157952,137912,19926,117986,649977,0.5
1900-01-25 09:27:00,7987.5,82467,7988.0,351595,45550,32843,12707,-269128,0.5
1900-01-25 09:27:15,7987.0,45792,7987.5,638967,10402,29874,-19472,-593175,0.5
1900-01-25 09:27:30,7983.5,82914,7984.0,823684,11120,88008,-76888,-740770,0.5
1900-01-25 09:27:45,7983.0,56527,7983.5,493465,2200,67077,-64877,-436938,0.5
1900-01-25 09:28:00,7982.5,10260,7983.0,1108029,8629,58592,-49963,-1097769,0.5
1900-01-25 09:28:15,7982.0,1193348,7982.5,288184,6268,6098,170,905164,0.5
1900-01-25 09:28:30,7981.5,86527,7982.0,706643,64074,29223,34851,-620116,0.5
1900-01-25 09:28:45,7981.0,32582,7981.5,429671,6600,23005,-16405,-397089,0.5
1900-01-25 09:29:00,7972.5,850092,7973.0,432265,76225,74498,1727,417827,0.5
1900-01-25 09:29:15,7972.5,1391607,7973.0,126668,274830,91131,183699,1264939,0.5
1900-01-25 09:29:30,7978.0,854837,7978.5,27431,45417,162448,-117031,827406,0.5
1900-01-25 09:29:45,7979.5,1335844,7980.0,41914,142648,43733,98915,1293930,0.5
1900-01-25 09:30:00,7980.0,1259016,7980.5,23418,38495,85627,-47132,1235598,0.5
1900-01-25 09:30:15,7980.0,633532,7980.5,208891,98859,960,97899,424641,0.5
1900-01-25 09:30:30,7980.0,1489792,7980.5,264700,84921,4035,80886,1225092,0.5
1900-01-25 09:30:45,7980.0,1401731,7980.5,372329,5672,31000,-25328,1029402,0.5
1900-01-25 09:31:00,7980.0,766309,7980.5,786219,81906,31274,50632,-19910,0.5
1900-01-25 09:31:15,7980.0,463585,7980.5,1305403,5125,251595,-246470,-841818,0.5
1900-01-25 09:31:30,7978.0,85631,7978.5,1048202,7876,429213,-421337,-962571,0.5
1900-01-25 09:31:45,7974.0,1014025,7974.5,2270,37628,71138,-33510,1011755,0.5
1900-01-25 09:32:00,7976.0,485184,7976.5,468312,33616,10115,23501,16872,0.5
1900-01-25 09:32:15,7980.0,710167,7980.5,131921,36114,32094,4020,578246,0.5
1900-01-25 09:32:30,7980.0,1607883,7980.5,150443,23841,4838,19003,1457440,0.5
1900-01-25 09:32:45,7980.0,1571362,7980.5,593857,2982,8323,-5341,977505,0.5
1900-01-25 09:33:00,7980.0,200668,7980.5,1229078,14581,26433,-11852,-1028410,0.5
1900-01-25 09:33:15,7975.0,60961,7975.5,585069,12563,234174,-221611,-524108,0.5
1900-01-25 09:33:30,7975.0,56487,7975.5,1075333,14215,20279,-6064,-1018846,0.5
1900-01-25 09:33:45,7973.0,272684,7973.5,1320287,6163,486771,-480608,-1047603,0.5
1900-01-25 09:34:00,7963.5,229107,7964.0,539212,3158,531962,-528804,-310105,0.5
1900-01-25 09:34:15,7969.5,388014,7970.0,58637,87792,63896,23896,329377,0.5
1900-01-25 09:34:30,7965.5,657752,7966.0,119411,167646,202706,-35060,538341,0.5
1900-01-25 09:34:45,7965.0,34284,7965.5,748455,82087,202077,-119990,-714171,0.5
1900-01-25 09:35:00,7962.5,75977,7963.0,710453,49520,362177,-312657,-634476,0.5
1900-01-25 09:35:15,7962.0,656305,7962.5,393551,11232,39622,-28390,262754,0.5
1900-01-25 09:35:30,7966.5,782327,7967.0,292323,233645,25769,207876,490004,0.5
1900-01-25 09:35:45,7968.0,849520,7968.5,800,209650,3000,206650,848720,0.5
1900-01-25 09:36:00,7972.5,262769,7973.0,587718,136580,19840,116740,-324949,0.5
1900-01-25 09:36:15,7972.0,54689,7972.5,774267,116381,44468,71913,-719578,0.5
1900-01-25 09:36:30,7971.5,23557,7972.0,1366219,6545,37454,-30909,-1342662,0.5
1900-01-25 09:36:45,7969.0,52317,7969.5,848323,49858,64377,-14519,-796006,0.5
1900-01-25 09:37:00,7965.5,659898,7966.0,435163,24240,38605,-14365,224735,0.5
1900-01-25 09:37:15,7965.5,253008,7966.0,1125359,468,28521,-28053,-872351,0.5
1900-01-25 09:37:30,7965.0,38433,7965.5,1382295,15000,99575,-84575,-1343862,0.5
1900-01-25 09:37:45,7965.0,491339,7965.5,1223346,46400,84628,-38228,-732007,0.5
1900-01-25 09:38:00,7965.0,612045,7965.5,203528,43434,117600,-74166,408517,0.5
1900-01-25 09:38:15,7965.0,692490,7965.5,358539,21256,71557,-50301,333951,0.5
1900-01-25 09:38:30,7965.5,1620252,7966.0,16703,200579,36254,164325,1603549,0.5
1900-01-25 09:38:45,7966.5,1041160,7967.0,34594,36156,40616,-4460,1006566,0.5
1900-01-25 09:39:00,7967.5,752622,7968.0,281127,156789,13746,143043,471495,0.5
1900-01-25 09:39:15,7967.5,346677,7968.0,673776,48852,41535,7317,-327099,0.5
1900-01-25 09:39:30,7967.5,146569,7968.0,1299628,59910,63333,-3423,-1153059,0.5
1900-01-25 09:39:45,7967.5,40691,7968.0,1590716,6335,39018,-32683,-1550025,0.5
1900-01-25 09:40:00,7967.5,1252369,7968.0,930416,58300,2680,55620,321953,0.5
1900-01-25 09:40:15,7967.5,1391354,7968.0,810966,58905,12180,46725,580388,0.5
1900-01-25 09:40:30,7967.5,1354633,7968.0,829175,17450,1067,16383,525458,0.5
1900-01-25 09:40:45,7967.5,1318829,7968.0,729782,74262,1200,73062,589047,0.5
1900-01-25 09:41:00,7967.5,390067,7968.0,1225728,23550,50035,-26485,-835661,0.5
1900-01-25 09:41:15,7963.0,478,7963.5,908130,17508,103440,-85932,-907652,0.5
1900-01-25 09:41:30,7960.5,643490,7961.0,341657,7610,236915,-229305,301833,0.5
1900-01-25 09:41:45,7960.5,67278,7961.0,1142594,19710,121764,-102054,-1075316,0.5
1900-01-25 09:42:00,7955.0,277374,7955.5,9494,65764,809376,-743612,267880,0.5
1900-01-25 09:42:15,7955.0,1142027,7955.5,115189,35777,140119,-104342,1026838,0.5
1900-01-25 09:42:30,7955.0,817351,7955.5,105608,173406,145046,28360,711743,0.5
1900-01-25 09:42:45,7955.0,489947,7955.5,606552,10123,161916,-151793,-116605,0.5
1900-01-25 09:43:00,7955.0,42802,7955.5,1316081,2413,318079,-315666,-1273279,0.5
1900-01-25 09:43:15,7955.0,36918,7955.5,1704219,3136,79267,-76131,-1667301,0.5
1900-01-25 09:43:30,7953.5,337772,7954.0,717230,46399,113855,-67456,-379458,0.5
1900-01-25 09:43:45,7953.5,433742,7954.0,690588,49376,65976,-16600,-256846,0.5
1900-01-25 09:44:00,7953.5,594631,7954.0,339427,177802,4230,173572,255204,0.5
1900-01-25 09:44:15,7955.0,441448,7955.5,81700,354779,26500,328279,359748,0.5
1900-01-25 09:44:30,7957.5,8738,7958.0,10859,652554,6224,646330,-2121,0.5
1900-01-25 09:44:45,7968.5,70895,7969.0,949326,259525,48619,210906,-878431,0.5
1900-01-25 09:45:00,7958.5,319413,7959.0,336516,3443,81370,-77927,-17103,0.5
1900-01-25 09:45:15,7956.0,53541,7956.5,953737,3592,10938,-7346,-900196,0.5
1900-01-25 09:45:30,7955.0,203184,7955.5,409060,24641,56003,-31362,-205876,0.5
1900-01-25 09:45:45,7955.0,112395,7955.5,498297,207556,27940,179616,-385902,0.5
1900-01-25 09:46:00,7955.0,450071,7955.5,62231,57443,13509,43934,387840,0.5
1900-01-25 09:46:15,7958.0,423597,7958.5,219737,22377,4759,17618,203860,0.5
1900-01-25 09:46:30,7959.5,700851,7960.0,4581,281104,30270,250834,696270,0.5
1900-01-25 09:46:45,7960.5,428987,7961.0,322693,155890,2774,153116,106294,0.5
1900-01-25 09:47:00,7963.0,489131,7963.5,340646,180861,2044,178817,148485,0.5
1900-01-25 09:47:15,7963.5,1057922,7964.0,5317,26607,66727,-40120,1052605,0.5
1900-01-25 09:47:30,7965.5,739686,7966.0,39707,22079,9891,12188,699979,0.5
1900-01-25 09:47:45,7967.5,717715,7968.0,202312,83699,4000,79699,515403,0.5
1900-01-25 09:48:00,7968.0,741427,7968.5,257991,16614,1206,15408,483436,0.5
1900-01-25 09:48:15,7973.5,258319,7974.0,317646,310902,1601,309301,-59327,0.5
1900-01-25 09:48:30,7973.5,198527,7974.0,802623,96017,98714,-2697,-604096,0.5
1900-01-25 09:48:45,7973.5,772954,7974.0,325869,87254,73595,13659,447085,0.5
1900-01-25 09:49:00,7973.5,387307,7974.0,651239,72758,4779,67979,-263932,0.5
1900-01-25 09:49:15,7973.5,483129,7974.0,1004573,6789,152207,-145418,-521444,0.5
1900-01-25 09:49:30,7973.0,1474,7973.5,1312528,23658,69356,-45698,-1311054,0.5
1900-01-25 09:49:45,7973.5,1051822,7974.0,276686,35523,21522,14001,775136,0.5
1900-01-25 09:50:00,7973.5,438249,7974.0,803390,5620,37397,-31777,-365141,0.5
1900-01-25 09:50:15,7974.5,1307015,7975.0,114349,109113,21841,87272,1192666,0.5
1900-01-25 09:50:30,7975.5,1153594,7976.0,196948,143023,13000,130023,956646,0.5
1900-01-25 09:50:45,7975.5,719912,7976.0,440226,54892,13162,41730,279686,0.5
1900-01-25 09:51:00,7976.5,951757,7977.0,74274,57266,18268,38998,877483,0.5
1900-01-25 09:51:15,7975.5,305798,7976.0,758579,46339,92600,-46261,-452781,0.5
1900-01-25 09:51:30,7975.5,32981,7976.0,1043631,9367,86862,-77495,-1010650,0.5
1900-01-25 09:51:45,7975.0,103502,7975.5,1074644,2467,42690,-40223,-971142,0.5
1900-01-25 09:52:00,7972.0,215670,7972.5,986878,11442,98437,-86995,-771208,0.5
1900-01-25 09:52:15,7967.5,532560,7968.0,433475,38127,188347,-150220,99085,0.5
1900-01-25 09:52:30,7967.5,118139,7968.0,1090236,17853,15502,2351,-972097,0.5
1900-01-25 09:52:45,7966.5,369478,7967.0,339460,9000,196688,-187688,30018,0.5
1900-01-25 09:53:00,7966.5,635614,7967.0,262209,1740,302,1438,373405,0.5
1900-01-25 09:53:15,7966.5,770516,7967.0,438535,27908,18818,9090,331981,0.5
1900-01-25 09:53:30,7966.5,801674,7967.0,207077,6940,6441,499,594597,0.5
1900-01-25 09:53:45,7966.5,778936,7967.0,199996,4200,1200,3000,578940,0.5
1900-01-25 09:54:00,7966.5,717007,7967.0,587792,2002,5690,-3688,129215,0.5
1900-01-25 09:54:15,7966.5,852006,7967.0,7942,24080,20906,3174,844064,0.5
1900-01-25 09:54:30,7970.5,1077895,7971.0,1500,39305,75,39230,1076395,0.5
1900-01-25 09:54:45,7971.0,87900,7971.5,690529,7973,5104,2869,-602629,0.5
1900-01-25 09:55:00,7969.0,23170,7969.5,595805,3787,88311,-84524,-572635,0.5
1900-01-25 09:55:15,7967.0,28518,7967.5,670549,6374,104325,-97951,-642031,0.5
1900-01-25 09:55:30,7969.0,403407,7969.5,539050,5634,23454,-17820,-135643,0.5
1900-01-25 09:55:45,7969.0,716176,7969.5,17919,23357,3,23354,698257,0.5
1900-01-25 09:56:00,7969.5,437324,7970.0,754192,49220,56880,-7660,-316868,0.5
1900-01-25 09:56:15,7969.5,1236873,7970.0,17395,29556,20432,9124,1219478,0.5
1900-01-25 09:56:30,7977.5,296467,7978.0,795378,93175,21586,71589,-498911,0.5
1900-01-25 09:56:45,7977.5,297988,7978.0,877194,39757,60417,-20660,-579206,0.5
1900-01-25 09:57:00,7978.5,915306,7979.0,189122,256795,3024,253771,726184,0.5
1900-01-25 09:57:15,7981.0,269646,7981.5,958596,208901,37601,171300,-688950,0.5
1900-01-25 09:57:30,7981.5,458376,7982.0,610719,104737,31010,73727,-152343,0.5
1900-01-25 09:57:45,7982.0,509029,7982.5,522344,110696,10352,100344,-13315,0.5
1900-01-25 09:58:00,7982.0,545112,7982.5,558554,86640,24450,62190,-13442,0.5
1900-01-25 09:58:15,7982.0,118972,7982.5,951220,17950,7638,10312,-832248,0.5
1900-01-25 09:58:30,7982.0,342965,7982.5,572749,131347,16923,114424,-229784,0.5
1900-01-25 09:58:45,7981.0,28432,7981.5,876351,7000,123687,-116687,-847919,0.5
1900-01-25 09:59:00,7979.5,25805,7980.0,961507,2065,115160,-113095,-935702,0.5
1900-01-25 09:59:15,7978.5,107075,7979.0,1070477,2810,30668,-27858,-963402,0.5
1900-01-25 09:59:30,7979.0,713908,7979.5,2164,92868,16464,76404,711744,0.5
1900-01-25 09:59:45,7983.5,702298,7984.0,310148,154999,29318,125681,392150,0.5
1900-01-25 10:00:00,7985.0,52654,7985.5,70187,98033,30256,67777,-17533,0.5
1900-01-25 10:00:15,7988.0,1066198,7988.5,122465,152450,9322,143128,943733,0.5
1900-01-25 10:00:30,7991.5,49446,7992.0,467556,355100,82913,272187,-418110,0.5
1900-01-25 10:00:45,7991.5,430729,7992.0,307598,46155,175556,-129401,123131,0.5
1900-01-25 10:01:00,7991.5,554140,7992.0,466404,29042,7006,22036,87736,0.5
1900-01-25 10:01:15,7991.5,745790,7992.0,215138,217488,35529,181959,530652,0.5
1900-01-25 10:01:30,7991.5,822362,7992.0,354178,126667,12042,114625,468184,0.5
1900-01-25 10:01:45,7991.5,604748,7992.0,436527,82790,7768,75022,168221,0.5
1900-01-25 10:02:00,7991.5,1266483,7992.0,144380,89171,33607,55564,1122103,0.5
1900-01-25 10:02:15,7992.5,1150411,7993.0,82132,354160,112951,241209,1068279,0.5
1900-01-25 10:02:30,7993.0,1212795,7993.5,437503,91538,4073,87465,775292,0.5
1900-01-25 10:02:45,7993.0,1114557,7993.5,121161,216379,87308,129071,993396,0.5
1900-01-25 10:03:00,7993.0,1251157,7993.5,50654,76246,9100,67146,1200503,0.5
1900-01-25 10:03:15,7993.5,76451,7994.0,865009,61947,113055,-51108,-788558,0.5
1900-01-25 10:03:30,7995.0,1389350,7995.5,28184,35706,23629,12077,1361166,0.5
1900-01-25 10:03:45,7997.0,565209,7997.5,262126,55825,23448,32377,303083,0.5
1900-01-25 10:04:00,7997.5,1100517,7998.0,397738,186442,1621,184821,702779,0.5
1900-01-25 10:04:15,7998.0,836706,7998.5,7130,315076,1044,314032,829576,0.5
1900-01-25 10:04:30,8002.0,710901,8002.5,203996,535596,42733,492863,506905,0.5
1900-01-25 10:04:45,8003.0,702157,8003.5,90064,298440,35013,263427,612093,0.5
1900-01-25 10:05:00,8003.5,909677,8004.0,566254,151842,16957,134885,343423,0.5
1900-01-25 10:05:15,8004.5,214422,8005.0,411864,293015,114239,178776,-197442,0.5
1900-01-25 10:05:30,8004.5,395810,8005.0,279551,133813,24798,109015,116259,0.5
1900-01-25 10:05:45,8004.5,94695,8005.0,417734,111699,147904,-36205,-323039,0.5
1900-01-25 10:06:00,8006.0,730467,8006.5,96735,117983,170901,-52918,633732,0.5
1900-01-25 10:06:15,8000.5,174850,8001.0,366565,114577,313869,-199292,-191715,0.5
1900-01-25 10:06:30,8000.0,278106,8000.5,529588,131328,267010,-135682,-251482,0.5
1900-01-25 10:06:45,7995.0,286,7995.5,743855,8116,453733,-445617,-743569,0.5
1900-01-25 10:07:00,8000.5,458537,8001.0,180959,77431,32449,44982,277578,0.5
1900-01-25 10:07:15,8006.5,260983,8007.0,354081,156191,60962,95229,-93098,0.5
1900-01-25 10:07:30,8010.5,933602,8011.0,6964,134679,30515,104164,926638,0.5
1900-01-25 10:07:45,8014.0,415941,8014.5,219028,279527,54931,224596,196913,0.5
1900-01-25 10:08:00,8014.0,265482,8014.5,537220,66208,123469,-57261,-271738,0.5
1900-01-25 10:08:15,8010.0,540767,8010.5,421928,109944,510943,-400999,118839,0.5
1900-01-25 10:08:30,8010.5,1042191,8011.0,74080,95357,66340,29017,968111,0.5
1900-01-25 10:08:45,8012.0,857004,8012.5,78008,71827,51936,19891,778996,0.5
1900-01-25 10:09:00,8013.5,582106,8014.0,279879,84419,15534,68885,302227,0.5
1900-01-25 10:09:15,8013.5,311769,8014.0,574172,32100,13380,18720,-262403,0.5
1900-01-25 10:09:30,8014.0,1246063,8014.5,49257,113711,35661,78050,1196806,0.5
1900-01-25 10:09:45,8016.5,724277,8017.0,71577,234333,4422,229911,652700,0.5
1900-01-25 10:10:00,8017.0,2258537,8017.5,39863,155597,41674,113923,2218674,0.5
1900-01-25 10:10:15,8019.5,526677,8020.0,583611,232360,46409,185951,-56934,0.5
1900-01-25 10:10:30,8019.5,843109,8020.0,158680,84763,85302,-539,684429,0.5
1900-01-25 10:10:45,8021.0,876927,8021.5,6332,118224,10188,108036,870595,0.5
1900-01-25 10:11:00,8027.0,488818,8027.5,122787,351413,29298,322115,366031,0.5
1900-01-25 10:11:15,8027.5,18158,8028.0,157833,201666,659551,-457885,-139675,0.5
1900-01-25 10:11:30,8022.0,374646,8022.5,64653,88249,162140,-73891,309993,0.5
1900-01-25 10:11:45,8018.0,160070,8018.5,213015,90702,256736,-166034,-52945,0.5
1900-01-25 10:12:00,8015.0,83380,8015.5,923246,5098,170706,-165608,-839866,0.5
1900-01-25 10:12:15,8013.5,740484,8014.0,215774,15210,53351,-38141,524710,0.5
1900-01-25 10:12:30,8015.5,935809,8016.0,58344,87505,13694,73811,877465,0.5
1900-01-25 10:12:45,8024.5,562541,8025.0,20659,236092,8951,227141,541882,0.5
1900-01-25 10:13:00,8026.5,630676,8027.0,112122,53393,12844,40549,518554,0.5
1900-01-25 10:13:15,8039.5,720749,8040.0,63042,856625,61372,795253,657707,0.5
1900-01-25 10:13:30,8039.0,338865,8039.5,189337,779486,146388,633098,149528,0.5
1900-01-25 10:13:45,8039.0,247321,8039.5,228828,223632,113897,109735,18493,0.5
1900-01-25 10:14:00,8039.0,1269611,8039.5,115819,109584,20700,88884,1153792,0.5
1900-01-25 10:14:15,8039.0,854602,8039.5,149326,27146,40377,-13231,705276,0.5
1900-01-25 10:14:30,8039.0,795014,8039.5,957853,72042,304771,-232729,-162839,0.5
1900-01-25 10:14:45,8036.0,33392,8036.5,459825,51742,697569,-645827,-426433,0.5
1900-01-25 10:15:00,8032.5,478833,8033.0,530684,14954,259165,-244211,-51851,0.5
1900-01-25 10:15:15,8032.5,217589,8033.0,931515,26355,218270,-191915,-713926,0.5
1900-01-25 10:15:30,8030.0,258122,8030.5,648667,23627,345546,-321919,-390545,0.5
1900-01-25 10:15:45,8028.0,161034,8028.5,356796,28539,312463,-283924,-195762,0.5
1900-01-25 10:16:00,8033.0,616031,8033.5,9051,182224,219712,-37488,606980,0.5
1900-01-25 10:16:15,8034.5,311274,8035.0,345528,160372,101852,58520,-34254,0.5
1900-01-25 10:16:30,8034.0,578976,8034.5,553257,47536,84940,-37404,25719,0.5
1900-01-25 10:16:45,8031.5,1349300,8032.0,3007,39517,134843,-95326,1346293,0.5
1900-01-25 10:17:00,8038.5,740612,8039.0,66128,324090,126187,197903,674484,0.5
1900-01-25 10:17:15,8039.5,1081921,8040.0,369286,314009,10147,303862,712635,0.5
1900-01-25 10:17:30,8042.0,935731,8042.5,3546,585316,8611,576705,932185,0.5
1900-01-25 10:17:45,8041.5,917,8042.0,263185,299631,231101,68530,-262268,0.5
1900-01-25 10:18:00,8031.0,19536,8031.5,437122,59310,210446,-151136,-417586,0.5
1900-01-25 10:18:15,8031.0,98223,8031.5,350775,139662,208472,-68810,-252552,0.5
1900-01-25 10:18:30,8028.0,7202,8028.5,309601,7646,92073,-84427,-302399,0.5
1900-01-25 10:18:45,8025.0,40779,8025.5,501429,11378,160290,-148912,-460650,0.5
1900-01-25 10:19:00,8021.5,6857,8022.0,245061,38545,41161,-2616,-238204,0.5
1900-01-25 10:19:15,8021.0,58787,8021.5,794833,23716,208172,-184456,-736046,0.5
1900-01-25 10:19:30,8016.5,309565,8017.0,378665,13818,384470,-370652,-69100,0.5
1900-01-25 10:19:45,8013.0,434513,8013.5,298746,344788,424809,-80021,135767,0.5
1900-01-25 10:20:00,8013.0,755109,8013.5,526242,66224,55360,10864,228867,0.5
1900-01-25 10:20:15,8016.5,555738,8017.0,77831,264806,28217,236589,477907,0.5
1900-01-25 10:20:30,8022.5,3270,8023.0,835386,364683,54833,309850,-832116,0.5
1900-01-25 10:20:45,8024.5,220000,8025.0,405756,63436,43235,20201,-185756,0.5
1900-01-25 10:21:00,8024.0,231446,8024.5,854873,38999,28807,10192,-623427,0.5
1900-01-25 10:21:15,8022.5,4834,8023.0,1060482,47709,199658,-151949,-1055648,0.5
1900-01-25 10:21:30,8017.0,66108,8017.5,714388,97534,94349,3185,-648280,0.5
1900-01-25 10:21:45,8016.5,34162,8017.0,902437,60,76361,-76301,-868275,0.5
1900-01-25 10:22:00,8016.5,116351,8017.0,670741,85229,92513,-7284,-554390,0.5
1900-01-25 10:22:15,8016.5,7860,8017.0,881351,48044,103471,-55427,-873491,0.5
1900-01-25 10:22:30,8015.0,67752,8015.5,978676,23502,328441,-304939,-910924,0.5
1900-01-25 10:22:45,8012.0,281292,8012.5,851179,9657,69707,-60050,-569887,0.5
1900-01-25 10:23:00,8012.0,350502,8012.5,659725,93454,214463,-121009,-309223,0.5
1900-01-25 10:23:15,8011.5,523752,8012.0,244460,14416,55694,-41278,279292,0.5
1900-01-25 10:23:30,8011.5,815831,8012.0,74511,224759,2833,221926,741320,0.5
1900-01-25 10:23:45,8014.0,766203,8014.5,46901,43689,1544,42145,719302,0.5
1900-01-25 10:24:00,8016.5,746591,8017.0,54572,80049,4557,75492,692019,0.5
1900-01-25 10:24:15,8022.5,630036,8023.0,77268,125923,8928,116995,552768,0.5
1900-01-25 10:24:30,8016.5,605845,8017.0,177061,30230,21939,8291,428784,0.5
1900-01-25 10:24:45,8021.0,7498,8021.5,513984,19579,16357,3222,-506486,0.5
1900-01-25 10:25:00,8019.5,148126,8020.0,730777,21965,76239,-54274,-582651,0.5
1900-01-25 10:25:15,8019.5,714895,8020.0,255888,47933,19042,28891,459007,0.5
1900-01-25 10:25:30,8019.5,681403,8020.0,156644,10551,21363,-10812,524759,0.5
1900-01-25 10:25:45,8019.5,231277,8020.0,1094569,9301,30503,-21202,-863292,0.5
1900-01-25 10:26:00,8019.5,270056,8020.0,1390046,7661,16002,-8341,-1119990,0.5
1900-01-25 10:26:15,8015.5,99727,8016.0,891868,51525,118105,-66580,-792141,0.5
1900-01-25 10:26:30,8013.5,40834,8014.0,567970,18193,97397,-79204,-527136,0.5
1900-01-25 10:26:45,8013.5,799350,8014.0,61166,71105,13660,57445,738184,0.5
1900-01-25 10:27:00,8016.5,671000,8017.0,16086,26412,5064,21348,654914,0.5
1900-01-25 10:27:15,8022.5,492607,8023.0,14799,100012,7081,92931,477808,0.5
1900-01-25 10:27:30,8027.5,250007,8028.0,653789,114654,7901,106753,-403782,0.5
1900-01-25 10:27:45,8030.5,874003,8031.0,127701,113194,64763,48431,746302,0.5
1900-01-25 10:28:00,8032.5,118131,8033.0,536213,241817,20089,221728,-418082,0.5
1900-01-25 10:28:15,8028.5,197748,8029.0,519630,46294,132377,-86083,-321882,0.5
1900-01-25 10:28:30,8027.5,1900,8028.0,610881,1600,45331,-43731,-608981,0.5
1900-01-25 10:28:45,8027.5,557362,8028.0,50961,47602,11911,35691,506401,0.5
1900-01-25 10:29:00,8033.5,648253,8034.0,4550,76869,5392,71477,643703,0.5
1900-01-25 10:29:15,8037.5,12088,8038.0,759066,45551,161104,-115553,-746978,0.5
1900-01-25 10:29:30,8030.0,895637,8030.5,22259,61822,121514,-59692,873378,0.5
1900-01-25 10:29:45,8036.0,262632,8036.5,198264,159508,61266,98242,64368,0.5
1900-01-25 10:30:00,8037.0,839536,8037.5,45939,143846,111870,31976,793597,0.5
1900-01-25 10:30:15,8038.0,759803,8038.5,129271,90680,27241,63439,630532,0.5
1900-01-25 10:30:30,8038.5,940615,8039.0,236633,113240,10526,102714,703982,0.5
1900-01-25 10:30:45,8038.5,313833,8039.0,751974,127633,11747,115886,-438141,0.5
1900-01-25 10:31:00,8038.5,907801,8039.0,571319,82922,22962,59960,336482,0.5
1900-01-25 10:31:15,8038.5,998178,8039.0,408747,227954,6900,221054,589431,0.5
1900-01-25 10:31:30,8038.5,587083,8039.0,490173,137451,23999,113452,96910,0.5
1900-01-25 10:31:45,8038.5,48579,8039.0,713635,21067,95773,-74706,-665056,0.5
1900-01-25 10:32:00,8030.0,41593,8030.5,325904,72080,145672,-73592,-284311,0.5
1900-01-25 10:32:15,8014.0,557995,8014.5,262083,3312,172829,-169517,295912,0.5
1900-01-25 10:32:30,8022.5,835993,8023.0,78516,130294,60457,69837,757477,0.5
1900-01-25 10:32:45,8020.5,37890,8021.0,365946,40465,72043,-31578,-328056,0.5
1900-01-25 10:33:00,8013.0,9008,8013.5,101595,29465,175427,-145962,-92587,0.5
1900-01-25 10:33:15,8002.0,863731,8002.5,121647,59796,445786,-385990,742084,0.5
1900-01-25 10:33:30,8006.0,633822,8006.5,247027,289345,111872,177473,386795,0.5
1900-01-25 10:33:45,8006.0,749799,8006.5,499174,96917,103480,-6563,250625,0.5
1900-01-25 10:34:00,8006.0,176156,8006.5,996589,13444,37117,-23673,-820433,0.5
1900-01-25 10:34:15,7997.5,11528,7998.0,129854,123401,650604,-527203,-118326,0.5
1900-01-25 10:34:30,7999.5,397409,8000.0,112421,67096,295450,-228354,284988,0.5
1900-01-25 10:34:45,7999.5,453589,8000.0,759296,156311,38301,118010,-305707,0.5
1900-01-25 10:35:00,7999.5,1056785,8000.0,111019,236993,5534,231459,945766,0.5
1900-01-25 10:35:15,7997.5,94280,7998.0,911851,145889,86993,58896,-817571,0.5
1900-01-25 10:35:30,7994.0,664033,7994.5,373916,5114,239829,-234715,290117,0.5
1900-01-25 10:35:45,7982.0,63149,7982.5,188989,142155,888166,-746011,-125840,0.5
1900-01-25 10:36:00,7992.5,300036,7993.0,340312,113701,210951,-97250,-40276,0.5
1900-01-25 10:36:15,7992.5,52600,7993.0,797694,66547,309321,-242774,-745094,0.5
1900-01-25 10:36:30,7988.0,447280,7988.5,691338,34630,141956,-107326,-244058,0.5
1900-01-25 10:36:45,7988.0,607576,7988.5,631888,31054,40663,-9609,-24312,0.5
1900-01-25 10:37:00,7987.5,7467,7988.0,696697,16264,88329,-72065,-689230,0.5
1900-01-25 10:37:15,7987.0,27061,7987.5,2829,109625,72542,37083,24232,0.5
1900-01-25 10:37:30,7989.5,1057175,7990.0,75957,149765,1774,147991,981218,0.5
1900-01-25 10:37:45,7996.5,319383,7997.0,790928,237985,14410,223575,-471545,0.5
1900-01-25 10:38:00,7998.5,310963,7999.0,260816,229685,53205,176480,50147,0.5
1900-01-25 10:38:15,7995.0,63042,7995.5,64067,127000,33568,93432,-1025,0.5
1900-01-25 10:38:30,7996.0,430070,7996.5,467649,34644,40460,-5816,-37579,0.5
1900-01-25 10:38:45,7999.0,809887,7999.5,48235,34423,20400,14023,761652,0.5
1900-01-25 10:39:00,8003.5,653544,8004.0,133062,46191,26060,20131,520482,0.5
1900-01-25 10:39:15,8001.5,189169,8002.0,671311,100486,253580,-153094,-482142,0.5
1900-01-25 10:39:30,8001.5,537187,8002.0,255268,30955,60093,-29138,281919,0.5
1900-01-25 10:39:45,8000.0,17753,8000.5,735442,60842,23742,37100,-717689,0.5
1900-01-25 10:40:00,7994.0,62187,7994.5,837962,12294,282887,-270593,-775775,0.5
1900-01-25 10:40:15,7990.0,555798,7990.5,265226,9933,234479,-224546,290572,0.5
1900-01-25 10:40:30,7990.0,23524,7990.5,635308,21294,74039,-52745,-611784,0.5
1900-01-25 10:40:45,7986.5,644501,7987.0,198813,23006,136180,-113174,445688,0.5
1900-01-25 10:41:00,7986.5,667818,7987.0,308885,59272,55934,3338,358933,0.5
1900-01-25 10:41:15,7987.0,725278,7987.5,56550,76410,22044,54366,668728,0.5
1900-01-25 10:41:30,7989.0,465491,7989.5,257826,103789,24042,79747,207665,0.5
1900-01-25 10:41:45,7989.0,565866,7989.5,134273,111880,2452,109428,431593,0.5
1900-01-25 10:42:00,7989.0,35412,7989.5,783845,31534,37736,-6202,-748433,0.5
1900-01-25 10:42:15,7988.0,12416,7988.5,938427,1951,21084,-19133,-926011,0.5
1900-01-25 10:42:30,7986.0,101275,7986.5,932473,2364,100794,-98430,-831198,0.5
1900-01-25 10:42:45,7985.0,231374,7985.5,589415,43482,27392,16090,-358041,0.5
1900-01-25 10:43:00,7985.0,820990,7985.5,87985,19532,26380,-6848,733005,0.5
1900-01-25 10:43:15,7989.5,632762,7990.0,247031,74540,860,73680,385731,0.5
1900-01-25 10:43:30,7994.5,614266,7995.0,9006,175095,2291,172804,605260,0.5
1900-01-25 10:43:45,7994.5,386161,7995.0,504323,50637,30840,19797,-118162,0.5
1900-01-25 10:44:00,7995.5,776472,7996.0,457977,60849,2501,58348,318495,0.5
1900-01-25 10:44:15,7996.0,708599,7996.5,137296,185263,14370,170893,571303,0.5
1900-01-25 10:44:30,7996.0,523834,7996.5,416489,89574,3684,85890,107345,0.5
1900-01-25 10:44:45,7994.5,37444,7995.0,1065874,163571,60677,102894,-1028430,0.5
1900-01-25 10:45:00,7990.0,140464,7990.5,738474,7518,221879,-214361,-598010,0.5
1900-01-25 10:45:15,7980.0,1369854,7980.5,78335,14692,333305,-318613,1291519,0.5
1900-01-25 10:45:30,7980.5,306511,7981.0,4125,112195,417061,-304866,302386,0.5
1900-01-25 10:45:45,7982.5,433701,7983.0,248826,80576,52759,27817,184875,0.5
1900-01-25 10:46:00,7985.5,29341,7986.0,919315,109604,11898,97706,-889974,0.5
1900-01-25 10:46:15,7983.0,2190,7983.5,496911,4067,55249,-51182,-494721,0.5
1900-01-25 10:46:30,7982.5,23392,7983.0,1154441,14894,315307,-300413,-1131049,0.5
1900-01-25 10:46:45,7980.0,104616,7980.5,982149,5007,270353,-265346,-877533,0.5
1900-01-25 10:47:00,7977.5,501765,7978.0,19036,12467,426557,-414090,482729,0.5
1900-01-25 10:47:15,7984.0,499146,7984.5,28109,466094,20615,445479,471037,0.5
1900-01-25 10:47:30,7984.0,208473,7984.5,632575,14715,32064,-17349,-424102,0.5
1900-01-25 10:47:45,7983.5,6690,7984.0,603258,4487,61243,-56756,-596568,0.5
1900-01-25 10:48:00,7978.0,503316,7978.5,8082,139006,125605,13401,495234,0.5
1900-01-25 10:48:15,7982.5,481312,7983.0,623392,264747,3888,260859,-142080,0.5
1900-01-25 10:48:30,7980.0,261225,7980.5,546618,119219,2460,116759,-285393,0.5
1900-01-25 10:48:45,7980.0,369220,7980.5,527785,963,11001,-10038,-158565,0.5
1900-01-25 10:49:00,7980.0,401122,7980.5,74854,58033,48595,9438,326268,0.5
1900-01-25 10:49:15,7984.0,169989,7984.5,5514,109756,126612,-16856,164475,0.5
1900-01-25 10:49:30,7986.0,487933,7986.5,412472,46932,34429,12503,75461,0.5
1900-01-25 10:49:45,7986.0,443606,7986.5,237158,33933,56901,-22968,206448,0.5
1900-01-25 10:50:00,7989.0,815100,7989.5,36407,111508,123,111385,778693,0.5
1900-01-25 10:50:15,7989.5,738938,7990.0,118926,80328,90,80238,620012,0.5
1900-01-25 10:50:30,7993.5,29338,7994.0,663006,171294,11979,159315,-633668,0.5
1900-01-25 10:50:45,7989.5,541270,7990.0,33707,46033,59085,-13052,507563,0.5
1900-01-25 10:51:00,7992.5,666513,7993.0,223020,128890,34456,94434,443493,0.5
1900-01-25 10:51:15,7994.5,575435,7995.0,98758,90111,30820,59291,476677,0.5
1900-01-25 10:51:30,8001.5,240570,8002.0,555098,366100,95711,270389,-314528,0.5
1900-01-25 10:51:45,8004.5,169919,8005.0,397663,201731,145481,56250,-227744,0.5
1900-01-25 10:52:00,8004.5,220979,8005.0,554207,16500,92603,-76103,-333228,0.5
1900-01-25 10:52:15,8002.5,250291,8003.0,537866,63989,94446,-30457,-287575,0.5
1900-01-25 10:52:30,8001.5,9391,8002.0,64500,28546,47471,-18925,-55109,0.5
1900-01-25 10:52:45,7998.0,361905,7998.5,645728,1474,56685,-55211,-283823,0.5
1900-01-25 10:53:00,7997.0,10851,7997.5,832770,2210,80763,-78553,-821919,0.5
1900-01-25 10:53:15,7992.0,419715,7992.5,337659,38807,101632,-62825,82056,0.5
1900-01-25 10:53:30,7994.5,223902,7995.0,674308,42709,122069,-79360,-450406,0.5
1900-01-25 10:53:45,7990.0,631881,7990.5,331578,6201,43735,-37534,300303,0.5
1900-01-25 10:54:00,7991.5,887987,7992.0,244033,60879,41807,19072,643954,0.5
1900-01-25 10:54:15,7996.0,98905,7996.5,605247,116431,13569,102862,-506342,0.5
1900-01-25 10:54:30,7995.5,350576,7996.0,532903,3508,298057,-294549,-182327,0.5
1900-01-25 10:54:45,7999.5,500169,8000.0,306162,141961,8773,133188,194007,0.5
1900-01-25 10:55:00,7999.5,157647,8000.0,507913,66318,25639,40679,-350266,0.5
1900-01-25 10:55:15,7999.5,447025,8000.0,82015,71247,13214,58033,365010,0.5
1900-01-25 10:55:30,8002.0,556758,8002.5,54895,111341,832,110509,501863,0.5
1900-01-25 10:55:45,8007.0,684048,8007.5,2902,200585,2160,198425,681146,0.5
1900-01-25 10:56:00,8008.5,293118,8009.0,631875,110027,1432,108595,-338757,0.5
1900-01-25 10:56:15,8008.5,126325,8009.0,715349,32540,13839,18701,-589024,0.5
1900-01-25 10:56:30,8008.0,720507,8008.5,69715,121506,41211,80295,650792,0.5
1900-01-25 10:56:45,8022.0,67091,8022.5,597805,285204,57232,227972,-530714,0.5
1900-01-25 10:57:00,8017.5,825,8018.0,1121713,116507,59914,56593,-1120888,0.5
1900-01-25 10:57:15,8016.0,25703,8016.5,958192,26945,34390,-7445,-932489,0.5
1900-01-25 10:57:30,8013.0,58406,8013.5,767418,26170,162695,-136525,-709012,0.5
1900-01-25 10:57:45,8011.0,31565,8011.5,641576,20632,63431,-42799,-610011,0.5
1900-01-25 10:58:00,8007.5,271725,8008.0,570196,23707,10284,13423,-298471,0.5
1900-01-25 10:58:15,8007.5,21669,8008.0,1070949,38668,89025,-50357,-1049280,0.5
1900-01-25 10:58:30,8007.5,63872,8008.0,639444,56021,51175,4846,-575572,0.5
1900-01-25 10:58:45,7997.5,40241,7998.0,620997,9186,237088,-227902,-580756,0.5
1900-01-25 10:59:00,7995.5,83197,7996.0,191414,153764,107094,46670,-108217,0.5
1900-01-25 10:59:15,7995.5,429985,7996.0,383601,66232,18057,48175,46384,0.5
1900-01-25 10:59:30,7995.5,520753,7996.0,172198,65508,7979,57529,348555,0.5
1900-01-25 10:59:45,7995.5,755948,7996.0,61425,88412,18706,69706,694523,0.5
1900-01-25 11:00:00,7995.5,490484,7996.0,210535,172051,23495,148556,279949,0.5
1900-01-25 11:00:15,7988.5,55313,7989.0,238697,41414,630551,-589137,-183384,0.5
1900-01-25 11:00:30,7980.5,1324167,7981.0,136097,79146,220977,-141831,1188070,0.5
1900-01-25 11:00:45,7987.0,434311,7987.5,700683,156481,54146,102335,-266372,0.5
1900-01-25 11:01:00,7989.5,416406,7990.0,12817,90061,15509,74552,403589,0.5
1900-01-25 11:01:15,7990.0,1575998,7990.5,16382,145983,27990,117993,1559616,0.5
1900-01-25 11:01:30,7994.5,287749,7995.0,961154,53419,23767,29652,-673405,0.5
1900-01-25 11:01:45,7994.5,376308,7995.0,142323,9114,42843,-33729,233985,0.5
1900-01-25 11:02:00,7994.5,1334616,7995.0,33049,45010,74202,-29192,1301567,0.5
1900-01-25 11:02:15,7995.0,1368646,7995.5,71995,301969,10913,291056,1296651,0.5
1900-01-25 11:02:30,8005.0,381135,8005.5,11269,140635,14231,126404,369866,0.5
1900-01-25 11:02:45,8007.5,177206,8008.0,101559,301325,10134,291191,75647,0.5
1900-01-25 11:03:00,8007.5,235830,8008.0,865332,84469,176178,-91709,-629502,0.5
1900-01-25 11:03:15,7993.5,913721,7994.0,31305,20165,129489,-109324,882416,0.5
1900-01-25 11:03:30,8002.0,358240,8002.5,35372,43381,50110,-6729,322868,0.5
1900-01-25 11:03:45,8003.0,428435,8003.5,668061,135824,85290,50534,-239626,0.5
1900-01-25 11:04:00,8003.0,792958,8003.5,325562,7090,34185,-27095,467396,0.5
1900-01-25 11:04:15,8004.5,760616,8005.0,5048,75109,13004,62105,755568,0.5
1900-01-25 11:04:30,8005.0,312503,8005.5,867836,13822,108422,-94600,-555333,0.5
1900-01-25 11:04:45,8005.0,340684,8005.5,466520,83172,51297,31875,-125836,0.5
1900-01-25 11:05:00,8003.5,176339,8004.0,616510,21287,38346,-17059,-440171,0.5
1900-01-25 11:05:15,8003.5,545887,8004.0,376578,5635,101502,-95867,169309,0.5
1900-01-25 11:05:30,8005.0,851179,8005.5,37885,92333,12002,80331,813294,0.5
1900-01-25 11:05:45,8006.0,789500,8006.5,13158,27126,5705,21421,776342,0.5
1900-01-25 11:06:00,8008.5,777421,8009.0,14460,18856,35427,-16571,762961,0.5
1900-01-25 11:06:15,8009.5,891900,8010.0,402035,95805,3550,92255,489865,0.5
1900-01-25 11:06:30,8023.5,214291,8024.0,649784,334182,26757,307425,-435493,0.5
1900-01-25 11:06:45,8020.5,706690,8021.0,1039267,116239,156404,-40165,-332577,0.5
1900-01-25 11:07:00,8020.5,1133057,8021.0,664828,34215,46681,-12466,468229,0.5
1900-01-25 11:07:15,8024.5,672751,8025.0,130748,308261,31429,276832,542003,0.5
1900-01-25 11:07:30,8027.5,224374,8028.0,486820,400006,15355,384651,-262446,0.5
1900-01-25 11:07:45,8023.5,268733,8024.0,424057,105282,138185,-32903,-155324,0.5
1900-01-25 11:08:00,8023.5,210940,8024.0,492633,11778,124613,-112835,-281693,0.5
1900-01-25 11:08:15,8023.5,261406,8024.0,583541,11962,29964,-18002,-322135,0.5
1900-01-25 11:08:30,8027.5,323994,8028.0,58572,76814,46254,30560,265422,0.5
1900-01-25 11:08:45,8029.0,1070508,8029.5,3290,135347,11955,123392,1067218,0.5
1900-01-25 11:09:00,8030.0,93403,8030.5,251281,147319,185788,-38469,-157878,0.5
1900-01-25 11:09:15,8027.0,3755046,8027.5,821991,76307,340171,-263864,2933055,0.5
1900-01-25 11:09:30,8027.0,2619837,8027.5,454379,198607,1174224,-975617,2165458,0.5
1900-01-25 11:09:45,8025.5,146791,8026.0,840138,110173,2299454,-2189281,-693347,0.5
1900-01-25 11:10:00,8030.5,401761,8031.0,19918,340904,49607,291297,381843,0.5
1900-01-25 11:10:15,8032.5,760676,8033.0,159257,215712,26515,189197,601419,0.5
1900-01-25 11:10:30,8029.0,5260,8029.5,407833,67788,162680,-94892,-402573,0.5
1900-01-25 11:10:45,8029.0,488420,8029.5,23641,227680,51981,175699,464779,0.5
1900-01-25 11:11:00,8028.5,20883,8029.0,336331,64830,261574,-196744,-315448,0.5
1900-01-25 11:11:15,8027.5,64908,8028.0,499733,85115,202566,-117451,-434825,0.5
1900-01-25 11:11:30,8025.5,3786,8026.0,684178,78805,169892,-91087,-680392,0.5
1900-01-25 11:11:45,8023.5,393959,8024.0,372683,72640,84381,-11741,21276,0.5
1900-01-25 11:12:00,8021.5,59101,8022.0,596254,34893,97077,-62184,-537153,0.5
1900-01-25 11:12:15,8021.5,16285,8022.0,1154778,13371,70373,-57002,-1138493,0.5
1900-01-25 11:12:30,8017.0,19451,8017.5,314619,14865,75965,-61100,-295168,0.5
1900-01-25 11:12:45,8014.5,868734,8015.0,318534,59386,193573,-134187,550200,0.5
1900-01-25 11:13:00,8014.5,837875,8015.0,207705,166185,5019,161166,630170,0.5
1900-01-25 11:13:15,8022.5,403596,8023.0,181425,363764,5743,358021,222171,0.5
1900-01-25 11:13:30,8022.5,58403,8023.0,1145275,20733,53676,-32943,-1086872,0.5
1900-01-25 11:13:45,8015.5,1181630,8016.0,51793,22091,65638,-43547,1129837,0.5
1900-01-25 11:14:00,8020.0,947861,8020.5,50304,44011,4078,39933,897557,0.5
1900-01-25 11:14:15,8020.0,519017,8020.5,226701,40529,189311,-148782,292316,0.5
1900-01-25 11:14:30,8019.5,43178,8020.0,550649,23657,31153,-7496,-507471,0.5
1900-01-25 11:14:45,8025.5,25608,8026.0,502459,308486,8129,300357,-476851,0.5
1900-01-25 11:15:00,8027.5,817326,8028.0,134606,396804,8270,388534,682720,0.5
1900-01-25 11:15:15,8027.5,1085058,8028.0,151648,146059,17674,128385,933410,0.5
1900-01-25 11:15:30,8027.5,776588,8028.0,292205,334532,62465,272067,484383,0.5
1900-01-25 11:15:45,8027.5,1108399,8028.0,203828,41575,46691,-5116,904571,0.5
1900-01-25 11:16:00,8027.5,1161366,8028.0,201186,341128,1631,339497,960180,0.5
1900-01-25 11:16:15,8027.5,981616,8028.0,921687,41165,20343,20822,59929,0.5
1900-01-25 11:16:30,8029.5,233338,8030.0,110025,37940,11928,26012,123313,0.5
1900-01-25 11:16:45,8033.5,320261,8034.0,440593,241195,41296,199899,-120332,0.5
1900-01-25 11:17:00,8031.5,22463,8032.0,531975,20232,93847,-73615,-509512,0.5
1900-01-25 11:17:15,8029.0,354923,8029.5,554840,9235,119185,-109950,-199917,0.5
1900-01-25 11:17:30,8028.0,26906,8028.5,1108071,3590,147191,-143601,-1081165,0.5
1900-01-25 11:17:45,8025.0,13107,8025.5,1120498,6044,37999,-31955,-1107391,0.5
1900-01-25 11:18:00,8024.0,497890,8024.5,513731,5832,52516,-46684,-15841,0.5
1900-01-25 11:18:15,8024.5,575912,8025.0,30528,77482,50690,26792,545384,0.5
1900-01-25 11:18:30,8028.5,695437,8029.0,133711,44076,5122,38954,561726,0.5
1900-01-25 11:18:45,8028.5,438702,8029.0,758920,139653,7729,131924,-320218,0.5
1900-01-25 11:19:00,8029.5,679841,8030.0,248067,287964,4400,283564,431774,0.5
1900-01-25 11:19:15,8029.5,693300,8030.0,316828,55375,6960,48415,376472,0.5
1900-01-25 11:19:30,8029.5,374082,8030.0,136231,72324,10232,62092,237851,0.5
1900-01-25 11:19:45,8029.5,267603,8030.0,754452,71463,48478,22985,-486849,0.5
1900-01-25 11:20:00,8029.5,326978,8030.0,483906,64363,115460,-51097,-156928,0.5
1900-01-25 11:20:15,8029.5,762392,8030.0,365829,46105,40560,5545,396563,0.5
1900-01-25 11:20:30,8029.5,969204,8030.0,217798,117806,225,117581,751406,0.5
1900-01-25 11:20:45,8033.0,991262,8033.5,20825,152673,28934,123739,970437,0.5
1900-01-25 11:21:00,8035.0,89332,8035.5,6420,209894,13689,196205,82912,0.5
1900-01-25 11:21:15,8041.0,597152,8041.5,26864,344694,39730,304964,570288,0.5
1900-01-25 11:21:30,8039.5,36389,8040.0,645282,68822,344354,-275532,-608893,0.5
1900-01-25 11:21:45,8038.5,21076,8039.0,637368,4756,86834,-82078,-616292,0.5
1900-01-25 11:22:00,8036.5,7294,8037.0,660607,77386,63914,13472,-653313,0.5
1900-01-25 11:22:15,8030.0,475665,8030.5,357246,57131,231044,-173913,118419,0.5
1900-01-25 11:22:30,8034.0,55281,8034.5,26088,164622,144249,20373,29193,0.5
1900-01-25 11:22:45,8029.5,819658,8030.0,358259,112657,80507,32150,461399,0.5
1900-01-25 11:23:00,8033.0,405014,8033.5,1666,194880,28841,166039,403348,0.5
1900-01-25 11:23:15,8040.5,472453,8041.0,48176,75837,44743,31094,424277,0.5
1900-01-25 11:23:30,8040.5,457439,8041.0,432140,79797,26620,53177,25299,0.5
1900-01-25 11:23:45,8064.5,25126,8065.0,102137,3640821,91663,3549158,-77011,0.5
1900-01-25 11:24:00,8069.5,50,8070.0,293,3267645,432168,2835477,-243,0.5
1900-01-25 11:24:15,8069.0,1455,8069.5,617457,681954,705211,-23257,-616002,0.5
1900-01-25 11:24:30,8062.0,56912,8062.5,622,378921,1809375,-1430454,56290,0.5
1900-01-25 11:24:45,8058.0,485661,8058.5,354123,338375,248000,90375,131538,0.5
1900-01-25 11:25:00,8055.0,495223,8055.5,611639,122607,408719,-286112,-116416,0.5
1900-01-25 11:25:15,8050.5,2000,8051.0,28800,34435,404710,-370275,-26800,0.5
1900-01-25 11:25:30,8054.5,198138,8055.0,219875,238961,464664,-225703,-21737,0.5
1900-01-25 11:25:45,8059.5,286262,8060.0,67747,288734,89332,199402,218515,0.5
1900-01-25 11:26:00,8063.5,351572,8064.0,585837,215938,70819,145119,-234265,0.5
1900-01-25 11:26:15,8059.5,225821,8060.0,632253,84719,329564,-244845,-406432,0.5
1900-01-25 11:26:30,8052.0,72067,8052.5,149401,41540,344107,-302567,-77334,0.5
1900-01-25 11:26:45,8057.0,94778,8057.5,823526,225099,124180,100919,-728748,0.5
1900-01-25 11:27:00,8052.0,472052,8052.5,409669,219242,769229,-549987,62383,0.5
1900-01-25 11:27:15,8056.5,284560,8057.0,140765,140016,201634,-61618,143795,0.5
1900-01-25 11:27:30,8053.0,62992,8053.5,713425,22932,140695,-117763,-650433,0.5
1900-01-25 11:27:45,8052.0,780240,8052.5,274735,20808,185569,-164761,505505,0.5
1900-01-25 11:28:00,8052.0,711732,8052.5,444068,35241,283407,-248166,267664,0.5
1900-01-25 11:28:15,8052.5,979782,8053.0,296305,197626,14044,183582,683477,0.5
1900-01-25 11:28:30,8058.0,799011,8058.5,101228,820804,36005,784799,697783,0.5
1900-01-25 11:28:45,8061.0,528252,8061.5,232328,355541,20466,335075,295924,0.5
1900-01-25 11:29:00,8055.5,5833,8056.0,682461,243450,266901,-23451,-676628,0.5
1900-01-25 11:29:15,8060.5,1055040,8061.0,76604,172686,91252,81434,978436,0.5
1900-01-25 11:29:30,8063.5,536539,8064.0,1369555,54570,64661,-10091,-833016,0.5
1900-01-25 11:29:45,8063.5,60378,8064.0,772709,359920,129028,230892,-712331,0.5
1900-01-25 11:30:00,8063.5,428552,8064.0,153746,284686,316131,-31445,274806,0.5
1900-01-25 11:30:15,8068.0,388026,8068.5,52692,235553,94950,140603,335334,0.5
1900-01-25 11:30:30,8069.5,53369,8070.0,690319,636667,250050,386617,-636950,0.5
1900-01-25 11:30:45,8069.5,392115,8070.0,261860,161489,53922,107567,130255,0.5
1900-01-25 11:31:00,8075.0,350944,8075.5,412358,276547,47794,228753,-61414,0.5
1900-01-25 11:31:15,8076.5,122925,8077.0,206886,804549,58145,746404,-83961,0.5
1900-01-25 11:31:30,8089.0,28074,8089.5,306922,1608398,81255,1527143,-278848,0.5
1900-01-25 11:31:45,8067.5,85100,8068.0,466098,461827,310009,151818,-380998,0.5
1900-01-25 11:32:00,8060.0,101125,8060.5,14139,292665,291083,1582,86986,0.5
1900-01-25 11:32:15,8059.5,168550,8060.5,678919,278828,277850,978,-510369,1.0
1900-01-25 11:32:30,8052.0,671389,8052.5,846471,53966,235525,-181559,-175082,0.5
1900-01-25 11:32:45,8059.0,598025,8059.5,246775,163748,107826,55922,351250,0.5
1900-01-25 11:33:00,8057.0,54820,8057.5,683280,161950,96780,65170,-628460,0.5
1900-01-25 11:33:15,8056.5,429639,8057.0,217376,57435,348273,-290838,212263,0.5
1900-01-25 11:33:30,8063.0,410717,8063.5,533908,121458,66887,54571,-123191,0.5
1900-01-25 11:33:45,8063.0,626979,8063.5,1031945,33077,49861,-16784,-404966,0.5
1900-01-25 11:34:00,8063.0,740001,8063.5,1448142,34802,68549,-33747,-708141,0.5
1900-01-25 11:34:15,8061.5,720503,8062.0,346763,267698,193616,74082,373740,0.5
1900-01-25 11:34:30,8057.0,2866089,8057.5,751442,22135,496233,-474098,2114647,0.5
1900-01-25 11:34:45,8055.0,876803,8055.5,65353,266153,491771,-225618,811450,0.5
1900-01-25 11:35:00,8057.0,724406,8057.5,33260,89140,85155,3985,691146,0.5
1900-01-25 11:35:15,8063.0,649261,8063.5,375588,451544,92183,359361,273673,0.5
1900-01-25 11:35:30,8069.5,387101,8070.0,129678,1638500,27331,1611169,257423,0.5
1900-01-25 11:35:45,8060.0,355992,8060.5,165149,156785,210261,-53476,190843,0.5
1900-01-25 11:36:00,8063.0,55409,8063.5,192769,69816,116269,-46453,-137360,0.5
1900-01-25 11:36:15,8068.5,285607,8069.0,123714,67561,44586,22975,161893,0.5
1900-01-25 11:36:30,8068.5,587226,8069.0,86872,44857,147641,-102784,500354,0.5
1900-01-25 11:36:45,8067.5,19972,8068.0,476371,57811,73272,-15461,-456399,0.5
1900-01-25 11:37:00,8063.5,577607,8064.0,186537,160333,130916,29417,391070,0.5
1900-01-25 11:37:15,8063.5,205249,8064.0,568904,25318,124693,-99375,-363655,0.5
1900-01-25 11:37:30,8061.0,74940,8061.5,614921,59921,94812,-34891,-539981,0.5
1900-01-25 11:37:45,8058.0,607794,8058.5,329371,11350,138579,-127229,278423,0.5
1900-01-25 11:38:00,8059.5,768250,8060.0,104209,216245,21442,194803,664041,0.5
1900-01-25 11:38:15,8064.5,127444,8065.0,962003,50309,18323,31986,-834559,0.5
1900-01-25 11:38:30,8062.5,535076,8063.0,51101,57427,114236,-56809,483975,0.5
1900-01-25 11:38:45,8063.5,42391,8064.0,1101190,56584,49801,6783,-1058799,0.5
1900-01-25 11:39:00,8055.0,393701,8055.5,351632,4604,188493,-183889,42069,0.5
1900-01-25 11:39:15,8052.0,21395,8052.5,843361,7896,516778,-508882,-821966,0.5
1900-01-25 11:39:30,8051.0,134143,8051.5,1068492,2116,350174,-348058,-934349,0.5
1900-01-25 11:39:45,8048.0,242187,8048.5,260272,27172,608402,-581230,-18085,0.5
1900-01-25 11:40:00,8042.5,286653,8043.0,265934,27337,466162,-438825,20719,0.5
1900-01-25 11:40:15,8045.0,604164,8045.5,225800,181625,83457,98168,378364,0.5
1900-01-25 11:40:30,8046.5,270848,8047.0,585998,295230,64373,230857,-315150,0.5
1900-01-25 11:40:45,8046.5,672280,8047.0,30860,179299,44162,135137,641420,0.5
1900-01-25 11:41:00,8047.0,189751,8047.5,929530,51256,61973,-10717,-739779,0.5
1900-01-25 11:41:15,8045.0,72476,8045.5,791989,26316,168268,-141952,-719513,0.5
1900-01-25 11:41:30,8042.0,672727,8042.5,806134,17468,139937,-122469,-133407,0.5
1900-01-25 11:41:45,8042.0,1099361,8042.5,230399,103394,47300,56094,868962,0.5
1900-01-25 11:42:00,8043.5,249896,8044.0,647509,283273,31926,251347,-397613,0.5
1900-01-25 11:42:15,8043.5,667862,8044.0,251545,69406,146791,-77385,416317,0.5
1900-01-25 11:42:30,8043.5,40072,8044.0,1923778,39620,41725,-2105,-1883706,0.5
1900-01-25 11:42:45,8035.0,97176,8035.5,677149,54998,431935,-376937,-579973,0.5
1900-01-25 11:43:00,8033.0,725911,8033.5,243728,35478,306394,-270916,482183,0.5
1900-01-25 11:43:15,8038.0,231861,8038.5,63978,770974,99173,671801,167883,0.5
1900-01-25 11:43:30,8040.0,837345,8040.5,464910,204772,145723,59049,372435,0.5
1900-01-25 11:43:45,8035.5,470161,8036.0,301536,6664,409148,-402484,168625,0.5
1900-01-25 11:44:00,8037.0,911120,8037.5,221476,198685,34258,164427,689644,0.5
1900-01-25 11:44:15,8029.5,85350,8030.0,988880,284807,93708,191099,-903530,0.5
1900-01-25 11:44:30,8020.0,860920,8020.5,174891,26127,492304,-466177,686029,0.5
1900-01-25 11:44:45,8025.5,721469,8026.0,200284,232341,151103,81238,521185,0.5
1900-01-25 11:45:00,8022.0,40829,8022.5,614290,204270,35429,168841,-573461,0.5
1900-01-25 11:45:15,8022.5,642351,8023.0,10058,144948,185870,-40922,632293,0.5
1900-01-25 11:45:30,8027.5,387963,8028.0,465484,123105,10064,113041,-77521,0.5
1900-01-25 11:45:45,8027.5,927278,8028.0,23533,122663,20251,102412,903745,0.5
1900-01-25 11:46:00,8027.5,773981,8028.0,837810,113150,25890,87260,-63829,0.5
1900-01-25 11:46:15,8027.5,1164305,8028.0,311184,554315,12559,541756,853121,0.5
1900-01-25 11:46:30,8030.0,1582998,8030.5,704,435115,5016,430099,1582294,0.5
1900-01-25 11:46:45,8034.5,1120796,8035.0,43774,194531,8164,186367,1077022,0.5
1900-01-25 11:47:00,8037.0,651729,8037.5,704830,254651,15996,238655,-53101,0.5
1900-01-25 11:47:15,8037.0,835566,8037.5,765736,47153,1361,45792,69830,0.5
1900-01-25 11:47:30,8037.0,901671,8037.5,740043,22359,10850,11509,161628,0.5
1900-01-25 11:47:45,8037.0,1016350,8037.5,473426,6740,8377,-1637,542924,0.5
1900-01-25 11:48:00,8037.0,980449,8037.5,37224,197458,6144,191314,943225,0.5
1900-01-25 11:48:15,8038.0,1231245,8038.5,664,11629,5850,5779,1230581,0.5
1900-01-25 11:48:30,8041.5,695476,8042.0,8967,193690,16620,177070,686509,0.5
1900-01-25 11:48:45,8045.0,458884,8045.5,35781,117903,13844,104059,423103,0.5
1900-01-25 11:49:00,8041.0,9493,8041.5,869061,27575,89272,-61697,-859568,0.5
1900-01-25 11:49:15,8037.5,296040,8038.0,648360,25195,169138,-143943,-352320,0.5
1900-01-25 11:49:30,8037.5,164142,8038.0,785616,14899,114806,-99907,-621474,0.5
1900-01-25 11:49:45,8037.5,1111,8038.0,976804,74689,110081,-35392,-975693,0.5
1900-01-25 11:50:00,8037.0,497536,8037.5,377626,27160,52676,-25516,119910,0.5
1900-01-25 11:50:15,8037.0,263644,8037.5,891643,9197,54262,-45065,-627999,0.5
1900-01-25 11:50:30,8037.0,400604,8037.5,1483193,1182,59683,-58501,-1082589,0.5
1900-01-25 11:50:45,8037.0,317732,8037.5,1080051,10975,39682,-28707,-762319,0.5
1900-01-25 11:51:00,8037.0,485704,8037.5,510781,11905,13867,-1962,-25077,0.5
1900-01-25 11:51:15,8037.0,107979,8037.5,1072922,8809,153359,-144550,-964943,0.5
1900-01-25 11:51:30,8037.0,281215,8037.5,450044,25026,15776,9250,-168829,0.5
1900-01-25 11:51:45,8037.0,369514,8037.5,633037,15904,25947,-10043,-263523,0.5
1900-01-25 11:52:00,8037.0,98225,8037.5,1040179,12726,75412,-62686,-941954,0.5
1900-01-25 11:52:15,8036.0,3468,8036.5,208768,27451,82552,-55101,-205300,0.5
1900-01-25 11:52:30,8031.5,9902,8032.0,1150760,24969,211044,-186075,-1140858,0.5
1900-01-25 11:52:45,8027.5,347141,8028.0,416201,14902,190612,-175710,-69060,0.5
1900-01-25 11:53:00,8027.5,692460,8028.0,351339,65349,34242,31107,341121,0.5
1900-01-25 11:53:15,8032.0,439851,8032.5,26296,234773,4343,230430,413555,0.5
1900-01-25 11:53:30,8032.0,1286109,8032.5,428113,91269,11501,79768,857996,0.5
1900-01-25 11:53:45,8034.5,277603,8035.0,5118,32958,2662,30296,272485,0.5
1900-01-25 11:54:00,8040.0,521777,8040.5,65634,41365,6888,34477,456143,0.5
1900-01-25 11:54:15,8041.5,691995,8042.0,8590,58162,6844,51318,683405,0.5
1900-01-25 11:54:30,8042.5,730501,8043.0,93608,42538,44,42494,636893,0.5
1900-01-25 11:54:45,8042.5,647202,8043.0,652873,39624,12895,26729,-5671,0.5
1900-01-25 11:55:00,8042.5,936922,8043.0,222774,68210,6361,61849,714148,0.5
1900-01-25 11:55:15,8046.5,558833,8047.0,53755,138580,6122,132458,505078,0.5
1900-01-25 11:55:30,8046.5,215198,8047.0,833040,16978,25201,-8223,-617842,0.5
1900-01-25 11:55:45,8046.5,342317,8047.0,103657,25370,1444,23926,238660,0.5
1900-01-25 11:56:00,8046.5,540739,8047.0,60984,16086,13806,2280,479755,0.5
1900-01-25 11:56:15,8046.5,403810,8047.0,221653,59647,11016,48631,182157,0.5
1900-01-25 11:56:30,8042.5,1584,8043.0,1076520,37667,112964,-75297,-1074936,0.5
1900-01-25 11:56:45,8039.5,323329,8040.0,320109,3260,41801,-38541,3220,0.5
1900-01-25 11:57:00,8039.5,388958,8040.0,247265,501,17935,-17434,141693,0.5
1900-01-25 11:57:15,8040.0,247409,8040.5,400284,177536,39361,138175,-152875,0.5
1900-01-25 11:57:30,8040.0,69498,8040.5,691538,17578,9098,8480,-622040,0.5
1900-01-25 11:57:45,8037.5,463043,8038.0,498513,28753,57029,-28276,-35470,0.5
1900-01-25 11:58:00,8037.5,761918,8038.0,158693,129288,7900,121388,603225,0.5
1900-01-25 11:58:15,8039.0,372527,8039.5,14881,51023,1136,49887,357646,0.5
1900-01-25 11:58:30,8042.5,87440,8043.0,657761,144746,17225,127521,-570321,0.5
1900-01-25 11:58:45,8042.5,415421,8043.0,91239,80678,7627,73051,324182,0.5
1900-01-25 11:59:00,8042.5,494072,8043.0,133846,13845,7660,6185,360226,0.5
1900-01-25 11:59:15,8042.5,533356,8043.0,627463,98770,7175,91595,-94107,0.5
1900-01-25 11:59:30,8042.5,1126423,8043.0,67491,49625,16584,33041,1058932,0.5
1900-01-25 11:59:45,8042.5,164026,8043.0,832047,68568,94041,-25473,-668021,0.5
1900-01-25 12:00:15,8038.0,82866,8043.0,696107,11527,118787,-107260,-613241,5.0
1900-01-25 12:00:30,8037.0,14128,8037.5,64214,34367,93310,-58943,-50086,0.5
1900-01-25 12:00:45,8029.0,28459,8029.5,263594,128292,88406,39886,-235135,0.5
1900-01-25 12:01:00,8025.0,878628,8025.5,255471,65420,225786,-160366,623157,0.5
1900-01-25 12:01:15,8025.0,256649,8025.5,523430,70033,174369,-104336,-266781,0.5
1900-01-25 12:01:30,8020.5,96481,8021.0,296463,79580,245730,-166150,-199982,0.5
1900-01-25 12:01:45,8021.5,806763,8022.0,20471,100992,132214,-31222,786292,0.5
1900-01-25 12:02:00,8023.5,684473,8024.0,35355,132778,72562,60216,649118,0.5
1900-01-25 12:02:15,8025.0,265721,8025.5,479609,66899,577773,-510874,-213888,0.5
1900-01-25 12:02:30,8018.5,15482,8019.0,472472,6600,489769,-483169,-456990,0.5
1900-01-25 12:02:45,8012.0,251887,8012.5,447814,38730,850592,-811862,-195927,0.5
1900-01-25 12:03:00,8018.5,117836,8019.0,783079,75243,171653,-96410,-665243,0.5
1900-01-25 12:03:15,8020.5,30205,8021.0,834574,241123,47281,193842,-804369,0.5
1900-01-25 12:03:30,8018.5,67101,8019.0,797796,159696,185351,-25655,-730695,0.5
1900-01-25 12:03:45,8015.0,93853,8015.5,652076,2148,127066,-124918,-558223,0.5
1900-01-25 12:04:00,8014.0,95093,8014.5,798537,4838,82124,-77286,-703444,0.5
1900-01-25 12:04:15,8013.0,795834,8013.5,115607,14547,130814,-116267,680227,0.5
1900-01-25 12:04:30,8014.0,70439,8014.5,671250,233070,42759,190311,-600811,0.5
1900-01-25 12:04:45,8013.5,583338,8014.0,718802,91168,60637,30531,-135464,0.5
1900-01-25 12:05:00,8013.5,302629,8014.0,702601,106039,52192,53847,-399972,0.5
1900-01-25 12:05:15,8013.5,567802,8014.0,640044,5222,66889,-61667,-72242,0.5
1900-01-25 12:05:30,8013.5,562221,8014.0,365210,13753,41300,-27547,197011,0.5
1900-01-25 12:05:45,8013.0,343695,8013.5,732121,27347,161104,-133757,-388426,0.5
1900-01-25 12:06:00,8011.0,134714,8011.5,450567,10406,370289,-359883,-315853,0.5
1900-01-25 12:06:15,8011.5,629418,8012.0,874370,196546,260831,-64285,-244952,0.5
1900-01-25 12:06:30,8011.5,1354391,8012.0,28164,381953,62250,319703,1326227,0.5
1900-01-25 12:06:45,8013.5,596714,8014.0,14131,165233,21366,143867,582583,0.5
1900-01-25 12:07:00,8015.0,542771,8015.5,3398,822021,4442,817579,539373,0.5
1900-01-25 12:07:15,8018.5,492838,8019.0,112882,269065,1830,267235,379956,0.5
1900-01-25 12:07:30,8021.0,532774,8021.5,533552,159567,912,158655,-778,0.5
1900-01-25 12:07:45,8021.5,341856,8022.0,439917,137416,59278,78138,-98061,0.5
1900-01-25 12:08:00,8021.5,477420,8022.0,329990,43207,203,43004,147430,0.5
1900-01-25 12:08:15,8022.0,606810,8022.5,329301,56217,10533,45684,277509,0.5
1900-01-25 12:08:30,8022.5,841575,8023.0,112325,100695,5975,94720,729250,0.5
1900-01-25 12:08:45,8023.0,246644,8023.5,891404,59254,25592,33662,-644760,0.5
1900-01-25 12:09:00,8022.5,282553,8023.0,1010921,30628,23304,7324,-728368,0.5
1900-01-25 12:09:15,8020.0,43736,8020.5,1206709,22274,160931,-138657,-1162973,0.5
1900-01-25 12:09:30,8017.0,51054,8017.5,1098988,1766,103131,-101365,-1047934,0.5
1900-01-25 12:09:45,8016.5,568850,8017.0,101556,44242,151354,-107112,467294,0.5
1900-01-25 12:10:00,8022.5,761703,8023.0,9598,208281,4752,203529,752105,0.5
1900-01-25 12:10:15,8026.5,146264,8027.0,16211,84878,20896,63982,130053,0.5
1900-01-25 12:10:30,8027.5,35103,8028.0,984840,83259,15060,68199,-949737,0.5
1900-01-25 12:10:45,8027.5,694367,8028.0,836216,5592,26334,-20742,-141849,0.5
1900-01-25 12:11:00,8032.0,395781,8032.5,283582,187880,14465,173415,112199,0.5
1900-01-25 12:11:15,8032.5,730084,8033.0,91050,180691,45425,135266,639034,0.5
1900-01-25 12:11:30,8028.5,130216,8029.0,598767,30740,320096,-289356,-468551,0.5
1900-01-25 12:11:45,8027.0,697729,8027.5,176743,50368,21487,28881,520986,0.5
1900-01-25 12:12:00,8027.0,75517,8027.5,775917,11175,92987,-81812,-700400,0.5
1900-01-25 12:12:15,8027.0,204040,8027.5,602648,13739,22048,-8309,-398608,0.5
1900-01-25 12:12:30,8027.0,762916,8027.5,13343,93204,10883,82321,749573,0.5
1900-01-25 12:12:45,8027.5,765806,8028.0,4817,110208,1400,108808,760989,0.5
1900-01-25 12:13:00,8029.5,688367,8030.0,14283,21453,10662,10791,674084,0.5
1900-01-25 12:13:15,8029.5,371426,8030.0,556324,22631,2459,20172,-184898,0.5
1900-01-25 12:13:30,8030.0,247557,8030.5,637273,8107,90785,-82678,-389716,0.5
1900-01-25 12:13:45,8030.0,1079961,8030.5,666639,17500,50709,-33209,413322,0.5
1900-01-25 12:14:00,8030.0,1089757,8030.5,1183675,7500,17743,-10243,-93918,0.5
1900-01-25 12:14:15,8030.0,1216906,8030.5,710965,5454,69249,-63795,505941,0.5
1900-01-25 12:14:30,8030.0,1021661,8030.5,837705,106137,30070,76067,183956,0.5
1900-01-25 12:14:45,8030.0,1102510,8030.5,463475,40210,46503,-6293,639035,0.5
1900-01-25 12:15:00,8030.0,803573,8030.5,668278,7648,335288,-327640,135295,0.5
1900-01-25 12:15:15,8027.0,115553,8027.5,632628,56403,494555,-438152,-517075,0.5
1900-01-25 12:15:30,8023.5,332954,8024.0,569494,8701,169593,-160892,-236540,0.5
1900-01-25 12:15:45,8023.5,98181,8024.0,463279,29974,47024,-17050,-365098,0.5
1900-01-25 12:16:00,8021.0,124104,8021.5,670047,220,68327,-68107,-545943,0.5
1900-01-25 12:16:15,8020.5,28182,8021.0,992437,9313,149194,-139881,-964255,0.5
1900-01-25 12:16:30,8020.0,547655,8020.5,1054190,57784,482434,-424650,-506535,0.5
1900-01-25 12:16:45,8020.0,1361976,8020.5,193056,24511,18000,6511,1168920,0.5
1900-01-25 12:17:00,8024.5,805268,8025.0,11949,29533,3323,26210,793319,0.5
1900-01-25 12:17:15,8026.5,335920,8027.0,298208,90138,35210,54928,37712,0.5
1900-01-25 12:17:30,8028.5,485020,8029.0,67399,36372,52042,-15670,417621,0.5
1900-01-25 12:17:45,8028.5,259015,8029.0,775787,45939,8260,37679,-516772,0.5
1900-01-25 12:18:00,8027.5,26903,8028.0,1120005,10862,61792,-50930,-1093102,0.5
1900-01-25 12:18:15,8027.5,33512,8028.0,1181620,6476,24039,-17563,-1148108,0.5
1900-01-25 12:18:30,8021.0,253180,8021.5,509110,9106,107863,-98757,-255930,0.5
1900-01-25 12:18:45,8021.0,515458,8021.5,364460,11530,19327,-7797,150998,0.5
1900-01-25 12:19:00,8021.0,519921,8021.5,145618,6168,21087,-14919,374303,0.5
1900-01-25 12:19:15,8024.5,731118,8025.0,64967,50893,4080,46813,666151,0.5
1900-01-25 12:19:30,8024.5,669652,8025.0,402703,26582,58001,-31419,266949,0.5
1900-01-25 12:19:45,8024.5,909714,8025.0,101250,59837,4203,55634,808464,0.5
1900-01-25 12:20:00,8024.5,597251,8025.0,560701,45509,573,44936,36550,0.5
1900-01-25 12:20:15,8022.0,218724,8022.5,223684,58944,146428,-87484,-4960,0.5
1900-01-25 12:20:30,8021.5,43146,8022.0,1166798,10000,64255,-54255,-1123652,0.5
1900-01-25 12:20:45,8021.0,13187,8021.5,1213709,210,17276,-17066,-1200522,0.5
1900-01-25 12:21:00,8020.5,62518,8021.0,1088245,1900,38378,-36478,-1025727,0.5
1900-01-25 12:21:15,8020.0,149592,8020.5,1091171,2430,87593,-85163,-941579,0.5
1900-01-25 12:21:30,8018.5,39073,8019.0,1037799,21329,75059,-53730,-998726,0.5
1900-01-25 12:21:45,8011.5,600284,8012.0,14952,53555,96836,-43281,585332,0.5
1900-01-25 12:22:00,8013.5,703255,8014.0,56812,73658,20542,53116,646443,0.5
1900-01-25 12:22:15,8013.5,560335,8014.0,771366,23462,19701,3761,-211031,0.5
1900-01-25 12:22:30,8013.5,97960,8014.0,1030610,100689,225895,-125206,-932650,0.5
1900-01-25 12:22:45,8010.0,390669,8010.5,700575,6484,565345,-558861,-309906,0.5
1900-01-25 12:23:00,8010.0,742112,8010.5,316691,132761,210060,-77299,425421,0.5
1900-01-25 12:23:15,8010.0,822428,8010.5,230697,81823,69811,12012,591731,0.5
1900-01-25 12:23:30,8024.0,239082,8024.5,986636,426732,37652,389080,-747554,0.5
1900-01-25 12:23:45,8024.0,265238,8024.5,1053852,15374,38383,-23009,-788614,0.5
1900-01-25 12:24:00,8021.0,405321,8021.5,658192,14986,85272,-70286,-252871,0.5
1900-01-25 12:24:15,8021.0,226735,8021.5,1141747,11430,207294,-195864,-915012,0.5
1900-01-25 12:24:30,8021.0,596127,8021.5,1133414,1160,6658,-5498,-537287,0.5
1900-01-25 12:24:45,8021.0,562311,8021.5,1181754,19871,6405,13466,-619443,0.5
1900-01-25 12:25:00,8021.0,620738,8021.5,824951,951,2641,-1690,-204213,0.5
1900-01-25 12:25:15,8021.0,1422981,8021.5,33352,145545,16862,128683,1389629,0.5
1900-01-25 12:25:30,8023.5,587400,8024.0,1378,101432,1139,100293,586022,0.5
1900-01-25 12:25:45,8024.5,351023,8025.0,804967,40845,272,40573,-453944,0.5
1900-01-25 12:26:00,8024.5,521488,8025.0,150602,28690,22061,6629,370886,0.5
1900-01-25 12:26:15,8026.0,676590,8026.5,1244,167165,1087,166078,675346,0.5
1900-01-25 12:26:30,8027.5,608540,8028.0,127289,91392,4614,86778,481251,0.5
1900-01-25 12:26:45,8028.0,349928,8028.5,371870,80190,33948,46242,-21942,0.5
1900-01-25 12:27:00,8027.5,32811,8028.0,1104634,2353,35690,-33337,-1071823,0.5
1900-01-25 12:27:15,8027.5,440822,8028.0,1291503,12261,50734,-38473,-850681,0.5
1900-01-25 12:27:30,8027.5,358652,8028.0,1348117,300,119123,-118823,-989465,0.5
1900-01-25 12:27:45,8027.5,271102,8028.0,1350950,24501,117289,-92788,-1079848,0.5
1900-01-25 12:28:00,8027.5,264302,8028.0,1255579,21647,8682,12965,-991277,0.5
1900-01-25 12:28:15,8027.5,534802,8028.0,795132,4200,100,4100,-260330,0.5
1900-01-25 12:28:30,8027.5,637428,8028.0,619912,58069,1967,56102,17516,0.5
1900-01-25 12:28:45,8027.5,169949,8028.0,1463394,1999,131429,-129430,-1293445,0.5
1900-01-25 12:29:00,8027.5,204794,8028.0,1499052,1999,38962,-36963,-1294258,0.5
1900-01-25 12:29:15,8027.5,182354,8028.0,1509430,1878,25887,-24009,-1327076,0.5
1900-01-25 12:29:30,8027.5,249216,8028.0,1561361,46454,43403,3051,-1312145,0.5
1900-01-25 12:29:45,8027.0,6145,8027.5,1234077,13000,114875,-101875,-1227932,0.5
1900-01-25 12:30:00,8025.5,137574,8026.0,2036288,9288,53843,-44555,-1898714,0.5
1900-01-25 12:30:15,8025.5,214709,8026.0,1126276,18956,43818,-24862,-911567,0.5
1900-01-25 12:30:30,8025.5,395477,8026.0,719730,11439,20387,-8948,-324253,0.5
1900-01-25 12:30:45,8025.5,468419,8026.0,849840,13506,13613,-107,-381421,0.5
1900-01-25 12:31:00,8025.5,573460,8026.0,1115175,7016,70121,-63105,-541715,0.5
1900-01-25 12:31:15,8025.5,634729,8026.0,588313,149472,36015,113457,46416,0.5
1900-01-25 12:31:30,8028.5,397833,8029.0,4604,348107,10588,337519,393229,0.5
1900-01-25 12:31:45,8038.5,131941,8039.0,837519,307790,6383,301407,-705578,0.5
1900-01-25 12:32:00,8038.5,53971,8039.0,1167699,189978,162171,27807,-1113728,0.5
1900-01-25 12:32:15,8038.5,518048,8039.0,199937,96420,28294,68126,318111,0.5
1900-01-25 12:32:30,8044.0,660271,8044.5,52167,434900,12498,422402,608104,0.5
1900-01-25 12:32:45,8045.5,611013,8046.0,899457,240447,12483,227964,-288444,0.5
1900-01-25 12:33:00,8045.5,878634,8046.0,1129589,56120,103699,-47579,-250955,0.5
1900-01-25 12:33:15,8041.5,558321,8042.0,613049,25741,410685,-384944,-54728,0.5
1900-01-25 12:33:30,8041.5,977065,8042.0,374058,59358,13518,45840,603007,0.5
1900-01-25 12:33:45,8041.5,815163,8042.0,403271,33808,15056,18752,411892,0.5
1900-01-25 12:34:00,8041.5,676138,8042.0,755520,48509,36114,12395,-79382,0.5
1900-01-25 12:34:15,8041.5,312138,8042.0,887635,6050,52940,-46890,-575497,0.5
1900-01-25 12:34:30,8041.5,500032,8042.0,732893,15450,24036,-8586,-232861,0.5
1900-01-25 12:34:45,8041.5,231024,8042.0,866282,32987,26965,6022,-635258,0.5
1900-01-25 12:35:00,8041.0,667909,8041.5,587157,25639,198880,-173241,80752,0.5
1900-01-25 12:35:15,8041.0,797448,8041.5,580446,22480,27215,-4735,217002,0.5
1900-01-25 12:35:30,8041.0,1176789,8041.5,238467,134062,144,133918,938322,0.5
1900-01-25 12:35:45,8041.0,805226,8041.5,205222,30925,26592,4333,600004,0.5
1900-01-25 12:36:00,8041.0,77027,8041.5,1055245,34290,78004,-43714,-978218,0.5
1900-01-25 12:36:15,8039.0,47069,8039.5,873360,6511,97002,-90491,-826291,0.5
1900-01-25 12:36:30,8038.5,107855,8039.0,771296,750,88576,-87826,-663441,0.5
1900-01-25 12:36:45,8036.5,312381,8037.0,769863,1696,52367,-50671,-457482,0.5
1900-01-25 12:37:00,8034.0,74210,8034.5,1151493,40,59293,-59253,-1077283,0.5
1900-01-25 12:37:15,8033.5,31663,8034.0,912780,23671,64627,-40956,-881117,0.5
1900-01-25 12:37:30,8031.5,339719,8032.0,399001,11079,37895,-26816,-59282,0.5
1900-01-25 12:37:45,8033.0,562700,8033.5,402558,51048,149326,-98278,160142,0.5
1900-01-25 12:38:00,8033.0,720296,8033.5,98170,95870,17106,78764,622126,0.5
1900-01-25 12:38:15,8033.0,716894,8033.5,61979,108044,35512,72532,654915,0.5
1900-01-25 12:38:30,8033.5,585151,8034.0,432755,126168,18778,107390,152396,0.5
1900-01-25 12:38:45,8033.5,679907,8034.0,454692,1626,22760,-21134,225215,0.5
1900-01-25 12:39:00,8033.5,318078,8034.0,794147,3565,9500,-5935,-476069,0.5
1900-01-25 12:39:15,8033.5,32942,8034.0,924274,3565,42545,-38980,-891332,0.5
1900-01-25 12:39:30,8030.5,277897,8031.0,702135,3110,48858,-45748,-424238,0.5
1900-01-25 12:39:45,8030.5,622197,8031.0,704423,2060,7874,-5814,-82226,0.5
1900-01-25 12:40:00,8030.5,629166,8031.0,626089,5342,43099,-37757,3077,0.5
1900-01-25 12:40:15,8030.5,677405,8031.0,646648,4961,13671,-8710,30757,0.5
1900-01-25 12:40:30,8030.5,634093,8031.0,881491,4961,12618,-7657,-247398,0.5
1900-01-25 12:40:45,8030.5,1684975,8031.0,952580,7933,52727,-44794,732395,0.5
1900-01-25 12:41:00,8030.5,1730843,8031.0,916612,6797,1518,5279,814231,0.5
1900-01-25 12:41:15,8030.5,1752606,8031.0,697007,37380,125592,-88212,1055599,0.5
1900-01-25 12:41:30,8030.5,537871,8031.0,671361,2625,44112,-41487,-133490,0.5
1900-01-25 12:41:45,8033.0,546512,8033.5,11534,64065,99950,-35885,534978,0.5
1900-01-25 12:42:00,8034.0,549330,8034.5,297363,112009,121878,-9869,251967,0.5
1900-01-25 12:42:15,8034.0,283999,8034.5,845637,178205,395,177810,-561638,0.5
1900-01-25 12:42:30,8034.0,270073,8034.5,789240,1480,18135,-16655,-519167,0.5
1900-01-25 12:42:45,8034.0,789461,8034.5,79864,101758,5616,96142,709597,0.5
1900-01-25 12:43:00,8034.0,707974,8034.5,60515,15855,200,15655,647459,0.5
1900-01-25 12:43:15,8036.5,1443059,8037.0,45158,42648,114,42534,1397901,0.5
1900-01-25 12:43:30,8038.5,659433,8039.0,15986,38835,13609,25226,643447,0.5
1900-01-25 12:43:45,8039.0,498621,8039.5,340461,73632,1140,72492,158160,0.5
1900-01-25 12:44:00,8039.0,634684,8039.5,465685,16919,13474,3445,168999,0.5
1900-01-25 12:44:15,8039.0,429205,8039.5,436626,10913,4487,6426,-7421,0.5
1900-01-25 12:44:30,8039.0,350064,8039.5,1124287,38305,36114,2191,-774223,0.5
1900-01-25 12:44:45,8039.0,270328,8039.5,1175122,4879,27906,-23027,-904794,0.5
1900-01-25 12:45:00,8039.0,504181,8039.5,1139119,2372,8489,-6117,-634938,0.5
1900-01-25 12:45:15,8039.0,439390,8039.5,1111556,37986,62572,-24586,-672166,0.5
1900-01-25 12:45:30,8041.0,684303,8041.5,499805,117310,2157,115153,184498,0.5
1900-01-25 12:45:45,8041.5,524948,8042.0,302630,84778,34914,49864,222318,0.5
1900-01-25 12:46:00,8041.5,600374,8042.0,782962,134796,1170,133626,-182588,0.5
1900-01-25 12:46:15,8041.5,1047655,8042.0,238994,258154,13209,244945,808661,0.5
1900-01-25 12:46:30,8041.5,1029342,8042.0,101302,57263,4500,52763,928040,0.5
1900-01-25 12:46:45,8042.0,1055472,8042.5,151314,119687,14283,105404,904158,0.5
1900-01-25 12:47:00,8044.5,902042,8045.0,48144,145713,13846,131867,853898,0.5
1900-01-25 12:47:15,8046.0,1104945,8046.5,122231,57258,38827,18431,982714,0.5
1900-01-25 12:47:30,8046.5,917742,8047.0,216653,98431,8258,90173,701089,0.5
1900-01-25 12:47:45,8046.5,179283,8047.0,778473,64617,164556,-99939,-599190,0.5
1900-01-25 12:48:00,8047.5,838477,8048.0,121185,145195,90420,54775,717292,0.5
1900-01-25 12:48:15,8047.5,826881,8048.0,405097,57155,8623,48532,421784,0.5
1900-01-25 12:48:30,8047.5,732304,8048.0,349813,20542,67154,-46612,382491,0.5
1900-01-25 12:48:45,8046.0,9310,8046.5,820516,131128,30179,100949,-811206,0.5
1900-01-25 12:49:00,8045.0,114709,8045.5,664365,23892,19866,4026,-549656,0.5
1900-01-25 12:49:15,8035.5,789752,8036.0,230911,66955,41947,25008,558841,0.5
1900-01-25 12:49:30,8043.0,589555,8043.5,186740,195607,22941,172666,402815,0.5
1900-01-25 12:49:45,8043.0,904975,8043.5,180985,242629,20638,221991,723990,0.5
1900-01-25 12:50:00,8044.5,459446,8045.0,672965,105421,6011,99410,-213519,0.5
1900-01-25 12:50:15,8044.5,298974,8045.0,681638,10415,7940,2475,-382664,0.5
1900-01-25 12:50:30,8044.5,287594,8045.0,526956,71757,21875,49882,-239362,0.5
1900-01-25 12:50:45,8044.5,286537,8045.0,581940,1367,31200,-29833,-295403,0.5
1900-01-25 12:51:00,8043.0,42826,8043.5,1177814,6425,158735,-152310,-1134988,0.5
1900-01-25 12:51:15,8034.0,631056,8034.5,155127,12554,117440,-104886,475929,0.5
1900-01-25 12:51:30,8036.5,1037017,8037.0,48140,24917,87693,-62776,988877,0.5
1900-01-25 12:51:45,8038.0,886482,8038.5,10372,4437,10561,-6124,876110,0.5
1900-01-25 12:52:00,8038.5,1191938,8039.0,23286,73884,1466,72418,1168652,0.5
1900-01-25 12:52:15,8043.5,810235,8044.0,10765,116988,9500,107488,799470,0.5
1900-01-25 12:52:30,8044.5,931609,8045.0,13128,66318,2072,64246,918481,0.5
1900-01-25 12:52:45,8056.5,72524,8057.0,2546,793674,5488,788186,69978,0.5
1900-01-25 12:53:00,8054.5,541,8055.0,409986,339378,83485,255893,-409445,0.5
1900-01-25 12:53:15,8054.5,331667,8055.0,689037,64574,24356,40218,-357370,0.5
1900-01-25 12:53:30,8054.5,910158,8055.0,95174,89930,2671,87259,814984,0.5
1900-01-25 12:53:45,8057.5,984565,8058.0,118119,118832,22830,96002,866446,0.5
1900-01-25 12:54:00,8058.0,259727,8058.5,631614,130198,32653,97545,-371887,0.5
1900-01-25 12:54:15,8058.0,365008,8058.5,574654,159834,75147,84687,-209646,0.5
1900-01-25 12:54:30,8058.0,302935,8058.5,423745,166060,35280,130780,-120810,0.5
1900-01-25 12:54:45,8058.0,87862,8058.5,546470,22300,86624,-64324,-458608,0.5
1900-01-25 12:55:00,8056.5,2915,8057.0,429795,18129,116497,-98368,-426880,0.5
1900-01-25 12:55:15,8056.5,321511,8057.0,662354,3294,19296,-16002,-340843,0.5
1900-01-25 12:55:30,8047.5,286737,8048.0,150656,4288,186775,-182487,136081,0.5
1900-01-25 12:55:45,8047.5,626842,8048.0,535196,29664,119836,-90172,91646,0.5
1900-01-25 12:56:00,8047.5,751247,8048.0,390855,14959,12663,2296,360392,0.5
1900-01-25 12:56:15,8047.5,124012,8048.0,697316,13034,70415,-57381,-573304,0.5
1900-01-25 12:56:30,8045.0,1090672,8045.5,72886,84242,51279,32963,1017786,0.5
1900-01-25 12:56:45,8053.0,420888,8053.5,82074,84152,4723,79429,338814,0.5
1900-01-25 12:57:00,8053.0,420801,8053.5,584378,22318,2875,19443,-163577,0.5
1900-01-25 12:57:15,8056.0,440688,8056.5,741660,20954,42929,-21975,-300972,0.5
1900-01-25 12:57:30,8056.0,482672,8056.5,721361,33794,17359,16435,-238689,0.5
1900-01-25 12:57:45,8056.0,449031,8056.5,640326,49500,43060,6440,-191295,0.5
1900-01-25 12:58:00,8056.0,368503,8056.5,520485,173712,4397,169315,-151982,0.5
1900-01-25 12:58:15,8056.0,151032,8056.5,492323,15014,49834,-34820,-341291,0.5
1900-01-25 12:58:30,8054.5,162136,8055.0,730847,16130,82892,-66762,-568711,0.5
1900-01-25 12:58:45,8051.5,780425,8052.0,260775,34033,41633,-7600,519650,0.5
1900-01-25 12:59:00,8053.5,708812,8054.0,18922,70657,38661,31996,689890,0.5
1900-01-25 12:59:15,8056.5,852578,8057.0,46831,95141,23004,72137,805747,0.5
1900-01-25 12:59:30,8057.5,1551473,8058.0,93005,78481,6589,71892,1458468,0.5
1900-01-25 12:59:45,8057.5,1409508,8058.0,47640,25606,10132,15474,1361868,0.5
1900-01-25 13:00:00,8057.5,867891,8058.0,872864,29571,15087,14484,-4973,0.5
1900-01-25 13:00:15,8057.5,1112213,8058.0,165138,154088,21924,132164,947075,0.5
1900-01-25 13:00:30,8057.5,876375,8058.0,534987,16818,45281,-28463,341388,0.5
1900-01-25 13:00:45,8057.5,964707,8058.0,600606,27747,105247,-77500,364101,0.5
1900-01-25 13:01:00,8057.5,794850,8058.0,680263,13782,63143,-49361,114587,0.5
1900-01-25 13:01:15,8053.5,1547,8054.0,775903,40889,262409,-221520,-774356,0.5
1900-01-25 13:01:30,8050.0,331473,8050.5,905460,4020,194966,-190946,-573987,0.5
1900-01-25 13:01:45,8047.5,70532,8048.0,832863,3550,137032,-133482,-762331,0.5
1900-01-25 13:02:00,8045.0,805458,8045.5,4596,44061,118784,-74723,800862,0.5
1900-01-25 13:02:15,8050.0,736825,8050.5,396322,117637,3976,113661,340503,0.5
1900-01-25 13:02:30,8050.5,184722,8051.0,614291,36091,2951,33140,-429569,0.5
1900-01-25 13:02:45,8049.0,40586,8049.5,607197,14197,60929,-46732,-566611,0.5
1900-01-25 13:03:00,8041.5,35859,8042.0,102614,6559,178386,-171827,-66755,0.5
1900-01-25 13:03:15,8037.5,528352,8038.0,113503,21898,89525,-67627,414849,0.5
1900-01-25 13:03:30,8039.5,510971,8040.0,333604,78072,79418,-1346,177367,0.5
1900-01-25 13:03:45,8036.5,1452,8037.0,389165,49206,226742,-177536,-387713,0.5
1900-01-25 13:04:00,8036.0,34459,8036.5,873137,7811,96429,-88618,-838678,0.5
1900-01-25 13:04:15,8034.5,29002,8035.0,1180493,50,135694,-135644,-1151491,0.5
1900-01-25 13:04:30,8033.5,760562,8034.0,565889,17590,127166,-109576,194673,0.5
1900-01-25 13:04:45,8034.0,1265589,8034.5,30452,210358,92256,118102,1235137,0.5
1900-01-25 13:05:00,8039.5,93793,8040.0,783354,219096,73623,145473,-689561,0.5
1900-01-25 13:05:15,8034.0,96088,8034.5,387723,7565,43373,-35808,-291635,0.5
1900-01-25 13:05:30,8033.5,383130,8034.0,867150,5600,87143,-81543,-484020,0.5
1900-01-25 13:05:45,8033.5,190591,8034.0,1100708,18746,64715,-45969,-910117,0.5
1900-01-25 13:06:00,8033.5,716529,8034.0,313216,17702,43143,-25441,403313,0.5
1900-01-25 13:06:15,8036.0,306644,8036.5,11594,79912,10467,69445,295050,0.5
1900-01-25 13:06:30,8036.0,226390,8036.5,654275,27440,4451,22989,-427885,0.5
1900-01-25 13:06:45,8033.5,117686,8034.0,759358,13484,106228,-92744,-641672,0.5
1900-01-25 13:07:00,8029.5,269529,8030.0,4130,36138,188016,-151878,265399,0.5
1900-01-25 13:07:15,8033.5,1042796,8034.0,115230,101837,4947,96890,927566,0.5
1900-01-25 13:07:30,8033.5,1028018,8034.0,163391,12883,8540,4343,864627,0.5
1900-01-25 13:07:45,8033.5,1169999,8034.0,114977,31572,4100,27472,1055022,0.5
1900-01-25 13:08:00,8033.5,605663,8034.0,565727,19047,1800,17247,39936,0.5
1900-01-25 13:08:15,8033.5,298794,8034.0,816359,44968,18860,26108,-517565,0.5
1900-01-25 13:08:30,8033.5,138058,8034.0,1013589,84342,164146,-79804,-875531,0.5
1900-01-25 13:08:45,8032.0,51550,8032.5,830526,12581,84034,-71453,-778976,0.5
1900-01-25 13:09:00,8026.0,1508135,8026.5,211454,26645,120012,-93367,1296681,0.5
1900-01-25 13:09:15,8026.0,583967,8026.5,859054,14573,373100,-358527,-275087,0.5
1900-01-25 13:09:30,8026.0,405410,8026.5,900895,6915,60606,-53691,-495485,0.5
1900-01-25 13:09:45,8026.0,315471,8026.5,807106,43388,116380,-72992,-491635,0.5
1900-01-25 13:10:00,8024.0,47454,8024.5,566244,61769,343524,-281755,-518790,0.5
1900-01-25 13:10:15,8024.0,627516,8024.5,202122,80260,214248,-133988,425394,0.5
1900-01-25 13:10:30,8030.0,413397,8030.5,109920,121223,88975,32248,303477,0.5
1900-01-25 13:10:45,8030.0,699754,8030.5,149995,36782,12802,23980,549759,0.5
1900-01-25 13:11:00,8030.0,406149,8030.5,1083643,23217,53049,-29832,-677494,0.5
1900-01-25 13:11:15,8029.5,6456,8030.0,583247,48209,100235,-52026,-576791,0.5
1900-01-25 13:11:30,8025.0,15659,8025.5,961666,11751,23984,-12233,-946007,0.5
1900-01-25 13:11:45,8018.5,32713,8019.0,98286,52039,295215,-243176,-65573,0.5
1900-01-25 13:12:00,8018.5,553294,8019.0,740145,77945,374023,-296078,-186851,0.5
1900-01-25 13:12:15,8019.5,445553,8020.0,642610,121358,128728,-7370,-197057,0.5
1900-01-25 13:12:30,8024.5,311569,8025.0,177401,886187,5497,880690,134168,0.5
1900-01-25 13:12:45,8025.0,1301767,8025.5,254,72747,2753,69994,1301513,0.5
1900-01-25 13:13:00,8025.0,874279,8025.5,744101,70866,13124,57742,130178,0.5
1900-01-25 13:13:15,8025.0,742533,8025.5,1770048,67,75052,-74985,-1027515,0.5
1900-01-25 13:13:30,8023.5,56379,8024.0,947038,6886,373616,-366730,-890659,0.5
1900-01-25 13:13:45,8023.5,261042,8024.0,886796,220,64860,-64640,-625754,0.5
1900-01-25 13:14:00,8023.0,1538842,8023.5,58854,942,78755,-77813,1479988,0.5
1900-01-25 13:14:15,8023.0,743565,8023.5,695119,22226,113983,-91757,48446,0.5
1900-01-25 13:14:30,8023.0,647707,8023.5,573743,450,97593,-97143,73964,0.5
1900-01-25 13:14:45,8019.0,194554,8019.5,653796,5000,57514,-52514,-459242,0.5
1900-01-25 13:15:00,8019.0,648005,8019.5,317654,41339,40743,596,330351,0.5
1900-01-25 13:15:15,8019.5,1767941,8020.0,912601,77826,3622,74204,855340,0.5
1900-01-25 13:15:30,8019.5,1719240,8020.0,860550,85174,6510,78664,858690,0.5
1900-01-25 13:15:45,8022.0,809396,8022.5,486583,663756,31293,632463,322813,0.5
1900-01-25 13:16:00,8022.0,764109,8022.5,643459,12291,1239,11052,120650,0.5
1900-01-25 13:16:15,8022.0,668885,8022.5,753083,46311,2500,43811,-84198,0.5
1900-01-25 13:16:30,8022.0,534834,8022.5,895458,28580,103134,-74554,-360624,0.5
1900-01-25 13:16:45,8022.0,839112,8022.5,604172,5344,23110,-17766,234940,0.5
1900-01-25 13:17:00,8022.0,998522,8022.5,326019,127589,5272,122317,672503,0.5
1900-01-25 13:17:15,8022.0,1019459,8022.5,500847,29672,8869,20803,518612,0.5
1900-01-25 13:17:30,8022.0,925659,8022.5,634389,9711,68744,-59033,291270,0.5
1900-01-25 13:17:45,8022.0,1080746,8022.5,674927,14802,3441,11361,405819,0.5
1900-01-25 13:18:00,8022.0,796304,8022.5,880523,3970,121130,-117160,-84219,0.5
1900-01-25 13:18:15,8020.0,276220,8020.5,695766,1336,445533,-444197,-419546,0.5
1900-01-25 13:18:30,8019.5,671375,8020.0,905499,7667,437006,-429339,-234124,0.5
1900-01-25 13:18:45,8019.5,259163,8020.0,1336538,7667,414547,-406880,-1077375,0.5
1900-01-25 13:19:00,8019.5,247921,8020.0,1352819,29606,69601,-39995,-1104898,0.5
1900-01-25 13:19:15,8019.5,367541,8020.0,1336966,2050,26301,-24251,-969425,0.5
1900-01-25 13:19:30,8019.5,148765,8020.0,1461241,5741,239160,-233419,-1312476,0.5
1900-01-25 13:19:45,8000.0,143241,8000.5,46465,50667,2047179,-1996512,96776,0.5
1900-01-25 13:20:00,7996.5,9042,7997.5,30024,366069,1490472,-1124403,-20982,1.0
1900-01-25 13:20:15,7994.5,323207,7995.0,817774,395561,312008,83553,-494567,0.5
1900-01-25 13:20:30,7993.0,579487,7993.5,79605,49819,405009,-355190,499882,0.5
1900-01-25 13:20:45,7986.5,340722,7987.0,138824,238588,357649,-119061,201898,0.5
1900-01-25 13:21:00,7992.0,212052,7992.5,215000,255688,584001,-328313,-2948,0.5
1900-01-25 13:21:15,7989.0,200698,7989.5,175268,124179,246715,-122536,25430,0.5
1900-01-25 13:21:30,7989.0,219730,7989.5,555193,25213,94752,-69539,-335463,0.5
1900-01-25 13:21:45,7990.5,670634,7991.0,210340,267243,113143,154100,460294,0.5
1900-01-25 13:22:00,7996.5,709560,7997.0,145373,528916,17055,511861,564187,0.5
1900-01-25 13:22:15,7998.5,571891,7999.0,35941,254332,13246,241086,535950,0.5
1900-01-25 13:22:30,7998.5,411210,7999.0,795335,51523,33219,18304,-384125,0.5
1900-01-25 13:22:45,7998.5,579693,7999.0,407718,201848,111399,90449,171975,0.5
1900-01-25 13:23:00,7992.0,23000,7992.5,470123,102995,421926,-318931,-447123,0.5
1900-01-25 13:23:15,7989.5,25397,7990.0,966848,54491,260432,-205941,-941451,0.5
1900-01-25 13:23:30,7985.5,505342,7986.0,91288,27264,163521,-136257,414054,0.5
1900-01-25 13:23:45,7988.5,496635,7989.0,526785,167064,29157,137907,-30150,0.5
1900-01-25 13:24:00,7985.5,269700,7986.0,210831,47417,98728,-51311,58869,0.5
1900-01-25 13:24:15,7986.0,126911,7986.5,1132798,174647,49543,125104,-1005887,0.5
1900-01-25 13:24:30,7985.0,37618,7985.5,1041920,16874,95085,-78211,-1004302,0.5
1900-01-25 13:24:45,7984.5,263810,7985.0,914141,13489,334894,-321405,-650331,0.5
1900-01-25 13:25:00,7989.0,768341,7989.5,235896,418161,20706,397455,532445,0.5
1900-01-25 13:25:15,7993.5,287,7994.0,147285,312077,62302,249775,-146998,0.5
1900-01-25 13:25:30,7997.5,722309,7998.0,26291,200267,25059,175208,696018,0.5
1900-01-25 13:25:45,7997.5,361361,7998.0,573426,160405,85965,74440,-212065,0.5
1900-01-25 13:26:00,7997.5,734086,7998.0,166534,104333,12110,92223,567552,0.5
1900-01-25 13:26:15,7998.0,882069,7998.5,61471,125898,12848,113050,820598,0.5
1900-01-25 13:26:30,7999.5,318579,8000.0,672771,432963,35074,397889,-354192,0.5
1900-01-25 13:26:45,7999.5,1113143,8000.0,838137,139517,8202,131315,275006,0.5
1900-01-25 13:27:00,8000.0,1519372,8000.5,2188,552988,18031,534957,1517184,0.5
1900-01-25 13:27:15,8002.5,42913,8003.0,924133,157578,56611,100967,-881220,0.5
1900-01-25 13:27:30,8002.5,192140,8003.0,916770,50901,30075,20826,-724630,0.5
1900-01-25 13:27:45,7995.5,67831,7996.0,727029,34923,306620,-271697,-659198,0.5
1900-01-25 13:28:00,7995.5,1144733,7996.0,116465,24063,18895,5168,1028268,0.5
1900-01-25 13:28:15,7998.5,816572,7999.0,906414,254900,18106,236794,-89842,0.5
1900-01-25 13:28:30,7998.5,922885,7999.0,889884,31580,6820,24760,33001,0.5
1900-01-25 13:28:45,7998.5,809492,7999.0,1099656,9170,23995,-14825,-290164,0.5
1900-01-25 13:29:00,7998.5,794056,7999.0,748370,395881,10741,385140,45686,0.5
1900-01-25 13:29:15,7998.5,945953,7999.0,671047,63570,919,62651,274906,0.5
1900-01-25 13:29:30,7998.5,964939,7999.0,677194,53066,35007,18059,287745,0.5
1900-01-25 13:29:45,7998.5,906275,7999.0,614808,259959,30673,229286,291467,0.5
1900-01-25 13:30:00,7995.0,31892,7995.5,639670,28846,358514,-329668,-607778,0.5
1900-01-25 13:30:15,7988.5,989409,7989.0,204870,49086,63786,-14700,784539,0.5
1900-01-25 13:30:30,7990.0,480848,7990.5,3417,197247,45716,151531,477431,0.5
1900-01-25 13:30:45,7994.0,824373,7994.5,36980,22774,20358,2416,787393,0.5
1900-01-25 13:31:00,7994.5,487002,7995.0,515001,41663,58107,-16444,-27999,0.5
1900-01-25 13:31:15,7998.5,376198,7999.0,852977,69726,11816,57910,-476779,0.5
1900-01-25 13:31:30,7998.5,509356,7999.0,800498,7252,50142,-42890,-291142,0.5
1900-01-25 13:31:45,8002.0,726520,8002.5,37524,164207,18459,145748,688996,0.5
1900-01-25 13:32:00,8005.0,454916,8005.5,412685,140629,52988,87641,42231,0.5
1900-01-25 13:32:15,8005.0,321229,8005.5,1378343,38466,25551,12915,-1057114,0.5
1900-01-25 13:32:30,8003.0,49632,8003.5,696432,53384,200022,-146638,-646800,0.5
1900-01-25 13:32:45,8002.5,443775,8003.0,912666,15701,78592,-62891,-468891,0.5
1900-01-25 13:33:00,8002.0,39261,8002.5,1083272,93777,179690,-85913,-1044011,0.5
1900-01-25 13:33:15,7998.5,5508,7999.0,907793,2940,77443,-74503,-902285,0.5
1900-01-25 13:33:30,7996.0,606236,7996.5,230195,37438,152183,-114745,376041,0.5
1900-01-25 13:33:45,7996.0,119328,7996.5,455298,160006,18792,141214,-335970,0.5
1900-01-25 13:34:00,8003.5,545411,8004.0,427346,129158,29933,99225,118065,0.5
1900-01-25 13:34:15,8003.5,424693,8004.0,772874,77521,6089,71432,-348181,0.5
1900-01-25 13:34:30,8004.5,669032,8005.0,298569,780610,12875,767735,370463,0.5
1900-01-25 13:34:45,8004.0,175690,8004.5,1224600,46574,157194,-110620,-1048910,0.5
1900-01-25 13:35:00,8000.5,759730,8001.0,525692,13102,193452,-180350,234038,0.5
1900-01-25 13:35:15,8004.5,517673,8005.0,393165,113014,83619,29395,124508,0.5
1900-01-25 13:35:30,8004.5,535346,8005.0,358205,55021,22960,32061,177141,0.5
1900-01-25 13:35:45,8004.5,701525,8005.0,65047,34378,8212,26166,636478,0.5
1900-01-25 13:36:00,8006.5,640849,8007.0,104276,219730,82755,136975,536573,0.5
1900-01-25 13:36:15,8007.0,71777,8007.5,1253958,143431,40097,103334,-1182181,0.5
1900-01-25 13:36:30,8005.5,1739,8006.0,943984,50682,39629,11053,-942245,0.5
1900-01-25 13:36:45,8007.0,321487,8007.5,120599,214820,14543,200277,200888,0.5
1900-01-25 13:37:00,8007.0,271240,8007.5,393028,30711,7094,23617,-121788,0.5
1900-01-25 13:37:15,8007.0,208246,8007.5,173594,141273,17741,123532,34652,0.5
1900-01-25 13:37:30,8007.0,615050,8007.5,247292,1993,33204,-31211,367758,0.5
1900-01-25 13:37:45,8008.5,821996,8009.0,433078,37132,15926,21206,388918,0.5
1900-01-25 13:38:00,8008.5,886919,8009.0,29302,388516,36572,351944,857617,0.5
1900-01-25 13:38:15,8009.0,697066,8009.5,467599,147343,17123,130220,229467,0.5
1900-01-25 13:38:30,8008.5,46809,8009.0,616255,15819,64955,-49136,-569446,0.5
1900-01-25 13:38:45,8008.0,1165697,8008.5,294801,7742,48343,-40601,870896,0.5
1900-01-25 13:39:00,8008.0,1392812,8008.5,61302,19890,50169,-30279,1331510,0.5
1900-01-25 13:39:15,8009.5,656944,8010.0,646681,410185,67181,343004,10263,0.5
1900-01-25 13:39:30,8012.5,630446,8013.0,124637,227424,1392,226032,505809,0.5
1900-01-25 13:39:45,8013.5,380844,8014.0,259441,102053,21091,80962,121403,0.5
1900-01-25 13:40:00,8013.5,1172918,8014.0,418935,54820,1946,52874,753983,0.5
1900-01-25 13:40:15,8013.5,1235391,8014.0,1077470,107104,12698,94406,157921,0.5
1900-01-25 13:40:30,8013.5,1329432,8014.0,565355,11226,11322,-96,764077,0.5
1900-01-25 13:40:45,8013.5,1369205,8014.0,875214,35186,25736,9450,493991,0.5
1900-01-25 13:41:00,8013.5,878681,8014.0,889088,78420,54117,24303,-10407,0.5
1900-01-25 13:41:15,8013.5,830588,8014.0,959029,15291,92946,-77655,-128441,0.5
1900-01-25 13:41:30,8013.5,843910,8014.0,963269,1262,253560,-252298,-119359,0.5
1900-01-25 13:41:45,8008.0,39106,8008.5,535656,16683,373922,-357239,-496550,0.5
1900-01-25 13:42:00,8005.5,177366,8006.0,595998,4000,102954,-98954,-418632,0.5
1900-01-25 13:42:15,8004.5,54437,8005.0,503116,51001,27795,23206,-448679,0.5
1900-01-25 13:42:30,8004.5,104939,8005.0,520467,1880,17048,-15168,-415528,0.5
1900-01-25 13:42:45,8004.5,717074,8005.0,621384,554,5332,-4778,95690,0.5
1900-01-25 13:43:00,8004.5,848812,8005.0,64893,88772,9742,79030,783919,0.5
1900-01-25 13:43:15,8006.0,955183,8006.5,95,30308,65,30243,955088,0.5
1900-01-25 13:43:30,8008.5,776019,8009.0,432,3259,12348,-9089,775587,0.5
1900-01-25 13:43:45,8010.5,769188,8011.0,8668,44716,6040,38676,760520,0.5
1900-01-25 13:44:00,8011.0,695448,8011.5,14827,27426,20753,6673,680621,0.5
1900-01-25 13:44:15,8012.0,413023,8012.5,352996,15733,15726,7,60027,0.5
1900-01-25 13:44:30,8011.5,2924,8012.0,1311964,2168,50365,-48197,-1309040,0.5
1900-01-25 13:44:45,8010.5,92161,8011.0,1114629,651,72945,-72294,-1022468,0.5
1900-01-25 13:45:00,8010.5,606064,8011.0,379535,21,43350,-43329,226529,0.5
1900-01-25 13:45:15,8010.5,823575,8011.0,282787,23825,4453,19372,540788,0.5
1900-01-25 13:45:30,8011.0,1095589,8011.5,27855,125472,7100,118372,1067734,0.5
1900-01-25 13:45:45,8012.5,891189,8013.0,450502,125068,18648,106420,440687,0.5
1900-01-25 13:46:00,8012.5,877349,8013.0,351593,199361,68020,131341,525756,0.5
1900-01-25 13:46:15,8012.5,643289,8013.0,374255,152130,2010,150120,269034,0.5
1900-01-25 13:46:30,8014.5,1029824,8015.0,99507,147455,42068,105387,930317,0.5
1900-01-25 13:46:45,8015.0,1221477,8015.5,69354,103009,1200,101809,1152123,0.5
1900-01-25 13:47:00,8015.5,768691,8016.0,128877,41995,1582,40413,639814,0.5
1900-01-25 13:47:15,8016.5,862361,8017.0,206935,52536,8201,44335,655426,0.5
1900-01-25 13:47:30,8016.5,791373,8017.0,260432,41750,2172,39578,530941,0.5
1900-01-25 13:47:45,8016.5,1086780,8017.0,153846,87670,2292,85378,932934,0.5
1900-01-25 13:48:00,8017.0,392922,8017.5,420715,115020,139856,-24836,-27793,0.5
1900-01-25 13:48:15,8017.5,1180778,8018.0,80710,34373,4737,29636,1100068,0.5
1900-01-25 13:48:30,8018.0,11009465,8018.5,34414,193593,3250,190343,10975051,0.5
1900-01-25 13:48:45,8019.5,1130667,8020.0,241872,308120,65832,242288,888795,0.5
1900-01-25 13:49:00,8019.5,1373101,8020.0,289840,248830,57857,190973,1083261,0.5
1900-01-25 13:49:15,8020.5,934925,8021.0,60896,169158,143542,25616,874029,0.5
1900-01-25 13:49:30,8023.0,1821672,8023.5,73960,1453190,17664,1435526,1747712,0.5
1900-01-25 13:49:45,8024.5,927834,8025.0,1022600,199375,60678,138697,-94766,0.5
1900-01-25 13:50:00,8022.0,661828,8022.5,217643,30940,647073,-616133,444185,0.5
1900-01-25 13:50:15,8020.0,184420,8020.5,405456,42283,313674,-271391,-221036,0.5
1900-01-25 13:50:30,8013.0,101039,8013.5,602151,15224,328879,-313655,-501112,0.5
1900-01-25 13:50:45,8013.0,777548,8013.5,430749,8197,54301,-46104,346799,0.5
1900-01-25 13:51:00,8013.0,237007,8013.5,518722,31780,153977,-122197,-281715,0.5
1900-01-25 13:51:15,8011.5,452099,8012.0,616530,3635,28996,-25361,-164431,0.5
1900-01-25 13:51:30,8011.5,265944,8012.0,708805,48220,47490,730,-442861,0.5
1900-01-25 13:51:45,8011.5,1086226,8012.0,194086,296119,3209,292910,892140,0.5
1900-01-25 13:52:00,8011.5,1185862,8012.0,388255,72693,13800,58893,797607,0.5
1900-01-25 13:52:15,8011.5,1256983,8012.0,426358,6810,64533,-57723,830625,0.5
1900-01-25 13:52:30,8011.5,1010735,8012.0,605829,39005,31277,7728,404906,0.5
1900-01-25 13:52:45,8012.5,339440,8013.0,1374600,251842,22184,229658,-1035160,0.5
1900-01-25 13:53:00,8021.5,446057,8022.0,246125,1537588,11259,1526329,199932,0.5
1900-01-25 13:53:15,8020.0,314944,8020.5,799469,70750,49246,21504,-484525,0.5
1900-01-25 13:53:30,8019.0,18244,8019.5,699366,20100,285284,-265184,-681122,0.5
1900-01-25 13:53:45,8019.0,15696,8019.5,1318181,5895,79225,-73330,-1302485,0.5
1900-01-25 13:54:00,8015.5,518169,8016.0,287365,16805,51878,-35073,230804,0.5
1900-01-25 13:54:15,8011.5,265094,8012.0,786331,12404,193217,-180813,-521237,0.5
1900-01-25 13:54:30,8011.5,135595,8012.0,1559067,1000,122057,-121057,-1423472,0.5
1900-01-25 13:54:45,8010.0,15661,8010.5,1853936,3570,192420,-188850,-1838275,0.5
1900-01-25 13:55:00,8000.0,529183,8000.5,472091,5296,412379,-407083,57092,0.5
1900-01-25 13:55:15,8000.0,402932,8000.5,303663,119615,355026,-235411,99269,0.5
1900-01-25 13:55:30,8000.0,307888,8000.5,784921,10324,77130,-66806,-477033,0.5
1900-01-25 13:55:45,8000.0,334269,8000.5,231198,84046,232238,-148192,103071,0.5
1900-01-25 13:56:00,8007.5,361267,8008.0,42434,250333,61378,188955,318833,0.5
1900-01-25 13:56:15,8007.0,8512,8007.5,1256732,32988,28423,4565,-1248220,0.5
1900-01-25 13:56:30,8005.0,48657,8005.5,677473,2566,22434,-19868,-628816,0.5
1900-01-25 13:56:45,8003.0,27720,8003.5,1244295,161085,13433,147652,-1216575,0.5
1900-01-25 13:57:00,8002.5,20825,8003.0,1484513,310,40038,-39728,-1463688,0.5
1900-01-25 13:57:15,7997.5,3250,7998.0,1056365,5943,48911,-42968,-1053115,0.5
1900-01-25 13:57:30,7995.0,609012,7995.5,820639,11889,116522,-104633,-211627,0.5
1900-01-25 13:57:45,7996.5,382402,7997.0,121083,36475,17107,19368,261319,0.5
1900-01-25 13:58:00,7997.0,656621,7997.5,15534,159849,44115,115734,641087,0.5
1900-01-25 13:58:15,7996.0,77660,7996.5,1061018,50807,79131,-28324,-983358,0.5
1900-01-25 13:58:30,7992.0,724815,7992.5,8902,8547,86936,-78389,715913,0.5
1900-01-25 13:58:45,7994.5,198476,7995.0,1326,42241,5272,36969,197150,0.5
1900-01-25 13:59:00,8000.5,903217,8001.0,45,345287,43620,301667,903172,0.5
1900-01-25 13:59:15,8001.0,235366,8001.5,777336,102988,15306,87682,-541970,0.5
1900-01-25 13:59:30,7996.5,108649,7997.0,757143,26601,45926,-19325,-648494,0.5
1900-01-25 13:59:45,8000.0,123389,8000.5,852456,7319,3823,3496,-729067,0.5
1900-01-25 14:00:00,8000.0,66858,8000.5,1468214,20597,119558,-98961,-1401356,0.5
1900-01-25 14:00:15,8000.0,38049,8000.5,1651426,64310,121072,-56762,-1613377,0.5
1900-01-25 14:00:30,7995.0,97123,7995.5,1430879,5000,93461,-88461,-1333756,0.5
1900-01-25 14:00:45,7995.0,624021,7995.5,386681,9767,65724,-55957,237340,0.5
1900-01-25 14:01:00,7995.0,1086290,7995.5,320372,6611,19923,-13312,765918,0.5
1900-01-25 14:01:15,7995.0,1011017,7995.5,364139,16324,19626,-3302,646878,0.5
1900-01-25 14:01:30,7999.5,238457,8000.0,674488,135828,16097,119731,-436031,0.5
1900-01-25 14:01:45,8003.5,402242,8004.0,469392,169403,13469,155934,-67150,0.5
1900-01-25 14:02:00,8004.0,374718,8004.5,376530,35527,7490,28037,-1812,0.5
1900-01-25 14:02:15,8004.0,468017,8004.5,143475,104645,72954,31691,324542,0.5
1900-01-25 14:02:30,8004.5,265041,8005.0,981184,17313,28639,-11326,-716143,0.5
1900-01-25 14:02:45,8002.0,1,8002.5,380497,73097,40976,32121,-380496,0.5
1900-01-25 14:03:00,8001.5,634864,8002.0,472697,10865,32513,-21648,162167,0.5
1900-01-25 14:03:15,8001.5,695932,8002.0,106874,114655,37718,76937,589058,0.5
1900-01-25 14:03:30,8001.5,117148,8002.0,620125,55863,72105,-16242,-502977,0.5
1900-01-25 14:03:45,7999.5,22971,8000.0,444432,27,21533,-21506,-421461,0.5
1900-01-25 14:04:00,7997.5,3484,7998.0,25609,16686,132405,-115719,-22125,0.5
1900-01-25 14:04:15,7996.0,20928,7996.5,376830,6312,29405,-23093,-355902,0.5
1900-01-25 14:04:30,7994.0,849375,7994.5,29271,27127,97063,-69936,820104,0.5
1900-01-25 14:04:45,7997.0,909764,7997.5,5074,101192,4080,97112,904690,0.5
1900-01-25 14:05:00,8001.0,196743,8001.5,904149,50449,90640,-40191,-707406,0.5
1900-01-25 14:05:15,7999.5,686264,8000.0,114196,15568,165795,-150227,572068,0.5
1900-01-25 14:05:30,7999.5,561686,8000.0,560527,13711,112456,-98745,1159,0.5
1900-01-25 14:05:45,7999.5,101732,8000.0,663630,257180,65109,192071,-561898,0.5
1900-01-25 14:06:00,7999.0,42255,7999.5,654044,4988,15856,-10868,-611789,0.5
1900-01-25 14:06:15,7999.0,20885,7999.5,451542,2300,15955,-13655,-430657,0.5
1900-01-25 14:06:30,7999.0,698378,7999.5,41467,125727,8210,117517,656911,0.5
1900-01-25 14:06:45,7999.0,602126,7999.5,155352,561,1609,-1048,446774,0.5
1900-01-25 14:07:00,8002.5,621003,8003.0,169713,321413,2100,319313,451290,0.5
1900-01-25 14:07:15,8002.5,607917,8003.0,216853,41549,801,40748,391064,0.5
1900-01-25 14:07:30,8004.5,610085,8005.0,439905,133847,78128,55719,170180,0.5
1900-01-25 14:07:45,8004.5,844727,8005.0,359143,28318,5052,23266,485584,0.5
1900-01-25 14:08:00,8008.0,394114,8008.5,624865,130921,2772,128149,-230751,0.5
1900-01-25 14:08:15,8005.5,334406,8006.0,756805,9632,25840,-16208,-422399,0.5
1900-01-25 14:08:30,8005.5,253067,8006.0,740650,2236,84365,-82129,-487583,0.5
1900-01-25 14:08:45,8005.5,228628,8006.0,759379,3962,10000,-6038,-530751,0.5
1900-01-25 14:09:00,8005.5,702018,8006.0,54307,169334,16156,153178,647711,0.5
1900-01-25 14:09:15,8007.0,797639,8007.5,37024,110513,31837,78676,760615,0.5
1900-01-25 14:09:30,8008.0,740711,8008.5,46697,84521,24,84497,694014,0.5
1900-01-25 14:09:45,8009.5,1162430,8010.0,38091,125539,1020,124519,1124339,0.5
1900-01-25 14:10:00,8014.0,562397,8014.5,288363,211260,23156,188104,274034,0.5
1900-01-25 14:10:15,8014.5,972011,8015.0,41094,175003,251,174752,930917,0.5
1900-01-25 14:10:30,8014.5,556827,8015.0,276274,35721,4917,30804,280553,0.5
1900-01-25 14:10:45,8014.5,497620,8015.0,355095,9876,18733,-8857,142525,0.5
1900-01-25 14:11:00,8014.5,629969,8015.0,187097,8079,28642,-20563,442872,0.5
1900-01-25 14:11:15,8014.5,168714,8015.0,969255,8850,69431,-60581,-800541,0.5
1900-01-25 14:11:30,8007.0,358983,8007.5,273,35087,214648,-179561,358710,0.5
1900-01-25 14:11:45,8011.0,339956,8011.5,223479,23092,27226,-4134,116477,0.5
1900-01-25 14:12:00,8006.5,562482,8007.0,388925,28718,57080,-28362,173557,0.5
1900-01-25 14:12:15,8004.0,134387,8004.5,362987,910,101282,-100372,-228600,0.5
1900-01-25 14:12:30,8004.0,463140,8004.5,430742,2181,97784,-95603,32398,0.5
1900-01-25 14:12:45,8004.0,753927,8004.5,59589,82162,11690,70472,694338,0.5
1900-01-25 14:13:00,8004.0,672282,8004.5,22900,22929,4819,18110,649382,0.5
1900-01-25 14:13:15,8006.5,928878,8007.0,1418,27876,4819,23057,927460,0.5
1900-01-25 14:13:30,8007.5,958448,8008.0,10207,2880,312,2568,948241,0.5
1900-01-25 14:13:45,8009.0,560402,8009.5,73195,27517,95700,-68183,487207,0.5
1900-01-25 14:14:00,8009.5,830449,8010.0,7242,94033,200,93833,823207,0.5
1900-01-25 14:14:15,8012.0,316602,8012.5,526566,36994,13573,23421,-209964,0.5
1900-01-25 14:14:30,8012.0,1004954,8012.5,14829,15219,4025,11194,990125,0.5
1900-01-25 14:14:45,8013.0,768291,8013.5,6046,4049,21749,-17700,762245,0.5
1900-01-25 14:15:00,8015.0,650732,8015.5,160565,97361,12170,85191,490167,0.5
1900-01-25 14:15:15,8015.0,1375308,8015.5,4349,15567,2400,13167,1370959,0.5
1900-01-25 14:15:30,8017.5,269808,8018.0,354371,107592,13682,93910,-84563,0.5
1900-01-25 14:15:45,8017.5,725274,8018.0,99415,50458,1663,48795,625859,0.5
1900-01-25 14:16:00,8017.5,305030,8018.0,528150,7895,35537,-27642,-223120,0.5
1900-01-25 14:16:15,8017.5,275216,8018.0,579154,1700,92811,-91111,-303938,0.5
1900-01-25 14:16:30,8012.0,347408,8012.5,130689,2400,121877,-119477,216719,0.5
1900-01-25 14:16:45,8012.0,1139523,8012.5,11608,4820,17015,-12195,1127915,0.5
1900-01-25 14:17:00,8014.5,745450,8015.0,21813,14246,4738,9508,723637,0.5
1900-01-25 14:17:15,8015.5,1003979,8016.0,62960,25851,15291,10560,941019,0.5
1900-01-25 14:17:30,8017.5,970776,8018.0,73008,47858,3761,44097,897768,0.5
1900-01-25 14:17:45,8020.0,748938,8020.5,34402,70227,7383,62844,714536,0.5
1900-01-25 14:18:00,8020.5,223748,8021.0,440003,12516,10733,1783,-216255,0.5
1900-01-25 14:18:15,8015.5,180373,8016.0,324889,13977,109999,-96022,-144516,0.5
1900-01-25 14:18:30,8017.5,1036256,8018.0,86754,120464,34350,86114,949502,0.5
1900-01-25 14:18:45,8021.0,622086,8021.5,3124,123343,3042,120301,618962,0.5
1900-01-25 14:19:00,8021.0,281877,8021.5,384999,12428,31810,-19382,-103122,0.5
1900-01-25 14:19:15,8020.0,7152,8020.5,901371,16056,28959,-12903,-894219,0.5
1900-01-25 14:19:30,8019.5,661644,8020.0,288485,106441,22017,84424,373159,0.5
1900-01-25 14:19:45,8021.0,794238,8021.5,110259,77363,99619,-22256,683979,0.5
1900-01-25 14:20:00,8021.5,960461,8022.0,58091,35000,4520,30480,902370,0.5
1900-01-25 14:20:15,8022.0,674993,8022.5,75399,49266,32823,16443,599594,0.5
1900-01-25 14:20:30,8023.0,935608,8023.5,89998,57692,62752,-5060,845610,0.5
1900-01-25 14:20:45,8023.0,283148,8023.5,530361,75444,84772,-9328,-247213,0.5
1900-01-25 14:21:00,8025.5,855560,8026.0,36530,236094,15542,220552,819030,0.5
1900-01-25 14:21:15,8028.5,319845,8029.0,24385,182165,16367,165798,295460,0.5
1900-01-25 14:21:30,8028.5,263204,8029.0,473296,35649,27853,7796,-210092,0.5
1900-01-25 14:21:45,8028.0,886658,8028.5,947195,5740,180783,-175043,-60537,0.5
1900-01-25 14:22:00,8028.0,668214,8028.5,759176,109953,153041,-43088,-90962,0.5
1900-01-25 14:22:15,8028.0,201392,8028.5,1115492,2720,219210,-216490,-914100,0.5
1900-01-25 14:22:30,8027.0,397472,8027.5,384137,9429,82077,-72648,13335,0.5
1900-01-25 14:22:45,8027.0,106001,8027.5,901145,6177,169670,-163493,-795144,0.5
1900-01-25 14:23:00,8027.0,531586,8027.5,636319,3357,25986,-22629,-104733,0.5
1900-01-25 14:23:15,8027.0,581478,8027.5,746282,10,69170,-69160,-164804,0.5
1900-01-25 14:23:30,8029.0,747189,8029.5,193185,203948,27150,176798,554004,0.5
1900-01-25 14:23:45,8029.0,100260,8029.5,913032,33510,11775,21735,-812772,0.5
1900-01-25 14:24:00,8027.0,31612,8027.5,1047352,56235,29206,27029,-1015740,0.5
1900-01-25 14:24:15,8027.0,1566,8027.5,1538524,1940,202179,-200239,-1536958,0.5
1900-01-25 14:24:30,8020.5,75915,8021.0,702849,4109,108993,-104884,-626934,0.5
1900-01-25 14:24:45,8020.5,5535,8021.0,1037282,1835,31104,-29269,-1031747,0.5
1900-01-25 14:25:00,8020.5,38302,8021.0,982550,10393,14711,-4318,-944248,0.5
1900-01-25 14:25:15,8020.5,821160,8021.0,503970,1461,10580,-9119,317190,0.5
1900-01-25 14:25:30,8020.5,594559,8021.0,562026,23492,23950,-458,32533,0.5
1900-01-25 14:25:45,8020.5,290811,8021.0,1288428,13590,21446,-7856,-997617,0.5
1900-01-25 14:26:00,8020.5,207821,8021.0,1049804,57780,98154,-40374,-841983,0.5
1900-01-25 14:26:15,8019.0,302,8019.5,1133460,502,47542,-47040,-1133158,0.5
1900-01-25 14:26:30,8017.5,209522,8018.0,1042404,4462,48471,-44009,-832882,0.5
1900-01-25 14:26:45,8015.0,59450,8015.5,1039441,4462,183702,-179240,-979991,0.5
1900-01-25 14:27:00,8014.0,494495,8014.5,541220,79798,36385,43413,-46725,0.5
1900-01-25 14:27:15,8014.0,471603,8014.5,553288,7739,19486,-11747,-81685,0.5
1900-01-25 14:27:30,8014.0,53674,8014.5,904726,2700,13731,-11031,-851052,0.5
1900-01-25 14:27:45,8013.0,62731,8013.5,883256,9001,106115,-97114,-820525,0.5
1900-01-25 14:28:00,8012.5,1326577,8013.0,33828,55714,60483,-4769,1292749,0.5
1900-01-25 14:28:15,8017.0,840560,8017.5,338671,58927,1300,57627,501889,0.5
1900-01-25 14:28:30,8018.0,1254862,8018.5,7027,33802,203,33599,1247835,0.5
1900-01-25 14:28:45,8023.0,799100,8023.5,25198,186314,68551,117763,773902,0.5
1900-01-25 14:29:00,8023.0,377784,8023.5,620651,19052,13554,5498,-242867,0.5
1900-01-25 14:29:15,8019.5,8798,8020.0,361455,23258,222219,-198961,-352657,0.5
1900-01-25 14:29:30,8019.5,121050,8020.0,515437,9776,26077,-16301,-394387,0.5
1900-01-25 14:29:45,8018.5,2646,8019.0,1196297,10,78756,-78746,-1193651,0.5
1900-01-25 14:30:00,8015.0,916810,8015.5,345589,18351,56958,-38607,571221,0.5
1900-01-25 14:30:15,8015.0,923400,8015.5,478644,10802,5373,5429,444756,0.5
1900-01-25 14:30:30,8015.0,965940,8015.5,518825,6743,32734,-25991,447115,0.5
1900-01-25 14:30:45,8015.0,918379,8015.5,323488,6453,5019,1434,594891,0.5
1900-01-25 14:31:00,8015.0,1038435,8015.5,414756,200,1300,-1100,623679,0.5
1900-01-25 14:31:15,8015.0,569986,8015.5,554518,96631,34692,61939,15468,0.5
1900-01-25 14:31:30,8011.5,10912,8012.0,1353906,1004,222176,-221172,-1342994,0.5
1900-01-25 14:31:45,8011.0,688580,8011.5,722900,21102,42960,-21858,-34320,0.5
1900-01-25 14:32:00,8011.0,725203,8011.5,693775,18305,25562,-7257,31428,0.5
1900-01-25 14:32:15,8011.0,793148,8011.5,639715,23188,13346,9842,153433,0.5
1900-01-25 14:32:30,8011.0,884221,8011.5,324762,37187,11601,25586,559459,0.5
1900-01-25 14:32:45,8011.0,859792,8011.5,636352,11501,6997,4504,223440,0.5
1900-01-25 14:33:00,8011.0,386473,8011.5,741142,310,3752,-3442,-354669,0.5
1900-01-25 14:33:15,8011.0,908184,8011.5,727239,17462,1743,15719,180945,0.5
1900-01-25 14:33:30,8011.0,1035362,8011.5,314006,21570,1607,19963,721356,0.5
1900-01-25 14:33:45,8011.5,965392,8012.0,83910,109081,5256,103825,881482,0.5
1900-01-25 14:34:00,8011.5,504600,8012.0,597110,73954,2061,71893,-92510,0.5
1900-01-25 14:34:15,8011.5,1308274,8012.0,136861,43814,3544,40270,1171413,0.5
1900-01-25 14:34:30,8011.5,1337569,8012.0,80297,61659,932,60727,1257272,0.5
1900-01-25 14:34:45,8015.5,1375593,8016.0,6633,148766,8243,140523,1368960,0.5
1900-01-25 14:35:00,8017.0,386941,8017.5,559689,48705,958,47747,-172748,0.5
1900-01-25 14:35:15,8017.0,1053814,8017.5,12829,36029,33938,2091,1040985,0.5
1900-01-25 14:35:30,8019.0,1128541,8019.5,35987,67355,1100,66255,1092554,0.5
1900-01-25 14:35:45,8022.0,673594,8022.5,277251,87230,1901,85329,396343,0.5
1900-01-25 14:36:00,8022.5,1147959,8023.0,39101,152043,5905,146138,1108858,0.5
1900-01-25 14:36:15,8022.5,364271,8023.0,438346,18589,78,18511,-74075,0.5
1900-01-25 14:36:30,8023.0,649776,8023.5,289424,121351,11940,109411,360352,0.5
1900-01-25 14:36:45,8024.5,895252,8025.0,278981,81214,4724,76490,616271,0.5
1900-01-25 14:37:00,8024.5,1265566,8025.0,143187,126420,2542,123878,1122379,0.5
1900-01-25 14:37:15,8024.5,1223591,8025.0,142534,18369,1651,16718,1081057,0.5
1900-01-25 14:37:30,8028.5,692030,8029.0,129050,117531,2558,114973,562980,0.5
1900-01-25 14:37:45,8028.5,1205040,8029.0,30495,30210,3060,27150,1174545,0.5
1900-01-25 14:38:00,8029.0,1046452,8029.5,230148,43399,13472,29927,816304,0.5
1900-01-25 14:38:15,8029.0,1126088,8029.5,239474,34001,22066,11935,886614,0.5
1900-01-25 14:38:30,8029.0,1343316,8029.5,101526,59902,7820,52082,1241790,0.5
1900-01-25 14:38:45,8029.5,627482,8030.0,384243,321197,10551,310646,243239,0.5
1900-01-25 14:39:00,8031.5,526529,8032.0,508124,97123,1557,95566,18405,0.5
1900-01-25 14:39:15,8031.5,716803,8032.0,455837,58513,33274,25239,260966,0.5
1900-01-25 14:39:30,8031.5,1090889,8032.0,212896,63095,2338,60757,877993,0.5
1900-01-25 14:39:45,8033.0,1409801,8033.5,71239,61666,13654,48012,1338562,0.5
1900-01-25 14:40:00,8043.5,279244,8044.0,363284,324063,70983,253080,-84040,0.5
1900-01-25 14:40:15,8035.5,771373,8036.0,133435,42428,375555,-333127,637938,0.5
1900-01-25 14:40:30,8042.0,915379,8042.5,31045,147022,22699,124323,884334,0.5
1900-01-25 14:40:45,8042.5,188047,8043.0,559720,116644,107767,8877,-371673,0.5
1900-01-25 14:41:00,8042.5,670985,8043.0,101317,132658,100010,32648,569668,0.5
1900-01-25 14:41:15,8042.5,848784,8043.0,65505,120757,21774,98983,783279,0.5
1900-01-25 14:41:30,8042.5,807119,8043.0,208900,6316,48773,-42457,598219,0.5
1900-01-25 14:41:45,8042.0,68402,8042.5,1052572,611,99953,-99342,-984170,0.5
1900-01-25 14:42:00,8035.5,68920,8036.0,680286,11132,172307,-161175,-611366,0.5
1900-01-25 14:42:15,8041.0,241531,8041.5,634456,7864,75702,-67838,-392925,0.5
1900-01-25 14:42:30,8042.0,673123,8042.5,327739,90215,40156,50059,345384,0.5
1900-01-25 14:42:45,8042.0,28514,8042.5,800208,3061,71351,-68290,-771694,0.5
1900-01-25 14:43:00,8037.5,252578,8038.0,581154,13121,73087,-59966,-328576,0.5
1900-01-25 14:43:15,8035.0,54292,8035.5,639483,10525,167174,-156649,-585191,0.5
1900-01-25 14:43:30,8037.0,665641,8037.5,141932,19652,122528,-102876,523709,0.5
1900-01-25 14:43:45,8039.5,709735,8040.0,162207,113309,7712,105597,547528,0.5
1900-01-25 14:44:00,8039.5,357806,8040.0,547594,47025,4943,42082,-189788,0.5
1900-01-25 14:44:15,8039.5,186253,8040.0,548973,4789,25715,-20926,-362720,0.5
1900-01-25 14:44:30,8039.5,158425,8040.0,446717,15580,4708,10872,-288292,0.5
1900-01-25 14:44:45,8039.5,747089,8040.0,623791,36906,55796,-18890,123298,0.5
1900-01-25 14:45:00,8039.5,756064,8040.0,683967,6259,5329,930,72097,0.5
1900-01-25 14:45:15,8039.5,777673,8040.0,266131,340328,1993,338335,511542,0.5
1900-01-25 14:45:30,8040.5,952575,8041.0,42651,385528,1000,384528,909924,0.5
1900-01-25 14:45:45,8041.0,947063,8041.5,309187,20126,7993,12133,637876,0.5
1900-01-25 14:46:00,8041.0,344388,8041.5,465130,138788,20485,118303,-120742,0.5
1900-01-25 14:46:15,8041.0,754745,8041.5,318477,20649,68381,-47732,436268,0.5
1900-01-25 14:46:30,8041.0,267017,8041.5,564509,6013,39742,-33729,-297492,0.5
1900-01-25 14:46:45,8041.0,3953,8041.5,899047,7755,35797,-28042,-895094,0.5
1900-01-25 14:47:00,8038.0,990295,8038.5,41242,10010,109534,-99524,949053,0.5
1900-01-25 14:47:15,8041.0,1153324,8041.5,17589,22197,21093,1104,1135735,0.5
1900-01-25 14:47:30,8045.5,343789,8046.0,149347,90111,11783,78328,194442,0.5
1900-01-25 14:47:45,8049.0,676396,8049.5,177927,184438,6185,178253,498469,0.5
1900-01-25 14:48:00,8049.0,771703,8049.5,589082,55295,92005,-36710,182621,0.5
1900-01-25 14:48:15,8043.0,9557,8043.5,311254,1998,314751,-312753,-301697,0.5
1900-01-25 14:48:30,8044.5,723147,8045.0,490905,88362,73988,14374,232242,0.5
1900-01-25 14:48:45,8044.5,630102,8045.0,901509,1710,22028,-20318,-271407,0.5
1900-01-25 14:49:00,8044.5,226799,8045.0,1049107,1808,91614,-89806,-822308,0.5
1900-01-25 14:49:15,8044.5,258373,8045.0,924638,25216,83757,-58541,-666265,0.5
1900-01-25 14:49:30,8043.0,52761,8043.5,655859,5268,116838,-111570,-603098,0.5
1900-01-25 14:49:45,8040.0,118080,8040.5,1014002,4580,66733,-62153,-895922,0.5
1900-01-25 14:50:00,8040.0,386731,8040.5,532088,96058,72746,23312,-145357,0.5
1900-01-25 14:50:15,8040.5,982236,8041.0,35437,37184,35740,1444,946799,0.5
1900-01-25 14:50:30,8041.0,978548,8041.5,36592,35355,6461,28894,941956,0.5
1900-01-25 14:50:45,8041.5,1202300,8042.0,488994,42258,7322,34936,713306,0.5
1900-01-25 14:51:00,8044.0,938026,8044.5,5382,265519,12116,253403,932644,0.5
1900-01-25 14:51:15,8048.5,719506,8049.0,37122,160162,35727,124435,682384,0.5
1900-01-25 14:51:30,8048.5,911673,8049.0,119297,100058,14585,85473,792376,0.5
1900-01-25 14:51:45,8048.5,758568,8049.0,145947,28735,44663,-15928,612621,0.5
1900-01-25 14:52:00,8049.0,948785,8049.5,240990,82277,6377,75900,707795,0.5
1900-01-25 14:52:15,8049.0,1129912,8049.5,307290,139323,53498,85825,822622,0.5
1900-01-25 14:52:30,8049.5,253748,8050.0,1361752,63452,28419,35033,-1108004,0.5
1900-01-25 14:52:45,8058.0,227528,8058.5,211865,987221,22064,965157,15663,0.5
1900-01-25 14:53:00,8042.0,668839,8042.5,194291,293523,297469,-3946,474548,0.5
1900-01-25 14:53:15,8047.5,164026,8048.0,1272718,93885,84381,9504,-1108692,0.5
1900-01-25 14:53:30,8044.0,244698,8044.5,573951,121201,277293,-156092,-329253,0.5
1900-01-25 14:53:45,8044.0,687136,8044.5,281044,8899,180577,-171678,406092,0.5
1900-01-25 14:54:00,8044.0,1088797,8044.5,113681,60210,3396,56814,975116,0.5
1900-01-25 14:54:15,8044.5,1001556,8045.0,127383,83298,3739,79559,874173,0.5
1900-01-25 14:54:30,8045.0,922225,8045.5,210616,27541,8854,18687,711609,0.5
1900-01-25 14:54:45,8045.0,631375,8045.5,533274,111679,15525,96154,98101,0.5
1900-01-25 14:55:00,8045.0,1184035,8045.5,194982,28875,25613,3262,989053,0.5
1900-01-25 14:55:15,8045.0,2072039,8045.5,91020,86898,12409,74489,1981019,0.5
1900-01-25 14:55:30,8047.5,947747,8048.0,6524,93991,20099,73892,941223,0.5
1900-01-25 14:55:45,8054.0,249979,8054.5,163427,222138,9323,212815,86552,0.5
1900-01-25 14:56:00,8054.5,504461,8055.0,324699,29852,58691,-28839,179762,0.5
1900-01-25 14:56:15,8054.5,858363,8055.0,472012,54000,83169,-29169,386351,0.5
1900-01-25 14:56:30,8054.5,13404,8055.0,754836,67023,221844,-154821,-741432,0.5
1900-01-25 14:56:45,8054.0,69034,8054.5,725012,23792,78291,-54499,-655978,0.5
1900-01-25 14:57:00,8053.5,1980999,8054.0,21718,236253,139386,96867,1959281,0.5
1900-01-25 14:57:15,8060.5,6000,8061.0,38111,1399474,22765,1376709,-32111,0.5
1900-01-25 14:57:30,8074.5,62560,8075.0,267880,1120561,163755,956806,-205320,0.5
1900-01-25 14:57:45,8071.5,1172,8072.0,475530,266455,315356,-48901,-474358,0.5
1900-01-25 14:58:00,8068.0,19637,8068.5,885051,30412,458462,-428050,-865414,0.5
1900-01-25 14:58:15,8073.0,256035,8073.5,59222,233501,396761,-163260,196813,0.5
1900-01-25 14:58:30,8074.5,40091,8075.0,709895,168531,56966,111565,-669804,0.5
1900-01-25 14:58:45,8072.5,621710,8073.0,39251,110063,74863,35200,582459,0.5
1900-01-25 14:59:00,8072.5,406172,8073.0,738529,37857,383860,-346003,-332357,0.5
1900-01-25 14:59:15,8070.0,88428,8070.5,915961,24637,608927,-584290,-827533,0.5
1900-01-25 14:59:30,8073.0,875035,8073.5,87670,97822,325081,-227259,787365,0.5
1900-01-25 14:59:45,8076.0,45436,8076.5,924776,135351,25824,109527,-879340,0.5
1900-01-25 15:00:00,8071.0,26435,8071.5,230067,57545,218128,-160583,-203632,0.5
1900-01-25 15:00:15,8071.0,451232,8071.5,261124,70444,256170,-185726,190108,0.5
1900-01-25 15:00:30,8071.0,1939764,8071.5,132849,121372,128359,-6987,1806915,0.5
1900-01-25 15:00:45,8079.5,40000,8080.0,487829,694637,995,693642,-447829,0.5
1900-01-25 15:01:00,8086.5,284485,8087.0,196627,726948,95522,631426,87858,0.5
1900-01-25 15:01:15,8096.0,154946,8097.0,302661,1560983,118553,1442430,-147715,1.0
1900-01-25 15:01:30,8096.0,154474,8096.5,765917,517419,124615,392804,-611443,0.5
1900-01-25 15:01:45,8096.0,91091,8096.5,129302,408430,374642,33788,-38211,0.5
1900-01-25 15:02:00,8098.5,1000168,8099.0,293774,567617,129478,438139,706394,0.5
1900-01-25 15:02:15,8086.0,28756,8086.5,88207,209663,570692,-361029,-59451,0.5
1900-01-25 15:02:30,8083.5,65196,8084.0,842321,160610,768401,-607791,-777125,0.5
1900-01-25 15:02:45,8078.5,155601,8079.0,623013,64363,424000,-359637,-467412,0.5
1900-01-25 15:03:00,8087.5,40775,8088.0,19994,251116,220579,30537,20781,0.5
1900-01-25 15:03:15,8083.0,14347,8083.5,272636,290884,141005,149879,-258289,0.5
1900-01-25 15:03:30,8080.5,163436,8081.0,644874,37057,197156,-160099,-481438,0.5
1900-01-25 15:03:45,8080.0,784320,8080.5,634289,6000,208183,-202183,150031,0.5
1900-01-25 15:04:00,8074.0,511941,8074.5,406957,40402,354570,-314168,104984,0.5
1900-01-25 15:04:15,8071.5,561594,8072.0,319037,146147,178594,-32447,242557,0.5
1900-01-25 15:04:30,8063.0,598405,8063.5,149951,94375,667815,-573440,448454,0.5
1900-01-25 15:04:45,8063.0,527102,8063.5,315042,207454,134496,72958,212060,0.5
1900-01-25 15:05:00,8059.0,610652,8059.5,294978,103375,355064,-251689,315674,0.5
1900-01-25 15:05:15,8063.0,398411,8063.5,33455,368756,69047,299709,364956,0.5
1900-01-25 15:05:30,8060.5,10645,8061.0,736440,200468,142860,57608,-725795,0.5
1900-01-25 15:05:45,8055.0,345987,8055.5,569466,51596,262900,-211304,-223479,0.5
1900-01-25 15:06:00,8055.0,563084,8055.5,417989,38015,235810,-197795,145095,0.5
1900-01-25 15:06:15,8059.5,292260,8060.0,763050,299732,14042,285690,-470790,0.5
1900-01-25 15:06:30,8059.5,651078,8060.0,55160,129444,15448,113996,595918,0.5
1900-01-25 15:06:45,8061.5,533738,8062.0,133035,162004,3350,158654,400703,0.5
1900-01-25 15:07:00,8064.0,470123,8064.5,10528,91700,8016,83684,459595,0.5
1900-01-25 15:07:15,8066.5,627663,8067.0,106342,105343,11221,94122,521321,0.5
1900-01-25 15:07:30,8069.5,472636,8070.0,999350,78807,4449,74358,-526714,0.5
1900-01-25 15:07:45,8069.5,436003,8070.0,217539,269614,31131,238483,218464,0.5
1900-01-25 15:08:00,8070.5,614310,8071.0,715799,29017,23933,5084,-101489,0.5
1900-01-25 15:08:15,8070.5,1168533,8071.0,2320,31817,22317,9500,1166213,0.5
1900-01-25 15:08:30,8072.0,600908,8072.5,17209,105095,58248,46847,583699,0.5
1900-01-25 15:08:45,8073.5,1064573,8074.0,109877,183698,7044,176654,954696,0.5
1900-01-25 15:09:00,8080.0,130063,8080.5,67075,307149,76829,230320,62988,0.5
1900-01-25 15:09:15,8082.0,657440,8082.5,375417,283380,620345,-336965,282023,0.5
1900-01-25 15:09:30,8082.0,676948,8082.5,608783,132138,207836,-75698,68165,0.5
1900-01-25 15:09:45,8082.0,570627,8082.5,789830,64276,100308,-36032,-219203,0.5
1900-01-25 15:10:00,8082.0,801945,8082.5,165135,237083,197521,39562,636810,0.5
1900-01-25 15:10:15,8089.5,186281,8090.0,124644,451275,64035,387240,61637,0.5
1900-01-25 15:10:30,8097.5,42890,8098.0,144631,544713,35011,509702,-101741,0.5
1900-01-25 15:10:45,8109.5,85700,8110.0,9300,1610825,204947,1405878,76400,0.5
1900-01-25 15:11:00,8100.5,14240,8101.0,26197,443660,299738,143922,-11957,0.5
1900-01-25 15:11:15,8105.5,518463,8106.0,112167,804318,345745,458573,406296,0.5
1900-01-25 15:11:30,8112.5,71950,8114.0,106224,1456211,238041,1218170,-34274,1.5
1900-01-25 15:11:45,8114.5,104653,8115.0,112300,1298775,261814,1036961,-7647,0.5
1900-01-25 15:12:00,8112.0,62508,8112.5,423082,460713,547728,-87015,-360574,0.5
1900-01-25 15:12:15,8110.0,221847,8110.5,572692,116026,1069993,-953967,-350845,0.5
1900-01-25 15:12:30,8101.0,851934,8101.5,522320,28301,534507,-506206,329614,0.5
1900-01-25 15:12:45,8095.5,447777,8096.0,146960,101725,896248,-794523,300817,0.5
1900-01-25 15:13:00,8099.5,134411,8100.0,11233,238808,324063,-85255,123178,0.5
1900-01-25 15:13:15,8107.5,821727,8108.0,59521,401559,67414,334145,762206,0.5
1900-01-25 15:13:30,8109.5,732274,8110.0,674015,273374,88214,185160,58259,0.5
1900-01-25 15:13:45,8111.5,651208,8112.0,14602,299202,258635,40567,636606,0.5
1900-01-25 15:14:00,8126.5,4206,8129.0,25300,1298706,275410,1023296,-21094,2.5
1900-01-25 15:14:15,8129.5,1537570,8130.0,39687,2214519,563508,1651011,1497883,0.5
1900-01-25 15:14:30,8141.0,10343,8141.5,655477,941902,123757,818145,-645134,0.5
1900-01-25 15:14:45,8141.0,60129,8141.5,27039,588719,739379,-150660,33090,0.5
1900-01-25 15:15:00,8134.0,290952,8134.5,827849,242280,683411,-441131,-536897,0.5
1900-01-25 15:15:15,8129.5,11625,8130.0,903533,120901,1434652,-1313751,-891908,0.5
1900-01-25 15:15:30,8126.0,593852,8126.5,377240,51389,377453,-326064,216612,0.5
1900-01-25 15:15:45,8131.0,571833,8131.5,27541,336738,357322,-20584,544292,0.5
1900-01-25 15:16:00,8146.5,625629,8147.0,231097,361097,106368,254729,394532,0.5
1900-01-25 15:16:15,8155.0,428408,8156.0,575493,1513766,145048,1368718,-147085,1.0
1900-01-25 15:16:30,8159.5,54950,8160.0,115413,1167398,367384,800014,-60463,0.5
1900-01-25 15:16:45,8144.5,1725,8145.0,4000,401677,215394,186283,-2275,0.5
1900-01-25 15:17:00,8144.0,846255,8144.5,89697,114839,242178,-127339,756558,0.5
1900-01-25 15:17:15,8153.0,54945,8153.5,45,493404,128194,365210,54900,0.5
1900-01-25 15:17:30,8149.5,33409,8150.0,150665,120220,231550,-111330,-117256,0.5
1900-01-25 15:17:45,8149.5,230782,8150.0,90315,190289,234799,-44510,140467,0.5
1900-01-25 15:18:00,8140.0,172303,8140.5,109596,81249,213199,-131950,62707,0.5
1900-01-25 15:18:15,8137.0,135797,8137.5,25818,93438,578844,-485406,109979,0.5
1900-01-25 15:18:30,8148.0,313714,8148.5,12405,105826,161227,-55401,301309,0.5
1900-01-25 15:18:45,8143.5,346068,8144.0,559955,318411,109981,208430,-213887,0.5
1900-01-25 15:19:00,8140.0,30574,8150.0,254067,36892,412423,-375531,-223493,10.0
1900-01-25 15:19:15,8136.5,13962,8137.0,111723,71259,325899,-254640,-97761,0.5
1900-01-25 15:19:30,8136.0,229074,8136.5,86261,161590,131031,30559,142813,0.5
1900-01-25 15:19:45,8131.0,864085,8131.5,116124,101505,827188,-725683,747961,0.5
1900-01-25 15:20:00,8147.5,190705,8148.0,85027,146283,89793,56490,105678,0.5
1900-01-25 15:20:15,8147.5,502827,8148.0,63433,504654,65895,438759,439394,0.5
1900-01-25 15:20:30,8155.0,450642,8155.5,268001,502315,28654,473661,182641,0.5
1900-01-25 15:20:45,8148.5,1072,8149.0,52390,289087,431982,-142895,-51318,0.5
1900-01-25 15:21:00,8152.0,795117,8152.5,53947,82870,230627,-147757,741170,0.5
1900-01-25 15:21:15,8148.0,98680,8148.5,680990,48720,211462,-162742,-582310,0.5
1900-01-25 15:21:30,8143.0,165388,8143.5,620111,18452,331600,-313148,-454723,0.5
1900-01-25 15:21:45,8135.0,134629,8135.5,17980,78977,240627,-161650,116649,0.5
1900-01-25 15:22:00,8140.5,498849,8141.0,1522,488514,36197,452317,497327,0.5
1900-01-25 15:22:15,8144.5,572306,8145.0,311944,290048,47146,242902,260362,0.5
1900-01-25 15:22:30,8137.5,86249,8138.0,246522,49256,153472,-104216,-160273,0.5
1900-01-25 15:22:45,8130.5,44942,8131.0,297083,86395,145991,-59596,-252141,0.5
1900-01-25 15:23:00,8122.0,526877,8122.5,295461,127702,1607733,-1480031,231416,0.5
1900-01-25 15:23:15,8126.5,423513,8127.0,37072,325829,158002,167827,386441,0.5
1900-01-25 15:23:30,8122.5,44542,8123.5,4676,93044,148409,-55365,39866,1.0
1900-01-25 15:23:45,8124.5,1045189,8125.0,127266,313966,202554,111412,917923,0.5
1900-01-25 15:24:00,8125.0,680602,8125.5,196924,249459,51849,197610,483678,0.5
1900-01-25 15:24:15,8117.5,105275,8118.0,72893,84362,717695,-633333,32382,0.5
1900-01-25 15:24:30,8122.0,829676,8122.5,54701,354205,452318,-98113,774975,0.5
1900-01-25 15:24:45,8128.5,317000,8129.0,4100,127621,160293,-32672,312900,0.5
1900-01-25 15:25:00,8129.0,2594113,8129.5,66007,308557,239455,69102,2528106,0.5
1900-01-25 15:25:15,8129.5,213059,8130.0,237885,154511,151487,3024,-24826,0.5
1900-01-25 15:25:30,8132.5,1673164,8133.0,180779,293978,233327,60651,1492385,0.5
1900-01-25 15:25:45,8133.0,1642777,8133.5,516057,176367,24489,151878,1126720,0.5
1900-01-25 15:26:00,8138.0,629846,8138.5,73115,315076,73495,241581,556731,0.5
1900-01-25 15:26:15,8140.5,1022777,8141.0,121243,283862,44245,239617,901534,0.5
1900-01-25 15:26:30,8140.5,1621002,8141.0,533796,107014,39860,67154,1087206,0.5
1900-01-25 15:26:45,8132.5,390677,8133.0,52805,45792,960400,-914608,337872,0.5
1900-01-25 15:27:00,8137.0,318601,8137.5,86639,44168,247653,-203485,231962,0.5
1900-01-25 15:27:15,8142.0,324688,8142.5,520934,199551,24319,175232,-196246,0.5
1900-01-25 15:27:30,8142.0,47918,8142.5,525970,222867,204832,18035,-478052,0.5
1900-01-25 15:27:45,8139.5,644058,8140.0,166178,117257,117447,-190,477880,0.5
1900-01-25 15:28:00,8135.5,336938,8136.0,593094,101667,106088,-4421,-256156,0.5
1900-01-25 15:28:15,8130.0,254283,8130.5,599868,39841,754506,-714665,-345585,0.5
1900-01-25 15:28:30,8124.0,862635,8124.5,103215,39566,141807,-102241,759420,0.5
1900-01-25 15:28:45,8128.5,506507,8129.0,146600,158607,57895,100712,359907,0.5
1900-01-25 15:29:00,8129.0,715491,8129.5,231443,74850,113640,-38790,484048,0.5
1900-01-25 15:29:15,8129.0,715902,8129.5,101210,120747,34744,86003,614692,0.5
1900-01-25 15:29:30,8125.5,538916,8126.0,289772,35268,224443,-189175,249144,0.5
1900-01-25 15:29:45,8125.0,459581,8125.5,443964,4715,80950,-76235,15617,0.5
1900-01-25 15:30:00,8126.0,1016589,8126.5,46242,119927,137824,-17897,970347,0.5
1900-01-25 15:30:15,8129.5,859854,8130.0,383877,177976,34782,143194,475977,0.5
1900-01-25 15:30:30,8129.5,827227,8130.0,319609,85390,29953,55437,507618,0.5
1900-01-25 15:30:45,8134.5,273544,8135.0,95424,357459,994,356465,178120,0.5
1900-01-25 15:31:00,8130.0,10711,8130.5,1063334,176537,218664,-42127,-1052623,0.5
1900-01-25 15:31:15,8130.0,641661,8130.5,197492,91088,141806,-50718,444169,0.5
1900-01-25 15:31:30,8132.5,10061,8133.0,1112503,20186,181561,-161375,-1102442,0.5
1900-01-25 15:31:45,8126.0,44203,8126.5,796137,39593,72955,-33362,-751934,0.5
1900-01-25 15:32:00,8122.0,826908,8122.5,838080,18695,107625,-88930,-11172,0.5
1900-01-25 15:32:15,8115.0,112247,8115.5,545261,66870,473886,-407016,-433014,0.5
1900-01-25 15:32:30,8102.0,30000,8102.5,32000,111328,1173679,-1062351,-2000,0.5
1900-01-25 15:32:45,8104.5,515613,8105.0,533241,167109,1032389,-865280,-17628,0.5
1900-01-25 15:33:00,8110.5,116597,8111.0,166407,382548,220699,161849,-49810,0.5
1900-01-25 15:33:15,8112.5,634606,8113.0,42031,139725,23498,116227,592575,0.5
1900-01-25 15:33:30,8117.5,70226,8118.0,762205,305801,41781,264020,-691979,0.5
1900-01-25 15:33:45,8110.0,481569,8110.5,811655,18259,173780,-155521,-330086,0.5
1900-01-25 15:34:00,8109.0,1205959,8109.5,197290,44325,208190,-163865,1008669,0.5
1900-01-25 15:34:15,8109.5,1036517,8110.0,17691,54493,116102,-61609,1018826,0.5
1900-01-25 15:34:30,8110.5,849269,8111.0,215120,195679,29924,165755,634149,0.5
1900-01-25 15:34:45,8113.5,776112,8114.0,32658,203366,31234,172132,743454,0.5
1900-01-25 15:35:00,8120.0,217925,8120.5,176259,92164,59845,32319,41666,0.5
1900-01-25 15:35:15,8118.5,9667,8119.0,263363,168366,144111,24255,-253696,0.5
1900-01-25 15:35:30,8118.0,1121924,8118.5,35295,53992,108340,-54348,1086629,0.5
1900-01-25 15:35:45,8119.5,672569,8120.0,31379,103974,25808,78166,641190,0.5
1900-01-25 15:36:00,8119.0,136555,8119.5,689636,160414,190837,-30423,-553081,0.5
1900-01-25 15:36:15,8112.5,658266,8113.0,29127,66942,262177,-195235,629139,0.5
1900-01-25 15:36:30,8113.5,80046,8114.0,448291,8483,97417,-88934,-368245,0.5
1900-01-25 15:36:45,8113.5,600057,8114.0,92344,40322,42322,-2000,507713,0.5
1900-01-25 15:37:00,8113.5,50282,8114.0,462508,68120,101249,-33129,-412226,0.5
1900-01-25 15:37:15,8109.5,212330,8110.0,336439,6839,150190,-143351,-124109,0.5
1900-01-25 15:37:30,8106.0,26320,8106.5,437690,6466,148661,-142195,-411370,0.5
1900-01-25 15:37:45,8102.5,7747,8103.0,821289,44005,286648,-242643,-813542,0.5
1900-01-25 15:38:00,8105.5,365892,8106.0,593938,312858,247230,65628,-228046,0.5
1900-01-25 15:38:15,8105.0,953397,8105.5,153851,42068,358395,-316327,799546,0.5
1900-01-25 15:38:30,8100.5,44133,8101.0,263977,281264,180530,100734,-219844,0.5
1900-01-25 15:38:45,8101.5,519732,8102.0,261660,88816,85694,3122,258072,0.5
1900-01-25 15:39:00,8101.0,144844,8101.5,6277,44155,259611,-215456,138567,0.5
1900-01-25 15:39:15,8093.5,438697,8094.0,137687,138436,517251,-378815,301010,0.5
1900-01-25 15:39:30,8098.0,155023,8098.5,420152,55849,337795,-281946,-265129,0.5
1900-01-25 15:39:45,8101.5,223702,8102.0,74847,215236,147108,68128,148855,0.5
1900-01-25 15:40:00,8103.5,881481,8104.0,19405,140057,30433,109624,862076,0.5
1900-01-25 15:40:15,8104.5,844258,8105.0,176625,110819,12567,98252,667633,0.5
1900-01-25 15:40:30,8108.5,287742,8109.0,244217,209335,3566,205769,43525,0.5
1900-01-25 15:40:45,8111.0,270240,8111.5,49774,310472,4782,305690,220466,0.5
1900-01-25 15:41:00,8111.0,436314,8111.5,266354,48431,15016,33415,169960,0.5
1900-01-25 15:41:15,8108.0,503195,8108.5,529081,38622,139852,-101230,-25886,0.5
1900-01-25 15:41:30,8108.0,841290,8108.5,259687,41446,68088,-26642,581603,0.5
1900-01-25 15:41:45,8109.5,610094,8110.0,56262,129222,100029,29193,553832,0.5
1900-01-25 15:42:00,8111.0,1108853,8111.5,67564,54446,10357,44089,1041289,0.5
1900-01-25 15:42:15,8116.5,690341,8117.0,111893,448456,27727,420729,578448,0.5
1900-01-25 15:42:30,8116.5,698775,8117.0,194587,68532,16834,51698,504188,0.5
1900-01-25 15:42:45,8116.5,1044138,8117.0,53707,139266,2757,136509,990431,0.5
1900-01-25 15:43:00,8121.0,302442,8121.5,21599,229896,3996,225900,280843,0.5
1900-01-25 15:43:15,8126.0,198695,8126.5,529559,224221,140049,84172,-330864,0.5
1900-01-25 15:43:30,8126.0,692012,8126.5,305403,82074,78900,3174,386609,0.5
1900-01-25 15:43:45,8124.5,935568,8125.0,130606,368599,28738,339861,804962,0.5
1900-01-25 15:44:00,8126.5,934505,8127.0,55433,178865,18114,160751,879072,0.5
1900-01-25 15:44:15,8124.5,196855,8125.0,691876,55895,171419,-115524,-495021,0.5
1900-01-25 15:44:30,8127.5,1056781,8128.0,50650,185293,80583,104710,1006131,0.5
1900-01-25 15:44:45,8124.0,4005,8124.5,575915,230457,72478,157979,-571910,0.5
1900-01-25 15:45:00,8124.0,342302,8124.5,677684,48758,76743,-27985,-335382,0.5
1900-01-25 15:45:15,8124.0,125394,8124.5,514545,44106,123782,-79676,-389151,0.5
1900-01-25 15:45:30,8122.5,39910,8123.0,803992,15044,37513,-22469,-764082,0.5
1900-01-25 15:45:45,8119.0,87007,8119.5,377185,1100,55926,-54826,-290178,0.5
1900-01-25 15:46:00,8117.0,603201,8117.5,269545,40044,56051,-16007,333656,0.5
1900-01-25 15:46:15,8117.0,105405,8117.5,650959,8050,21500,-13450,-545554,0.5
1900-01-25 15:46:30,8116.5,307282,8117.0,593014,14928,33202,-18274,-285732,0.5
1900-01-25 15:46:45,8116.5,291365,8117.0,658197,28892,60902,-32010,-366832,0.5
1900-01-25 15:47:00,8116.5,194242,8117.0,719800,15350,160573,-145223,-525558,0.5
1900-01-25 15:47:15,8112.5,123573,8113.0,671323,13429,142831,-129402,-547750,0.5
1900-01-25 15:47:30,8112.0,533614,8112.5,466136,342,106520,-106178,67478,0.5
1900-01-25 15:47:45,8112.0,676272,8112.5,414318,35550,112223,-76673,261954,0.5
1900-01-25 15:48:00,8117.0,767192,8117.5,16031,86619,20111,66508,751161,0.5
1900-01-25 15:48:15,8119.5,962653,8120.0,11743,274768,10903,263865,950910,0.5
1900-01-25 15:48:30,8119.5,608238,8120.0,206794,32036,1,32035,401444,0.5
1900-01-25 15:48:45,8119.5,726312,8120.0,63283,36992,7140,29852,663029,0.5
1900-01-25 15:49:00,8127.5,289628,8128.0,75514,121417,59686,61731,214114,0.5
1900-01-25 15:49:15,8127.5,732105,8128.0,19142,53374,15924,37450,712963,0.5
1900-01-25 15:49:30,8127.5,841303,8128.0,31759,414789,199475,215314,809544,0.5
1900-01-25 15:49:45,8130.5,923553,8131.0,139213,99316,79833,19483,784340,0.5
1900-01-25 15:50:00,8134.5,816286,8135.0,221089,355866,13827,342039,595197,0.5
1900-01-25 15:50:15,8134.5,185621,8135.0,517143,93890,61099,32791,-331522,0.5
1900-01-25 15:50:30,8131.0,157366,8131.5,720777,63730,163712,-99982,-563411,0.5
1900-01-25 15:50:45,8131.0,661035,8131.5,117973,50932,99846,-48914,543062,0.5
1900-01-25 15:51:00,8131.0,423968,8131.5,515941,28843,50285,-21442,-91973,0.5
1900-01-25 15:51:15,8132.0,696399,8132.5,2613,103679,58031,45648,693786,0.5
1900-01-25 15:51:30,8149.5,12726,8150.0,245025,415356,37917,377439,-232299,0.5
1900-01-25 15:51:45,8142.5,478597,8143.0,37997,380407,90365,290042,440600,0.5
1900-01-25 15:52:00,8135.5,33116,8136.0,102228,78723,196796,-118073,-69112,0.5
1900-01-25 15:52:15,8138.5,707634,8139.0,2468,89135,33301,55834,705166,0.5
1900-01-25 15:52:30,8142.5,983220,8143.0,39248,59177,108382,-49205,943972,0.5
1900-01-25 15:52:45,8141.0,9330,8141.5,686404,46424,627917,-581493,-677074,0.5
1900-01-25 15:53:00,8137.0,495946,8137.5,338875,11772,117906,-106134,157071,0.5
1900-01-25 15:53:15,8134.5,781325,8135.0,625428,37762,188427,-150665,155897,0.5
1900-01-25 15:53:30,8133.0,18864,8133.5,744328,10750,255445,-244695,-725464,0.5
1900-01-25 15:53:45,8132.0,505937,8132.5,557229,11998,247519,-235521,-51292,0.5
1900-01-25 15:54:00,8133.5,943691,8134.0,90948,83118,41160,41958,852743,0.5
1900-01-25 15:54:15,8134.5,164904,8135.0,711121,50273,37752,12521,-546217,0.5
1900-01-25 15:54:30,8133.5,52833,8134.0,815868,15698,97900,-82202,-763035,0.5
1900-01-25 15:54:45,8132.5,747136,8133.0,371038,29801,86016,-56215,376098,0.5
1900-01-25 15:55:00,8132.5,62535,8133.0,854707,7637,345471,-337834,-792172,0.5
1900-01-25 15:55:15,8136.5,911368,8137.0,49775,140122,51533,88589,861593,0.5
1900-01-25 15:55:30,8138.0,24526,8138.5,919074,122193,70715,51478,-894548,0.5
1900-01-25 15:55:45,8136.5,524345,8137.0,30994,192112,208991,-16879,493351,0.5
1900-01-25 15:56:00,8138.0,628642,8138.5,589226,40576,5692,34884,39416,0.5
1900-01-25 15:56:15,8138.0,20615,8138.5,964142,30268,73058,-42790,-943527,0.5
1900-01-25 15:56:30,8137.5,531285,8138.0,146578,11280,17473,-6193,384707,0.5
1900-01-25 15:56:45,8137.5,29862,8138.0,1129342,14020,9215,4805,-1099480,0.5
1900-01-25 15:57:00,8130.0,66792,8130.5,670087,65028,159794,-94766,-603295,0.5
1900-01-25 15:57:15,8127.0,11141,8127.5,807234,14712,141311,-126599,-796093,0.5
1900-01-25 15:57:30,8126.0,567038,8126.5,719486,7996,30050,-22054,-152448,0.5
1900-01-25 15:57:45,8124.0,18022,8124.5,504731,2666,105706,-103040,-486709,0.5
1900-01-25 15:58:00,8121.5,86813,8122.0,461282,156179,314452,-158273,-374469,0.5
1900-01-25 15:58:15,8121.5,665412,8122.0,235202,101150,48882,52268,430210,0.5
1900-01-25 15:58:30,8121.5,718881,8122.0,189179,28973,12010,16963,529702,0.5
1900-01-25 15:58:45,8120.0,105172,8120.5,260993,35174,222604,-187430,-155821,0.5
1900-01-25 15:59:00,8116.0,163815,8116.5,408223,10931,358380,-347449,-244408,0.5
1900-01-25 15:59:15,8116.0,840148,8116.5,485432,86463,77052,9411,354716,0.5
1900-01-25 15:59:30,8116.0,717656,8116.5,589348,69851,7441,62410,128308,0.5
1900-01-25 15:59:45,8116.0,484657,8116.5,504910,38290,148954,-110664,-20253,0.5
1900-01-25 16:00:00,8113.0,31011,8114.5,42529,59894,89404,-29510,-11518,1.5
1900-01-25 16:00:15,8110.5,607557,8111.0,214447,90068,340529,-250461,393110,0.5
1900-01-25 16:00:30,8110.5,742462,8111.0,440909,33765,47980,-14215,301553,0.5
1900-01-25 16:00:45,8110.5,749734,8111.0,582863,157926,18125,139801,166871,0.5
1900-01-25 16:01:00,8110.5,163087,8111.0,977365,61153,172380,-111227,-814278,0.5
1900-01-25 16:01:15,8109.0,18579,8109.5,878352,5827,170349,-164522,-859773,0.5
1900-01-25 16:01:30,8108.5,1113503,8109.0,6234,29640,73983,-44343,1107269,0.5
1900-01-25 16:01:45,8114.5,1181642,8115.0,241898,243216,64348,178868,939744,0.5
1900-01-25 16:02:00,8121.0,1096244,8121.5,149516,360038,1074,358964,946728,0.5
1900-01-25 16:02:15,8124.0,3746690,8124.5,283665,203723,24124,179599,3463025,0.5
1900-01-25 16:02:30,8132.0,12241,8132.5,187280,257077,198989,58088,-175039,0.5
1900-01-25 16:02:45,8132.0,664729,8132.5,107440,28957,39220,-10263,557289,0.5
1900-01-25 16:03:00,8133.5,143429,8134.0,628727,61661,193106,-131445,-485298,0.5
1900-01-25 16:03:15,8134.5,535098,8135.0,4830,54465,61694,-7229,530268,0.5
1900-01-25 16:03:30,8137.5,1815206,8138.0,169655,220539,20091,200448,1645551,0.5
1900-01-25 16:03:45,8143.5,1028586,8144.0,161893,155476,28196,127280,866693,0.5
1900-01-25 16:04:00,8144.5,659813,8145.0,342796,235006,26409,208597,317017,0.5
1900-01-25 16:04:15,8144.5,378454,8145.0,526844,45066,190104,-145038,-148390,0.5
1900-01-25 16:04:30,8144.5,142226,8145.0,587280,76809,67912,8897,-445054,0.5
1900-01-25 16:04:45,8140.0,1388274,8140.5,194568,19250,460028,-440778,1193706,0.5
1900-01-25 16:05:00,8140.0,1828207,8140.5,284176,75587,64124,11463,1544031,0.5
1900-01-25 16:05:15,8140.0,625343,8140.5,417423,89433,348439,-259006,207920,0.5
1900-01-25 16:05:30,8136.5,1021133,8137.0,75532,182248,651808,-469560,945601,0.5
1900-01-25 16:05:45,8140.0,434699,8140.5,157363,194460,31012,163448,277336,0.5
1900-01-25 16:06:00,8140.0,1018762,8140.5,59350,199040,10011,189029,959412,0.5
1900-01-25 16:06:15,8146.5,384056,8147.0,310925,460494,7937,452557,73131,0.5
1900-01-25 16:06:30,8149.0,344549,8149.5,11681,304572,77662,226910,332868,0.5
1900-01-25 16:06:45,8152.5,614276,8153.0,168809,296968,113453,183515,445467,0.5
1900-01-25 16:07:00,8149.5,964002,8150.0,295227,328402,171333,157069,668775,0.5
1900-01-25 16:07:15,8153.5,612889,8154.0,33259,188011,77476,110535,579630,0.5
1900-01-25 16:07:30,8155.5,814925,8156.0,108806,176478,74483,101995,706119,0.5
1900-01-25 16:07:45,8169.5,710417,8170.0,472413,951445,110397,841048,238004,0.5
1900-01-25 16:08:00,8169.5,286829,8170.0,141599,495824,243943,251881,145230,0.5
1900-01-25 16:08:15,8165.5,1559,8166.0,261390,282614,303519,-20905,-259831,0.5
1900-01-25 16:08:30,8161.5,756416,8162.0,478939,111961,316555,-204594,277477,0.5
1900-01-25 16:08:45,8168.0,504173,8168.5,12021,396627,187997,208630,492152,0.5
1900-01-25 16:09:00,8173.0,21865,8173.5,2748,392975,37167,355808,19117,0.5
1900-01-25 16:09:15,8176.0,84973,8180.0,441026,1846455,67970,1778485,-356053,4.0
1900-01-25 16:09:30,8193.5,6048,8194.0,836349,1542131,72068,1470063,-830301,0.5
1900-01-25 16:09:45,8180.0,101125,8180.5,56330,788836,241882,546954,44795,0.5
1900-01-25 16:10:00,8190.0,10000,8190.5,138955,311476,325079,-13603,-128955,0.5
1900-01-25 16:10:15,8185.0,160099,8185.5,890556,158178,443874,-285696,-730457,0.5
1900-01-25 16:10:30,8177.0,27130,8177.5,266510,75419,254652,-179233,-239380,0.5
1900-01-25 16:10:45,8169.5,5824,8170.0,532095,55447,273858,-218411,-526271,0.5
1900-01-25 16:11:00,8173.5,20000,8174.0,61166,102506,265665,-163159,-41166,0.5
1900-01-25 16:11:15,8170.0,21199,8170.5,966713,147268,332992,-185724,-945514,0.5
1900-01-25 16:11:30,8165.5,490439,8166.0,220802,88407,761049,-672642,269637,0.5
1900-01-25 16:11:45,8179.5,87253,8180.0,637613,436969,89539,347430,-550360,0.5
1900-01-25 16:12:00,8175.5,281888,8176.0,496741,110576,738193,-627617,-214853,0.5
1900-01-25 16:12:15,8178.0,561308,8178.5,810822,438447,161706,276741,-249514,0.5
1900-01-25 16:12:30,8178.0,274765,8178.5,1076544,253931,54431,199500,-801779,0.5
1900-01-25 16:12:45,8167.0,333473,8167.5,336486,61006,523960,-462954,-3013,0.5
1900-01-25 16:13:00,8178.0,430347,8178.5,257150,210202,133728,76474,173197,0.5
1900-01-25 16:13:15,8178.0,598020,8178.5,521127,68774,214771,-145997,76893,0.5
1900-01-25 16:13:30,8179.0,333795,8179.5,170953,231190,138476,92714,162842,0.5
1900-01-25 16:13:45,8179.0,511565,8179.5,768960,65429,27197,38232,-257395,0.5
1900-01-25 16:14:00,8167.5,17801,8168.0,508589,118260,454713,-336453,-490788,0.5
1900-01-25 16:14:15,8169.0,829034,8169.5,268742,82802,224154,-141352,560292,0.5
1900-01-25 16:14:30,8179.0,40472,8179.5,338430,333473,41512,291961,-297958,0.5
1900-01-25 16:14:45,8172.5,780552,8173.0,8417,69700,49394,20306,772135,0.5
1900-01-25 16:15:00,8173.5,208432,8174.0,575887,172620,14354,158266,-367455,0.5
1900-01-25 16:15:15,8169.5,323410,8170.0,661089,184367,280180,-95813,-337679,0.5
1900-01-25 16:15:30,8159.0,85690,8159.5,10062,41822,773650,-731828,75628,0.5
1900-01-25 16:15:45,8159.0,595737,8159.5,125357,122279,242206,-119927,470380,0.5
1900-01-25 16:16:00,8160.5,761607,8161.0,26188,148345,71822,76523,735419,0.5
1900-01-25 16:16:15,8161.5,305154,8162.0,530263,166312,61603,104709,-225109,0.5
1900-01-25 16:16:30,8160.0,79521,8160.5,797368,6331,162395,-156064,-717847,0.5
1900-01-25 16:16:45,8153.5,64383,8154.0,185299,4825,332380,-327555,-120916,0.5
1900-01-25 16:17:00,8153.5,863667,8154.0,32877,49788,94361,-44573,830790,0.5
1900-01-25 16:17:15,8163.5,813025,8164.0,21777,240128,174820,65308,791248,0.5
1900-01-25 16:17:30,8164.5,9466,8165.0,614352,245110,27529,217581,-604886,0.5
1900-01-25 16:17:45,8157.0,20177,8157.5,127761,31556,130364,-98808,-107584,0.5
1900-01-25 16:18:00,8161.5,218119,8162.0,22,146782,174072,-27290,218097,0.5
1900-01-25 16:18:15,8155.5,547250,8156.0,359079,11903,131572,-119669,188171,0.5
1900-01-25 16:18:30,8163.5,820501,8164.0,553315,255750,46450,209300,267186,0.5
1900-01-25 16:18:45,8163.5,704620,8164.0,153844,245905,46154,199751,550776,0.5
1900-01-25 16:19:00,8163.5,91609,8164.0,595495,59857,6306,53551,-503886,0.5
1900-01-25 16:19:15,8161.0,684742,8161.5,25305,20921,37608,-16687,659437,0.5
1900-01-25 16:19:30,8161.0,170809,8161.5,564615,14927,18814,-3887,-393806,0.5
1900-01-25 16:19:45,8161.0,971501,8161.5,275738,39501,34342,5159,695763,0.5
1900-01-25 16:20:00,8161.0,886379,8161.5,765102,44234,31325,12909,121277,0.5
1900-01-25 16:20:15,8154.5,24737,8155.0,455149,23714,224230,-200516,-430412,0.5
1900-01-25 16:20:30,8153.5,649311,8154.0,393074,5712,56746,-51034,256237,0.5
1900-01-25 16:20:45,8152.0,31206,8152.5,444167,19941,46922,-26981,-412961,0.5
1900-01-25 16:21:00,8151.0,237197,8151.5,341569,30288,143573,-113285,-104372,0.5
1900-01-25 16:21:15,8157.5,198051,8158.0,558460,189036,63862,125174,-360409,0.5
1900-01-25 16:21:30,8157.5,481834,8158.0,151021,87347,8934,78413,330813,0.5
1900-01-25 16:21:45,8157.5,492091,8158.0,414645,109851,21228,88623,77446,0.5
1900-01-25 16:22:00,8157.5,842199,8158.0,30899,189433,6680,182753,811300,0.5
1900-01-25 16:22:15,8155.0,164750,8155.5,783215,230897,42394,188503,-618465,0.5
1900-01-25 16:22:30,8149.0,54450,8149.5,49536,148185,192636,-44451,4914,0.5
1900-01-25 16:22:45,8142.0,1622893,8142.5,66308,148357,873084,-724727,1556585,0.5
1900-01-25 16:23:00,8146.0,21054,8146.5,482859,247364,34940,212424,-461805,0.5
1900-01-25 16:23:15,8145.0,342905,8145.5,221214,71915,16911,55004,121691,0.5
1900-01-25 16:23:30,8145.5,450538,8146.0,249510,44549,5826,38723,201028,0.5
1900-01-25 16:23:45,8146.5,242671,8147.0,495127,197368,7836,189532,-252456,0.5
1900-01-25 16:24:00,8146.0,562220,8146.5,338373,219241,118659,100582,223847,0.5
1900-01-25 16:24:15,8146.0,880574,8146.5,257240,11709,16709,-5000,623334,0.5
1900-01-25 16:24:30,8146.0,281487,8146.5,552688,208244,21899,186345,-271201,0.5
1900-01-25 16:24:45,8148.0,674385,8148.5,25241,42059,4242,37817,649144,0.5
1900-01-25 16:25:00,8149.5,771389,8150.0,331620,283202,42209,240993,439769,0.5
1900-01-25 16:25:15,8155.0,464995,8155.5,2746,357783,19339,338444,462249,0.5
1900-01-25 16:25:30,8158.0,727988,8158.5,55263,52688,1770,50918,672725,0.5
1900-01-25 16:25:45,8158.0,230453,8158.5,773237,41061,82221,-41160,-542784,0.5
1900-01-25 16:26:00,8159.0,620723,8159.5,26410,114984,25645,89339,594313,0.5
1900-01-25 16:26:15,8163.0,686146,8163.5,53383,74531,29485,45046,632763,0.5
1900-01-25 16:26:30,8166.0,526745,8166.5,294384,9876,10600,-724,232361,0.5
1900-01-25 16:26:45,8166.0,562526,8166.5,470240,99019,37963,61056,92286,0.5
1900-01-25 16:27:00,8167.5,383951,8168.0,700821,110750,87368,23382,-316870,0.5
1900-01-25 16:27:15,8162.5,1163530,8163.0,7884,182651,209619,-26968,1155646,0.5
1900-01-25 16:27:30,8168.0,437325,8168.5,259118,278461,4500,273961,178207,0.5
1900-01-25 16:27:45,8168.0,1489381,8168.5,177533,102640,21934,80706,1311848,0.5
1900-01-25 16:28:00,8168.5,1673835,8169.0,826659,434407,8904,425503,847176,0.5
1900-01-25 16:28:15,8173.5,646889,8174.0,625645,766923,33640,733283,21244,0.5
1900-01-25 16:28:30,8165.0,258132,8165.5,781286,140090,238439,-98349,-523154,0.5
1900-01-25 16:28:45,8163.5,40058,8164.0,686680,8375,233741,-225366,-646622,0.5
1900-01-25 16:29:00,8165.0,568424,8165.5,11527,17053,442003,-424950,556897,0.5
1900-01-25 16:29:15,8172.0,383049,8172.5,51115,529678,13338,516340,331934,0.5
1900-01-25 16:29:30,8174.5,617480,8175.0,195782,129928,12477,117451,421698,0.5
1900-01-25 16:29:45,8176.0,762588,8176.5,18335,191212,37215,153997,744253,0.5
1900-01-25 16:30:00,8176.5,418350,8177.0,29386,34191,32974,1217,388964,0.5
1900-01-25 16:30:15,8176.5,462177,8177.0,894528,44806,49610,-4804,-432351,0.5
1900-01-25 16:30:30,8171.5,84352,8172.0,271283,183666,283571,-99905,-186931,0.5
1900-01-25 16:30:45,8164.0,465682,8164.5,110842,22986,165070,-142084,354840,0.5
1900-01-25 16:31:00,8157.5,125281,8158.0,849165,42510,281240,-238730,-723884,0.5
1900-01-25 16:31:15,8156.5,917843,8157.0,24224,47398,157984,-110586,893619,0.5
1900-01-25 16:32:45,8146.0,552853,8146.5,78578,14523,29250,-14727,474275,0.5
1900-01-25 16:33:00,8150.5,99693,8151.0,256,116371,73287,43084,99437,0.5
1900-01-25 16:33:15,8155.5,657678,8156.0,88116,78121,4178,73943,569562,0.5
1900-01-25 16:33:30,8155.0,32414,8155.5,811194,57020,109641,-52621,-778780,0.5
1900-01-25 16:33:45,8152.0,2502,8152.5,1033756,11274,30793,-19519,-1031254,0.5
1900-01-25 16:34:00,8151.0,435024,8151.5,430213,5418,27797,-22379,4811,0.5
1900-01-25 16:34:15,8151.0,1058248,8151.5,72332,45416,2136,43280,985916,0.5
1900-01-25 16:34:30,8155.0,579493,8155.5,104379,44601,57504,-12903,475114,0.5
1900-01-25 16:34:45,8155.0,69440,8155.5,816194,42088,45409,-3321,-746754,0.5
1900-01-25 16:35:00,8147.0,228958,8147.5,530854,12724,100308,-87584,-301896,0.5
1900-01-25 16:35:15,8147.0,756192,8147.5,9195,42207,182951,-140744,746997,0.5
1900-01-25 16:35:30,8150.0,998208,8150.5,30166,121368,20412,100956,968042,0.5
1900-01-25 16:35:45,8150.0,1040893,8150.5,60691,37576,4888,32688,980202,0.5
1900-01-25 16:36:00,8150.0,127784,8150.5,641670,11464,253661,-242197,-513886,0.5
1900-01-25 16:36:15,8149.0,1236493,8149.5,169081,188263,36651,151612,1067412,0.5
1900-01-25 16:36:30,8150.5,1329411,8151.0,86142,548534,70386,478148,1243269,0.5
1900-01-25 16:36:45,8152.0,1012110,8152.5,6073,116281,3524,112757,1006037,0.5
1900-01-25 16:37:00,8157.5,1084195,8158.0,9742,427283,104876,322407,1074453,0.5
1900-01-25 16:37:15,8162.5,217316,8163.0,649427,60983,54821,6162,-432111,0.5
1900-01-25 16:37:30,8153.5,58761,8154.0,392519,56196,244821,-188625,-333758,0.5
1900-01-25 16:37:45,8157.0,570023,8157.5,20539,123691,16922,106769,549484,0.5
1900-01-25 16:38:00,8157.5,640044,8158.0,103116,49445,20622,28823,536928,0.5
1900-01-25 16:38:15,8157.5,761682,8158.0,1300649,91168,3887,87281,-538967,0.5
1900-01-25 16:38:30,8157.5,285753,8158.0,1645466,1150,231500,-230350,-1359713,0.5
1900-01-25 16:38:45,8150.5,548903,8151.0,529137,33916,151403,-117487,19766,0.5
1900-01-25 16:39:00,8146.0,134838,8146.5,225437,43322,424518,-381196,-90599,0.5
1900-01-25 16:39:15,8148.5,427360,8149.0,1977,12626,34080,-21454,425383,0.5
1900-01-25 16:39:30,8148.5,884836,8149.0,153239,330181,2286,327895,731597,0.5
1900-01-25 16:39:45,8154.5,127146,8155.0,115729,145498,21003,124495,11417,0.5
1900-01-25 16:40:00,8154.0,2238,8154.5,527141,28430,94214,-65784,-524903,0.5
1900-01-25 16:40:15,8154.0,585011,8154.5,284104,38261,25569,12692,300907,0.5
1900-01-25 16:40:30,8153.5,129196,8154.0,962485,25708,20799,4909,-833289,0.5
1900-01-25 16:40:45,8148.5,207598,8149.0,486650,2218,290910,-288692,-279052,0.5
1900-01-25 16:41:00,8150.0,93979,8150.5,601515,12694,37702,-25008,-507536,0.5
1900-01-25 16:41:15,8150.0,25590,8150.5,825032,10290,35130,-24840,-799442,0.5
1900-01-25 16:41:30,8143.5,137003,8144.0,306074,5550,106555,-101005,-169071,0.5
1900-01-25 16:41:45,8131.0,65000,8131.5,38830,9902,887102,-877200,26170,0.5
1900-01-25 16:42:00,8130.0,638075,8130.5,69353,50004,1402564,-1352560,568722,0.5
1900-01-25 16:42:15,8137.5,2996,8138.0,912826,212311,79003,133308,-909830,0.5
1900-01-25 16:42:30,8130.0,35190,8130.5,252076,39705,260682,-220977,-216886,0.5
1900-01-25 16:42:45,8131.0,278866,8131.5,813,216357,85776,130581,278053,0.5
1900-01-25 16:43:00,8134.5,613,8135.0,425774,170472,39544,130928,-425161,0.5
1900-01-25 16:43:15,8135.0,548584,8135.5,57873,45253,106497,-61244,490711,0.5
1900-01-25 16:43:30,8137.5,662766,8138.0,40805,193714,58415,135299,621961,0.5
1900-01-25 16:43:45,8138.5,645132,8139.0,279053,102217,252,101965,366079,0.5
1900-01-25 16:44:00,8144.5,635524,8145.0,293620,174869,9053,165816,341904,0.5
1900-01-25 16:44:15,8141.5,425964,8142.0,173739,88953,53104,35849,252225,0.5
1900-01-25 16:44:30,8138.5,26583,8139.0,577418,5684,109887,-104203,-550835,0.5
1900-01-25 16:44:45,8136.5,620209,8137.0,176381,21931,70183,-48252,443828,0.5
1900-01-25 16:45:00,8136.5,896018,8137.0,113171,126068,58608,67460,782847,0.5
1900-01-25 16:45:15,8136.5,176022,8137.0,783850,140782,62306,78476,-607828,0.5
1900-01-25 16:45:30,8136.5,557802,8137.0,486544,70644,111891,-41247,71258,0.5
1900-01-25 16:45:45,8137.5,779293,8138.0,160835,55234,46326,8908,618458,0.5
1900-01-25 16:46:00,8142.5,387398,8143.0,482595,275490,11298,264192,-95197,0.5
1900-01-25 16:46:15,8142.5,278357,8143.0,785953,118338,3065,115273,-507596,0.5
1900-01-25 16:46:30,8137.5,224656,8138.0,678554,3703,261548,-257845,-453898,0.5
1900-01-25 16:46:45,8135.0,54851,8135.5,1199232,29207,143972,-114765,-1144381,0.5
1900-01-25 16:47:00,8131.0,118689,8131.5,734558,3503,76718,-73215,-615869,0.5
1900-01-25 16:47:15,8131.0,160763,8131.5,1379950,2460,38313,-35853,-1219187,0.5
1900-01-25 16:47:30,8127.0,632029,8127.5,781180,4074,710168,-706094,-149151,0.5
1900-01-25 16:47:45,8127.0,191338,8127.5,1229511,35404,187688,-152284,-1038173,0.5
1900-01-25 16:48:00,8125.0,163411,8125.5,426808,18753,708436,-689683,-263397,0.5
1900-01-25 16:48:15,8125.5,440702,8126.0,255019,75476,495199,-419723,185683,0.5
1900-01-25 16:48:30,8127.0,924922,8127.5,25571,206791,39751,167040,899351,0.5
1900-01-25 16:48:45,8131.5,341595,8132.0,218220,118327,10922,107405,123375,0.5
1900-01-25 16:49:00,8129.5,101141,8130.0,866049,65716,70463,-4747,-764908,0.5
1900-01-25 16:49:15,8127.5,25017,8128.0,1027832,18546,63460,-44914,-1002815,0.5
1900-01-25 16:49:30,8121.5,60711,8122.0,1424109,27766,557955,-530189,-1363398,0.5
1900-01-25 16:49:45,8116.0,429851,8116.5,804279,15401,355716,-340315,-374428,0.5
1900-01-25 16:50:00,8115.0,452007,8115.5,279843,28191,1073741,-1045550,172164,0.5
1900-01-25 16:50:15,8117.5,378590,8118.0,47224,261481,102045,159436,331366,0.5
1900-01-25 16:50:30,8122.0,3159,8122.5,6000,248245,122908,125337,-2841,0.5
1900-01-25 16:50:45,8117.5,238165,8118.0,563106,33083,195677,-162594,-324941,0.5
1900-01-25 16:51:00,8119.5,695302,8120.0,244576,94330,81781,12549,450726,0.5
1900-01-25 16:51:15,8119.5,558720,8120.0,15218,151010,20374,130636,543502,0.5
1900-01-25 16:51:30,8120.0,179795,8120.5,712369,200424,66615,133809,-532574,0.5
1900-01-25 16:51:45,8117.5,107962,8118.0,243195,29018,120444,-91426,-135233,0.5
1900-01-25 16:52:00,8117.5,510055,8118.0,1178027,11804,8745,3059,-667972,0.5
1900-01-25 16:52:15,8117.5,802648,8118.0,459177,82793,69655,13138,343471,0.5
1900-01-25 16:52:30,8119.5,1108250,8120.0,1469712,388973,69852,319121,-361462,0.5
1900-01-25 16:52:45,8119.5,32292,8120.0,2158527,124955,60771,64184,-2126235,0.5
1900-01-25 16:53:00,8118.5,89221,8119.0,899941,53931,51463,2468,-810720,0.5
1900-01-25 16:53:15,8118.5,120182,8119.0,982330,33215,30528,2687,-862148,0.5
1900-01-25 16:53:30,8118.5,648233,8119.0,585183,5770,200,5570,63050,0.5
1900-01-25 16:53:45,8118.5,582113,8119.0,905202,5013,51510,-46497,-323089,0.5
1900-01-25 16:54:00,8119.5,832475,8120.0,1382393,163032,3440,159592,-549918,0.5
1900-01-25 16:54:15,8119.5,1244609,8120.0,174868,1144090,29345,1114745,1069741,0.5
1900-01-25 16:54:30,8126.0,436223,8126.5,24951,229599,17414,212185,411272,0.5
1900-01-25 16:54:45,8129.5,710096,8130.0,191644,267654,19830,247824,518452,0.5
1900-01-25 16:55:00,8130.5,725986,8131.0,336711,155318,14893,140425,389275,0.5
1900-01-25 16:55:15,8130.5,284445,8131.0,1224093,127442,32038,95404,-939648,0.5
1900-01-25 16:55:30,8129.0,8057,8129.5,841127,70587,237220,-166633,-833070,0.5
1900-01-25 16:55:45,8125.0,360483,8125.5,921911,12369,22717,-10348,-561428,0.5
1900-01-25 16:56:00,8125.0,995975,8125.5,292166,31730,70718,-38988,703809,0.5
1900-01-25 16:56:15,8125.0,222345,8125.5,1167115,8946,318760,-309814,-944770,0.5
1900-01-25 16:56:30,8125.0,77505,8125.5,1336122,850,41375,-40525,-1258617,0.5
1900-01-25 16:56:45,8118.0,582398,8118.5,703978,2010,138037,-136027,-121580,0.5
1900-01-25 16:57:00,8118.0,1048166,8118.5,252405,79812,140075,-60263,795761,0.5
1900-01-25 16:57:15,8118.0,1047345,8118.5,239920,20811,54596,-33785,807425,0.5
1900-01-25 16:57:30,8118.0,661575,8118.5,567631,10188,403776,-393588,93944,0.5
1900-01-25 16:57:45,8118.0,13806,8118.5,1509587,12358,187401,-175043,-1495781,0.5
1900-01-25 16:58:00,8113.5,1037,8114.0,73522,5690,475937,-470247,-72485,0.5
1900-01-25 16:58:15,8091.5,387532,8094.5,22896,60700,2559482,-2498782,364636,3.0
1900-01-25 16:58:30,8098.0,136529,8098.5,932138,155959,596546,-440587,-795609,0.5
1900-01-25 16:58:45,8096.0,182011,8096.5,23205,215606,441516,-225910,158806,0.5
1900-01-25 16:59:00,8103.5,426764,8104.0,166071,481922,75775,406147,260693,0.5
1900-01-25 16:59:15,8107.0,432903,8107.5,600740,239089,29665,209424,-167837,0.5
1900-01-25 16:59:30,8105.0,314812,8105.5,928982,120286,186226,-65940,-614170,0.5
1900-01-25 16:59:45,8101.0,52409,8101.5,1389818,16830,206008,-189178,-1337409,0.5
1900-01-25 17:00:00,8100.0,119312,8100.5,662565,45360,87773,-42413,-543253,0.5
1900-01-25 17:00:15,8099.5,383221,8100.0,430081,85994,100243,-14249,-46860,0.5
1900-01-25 17:00:30,8102.5,554498,8103.0,277703,127510,131357,-3847,276795,0.5
1900-01-25 17:00:45,8104.0,288053,8104.5,2841,165367,34551,130816,285212,0.5
1900-01-25 17:01:00,8106.5,102176,8107.0,727732,171985,26703,145282,-625556,0.5
1900-01-25 17:01:15,8106.5,746341,8107.0,212246,131044,36892,94152,534095,0.5
1900-01-25 17:01:30,8107.0,377117,8107.5,586453,66821,38328,28493,-209336,0.5
1900-01-25 17:01:45,8106.5,41501,8107.0,1032733,69955,53174,16781,-991232,0.5
1900-01-25 17:02:00,8099.0,116901,8099.5,988460,8211,282080,-273869,-871559,0.5
1900-01-25 17:02:15,8092.0,119691,8092.5,444217,28022,400980,-372958,-324526,0.5
1900-01-25 17:02:30,8092.0,649657,8092.5,261583,39937,380066,-340129,388074,0.5
1900-01-25 17:02:45,8089.0,78884,8089.5,555863,63904,223085,-159181,-476979,0.5
1900-01-25 17:03:00,8088.0,114080,8088.5,1038104,45786,248818,-203032,-924024,0.5
1900-01-25 17:03:15,8087.0,710891,8087.5,72532,60393,311801,-251408,638359,0.5
1900-01-25 17:03:30,8090.0,566592,8090.5,621059,334914,51313,283601,-54467,0.5
1900-01-25 17:03:45,8091.5,550966,8092.0,92809,206600,13239,193361,458157,0.5
1900-01-25 17:04:00,8092.0,381196,8092.5,595911,53695,24054,29641,-214715,0.5
1900-01-25 17:04:15,8089.5,191413,8090.0,965598,39297,466052,-426755,-774185,0.5
1900-01-25 17:04:30,8088.0,255408,8088.5,960566,5657,145724,-140067,-705158,0.5
1900-01-25 17:04:45,8070.0,622913,8070.5,35714,23359,1365488,-1342129,587199,0.5
1900-01-25 17:05:00,8073.0,10458,8074.5,7880,903774,1790615,-886841,2578,1.5
1900-01-25 17:05:15,8079.5,262343,8080.0,48259,274528,114368,160160,214084,0.5
1900-01-25 17:05:30,8079.5,158070,8080.0,987597,232666,149071,83595,-829527,0.5
1900-01-25 17:05:45,8084.0,250052,8084.5,1651,245597,121594,124003,248401,0.5
1900-01-25 17:06:00,8087.0,22011,8087.5,958950,296357,15042,281315,-936939,0.5
1900-01-25 17:06:15,8081.0,259380,8081.5,698645,35105,33788,1317,-439265,0.5
1900-01-25 17:06:30,8079.5,276032,8080.0,519075,91628,171957,-80329,-243043,0.5
1900-01-25 17:06:45,8078.0,496955,8078.5,73162,173927,41053,132874,423793,0.5
1900-01-25 17:07:00,8079.5,199856,8080.0,582459,122767,52057,70710,-382603,0.5
1900-01-25 17:07:15,8081.5,476132,8082.0,34015,32232,42457,-10225,442117,0.5
1900-01-25 17:07:30,8082.0,1001373,8082.5,938564,203436,12835,190601,62809,0.5
1900-01-25 17:07:45,8082.0,1310797,8082.5,4395,850403,44595,805808,1306402,0.5
1900-01-25 17:08:00,8082.0,48134,8082.5,691976,72936,125624,-52688,-643842,0.5
1900-01-25 17:08:15,8082.0,208072,8082.5,650840,61365,55206,6159,-442768,0.5
1900-01-25 17:08:30,8079.0,8350,8079.5,660007,31170,223147,-191977,-651657,0.5
1900-01-25 17:08:45,8075.5,186275,8076.0,356497,34806,34489,317,-170222,0.5
1900-01-25 17:09:00,8075.0,20836,8075.5,686850,118064,207542,-89478,-666014,0.5
1900-01-25 17:09:15,8066.0,29551,8066.5,435550,9835,327327,-317492,-405999,0.5
1900-01-25 17:09:30,8074.0,165769,8074.5,768155,202129,174460,27669,-602386,0.5
1900-01-25 17:09:45,8069.5,387514,8070.0,29225,169409,192011,-22602,358289,0.5
1900-01-25 17:10:00,8070.5,23490,8071.0,335827,184084,136054,48030,-312337,0.5
1900-01-25 17:10:15,8071.0,143043,8071.5,651214,24589,21835,2754,-508171,0.5
1900-01-25 17:10:30,8068.5,34803,8069.0,658613,63962,362540,-298578,-623810,0.5
1900-01-25 17:10:45,8062.5,51866,8063.0,445022,19724,127028,-107304,-393156,0.5
1900-01-25 17:11:00,8043.5,3000,8044.0,356710,221750,1375762,-1154012,-353710,0.5
1900-01-25 17:11:15,8073.5,26965,8074.0,2220,2115285,390565,1724720,24745,0.5
1900-01-25 17:11:30,8070.0,2659,8070.5,413865,331672,90057,241615,-411206,0.5
1900-01-25 17:11:45,8072.0,260196,8072.5,113776,220822,172422,48400,146420,0.5
1900-01-25 17:12:00,8075.0,262410,8075.5,21411,119438,106772,12666,240999,0.5
1900-01-25 17:12:15,8078.5,236744,8079.0,12778,319111,39555,279556,223966,0.5
1900-01-25 17:12:30,8083.0,28872,8083.5,1246976,345179,23099,322080,-1218104,0.5
1900-01-25 17:12:45,8080.0,905707,8080.5,168715,251015,134758,116257,736992,0.5
1900-01-25 17:13:00,8082.0,561159,8082.5,664482,194257,5401,188856,-103323,0.5
1900-01-25 17:13:15,8084.5,741123,8085.0,7203,93085,11972,81113,733920,0.5
1900-01-25 17:13:30,8090.0,594220,8090.5,8,477607,18820,458787,594212,0.5
1900-01-25 17:13:45,8093.0,428696,8093.5,687916,350168,34494,315674,-259220,0.5
1900-01-25 17:14:00,8091.5,288379,8092.0,699197,208933,191573,17360,-410818,0.5
1900-01-25 17:14:15,8088.5,289573,8089.0,571241,120853,33816,87037,-281668,0.5
1900-01-25 17:14:30,8088.0,597101,8088.5,926201,43924,111047,-67123,-329100,0.5
1900-01-25 17:14:45,8083.5,422974,8084.0,747645,4402,274786,-270384,-324671,0.5
1900-01-25 17:15:00,8083.5,601889,8084.0,707802,23592,96036,-72444,-105913,0.5
1900-01-25 17:15:15,8083.5,507992,8084.0,1514673,4630,82186,-77556,-1006681,0.5
1900-01-25 17:15:30,8083.5,1328779,8084.0,711843,41901,49781,-7880,616936,0.5
1900-01-25 17:15:45,8083.5,579696,8084.0,1233393,50762,59227,-8465,-653697,0.5
1900-01-25 17:16:00,8081.0,37779,8081.5,1178208,36344,59212,-22868,-1140429,0.5
1900-01-25 17:16:15,8076.0,198139,8076.5,580915,3430,438179,-434749,-382776,0.5
1900-01-25 17:16:30,8076.0,1309271,8076.5,407477,88461,185358,-96897,901794,0.5
1900-01-25 17:16:45,8083.5,629988,8084.0,150073,448516,24031,424485,479915,0.5
1900-01-25 17:17:00,8087.0,394368,8087.5,787694,91298,28923,62375,-393326,0.5
1900-01-25 17:17:15,8089.5,1026468,8090.0,92103,242427,21142,221285,934365,0.5
1900-01-25 17:17:30,8082.0,133343,8082.5,611785,62369,115569,-53200,-478442,0.5
1900-01-25 17:17:45,8082.0,22956,8082.5,1057893,19153,159527,-140374,-1034937,0.5
1900-01-25 17:18:00,8080.5,1554046,8081.0,263180,81716,18157,63559,1290866,0.5
1900-01-25 17:18:15,8080.5,1184590,8081.0,851084,56975,44521,12454,333506,0.5
1900-01-25 17:18:30,8080.5,1092900,8081.0,1084807,9339,21918,-12579,8093,0.5
1900-01-25 17:18:45,8080.5,1454414,8081.0,624558,69811,39005,30806,829856,0.5
1900-01-25 17:19:00,8080.5,1654613,8081.0,309731,132414,33400,99014,1344882,0.5
1900-01-25 17:19:15,8080.5,1553063,8081.0,580640,53672,60151,-6479,972423,0.5
1900-01-25 17:19:30,8080.5,1590097,8081.0,265545,22378,14293,8085,1324552,0.5
1900-01-25 17:19:45,8081.0,582027,8081.5,7292,75189,60609,14580,574735,0.5
1900-01-25 17:20:00,8081.5,387327,8082.0,771050,126333,14034,112299,-383723,0.5
1900-01-25 17:20:15,8081.5,133411,8082.0,921431,9527,3094,6433,-788020,0.5
1900-01-25 17:20:30,8076.0,31014,8076.5,1072319,25295,779004,-753709,-1041305,0.5
1900-01-25 17:20:45,8072.5,426214,8073.0,490271,10659,212422,-201763,-64057,0.5
1900-01-25 17:21:00,8070.0,481310,8070.5,542597,18287,173971,-155684,-61287,0.5
1900-01-25 17:21:15,8073.0,114475,8073.5,777642,76339,81511,-5172,-663167,0.5
1900-01-25 17:21:30,8071.5,495425,8072.0,360424,99167,71610,27557,135001,0.5
1900-01-25 17:21:45,8071.5,286139,8072.0,516786,15252,43989,-28737,-230647,0.5
1900-01-25 17:22:00,8074.5,981026,8075.0,15224,72045,45510,26535,965802,0.5
1900-01-25 17:22:15,8076.5,465141,8077.0,221042,68462,73453,-4991,244099,0.5
1900-01-25 17:22:30,8077.5,377656,8078.0,412654,25954,24555,1399,-34998,0.5
1900-01-25 17:22:45,8079.5,837713,8080.0,21111,85237,2515,82722,816602,0.5
1900-01-25 17:23:00,8079.5,789529,8080.0,134846,29150,12109,17041,654683,0.5
1900-01-25 17:23:15,8083.5,789294,8084.0,71447,139489,1655,137834,717847,0.5
1900-01-25 17:23:30,8084.0,538548,8084.5,902669,35058,17652,17406,-364121,0.5
1900-01-25 17:23:45,8084.0,464429,8084.5,833356,71817,88820,-17003,-368927,0.5
1900-01-25 17:24:00,8085.0,749050,8085.5,169575,40044,23307,16737,579475,0.5
1900-01-25 17:24:15,8091.5,769179,8092.0,23724,192543,2757,189786,745455,0.5
1900-01-25 17:24:30,8091.5,278013,8092.0,1182454,133292,37026,96266,-904441,0.5
1900-01-25 17:24:45,8092.0,1311364,8092.5,69096,141525,82728,58797,1242268,0.5
1900-01-25 17:25:00,8096.5,400992,8097.0,214032,319748,26502,293246,186960,0.5
1900-01-25 17:25:15,8096.5,440200,8097.0,673017,96462,40440,56022,-232817,0.5
1900-01-25 17:25:30,8096.5,452660,8097.0,737216,132451,16146,116305,-284556,0.5
1900-01-25 17:25:45,8096.5,654777,8097.0,576946,293824,19306,274518,77831,0.5
1900-01-25 17:26:00,8099.5,799461,8100.0,132817,124820,25432,99388,666644,0.5
1900-01-25 17:26:15,8101.0,325750,8101.5,455630,190764,18367,172397,-129880,0.5
1900-01-25 17:26:30,8101.0,405516,8101.5,634704,329033,17099,311934,-229188,0.5
1900-01-25 17:26:45,8101.0,1022958,8101.5,312482,276932,152846,124086,710476,0.5
1900-01-25 17:27:00,8101.0,944031,8101.5,132766,178838,4011,174827,811265,0.5
1900-01-25 17:27:15,8100.5,29137,8101.0,714294,154906,353602,-198696,-685157,0.5
1900-01-25 17:27:30,8100.0,518542,8100.5,1060377,41814,266542,-224728,-541835,0.5
1900-01-25 17:27:45,8100.0,359125,8100.5,878418,42082,249328,-207246,-519293,0.5
1900-01-25 17:28:00,8100.0,1065440,8100.5,956596,51891,138700,-86809,108844,0.5
1900-01-25 17:28:15,8101.0,871273,8101.5,206572,62529,67460,-4931,664701,0.5
1900-01-25 17:28:30,8104.5,472842,8105.0,303960,183760,13361,170399,168882,0.5
1900-01-25 17:28:45,8103.0,219229,8103.5,716629,123916,25784,98132,-497400,0.5
1900-01-25 17:29:00,8101.5,186655,8102.0,645219,55856,50371,5485,-458564,0.5
1900-01-25 17:29:15,8101.5,93672,8102.0,575446,65098,92982,-27884,-481774,0.5
1900-01-25 17:29:30,8101.5,352289,8102.0,674558,23307,28229,-4922,-322269,0.5
1900-01-25 17:29:45,8101.5,182895,8102.0,732195,12530,5488,7042,-549300,0.5
1900-01-25 17:30:00,8101.5,825593,8102.0,180855,116276,5835,110441,644738,0.5
1900-01-25 17:30:15,8106.5,276722,8107.0,337561,118439,7685,110754,-60839,0.5
1900-01-25 17:30:30,8105.5,29702,8106.0,753926,108395,64425,43970,-724224,0.5
1900-01-25 17:30:45,8105.5,282993,8106.0,551720,152260,25618,126642,-268727,0.5
1900-01-25 17:31:00,8105.0,156821,8105.5,528348,9106,34789,-25683,-371527,0.5
1900-01-25 17:31:15,8105.0,647975,8105.5,170812,52319,19004,33315,477163,0.5
1900-01-25 17:31:30,8105.5,743880,8106.0,66647,39776,2354,37422,677233,0.5
1900-01-25 17:31:45,8107.0,889439,8107.5,138635,124007,8529,115478,750804,0.5
1900-01-25 17:32:00,8109.5,644439,8110.0,1923178,158059,5833,152226,-1278739,0.5
1900-01-25 17:32:15,8117.0,256299,8117.5,289518,2104874,8659,2096215,-33219,0.5
1900-01-25 17:32:30,8115.0,42673,8115.5,561530,228573,32182,196391,-518857,0.5
1900-01-25 17:32:45,8117.5,526101,8118.0,218767,155712,194015,-38303,307334,0.5
1900-01-25 17:33:00,8117.5,834655,8118.0,29371,114494,33577,80917,805284,0.5
1900-01-25 17:33:15,8119.5,1029447,8120.0,163334,71541,2000,69541,866113,0.5
1900-01-25 17:33:30,8123.5,810469,8124.0,305845,334236,73642,260594,504624,0.5
1900-01-25 17:33:45,8123.5,452417,8124.0,384962,175269,156671,18598,67455,0.5
1900-01-25 17:34:00,8124.5,169772,8125.0,1357665,281395,241926,39469,-1187893,0.5
1900-01-25 17:34:15,8120.0,101139,8120.5,511514,11919,168523,-156604,-410375,0.5
1900-01-25 17:34:30,8119.5,778274,8120.0,79727,40983,86323,-45340,698547,0.5
1900-01-25 17:34:45,8123.5,537457,8124.0,221084,78804,20591,58213,316373,0.5
1900-01-25 17:35:00,8124.0,183917,8124.5,671336,173303,21756,151547,-487419,0.5
1900-01-25 17:35:15,8123.5,43985,8124.0,1115194,34150,54475,-20325,-1071209,0.5
1900-01-25 17:35:30,8121.0,1136363,8121.5,72342,56490,178343,-121853,1064021,0.5
1900-01-25 17:35:45,8121.5,745517,8122.0,25558,27493,234676,-207183,719959,0.5
1900-01-25 17:36:00,8119.0,19472,8119.5,683466,8192,227662,-219470,-663994,0.5
1900-01-25 17:36:15,8116.5,18553,8117.0,716970,121740,185936,-64196,-698417,0.5
1900-01-25 17:36:30,8116.5,907459,8117.0,430068,13956,130736,-116780,477391,0.5
1900-01-25 17:36:45,8113.5,182470,8114.0,642416,71218,66806,4412,-459946,0.5
1900-01-25 17:37:00,8113.5,672181,8114.0,162203,142641,43771,98870,509978,0.5
1900-01-25 17:37:15,8113.5,765246,8114.0,399262,30208,9019,21189,365984,0.5
1900-01-25 17:37:30,8114.0,843412,8114.5,10188,161669,8638,153031,833224,0.5
1900-01-25 17:37:45,8116.5,20587,8117.0,40441,62954,2200,60754,-19854,0.5
1900-01-25 17:38:00,8114.0,4980,8114.5,525460,120,21369,-21249,-520480,0.5
1900-01-25 17:38:15,8113.0,8042,8113.5,984828,7500,52923,-45423,-976786,0.5
1900-01-25 17:38:30,8112.0,61217,8112.5,793761,2560,33814,-31254,-732544,0.5
1900-01-25 17:38:45,8112.0,25735,8112.5,1085332,5634,4388,1246,-1059597,0.5
1900-01-25 17:39:00,8112.0,627569,8112.5,282618,7099,84879,-77780,344951,0.5
1900-01-25 17:39:15,8112.0,265131,8112.5,680670,2578,24426,-21848,-415539,0.5
1900-01-25 17:39:30,8112.5,614525,8113.0,221957,162867,9255,153612,392568,0.5
1900-01-25 17:39:45,8114.5,694143,8115.0,65596,53325,56607,-3282,628547,0.5
1900-01-25 17:40:00,8114.5,846182,8115.0,166320,5834,11782,-5948,679862,0.5
1900-01-25 17:40:15,8114.5,646615,8115.0,277571,49617,30764,18853,369044,0.5
1900-01-25 17:40:30,8114.5,35769,8115.0,1038244,7890,21434,-13544,-1002475,0.5
1900-01-25 17:40:45,8112.0,17476,8112.5,996117,210,53638,-53428,-978641,0.5
1900-01-25 17:41:00,8107.0,87467,8107.5,454080,2331,76189,-73858,-366613,0.5
1900-01-25 17:41:15,8100.0,1443256,8100.5,5385109,39018,1805566,-1766548,-3941853,0.5
1900-01-25 17:41:30,8100.0,160735,8100.5,5555515,208598,673781,-465183,-5394780,0.5
1900-01-25 17:41:45,8096.5,733797,8097.0,292859,39895,259915,-220020,440938,0.5
1900-01-25 17:42:00,8098.0,70944,8098.5,692819,152193,121607,30586,-621875,0.5
1900-01-25 17:42:15,8095.5,503851,8096.0,1074568,25052,168420,-143368,-570717,0.5
1900-01-25 17:42:30,8095.5,208873,8096.0,791296,31144,329713,-298569,-582423,0.5
1900-01-25 17:42:45,8095.0,445457,8095.5,504706,41660,151998,-110338,-59249,0.5
1900-01-25 17:43:00,8108.0,140443,8108.5,806683,299728,48759,250969,-666240,0.5
1900-01-25 17:43:15,8101.0,593006,8101.5,3052,30183,194692,-164509,589954,0.5
1900-01-25 17:43:30,8107.5,26178,8108.0,714812,84183,55298,28885,-688634,0.5
1900-01-25 17:43:45,8107.5,498444,8108.0,145898,96328,23880,72448,352546,0.5
1900-01-25 17:44:00,8107.5,377068,8108.0,539102,62914,101100,-38186,-162034,0.5
1900-01-25 17:44:15,8107.5,680315,8108.0,223233,17872,27842,-9970,457082,0.5
1900-01-25 17:44:30,8108.5,410657,8109.0,335232,36926,4768,32158,75425,0.5
1900-01-25 17:44:45,8108.5,451344,8109.0,295922,44250,2433,41817,155422,0.5
1900-01-25 17:45:00,8109.0,930105,8109.5,15315,104397,8991,95406,914790,0.5
1900-01-25 17:45:15,8109.0,474682,8109.5,511631,18683,10254,8429,-36949,0.5
1900-01-25 17:45:30,8108.0,80,8108.5,42969,3300,38872,-35572,-42889,0.5
1900-01-25 17:45:45,8107.5,219404,8108.0,402753,12209,51301,-39092,-183349,0.5
1900-01-25 17:46:00,8107.5,869758,8108.0,275436,3524,25002,-21478,594322,0.5
1900-01-25 17:46:15,8110.5,1052446,8111.0,174080,79402,8414,70988,878366,0.5
1900-01-25 17:46:30,8110.5,811204,8111.0,522603,18344,8414,9930,288601,0.5
1900-01-25 17:46:45,8111.0,1340073,8111.5,4251,7791,6083,1708,1335822,0.5
1900-01-25 17:47:00,8112.0,1400484,8112.5,89981,75285,67703,7582,1310503,0.5
1900-01-25 17:47:15,8112.0,944769,8112.5,247445,65622,11488,54134,697324,0.5
1900-01-25 17:47:30,8113.0,1177927,8113.5,21564,52901,15015,37886,1156363,0.5
1900-01-25 17:47:45,8114.0,1266705,8114.5,75360,83741,2616,81125,1191345,0.5
1900-01-25 17:48:00,8114.5,1058421,8115.0,188835,182680,2616,180064,869586,0.5
1900-01-25 17:48:15,8114.5,622981,8115.0,662680,23913,4709,19204,-39699,0.5
1900-01-25 17:48:30,8114.5,643647,8115.0,260740,63572,5527,58045,382907,0.5
1900-01-25 17:48:45,8114.5,980628,8115.0,143868,26627,3489,23138,836760,0.5
1900-01-25 17:49:00,8114.5,1031875,8115.0,108662,100957,35213,65744,923213,0.5
1900-01-25 17:49:15,8114.5,971478,8115.0,80386,21441,68023,-46582,891092,0.5
1900-01-25 17:49:30,8114.5,549454,8115.0,309929,22604,150,22454,239525,0.5
1900-01-25 17:49:45,8114.5,549424,8115.0,405865,8568,10250,-1682,143559,0.5
1900-01-25 17:50:00,8114.5,624347,8115.0,631342,48117,29386,18731,-6995,0.5
1900-01-25 17:50:15,8114.5,610718,8115.0,664858,8035,14782,-6747,-54140,0.5
1900-01-25 17:50:30,8112.0,348342,8112.5,206433,351,168883,-168532,141909,0.5
1900-01-25 17:50:45,8112.0,119236,8112.5,318216,18464,26423,-7959,-198980,0.5
1900-01-25 17:51:00,8110.5,43823,8111.0,500373,3449,17586,-14137,-456550,0.5
1900-01-25 17:51:15,8104.5,8050,8105.0,922050,3562,226555,-222993,-914000,0.5
1900-01-25 17:51:30,8104.5,357,8105.0,947829,100,10546,-10446,-947472,0.5
1900-01-25 17:51:45,8103.5,203253,8104.0,16301,1553,38530,-36977,186952,0.5
1900-01-25 17:52:00,8103.5,235780,8104.0,762348,54938,59035,-4097,-526568,0.5
1900-01-25 17:52:15,8103.5,237256,8104.0,728877,90929,24093,66836,-491621,0.5
1900-01-25 17:52:30,8101.0,111501,8101.5,466469,53125,114360,-61235,-354968,0.5
1900-01-25 17:52:45,8100.0,215951,8100.5,737751,12480,41869,-29389,-521800,0.5
1900-01-25 17:53:00,8097.0,6880,8097.5,420335,800,215220,-214420,-413455,0.5
1900-01-25 17:53:15,8094.5,691746,8095.0,316435,7260,246535,-239275,375311,0.5
1900-01-25 17:53:30,8096.0,1088305,8096.5,104237,147807,414803,-266996,984068,0.5
1900-01-25 17:53:45,8096.5,252183,8097.0,532934,46986,23539,23447,-280751,0.5
1900-01-25 17:54:00,8096.5,84825,8097.0,767314,3125,56558,-53433,-682489,0.5
1900-01-25 17:54:15,8094.5,7484,8095.0,754522,5800,118360,-112560,-747038,0.5
1900-01-25 17:54:30,8094.0,970199,8094.5,131913,16125,35277,-19152,838286,0.5
1900-01-25 17:54:45,8094.0,218011,8094.5,608494,4264,224208,-219944,-390483,0.5
1900-01-25 17:55:00,8094.0,656687,8094.5,246578,52846,7743,45103,410109,0.5
1900-01-25 17:55:15,8094.0,736193,8094.5,457766,35737,6978,28759,278427,0.5
1900-01-25 17:55:30,8097.0,767669,8097.5,43557,78833,4313,74520,724112,0.5
1900-01-25 17:55:45,8099.5,1091111,8100.0,7624,38425,2691,35734,1083487,0.5
1900-01-25 17:56:00,8099.5,777001,8100.0,20129,39180,14460,24720,756872,0.5
1900-01-25 17:56:15,8101.0,244882,8101.5,597181,14156,6305,7851,-352299,0.5
1900-01-25 17:56:30,8101.0,881897,8101.5,46036,10702,11420,-718,835861,0.5
1900-01-25 17:56:45,8101.0,167635,8101.5,708171,39605,33271,6334,-540536,0.5
1900-01-25 17:57:00,8101.0,79955,8101.5,1094875,3391,23936,-20545,-1014920,0.5
1900-01-25 17:57:15,8101.0,23252,8101.5,1311561,14390,48799,-34409,-1288309,0.5
1900-01-25 17:57:30,8100.0,1192,8100.5,1060086,200,25385,-25185,-1058894,0.5
1900-01-25 17:57:45,8094.5,421294,8095.0,600719,860,110238,-109378,-179425,0.5
1900-01-25 17:58:00,8094.5,616,8095.0,1046862,1705,26943,-25238,-1046246,0.5
1900-01-25 17:58:15,8093.5,515280,8094.0,358876,7134,45126,-37992,156404,0.5
1900-01-25 17:58:30,8093.5,504888,8094.0,420456,5766,33560,-27794,84432,0.5
1900-01-25 17:58:45,8093.5,568499,8094.0,318005,17140,7200,9940,250494,0.5
1900-01-25 17:59:00,8093.5,18576,8094.0,958308,4630,16304,-11674,-939732,0.5
1900-01-25 17:59:15,8093.5,6869,8094.0,985874,2075,15887,-13812,-979005,0.5
1900-01-25 17:59:30,8086.0,241731,8086.5,384500,6185,309280,-303095,-142769,0.5
1900-01-25 17:59:45,8085.0,165958,8085.5,804524,7316,241770,-234454,-638566,0.5
1900-01-25 18:00:00,8084.0,212034,8084.5,710234,3975,142851,-138876,-498200,0.5
1900-01-25 18:00:15,8084.0,971850,8084.5,134208,43883,140233,-96350,837642,0.5
1900-01-25 18:00:30,8084.5,556497,8085.0,55062,65626,80720,-15094,501435,0.5
1900-01-25 18:00:45,8090.0,909022,8090.5,30830,47484,177750,-130266,878192,0.5
1900-01-25 18:01:00,8090.0,360769,8090.5,1032463,60301,12685,47616,-671694,0.5
1900-01-25 18:01:15,8090.0,790690,8090.5,486353,55454,27354,28100,304337,0.5
1900-01-25 18:01:30,8090.0,542055,8090.5,809138,67387,6617,60770,-267083,0.5
1900-01-25 18:01:45,8090.0,1145394,8090.5,372260,104750,7296,97454,773134,0.5
1900-01-25 18:02:00,8090.0,1150097,8090.5,362799,24176,2502,21674,787298,0.5
1900-01-25 18:02:15,8090.0,1242165,8090.5,103607,183526,773,182753,1138558,0.5
1900-01-25 18:02:30,8090.0,1157331,8090.5,69644,23149,12502,10647,1087687,0.5
1900-01-25 18:02:45,8091.0,896767,8091.5,121308,116205,16728,99477,775459,0.5
1900-01-25 18:03:00,8093.5,793926,8094.0,20753,39914,4122,35792,773173,0.5
1900-01-25 18:03:15,8094.0,362053,8094.5,639767,38834,11181,27653,-277714,0.5
1900-01-25 18:03:30,8096.5,658850,8097.0,48976,32355,11108,21247,609874,0.5
1900-01-25 18:03:45,8096.5,1041487,8097.0,10036,151575,1482,150093,1031451,0.5
1900-01-25 18:04:00,8096.5,810775,8097.0,323539,4432,151,4281,487236,0.5
1900-01-25 18:04:15,8097.0,272747,8097.5,17176,13923,450,13473,255571,0.5
1900-01-25 18:04:30,8097.5,438258,8098.0,522887,74144,22960,51184,-84629,0.5
1900-01-25 18:04:45,8097.5,1404433,8098.0,155000,43151,863,42288,1249433,0.5
1900-01-25 18:05:00,8098.0,1258350,8098.5,13777,45048,2653,42395,1244573,0.5
1900-01-25 18:05:15,8101.5,1590329,8102.0,53946,107577,12731,94846,1536383,0.5
1900-01-25 18:05:30,8101.5,1659101,8102.0,158334,26656,3430,23226,1500767,0.5
1900-01-25 18:05:45,8101.5,944454,8102.0,652198,13296,3279,10017,292256,0.5
1900-01-25 18:06:00,8102.0,748742,8102.5,466500,54959,408,54551,282242,0.5
1900-01-25 18:06:15,8102.5,638242,8103.0,508223,16748,1124,15624,130019,0.5
1900-01-25 18:06:30,8102.5,1092114,8103.0,69061,214791,2393,212398,1023053,0.5
1900-01-25 18:06:45,8103.0,1309298,8103.5,103075,52299,12670,39629,1206223,0.5
1900-01-25 18:07:00,8103.5,1208889,8104.0,20920,52419,1258,51161,1187969,0.5
1900-01-25 18:07:15,8104.0,588789,8104.5,462451,52969,3256,49713,126338,0.5
1900-01-25 18:07:30,8104.0,808602,8104.5,162983,52375,9,52366,645619,0.5
1900-01-25 18:07:45,8104.0,607507,8104.5,237657,13876,93127,-79251,369850,0.5
1900-01-25 18:08:00,8103.5,65414,8104.0,917966,81850,60790,21060,-852552,0.5
1900-01-25 18:08:15,8103.0,441499,8103.5,672500,81384,96526,-15142,-231001,0.5
1900-01-25 18:08:30,8103.0,340145,8103.5,829256,4,32414,-32410,-489111,0.5
1900-01-25 18:08:45,8103.0,443925,8103.5,560094,2500,29636,-27136,-116169,0.5
1900-01-25 18:09:00,8103.0,87832,8103.5,951836,6132,61513,-55381,-864004,0.5
1900-01-25 18:09:15,8100.0,404885,8100.5,213969,27269,200909,-173640,190916,0.5
1900-01-25 18:09:30,8097.5,506171,8098.0,406707,6628,102161,-95533,99464,0.5
1900-01-25 18:09:45,8097.5,756775,8098.0,508244,6628,113904,-107276,248531,0.5
1900-01-25 18:10:00,8097.5,888323,8098.0,299769,62533,2729,59804,588554,0.5
1900-01-25 18:10:15,8097.5,628097,8098.0,621535,13136,1935,11201,6562,0.5
1900-01-25 18:10:30,8102.0,405749,8102.5,15608,51061,3670,47391,390141,0.5
1900-01-25 18:10:45,8102.0,653461,8102.5,498998,14051,6120,7931,154463,0.5
1900-01-25 18:11:00,8102.0,608556,8102.5,399040,36286,31261,5025,209516,0.5
1900-01-25 18:11:15,8102.0,1056802,8102.5,29987,46856,6189,40667,1026815,0.5
1900-01-25 18:11:30,8103.0,1361023,8103.5,4690,1598,1080,518,1356333,0.5
1900-01-25 18:11:45,8104.5,589272,8105.0,171511,3527,50,3477,417761,0.5
1900-01-25 18:12:00,8105.5,1078655,8106.0,139633,167584,200,167384,939022,0.5
1900-01-25 18:12:15,8106.0,1236801,8106.5,334147,843408,15222,828186,902654,0.5
1900-01-25 18:12:30,8106.5,1172961,8107.0,335450,438779,8590,430189,837511,0.5
1900-01-25 18:12:45,8107.0,1529343,8107.5,67949,202580,16489,186091,1461394,0.5
1900-01-25 18:13:00,8115.5,749208,8116.0,700248,909676,8567,901109,48960,0.5
1900-01-25 18:13:15,8115.5,788187,8116.0,807452,235279,3810,231469,-19265,0.5
1900-01-25 18:13:30,8111.0,16900,8111.5,1005921,18287,246097,-227810,-989021,0.5
1900-01-25 18:13:45,8103.0,778562,8103.5,110321,7713,123850,-116137,668241,0.5
1900-01-25 18:14:00,8103.0,730324,8103.5,38927,12332,13710,-1378,691397,0.5
1900-01-25 18:14:15,8101.0,93604,8101.5,896691,27186,186493,-159307,-803087,0.5
1900-01-25 18:14:30,8101.0,51435,8101.5,648925,495,52794,-52299,-597490,0.5
1900-01-25 18:14:45,8099.5,66015,8100.0,608524,3751,136175,-132424,-542509,0.5
1900-01-25 18:15:00,8097.5,305877,8098.0,583728,6473,77382,-70909,-277851,0.5
1900-01-25 18:15:15,8097.5,27622,8098.0,645840,5114,86867,-81753,-618218,0.5
1900-01-25 18:15:30,8097.0,570280,8097.5,403491,8374,27473,-19099,166789,0.5
1900-01-25 18:15:45,8096.0,1728,8096.5,1077940,5667,175051,-169384,-1076212,0.5
1900-01-25 18:16:00,8090.5,117733,8091.0,851989,32334,256468,-224134,-734256,0.5
1900-01-25 18:16:15,8090.5,939277,8091.0,79794,11436,61131,-49695,859483,0.5
1900-01-25 18:16:30,8090.5,620646,8091.0,1266470,91348,70086,21262,-645824,0.5
1900-01-25 18:16:45,8090.5,597623,8091.0,236124,5065,39342,-34277,361499,0.5
1900-01-25 18:17:00,8091.0,836206,8091.5,562969,24835,3428,21407,273237,0.5
1900-01-25 18:17:15,8091.0,762742,8091.5,514260,16884,118114,-101230,248482,0.5
1900-01-25 18:17:30,8093.0,207429,8093.5,406725,284304,9326,274978,-199296,0.5
1900-01-25 18:17:45,8098.5,860019,8099.0,119063,374551,17112,357439,740956,0.5
1900-01-25 18:18:00,8098.5,516805,8099.0,478271,74365,911,73454,38534,0.5
1900-01-25 18:18:15,8099.0,1078207,8099.5,10790,31534,93528,-61994,1067417,0.5
1900-01-25 18:18:30,8105.5,347756,8106.0,270364,42079,958,41121,77392,0.5
1900-01-25 18:18:45,8105.5,274082,8106.0,311113,79724,15192,64532,-37031,0.5
1900-01-25 18:19:00,8105.5,208541,8106.0,537302,8469,10105,-1636,-328761,0.5
1900-01-25 18:19:15,8103.5,159520,8104.0,454864,8469,4997,3472,-295344,0.5
1900-01-25 18:19:30,8103.5,187523,8104.0,574063,1194,6017,-4823,-386540,0.5
1900-01-25 18:19:45,8090.5,473684,8091.0,212464,22183,164977,-142794,261220,0.5
1900-01-25 18:20:00,8090.0,778701,8090.5,224900,8439,102800,-94361,553801,0.5
1900-01-25 18:20:15,8090.0,708539,8090.5,291520,72016,56957,15059,417019,0.5
1900-01-25 18:20:30,8090.5,780041,8091.0,3116,31659,12630,19029,776925,0.5
1900-01-25 18:20:45,8089.5,212313,8090.0,436896,18349,1719,16630,-224583,0.5
1900-01-25 18:21:00,8089.5,91988,8090.0,478671,11644,151585,-139941,-386683,0.5
1900-01-25 18:21:15,8089.5,600308,8090.0,300781,1059,46243,-45184,299527,0.5
1900-01-25 18:21:30,8089.5,371443,8090.0,501573,11000,76840,-65840,-130130,0.5
1900-01-25 18:21:45,8089.5,25460,8090.0,666087,5121,22340,-17219,-640627,0.5
1900-01-25 18:22:00,8085.5,183735,8086.0,642611,850,306420,-305570,-458876,0.5
1900-01-25 18:22:15,8085.5,569929,8086.0,298136,12683,86173,-73490,271793,0.5
1900-01-25 18:22:30,8085.5,534463,8086.0,189289,32608,110267,-77659,345174,0.5
1900-01-25 18:22:45,8089.5,708598,8090.0,201059,45900,7713,38187,507539,0.5
1900-01-25 18:23:00,8089.5,825068,8090.0,258654,6024,11335,-5311,566414,0.5
1900-01-25 18:23:15,8089.5,129319,8090.0,682703,72559,17396,55163,-553384,0.5
1900-01-25 18:23:30,8087.0,209892,8087.5,627053,85962,137258,-51296,-417161,0.5
1900-01-25 18:23:45,8085.0,87906,8085.5,583018,85962,77201,8761,-495112,0.5
1900-01-25 18:24:00,8085.0,70835,8085.5,901371,2189,26989,-24800,-830536,0.5
1900-01-25 18:24:15,8084.0,11091,8084.5,622037,10,30368,-30358,-610946,0.5
1900-01-25 18:24:30,8083.0,148509,8083.5,740350,100,479754,-479654,-591841,0.5
1900-01-25 18:24:45,8080.0,518491,8080.5,875601,1076,355873,-354797,-357110,0.5
1900-01-25 18:25:00,8080.0,504521,8080.5,1854243,2399,80815,-78416,-1349722,0.5
1900-01-25 18:25:15,8080.0,1665503,8080.5,489742,17670,65310,-47640,1175761,0.5
1900-01-25 18:25:30,8080.0,857526,8080.5,599324,197441,25419,172022,258202,0.5
1900-01-25 18:25:45,8080.0,838559,8080.5,510160,15409,36200,-20791,328399,0.5
1900-01-25 18:26:00,8080.0,714440,8080.5,519842,121739,1600,120139,194598,0.5
1900-01-25 18:26:15,8080.0,259194,8080.5,648730,8340,50967,-42627,-389536,0.5
1900-01-25 18:26:30,8080.0,63925,8080.5,966755,74550,45779,28771,-902830,0.5
1900-01-25 18:26:45,8076.0,54136,8076.5,1078720,15899,197067,-181168,-1024584,0.5
1900-01-25 18:27:00,8061.5,249005,8062.0,59066,28972,722439,-693467,189939,0.5
1900-01-25 18:27:15,8075.5,101704,8076.0,717246,244023,109168,134855,-615542,0.5
1900-01-25 18:27:30,8075.5,85770,8076.0,858958,19515,45661,-26146,-773188,0.5
1900-01-25 18:27:45,8075.0,7105,8075.5,1262996,130,32727,-32597,-1255891,0.5
1900-01-25 18:28:00,8072.0,575931,8072.5,283382,19993,20521,-528,292549,0.5
1900-01-25 18:28:15,8072.0,731841,8072.5,409127,153421,7547,145874,322714,0.5
1900-01-25 18:28:30,8067.5,202474,8068.0,453305,56500,66937,-10437,-250831,0.5
1900-01-25 18:28:45,8068.0,842064,8068.5,28614,112905,82830,30075,813450,0.5
1900-01-25 18:29:00,8071.0,963269,8071.5,18355,104318,34221,70097,944914,0.5
1900-01-25 18:29:15,8071.5,1079483,8072.0,28425,13492,216016,-202524,1051058,0.5
1900-01-25 18:29:30,8074.5,317230,8075.0,14203,198780,12180,186600,303027,0.5
1900-01-25 18:29:45,8077.0,13621,8077.5,668116,151269,83763,67506,-654495,0.5
1900-01-25 18:30:00,8075.0,196598,8075.5,276703,188873,67678,121195,-80105,0.5
1900-01-25 18:30:15,8075.0,100846,8075.5,743675,11151,64631,-53480,-642829,0.5
1900-01-25 18:30:30,8075.0,36645,8075.5,867688,2235,24318,-22083,-831043,0.5
1900-01-25 18:30:45,8074.0,151342,8074.5,544023,10117,31017,-20900,-392681,0.5
1900-01-25 18:31:00,8071.5,6315,8072.0,474422,4010,148938,-144928,-468107,0.5
1900-01-25 18:31:15,8067.5,523982,8068.0,388490,39061,108103,-69042,135492,0.5
1900-01-25 18:31:30,8069.0,1107143,8069.5,32503,54150,13489,40661,1074640,0.5
1900-01-25 18:31:45,8072.0,1000064,8072.5,70358,16438,29418,-12980,929706,0.5
1900-01-25 18:32:00,8074.0,343075,8074.5,207804,168163,15445,152718,135271,0.5
1900-01-25 18:32:15,8074.0,317722,8074.5,330977,7347,32001,-24654,-13255,0.5
1900-01-25 18:32:30,8071.0,594619,8071.5,140685,12187,105854,-93667,453934,0.5
1900-01-25 18:32:45,8071.0,965364,8071.5,45783,18849,17990,859,919581,0.5
1900-01-25 18:33:00,8074.5,667958,8075.0,101445,85062,12150,72912,566513,0.5
1900-01-25 18:33:15,8078.0,643231,8078.5,22266,86337,2001,84336,620965,0.5
1900-01-25 18:33:30,8082.0,808915,8082.5,62568,215382,12000,203382,746347,0.5
1900-01-25 18:33:45,8084.5,658507,8085.0,138863,240134,226,239908,519644,0.5
1900-01-25 18:34:00,8084.5,616152,8085.0,130738,108941,2316,106625,485414,0.5
1900-01-25 18:34:15,8084.5,226362,8085.0,409837,50760,64534,-13774,-183475,0.5
1900-01-25 18:34:30,8084.5,443791,8085.0,376375,4197,67576,-63379,67416,0.5
1900-01-25 18:34:45,8089.5,1302121,8090.0,50524,167421,8383,159038,1251597,0.5
1900-01-25 18:35:00,8103.0,539388,8103.5,40938,251498,16404,235094,498450,0.5
1900-01-25 18:35:15,8096.0,319749,8096.5,422805,216105,35447,180658,-103056,0.5
1900-01-25 18:35:30,8096.0,99684,8096.5,468563,34133,93345,-59212,-368879,0.5
1900-01-25 18:35:45,8093.5,1753,8094.0,549569,126193,171798,-45605,-547816,0.5
1900-01-25 18:36:00,8089.0,150024,8089.5,615818,6008,114578,-108570,-465794,0.5
1900-01-25 18:36:15,8087.5,627355,8088.0,122071,22902,177105,-154203,505284,0.5
1900-01-25 18:36:30,8095.0,581347,8095.5,103719,149408,11016,138392,477628,0.5
1900-01-25 18:36:45,8099.0,428936,8099.5,164312,72756,2206,70550,264624,0.5
1900-01-25 18:37:00,8101.0,678384,8101.5,115338,150677,13073,137604,563046,0.5
1900-01-25 18:37:15,8099.5,151231,8100.0,643743,28549,82554,-54005,-492512,0.5
1900-01-25 18:37:30,8099.5,214728,8100.0,745213,8447,49809,-41362,-530485,0.5
1900-01-25 18:37:45,8090.0,521837,8090.5,417156,1878,153818,-151940,104681,0.5
1900-01-25 18:38:00,8090.0,463403,8090.5,298249,8360,157435,-149075,165154,0.5
1900-01-25 18:38:15,8083.5,789054,8084.0,323271,29733,79522,-49789,465783,0.5
1900-01-25 18:38:30,8083.5,160662,8084.0,334784,4572,176737,-172165,-174122,0.5
1900-01-25 18:38:45,8083.5,562311,8084.0,484102,3184,27632,-24448,78209,0.5
1900-01-25 18:39:00,8083.5,629307,8084.0,191665,9714,184691,-174977,437642,0.5
1900-01-25 18:39:15,8090.5,993688,8091.0,79438,18063,11863,6200,914250,0.5
1900-01-25 18:39:30,8090.5,986118,8091.0,90628,29813,44865,-15052,895490,0.5
1900-01-25 18:39:45,8090.5,285805,8091.0,701454,11956,2875,9081,-415649,0.5
1900-01-25 18:40:00,8090.5,346900,8091.0,1051288,1030,35946,-34916,-704388,0.5
1900-01-25 18:40:15,8090.5,218565,8091.0,786698,4275,14483,-10208,-568133,0.5
1900-01-25 18:40:30,8090.0,10540,8090.5,1290535,450,113051,-112601,-1279995,0.5
1900-01-25 18:40:45,8084.0,817635,8084.5,380122,7860,10304,-2444,437513,0.5
1900-01-25 18:41:00,8084.0,906589,8084.5,386308,12943,10876,2067,520281,0.5
1900-01-25 18:41:15,8084.5,1010533,8085.0,137173,119000,21000,98000,873360,0.5
1900-01-25 18:41:30,8085.5,873201,8086.0,14511,120486,4950,115536,858690,0.5
1900-01-25 18:41:45,8085.5,312232,8086.0,784296,9934,2627,7307,-472064,0.5
1900-01-25 18:42:00,8085.5,962928,8086.0,122346,20198,2627,17571,840582,0.5
1900-01-25 18:42:15,8085.5,41075,8086.0,1092321,9363,156478,-147115,-1051246,0.5
1900-01-25 18:42:30,8084.0,445822,8084.5,823550,6375,111636,-105261,-377728,0.5
1900-01-25 18:42:45,8084.0,761516,8084.5,512060,200,24450,-24250,249456,0.5
1900-01-25 18:43:00,8084.0,831122,8084.5,167903,52347,1010,51337,663219,0.5
1900-01-25 18:43:15,8084.0,1028828,8084.5,126469,13386,1290,12096,902359,0.5
1900-01-25 18:43:30,8084.5,1045607,8085.0,36139,19130,2877,16253,1009468,0.5
1900-01-25 18:43:45,8085.5,748192,8086.0,368805,27041,1600,25441,379387,0.5
1900-01-25 18:44:00,8085.5,71062,8086.0,1062935,43378,53670,-10292,-991873,0.5
1900-01-25 18:44:15,8085.5,11639,8086.0,1189410,2275,15965,-13690,-1177771,0.5
1900-01-25 18:44:30,8085.5,30898,8086.0,997700,2275,75260,-72985,-966802,0.5
1900-01-25 18:44:45,8085.5,8633,8086.0,1057403,3502,9170,-5668,-1048770,0.5
1900-01-25 18:45:00,8084.0,579271,8084.5,669069,35475,19452,16023,-89798,0.5
1900-01-25 18:45:15,8084.0,412262,8084.5,884128,4010,6892,-2882,-471866,0.5
1900-01-25 18:45:30,8084.0,158599,8084.5,1043106,4010,309066,-305056,-884507,0.5
1900-01-25 18:45:45,8080.0,67318,8080.5,1077936,4010,210027,-206017,-1010618,0.5
1900-01-25 18:46:00,8078.5,498383,8079.0,510307,300,58744,-58444,-11924,0.5
1900-01-25 18:46:15,8078.5,1081366,8079.0,34586,18366,6535,11831,1046780,0.5
1900-01-25 18:46:30,8077.5,117513,8078.0,477725,20524,24841,-4317,-360212,0.5
1900-01-25 18:46:45,8077.0,144091,8077.5,564067,11823,15292,-3469,-419976,0.5
1900-01-25 18:47:00,8077.0,734292,8077.5,248625,4912,6736,-1824,485667,0.5
1900-01-25 18:47:15,8077.0,777744,8077.5,204634,72993,735,72258,573110,0.5
1900-01-25 18:47:30,8077.0,614505,8077.5,384554,21904,12584,9320,229951,0.5
1900-01-25 18:47:45,8077.0,752647,8077.5,398657,73,87050,-86977,353990,0.5
1900-01-25 18:48:00,8077.0,1254605,8077.5,115340,27070,8850,18220,1139265,0.5
1900-01-25 18:48:15,8079.0,1102056,8079.5,123503,143181,2670,140511,978553,0.5
1900-01-25 18:48:30,8082.5,752380,8083.0,19,17801,6717,11084,752361,0.5
1900-01-25 18:48:45,8083.0,833548,8083.5,66531,1995,1493,502,767017,0.5
1900-01-25 18:49:00,8083.0,768599,8083.5,495206,9104,10,9094,273393,0.5
1900-01-25 18:49:15,8089.5,536665,8090.0,918831,37427,5987,31440,-382166,0.5
1900-01-25 18:49:30,8089.5,771381,8090.0,120122,249700,632,249068,651259,0.5
1900-01-25 18:49:45,8089.5,451728,8090.0,739356,28749,36463,-7714,-287628,0.5
1900-01-25 18:50:00,8089.5,332415,8090.0,517052,133961,14102,119859,-184637,0.5
1900-01-25 18:50:15,8089.5,677804,8090.0,306951,29570,6593,22977,370853,0.5
1900-01-25 18:50:30,8089.5,585730,8090.0,312813,14191,235,13956,272917,0.5
1900-01-25 18:50:45,8089.5,747601,8090.0,196858,4601,235,4366,550743,0.5
1900-01-25 18:51:00,8089.5,577907,8090.0,55017,31239,200,31039,522890,0.5
1900-01-25 18:51:15,8092.5,618211,8093.0,47128,137652,42400,95252,571083,0.5
1900-01-25 18:51:30,8092.5,188915,8093.0,509008,24769,20259,4510,-320093,0.5
1900-01-25 18:51:45,8092.5,224042,8093.0,650495,31737,8292,23445,-426453,0.5
1900-01-25 18:52:00,8090.0,171187,8090.5,458712,20501,6519,13982,-287525,0.5
1900-01-25 18:52:15,8089.5,157692,8090.0,807262,15321,29337,-14016,-649570,0.5
1900-01-25 18:52:30,8089.5,64867,8090.0,807416,5367,97565,-92198,-742549,0.5
1900-01-25 18:52:45,8085.5,481294,8086.0,421311,3467,87053,-83586,59983,0.5
1900-01-25 18:53:00,8085.5,354778,8086.0,828902,1000,40505,-39505,-474124,0.5
1900-01-25 18:53:15,8085.5,689025,8086.0,450485,10000,4315,5685,238540,0.5
1900-01-25 18:53:30,8085.5,706212,8086.0,121241,9659,2120,7539,584971,0.5
1900-01-25 18:53:45,8093.0,588911,8093.5,234938,248459,7106,241353,353973,0.5
1900-01-25 18:54:00,8093.0,680604,8093.5,57268,15443,9668,5775,623336,0.5
1900-01-25 18:54:15,8094.5,807799,8095.0,75415,145688,7975,137713,732384,0.5
1900-01-25 18:54:30,8095.5,999545,8096.0,47349,42705,4035,38670,952196,0.5
1900-01-25 18:54:45,8094.5,135767,8095.0,467031,37411,2274,35137,-331264,0.5
1900-01-25 18:55:00,8094.5,769240,8095.0,144724,30462,14179,16283,624516,0.5
1900-01-25 18:55:15,8094.5,158091,8095.0,730608,26043,183,25860,-572517,0.5
1900-01-25 18:55:30,8090.5,552819,8091.0,290288,5900,21047,-15147,262531,0.5
1900-01-25 18:55:45,8090.5,653840,8091.0,415329,16699,18683,-1984,238511,0.5
1900-01-25 18:56:00,8094.0,158248,8094.5,706674,51477,51310,167,-548426,0.5
1900-01-25 18:56:15,8094.0,827940,8094.5,165408,4991,2000,2991,662532,0.5
1900-01-25 18:56:30,8094.0,950383,8094.5,119141,6285,1,6284,831242,0.5
1900-01-25 18:56:45,8094.0,791965,8094.5,396947,19514,3436,16078,395018,0.5
1900-01-25 18:57:00,8094.0,922583,8094.5,313746,10401,1000,9401,608837,0.5
1900-01-25 18:57:15,8091.0,59970,8091.5,725367,16152,22927,-6775,-665397,0.5
1900-01-25 18:57:30,8088.5,4017,8089.0,573749,7108,135553,-128445,-569732,0.5
1900-01-25 18:57:45,8086.0,86673,8086.5,733318,3995,52575,-48580,-646645,0.5
1900-01-25 18:58:00,8086.0,37493,8086.5,739544,2060,35387,-33327,-702051,0.5
1900-01-25 18:58:30,8086.0,711177,8086.5,356292,18099,777,17322,354885,0.5
1900-01-25 18:58:45,8086.0,773231,8086.5,167616,20270,777,19493,605615,0.5
1900-01-25 18:59:00,8086.5,697553,8087.0,310967,764368,275,764093,386586,0.5
1900-01-25 18:59:15,8086.5,734498,8087.0,265399,57178,1500,55678,469099,0.5
1900-01-25 18:59:30,8086.5,707124,8087.0,351252,64779,1000,63779,355872,0.5
1900-01-25 18:59:45,8082.0,5025,8085.0,561469,41401,10552,30849,-556444,3.0
1900-01-25 19:00:00,8080.0,44321,8080.5,692218,3507,62314,-58807,-647897,0.5
1900-01-25 19:00:15,8076.0,840024,8076.5,312917,103914,266592,-162678,527107,0.5
1900-01-25 19:00:30,8078.0,791092,8078.5,138918,100980,83516,17464,652174,0.5
1900-01-25 19:00:45,8078.0,956718,8078.5,176510,34795,1396,33399,780208,0.5
1900-01-25 19:01:00,8078.0,708055,8078.5,314571,34986,610,34376,393484,0.5
1900-01-25 19:01:15,8078.0,429557,8078.5,318923,11381,104154,-92773,110634,0.5
1900-01-25 19:01:30,8070.5,2813,8071.0,736627,263,83231,-82968,-733814,0.5
1900-01-25 19:01:45,8073.0,422569,8073.5,191494,198721,233629,-34908,231075,0.5
1900-01-25 19:02:00,8068.0,72711,8068.5,577995,42725,157278,-114553,-505284,0.5
1900-01-25 19:02:15,8068.0,128801,8068.5,673911,21840,76745,-54905,-545110,0.5
1900-01-25 19:02:30,8067.0,40760,8067.5,654100,43260,180305,-137045,-613340,0.5
1900-01-25 19:02:45,8063.0,19703,8063.5,779965,24749,246210,-221461,-760262,0.5
1900-01-25 19:03:00,8060.5,216154,8061.0,931910,7955,191221,-183266,-715756,0.5
1900-01-25 19:03:15,8060.5,751407,8061.0,35578,65917,242374,-176457,715829,0.5
1900-01-25 19:03:30,8066.5,114919,8067.0,463254,114916,64864,50052,-348335,0.5
1900-01-25 19:03:45,8058.0,487089,8058.5,286233,26795,227581,-200786,200856,0.5
1900-01-25 19:04:00,8058.0,817839,8058.5,15648,65544,62765,2779,802191,0.5
1900-01-25 19:04:15,8062.5,98570,8063.0,579154,78642,24456,54186,-480584,0.5
1900-01-25 19:04:30,8056.0,14443,8056.5,302196,14271,152923,-138652,-287753,0.5
1900-01-25 19:04:45,8056.0,605407,8056.5,208,58505,154441,-95936,605199,0.5
1900-01-25 19:05:00,8060.0,124473,8060.5,565607,70109,73598,-3489,-441134,0.5
1900-01-25 19:05:15,8057.5,480390,8058.0,279451,41999,119306,-77307,200939,0.5
1900-01-25 19:05:30,8054.0,521493,8054.5,351131,18063,92102,-74039,170362,0.5
1900-01-25 19:05:45,8056.0,770737,8056.5,503752,197888,78972,118916,266985,0.5
1900-01-25 19:06:00,8056.0,156489,8056.5,603044,39558,2900,36658,-446555,0.5
1900-01-25 19:06:15,8053.5,220810,8054.0,665445,41501,75092,-33591,-444635,0.5
1900-01-25 19:06:30,8053.5,204494,8054.0,690399,49300,157356,-108056,-485905,0.5
1900-01-25 19:06:45,8053.5,604868,8054.0,165966,17500,17771,-271,438902,0.5
1900-01-25 19:07:00,8060.5,75154,8061.0,709474,178937,8657,170280,-634320,0.5
1900-01-25 19:07:15,8056.0,583748,8056.5,67617,68210,85626,-17416,516131,0.5
1900-01-25 19:07:30,8057.0,151360,8057.5,699695,18314,8416,9898,-548335,0.5
1900-01-25 19:07:45,8057.0,148990,8057.5,500578,105143,62676,42467,-351588,0.5
1900-01-25 19:08:00,8057.0,192722,8057.5,640627,6604,22374,-15770,-447905,0.5
1900-01-25 19:08:15,8057.0,115830,8057.5,756112,124751,59839,64912,-640282,0.5
1900-01-25 19:08:30,8057.0,593237,8057.5,382055,3228,49737,-46509,211182,0.5
1900-01-25 19:08:45,8057.0,39977,8057.5,1161471,19700,291682,-271982,-1121494,0.5
1900-01-25 19:09:00,8056.0,231465,8056.5,892534,2225,44311,-42086,-661069,0.5
1900-01-25 19:09:15,8053.5,49954,8054.0,1043398,4327,58405,-54078,-993444,0.5
1900-01-25 19:09:30,8036.0,796861,8039.0,10000,33573,1535844,-1502271,786861,3.0
1900-01-25 19:09:45,8029.0,2637,8029.5,6000,393731,2080898,-1687167,-3363,0.5
1900-01-25 19:10:00,8039.5,110331,8040.0,1555537,710816,150860,559956,-1445206,0.5
1900-01-25 19:10:15,8035.0,79151,8035.5,622940,568692,131927,436765,-543789,0.5
1900-01-25 19:10:30,8034.0,149096,8034.5,727197,229395,100920,128475,-578101,0.5
1900-01-25 19:10:45,8029.5,66115,8030.0,723741,78879,602945,-524066,-657626,0.5
1900-01-25 19:11:00,8029.0,51199,8029.5,991571,40568,128171,-87603,-940372,0.5
1900-01-25 19:11:15,8014.0,133583,8014.5,38561,44487,1206961,-1162474,95022,0.5
1900-01-25 19:11:30,8017.5,87706,8018.0,162505,831295,402074,429221,-74799,0.5
1900-01-25 19:11:45,8020.5,291940,8021.0,92397,413236,130782,282454,199543,0.5
1900-01-25 19:12:00,8021.5,239850,8022.0,633922,428892,30481,398411,-394072,0.5
1900-01-25 19:12:15,8027.5,26802,8028.0,21637,246948,16808,230140,5165,0.5
1900-01-25 19:12:30,8033.5,157786,8034.0,609150,279176,23433,255743,-451364,0.5
1900-01-25 19:12:45,8035.5,966896,8036.0,185015,242314,48878,193436,781881,0.5
1900-01-25 19:13:00,8035.5,1317392,8036.0,229455,152366,66422,85944,1087937,0.5
1900-01-25 19:13:15,8039.0,1219621,8039.5,21815,307903,10931,296972,1197806,0.5
1900-01-25 19:13:30,8042.0,592469,8042.5,452546,375688,51138,324550,139923,0.5
1900-01-25 19:13:45,8046.0,515908,8046.5,70277,115370,20106,95264,445631,0.5
1900-01-25 19:14:00,8046.0,757318,8046.5,378650,224885,5868,219017,378668,0.5
1900-01-25 19:14:15,8044.5,2835,8045.0,444361,69353,219465,-150112,-441526,0.5
1900-01-25 19:14:30,8037.0,114774,8037.5,324396,12037,341364,-329327,-209622,0.5
1900-01-25 19:14:45,8035.0,927016,8035.5,123615,17499,60199,-42700,803401,0.5
1900-01-25 19:15:00,8043.0,542444,8043.5,3587,101883,9017,92866,538857,0.5
1900-01-25 19:15:15,8046.0,637672,8046.5,206630,37230,20208,17022,431042,0.5
1900-01-25 19:15:30,8035.0,826941,8035.5,150966,23544,171490,-147946,675975,0.5
1900-01-25 19:15:45,8035.0,801696,8035.5,242854,18685,42408,-23723,558842,0.5
1900-01-25 19:16:00,8040.5,166350,8041.0,816836,56459,100240,-43781,-650486,0.5
1900-01-25 19:16:15,8038.0,258065,8038.5,865544,135818,62157,73661,-607479,0.5
1900-01-25 19:16:30,8036.5,616276,8037.0,754324,7379,155530,-148151,-138048,0.5
1900-01-25 19:16:45,8028.0,513347,8028.5,371442,9299,628373,-619074,141905,0.5
1900-01-25 19:17:00,8036.5,103858,8037.0,26000,109522,76329,33193,77858,0.5
1900-01-25 19:17:15,8043.5,497870,8044.0,472844,35890,17455,18435,25026,0.5
1900-01-25 19:17:30,8043.5,297021,8044.0,819002,100026,26656,73370,-521981,0.5
1900-01-25 19:17:45,8043.5,412330,8044.0,992850,2075,145027,-142952,-580520,0.5
1900-01-25 19:18:00,8043.5,548747,8044.0,566377,21695,117760,-96065,-17630,0.5
1900-01-25 19:18:15,8045.0,1033500,8045.5,147735,177025,14153,162872,885765,0.5
1900-01-25 19:18:30,8049.5,962148,8050.0,101128,194268,3452,190816,861020,0.5
1900-01-25 19:18:45,8051.5,462962,8052.0,615646,382183,10738,371445,-152684,0.5
1900-01-25 19:19:00,8045.5,3454,8046.0,441200,88841,173863,-85022,-437746,0.5
1900-01-25 19:19:15,8045.5,979192,8046.0,10329,22043,138009,-115966,968863,0.5
1900-01-25 19:19:30,8048.5,1058528,8049.0,68723,57302,1900,55402,989805,0.5
1900-01-25 19:19:45,8048.5,829403,8049.0,54913,89998,21056,68942,774490,0.5
1900-01-25 19:20:00,8048.5,293953,8049.0,777930,53823,120049,-66226,-483977,0.5
1900-01-25 19:20:15,8045.0,594766,8045.5,437974,23749,251843,-228094,156792,0.5
1900-01-25 19:20:30,8048.5,619279,8049.0,82666,98366,52858,45508,536613,0.5
1900-01-25 19:20:45,8048.5,724411,8049.0,49478,40314,182920,-142606,674933,0.5
1900-01-25 19:21:00,8049.5,1099340,8050.0,279572,626116,2751,623365,819768,0.5
1900-01-25 19:21:15,8053.0,1380008,8053.5,13696,111882,8483,103399,1366312,0.5
1900-01-25 19:21:30,8053.5,1528719,8054.0,126175,200100,3804,196296,1402544,0.5
1900-01-25 19:21:45,8053.5,603924,8054.0,581781,82223,1352,80871,22143,0.5
1900-01-25 19:22:00,8053.5,323678,8054.0,829168,2403,318103,-315700,-505490,0.5
1900-01-25 19:22:15,8053.5,741926,8054.0,107357,7510,43176,-35666,634569,0.5
1900-01-25 19:22:30,8056.0,1169882,8056.5,15803,48667,87700,-39033,1154079,0.5
1900-01-25 19:22:45,8053.5,125403,8054.0,678495,2600,97156,-94556,-553092,0.5
1900-01-25 19:23:00,8053.0,1359584,8053.5,110961,2120,56568,-54448,1248623,0.5
1900-01-25 19:23:15,8055.0,742378,8055.5,320,45503,200974,-155471,742058,0.5
1900-01-25 19:23:30,8056.0,769011,8056.5,7266,21374,621,20753,761745,0.5
1900-01-25 19:23:45,8058.5,736787,8059.0,785406,38096,4013,34083,-48619,0.5
1900-01-25 19:24:00,8058.5,918534,8059.0,156835,57515,13206,44309,761699,0.5
1900-01-25 19:24:15,8057.5,130015,8058.0,822388,73648,16337,57311,-692373,0.5
1900-01-25 19:24:30,8056.0,171187,8056.5,808476,3782,43767,-39985,-637289,0.5
1900-01-25 19:24:45,8053.0,49478,8053.5,715055,33510,47289,-13779,-665577,0.5
1900-01-25 19:25:00,8053.0,28211,8053.5,773032,3633,8330,-4697,-744821,0.5
1900-01-25 19:25:15,8050.0,535792,8050.5,327494,1744,57149,-55405,208298,0.5
1900-01-25 19:25:30,8050.0,294902,8050.5,436099,983,29234,-28251,-141197,0.5
1900-01-25 19:25:45,8050.0,825755,8050.5,18683,51690,70881,-19191,807072,0.5
1900-01-25 19:26:00,8051.5,696730,8052.0,221708,21231,23147,-1916,475022,0.5
1900-01-25 19:26:15,8051.5,735322,8052.0,185290,34342,20,34322,550032,0.5
1900-01-25 19:26:30,8051.5,1008629,8052.0,78254,102795,5573,97222,930375,0.5
1900-01-25 19:26:45,8052.0,1723040,8052.5,900,32476,50,32426,1722140,0.5
1900-01-25 19:27:00,8057.0,1227427,8057.5,37331,68369,909,67460,1190096,0.5
1900-01-25 19:27:15,8057.0,27020,8057.5,1085442,14379,40613,-26234,-1058422,0.5
1900-01-25 19:27:30,8052.0,667259,8052.5,454844,3847,16718,-12871,212415,0.5
1900-01-25 19:27:45,8052.0,42931,8052.5,793299,1450,9758,-8308,-750368,0.5
1900-01-25 19:28:00,8047.0,742472,8047.5,355602,5450,180500,-175050,386870,0.5
1900-01-25 19:28:15,8047.0,656051,8047.5,374419,6739,15822,-9083,281632,0.5
1900-01-25 19:28:30,8047.0,360564,8047.5,343427,52000,51075,925,17137,0.5
1900-01-25 19:28:45,8047.0,437605,8047.5,402684,6590,22000,-15410,34921,0.5
1900-01-25 19:29:00,8047.0,724658,8047.5,295918,6325,94564,-88239,428740,0.5
1900-01-25 19:29:15,8046.5,209,8047.0,1071005,3025,59792,-56767,-1070796,0.5
1900-01-25 19:29:30,8040.5,814007,8041.0,332277,1520,114901,-113381,481730,0.5
1900-01-25 19:29:45,8040.5,862276,8041.0,298599,35195,55691,-20496,563677,0.5
1900-01-25 19:30:00,8040.5,647932,8041.0,430838,5516,7070,-1554,217094,0.5
1900-01-25 19:30:15,8040.5,140037,8041.0,621843,27575,19235,8340,-481806,0.5
1900-01-25 19:30:30,8040.0,159692,8040.5,964696,9001,60571,-51570,-805004,0.5
1900-01-25 19:30:45,8040.0,848960,8040.5,292451,8336,84498,-76162,556509,0.5
1900-01-25 19:31:00,8040.0,686251,8040.5,422564,31690,209054,-177364,263687,0.5
1900-01-25 19:31:15,8047.5,570118,8048.0,16264,36685,1189,35496,553854,0.5
1900-01-25 19:31:30,8049.0,741376,8049.5,90511,39675,16386,23289,650865,0.5
1900-01-25 19:31:45,8049.0,1133436,8049.5,2952,8093,122,7971,1130484,0.5
1900-01-25 19:32:00,8049.5,40275,8050.0,1369847,11377,9841,1536,-1329572,0.5
1900-01-25 19:32:15,8044.5,3054,8045.0,774002,5973,38750,-32777,-770948,0.5
1900-01-25 19:32:30,8044.0,1072984,8044.5,152985,79965,13222,66743,919999,0.5
1900-01-25 19:32:45,8044.0,1210528,8044.5,191970,26259,110,26149,1018558,0.5
1900-01-25 19:33:00,8044.0,1084061,8044.5,175907,20892,58987,-38095,908154,0.5
1900-01-25 19:33:15,8049.5,156943,8050.0,739602,235134,2688,232446,-582659,0.5
1900-01-25 19:33:30,8044.5,4052,8045.0,842028,9433,70005,-60572,-837976,0.5
1900-01-25 19:33:45,8044.0,247633,8044.5,727558,2149,1318,831,-479925,0.5
1900-01-25 19:34:00,8044.0,932333,8044.5,402487,5000,840,4160,529846,0.5
1900-01-25 19:34:15,8044.0,1545293,8044.5,44158,34891,200,34691,1501135,0.5
1900-01-25 19:34:30,8048.0,272427,8048.5,699545,5607,5340,267,-427118,0.5
1900-01-25 19:34:45,8048.0,71774,8048.5,752681,7941,7966,-25,-680907,0.5
1900-01-25 19:35:00,8044.0,73177,8044.5,1269251,87,107450,-107363,-1196074,0.5
1900-01-25 19:35:15,8040.0,245090,8040.5,848794,2560,53109,-50549,-603704,0.5
1900-01-25 19:35:30,8038.5,3176,8039.0,1014715,33,102634,-102601,-1011539,0.5
1900-01-25 19:35:45,8036.5,868204,8037.0,202616,15737,40549,-24812,665588,0.5
1900-01-25 19:36:00,8036.5,1241348,8037.0,274581,16353,1542,14811,966767,0.5
1900-01-25 19:36:15,8039.5,869701,8040.0,400094,75898,7913,67985,469607,0.5
1900-01-25 19:36:30,8039.5,683206,8040.0,662226,3235,10341,-7106,20980,0.5
1900-01-25 19:36:45,8039.5,953628,8040.0,659017,26318,26926,-608,294611,0.5
1900-01-25 19:37:00,8038.5,200415,8039.0,880065,39179,133621,-94442,-679650,0.5
1900-01-25 19:37:15,8035.5,782460,8036.0,464597,3485,45529,-42044,317863,0.5
1900-01-25 19:37:30,8035.5,792898,8036.0,995126,4090,116606,-112516,-202228,0.5
1900-01-25 19:37:45,8035.5,741966,8036.0,1055174,684,4250,-3566,-313208,0.5
1900-01-25 19:38:00,8035.5,704547,8036.0,524069,4056,4250,-194,180478,0.5
1900-01-25 19:38:15,8035.5,1124648,8036.0,153957,102772,2400,100372,970691,0.5
1900-01-25 19:38:30,8035.5,775875,8036.0,394861,23480,57562,-34082,381014,0.5
1900-01-25 19:38:45,8035.5,589729,8036.0,442247,1464,1025,439,147482,0.5
1900-01-25 19:39:00,8035.5,397739,8036.0,630291,509,99799,-99290,-232552,0.5
1900-01-25 19:39:15,8035.5,841804,8036.0,363613,1802,8548,-6746,478191,0.5
1900-01-25 19:39:30,8035.5,1094322,8036.0,194277,19276,30730,-11454,900045,0.5
1900-01-25 19:39:45,8035.5,1308142,8036.0,41704,59992,3980,56012,1266438,0.5
1900-01-25 19:40:00,8035.5,1060629,8036.0,384156,15494,2000,13494,676473,0.5
1900-01-25 19:40:15,8035.5,1001675,8036.0,426993,13097,21348,-8251,574682,0.5
1900-01-25 19:40:30,8035.5,1004848,8036.0,411257,23388,1477,21911,593591,0.5
1900-01-25 19:40:45,8035.5,1028748,8036.0,398649,1969,660,1309,630099,0.5
1900-01-25 19:41:00,8035.5,1016288,8036.0,397626,2156,12656,-10500,618662,0.5
1900-01-25 19:41:15,8035.5,1017197,8036.0,453636,10386,9802,584,563561,0.5
1900-01-25 19:41:30,8035.5,1049524,8036.0,496435,5035,22148,-17113,553089,0.5
1900-01-25 19:41:45,8035.5,772683,8036.0,853609,6874,16281,-9407,-80926,0.5
1900-01-25 19:42:00,8035.5,652662,8036.0,690012,2015,113433,-111418,-37350,0.5
1900-01-25 19:42:15,8034.0,12539,8034.5,983396,10494,254074,-243580,-970857,0.5
1900-01-25 19:42:30,8033.5,12000,8034.0,3835,123858,57311,66547,8165,0.5
1900-01-25 19:42:45,8035.5,157978,8036.0,466863,58022,30718,27304,-308885,0.5
1900-01-25 19:43:00,8035.5,113078,8036.0,759678,8927,32013,-23086,-646600,0.5
1900-01-25 19:43:15,8035.5,378055,8036.0,936136,9810,2642,7168,-558081,0.5
1900-01-25 19:43:30,8035.5,501192,8036.0,408093,2506,811,1695,93099,0.5
1900-01-25 19:43:45,8035.5,142255,8036.0,1107031,4734,117671,-112937,-964776,0.5
1900-01-25 19:44:00,8031.0,714188,8031.5,10930,24727,81812,-57085,703258,0.5
1900-01-25 19:44:15,8035.5,802439,8036.0,240542,32598,17319,15279,561897,0.5
1900-01-25 19:44:30,8035.5,992110,8036.0,172988,51126,43726,7400,819122,0.5
1900-01-25 19:44:45,8046.5,625806,8047.0,477625,198208,12323,185885,148181,0.5
1900-01-25 19:45:00,8046.5,541166,8047.0,251,114593,61646,52947,540915,0.5
1900-01-25 19:45:15,8054.0,242644,8054.5,428776,238571,24811,213760,-186132,0.5
1900-01-25 19:45:30,8054.0,595112,8054.5,710542,59108,13514,45594,-115430,0.5
1900-01-25 19:45:45,8054.0,839676,8054.5,381009,83045,10818,72227,458667,0.5
1900-01-25 19:46:00,8054.0,1029390,8054.5,311709,43903,309,43594,717681,0.5
1900-01-25 19:46:15,8066.5,528547,8067.0,99933,682684,26823,655861,428614,0.5
1900-01-25 19:46:30,8065.5,328770,8066.0,836306,215396,208507,6889,-507536,0.5
1900-01-25 19:46:45,8065.5,497698,8066.0,916534,42655,30931,11724,-418836,0.5
1900-01-25 19:47:00,8063.5,316618,8064.0,701153,27675,84907,-57232,-384535,0.5
1900-01-25 19:47:15,8063.0,239603,8063.5,701249,64660,136856,-72196,-461646,0.5
1900-01-25 19:47:30,8063.0,691290,8063.5,926660,100956,88225,12731,-235370,0.5
1900-01-25 19:47:45,8063.0,830697,8063.5,769557,129863,1015,128848,61140,0.5
1900-01-25 19:48:00,8063.0,463122,8063.5,873980,18101,48641,-30540,-410858,0.5
1900-01-25 19:48:15,8065.0,204407,8065.5,518311,77212,19302,57910,-313904,0.5
1900-01-25 19:48:30,8065.0,738246,8065.5,67292,28096,33860,-5764,670954,0.5
1900-01-25 19:48:45,8070.0,659027,8070.5,551112,373147,20868,352279,107915,0.5
1900-01-25 19:49:00,8070.0,722952,8070.5,503900,102297,17640,84657,219052,0.5
1900-01-25 19:49:15,8070.0,1335106,8070.5,41967,27650,1926,25724,1293139,0.5
1900-01-25 19:49:30,8072.5,323303,8073.0,737767,266353,14760,251593,-414464,0.5
1900-01-25 19:49:45,8072.5,10661,8073.0,728128,140527,50652,89875,-717467,0.5
1900-01-25 19:50:00,8072.5,374900,8073.0,701138,39962,13156,26806,-326238,0.5
1900-01-25 19:50:15,8070.5,160874,8071.0,693143,50807,86138,-35331,-532269,0.5
1900-01-25 19:50:30,8070.0,492904,8070.5,327732,13927,161610,-147683,165172,0.5
1900-01-25 19:50:45,8071.0,987738,8071.5,24546,9400,53296,-43896,963192,0.5
1900-01-25 19:51:00,8072.0,1176434,8072.5,461990,68120,1460,66660,714444,0.5
1900-01-25 19:51:15,8072.0,1339799,8072.5,181288,215488,830,214658,1158511,0.5
1900-01-25 19:51:30,8072.0,787680,8072.5,705691,78557,27039,51518,81989,0.5
1900-01-25 19:51:45,8072.0,338229,8072.5,708903,43850,6976,36874,-370674,0.5
1900-01-25 19:52:00,8070.0,790479,8070.5,216664,14088,74581,-60493,573815,0.5
1900-01-25 19:52:15,8070.0,422348,8070.5,793960,31769,61800,-30031,-371612,0.5
1900-01-25 19:52:30,8070.0,412880,8070.5,952141,220,8866,-8646,-539261,0.5
1900-01-25 19:52:45,8066.5,210929,8067.0,531041,5847,130912,-125065,-320112,0.5
1900-01-25 19:53:00,8066.5,708530,8067.0,441470,1583,143065,-141482,267060,0.5
1900-01-25 19:53:15,8066.5,201726,8067.0,727050,34964,9118,25846,-525324,0.5
1900-01-25 19:53:30,8066.5,1141990,8067.0,298301,7920,4322,3598,843689,0.5
1900-01-25 19:53:45,8066.5,1409510,8067.0,13931,81743,4020,77723,1395579,0.5
1900-01-25 19:54:00,8069.5,1604911,8070.0,27955,217579,5773,211806,1576956,0.5
1900-01-25 19:54:15,8069.5,1438659,8070.0,42566,48674,25,48649,1396093,0.5
1900-01-25 19:54:30,8069.5,831465,8070.0,572810,10839,18,10821,258655,0.5
1900-01-25 19:54:45,8069.5,1711987,8070.0,10824,7238,11633,-4395,1701163,0.5
1900-01-25 19:55:00,8071.5,1097411,8072.0,157689,31868,60,31808,939722,0.5
1900-01-25 19:55:15,8071.5,689385,8072.0,297320,49101,60,49041,392065,0.5
1900-01-25 19:55:30,8072.0,1167070,8072.5,681783,53634,11520,42114,485287,0.5
1900-01-25 19:55:45,8072.0,872363,8072.5,980697,59786,5500,54286,-108334,0.5
1900-01-25 19:56:00,8072.0,516440,8072.5,986802,3202,2770,432,-470362,0.5
1900-01-25 19:56:15,8072.0,726609,8072.5,1077691,4100,9771,-5671,-351082,0.5
1900-01-25 19:56:30,8072.0,792670,8072.5,1081886,4150,50300,-46150,-289216,0.5
1900-01-25 19:56:45,8072.0,790574,8072.5,1072310,19801,17082,2719,-281736,0.5
1900-01-25 19:57:00,8072.0,923924,8072.5,862935,12651,120660,-108009,60989,0.5
1900-01-25 19:57:15,8072.0,2116926,8072.5,411130,182250,10,182240,1705796,0.5
1900-01-25 19:57:30,8072.5,949382,8073.0,91955,87273,1250,86023,857427,0.5
1900-01-25 19:57:45,8073.5,1158371,8074.0,11448,357226,3738,353488,1146923,0.5
1900-01-25 19:58:00,8078.5,516000,8079.0,395975,328818,29353,299465,120025,0.5
1900-01-25 19:58:15,8078.5,394567,8079.0,557008,74935,36856,38079,-162441,0.5
1900-01-25 19:58:30,8078.5,446106,8079.0,481861,108949,2925,106024,-35755,0.5
1900-01-25 19:58:45,8079.5,489867,8080.0,155221,43593,194,43399,334646,0.5
1900-01-25 19:59:00,8079.5,815217,8080.0,78379,267240,119,267121,736838,0.5
1900-01-25 19:59:15,8079.5,234303,8080.0,447488,33059,18076,14983,-213185,0.5
1900-01-25 19:59:30,8079.0,27149,8079.5,703718,4909,151167,-146258,-676569,0.5
1900-01-25 19:59:45,8078.5,351784,8079.0,514073,22006,27960,-5954,-162289,0.5
1900-01-25 20:00:00,8078.5,817111,8079.0,268024,70162,14125,56037,549087,0.5
1900-01-25 20:00:15,8078.5,879192,8079.0,292418,69211,33152,36059,586774,0.5
1900-01-25 20:00:30,8076.5,16243,8077.0,563347,174648,68442,106206,-547104,0.5
1900-01-25 20:00:45,8072.5,7419,8073.0,451187,3475,66064,-62589,-443768,0.5
1900-01-25 20:01:00,8072.0,193975,8072.5,688764,10215,122697,-112482,-494789,0.5
1900-01-25 20:01:15,8072.0,784803,8072.5,120746,5655,32614,-26959,664057,0.5
1900-01-25 20:01:30,8072.0,929993,8072.5,109622,9749,9336,413,820371,0.5
1900-01-25 20:01:45,8072.0,400802,8072.5,577354,35850,84128,-48278,-176552,0.5
1900-01-25 20:02:00,8066.5,29534,8067.0,431578,1402,150113,-148711,-402044,0.5
1900-01-25 20:02:15,8066.5,765326,8067.0,308007,111260,58031,53229,457319,0.5
1900-01-25 20:02:30,8066.5,767922,8067.0,230456,7786,90724,-82938,537466,0.5
1900-01-25 20:02:45,8066.5,1086654,8067.0,42016,14457,33822,-19365,1044638,0.5
1900-01-25 20:03:00,8065.0,362441,8065.5,705870,35269,422826,-387557,-343429,0.5
1900-01-25 20:03:15,8063.0,7488,8063.5,6348,4554,171016,-166462,1140,0.5
1900-01-25 20:03:30,8061.5,635180,8062.0,293825,13595,261694,-248099,341355,0.5
1900-01-25 20:03:45,8061.5,539021,8062.0,309360,11357,25624,-14267,229661,0.5
1900-01-25 20:04:00,8062.0,1044761,8062.5,3709,161800,5976,155824,1041052,0.5
1900-01-25 20:04:15,8065.5,25085,8066.0,849017,11309,13576,-2267,-823932,0.5
1900-01-25 20:04:30,8065.0,132604,8065.5,685705,94692,72600,22092,-553101,0.5
1900-01-25 20:04:45,8065.0,602203,8065.5,206478,162,123173,-123011,395725,0.5
1900-01-25 20:05:00,8065.0,1062664,8065.5,193779,37875,2153,35722,868885,0.5
1900-01-25 20:05:15,8069.5,420792,8070.0,6435,101204,300,100904,414357,0.5
1900-01-25 20:05:30,8072.5,928920,8073.0,6153,73849,425,73424,922767,0.5
1900-01-25 20:05:45,8073.5,1251709,8074.0,46435,175620,2000,173620,1205274,0.5
1900-01-25 20:06:00,8073.5,1262637,8074.0,8039,34410,22995,11415,1254598,0.5
1900-01-25 20:06:15,8074.5,1209207,8075.0,5900,17850,42559,-24709,1203307,0.5
1900-01-25 20:06:30,8082.0,657813,8082.5,82223,315857,5973,309884,575590,0.5
1900-01-25 20:06:45,8094.5,174220,8095.0,265437,510257,128486,381771,-91217,0.5
1900-01-25 20:07:00,8085.0,1217828,8085.5,1680,172996,364057,-191061,1216148,0.5
1900-01-25 20:07:15,8089.5,801265,8090.0,63242,100675,99385,1290,738023,0.5
1900-01-25 20:07:30,8090.0,944566,8090.5,16749,111335,6620,104715,927817,0.5
1900-01-25 20:07:45,8090.0,289490,8090.5,506537,85497,47458,38039,-217047,0.5
1900-01-25 20:08:00,8090.0,959377,8090.5,171589,209273,130366,78907,787788,0.5
1900-01-25 20:08:15,8090.0,1309489,8090.5,169005,82552,8500,74052,1140484,0.5
1900-01-25 20:08:30,8093.5,2558203,8094.0,1073261,377254,20694,356560,1484942,0.5
1900-01-25 20:08:45,8093.5,1771964,8094.0,552676,539917,1903,538014,1219288,0.5
1900-01-25 20:09:00,8097.5,828568,8098.0,20199,647292,1501,645791,808369,0.5
1900-01-25 20:09:15,8098.5,975079,8099.0,83659,112661,17305,95356,891420,0.5
1900-01-25 20:09:30,8106.5,381317,8107.0,503561,602246,14868,587378,-122244,0.5
1900-01-25 20:09:45,8104.0,102266,8104.5,656770,54534,182398,-127864,-554504,0.5
1900-01-25 20:10:00,8103.5,173753,8104.0,664781,29688,111745,-82057,-491028,0.5
1900-01-25 20:10:15,8103.0,199434,8103.5,801160,23866,79253,-55387,-601726,0.5
1900-01-25 20:10:30,8103.0,211294,8103.5,750273,37334,36404,930,-538979,0.5
1900-01-25 20:10:45,8103.0,17234,8103.5,795040,35464,99768,-64304,-777806,0.5
1900-01-25 20:11:00,8100.0,761851,8100.5,805331,7167,799857,-792690,-43480,0.5
1900-01-25 20:11:15,8099.5,32624,8100.0,1298305,4200,497896,-493696,-1265681,0.5
1900-01-25 20:11:30,8096.0,472032,8096.5,582550,7740,111932,-104192,-110518,0.5
1900-01-25 20:11:45,8096.0,858953,8096.5,242655,32908,76641,-43733,616298,0.5
1900-01-25 20:12:00,8103.0,283459,8103.5,402143,129590,5768,123822,-118684,0.5
1900-01-25 20:12:15,8103.0,437756,8103.5,539128,41064,28339,12725,-101372,0.5
1900-01-25 20:12:30,8104.0,981771,8104.5,20514,64375,253,64122,961257,0.5
1900-01-25 20:12:45,8104.5,533755,8105.0,460711,101712,6304,95408,73044,0.5
1900-01-25 20:13:00,8104.5,355773,8105.0,770476,155625,40589,115036,-414703,0.5
1900-01-25 20:13:15,8104.5,61845,8105.0,1060265,11604,24595,-12991,-998420,0.5
1900-01-25 20:13:30,8093.0,549641,8093.5,342672,65915,435765,-369850,206969,0.5
1900-01-25 20:13:45,8091.0,665008,8091.5,103739,18439,134862,-116423,561269,0.5
1900-01-25 20:14:00,8089.5,4632,8090.0,283431,8944,249563,-240619,-278799,0.5
1900-01-25 20:14:15,8087.5,57105,8088.0,884686,2350,124406,-122056,-827581,0.5
1900-01-25 20:14:30,8087.0,620089,8087.5,332851,115062,75066,39996,287238,0.5
1900-01-25 20:14:45,8094.0,123704,8094.5,547968,157739,54913,102826,-424264,0.5
1900-01-25 20:15:00,8094.0,37999,8094.5,507694,244984,39816,205168,-469695,0.5
1900-01-25 20:15:15,8094.0,10782,8094.5,1057950,10215,13522,-3307,-1047168,0.5
1900-01-25 20:15:30,8090.0,41692,8090.5,568437,4501,23814,-19313,-526745,0.5
1900-01-25 20:15:45,8088.0,25981,8088.5,815050,1990,26482,-24492,-789069,0.5
1900-01-25 20:16:00,8087.0,28892,8087.5,848842,851,28552,-27701,-819950,0.5
1900-01-25 20:16:15,8087.0,711404,8087.5,98644,18405,13876,4529,612760,0.5
1900-01-25 20:16:30,8087.5,1795267,8088.0,24235,56875,21246,35629,1771032,0.5
1900-01-25 20:16:45,8088.0,1073864,8088.5,8372,75289,1541,73748,1065492,0.5
1900-01-25 20:17:00,8089.0,695770,8089.5,12365,16606,8101,8505,683405,0.5
1900-01-25 20:17:15,8090.0,5149,8090.5,933793,42887,19316,23571,-928644,0.5
1900-01-25 20:17:30,8081.5,188571,8082.0,794391,3212,827860,-824648,-605820,0.5
1900-01-25 20:17:45,8080.0,604239,8080.5,339636,8760,117899,-109139,264603,0.5
1900-01-25 20:18:00,8080.5,1234830,8081.0,92727,47816,16150,31666,1142103,0.5
1900-01-25 20:18:15,8082.5,960247,8083.0,201803,130925,9002,121923,758444,0.5
1900-01-25 20:18:30,8085.0,1124736,8085.5,619,10622,22252,-11630,1124117,0.5
1900-01-25 20:18:45,8085.5,1155985,8086.0,44200,6470,22252,-15782,1111785,0.5
1900-01-25 20:19:00,8085.5,1212159,8086.0,6548,52350,22252,30098,1205611,0.5
1900-01-25 20:19:15,8089.5,1095725,8090.0,8834,44368,6503,37865,1086891,0.5
1900-01-25 20:19:30,8089.5,1235608,8090.0,45784,45354,12895,32459,1189824,0.5
1900-01-25 20:19:45,8089.5,521726,8090.0,535960,25893,1350,24543,-14234,0.5
1900-01-25 20:20:00,8089.5,213568,8090.0,668991,72202,13228,58974,-455423,0.5
1900-01-25 20:20:15,8089.5,416757,8090.0,354353,1000,19635,-18635,62404,0.5
1900-01-25 20:20:30,8089.5,854446,8090.0,136631,880,32516,-31636,717815,0.5
1900-01-25 20:20:45,8089.5,394474,8090.0,572600,5090,8923,-3833,-178126,0.5
1900-01-25 20:21:00,8089.5,796344,8090.0,44943,38429,28670,9759,751401,0.5
1900-01-25 20:21:15,8091.5,1200405,8092.0,111949,24174,5418,18756,1088456,0.5
1900-01-25 20:21:30,8091.5,1275380,8092.0,36554,24591,1000,23591,1238826,0.5
1900-01-25 20:21:45,8094.0,30000,8094.5,203472,17178,311,16867,-173472,0.5
1900-01-25 20:22:00,8094.0,1155287,8094.5,8308,76001,2523,73478,1146979,0.5
1900-01-25 20:22:15,8098.0,819912,8098.5,53024,27340,25523,1817,766888,0.5
1900-01-25 20:22:30,8104.5,375432,8105.0,483267,139719,16060,123659,-107835,0.5
1900-01-25 20:22:45,8104.5,726246,8105.0,167721,11064,119212,-108148,558525,0.5
1900-01-25 20:23:00,8104.5,828771,8105.0,393745,30119,11587,18532,435026,0.5
1900-01-25 20:23:15,8104.5,887460,8105.0,128260,88230,34172,54058,759200,0.5
1900-01-25 20:23:30,8106.0,406124,8106.5,526164,28299,7450,20849,-120040,0.5
1900-01-25 20:23:45,8106.0,88101,8106.5,501932,94200,98592,-4392,-413831,0.5
1900-01-25 20:24:00,8104.5,66127,8105.0,576002,93974,164771,-70797,-509875,0.5
1900-01-25 20:24:15,8100.5,31491,8101.0,644196,10221,140617,-130396,-612705,0.5
1900-01-25 20:24:30,8095.5,829578,8096.0,5665,42944,20015,22929,823913,0.5
1900-01-25 20:24:45,8098.0,247628,8098.5,558907,15569,12372,3197,-311279,0.5
1900-01-25 20:25:00,8098.0,855579,8098.5,94697,3316,8127,-4811,760882,0.5
1900-01-25 20:25:15,8102.5,779636,8105.0,57170,68822,25404,43418,722466,2.5
1900-01-25 20:25:30,8104.5,37843,8105.0,603922,25717,86796,-61079,-566079,0.5
1900-01-25 20:25:45,8100.0,121028,8100.5,589893,19273,28184,-8911,-468865,0.5
1900-01-25 20:26:00,8100.0,298678,8100.5,694445,1,80292,-80291,-395767,0.5
1900-01-25 20:26:15,8099.0,66473,8099.5,633946,45055,75878,-30823,-567473,0.5
1900-01-25 20:26:30,8100.0,606457,8100.5,95009,120069,12033,108036,511448,0.5
1900-01-25 20:26:45,8103.5,184316,8104.0,405340,51596,1001,50595,-221024,0.5
1900-01-25 20:27:00,8106.5,593219,8107.0,88959,135443,47854,87589,504260,0.5
1900-01-25 20:27:15,8107.5,154367,8108.0,558455,55197,8806,46391,-404088,0.5
1900-01-25 20:27:30,8107.5,132706,8108.0,644166,10900,31520,-20620,-511460,0.5
1900-01-25 20:27:45,8107.5,239580,8108.0,615157,28846,19683,9163,-375577,0.5
1900-01-25 20:28:00,8107.5,1443042,8108.0,239080,82493,30,82463,1203962,0.5
1900-01-25 20:28:15,8107.5,620456,8108.5,10000,242728,645798,-403070,610456,1.0
1900-01-25 20:28:30,8095.5,733213,8096.0,300255,84276,624741,-540465,432958,0.5
1900-01-25 20:28:45,8104.0,513619,8104.5,8571,187662,59695,127967,505048,0.5
1900-01-25 20:29:00,8102.0,32434,8102.5,633826,157410,48681,108729,-601392,0.5
1900-01-25 20:29:15,8099.0,823,8099.5,259392,10971,19599,-8628,-258569,0.5
1900-01-25 20:29:30,8094.5,4484,8095.0,778417,29841,93185,-63344,-773933,0.5
1900-01-25 20:29:45,8081.0,458664,8081.5,376385,19761,291668,-271907,82279,0.5
1900-01-25 20:30:00,8084.5,913587,8085.0,66329,133342,95512,37830,847258,0.5
1900-01-25 20:30:15,8089.5,189224,8090.0,661714,364199,1299,362900,-472490,0.5
1900-01-25 20:30:30,8087.0,95329,8087.5,748668,90398,61588,28810,-653339,0.5
1900-01-25 20:30:45,8084.5,305073,8085.0,271955,18752,30561,-11809,33118,0.5
1900-01-25 20:31:00,8084.5,251277,8085.0,454440,23373,106409,-83036,-203163,0.5
1900-01-25 20:31:15,8084.0,34889,8084.5,812598,2420,113525,-111105,-777709,0.5
1900-01-25 20:31:30,8068.0,48461,8068.5,219940,13438,341293,-327855,-171479,0.5
1900-01-25 20:31:45,8064.5,632572,8065.0,4568,143762,430641,-286879,628004,0.5
1900-01-25 20:32:00,8075.0,155661,8075.5,468283,274765,10979,263786,-312622,0.5
1900-01-25 20:32:15,8070.5,1198,8071.0,396564,21899,111181,-89282,-395366,0.5
1900-01-25 20:32:30,8065.0,2651,8065.5,863233,3921,136808,-132887,-860582,0.5
1900-01-25 20:32:45,8064.0,513025,8064.5,320109,7563,108073,-100510,192916,0.5
1900-01-25 20:33:00,8070.0,303228,8070.5,4239,285608,36518,249090,298989,0.5
1900-01-25 20:33:15,8074.0,189534,8074.5,704702,104647,17841,86806,-515168,0.5
1900-01-25 20:33:30,8074.0,87549,8074.5,1056001,12061,40343,-28282,-968452,0.5
1900-01-25 20:33:45,8073.5,1968,8074.0,1030584,886,6263,-5377,-1028616,0.5
1900-01-25 20:34:00,8070.5,458949,8071.0,478006,2639,105962,-103323,-19057,0.5
1900-01-25 20:34:15,8070.5,43295,8071.0,902120,40072,30428,9644,-858825,0.5
1900-01-25 20:34:30,8070.5,865598,8071.0,51918,31334,8438,22896,813680,0.5
1900-01-25 20:34:45,8071.5,614545,8072.0,351739,38829,22678,16151,262806,0.5
1900-01-25 20:35:00,8071.5,666775,8072.0,218362,33027,16392,16635,448413,0.5
1900-01-25 20:35:15,8071.5,1063658,8072.0,79723,55080,19720,35360,983935,0.5
1900-01-25 20:35:30,8071.5,1090751,8072.0,456668,113043,5015,108028,634083,0.5
1900-01-25 20:35:45,8071.5,1400794,8072.0,116550,342568,5015,337553,1284244,0.5
1900-01-25 20:36:00,8073.5,1194263,8074.0,69076,139348,2022,137326,1125187,0.5
1900-01-25 20:36:15,8074.0,1145982,8074.5,52126,83465,7560,75905,1093856,0.5
1900-01-25 20:36:30,8074.0,1580890,8074.5,17966,59695,1200,58495,1562924,0.5
1900-01-25 20:36:45,8080.0,695595,8080.5,473475,66361,5010,61351,222120,0.5
1900-01-25 20:37:00,8080.0,801872,8080.5,458104,30093,4089,26004,343768,0.5
1900-01-25 20:37:15,8081.5,1016205,8082.0,80164,127329,1000,126329,936041,0.5
1900-01-25 20:37:30,8083.5,498704,8084.0,526131,141767,27232,114535,-27427,0.5
1900-01-25 20:37:45,8083.5,409002,8084.0,686556,62905,36000,26905,-277554,0.5
1900-01-25 20:38:00,8083.5,357382,8084.0,662270,2501,12744,-10243,-304888,0.5
1900-01-25 20:38:15,8083.5,653959,8084.0,628423,30,60463,-60433,25536,0.5
1900-01-25 20:38:30,8083.5,1286115,8084.0,47119,55551,18755,36796,1238996,0.5
1900-01-25 20:38:45,8087.0,804749,8087.5,11757,32561,2813,29748,792992,0.5
1900-01-25 20:39:00,8087.5,731488,8088.0,10143,130531,1001,129530,721345,0.5
1900-01-25 20:39:15,8090.0,673003,8090.5,20863,75803,1001,74802,652140,0.5
1900-01-25 20:39:30,8092.0,498417,8092.5,522105,19554,4901,14653,-23688,0.5
1900-01-25 20:39:45,8092.0,489775,8092.5,511127,32063,1500,30563,-21352,0.5
1900-01-25 20:40:00,8096.0,168159,8096.5,10515,41614,250,41364,157644,0.5
1900-01-25 20:40:15,8096.0,750492,8096.5,551280,16708,1564,15144,199212,0.5
1900-01-25 20:40:30,8097.0,1638947,8097.5,4361,105425,2803,102622,1634586,0.5
1900-01-25 20:40:45,8097.5,666187,8098.0,610622,32189,199,31990,55565,0.5
1900-01-25 20:41:00,8088.5,42646,8089.0,461148,87301,122448,-35147,-418502,0.5
1900-01-25 20:41:15,8087.5,991790,8088.0,77522,64250,52128,12122,914268,0.5
1900-01-25 20:41:30,8087.5,1395979,8088.0,48348,26664,1020,25644,1347631,0.5
1900-01-25 20:41:45,8090.5,541886,8091.0,223706,57384,930,56454,318180,0.5
1900-01-25 20:42:00,8090.5,856350,8091.0,47662,52220,1759,50461,808688,0.5
1900-01-25 20:42:15,8091.0,816807,8091.5,228,48833,6718,42115,816579,0.5
1900-01-25 20:42:30,8093.5,363451,8094.0,107208,94211,22240,71971,256243,0.5
1900-01-25 20:42:45,8093.5,975539,8094.0,52910,15403,11332,4071,922629,0.5
1900-01-25 20:43:00,8096.5,850686,8097.0,54367,15450,4000,11450,796319,0.5
1900-01-25 20:43:15,8098.0,892667,8098.5,7062,34652,2801,31851,885605,0.5
1900-01-25 20:43:30,8098.5,529090,8099.0,424156,21809,2007,19802,104934,0.5
1900-01-25 20:43:45,8098.5,101924,8099.0,637464,23024,11033,11991,-535540,0.5
1900-01-25 20:44:00,8098.0,108093,8098.5,722843,18273,103470,-85197,-614750,0.5
1900-01-25 20:44:15,8092.5,13998,8093.0,613779,102060,47958,54102,-599781,0.5
1900-01-25 20:44:30,8089.5,567612,8090.0,401729,14634,36007,-21373,165883,0.5
1900-01-25 20:44:45,8089.5,137692,8090.0,1274486,2101,88289,-86188,-1136794,0.5
1900-01-25 20:45:00,8089.5,730274,8090.0,178005,13423,102498,-89075,552269,0.5
1900-01-25 20:45:15,8089.5,807229,8090.0,261379,6095,1300,4795,545850,0.5
1900-01-25 20:45:30,8089.5,63806,8090.0,541901,16545,34747,-18202,-478095,0.5
1900-01-25 20:45:45,8089.5,449811,8090.0,162080,15937,16866,-929,287731,0.5
1900-01-25 20:46:00,8093.0,559299,8093.5,44349,46780,623,46157,514950,0.5
1900-01-25 20:46:15,8093.0,852499,8093.5,41288,4330,623,3707,811211,0.5
1900-01-25 20:46:30,8094.5,629584,8095.0,76366,20863,20,20843,553218,0.5
1900-01-25 20:46:45,8096.5,555494,8097.0,49844,32402,24401,8001,505650,0.5
1900-01-25 20:47:00,8097.5,287832,8098.0,315341,29984,783,29201,-27509,0.5
1900-01-25 20:47:15,8097.5,288466,8098.0,503732,8018,8358,-340,-215266,0.5
1900-01-25 20:47:30,8097.5,338184,8098.0,347836,36570,1120,35450,-9652,0.5
1900-01-25 20:47:45,8097.5,376437,8098.0,530968,6760,11510,-4750,-154531,0.5
1900-01-25 20:48:00,8097.5,576695,8098.0,447853,63058,5952,57106,128842,0.5
1900-01-25 20:48:15,8098.0,606469,8098.5,120599,106840,19462,87378,485870,0.5
1900-01-25 20:48:30,8099.5,758117,8100.0,510291,220418,1311,219107,247826,0.5
1900-01-25 20:48:45,8099.5,892750,8100.0,5149,294681,11144,283537,887601,0.5
1900-01-25 20:49:00,8100.0,1189347,8100.5,114689,101121,11091,90030,1074658,0.5
1900-01-25 20:49:15,8102.5,889261,8103.0,60364,200818,3204,197614,828897,0.5
1900-01-25 20:49:30,8102.0,375250,8102.5,274152,156732,28195,128537,101098,0.5
1900-01-25 20:49:45,8110.0,737889,8110.5,77197,195121,48207,146914,660692,0.5
1900-01-25 20:50:00,8110.0,78956,8110.5,475002,683280,249351,433929,-396046,0.5
1900-01-25 20:50:15,8107.5,45081,8108.0,529397,73981,213685,-139704,-484316,0.5
1900-01-25 20:50:30,8106.0,740986,8106.5,265067,25122,100136,-75014,475919,0.5
1900-01-25 20:50:45,8106.0,267895,8106.5,120660,55951,41377,14574,147235,0.5
1900-01-25 20:51:00,8106.0,541097,8106.5,19933,19040,15226,3814,521164,0.5
1900-01-25 20:51:15,8106.5,880579,8107.0,642,36218,10686,25532,879937,0.5
1900-01-25 20:51:30,8109.0,643787,8109.5,2327,31037,7655,23382,641460,0.5
1900-01-25 20:51:45,8109.5,594917,8110.0,149467,23619,2401,21218,445450,0.5
1900-01-25 20:52:00,8109.5,626268,8110.0,80504,13508,9124,4384,545764,0.5
1900-01-25 20:52:15,8109.5,366897,8110.0,634574,38760,9000,29760,-267677,0.5
1900-01-25 20:52:30,8101.5,25428,8102.0,131827,8550,163577,-155027,-106399,0.5
1900-01-25 20:52:45,8101.0,612590,8101.5,24078,28362,40309,-11947,588512,0.5
1900-01-25 20:53:00,8103.0,378504,8103.5,893084,24384,2806,21578,-514580,0.5
1900-01-25 20:53:15,8103.0,282638,8103.5,945918,55925,4835,51090,-663280,0.5
1900-01-25 20:53:30,8103.0,738858,8103.5,564689,184000,25446,158554,174169,0.5
1900-01-25 20:53:45,8103.0,891480,8103.5,362840,11045,5650,5395,528640,0.5
1900-01-25 20:54:00,8103.0,1066051,8103.5,248080,93724,700,93024,817971,0.5
1900-01-25 20:54:15,8105.0,733486,8105.5,4252,97622,70,97552,729234,0.5
1900-01-25 20:54:30,8106.5,740793,8107.0,26148,19237,100,19137,714645,0.5
1900-01-25 20:54:45,8107.0,141008,8107.5,553234,42489,12356,30133,-412226,0.5
1900-01-25 20:55:00,8105.5,3994,8106.0,587092,24644,24568,76,-583098,0.5
1900-01-25 20:55:15,8105.5,649559,8106.0,22189,95268,28621,66647,627370,0.5
1900-01-25 20:55:30,8109.5,759998,8110.0,391492,155231,595,154636,368506,0.5
1900-01-25 20:55:45,8109.5,780969,8110.0,375491,135785,640,135145,405478,0.5
1900-01-25 20:56:00,8114.5,94784,8115.0,547191,297078,13880,283198,-452407,0.5
1900-01-25 20:56:15,8114.5,82095,8115.0,522757,76481,12105,64376,-440662,0.5
1900-01-25 20:56:30,8114.5,493914,8115.0,270029,11004,13495,-2491,223885,0.5
1900-01-25 20:56:45,8112.5,358587,8113.0,171848,10237,15391,-5154,186739,0.5
1900-01-25 20:57:00,8112.5,178488,8113.0,502831,9763,9000,763,-324343,0.5
1900-01-25 20:57:15,8112.5,109998,8113.0,535081,16381,31403,-15022,-425083,0.5
1900-01-25 20:57:30,8112.5,474191,8113.0,100788,106133,38822,67311,373403,0.5
1900-01-25 20:57:45,8119.5,115461,8120.0,83876,123429,8430,114999,31585,0.5
1900-01-25 20:58:00,8126.5,148756,8127.0,196891,614556,32475,582081,-48135,0.5
1900-01-25 20:58:15,8123.0,5576,8123.5,413040,60647,55779,4868,-407464,0.5
1900-01-25 20:58:30,8119.5,527417,8120.0,209055,38385,76227,-37842,318362,0.5
1900-01-25 20:58:45,8121.0,591717,8121.5,28868,52447,5028,47419,562849,0.5
1900-01-25 20:59:00,8126.5,22409,8127.0,342782,25968,71859,-45891,-320373,0.5
1900-01-25 20:59:15,8126.5,383921,8127.0,150561,141561,49433,92128,233360,0.5
1900-01-25 20:59:30,8126.5,403422,8127.0,327550,6060,26446,-20386,75872,0.5
1900-01-25 20:59:45,8126.0,335354,8126.5,458311,27258,29889,-2631,-122957,0.5
1900-01-25 21:00:00,8127.5,110904,8129.0,3397,532341,50256,482085,107507,1.5
1900-01-25 21:00:15,8138.0,255411,8138.5,55577,1149010,10206,1138804,199834,0.5
1900-01-25 21:00:30,8139.5,479830,8140.0,569472,364646,81254,283392,-89642,0.5
1900-01-25 21:00:45,8138.0,2724302,8138.5,390297,102493,355653,-253160,2334005,0.5
1900-01-25 21:01:00,8138.0,2634329,8138.5,391976,250403,240025,10378,2242353,0.5
1900-01-25 21:01:15,8138.0,3146762,8138.5,528341,152204,618579,-466375,2618421,0.5
1900-01-25 21:01:30,8140.0,308556,8140.5,246309,234834,115933,118901,62247,0.5
1900-01-25 21:01:45,8137.5,2982704,8138.0,290235,56384,172361,-115977,2692469,0.5
1900-01-25 21:02:00,8137.5,2641824,8138.0,955648,51858,316185,-264327,1686176,0.5
1900-01-25 21:02:15,8137.5,2577208,8138.0,1243260,7722,254260,-246538,1333948,0.5
1900-01-25 21:02:30,8137.5,2419187,8138.0,1115519,53719,533856,-480137,1303668,0.5
1900-01-25 21:02:45,8137.5,2214477,8138.0,157423,151781,223590,-71809,2057054,0.5
1900-01-25 21:03:00,8138.0,2174295,8138.5,223526,81844,15898,65946,1950769,0.5
1900-01-25 21:03:15,8138.0,2018556,8138.5,862325,14252,153663,-139411,1156231,0.5
1900-01-25 21:03:30,8138.0,1494735,8138.5,821502,10422,700047,-689625,673233,0.5
1900-01-25 21:03:45,8138.0,1613619,8138.5,524534,5482,220749,-215267,1089085,0.5
1900-01-25 21:04:00,8138.0,1081362,8138.5,316772,20667,210366,-189699,764590,0.5
1900-01-25 21:04:15,8138.0,689010,8138.5,484156,37154,338897,-301743,204854,0.5
1900-01-25 21:04:30,8135.5,351248,8136.0,689364,5218,303003,-297785,-338116,0.5
1900-01-25 21:04:45,8124.0,45686,8124.5,223146,13492,259006,-245514,-177460,0.5
1900-01-25 21:05:00,8127.5,1661434,8128.0,53960,30765,454626,-423861,1607474,0.5
1900-01-25 21:05:15,8135.0,121743,8135.5,73670,24092,33309,-9217,48073,0.5
1900-01-25 21:05:30,8135.0,39758,8135.5,101895,32107,43547,-11440,-62137,0.5
1900-01-25 21:05:45,8135.0,127048,8135.5,329950,6960,102162,-95202,-202902,0.5
1900-01-25 21:06:00,8135.0,74332,8135.5,383134,3050,67908,-64858,-308802,0.5
1900-01-25 21:06:15,8129.0,1605188,8129.5,20707,30579,68046,-37467,1584481,0.5
1900-01-25 21:06:30,8129.0,1090696,8129.5,304489,4206,125896,-121690,786207,0.5
1900-01-25 21:06:45,8129.5,1395537,8130.0,82169,54453,6519,47934,1313368,0.5
1900-01-25 21:07:00,8130.0,1285034,8130.5,3640,6516,5115,1401,1281394,0.5
1900-01-25 21:07:15,8130.0,1351060,8130.5,34092,9027,9696,-669,1316968,0.5
1900-01-25 21:07:30,8130.0,932541,8130.5,267754,16379,7725,8654,664787,0.5
1900-01-25 21:07:45,8130.0,992531,8130.5,233816,16303,4020,12283,758715,0.5
1900-01-25 21:08:00,8130.0,1279041,8130.5,271204,3120,49036,-45916,1007837,0.5
1900-01-25 21:08:15,8130.0,694466,8130.5,343606,36300,67588,-31288,350860,0.5
1900-01-25 21:08:30,8129.5,98443,8130.0,889657,16700,121630,-104930,-791214,0.5
1900-01-25 21:08:45,8127.0,691294,8127.5,178894,209285,77533,131752,512400,0.5
1900-01-25 21:09:00,8127.0,349148,8127.5,82575,34504,106712,-72208,266573,0.5
1900-01-25 21:09:15,8128.5,672308,8129.0,20454,337378,18319,319059,651854,0.5
1900-01-25 21:09:30,8129.5,785245,8130.0,625727,159528,9590,149938,159518,0.5
1900-01-25 21:09:45,8130.5,783455,8131.0,20833,286006,6323,279683,762622,0.5
1900-01-25 21:10:00,8130.5,132431,8131.0,233959,18680,6323,12357,-101528,0.5
1900-01-25 21:10:15,8130.5,82706,8131.0,252071,21068,10850,10218,-169365,0.5
1900-01-25 21:10:30,8129.0,20311,8129.5,353693,6,23014,-23008,-333382,0.5
1900-01-25 21:10:45,8126.5,145324,8127.0,375970,278,15115,-14837,-230646,0.5
1900-01-25 21:11:00,8122.5,1859482,8123.0,23029,18051,70409,-52358,1836453,0.5
1900-01-25 21:11:15,8122.5,2514710,8123.0,5741,6446,1433,5013,2508969,0.5
1900-01-25 21:11:30,8123.5,817155,8124.0,143063,38995,1050,37945,674092,0.5
1900-01-25 21:11:45,8123.5,578268,8124.0,206325,34338,84710,-50372,371943,0.5
1900-01-25 21:12:00,8112.0,257248,8112.5,275207,27507,441174,-413667,-17959,0.5
1900-01-25 21:12:15,8108.0,588773,8108.5,83902,44012,156501,-112489,504871,0.5
1900-01-25 21:12:30,8108.0,899794,8108.5,11908,48370,123731,-75361,887886,0.5
1900-01-25 21:12:45,8111.0,886838,8111.5,27,98694,13043,85651,886811,0.5
1900-01-25 21:13:00,8114.0,283334,8114.5,141480,38266,44618,-6352,141854,0.5
1900-01-25 21:13:15,8117.5,336164,8118.0,92521,128484,17008,111476,243643,0.5
1900-01-25 21:13:30,8115.5,84577,8116.0,342442,33490,66884,-33394,-257865,0.5
1900-01-25 21:13:45,8115.0,376611,8115.5,231770,11179,31466,-20287,144841,0.5
1900-01-25 21:14:00,8113.5,27917,8114.0,383676,6278,91548,-85270,-355759,0.5
1900-01-25 21:14:15,8112.0,4743,8112.5,394575,3724,78123,-74399,-389832,0.5
1900-01-25 21:14:30,8109.5,13867,8110.0,190266,5069,30200,-25131,-176399,0.5
1900-01-25 21:14:45,8108.0,63186,8108.5,287711,1288,87241,-85953,-224525,0.5
1900-01-25 21:15:00,8107.5,420433,8108.0,288910,828,36446,-35618,131523,0.5
1900-01-25 21:15:15,8105.0,13356,8105.5,338463,2500,174612,-172112,-325107,0.5
1900-01-25 21:15:30,8099.5,896924,8100.0,55310,24261,237533,-213272,841614,0.5
1900-01-25 21:15:45,8102.0,343847,8102.5,332013,54509,32225,22284,11834,0.5
1900-01-25 21:16:00,8102.0,227506,8102.5,190689,79162,114143,-34981,36817,0.5
1900-01-25 21:16:15,8102.0,352717,8102.5,151861,28525,32450,-3925,200856,0.5
1900-01-25 21:16:30,8102.0,798310,8102.5,21398,185153,12963,172190,776912,0.5
1900-01-25 21:16:45,8112.5,418213,8113.0,2357,127469,4855,122614,415856,0.5
1900-01-25 21:17:00,8121.5,624884,8122.0,190795,110455,24965,85490,434089,0.5
1900-01-25 21:17:15,8121.5,702319,8122.0,219478,51105,23444,27661,482841,0.5
1900-01-25 21:17:30,8121.5,625444,8122.0,597202,21399,25958,-4559,28242,0.5
1900-01-25 21:17:45,8121.5,502382,8122.0,524599,43926,35130,8796,-22217,0.5
1900-01-25 21:18:00,8121.5,271605,8122.0,603261,14278,171938,-157660,-331656,0.5
1900-01-25 21:18:15,8113.0,343115,8113.5,217203,4214,96814,-92600,125912,0.5
1900-01-25 21:18:30,8113.0,451445,8113.5,114547,22928,3237,19691,336898,0.5
1900-01-25 21:18:45,8113.0,535742,8113.5,88741,4652,45257,-40605,447001,0.5
1900-01-25 21:19:00,8113.0,133591,8113.5,296249,1874,17720,-15846,-162658,0.5
1900-01-25 21:19:15,8112.5,15686,8113.0,660526,588,27836,-27248,-644840,0.5
1900-01-25 21:19:30,8106.0,88664,8106.5,466235,10024,155998,-145974,-377571,0.5
1900-01-25 21:19:45,8106.0,223005,8106.5,345981,14467,110382,-95915,-122976,0.5
1900-01-25 21:20:00,8103.0,115325,8103.5,427002,7994,96488,-88494,-311677,0.5
1900-01-25 21:20:15,8103.0,644272,8103.5,212301,38463,67814,-29351,431971,0.5
1900-01-25 21:20:30,8110.5,78113,8111.0,366907,24271,11399,12872,-288794,0.5
1900-01-25 21:20:45,8110.5,420566,8111.0,315501,19135,6229,12906,105065,0.5
1900-01-25 21:21:00,8106.0,57794,8106.5,281757,3547,19233,-15686,-223963,0.5
1900-01-25 21:21:15,8105.5,305971,8106.0,188520,8858,81171,-72313,117451,0.5
1900-01-25 21:21:30,8105.5,15637,8106.0,559107,6350,6223,127,-543470,0.5
1900-01-25 21:21:45,8101.5,124237,8102.0,385587,899,13059,-12160,-261350,0.5
1900-01-25 21:22:00,8098.5,364227,8099.0,133371,3823,131727,-127904,230856,0.5
1900-01-25 21:22:15,8103.0,103729,8103.5,128625,94929,86824,8105,-24896,0.5
1900-01-25 21:22:30,8103.0,57174,8103.5,282863,2686,72794,-70108,-225689,0.5
1900-01-25 21:22:45,8099.0,342279,8099.5,169111,22863,77185,-54322,173168,0.5
1900-01-25 21:23:00,8099.0,635169,8099.5,146768,2278,11220,-8942,488401,0.5
1900-01-25 21:23:15,8100.0,1332538,8100.5,1272,34336,5769,28567,1331266,0.5
1900-01-25 21:23:30,8104.5,760579,8105.0,2946,36973,40,36933,757633,0.5
1900-01-25 21:23:45,8107.5,351208,8108.0,21725,42763,50,42713,329483,0.5
1900-01-25 21:24:00,8108.0,584858,8108.5,33552,7068,84247,-77179,551306,0.5
1900-01-25 21:24:15,8108.0,224385,8108.5,226603,16818,22501,-5683,-2218,0.5
1900-01-25 21:24:30,8110.0,1789800,8110.5,37937,24984,11718,13266,1751863,0.5
1900-01-25 21:24:45,8112.5,488426,8113.0,5504,23486,12140,11346,482922,0.5
1900-01-25 21:25:00,8114.0,215805,8114.5,173990,30431,2100,28331,41815,0.5
1900-01-25 21:25:15,8112.5,63862,8113.0,200787,17814,15011,2803,-136925,0.5
1900-01-25 21:25:30,8112.5,354754,8113.0,228138,3263,11685,-8422,126616,0.5
1900-01-25 21:25:45,8112.5,431168,8113.0,219881,4101,3000,1101,211287,0.5
1900-01-25 21:26:00,8112.5,369716,8113.0,465330,7632,4000,3632,-95614,0.5
1900-01-25 21:26:15,8112.5,450276,8113.0,254004,100633,649,99984,196272,0.5
1900-01-25 21:26:30,8115.5,482125,8116.0,117699,65045,100,64945,364426,0.5
1900-01-25 21:26:45,8117.0,582697,8117.5,9768,78245,3375,74870,572929,0.5
1900-01-25 21:27:00,8120.0,988536,8120.5,22054,47979,28740,19239,966482,0.5
1900-01-25 21:27:15,8121.0,420506,8121.5,5299,16395,21543,-5148,415207,0.5
1900-01-25 21:27:30,8121.0,6285,8121.5,186928,11657,4254,7403,-180643,0.5
1900-01-25 21:27:45,8121.0,74124,8121.5,263596,23918,17840,6078,-189472,0.5
1900-01-25 21:28:00,8121.0,113590,8121.5,337510,6186,3500,2686,-223920,0.5
1900-01-25 21:28:15,8120.0,246266,8120.5,423585,1010,50375,-49365,-177319,0.5
1900-01-25 21:28:30,8120.0,200592,8120.5,521487,5000,42176,-37176,-320895,0.5
1900-01-25 21:28:45,8116.0,25316,8116.5,311094,6162,61839,-55677,-285778,0.5
1900-01-25 21:29:00,8116.0,51792,8116.5,326089,8360,6453,1907,-274297,0.5
1900-01-25 21:29:15,8116.0,21929,8116.5,335228,551,4367,-3816,-313299,0.5
1900-01-25 21:29:30,8116.0,247496,8116.5,221574,19343,12638,6705,25922,0.5
1900-01-25 21:29:45,8116.0,413181,8116.5,246255,1280,660,620,166926,0.5
1900-01-25 21:30:00,8116.0,589211,8116.5,369959,74698,38149,36549,219252,0.5
1900-01-25 21:30:15,8116.0,594189,8116.5,458321,8485,196,8289,135868,0.5
1900-01-25 21:30:30,8116.5,624952,8117.0,152790,192903,3234,189669,472162,0.5
1900-01-25 21:30:45,8116.5,615259,8117.0,48309,57619,6782,50837,566950,0.5
1900-01-25 21:31:00,8116.5,715125,8117.0,12688,42867,1143,41724,702437,0.5
1900-01-25 21:31:15,8123.5,65022,8124.0,152224,75125,5200,69925,-87202,0.5
1900-01-25 21:31:30,8123.5,38218,8124.0,332285,5403,28990,-23587,-294067,0.5
1900-01-25 21:31:45,8123.0,41908,8123.5,239782,2090,9758,-7668,-197874,0.5
1900-01-25 21:32:00,8123.0,70286,8123.5,264124,24350,4639,19711,-193838,0.5
1900-01-25 21:32:15,8121.0,125388,8121.5,76019,38791,25783,13008,49369,0.5
1900-01-25 21:32:30,8121.0,95661,8121.5,192155,3442,2707,735,-96494,0.5
1900-01-25 21:32:45,8120.0,6166,8120.5,229579,2000,12615,-10615,-223413,0.5
1900-01-25 21:33:00,8118.0,662561,8118.5,158988,13774,43417,-29643,503573,0.5
1900-01-25 21:33:15,8118.0,698005,8118.5,212017,960,6011,-5051,485988,0.5
1900-01-25 21:33:30,8118.0,684776,8118.5,128207,1543,3720,-2177,556569,0.5
1900-01-25 21:33:45,8119.5,10348,8120.0,1579,30931,1036,29895,8769,0.5
1900-01-25 21:34:00,8121.5,271478,8122.0,70430,23465,64,23401,201048,0.5
1900-01-25 21:34:15,8122.0,386537,8122.5,21995,6155,4004,2151,364542,0.5
1900-01-25 21:34:30,8124.5,135975,8125.0,155950,29772,5827,23945,-19975,0.5
1900-01-25 21:34:45,8124.5,82732,8125.0,285770,17859,19973,-2114,-203038,0.5
1900-01-25 21:35:00,8119.5,263704,8120.0,151648,56343,34137,22206,112056,0.5
1900-01-25 21:35:15,8119.5,166331,8120.0,341867,1000,8209,-7209,-175536,0.5
1900-01-25 21:35:30,8119.5,531209,8120.0,276273,1000,12428,-11428,254936,0.5
1900-01-25 21:35:45,8119.5,454832,8120.0,153066,1,6346,-6345,301766,0.5
1900-01-25 21:36:00,8119.5,470612,8120.0,153453,341,16,325,317159,0.5
1900-01-25 21:36:15,8119.5,410321,8120.0,179927,12390,2923,9467,230394,0.5
1900-01-25 21:36:30,8118.0,425538,8118.5,176916,2680,97385,-94705,248622,0.5
1900-01-25 21:36:45,8118.0,95046,8118.5,574128,1600,70847,-69247,-479082,0.5
1900-01-25 21:37:00,8111.0,80319,8111.5,174602,11584,125076,-113492,-94283,0.5
1900-01-25 21:37:15,8111.0,140257,8111.5,870376,1210,116665,-115455,-730119,0.5
1900-01-25 21:37:30,8111.0,131200,8111.5,1016001,1000,12911,-11911,-884801,0.5
1900-01-25 21:37:45,8111.0,70354,8111.5,1049758,1620,36794,-35174,-979404,0.5
1900-01-25 21:38:00,8111.0,140359,8111.5,1009189,2410,29765,-27355,-868830,0.5
1900-01-25 21:38:15,8111.0,109445,8111.5,1358978,3730,4843,-1113,-1249533,0.5
1900-01-25 21:38:30,8107.0,354624,8107.5,331040,3000,70566,-67566,23584,0.5
1900-01-25 21:38:45,8107.0,327901,8107.5,372221,235,69724,-69489,-44320,0.5
1900-01-25 21:39:00,8107.0,64157,8107.5,895056,10235,158482,-148247,-830899,0.5
1900-01-25 21:39:15,8107.0,271710,8107.5,284011,1497,147135,-145638,-12301,0.5
1900-01-25 21:39:30,8107.0,223087,8107.5,348409,4388,14630,-10242,-125322,0.5
1900-01-25 21:39:45,8107.0,228073,8107.5,391714,41,13110,-13069,-163641,0.5
1900-01-25 21:40:00,8107.0,45722,8107.5,831096,1750,27575,-25825,-785374,0.5
1900-01-25 21:40:15,8106.5,315482,8107.0,304956,1750,45741,-43991,10526,0.5
1900-01-25 21:40:30,8106.5,415144,8107.0,391896,300,17349,-17049,23248,0.5
1900-01-25 21:40:45,8106.5,442783,8107.0,329584,2000,3125,-1125,113199,0.5
1900-01-25 21:41:00,8106.5,400782,8107.0,237482,5500,50350,-44850,163300,0.5
1900-01-25 21:41:15,8106.5,225826,8107.0,729507,10000,5479,4521,-503681,0.5
1900-01-25 21:41:30,8106.0,51888,8106.5,1129525,1118,53581,-52463,-1077637,0.5
1900-01-25 21:41:45,8104.0,79252,8104.5,1182436,70,48116,-48046,-1103184,0.5
1900-01-25 21:42:00,8100.5,461907,8101.0,563948,301,207665,-207364,-102041,0.5
1900-01-25 21:42:15,8100.5,813872,8101.0,109295,48293,132981,-84688,704577,0.5
1900-01-25 21:42:30,8101.0,912715,8101.5,157514,16409,7315,9094,755201,0.5
1900-01-25 21:42:45,8101.5,648267,8102.0,56902,39035,11927,27108,591365,0.5
1900-01-25 21:43:00,8103.0,167304,8103.5,469826,52605,13700,38905,-302522,0.5
1900-01-25 21:43:15,8103.0,193147,8103.5,385965,166802,4204,162598,-192818,0.5
1900-01-25 21:43:30,8103.5,194568,8104.0,442023,22743,16616,6127,-247455,0.5
1900-01-25 21:43:45,8103.5,34932,8104.0,829881,2805,65574,-62769,-794949,0.5
1900-01-25 21:44:00,8100.5,79787,8101.0,885230,808,294327,-293519,-805443,0.5
1900-01-25 21:44:15,8094.5,55809,8095.0,729871,6806,258640,-251834,-674062,0.5
1900-01-25 21:44:30,8080.0,1148299,8080.5,678492,479916,531524,-51608,469807,0.5
1900-01-25 21:44:45,8070.0,126088,8070.5,9109,263989,902291,-638302,116979,0.5
1900-01-25 21:45:00,8070.0,135705,8070.5,1290835,152771,214744,-61973,-1155130,0.5
1900-01-25 21:45:15,8064.0,32855,8064.5,257398,266974,587989,-321015,-224543,0.5
1900-01-25 21:45:30,8063.5,173943,8064.0,746568,181826,207114,-25288,-572625,0.5
1900-01-25 21:45:45,8063.0,1110436,8063.5,808463,79991,100163,-20172,301973,0.5
1900-01-25 21:46:00,8062.5,137468,8063.0,165425,351131,748163,-397032,-27957,0.5
1900-01-25 21:46:15,8062.0,310272,8062.5,66613,191999,56494,135505,243659,0.5
1900-01-25 21:46:30,8071.0,108262,8071.5,57695,319622,26663,292959,50567,0.5
1900-01-25 21:46:45,8075.5,162704,8076.0,365395,179184,6722,172462,-202691,0.5
1900-01-25 21:47:00,8071.0,10813,8071.5,821863,46761,94172,-47411,-811050,0.5
1900-01-25 21:47:15,8069.5,45067,8070.0,963212,12285,94801,-82516,-918145,0.5
1900-01-25 21:47:30,8068.0,14998,8068.5,594560,1516,82894,-81378,-579562,0.5
1900-01-25 21:47:45,8066.5,82356,8067.0,291786,10114,30380,-20266,-209430,0.5
1900-01-25 21:48:00,8066.5,333085,8067.0,195496,35158,33791,1367,137589,0.5
1900-01-25 21:48:15,8068.0,903542,8068.5,5869,154418,5597,148821,897673,0.5
1900-01-25 21:48:30,8072.5,512692,8073.0,27261,171319,20425,150894,485431,0.5
1900-01-25 21:48:45,8077.5,502031,8078.0,104050,215227,8680,206547,397981,0.5
1900-01-25 21:49:00,8077.5,206747,8078.0,426096,81379,10313,71066,-219349,0.5
1900-01-25 21:49:15,8077.5,160857,8078.0,353790,33393,2860,30533,-192933,0.5
1900-01-25 21:49:30,8080.5,213660,8081.0,458995,88998,6919,82079,-245335,0.5
1900-01-25 21:49:45,8080.5,56389,8081.0,853282,62000,66118,-4118,-796893,0.5
1900-01-25 21:50:00,8079.0,54653,8079.5,542095,46094,172105,-126011,-487442,0.5
1900-01-25 21:50:15,8078.0,431825,8078.5,166812,24335,31766,-7431,265013,0.5
1900-01-25 21:50:30,8078.5,532515,8079.0,225275,32351,1470,30881,307240,0.5
1900-01-25 21:50:45,8080.0,776131,8080.5,148616,211268,541,210727,627515,0.5
1900-01-25 21:51:00,8080.0,965149,8080.5,165351,33863,71,33792,799798,0.5
1900-01-25 21:51:15,8080.5,636356,8081.0,140524,109883,71,109812,495832,0.5
1900-01-25 21:51:30,8080.5,1130,8081.0,883743,39755,115994,-76239,-882613,0.5
1900-01-25 21:51:45,8077.0,2590,8077.5,746049,17887,93623,-75736,-743459,0.5
1900-01-25 21:52:00,8071.0,738085,8071.5,679,59471,30607,28864,737406,0.5
1900-01-25 21:52:15,8074.5,524471,8075.0,65929,55674,77632,-21958,458542,0.5
1900-01-25 21:52:30,8074.5,832802,8075.0,38047,60094,5680,54414,794755,0.5
1900-01-25 21:52:45,8075.0,575578,8075.5,134559,45702,2500,43202,441019,0.5
1900-01-25 21:53:00,8075.0,452099,8075.5,322879,20547,3200,17347,129220,0.5
1900-01-25 21:53:15,8070.5,419990,8071.0,86397,2270,100154,-97884,333593,0.5
1900-01-25 21:53:30,8072.5,224754,8073.0,372159,37933,9145,28788,-147405,0.5
1900-01-25 21:53:45,8073.5,514687,8074.0,19306,49023,18790,30233,495381,0.5
1900-01-25 21:54:00,8073.5,781488,8074.0,4519,15060,520,14540,776969,0.5
1900-01-25 21:54:15,8074.5,545486,8075.0,63855,36294,41268,-4974,481631,0.5
1900-01-25 21:54:30,8077.0,20644,8077.5,505736,32898,7033,25865,-485092,0.5
1900-01-25 21:54:45,8076.0,18123,8076.5,984518,2955,27012,-24057,-966395,0.5
1900-01-25 21:55:00,8074.0,33983,8074.5,475548,35463,38846,-3383,-441565,0.5
1900-01-25 21:55:15,8070.0,47456,8070.5,1113435,1190,50295,-49105,-1065979,0.5
1900-01-25 21:55:30,8065.0,749879,8065.5,257131,1138,170167,-169029,492748,0.5
1900-01-25 21:55:45,8065.0,738704,8065.5,247689,4985,93700,-88715,491015,0.5
1900-01-25 21:56:00,8070.5,62375,8071.0,441649,39864,13986,25878,-379274,0.5
1900-01-25 21:56:15,8070.0,4591,8070.5,471900,6548,30778,-24230,-467309,0.5
1900-01-25 21:56:30,8074.5,88094,8075.0,632795,19542,11579,7963,-544701,0.5
1900-01-25 21:56:45,8070.0,114517,8070.5,628392,6920,13303,-6383,-513875,0.5
1900-01-25 21:57:00,8070.0,32235,8070.5,946751,7138,53443,-46305,-914516,0.5
1900-01-25 21:57:15,8070.0,17933,8070.5,1198908,152,6847,-6695,-1180975,0.5
1900-01-25 21:57:30,8065.0,315824,8065.5,542682,45050,87209,-42159,-226858,0.5
1900-01-25 21:57:45,8065.0,702771,8065.5,711400,63250,19622,43628,-8629,0.5
1900-01-25 21:58:00,8066.5,668006,8067.0,99624,60349,20145,40204,568382,0.5
1900-01-25 21:58:15,8067.0,665227,8067.5,4349,41896,43400,-1504,660878,0.5
1900-01-25 21:58:30,8067.5,68925,8068.0,539274,51473,41242,10231,-470349,0.5
1900-01-25 21:58:45,8067.0,56733,8067.5,867800,19000,27363,-8363,-811067,0.5
1900-01-25 21:59:00,8067.0,428875,8067.5,215610,825,116850,-116025,213265,0.5
1900-01-25 21:59:15,8069.0,585728,8069.5,6573,72893,4116,68777,579155,0.5
1900-01-25 21:59:30,8072.5,460502,8073.0,7986,165544,11550,153994,452516,0.5
1900-01-25 21:59:45,8074.0,27535,8074.5,470930,19709,14785,4924,-443395,0.5
1900-01-25 22:00:00,8070.5,7035,8071.0,90027,174264,25559,148705,-82992,0.5
1900-01-25 22:00:15,8070.5,788363,8071.0,169205,31623,18127,13496,619158,0.5
1900-01-25 22:00:30,8070.5,728775,8071.0,328668,42018,29886,12132,400107,0.5
1900-01-25 22:00:45,8070.5,414141,8071.0,668466,680,34569,-33889,-254325,0.5
1900-01-25 22:01:00,8070.5,828645,8071.0,235980,19967,12280,7687,592665,0.5
1900-01-25 22:01:15,8071.0,744787,8071.5,635,106763,74191,32572,744152,0.5
1900-01-25 22:01:30,8071.5,1027243,8072.0,105016,26839,1960,24879,922227,0.5
1900-01-25 22:01:45,8071.5,504068,8072.0,521332,43863,11123,32740,-17264,0.5
1900-01-25 22:02:00,8071.5,283208,8072.0,601010,26536,67695,-41159,-317802,0.5
1900-01-25 22:02:15,8070.5,3985,8071.0,910875,27981,94648,-66667,-906890,0.5
1900-01-25 22:02:30,8066.0,254656,8066.5,1105735,786,341050,-340264,-851079,0.5
1900-01-25 22:02:45,8066.0,71646,8066.5,1897642,1026,170682,-169656,-1825996,0.5
1900-01-25 22:03:00,8065.0,121716,8065.5,1203901,5436,98638,-93202,-1082185,0.5
1900-01-25 22:03:15,8051.0,283881,8051.5,124676,15894,750961,-735067,159205,0.5
1900-01-25 22:03:30,8050.0,180144,8050.5,910902,29087,432368,-403281,-730758,0.5
1900-01-25 22:03:45,8042.0,26330,8042.5,140430,148827,345769,-196942,-114100,0.5
1900-01-25 22:04:00,8052.5,642299,8053.0,554058,353048,403779,-50731,88241,0.5
1900-01-25 22:04:15,8052.5,558871,8053.0,587691,70519,17785,52734,-28820,0.5
1900-01-25 22:04:30,8052.5,357234,8053.0,763802,62104,4310,57794,-406568,0.5
1900-01-25 22:04:45,8052.5,553438,8053.0,855673,32209,20209,12000,-302235,0.5
1900-01-25 22:05:00,8052.5,582979,8053.0,321874,168566,9978,158588,261105,0.5
1900-01-25 22:05:15,8050.0,124911,8050.5,1288814,62102,208987,-146885,-1163903,0.5
1900-01-25 22:05:30,8046.0,26008,8046.5,631534,124453,115962,8491,-605526,0.5
1900-01-25 22:05:45,8045.0,6562,8045.5,553098,6883,92122,-85239,-546536,0.5
1900-01-25 22:06:00,8044.5,354521,8045.0,301923,34408,57208,-22800,52598,0.5
1900-01-25 22:06:15,8046.0,554532,8046.5,38835,54590,34659,19931,515697,0.5
1900-01-25 22:06:30,8050.0,199760,8050.5,235021,151770,4851,146919,-35261,0.5
1900-01-25 22:06:45,8051.5,289703,8052.0,30452,10151,23640,-13489,259251,0.5
1900-01-25 22:07:00,8056.0,245408,8056.5,470137,42913,23008,19905,-224729,0.5
1900-01-25 22:07:15,8056.0,286554,8056.5,28963,16454,100001,-83547,257591,0.5
1900-01-25 22:07:30,8056.0,246117,8056.5,288381,56538,1455,55083,-42264,0.5
1900-01-25 22:07:45,8057.5,322345,8058.0,262306,63245,8624,54621,60039,0.5
1900-01-25 22:08:00,8057.5,747031,8058.0,33554,76250,2173,74077,713477,0.5
1900-01-25 22:08:15,8059.5,515047,8060.0,19647,30656,252,30404,495400,0.5
1900-01-25 22:08:30,8061.0,365312,8061.5,304702,62718,15083,47635,60610,0.5
1900-01-25 22:08:45,8061.0,363433,8061.5,657543,32333,12518,19815,-294110,0.5
1900-01-25 22:09:00,8057.0,367681,8057.5,119994,61556,37907,23649,247687,0.5
1900-01-25 22:09:15,8056.0,5539,8056.5,576922,1187,34886,-33699,-571383,0.5
1900-01-25 22:09:30,8055.0,752653,8055.5,1093276,2470,389768,-387298,-340623,0.5
1900-01-25 22:09:45,8055.0,456200,8055.5,101405,4699,708933,-704234,354795,0.5
1900-01-25 22:10:00,8060.5,213432,8061.0,383221,84108,43671,40437,-169789,0.5
1900-01-25 22:10:15,8063.5,707663,8064.0,85539,27030,13855,13175,622124,0.5
1900-01-25 22:10:30,8068.0,112404,8068.5,930709,181986,69179,112807,-818305,0.5
1900-01-25 22:10:45,8068.0,196358,8068.5,747549,16932,13898,3034,-551191,0.5
1900-01-25 22:11:00,8068.0,480985,8068.5,197239,2395,10100,-7705,283746,0.5
1900-01-25 22:11:15,8069.5,292296,8070.0,472461,85871,319,85552,-180165,0.5
1900-01-25 22:11:30,8069.5,119400,8070.0,2025922,26302,45049,-18747,-1906522,0.5
1900-01-25 22:11:45,8068.0,143533,8068.5,626612,2744,104965,-102221,-483079,0.5
1900-01-25 22:12:00,8068.0,186624,8068.5,586262,22792,25850,-3058,-399638,0.5
1900-01-25 22:12:15,8068.0,493744,8068.5,168179,12466,7331,5135,325565,0.5
1900-01-25 22:12:30,8068.0,623972,8068.5,150756,42053,18844,23209,473216,0.5
1900-01-25 22:12:45,8068.5,629043,8069.0,16062,88558,23385,65173,612981,0.5
1900-01-25 22:13:00,8071.0,581111,8071.5,151916,218893,2100,216793,429195,0.5
1900-01-25 22:13:15,8071.5,989622,8072.0,109356,199711,4900,194811,880266,0.5
1900-01-25 22:13:30,8073.0,957919,8073.5,2268,105504,10000,95504,955651,0.5
1900-01-25 22:13:45,8074.5,81320,8075.0,499937,71406,20498,50908,-418617,0.5
1900-01-25 22:14:00,8071.0,24334,8071.5,451363,6846,62183,-55337,-427029,0.5
1900-01-25 22:14:15,8070.5,501275,8071.0,250282,3400,16826,-13426,250993,0.5
1900-01-25 22:14:30,8072.5,728932,8073.0,131,139777,7798,131979,728801,0.5
1900-01-25 22:14:45,8077.5,559855,8078.0,5457,15777,2001,13776,554398,0.5
1900-01-25 22:15:00,8078.0,789189,8078.5,71170,78779,1648,77131,718019,0.5
1900-01-25 22:15:15,8079.0,589713,8079.5,66296,31486,7347,24139,523417,0.5
1900-01-25 22:15:30,8081.5,535645,8082.0,112053,71625,6456,65169,423592,0.5
1900-01-25 22:15:45,8089.5,212163,8090.0,344900,595306,30443,564863,-132737,0.5
1900-01-25 22:16:00,8089.5,313585,8090.0,549725,97337,12693,84644,-236140,0.5
1900-01-25 22:16:15,8089.5,738638,8090.0,10106,113924,9030,104894,728532,0.5
1900-01-25 22:16:30,8094.5,750238,8095.0,70656,238081,6045,232036,679582,0.5
1900-01-25 22:16:45,8096.5,590703,8097.0,38647,162208,4235,157973,552056,0.5
1900-01-25 22:17:00,8096.5,650299,8097.0,141329,113787,3142,110645,508970,0.5
1900-01-25 22:17:15,8096.0,3178,8096.5,1105945,43817,69779,-25962,-1102767,0.5
1900-01-25 22:17:30,8095.0,160923,8095.5,670450,26118,67911,-41793,-509527,0.5
1900-01-25 22:17:45,8095.0,402902,8095.5,391858,72143,42949,29194,11044,0.5
1900-01-25 22:18:00,8095.0,706272,8095.5,384619,1486,103194,-101708,321653,0.5
1900-01-25 22:18:15,8095.0,951364,8095.5,364358,3701,70825,-67124,587006,0.5
1900-01-25 22:18:30,8095.0,1146816,8095.5,1334,115971,30508,85463,1145482,0.5
1900-01-25 22:18:45,8097.5,833565,8098.0,123468,191043,40300,150743,710097,0.5
1900-01-25 22:19:00,8097.5,1049472,8098.0,3047,114322,2339,111983,1046425,0.5
1900-01-25 22:19:15,8098.5,1131428,8099.0,55586,132654,19845,112809,1075842,0.5
1900-01-25 22:19:30,8099.5,744708,8100.0,485510,83635,1728,81907,259198,0.5
1900-01-25 22:19:45,8099.5,1049456,8100.0,562918,191498,2773,188725,486538,0.5
1900-01-25 22:20:00,8099.5,1977474,8100.0,674946,17341,18495,-1154,1302528,0.5
1900-01-25 22:20:15,8099.5,2001294,8100.0,130751,448280,3847,444433,1870543,0.5
1900-01-25 22:20:30,8100.0,1036413,8100.5,163847,39134,1430,37704,872566,0.5
1900-01-25 22:20:45,8100.5,1097069,8101.0,136568,137716,2121,135595,960501,0.5
1900-01-25 22:21:00,8106.5,596695,8107.0,66577,347405,1502,345903,530118,0.5
1900-01-25 22:21:15,8107.0,623539,8107.5,363342,61511,7041,54470,260197,0.5
1900-01-25 22:21:30,8107.0,1048128,8107.5,13855,140750,2625,138125,1034273,0.5
1900-01-25 22:21:45,8108.0,1417963,8108.5,562344,18925,9332,9593,855619,0.5
1900-01-25 22:22:00,8108.0,1167028,8108.5,623349,34914,118366,-83452,543679,0.5
1900-01-25 22:22:15,8108.0,1029161,8108.5,741608,4024,30465,-26441,287553,0.5
1900-01-25 22:22:30,8108.0,995758,8108.5,658516,4157,142112,-137955,337242,0.5
1900-01-25 22:22:45,8108.0,1067138,8108.5,441788,135347,2633,132714,625350,0.5
1900-01-25 22:23:00,8108.0,851590,8108.5,591137,1012,74223,-73211,260453,0.5
1900-01-25 22:23:15,8091.5,338848,8092.0,181422,2701,955199,-952498,157426,0.5
1900-01-25 22:23:30,8091.5,445035,8092.0,341457,5040,60151,-55111,103578,0.5
1900-01-25 22:23:45,8091.5,456615,8092.0,353623,4008,28475,-24467,102992,0.5
1900-01-25 22:24:00,8095.5,322257,8096.0,34278,37847,6214,31633,287979,0.5
1900-01-25 22:24:15,8096.5,639802,8097.0,79420,45617,2173,43444,560382,0.5
1900-01-25 22:24:30,8096.5,779567,8097.0,11860,35815,1452,34363,767707,0.5
1900-01-25 22:24:45,8096.5,194348,8097.0,462624,7550,4808,2742,-268276,0.5
1900-01-25 22:25:00,8096.5,311522,8097.0,548080,1682,18854,-17172,-236558,0.5
1900-01-25 22:25:15,8096.5,104866,8097.0,638020,26455,33775,-7320,-533154,0.5
1900-01-25 22:25:30,8096.5,186862,8097.0,625565,1130,17251,-16121,-438703,0.5
1900-01-25 22:25:45,8096.5,112457,8097.0,725185,50,5979,-5929,-612728,0.5
1900-01-25 22:26:00,8096.5,116800,8097.0,727063,1440,19826,-18386,-610263,0.5
1900-01-25 22:26:15,8096.5,219823,8097.0,810865,484,11500,-11016,-591042,0.5
1900-01-25 22:26:30,8096.5,568484,8097.0,343003,6345,3707,2638,225481,0.5
1900-01-25 22:26:45,8096.5,646899,8097.0,358210,12900,13064,-164,288689,0.5
1900-01-25 22:27:00,8096.5,134024,8097.0,879086,35591,8517,27074,-745062,0.5
1900-01-25 22:27:15,8096.5,1168985,8097.0,831183,6023,21399,-15376,337802,0.5
1900-01-25 22:27:30,8096.5,1108066,8097.0,853100,151,1590,-1439,254966,0.5
1900-01-25 22:27:45,8096.5,1036116,8097.0,802966,1951,9333,-7382,233150,0.5
1900-01-25 22:28:00,8096.5,1035266,8097.0,1032117,1951,69650,-67699,3149,0.5
1900-01-25 22:28:15,8096.5,914817,8097.0,1051568,4675,54600,-49925,-136751,0.5
1900-01-25 22:28:30,8092.5,366429,8093.0,685654,6240,106436,-100196,-319225,0.5
1900-01-25 22:28:45,8090.0,402229,8090.5,784832,6240,531625,-525385,-382603,0.5
1900-01-25 22:29:00,8090.0,232377,8090.5,930411,126,185267,-185141,-698034,0.5
1900-01-25 22:29:15,8089.0,18333,8089.5,1048377,6,233713,-233707,-1030044,0.5
1900-01-25 22:29:30,8089.0,333925,8089.5,637013,79,19814,-19735,-303088,0.5
1900-01-25 22:29:45,8088.5,335475,8089.0,653024,28,82271,-82243,-317549,0.5
1900-01-25 22:30:00,8088.5,369031,8089.0,402375,50948,4200,46748,-33344,0.5
1900-01-25 22:30:15,8088.5,443171,8089.0,436561,25161,3050,22111,6610,0.5
1900-01-25 22:30:30,8088.5,696670,8089.0,418023,22689,3050,19639,278647,0.5
1900-01-25 22:30:45,8088.5,1742979,8089.0,354623,7601,1100,6501,1388356,0.5
1900-01-25 22:31:00,8094.5,511307,8095.0,18709,87117,12,87105,492598,0.5
1900-01-25 22:31:15,8095.5,3942,8096.0,730203,28740,6762,21978,-726261,0.5
1900-01-25 22:31:30,8094.0,24868,8094.5,1145232,827,3081,-2254,-1120364,0.5
1900-01-25 22:31:45,8093.0,117155,8093.5,961513,1300,12108,-10808,-844358,0.5
1900-01-25 22:32:00,8087.0,254719,8087.5,537151,472,111072,-110600,-282432,0.5
1900-01-25 22:32:15,8087.0,17719,8087.5,1075813,11966,33979,-22013,-1058094,0.5
1900-01-25 22:32:30,8077.5,112770,8078.0,1052014,2262,281852,-279590,-939244,0.5
1900-01-25 22:32:45,8077.5,535210,8078.0,126081,11350,85351,-74001,409129,0.5
1900-01-25 22:33:00,8077.5,690290,8078.0,247061,33390,4860,28530,443229,0.5
1900-01-25 22:33:15,8077.5,894288,8078.0,33444,37927,18750,19177,860844,0.5
1900-01-25 22:33:30,8081.5,294817,8082.0,380082,14505,18136,-3631,-85265,0.5
1900-01-25 22:33:45,8081.5,776139,8082.0,30885,17152,38287,-21135,745254,0.5
1900-01-25 22:34:00,8083.0,760914,8083.5,224,48204,18216,29988,760690,0.5
1900-01-25 22:34:15,8084.0,628842,8084.5,12435,6636,2371,4265,616407,0.5
1900-01-25 22:34:30,8085.5,673236,8086.0,18045,6534,2371,4163,655191,0.5
1900-01-25 22:34:45,8086.0,667453,8086.5,46522,32570,500,32070,620931,0.5
1900-01-25 22:35:00,8086.0,267198,8086.5,481030,18286,64572,-46286,-213832,0.5
1900-01-25 22:35:15,8084.5,433950,8085.0,1037657,18286,114671,-96385,-603707,0.5
1900-01-25 22:35:30,8084.5,1046874,8085.0,1326130,7240,12844,-5604,-279256,0.5
1900-01-25 22:35:45,8084.5,1077214,8085.0,1365256,8020,3543,4477,-288042,0.5
1900-01-25 22:36:00,8084.5,1025611,8085.0,1394481,3211,2973,238,-368870,0.5
1900-01-25 22:36:15,8084.5,967795,8085.0,1373573,3211,59156,-55945,-405778,0.5
1900-01-25 22:36:30,8084.5,701783,8085.0,1504666,3211,276916,-273705,-802883,0.5
1900-01-25 22:36:45,8084.5,731308,8085.0,826028,2262,24232,-21970,-94720,0.5
1900-01-25 22:37:00,8078.0,13801,8078.5,460682,23313,84742,-61429,-446881,0.5
1900-01-25 22:37:15,8075.0,291630,8075.5,505836,6,68964,-68958,-214206,0.5
1900-01-25 22:37:30,8075.0,766809,8075.5,478413,18055,61211,-43156,288396,0.5
1900-01-25 22:37:45,8075.0,1532734,8075.5,3501,63374,4400,58974,1529233,0.5
1900-01-25 22:38:00,8075.5,872857,8076.0,81641,46072,25213,20859,791216,0.5
1900-01-25 22:38:15,8075.5,845432,8076.0,13643,30128,23430,6698,831789,0.5
1900-01-25 22:38:30,8076.0,1039217,8076.5,20245,22772,4750,18022,1018972,0.5
1900-01-25 22:38:45,8076.5,894047,8077.0,17978,14814,200,14614,876069,0.5
1900-01-25 22:39:00,8076.5,88750,8077.0,377801,13332,126133,-112801,-289051,0.5
1900-01-25 22:39:15,8076.0,165001,8076.5,903325,9782,108685,-98903,-738324,0.5
1900-01-25 22:39:30,8075.0,61661,8075.5,698958,437,14773,-14336,-637297,0.5
1900-01-25 22:39:45,8074.0,26742,8074.5,541260,17991,74869,-56878,-514518,0.5
1900-01-25 22:40:00,8071.5,67101,8072.0,499426,24,78105,-78081,-432325,0.5
1900-01-25 22:40:15,8069.0,398067,8069.5,170799,35031,183217,-148186,227268,0.5
1900-01-25 22:40:30,8069.0,842944,8069.5,23023,56795,7882,48913,819921,0.5
1900-01-25 22:40:45,8074.5,275173,8075.0,166351,94720,64002,30718,108822,0.5
1900-01-25 22:41:00,8075.0,675987,8075.5,85969,17886,64340,-46454,590018,0.5
1900-01-25 22:41:15,8079.5,449492,8080.0,136107,43620,3977,39643,313385,0.5
1900-01-25 22:41:30,8079.5,417308,8080.0,211358,4203,7317,-3114,205950,0.5
1900-01-25 22:41:45,8079.5,1169754,8080.0,483194,3600,506,3094,686560,0.5
1900-01-25 22:42:00,8079.5,1608428,8080.0,67446,35862,1,35861,1540982,0.5
1900-01-25 22:42:15,8080.5,573911,8081.0,9725,74870,2607,72263,564186,0.5
1900-01-25 22:42:30,8080.5,867087,8081.0,61122,8396,650,7746,805965,0.5
1900-01-25 22:42:45,8080.5,826083,8081.0,26289,34654,200,34454,799794,0.5
1900-01-25 22:43:00,8080.5,911725,8081.0,18795,25086,200,24886,892930,0.5
1900-01-25 22:43:15,8080.5,539479,8081.0,444062,16880,3183,13697,95417,0.5
1900-01-25 22:43:30,8080.5,158574,8081.0,646841,1536,49773,-48237,-488267,0.5
1900-01-25 22:43:45,8080.5,143872,8081.0,626349,1536,82100,-80564,-482477,0.5
1900-01-25 22:44:00,8077.5,97194,8078.0,1029269,1536,67509,-65973,-932075,0.5
1900-01-25 22:44:15,8073.5,667640,8074.0,18137,6123,56323,-50200,649503,0.5
1900-01-25 22:44:30,8071.5,15084,8072.0,1267138,16758,7000,9758,-1252054,0.5
1900-01-25 22:44:45,8071.0,154356,8071.5,540082,12730,28495,-15765,-385726,0.5
1900-01-25 22:45:00,8070.0,500885,8070.5,793131,2120,96794,-94674,-292246,0.5
1900-01-25 22:45:15,8070.0,597672,8070.5,1200174,1050,98341,-97291,-602502,0.5
1900-01-25 22:45:30,8070.0,131460,8070.5,1272620,40838,125596,-84758,-1141160,0.5
1900-01-25 22:45:45,8063.5,6430,8064.0,688310,16795,267757,-250962,-681880,0.5
1900-01-25 22:46:00,8060.5,447509,8061.0,33628,20053,87074,-67021,413881,0.5
1900-01-25 22:46:15,8065.0,228047,8065.5,17411,487592,18300,469292,210636,0.5
1900-01-25 22:46:30,8065.5,444047,8066.0,8220,6436,3400,3036,435827,0.5
1900-01-25 22:46:45,8067.0,303851,8067.5,331697,65947,7000,58947,-27846,0.5
1900-01-25 22:47:00,8067.0,219154,8067.5,175309,201321,13871,187450,43845,0.5
1900-01-25 22:47:15,8067.0,189154,8067.5,256342,1260,8820,-7560,-67188,0.5
1900-01-25 22:47:30,8067.0,70243,8067.5,629336,1330,41758,-40428,-559093,0.5
1900-01-25 22:47:45,8063.5,122294,8064.0,647271,3510,52005,-48495,-524977,0.5
1900-01-25 22:48:00,8061.0,76059,8061.5,156720,10100,76827,-66727,-80661,0.5
1900-01-25 22:48:15,8061.0,335317,8061.5,121437,27702,14643,13059,213880,0.5
1900-01-25 22:48:30,8061.0,645074,8061.5,27606,23387,10837,12550,617468,0.5
1900-01-25 22:48:45,8061.5,278666,8062.0,35092,47238,38154,9084,243574,0.5
1900-01-25 22:49:00,8063.0,225840,8063.5,110643,5355,532,4823,115197,0.5
1900-01-25 22:49:15,8063.5,276175,8064.0,62292,34711,1001,33710,213883,0.5
1900-01-25 22:49:30,8063.5,249916,8064.0,123530,19438,1001,18437,126386,0.5
1900-01-25 22:49:45,8063.5,258951,8064.0,162479,9872,1001,8871,96472,0.5
1900-01-25 22:50:00,8063.5,236439,8064.0,303680,11808,3793,8015,-67241,0.5
1900-01-25 22:50:15,8063.5,567386,8064.0,831747,1405,7891,-6486,-264361,0.5
1900-01-25 22:50:30,8063.5,604777,8064.0,415195,6668,5000,1668,189582,0.5
1900-01-25 22:50:45,8063.5,660831,8064.0,388610,18672,1651,17021,272221,0.5
1900-01-25 22:51:00,8063.5,934794,8064.0,282368,80063,3711,76352,652426,0.5
1900-01-25 22:51:15,8063.5,1226172,8064.0,209881,72530,1975,70555,1016291,0.5
1900-01-25 22:51:30,8064.5,629958,8065.0,258,176075,2710,173365,629700,0.5
1900-01-25 22:51:45,8070.0,94852,8070.5,497456,83668,19806,63862,-402604,0.5
1900-01-25 22:52:00,8070.0,85477,8070.5,556847,12364,5418,6946,-471370,0.5
1900-01-25 22:52:15,8070.0,364579,8070.5,213617,12105,550,11555,150962,0.5
1900-01-25 22:52:30,8068.5,57473,8069.0,668736,66376,62956,3420,-611263,0.5
1900-01-25 22:52:45,8068.5,9344,8069.0,643818,9250,14579,-5329,-634474,0.5
1900-01-25 22:53:00,8067.0,6893,8067.5,1240312,4206,456,3750,-1233419,0.5
1900-01-25 22:53:15,8064.5,1223,8065.0,1088454,8000,26570,-18570,-1087231,0.5
1900-01-25 22:53:30,8064.0,1040,8064.5,763111,6790,26370,-19580,-762071,0.5
1900-01-25 22:53:45,8063.5,166574,8064.0,679285,28630,45598,-16968,-512711,0.5
1900-01-25 22:54:00,8062.0,94424,8062.5,625848,1030,13376,-12346,-531424,0.5
1900-01-25 22:54:15,8061.0,280191,8061.5,310249,315,14354,-14039,-30058,0.5
1900-01-25 22:54:30,8061.0,189264,8061.5,303178,9169,7320,1849,-113914,0.5
1900-01-25 22:54:45,8059.0,12980,8059.5,766289,2435,72654,-70219,-753309,0.5
1900-01-25 22:55:00,8056.0,52458,8056.5,1355310,30815,34239,-3424,-1302852,0.5
1900-01-25 22:55:15,8055.0,715829,8055.5,602780,11084,160422,-149338,113049,0.5
1900-01-25 22:55:30,8055.0,383786,8055.5,485588,1115,437229,-436114,-101802,0.5
1900-01-25 22:55:45,8055.0,1623415,8055.5,362451,56612,125886,-69274,1260964,0.5
1900-01-25 22:56:00,8055.0,717465,8055.5,266727,67117,2703,64414,450738,0.5
1900-01-25 22:56:15,8055.0,450484,8055.5,209308,92626,5414,87212,241176,0.5
1900-01-25 22:56:30,8050.0,377149,8050.5,965715,23,66300,-66277,-588566,0.5
1900-01-25 22:56:45,8047.5,19775,8048.0,714559,17992,233779,-215787,-694784,0.5
1900-01-25 22:57:00,8047.0,128219,8047.5,654,27792,89729,-61937,127565,0.5
1900-01-25 22:57:15,8051.5,121061,8052.0,8360,33570,171174,-137604,112701,0.5
1900-01-25 22:57:30,8050.5,21227,8051.0,665027,49203,22668,26535,-643800,0.5
1900-01-25 22:57:45,8050.0,58300,8050.5,1151261,1310,14277,-12967,-1092961,0.5
1900-01-25 22:58:00,8050.0,52343,8050.5,973737,28631,3598,25033,-921394,0.5
1900-01-25 22:58:15,8047.0,85647,8047.5,518444,15425,129856,-114431,-432797,0.5
1900-01-25 22:58:30,8046.5,124196,8047.0,161339,76886,51706,25180,-37143,0.5
1900-01-25 22:58:45,8046.5,43220,8047.0,600710,3351,74156,-70805,-557490,0.5
1900-01-25 22:59:00,8032.5,445003,8033.0,633926,62835,882732,-819897,-188923,0.5
1900-01-25 22:59:15,8040.0,79582,8040.5,284592,325304,104802,220502,-205010,0.5
1900-01-25 22:59:30,8040.0,252973,8040.5,303465,44611,29653,14958,-50492,0.5
1900-01-25 22:59:45,8044.0,429984,8044.5,24473,99122,11662,87460,405511,0.5
1900-01-25 23:00:00,8046.0,81308,8046.5,38936,437311,277875,159436,42372,0.5
1900-01-25 23:00:15,8044.0,91764,8044.5,857924,74818,153565,-78747,-766160,0.5
1900-01-25 23:00:30,8036.5,410931,8037.0,78137,70812,414274,-343462,332794,0.5
1900-01-25 23:00:45,8040.0,1380341,8040.5,24497,24239,104666,-80427,1355844,0.5
1900-01-25 23:01:00,8043.5,593123,8044.0,28790,109923,51213,58710,564333,0.5
1900-01-25 23:01:15,8045.5,659897,8046.0,80481,75234,5131,70103,579416,0.5
1900-01-25 23:01:30,8048.5,173271,8049.0,539110,260233,2002,258231,-365839,0.5
1900-01-25 23:01:45,8050.0,368096,8050.5,444388,131699,2146,129553,-76292,0.5
1900-01-25 23:02:00,8050.0,386465,8050.5,829065,15901,10425,5476,-442600,0.5
1900-01-25 23:02:15,8050.0,359879,8050.5,927058,13490,30711,-17221,-567179,0.5
1900-01-25 23:02:30,8050.0,17759,8050.5,1113031,2611,171622,-169011,-1095272,0.5
1900-01-25 23:02:45,8042.0,107757,8042.5,291013,2424,51032,-48608,-183256,0.5
1900-01-25 23:03:00,8042.0,126264,8042.5,597720,13672,31905,-18233,-471456,0.5
1900-01-25 23:03:15,8038.5,226,8039.0,706948,4549,65831,-61282,-706722,0.5
1900-01-25 23:03:30,8035.0,880822,8035.5,108268,22995,87467,-64472,772554,0.5
1900-01-25 23:03:45,8035.0,611332,8035.5,326536,101151,54120,47031,284796,0.5
1900-01-25 23:04:00,8036.0,165177,8036.5,230235,25525,239900,-214375,-65058,0.5
1900-01-25 23:04:15,8036.0,91945,8036.5,382152,62664,32514,30150,-290207,0.5
1900-01-25 23:04:30,8036.0,86218,8036.5,369943,110811,21564,89247,-283725,0.5
1900-01-25 23:04:45,8032.0,62874,8032.5,925972,42807,188298,-145491,-863098,0.5
1900-01-25 23:05:00,8030.5,10334,8031.0,805097,14979,100644,-85665,-794763,0.5
1900-01-25 23:05:15,8027.5,8559,8028.0,895841,4710,335485,-330775,-887282,0.5
1900-01-25 23:05:30,8022.0,155298,8022.5,2737,42621,186631,-144010,152561,0.5
1900-01-25 23:05:45,8028.5,400242,8029.0,417997,248663,255320,-6657,-17755,0.5
1900-01-25 23:06:00,8028.5,326744,8029.0,171973,71026,41611,29415,154771,0.5
1900-01-25 23:06:15,8033.5,87928,8034.0,672035,40149,20972,19177,-584107,0.5
1900-01-25 23:06:30,8031.0,2269,8031.5,989260,84442,36419,48023,-986991,0.5
1900-01-25 23:06:45,8030.0,28852,8030.5,995862,6403,10387,-3984,-967010,0.5
1900-01-25 23:07:00,8023.5,183961,8024.0,134370,7690,64949,-57259,49591,0.5
1900-01-25 23:07:15,8022.0,22446,8022.5,461668,11551,81584,-70033,-439222,0.5
1900-01-25 23:07:30,8020.0,682590,8020.5,865253,5470,130816,-125346,-182663,0.5
1900-01-25 23:07:45,8017.0,76877,8017.5,407371,57486,253235,-195749,-330494,0.5
1900-01-25 23:08:00,8016.5,18412,8017.0,673983,38735,135889,-97154,-655571,0.5
1900-01-25 23:08:15,8013.5,608890,8014.0,454045,191310,270396,-79086,154845,0.5
1900-01-25 23:08:30,8024.0,170703,8024.5,603686,220483,89794,130689,-432983,0.5
1900-01-25 23:08:45,8024.0,149051,8024.5,511695,11657,80796,-69139,-362644,0.5
1900-01-25 23:09:00,8005.0,617315,8005.5,126684,37990,1169948,-1131958,490631,0.5
1900-01-25 23:09:15,7987.0,339464,7988.5,4980,99168,2190421,-2091253,334484,1.5
1900-01-25 23:09:30,7968.0,7509,7976.0,8000,740999,2876517,-2135518,-491,8.0
1900-01-25 23:09:45,7986.0,114599,7988.5,36324,1565880,1398204,167676,78275,2.5
1900-01-25 23:10:00,7990.0,810031,7990.5,25214,349807,239916,109891,784817,0.5
1900-01-25 23:10:15,7992.5,495352,7993.0,106535,1174790,73944,1100846,388817,0.5
1900-01-25 23:10:30,7994.5,396292,7995.0,321507,300761,45537,255224,74785,0.5
1900-01-25 23:10:45,7992.0,19880,7992.5,254703,227885,158972,68913,-234823,0.5
1900-01-25 23:11:00,7984.5,22,7985.0,420509,187300,253989,-66689,-420487,0.5
1900-01-25 23:11:15,7981.5,1891795,7982.0,325,316069,425190,-109121,1891470,0.5
1900-01-25 23:11:30,7974.5,85847,7975.0,27163,215709,472867,-257158,58684,0.5
1900-01-25 23:11:45,7974.0,10547,7974.5,29369,198084,284057,-85973,-18822,0.5
1900-01-25 23:12:00,7981.0,72484,7981.5,159249,86562,631914,-545352,-86765,0.5
1900-01-25 23:12:15,7985.0,277092,7985.5,306535,113849,139818,-25969,-29443,0.5
1900-01-25 23:12:30,7987.0,563894,7987.5,349042,101380,88159,13221,214852,0.5
1900-01-25 23:12:45,7994.0,235688,7994.5,32277,566907,58583,508324,203411,0.5
1900-01-25 23:13:00,7992.0,3275,7992.5,680756,301767,146845,154922,-677481,0.5
1900-01-25 23:13:15,7986.0,847433,7986.5,232775,109141,93363,15778,614658,0.5
1900-01-25 23:13:30,7989.5,2464,7990.0,63730,120218,185347,-65129,-61266,0.5
1900-01-25 23:13:45,7989.0,177899,7989.5,389761,30742,151139,-120397,-211862,0.5
1900-01-25 23:14:00,7981.5,563725,7982.0,51226,14357,168461,-154104,512499,0.5
1900-01-25 23:14:15,7991.5,260939,7992.0,473362,281473,17005,264468,-212423,0.5
1900-01-25 23:14:30,7987.0,184328,7987.5,162263,88790,91735,-2945,22065,0.5
1900-01-25 23:14:45,7994.5,329648,7995.0,460971,133558,26551,107007,-131323,0.5
1900-01-25 23:15:00,7994.5,519089,7995.0,205658,275113,13406,261707,313431,0.5
1900-01-25 23:15:15,8002.0,295215,8002.5,407207,666464,17813,648651,-111992,0.5
1900-01-25 23:15:30,7999.0,5031,7999.5,502360,426494,77900,348594,-497329,0.5
1900-01-25 23:15:45,8002.5,612741,8003.0,668,264511,22346,242165,612073,0.5
1900-01-25 23:16:00,8006.5,289217,8007.0,403707,393233,22955,370278,-114490,0.5
1900-01-25 23:16:15,8006.5,790587,8007.0,87681,177677,21645,156032,702906,0.5
1900-01-25 23:16:30,8010.0,57947,8010.5,546984,396933,20260,376673,-489037,0.5
1900-01-25 23:16:45,8010.0,203566,8010.5,508454,34670,45301,-10631,-304888,0.5
1900-01-25 23:17:00,8010.5,1186723,8011.0,113475,89791,56334,33457,1073248,0.5
1900-01-25 23:17:15,8011.0,912242,8011.5,13920,314460,1109,313351,898322,0.5
1900-01-25 23:17:30,8013.0,665248,8013.5,621814,111012,10300,100712,43434,0.5
1900-01-25 23:17:45,8013.0,890517,8013.5,506777,60993,11655,49338,383740,0.5
1900-01-25 23:18:00,8013.0,776827,8013.5,557416,31989,61871,-29882,219411,0.5
1900-01-25 23:18:15,8010.5,250538,8011.0,835980,24996,289925,-264929,-585442,0.5
1900-01-25 23:18:30,8003.0,35324,8003.5,447965,14411,231855,-217444,-412641,0.5
1900-01-25 23:18:45,8003.0,212050,8003.5,383273,69334,54914,14420,-171223,0.5
1900-01-25 23:19:00,8003.0,694175,8003.5,33389,50126,46578,3548,660786,0.5
1900-01-25 23:19:15,8004.0,415761,8004.5,156215,32026,84031,-52005,259546,0.5
1900-01-25 23:19:30,8004.0,118950,8004.5,422466,75082,164493,-89411,-303516,0.5
1900-01-25 23:19:45,7995.5,480870,7996.0,167194,24620,123503,-98883,313676,0.5
1900-01-25 23:20:00,7995.5,567962,7996.0,33275,89061,230944,-141883,534687,0.5
1900-01-25 23:20:15,8002.0,24444,8002.5,627636,16093,39339,-23246,-603192,0.5
1900-01-25 23:20:30,8005.0,230175,8005.5,131928,64604,65952,-1348,98247,0.5
1900-01-25 23:20:45,8009.0,401134,8009.5,446397,77323,5852,71471,-45263,0.5
1900-01-25 23:21:00,8005.0,3171,8005.5,771889,23050,34106,-11056,-768718,0.5
1900-01-25 23:21:15,8003.0,457996,8003.5,221852,6971,48002,-41031,236144,0.5
1900-01-25 23:21:30,8003.0,542247,8003.5,207519,35637,1173,34464,334728,0.5
1900-01-25 23:21:45,8000.0,13212,8000.5,774845,24573,28442,-3869,-761633,0.5
1900-01-25 23:22:00,7997.0,445251,7997.5,243890,3032,44749,-41717,201361,0.5
1900-01-25 23:22:15,7995.0,46219,7995.5,800626,5090,113777,-108687,-754407,0.5
1900-01-25 23:22:30,7990.5,1988,7991.0,175447,22408,252831,-230423,-173459,0.5
1900-01-25 23:22:45,7986.5,318572,7987.0,282721,47469,291670,-244201,35851,0.5
1900-01-25 23:23:00,7993.5,235050,7994.0,97829,136510,394940,-258430,137221,0.5
1900-01-25 23:23:15,7993.5,17212,7994.0,745891,11250,199622,-188372,-728679,0.5
1900-01-25 23:23:30,7990.5,349039,7991.0,379972,3675,16084,-12409,-30933,0.5
1900-01-25 23:23:45,7990.5,430300,7991.0,263414,32990,6012,26978,166886,0.5
1900-01-25 23:24:00,7990.5,91525,7991.0,937870,35429,35127,302,-846345,0.5
1900-01-25 23:24:15,7985.0,98140,7985.5,601283,28257,175400,-147143,-503143,0.5
1900-01-25 23:24:30,7985.0,167491,7985.5,658757,49355,139846,-90491,-491266,0.5
1900-01-25 23:24:45,7985.0,579589,7985.5,244239,128907,50218,78689,335350,0.5
1900-01-25 23:25:00,7980.0,81192,7980.5,712271,41574,126801,-85227,-631079,0.5
1900-01-25 23:25:15,7980.0,462781,7980.5,514720,128709,221045,-92336,-51939,0.5
1900-01-25 23:25:30,7980.0,647610,7980.5,196354,129188,92960,36228,451256,0.5
1900-01-25 23:25:45,7980.0,379133,7980.5,665855,71645,24082,47563,-286722,0.5
1900-01-25 23:26:00,7964.0,33361,7964.5,9002,93721,459621,-365900,24359,0.5
1900-01-25 23:26:15,7963.0,78608,7963.5,33723,53925,404739,-350814,44885,0.5
1900-01-25 23:26:30,7966.5,153509,7967.0,435525,359230,197495,161735,-282016,0.5
1900-01-25 23:26:45,7967.0,559956,7967.5,194519,339570,70316,269254,365437,0.5
1900-01-25 23:27:00,7966.5,81439,7967.0,873072,141685,158417,-16732,-791633,0.5
1900-01-25 23:27:15,7960.5,1788676,7961.0,557791,47900,488182,-440282,1230885,0.5
1900-01-25 23:27:30,7960.5,974422,7961.0,562752,69333,899400,-830067,411670,0.5
1900-01-25 23:27:45,7950.0,497280,7950.5,208323,71667,1799885,-1728218,288957,0.5
1900-01-25 23:28:00,7943.5,15794,7944.0,123246,676056,2543373,-1867317,-107452,0.5
1900-01-25 23:28:15,7953.5,1050419,7954.0,118,488324,141123,347201,1050301,0.5
1900-01-25 23:28:30,7960.5,835067,7961.0,6323,241052,94752,146300,828744,0.5
1900-01-25 23:28:45,7965.5,202990,7966.0,352408,921853,247208,674645,-149418,0.5
1900-01-25 23:29:00,7965.5,107348,7966.0,1406923,84221,125874,-41653,-1299575,0.5
1900-01-25 23:29:15,7963.0,281184,7963.5,192611,127106,220162,-93056,88573,0.5
1900-01-25 23:29:30,7959.5,246497,7960.0,1024736,224856,647624,-422768,-778239,0.5
1900-01-25 23:29:45,7959.5,347809,7960.0,1059002,38778,31853,6925,-711193,0.5
1900-01-25 23:30:00,7957.0,1461,7957.5,254501,91095,248963,-157868,-253040,0.5
1900-01-25 23:30:15,7953.0,98306,7953.5,1169782,62279,299820,-237541,-1071476,0.5
1900-01-25 23:30:30,7950.0,77689,7950.5,416004,10504,223415,-212911,-338315,0.5
1900-01-25 23:30:45,7951.5,163591,7952.0,226116,792782,35195,757587,-62525,0.5
1900-01-25 23:31:00,7960.0,20837,7960.5,600609,411512,133111,278401,-579772,0.5
1900-01-25 23:31:15,7957.0,71909,7957.5,329459,43868,49108,-5240,-257550,0.5
1900-01-25 23:31:30,7959.0,170940,7959.5,969589,46339,83395,-37056,-798649,0.5
1900-01-25 23:31:45,7964.5,265334,7965.0,22869,818654,18429,800225,242465,0.5
1900-01-25 23:32:00,7968.5,1724423,7969.0,569059,520466,24154,496312,1155364,0.5
1900-01-25 23:32:15,7974.5,215609,7975.0,88443,950651,62904,887747,127166,0.5
1900-01-25 23:32:30,7974.5,1394677,7975.0,886670,127253,67036,60217,508007,0.5
1900-01-25 23:32:45,7974.5,762022,7975.0,566860,943943,272847,671096,195162,0.5
1900-01-25 23:33:00,7978.5,588573,7979.0,26784,368469,5737,362732,561789,0.5
1900-01-25 23:33:15,7979.5,738814,7980.0,122586,279867,32870,246997,616228,0.5
1900-01-25 23:33:30,7976.5,15507,7977.0,292206,194933,126660,68273,-276699,0.5
1900-01-25 23:33:45,7976.5,565649,7977.0,179422,36939,60851,-23912,386227,0.5
1900-01-25 23:34:00,7976.5,404368,7977.0,382172,84629,5507,79122,22196,0.5
1900-01-25 23:34:15,7974.5,82110,7975.0,666832,58376,83496,-25120,-584722,0.5
1900-01-25 23:34:30,7960.0,219707,7960.5,549388,23962,301191,-277229,-329681,0.5
1900-01-25 23:34:45,7959.5,483076,7960.0,997371,27909,83775,-55866,-514295,0.5
1900-01-25 23:35:00,7964.5,576100,7965.0,2703,524039,103136,420903,573397,0.5
1900-01-25 23:35:15,7969.5,253620,7970.0,364728,107247,39372,67875,-111108,0.5
1900-01-25 23:35:30,7969.5,116964,7970.0,450905,8135,127636,-119501,-333941,0.5
1900-01-25 23:35:45,7967.0,415458,7967.5,609295,15025,147845,-132820,-193837,0.5
1900-01-25 23:36:00,7967.0,461492,7967.5,549986,31325,72715,-41390,-88494,0.5
1900-01-25 23:36:15,7969.5,369526,7970.0,156850,98992,5000,93992,212676,0.5
1900-01-25 23:36:30,7971.0,803380,7971.5,112014,67173,28235,38938,691366,0.5
1900-01-25 23:36:45,7971.5,1449092,7972.0,365990,663533,7500,656033,1083102,0.5
1900-01-25 23:37:00,7974.5,1306740,7975.0,83625,378554,7500,371054,1223115,0.5
1900-01-25 23:37:15,7978.5,396457,7979.0,167543,130995,8266,122729,228914,0.5
1900-01-25 23:37:30,7979.5,1021605,7980.0,23705,120425,5642,114783,997900,0.5
1900-01-25 23:37:45,7984.0,680407,7984.5,34333,302836,8950,293886,646074,0.5
1900-01-25 23:38:00,7983.0,9812,7983.5,292956,239575,40740,198835,-283144,0.5
1900-01-25 23:38:15,7976.0,263280,7976.5,144273,7683,42713,-35030,119007,0.5
1900-01-25 23:38:30,7976.0,348686,7976.5,166252,8340,52938,-44598,182434,0.5
1900-01-25 23:38:45,7978.0,146888,7978.5,327321,88736,73067,15669,-180433,0.5
1900-01-25 23:39:00,7979.0,373768,7979.5,10,31236,34965,-3729,373758,0.5
1900-01-25 23:39:15,7981.0,724222,7981.5,40611,58789,28172,30617,683611,0.5
1900-01-25 23:39:30,7981.0,509488,7981.5,91346,45262,3452,41810,418142,0.5
1900-01-25 23:39:45,7980.0,83013,7980.5,757834,11597,40876,-29279,-674821,0.5
1900-01-25 23:40:00,7979.5,6616,7980.0,1022510,4752,49284,-44532,-1015894,0.5
1900-01-25 23:40:15,7977.0,134881,7977.5,587149,28337,121945,-93608,-452268,0.5
1900-01-25 23:40:30,7977.0,618728,7977.5,743578,77195,94807,-17612,-124850,0.5
1900-01-25 23:40:45,7976.5,56675,7977.0,433589,68330,625666,-557336,-376914,0.5
1900-01-25 23:41:00,7976.5,329275,7977.0,412613,40638,12316,28322,-83338,0.5
1900-01-25 23:41:15,7976.5,327317,7977.0,412151,18824,4192,14632,-84834,0.5
1900-01-25 23:41:30,7977.0,369149,7977.5,122155,253269,14748,238521,246994,0.5
1900-01-25 23:41:45,7977.0,197320,7977.5,186864,32275,13142,19133,10456,0.5
1900-01-25 23:42:00,7977.0,240760,7977.5,208365,15703,937,14766,32395,0.5
1900-01-25 23:42:15,7981.5,647812,7982.0,74694,142560,6642,135918,573118,0.5
1900-01-25 23:42:30,7984.5,271607,7985.0,407285,32480,13221,19259,-135678,0.5
1900-01-25 23:42:45,7985.5,2986,7986.0,392683,151563,31818,119745,-389697,0.5
1900-01-25 23:43:00,7985.5,2158,7986.0,446772,35403,3580,31823,-444614,0.5
1900-01-25 23:43:15,7981.0,235045,7981.5,143025,14400,27980,-13580,92020,0.5
1900-01-25 23:43:30,7981.0,342636,7981.5,148303,40808,2102,38706,194333,0.5
1900-01-25 23:43:45,7981.0,127098,7981.5,398722,43200,36897,6303,-271624,0.5
1900-01-25 23:44:00,7984.0,72115,7984.5,765732,45420,6413,39007,-693617,0.5
1900-01-25 23:44:15,7981.0,54236,7981.5,574372,5800,21175,-15375,-520136,0.5
1900-01-25 23:44:30,7978.0,103310,7978.5,625244,4086,902727,-898641,-521934,0.5
1900-01-25 23:44:45,7973.5,10646,7974.0,694298,18000,157108,-139108,-683652,0.5
1900-01-25 23:45:00,7967.5,111834,7968.0,327623,34392,206995,-172603,-215789,0.5
1900-01-25 23:45:15,7967.5,152584,7968.0,162051,16921,55964,-39043,-9467,0.5
1900-01-25 23:45:30,7966.0,189506,7966.5,160364,40066,81177,-41111,29142,0.5
1900-01-25 23:45:45,7975.5,155271,7976.0,406276,103113,38654,64459,-251005,0.5
1900-01-25 23:46:00,7973.5,761121,7974.0,5,62278,12270,50008,761116,0.5
1900-01-25 23:46:15,7974.5,357225,7975.0,151222,2813,82224,-79411,206003,0.5
1900-01-25 23:46:30,7976.5,242330,7977.0,70745,80779,92204,-11425,171585,0.5
1900-01-25 23:46:45,7978.0,554327,7978.5,10601,18818,1251,17567,543726,0.5
1900-01-25 23:47:00,7979.5,661645,7980.0,23186,28031,1200,26831,638459,0.5
1900-01-25 23:47:15,7984.5,122911,7985.0,28082,93453,12190,81263,94829,0.5
1900-01-25 23:47:30,7989.5,228332,7990.0,104696,234128,2,234126,123636,0.5
1900-01-25 23:47:45,7991.5,283132,7992.0,389738,122468,5162,117306,-106606,0.5
1900-01-25 23:48:00,7990.0,110922,7990.5,427879,86584,58522,28062,-316957,0.5
1900-01-25 23:48:15,7991.0,621521,7991.5,252,82822,11699,71123,621269,0.5
1900-01-25 23:48:30,7993.5,858554,7994.0,183530,135835,6913,128922,675024,0.5
1900-01-25 23:48:45,7997.5,455346,7998.0,168990,256766,4632,252134,286356,0.5
1900-01-25 23:49:00,7997.5,419954,7998.0,661125,68078,9135,58943,-241171,0.5
1900-01-25 23:49:15,7997.5,175880,7998.0,789379,22373,176955,-154582,-613499,0.5
1900-01-25 23:49:30,7997.5,122385,7998.0,795835,56043,46883,9160,-673450,0.5
1900-01-25 23:49:45,7995.0,162242,7995.5,594032,11582,90993,-79411,-431790,0.5
1900-01-25 23:50:00,7991.0,97568,7991.5,506105,13374,99350,-85976,-408537,0.5
1900-01-25 23:50:15,7991.0,2229749,7991.5,7021,20643,51846,-31203,2222728,0.5
1900-01-25 23:50:30,7995.0,485363,7995.5,148853,29441,6665,22776,336510,0.5
1900-01-25 23:50:45,7995.0,267632,7995.5,161824,110828,81769,29059,105808,0.5
1900-01-25 23:51:00,7995.0,511550,7995.5,301988,55400,9595,45805,209562,0.5
1900-01-25 23:51:15,7995.0,711037,7995.5,275141,17050,10571,6479,435896,0.5
1900-01-25 23:51:30,7994.5,146783,7995.0,294437,10076,47130,-37054,-147654,0.5
1900-01-25 23:51:45,7994.5,57927,7995.0,633220,8958,37829,-28871,-575293,0.5
1900-01-25 23:52:00,7992.5,202241,7993.0,664555,8312,44075,-35763,-462314,0.5
1900-01-25 23:52:15,7992.5,333040,7993.0,294935,1510,66215,-64705,38105,0.5
1900-01-25 23:52:30,7992.5,451726,7993.0,255074,16489,21151,-4662,196652,0.5
1900-01-25 23:52:45,7992.5,392116,7993.0,526399,24135,10508,13627,-134283,0.5
1900-01-25 23:53:00,7992.5,461488,7993.0,758177,22080,60759,-38679,-296689,0.5
1900-01-25 23:53:15,7992.5,177434,7993.0,947899,21223,10623,10600,-770465,0.5
1900-01-25 23:53:30,7992.0,11331,7992.5,870802,21223,36967,-15744,-859471,0.5
1900-01-25 23:53:45,7991.0,751798,7991.5,513774,16065,31791,-15726,238024,0.5
1900-01-25 23:54:00,7991.0,372856,7991.5,872136,33882,280670,-246788,-499280,0.5
1900-01-25 23:54:15,7992.5,269546,7993.0,188873,199413,20034,179379,80673,0.5
1900-01-25 23:54:30,7995.5,245195,7996.0,29235,208760,15750,193010,215960,0.5
1900-01-25 23:54:45,7995.5,118922,7996.0,183139,38462,31190,7272,-64217,0.5
1900-01-25 23:55:00,7997.0,1531474,7997.5,26902,73906,3157,70749,1504572,0.5
1900-01-25 23:55:15,7998.0,342377,7998.5,19128,97439,17520,79919,323249,0.5
1900-01-25 23:55:30,7999.5,363816,8000.0,563624,138894,3500,135394,-199808,0.5
1900-01-25 23:55:45,8001.0,230107,8001.5,13982,403290,75,403215,216125,0.5
1900-01-25 23:56:00,8005.0,637349,8005.5,20197,326038,6334,319704,617152,0.5
1900-01-25 23:56:15,8007.5,550328,8008.0,83025,113424,78057,35367,467303,0.5
1900-01-25 23:56:30,8008.0,2244984,8008.5,225991,187518,10820,176698,2018993,0.5
1900-01-25 23:56:45,8009.0,639549,8009.5,40003,260767,13968,246799,599546,0.5
1900-01-25 23:57:00,8009.5,13717,8010.0,1301447,89261,79179,10082,-1287730,0.5
1900-01-25 23:57:15,8008.0,12694,8008.5,1126051,35056,117883,-82827,-1113357,0.5
1900-01-25 23:57:30,8002.0,91298,8002.5,932111,17550,231654,-214104,-840813,0.5
1900-01-25 23:57:45,8001.0,372611,8001.5,52955,62480,231568,-169088,319656,0.5
1900-01-25 23:58:00,7999.0,201200,7999.5,200348,17870,83254,-65384,852,0.5
1900-01-25 23:58:15,7999.0,446842,7999.5,121815,21651,49961,-28310,325027,0.5
1900-01-25 23:58:30,7999.0,2126654,7999.5,72297,246774,17873,228901,2054357,0.5
1900-01-25 23:58:45,8006.0,147024,8006.5,321829,92997,89042,3955,-174805,0.5
1900-01-25 23:59:00,8006.0,953679,8006.5,335257,8725,28892,-20167,618422,0.5
1900-01-25 23:59:15,8006.0,510620,8006.5,957105,10856,94089,-83233,-446485,0.5
1900-01-25 23:59:30,7997.0,60902,7997.5,617409,10183,508109,-497926,-556507,0.5
1900-01-25 23:59:45,7997.0,335609,7997.5,486550,116079,44577,71502,-150941,0.5
